1/4 54 0 1 2 75 80 614 0 1 2 75 80
1/4 24 1 5 0 0 80 54 2 25 1 5 80 524 2 25 2 75 80
1/4 524 1 5 0 0 80 24 1 5 1 5 80
1/4 24 1 5 0 0 80 54 1 5 1 5 80
1/4 524 1 5 0 0 80 54 1 5 1 5 80
1/4 24 1 5 0 0 80 54 2 25 1 5 80 524 2 25 2 75 80
1/4 524 1 5 0 0 80 24 1 5 1 5 80
1/4 24 1 5 0 0 80 54 1 5 1 5 80
1/4 524 1 5 0 0 80 54 1 5 1 5 80
1/4 24 1 5 0 0 80 54 2 25 1 5 80 524 2 25 2 75 80
1/4 524 1 5 0 0 80 24 1 5 1 5 80
1/4 24 1 5 0 0 80 54 1 5 1 5 80
1/4 524 1 5 0 0 80 54 1 5 1 5 80
1/4 24 1 5 0 0 80 54 2 25 1 5 80 524 2 25 2 75 80
1/4 524 1 5 0 0 80 24 1 5 1 5 80
1/4 24 1 5 0 0 80 54 1 5 1 5 80
1/4 524 1 5 0 0 80 54 1 5 1 5 80
1/4 24 0 1 0 0 80
1/4 54 1 5 0 0 80 54 2 25 1 5 80 54 2 25 2 75 80
1/4 54 1 5 0 0 80 524 1 5 1 5 80
1/4 54 1 5 0 0 80 23 1 5 1 5 80
1/4 24 0 1 0 0 80
1/4 23 1 5 0 0 80 23 2 25 1 5 80 54 2 25 2 75 80
1/4 54 1 5 0 0 80 524 1 5 1 5 80
1/4 54 1 5 0 0 80 614 1 5 1 5 80
1/4 24 0 1 0 0 80
1/4 54 1 5 0 0 80 54 2 25 1 5 80 54 2 25 2 75 80
1/4 54 1 5 0 0 80 524 1 5 1 5 80
1/4 54 1 5 0 0 80 23 1 5 1 5 80
1/4 24 0 1 0 0 80
1/4 23 1 5 0 0 80 23 2 25 1 5 80 54 2 25 2 75 80
1/4 54 1 5 0 0 80 614 1 5 1 5 80
1/4 714 1 5 0 0 80 54 1 5 1 5 80
1/4 24 0 1 0 0 80
1/4 54 1 5 0 0 80 54 2 25 1 5 80 54 2 25 2 75 80
1/4 54 1 5 0 0 80 524 1 5 1 5 80
1/4 54 1 5 0 0 80 23 1 5 1 5 80
1/4 24 0 1 0 0 80
1/4 23 1 5 0 0 80 23 2 25 1 5 80 54 2 25 2 75 80
1/4 54 1 5 0 0 80 614 1 5 1 5 80
1/4 714 1 5 0 0 80 14 1 5 1 5 80
1/4 714 1 5 0 0 80 54 1 5 1 5 80
1/4 54 0 1 0 0 80
1/4 54 0 1 0 0 80
1/4 54 2 75 0 0 80
1/4 15 0 1 0 0 80 615 0 1 0 0 80
1/4 715 0 1 0 0 80 55 0 1 0 0 80
1/4 25 0 1 0 0 80 715 0 1 0 0 80
1/4 55 0 1 0 0 80 24 0 1 0 0 80 314 0 1 2 75 80 54 0 1 2 75 80 24 0 1 2 75 80
1/4 314 0 1 0 0 80 54 0 1 0 0 80 24 0 1 0 0 80
1/4 54 1 5 0 0 80 54 2 25 1 5 80 54 2 25 2 75 80
1/4 54 1 5 0 0 80 524 1 5 1 5 80
1/4 54 1 5 0 0 80 23 1 5 1 5 80
1/4 24 0 1 0 0 80
1/4 23 1 5 0 0 80 23 2 25 1 5 80 54 2 25 2 75 80
1/4 54 1 5 0 0 80 524 1 5 1 5 80
1/4 54 1 5 0 0 80 614 1 5 1 5 80 23 0 1 2 75 80 54 0 1 2 75 80 24 0 1 2 75 80
1/4 23 0 1 0 0 80 54 0 1 0 0 80 24 0 1 0 0 80
1/4 54 1 5 0 0 80 54 2 25 1 5 80 54 2 25 2 75 80
1/4 54 1 5 0 0 80 524 1 5 1 5 80
1/4 54 1 5 0 0 80 23 1 5 1 5 80
1/4 24 0 1 0 0 80
1/4 23 1 5 0 0 80 23 2 25 1 5 80 54 2 25 2 75 80
1/4 54 1 5 0 0 80 614 1 5 1 5 80
1/4 714 1 5 0 0 80 14 1 5 1 5 80 13 0 1 2 75 80 54 0 1 2 75 80 24 0 1 2 75 80
1/4 13 0 1 0 0 80 54 0 1 0 0 80 24 0 1 0 0 80
1/4 13 0 1 0 0 80 54 0 1 0 0 80 24 0 1 0 0 80 54 2 25 1 5 80 54 2 25 2 75 80
1/4 54 0 1 0 0 80
1/4 54 2 25 0 0 80 54 1 5 1 5 80 23 0 1 2 75 80 54 0 1 2 75 80 24 0 1 2 75 80
1/4 23 0 1 0 0 80 54 0 1 0 0 80 24 0 1 0 0 80
1/4 23 0 1 0 0 80 54 0 1 0 0 80 24 0 1 0 0 80 54 2 25 1 5 80 54 2 25 2 75 80
1/4 54 0 1 0 0 80
1/4 54 2 25 0 0 80 54 1 5 1 5 80 713 0 1 2 75 80 314 0 1 2 75 80 614 0 1 2 75 80
1/4 713 0 1 0 0 80 314 0 1 0 0 80 614 0 1 0 0 80
1/4 713 0 1 0 0 80 314 0 1 0 0 80 614 0 1 0 0 80 54 1 5 1 5 80
1/4 54 0 1 0 0 80
1/4 54 2 75 0 0 80
1/4 524 0 1 0 0 80 614 0 1 0 0 80 54 0 1 1 5 80 714 0 1 1 5 80
1/4 614 0 1 0 0 80 14 0 1 0 0 80 54 0 1 1 5 80 714 0 1 1 5 80
1/4 54 0 1 0 0 80 714 0 1 0 0 80 54 0 1 1 5 80 714 0 1 1 5 80
1/4 524 0 1 0 0 80 614 0 1 0 0 80 314 0 1 1 5 80 54 0 1 1 5 80
1/4
1/4 14 1 5 0 0 80 14 2 25 1 5 80 714 2 25 2 75 80
1/4 714 1 5 0 0 80 714 1 5 1 5 80
1/4 714 1 5 0 0 80 54 1 5 1 5 80
1/4 614 1 5 0 0 80 54 1 5 1 5 80
1/4 614 1 5 0 0 80 54 2 25 1 5 80 714 2 25 2 75 80
1/4 714 1 5 0 0 80 54 1 5 1 5 80
1/4 614 1 5 0 0 80 54 1 5 1 5 80
1/4
1/4 14 1 5 0 0 80 14 2 25 1 5 80 24 2 25 2 75 80
1/4 24 1 5 0 0 80 54 1 5 1 5 80
1/4 54 1 5 0 0 80 23 1 5 1 5 80
1/4 314 1 5 0 0 80 23 1 5 1 5 80
1/4 23 2 25 0 0 80 23 1 5 2 25 80 54 2 25 2 75 80
1/4 54 1 5 0 0 80 54 1 5 1 5 80
1/4 614 1 5 0 0 80 714 1 5 1 5 80
1/4
1/4 14 2 25 0 0 80 14 2 25 2 25 80 14 2 25 1 5 80 14 2 25 2 75 80
1/4 14 1 5 0 0 80 714 1 5 1 5 80
1/4 714 1 5 0 0 80 54 1 5 1 5 80
1/4 614 1 5 0 0 80 54 1 5 1 5 80
1/4 614 1 5 0 0 80 54 2 25 1 5 80 714 2 25 2 75 80
1/4 714 1 5 0 0 80 54 1 5 1 5 80
1/4 614 1 5 0 0 80 54 1 5 1 5 80
1/4 34 0 1 0 0 80
1/4 34 2 25 0 0 80 74 1 5 1 5 80
1/4 74 2 75 0 0 80
1/4 54 1 5 0 0 80 34 1 5 1 5 80
1/4 44 0 1 0 0 80
1/4 13 1 5 0 0 80 13 0 1 1 5 80 44 0 1 1 5 80 614 0 1 1 5 80 14 0 1 1 5 80
1/4 13 0 1 0 0 80 44 0 1 0 0 80 614 0 1 0 0 80 14 0 1 0 0 80 13 1 5 1 5 80
1/4 13 0 1 0 0 80 44 0 1 0 0 80 614 0 1 0 0 80 13 1 5 1 5 80
1/4 23 0 1 0 0 80 524 0 1 0 0 80 614 0 1 0 0 80 23 0 1 2 25 80 524 0 1 2 25 80 614 0 1 2 25 80 23 0 1 2 75 80 524 0 1 2 75 80 614 0 1 2 75 80
1/4 23 0 1 0 0 80 524 0 1 0 0 80 614 0 1 0 0 80 23 0 1 2 25 80 524 0 1 2 25 80 614 0 1 2 25 80 23 0 1 1 5 80 524 0 1 1 5 80 614 0 1 1 5 80
1/4 23 0 1 0 0 80 524 0 1 0 0 80 614 0 1 0 0 80 23 0 1 2 25 80 524 0 1 2 25 80 614 0 1 2 25 80
1/4 54 2 25 0 0 80 614 2 25 2 25 80 714 2 25 1 5 80 14 2 25 2 75 80
1/4 24 1 5 0 0 80 54 2 25 1 5 80 524 2 25 2 75 80
1/4 524 2 25 0 0 80 54 2 25 2 25 80 24 1 5 1 5 80
1/4 24 0 1 0 0 80
1/4 24 2 25 0 0 80 24 2 25 1 5 80 24 2 25 2 75 80
1/4 24 1 5 0 0 80 54 2 25 1 5 80 524 2 25 2 75 80
1/4 524 2 25 0 0 80 614 2 25 2 25 80 54 1 5 1 5 80
1/4 54 0 1 0 0 80
1/4 54 2 25 0 0 80 614 2 25 2 25 80 714 1 5 1 5 80
1/4 714 0 1 0 0 80
1/4 54 2 25 0 0 80 614 2 25 2 25 80 714 1 5 1 5 80
1/4 14 1 5 0 0 80 714 1 5 1 5 80
1/4 54 1 5 0 0 80 23 1 5 1 5 80
1/4 54 1 5 0 0 80 614 1 5 1 5 80
1/4 714 1 5 0 0 80 614 1 5 1 5 80
1/4 614 0 1 0 0 80
1/4 54 2 25 0 0 80 614 2 25 2 25 80 714 2 25 1 5 80 14 2 25 2 75 80
1/4 24 1 5 0 0 80 54 2 25 1 5 80 524 2 25 2 75 80
1/4 524 2 25 0 0 80 54 2 25 2 25 80 24 1 5 1 5 80
1/4 24 0 1 0 0 80
1/4 24 2 25 0 0 80 24 2 25 1 5 80 24 2 25 2 75 80
1/4 24 1 5 0 0 80 54 2 25 1 5 80 524 2 25 2 75 80
1/4 524 2 25 0 0 80 614 2 25 2 25 80 54 1 5 1 5 80
1/4 54 0 1 0 0 80
1/4 54 2 25 0 0 80 614 2 25 2 25 80 714 1 5 1 5 80
1/4 714 0 1 0 0 80
1/4 54 2 25 0 0 80 614 2 25 2 25 80 714 1 5 1 5 80
1/4 14 1 5 0 0 80 714 2 25 1 5 80 614 2 25 2 75 80
1/4 614 1 5 0 0 80 23 1 5 1 5 80
1/4 54 1 5 0 0 80 614 1 5 1 5 80
1/4 714 1 5 0 0 80 614 1 5 1 5 80
1/4 614 1 5 0 0 80 614 1 5 1 5 80
1/4 714 1 5 0 0 80 14 1 5 1 5 80
1/4 54 0 1 0 0 80 714 0 1 0 0 80 24 0 1 0 0 80
1/4 54 0 1 0 0 80 714 0 1 0 0 80 24 0 1 0 0 80 54 0 1 1 5 80 714 0 1 1 5 80 24 0 1 1 5 80
1/4 54 0 1 0 0 80 714 0 1 0 0 80 24 0 1 0 0 80
1/4 54 0 1 0 0 80 714 0 1 0 0 80 24 0 1 0 0 80 54 0 1 1 5 80 714 0 1 1 5 80 24 0 1 1 5 80 524 0 1 2 75 80 714 0 1 2 75 80 35 0 1 2 75 80
1/4 524 0 1 0 0 80 714 0 1 0 0 80 35 0 1 0 0 80
1/4 714 1 5 0 0 80 614 1 5 1 5 80
1/4 614 1 5 0 0 80 714 1 5 1 5 80
1/4 714 0 1 0 0 80
1/4 614 0 1 0 0 80
1/4 54 1 5 0 0 80 524 1 5 1 5 80
1/4 524 1 5 0 0 80 54 1 5 1 5 80
1/4 524 0 1 0 0 80 614 0 1 0 0 80 315 0 1 0 0 80
1/4 524 0 1 0 0 80 614 0 1 0 0 80 315 0 1 0 0 80
1/4
1/4
1/4
1/4
1/4 54 1 5 0 0 80 54 2 25 1 5 80 54 2 25 2 75 80
1/4 54 1 5 0 0 80 614 1 5 1 5 80
1/4 714 1 5 0 0 80 14 1 5 1 5 80
1/4 24 0 1 0 0 80
1/4 24 2 25 0 0 80 23 1 5 1 5 80
1/4 14 1 5 0 0 80 714 1 5 1 5 80
1/4 54 1 5 0 0 80 614 1 5 1 5 80
1/4 314 0 1 0 0 80 54 0 1 0 0 80
1/4 314 0 1 0 0 80 54 0 1 0 0 80
1/4 314 0 1 0 0 80 54 0 1 0 0 80
1/4 314 0 1 0 0 80 54 0 1 0 0 80
1/4 24 1 5 0 0 80 54 2 25 1 5 80 524 2 25 2 75 80
1/4 524 1 5 0 0 80 24 1 5 1 5 80
1/4 24 1 5 0 0 80 54 1 5 1 5 80
1/4 524 1 5 0 0 80 54 1 5 1 5 80
1/4 14 0 1 0 0 80
1/4 14 0 1 0 0 80
1/4 14 0 1 0 0 80
1/4 14 3 667 0 0 80
1/4
1/4 12 0 1 0 0 80 53 0 1 0 0 80 13 0 1 0 0 80 12 2 25 2 75 80
1/4 12 1 5 0 0 80 12 0 1 1 5 80 53 0 1 1 5 80 13 0 1 1 5 80
1/4 12 0 1 0 0 80 53 0 1 0 0 80 13 0 1 0 0 80 12 1 5 1 5 80
1/4 12 0 1 0 0 80 53 0 1 0 0 80 13 0 1 0 0 80 12 1 5 1 5 80
1/4 12 0 1 0 0 80 53 0 1 0 0 80 13 0 1 0 0 80 12 2 25 2 75 80
1/4 12 1 5 0 0 80 12 0 1 1 5 80 53 0 1 1 5 80 13 0 1 1 5 80
1/4 12 0 1 0 0 80 53 0 1 0 0 80 13 0 1 0 0 80 12 1 5 1 5 80
1/4 12 0 1 0 0 80 53 0 1 0 0 80 13 0 1 0 0 80 12 1 5 1 5 80
1/4 712 0 1 0 0 80 53 0 1 0 0 80 713 0 1 0 0 80 712 2 25 2 75 80
1/4 712 1 5 0 0 80 712 0 1 1 5 80 53 0 1 1 5 80 713 0 1 1 5 80
1/4 712 0 1 0 0 80 53 0 1 0 0 80 713 0 1 0 0 80 712 1 5 1 5 80
1/4 712 0 1 0 0 80 53 0 1 0 0 80 713 0 1 0 0 80 712 1 5 1 5 80
1/4 712 0 1 0 0 80 53 0 1 0 0 80 713 0 1 0 0 80 712 2 25 2 75 80
1/4 712 1 5 0 0 80 712 0 1 1 5 80 53 0 1 1 5 80 713 0 1 1 5 80
1/4 712 0 1 0 0 80 53 0 1 0 0 80 713 0 1 0 0 80 712 1 5 1 5 80
1/4 712 0 1 0 0 80 53 0 1 0 0 80 713 0 1 0 0 80 712 1 5 1 5 80
1/4 13 0 1 0 0 80 53 0 1 0 0 80 12 0 1 0 0 80
1/4 12 1 5 0 0 80 12 0 1 1 5 80 53 0 1 1 5 80 13 0 1 1 5 80
1/4 12 0 1 0 0 80 53 0 1 0 0 80 13 0 1 0 0 80 12 1 5 1 5 80
1/4 12 0 1 0 0 80 53 0 1 0 0 80 13 0 1 0 0 80 12 1 5 1 5 80
1/4 12 0 1 0 0 80 53 0 1 0 0 80 13 0 1 0 0 80
1/4 12 1 5 0 0 80 12 0 1 1 5 80 53 0 1 1 5 80 13 0 1 1 5 80
1/4 12 0 1 0 0 80 53 0 1 0 0 80 13 0 1 0 0 80 12 1 5 1 5 80
1/4 12 0 1 0 0 80 53 0 1 0 0 80 13 0 1 0 0 80 12 1 5 1 5 80
1/4 712 0 1 0 0 80 53 0 1 0 0 80 713 0 1 0 0 80
1/4 712 1 5 0 0 80 712 0 1 1 5 80 53 0 1 1 5 80 713 0 1 1 5 80
1/4 712 0 1 0 0 80 53 0 1 0 0 80 713 0 1 0 0 80 712 1 5 1 5 80
1/4 712 0 1 0 0 80 53 0 1 0 0 80 713 0 1 0 0 80 712 1 5 1 5 80
1/4 712 0 1 0 0 80 53 0 1 0 0 80 713 0 1 0 0 80
1/4 712 1 5 0 0 80 712 0 1 1 5 80 53 0 1 1 5 80 713 0 1 1 5 80
1/4 712 0 1 0 0 80 53 0 1 0 0 80 713 0 1 0 0 80 712 1 5 1 5 80
1/4 712 0 1 0 0 80 53 0 1 0 0 80 713 0 1 0 0 80 712 1 5 1 5 80
1/4 12 0 1 0 0 80 53 0 1 0 0 80 13 0 1 0 0 80
1/4 12 1 5 0 0 80 12 0 1 1 5 80 53 0 1 1 5 80 13 0 1 1 5 80
1/4 12 0 1 0 0 80 53 0 1 0 0 80 13 0 1 0 0 80 12 1 5 1 5 80
1/4 12 0 1 0 0 80 53 0 1 0 0 80 13 0 1 0 0 80 12 1 5 1 5 80
1/4 12 0 1 0 0 80 53 0 1 0 0 80 13 0 1 0 0 80
1/4 12 1 5 0 0 80 12 0 1 1 5 80 53 0 1 1 5 80 13 0 1 1 5 80
1/4 12 0 1 0 0 80 53 0 1 0 0 80 13 0 1 0 0 80 12 1 5 1 5 80
1/4 12 0 1 0 0 80 53 0 1 0 0 80 13 0 1 0 0 80 12 1 5 1 5 80
1/4 313 0 1 0 0 80 713 0 1 0 0 80 314 0 1 0 0 80
1/4 313 0 1 1 5 80 713 0 1 1 5 80 314 0 1 1 5 80
1/4 313 0 1 0 0 80 713 0 1 0 0 80 314 0 1 0 0 80 313 1 5 1 5 80
1/4 313 0 1 0 0 80 713 0 1 0 0 80 314 0 1 0 0 80 313 1 5 1 5 80
1/4 313 1 5 0 0 80 713 1 5 1 5 80
1/4 314 1 5 0 0 80 313 1 5 1 5 80
1/4 22 1 5 0 0 80 713 1 5 1 5 80
1/4 23 1 5 0 0 80 22 1 5 1 5 80
1/4 11 1 5 0 0 80 52 1 5 1 5 80
1/4 12 1 5 0 0 80 12 0 1 1 5 80 53 0 1 1 5 80 13 0 1 1 5 80
1/4 12 0 1 0 0 80 53 0 1 0 0 80 13 0 1 0 0 80 12 1 5 1 5 80
1/4 13 0 1 0 0 80 53 0 1 0 0 80 12 0 1 0 0 80 12 1 5 1 5 80
1/4 12 0 1 0 0 80 53 0 1 0 0 80 13 0 1 0 0 80
1/4 12 1 5 0 0 80 13 0 1 1 5 80 53 0 1 1 5 80 12 0 1 1 5 80
1/4 13 0 1 0 0 80 53 0 1 0 0 80 12 0 1 0 0 80 12 1 5 1 5 80
1/4 12 0 1 0 0 80 53 0 1 0 0 80 13 0 1 0 0 80 12 1 5 1 5 80
1/4 711 1 5 0 0 80 52 1 5 1 5 80
1/4 22 1 5 0 0 80 712 0 1 1 5 80 53 0 1 1 5 80 713 0 1 1 5 80
1/4 712 0 1 0 0 80 53 0 1 0 0 80 713 0 1 0 0 80 712 1 5 1 5 80
1/4 713 0 1 0 0 80 53 0 1 0 0 80 712 0 1 0 0 80 712 1 5 1 5 80
1/4 712 0 1 0 0 80 53 0 1 0 0 80 713 0 1 0 0 80
1/4 712 1 5 0 0 80 712 0 1 1 5 80 53 0 1 1 5 80 713 0 1 1 5 80
1/4 712 0 1 0 0 80 53 0 1 0 0 80 713 0 1 0 0 80 712 1 5 1 5 80
1/4 712 0 1 0 0 80 53 0 1 0 0 80 713 0 1 0 0 80 712 1 5 1 5 80
1/4 11 1 5 0 0 80 52 1 5 1 5 80
1/4 12 1 5 0 0 80 12 0 1 1 5 80 53 0 1 1 5 80 13 0 1 1 5 80
1/4 12 0 1 0 0 80 53 0 1 0 0 80 13 0 1 0 0 80 12 1 5 1 5 80
1/4 13 0 1 0 0 80 53 0 1 0 0 80 12 0 1 0 0 80 12 1 5 1 5 80
1/4 21 1 5 0 0 80 612 1 5 1 5 80
1/4 22 1 5 0 0 80 22 0 1 1 5 80 613 0 1 1 5 80 23 0 1 1 5 80
1/4 22 0 1 0 0 80 613 0 1 0 0 80 23 0 1 0 0 80 22 1 5 1 5 80
1/4 23 0 1 0 0 80 613 0 1 0 0 80 22 0 1 0 0 80 22 1 5 1 5 80
1/4 312 1 5 0 0 80 712 1 5 1 5 80
1/4 313 1 5 0 0 80 313 0 1 1 5 80 713 0 1 1 5 80 314 0 1 1 5 80
1/4 313 0 1 0 0 80 713 0 1 0 0 80 314 0 1 0 0 80 313 1 5 1 5 80
1/4 314 0 1 0 0 80 713 0 1 0 0 80 313 0 1 0 0 80 313 1 5 1 5 80
1/4 22 1 5 0 0 80 523 1 5 1 5 80
1/4 613 1 5 0 0 80 23 1 5 1 5 80
1/4 22 1 5 0 0 80 612 1 5 1 5 80
1/4 522 1 5 0 0 80 21 1 5 1 5 80
1/4 12 1 5 0 0 80 53 1 5 1 5 80
1/4 13 1 5 0 0 80 12 1 5 1 5 80
1/4 712 1 5 0 0 80 53 1 5 1 5 80
1/4 713 1 5 0 0 80 53 1 5 1 5 80
1/4 612 1 5 0 0 80 313 1 5 1 5 80
1/4 613 1 5 0 0 80 612 1 5 1 5 80
1/4 52 1 5 0 0 80 22 1 5 1 5 80
1/4 53 1 5 0 0 80 22 1 5 1 5 80
1/4 12 1 5 0 0 80 53 1 5 1 5 80
1/4 13 1 5 0 0 80 12 1 5 1 5 80
1/4 712 1 5 0 0 80 53 1 5 1 5 80
1/4 713 1 5 0 0 80 53 1 5 1 5 80
1/4 612 1 5 0 0 80 313 1 5 1 5 80
1/4 613 1 5 0 0 80 612 1 5 1 5 80
1/4 52 1 5 0 0 80 22 1 5 1 5 80
1/4 53 1 5 0 0 80 22 1 5 1 5 80
1/4 12 1 5 0 0 80 53 1 5 1 5 80
1/4 13 1 5 0 0 80 12 1 5 1 5 80
1/4 712 1 5 0 0 80 53 1 5 1 5 80
1/4 713 1 5 0 0 80 53 1 5 1 5 80
1/4 612 1 5 0 0 80 313 1 5 1 5 80
1/4 613 1 5 0 0 80 612 1 5 1 5 80
1/4 52 1 5 0 0 80 22 1 5 1 5 80
1/4 53 1 5 0 0 80 22 1 5 1 5 80
1/4 32 1 5 0 0 80 72 1 5 1 5 80
1/4 33 1 5 0 0 80 33 0 1 1 5 80 73 0 1 1 5 80 34 0 1 1 5 80
1/4 33 0 1 0 0 80 73 0 1 0 0 80 34 0 1 0 0 80 33 1 5 1 5 80
1/4 34 0 1 0 0 80 73 0 1 0 0 80 33 0 1 0 0 80 33 1 5 1 5 80
1/4 42 1 5 0 0 80 12 1 5 1 5 80
1/4 43 1 5 0 0 80 42 0 1 1 5 80 12 0 1 1 5 80 43 0 1 1 5 80
1/4 42 0 1 0 0 80 12 0 1 0 0 80 43 0 1 0 0 80 42 1 5 1 5 80
1/4 42 0 1 0 0 80 12 0 1 0 0 80 43 0 1 0 0 80 42 1 5 1 5 80
1/4 23 0 1 0 0 80 613 0 1 0 0 80 22 0 1 0 0 80 23 0 1 2 25 80 613 0 1 2 25 80 22 0 1 2 25 80 23 0 1 2 75 80 613 0 1 2 75 80 22 0 1 2 75 80
1/4 23 0 1 0 0 80 613 0 1 0 0 80 22 0 1 0 0 80 23 0 1 2 25 80 613 0 1 2 25 80 22 0 1 2 25 80 23 0 1 1 5 80 613 0 1 1 5 80 22 0 1 1 5 80
1/4 23 0 1 0 0 80 613 0 1 0 0 80 22 0 1 0 0 80 23 0 1 2 25 80 613 0 1 2 25 80 22 0 1 2 25 80
1/4 23 0 1 0 0 80 613 0 1 0 0 80 22 0 1 0 0 80
1/4 11 0 1 0 0 80 52 0 1 0 0 80 12 0 1 0 0 80
1/4 11 0 1 0 0 80 52 0 1 0 0 80 12 0 1 0 0 80 13 0 1 1 5 80 53 0 1 1 5 80 12 0 1 1 5 80
1/4 13 0 1 0 0 80 53 0 1 0 0 80 12 0 1 0 0 80 12 1 5 1 5 80
1/4 13 0 1 0 0 80 53 0 1 0 0 80 12 1 5 1 5 80
1/4 21 0 1 0 0 80 612 0 1 0 0 80 22 0 1 0 0 80
1/4 21 0 1 0 0 80 612 0 1 0 0 80 22 0 1 0 0 80 314 0 1 1 5 80 713 0 1 1 5 80 313 0 1 1 5 80
1/4 314 0 1 0 0 80 713 0 1 0 0 80 313 0 1 0 0 80 313 1 5 1 5 80
1/4 314 0 1 0 0 80 713 0 1 0 0 80 313 1 5 1 5 80
1/4 711 0 1 0 0 80 522 0 1 0 0 80 712 0 1 0 0 80
1/4 711 0 1 0 0 80 522 0 1 0 0 80 712 0 1 0 0 80
1/4 13 0 1 0 0 80 53 0 1 0 0 80 12 0 1 0 0 80
1/4 13 0 1 0 0 80 53 0 1 0 0 80 12 0 1 0 0 80 13 0 1 1 5 80 53 0 1 1 5 80 12 0 1 1 5 80
1/4 21 1 5 0 0 80 612 1 5 1 5 80
1/4 22 1 5 0 0 80 22 0 1 1 5 80 613 0 1 1 5 80 23 0 1 1 5 80
1/4 22 0 1 0 0 80 613 0 1 0 0 80 23 0 1 0 0 80 22 1 5 1 5 80
1/4 23 0 1 0 0 80 613 0 1 0 0 80 22 0 1 0 0 80 22 1 5 1 5 80
1/4 11 1 5 0 0 80 52 1 5 1 5 80
1/4 12 1 5 0 0 80 12 0 1 1 5 80 53 0 1 1 5 80 13 0 1 1 5 80
1/4 12 0 1 0 0 80 53 0 1 0 0 80 13 0 1 0 0 80 12 1 5 1 5 80
1/4 13 0 1 0 0 80 53 0 1 0 0 80 12 1 5 1 5 80
1/4 21 1 5 0 0 80 612 1 5 1 5 80
1/4 22 1 5 0 0 80 313 0 1 1 5 80 713 0 1 1 5 80 314 0 1 1 5 80
1/4 313 0 1 0 0 80 713 0 1 0 0 80 314 0 1 0 0 80 313 1 5 1 5 80
1/4 314 0 1 0 0 80 713 0 1 0 0 80 313 1 5 1 5 80
1/4 711 1 5 0 0 80 522 1 5 1 5 80
1/4 712 0 1 0 0 80
1/4 13 0 1 0 0 80 53 0 1 0 0 80 12 0 1 0 0 80
1/4 13 0 1 0 0 80 53 0 1 0 0 80 12 0 1 0 0 80 11 1 5 1 5 80
1/4 21 1 5 0 0 80 612 1 5 1 5 80
1/4 22 1 5 0 0 80 22 0 1 1 5 80 613 0 1 1 5 80 23 0 1 1 5 80
1/4 22 0 1 0 0 80 613 0 1 0 0 80 23 0 1 0 0 80 22 1 5 1 5 80
1/4 23 0 1 0 0 80 613 0 1 0 0 80 22 0 1 0 0 80 22 1 5 1 5 80
1/4 51 1 5 0 0 80 21 1 5 1 5 80
1/4 52 1 5 0 0 80 52 0 1 1 5 80 22 0 1 1 5 80 53 0 1 1 5 80
1/4 52 0 1 0 0 80 22 0 1 0 0 80 53 0 1 0 0 80 52 1 5 1 5 80
1/4 22 0 1 0 0 80 53 0 1 0 0 80 52 1 5 1 5 80
1/4 711 1 5 0 0 80 712 1 5 1 5 80
1/4 523 1 5 0 0 80 712 0 1 1 5 80 523 0 1 1 5 80 713 0 1 1 5 80
1/4 712 0 1 0 0 80 523 0 1 0 0 80 713 0 1 0 0 80 712 1 5 1 5 80
1/4 713 0 1 0 0 80 523 0 1 0 0 80 712 0 1 0 0 80 712 1 5 1 5 80
1/4 314 0 1 0 0 80 713 0 1 0 0 80 313 0 1 0 0 80
1/4 313 1 5 0 0 80 22 0 1 1 5 80 613 0 1 1 5 80 23 0 1 1 5 80
1/4 22 0 1 0 0 80 613 0 1 0 0 80 23 0 1 0 0 80 22 1 5 1 5 80
1/4 223 0 1 0 0 80 613 0 1 0 0 80 222 0 1 0 0 80
1/4 221 1 5 0 0 80 222 1 5 1 5 80
1/4 613 1 5 0 0 80 222 0 1 1 5 80 613 0 1 1 5 80 223 0 1 1 5 80
1/4 222 0 1 0 0 80 613 0 1 0 0 80 223 0 1 0 0 80 222 1 5 1 5 80
1/4 223 0 1 0 0 80 613 0 1 0 0 80 222 0 1 0 0 80 222 1 5 1 5 80
1/4 11 1 5 0 0 80 12 1 5 1 5 80
1/4 53 1 5 0 0 80 12 0 1 1 5 80 53 0 1 1 5 80 13 0 1 1 5 80
1/4 12 0 1 0 0 80 53 0 1 0 0 80 13 0 1 0 0 80 12 1 5 1 5 80
1/4 13 0 1 0 0 80 53 0 1 0 0 80 12 0 1 0 0 80 12 1 5 1 5 80
1/4 23 0 1 0 0 80 613 0 1 0 0 80 22 0 1 0 0 80
1/4 23 0 1 0 0 80 613 0 1 0 0 80 22 0 1 0 0 80
1/4
1/4
1/4 12 0 1 0 0 80 53 0 1 0 0 80 13 0 1 0 0 80 12 2 25 2 75 80
1/4 12 1 5 0 0 80 13 0 1 1 5 80 53 0 1 1 5 80 12 0 1 1 5 80
1/4 13 0 1 0 0 80 53 0 1 0 0 80 12 0 1 0 0 80 12 1 5 1 5 80
1/4 12 0 1 0 0 80 53 0 1 0 0 80 13 0 1 0 0 80 12 1 5 1 5 80
1/4 13 0 1 0 0 80 53 0 1 0 0 80
1/4 13 0 1 0 0 80 53 0 1 0 0 80 13 0 1 1 5 80 53 0 1 1 5 80
1/4 13 0 1 0 0 80 53 0 1 0 0 80
1/4 13 0 1 0 0 80 53 0 1 0 0 80
