4/4 24 0 1 0 0 100 55 0 1 0 0 100 25 2 75 2 25 100 225 1 5 0 1 100 615 0 1 1 15 100 315 0 1 1 25 100 525 1 5 1 35 100
4/4 525 3 1833 0 0 100
4/4 24 0 1 0 0 100 55 0 1 0 0 100 25 2 75 0 0 100 15 1 5 0 1 100 615 0 1 1 15 100 315 0 1 1 25 100 14 0 1 1 35 100 45 0 1 1 35 100
4/4 14 0 1 0 0 100 45 0 1 0 0 100
4/4 24 0 1 0 0 100 55 0 1 0 0 100 25 2 75 0 0 100 225 1 5 0 1 100 615 0 1 1 15 100 315 0 1 1 25 100 24 0 1 1 35 100 525 0 1 1 35 100
4/4 24 0 1 0 0 100 525 0 1 0 0 100
4/4 24 0 1 0 0 100 55 0 1 0 0 100 25 2 75 0 0 100 15 1 5 0 1 100 615 0 1 1 15 100 315 0 1 1 25 100 14 0 1 1 35 100 45 0 1 1 35 100
4/4 14 0 1 0 0 100 45 0 1 0 0 100
4/4 24 0 1 0 0 100 55 0 1 0 0 100 25 2 75 0 0 100 15 1 5 0 1 100 55 0 1 1 15 100 24 2 75 1 25 100 315 1 5 1 35 100
4/4 315 3 1833 0 0 100 714 1 15 1 5 100 54 1 5 1 15 100
4/4 45 1 5 0 0 100 14 1 5 1 5 100 45 1 5 0 1 100 15 0 1 1 15 100 55 0 1 1 25 100 615 1 5 1 35 100
4/4 615 2 175 0 0 100 55 0 2 0 2 100
4/4 74 0 1 0 0 100 35 0 1 0 0 100 55 0 1 0 0 100
4/4 64 0 1 0 0 100 224 0 1 0 0 100 45 0 1 0 0 100
4/4 54 0 1 0 0 100 14 0 1 0 0 100 315 0 1 0 0 100 54 1 5 1 25 100 14 1 5 0 3 100 315 1 5 1 35 100
4/4 14 0 1 0 0 100 315 0 1 0 0 100 55 2 175 2 25 100
4/4 24 0 1 0 0 100 55 0 1 0 0 100 25 2 75 0 0 100 225 1 5 0 1 100 615 0 1 1 15 100 315 0 1 1 25 100 525 1 5 1 35 100
4/4 525 3 1833 0 0 100
4/4 24 0 1 0 0 100 55 0 1 0 0 100 25 2 75 0 0 100 15 1 5 0 1 100 615 0 1 1 15 100 315 0 1 1 25 100 14 0 1 1 35 100 45 0 1 1 35 100
4/4 14 0 1 0 0 100 45 0 1 0 0 100
4/4 24 0 1 0 0 100 55 0 1 0 0 100 25 2 75 0 0 100 225 1 5 0 1 100 615 0 1 1 15 100 315 0 1 1 25 100 24 0 1 1 35 100 525 0 1 1 35 100
4/4 24 0 1 0 0 100 525 0 1 0 0 100
4/4 24 0 1 0 0 100 55 0 1 0 0 100 25 2 75 0 0 100 15 1 5 0 1 100 615 0 1 1 15 100 315 0 1 1 25 100 14 0 1 1 35 100 45 0 1 1 35 100
4/4 14 0 1 0 0 100 45 0 1 0 0 100
4/4 24 0 1 0 0 100 55 0 1 0 0 100 25 2 75 0 0 100 15 1 5 0 1 100 55 0 1 1 15 100 24 2 75 1 25 100 315 1 5 1 35 100
4/4 315 3 2833 0 0 100 714 3 2333 1 5 100 54 1 15 1 15 100
4/4 45 1 5 0 0 100 14 1 5 1 5 100 45 1 5 0 1 100 15 0 1 1 15 100 55 0 1 1 25 100 615 1 5 1 35 100
4/4 615 2 175 0 0 100 55 0 2 0 2 100
4/4 74 0 1 0 0 100 35 0 1 0 0 100 55 0 1 0 0 100
4/4 64 0 1 0 0 100 224 0 1 0 0 100 45 0 1 0 0 100
4/4 54 0 1 0 0 100 14 0 1 0 0 100 315 0 1 0 0 100 54 1 5 1 25 100 14 1 5 0 3 100 315 1 5 1 35 100
4/4 14 0 1 0 0 100 315 0 1 0 0 100 55 2 175 2 25 100
4/4 24 0 1 0 0 100 55 0 1 0 0 100 25 2 75 0 0 100 225 1 5 0 1 100 615 0 1 1 15 100 315 0 1 1 25 100 525 1 5 1 35 100
4/4 525 3 1833 0 0 100
4/4 24 0 1 0 0 100 55 0 1 0 0 100 25 2 75 0 0 100 15 1 5 0 1 100 615 0 1 1 15 100 315 0 1 1 25 100 14 0 1 1 35 100 45 0 1 1 35 100
4/4 14 0 1 0 0 100 45 0 1 0 0 100 74 1 5 1 25 100 44 1 5 0 3 100 74 1 5 1 35 100
4/4 24 0 1 0 0 100 55 0 1 0 0 100 25 2 75 0 0 100 225 1 5 0 1 100 615 0 1 1 15 100 315 0 1 1 25 100 24 0 1 1 35 100 525 0 1 1 35 100
4/4 24 0 1 0 0 100 525 0 1 0 0 100
4/4 24 0 1 0 0 100 55 0 1 0 0 100 25 2 75 0 0 100 15 1 5 0 1 100 615 0 1 1 15 100 315 0 1 1 25 100 14 0 1 1 35 100 45 0 1 1 35 100
4/4 14 0 1 0 0 100 45 0 1 0 0 100
4/4 24 0 1 0 0 100 55 0 1 0 0 100 25 2 75 0 0 100 15 1 5 0 1 100 55 0 1 1 15 100 24 2 75 1 25 100 315 1 5 1 35 100
4/4 315 3 1833 0 0 100 714 1 15 1 5 100 54 1 5 1 15 100
4/4 45 1 5 0 0 100 14 1 5 1 5 100 45 1 5 0 1 100 15 0 1 1 15 100 55 0 1 1 25 100 615 1 5 1 35 100
4/4 615 2 175 0 0 100 55 0 2 0 2 100
4/4 74 0 1 0 0 100 35 0 1 0 0 100 55 0 1 0 0 100
4/4 64 0 1 0 0 100 224 0 1 0 0 100 45 0 1 0 0 100
4/4 54 0 1 0 0 100 14 0 1 0 0 100 315 0 1 0 0 100 54 1 5 1 25 100 14 1 5 0 3 100 315 1 5 1 35 100
4/4 14 0 1 0 0 100 315 0 1 0 0 100 55 2 175 2 25 100
4/4 24 0 1 0 0 100 55 0 1 0 0 100 25 2 75 0 0 100 225 1 5 0 1 100 615 0 1 1 15 100 315 0 1 1 25 100 525 1 5 1 35 100
4/4 525 3 1833 0 0 100
4/4 24 0 1 0 0 100 55 0 1 0 0 100 25 2 75 0 0 100 15 1 5 0 1 100 615 0 1 1 15 100 315 0 1 1 25 100 14 0 1 1 35 100 45 0 1 1 35 100
4/4 14 0 1 0 0 100 45 0 1 0 0 100 74 1 5 1 25 100 44 1 5 0 3 100 74 1 5 1 35 100
4/4 24 0 1 0 0 100 55 0 1 0 0 100 25 2 75 0 0 100 225 1 5 0 1 100 615 0 1 1 15 100 315 0 1 1 25 100 24 0 1 1 35 100 525 0 1 1 35 100
4/4 24 0 1 0 0 100 525 0 1 0 0 100
4/4 24 0 1 0 0 100 55 0 1 0 0 100 25 2 75 0 0 100 15 1 5 0 1 100 615 0 1 1 15 100 315 0 1 1 25 100 14 0 1 1 35 100 45 0 1 1 35 100
4/4 14 0 1 0 0 100 45 0 1 0 0 100
4/4 24 0 1 0 0 100 55 0 1 0 0 100 25 2 75 0 0 100 15 1 5 0 1 100 55 0 1 1 15 100 24 2 75 1 25 100 315 1 5 1 35 100
4/4 315 3 1833 0 0 100 714 1 15 1 5 100 54 1 5 1 15 100
4/4 45 1 5 0 0 100 14 1 5 1 5 100 45 1 5 0 1 100 15 0 1 1 15 100 55 0 1 1 25 100 615 1 5 1 35 100
4/4 615 2 175 0 0 100 55 0 2 0 2 100
4/4 74 0 1 0 0 100 35 0 1 0 0 100 55 0 1 0 0 100
4/4 64 0 1 0 0 100 224 0 1 0 0 100 45 0 1 0 0 100
4/4 54 0 1 0 0 100 14 0 1 0 0 100 315 0 1 0 0 100 54 1 5 1 25 100 14 1 5 0 3 100 315 1 5 1 35 100
4/4 14 0 1 0 0 100 315 0 1 0 0 100 15 2 175 2 25 100
4/4 53 0 1 0 0 100 23 0 1 0 0 100
4/4 53 0 1 0 0 100 23 0 1 0 0 100 54 1 5 1 25 100 23 1 5 0 3 100 53 1 5 1 35 100
4/4 43 0 1 0 0 100 73 0 1 0 0 100
4/4 43 0 1 0 0 100 73 0 1 0 0 100 43 1 5 1 25 100 73 1 5 0 3 100 43 1 5 1 35 100
4/4 53 1 5 0 0 100 23 1 5 1 5 100 54 0 3 0 1 100
4/4 54 2 175 0 0 100 54 1 5 1 25 100 23 1 5 0 3 100 53 1 5 1 35 100
4/4 72 1 5 0 0 100 43 1 5 1 5 100 13 1 5 0 1 100 43 1 5 1 15 100 23 0 2 0 2 100 73 1 5 1 35 100
4/4 23 2 175 0 0 100 73 3 1833 0 0 100
4/4 12 1 5 0 0 100 53 1 5 1 5 100 13 1 5 0 1 100 53 1 5 1 15 100 54 1 15 0 2 100 13 1 5 1 35 100
4/4 13 3 1833 0 0 100
4/4 72 1 5 0 0 100 43 1 5 1 5 100 13 1 5 0 1 100 73 1 25 1 15 100
4/4 73 2 175 0 0 100
4/4 62 0 1 0 0 80 33 0 1 0 0 100 13 0 1 0 0 100
4/4 522 0 1 0 0 80 222 0 1 0 0 100 63 0 1 0 0 100
4/4 42 1 5 0 0 80 43 1 5 1 5 80 613 1 5 0 1 100 13 1 5 1 15 100 314 1 5 0 2 100
4/4
4/4 53 0 1 0 0 100 23 0 1 0 0 100
4/4 53 0 1 0 0 100 23 0 1 0 0 100 54 1 5 1 25 100 23 1 5 0 3 100 53 1 5 1 35 100
4/4 43 0 1 0 0 100 73 0 1 0 0 100
4/4 43 0 1 0 0 100 73 0 1 0 0 100 43 1 5 1 25 100 73 1 5 0 3 100 43 1 5 1 35 100
4/4 53 1 5 0 0 100 23 1 5 1 5 100 54 0 3 0 1 100
4/4 54 2 175 0 0 100 54 1 5 1 25 100 23 1 5 0 3 100 53 1 5 1 35 100
4/4 72 1 5 0 0 100 43 1 5 1 5 100 13 1 5 0 1 100 43 1 5 1 15 100 23 0 2 0 2 100 73 1 5 1 35 100
4/4 23 2 175 0 0 100 73 3 1833 0 0 100
4/4 12 1 5 0 0 100 53 1 5 1 5 100 13 1 5 0 1 100 53 1 5 1 15 100 54 1 15 0 2 100 13 1 5 1 35 100
4/4 13 3 2833 0 0 100
4/4 72 1 5 0 0 100 43 1 5 1 5 100 13 1 5 0 1 100 73 1 25 1 15 100
4/4 73 2 175 0 0 100
4/4 62 0 1 0 0 80 33 0 1 0 0 100 13 0 1 0 0 100
4/4 522 0 1 0 0 80 222 0 1 0 0 100 63 0 1 0 0 100
4/4 42 1 5 0 0 80 43 1 5 1 5 80 613 1 5 0 1 100 13 1 5 1 15 100 314 1 5 0 2 100
4/4
4/4 53 0 1 0 0 100 23 0 1 0 0 100
4/4 53 2 25 0 0 100 23 2 25 1 5 100 54 2 25 0 1 100 23 2 25 1 15 100 54 1 5 1 25 100 23 1 5 0 3 100 53 1 5 1 35 100
4/4 43 0 1 0 0 100 73 0 1 0 0 100
4/4 73 2 25 0 0 100 23 2 25 1 5 100 614 2 25 0 1 100 23 2 25 1 15 100 43 1 5 1 25 100 73 1 5 0 3 100 43 1 5 1 35 100
4/4 53 1 5 0 0 100 23 1 5 1 5 100 54 2 275 0 1 100
4/4 53 2 25 0 0 100 23 2 25 1 5 100 54 2 25 0 1 100 23 2 25 1 15 100 54 1 5 1 25 100 23 1 5 0 3 100 53 1 5 1 35 100
4/4 72 1 5 0 0 100 43 0 1 1 5 100 23 0 1 1 5 100 13 0 1 0 1 100 614 0 1 0 1 100 43 0 1 1 15 100 23 0 1 1 15 100 23 0 2 0 2 100
4/4 73 2 25 0 0 100 23 2 25 1 5 100 614 2 25 0 1 100 23 2 25 1 15 100
4/4 12 1 5 0 0 100 13 0 1 1 5 100 54 0 1 1 5 100 314 0 1 0 1 100 14 0 1 0 1 100 13 1 5 1 15 100 53 1 15 0 2 100 13 1 5 1 35 100
4/4 53 2 25 0 0 100 13 2 25 1 5 100 54 2 25 0 1 100 13 2 25 1 15 100
4/4 72 1 5 0 0 100 43 0 1 1 5 100 23 0 1 1 5 100 13 0 1 0 1 100 614 0 1 0 1 100 23 1 5 1 15 100 73 2 225 1 15 100
4/4 73 2 25 0 0 100 23 2 25 1 5 100 614 2 25 0 1 100 23 2 25 1 15 100
4/4 62 0 1 0 0 80 33 0 1 0 0 100 13 0 1 0 0 100
4/4 522 0 1 0 0 80 222 0 1 0 0 100 63 0 1 0 0 100
4/4 42 0 1 0 0 100 613 1 5 0 1 100 13 1 5 1 15 100 314 1 5 0 2 100
4/4
4/4 53 0 1 0 0 100 23 0 1 0 0 100
4/4 53 2 25 0 0 100 23 2 25 1 5 100 54 2 25 0 1 100 23 2 25 1 15 100 54 1 5 1 25 100 23 1 5 0 3 100 53 1 5 1 35 100
4/4 43 0 1 0 0 100 73 0 1 0 0 100
4/4 73 2 25 0 0 100 23 2 25 1 5 100 614 2 25 0 1 100 23 2 25 1 15 100 43 1 5 1 25 100 73 1 5 0 3 100 43 1 5 1 35 100
4/4 53 1 5 0 0 100 23 1 5 1 5 100 54 2 275 0 1 100
4/4 53 2 25 0 0 100 23 2 25 1 5 100 54 2 25 0 1 100 23 2 25 1 15 100 54 1 5 1 25 100 23 1 5 0 3 100 53 1 5 1 35 100
4/4 72 1 5 0 0 100 43 0 1 1 5 100 23 0 1 1 5 100 13 0 1 0 1 100 614 0 1 0 1 100 43 0 1 1 15 100 23 0 1 1 15 100 23 0 2 0 2 100
4/4 73 2 25 0 0 100 23 2 25 1 5 100 614 2 25 0 1 100 23 2 25 1 15 100
4/4 12 1 5 0 0 100 13 0 1 1 5 100 54 0 1 1 5 100 314 0 1 0 1 100 14 0 1 0 1 100 13 1 5 1 15 100 53 1 15 0 2 100 13 1 5 1 35 100
4/4 53 2 25 0 0 100 13 2 25 1 5 100 54 2 25 0 1 100 13 2 25 1 15 100
4/4 72 1 5 0 0 100 43 0 1 1 5 100 23 0 1 1 5 100 13 0 1 0 1 100 614 0 1 0 1 100 23 1 5 1 15 100 73 2 225 1 15 100
4/4 73 2 25 0 0 100 23 2 25 1 5 100 614 2 25 0 1 100 23 2 25 1 15 100
4/4 62 0 1 0 0 80 33 0 1 0 0 100 13 0 1 0 0 100
4/4 522 0 1 0 0 80 222 0 1 0 0 100 63 0 1 0 0 100
4/4 42 1 5 0 0 100 42 1 5 1 5 100 613 1 5 0 1 100 13 1 5 1 15 100 314 1 5 0 2 100
