4/4 34 3 667 0 1 42 74 1 5 3 1667 48 14 3 667 0 2 55 74 3 333 3 2667 52 34 2 75 0 3 50 74 2 25 2 375 48
4/4 14 2 75 0 0 49 74 2 25 0 0 48 74 1 5 2 75 49 34 3 667 2 125 49 74 1 5 2 175 48 14 2 75 2 225 49 74 3 333 0 3 53 34 3 667 3 3333 49
4/4 74 1 5 0 0 52 34 3 83 0 0 49 14 2 75 1 5 53 74 1 5 2 125 53 34 2 75 1 15 52 74 3 333 2 225 53 36 2 125 1 25 68 14 2 75 1 25 51 74 3 333 2 325 48 25 1 5 1 35 65 34 1 5 1 35 52
4/4 25 2 75 0 0 65 74 3 333 2 25 49 36 0 1 1 5 65 14 0 1 1 5 49 74 3 333 2 125 51 75 3 2667 3 1333 68 23 2 75 3 1667 48 74 1 5 3 2333 47 14 2 75 2 275 46 74 3 333 1 35 51 23 2 25 2 375 53
4/4 75 3 10083 0 0 68 23 3 417 0 0 53 74 3 333 3 667 51 14 3 667 0 1 50 74 2 25 3 1667 58 13 2 75 0 2 57 54 3 333 2 275 52 36 0 1 0 3 70 74 1 5 0 3 52 54 2 25 2 375 49
4/4 13 2 75 0 0 56 25 0 1 0 0 68 54 3 83 0 0 49 54 2 25 2 75 51 36 0 1 2 125 68 74 0 1 2 125 56 54 3 333 2 175 52 56 0 2 0 2 63 73 1 5 2 225 59 54 3 333 0 3 54 24 1 5 2 325 60
4/4 54 3 333 0 0 53 56 3 1667 0 0 63 73 1 5 3 333 56 54 3 333 0 1 52 24 1 5 3 1333 53 54 2 25 0 2 49 66 0 1 1 25 65 63 1 5 1 25 58 34 1 5 0 3 52 14 1 5 1 35 51 56 1 5 1 35 70
4/4 56 1 5 0 0 70 34 3 333 2 25 47 46 2 125 1 5 67 63 2 75 1 5 55 34 3 333 2 125 52 36 2 75 1 15 70 14 1 5 1 15 54 34 2 25 2 225 49 66 2 125 2 225 68 63 3 667 3 2667 56 34 3 333 2 325 53 714 3 333 3 3667 57 56 3 333 3 3667 65
4/4 714 3 167 0 0 57 56 3 667 0 0 65 34 1 5 3 333 50 46 0 1 3 667 68 63 0 1 3 667 50 34 2 25 3 1333 52 714 3 333 2 175 54 36 2 75 2 175 67 34 2 25 1 25 45 36 2 125 2 275 77 73 1 5 2 275 58 64 2 25 1 35 57
4/4 35 1 5 0 0 55 36 1 5 0 0 77 64 0 1 1 5 54 46 0 1 1 5 63 46 0 3 0 1 63 73 1 5 0 1 61 64 1 5 1 15 53 35 1 5 0 2 54 64 2 25 1 25 59 73 1 5 0 3 55 64 1 5 1 35 56
4/4 24 3 333 0 0 49 46 2 325 0 0 63 64 2 25 3 667 50 73 3 333 0 1 51 64 3 333 3 1667 58 24 1 5 0 2 56 64 3 333 2 275 54 34 2 75 0 3 58 74 2 25 2 375 55
4/4 74 2 25 0 0 55 14 3 667 2 25 55 36 0 1 2 25 67 74 2 25 2 75 49 25 2 125 2 125 67 34 3 667 2 125 48 74 2 25 2 175 51 14 0 1 2 225 54 36 0 1 2 225 67 74 3 333 0 3 53 75 0 1 0 3 65 23 2 75 2 325 52
4/4 74 3 333 0 0 53 75 0 7 0 0 65 14 3 667 3 333 51 74 1 5 0 1 55 23 2 75 3 1333 56 74 1 5 0 2 55 14 1 5 1 25 57 74 2 25 2 325 56 13 1 5 1 35 58
4/4 13 2 25 0 0 58 54 3 333 2 25 50 36 0 1 1 5 72 74 2 75 1 5 54 54 1 5 2 125 52 13 3 667 1 15 56 25 0 1 1 15 68 54 3 333 2 225 52 36 0 1 3 2667 68 74 0 1 3 2667 58 54 3 333 2 325 54 56 2 75 2 325 63 73 3 333 3 3667 61
4/4 73 3 333 0 0 61 56 3 2583 0 0 63 54 1 5 3 333 53 24 3 667 2 75 54 54 2 25 3 1333 52 73 3 667 2 175 55 54 1 5 3 2333 56 24 3 667 2 275 59 54 2 25 3 3333 50 66 0 1 2 375 65 63 0 1 2 375 59
4/4 66 0 1 0 0 65 63 0 1 0 0 59 34 1 5 1 5 54 66 2 25 1 5 59 14 1 5 2 75 57 66 3 333 2 75 61 34 0 1 1 15 52 66 0 1 1 15 60 66 0 1 2 175 61 63 0 1 2 175 53 34 0 1 1 25 50 56 0 1 1 25 60 14 1 5 2 275 53 46 2 75 0 3 62 34 3 333 1 35 54 66 1 5 1 35 65
4/4 63 3 667 0 0 55 66 2 225 0 0 65 34 3 333 3 667 52 714 1 5 0 1 57 34 1 5 2 175 50 63 3 667 0 2 57 46 1 5 3 2667 65 34 2 25 3 2667 55 56 3 667 0 3 68 714 3 333 0 3 53 34 0 1 2 375 52 66 0 1 2 375 61
4/4 53 0 1 0 0 61 56 0 1 0 0 68 34 0 1 2 75 52 56 0 1 2 75 62 74 0 1 2 125 51 56 0 1 2 125 62 56 0 1 2 175 61 34 0 1 2 175 51 56 0 1 2 225 61 53 1 5 2 225 52 34 0 1 2 275 53 46 0 1 2 275 63 74 0 1 2 325 50 36 0 1 2 325 65
4/4 56 0 4 0 0 63 34 3 333 0 0 48 13 2 75 2 25 52 54 3 333 0 1 52 35 1 5 3 1333 53 54 1 5 0 2 49 13 3 667 3 2333 54 54 2 25 0 3 54 35 1 5 1 35 57
4/4 56 2 25 0 0 63 54 2 25 2 25 44 15 0 1 1 5 72 44 2 75 1 5 55 14 1 5 2 125 53 25 0 1 1 15 72 35 2 75 1 15 54 14 3 333 2 225 57 36 2 125 1 25 72 44 3 667 3 2667 54 14 1 5 2 325 51 46 0 1 3 3667 64 35 0 1 3 3667 59
4/4 46 0 1 0 0 64 35 0 1 0 0 59 14 0 1 2 25 58 15 0 1 2 25 74 44 3 667 3 667 58 14 0 1 2 125 52 15 0 1 2 125 67 25 0 1 3 1667 74 35 3 667 3 1667 58 14 1 5 3 2333 57 36 0 1 3 2667 68 44 0 1 3 2667 54 46 0 1 3 3333 68 14 0 1 3 3333 53 35 3 333 3 3667 62 36 3 333 3 3667 74
4/4 35 3 167 0 0 62 36 3 417 0 0 74 14 2 25 3 333 54 76 3 3667 3 333 65 73 2 75 2 75 47 44 3 333 1 15 61 35 1 5 2 175 62 44 3 333 1 25 54 73 1 5 2 275 54 44 2 25 1 35 53
4/4 35 2 25 0 0 59 76 3 667 0 0 65 44 2 25 1 5 54 76 0 1 0 1 66 44 0 1 0 1 52 75 0 1 0 1 59 24 0 1 0 1 58 73 0 1 0 1 58 44 0 1 0 2 48 76 0 1 0 2 68 24 0 1 0 2 63 73 0 1 0 2 59 75 0 1 0 2 72 36 2 75 2 325 74 46 2 25 2 375 65
4/4 46 2 25 0 0 65 56 2 75 2 25 66 66 1 5 2 75 62 34 2 75 2 125 52 76 2 125 2 125 66 74 1 5 0 2 54 14 0 1 2 225 53 56 0 1 2 225 63 74 3 333 0 3 55 36 0 1 0 3 68 34 3 667 3 3333 52
4/4 74 0 1 0 0 58 76 0 1 0 0 68 36 2 25 0 0 68 14 3 667 3 333 56 74 3 333 0 1 51 66 0 3 0 1 72 23 3 667 3 1333 49 74 1 5 0 2 54 46 1 15 1 25 68 14 1 5 1 25 49 74 1 5 0 3 53 23 1 5 1 35 52
4/4 46 1 5 0 0 68 66 1 5 0 0 72 23 2 25 0 0 52 74 1 5 2 25 52 14 1 5 1 5 57 74 3 333 2 125 54 23 2 75 1 15 56 66 3 1333 1 15 70 74 1 5 2 225 52 46 0 1 1 25 68 14 0 1 1 25 54 74 3 333 2 325 58 25 2 75 2 325 72 23 3 333 3 3667 54
4/4 23 3 333 0 0 54 25 1 5 0 0 72 66 0 1 3 333 70 74 0 1 3 333 55 14 3 667 3 667 54 74 2 25 3 1333 53 56 1 15 3 1333 70 13 2 75 2 175 56 54 1 5 3 2333 52 74 1 5 2 275 51 36 2 125 2 275 68 54 3 333 1 35 50 13 2 25 2 375 57
4/4 13 1 5 0 0 57 36 2 175 0 0 68 54 1 5 1 5 48 74 3 667 0 1 46 54 2 25 1 15 54 15 0 1 0 2 65 63 0 1 0 2 57 25 0 1 3 2667 65 34 0 1 3 2667 53 74 0 1 0 3 54 36 0 1 0 3 68 15 3 333 3 3667 68 34 3 333 3 3667 56
4/4 63 3 667 0 0 53 15 3 917 0 0 68 34 0 1 3 667 54 25 0 1 3 667 68 74 0 1 0 1 56 36 0 1 0 1 68 75 3 1667 2 175 68 34 1 5 2 175 57 53 1 5 2 225 58 46 0 1 2 275 63 34 0 1 2 275 54 25 0 1 2 325 67 74 0 1 2 325 50
4/4 34 3 333 0 0 52 36 2 175 0 0 72 13 3 667 3 333 58 54 3 333 0 1 52 35 1 5 3 1333 62 54 2 25 0 2 57 66 0 1 3 2333 65 43 0 1 3 2333 63 13 0 1 0 3 56 56 0 1 0 3 66 36 0 1 1 35 68 64 0 1 1 35 53
4/4 36 0 1 0 0 68 64 0 1 0 0 53 66 0 1 2 25 63 13 0 1 2 25 54 56 0 1 1 5 66 43 0 1 1 5 57 36 1 5 2 125 67 13 2 25 2 125 57 64 3 667 1 15 54 46 2 25 1 15 70 13 2 25 2 225 57 46 2 175 2 225 74 73 3 667 3 2667 63 44 3 333 2 325 58 35 3 333 3 3667 59
4/4 46 2 25 0 0 74 44 3 333 3 333 62 73 0 1 3 667 61 36 0 1 3 667 72 46 0 1 3 1333 68 44 0 1 3 1333 57 56 0 1 2 175 70 24 0 1 2 175 55 44 2 25 3 2333 57 66 3 333 1 25 65 34 3 667 2 275 63 76 2 125 2 275 72 74 3 333 1 35 56 56 0 1 2 375 70 14 0 1 2 375 54
4/4 56 0 1 0 0 70 14 0 1 0 0 54 74 1 5 1 5 57 36 2 75 1 5 72 34 3 667 0 1 54 74 0 1 3 1667 62 76 0 1 3 1667 70 14 3 667 0 2 47 74 2 25 3 2667 49 66 3 1333 3 2667 68 73 1 5 0 3 53 44 2 25 2 375 54
4/4 46 3 2667 0 0 68 24 1 5 0 0 53 44 2 25 0 0 54 66 3 167 0 0 68 44 2 25 2 75 56 73 3 667 2 125 58 44 1 5 2 175 59 24 1 5 2 225 58 44 1 5 2 275 53 75 0 1 0 3 53 25 0 1 0 3 58 73 0 1 0 3 59 66 0 1 0 3 65
4/4 44 2 25 0 0 55 24 3 333 2 25 56 46 2 75 2 25 67 44 2 25 0 1 55 25 2 125 0 1 70 713 2 75 2 125 58 54 0 1 0 2 59 66 0 1 0 2 66 24 3 667 3 2333 54 54 3 333 0 3 61 56 0 1 0 3 68 13 3 667 3 3333 61
4/4 54 1 5 0 0 54 56 3 333 0 0 68 36 0 1 1 5 63 15 0 1 1 5 64 35 1 5 1 5 55 54 1 5 0 1 53 13 2 75 1 15 62 54 3 333 2 225 59 35 1 5 1 25 60 54 2 25 2 325 50 15 1 5 1 35 74 63 1 5 1 35 63
4/4 15 1 15 0 0 74 63 2 25 0 0 63 34 2 25 2 25 56 16 0 1 1 5 68 14 0 1 1 5 57 34 3 333 2 125 49 63 0 1 3 1667 59 76 0 1 3 1667 70 44 0 1 2 225 55 66 0 1 2 225 65 56 2 75 3 2667 68 24 3 333 3 2667 52 44 0 1 3 3333 55 66 0 1 3 3333 60 75 2 25 2 375 59 76 2 25 2 375 70 53 2 25 2 375 61
4/4 75 3 1417 0 0 59 76 0 1 0 0 70 53 2 25 0 0 61 34 3 333 1 5 57 74 1 5 2 75 59 34 2 25 1 15 52 36 0 1 2 175 67 75 0 1 2 175 64 13 2 75 2 175 57 54 2 25 1 25 62 35 3 333 0 3 59 54 2 25 3 3667 52 15 2 25 2 375 55
4/4 36 0 1 0 0 63 43 0 1 0 0 65 66 0 1 0 0 63 15 2 125 0 0 55 13 0 1 3 667 57 56 0 1 3 667 59 64 0 1 0 1 56 36 0 1 0 1 67 66 0 1 3 1667 66 13 0 1 3 1667 55 43 0 1 0 2 61 56 0 1 0 2 68 36 1 5 2 275 64 13 2 25 2 275 58 16 3 333 0 3 68 64 1 5 0 3 58 76 2 25 2 375 70
4/4 76 1 35 0 0 70 73 1 5 2 25 64 44 2 25 2 75 63 35 1 5 2 125 65 44 1 5 2 175 62 73 2 75 2 225 64 44 3 333 0 3 61 35 2 25 3 3333 68
4/4 44 3 333 0 0 49 76 0 1 3 333 68 75 0 1 3 333 65 25 0 1 3 333 72 73 0 1 3 333 52 24 0 1 3 333 58 44 0 1 3 333 37 44 0 1 1 15 55 73 0 1 1 15 57 24 0 1 1 15 55 75 3 333 1 15 74 75 2 175 2 225 70 66 2 75 1 25 72 56 3 333 2 325 63 46 3 333 3 3667 65
4/4 46 3 333 0 0 65 75 3 917 0 0 70 56 3 333 3 333 63 34 2 75 3 667 52 36 3 3333 3 667 70 74 1 5 3 1333 54 14 3 667 3 1667 55 74 1 5 3 2333 51 34 2 75 2 275 49 74 3 333 1 35 48 14 2 25 2 375 51
4/4 36 3 5167 0 0 70 14 2 25 0 0 51 74 2 25 1 5 50 34 3 667 0 1 48 74 1 5 1 15 49 14 3 667 0 2 49 74 3 333 3 2667 49 34 2 75 0 3 49 74 2 25 2 375 46
4/4 14 3 667 0 0 53 74 3 83 0 0 46 74 3 333 3 667 51 34 2 75 0 1 58 74 3 333 2 175 58 14 3 667 0 2 52 36 0 1 0 2 68 74 2 25 2 275 57 34 0 1 2 325 53 25 0 1 2 325 65 74 2 25 2 375 56 36 2 25 2 375 67
4/4 74 3 83 0 0 56 36 2 75 0 0 67 14 3 667 2 25 55 74 3 333 2 75 52 75 2 125 0 1 70 23 2 75 2 125 57 74 3 333 0 2 53 14 3 667 3 2333 51 74 0 1 0 3 55 76 0 1 0 3 66 23 1 5 3 3333 53
4/4 16 2 25 0 0 59 74 3 333 0 0 49 26 2 25 3 333 63 14 1 5 3 333 57 74 2 25 0 1 54 37 2 75 0 1 70 13 1 5 3 1333 58 54 2 25 0 2 53 36 0 1 1 25 70 24 1 5 1 25 51 54 3 333 2 325 50 25 0 1 1 35 70 13 0 1 1 35 54
4/4 54 0 1 2 25 53 36 0 1 2 25 70 35 1 5 3 667 50 54 3 333 2 125 55 56 2 225 2 125 72 73 3 667 3 1667 56 54 3 333 3 2333 54 24 3 667 3 2667 55 54 2 25 3 3333 48 36 0 1 2 375 72 73 0 1 2 375 52
4/4 36 0 1 0 0 72 73 0 1 0 0 52 54 3 333 3 333 55 46 1 5 3 333 67 36 0 1 2 75 74 24 0 1 2 75 55 54 0 1 3 1333 54 25 0 1 3 1333 65 63 0 1 2 175 56 66 0 1 2 175 65 15 2 75 2 175 72 34 3 333 1 25 49 56 2 75 2 275 70 14 1 5 2 275 52 34 2 25 1 35 55 46 0 1 2 375 74 63 0 1 2 375 54
4/4 46 0 1 0 0 74 63 0 1 0 0 54 34 0 1 1 5 55 36 0 1 1 5 77 14 1 5 2 75 60 66 0 1 1 15 62 715 0 1 1 15 73 34 2 25 1 15 55 63 3 667 0 2 59 34 2 25 1 25 58 56 0 1 0 3 66 714 0 1 0 3 58 34 3 333 3 3667 52
4/4 46 0 1 0 0 70 63 0 1 0 0 54 34 2 25 3 667 57 714 0 1 0 1 64 36 0 1 0 1 72 34 2 25 3 1667 45 65 0 1 0 2 59 75 0 1 0 2 67 36 0 1 0 2 70 73 3 667 0 2 62 64 3 333 3 2667 57 35 3 333 0 3 59 64 0 1 3 3667 58 46 0 1 3 3667 63
4/4 73 0 1 0 0 57 46 0 1 0 0 74 64 3 333 2 75 51 35 1 5 0 1 50 64 2 25 2 175 57 73 1 5 2 225 58 44 0 1 2 275 53 37 0 1 2 275 70 24 0 1 2 325 51 26 0 1 2 325 66 16 0 1 2 375 63 44 0 1 2 375 48
4/4 76 0 1 2 25 68 73 0 1 2 25 59 44 0 1 2 75 52 66 0 1 2 75 60 56 0 1 2 125 65 24 0 1 2 125 55 46 0 1 0 2 63 44 0 1 0 2 49 34 0 1 2 225 64 36 0 1 2 225 72 74 3 333 0 3 53 36 0 1 3 3333 72 14 0 1 3 3333 51
4/4 74 3 333 0 0 49 25 0 1 3 333 74 34 0 1 3 333 55 74 3 333 0 1 53 36 0 1 0 1 68 14 1 5 1 15 51 74 2 25 0 2 52 75 3 1667 2 225 65 23 2 75 1 25 56 74 3 333 2 325 56 14 3 333 3 3667 54
4/4 14 3 167 0 0 54 74 2 25 2 25 60 75 0 1 2 25 67 23 3 667 3 667 57 15 0 1 2 125 67 74 0 1 2 125 53 14 3 667 3 1667 53 25 2 25 3 1667 70 74 2 25 2 225 54 36 0 1 3 2333 74 55 0 1 3 2333 64 13 2 75 3 2667 55 54 2 25 3 3333 52 74 0 1 2 375 57 36 0 1 2 375 72
4/4 74 0 1 0 0 57 36 0 1 0 0 72 54 2 25 3 333 53 25 0 1 2 75 65 13 0 1 2 75 52 54 0 1 1 15 58 36 0 1 1 15 74 24 1 5 2 175 56 54 3 333 1 25 49 56 1 15 1 25 72 73 3 667 0 3 61 54 1 5 1 35 58
4/4 24 3 667 0 0 57 56 2 175 0 0 72 54 3 333 3 667 49 73 3 667 0 1 58 54 3 333 3 1667 55 24 3 333 0 2 54 25 0 1 3 2667 52 54 0 1 3 2667 51 66 3 333 0 3 65 15 0 1 0 3 74 63 0 1 0 3 58 34 0 1 3 3667 58 66 0 1 3 3667 61
4/4 14 0 1 0 0 60 66 0 1 0 0 68 66 0 1 2 75 62 34 0 1 2 75 56 66 3 333 0 1 66 63 2 75 0 1 62 34 0 1 2 175 59 56 0 1 2 175 68 14 0 1 2 225 62 46 0 1 2 225 72 66 0 1 2 275 61 715 0 1 2 275 67 34 2 25 2 275 52 63 3 667 2 325 67 34 2 25 2 375 63
4/4 66 0 1 0 0 61 715 0 1 0 0 67 714 1 5 2 25 62 34 3 333 0 1 53 63 1 5 2 125 59 34 0 1 0 2 57 46 0 1 0 2 67 714 0 1 2 225 64 56 0 1 2 225 75 66 0 1 0 3 66 34 0 1 0 3 54 75 0 1 2 325 60 36 0 1 2 325 70 56 0 1 2 325 68 53 0 1 2 325 62 56 0 1 2 325 68
4/4 34 3 333 0 0 55 56 2 25 0 0 60 56 0 1 3 333 66 74 0 1 3 333 57 34 0 1 0 1 56 56 0 1 0 1 66 56 0 1 3 1333 61 53 0 1 3 1333 57 75 0 1 3 1333 64 46 0 1 0 2 64 34 0 1 0 2 55 74 3 667 3 2333 57 36 2 25 1 25 68 34 2 25 0 3 57 36 0 1 0 3 70 56 0 1 0 3 66 25 0 1 0 3 67 13 1 5 1 35 62
4/4 13 2 25 0 0 62 36 0 1 0 0 70 56 0 1 0 0 66 25 0 1 0 0 67 54 3 333 2 25 62 35 1 5 1 5 59 54 2 25 2 125 46 36 0 1 1 15 68 13 0 1 1 15 54 54 0 1 2 225 58 25 0 1 2 225 64 35 0 1 1 25 59 15 0 1 1 25 77 54 0 1 2 325 54 75 0 1 2 325 42 15 0 1 3 3667 74 65 0 1 3 3667 63 43 0 1 3 3667 62
4/4 15 0 1 0 0 74 65 0 1 0 0 63 43 0 1 0 0 62 13 3 333 3 333 46 25 0 1 3 667 72 64 0 1 3 667 53 75 0 1 3 667 68 13 3 333 3 1333 51 36 0 1 3 1667 74 15 0 1 3 1667 72 43 0 1 3 1667 59 13 0 1 3 2333 57 46 0 1 3 2333 68 25 0 1 3 2333 74 64 3 667 3 2667 56 15 0 1 3 3333 80 65 0 1 3 3333 68 13 1 5 3 3333 52 43 3 333 3 3667 59
4/4 43 3 333 0 0 59 13 0 1 3 333 58 15 0 1 3 333 72 65 0 1 3 333 63 64 0 1 2 75 57 75 0 1 2 75 72 25 0 1 2 75 72 13 2 25 1 15 51 15 0 1 2 175 77 36 0 1 2 175 72 43 0 1 2 175 57 13 0 1 3 2333 62 25 0 1 3 2333 72 46 0 1 3 2333 60 64 3 667 2 275 57 15 0 1 2 275 72 36 0 1 2 275 68 13 2 25 3 3333 52 76 0 1 1 35 72 46 0 1 1 35 70 36 0 1 1 35 65 73 2 25 2 375 62
4/4 76 0 1 0 0 72 46 0 1 0 0 70 36 0 1 0 0 65 73 2 25 0 0 62 44 2 25 1 5 59 35 1 5 2 75 48 44 2 25 1 15 53 73 1 5 0 2 63 44 1 5 1 25 58 35 3 333 0 3 65 44 2 25 3 3667 34
4/4 24 0 1 0 0 49 76 0 1 0 0 70 73 0 1 0 0 58 25 0 1 0 0 74 44 0 1 0 0 50 44 0 1 0 1 38 24 0 1 0 1 58 76 0 1 0 1 68 73 0 1 0 1 53 25 0 1 0 1 72 36 2 75 2 225 68 46 1 5 2 275 70 56 2 75 2 325 68 66 2 25 2 375 65
4/4 33 0 1 2 25 63 76 0 1 2 25 68 73 1 5 2 75 59 56 0 1 2 125 66 54 0 1 2 125 56 73 0 1 2 175 58 36 0 1 2 175 74 33 1 5 2 225 62 73 0 1 2 275 63 76 0 1 2 275 75 54 1 5 2 325 56
4/4 73 2 25 0 0 57 66 0 1 0 0 68 25 0 1 0 0 68 72 3 667 3 333 65 43 1 5 0 1 55 46 0 1 3 1333 67 75 0 1 3 1333 67 23 1 5 3 1333 52 43 3 333 0 2 59 72 2 75 3 2333 62 43 1 5 0 3 63 23 1 5 1 35 61
4/4 43 3 333 0 0 58 75 0 1 2 25 60 25 0 1 2 25 57 46 0 1 2 25 67 72 0 1 2 25 63 66 2 75 1 5 68 43 2 25 2 125 61 23 1 5 1 15 55 46 2 75 1 15 70 43 0 1 2 225 59 25 0 1 2 225 72 712 2 75 1 25 68 53 0 1 2 325 63 66 0 1 2 325 68 23 3 333 3 3667 57
4/4 23 3 167 0 0 57 53 3 333 2 25 58 56 0 1 3 333 72 12 3 667 3 667 64 53 3 333 3 1333 57 55 0 1 3 1667 67 36 0 1 3 1667 67 34 3 667 2 175 49 53 1 5 3 2333 52 12 3 667 2 275 53 53 1 5 3 3333 59 34 2 25 2 375 57
4/4 34 3 83 0 0 57 53 2 25 3 333 55 35 0 1 3 667 60 65 0 1 3 667 64 15 0 1 3 667 72 62 0 1 3 667 62 33 0 1 3 1333 61 25 0 1 3 1333 68 36 0 1 2 175 77 13 0 1 2 175 56 15 2 75 1 25 76 33 3 333 1 25 52 65 2 125 1 25 67 62 1 5 0 3 54 33 0 1 1 35 59 25 0 1 1 35 68
4/4 36 0 1 0 0 74 13 0 1 0 0 59 75 3 1333 1 5 67 33 2 25 1 5 62 52 1 5 0 1 62 33 0 1 1 15 61 46 0 1 1 15 65 73 0 1 0 2 58 25 0 1 0 2 74 33 2 25 3 2667 61 55 0 1 3 2667 70 36 0 1 3 2667 74 12 2 75 0 3 70 53 2 25 3 3667 65
4/4 34 1 5 0 0 68 53 2 25 2 75 58 15 0 1 0 1 62 36 0 1 0 1 62 43 0 1 0 1 64 66 0 1 0 1 70 13 0 1 2 175 65 56 0 1 2 175 63 64 0 1 2 225 57 36 0 1 2 225 68 13 0 1 2 275 58 66 0 1 2 275 65 15 3 667 2 275 68 43 0 1 0 3 63 56 0 1 0 3 66 36 0 1 2 375 74 13 0 1 2 375 58
4/4 36 0 1 0 0 74 13 0 1 0 0 58 64 1 5 2 25 58 46 2 25 2 25 72 46 0 2 0 1 80 13 2 25 0 1 56 72 3 667 3 1333 68 43 3 333 0 2 63 34 1 5 3 2333 65 43 3 333 0 3 61 72 0 1 3 3333 65 36 0 1 3 3333 74
4/4 43 0 1 0 0 61 46 0 1 0 0 70 72 0 1 0 0 65 36 0 1 0 0 74 23 1 5 1 5 64 56 2 75 1 5 72 44 0 1 2 125 61 66 0 1 2 125 65 76 0 1 1 15 72 33 2 75 1 15 67 73 3 333 2 225 57 56 2 75 3 2667 70 54 1 5 3 2667 55 73 3 333 2 325 59 36 2 75 2 325 74 33 3 333 3 3667 61
4/4 33 3 333 0 0 61 36 2 25 0 0 74 73 0 1 2 25 59 76 0 1 2 25 75 54 3 667 3 667 54 66 3 1333 3 1333 75 73 2 25 3 1333 54 72 3 667 2 175 68 43 1 5 3 2333 58 46 2 125 2 275 70 23 1 5 2 275 56 43 3 333 1 35 59 72 2 25 2 375 58
4/4 46 0 1 0 0 70 72 1 5 0 0 58 43 3 333 1 5 61 23 1 5 2 75 63 43 3 333 1 15 55 75 0 1 3 1667 60 25 0 1 3 1667 59 46 0 1 3 1667 68 72 0 1 3 1667 62 66 0 1 3 1667 72 43 2 25 1 25 56 23 0 1 0 3 55 46 0 1 0 3 72 43 2 25 1 35 57 25 1 5 1 35 74
4/4 712 3 667 0 0 68 25 2 75 0 0 74 53 0 1 1 5 59 66 0 1 1 5 70 23 3 667 0 1 57 53 3 333 1 15 61 56 0 1 1 15 68 36 0 1 1 15 70 12 3 667 0 2 62 53 3 333 3 2667 59 36 0 1 0 3 77 55 0 1 0 3 68 34 0 1 0 3 54 53 3 333 3 3667 57
4/4 36 0 1 0 0 74 12 0 1 0 0 58 25 0 1 3 667 64 53 0 1 3 667 55 15 0 1 0 1 72 34 0 1 0 1 53 53 0 1 3 1667 63 75 0 1 3 1667 62 62 0 1 0 2 64 15 0 1 0 2 76 33 3 333 2 275 57 36 0 1 0 3 70 16 0 1 0 3 72 13 0 1 0 3 56 33 2 25 2 375 54
4/4 62 0 1 0 0 61 76 0 1 0 0 72 33 3 83 0 0 54 43 0 1 2 75 61 66 0 1 2 75 65 23 0 1 2 125 57 56 0 1 2 125 68 43 0 1 2 175 61 66 0 1 2 175 56 75 0 1 0 2 56 36 0 1 0 2 55 46 0 1 0 2 58 76 0 1 0 2 68 52 1 5 2 225 62 33 3 333 0 3 49 73 1 5 2 325 55
4/4 33 2 25 0 0 57 35 0 1 2 25 56 75 0 1 2 25 64 12 0 1 2 25 65 36 0 1 2 25 68 53 3 333 0 1 62 34 3 667 3 1333 61 53 2 25 0 2 52 15 0 1 2 225 62 36 0 1 2 225 62 66 0 1 2 225 65 43 0 1 3 2333 63 66 0 1 3 2333 65 13 0 1 0 3 61 56 0 1 0 3 62 64 0 1 3 3333 56 36 0 1 3 3333 70
4/4 66 0 1 0 0 68 13 0 1 0 0 58 64 0 1 0 0 56 36 0 1 0 0 70 43 0 1 3 333 62 56 0 1 3 333 66 36 0 1 0 1 65 13 0 1 0 1 59 16 0 1 3 1333 68 66 0 1 3 1333 57 64 1 5 3 1333 57 76 0 1 0 2 70 46 0 1 0 2 64 13 2 25 0 2 53 72 3 667 1 25 65 43 2 25 0 3 58 34 1 5 1 35 54
4/4 43 1 5 0 0 54 76 0 1 0 0 70 46 0 1 0 0 64 72 1 5 1 5 53 43 3 333 2 125 57 34 3 333 1 15 41 43 2 25 2 225 41 72 0 1 1 25 62 23 0 1 1 25 57 76 0 1 1 25 72 75 0 1 1 25 74 43 0 1 1 25 42 43 0 1 1 35 52 23 0 1 1 35 62 72 0 1 1 35 57 75 2 25 1 35 72
4/4 43 0 1 0 0 52 23 0 1 0 0 62 72 0 1 0 0 57 75 2 375 2 25 65 66 2 75 1 5 68 56 1 5 2 125 61 46 2 75 3 1667 70 56 3 333 3 2333 65 34 2 75 3 2667 53 36 3 1333 3 2667 67 74 1 5 3 3333 55 14 3 333 3 3667 59
4/4 75 2 325 0 0 65 14 3 333 0 0 59 36 3 3917 0 0 67 74 1 5 3 333 51 34 3 667 2 75 50 74 1 5 3 1333 49 14 2 75 2 175 52 74 3 333 1 25 50 223 2 75 2 275 58 74 1 5 1 35 52
4/4 75 2 25 0 0 65 14 3 667 0 0 52 74 2 25 1 5 51 75 1 35 1 5 68 223 0 1 0 1 52 66 0 1 0 1 66 56 0 1 1 15 61 74 0 1 1 15 54 46 0 1 0 2 64 14 0 1 0 2 56 56 0 1 1 25 66 74 0 1 1 25 48 13 2 75 0 3 58 36 0 1 0 3 67 64 1 5 1 35 54
4/4 74 3 667 0 0 56 36 2 375 0 0 67 75 1 35 0 0 68 64 1 5 3 667 55 13 3 667 0 1 55 64 1 5 3 1667 51 74 3 667 0 2 54 64 3 333 3 2667 48 713 2 75 0 3 56 64 2 25 2 375 52
4/4 64 2 25 0 0 52 75 2 25 2 25 65 74 1 5 2 25 53 75 0 3 0 1 65 64 3 333 0 1 51 713 0 1 3 1333 51 66 0 1 3 1333 62 64 0 1 2 225 51 56 0 1 2 225 57 46 0 1 3 2667 63 74 0 1 3 2667 49 64 2 25 2 375 46 56 2 25 2 375 55
4/4 56 3 417 0 0 55 73 0 1 0 2 35 33 0 1 0 2 36 35 0 1 0 2 31 54 0 1 0 2 41 75 3 1667 3 2333 35 36 1 15 1 25 45
4/4 73 0 1 0 0 35 33 0 1 0 0 36 35 0 1 0 0 31 54 0 1 0 0 41 75 3 3083 0 0 35 36 0 3 0 0 45
