3/4
3/4
3/4
3/4
3/4
3/4
3/4
3/4 224 0 2 0 0 127 55 0 1 0 2 127
3/4 65 1 5 0 0 127 55 1 5 1 5 127 45 1 5 0 1 127 35 1 5 1 15 127 55 0 1 0 2 127
3/4 45 0 2 0 0 127 24 3 667 0 2 127 15 1 5 1 25 127
3/4 75 1 5 0 0 127 65 1 5 1 5 127 55 1 5 0 1 127 45 1 5 1 15 127 75 0 1 0 2 127
3/4 35 0 2 0 0 127 35 1 5 0 2 127 45 1 5 1 25 127
3/4 55 0 2 0 0 127 35 0 1 0 2 127 24 0 1 0 2 127 14 2 75 2 225 64
3/4 525 3 333 0 0 127 55 2 175 2 25 64 55 0 1 0 2 127 45 0 1 0 2 127 45 0 1 0 2 64 35 2 75 2 225 64
3/4 45 0 3 0 0 127
3/4 55 2 275 0 0 127
3/4 55 0 2 0 0 127 14 1 5 0 2 64 24 1 5 1 25 64
3/4 35 0 2 0 0 64 24 1 5 0 2 64 14 1 5 1 25 64
3/4 55 0 2 0 0 64 14 1 5 0 2 64 24 1 5 1 25 64
3/4 35 0 2 0 0 64 24 1 5 0 2 64 14 1 5 1 25 64
3/4 15 0 2 0 0 127 65 0 1 0 2 127 75 1 5 1 25 127
3/4 15 1 25 0 0 127 65 0 1 0 0 127 75 0 1 0 0 127 15 1 5 1 25 127
3/4 55 0 3 0 0 127 15 0 2 0 0 127
3/4
3/4 55 1 15 0 0 127 65 1 5 1 15 127 15 1 5 0 2 127 56 1 5 1 25 127
3/4 65 0 3 0 0 127 56 0 1 0 2 127
3/4 46 0 1 0 0 127 36 0 1 0 1 127 25 0 1 0 2 127
3/4 36 0 3 0 0 127
3/4 15 0 2 0 0 127 36 0 1 0 2 127
3/4 25 0 2 0 0 127 55 0 1 0 2 127
3/4 15 0 2 0 0 127 36 0 1 0 2 127
3/4 25 0 2 0 0 127 75 0 1 0 2 127
3/4 15 0 3 0 0 127
3/4 15 0 3 0 0 127
3/4 55 0 1 0 0 127 13 0 3 0 0 127 34 0 1 0 1 127 54 0 1 0 1 127 14 0 1 0 2 127 24 1 5 1 25 127
3/4 35 0 1 0 0 127 713 0 1 0 0 127 34 0 1 0 0 127 54 0 1 0 0 127 14 0 1 0 0 127 24 0 1 0 0 127 34 0 1 0 1 127 54 0 1 0 1 127 24 0 1 0 2 127 14 1 5 1 25 127
3/4 55 0 1 0 0 127 73 0 2 0 0 127 34 0 1 0 0 127 54 0 1 0 0 127 24 0 1 0 0 127 14 0 1 0 0 127 34 0 1 0 1 127 54 0 1 0 1 127 14 0 1 0 2 127 73 1 5 0 2 127 24 1 5 1 25 127
3/4 35 0 2 0 0 127 613 1 25 0 0 127 14 0 2 0 0 127 24 0 2 0 0 127 13 0 1 0 1 127 34 0 1 0 1 127 54 0 1 0 1 127 24 0 1 0 2 127 14 1 5 1 25 127
3/4 24 0 1 0 0 127 15 0 1 0 0 127 43 0 1 0 0 64 13 0 1 0 1 127 34 0 1 0 1 127 64 0 1 0 1 127 65 0 1 0 2 127 75 1 5 1 25 127
3/4 15 0 1 0 0 127 73 0 1 0 0 127 65 0 1 0 0 127 75 0 1 0 0 127 73 0 1 2 75 64 44 0 1 2 75 127 23 0 1 2 75 64 64 0 1 2 75 127 65 0 1 0 1 127 75 0 1 0 1 127 25 0 2 0 1 127 15 1 5 1 25 127
3/4 55 0 1 0 0 127 33 1 5 0 0 64 15 0 1 0 0 127 25 0 1 0 0 127 73 1 15 1 5 127 54 0 1 0 1 64 24 0 1 0 1 127 23 0 1 0 1 127 54 0 1 0 1 127 64 0 1 0 2 64 73 3 333 0 2 127
3/4 74 0 1 0 0 64 313 1 5 0 0 64 73 0 2 1 5 127 224 0 1 0 1 64 223 0 1 0 1 127 54 0 1 0 1 127 315 0 1 0 2 64
3/4 35 0 2 0 0 127 43 0 1 0 0 64 34 0 1 0 1 127 64 0 1 0 1 127 24 1 5 0 2 127 14 1 5 1 25 127
3/4 24 0 2 0 0 127 73 0 1 0 0 127 23 0 1 0 1 127 64 0 1 0 1 127
3/4 45 0 2 0 0 127 73 0 1 0 0 64 44 0 1 0 1 127 74 0 1 0 1 127 35 1 5 0 2 127 44 0 1 0 2 127 74 0 1 0 2 127 24 1 5 1 25 127
3/4 13 0 3 0 0 127 54 0 1 0 1 127 14 0 1 0 1 127 54 0 1 0 2 127 14 0 1 0 2 127
3/4 63 0 1 0 0 64 13 0 1 0 1 64 524 0 1 0 2 127
3/4 63 0 1 0 0 64 524 0 1 0 0 127 524 0 1 0 1 127 13 0 2 0 1 64 524 0 1 0 2 127
3/4 73 0 1 0 0 64 524 0 2 0 0 127 23 0 1 0 1 64 44 0 1 0 2 127 73 0 1 0 2 64
3/4 713 0 1 0 0 64 44 0 2 0 0 127 23 0 1 0 1 64 54 0 1 0 2 127
3/4 23 0 1 0 0 127 12 0 1 0 0 64 13 0 1 0 0 64 34 0 1 0 1 127 54 0 1 0 1 127
3/4 712 0 1 0 0 127 713 0 1 0 0 64 34 0 1 0 1 127 54 0 1 0 1 127
3/4 72 0 1 0 0 127 73 0 1 0 0 64 34 0 1 0 1 127 54 0 1 0 1 127
3/4 612 0 1 0 0 127 613 0 1 0 0 64 13 0 1 0 1 127 34 0 1 0 1 127 54 0 1 0 1 127
3/4 42 0 1 0 0 64 43 0 1 0 0 64 13 0 1 0 1 127 34 0 1 0 1 127 64 0 1 0 1 127 13 0 1 0 2 127 34 0 1 0 2 127 64 0 1 0 2 127
3/4 72 0 1 0 0 127 73 0 1 0 0 64 45 2 75 2 225 127 65 1 5 1 25 127 15 2 25 2 275 127
3/4 75 0 1 0 0 127 25 0 1 0 0 127 62 0 3 0 0 127 45 0 1 0 0 127 65 2 25 0 0 127 65 0 1 1 5 127 15 0 1 1 5 127 55 0 1 0 1 127 75 0 1 0 1 127 45 0 1 1 15 127 65 0 1 1 15 127 224 0 1 1 25 127 45 0 1 1 25 127
3/4 14 0 1 0 0 127 315 0 1 0 0 127 12 0 3 0 0 64 224 0 1 0 0 127 45 0 1 0 0 127 14 1 5 0 1 127 74 1 15 1 15 127 54 2 75 0 2 127 314 1 5 1 25 127
3/4 42 0 1 0 0 64 43 0 1 0 0 64 314 1 15 0 0 127 64 1 5 1 15 127 14 1 5 0 2 127 55 1 5 1 25 127
3/4 32 0 1 0 0 127 33 0 1 0 0 127 613 2 225 2 75 64 13 0 1 0 1 127 23 0 1 0 1 127
3/4 21 0 1 0 0 127 22 0 1 0 0 127 13 0 1 2 75 127 613 0 1 2 75 64 23 0 2 0 1 127 52 0 1 0 2 127 53 0 1 0 2 127
3/4 522 0 1 0 0 64 523 0 1 0 0 64 613 2 175 2 25 127 13 0 2 1 5 127 34 2 175 2 75 127 524 3 1667 0 1 127 614 1 15 2 125 127 14 2 125 1 15 127
3/4 63 0 3 0 0 64 34 0 1 2 75 127 13 0 1 2 75 64 54 0 2 0 1 127
3/4 73 0 3 0 0 64 44 0 1 2 75 127 23 0 1 2 75 64 64 0 2 0 1 127
3/4 13 0 3 0 0 64 54 0 1 2 75 127 34 0 1 2 75 64 74 0 2 0 1 127
3/4 23 0 3 0 0 64 44 2 125 2 175 64 74 0 1 0 2 127 24 0 1 0 2 127
3/4 23 0 3 0 0 64 44 0 3 0 0 64 74 0 3 0 0 127 24 0 3 0 0 127
3/4 23 0 3 0 0 64 44 0 1 0 0 64 74 0 2 0 0 127 24 0 3 0 0 127
