4/4 35 2 25 1 35 64 45 2 25 2 375 64
4/4 525 2 75 0 0 64 34 0 1 0 0 64 524 0 1 0 0 64 74 0 1 0 0 64 45 2 25 2 75 64 525 2 25 0 1 64 75 2 75 2 125 64 45 0 1 0 2 64 223 0 1 0 2 64 44 0 1 0 2 64 74 0 1 0 2 64 74 1 5 1 35 64
4/4 35 2 75 0 0 64 713 0 1 0 0 64 34 0 1 0 0 64 524 0 1 0 0 64 224 1 5 2 75 34 35 2 25 0 1 60 525 1 5 2 125 61 224 0 1 0 2 64 73 0 1 0 2 64 223 0 1 0 2 64 524 0 1 0 2 64 74 1 5 1 35 64
4/4 714 2 75 0 0 64 63 0 1 0 0 64 713 0 1 0 0 64 34 0 1 0 0 64 74 2 25 2 75 64 714 2 25 0 1 64 525 2 75 2 125 64 74 1 5 0 2 64 33 0 1 0 2 64 73 0 1 0 2 64 34 0 1 0 2 64 614 1 5 1 25 64 74 1 5 0 3 64 45 2 25 1 35 64 525 2 25 2 375 64
4/4 45 0 1 0 0 64 43 0 1 0 0 64 613 0 1 0 0 64 13 0 1 0 0 64 14 2 25 0 1 64 45 2 75 2 125 64 73 0 1 2 175 64 64 0 1 2 175 64 45 0 1 2 175 64 74 0 1 2 175 64 35 2 25 1 35 64 45 2 25 2 375 64
4/4 525 2 75 0 0 64 34 0 1 0 0 64 524 0 1 0 0 64 74 0 1 0 0 64 45 2 25 2 75 64 525 2 25 0 1 64 75 2 75 2 125 64 224 0 1 0 2 64 45 0 1 0 2 64 223 0 1 0 2 64 44 0 1 0 2 64 74 0 1 0 2 64 74 1 5 1 35 64
4/4 35 2 75 0 0 64 713 0 1 0 0 64 34 0 1 0 0 64 524 0 1 0 0 64 224 1 5 2 75 34 35 2 25 0 1 60 525 1 5 2 125 61 224 0 1 0 2 64 73 0 1 0 2 64 223 0 1 0 2 64 524 0 1 0 2 64 64 0 1 0 2 64 74 1 5 1 35 64
4/4 714 1 5 0 0 64 63 0 1 0 0 64 713 0 1 0 0 64 34 0 1 0 0 64 525 2 25 1 5 64 45 2 75 2 75 64 525 1 5 1 15 64 65 0 1 0 2 64 33 0 1 0 2 64 75 0 1 1 25 64 73 0 1 1 25 64 525 2 75 2 275 64 524 0 1 0 3 64 525 1 5 1 35 64
4/4 525 2 25 0 0 64 63 0 1 0 0 64 713 0 1 0 0 64 34 0 1 0 0 64 45 2 25 2 25 64 35 1 5 1 5 64 74 0 1 0 1 64 24 0 1 0 1 64 45 0 1 0 1 64 73 0 1 0 1 64 23 0 1 0 1 64 44 0 1 0 1 64 64 0 1 1 15 64 74 0 1 1 15 64 24 0 1 1 15 64 34 0 1 2 175 64 524 0 1 2 175 64 33 0 1 2 175 64 74 0 1 2 175 64 35 0 1 2 175 64 73 0 1 2 175 64 525 2 25 1 35 64 65 2 25 2 375 64
4/4 75 0 1 0 0 64 523 0 1 0 0 64 223 1 5 1 5 64 65 2 25 2 75 64 75 2 25 0 1 64 74 0 1 0 1 64 225 2 75 2 125 64 65 0 1 0 2 64 43 1 5 0 2 64 223 1 5 1 25 64 64 0 1 0 3 64 74 0 1 1 35 64 45 0 1 1 35 64
4/4 74 0 1 0 0 64 525 0 1 0 0 64 33 0 1 0 0 64 73 1 5 1 5 64 45 2 25 2 75 64 525 2 25 0 1 64 524 0 1 0 1 64 75 2 75 2 125 64 224 0 1 0 2 64 45 0 1 0 2 64 75 0 1 0 2 64 222 1 5 0 2 64 63 1 5 1 25 64 44 0 1 0 3 64 224 0 1 1 35 64 45 0 1 1 35 64 75 0 1 1 35 64
4/4 525 0 1 0 0 64 715 0 1 0 0 64 36 0 1 0 0 64 712 1 5 0 0 64 523 1 5 1 5 64 713 0 1 0 1 64 225 2 25 1 15 64 715 2 25 2 175 64 225 0 1 0 2 64 523 0 1 0 2 64 223 1 5 1 25 64 74 0 1 2 275 64 224 0 1 2 275 64 525 0 1 2 275 64 74 0 1 0 3 64 224 0 1 0 3 64 525 0 1 0 3 64 524 0 1 0 3 64
4/4 35 0 1 0 0 64 65 0 1 0 0 64 715 0 1 0 0 64 62 0 1 0 0 64 63 0 1 0 0 64 35 0 1 1 5 64 75 0 1 1 5 64 35 0 1 0 1 64 65 0 1 0 1 64 62 0 1 0 1 64 63 0 1 0 1 64 35 0 1 1 15 64 525 0 1 1 15 64 35 0 1 0 2 64 45 0 1 0 2 64 75 0 1 0 2 64 72 0 1 0 2 64 73 0 1 0 2 64 14 0 1 0 3 64 44 0 1 2 375 64 74 0 1 2 375 64 24 0 1 2 375 64 72 0 1 2 375 64 73 0 1 2 375 64
4/4 44 0 1 0 0 64 74 0 1 0 0 64 24 0 1 0 0 64 72 0 1 0 0 64 73 0 1 0 0 64 73 2 25 0 1 64 63 2 25 2 125 64 35 0 1 1 15 64 523 0 1 1 15 64 45 0 1 2 175 64 43 0 1 2 175 64 525 0 1 0 2 64 33 0 1 0 2 64 73 1 5 1 25 64 45 2 25 2 275 64 525 2 25 0 3 64 524 0 1 0 3 64 75 2 75 2 325 64
4/4 45 0 1 0 0 64 222 1 5 0 0 64 63 1 5 1 5 64 223 0 1 0 1 64 74 1 5 1 15 64 35 0 1 0 2 64 712 0 1 0 2 64 523 1 5 1 25 64 224 2 25 2 275 64 35 2 25 0 3 64 34 0 1 0 3 64 525 2 75 2 325 64
4/4 64 0 1 0 0 64 224 0 1 0 0 64 72 1 5 0 0 64 523 1 5 1 5 64 223 0 1 0 1 64 74 1 5 1 15 64 714 0 1 0 2 64 62 0 1 0 2 64 525 0 1 1 25 64 33 0 1 1 25 64 45 2 75 2 275 64 713 0 1 0 3 64 525 1 5 1 35 64
4/4 65 0 1 0 0 64 33 0 1 0 0 64 75 0 1 1 5 64 73 0 1 1 5 64 525 2 125 2 75 64 524 0 1 0 1 64 525 2 25 0 2 64 63 0 1 0 2 64 713 0 1 0 2 64 34 0 1 0 2 64 45 2 25 2 225 64 35 1 5 1 25 64 74 0 1 2 275 64 24 0 1 2 275 64 45 0 1 2 275 64 73 0 1 0 3 64 23 0 1 0 3 64 44 0 1 0 3 64 64 0 1 3 3333 64 74 0 1 3 3333 64 45 0 1 3 3333 64 54 0 1 2 375 64 74 0 1 2 375 64 24 0 1 2 375 64 55 0 1 2 375 64 32 0 1 2 375 64 33 0 1 2 375 64
4/4 54 0 1 0 0 64 74 0 1 0 0 64 24 0 1 0 0 64 55 0 1 0 0 64 32 0 1 0 0 64 33 0 1 0 0 64 15 0 1 2 175 64 36 0 1 2 175 64 56 0 1 2 175 64 76 0 1 2 175 64
