4/4 224 0 1 0 1 57 64 0 1 0 1 118 34 0 1 0 1 106 64 2 125 1 15 17 34 1 5 3 1667 22 223 0 1 2 275 126 524 0 1 2 275 115 714 0 1 2 275 63 223 3 667 2 325 21
4/4 64 0 1 2 275 122 34 0 1 2 275 108 224 0 1 2 275 56 64 2 75 2 325 18 34 1 5 1 35 23
4/4 64 1 5 0 0 18 524 0 1 1 5 114 714 0 1 1 5 61 223 0 1 1 5 118 714 0 1 1 5 61 223 1 5 2 125 16 614 0 1 2 225 100 24 0 1 2 225 29 314 0 1 2 225 53
4/4 64 0 1 2 175 124 224 0 1 2 175 58 34 0 1 2 175 115 223 0 1 1 35 123 524 0 1 1 35 116 714 0 1 1 35 69 223 2 25 2 375 42
4/4 223 3 333 2 25 15 64 0 1 1 35 125 34 0 1 1 35 110 224 0 1 1 35 56
4/4 223 0 1 2 125 121 524 0 1 2 125 114 714 0 1 2 125 68 223 3 333 0 2 14 614 0 1 0 3 101 24 0 1 0 3 32 314 0 1 0 3 66
4/4 62 0 1 1 35 106 64 0 1 1 35 124 34 0 1 1 35 88
4/4 33 3 333 0 0 101 64 3 333 3 667 61 522 0 1 2 125 117 524 0 1 2 125 121 223 0 1 2 125 117 222 2 125 3 2333 28
4/4 62 0 1 2 125 109 64 0 1 2 125 125 222 0 1 2 125 60 64 0 1 2 125 125 33 3 333 0 2 104 64 1 5 3 2333 62 522 0 1 0 3 111 223 0 1 0 3 117 524 0 1 0 3 122 524 2 25 2 375 28
4/4 62 0 1 0 0 105 222 0 1 0 0 72 53 2 225 2 75 106 614 3 333 2 75 93 54 1 5 0 1 50
4/4 62 0 1 2 25 104 64 0 1 2 25 120 224 0 1 2 25 59 33 2 25 2 75 101 64 1 5 2 125 63 222 2 75 3 1333 114 223 0 1 0 2 126 524 0 1 0 2 118 222 0 1 0 3 17
4/4 222 2 25 0 0 17 62 0 1 0 2 106 64 0 1 0 2 116 224 0 1 0 2 55 33 2 25 1 25 107 64 1 5 0 3 64 222 2 75 2 325 114 223 0 1 2 375 124 524 0 1 2 375 118
4/4 222 2 25 0 0 114 522 2 25 2 25 29 62 0 1 2 75 103 222 0 1 2 75 44 53 0 2 1 15 106 614 3 333 1 15 94 54 1 5 2 175 43 62 1 5 1 25 13
4/4 72 0 1 0 2 66 14 0 1 0 2 71 54 0 1 0 2 90 23 0 1 2 275 18 54 0 1 2 275 19 72 2 75 2 325 33 54 0 1 3 3333 41 14 0 1 3 3333 50
4/4 72 0 1 3 333 31 54 0 1 3 333 41 23 0 1 3 333 32 72 0 1 1 15 29 23 0 1 1 15 24 54 0 1 1 15 33 72 0 1 3 2667 33 14 0 1 3 2667 21 54 0 1 3 2667 41 72 0 1 2 375 43 14 0 1 2 375 48 54 0 1 2 375 48
4/4 72 0 1 0 0 43 14 0 1 0 0 48 54 0 1 0 0 48 74 0 1 0 1 87 222 0 1 0 1 87 44 0 1 0 1 108 74 0 1 2 225 43 222 0 1 2 225 51 44 0 1 2 225 55 74 0 1 3 3333 47 44 0 1 3 3333 47 222 0 1 3 3333 36
4/4 74 0 1 0 0 47 44 0 1 0 0 47 222 0 1 0 0 36 74 0 1 1 5 46 44 0 1 1 5 50 222 2 75 1 5 45 222 2 75 3 1667 34 74 0 1 3 1667 36 44 0 1 3 1667 48 74 0 1 2 275 39 44 0 1 2 275 47 222 0 1 2 275 49
4/4 14 0 1 0 0 85 54 0 1 0 0 95 23 0 1 0 0 101 72 0 1 0 1 37 54 0 1 0 1 44 14 0 1 0 1 47 72 0 1 2 225 39 14 0 1 2 225 46 54 3 667 3 2333 46 72 0 1 3 3333 30 54 0 1 3 3333 39 14 3 333 1 35 47
4/4 23 0 1 3 667 18 14 0 1 3 667 21 54 0 1 3 667 33 23 0 1 2 175 40 54 0 1 2 175 50 14 0 1 2 175 51 74 0 1 0 3 75 222 0 1 0 3 77 44 0 1 0 3 88
4/4 74 0 1 0 0 42 44 0 1 0 0 45 222 2 25 0 0 54 74 0 1 2 125 59 44 0 1 2 125 35 222 0 1 2 125 41 74 0 1 3 2333 37 44 0 1 3 2333 47 222 0 1 3 2333 51 74 0 1 1 35 47 222 0 1 1 35 41 44 0 1 1 35 50
4/4 74 0 1 3 667 45 44 0 1 3 667 53 222 0 1 3 667 63 72 0 1 2 175 71 14 0 1 2 175 76 54 0 1 2 175 89 14 0 1 2 275 55 54 0 1 2 275 42 72 0 1 0 3 36 54 0 1 0 3 42
4/4 72 0 1 0 0 38 54 0 1 0 0 46 23 3 333 0 0 42 72 0 1 2 125 32 54 0 1 2 125 36 14 0 1 3 1333 20 54 0 1 3 1333 36 72 0 1 3 2333 30 23 0 1 3 2333 18 54 0 1 3 2333 37 72 0 1 1 35 39 14 0 1 1 35 51 54 0 1 3 3667 48 14 0 1 3 3667 51
4/4 54 0 1 0 0 48 14 0 1 0 0 51 74 0 1 2 75 84 222 0 1 2 75 87 44 0 1 2 75 104 74 0 1 2 175 45 222 0 1 0 2 44 44 0 1 0 2 66 74 0 1 0 3 50 44 0 1 0 3 44 222 2 25 2 325 30
4/4 74 0 1 2 25 45 44 0 1 2 25 53 222 0 1 2 25 39 74 0 1 3 1333 40 44 0 1 3 1333 46 222 2 75 1 15 28 74 0 1 1 25 36 222 0 1 1 25 44 44 0 1 1 25 45 612 3 333 3 3667 112 34 0 1 3 3667 87 224 0 1 3 3667 44
4/4 612 3 1167 0 0 112 34 0 1 0 0 87 224 0 1 0 0 44 64 2 25 3 333 65 52 1 15 2 75 83 223 2 225 2 75 102 524 2 225 2 175 57 612 3 333 3 2333 14 223 1 5 1 35 35
4/4 223 1 25 0 0 35 524 3 2417 0 0 57 612 0 1 1 25 98 64 0 1 1 25 75 34 3 333 3 2667 60 53 2 25 2 375 77 52 2 25 2 375 82 223 2 25 2 375 102
4/4 53 3 417 0 0 77 52 3 1083 0 0 82 223 1 35 0 0 102 524 2 325 2 75 57
4/4 524 2 125 0 0 57 72 0 1 1 15 112 614 1 5 1 15 58 73 2 125 0 2 99 62 0 1 1 25 100 54 0 1 1 25 97 23 1 5 1 35 60
4/4 62 0 1 0 0 100 54 0 1 0 0 97 23 2 25 0 0 60 54 0 2 0 2 24
4/4 72 0 1 3 333 110 314 2 75 2 75 69 73 3 1333 0 1 99 62 1 15 1 15 100 54 3 1667 3 1667 93 62 3 667 3 3333 36 54 3 333 3 3667 12
4/4 62 3 2833 0 0 36 54 3 417 0 0 12 72 0 1 2 325 114 74 0 1 2 325 93 44 0 1 2 325 110 74 3 333 3 3667 29
4/4 43 0 1 0 0 91 14 0 1 0 0 19 74 3 167 0 0 29 33 0 1 1 5 108 34 0 1 1 5 42 62 0 1 0 1 114 222 0 1 0 1 59 64 0 1 0 1 124 34 2 25 1 15 25 63 2 75 2 175 11
4/4 72 0 1 0 1 113 74 0 1 0 1 94 44 0 1 0 1 108 43 0 1 2 175 93 14 0 1 2 175 22 33 2 25 2 225 101 62 0 1 2 275 110 222 0 1 2 275 63 64 0 1 2 275 127 63 2 25 1 35 30
4/4 72 3 333 0 0 103 614 3 667 3 667 81 524 2 25 3 667 101 613 2 325 3 667 99
4/4 72 0 1 0 0 116 44 0 1 0 0 109 74 2 75 0 0 91 43 0 1 3 667 86 14 0 1 3 667 21 33 3 333 2 125 102 62 0 1 3 1667 112 224 0 1 3 1667 55 64 0 1 3 1667 121 64 2 175 0 2 40 33 3 333 3 2333 12 63 3 333 3 2667 14 62 2 125 2 275 14
4/4 62 2 75 0 0 14 72 0 1 2 175 115 44 0 1 2 175 109 74 2 75 2 175 91 43 0 1 3 2333 90 14 0 1 3 2333 23 33 2 25 0 3 102 62 0 1 1 35 105 224 0 1 1 35 57 64 0 1 1 35 118
4/4 34 0 1 0 0 25 33 0 1 0 0 17 72 3 333 3 667 108 614 3 667 3 1333 79 524 2 25 3 1333 102 613 3 2667 3 1333 95
4/4 613 3 583 0 0 95 613 2 125 1 5 34 54 0 1 2 175 94 43 0 1 2 175 96 23 0 1 2 175 86 43 0 1 0 3 72 14 0 1 0 3 48 54 0 1 0 3 49
4/4 43 0 1 2 25 55 14 0 1 2 25 33 54 0 1 2 25 43 23 0 1 3 1333 31 54 0 1 3 1333 36 43 0 1 3 1333 48 72 1 5 1 25 33 43 0 1 1 25 49 54 0 1 1 25 37 43 0 1 3 3667 60 54 0 1 3 3667 46 14 0 1 3 3667 48
4/4 222 0 1 2 75 102 44 0 1 2 75 106 74 0 1 2 75 88 44 0 1 2 75 106 63 1 5 3 1333 17 74 0 1 0 2 48 222 0 1 0 2 65 44 0 1 0 2 56 74 0 1 0 3 47 222 0 1 0 3 54 44 0 1 0 3 41
4/4 63 0 1 2 25 45 44 0 1 2 25 49 222 0 1 2 25 65 74 1 5 3 1333 39 44 0 1 1 15 39 222 0 1 1 15 40 63 2 25 1 25 53 44 0 1 3 2667 44 222 0 1 3 2667 59 43 0 1 2 375 77 54 0 1 2 375 97 14 0 1 2 375 80
4/4 43 0 1 0 0 77 54 0 1 0 0 97 14 0 1 0 0 80 23 2 25 1 5 10 43 0 1 2 75 67 54 0 1 2 75 47 14 0 1 2 75 51 43 0 1 0 2 56 14 0 1 0 2 46 54 0 1 0 2 50 43 0 1 2 325 57 54 0 1 2 325 41 14 3 333 2 325 47
4/4 43 0 1 2 25 41 14 0 1 2 25 20 54 0 1 2 25 33 43 0 1 1 15 64 54 0 1 1 15 51 14 0 1 1 15 52 63 0 1 3 2667 80 222 0 1 3 2667 103 44 0 1 3 2667 87 74 0 1 2 375 39 222 0 1 2 375 65
4/4 74 0 1 0 0 39 222 0 1 0 0 65 63 0 1 0 1 42 222 0 1 0 1 58 74 0 1 0 1 58 222 2 25 3 1667 35 44 0 1 2 225 47 222 0 1 2 225 59 63 0 1 2 325 44 44 0 1 2 325 51 222 0 1 2 325 52
4/4 63 2 25 3 333 57 222 0 1 3 333 85 44 1 5 1 5 51 222 2 25 3 2333 20 312 2 125 2 275 49 713 3 333 2 325 45 313 3 667 3 3333 61 713 2 25 2 375 20
4/4 312 2 175 0 0 49 713 3 83 0 0 20 313 3 2083 0 0 61 22 0 1 3 2333 110 613 0 1 3 2333 84 524 1 15 1 25 61
4/4 22 0 1 0 0 110 613 0 1 0 0 84 524 1 5 0 0 61 612 0 1 2 225 40 22 0 1 2 225 45 523 3 1333 3 2667 22
4/4 612 0 1 0 0 40 22 0 1 0 0 45 523 3 2333 0 0 22
4/4 612 0 1 0 0 40 22 0 1 0 0 45
