4/4 315 1 5 1 25 79 45 1 5 0 3 79 55 1 5 1 35 79
4/4 74 0 1 0 0 79 24 0 1 0 0 79 615 0 1 0 0 79 72 1 5 0 0 79 43 1 5 1 5 79 13 1 5 0 1 64 615 3 333 1 15 79 23 1 15 1 15 64 615 1 5 0 2 79 75 1 5 1 25 79 55 3 333 0 3 79 43 2 75 0 3 79 45 1 5 1 35 79
4/4 14 0 1 0 0 79 315 0 1 0 0 79 55 0 1 0 0 79 72 1 5 0 0 79 53 1 5 1 5 79 13 1 5 0 1 64 23 1 5 1 15 64 13 0 1 0 2 64 14 1 5 1 25 79 315 3 333 0 3 79 53 2 75 0 3 79 45 1 5 1 35 79
4/4 614 0 1 0 0 79 14 0 1 0 0 79 55 0 1 0 0 79 612 1 5 0 0 79 313 1 5 1 5 79 713 1 5 0 1 64 55 3 333 1 15 79 13 1 25 1 15 64 55 1 5 0 2 79 615 1 5 1 25 79 45 1 5 0 3 79 315 1 5 1 35 79
4/4 44 0 1 0 0 79 24 0 1 0 0 79 22 2 25 0 0 79 613 1 5 1 5 64 315 0 1 0 1 79 314 0 1 0 1 64 45 0 1 1 15 79 23 0 1 1 15 64 74 0 1 0 2 79 55 0 1 0 2 79 73 0 1 0 2 64 315 3 333 0 3 79 12 2 75 0 3 79 24 1 5 1 35 79
4/4 614 0 1 0 0 79 315 0 1 0 0 79 42 1 5 0 0 79 12 1 5 1 5 79 53 2 25 0 1 79 613 0 1 1 15 64 24 0 1 1 25 79 25 0 1 1 25 79 53 0 1 1 25 79 615 0 1 0 3 79 616 0 1 0 3 79 43 0 1 0 3 79 55 0 1 1 35 79 56 0 1 1 35 79 12 0 1 1 35 79
4/4 615 0 1 0 0 79 616 0 1 0 0 79 72 1 5 0 0 79 43 1 5 1 5 79 13 1 5 0 1 64 615 0 1 1 15 79 616 0 1 1 15 79 23 1 15 1 15 64 615 0 1 0 2 79 616 0 1 0 2 79 75 0 1 1 25 79 76 0 1 1 25 79 55 0 1 0 3 79 56 0 1 0 3 79 43 2 75 0 3 79 45 0 1 1 35 79 46 0 1 1 35 79
4/4 55 0 1 0 0 79 56 0 1 0 0 79 72 1 5 0 0 79 53 1 5 1 5 79 13 1 5 0 1 64 23 1 5 1 15 64 13 0 1 0 2 64 14 0 1 1 25 79 15 0 1 1 25 79 315 0 1 0 3 79 316 0 1 0 3 79 53 2 75 0 3 79 45 0 1 1 35 79 46 0 1 1 35 79
4/4 55 0 1 0 0 79 56 0 1 0 0 79 612 1 5 0 0 79 313 1 5 1 5 79 713 1 5 0 1 64 55 0 1 1 15 79 56 0 1 1 15 79 13 1 25 1 15 64 55 0 1 0 2 79 56 0 1 0 2 79 615 0 1 1 25 79 616 0 1 1 25 79 45 0 1 0 3 79 46 0 1 0 3 79 315 0 1 1 35 79 316 0 1 1 35 79
4/4 24 0 1 0 0 79 25 0 1 0 0 79 53 3 1667 0 0 79 73 0 1 0 0 64 23 0 1 0 0 64 315 0 1 0 1 79 316 0 1 0 1 79 45 0 1 1 15 79 46 0 1 1 15 79 55 0 1 0 2 79 56 0 1 0 2 79 613 0 1 0 2 64 13 0 1 0 2 64 314 0 1 0 2 64 315 0 1 0 3 79 316 0 1 0 3 79
4/4 24 0 1 0 0 79 25 0 1 0 0 79 72 1 5 0 0 79 43 1 5 1 5 79 13 1 5 0 1 79 23 2 225 1 15 79
4/4 24 0 4 0 0 79 25 0 4 0 0 79 12 1 5 0 0 79 24 0 1 0 0 79 25 0 1 0 0 79 53 1 5 1 5 79 23 1 5 0 1 79 314 2 225 1 15 79
4/4 24 3 2333 0 0 79 22 3 3333 0 0 79 23 0 4 0 0 64 24 3 333 0 0 79 25 3 2333 0 0 79 525 1 5 1 5 79 615 1 5 0 1 79 25 2 225 1 15 79
