4/4 34 0 1 0 3 64 33 0 1 0 3 64 524 0 1 2 325 64 523 0 1 2 325 64 614 0 1 2 325 64 613 0 1 1 35 64 14 0 1 1 35 64 13 0 1 1 35 64 35 0 1 2 375 64 34 0 1 2 375 64
4/4 525 0 1 0 0 64 524 0 1 0 0 64
3/4 316 1 5 0 0 64 36 1 5 1 5 64 526 1 5 0 1 64 316 1 5 1 15 64 36 1 5 0 2 64 225 0 1 1 25 64 713 0 1 1 25 64 524 0 1 1 25 64
3/4 316 1 5 0 0 64 13 0 1 0 0 64 54 0 1 0 0 64 36 1 5 1 5 64 526 1 5 0 1 64 316 1 5 1 15 64 36 1 5 0 2 64 225 0 1 1 25 64 713 0 1 1 25 64 524 0 1 1 25 64
3/4 316 1 5 0 0 64 13 0 1 0 0 64 54 0 1 0 0 64 36 1 5 1 5 64 526 1 5 0 1 64 316 1 5 1 15 64 36 1 5 0 2 64 225 1 5 1 25 64
3/4 316 1 5 0 0 64 36 1 5 1 5 64 526 1 5 0 1 64 316 1 5 1 15 64 36 1 5 0 2 64 225 0 1 1 25 64 713 0 1 1 25 64 524 0 1 1 25 64
3/4 316 1 5 0 0 64 13 0 1 0 0 64 54 0 1 0 0 64 36 1 5 1 5 64 526 1 5 0 1 64 316 1 5 1 15 64 36 1 5 0 2 64 225 0 1 1 25 64 713 0 1 1 25 64 524 0 1 1 25 64
3/4 316 1 5 0 0 64 13 0 1 0 0 64 54 0 1 0 0 64 36 1 5 1 5 64 526 1 5 0 1 64 316 1 5 1 15 64 36 1 5 0 2 64 225 1 5 1 25 64
3/4 316 1 5 0 0 64 713 0 1 0 0 64 524 0 1 0 0 64 36 1 5 1 5 64 526 1 5 0 1 64 316 1 5 1 15 64 36 1 5 0 2 64 225 1 5 1 25 64
3/4 316 1 5 0 0 64 713 0 1 0 0 64 524 0 1 0 0 64 36 1 5 1 5 64 526 1 5 0 1 64 316 1 5 1 15 64 36 1 5 0 2 64 225 1 5 1 25 64
4/4 64 0 1 0 0 64 63 0 1 0 0 64 714 0 1 2 25 64 713 0 1 2 25 64 23 0 1 2 25 64 24 0 1 1 5 64 44 0 1 1 5 64 45 0 1 1 5 64 64 0 1 2 75 64 65 0 1 2 75 64 714 0 1 2 75 64 715 3 333 0 1 64
4/4 715 0 1 0 0 64 714 0 1 0 0 64
3/4 66 1 5 0 0 64 56 1 5 1 5 64 76 1 5 0 1 64 66 1 5 1 15 64 56 1 5 0 2 64 46 0 1 1 25 64 13 0 1 1 25 64
3/4 66 1 5 0 0 64 64 1 25 0 0 64 56 1 5 1 5 64 76 1 5 0 1 64 66 1 5 1 15 64 56 1 5 0 2 64 46 0 1 1 25 64 54 0 1 1 25 64
3/4 66 1 5 0 0 64 713 0 2 0 0 64 56 1 5 1 5 64 76 1 5 0 1 64 66 1 5 1 15 64 56 1 5 0 2 64 46 0 1 1 25 64 73 0 1 1 25 64
3/4 66 1 5 0 0 64 524 0 2 0 0 64 56 1 5 1 5 64 76 1 5 0 1 64 66 1 5 1 15 64 56 0 1 0 2 64 54 0 1 0 2 64 46 0 1 1 25 64 44 0 1 1 25 64
3/4 66 1 5 0 0 64 23 0 3 0 0 64 56 1 5 1 5 64 76 1 5 0 1 64 66 1 5 1 15 64 56 1 5 0 2 64 46 1 5 1 25 64
3/4 66 1 5 0 0 64 23 0 2 0 0 64 56 1 5 1 5 64 76 1 5 0 1 64 66 1 5 1 15 64 56 1 5 0 2 64 46 0 1 1 25 64 14 0 1 1 25 64
3/4 66 1 5 0 0 64 65 1 25 0 0 64 56 1 5 1 5 64 76 1 5 0 1 64 66 1 5 1 15 64 56 1 5 0 2 64 46 0 1 1 25 64 55 0 1 1 25 64
3/4 66 1 5 0 0 64 714 0 2 0 0 64 56 1 5 1 5 64 76 1 5 0 1 64 66 1 5 1 15 64 56 1 5 0 2 64 46 0 1 1 25 64 74 0 1 1 25 64
3/4 66 1 5 0 0 64 525 0 2 0 0 64 56 1 5 1 5 64 76 1 5 0 1 64 66 1 5 1 15 64 56 0 1 0 2 64 55 0 1 0 2 64 46 0 1 1 25 64 45 0 1 1 25 64
3/4 66 1 5 0 0 64 24 0 3 0 0 64 56 1 5 1 5 64 76 1 5 0 1 64 66 1 5 1 15 64 56 1 5 0 2 64 46 1 5 1 25 64
3/4 66 1 5 0 0 64 54 0 3 0 0 64 24 0 3 0 0 64 56 1 5 1 5 64 76 1 5 0 1 64 66 1 5 1 15 64 56 1 5 0 2 64 46 1 5 1 25 64
3/4 15 0 1 0 0 64 36 0 1 0 0 64 56 0 1 0 0 64 16 0 1 0 0 64 12 0 1 0 0 64 53 0 1 0 0 64 13 0 1 0 0 64
