4/4 524 0 1 0 0 64 64 0 1 0 0 64 714 0 1 0 0 64
4/4 524 0 1 0 0 64 64 0 1 0 0 64 224 0 1 0 0 64 312 0 1 0 0 64 313 0 1 0 0 64
4/4 312 1 5 0 0 64 524 0 1 0 0 64 64 0 1 0 0 64 224 0 1 0 0 64 712 1 5 1 5 64 63 1 5 0 1 64 713 1 5 1 15 64 223 1 5 0 2 64 713 1 5 1 25 64 314 1 5 0 3 64 223 1 5 1 35 64
4/4 312 1 5 0 0 64 524 0 1 0 0 64 64 0 1 0 0 64 224 0 1 0 0 64 712 1 5 1 5 64 63 1 5 0 1 64 713 1 5 1 15 64 223 1 5 0 2 64 713 1 5 1 25 64 714 0 1 0 3 64 314 0 1 0 3 64 315 0 1 1 35 64 223 0 1 1 35 64
4/4 315 1 35 0 0 64 311 0 1 0 0 64 312 0 1 0 0 64 712 1 5 1 5 64 63 1 5 0 1 64 713 1 5 1 15 64 223 1 5 0 2 64 713 1 5 1 25 64 314 1 5 0 3 64 35 0 1 1 35 64 525 0 1 1 35 64 223 0 1 1 35 64
4/4 35 0 1 0 0 64 525 0 1 0 0 64 312 0 1 0 0 64 315 0 1 1 5 64 65 0 1 1 5 64 712 0 1 1 5 64 315 0 1 0 1 64 65 0 1 0 1 64 63 1 5 0 1 64 713 1 5 1 15 64 223 1 5 0 2 64 713 1 5 1 25 64 314 1 5 0 3 64 224 0 1 1 35 64 65 0 1 1 35 64 223 0 1 1 35 64 224 0 1 2 375 64 525 0 1 2 375 64 715 0 1 2 375 64
4/4 311 0 1 0 0 64 312 0 1 0 0 64 224 0 1 0 0 64 525 0 1 0 0 64 715 0 1 0 0 64 712 1 5 1 5 64 525 0 2 0 1 64 224 0 3 0 1 64 63 1 5 0 1 64 713 1 5 1 15 64 223 1 5 0 2 64 713 1 5 1 25 64 315 0 1 0 3 64 314 0 1 0 3 64 525 0 1 1 35 64 223 0 1 1 35 64
4/4 714 0 1 0 0 64 315 0 1 0 0 64 65 0 1 0 0 64 312 1 5 0 0 64 712 1 5 1 5 64 63 1 5 0 1 64 713 1 5 1 15 64 223 1 5 0 2 64 713 1 5 1 25 64 64 0 1 0 3 64 65 0 1 0 3 64 314 0 1 0 3 64 714 0 1 1 35 64 715 0 1 1 35 64 223 0 1 1 35 64 315 0 1 2 375 64 65 0 1 2 375 64 316 0 1 2 375 64
4/4 221 0 1 0 0 64 222 0 1 0 0 64 315 0 1 0 0 64 65 0 1 0 0 64 316 0 1 0 0 64 63 1 5 1 5 64 713 1 5 0 1 64 315 0 1 1 15 64 65 0 1 1 15 64 316 0 1 1 15 64 314 0 1 1 15 64 315 0 1 0 2 64 65 0 1 0 2 64 316 0 1 0 2 64 713 0 1 0 2 64 35 0 1 1 25 64 65 0 1 1 25 64 36 0 1 1 25 64 63 0 1 1 25 64 64 0 1 0 3 64 714 0 1 0 3 64 65 0 1 0 3 64 34 0 1 0 3 64 714 0 1 1 35 64 35 0 1 1 35 64 715 0 1 1 35 64 713 0 1 1 35 64 224 0 1 2 375 64 315 0 1 2 375 64 615 0 1 2 375 64 225 0 1 2 375 64
4/4 611 0 1 0 0 64 612 0 1 0 0 64 224 0 1 0 0 64 315 0 1 0 0 64 615 0 1 0 0 64 225 0 1 0 0 64 313 1 5 1 5 64 714 0 1 0 1 64 315 0 1 0 1 64 715 0 1 0 1 64 523 0 1 0 1 64 614 0 1 1 15 64 315 0 1 1 15 64 615 0 1 1 15 64 613 0 1 1 15 64 714 0 1 2 175 64 315 0 1 2 175 64 65 0 1 2 175 64 715 0 1 2 175 64 61 0 1 0 2 64 62 0 1 0 2 64 313 1 5 1 25 64 314 0 1 0 3 64 315 0 1 0 3 64 713 0 1 0 3 64 524 0 1 1 35 64 525 0 1 1 35 64 313 0 1 1 35 64 64 0 1 2 375 64 224 0 1 2 375 64 315 0 1 2 375 64 65 0 1 2 375 64
4/4 521 0 1 0 0 64 522 0 1 0 0 64 64 0 1 0 0 64 224 0 1 0 0 64 315 0 1 0 0 64 65 0 1 0 0 64 73 1 5 1 5 64 224 0 1 0 1 64 223 0 1 0 1 64 315 0 1 1 15 64 73 0 1 1 15 64 64 0 1 2 175 64 224 0 1 2 175 64 315 0 1 2 175 64 65 0 1 2 175 64 522 1 5 0 2 64 613 1 5 1 25 64 525 0 1 0 3 64 223 0 1 0 3 64 315 0 1 1 35 64 613 0 1 1 35 64 524 2 25 2 375 64 614 0 1 2 375 64 224 0 1 2 375 64 525 0 1 2 375 64
4/4 711 0 1 0 0 64 712 0 1 0 0 64 524 3 2417 0 0 64 614 0 1 0 0 64 224 0 1 0 0 64 525 0 1 0 0 64 523 1 5 1 5 64 613 1 5 0 1 64 223 1 5 1 15 64 524 0 1 0 2 64 34 1 5 1 25 64 714 0 1 0 3 64 713 0 1 0 3 64 315 0 1 1 35 64 613 0 1 1 35 64
4/4 315 1 35 0 0 64 311 0 1 0 0 64 312 0 1 0 0 64 712 1 5 1 5 64 63 1 5 0 1 64 713 1 5 1 15 64 223 1 5 0 2 64 713 1 5 1 25 64 314 1 5 0 3 64 35 0 1 1 35 64 525 0 1 1 35 64 223 0 1 1 35 64
4/4 35 0 1 0 0 64 525 0 1 0 0 64 312 0 1 0 0 64 315 0 1 1 5 64 65 0 1 1 5 64 712 0 1 1 5 64 315 0 1 0 1 64 65 0 1 0 1 64 63 1 5 0 1 64 713 1 5 1 15 64 223 1 5 0 2 64 713 1 5 1 25 64 314 1 5 0 3 64 224 0 1 1 35 64 65 0 1 1 35 64 223 0 1 1 35 64 224 0 1 2 375 64 525 0 1 2 375 64 715 0 1 2 375 64
4/4 311 0 1 0 0 64 312 0 1 0 0 64 224 0 1 0 0 64 525 0 1 0 0 64 715 0 1 0 0 64 712 1 5 1 5 64 525 0 2 0 1 64 224 0 3 0 1 64 63 1 5 0 1 64 713 1 5 1 15 64 223 1 5 0 2 64 713 1 5 1 25 64 315 0 1 0 3 64 314 0 1 0 3 64 525 0 1 1 35 64 223 0 1 1 35 64
4/4 714 0 1 0 0 64 315 0 1 0 0 64 65 0 1 0 0 64 312 1 5 0 0 64 712 1 5 1 5 64 63 1 5 0 1 64 713 1 5 1 15 64 223 1 5 0 2 64 713 1 5 1 25 64 64 0 1 0 3 64 65 0 1 0 3 64 314 0 1 0 3 64 714 0 1 1 35 64 715 0 1 1 35 64 223 0 1 1 35 64 315 0 1 2 375 64 65 0 1 2 375 64 316 0 1 2 375 64
4/4 221 0 1 0 0 64 222 0 1 0 0 64 315 0 1 0 0 64 65 0 1 0 0 64 316 0 1 0 0 64 63 1 5 1 5 64 713 1 5 0 1 64 315 0 1 1 15 64 65 0 1 1 15 64 316 0 1 1 15 64 314 0 1 1 15 64 315 0 1 0 2 64 65 0 1 0 2 64 316 0 1 0 2 64 713 0 1 0 2 64 35 0 1 1 25 64 65 0 1 1 25 64 36 0 1 1 25 64 63 0 1 1 25 64 64 0 1 0 3 64 714 0 1 0 3 64 65 0 1 0 3 64 34 0 1 0 3 64 714 0 1 1 35 64 35 0 1 1 35 64 715 0 1 1 35 64 713 0 1 1 35 64 224 0 1 2 375 64 315 0 1 2 375 64 615 0 1 2 375 64 225 0 1 2 375 64
4/4 611 0 1 0 0 64 612 0 1 0 0 64 224 0 1 0 0 64 315 0 1 0 0 64 615 0 1 0 0 64 225 0 1 0 0 64 313 1 5 1 5 64 714 0 1 0 1 64 315 0 1 0 1 64 715 0 1 0 1 64 523 0 1 0 1 64 614 0 1 1 15 64 315 0 1 1 15 64 615 0 1 1 15 64 613 0 1 1 15 64 714 0 1 2 175 64 315 0 1 2 175 64 65 0 1 2 175 64 715 0 1 2 175 64 61 0 1 0 2 64 62 0 1 0 2 64 313 1 5 1 25 64 314 0 1 0 3 64 315 0 1 0 3 64 713 0 1 0 3 64 524 0 1 1 35 64 525 0 1 1 35 64 313 0 1 1 35 64 64 0 1 2 375 64 224 0 1 2 375 64 315 0 1 2 375 64 65 0 1 2 375 64
4/4 521 0 1 0 0 64 522 0 1 0 0 64 64 0 1 0 0 64 224 0 1 0 0 64 315 0 1 0 0 64 65 0 1 0 0 64 222 1 5 1 5 64 224 0 1 0 1 64 613 0 1 0 1 64 315 0 1 1 15 64 222 0 1 1 15 64 614 0 1 2 175 64 35 0 1 2 175 64 525 0 1 2 175 64 711 0 1 2 175 64 712 0 1 2 175 64 65 0 1 1 25 64 613 0 1 1 25 64 525 0 1 0 3 64 713 1 5 0 3 64 613 1 5 1 35 64 524 0 1 2 375 64 64 0 1 2 375 64 714 0 1 2 375 64 315 0 1 2 375 64
4/4 311 0 1 0 0 64 312 0 1 0 0 64 524 0 1 0 0 64 64 0 1 0 0 64 714 0 1 0 0 64 315 0 1 0 0 64 712 1 5 1 5 64 63 1 5 0 1 64 713 1 5 1 15 64 223 1 5 0 2 64 713 1 5 1 25 64 314 1 5 0 3 64 314 0 1 1 35 64 223 0 1 1 35 64
4/4 614 0 1 0 0 64 611 0 1 0 0 64 612 0 1 0 0 64 64 0 1 1 5 64 313 0 1 1 5 64 524 0 1 0 1 64 63 0 1 0 1 64 314 0 1 1 15 64 613 0 1 1 15 64 524 0 1 0 2 64 713 1 5 0 2 64 613 1 5 1 25 64 714 0 1 0 3 64 223 0 1 0 3 64 64 0 1 1 35 64 713 0 1 1 35 64
4/4 524 0 3 0 0 64 711 0 1 0 0 64 712 0 1 0 0 64 523 1 5 1 5 64 63 1 5 0 1 64 613 1 5 1 15 64 713 1 5 0 2 64 613 1 5 1 25 64 223 1 5 0 3 64 524 0 1 1 35 64 713 0 1 1 35 64
4/4 614 0 1 0 0 64 611 0 1 0 0 64 612 0 1 0 0 64 64 0 1 1 5 64 313 0 1 1 5 64 524 0 1 0 1 64 63 0 1 0 1 64 314 0 1 1 15 64 613 0 1 1 15 64 524 0 1 0 2 64 713 1 5 0 2 64 613 1 5 1 25 64 714 0 1 0 3 64 34 0 1 0 3 64 224 0 1 1 35 64 713 0 1 1 35 64
4/4 714 0 2 0 0 64 61 0 1 0 0 64 62 0 1 0 0 64 33 1 5 1 5 64 63 1 5 0 1 64 713 1 5 1 15 64 223 1 5 0 2 64 64 0 1 1 25 64 65 0 1 1 25 64 713 0 1 1 25 64 714 0 1 0 3 64 715 0 1 0 3 64 34 0 1 0 3 64 64 0 1 1 35 64 65 0 1 1 35 64 713 0 1 1 35 64
4/4 524 0 1 0 0 64 525 0 1 0 0 64 612 1 5 0 0 64 313 1 5 1 5 64 223 1 5 0 1 64 313 1 5 1 15 64 712 1 5 0 2 64 64 0 1 1 25 64 65 0 1 1 25 64 523 0 1 1 25 64 714 0 1 0 3 64 715 0 1 0 3 64 34 0 1 0 3 64 64 0 1 1 35 64 65 0 1 1 35 64 523 0 1 1 35 64 64 0 1 2 375 64 714 0 1 2 375 64 224 0 1 2 375 64 315 0 1 2 375 64
4/4 222 1 5 0 0 64 64 0 1 0 0 64 714 0 1 0 0 64 224 0 1 0 0 64 315 0 1 0 0 64 63 1 5 1 5 64 314 1 5 0 1 64 223 1 5 1 15 64 34 1 5 0 2 64 315 0 1 1 25 64 65 0 1 1 25 64 316 0 1 1 25 64 223 0 1 1 25 64 35 0 1 0 3 64 36 0 1 0 3 64 713 0 1 0 3 64 224 0 1 1 35 64 225 0 1 1 35 64 613 0 1 1 35 64
4/4 315 0 1 0 0 64 65 0 1 0 0 64 316 0 1 0 0 64 22 0 1 0 0 64 525 0 1 1 5 64 526 0 1 1 5 64 613 0 1 1 5 64 525 0 1 0 1 64 526 0 1 0 1 64 524 1 5 0 1 64 613 1 5 1 15 64 314 1 5 0 2 64 613 1 5 1 25 64 23 1 5 0 3 64 223 2 25 1 35 64 13 2 25 2 375 64
4/4 713 0 1 0 0 64 711 0 1 0 0 64 712 0 1 0 0 64 64 0 1 0 1 64 224 0 1 0 1 64 315 0 1 0 1 64 65 0 1 0 1 64 712 0 1 0 1 64 313 0 1 0 1 64 614 0 1 0 2 64 224 0 1 0 2 64 315 0 1 0 2 64 615 0 1 0 2 64 712 0 1 0 2 64 523 0 1 0 2 64 224 0 1 0 3 64 525 0 1 0 3 64 615 0 1 0 3 64 225 0 1 0 3 64 712 0 1 0 3 64 613 0 1 0 3 64
4/4 714 0 1 0 0 64 315 0 1 0 0 64 65 0 1 0 0 64 715 0 1 0 0 64 311 0 1 0 0 64 312 0 1 0 0 64 712 1 5 1 5 64 63 1 5 0 1 64 713 1 5 1 15 64 223 1 5 0 2 64 714 0 1 1 25 64 65 0 1 1 25 64 715 0 1 1 25 64 713 0 1 1 25 64 315 0 1 0 3 64 316 0 1 0 3 64 314 0 1 0 3 64 525 0 1 1 35 64 526 0 1 1 35 64 223 0 1 1 35 64
4/4 525 0 1 0 0 64 526 0 1 0 0 64 61 0 1 0 0 64 62 0 1 0 0 64 65 0 1 1 5 64 66 0 1 1 5 64 313 0 1 1 5 64 315 0 1 0 1 64 316 0 1 0 1 64 13 0 1 0 1 64 35 0 1 1 15 64 36 0 1 1 15 64 524 0 1 1 15 64 315 0 1 2 175 64 615 0 1 2 175 64 225 0 1 2 175 64 316 0 1 2 175 64 611 0 1 0 2 64 612 0 1 0 2 64 313 1 5 1 25 64 223 1 5 0 3 64 315 0 1 1 35 64 615 0 1 1 35 64 225 0 1 1 35 64 316 0 1 1 35 64 613 0 1 1 35 64
4/4 315 0 1 0 0 64 615 0 1 0 0 64 225 0 1 0 0 64 316 0 1 0 0 64 521 0 1 0 0 64 522 0 1 0 0 64 525 0 1 1 5 64 526 0 1 1 5 64 613 0 1 1 5 64 35 0 1 0 1 64 36 0 1 0 1 64 223 0 1 0 1 64 224 0 1 1 15 64 225 0 1 1 15 64 523 0 1 1 15 64 14 0 1 0 2 64 315 0 1 0 2 64 615 0 1 0 2 64 15 0 1 0 2 64 611 0 1 0 2 64 612 0 1 0 2 64 24 0 1 1 25 64 25 0 1 1 25 64 13 0 1 1 25 64 714 0 1 0 3 64 715 0 1 0 3 64 314 0 1 0 3 64 614 0 1 1 35 64 615 0 1 1 35 64 13 0 1 1 35 64 714 0 1 2 375 64 525 0 1 2 375 64 615 0 1 2 375 64 715 0 1 2 375 64
4/4 711 0 1 0 0 64 712 0 1 0 0 64 714 0 1 0 0 64 525 0 1 0 0 64 615 0 1 0 0 64 715 0 1 0 0 64 523 1 5 1 5 64 713 1 5 0 1 64 223 1 5 1 15 64 711 0 1 0 2 64 712 0 1 0 2 64 64 0 1 1 25 64 224 0 1 1 25 64 315 0 1 1 25 64 65 0 1 1 25 64 614 0 1 2 275 64 224 0 1 2 275 64 315 0 1 2 275 64 615 0 1 2 275 64 523 0 1 2 275 64 613 0 1 2 275 64 713 0 1 2 275 64 34 0 1 2 275 64 224 0 1 1 35 64 525 0 1 1 35 64 615 0 1 1 35 64 225 0 1 1 35 64
4/4 714 0 1 0 0 64 315 0 1 0 0 64 65 0 1 0 0 64 715 0 1 0 0 64 311 0 1 0 0 64 312 0 1 0 0 64 712 1 5 1 5 64 63 1 5 0 1 64 713 1 5 1 15 64 223 1 5 0 2 64 714 0 1 1 25 64 65 0 1 1 25 64 715 0 1 1 25 64 713 0 1 1 25 64 315 0 1 0 3 64 316 0 1 0 3 64 314 0 1 0 3 64 525 0 1 1 35 64 526 0 1 1 35 64 223 0 1 1 35 64
2/4 525 0 1 0 0 64 526 0 1 0 0 64 62 0 1 0 0 64 63 0 1 0 0 64 65 0 1 1 5 64 66 0 1 1 5 64 13 0 1 1 5 64 315 0 1 0 1 64 316 0 1 0 1 64 314 0 1 0 1 64 35 0 1 1 15 64 36 0 1 1 15 64 34 0 1 1 15 64 315 0 1 2 175 64 65 0 1 2 175 64 316 0 1 2 175 64
4/4 221 0 1 0 0 64 222 0 1 0 0 64 315 0 1 0 0 64 65 0 1 0 0 64 316 0 1 0 0 64 63 1 5 1 5 64 314 1 5 0 1 64 64 0 1 1 15 64 65 0 1 1 15 64 63 0 1 1 15 64 35 0 1 2 175 64 65 0 1 2 175 64 36 0 1 2 175 64 711 0 1 0 2 64 712 0 1 0 2 64 63 1 5 1 25 64 34 1 5 0 3 64 64 0 1 1 35 64 65 0 1 1 35 64 63 0 1 1 35 64 224 0 1 2 375 64 315 0 1 2 375 64 225 0 1 2 375 64
4/4 611 0 1 0 0 64 612 0 1 0 0 64 224 0 1 0 0 64 315 0 1 0 0 64 225 0 1 0 0 64 313 1 5 1 5 64 223 1 5 0 1 64 313 1 5 1 15 64 612 1 5 0 2 64 224 0 1 1 25 64 315 0 1 1 25 64 225 0 1 1 25 64 313 0 1 1 25 64 714 0 1 0 3 64 315 0 1 0 3 64 715 0 1 0 3 64 223 0 1 0 3 64 614 0 1 1 35 64 315 0 1 1 35 64 615 0 1 1 35 64 313 0 1 1 35 64 714 0 1 2 375 64 315 0 1 2 375 64 715 0 1 2 375 64
4/4 62 1 5 0 0 64 714 0 1 0 0 64 315 0 1 0 0 64 715 0 1 0 0 64 313 1 5 1 5 64 315 0 1 0 1 64 713 0 1 0 1 64 715 0 1 1 15 64 313 0 1 1 15 64 714 0 1 2 175 64 315 0 1 2 175 64 525 0 1 2 175 64 715 0 1 2 175 64 522 1 5 0 2 64 222 1 5 1 25 64 615 0 1 0 3 64 613 1 5 0 3 64 222 1 5 1 35 64 714 0 1 2 375 64 224 0 1 2 375 64 35 0 1 2 375 64 65 0 1 2 375 64
4/4 712 1 5 0 0 64 714 0 1 0 0 64 224 0 1 0 0 64 35 0 1 0 0 64 65 0 1 0 0 64 523 1 5 1 5 64 224 0 1 0 1 64 713 0 1 0 1 64 65 0 1 1 15 64 523 0 1 1 15 64 614 0 1 0 2 64 65 0 1 0 2 64 712 0 1 0 2 64 33 0 1 0 2 64 713 0 1 0 2 64 614 0 1 0 3 64 525 0 1 0 3 64 12 0 1 0 3 64 33 0 1 0 3 64 13 0 1 0 3 64
4/4 315 0 4 0 0 64 64 0 1 0 0 64 222 0 1 0 0 64 224 0 1 1 5 64 613 0 1 1 5 64 714 0 1 0 1 64 713 0 1 0 1 64 614 0 1 1 15 64 314 0 1 1 15 64 64 0 1 0 2 64 613 1 5 0 2 64 713 1 5 1 25 64 524 0 1 0 3 64 314 1 5 0 3 64 713 1 5 1 35 64 314 0 1 2 375 64 64 0 1 2 375 64 714 0 1 2 375 64 315 0 1 2 375 64
4/4 312 1 5 0 0 64 314 0 1 0 0 64 64 0 1 0 0 64 714 0 1 0 0 64 315 0 1 0 0 64 712 1 5 1 5 64 313 1 5 0 1 64 713 1 5 1 15 64 314 0 1 0 2 64
4/4 615 0 1 0 0 64 224 0 1 0 0 64 613 0 1 0 0 64 65 0 1 0 1 64 525 0 1 0 2 64 35 0 1 0 2 64 713 0 1 0 2 64
4/4 65 0 1 0 0 64 35 0 3 0 0 64 63 0 2 0 0 64 525 0 1 0 1 64 315 0 1 0 2 64 223 0 1 0 2 64 224 0 1 0 3 64
4/4 525 0 1 0 0 64 24 0 1 0 0 64 23 0 4 0 0 64 315 0 1 0 1 64 224 0 1 0 1 64 24 0 1 0 2 64 714 0 1 0 2 64 224 0 1 0 3 64 614 0 1 0 3 64
4/4 35 0 1 0 0 64 63 0 1 0 0 64 34 0 1 0 0 64 224 0 2 0 0 64 14 0 2 0 2 64
4/4 614 0 1 0 0 64 223 0 3 0 0 64 612 0 1 0 0 64 313 0 1 0 0 64 64 0 1 0 1 64 524 0 1 0 2 64 712 0 1 0 2 64 523 0 1 0 2 64 34 0 1 0 3 64
4/4 64 0 1 0 0 64 12 0 1 0 0 64 63 0 1 0 0 64 34 0 3 0 0 64 524 0 1 0 1 64 314 0 1 0 2 64 222 0 1 0 2 64 63 0 1 0 2 64 223 0 1 0 3 64
4/4 524 0 1 0 0 64 23 0 3 0 0 64 22 0 1 0 0 64 613 0 1 0 0 64 314 0 1 0 1 64 23 0 2 0 2 64 223 0 1 0 3 64
4/4 223 0 2 0 0 64 63 0 1 0 0 64 34 0 1 0 0 64 62 0 1 0 0 64 33 0 1 0 0 64 13 0 2 0 2 64
4/4 714 0 1 0 0 64 315 0 1 0 0 64 715 0 1 0 0 64 311 0 1 0 0 64 312 0 1 0 0 64 712 1 5 1 5 64 63 1 5 0 1 64 713 1 5 1 15 64 223 1 5 0 2 64 713 1 5 1 25 64 314 1 5 0 3 64 223 1 5 1 35 64
4/4 312 1 5 0 0 64 714 0 1 0 0 64 315 0 1 0 0 64 715 0 1 0 0 64 712 1 5 1 5 64 63 1 5 0 1 64 713 1 5 1 15 64 223 1 5 0 2 64 713 1 5 1 25 64 314 1 5 0 3 64 223 1 5 1 35 64
4/4 715 0 3 0 0 64 612 1 5 0 0 64 313 1 5 1 5 64 223 1 5 0 1 64 314 1 5 1 15 64 64 0 1 0 2 64 615 0 1 0 3 64
4/4 65 0 4 0 0 64 64 0 1 2 75 64 14 0 1 2 75 64 63 0 1 2 75 64 34 0 1 2 75 64
4/4 525 0 3 0 0 64 613 1 5 0 0 64 314 1 5 1 5 64 64 1 5 0 1 64 35 1 5 1 15 64 224 0 1 0 2 64 224 1 5 0 3 64 525 1 5 1 35 64
4/4 65 0 3 0 0 64 713 1 5 0 0 64 524 1 5 1 5 64 64 1 5 0 1 64 35 1 5 1 15 64 224 0 1 0 2 64 615 0 1 0 3 64
4/4 315 0 1 0 0 64 65 0 1 0 0 64 715 0 1 0 0 64 312 1 5 0 0 64 712 1 5 1 5 64 63 1 5 0 1 64 713 1 5 1 15 64 223 1 5 0 2 64 713 1 5 1 25 64 314 1 5 0 3 64 223 1 5 1 35 64
4/4 312 1 5 0 0 64 315 0 1 0 0 64 65 0 1 0 0 64 715 0 1 0 0 64 712 1 5 1 5 64 63 1 5 0 1 64 713 1 5 1 15 64 223 1 5 0 2 64 713 1 5 1 25 64 314 1 5 0 3 64 223 1 5 1 35 64 315 0 1 2 375 64 312 0 1 2 375 64 525 0 1 2 375 64 712 0 1 2 375 64 65 0 1 2 375 64 715 0 1 2 375 64 313 0 1 2 375 64
4/4 315 0 1 0 0 64 312 0 1 0 0 64 525 0 1 0 0 64 712 0 1 0 0 64 65 0 1 0 0 64 715 0 1 0 0 64 313 0 1 0 0 64
