6/8
6/8 64 2 25 1 25 69 74 2 25 2 275 69
6/8 14 2 25 0 0 74 64 2 25 2 25 69 35 2 75 1 5 69 14 2 25 2 125 69 74 1 5 1 15 69 35 1 5 0 2 69 74 1 5 1 25 69
6/8 64 2 25 0 0 74 44 2 25 2 25 69 14 2 75 1 5 69 64 2 25 2 125 69 54 0 1 1 15 69 64 2 25 1 25 69 54 2 25 2 275 69
6/8 44 1 5 0 0 74 54 1 5 1 5 69 64 2 25 0 1 69 74 2 25 2 125 69 34 1 5 1 15 69 64 1 5 0 2 69 74 2 25 1 25 69 14 2 25 2 275 69
6/8 224 1 5 0 0 74 224 0 1 1 5 69 14 0 1 1 5 69 74 2 25 0 1 69 64 2 25 2 125 69 74 0 1 1 15 69 64 2 25 1 25 69 74 2 25 2 275 69
6/8 14 2 25 0 0 74 64 2 25 2 25 69 35 2 75 1 5 69 14 2 25 2 125 69 74 1 5 1 15 69 35 1 5 0 2 69 74 1 5 1 25 69
6/8 64 2 25 0 0 74 44 2 25 2 25 69 44 1 5 1 5 69 54 2 25 0 1 69 64 2 25 2 125 69 34 2 125 1 15 69 34 2 25 2 275 57
6/8 44 1 5 0 0 74 54 1 5 1 5 69 64 2 25 0 1 69 74 2 25 2 125 69 34 1 5 1 15 69 64 1 5 0 2 69 74 2 25 1 25 69 14 2 25 2 275 69
6/8 224 1 5 0 0 74 224 0 1 1 5 69 14 0 1 1 5 69 74 2 25 0 1 69 64 2 25 2 125 69 64 1 15 1 15 69
6/8 14 2 25 0 1 69 224 2 25 2 125 69 35 1 5 1 15 57 35 1 5 0 2 57 35 1 5 1 25 57
6/8 35 1 5 0 0 62 35 0 1 1 5 69 45 0 1 1 5 69 35 2 25 0 1 69 224 2 25 2 125 69 14 1 5 1 15 57 14 1 5 0 2 57 14 1 5 1 25 57
6/8 14 1 5 0 0 62 14 0 1 1 5 69 224 0 1 1 5 69 14 2 25 0 1 69 74 2 25 2 125 69 64 1 5 1 15 57 64 1 5 0 2 57 64 2 25 1 25 69 54 2 25 2 275 69
6/8 44 1 5 0 0 74 54 1 5 1 5 69 54 2 25 0 1 69 64 2 25 2 125 69 74 1 5 1 15 69 74 0 1 0 2 69 14 0 1 0 2 69 74 2 25 1 25 69 14 2 25 2 275 69
6/8 74 0 1 0 0 74 14 2 25 0 1 69 224 2 25 2 125 69 35 1 5 1 15 57 35 1 5 0 2 57 35 1 5 1 25 57
6/8 35 1 5 0 0 62 35 0 1 1 5 69 45 0 1 1 5 69 35 2 25 0 1 69 224 2 25 2 125 69 14 1 5 1 15 57 14 1 5 0 2 57 14 1 5 1 25 57
6/8 14 2 25 0 0 74 224 0 1 2 25 69 14 0 1 2 25 69 74 0 1 2 75 69 64 0 1 2 75 69 54 2 25 2 125 69 44 0 1 2 175 69 44 0 1 2 175 69 54 0 1 2 225 69 64 0 1 2 225 69 74 2 25 2 275 69
6/8 34 1 5 0 0 74 64 1 5 1 5 69 74 2 25 0 1 69 14 2 25 2 125 69 74 2 75 1 15 69 74 0 1 2 225 69 74 0 1 2 225 69 64 2 25 2 275 69
6/8 64 1 15 0 0 74
6/8 65 2 25 0 1 71 75 2 25 2 125 71 15 2 25 1 15 71 65 2 25 2 175 71 36 2 75 0 2 71 15 2 25 2 275 71
6/8 75 1 5 0 0 76 36 1 5 1 5 71 75 1 5 0 1 71 65 2 25 1 15 71 45 2 25 2 175 71 15 2 75 0 2 71 65 2 25 2 275 71
6/8 55 0 1 0 0 76 65 2 25 0 1 71 55 2 25 2 125 71 45 1 5 1 15 71 55 1 5 0 2 71 65 2 25 1 25 71 75 2 25 2 275 71
6/8 35 1 5 0 0 76 65 1 5 1 5 71 75 2 25 0 1 71 15 2 25 2 125 71 225 1 5 1 15 71 225 0 1 0 2 71 15 0 1 0 2 71 75 2 25 1 25 71 65 2 25 2 275 71
6/8 75 0 1 0 0 76 65 2 25 0 1 71 75 2 25 2 125 71 15 2 25 1 15 71 65 2 25 2 175 71 36 2 75 0 2 71 15 2 25 2 275 71
6/8 75 1 5 0 0 76 36 1 5 1 5 71 75 1 5 0 1 71 65 2 25 1 15 71 45 2 25 2 175 71 45 1 5 0 2 71 55 2 25 1 25 71 65 2 25 2 275 71
6/8 35 0 1 0 0 76 35 1 5 0 1 71 45 1 5 1 15 71 55 1 5 0 2 71 65 2 25 1 25 71 75 2 25 2 275 71
6/8 35 1 5 0 0 76 65 1 5 1 5 71 75 2 25 0 1 71 15 2 25 2 125 71 225 1 5 1 15 71 225 0 1 0 2 71 15 0 1 0 2 71 75 2 25 1 25 71 65 2 25 2 275 71
6/8 65 1 15 0 0 76
6/8 63 1 5 1 5 64 13 1 5 0 1 64 63 1 5 0 2 64 13 1 5 1 25 64
6/8 63 1 5 1 5 64 13 1 5 0 1 64 63 1 5 0 2 64 13 1 5 1 25 64
6/8 63 1 5 1 5 64 13 1 5 0 1 64 34 1 5 0 2 64 54 1 5 1 25 64
6/8 13 1 5 1 5 64 44 1 5 0 1 64 53 1 5 0 2 64 13 1 5 1 25 64
6/8 63 1 5 1 5 64 223 1 5 0 1 64 63 1 5 0 2 64 13 1 5 1 25 64
6/8 73 1 5 1 5 64 223 1 5 0 1 64 73 1 5 0 2 64 34 1 5 1 25 64
6/8 63 1 5 1 5 64 13 1 5 0 1 64 34 1 5 0 2 64 54 1 5 1 25 64
6/8 13 1 5 1 5 64 44 1 5 0 1 64 53 1 5 0 2 64 13 1 5 1 25 64
6/8 63 1 5 1 5 64 223 1 5 0 1 64 63 1 5 0 2 64 13 1 5 1 25 64
6/8 73 1 5 1 5 64 34 1 5 0 1 64 63 1 5 0 2 64 13 1 5 1 25 64
6/8 63 1 5 1 5 64 13 1 5 0 1 64 63 1 5 0 2 64 13 1 5 1 25 64
6/8 34 1 5 1 5 64 54 1 5 0 1 64 13 1 5 0 2 64 44 1 5 1 25 64
6/8 53 1 5 1 5 64 13 1 5 0 1 64 44 1 5 0 2 64
6/8 223 1 5 1 5 64 44 1 5 0 2 64
6/8 73 1 5 1 5 64 34 1 5 0 1 64 63 1 5 0 2 64 13 1 5 1 25 64
6/8 34 1 5 1 5 64 54 1 5 0 1 64 13 1 5 0 2 64 44 1 5 1 25 64
6/8 53 1 5 1 5 64 13 1 5 0 1 64 63 1 5 0 2 64 223 1 5 1 25 64
6/8 63 1 5 1 5 64 13 1 5 0 1 64 34 1 5 0 2 64 44 1 5 1 25 64
6/8 63 1 5 1 5 64 13 1 5 0 1 64 63 1 5 0 2 64 13 1 5 1 25 64
6/8 14 1 15 1 15 69
6/8 74 1 15 0 0 74 64 1 15 1 15 69
6/8 54 1 15 0 0 74 44 1 15 1 15 69
6/8 34 0 1 0 0 74 74 2 25 0 1 69 14 2 25 2 125 69 224 1 5 1 15 69 35 1 5 0 2 69 45 1 5 1 25 69
6/8 14 1 15 0 1 71
6/8 74 1 15 0 0 76 64 1 5 1 15 71 74 1 5 0 2 71 64 1 5 1 25 71
6/8 54 0 1 0 0 76 14 1 5 0 1 71 224 0 1 1 15 71 224 1 5 1 25 71
6/8 14 0 1 0 0 76 14 1 5 0 1 71 224 1 5 1 15 71 45 1 5 0 2 71 224 1 5 1 25 71
6/8 14 1 15 0 0 76
6/8 62 1 5 0 0 76 33 1 5 1 5 71 33 1 5 0 1 71 62 1 5 1 15 71 33 1 5 0 2 71 33 1 5 1 25 71
6/8 62 1 5 0 0 76 33 1 5 1 5 71 33 1 5 0 1 71 62 1 5 1 15 71 33 1 5 0 2 71 33 1 5 1 25 71
6/8 62 1 5 0 0 76 33 1 5 1 5 71 33 1 5 0 1 71 33 1 5 1 15 71 73 1 5 0 2 71 73 1 5 1 25 71
6/8 43 1 5 0 0 76 63 1 5 1 5 71 63 1 5 0 1 71 12 1 5 1 15 71 33 1 5 0 2 71 33 1 5 1 25 71
6/8 222 1 5 0 0 76 43 1 5 1 5 71 43 1 5 0 1 71 12 1 5 1 15 71 33 1 5 0 2 71 33 1 5 1 25 71
6/8 72 1 5 0 0 76 43 1 5 1 5 71 43 1 5 0 1 71 33 1 5 1 15 71 53 1 5 0 2 71 53 1 5 1 25 71
6/8 62 1 5 0 0 76 33 1 5 1 5 71 33 1 5 0 1 71 33 1 5 1 15 71 73 1 5 0 2 71 73 1 5 1 25 71
6/8 43 1 5 0 0 76 63 1 5 1 5 71 63 1 5 0 1 71 12 1 5 1 15 71 53 1 5 0 2 71 53 1 5 1 25 71
6/8 222 1 5 0 0 76 43 1 5 1 5 71 43 1 5 0 1 71 12 1 5 1 15 71 33 1 5 0 2 71 33 1 5 1 25 71
6/8 72 1 5 0 0 76 43 1 5 1 5 71 53 1 5 0 1 71 62 1 5 1 15 71 33 1 5 0 2 71 33 1 5 1 25 71
6/8 62 1 5 0 0 76 33 1 5 1 5 71 33 1 5 0 1 71 62 1 5 1 15 71 33 1 5 0 2 71 33 1 5 1 25 71
6/8 33 1 5 0 0 76 73 1 5 1 5 71 73 1 5 0 1 71 43 1 5 1 15 71 63 1 5 0 2 71 63 1 5 1 25 71
6/8 12 1 5 0 0 76 33 1 5 1 5 71 33 1 5 0 1 71 43 1 5 1 15 71 13 1 5 0 2 71 43 1 5 1 25 71
6/8 222 1 5 0 0 76 63 1 5 1 5 71 222 1 5 0 1 71 72 1 5 1 15 71 222 1 5 0 2 71 72 1 5 1 25 71
6/8 33 1 5 0 0 76 53 1 5 1 5 71 53 1 5 0 1 71 62 1 5 1 15 71 33 1 5 0 2 71 33 1 5 1 25 71
6/8 33 1 5 0 0 76 73 1 5 1 5 71 73 1 5 0 1 71 43 1 5 1 15 71 63 1 5 0 2 71 63 1 5 1 25 71
6/8 12 1 5 0 0 76 33 1 5 1 5 71 33 1 5 0 1 71 222 1 5 1 15 71 43 1 5 0 2 71 43 1 5 1 25 71
6/8 12 1 5 0 0 76 33 1 5 1 5 71 33 1 5 0 1 71 222 1 5 1 15 71 73 1 5 0 2 71 73 1 5 1 25 71
6/8 62 1 5 0 0 76 33 1 5 1 5 71 33 1 5 0 1 71 62 1 5 1 15 71 33 1 5 0 2 71 33 1 5 1 25 71
6/8 62 1 5 0 0 76 33 1 5 1 5 71 13 1 5 0 1 71 62 1 5 1 15 71 33 1 5 0 2 71 13 1 5 1 25 71
6/8 33 1 5 0 0 76 73 1 5 1 5 71 54 1 5 0 1 71 43 1 5 1 15 71 63 1 5 0 2 71 44 1 5 1 25 71
6/8 12 1 5 0 0 76 33 1 5 1 5 71 13 1 5 0 1 71 222 1 5 1 15 71 43 1 5 0 2 71 223 1 5 1 25 71
6/8 12 1 5 0 0 76 33 1 5 1 5 71 13 1 5 0 1 71 222 1 5 1 15 71 43 1 5 0 2 71 223 1 5 1 25 71
6/8 33 1 5 0 0 76 53 1 5 1 5 71 34 1 5 0 1 71 62 1 5 1 15 71 33 1 5 0 2 71 13 1 5 1 25 71
6/8 33 1 5 0 0 76 73 1 5 1 5 71 34 1 5 0 1 71 43 1 5 1 15 71 63 1 5 0 2 71 44 1 5 1 25 71
6/8 12 1 5 0 0 76 33 1 5 1 5 71 13 1 5 0 1 71 222 1 5 1 15 71 43 1 5 0 2 71 223 1 5 1 25 71
6/8 12 1 5 0 0 76 33 1 5 1 5 71 223 1 5 0 1 71 222 1 5 1 15 71 43 1 5 0 2 71 34 1 5 1 25 71
6/8 62 1 15 0 0 76
