3/4 63 0 3 0 0 96 34 0 1 0 1 45 64 0 1 0 1 91 14 0 1 0 2 83
3/4 63 0 3 0 0 90 34 0 1 0 1 45 64 0 1 0 1 87 14 0 1 0 2 79
3/4 63 0 3 0 0 84 34 0 1 0 1 45 64 0 1 0 1 77 14 0 1 0 2 55
3/4 63 0 3 0 0 77 34 0 1 0 1 45 64 0 1 0 1 73 65 1 5 0 2 97 14 0 1 0 2 55 75 1 5 1 25 82
3/4 15 1 5 0 0 105 63 0 3 0 0 77 65 1 5 1 5 87 36 1 15 0 1 97 34 0 1 0 1 45 64 0 1 0 1 74 14 0 1 0 2 55 15 1 5 1 25 90
3/4 75 0 1 0 0 102 54 0 1 0 0 53 34 0 3 0 0 82 36 0 1 0 1 102 74 0 1 0 1 79 75 0 1 0 2 84 55 0 1 0 2 55
3/4 65 1 5 0 0 97 44 0 3 0 0 82 45 1 5 1 5 84 15 1 15 0 1 93 64 0 1 0 1 79 45 0 1 0 2 55 65 1 5 1 25 87
3/4 55 2 175 0 0 84 13 0 3 0 0 82 54 0 1 0 1 53 35 0 1 0 1 79 55 0 1 0 2 84
3/4 45 0 1 0 0 97 223 0 3 0 0 82 55 0 1 0 1 87 64 0 1 0 1 53 224 0 1 0 1 79 65 1 5 0 2 84 45 0 1 0 2 61 75 1 5 1 25 78
3/4 35 0 1 0 0 97 13 0 3 0 0 82 65 0 1 0 1 100 64 0 1 0 1 53 14 0 1 0 1 79 75 1 5 0 2 87 35 0 1 0 2 61 15 1 5 1 25 93
3/4 225 0 1 0 0 109 73 0 3 0 0 82 225 1 5 0 1 102 44 0 1 0 1 53 74 0 1 0 1 79 15 1 5 1 15 82 75 1 5 0 2 87 224 0 1 0 2 61 65 1 5 1 25 75
3/4 55 0 1 0 0 56 75 0 1 0 0 87 34 0 3 0 0 82 74 0 2 0 1 79 65 1 5 0 2 87 75 1 5 1 25 74
3/4 15 1 5 0 0 97 63 0 3 0 0 77 65 1 5 1 5 79 36 1 15 0 1 87 34 0 1 0 1 45 64 0 1 0 1 74 14 0 1 0 2 55 15 1 5 1 25 83
3/4 75 0 1 0 0 93 54 0 1 0 0 53 34 0 3 0 0 82 36 0 1 0 1 93 74 0 1 0 1 79 75 0 1 0 2 76 55 0 1 0 2 55
3/4 65 1 5 0 0 87 44 0 3 0 0 82 45 1 5 1 5 76 45 0 1 0 1 87 64 0 1 0 1 79 55 1 5 0 2 84 14 0 1 0 2 55 65 1 5 1 25 79
3/4 35 2 175 0 0 76 13 0 3 0 0 82 54 0 1 0 1 53 14 0 1 0 1 79 35 1 5 1 25 76
3/4 45 0 1 0 0 87 223 0 3 0 0 82 55 0 1 0 1 79 64 0 1 0 1 53 224 0 1 0 1 79 65 1 5 0 2 76 45 0 1 0 2 61 75 1 5 1 25 71
3/4 35 0 1 0 0 87 13 0 3 0 0 82 65 0 1 0 1 90 64 0 1 0 1 53 14 0 1 0 1 79 75 1 5 0 2 79 35 0 1 0 2 61 15 1 5 1 25 86
3/4 225 0 1 0 0 100 73 0 2 0 0 82 225 1 5 0 1 93 44 0 1 0 1 53 74 0 1 0 1 79 15 1 5 1 15 74 75 1 5 0 2 79 34 0 1 0 2 61 65 1 5 1 25 69
3/4 65 0 1 0 0 79 63 0 1 0 0 82 34 0 1 0 1 53 64 0 1 0 1 79 14 0 1 0 2 61
3/4 63 0 3 0 0 82 34 0 1 0 1 53 64 0 1 0 1 79 15 1 5 0 2 84 225 1 5 1 25 84
3/4 36 0 1 0 0 102 63 0 3 0 0 82 36 0 1 0 1 93 34 0 1 0 1 53 64 0 1 0 1 79 36 2 75 0 2 84
3/4 36 0 1 0 0 97 54 0 1 0 0 53 34 0 3 0 0 82 36 1 5 0 1 97 74 0 1 0 1 79 46 1 5 1 15 82 36 1 5 0 2 87 55 0 1 0 2 55 225 1 5 1 25 75
3/4 15 0 1 0 0 87 44 0 3 0 0 82 15 0 1 0 1 84 64 0 1 0 1 79 15 0 1 0 2 75 45 0 1 0 2 55
3/4 15 0 1 0 0 90 13 0 3 0 0 82 15 1 5 0 1 90 54 0 1 0 1 45 14 0 1 0 1 79 225 1 5 1 15 72 15 1 5 0 2 87 35 0 1 0 2 55 75 1 5 1 25 72
3/4 65 2 75 0 0 87 44 0 3 0 0 82 65 0 1 0 1 82 14 0 1 0 1 45 45 0 1 0 1 79 65 1 5 0 2 84 64 0 1 0 2 55 55 1 5 1 25 69
3/4 45 0 1 0 0 87 223 0 3 0 0 82 55 0 1 0 1 87 64 0 1 0 1 79 55 1 5 0 2 87 224 0 1 0 2 55 65 1 5 1 25 78
3/4 75 0 1 0 0 87 73 0 1 0 0 82 224 0 1 0 0 64 75 1 5 0 1 87 44 0 1 0 1 45 74 0 1 0 1 79 15 1 5 1 15 75 75 1 5 0 2 84 224 0 1 0 2 55 15 1 5 1 25 78
3/4 55 0 1 0 0 72 75 0 1 0 0 92 34 0 3 0 0 82 74 0 1 0 1 45 35 0 1 0 1 79 15 1 5 0 2 84 55 0 1 0 2 55 225 1 5 1 25 84
3/4 36 0 1 0 0 102 63 0 3 0 0 84 36 0 1 0 1 93 34 0 1 0 1 45 64 0 1 0 1 82 36 0 1 0 2 84 14 0 1 0 2 55
3/4 36 0 1 0 0 97 54 0 1 0 0 54 34 0 3 0 0 84 36 1 5 0 1 97 74 0 1 0 1 82 46 1 5 1 15 82 36 1 5 0 2 87 55 0 1 0 2 55 225 1 5 1 25 75
3/4 15 0 1 0 0 87 44 0 3 0 0 84 15 0 1 0 1 84 14 0 1 0 1 82 15 0 1 0 2 75 65 0 1 0 2 55
3/4 15 1 5 0 0 90 13 0 3 0 0 84 225 1 5 1 5 78 15 1 5 0 1 87 54 0 1 0 1 82 75 1 5 1 15 72 65 1 5 0 2 87 35 0 1 0 2 55 55 1 5 1 25 72
3/4 45 2 75 0 0 87 223 0 3 0 0 84 45 1 5 0 1 82 64 0 1 0 1 45 224 0 1 0 1 82 55 1 5 1 15 75 65 1 5 0 2 84 45 0 1 0 2 55 75 1 5 1 25 69
3/4 35 0 1 0 0 87 13 0 3 0 0 84 65 0 1 0 1 87 64 0 1 0 1 45 14 0 1 0 1 82 75 1 5 0 2 87 35 0 1 0 2 55 15 1 5 1 25 78
3/4 75 3 1333 0 0 87 223 0 2 0 0 84 44 0 1 0 1 45 74 0 1 0 1 82 75 1 5 1 15 69 75 1 5 0 2 84 34 0 1 0 2 55 65 1 5 1 25 69
3/4 65 0 1 0 0 84 63 0 1 0 0 72 64 0 1 0 1 48 14 0 1 0 1 71
3/4 63 0 3 0 0 77 34 0 1 0 1 45 64 0 1 0 1 74 14 0 1 0 2 55
3/4 63 0 3 0 0 77 34 0 1 0 1 45 64 0 1 0 1 73 65 1 5 0 2 97 14 0 1 0 2 55 75 1 5 1 25 82
3/4 15 1 5 0 0 105 63 0 3 0 0 77 65 1 5 1 5 87 36 1 15 0 1 97 34 0 1 0 1 45 64 0 1 0 1 74 14 0 1 0 2 55 15 1 5 1 25 90
3/4 75 0 1 0 0 102 54 0 1 0 0 53 34 0 3 0 0 82 36 0 1 0 1 102 74 0 1 0 1 79 75 0 1 0 2 84 55 0 1 0 2 55
3/4 65 1 5 0 0 97 44 0 3 0 0 82 45 1 5 1 5 84 15 1 15 0 1 93 64 0 1 0 1 79 45 0 1 0 2 55 65 1 5 1 25 87
3/4 55 2 175 0 0 84 13 0 3 0 0 82 54 0 1 0 1 53 35 0 1 0 1 79 55 0 1 0 2 84
3/4 45 0 1 0 0 97 223 0 3 0 0 82 55 0 1 0 1 87 64 0 1 0 1 53 224 0 1 0 1 79 65 1 5 0 2 84 45 0 1 0 2 61 75 1 5 1 25 78
3/4 35 0 1 0 0 97 13 0 3 0 0 82 65 0 1 0 1 100 64 0 1 0 1 53 14 0 1 0 1 79 75 1 5 0 2 87 35 0 1 0 2 61 15 1 5 1 25 93
3/4 225 0 1 0 0 109 73 0 3 0 0 82 225 1 5 0 1 102 44 0 1 0 1 53 74 0 1 0 1 79 15 1 5 1 15 82 75 1 5 0 2 87 224 0 1 0 2 61 65 1 5 1 25 75
3/4 55 0 1 0 0 56 75 0 1 0 0 87 34 0 3 0 0 82 74 0 2 0 1 79 65 1 5 0 2 87 75 1 5 1 25 74
3/4 15 1 5 0 0 97 63 0 3 0 0 77 65 1 5 1 5 79 36 1 15 0 1 87 34 0 1 0 1 45 64 0 1 0 1 74 14 0 1 0 2 55 15 1 5 1 25 83
3/4 75 0 1 0 0 93 54 0 1 0 0 53 34 0 3 0 0 82 36 0 1 0 1 93 74 0 1 0 1 79 75 0 1 0 2 76 55 0 1 0 2 55
3/4 65 1 5 0 0 87 44 0 3 0 0 82 45 1 5 1 5 76 45 0 1 0 1 87 64 0 1 0 1 79 55 1 5 0 2 84 14 0 1 0 2 55 65 1 5 1 25 79
3/4 35 2 175 0 0 76 13 0 3 0 0 82 54 0 1 0 1 53 14 0 1 0 1 79 35 1 5 1 25 76
3/4 45 0 1 0 0 87 223 0 3 0 0 82 55 0 1 0 1 79 64 0 1 0 1 53 224 0 1 0 1 79 65 1 5 0 2 76 45 0 1 0 2 61 75 1 5 1 25 71
3/4 35 0 1 0 0 87 13 0 3 0 0 82 65 0 1 0 1 90 64 0 1 0 1 53 14 0 1 0 1 79 75 1 5 0 2 79 35 0 1 0 2 61 15 1 5 1 25 86
3/4 225 0 1 0 0 100 73 0 2 0 0 82 225 1 5 0 1 93 44 0 1 0 1 53 74 0 1 0 1 79 15 1 5 1 15 74 75 1 5 0 2 79 34 0 1 0 2 61 65 1 5 1 25 69
3/4 65 0 1 0 0 79 63 0 1 0 0 82 34 0 1 0 1 53 64 0 1 0 1 79 14 0 1 0 2 61
3/4 63 0 3 0 0 82 34 0 1 0 1 53 64 0 1 0 1 79 15 1 5 0 2 84 225 1 5 1 25 84
3/4 36 0 1 0 0 102 63 0 3 0 0 82 36 0 1 0 1 93 34 0 1 0 1 53 64 0 1 0 1 79 36 2 75 0 2 84
3/4 36 0 1 0 0 97 54 0 1 0 0 53 34 0 3 0 0 82 36 1 5 0 1 97 74 0 1 0 1 79 46 1 5 1 15 82 36 1 5 0 2 87 55 0 1 0 2 55 225 1 5 1 25 75
3/4 15 0 1 0 0 87 44 0 3 0 0 82 15 0 1 0 1 84 64 0 1 0 1 79 15 0 1 0 2 75 45 0 1 0 2 55
3/4 15 0 1 0 0 90 13 0 3 0 0 82 15 1 5 0 1 90 54 0 1 0 1 45 14 0 1 0 1 79 225 1 5 1 15 72 15 1 5 0 2 87 35 0 1 0 2 55 75 1 5 1 25 72
3/4 65 2 75 0 0 87 44 0 3 0 0 82 65 0 1 0 1 82 14 0 1 0 1 45 45 0 1 0 1 79 65 1 5 0 2 84 64 0 1 0 2 55 55 1 5 1 25 69
3/4 45 0 1 0 0 87 223 0 3 0 0 82 55 0 1 0 1 87 64 0 1 0 1 79 55 1 5 0 2 87 224 0 1 0 2 55 65 1 5 1 25 78
3/4 75 0 1 0 0 87 73 0 1 0 0 82 224 0 1 0 0 64 75 1 5 0 1 87 44 0 1 0 1 45 74 0 1 0 1 79 15 1 5 1 15 75 75 1 5 0 2 84 224 0 1 0 2 55 15 1 5 1 25 78
3/4 55 0 1 0 0 72 75 0 1 0 0 92 34 0 3 0 0 82 74 0 1 0 1 45 35 0 1 0 1 79 15 1 5 0 2 84 55 0 1 0 2 55 225 1 5 1 25 84
3/4 36 0 1 0 0 102 63 0 3 0 0 84 36 0 1 0 1 93 34 0 1 0 1 45 64 0 1 0 1 82 36 0 1 0 2 84 14 0 1 0 2 55
3/4 36 0 1 0 0 97 54 0 1 0 0 54 34 0 3 0 0 84 36 1 5 0 1 97 74 0 1 0 1 82 46 1 5 1 15 82 36 1 5 0 2 87 55 0 1 0 2 55 225 1 5 1 25 75
3/4 15 0 1 0 0 87 44 0 3 0 0 84 15 0 1 0 1 84 14 0 1 0 1 82 15 0 1 0 2 75 65 0 1 0 2 55
3/4 15 1 5 0 0 90 13 0 3 0 0 84 225 1 5 1 5 78 15 1 5 0 1 87 54 0 1 0 1 82 75 1 5 1 15 72 65 1 5 0 2 87 35 0 1 0 2 55 55 1 5 1 25 72
3/4 45 2 75 0 0 87 223 0 3 0 0 84 45 1 5 0 1 82 64 0 1 0 1 45 224 0 1 0 1 82 55 1 5 1 15 75 65 1 5 0 2 84 45 0 1 0 2 55 75 1 5 1 25 69
3/4 35 0 1 0 0 87 13 0 3 0 0 84 65 0 1 0 1 87 64 0 1 0 1 45 14 0 1 0 1 82 75 1 5 0 2 87 35 0 1 0 2 55 15 1 5 1 25 78
3/4 75 3 1333 0 0 87 223 0 2 0 0 84 44 0 1 0 1 45 74 0 1 0 1 82 75 1 5 1 15 69 75 1 5 0 2 84 34 0 1 0 2 55 65 1 5 1 25 69
3/4 65 0 1 0 0 84 63 0 1 0 0 72 64 0 1 0 1 48 14 0 1 0 1 71
3/4 63 0 3 0 0 77 34 0 1 0 1 45 64 0 1 0 1 74 14 0 1 0 2 55
3/4 63 0 3 0 0 82 34 0 1 0 1 45 64 0 1 0 1 79 14 0 1 0 2 55
3/4 63 0 3 0 0 77 34 0 1 0 1 45 64 0 1 0 1 74 14 0 1 0 2 55
3/4 63 0 3 0 0 82 34 0 1 0 1 45 64 0 1 0 1 79 65 1 5 0 2 104 14 0 1 0 2 55 75 1 5 1 25 87
3/4 15 1 5 0 0 113 62 0 1 0 0 96 65 1 5 1 5 93 36 1 15 0 1 104 33 0 1 0 1 84 13 0 1 0 2 55 15 1 5 1 25 97
3/4 75 0 1 0 0 110 33 0 1 0 0 96 55 0 3 0 0 64 36 0 1 0 1 110 73 0 1 0 1 53 75 0 1 0 2 90 54 0 1 0 2 55
3/4 65 1 5 0 0 104 43 0 1 0 0 96 45 1 5 1 5 90 15 1 15 0 1 100 13 0 1 0 1 53 64 0 1 0 2 55 65 1 5 1 25 93
3/4 55 2 175 0 0 90 12 0 3 0 0 96 53 0 1 0 1 56 34 0 1 0 1 70 55 0 1 0 2 90
3/4 45 0 1 0 0 104 222 0 1 0 0 96 55 0 1 0 1 93 63 0 1 0 1 53 65 1 5 0 2 90 44 0 1 0 2 55 75 1 5 1 25 84
3/4 35 0 1 0 0 104 12 0 1 0 0 96 65 0 1 0 1 108 63 0 1 0 1 53 75 1 5 0 2 93 34 0 1 0 2 55 15 1 5 1 25 100
3/4 225 0 1 0 0 116 72 0 1 0 0 96 45 0 3 0 0 64 225 1 5 0 1 110 43 0 1 0 1 84 15 1 5 1 15 87 75 1 5 0 2 93 223 0 1 0 2 55 65 1 5 1 25 82
3/4 75 0 2 0 0 93 33 0 1 0 0 96 73 0 1 0 1 56 54 0 1 0 1 70 65 1 5 0 2 93 75 1 5 1 25 78
3/4 15 1 5 0 0 104 62 0 1 0 0 96 65 1 5 1 5 86 36 1 15 0 1 93 33 0 1 0 1 84 13 0 1 0 2 55 15 1 5 1 25 89
3/4 75 0 1 0 0 100 33 0 1 0 0 96 55 0 3 0 0 64 36 0 1 0 1 100 73 0 1 0 1 53 75 0 1 0 2 83 54 0 1 0 2 55
3/4 65 1 5 0 0 93 43 0 1 0 0 96 45 1 5 1 5 83 45 0 1 0 1 93 13 0 1 0 1 53 55 1 5 0 2 90 64 0 1 0 2 55 65 1 5 1 25 86
3/4 35 2 175 0 0 83 12 0 3 0 0 96 53 0 1 0 1 56 34 0 1 0 1 70 35 0 1 0 2 83
3/4 45 0 1 0 0 93 222 0 1 0 0 96 55 0 1 0 1 86 63 0 1 0 1 53 65 1 5 0 2 83 44 0 1 0 2 55 75 1 5 1 25 75
3/4 35 0 1 0 0 93 12 0 1 0 0 96 65 0 1 0 1 97 63 0 1 0 1 53 75 1 5 0 2 86 34 0 1 0 2 55 15 1 5 1 25 92
3/4 225 0 1 0 0 108 72 0 2 0 0 96 45 0 3 0 0 64 225 1 5 0 1 100 43 0 1 0 1 45 223 0 1 0 1 59 15 1 5 1 15 78 75 1 5 0 2 86 33 0 1 0 2 55 65 1 5 1 25 74
3/4 14 0 1 0 0 76 65 0 1 0 0 86 62 0 1 0 0 96 33 0 1 0 1 84 13 0 1 0 2 55
3/4 62 0 1 0 0 87 33 0 1 0 1 76 15 1 5 0 2 90 13 0 1 0 2 55 225 1 5 1 25 90
3/4 36 0 1 0 0 110 62 0 1 0 0 87 15 0 3 0 0 64 36 0 1 0 1 100 33 0 1 0 1 76 36 0 1 0 2 90 13 0 1 0 2 55
3/4 36 0 1 0 0 104 33 0 1 0 0 87 55 0 3 0 0 64 36 1 5 0 1 104 73 0 1 0 1 53 46 1 5 1 15 87 36 1 5 0 2 93 54 0 1 0 2 55 225 1 5 1 25 82
3/4 15 0 1 0 0 104 43 0 1 0 0 87 65 0 3 0 0 64 15 0 1 0 1 90 13 0 1 0 1 53 15 0 1 0 2 82 64 0 1 0 2 55
3/4 15 0 1 0 0 104 12 0 1 0 0 87 35 0 3 0 0 64 15 0 1 0 1 97 53 0 1 0 1 76 225 3 333 0 2 93 34 0 1 0 2 55 15 3 333 3 2333 84 75 3 333 3 2667 68
3/4 65 2 75 0 0 93 43 0 1 0 0 87 65 0 1 0 1 87 13 0 1 0 1 53 65 1 5 0 2 90 64 0 1 0 2 55 55 1 5 1 25 74
3/4 45 0 1 0 0 93 222 0 1 0 0 87 224 0 3 0 0 64 55 0 1 0 1 93 63 0 1 0 1 53 55 1 5 0 2 93 44 0 1 0 2 55 65 1 5 1 25 84
3/4 75 0 1 0 0 93 72 0 1 0 0 87 224 0 3 0 0 64 75 1 5 0 1 93 43 0 1 0 1 76 15 1 5 1 15 82 75 1 5 0 2 90 223 0 1 0 2 55 15 1 5 1 25 84
3/4 55 0 1 0 0 76 75 0 1 0 0 98 33 0 1 0 0 87 73 0 1 0 1 53 15 1 5 0 2 90 54 0 1 0 2 55 225 1 5 1 25 90
3/4 36 0 1 0 0 110 62 0 1 0 0 87 15 0 3 0 0 64 36 0 1 0 1 100 33 0 1 0 1 76 36 0 1 0 2 90 13 0 1 0 2 55
3/4 36 0 1 0 0 104 33 0 1 0 0 87 55 0 3 0 0 64 36 1 5 0 1 104 73 0 1 0 1 53 46 1 5 1 15 87 36 1 5 0 2 93 54 0 1 0 2 55 225 1 5 1 25 82
3/4 15 0 1 0 0 93 43 0 1 0 0 87 65 0 3 0 0 64 15 0 1 0 1 90 13 0 1 0 1 53 15 0 1 0 2 82 64 0 1 0 2 55
3/4 15 1 5 0 0 97 12 0 1 0 0 87 35 0 3 0 0 64 225 1 5 1 5 84 15 1 5 0 1 93 53 0 1 0 1 76 75 1 5 1 15 76 65 1 5 0 2 93 34 0 1 0 2 55 55 1 5 1 25 76
3/4 45 2 75 0 0 93 222 0 1 0 0 87 45 1 5 0 1 87 63 0 1 0 1 53 55 1 5 1 15 82 65 1 5 0 2 90 44 0 1 0 2 55 75 1 5 1 25 74
3/4 35 0 1 0 0 93 12 0 1 0 0 87 65 0 1 0 1 93 63 0 1 0 1 53 75 1 5 0 2 93 34 0 1 0 2 55 15 1 5 1 25 84
3/4 75 3 1333 0 0 93 72 0 2 0 0 87 45 0 3 0 0 64 43 0 1 0 1 45 223 0 1 0 1 59 75 1 5 1 15 74 75 1 5 0 2 90 33 0 1 0 2 55 65 1 5 1 25 74
3/4 14 0 1 0 0 76 65 0 1 0 0 90 62 0 1 0 0 87 33 0 1 0 1 56 13 0 1 0 1 70
3/4 62 0 1 0 0 96 33 0 1 0 1 84 13 0 1 0 2 55
3/4 62 0 1 0 0 96 33 0 1 0 1 84 65 1 5 0 2 104 13 0 1 0 2 55 75 1 5 1 25 87
3/4 15 1 5 0 0 113 62 0 1 0 0 96 65 1 5 1 5 93 36 1 15 0 1 104 33 0 1 0 1 84 13 0 1 0 2 55 15 1 5 1 25 97
3/4 75 0 1 0 0 110 33 0 1 0 0 96 55 0 3 0 0 64 36 0 1 0 1 110 73 0 1 0 1 53 75 0 1 0 2 90 54 0 1 0 2 55
3/4 65 1 5 0 0 104 43 0 1 0 0 96 45 1 5 1 5 90 15 1 15 0 1 100 13 0 1 0 1 53 64 0 1 0 2 55 65 1 5 1 25 93
3/4 55 2 175 0 0 90 12 0 3 0 0 96 53 0 1 0 1 56 34 0 1 0 1 70 55 0 1 0 2 90
3/4 45 0 1 0 0 104 222 0 1 0 0 96 55 0 1 0 1 93 63 0 1 0 1 53 65 1 5 0 2 90 44 0 1 0 2 55 75 1 5 1 25 84
3/4 35 0 1 0 0 104 12 0 1 0 0 96 65 0 1 0 1 108 63 0 1 0 1 53 75 1 5 0 2 93 34 0 1 0 2 55 15 1 5 1 25 100
3/4 225 0 1 0 0 116 72 0 1 0 0 96 45 0 3 0 0 64 225 1 5 0 1 110 43 0 1 0 1 84 15 1 5 1 15 87 75 1 5 0 2 93 223 0 1 0 2 55 65 1 5 1 25 82
3/4 75 0 2 0 0 93 33 0 1 0 0 96 73 0 1 0 1 56 54 0 1 0 1 70 65 1 5 0 2 93 75 1 5 1 25 78
3/4 15 1 5 0 0 104 62 0 1 0 0 96 65 1 5 1 5 86 36 1 15 0 1 93 33 0 1 0 1 84 13 0 1 0 2 55 15 1 5 1 25 89
3/4 75 0 1 0 0 100 33 0 1 0 0 96 55 0 3 0 0 64 36 0 1 0 1 100 73 0 1 0 1 53 75 0 1 0 2 83 54 0 1 0 2 55
3/4 65 1 5 0 0 93 43 0 1 0 0 96 45 1 5 1 5 83 45 0 1 0 1 93 13 0 1 0 1 53 55 1 5 0 2 90 64 0 1 0 2 55 65 1 5 1 25 86
3/4 35 2 175 0 0 83 12 0 3 0 0 96 53 0 1 0 1 56 34 0 1 0 1 70 35 0 1 0 2 83
3/4 45 0 1 0 0 93 222 0 1 0 0 96 55 0 1 0 1 86 63 0 1 0 1 65 65 1 5 0 2 83 44 0 1 0 2 67 75 1 5 1 25 75
3/4 35 0 1 0 0 93 12 0 1 0 0 96 65 0 1 0 1 97 63 0 1 0 1 65 75 1 5 0 2 86 34 0 1 0 2 67 15 1 5 1 25 92
3/4 225 0 1 0 0 108 72 0 2 0 0 96 45 0 3 0 0 64 225 1 5 0 1 100 43 0 1 0 1 57 223 0 1 0 1 71 15 1 5 1 15 78 75 1 5 0 2 86 33 0 1 0 2 72 65 1 5 1 25 74
3/4 14 0 1 0 0 76 65 0 1 0 0 86 63 0 1 0 0 92 34 0 1 0 1 57 64 0 1 0 1 88 14 0 1 0 2 78
3/4 63 0 3 0 0 94 34 0 1 0 1 57 64 0 1 0 1 91 14 0 1 0 2 70
3/4 63 0 3 0 0 88 34 0 1 0 1 56 64 0 1 0 1 84 64 0 1 0 2 56 14 0 1 0 2 73
3/4 14 0 1 0 0 56 35 0 1 0 0 83 35 0 1 0 1 44 65 0 1 0 1 71 15 1 5 0 2 77 65 0 1 0 2 53 225 1 5 1 25 77
3/4 36 0 1 0 0 93 63 0 3 0 0 82 36 0 1 0 1 85 34 0 1 0 1 53 64 0 1 0 1 79 36 2 75 0 2 77
3/4 36 0 1 0 0 89 54 0 1 0 0 53 34 0 3 0 0 82 36 1 5 0 1 89 74 0 1 0 1 79 46 1 5 1 15 75 36 1 5 0 2 80 55 0 1 0 2 55 225 1 5 1 25 69
3/4 15 0 1 0 0 80 44 0 3 0 0 82 15 0 1 0 1 77 64 0 1 0 1 79 15 0 1 0 2 69 45 0 1 0 2 55
3/4 15 0 1 0 0 82 13 0 3 0 0 82 15 1 5 0 1 82 54 0 1 0 1 45 14 0 1 0 1 79 225 1 5 1 15 66 15 1 5 0 2 80 35 0 1 0 2 55 75 1 5 1 25 66
3/4 65 2 75 0 0 80 44 0 3 0 0 82 65 0 1 0 1 75 14 0 1 0 1 45 45 0 1 0 1 79 65 1 5 0 2 77 64 0 1 0 2 55 55 1 5 1 25 63
3/4 45 0 1 0 0 80 223 0 3 0 0 82 55 0 1 0 1 80 64 0 1 0 1 79 55 1 5 0 2 80 224 0 1 0 2 55 65 1 5 1 25 71
3/4 75 0 1 0 0 80 73 0 1 0 0 82 224 0 1 0 0 64 75 1 5 0 1 80 44 0 1 0 1 45 74 0 1 0 1 79 15 1 5 1 15 69 75 1 5 0 2 77 224 0 1 0 2 55 15 1 5 1 25 71
3/4 55 0 1 0 0 56 75 0 1 0 0 84 34 0 3 0 0 82 74 0 1 0 1 45 35 0 1 0 1 79 15 1 5 0 2 80 55 0 1 0 2 55 225 1 5 1 25 80
3/4 36 0 1 0 0 97 63 0 3 0 0 82 36 0 1 0 1 89 34 0 1 0 1 45 64 0 1 0 1 79 36 0 1 0 2 80 14 0 1 0 2 55
3/4 36 0 1 0 0 93 54 0 1 0 0 53 34 0 3 0 0 82 36 1 5 0 1 93 74 0 1 0 1 79 46 1 5 1 15 78 36 1 5 0 2 83 55 0 1 0 2 55 225 1 5 1 25 72
3/4 15 0 1 0 0 83 44 0 3 0 0 82 15 0 1 0 1 80 14 0 1 0 1 79 15 0 1 0 2 72 65 0 1 0 2 55
3/4 15 1 5 0 0 86 13 0 3 0 0 82 225 1 5 1 5 74 15 1 5 0 1 83 54 0 1 0 1 79 75 1 5 1 15 69 65 1 5 0 2 83 35 0 1 0 2 55 55 1 5 1 25 69
3/4 45 2 75 0 0 83 223 0 3 0 0 82 45 1 5 0 1 78 64 0 1 0 1 45 224 0 1 0 1 79 55 1 5 1 15 72 65 1 5 0 2 80 45 0 1 0 2 55 75 1 5 1 25 66
3/4 35 0 1 0 0 83 13 0 3 0 0 82 65 0 1 0 1 83 64 0 1 0 1 45 14 0 1 0 1 79 75 1 5 0 2 83 35 0 1 0 2 55 15 1 5 1 25 74
3/4 75 0 1 0 0 83 223 0 1 0 0 82 44 0 1 0 1 45 74 0 1 0 1 79 75 1 5 0 2 80 34 0 1 0 2 55 65 1 5 1 25 66
3/4 65 0 1 0 0 80 63 0 1 0 0 79 34 0 1 0 1 45 64 0 1 0 1 76 14 0 1 0 2 55
3/4 63 0 3 0 0 94 34 0 1 0 1 45 64 0 1 0 1 91 14 0 1 0 2 55
3/4 63 0 3 0 0 88 34 0 1 0 1 45 64 0 1 0 1 84 64 0 1 0 2 55 14 0 1 0 2 55
3/4 14 0 1 0 0 56 35 0 1 0 0 57 35 0 1 0 1 44 65 0 1 0 1 53 65 0 1 0 2 53 15 0 1 0 2 55
3/4 63 0 1 0 0 56 34 0 1 0 0 70 35 0 1 2 25 56 15 0 1 2 25 70
