6/8
6/8 64 2 25 1 25 93 74 2 25 2 275 93
6/8 14 2 25 0 0 93 64 2 25 2 25 93 35 2 75 1 5 93 14 2 25 2 125 93 74 1 5 1 15 93 35 1 5 0 2 93 74 1 5 1 25 93
6/8 64 2 25 0 0 93 44 2 25 2 25 93 14 2 75 1 5 93 64 2 25 2 125 93 54 0 1 1 15 93 64 2 25 1 25 93 54 2 25 2 275 93
6/8 44 1 5 0 0 93 54 1 5 1 5 93 64 2 25 0 1 93 74 2 25 2 125 93 34 1 5 1 15 93 64 1 5 0 2 93 74 2 25 1 25 93 14 2 25 2 275 93
6/8 224 1 5 0 0 93 224 2 25 1 5 93 14 2 25 2 75 93 74 2 25 0 1 93 64 2 25 2 125 93 74 2 75 1 15 93 64 2 25 1 25 92 74 2 25 2 275 94
6/8 14 2 25 0 0 93 64 2 25 2 25 93 35 2 75 1 5 93 14 2 25 2 125 93 74 1 5 1 15 93 35 1 5 0 2 93 74 1 5 1 25 93
6/8 64 2 25 0 0 93 44 2 25 2 25 93 44 1 5 1 5 93 54 2 25 0 1 93 64 2 25 2 125 93 34 0 1 1 15 93 34 2 25 2 275 93
6/8 44 1 5 0 0 93 54 1 5 1 5 93 64 2 25 0 1 93 74 2 25 2 125 93 34 1 5 1 15 93 64 1 5 0 2 93 74 2 25 1 25 93 14 2 25 2 275 93
6/8 224 2 25 0 0 93 224 2 25 1 5 93 14 2 25 2 75 93 74 2 25 0 1 93 64 2 25 2 125 93 64 1 15 1 15 93
6/8 14 2 25 0 1 95 224 2 25 2 125 95 35 1 5 1 15 95 35 1 5 0 2 95 35 1 5 1 25 95
6/8 35 1 5 0 0 95 35 2 25 1 5 95 45 2 25 2 75 96 35 2 25 0 1 95 224 2 25 2 125 95 14 1 5 1 15 96 14 1 5 0 2 96 14 1 5 1 25 96
6/8 14 1 5 0 0 96 14 2 25 1 5 96 224 2 25 2 75 96 14 2 25 0 1 96 74 2 25 2 125 96 64 2 25 1 15 96 64 2 25 0 2 96 64 2 25 1 25 96 54 2 25 2 275 96
6/8 44 1 5 0 0 96 54 1 5 1 5 95 54 2 25 0 1 95 64 2 25 2 125 95 74 2 25 1 15 95 74 2 25 0 2 95 14 2 25 2 225 95 74 2 25 1 25 95 14 2 25 2 275 95
6/8 74 2 75 0 0 95 14 2 25 0 1 95 224 2 25 2 125 95 35 1 5 1 15 98 35 1 5 0 2 98 35 1 5 1 25 98
6/8 35 1 5 0 0 98 35 2 25 1 5 98 45 2 25 2 75 98 35 2 25 0 1 98 224 2 25 2 125 98 14 1 5 1 15 98 14 1 5 0 2 98 14 1 5 1 25 97
6/8 14 2 25 0 0 97 224 2 25 2 25 97 14 2 25 1 5 97 74 2 25 2 75 97 64 2 25 0 1 97 54 2 25 2 125 97 44 2 25 2 175 97 44 2 25 0 2 97 54 2 25 2 225 97 64 2 25 1 25 97 74 2 25 2 275 97
6/8 34 1 5 0 0 97 64 1 5 1 5 97 74 2 25 0 1 96 14 2 25 2 125 96 74 2 75 1 15 96 74 2 25 2 225 96 74 2 25 1 25 96 64 2 25 2 275 96
6/8 64 2 75 0 0 96
6/8 64 2 25 0 1 93 74 2 25 2 125 93 14 2 25 1 15 93 64 2 25 2 175 93 35 2 75 0 2 93 14 2 25 2 275 93
6/8 74 1 5 0 0 93 35 1 5 1 5 93 74 1 5 0 1 93 64 2 25 1 15 93 44 2 25 2 175 93 14 2 75 0 2 93 64 2 25 2 275 93
6/8 54 0 1 0 0 93 64 2 25 0 1 93 54 2 25 2 125 93 44 1 5 1 15 93 54 1 5 0 2 93 64 2 25 1 25 93 74 2 25 2 275 93
6/8 34 1 5 0 0 93 64 1 5 1 5 93 74 2 25 0 1 93 14 2 25 2 125 93 224 1 5 1 15 93 224 2 25 0 2 93 14 2 25 2 225 93 74 2 25 1 25 93 64 2 25 2 275 93
6/8 74 2 75 0 0 93 64 2 25 0 1 92 74 2 25 2 125 94 14 2 25 1 15 93 64 2 25 2 175 93 35 2 75 0 2 93 14 2 25 2 275 93
6/8 74 1 5 0 0 93 35 1 5 1 5 93 74 1 5 0 1 93 64 2 25 1 15 93 44 2 25 2 175 93 44 1 5 0 2 93 54 2 25 1 25 93 64 2 25 2 275 93
6/8 34 2 75 0 0 93 34 1 5 0 1 93 44 1 5 1 15 93 54 1 5 0 2 93 64 2 25 1 25 93 74 2 25 2 275 93
6/8 34 1 5 0 0 93 64 1 5 1 5 93 74 2 25 0 1 93 14 2 25 2 125 93 224 2 25 1 15 93 224 2 25 0 2 93 14 2 25 2 225 93 74 2 25 1 25 93 64 2 25 2 275 93
6/8 64 1 15 0 0 93
6/8 14 2 25 0 1 95 224 2 25 2 125 95 35 1 5 1 15 95 35 1 5 0 2 95 35 1 5 1 25 95
6/8 35 1 5 0 0 95 35 2 25 1 5 95 45 2 25 2 75 96 35 2 25 0 1 95 224 2 25 2 125 95 14 1 5 1 15 96 14 1 5 0 2 96 14 1 5 1 25 96
6/8 14 1 5 0 0 96 14 2 25 1 5 96 224 2 25 2 75 96 14 2 25 0 1 96 74 2 25 2 125 96 64 2 25 1 15 96 64 2 25 0 2 96 64 2 25 1 25 96 54 2 25 2 275 96
6/8 44 1 5 0 0 96 54 1 5 1 5 95 54 2 25 0 1 95 64 2 25 2 125 95 74 2 25 1 15 95 74 2 25 0 2 95 14 2 25 2 225 95 74 2 25 1 25 95 14 2 25 2 275 95
6/8 74 2 75 0 0 95 14 2 25 0 1 95 224 2 25 2 125 95 35 1 5 1 15 98 35 1 5 0 2 98 35 1 5 1 25 98
6/8 35 1 5 0 0 98 35 2 25 1 5 98 45 2 25 2 75 98 35 2 25 0 1 98 224 2 25 2 125 98 14 1 5 1 15 98 14 1 5 0 2 98 14 1 5 1 25 97
6/8 14 2 25 0 0 97 224 2 25 2 25 97 14 2 25 1 5 97 74 2 25 2 75 97 64 2 25 0 1 97 54 2 25 2 125 97 44 2 25 0 2 97 54 2 25 2 225 97 64 2 25 1 25 97 74 2 25 2 275 97
6/8 34 1 5 0 0 97 64 1 5 1 5 96 74 2 25 0 1 96 14 2 25 2 125 96 74 2 75 1 15 96 74 2 25 2 225 96 74 2 25 1 25 96 64 2 25 2 275 96
6/8 64 0 3 0 0 96
6/8 64 1 15 0 0 96 64 2 25 1 25 93 74 2 25 2 275 93
6/8 14 2 25 0 0 93 64 2 25 2 25 93 35 2 75 1 5 93 14 2 25 2 125 93 74 1 5 1 15 93 35 1 5 0 2 93 74 1 5 1 25 93
6/8 64 2 25 0 0 93 44 2 25 2 25 93 14 2 75 1 5 93 64 2 25 2 125 93 54 0 1 1 15 93 64 2 25 1 25 93 54 2 25 2 275 93
6/8 44 1 5 0 0 93 54 1 5 1 5 93 64 2 25 0 1 93 74 2 25 2 125 93 34 1 5 1 15 93 64 1 5 0 2 93 74 2 25 1 25 93 14 2 25 2 275 93
6/8 224 1 5 0 0 93 224 2 25 1 5 93 14 2 25 2 75 93 74 2 25 0 1 93 64 2 25 2 125 93 74 2 75 1 15 93 64 2 25 1 25 92 74 2 25 2 275 94
6/8 14 2 25 0 0 93 64 2 25 2 25 93 35 2 75 1 5 93 14 2 25 2 125 93 74 1 5 1 15 93 35 1 5 0 2 93 74 1 5 1 25 93
6/8 64 2 25 0 0 93 44 2 25 2 25 93 44 1 5 1 5 93 54 2 25 0 1 93 64 2 25 2 125 93 34 2 75 1 15 93 34 1 5 1 25 93
6/8 44 1 5 0 0 93 54 1 5 1 5 93 64 2 25 0 1 93 74 2 25 2 125 93 34 1 5 1 15 93 64 1 5 0 2 93 74 2 25 1 25 93 14 2 25 2 275 93
6/8 224 2 25 0 0 93 224 2 25 1 5 93 14 2 25 2 75 93 74 2 25 0 1 93 64 2 25 2 125 93 64 1 15 1 15 93
6/8 14 2 25 0 1 95 224 2 25 2 125 95 35 1 5 1 15 95 35 1 5 0 2 95 35 1 5 1 25 95
6/8 35 1 5 0 0 95 35 2 25 1 5 95 45 2 25 2 75 96 35 2 25 0 1 95 224 2 25 2 125 95 14 1 5 1 15 96 14 1 5 0 2 96 14 1 5 1 25 96
6/8 14 1 5 0 0 96 14 2 25 1 5 96 224 2 25 2 75 96 14 2 25 0 1 96 74 2 25 2 125 96 64 2 25 1 15 96 64 2 25 0 2 96 64 2 25 1 25 96 54 2 25 2 275 96
6/8 44 1 5 0 0 96 54 1 5 1 5 95 54 2 25 0 1 95 64 2 25 2 125 95 74 2 25 1 15 95 74 2 25 0 2 95 14 2 25 2 225 95 74 2 25 1 25 95 14 2 25 2 275 95
6/8 74 2 75 0 0 95 14 2 25 0 1 95 224 2 25 2 125 95 35 1 5 1 15 98 35 1 5 0 2 98 35 1 5 1 25 98
6/8 35 1 5 0 0 98 35 2 25 1 5 98 45 2 25 2 75 98 35 2 25 0 1 98 224 2 25 2 125 98 14 1 5 1 15 98 14 1 5 0 2 98 14 1 5 1 25 97
6/8 14 2 25 0 0 97 224 2 25 2 25 97 14 2 25 1 5 97 74 2 25 2 75 97 64 2 25 0 1 97 54 2 25 2 125 97 44 1 5 1 15 96 44 2 25 0 2 97 54 2 25 2 225 97 64 2 25 1 25 97 74 2 25 2 275 97
6/8 34 1 5 0 0 97 64 1 5 1 5 96 74 2 25 0 1 96 14 2 25 2 125 96 74 2 75 1 15 96 74 2 25 2 225 96 74 2 25 1 25 96 64 2 25 2 275 96
6/8 64 2 75 0 0 96
6/8 64 2 25 0 1 93 74 2 25 2 125 93 14 2 25 1 15 93 64 2 25 2 175 93 35 2 75 0 2 93 14 2 25 2 275 93
6/8 74 1 5 0 0 93 35 1 5 1 5 93 74 1 5 0 1 93 64 2 25 1 15 93 44 2 25 2 175 93 14 2 75 0 2 93 64 2 25 2 275 93
6/8 54 0 1 0 0 93 64 2 25 0 1 93 54 2 25 2 125 93 44 1 5 1 15 93 54 1 5 0 2 93 64 2 25 1 25 93 74 2 25 2 275 93
6/8 34 1 5 0 0 93 64 1 5 1 5 93 74 2 25 0 1 93 14 2 25 2 125 93 224 1 5 1 15 93 224 2 25 0 2 93 14 2 25 2 225 93 74 2 25 1 25 93 64 2 25 2 275 93
6/8 74 2 75 0 0 93 64 2 25 0 1 92 74 2 25 2 125 94 14 2 25 1 15 93 64 2 25 2 175 93 35 2 75 0 2 93 14 2 25 2 275 93
6/8 74 1 5 0 0 93 35 1 5 1 5 93 74 1 5 0 1 93 64 2 25 1 15 93 44 2 25 2 175 93 44 1 5 0 2 93 54 2 25 1 25 93 64 2 25 2 275 93
6/8 34 2 75 0 0 69 34 1 5 0 1 65 44 1 5 1 15 64 54 1 5 0 2 60 64 2 25 1 25 52 74 2 25 2 275 67
6/8 34 1 5 0 0 61 64 2 75 1 5 62 54 2 25 2 125 75 44 1 5 1 15 86 54 1 5 0 2 67 64 2 25 1 25 58 74 2 25 2 275 62
6/8 34 0 1 0 0 63 64 2 25 0 1 51 54 2 25 2 125 57 44 1 5 1 15 75 54 1 5 0 2 64 64 2 25 1 25 54 74 2 25 2 275 64
6/8 34 1 5 0 0 58 64 1 5 1 5 54 74 2 25 0 1 48 14 2 25 2 125 57 224 1 5 1 15 42 224 2 25 0 2 47 14 2 25 2 225 42 74 2 25 1 25 45 64 2 25 2 275 44
6/8 64 0 3 0 0 60
6/8 14 2 25 1 25 95 224 2 25 2 275 95
6/8 35 1 5 0 0 95 35 1 5 1 5 95 35 1 5 0 1 95 35 1 5 1 15 95 35 2 25 0 2 95 45 2 25 2 225 96 35 2 25 1 25 95 224 2 25 2 275 95
6/8 14 1 5 0 0 96 14 1 5 1 5 96 14 1 5 0 1 96 14 1 5 1 15 96 14 2 25 0 2 96 224 2 25 2 225 96 14 2 25 1 25 96 74 2 25 2 275 96
6/8 64 2 25 0 0 96 64 2 25 1 5 96 64 2 25 0 1 96 54 2 25 2 125 96 44 1 5 1 15 96 54 1 5 0 2 95 54 2 25 1 25 95 64 2 25 2 275 95
6/8 74 2 25 0 0 95 74 2 25 1 5 95 14 2 25 2 75 95 74 2 25 0 1 95 14 2 25 2 125 95 74 2 75 1 15 95 14 2 25 1 25 95 224 2 25 2 275 95
6/8 35 1 5 0 0 98 35 1 5 1 5 98 35 1 5 0 1 98 35 1 5 1 15 98 35 2 25 0 2 98 45 2 25 2 225 98 35 2 25 1 25 98 224 2 25 2 275 98
6/8 14 1 5 0 0 98 14 1 5 1 5 98 14 1 5 0 1 97 14 2 25 1 15 97 224 2 25 2 175 97 14 2 25 0 2 97 74 2 25 2 225 97 64 2 25 1 25 97 54 2 25 2 275 97
6/8 44 2 25 1 5 97 54 2 25 2 75 97 64 2 25 0 1 97 74 2 25 2 125 97 34 1 5 1 15 97 64 1 5 0 2 96 74 2 25 1 25 96 14 2 25 2 275 96
6/8 74 2 75 0 0 96 74 2 25 2 75 96 74 2 25 0 1 96 64 2 25 2 125 96 64 1 15 1 15 96
6/8 64 0 3 0 0 96
6/8 63 1 5 0 0 57 64 1 5 1 5 57 34 0 1 1 5 57 14 1 5 0 1 57 63 1 5 1 15 57 64 1 5 0 2 57 34 0 1 0 2 57 14 1 5 1 25 57
6/8 63 1 5 0 0 57 64 1 5 1 5 57 34 0 1 1 5 57 14 1 5 0 1 57 63 1 5 1 15 57 64 1 5 0 2 57 34 0 1 0 2 57 14 1 5 1 25 57
6/8 63 1 5 0 0 57 64 1 5 1 5 57 34 0 1 1 5 57 14 1 5 0 1 57 54 0 1 1 15 57 34 0 1 1 15 57 35 1 5 0 2 57 74 0 1 0 2 57 55 1 5 1 25 57
6/8 64 0 1 0 0 57 44 0 1 0 0 57 65 1 5 1 5 57 14 0 1 1 5 57 45 1 5 0 1 57 54 0 1 1 15 57 13 0 1 1 15 57 14 1 5 0 2 57 34 0 1 0 2 57 35 1 5 1 25 57
6/8 223 1 5 0 0 57 64 1 5 1 5 57 44 0 1 1 5 57 224 1 5 0 1 57 13 1 5 1 15 57 64 1 5 0 2 57 34 0 1 0 2 57 14 1 5 1 25 57
6/8 44 0 1 0 0 57 73 0 1 0 0 57 74 1 5 1 5 57 44 0 1 1 5 57 224 1 5 0 1 57 34 1 5 1 15 57 74 0 1 0 2 57 54 0 1 0 2 57 35 0 1 1 25 57 74 0 1 1 25 57
6/8 63 1 5 0 0 57 64 1 5 1 5 57 34 0 1 1 5 57 14 1 5 0 1 57 54 0 1 1 15 57 34 0 1 1 15 57 35 1 5 0 2 57 74 0 1 0 2 57 55 1 5 1 25 57
6/8 64 0 1 0 0 57 44 0 1 0 0 57 65 1 5 1 5 57 14 0 1 1 5 57 45 1 5 0 1 57 54 0 1 1 15 57 13 0 1 1 15 57 14 1 5 0 2 57 34 0 1 0 2 57 35 1 5 1 25 57
6/8 223 1 5 0 0 57 64 1 5 1 5 57 44 0 1 1 5 57 224 1 5 0 1 57 13 1 5 1 15 57 64 0 1 0 2 57 34 0 1 0 2 57 14 0 1 1 25 57 64 0 1 1 25 57
6/8 44 0 1 0 0 57 73 0 1 0 0 57 74 0 1 1 5 57 44 0 1 1 5 57 35 0 1 0 1 57 34 0 1 0 1 57 63 1 5 1 15 57 64 1 5 0 2 57 34 0 1 0 2 57 14 1 5 1 25 57
6/8 63 1 5 0 0 57 64 1 5 1 5 57 34 0 1 1 5 57 14 1 5 0 1 57 63 1 5 1 15 57 64 1 5 0 2 57 34 0 1 0 2 57 14 1 5 1 25 57
6/8 54 0 1 0 0 57 34 0 1 0 0 57 55 0 1 1 5 57 74 0 1 1 5 57 75 0 1 0 1 57 35 0 1 0 1 57 44 1 5 1 15 57 14 0 1 0 2 57 64 0 1 0 2 57 45 0 1 1 25 57 14 0 1 1 25 57
6/8 13 1 5 0 0 57 14 0 1 1 5 57 34 0 1 1 5 57 35 0 1 0 1 57 54 0 1 0 1 57 44 1 5 1 15 57 45 0 1 0 2 57 64 0 1 0 2 57 14 0 1 1 25 57 44 0 1 1 25 57
6/8 223 1 5 0 0 57 64 1 5 1 5 57 44 0 1 1 5 57 224 1 5 0 1 57 73 1 5 1 15 57 44 0 1 0 2 57 223 0 1 0 2 57 224 0 1 1 25 57 44 0 1 1 25 57
6/8 34 1 5 0 0 57 35 0 1 1 5 57 74 0 1 1 5 57 55 0 1 0 1 57 35 0 1 0 1 57 63 1 5 1 15 57 64 1 5 0 2 57 34 0 1 0 2 57 14 1 5 1 25 57
6/8 54 0 1 0 0 57 34 0 1 0 0 57 55 0 1 1 5 57 74 0 1 1 5 57 75 0 1 0 1 57 35 0 1 0 1 57 44 1 5 1 15 57 14 0 1 0 2 57 64 0 1 0 2 57 45 0 1 1 25 57 14 0 1 1 25 57
6/8 13 1 5 0 0 57 55 0 1 1 5 57 34 0 1 1 5 57 35 0 1 0 1 57 54 0 1 0 1 57 223 1 5 1 15 57 64 0 1 0 2 57 44 0 1 0 2 57 45 0 1 1 25 57 224 0 1 1 25 57
6/8 13 1 5 0 0 57 64 1 5 1 5 57 34 0 1 1 5 57 14 1 5 0 1 57 223 1 5 1 15 57 35 1 5 0 2 57 74 0 1 0 2 57 55 1 5 1 25 57
6/8 63 1 5 0 0 57 64 1 5 1 5 57 34 0 1 1 5 57 14 1 5 0 1 57 63 1 5 1 15 57 64 1 5 0 2 57 34 0 1 0 2 57 14 1 5 1 25 57
6/8 63 1 5 0 0 57 64 1 5 1 5 57 34 0 1 1 5 57 14 1 5 0 1 57 63 1 5 1 15 57 64 1 5 0 2 57 34 0 1 0 2 57 14 1 5 1 25 57
6/8 54 0 1 0 0 57 34 0 1 0 0 57 35 1 5 1 5 57 74 0 1 1 5 57 55 1 5 0 1 57 64 0 1 1 15 57 44 0 1 1 15 57 65 1 5 0 2 57 14 0 1 0 2 57 45 1 5 1 25 57
6/8 54 0 1 0 0 57 13 0 1 0 0 57 14 1 5 1 5 57 34 0 1 1 5 57 35 1 5 0 1 57 223 1 5 1 15 57 64 1 5 0 2 57 44 0 1 0 2 57 224 1 5 1 25 57
6/8 13 1 5 0 0 57 64 1 5 1 5 57 34 0 1 1 5 57 14 1 5 0 1 57 44 0 1 1 15 57 73 0 1 1 15 57 74 1 5 0 2 57 44 0 1 0 2 57 224 1 5 1 25 57
6/8 34 1 5 0 0 57 74 0 1 1 5 57 54 0 1 1 5 57 35 0 1 0 1 57 74 0 1 0 1 57 63 1 5 1 15 57 64 1 5 0 2 57 34 0 1 0 2 57 14 1 5 1 25 57
6/8 54 0 1 0 0 57 34 0 1 0 0 57 35 1 5 1 5 57 74 0 1 1 5 57 55 1 5 0 1 57 64 0 1 1 15 57 44 0 1 1 15 57 65 1 5 0 2 57 14 0 1 0 2 57 45 1 5 1 25 57
6/8 54 0 1 0 0 57 13 0 1 0 0 57 14 1 5 1 5 57 34 0 1 1 5 57 35 1 5 0 1 57 223 1 5 1 15 57 64 1 5 0 2 57 44 0 1 0 2 57 224 1 5 1 25 57
6/8 13 1 5 0 0 57 64 0 1 1 5 57 34 0 1 1 5 57 14 0 1 0 1 57 64 0 1 0 1 57 44 0 1 1 15 57 73 0 1 1 15 57 74 0 1 0 2 57 44 0 1 0 2 57 35 0 1 1 25 57 34 0 1 1 25 57
6/8 63 1 5 0 0 57 64 1 5 1 5 57 34 0 1 1 5 57 14 1 5 0 1 57 63 1 5 1 15 57 64 1 5 0 2 57 34 0 1 0 2 57 14 1 5 1 25 57
6/8 63 1 5 0 0 57 64 1 5 1 5 57 34 0 1 1 5 57 14 1 5 0 1 57 63 1 5 1 15 57 64 1 5 0 2 57 34 0 1 0 2 57 14 1 5 1 25 57
6/8 54 0 1 0 0 57 34 0 1 0 0 57 55 0 1 1 5 57 74 0 1 1 5 57 75 0 1 0 1 57 35 0 1 0 1 57 44 1 5 1 15 57 14 0 1 0 2 57 64 0 1 0 2 57 45 0 1 1 25 57 14 0 1 1 25 57
6/8 13 1 5 0 0 57 14 0 1 1 5 57 34 0 1 1 5 57 35 0 1 0 1 57 54 0 1 0 1 57 44 1 5 1 15 57 45 0 1 0 2 57 64 0 1 0 2 57 14 0 1 1 25 57 44 0 1 1 25 57
6/8 223 1 5 0 0 57 64 1 5 1 5 57 44 0 1 1 5 57 224 1 5 0 1 57 73 1 5 1 15 57 44 0 1 0 2 57 223 0 1 0 2 57 224 0 1 1 25 57 44 0 1 1 25 57
6/8 34 1 5 0 0 57 35 0 1 1 5 57 74 0 1 1 5 57 55 0 1 0 1 57 35 0 1 0 1 57 63 1 5 1 15 57 64 1 5 0 2 57 34 0 1 0 2 57 14 1 5 1 25 57
6/8 54 0 1 0 0 57 34 0 1 0 0 57 55 0 1 1 5 57 74 0 1 1 5 57 75 0 1 0 1 57 35 0 1 0 1 57 44 1 5 1 15 57 14 0 1 0 2 57 64 0 1 0 2 57 45 0 1 1 25 57 14 0 1 1 25 57
6/8 13 1 5 0 0 57 55 0 1 1 5 57 34 0 1 1 5 57 35 0 1 0 1 57 54 0 1 0 1 57 223 1 5 1 15 57 64 0 1 0 2 57 44 0 1 0 2 57 45 0 1 1 25 57 224 0 1 1 25 57
6/8 13 1 5 0 0 57 64 1 5 1 5 57 34 0 1 1 5 57 14 1 5 0 1 57 223 1 5 1 15 57 35 0 1 0 2 57 74 0 1 0 2 57 55 0 1 1 25 57 34 0 1 1 25 57
6/8 63 1 5 0 0 57 64 1 5 1 5 57 34 0 1 1 5 57 14 1 5 0 1 57 63 1 5 1 15 57 64 1 5 0 2 57 34 0 1 0 2 57 14 1 5 1 25 57
6/8 63 1 5 0 0 57 64 1 5 1 5 57 34 0 1 1 5 57 14 1 5 0 1 57 63 1 5 1 15 57 64 1 5 0 2 57 34 0 1 0 2 57 14 1 5 1 25 57
6/8 63 1 5 0 0 57 64 1 5 1 5 57 34 0 1 1 5 57 14 1 5 0 1 57 54 0 1 1 15 57 34 0 1 1 15 57 35 1 5 0 2 57 74 0 1 0 2 57 55 1 5 1 25 57
6/8 64 0 1 0 0 57 44 0 1 0 0 57 65 1 5 1 5 57 14 0 1 1 5 57 45 1 5 0 1 57 54 0 1 1 15 57 13 0 1 1 15 57 14 1 5 0 2 57 34 0 1 0 2 57 35 1 5 1 25 57
6/8 223 1 5 0 0 57 64 1 5 1 5 57 44 0 1 1 5 57 224 1 5 0 1 57 13 1 5 1 15 57 64 1 5 0 2 57 34 0 1 0 2 57 14 1 5 1 25 57
6/8 44 0 1 0 0 57 73 0 1 0 0 57 74 1 5 1 5 57 44 0 1 1 5 57 224 1 5 0 1 57 34 1 5 1 15 57 74 0 1 0 2 57 54 0 1 0 2 57 35 0 1 1 25 57 74 0 1 1 25 57
6/8 63 1 5 0 0 57 64 1 5 1 5 57 34 0 1 1 5 57 14 1 5 0 1 57 54 0 1 1 15 57 34 0 1 1 15 57 35 1 5 0 2 57 74 0 1 0 2 57 55 1 5 1 25 57
6/8 64 0 1 0 0 57 44 0 1 0 0 57 65 1 5 1 5 57 14 0 1 1 5 57 45 1 5 0 1 57 54 0 1 1 15 57 13 0 1 1 15 57 14 1 5 0 2 57 34 0 1 0 2 57 35 1 5 1 25 57
6/8 223 1 5 0 0 57 64 1 5 1 5 57 44 0 1 1 5 57 224 1 5 0 1 57 13 1 5 1 15 57 64 0 1 0 2 57 34 0 1 0 2 57 14 0 1 1 25 57 64 0 1 1 25 57
6/8 44 0 1 0 0 57 73 0 1 0 0 57 74 0 1 1 5 57 44 0 1 1 5 57 35 0 1 0 1 57 34 0 1 0 1 57 63 1 5 1 15 57 64 1 5 0 2 57 34 0 1 0 2 57 14 1 5 1 25 57
6/8 63 1 5 0 0 57 64 1 5 1 5 57 34 0 1 1 5 57 14 1 5 0 1 57 63 1 5 1 15 57 64 1 5 0 2 57 34 0 1 0 2 57 14 1 5 1 25 57
6/8 54 0 1 0 0 57 34 0 1 0 0 57 55 0 1 1 5 57 74 0 1 1 5 57 75 0 1 0 1 57 35 0 1 0 1 57 44 1 5 1 15 57 14 0 1 0 2 57 64 0 1 0 2 57 45 0 1 1 25 57 14 0 1 1 25 57
6/8 13 1 5 0 0 57 14 0 1 1 5 57 34 0 1 1 5 57 35 0 1 0 1 57 54 0 1 0 1 57 44 1 5 1 15 57 45 0 1 0 2 57 64 0 1 0 2 57 14 0 1 1 25 57 44 0 1 1 25 57
6/8 223 1 5 0 0 57 64 1 5 1 5 57 44 0 1 1 5 57 224 1 5 0 1 57 73 1 5 1 15 57 44 0 1 0 2 57 223 0 1 0 2 57 224 0 1 1 25 57 44 0 1 1 25 57
6/8 34 1 5 0 0 57 35 0 1 1 5 57 74 0 1 1 5 57 55 0 1 0 1 57 35 0 1 0 1 57 63 1 5 1 15 57 64 1 5 0 2 57 34 0 1 0 2 57 14 1 5 1 25 57
6/8 54 0 1 0 0 57 34 0 1 0 0 57 55 0 1 1 5 57 74 0 1 1 5 57 75 0 1 0 1 57 35 0 1 0 1 57 44 1 5 1 15 57 14 0 1 0 2 57 64 0 1 0 2 57 45 0 1 1 25 57 14 0 1 1 25 57
6/8 13 1 5 0 0 57 55 0 1 1 5 57 34 0 1 1 5 57 35 0 1 0 1 57 54 0 1 0 1 57 223 1 5 1 15 57 64 0 1 0 2 57 44 0 1 0 2 57 45 0 1 1 25 57 224 0 1 1 25 57
6/8 13 1 5 0 0 57 64 1 5 1 5 57 34 0 1 1 5 57 14 1 5 0 1 57 223 1 5 1 15 57 35 0 1 0 2 57 74 0 1 0 2 57 55 0 1 1 25 57 34 0 1 1 25 57
6/8 63 1 5 0 0 57 64 1 5 1 5 57 34 0 1 1 5 57 14 1 5 0 1 57 63 1 5 1 15 57 64 1 5 0 2 57 34 0 1 0 2 57 14 1 5 1 25 57
6/8 63 1 5 0 0 57 64 1 5 1 5 57 34 0 1 1 5 57 14 1 5 0 1 57 63 1 5 1 15 57 64 1 5 0 2 57 34 0 1 0 2 57 14 1 5 1 25 57
6/8 54 0 1 0 0 57 34 0 1 0 0 57 35 1 5 1 5 57 74 0 1 1 5 57 55 1 5 0 1 57 64 0 1 1 15 57 44 0 1 1 15 57 65 1 5 0 2 57 14 0 1 0 2 57 45 1 5 1 25 57
6/8 54 0 1 0 0 57 13 0 1 0 0 57 14 1 5 1 5 57 34 0 1 1 5 57 35 1 5 0 1 57 223 1 5 1 15 57 64 1 5 0 2 57 44 0 1 0 2 57 224 1 5 1 25 57
6/8 13 1 5 0 0 57 64 1 5 1 5 57 34 0 1 1 5 57 14 1 5 0 1 57 44 0 1 1 15 57 73 0 1 1 15 57 74 1 5 0 2 57 44 0 1 0 2 57 224 1 5 1 25 57
6/8 34 1 5 0 0 57 74 0 1 1 5 57 54 0 1 1 5 57 35 0 1 0 1 57 74 0 1 0 1 57 63 1 5 1 15 57 64 1 5 0 2 57 34 0 1 0 2 57 14 1 5 1 25 57
6/8 54 0 1 0 0 57 34 0 1 0 0 57 35 1 5 1 5 57 74 0 1 1 5 57 55 1 5 0 1 57 64 0 1 1 15 57 44 0 1 1 15 57 65 1 5 0 2 57 14 0 1 0 2 57 45 1 5 1 25 57
6/8 54 0 1 0 0 57 13 0 1 0 0 57 14 1 5 1 5 57 34 0 1 1 5 57 35 1 5 0 1 57 223 1 5 1 15 57 64 1 5 0 2 57 44 0 1 0 2 57 224 1 5 1 25 57
6/8 13 1 5 0 0 57 34 0 1 1 5 57 34 0 1 1 5 57 223 1 5 1 15 57 64 1 5 0 2 57 44 0 1 0 2 57 224 1 5 1 25 57
6/8 13 1 5 0 0 57 14 0 1 1 5 57 34 0 1 1 5 57 223 1 5 1 15 57 64 1 5 0 2 57 44 0 1 0 2 57 224 1 5 1 25 57
6/8 13 1 5 0 0 57 64 1 5 1 5 57 34 0 1 1 5 57 14 1 5 0 1 57 73 1 5 1 15 57 74 0 1 0 2 57 54 0 1 0 2 57 35 0 1 1 25 57 34 0 1 1 25 57
6/8 63 1 5 0 0 57 64 1 5 1 5 57 34 0 1 1 5 57 14 1 5 0 1 57 63 1 5 1 15 57 64 1 5 0 2 57 34 0 1 0 2 57 14 1 5 1 25 57
6/8 63 1 5 0 0 57 64 1 5 1 5 57 34 0 1 1 5 57 14 1 5 0 1 57 35 0 1 1 15 57 14 0 1 1 15 57 65 0 1 0 2 57 14 0 1 0 2 57 15 0 1 1 25 57 35 0 1 1 25 57
6/8 63 1 5 0 0 57 64 1 5 1 5 57 34 0 1 1 5 57 14 1 5 0 1 57 54 0 1 1 15 57 34 0 1 1 15 57 55 0 1 0 2 57 74 0 1 0 2 57 75 0 1 1 25 57 35 0 1 1 25 57
6/8 44 1 5 0 0 57 14 0 1 1 5 57 64 0 1 1 5 57 45 0 1 0 1 57 14 0 1 0 1 57 13 1 5 1 15 57 14 0 1 0 2 57 34 0 1 0 2 57 35 0 1 1 25 57 54 0 1 1 25 57
6/8 44 1 5 0 0 57 45 0 1 1 5 57 64 0 1 1 5 57 14 0 1 0 1 57 44 0 1 0 1 57 223 1 5 1 15 57 64 1 5 0 2 57 44 0 1 0 2 57 224 1 5 1 25 57
6/8 73 1 5 0 0 57 44 0 1 1 5 57 223 0 1 1 5 57 224 0 1 0 1 57 44 0 1 0 1 57 34 1 5 1 15 57 35 0 1 0 2 57 74 0 1 0 2 57 55 0 1 1 25 57 35 0 1 1 25 57
6/8 63 1 5 0 0 57 64 1 5 1 5 57 34 0 1 1 5 57 14 1 5 0 1 57 54 0 1 1 15 57 34 0 1 1 15 57 55 0 1 0 2 57 74 0 1 0 2 57 75 0 1 1 25 57 35 0 1 1 25 57
6/8 44 1 5 0 0 57 14 0 1 1 5 57 64 0 1 1 5 57 45 0 1 0 1 57 14 0 1 0 1 57 13 1 5 1 15 57 55 0 1 0 2 57 34 0 1 0 2 57 35 0 1 1 25 57 54 0 1 1 25 57
6/8 223 1 5 0 0 57 64 0 1 1 5 57 44 0 1 1 5 57 45 0 1 0 1 57 224 0 1 0 1 57 13 1 5 1 15 57 64 1 5 0 2 57 34 0 1 0 2 57 14 1 5 1 25 57
6/8 223 1 5 0 0 57 35 0 1 1 5 57 74 0 1 1 5 57 55 0 1 0 1 57 34 0 1 0 1 57 63 1 5 1 15 57 64 0 1 0 2 57 34 0 1 0 2 57 14 0 1 1 25 57 64 0 1 1 25 57
6/8 35 0 1 0 0 57 14 0 1 0 0 57 65 0 1 1 5 57 35 0 1 1 5 57 15 0 1 0 1 57 35 0 1 0 1 57 36 0 1 3 1333 57 65 0 1 3 1333 64 15 0 1 3 1333 64 66 0 1 3 1333 57 35 0 1 3 1333 64 64 0 1 1 15 57 14 0 1 1 15 57
6/8 64 0 1 0 0 57 14 0 1 0 0 57
