4/4
4/4
4/4
4/4
4/4 55 1 5 1 5 95 55 1 5 0 1 95 55 1 5 1 15 95 55 1 5 0 2 95 45 1 5 1 25 95 55 1 5 0 3 95 15 1 5 1 35 95
4/4 55 1 5 0 0 95 45 3 3333 1 5 95
4/4 45 1 5 1 5 95 45 1 5 0 1 95 45 1 5 1 15 95 45 1 5 0 2 95 35 1 5 1 25 95 45 1 5 0 3 95 75 1 5 1 35 95
4/4 45 1 5 0 0 95 35 1 5 1 5 95 24 1 5 0 1 95 35 3 1333 1 15 95 14 2 25 1 35 95 24 2 25 2 375 95
4/4 35 1 5 0 0 95 35 1 5 1 5 95 35 1 5 0 1 95 35 1 5 1 15 95 35 0 1 0 2 95 14 2 25 1 35 95 24 2 25 2 375 95
4/4 35 1 5 0 0 95 35 1 5 1 5 95 35 1 5 0 1 95 35 1 5 1 15 95 24 2 75 0 2 95 35 2 25 2 275 95 14 2 25 1 35 95 24 2 25 2 375 95
4/4 35 3 667 0 0 95 35 3 667 3 667 95 35 3 667 3 1333 95 35 3 667 0 2 95 75 3 667 3 2667 95 35 3 667 3 3333 95
4/4 45 2 175 0 0 95 55 0 1 0 2 95 65 0 1 0 3 95
4/4 75 1 5 0 0 95 75 1 5 1 5 95 75 1 5 0 1 95 75 1 5 1 15 95 75 1 5 0 2 95 65 1 5 1 25 95 55 1 5 0 3 95 45 1 5 1 35 95
4/4 45 1 5 0 0 95 55 1 5 1 5 95 35 2 175 0 1 95 55 1 5 0 3 95 65 1 5 1 35 95
4/4 75 1 5 0 0 95 75 1 5 1 5 95 75 1 5 0 1 95 75 1 5 1 15 95 75 1 5 0 2 95 65 1 5 1 25 95 55 1 5 0 3 95 45 1 5 1 35 95
4/4 45 1 5 0 0 95 55 2 225 1 5 95 35 1 5 0 3 95 45 1 5 1 35 95
4/4 55 1 15 0 0 95 14 1 5 1 15 95 35 0 2 0 2 95
4/4 35 2 175 0 0 95 15 1 5 0 3 95 25 1 5 1 35 95
4/4 36 1 5 0 0 95 36 1 5 1 5 95 46 1 5 0 1 95 36 1 5 1 15 95 25 0 1 0 2 95 55 1 5 0 3 95 75 1 5 1 35 95
4/4 15 1 5 0 0 95 15 1 5 1 5 95 75 1 5 0 1 95 65 1 5 1 15 95 75 2 175 0 2 95
4/4 75 1 5 0 0 95 65 1 5 1 5 95 65 1 5 0 1 95 525 1 5 1 15 95 65 0 1 0 2 95 35 1 5 0 3 95 65 1 5 1 35 95
4/4 75 1 15 0 0 95 715 1 5 1 15 95 75 0 1 0 2 95 15 1 5 0 3 95 25 1 5 1 35 95
4/4 36 1 5 0 0 95 36 1 5 1 5 95 46 1 5 0 1 95 36 1 5 1 15 95 25 0 1 0 2 95 55 1 5 0 3 95 75 1 5 1 35 95
4/4 15 1 5 0 0 95 15 1 5 1 5 95 75 1 5 0 1 95 65 1 5 1 15 95 75 2 175 0 2 95
4/4 75 1 5 0 0 95 65 1 5 1 5 95 65 1 5 0 1 95 525 1 5 1 15 95 65 0 1 0 2 95 75 1 5 0 3 95 715 1 5 1 35 95
4/4 225 1 5 0 0 95 715 1 5 1 5 95 715 1 5 0 1 95 75 1 5 1 15 95 715 0 1 0 2 95 75 3 333 0 3 95 715 3 333 3 3333 95 225 3 333 3 3667 95
4/4 36 2 275 0 0 95 15 1 5 0 3 95 25 1 5 1 35 95
4/4 36 2 225 0 0 95 36 1 5 1 25 95 25 1 5 0 3 95 36 1 5 1 35 95
4/4 46 2 175 0 0 95 75 1 5 1 25 95 36 1 5 0 3 95 25 1 5 1 35 95
4/4 36 2 375 0 0 95
4/4
4/4
4/4
4/4
4/4 55 1 5 1 5 95 55 1 5 0 1 95 55 1 5 1 15 95 55 1 5 0 2 95 45 1 5 1 25 95 55 1 5 0 3 95 15 1 5 1 35 95
4/4 55 1 5 0 0 95 45 3 3333 1 5 95
4/4 45 1 5 1 5 95 45 1 5 0 1 95 45 1 5 1 15 95 45 1 5 0 2 95 35 1 5 1 25 95 45 1 5 0 3 95 75 1 5 1 35 95
4/4 45 1 5 0 0 95 35 1 5 1 5 95 24 1 5 0 1 95 35 3 1333 1 15 95 14 2 25 1 35 95 24 2 25 2 375 95
4/4 35 1 5 0 0 95 35 1 5 1 5 95 35 1 5 0 1 95 35 1 5 1 15 95 35 0 1 0 2 95 14 2 25 1 35 95 24 2 25 2 375 95
4/4 35 1 5 0 0 95 35 1 5 1 5 95 35 1 5 0 1 95 35 1 5 1 15 95 24 2 75 0 2 95 35 2 25 2 275 95 14 2 25 1 35 95 24 2 25 2 375 95
4/4 35 3 667 0 0 95 35 3 667 3 667 95 35 3 667 3 1333 95 35 3 667 0 2 95 75 3 667 3 2667 95 35 3 667 3 3333 95
4/4 45 2 175 0 0 95 55 0 1 0 2 95 65 0 1 0 3 95
4/4 75 1 5 0 0 95 75 1 5 1 5 95 75 1 5 0 1 95 75 1 5 1 15 95 75 1 5 0 2 95 65 1 5 1 25 95 55 1 5 0 3 95 45 1 5 1 35 95
4/4 45 1 5 0 0 95 55 1 5 1 5 95 35 2 175 0 1 95 55 1 5 0 3 95 65 1 5 1 35 95
4/4 75 1 5 0 0 95 75 1 5 1 5 95 75 1 5 0 1 95 75 1 5 1 15 95 75 1 5 0 2 95 65 1 5 1 25 95 55 1 5 0 3 95 45 1 5 1 35 95
4/4 45 1 5 0 0 95 55 2 225 1 5 95 35 1 5 0 3 95 45 1 5 1 35 95
4/4 55 1 15 0 0 95 14 1 5 1 15 95 35 0 2 0 2 95
4/4 35 2 175 0 0 95 15 1 5 0 3 95 25 1 5 1 35 95
4/4 36 1 5 0 0 95 36 1 5 1 5 95 46 1 5 0 1 95 36 1 5 1 15 95 25 0 1 0 2 95 55 1 5 0 3 95 75 1 5 1 35 95
4/4 15 1 5 0 0 95 15 1 5 1 5 95 75 1 5 0 1 95 65 1 5 1 15 95 75 2 175 0 2 95
4/4 75 1 5 0 0 95 65 1 5 1 5 95 65 1 5 0 1 95 525 1 5 1 15 95 65 0 1 0 2 95 35 1 5 0 3 95 65 1 5 1 35 95
4/4 75 1 15 0 0 95 715 1 5 1 15 95 75 0 1 0 2 95 15 1 5 0 3 95 25 1 5 1 35 95
4/4 36 1 5 0 0 95 36 1 5 1 5 95 46 1 5 0 1 95 36 1 5 1 15 95 25 0 1 0 2 95 55 1 5 0 3 95 75 1 5 1 35 95
4/4 15 1 5 0 0 95 15 1 5 1 5 95 75 1 5 0 1 95 65 1 5 1 15 95 75 2 175 0 2 95
4/4 75 1 5 0 0 95 65 1 5 1 5 95 65 1 5 0 1 95 525 1 5 1 15 95 65 0 1 0 2 95 75 1 5 0 3 95 715 1 5 1 35 95
4/4 225 1 5 0 0 95 715 1 5 1 5 95 715 1 5 0 1 95 75 1 5 1 15 95 715 0 1 0 2 95 75 3 333 0 3 95 715 3 333 3 3333 95 225 3 333 3 3667 95
4/4 36 2 275 0 0 95 15 1 5 0 3 95 25 1 5 1 35 95
4/4 36 2 225 0 0 95 36 1 5 1 25 95 25 1 5 0 3 95 36 1 5 1 35 95
4/4 46 2 175 0 0 95 75 1 5 1 25 95 36 1 5 0 3 95 25 1 5 1 35 95
4/4 36 2 375 0 0 95
4/4
4/4
4/4
4/4
4/4
4/4
4/4 15 1 5 0 3 95 25 1 5 1 35 95
4/4 36 1 5 0 0 95 36 1 5 1 5 95 46 1 5 0 1 95 36 1 5 1 15 95 25 0 1 0 2 95 55 1 5 0 3 95 75 1 5 1 35 95
4/4 15 1 5 0 0 95 15 1 5 1 5 95 75 1 5 0 1 95 65 1 5 1 15 95 75 2 175 0 2 95
4/4 75 1 5 0 0 95 65 1 5 1 5 95 65 1 5 0 1 95 525 1 5 1 15 95 65 0 1 0 2 95 35 1 5 0 3 95 65 1 5 1 35 95
4/4 75 1 15 0 0 95 715 1 5 1 15 95 75 0 1 0 2 95 15 1 5 0 3 95 25 1 5 1 35 95
4/4 36 1 5 0 0 95 36 1 5 1 5 95 46 1 5 0 1 95 36 1 5 1 15 95 25 0 1 0 2 95 55 1 5 0 3 95 75 1 5 1 35 95
4/4 15 1 5 0 0 95 15 1 5 1 5 95 75 1 5 0 1 95 65 1 5 1 15 95 75 2 175 0 2 95
4/4 75 1 5 0 0 95 65 1 5 1 5 95 65 1 5 0 1 95 525 1 5 1 15 95 65 0 1 0 2 95 75 1 5 0 3 95 715 1 5 1 35 95
4/4 225 1 5 0 0 95 715 1 5 1 5 95 715 1 5 0 1 95 75 1 5 1 15 95 715 0 1 0 2 95 75 3 333 0 3 95 715 3 333 3 3333 95 225 3 333 3 3667 95
4/4 36 2 275 0 0 95 15 1 5 0 3 95 25 1 5 1 35 95
4/4 36 2 225 0 0 95 36 1 5 1 25 95 25 1 5 0 3 95 36 1 5 1 35 95
4/4 46 2 175 0 0 95 75 1 5 1 25 95 36 1 5 0 3 95 25 1 5 1 35 95
4/4 36 2 125 0 0 95 55 1 5 1 15 95 55 1 5 0 2 95 45 1 5 1 25 95 55 1 5 0 3 95 15 1 5 1 35 95
4/4 55 1 5 0 0 95 45 1 5 1 5 95 45 2 275 0 1 95
4/4 55 1 5 0 0 95 45 3 3333 1 5 95
4/4 45 1 5 1 5 95 45 1 5 0 1 95 45 1 5 1 15 95 45 1 5 0 2 95 35 1 5 1 25 95 45 1 5 0 3 95 75 1 5 1 35 95
4/4 45 1 5 0 0 95 35 1 5 1 5 95 24 1 5 0 1 95 35 3 1333 1 15 95 14 2 25 1 35 95 24 2 25 2 375 95
4/4 35 1 5 0 0 95 35 1 5 1 5 95 35 1 5 0 1 95 35 1 5 1 15 95 35 3 667 0 2 95 24 3 667 3 2667 95 14 3 667 3 3333 95
4/4 14 0 1 0 0 95 74 2 175 0 1 95 14 2 75 0 3 95 35 2 25 2 375 95
4/4 14 0 1 0 0 95 74 2 275 0 1 95
