4/4
4/4 14 0 1 2 325 65 24 0 1 2 325 58 63 0 1 2 325 65 55 1 5 1 35 77
4/4 14 0 1 0 0 65 24 0 1 0 0 58 63 0 1 0 0 65 55 2 175 0 0 77 34 2 375 2 25 70 64 0 3 0 1 73 45 3 2333 3 1667 70
4/4 75 0 1 0 0 76 34 3 583 0 0 70 64 1 15 0 0 73 45 3 167 0 0 70 14 0 1 2 125 57 24 0 1 2 125 69 73 3 2667 3 1333 71 55 2 225 1 15 90 44 0 2 0 2 86 74 2 125 2 275 78 45 1 5 1 35 76
4/4 14 0 1 0 0 57 24 0 1 0 0 69 73 3 333 0 0 71 44 1 5 0 0 86 45 2 75 0 0 76 54 0 1 0 3 56 74 0 1 0 3 61 24 2 75 2 325 65 33 2 75 2 325 63 45 3 667 3 3333 70
4/4 73 2 325 0 0 78 54 0 1 0 0 56 74 0 1 0 0 61 24 3 1583 0 0 65 33 0 3 0 0 63 45 3 1083 0 0 70 34 0 2 3 667 87 35 0 1 3 1333 89 75 2 75 2 325 81
4/4 75 2 25 0 0 81 74 3 2333 3 333 52 24 1 15 1 5 58 12 2 75 3 667 56 45 0 2 3 667 81 53 3 667 3 1333 81 23 2 75 0 2 78 34 0 1 2 275 57 14 0 1 2 275 72 35 0 1 2 275 70
4/4 14 0 1 0 0 72 35 0 1 0 0 70 24 2 175 2 75 59 62 2 125 3 2333 65 14 3 1667 3 2333 58 33 0 1 2 325 53 54 0 1 2 325 67 54 0 1 2 375 83 63 0 1 2 375 67
4/4 54 0 1 0 0 83 63 0 1 0 0 67 13 3 667 1 5 68 54 3 333 1 5 83 54 0 1 2 125 92 23 0 1 2 125 56 44 0 1 2 175 75 13 0 1 2 175 63 54 2 75 1 25 85 14 2 75 2 325 81
4/4 23 0 1 0 0 62 13 0 1 0 0 64 54 2 75 0 0 75 72 0 4 0 0 67 43 3 3333 3 667 61 44 2 25 3 667 71 44 0 3 0 1 62 63 3 2667 3 1333 66 23 2 125 0 2 63
4/4 13 2 75 0 0 55 72 3 333 0 0 67 43 3 167 0 0 61 63 3 83 0 0 66 73 0 1 1 15 60 23 0 1 1 15 58 32 2 125 1 15 56 72 1 5 2 225 70 44 2 25 2 225 74 33 3 667 0 3 76 44 3 333 0 3 95 53 3 333 3 3667 78 13 3 333 3 3667 84 44 3 333 3 3667 92
4/4 53 3 1917 0 0 78 13 3 2333 0 0 84 44 2 75 2 25 90 34 2 75 0 1 88 73 2 25 1 15 57 44 2 75 1 15 91 74 2 75 2 225 85 23 0 1 0 3 60 12 0 1 0 3 66 44 2 75 0 3 72 53 0 1 0 3 56 34 3 333 3 3667 71
4/4 12 0 4 0 0 66 53 3 3667 0 0 56 34 3 417 0 0 71 23 3 667 3 333 69 34 0 3 0 1 64 13 0 2 2 125 57
4/4 13 0 1 1 5 74 23 1 5 0 1 78 42 3 2667 3 1333 61 34 1 5 3 1333 65 63 0 1 1 15 50 73 0 1 1 15 51 34 3 333 0 2 81 12 0 2 0 2 66 43 2 125 2 275 69 34 3 333 2 275 78 34 3 333 1 35 86
4/4 63 0 1 0 0 50 73 0 1 0 0 51 43 1 35 0 0 69 42 3 2667 0 0 61 12 0 1 0 0 66 34 3 333 2 25 73 34 3 1667 0 1 60 13 3 333 3 2667 62 23 3 333 0 3 73 73 0 1 2 325 59 52 0 1 2 325 70 34 1 5 3 3333 81
4/4 22 0 4 0 0 71 34 3 333 0 0 85 73 0 1 0 0 59 52 0 1 0 0 70 53 0 1 3 667 61 43 0 1 3 667 58 34 3 333 3 667 71 34 2 25 1 15 71 23 2 25 0 2 69 34 0 1 0 3 77
4/4 22 3 667 0 0 71 53 0 1 0 0 61 43 0 1 0 0 58 34 3 667 0 0 77 13 3 333 3 667 73 23 1 5 0 1 72 62 0 1 3 1333 69 73 0 1 3 1333 70 34 1 5 3 1333 78 34 0 1 0 2 87 33 0 1 0 2 55 73 3 667 2 275 70 34 3 333 2 275 80 34 1 5 1 35 81 13 1 5 1 35 66
4/4 13 0 2 0 0 66 34 2 125 2 25 86 74 2 175 0 1 70 34 3 1667 3 2333 69 13 0 1 0 3 56 44 0 1 0 3 64 72 0 1 0 3 58 43 2 25 2 375 66
4/4 34 3 1083 0 0 69 13 0 1 0 0 56 44 0 1 0 0 64 72 0 1 0 0 58 43 2 275 0 0 66 63 2 325 1 5 60 34 0 1 0 2 33 13 0 1 0 2 66 54 0 1 0 2 72 13 0 1 3 3333 62 34 0 1 3 3333 68 72 0 1 3 3333 68 64 1 5 1 35 84
4/4 64 1 5 0 0 84 13 1 25 3 667 61 34 0 2 2 75 56 44 0 1 0 1 67 62 0 1 0 1 65 74 1 5 0 1 78 33 0 1 2 175 61 74 0 1 2 175 82 63 3 667 3 2667 82 74 1 5 2 325 99 713 2 25 2 375 51
4/4 52 2 175 0 0 70 44 3 1333 0 0 67 74 2 75 0 0 83 713 0 2 0 0 51 22 0 1 2 75 77 64 0 1 2 75 94 53 2 125 1 15 88 54 2 75 1 15 83 44 2 25 2 225 95 44 2 75 0 3 81 12 0 1 0 3 63 73 0 1 0 3 73 53 3 333 3 3667 68 54 3 333 3 3667 73
4/4 34 0 2 0 0 72 12 2 125 0 0 63 53 3 417 0 0 68 54 3 167 0 0 73 13 3 333 3 333 70 72 1 15 0 2 43 223 0 1 0 2 80 63 0 1 0 2 65 13 2 25 3 2667 79 73 0 1 2 325 37 223 0 1 2 325 67 54 0 1 2 325 83 33 3 667 3 3333 70
4/4 33 3 833 0 0 70 64 2 25 2 25 82 13 3 2667 2 75 21 34 0 1 2 75 48 44 0 1 2 75 77 62 0 1 2 75 74 74 1 5 0 1 80 33 2 75 2 175 62 74 3 333 2 175 76 63 0 1 1 25 84 74 0 1 1 25 83 74 2 25 2 325 101 52 0 1 2 375 64 44 0 1 2 375 58
4/4 713 1 25 0 0 68 74 3 667 0 0 87 52 0 1 0 0 64 44 0 1 0 0 58 22 0 1 3 667 70 64 0 1 3 667 86 53 0 1 3 1333 73 54 3 667 3 1333 77 44 2 25 0 2 73 44 2 125 2 275 81 12 2 125 2 275 72 73 2 75 2 275 73 34 2 125 2 275 70 54 0 1 1 35 78 53 0 1 1 35 66
4/4 44 3 83 0 0 81 12 2 325 0 0 72 54 0 1 0 0 78 53 0 1 0 0 66 34 2 75 0 0 70 13 3 1667 2 25 78 23 1 5 2 75 84 34 2 75 1 15 74 23 2 25 2 225 67 34 1 5 0 3 74 13 2 25 0 3 65 53 0 1 3 3667 71 44 0 1 3 3667 58
4/4 613 0 1 2 25 51 34 0 1 2 25 62 42 0 3 1 5 70 54 3 1667 1 5 80 12 0 2 2 125 64 43 2 75 2 175 63 13 3 667 1 25 65 613 3 1333 1 25 60 34 2 75 2 325 65
4/4 13 2 75 0 0 69 34 2 25 0 0 65 613 3 667 3 667 63 64 0 1 2 175 62 14 0 1 2 175 64 72 3 1333 0 2 55 35 0 2 0 2 62 55 2 175 2 225 82 43 3 667 0 3 60 63 3 333 3 3667 67
4/4 63 3 417 0 0 67 55 3 583 0 0 82 73 3 667 3 333 67 64 0 1 0 1 70 13 0 1 0 1 67 24 0 1 0 1 67 45 0 1 0 1 79 73 2 75 2 175 88 14 0 1 1 25 99 23 0 1 1 25 66 64 0 1 1 25 85 73 2 25 3 3333 78 24 1 5 3 3333 84
4/4 12 0 1 2 25 75 35 0 1 2 25 79 54 0 1 2 25 77 14 0 1 2 25 70 35 0 1 0 1 87 53 0 1 0 1 78 14 0 1 2 175 70 45 0 1 2 175 81 34 0 1 2 175 64 54 0 1 2 175 83 35 2 75 1 25 80 54 0 1 1 25 72 53 0 1 1 25 70 14 0 1 1 25 30 24 2 75 2 325 73 54 0 1 2 325 70 72 0 1 2 325 71
4/4 53 1 5 0 0 65 24 2 75 0 0 73 54 2 75 2 75 83 23 3 333 2 75 61 53 2 25 1 15 71 74 1 5 1 15 94 34 0 1 0 2 55 64 0 1 0 2 74 62 0 1 2 225 83 14 0 1 2 225 76 33 0 1 0 3 71 14 0 1 0 3 99 13 2 25 3 3667 61 74 0 1 3 3667 96 34 0 1 3 3667 82
4/4 74 0 1 0 0 96 34 0 1 0 0 82 64 0 1 3 333 99 33 0 1 3 333 57 52 3 667 0 1 65 34 0 1 2 125 65 44 0 1 2 125 70 74 1 15 2 125 75 33 0 2 0 2 57 73 3 333 3 2667 67 74 3 333 3 3333 69
4/4 522 0 1 0 0 61 74 0 1 0 0 73 44 0 1 0 0 66 34 0 1 0 0 59 33 2 125 2 75 68 64 1 5 2 75 84 73 2 25 1 15 72 64 0 1 1 15 88 34 0 1 1 15 74 44 0 1 1 15 70 524 2 75 3 2333 94 42 0 1 0 3 68 64 0 1 0 3 81 34 0 1 0 3 68 12 2 25 2 375 83
4/4 63 3 667 1 5 78 34 0 1 1 5 84 64 2 75 2 125 94 524 0 1 0 2 82 23 0 1 0 2 64 312 0 1 0 2 81 74 0 2 0 2 74 62 1 5 2 275 85 33 0 1 1 35 84 23 0 1 1 35 74 524 2 25 1 35 37
4/4 312 2 25 0 0 82 33 0 1 0 0 84 23 0 1 0 0 74 714 1 5 2 25 95 34 2 75 2 75 70 64 0 1 0 1 74 74 0 1 0 1 80 72 2 175 0 1 77 43 2 75 3 1667 78 14 0 1 3 2333 96 34 0 1 3 2333 83 73 0 1 3 2333 79 64 0 1 3 2333 90 72 0 1 2 325 83 34 0 1 2 325 89 24 0 1 2 325 94 64 0 1 2 325 84
4/4 12 2 175 0 0 81 35 0 1 0 0 100 34 0 1 0 0 78 54 0 1 0 0 84 53 3 667 2 75 71 35 0 1 0 1 90 54 0 1 0 1 82 45 0 1 3 1667 90 13 0 1 3 1667 64 54 0 1 3 1667 84 35 0 1 3 2333 85 53 0 1 3 2333 61 72 0 1 0 3 76 74 0 1 0 3 79 24 0 1 0 3 80 54 0 1 0 3 70 53 2 25 2 375 89
4/4 53 1 5 0 0 89 24 1 5 0 0 80 23 2 25 1 5 72 54 2 75 1 5 92 53 0 1 2 125 75 74 0 1 2 125 99 34 2 225 2 175 56 64 1 15 0 2 76 62 0 1 0 2 78 14 0 1 0 2 87 33 0 1 3 2667 67 14 0 1 3 2667 85 13 2 25 3 3333 58 74 3 667 3 3333 79
4/4 64 2 25 0 0 80 34 2 25 0 0 56 33 1 5 2 25 56 34 0 1 2 75 54 44 0 1 2 75 70 52 2 75 2 75 70 74 2 125 2 75 88 33 2 75 3 1667 68 73 3 667 3 2333 65 74 2 25 0 3 70 522 2 25 2 375 82 34 2 25 2 375 65 74 2 25 2 375 78 44 2 25 2 375 68
4/4 522 1 15 0 0 82 34 3 2417 0 0 65 74 1 5 0 0 78 44 3 1083 0 0 68 33 0 1 1 5 72 64 0 1 1 5 74 44 0 1 2 125 51 64 0 1 2 125 74 523 2 125 2 125 84 524 2 75 0 2 95 522 3 333 0 2 88 64 0 1 3 2667 82 34 0 1 3 2667 70 42 0 1 3 2667 85 44 0 1 3 2667 74 43 1 5 1 35 99
4/4 43 3 833 0 0 99 34 0 1 2 25 94 74 1 5 2 25 99 714 3 667 2 75 98 42 2 25 2 75 85 312 0 1 1 15 109 224 0 1 1 15 99 34 0 1 1 15 87 64 3 667 3 1667 83 313 3 1333 3 2333 104 714 0 1 1 25 94 64 0 1 1 25 59 714 0 1 0 3 99 64 0 1 0 3 84 34 2 75 0 3 83 312 0 1 2 375 97 74 0 1 2 375 95
4/4 32 1 15 1 5 99 714 0 1 3 667 99 54 0 1 3 667 84 34 0 1 3 667 77 33 2 175 3 1333 97 74 0 1 0 2 101 54 0 1 0 2 85 714 0 1 3 2667 90 64 0 1 3 2667 85 32 0 1 3 2667 89 224 0 1 0 3 101 74 0 1 0 3 94 524 0 1 1 35 71 714 0 1 1 35 91 62 1 5 1 35 90 35 3 333 3 3667 85
4/4 524 0 1 0 0 71 714 0 1 0 0 91 62 2 25 0 0 90 35 3 4167 0 0 85 33 3 667 3 333 73 714 0 1 0 1 76 524 0 1 0 1 80 713 1 5 0 1 62 33 2 75 2 175 72 74 0 1 1 25 66 522 0 1 1 25 77 524 1 15 1 25 66 33 1 5 2 325 73
4/4 714 0 1 0 0 97 73 0 1 0 0 79 524 3 833 0 0 66 224 2 75 3 667 95 33 3 333 3 667 70 42 2 75 3 1333 89 35 3 2667 3 1333 90 74 2 225 3 1333 98 43 1 5 2 225 88 63 2 125 2 275 88 713 1 5 1 35 68 64 1 5 1 35 85
4/4 63 0 1 0 0 88 713 0 1 0 0 68 35 3 667 0 0 90 64 1 15 0 0 85 35 0 1 0 1 73 34 0 1 0 1 46 713 0 1 2 175 69 24 0 1 2 175 84 524 2 125 0 2 77 35 1 5 3 2667 91 63 2 25 3 2667 66 64 0 1 0 3 57 714 0 1 0 3 62 24 0 1 0 3 65 72 3 667 3 3333 77 45 3 667 3 3333 85
4/4 63 2 75 0 0 72 45 3 833 0 0 85 64 0 1 0 0 57 714 0 1 0 0 62 24 0 1 0 0 65 713 3 333 2 75 53 23 1 15 1 15 69 44 2 75 2 225 66 74 2 75 0 3 69 35 3 333 3 3667 72
4/4 35 3 417 0 0 72 24 2 25 1 5 65 63 0 1 0 1 59 34 0 1 0 1 64 13 0 3 0 1 63 54 2 275 2 125 70 14 3 2667 3 1333 74 35 0 1 3 1333 70 55 2 75 2 225 71 45 0 1 0 3 90 55 1 5 1 35 99
4/4 63 0 1 0 0 59 34 0 1 0 0 64 13 1 15 0 0 63 54 3 1917 0 0 70 14 3 2333 0 0 74 45 1 5 0 0 90 55 2 25 0 0 99 15 2 75 2 25 83 55 2 75 0 1 67 45 2 75 2 175 69 55 1 5 1 25 66 53 0 1 2 325 65 44 0 1 2 325 64 34 0 1 2 325 65 73 0 1 2 325 68 14 2 75 2 325 68 55 2 25 2 375 76
4/4 53 0 1 0 0 65 44 0 1 0 0 64 34 0 1 0 0 65 73 0 1 0 0 68 14 2 425 0 0 68 55 3 417 0 0 76 45 2 75 3 667 80 55 2 75 3 1333 100 15 2 75 0 2 82 55 2 75 2 275 80 45 1 5 1 35 74
4/4 45 2 25 0 0 74 55 0 1 2 25 83 43 2 325 2 75 72 34 0 1 0 1 70 63 0 1 0 1 70 13 0 1 0 1 75 63 0 1 0 1 70 14 2 225 0 1 72 55 2 75 3 1667 91 45 2 75 3 2333 80 55 2 75 0 3 91 15 2 25 2 375 70
4/4 15 1 5 0 0 70 43 2 75 0 0 72 34 0 1 0 0 70 63 0 1 0 0 70 13 0 1 0 0 75 63 0 1 0 0 70 55 2 75 1 5 66 45 2 75 2 125 70 55 2 75 0 2 60 23 0 1 3 2667 58 73 0 1 3 2667 72 53 0 1 3 2667 56 44 0 1 3 2667 62 14 2 125 2 275 55 55 1 5 1 35 65
4/4 14 2 425 0 0 55 55 2 25 0 0 65 45 2 75 2 25 75 55 2 75 0 1 84 15 0 1 3 1667 86 55 2 75 1 25 71 45 2 75 2 325 52
4/4 55 3 333 2 25 60 14 0 1 3 667 60 35 0 1 3 667 61 55 1 5 0 1 56 62 0 1 0 1 63 15 0 1 0 1 60 33 3 667 0 2 54 55 3 333 0 2 63 63 2 75 3 2667 70 14 0 1 3 2667 66 55 0 1 3 2667 70 55 0 1 3 3333 90 14 0 1 3 3333 77 13 3 667 3 3333 73
4/4 23 0 1 0 0 78 55 0 1 0 0 91 14 3 2333 0 0 84 13 3 83 0 0 73 45 2 75 2 75 87 13 0 1 0 1 66 55 2 75 1 15 89 54 2 25 1 15 66 15 2 25 3 2333 83 14 0 1 0 3 65 24 0 1 0 3 60 72 0 1 0 3 68 55 3 667 2 325 78 45 2 25 2 375 78 43 2 25 2 375 66
4/4 14 1 15 0 0 65 24 3 667 0 0 60 72 2 25 0 0 68 43 3 417 0 0 66 45 3 2333 2 25 83 63 2 75 1 5 82 13 0 1 2 125 79 24 0 1 2 125 74 23 3 667 0 2 75 44 0 1 3 2667 65 14 0 1 3 2667 61 64 2 25 3 3333 56 24 1 5 1 35 60
4/4 24 2 25 0 0 60 45 2 125 2 25 48 32 2 125 2 75 61 74 0 1 0 1 58 24 0 1 0 1 70 72 2 75 1 15 81 45 3 333 1 15 81 33 0 1 2 225 78 45 0 1 2 225 90 45 0 1 0 3 96 14 0 1 0 3 83 53 0 1 0 3 88 14 3 333 3 3667 83 45 0 1 3 3667 95 73 0 1 3 3667 78
4/4 14 3 1667 0 0 83 53 2 25 0 0 88 45 0 1 0 0 95 73 0 1 0 0 78 35 0 1 2 25 95 23 0 1 2 25 74 45 0 1 0 1 92 44 0 1 0 1 74 75 1 5 2 175 77 45 0 1 1 25 80 24 0 1 1 25 57 12 2 125 1 25 78 35 0 1 0 3 82 53 0 1 0 3 73 13 2 25 2 375 73 24 2 25 2 375 80
4/4 13 2 25 0 0 73 24 1 5 0 0 80 34 2 175 1 5 74 14 1 5 1 5 78 35 2 325 1 5 74 54 2 75 2 125 88 14 3 667 0 2 68 54 3 667 3 2667 72 34 2 25 3 3333 65 14 1 5 3 3333 75 24 2 25 2 375 84
4/4 24 2 25 0 0 84 42 3 1333 2 25 77 64 0 1 2 25 59 74 0 1 2 25 56 35 1 5 3 333 70 35 0 1 0 1 88 12 0 1 0 1 70 43 0 1 3 1667 73 35 0 1 3 1667 92 63 3 1667 3 2333 79 35 3 333 3 2333 85 35 0 1 0 3 81 13 0 1 0 3 58 14 0 1 0 3 70 34 2 25 2 375 54
4/4 63 3 333 0 0 79 64 0 1 0 0 59 74 0 1 0 0 56 35 2 125 0 0 81 34 1 5 0 0 54 13 1 5 1 5 66 63 2 25 0 1 65 14 3 333 2 125 74 24 1 5 1 15 83 52 3 1333 0 2 71 35 3 667 0 2 78 74 0 2 0 2 73 22 2 75 3 2667 86 35 3 333 3 2667 85 43 0 1 3 3333 78 35 0 1 3 3333 92
4/4 53 0 3 0 0 84 35 3 667 0 0 89 74 1 25 0 0 73 73 2 175 3 667 76 24 2 75 2 75 69 34 0 1 3 1333 67 35 0 1 3 1333 56 54 2 25 2 225 55 34 0 1 2 275 70 14 0 1 2 275 76 24 1 5 0 3 81 35 1 5 1 35 80 62 1 5 1 35 80 74 1 5 1 35 74
4/4 62 1 5 0 0 80 74 1 35 0 0 74 33 0 1 2 25 72 35 2 25 2 25 89 73 0 1 2 75 66 35 0 1 2 75 84 35 0 1 1 15 86 713 0 1 1 15 64 524 0 1 2 225 70 35 0 1 2 225 70 64 1 5 0 3 56 75 0 1 0 3 73 34 1 5 1 35 78
4/4 34 3 167 0 0 78 75 3 333 0 0 73 713 2 25 3 333 69 65 3 667 3 333 94 525 1 5 1 5 93 72 1 25 0 1 85 45 2 275 0 1 91 43 2 75 2 175 92 73 3 1333 1 25 88 14 0 1 0 3 78 43 2 75 0 3 82 72 2 25 2 375 90 55 2 25 2 375 99 35 2 25 2 375 90
4/4 72 2 225 0 0 90 55 3 1417 0 0 99 14 2 75 0 0 78 35 0 1 0 0 90 65 2 125 1 15 103 35 3 333 1 15 75 14 2 75 1 15 83 14 0 1 2 275 65 45 0 1 2 275 74 62 0 1 2 275 72 35 0 1 0 3 65 45 0 1 0 3 74 62 0 1 0 3 72 75 1 5 2 325 90
4/4 33 0 1 0 0 62 75 0 1 0 0 78 14 0 1 0 0 65 45 0 1 0 0 74 62 0 1 0 0 72 35 0 1 0 0 65 45 0 1 0 0 74 62 0 1 0 0 72 63 1 5 3 667 67 75 2 25 1 15 76 714 0 2 0 2 57 52 0 1 0 2 66 45 0 1 0 2 55 75 2 75 2 225 79 65 0 1 2 275 95 22 0 1 2 275 72 53 0 1 1 35 86 55 0 1 1 35 95
4/4 714 3 333 0 0 57 53 0 1 0 0 86 55 0 1 0 0 95 713 0 1 2 25 85 45 0 1 2 25 99 12 0 1 0 1 82 74 0 1 0 1 66 45 2 75 0 1 90 53 2 75 2 175 72 55 1 5 2 175 83 35 2 175 2 225 74 13 2 75 1 25 81 53 1 5 2 325 83
4/4 73 0 1 0 0 85 72 0 1 0 0 75 224 0 1 0 0 93 64 0 1 0 0 76 35 2 25 0 0 74 14 2 25 3 667 75 33 0 1 3 1333 88 55 0 1 3 1333 100 224 0 1 3 1333 93 74 0 1 3 1333 65 224 0 1 2 225 88 65 0 1 2 225 104 74 0 1 2 225 66 14 0 1 3 2667 64 45 0 1 3 2667 87 35 0 1 2 275 74 45 0 1 2 275 87 62 0 1 2 275 88 75 3 667 0 3 98 33 3 333 3 3667 72 75 3 333 3 3667 99
4/4 14 0 1 0 0 64 45 0 1 0 0 87 35 0 1 0 0 74 45 0 1 0 0 87 62 0 1 0 0 88 33 0 1 0 0 72 75 0 1 3 333 93 63 0 1 3 333 91 75 1 5 2 125 105 52 3 1667 2 175 71 714 0 1 0 2 80 45 0 1 0 2 75 75 3 667 0 2 87 22 0 1 1 25 70 65 0 1 1 25 87 714 0 1 2 325 60 53 0 1 2 325 61 55 0 1 2 325 79
4/4 45 2 25 0 0 76 12 0 1 3 667 68 45 0 1 3 667 82 74 3 3333 3 667 79 35 0 3 3 667 73 53 2 75 3 1333 70 55 1 25 1 15 77 13 2 75 2 225 72 23 2 75 0 3 86 34 3 333 3 3667 70
4/4 55 3 833 0 0 77 74 0 1 0 0 79 34 3 333 0 0 70 23 3 667 3 333 70 35 1 5 0 1 70 53 2 25 0 1 57 45 2 25 2 175 74 614 3 667 2 225 66 35 2 25 3 2333 52 42 0 1 1 25 75 55 0 1 1 25 89 12 3 667 2 325 73 43 2 25 2 375 73
4/4 43 1 5 0 0 73 14 0 1 1 5 66 613 0 1 1 5 62 35 1 15 2 125 70 13 2 75 2 125 64 34 2 75 0 2 59 13 3 667 3 2667 67 613 2 25 3 3333 65 64 0 1 2 375 62 14 0 1 2 375 57 35 0 1 2 375 56
4/4 72 0 1 0 0 61 55 0 1 0 0 85 64 0 1 0 0 62 14 0 1 0 0 57 35 0 1 0 0 56 63 2 75 2 75 62 13 3 333 1 15 67 34 1 5 2 225 61 64 0 1 2 275 60 24 0 1 2 275 64 44 0 1 2 275 75 45 0 1 2 275 74 34 3 333 3 3667 87
4/4 34 3 417 0 0 87 13 0 1 3 333 77 14 0 1 3 333 95 15 0 1 3 333 109 25 0 1 2 125 109 34 0 1 2 125 84 24 0 1 2 125 99 12 0 2 0 2 86 55 0 1 2 225 86 36 0 1 2 225 94 15 0 1 2 225 85 35 0 1 2 225 83 53 2 75 0 3 86 55 0 1 0 3 99 36 0 1 0 3 100 15 0 1 0 3 87 35 0 1 0 3 94 46 0 1 2 375 101 13 0 1 2 375 83 15 0 1 2 375 87 55 0 1 2 375 100
4/4 12 1 5 0 0 86 46 0 1 0 0 101 13 0 1 0 0 83 15 0 1 0 0 87 55 0 1 0 0 100 15 0 1 1 5 91 55 0 1 1 5 94 36 0 1 1 5 100 53 0 1 1 5 83 72 0 1 2 125 94 55 0 1 2 125 100 75 0 1 2 125 98 25 0 1 2 125 90 53 3 667 0 2 100 23 0 1 3 2667 73 55 0 1 3 2667 105 24 0 1 3 2667 90 53 0 1 3 3333 77 24 0 1 3 3333 94 55 0 1 3 3333 95 75 0 1 3 3333 100 24 0 1 3 3333 94 55 0 1 3 3333 95
4/4 62 0 1 0 0 91 15 0 1 0 0 87 35 0 1 0 0 70 65 0 1 0 0 89 33 0 1 0 1 76 15 0 1 0 1 97 35 0 1 0 1 70 65 0 1 0 1 99 13 0 1 3 1667 74 75 0 1 3 1667 99 35 0 1 3 1667 70 33 0 1 3 2333 73 65 0 1 3 2333 102 75 0 1 0 3 104 45 0 1 0 3 92 35 0 1 0 3 70 52 0 1 0 3 75 33 2 25 2 375 84
4/4 75 3 667 0 0 104 52 2 125 0 0 75 33 1 5 0 0 84 53 0 1 1 5 90 35 0 1 1 5 76 33 3 667 2 125 86 75 3 333 3 1333 104 522 0 1 0 2 102 75 0 1 0 2 93 45 0 1 0 2 83 35 0 1 2 225 78 33 2 75 2 275 75 65 1 5 2 275 93 65 0 1 1 35 98 73 0 1 1 35 84 45 0 1 1 35 82 35 0 1 1 35 78
4/4 33 0 1 2 25 78 525 0 1 2 25 89 35 0 1 0 1 75 64 0 1 0 1 76 65 0 1 0 1 84 42 0 1 0 1 73 32 2 25 0 1 69 12 3 667 3 1667 84 63 0 1 3 2333 72 64 0 1 3 2333 70 35 0 1 3 2333 93 12 0 1 0 3 78 65 0 1 0 3 104 24 0 1 2 375 70 525 0 1 2 375 70 74 0 1 2 375 86 312 0 1 2 375 101 75 0 1 2 375 103 312 0 1 2 375 101
4/4 24 0 1 0 0 70 525 0 1 0 0 70 74 0 1 0 0 86 312 0 1 0 0 101 75 0 1 0 0 103 312 0 1 0 0 101 313 3 1667 3 667 108 525 0 1 3 1333 97 74 0 1 3 1333 76 24 0 1 3 1333 70 715 0 1 0 2 99 312 0 1 0 2 102 75 0 1 2 275 96 35 0 1 2 275 93 65 0 1 2 275 94 72 2 125 2 275 90 43 1 5 1 35 100
4/4 43 2 25 0 0 100 72 3 417 0 0 90 65 0 1 2 25 96 35 0 1 2 25 88 15 0 1 2 25 100 14 0 1 2 25 99 73 1 15 2 25 95 24 0 1 0 1 95 25 0 1 0 1 108 72 0 1 0 1 102 12 2 225 2 175 91 55 0 1 0 2 91 36 0 1 0 2 103 35 0 1 0 2 87 53 3 667 3 2667 88 36 0 1 2 275 102 55 0 1 2 275 96 35 0 1 2 275 89 13 1 5 1 35 79 45 0 1 1 35 104 46 0 1 1 35 91
4/4 12 2 25 0 0 91 13 2 25 0 0 79 53 0 1 2 25 87 35 0 1 2 25 100 36 0 1 2 25 100 75 0 1 0 1 95 25 0 1 0 1 103 24 0 1 0 1 104 72 0 2 0 1 83 53 3 667 3 1667 88 73 1 5 3 2333 86 55 0 1 3 2333 100 24 0 1 3 2333 83 53 2 25 0 3 88 75 3 333 0 3 100 62 0 1 2 375 97 65 0 1 2 375 93 35 0 1 2 375 75 15 2 25 2 375 94
4/4 62 0 1 0 0 97 65 0 1 0 0 93 35 0 1 0 0 75 15 2 25 0 0 94 15 0 1 1 5 96 33 0 1 1 5 70 35 0 1 1 5 84 65 0 1 1 5 83 13 0 1 2 125 69 35 0 1 2 125 84 75 0 1 2 125 95 33 1 5 0 2 69 65 2 25 0 2 80 52 2 75 3 2667 83 45 0 1 3 2667 90 35 0 1 3 2667 81 75 3 1333 3 2667 104 33 1 5 1 35 66
4/4 33 2 25 0 0 66 45 0 1 0 0 90 35 0 1 0 0 81 75 3 167 0 0 104 73 2 25 2 25 89 33 0 1 2 75 70 75 0 1 2 75 104 522 0 1 1 15 92 45 0 1 1 15 79 35 0 1 1 15 76 75 2 75 3 1667 96 523 0 1 3 2333 92 65 0 1 3 2333 90 65 0 1 0 3 94 45 0 1 0 3 78 35 0 1 0 3 72 73 2 25 2 325 88 223 0 1 2 375 106 35 0 1 2 375 56 45 0 1 2 375 54 525 2 25 2 375 95
4/4 525 1 5 0 0 95 42 0 1 1 5 96 65 0 1 1 5 91 45 0 1 1 5 84 35 0 1 1 5 79 43 2 25 2 125 79 35 0 1 0 2 82 53 0 1 0 2 70 45 0 1 0 2 80 75 0 1 0 2 105 715 0 1 3 2667 107 73 0 1 3 2667 72 35 0 1 3 2667 87 312 0 1 3 3333 107 225 0 1 3 3333 99 224 0 1 3 3333 98 65 0 1 3 3333 78
4/4 313 0 1 2 25 104 224 0 1 2 25 93 715 0 1 2 25 94 65 0 1 2 25 85 715 0 1 0 1 106 714 0 1 0 1 97 65 0 1 0 1 81 63 0 1 0 1 89 714 0 1 0 1 97 714 0 1 1 15 80 713 0 1 1 15 102 75 0 1 1 15 96 32 0 1 3 2333 105 715 0 1 3 2333 108 55 0 1 3 2333 86 224 0 1 3 2333 89 55 0 1 3 2333 86 33 1 5 2 325 90 53 2 25 2 375 90
4/4 75 0 1 0 0 100 55 0 1 0 0 100 53 3 1083 0 0 90 715 0 1 1 5 93 65 0 1 1 5 95 73 0 1 1 5 93 75 0 1 0 1 101 225 0 1 0 1 102 34 0 1 0 1 72 525 0 1 3 1333 76 75 0 1 3 1333 88 62 0 1 3 1333 92 715 0 1 3 1333 81 36 1 25 1 15 96 33 2 75 2 225 84 715 0 1 0 3 97 75 0 1 0 3 86 713 0 1 0 3 83 33 2 25 2 375 80 525 2 25 2 375 76
4/4 33 3 417 0 0 80 36 2 75 0 0 96 525 0 1 0 0 76 522 0 1 1 5 103 75 0 1 1 5 91 33 1 5 2 125 82 73 0 1 0 2 82 715 0 1 0 2 103 525 0 1 0 2 102 33 0 1 3 2667 75 225 0 1 3 2667 99 42 0 1 3 3333 79 65 0 1 3 3333 86 36 0 1 3 3333 94 35 1 5 1 35 90
4/4 35 1 5 0 0 90 43 2 25 2 25 95 63 3 667 0 1 97 713 0 1 1 15 94 65 0 1 1 15 93 34 2 75 2 225 95 713 0 1 0 3 93 36 0 1 0 3 104 25 0 1 3 3667 91 63 0 1 3 3667 85 525 2 25 3 3667 100
4/4 25 0 1 0 0 91 63 0 1 0 0 85 713 0 1 3 333 100 36 0 1 3 333 97 65 0 1 2 75 58 715 0 1 2 75 65 25 0 1 2 75 70 72 0 1 0 1 87 46 0 1 0 1 99 63 2 75 2 175 79 713 1 15 1 25 71 23 2 75 2 325 77
4/4 44 0 1 0 0 77 713 3 167 0 0 71 23 0 1 0 0 77 74 2 175 2 75 86 35 0 1 2 175 73 24 2 75 3 2667 57 33 0 1 1 35 58 54 0 1 1 35 51 35 3 333 3 3667 65
4/4 33 0 1 0 0 58 54 0 1 0 0 51 35 3 10333 0 0 65 73 3 1333 3 333 70 34 2 75 0 1 77 74 0 2 2 175 60 22 1 15 1 25 67 44 1 15 1 25 76 73 2 75 2 325 71
4/4 23 2 75 0 0 50 22 2 75 0 0 67 44 3 833 0 0 76 74 0 1 2 75 56 222 3 2333 1 15 57 34 2 175 3 1667 69 73 2 25 3 2333 62 223 0 1 0 3 71 34 2 25 2 375 82
4/4 34 1 15 0 0 82 12 2 225 1 5 66 74 0 1 1 5 66 63 2 75 2 125 73 34 0 1 0 2 59 64 0 1 0 2 94 13 3 667 0 2 65 63 2 25 3 2667 78 65 0 1 3 3333 81 45 0 1 3 3333 79 73 0 1 1 35 70 72 0 1 1 35 70
4/4 65 0 1 0 0 81 45 0 1 0 0 79 73 0 1 0 0 70 72 0 1 0 0 70 35 0 1 2 25 89 55 0 1 2 25 96 525 0 1 0 1 94 24 0 1 0 1 85 35 0 1 2 175 72 55 0 1 2 175 101 612 0 1 3 2333 60 613 0 1 3 2333 56 35 3 1667 3 2333 60 55 0 1 1 25 76 15 0 1 1 25 80 36 2 125 2 275 77
4/4 612 0 1 0 0 60 613 0 1 0 0 56 35 3 583 0 0 60 55 0 1 0 0 76 15 0 1 0 0 80 36 3 83 0 0 77 35 0 1 2 175 73 55 0 1 2 175 59 14 0 1 1 25 60 35 0 1 1 25 56 62 1 15 1 25 57 55 2 125 2 275 80 33 1 5 1 35 78
4/4 62 0 1 0 0 57 55 3 83 0 0 80 33 2 25 0 0 78 63 3 1667 2 25 65 64 0 1 1 15 37 74 0 1 1 15 58 24 0 1 1 15 47 45 1 15 2 175 73 72 2 225 2 175 66 43 3 667 3 2667 59 73 3 667 3 3333 55
4/4 43 2 25 0 0 53 74 3 2667 1 5 61 35 0 1 3 667 40 45 0 1 3 667 57 52 0 1 2 75 61 75 2 125 0 1 73 53 3 333 2 175 57 73 3 1333 1 25 71 34 1 5 2 325 88
4/4 35 0 1 0 0 91 54 0 1 0 0 72 74 0 1 0 0 79 34 3 667 3 667 95 74 0 1 3 1333 92 54 0 1 3 1333 72 35 0 1 3 1333 91 73 0 1 3 1333 79 54 0 1 3 1333 72 53 3 333 0 2 78 74 3 1667 3 2333 68 24 0 1 1 25 66 35 0 1 1 25 70 55 0 1 1 25 83 12 3 1333 3 2667 77 53 1 5 1 35 70
4/4 74 3 83 0 0 68 12 3 1667 0 0 77 53 2 25 0 0 70 13 3 667 2 25 65 23 0 1 2 75 82 34 2 75 1 15 70 23 2 75 2 225 56 13 3 333 0 3 55
4/4 53 3 667 0 0 42 74 2 375 2 25 61 24 1 35 1 5 44 45 2 175 1 5 70 52 3 1333 1 5 57 75 2 325 3 667 79 22 2 75 3 1333 78 53 2 75 0 2 79 613 3 667 3 2667 87 73 3 667 3 3333 101
4/4 74 3 917 0 0 61 73 3 83 0 0 101 23 2 75 2 25 93 44 2 25 0 1 79 23 2 25 3 1667 69 64 0 1 0 2 58 14 0 1 0 2 61 35 0 1 0 2 54 62 0 1 3 2333 78 55 1 5 3 2333 88 33 1 5 0 3 61 63 2 25 2 375 74
4/4 63 2 25 0 0 74 13 2 25 1 5 82 45 0 1 2 125 94 73 0 1 2 125 99 24 0 1 2 125 87 64 0 1 2 125 86 74 0 1 2 125 86 72 1 15 2 125 96 14 0 1 2 275 96 15 0 1 2 275 103 73 0 1 2 275 95 72 0 1 3 3667 99 25 0 1 3 3667 104 24 0 1 3 3667 84
4/4 12 1 25 1 5 94 36 0 1 1 5 91 35 0 1 1 5 86 15 0 1 1 5 82 55 0 1 1 5 83 53 3 667 3 1333 83 36 0 1 3 1333 87 35 0 1 3 1333 80 55 0 1 3 1333 79 15 0 1 3 1333 83 13 3 667 0 2 70 46 0 1 2 225 97 45 0 1 2 225 95 53 3 667 2 275 80 36 0 1 0 3 94 35 0 1 0 3 91 24 0 1 3 3667 85 25 0 1 3 3667 87 75 0 1 3 3667 89 55 0 1 3 3667 71 72 3 333 3 3667 78
4/4 24 0 1 0 0 85 25 0 1 0 0 87 75 0 1 0 0 89 55 0 1 0 0 71 72 3 1917 0 0 78 53 3 667 3 333 84 55 0 1 0 1 103 54 0 1 0 1 99 73 0 1 0 1 69 53 0 1 2 175 81 75 0 1 2 175 109 74 0 1 2 175 90 65 0 1 3 2667 83 35 0 1 3 2667 76 15 0 1 3 2667 90 14 0 1 3 2667 83 62 3 1333 3 2667 86 35 0 1 3 3333 71 15 0 1 3 3333 85 65 0 1 3 3333 82 14 0 1 3 3333 90 33 3 667 3 3333 79
4/4 75 0 1 0 0 94 74 0 1 0 0 98 35 0 1 0 0 65 65 0 1 0 0 68 62 3 917 0 0 86 63 0 1 2 25 76 74 0 1 2 25 98 33 0 1 2 75 80 65 0 1 2 75 104 64 0 1 2 75 80 52 0 1 1 15 86 35 0 1 1 15 70 75 1 15 1 15 104 45 2 125 1 15 91 74 1 25 1 15 86 33 3 667 3 2333 83 73 1 5 0 3 91 75 0 1 2 375 104 33 0 1 2 375 57
4/4 75 0 1 0 0 104 33 0 1 0 0 57 522 0 1 1 5 91 75 0 1 1 5 101 45 0 1 1 5 88 35 0 1 1 5 72 74 0 1 1 5 70 65 0 1 2 125 100 33 0 1 2 125 70 35 2 25 2 125 56 65 0 1 0 2 105 35 0 1 0 2 83 73 0 1 0 2 79 74 0 1 0 2 76 33 2 25 2 275 69 525 1 5 2 275 94 42 0 1 1 35 83 35 0 1 1 35 79 65 1 5 1 35 86
4/4 42 0 1 0 0 83 35 0 1 0 0 79 65 3 833 0 0 86 12 1 5 2 25 83 63 1 5 2 75 78 35 3 667 2 75 91 12 2 25 3 1667 68 65 3 667 3 1667 95 525 0 1 3 2333 90 24 0 1 3 2333 80 75 3 1667 3 2333 88 312 2 75 3 2333 101 313 2 75 2 325 100
4/4 24 0 1 0 0 96 313 2 75 0 0 100 715 1 5 3 667 103 312 2 25 3 667 97 65 0 1 3 1333 88 35 0 1 3 1333 87 75 0 1 3 1333 95 72 2 75 3 1333 89 43 3 667 2 225 99 65 0 1 2 275 99 15 0 1 2 275 101 14 0 1 2 275 99 73 0 1 2 275 83 25 0 1 3 3667 105 72 0 1 3 3667 94 24 0 1 3 3667 94
4/4 12 1 25 1 5 94 55 0 1 1 5 93 36 0 1 1 5 104 35 0 1 1 5 95 53 0 1 2 125 79 36 0 1 2 125 102 35 0 1 2 125 89 55 0 1 2 125 93 46 0 1 0 2 103 13 0 1 0 2 69 45 0 1 0 2 100 36 0 1 2 275 98 35 0 1 2 275 92 53 2 75 2 275 73 25 0 1 1 35 81 24 0 1 1 35 82 75 0 1 1 35 89 55 0 1 1 35 70 72 1 5 1 35 82
4/4 25 0 1 0 0 81 24 0 1 0 0 82 75 0 1 0 0 89 55 0 1 0 0 70 72 1 15 0 0 82 53 1 5 2 25 84 73 2 75 0 1 69 55 0 1 0 1 103 74 0 1 0 1 83 75 0 1 3 1667 105 24 0 1 3 1667 86 53 0 1 3 1667 75 35 0 1 1 25 78 14 0 1 1 25 85 65 0 1 1 25 77 15 0 1 1 25 93 62 1 15 1 25 83 65 0 1 2 325 84 15 0 1 2 325 101 33 2 75 2 325 80
4/4 75 0 1 0 0 102 74 0 1 0 0 87 63 0 1 0 0 74 35 0 1 0 0 83 62 1 5 0 0 83 33 0 1 3 667 77 65 0 1 3 667 103 35 0 1 3 667 88 64 0 1 3 667 95 52 2 75 3 1333 73 45 0 1 1 15 86 74 0 1 1 15 85 35 0 1 1 15 72 75 0 1 1 15 90 33 2 75 2 225 76 73 3 333 0 3 88 75 0 1 3 3667 99 74 0 1 3 3667 89 45 0 1 3 3667 88 35 0 1 3 3667 66 33 3 333 3 3667 55
4/4 33 3 417 0 0 55 522 3 1667 1 5 94 75 3 667 1 5 91 74 0 2 1 5 78 45 0 1 1 5 73 35 0 1 1 5 61 65 0 1 2 125 91 33 0 1 2 125 70 45 0 1 0 2 75 65 0 1 0 2 72 523 0 1 0 2 93 35 0 1 0 2 62 522 0 1 3 2667 89 525 0 1 3 2667 95 65 0 1 3 3333 95 45 0 1 3 3333 84 35 0 1 3 3333 77 42 3 667 3 3333 85
4/4 43 3 1333 0 0 97 65 0 1 0 0 95 45 0 1 0 0 84 35 0 1 0 0 77 42 3 1333 0 0 85 45 0 1 2 75 87 75 0 1 2 75 104 35 0 1 2 75 88 42 3 667 1 15 91 715 0 1 1 15 98 35 0 1 1 15 71 225 0 1 2 225 99 65 0 1 2 225 78 312 0 1 2 225 108 24 0 1 2 225 78 715 0 1 0 3 99 65 0 1 0 3 78 313 0 1 0 3 95 715 0 1 2 375 96 312 0 1 2 375 103 65 0 1 2 375 97 24 0 1 2 375 79
4/4 715 0 1 0 0 96 312 0 1 0 0 103 65 0 1 0 0 97 24 0 1 0 0 79 313 3 333 0 0 95 75 2 25 3 667 95 313 1 5 3 667 112 32 0 1 1 15 96 35 0 1 1 15 83 55 0 1 1 15 90 715 0 1 1 15 105 55 0 1 1 15 90 33 2 25 2 225 100 53 2 75 2 275 82 75 0 1 2 275 101 55 0 1 2 275 90 715 0 1 3 3333 95 65 0 1 3 3333 93 73 0 1 3 3667 89 75 0 1 3 3667 95 225 0 1 3 3667 99
4/4 35 0 1 2 25 68 75 0 1 2 25 83 715 0 1 2 25 87 62 0 1 3 333 90 715 0 1 3 333 87 36 3 3667 3 333 100 33 2 75 2 125 86 35 0 1 0 2 74 75 0 1 0 2 83 715 2 125 0 2 84 713 1 5 0 2 80 33 3 667 1 25 86 75 3 667 3 3333 100 522 3 667 3 3333 95
4/4 33 1 5 0 0 85 75 3 333 0 0 100 522 3 83 0 0 95 36 3 833 0 0 100 715 3 667 2 75 103 73 2 25 2 75 83 33 0 1 1 15 74 225 0 1 1 15 101 42 2 75 2 225 83 36 3 1667 3 2333 100 75 0 1 3 2333 98 43 2 75 0 3 94 63 2 25 2 375 105
4/4 63 1 5 0 0 105 36 3 583 0 0 100 65 2 25 1 5 96 713 2 75 1 5 70 34 2 75 2 125 86 64 0 1 0 2 76 36 0 1 0 2 106 34 2 25 3 2667 74 25 2 75 2 275 99 713 2 25 3 3333 72 36 1 5 1 35 104
4/4 46 0 4 0 0 97 25 1 35 0 0 99 715 2 225 2 25 95 65 2 125 2 25 99 72 2 75 2 25 72 63 3 667 2 75 80 713 3 1333 3 1667 92 23 2 75 2 225 81 44 0 1 0 3 83 75 2 25 2 375 78
4/4 46 1 5 0 0 97 75 3 1417 0 0 78 44 1 5 0 0 83 36 2 75 1 5 86 25 2 25 2 125 86 55 0 1 2 175 57 75 0 1 2 175 69 36 0 1 2 175 77 62 0 1 0 2 70 56 0 1 0 2 83 33 2 75 2 275 71 63 1 5 1 35 86
4/4 13 0 1 2 25 76 46 3 1333 2 25 91 55 0 1 2 25 88 23 2 75 0 1 81 13 3 1333 3 1667 81 75 0 1 1 25 74 76 0 1 1 25 84 46 0 1 1 25 72 54 0 1 1 25 58 72 2 25 2 375 77
4/4 65 0 1 0 0 83 25 0 1 0 0 77 56 0 2 0 0 85 72 2 75 0 0 77 43 3 667 2 75 78 13 2 75 3 1333 71 23 1 15 0 2 70 46 0 2 0 2 76 13 3 333 3 3667 56
4/4 65 0 1 0 0 83 25 0 1 0 0 77 13 3 917 0 0 56 46 1 25 0 0 76 54 2 25 3 333 69 32 3 1333 0 2 66 72 3 667 3 2667 74 33 3 333 3 3333 68
4/4 53 2 225 0 0 67 55 0 1 2 75 67 25 0 1 2 75 76 75 0 1 2 75 72 25 0 1 2 75 76 73 1 15 2 75 60 46 2 325 2 75 78 23 2 25 3 2333 56
4/4 12 2 125 0 0 63 55 0 1 0 0 67 25 0 1 0 0 76 75 0 1 0 0 72 25 0 1 0 0 76 46 1 25 0 0 78 53 3 667 3 667 73 13 2 25 3 1333 75 54 2 75 0 2 84 55 0 1 2 275 77 15 0 1 2 275 87 14 0 1 2 275 78 36 0 1 2 275 90 34 2 125 2 275 71
4/4 14 0 1 0 0 78 36 0 1 0 0 90 34 0 1 0 0 71 25 0 1 3 333 76 54 0 1 3 333 49 55 0 1 3 333 56 14 0 1 3 1667 44 35 0 1 3 1667 50 55 0 1 3 1667 63 62 3 1333 2 175 60 15 0 2 0 2 58 33 3 667 3 2667 66 63 3 667 3 3333 77
4/4 13 0 1 0 0 84 63 3 83 0 0 77 15 2 25 0 0 58 34 1 5 3 667 66 35 0 1 3 667 78 14 0 1 3 667 83 55 3 2667 3 667 94 64 2 75 1 15 87 13 0 1 2 225 66 14 0 1 2 225 75 35 2 75 0 3 76 72 3 333 3 3667 68 55 0 1 3 3667 78 74 0 1 3 3667 64 24 3 333 3 3667 70
4/4 72 0 1 0 0 68 55 0 1 0 0 78 74 0 1 0 0 64 24 3 1417 0 0 70 43 2 75 1 5 70 73 2 75 0 1 74 43 3 667 0 2 59 74 2 175 2 225 57 24 0 1 3 2333 51 45 0 1 3 2333 59 23 0 1 1 25 67 75 3 1333 1 25 86 43 2 75 2 325 70
4/4 73 3 333 0 0 65 43 2 25 0 0 70 74 1 5 0 0 57 74 0 1 3 1333 58 14 0 1 3 1333 57 24 0 1 2 175 43 45 0 1 2 175 75 32 1 15 2 175 56 72 2 75 2 275 56 33 1 5 1 35 58
4/4 74 0 1 0 0 58 14 0 1 0 0 57 24 0 1 0 0 43 45 0 1 0 0 75 33 3 167 0 0 58 53 2 175 3 333 84 73 2 75 1 15 60
4/4 32 0 2 0 2 60 75 0 1 3 2333 57 72 0 1 3 2333 66 15 2 125 2 275 62 25 0 1 0 3 66 56 1 5 1 35 60
4/4 32 0 1 0 0 60 75 0 1 0 0 57 72 0 1 0 0 66 15 2 75 0 0 62 25 1 5 0 0 66 56 2 75 0 0 60
