3/4 72 1 5 0 0 64 43 1 5 1 5 64 73 1 5 0 1 64 23 1 5 1 15 64 73 1 5 0 2 64 43 1 5 1 25 64
3/4 72 1 5 0 0 64 43 1 5 1 5 64 73 1 5 0 1 64 23 1 5 1 15 64 73 1 5 0 2 64 43 1 5 1 25 64
3/4 74 0 1 0 0 64 72 1 5 0 0 64 43 1 5 1 5 64 45 1 15 0 1 64 73 1 5 0 1 64 23 1 5 1 15 64 73 1 5 0 2 64 74 0 1 1 25 64 43 0 1 1 25 64
3/4 614 0 1 0 0 64 22 1 5 0 0 64 613 1 5 1 5 64 45 1 15 0 1 64 23 1 5 0 1 64 44 1 5 1 15 64 23 1 5 0 2 64 45 0 1 1 25 64 613 0 1 1 25 64
3/4 55 0 1 0 0 64 33 1 5 0 0 64 73 1 5 1 5 64 45 0 1 0 1 64 34 1 5 0 1 64 54 1 5 1 15 64 35 0 1 0 2 64 34 1 5 0 2 64 73 1 5 1 25 64
3/4 45 0 2 0 0 64 22 1 5 0 0 64 73 1 5 1 5 64 44 1 5 0 1 64 73 1 5 1 15 64 55 0 1 0 2 64 54 0 1 0 2 64 615 0 1 1 25 64 73 0 1 1 25 64
3/4 75 0 1 0 0 64 33 1 5 0 0 64 73 1 5 1 5 64 615 0 1 0 1 64 44 1 5 0 1 64 73 1 5 1 15 64 55 0 1 0 2 64 34 1 5 0 2 64 73 1 5 1 25 64
3/4 45 0 1 0 0 64 22 1 5 0 0 64 73 1 5 1 5 64 75 0 1 0 1 64 44 1 5 0 1 64 73 1 5 1 15 64 74 0 1 0 2 64 44 0 1 0 2 64 14 0 1 1 25 64 613 0 1 1 25 64
3/4 24 1 15 0 0 64 53 1 5 0 0 64 73 1 5 1 5 64 54 0 1 0 1 64 74 0 1 0 1 64 55 0 1 1 15 64 73 0 1 1 15 64 24 0 1 0 2 64 54 0 1 0 2 64 74 0 1 0 2 64 74 0 1 1 25 64 73 0 1 1 25 64
3/4 14 0 3 0 0 64 43 1 5 0 0 64 13 1 5 1 5 64 44 0 1 0 1 64 74 0 1 0 1 64 13 1 5 1 15 64 44 0 1 0 2 64 614 0 1 0 2 64
3/4 74 0 1 0 0 64 72 1 5 0 0 64 43 1 5 1 5 64 45 1 15 0 1 64 73 1 5 0 1 64 23 1 5 1 15 64 73 1 5 0 2 64 74 0 1 1 25 64 43 0 1 1 25 64
3/4 614 0 1 0 0 64 22 1 5 0 0 64 613 1 5 1 5 64 45 1 15 0 1 64 23 1 5 0 1 64 44 1 5 1 15 64 23 1 5 0 2 64 45 0 1 1 25 64 613 0 1 1 25 64
3/4 55 0 1 0 0 64 33 1 5 0 0 64 73 1 5 1 5 64 45 0 1 0 1 64 34 1 5 0 1 64 54 1 5 1 15 64 35 0 1 0 2 64 34 1 5 0 2 64 73 1 5 1 25 64
3/4 45 0 2 0 0 64 22 1 5 0 0 64 73 1 5 1 5 64 44 1 5 0 1 64 73 1 5 1 15 64 55 0 1 0 2 64 54 0 1 0 2 64 615 0 1 1 25 64 73 0 1 1 25 64
3/4 75 0 1 0 0 64 33 1 5 0 0 64 73 1 5 1 5 64 615 0 1 0 1 64 44 1 5 0 1 64 73 1 5 1 15 64 55 0 1 0 2 64 34 1 5 0 2 64 73 1 5 1 25 64
3/4 45 0 1 0 0 64 22 1 5 0 0 64 73 1 5 1 5 64 75 0 1 0 1 64 44 1 5 0 1 64 73 1 5 1 15 64 25 0 1 0 2 64 23 1 5 0 2 64 73 1 5 1 25 64
3/4 36 0 1 0 0 64 53 1 5 0 0 64 73 1 5 1 5 64 55 0 1 0 1 64 54 0 1 0 1 64 615 0 1 1 15 64 44 0 1 1 15 64 25 0 1 0 2 64 34 0 1 0 2 64 15 0 1 1 25 64 13 0 1 1 25 64
3/4 75 1 15 0 0 64 72 1 5 0 0 64 43 1 5 1 5 64 73 1 5 0 1 64 44 0 1 1 15 64 23 0 1 1 15 64 74 0 1 0 2 64 73 0 1 0 2 64 24 0 1 1 25 64 72 0 1 1 25 64
3/4 14 0 1 0 0 64 43 1 5 0 0 64 13 1 5 1 5 64 14 1 15 0 1 64 44 1 5 0 1 64 13 1 5 1 15 64 44 1 5 0 2 64 44 0 1 1 25 64 13 0 1 1 25 64
3/4 44 0 1 0 0 64 74 0 1 0 0 64 24 0 1 0 0 64 72 1 5 0 0 64 43 1 5 1 5 64 23 1 5 0 1 64 43 1 5 1 15 64 73 1 5 0 2 64 24 0 1 1 25 64 43 0 1 1 25 64
3/4 54 0 1 0 0 64 74 0 1 0 0 64 35 0 1 0 0 64 33 1 5 0 0 64 73 1 5 1 5 64 54 0 1 0 1 64 74 0 1 0 1 64 35 0 1 0 1 64 34 1 5 0 1 64 73 1 5 1 15 64 24 0 1 0 2 64 34 0 1 0 2 64 35 0 1 1 25 64 73 0 1 1 25 64
3/4 44 0 1 0 0 64 74 0 1 0 0 64 24 0 1 0 0 64 45 0 1 0 0 64 72 1 5 0 0 64 43 1 5 1 5 64 73 1 5 0 1 64 23 1 5 1 15 64 73 1 5 0 2 64 45 0 1 1 25 64 43 0 1 1 25 64
3/4 54 0 1 0 0 64 224 0 1 0 0 64 45 0 1 0 0 64 612 0 1 0 0 64 315 0 1 1 5 64 313 0 1 1 5 64 315 0 1 0 1 64 223 1 5 0 1 64 313 1 5 1 15 64 45 0 1 0 2 64 223 0 1 0 2 64 55 0 1 1 25 64 313 0 1 1 25 64
3/4 54 0 1 0 0 64 24 0 1 0 0 64 55 0 1 0 0 64 22 1 5 0 0 64 613 1 5 1 5 64 45 0 1 0 1 64 44 1 5 0 1 64 613 1 5 1 15 64 45 0 1 0 2 64 44 0 1 0 2 64 55 0 1 1 25 64 613 0 1 1 25 64 64 0 1 2 275 64 24 0 1 2 275 64 45 0 1 2 275 64 65 0 1 2 275 64
3/4 22 1 5 0 0 64 64 0 1 0 0 64 24 0 1 0 0 64 45 0 1 0 0 64 65 0 1 0 0 64 63 1 5 1 5 64 55 0 1 0 1 64 44 1 5 0 1 64 63 1 5 1 15 64 45 0 1 0 2 64 23 1 5 0 2 64 63 1 5 1 25 64 54 0 1 2 275 64 14 0 1 2 275 64 35 0 1 2 275 64
3/4 53 1 5 0 0 64 54 0 1 0 0 64 14 0 1 0 0 64 35 0 1 0 0 64 13 1 5 1 5 64 24 0 1 0 1 64 34 1 5 0 1 64 54 1 5 1 15 64 35 0 1 0 2 64 34 0 1 0 2 64 45 0 1 1 25 64 13 0 1 1 25 64 74 0 1 2 275 64 35 0 1 2 275 64 55 0 1 2 275 64
3/4 12 1 5 0 0 64 74 0 1 0 0 64 35 0 1 0 0 64 55 0 1 0 0 64 53 1 5 1 5 64 45 0 1 0 1 64 34 1 5 0 1 64 53 1 5 1 15 64 35 0 1 0 2 64 13 1 5 0 2 64 53 1 5 1 25 64
3/4 44 0 1 0 0 64 614 0 1 0 0 64 24 0 1 0 0 64 43 1 5 0 0 64 13 1 5 1 5 64 224 0 1 0 1 64 54 1 5 0 1 64 13 1 5 1 15 64 14 0 1 0 2 64 44 1 5 0 2 64 13 1 5 1 25 64
3/4 74 0 1 0 0 64 72 1 5 0 0 64 43 1 5 1 5 64 45 1 15 0 1 64 73 1 5 0 1 64 23 1 5 1 15 64 73 1 5 0 2 64 74 0 1 1 25 64 43 0 1 1 25 64
3/4 614 0 1 0 0 64 22 1 5 0 0 64 613 1 5 1 5 64 45 1 15 0 1 64 23 1 5 0 1 64 44 1 5 1 15 64 23 1 5 0 2 64 45 0 1 1 25 64 613 0 1 1 25 64
3/4 55 0 1 0 0 64 33 1 5 0 0 64 73 1 5 1 5 64 45 0 1 0 1 64 34 1 5 0 1 64 54 1 5 1 15 64 35 0 1 0 2 64 34 1 5 0 2 64 73 1 5 1 25 64
3/4 45 0 2 0 0 64 22 1 5 0 0 64 73 1 5 1 5 64 44 1 5 0 1 64 73 1 5 1 15 64 55 0 1 0 2 64 54 0 1 0 2 64 615 0 1 1 25 64 73 0 1 1 25 64 35 0 1 2 275 64 55 0 1 2 275 64 75 0 1 2 275 64
3/4 33 1 5 0 0 64 35 0 1 0 0 64 55 0 1 0 0 64 75 0 1 0 0 64 73 1 5 1 5 64 75 0 1 0 1 64 44 1 5 0 1 64 73 1 5 1 15 64 615 0 1 0 2 64 54 0 1 0 2 64 15 0 1 1 25 64 73 0 1 1 25 64 24 0 1 2 275 64 45 0 1 2 275 64 75 0 1 2 275 64
3/4 22 1 5 0 0 64 24 0 1 0 0 64 45 0 1 0 0 64 75 0 1 0 0 64 73 1 5 1 5 64 75 0 1 0 1 64 44 1 5 0 1 64 73 1 5 1 15 64 15 0 1 0 2 64 54 1 5 0 2 64 73 1 5 1 25 64 35 0 1 2 275 64 55 0 1 2 275 64 75 0 1 2 275 64 25 0 1 2 275 64
3/4 12 1 5 0 0 64 35 0 1 0 0 64 55 0 1 0 0 64 75 0 1 0 0 64 25 0 1 0 0 64 53 1 5 1 5 64 36 0 1 0 1 64 13 1 5 0 1 64 34 1 5 1 15 64 25 0 1 0 2 64 13 0 1 0 2 64 15 0 1 1 25 64 53 0 1 1 25 64 24 0 1 2 275 64 45 0 1 2 275 64 75 0 1 2 275 64
3/4 72 1 5 0 0 64 24 0 1 0 0 64 45 0 1 0 0 64 75 0 1 0 0 64 43 1 5 1 5 64 73 1 5 0 1 64 23 1 5 1 15 64 73 1 5 0 2 64 43 1 5 1 25 64 72 0 1 2 275 64 43 0 1 2 275 64 73 0 1 2 275 64 23 0 1 2 275 64
3/4 72 0 1 0 0 64 43 0 1 0 0 64 73 0 1 0 0 64 23 0 1 0 0 64
3/4 72 0 1 0 0 64 43 0 1 0 0 64 73 0 1 0 0 64 23 0 1 0 0 64
