4/4 55 2 25 2 25 100 45 2 25 1 5 100 14 2 25 2 75 100 55 1 5 0 1 100 45 2 25 1 15 100 14 2 25 2 175 100 55 2 25 2 225 100 45 2 25 1 25 100 14 2 25 2 275 100 55 1 5 0 3 100 45 2 25 1 35 100 14 2 25 2 375 100
4/4 45 2 25 2 25 100 35 2 25 1 5 100 74 2 25 2 75 100 45 1 5 0 1 100 35 2 25 1 15 100 74 2 25 2 175 100 45 2 25 2 225 100 35 2 25 1 25 100 74 2 25 2 275 100 45 1 5 0 3 100 35 2 25 1 35 100 74 2 25 2 375 100
4/4 64 0 4 0 0 64 55 2 25 2 25 100 45 2 25 1 5 100 14 2 25 2 75 100 55 1 5 0 1 100 45 2 25 1 15 100 14 2 25 2 175 100 55 2 25 2 225 100 45 2 25 1 25 100 14 2 25 2 275 100 55 1 5 0 3 100 45 2 25 1 35 100 14 2 25 2 375 100
4/4 54 0 4 0 0 64 45 2 25 2 25 100 35 2 25 1 5 100 74 2 25 2 75 100 45 1 5 0 1 100 35 2 25 1 15 100 74 2 25 2 175 100 45 2 25 2 225 100 35 2 25 1 25 100 74 2 25 2 275 100 45 1 5 0 3 100 35 2 25 1 35 100 74 2 25 2 375 100
4/4 64 0 1 0 0 64 55 2 25 2 25 100 45 2 25 1 5 100 14 2 25 2 75 100 55 1 5 0 1 100 64 0 1 0 1 64 45 2 25 1 15 100 14 2 25 2 175 100 64 0 1 0 2 64 55 2 25 2 225 100 45 2 25 1 25 100 14 2 25 2 275 100 55 1 5 0 3 100 64 0 1 0 3 64 45 2 25 1 35 100 14 2 25 2 375 100
4/4 54 0 1 0 0 64 45 2 25 2 25 100 35 2 25 1 5 100 74 2 25 2 75 100 45 1 5 0 1 100 54 0 1 0 1 64 35 2 25 1 15 100 74 2 25 2 175 100 54 0 1 0 2 64 14 1 5 0 3 100 53 0 1 0 3 64 35 1 5 1 35 100
4/4 14 0 1 0 0 100 45 0 1 0 0 100 63 1 15 0 0 64 45 1 5 0 1 100 55 1 5 1 15 100 63 1 15 1 15 64 35 0 1 0 2 100 14 1 5 0 3 100 63 0 1 0 3 64 35 1 5 1 35 100
4/4 74 0 1 0 0 100 45 0 1 0 0 100 53 1 15 0 0 64 45 1 5 0 1 100 75 1 5 1 15 100 53 1 15 1 15 64 55 0 1 0 2 100 55 1 5 0 3 100 53 0 1 0 3 64 75 1 5 1 35 100
4/4 35 0 1 0 0 100 65 0 1 0 0 100 15 0 1 0 0 100 44 1 15 0 0 64 15 1 5 1 5 100 15 1 5 0 1 100 36 1 5 1 15 100 44 1 15 1 15 64 25 1 5 0 2 100 15 1 5 1 25 100 75 1 5 0 3 100 44 0 1 0 3 64 65 1 5 1 35 100
4/4 14 0 1 0 0 100 45 0 1 0 0 100 55 0 1 0 0 100 53 1 15 0 0 64 45 1 5 0 1 100 14 1 5 1 15 100 53 1 15 1 15 64 55 0 1 0 2 100 14 1 5 0 3 100 53 0 1 0 3 64 35 1 5 1 35 100
4/4 14 0 1 0 0 100 45 0 1 0 0 100 63 1 15 0 0 64 45 1 5 0 1 100 55 1 5 1 15 100 63 1 15 1 15 64 35 0 1 0 2 100 14 1 5 0 3 100 63 0 1 0 3 64 35 1 5 1 35 100
4/4 74 0 1 0 0 100 45 0 1 0 0 100 53 1 15 0 0 64 45 1 5 0 1 100 75 1 5 1 15 100 53 1 15 1 15 64 55 0 1 0 2 100 55 1 5 0 3 100 53 0 1 0 3 64 75 1 5 1 35 100
4/4 35 0 1 0 0 100 65 0 1 0 0 100 15 0 1 0 0 100 44 0 2 0 0 64 15 1 5 1 5 100 15 1 5 0 1 100 36 1 5 1 15 100 45 0 1 0 2 100 75 0 1 0 2 100 25 0 1 0 2 100 53 0 2 0 2 64 15 1 5 1 25 100 55 1 5 0 3 100 14 1 5 1 35 100
4/4 54 0 4 0 0 100 14 1 35 0 0 100 35 0 4 0 0 100 13 1 15 0 0 64 13 1 15 1 15 64 14 0 1 0 3 100 73 0 1 0 3 64 35 1 5 1 35 100
4/4 14 0 1 0 0 100 45 0 1 0 0 100 63 1 15 0 0 64 54 1 5 0 0 100 35 1 5 0 0 100 14 1 5 0 0 100 45 1 5 0 1 100 55 1 5 1 15 100 63 1 15 1 15 64 35 0 1 0 2 100 14 1 5 0 3 100 63 0 1 0 3 64 35 1 5 1 35 100
4/4 74 0 1 0 0 100 45 0 1 0 0 100 53 1 15 0 0 64 45 1 5 0 1 100 75 1 5 1 15 100 53 1 15 1 15 64 55 0 1 0 2 100 55 1 5 0 3 100 53 0 1 0 3 64 75 1 5 1 35 100
4/4 35 0 1 0 0 100 65 0 1 0 0 100 15 0 1 0 0 100 44 1 15 0 0 64 15 1 5 1 5 100 15 1 5 0 1 100 36 1 5 1 15 100 44 1 15 1 15 64 25 1 5 0 2 100 15 1 5 1 25 100 75 1 5 0 3 100 44 0 1 0 3 64 65 1 5 1 35 100
4/4 14 0 1 0 0 100 45 0 1 0 0 100 55 0 1 0 0 100 53 1 15 0 0 64 45 1 5 0 1 100 14 1 5 1 15 100 53 1 15 1 15 64 55 0 1 0 2 100 14 1 5 0 3 100 53 0 1 0 3 64 35 1 5 1 35 100
4/4 14 0 1 0 0 100 45 0 1 0 0 100 63 1 15 0 0 64 45 1 5 0 1 100 55 1 5 1 15 100 63 1 15 1 15 64 35 0 1 0 2 100 14 1 5 0 3 100 63 0 1 0 3 64 35 1 5 1 35 100
4/4 74 0 1 0 0 100 45 0 1 0 0 100 53 1 15 0 0 64 45 1 5 0 1 100 75 1 5 1 15 100 53 1 15 1 15 64 55 0 1 0 2 100 55 1 5 0 3 100 53 0 1 0 3 64 75 1 5 1 35 100
4/4 35 0 1 0 0 100 65 0 1 0 0 100 15 0 1 0 0 100 44 0 2 0 0 64 15 1 5 1 5 100 15 1 5 0 1 100 36 1 5 1 15 100 45 0 1 0 2 100 75 0 1 0 2 100 25 0 1 0 2 100 53 0 2 0 2 64 15 1 5 1 25 100 55 1 5 0 3 100 14 1 5 1 35 100
4/4 54 0 1 0 0 100 14 0 1 0 0 100 35 0 1 0 0 100 13 1 15 0 0 64 13 1 15 1 15 64 13 1 5 0 3 64 713 1 5 1 35 64
4/4 64 0 1 0 0 100 224 0 1 0 0 100 73 1 15 0 0 64 54 0 1 0 0 100 14 0 1 0 0 100 35 0 1 0 0 100 65 1 5 1 5 100 65 1 5 0 1 100 224 1 5 1 15 100 73 1 15 1 15 64 65 0 2 0 2 100 44 0 1 0 3 64
4/4 73 1 15 0 0 64 65 0 1 0 0 100 224 1 5 1 5 100 224 1 5 0 1 100 65 1 5 1 15 100 73 1 25 1 15 64 65 0 1 0 2 100 55 1 5 0 3 100 45 1 5 1 35 100
4/4 74 0 1 0 0 100 35 0 1 0 0 100 55 0 1 0 0 100 13 1 15 0 0 64 65 1 5 1 5 100 55 1 5 0 1 100 45 1 5 1 15 100 13 1 25 1 15 64 35 0 2 0 2 100 54 1 5 0 3 100 14 1 5 1 35 100
4/4 74 1 15 0 0 100 54 2 25 1 15 100 44 2 25 2 175 100 54 0 2 0 2 100 13 0 1 0 3 64
4/4 64 0 1 0 0 100 224 0 1 0 0 100 73 1 15 0 0 64 65 1 5 1 5 100 65 1 5 0 1 100 224 1 5 1 15 100 73 1 15 1 15 64 65 0 2 0 2 100 44 0 1 0 3 64
4/4 73 1 15 0 0 64 65 0 1 0 0 100 224 1 5 1 5 100 224 1 5 0 1 100 65 1 5 1 15 100 73 1 25 1 15 64 65 0 1 0 2 100 55 1 5 0 3 100 45 1 5 1 35 100
4/4 74 0 1 0 0 100 35 0 1 0 0 100 55 0 1 0 0 100 13 1 15 0 0 64 65 1 5 1 5 100 75 1 5 0 1 100 35 0 1 1 15 100 13 1 25 1 15 64 14 0 1 1 25 100 74 1 5 1 35 100
4/4 64 0 3 0 0 100 14 1 35 0 0 100 73 0 1 0 0 64 23 0 1 0 0 64 53 0 1 0 2 64 14 0 1 0 3 100 13 0 1 0 3 64 35 1 5 1 35 100
4/4 14 0 1 0 0 100 45 0 1 0 0 100 63 1 15 0 0 64 45 1 5 0 1 100 55 1 5 1 15 100 63 1 15 1 15 64 35 0 1 0 2 100 14 1 5 0 3 100 63 0 1 0 3 64 35 1 5 1 35 100
4/4 74 0 1 0 0 100 45 0 1 0 0 100 53 1 15 0 0 64 45 1 5 0 1 100 75 1 5 1 15 100 53 1 15 1 15 64 55 0 1 0 2 100 55 1 5 0 3 100 53 0 1 0 3 64 75 1 5 1 35 100
4/4 35 0 1 0 0 100 65 0 1 0 0 100 15 0 1 0 0 100 44 1 15 0 0 64 15 1 5 1 5 100 15 1 5 0 1 100 36 1 5 1 15 100 44 1 15 1 15 64 25 1 5 0 2 100 15 1 5 1 25 100 75 1 5 0 3 100 44 0 1 0 3 64 65 1 5 1 35 100
4/4 14 0 1 0 0 100 45 0 1 0 0 100 55 0 1 0 0 100 53 1 15 0 0 64 45 1 5 0 1 100 14 1 5 1 15 100 53 1 15 1 15 64 55 0 1 0 2 100 14 1 5 0 3 100 53 0 1 0 3 64 35 1 5 1 35 100
4/4 14 0 1 0 0 100 45 0 1 0 0 100 63 1 15 0 0 64 45 1 5 0 1 100 55 1 5 1 15 100 63 1 15 1 15 64 35 0 1 0 2 100 14 1 5 0 3 100 63 0 1 0 3 64 35 1 5 1 35 100
4/4 74 0 1 0 0 100 45 0 1 0 0 100 53 1 15 0 0 64 45 1 5 0 1 100 75 1 5 1 15 100 53 1 15 1 15 64 55 0 1 0 2 100 55 1 5 0 3 100 53 0 1 0 3 64 75 1 5 1 35 100
4/4 35 0 1 0 0 100 65 0 1 0 0 100 15 0 1 0 0 100 44 0 2 0 0 64 15 1 5 1 5 100 15 1 5 0 1 100 36 1 5 1 15 100 45 0 1 0 2 100 75 0 1 0 2 100 25 0 1 0 2 100 53 0 2 0 2 64 15 1 5 1 25 100 55 1 5 0 3 100 14 1 5 1 35 100
4/4 54 0 4 0 0 100 14 1 35 0 0 100 35 0 4 0 0 100 13 1 15 0 0 64 13 1 15 1 15 64 14 0 1 0 3 100 73 0 1 0 3 64 35 1 5 1 35 100
4/4 14 0 1 0 0 100 45 0 1 0 0 100 63 1 15 0 0 64 54 1 5 0 0 100 35 1 5 0 0 100 14 1 5 0 0 100 45 1 5 0 1 100 55 1 5 1 15 100 63 1 15 1 15 64 35 0 1 0 2 100 14 1 5 0 3 100 63 0 1 0 3 64 35 1 5 1 35 100
4/4 74 0 1 0 0 100 45 0 1 0 0 100 53 1 15 0 0 64 45 1 5 0 1 100 75 1 5 1 15 100 53 1 15 1 15 64 55 0 1 0 2 100 55 1 5 0 3 100 53 0 1 0 3 64 75 1 5 1 35 100
4/4 35 0 1 0 0 100 65 0 1 0 0 100 15 0 1 0 0 100 44 1 15 0 0 64 15 1 5 1 5 100 15 1 5 0 1 100 36 1 5 1 15 100 44 1 15 1 15 64 25 1 5 0 2 100 15 1 5 1 25 100 75 1 5 0 3 100 44 0 1 0 3 64 65 1 5 1 35 100
4/4 14 0 1 0 0 100 45 0 1 0 0 100 55 0 1 0 0 100 53 1 15 0 0 64 45 1 5 0 1 100 14 1 5 1 15 100 53 1 15 1 15 64 55 0 1 0 2 100 14 1 5 0 3 100 53 0 1 0 3 64 35 1 5 1 35 100
4/4 14 0 1 0 0 100 45 0 1 0 0 100 63 1 15 0 0 64 45 1 5 0 1 100 55 1 5 1 15 100 63 1 15 1 15 64 35 0 1 0 2 100 14 1 5 0 3 100 63 0 1 0 3 64 35 1 5 1 35 100
4/4 74 0 1 0 0 100 45 0 1 0 0 100 53 1 15 0 0 64 45 1 5 0 1 100 75 1 5 1 15 100 53 1 15 1 15 64 55 0 1 0 2 100 55 1 5 0 3 100 53 0 1 0 3 64 75 1 5 1 35 100
4/4 35 0 1 0 0 100 65 0 1 0 0 100 15 0 1 0 0 100 44 0 2 0 0 64 15 1 5 1 5 100 15 1 5 0 1 100 36 1 5 1 15 100 45 0 1 0 2 100 75 0 1 0 2 100 25 0 1 0 2 100 53 0 2 0 2 64 15 1 5 1 25 100 55 1 5 0 3 100 14 1 5 1 35 100
4/4 54 0 1 0 0 100 14 0 1 0 0 100 35 0 1 0 0 100 13 1 15 0 0 64 13 1 15 1 15 64 13 1 5 0 3 64 713 1 5 1 35 64
4/4 64 0 1 0 0 100 224 0 1 0 0 100 73 1 15 0 0 64 54 0 1 0 0 100 14 0 1 0 0 100 35 0 1 0 0 100 65 1 5 1 5 100 65 1 5 0 1 100 224 1 5 1 15 100 73 1 15 1 15 64 65 0 2 0 2 100 44 0 1 0 3 64
4/4 73 1 15 0 0 64 65 0 1 0 0 100 224 1 5 1 5 100 224 1 5 0 1 100 65 1 5 1 15 100 73 1 25 1 15 64 65 0 1 0 2 100 55 1 5 0 3 100 45 1 5 1 35 100
4/4 74 0 1 0 0 100 35 0 1 0 0 100 55 0 1 0 0 100 13 1 15 0 0 64 65 1 5 1 5 100 55 1 5 0 1 100 45 1 5 1 15 100 13 1 25 1 15 64 35 0 2 0 2 100 54 1 5 0 3 100 14 1 5 1 35 100
4/4 74 1 15 0 0 100 54 2 25 1 15 100 44 2 25 2 175 100 54 0 2 0 2 100 13 0 1 0 3 64
4/4 64 0 1 0 0 100 224 0 1 0 0 100 73 1 15 0 0 64 65 1 5 1 5 100 65 1 5 0 1 100 224 1 5 1 15 100 73 1 15 1 15 64 65 0 2 0 2 100 44 0 1 0 3 64
4/4 73 1 15 0 0 64 65 0 1 0 0 100 224 1 5 1 5 100 224 1 5 0 1 100 65 1 5 1 15 100 73 1 25 1 15 64 65 0 1 0 2 100 55 1 5 0 3 100 45 1 5 1 35 100
4/4 74 0 1 0 0 100 35 0 1 0 0 100 55 0 1 0 0 100 13 1 15 0 0 64 65 1 5 1 5 100 75 1 5 0 1 100 35 0 1 1 15 100 13 1 25 1 15 64 14 0 1 1 25 100 74 1 5 1 35 100
4/4 64 0 3 0 0 100 14 1 35 0 0 100 73 0 1 0 0 64 23 0 1 0 0 64 53 0 1 0 2 64 14 0 1 0 3 100 13 0 1 0 3 64 35 1 5 1 35 100
4/4 14 0 1 0 0 100 45 0 1 0 0 100 63 1 15 0 0 64 45 1 5 0 1 100 55 1 5 1 15 100 63 1 15 1 15 64 35 0 1 0 2 100 14 1 5 0 3 100 63 0 1 0 3 64 35 1 5 1 35 100
4/4 74 0 1 0 0 100 45 0 1 0 0 100 53 1 15 0 0 64 45 1 5 0 1 100 75 1 5 1 15 100 53 1 15 1 15 64 55 0 1 0 2 100 55 1 5 0 3 100 53 0 1 0 3 64 75 1 5 1 35 100
4/4 35 0 1 0 0 100 65 0 1 0 0 100 15 0 1 0 0 100 44 1 15 0 0 64 15 1 5 1 5 100 15 1 5 0 1 100 36 1 5 1 15 100 44 1 15 1 15 64 25 1 5 0 2 100 15 1 5 1 25 100 75 1 5 0 3 100 44 0 1 0 3 64 65 1 5 1 35 100
4/4 14 0 1 0 0 100 45 0 1 0 0 100 55 0 1 0 0 100 53 1 15 0 0 64 45 1 5 0 1 100 14 1 5 1 15 100 53 1 15 1 15 64 55 0 1 0 2 100 14 1 5 0 3 100 53 0 1 0 3 64 35 1 5 1 35 100
4/4 14 0 1 0 0 100 45 0 1 0 0 100 63 1 15 0 0 64 45 1 5 0 1 100 55 1 5 1 15 100 63 1 15 1 15 64 35 0 1 0 2 100 14 1 5 0 3 100 63 0 1 0 3 64 35 1 5 1 35 100
4/4 74 0 1 0 0 100 45 0 1 0 0 100 53 1 15 0 0 64 45 1 5 0 1 100 75 1 5 1 15 100 53 1 15 1 15 64 55 0 1 0 2 100 55 1 5 0 3 100 53 0 1 0 3 64 75 1 5 1 35 100
4/4 35 0 1 0 0 100 65 0 1 0 0 100 15 0 1 0 0 100 44 0 2 0 0 64 15 1 5 1 5 100 15 1 5 0 1 100 36 1 5 1 15 100 45 0 1 0 2 100 75 0 1 0 2 100 25 0 1 0 2 100 53 0 2 0 2 64 15 1 5 1 25 100 55 1 5 0 3 100 14 1 5 1 35 100
4/4 54 0 4 0 0 100 14 1 35 0 0 100 35 0 4 0 0 100 13 1 15 0 0 64 13 1 15 1 15 64 14 0 1 0 3 100 73 0 1 0 3 64 35 1 5 1 35 100
4/4 14 0 1 0 0 100 45 0 1 0 0 100 63 1 15 0 0 64 54 1 5 0 0 100 35 1 5 0 0 100 14 1 5 0 0 100 45 1 5 0 1 100 55 1 5 1 15 100 63 1 15 1 15 64 35 0 1 0 2 100 14 1 5 0 3 100 63 0 1 0 3 64 35 1 5 1 35 100
4/4 74 0 1 0 0 100 45 0 1 0 0 100 53 1 15 0 0 64 45 1 5 0 1 100 75 1 5 1 15 100 53 1 15 1 15 64 55 0 1 0 2 100 55 1 5 0 3 100 53 0 1 0 3 64 75 1 5 1 35 100
4/4 35 0 1 0 0 100 65 0 1 0 0 100 15 0 1 0 0 100 44 1 15 0 0 64 15 1 5 1 5 100 15 1 5 0 1 100 36 1 5 1 15 100 44 1 15 1 15 64 25 1 5 0 2 100 15 1 5 1 25 100 75 1 5 0 3 100 44 0 1 0 3 64 65 1 5 1 35 100
4/4 14 0 1 0 0 100 45 0 1 0 0 100 55 0 1 0 0 100 53 1 15 0 0 64 45 1 5 0 1 100 14 1 5 1 15 100 53 1 15 1 15 64 55 0 1 0 2 100 14 1 5 0 3 100 53 0 1 0 3 64 35 1 5 1 35 100
4/4 14 0 1 0 0 100 45 0 1 0 0 100 63 1 15 0 0 64 45 1 5 0 1 100 55 1 5 1 15 100 63 1 15 1 15 64 35 0 1 0 2 100 14 1 5 0 3 100 63 0 1 0 3 64 35 1 5 1 35 100
4/4 74 0 1 0 0 100 45 0 1 0 0 100 53 1 15 0 0 64 45 1 5 0 1 100 75 1 5 1 15 100 53 1 15 1 15 64 55 0 1 0 2 100 55 1 5 0 3 100 53 0 1 0 3 64 75 1 5 1 35 100
4/4 35 0 1 0 0 100 65 0 1 0 0 100 15 0 1 0 0 100 44 0 2 0 0 64 15 1 5 1 5 100 15 1 5 0 1 100 36 1 5 1 15 100 45 0 1 0 2 100 75 0 1 0 2 100 25 0 1 0 2 100 53 0 2 0 2 64 15 1 5 1 25 100 55 1 5 0 3 100 14 1 5 1 35 100
4/4 54 0 1 0 0 100 14 0 1 0 0 100 35 0 1 0 0 100 13 0 1 0 0 64 15 1 5 0 3 100 36 1 5 1 35 100
4/4 46 0 2 0 0 100 224 0 4 0 0 64 65 1 5 0 1 100 15 1 25 1 15 100 46 0 1 0 2 100 56 0 1 0 3 100
4/4 36 1 35 0 0 100 13 1 5 0 0 64 74 1 5 1 5 64 35 1 5 0 1 64 55 1 25 1 15 64 15 0 1 0 2 100 36 0 1 0 3 100
4/4 46 0 2 0 0 100 224 0 4 0 0 64 65 1 5 0 1 100 75 1 15 1 15 100 46 0 1 0 2 100 76 0 1 0 3 100
4/4 56 0 4 0 0 100 13 1 5 0 0 64 24 1 5 1 5 64 35 1 5 0 1 64 75 1 25 1 15 64
4/4 55 0 1 0 0 100 24 1 5 0 0 64 56 1 35 0 0 100 14 1 5 1 5 64 55 0 1 0 1 100 24 1 5 0 1 64 14 1 5 1 15 64 75 0 1 0 2 100 24 0 2 0 2 64 46 0 1 0 3 100
4/4 45 0 1 0 0 100 75 0 1 0 0 100 25 0 1 0 0 100 13 0 1 0 0 64
