4/4 55 1 5 0 0 78 55 1 5 1 5 83 55 1 5 0 1 78 55 1 5 1 15 77 55 0 1 0 2 90 55 1 5 0 3 78 55 1 5 1 35 77
4/4 55 1 5 0 0 83 45 1 5 1 5 83 45 1 5 0 1 83 315 0 1 1 15 75 24 0 1 1 25 77 24 1 5 1 35 74
4/4 55 1 5 0 0 86 55 1 5 1 5 79 55 1 5 0 1 76 55 1 5 1 15 82 55 0 1 0 2 73 55 1 5 0 3 83 55 1 5 1 35 89
4/4 55 1 5 0 0 78 45 1 5 1 5 81 45 1 5 0 1 72 315 0 1 1 15 73 24 1 15 1 25 75
4/4 54 0 1 0 0 75 14 0 1 0 0 88 315 0 1 0 2 79 14 0 1 0 2 88
4/4 44 0 1 0 0 75 24 0 1 0 0 81 45 0 1 0 2 79 24 0 1 0 2 82
4/4 55 0 1 0 0 83 24 0 1 0 0 75 715 0 1 0 2 85 55 0 1 0 2 77
4/4 15 0 1 0 0 87 55 0 1 0 0 80 24 0 1 0 0 77 715 0 1 0 1 78 55 0 1 0 1 74 24 0 1 0 1 82 15 0 1 0 2 81 55 0 1 0 2 82 24 0 1 0 2 87 25 0 1 0 3 83 55 0 1 0 3 82 24 0 1 0 3 76
4/4 315 1 5 0 0 77 15 0 1 0 0 83 54 1 5 1 5 86 14 1 5 0 1 77 14 0 1 0 1 75 54 1 5 1 15 89 55 1 5 0 2 80 55 0 1 0 2 75 54 1 5 1 25 71 14 1 5 0 3 80 14 0 1 0 3 89 54 1 5 1 35 70
4/4 315 1 5 0 0 87 315 0 1 0 0 79 54 1 5 1 5 86 14 1 5 0 1 71 14 0 1 0 1 84 54 1 5 1 15 77 55 1 5 0 2 72 55 0 1 0 2 88 54 1 5 1 25 76 14 1 5 0 3 73 14 0 1 0 3 75 54 1 5 1 35 70
4/4 315 1 5 0 0 74 315 0 1 0 0 86 54 1 5 1 5 89 14 1 5 0 1 89 14 0 1 0 1 89 54 1 5 1 15 71 55 1 5 0 2 80 55 0 1 0 2 71 54 1 5 1 25 85 14 1 5 0 3 89 14 0 1 0 3 87 54 1 5 1 35 70
4/4 315 0 1 0 0 82 14 0 1 0 0 80 45 0 1 0 1 74 55 0 1 0 2 75 315 0 1 0 2 88 14 0 1 0 2 72 15 0 1 0 3 90 315 0 1 0 3 73 14 0 1 0 3 83
4/4 315 1 5 0 0 90 315 0 1 0 0 70 54 1 5 1 5 87 14 1 5 0 1 79 14 0 1 0 1 86 54 1 5 1 15 86 55 1 5 0 2 77 55 0 1 0 2 76 54 1 5 1 25 85 14 1 5 0 3 85 14 0 1 0 3 76 54 1 5 1 35 77
4/4 315 1 5 0 0 75 315 0 1 0 0 76 54 1 5 1 5 84 14 1 5 0 1 70 14 0 1 0 1 77 54 1 5 1 15 70 64 0 1 0 2 86 45 0 1 0 2 86 714 0 1 0 3 81
4/4 314 0 1 0 0 84 614 0 1 0 0 77 14 0 1 0 0 74 714 1 5 1 5 81 14 1 5 0 1 71 524 0 1 1 15 88 614 0 1 1 15 90 24 0 1 1 15 77 14 1 5 1 25 85 24 1 5 0 3 81 54 0 1 1 35 77 714 0 1 1 35 89 315 0 1 1 35 85
4/4 54 0 1 0 0 73 714 0 1 0 0 87 315 0 1 0 0 81 24 1 5 1 5 83 315 1 5 0 1 80 44 0 1 1 15 79 614 0 1 1 15 83 45 0 1 1 15 81 44 0 1 1 25 87 614 0 1 1 25 71 14 0 1 1 25 85
4/4 13 0 1 0 0 90 314 0 1 0 0 74 54 0 1 0 0 87 14 0 1 0 0 81
4/4 54 0 1 0 0 89 14 0 1 0 0 89 45 0 1 0 0 77 54 0 1 1 15 86 14 0 1 1 15 77 315 0 1 1 15 80 54 0 1 0 3 82 24 0 1 0 3 71
4/4 314 0 1 0 0 86 54 0 1 0 0 78 14 0 1 0 0 74 315 0 1 0 0 80 44 1 5 0 3 79 314 0 1 1 35 77 14 0 1 1 35 76
4/4 314 0 1 0 0 80 14 0 1 0 0 74 314 0 1 1 5 79 14 0 1 1 5 86 314 0 1 0 1 75 14 0 1 0 1 81 314 0 1 1 15 83 14 0 1 1 15 75 314 0 1 0 2 82 14 0 1 0 2 74 314 0 1 1 25 72 14 0 1 1 25 81 314 0 1 0 3 82 14 0 1 0 3 85 314 0 1 1 35 75 14 0 1 1 35 89
4/4 55 1 5 0 0 76 55 1 5 1 5 77 55 1 5 0 1 75 55 1 5 1 15 82 55 0 1 0 2 70 55 1 5 0 3 87 55 1 5 1 35 70
4/4 55 1 5 0 0 87 45 0 1 1 5 81 315 0 1 1 15 88 24 0 1 1 25 71 24 1 5 1 35 85
4/4 315 1 5 0 0 86 315 1 5 1 5 87 315 0 1 0 1 76 315 1 5 0 2 72 315 1 5 1 25 74 45 1 5 0 3 81 315 1 5 1 35 85
4/4 315 1 5 0 0 72 315 1 5 1 5 88 45 1 5 0 1 87 315 0 1 1 15 73 24 1 15 1 25 75
4/4 14 2 175 0 0 71 15 0 1 0 2 77 315 0 1 0 2 88
4/4 715 0 1 0 0 80 24 0 1 0 0 75 15 2 175 0 2 78
4/4 15 0 1 0 0 77 45 0 1 0 0 70 715 1 5 1 25 90 615 1 5 0 3 79 55 0 1 1 35 77 24 0 1 1 35 87
4/4 55 0 1 0 0 73 24 0 1 0 0 74
4/4 13 0 1 0 0 84 54 0 1 0 0 72 13 0 1 1 5 70 54 0 1 1 5 85 13 0 1 0 1 72 54 0 1 0 1 72 13 0 1 1 15 77 54 0 1 1 15 86 13 0 1 1 25 73 54 0 1 1 25 80 13 0 1 1 35 83 54 0 1 1 35 88
4/4 23 0 1 0 0 76 54 0 1 0 0 74 23 0 1 1 5 75 44 0 1 1 5 72 713 0 1 1 15 72 314 0 1 1 15 90 713 0 1 1 25 83 23 0 1 1 25 75 713 0 1 1 35 70 23 0 1 1 35 77
4/4 13 0 1 0 0 85 314 0 1 0 0 85 13 0 1 0 1 83 314 0 1 0 1 78 13 0 1 0 2 85 314 0 1 0 2 73 13 0 1 1 25 74 314 0 1 1 25 84 13 0 1 0 3 70 44 0 1 0 3 90 13 0 1 1 35 84 314 0 1 1 35 77
4/4 613 0 1 0 0 75 314 0 1 0 0 78 613 0 1 1 5 85 23 0 1 1 5 83 613 0 1 0 1 75 23 0 1 0 1 70 613 0 1 1 15 88 23 0 1 1 15 79 613 0 1 1 25 90 13 0 1 1 25 85
4/4 54 1 5 0 0 83 13 0 1 0 0 87 13 3 1333 1 5 79 14 1 5 0 1 77 13 1 5 1 15 90 54 1 5 0 2 84 314 2 175 0 2 76 13 1 5 1 25 75 14 1 5 0 3 70 13 1 5 1 35 84
4/4 54 1 5 0 0 81 54 2 175 0 0 72 13 1 5 1 5 74 14 1 5 0 1 79 13 1 5 1 15 86 54 1 5 0 2 86 314 2 175 0 2 75 13 1 5 1 25 80 14 1 5 0 3 76 13 1 5 1 35 80
4/4 54 1 5 0 0 76 23 0 1 0 0 76 23 3 1333 1 5 76 714 1 5 0 1 87 23 1 5 1 15 81 54 1 5 0 2 79 314 2 175 0 2 84 23 1 5 1 25 71 714 1 5 0 3 88 23 1 5 1 35 84
4/4 54 1 5 0 0 82 23 0 1 0 0 82 23 3 1333 1 5 88 714 1 5 0 1 71 23 1 5 1 15 82 54 1 5 0 2 79 13 2 175 0 2 70 23 1 5 1 25 78 714 1 5 0 3 70 23 1 5 1 35 75
4/4 44 1 5 0 0 79 13 0 4 0 0 71 44 1 5 1 5 73 44 1 5 0 1 81 44 1 5 1 15 86 44 1 5 0 2 74 44 1 5 1 25 73 44 1 5 0 3 90 44 1 5 1 35 87
4/4 314 1 5 0 0 73 13 0 3 0 0 80 314 1 5 1 5 75 314 1 5 0 1 86 314 1 5 1 15 79 23 1 5 0 2 86 23 1 5 1 25 83 23 1 5 0 3 81 54 0 1 0 3 90 23 1 5 1 35 71
4/4 314 0 1 0 0 83 13 0 1 0 0 74 14 0 1 0 0 87 714 0 1 0 1 76 14 0 1 0 2 79 13 0 1 0 3 70 613 0 1 0 3 76 54 0 1 0 3 70
4/4 13 0 1 0 0 80 613 0 1 0 0 87 54 0 1 0 0 78 44 0 1 0 1 75 314 0 1 0 2 76 44 0 1 0 3 90
4/4 23 0 1 0 0 78 53 0 1 0 0 70 54 0 1 0 0 87 13 0 1 0 1 70 13 0 1 0 2 82 13 0 1 0 3 74 53 0 1 0 3 79 44 0 1 0 3 75
4/4 13 0 1 0 0 75 53 0 1 0 0 87 44 0 1 0 0 77 314 0 1 0 1 90 13 2 175 0 2 74
4/4 13 0 1 0 0 72 44 0 1 0 0 83 614 0 1 0 0 88
4/4 23 0 1 0 0 72 54 0 1 0 0 89 714 0 1 0 0 89 23 0 1 0 2 86 54 0 1 0 2 76
4/4 13 0 1 0 0 88 314 0 1 0 0 87 14 0 3 0 0 88 14 1 5 0 3 89 24 1 5 1 35 81
4/4 315 0 1 0 0 81 54 0 1 0 0 71 24 1 5 0 1 89 45 0 1 1 15 78 614 0 1 1 15 88 44 0 1 1 15 83 315 0 1 1 25 74 314 0 1 1 35 82 54 0 1 1 35 74 14 0 1 1 35 73
4/4 314 0 1 0 0 71 54 0 1 0 0 80 14 0 1 0 0 70 13 0 1 0 3 72 314 0 1 0 3 72 54 0 1 0 3 89
4/4 54 0 1 0 0 83 14 0 1 0 0 87 45 0 1 0 0 77 315 1 5 0 1 87 24 0 1 1 15 86 54 0 1 1 15 76 54 0 1 1 25 87 14 0 1 1 25 85 23 0 1 1 35 80 54 0 1 1 35 80 24 0 1 1 35 87
4/4 23 0 1 0 0 78 54 0 1 0 0 70 24 0 1 0 0 77 23 0 1 0 3 83 54 0 1 0 3 70
4/4 315 0 1 0 0 88 54 0 1 0 0 78 24 1 5 0 1 87 14 0 1 1 15 84 54 0 1 1 15 74 54 0 1 1 25 78 714 0 1 1 25 75 13 0 1 1 35 81 44 0 1 1 35 74 14 0 1 1 35 87
4/4 13 0 1 0 0 88 44 0 1 0 0 78 14 0 1 0 0 71 315 0 1 1 15 84 55 0 1 1 15 90 316 0 1 1 15 76 615 0 1 0 3 84 15 0 1 0 3 78 616 0 1 0 3 79
4/4 615 0 1 0 0 73 15 0 1 0 0 83 616 0 1 0 0 82 16 0 1 1 5 77 316 0 1 1 5 82 15 0 1 1 5 84 16 0 1 0 1 86 316 0 1 0 1 84 15 0 1 0 1 72 54 0 1 0 2 82 14 0 1 0 2 85 714 0 1 0 3 88 24 0 1 0 3 76
4/4 54 0 1 0 0 89 14 0 1 0 0 79 315 2 125 0 0 75 44 0 1 1 15 85 614 0 1 1 15 83 24 0 1 1 15 74 44 0 1 0 2 86 614 0 1 0 2 75 24 2 125 0 2 74 44 0 1 1 35 71 614 0 1 1 35 82 24 0 1 1 35 88
4/4 45 3 1333 0 0 75 24 0 1 0 0 82 54 0 1 0 0 86 45 0 1 1 15 79 24 0 1 1 15 88 54 0 1 1 15 72 315 0 1 0 2 89 64 0 1 0 2 84 24 1 5 0 3 90 314 0 1 1 35 90 54 0 1 1 35 82 14 0 1 1 35 85
4/4 314 0 1 0 0 87 54 0 1 0 0 72 14 0 1 0 0 74 45 0 1 0 1 79 46 0 1 0 1 70 55 0 1 0 2 80 56 0 1 0 2 73 54 0 1 0 3 71 314 0 1 0 3 70 13 0 1 0 3 81
4/4 54 0 1 0 0 84 14 0 1 0 0 77 45 0 1 0 0 89 315 1 5 0 1 86 24 0 1 1 15 73 54 0 1 1 15 86 54 0 1 1 25 77 14 0 1 1 25 76 23 0 1 1 35 88 54 0 1 1 35 76 24 1 5 1 35 81
4/4 23 0 1 0 0 80 54 0 1 0 0 77 24 0 1 0 0 76 24 1 15 1 5 73 55 1 5 0 1 84 24 2 125 1 15 82 15 1 5 0 2 86 24 1 5 1 25 80 54 0 1 0 3 76 23 0 1 0 3 86 54 1 5 1 35 71
4/4 315 0 1 0 0 73 64 0 1 0 0 70 24 1 5 0 1 72 14 0 1 1 15 81 64 0 1 1 15 90 64 0 1 1 25 70 714 0 1 1 25 85 314 0 1 1 35 81 614 0 1 1 35 82
4/4 314 0 1 0 0 75 614 0 1 0 0 83 13 0 1 0 3 74 44 0 1 0 3 89
4/4 23 0 1 0 0 77 714 0 1 0 0 79 314 0 1 0 3 71 14 0 1 0 3 82
4/4 44 0 1 0 0 78 14 0 1 0 0 72 13 0 1 0 3 74 54 0 1 0 3 87
4/4 314 0 1 0 0 73 14 0 1 0 0 90 54 0 1 0 3 78 24 0 1 0 3 79
4/4 54 0 1 0 0 74 14 0 1 0 0 86 315 0 1 0 0 74
4/4 54 0 1 0 0 87 14 0 1 0 0 90 315 0 1 0 0 84
4/4 54 0 1 0 0 71 14 0 1 0 0 79 315 0 1 0 0 87 13 0 1 0 3 75 54 0 1 0 3 88
4/4 54 0 1 0 0 78 14 0 1 0 0 86 714 1 5 0 1 82 64 0 1 1 15 78 14 0 1 1 15 72 44 0 1 1 25 71 24 0 1 1 25 88 14 0 1 1 35 90 24 0 1 1 35 75
4/4 314 0 1 0 0 78 14 0 1 0 0 84
4/4 54 0 1 0 0 86 14 0 1 0 0 90 45 0 1 0 0 85 54 0 1 1 15 76 14 0 1 1 15 88 315 0 1 1 15 87 54 0 1 0 3 83 24 0 1 0 3 86
4/4 314 0 1 0 0 87 54 0 1 0 0 82 14 0 1 0 0 90 315 0 1 0 0 70 44 1 5 0 3 79 314 0 1 1 35 82 14 0 1 1 35 88
4/4 314 0 1 0 0 73 14 0 1 0 0 80 314 0 1 1 5 78 14 0 1 1 5 84 314 0 1 0 1 87 14 0 1 0 1 77 314 0 1 1 15 74 14 0 1 1 15 70 314 0 1 0 2 89 14 0 1 0 2 78 314 0 1 1 25 81 14 0 1 1 25 76 314 0 1 0 3 81 14 0 1 0 3 72 314 0 1 1 35 72 14 0 1 1 35 78
4/4 55 1 5 0 0 78 55 1 5 1 5 85 55 1 5 0 1 85 55 1 5 1 15 81 55 1 5 0 2 88 55 1 5 1 25 78 55 1 5 0 3 90 55 1 5 1 35 76
4/4 55 0 1 0 0 85 45 1 5 0 1 82 315 0 1 1 15 80 24 0 1 1 25 86 24 1 5 1 35 76
4/4 315 1 5 0 0 72 315 1 5 1 5 90 315 1 5 0 1 72 315 1 5 1 15 72 315 1 5 0 2 85 315 1 5 1 25 73 45 1 5 0 3 75 315 1 5 1 35 82
4/4 315 1 5 0 0 71 315 1 5 1 5 79 45 1 5 0 1 75 315 0 1 1 15 77 24 1 15 1 25 74
4/4 14 2 175 0 0 72 15 0 1 0 2 83 315 0 1 0 2 81
4/4 715 0 1 0 0 80 24 0 1 0 0 86 15 1 15 0 2 88 15 1 5 1 35 73
4/4 15 0 1 0 0 75 45 0 1 0 0 88 615 1 5 0 3 75 55 0 1 1 35 87 24 0 1 1 35 78
4/4 55 0 1 0 0 83 24 0 1 0 0 73
4/4 55 0 1 0 0 73 54 0 1 0 0 81 55 0 1 0 1 77 54 0 1 0 1 81 55 0 1 1 15 76 54 0 1 1 15 77 55 0 1 0 2 74 54 0 1 0 2 90 55 0 1 1 25 72 54 0 1 1 25 82 55 0 1 0 3 83 54 0 1 0 3 78 55 0 1 1 35 81 54 0 1 1 35 78
4/4 55 0 1 0 0 73 54 0 1 0 0 79 45 0 1 1 5 71 44 0 1 1 5 78 45 0 1 0 1 73 44 0 1 0 1 71 315 0 1 1 15 84 314 0 1 1 15 87 24 0 1 1 25 72 23 0 1 1 25 78 24 0 1 1 35 87 23 0 1 1 35 80
4/4 315 0 1 0 0 81 314 0 1 0 0 81 315 0 1 1 5 82 314 0 1 1 5 70 315 0 1 0 1 87 314 0 1 0 1 88 315 0 1 1 15 90 314 0 1 1 15 75 315 0 1 0 2 87 314 0 1 0 2 78 315 0 1 1 25 83 314 0 1 1 25 70 45 0 1 0 3 72 44 0 1 0 3 88 315 0 1 1 35 89 314 0 1 1 35 84
4/4 315 0 1 0 0 72 314 0 1 0 0 88 24 0 1 1 5 71 23 0 1 1 5 70 24 0 1 0 1 70 23 0 1 0 1 72 24 0 1 1 15 70 23 0 1 1 15 79 13 0 1 1 25 81 14 0 1 1 25 88
4/4 13 0 1 0 0 70 14 1 15 0 0 88 54 1 5 0 0 79 13 3 1333 1 5 71 14 2 75 0 1 76 13 1 5 1 15 88 314 0 1 0 2 78 315 0 1 0 2 83 54 1 5 0 2 71 13 1 5 1 25 88 14 1 5 0 3 89 13 1 5 1 35 84
4/4 54 1 5 0 0 86 55 0 1 0 0 75 54 0 1 0 0 80 13 1 5 1 5 78 14 1 5 0 1 73 13 1 5 1 15 72 314 0 1 0 2 87 315 0 1 0 2 83 54 1 5 0 2 88 13 1 5 1 25 81 14 1 5 0 3 82 13 1 5 1 35 84
4/4 23 0 1 0 0 83 24 2 175 0 0 76 54 1 5 0 0 83 23 3 1333 1 5 73 714 1 5 0 1 90 23 1 5 1 15 89 314 0 1 0 2 80 315 0 1 0 2 77 54 1 5 0 2 70 23 1 5 1 25 87 714 1 5 0 3 87 23 1 5 1 35 86
4/4 23 0 1 0 0 75 24 2 175 0 0 85 54 1 5 0 0 73 23 3 1333 1 5 88 714 1 5 0 1 86 23 1 5 1 15 85 13 0 1 0 2 70 14 0 1 0 2 86 54 1 5 0 2 87 23 1 5 1 25 79 714 1 5 0 3 86 23 1 5 1 35 76
4/4 13 0 4 0 0 90 14 0 4 0 0 85 44 1 5 0 0 86 44 1 5 1 5 71 44 1 5 0 1 75 44 1 5 1 15 85 44 1 5 0 2 74 44 1 5 1 25 90 44 1 5 0 3 77 44 1 5 1 35 77
4/4 314 1 5 0 0 77 13 0 3 0 0 75 14 3 2667 0 0 70 314 1 5 1 5 77 314 1 5 0 1 78 314 1 5 1 15 83 23 1 5 0 2 85 23 1 5 1 25 85 54 0 1 0 3 82 23 1 5 0 3 72 23 1 5 1 35 71
4/4 14 0 1 0 0 79 314 0 1 0 0 83 13 0 1 0 0 71 714 0 1 0 1 72 14 0 1 0 2 71 54 0 1 0 3 82 13 0 1 0 3 82 613 0 1 0 3 70
4/4 54 0 1 0 0 86 13 0 1 0 0 82 613 0 1 0 0 77 44 0 1 0 1 73 314 0 1 0 2 87 44 0 1 0 3 74
4/4 54 0 1 0 0 89 23 0 1 0 0 85 53 0 1 0 0 89 13 0 1 0 1 80 13 0 1 0 2 85 44 0 1 0 3 89 13 0 1 0 3 83 53 0 1 0 3 85
4/4 44 0 1 0 0 78 13 0 1 0 0 82 53 0 1 0 0 81 314 0 1 0 1 86 13 2 175 0 2 88
4/4 13 0 1 0 0 72 44 0 1 0 0 88 614 0 1 0 0 83
4/4 23 0 1 0 0 78 54 0 1 0 0 89 714 0 1 0 0 81 23 0 1 0 2 84 54 0 1 0 2 80
4/4 13 0 1 0 0 90 314 0 1 0 0 90 14 0 3 0 0 70 54 0 1 0 3 70 14 0 1 0 3 70 24 1 5 1 35 87
4/4 315 0 1 0 0 90 54 0 1 0 0 76 24 1 5 0 1 72 45 0 1 1 15 81 614 0 1 1 15 80 44 0 1 1 15 87 315 0 1 1 25 70 314 0 1 1 35 82 54 0 1 1 35 78 14 0 1 1 35 88
4/4 314 0 1 0 0 74 54 0 1 0 0 71 14 0 1 0 0 90 13 0 1 0 3 85 314 0 1 0 3 75 54 0 1 0 3 79
4/4 54 0 1 0 0 73 14 0 1 0 0 86 45 0 1 0 0 77 315 1 5 0 1 80 24 0 1 1 15 78 54 0 1 1 15 75 54 0 1 1 25 75 14 0 1 1 25 90 23 0 1 1 35 90 54 0 1 1 35 77 24 0 1 1 35 87
4/4 23 0 1 0 0 85 54 0 1 0 0 81 24 0 1 0 0 87 23 0 1 0 3 82 54 0 1 0 3 70
4/4 315 0 1 0 0 88 54 0 1 0 0 72 24 1 5 0 1 86 14 0 1 1 15 73 54 0 1 1 15 72 54 0 1 1 25 75 714 0 1 1 25 87 13 0 1 1 35 86 44 0 1 1 35 87 14 0 1 1 35 78
4/4 13 0 1 0 0 71 44 0 1 0 0 85 14 0 1 0 0 80 315 0 1 1 15 78 55 0 1 1 15 84 316 0 1 1 15 82 615 0 1 0 3 81 15 0 1 0 3 76 616 0 1 0 3 83
4/4 615 0 1 0 0 90 15 0 1 0 0 90 616 0 1 0 0 79 16 0 1 1 5 87 316 0 1 1 5 78 15 0 1 1 5 90 16 0 1 0 1 77 316 0 1 0 1 87 15 0 1 0 1 75 54 0 1 0 2 76 14 0 1 0 2 72 714 0 1 0 3 84 24 0 1 0 3 72
4/4 54 0 1 0 0 78 14 0 1 0 0 88 315 2 125 0 0 73 44 0 1 1 15 81 614 0 1 1 15 83 24 0 1 1 15 73 44 0 1 0 2 79 614 0 1 0 2 83 24 2 125 0 2 74 44 0 1 1 35 70 614 0 1 1 35 73 24 0 1 1 35 81
4/4 45 3 1333 0 0 79 24 0 1 0 0 70 54 0 1 0 0 81 45 0 1 1 15 79 24 0 1 1 15 81 54 0 1 1 15 79 315 0 1 0 2 77 64 0 1 0 2 78 64 0 1 0 3 83 24 0 1 0 3 75 314 0 1 1 35 80 54 0 1 1 35 72 14 0 1 1 35 73
4/4 314 0 1 0 0 82 54 0 1 0 0 80 14 0 1 0 0 87 45 0 1 0 1 73 46 0 1 0 1 90 55 0 1 0 2 72 56 0 1 0 2 73 54 0 1 0 3 78 314 0 1 0 3 86 13 0 1 0 3 81
4/4 54 0 1 0 0 82 14 0 1 0 0 87 45 0 1 0 0 85 315 1 5 0 1 86 24 0 1 1 15 82 54 0 1 1 15 84 54 0 1 1 25 88 14 0 1 1 25 86 23 0 1 1 35 87 54 0 1 1 35 71 24 1 5 1 35 87
4/4 23 0 1 0 0 87 54 0 1 0 0 83 24 0 1 0 0 87 24 1 15 1 5 90 55 1 5 0 1 86 24 2 125 1 15 78 15 1 5 0 2 87 24 1 5 1 25 82 54 0 1 0 3 89 23 0 1 0 3 79 54 1 5 1 35 86
4/4 315 0 1 0 0 81 64 0 1 0 0 77 24 1 5 0 1 70 64 0 1 1 15 86 14 0 1 1 15 90 64 0 1 1 25 80 714 0 1 1 25 74 314 0 1 1 35 84 614 0 1 1 35 88
4/4 314 0 1 0 0 83 614 0 1 0 0 85 13 0 1 0 3 88 44 0 1 0 3 84
4/4 23 0 1 0 0 88 714 0 1 0 0 74 314 0 1 0 3 82 14 0 1 0 3 72
4/4 44 0 1 0 0 82 14 0 1 0 0 71 13 0 1 0 3 87 54 0 1 0 3 73
4/4 314 0 1 0 0 79 14 0 1 0 0 70 54 0 1 0 3 89 24 0 1 0 3 80 24 1 5 1 35 73
4/4 54 0 1 0 0 73 14 0 1 0 0 81 315 0 1 0 0 77
4/4 54 0 1 0 0 70 14 0 1 0 0 71 315 0 1 0 0 82
4/4 54 0 1 0 0 71 14 0 1 0 0 82 315 0 1 0 0 83 13 0 1 0 3 77 54 0 1 0 3 89
4/4 54 0 1 0 0 74 14 0 1 0 0 70 714 1 5 0 1 83 64 0 1 1 15 71 14 0 1 1 15 80 44 0 1 1 25 71 24 0 1 1 25 73 14 0 1 1 35 85 24 0 1 1 35 88
4/4 314 0 1 0 0 90 14 0 1 0 0 77 13 0 1 1 15 79 34 0 1 1 15 76 64 0 1 1 15 76 13 0 1 0 3 75 34 0 1 0 3 84 74 0 1 0 3 77
4/4 13 0 1 0 0 72 34 0 1 0 0 76 74 0 1 0 0 87 13 0 1 1 5 88 34 0 1 1 5 78 64 0 1 1 5 76 13 0 1 0 2 88 54 0 1 0 2 70 23 0 1 0 3 79 714 0 1 0 3 90
4/4 15 0 1 0 0 90 14 1 15 0 0 84 315 3 3667 0 0 88 25 0 1 1 15 87 24 2 125 1 15 73 316 0 1 0 3 79 315 0 1 0 3 71
4/4 316 0 1 0 0 71 315 0 1 0 0 75 46 0 1 1 5 88 45 0 1 1 5 81 56 0 1 0 2 82 55 0 1 0 2 76 616 0 1 0 3 70 615 0 1 0 3 83
4/4 715 1 5 0 1 80 615 1 5 1 15 76 715 1 5 0 2 82 615 1 5 1 25 80 715 1 5 0 3 80 615 1 5 1 35 79
4/4 715 1 5 0 0 80 615 1 5 1 5 78 715 1 5 0 1 77 615 1 5 1 15 71 715 1 5 0 2 88 15 1 5 1 25 89 15 0 1 0 3 87
4/4 15 1 5 0 1 86 715 1 5 1 15 82 15 1 5 0 2 83 715 1 5 1 25 70 15 1 5 0 3 74 715 1 5 1 35 74
4/4 15 1 5 0 0 76 715 1 5 1 5 82 15 1 5 0 1 88 715 1 5 1 15 86 15 1 5 0 2 86 715 1 5 1 25 75 15 1 5 0 3 90 46 1 5 1 35 72
4/4 316 0 1 0 0 79 615 0 1 0 0 88 315 0 1 0 0 83
4/4 715 0 1 0 0 87 55 0 1 0 0 84 714 0 1 0 0 87 615 1 5 1 35 73
4/4 614 0 1 0 0 71 45 0 1 0 0 87 615 0 1 0 0 78 316 0 1 0 2 71 55 0 1 0 2 76 56 1 5 1 35 77
4/4 56 0 1 0 0 90 15 0 1 0 0 81 55 0 1 0 0 82 616 1 5 1 15 74 616 2 25 0 2 82 56 2 25 2 225 88 46 2 25 1 25 78 15 2 25 2 275 73 615 2 25 0 3 75 55 2 25 2 325 78 45 2 25 1 35 87 14 2 25 2 375 71
4/4 55 0 1 0 1 84 714 0 1 0 1 74 55 0 1 1 15 86 714 0 1 1 15 71 55 0 1 0 2 70 714 0 1 0 2 81 55 0 1 1 25 83 714 0 1 1 25 73 55 0 1 0 3 88 714 0 1 0 3 87 55 0 1 1 35 89 714 0 1 1 35 74
4/4 55 0 1 0 0 77 14 0 1 0 0 76 615 1 5 1 5 88 615 0 1 0 1 82 14 0 1 0 1 87 615 0 1 1 15 87 14 0 1 1 15 77 615 0 1 0 2 81 14 0 1 0 2 81 615 0 1 1 25 73 14 0 1 1 25 72 615 0 1 0 3 89 14 0 1 0 3 90
4/4 715 0 1 0 1 86 24 0 1 0 1 83 15 0 1 0 2 90 55 0 1 0 3 70 24 0 1 0 3 70 55 1 5 1 35 75
4/4 316 0 1 0 0 74 615 0 1 0 0 87 25 1 5 1 5 77 15 1 5 0 1 72 25 0 1 1 15 88 615 0 1 1 15 76 15 1 5 1 25 88 25 1 5 0 3 71 15 1 5 1 35 85
4/4 25 0 1 0 0 72 55 0 1 0 0 85 315 0 1 0 0 76
4/4 316 0 1 0 0 79 15 0 1 0 0 72 615 0 1 0 0 73 15 0 1 0 2 73 45 0 1 0 2 77 25 0 1 0 3 78
4/4 15 0 4 0 0 90 55 0 1 0 0 77 24 0 1 0 0 85
4/4 15 3 2667 0 0 83 55 0 1 0 0 75 24 0 1 0 0 84 15 0 1 0 3 89
4/4 25 0 1 0 0 86 715 0 1 0 0 73 55 0 1 0 0 70 24 0 1 0 0 84
4/4 316 0 1 0 0 71 315 0 1 0 0 71 46 0 1 0 2 80 45 0 1 0 2 75
2/4 47 0 1 0 0 85 37 0 1 0 0 88 26 0 1 0 0 89 16 0 1 3 333 83 76 0 1 3 333 81 66 0 1 3 333 86 56 0 1 3 667 82 46 0 1 3 667 84 36 0 1 3 667 81 25 0 1 0 1 89 15 0 1 0 1 77 75 0 1 0 1 72 65 0 1 2 125 70 55 0 1 2 125 90 45 1 5 1 15 82
4/4 315 0 1 0 0 86 314 0 1 0 0 70 615 0 1 0 1 81 614 0 1 0 1 84 715 0 1 0 2 77 315 0 1 0 2 78 714 0 1 0 2 85 15 0 1 0 3 89 315 0 1 0 3 80 14 0 1 0 3 78
4/4 25 3 1333 0 0 77 55 0 1 0 0 74 24 0 1 0 0 77 56 3 1333 1 15 75 25 0 1 1 15 90 615 0 1 1 15 73 55 0 1 1 15 78 46 0 1 0 3 86 15 0 1 0 3 87 55 0 1 0 3 82
4/4 316 0 1 0 0 88 615 0 1 0 0 78 315 0 1 0 0 79 55 0 1 1 15 73 14 0 1 1 15 80 614 1 5 1 25 73 14 1 5 0 3 81 24 1 5 1 35 84
4/4 315 0 1 0 0 85 614 0 1 0 0 82 14 0 1 1 5 87 54 1 5 1 15 85 614 0 1 0 2 74 54 0 1 0 3 85 44 2 25 2 375 90
4/4 54 1 5 0 0 70 614 0 2 1 5 76 15 0 1 1 25 70 55 0 1 1 25 82 24 0 1 1 25 81 15 0 1 1 35 84 55 0 1 1 35 73 24 0 1 1 35 78
4/4 15 0 1 0 0 86 55 0 1 0 0 83 24 0 1 0 0 82 15 2 25 1 5 75 715 2 25 2 75 80 55 2 25 0 1 85 24 2 25 2 125 71 14 1 5 1 15 78 715 2 75 0 2 86 15 2 75 2 275 70 25 1 5 1 35 78
4/4 316 0 1 0 0 102 315 0 1 0 0 102 615 0 4 0 0 116 315 0 1 2 75 84 316 0 1 2 75 90 315 0 1 3 1333 78 316 0 1 3 1333 81 315 0 1 2 175 82 316 0 1 2 175 88 315 0 1 2 225 84 316 0 1 2 225 77 315 0 1 3 2667 85 316 0 1 3 2667 75 315 0 1 0 3 86 316 0 1 0 3 82
4/4 25 0 1 0 0 90 615 0 1 0 0 78 24 0 1 0 0 74 25 0 1 1 5 80 615 0 1 1 5 75 24 0 1 1 5 80 316 0 1 0 2 81 615 0 1 0 2 85 315 0 1 0 2 87 316 0 1 1 25 85 615 0 1 1 25 87 315 0 1 1 25 74
4/4 55 1 5 0 0 75 54 1 5 1 5 87 14 1 5 0 1 80 24 0 1 1 15 89 14 1 5 1 25 89 55 1 5 0 3 71 54 1 5 1 35 82
4/4 14 1 5 0 0 85 24 0 1 1 5 81 55 1 5 1 15 86 615 1 5 0 2 86 715 1 5 1 25 81 15 1 5 0 3 79 25 1 5 1 35 84
4/4 56 0 1 0 0 77 15 1 5 0 1 76 25 0 1 1 15 80 15 1 5 1 25 87 46 0 1 0 3 90
4/4 15 1 5 0 0 85 25 0 1 1 5 84 15 1 5 1 15 88 25 1 5 0 2 84 55 1 5 1 25 89 15 0 1 0 3 72
4/4 55 1 5 0 0 85 315 0 1 0 0 74 55 0 1 0 0 84 15 3 1333 0 0 90 54 1 5 1 5 82 14 1 5 0 1 83 24 0 1 1 15 80 315 0 1 1 15 72 55 0 1 1 15 81 15 3 1333 1 15 72 14 1 5 1 25 76 55 1 5 0 3 85 315 0 1 0 3 84 55 0 1 0 3 83 15 0 1 0 3 75 54 1 5 1 35 88
4/4 14 1 5 0 0 83 14 0 1 0 0 84 45 0 1 0 0 84 15 3 1333 0 0 76 24 0 1 1 5 89 54 1 5 1 15 85 14 0 1 1 15 90 45 0 1 1 15 70 15 3 1333 1 15 73 14 1 5 0 2 80 24 1 5 1 25 85 55 1 5 0 3 79 14 0 1 0 3 74 45 0 1 0 3 81 15 0 1 0 3 78 54 1 5 1 35 75
4/4 55 1 5 0 0 74 24 0 1 0 0 87 55 0 1 0 0 83 15 3 1333 0 0 86 54 1 5 1 5 77 14 1 5 0 1 75 24 0 1 1 15 76 24 0 1 1 15 81 55 0 1 1 15 73 15 3 1333 1 15 73 14 1 5 1 25 77 55 1 5 0 3 74 24 0 1 0 3 75 55 0 1 0 3 76 15 0 1 0 3 88 54 1 5 1 35 82
4/4 315 0 1 0 0 81 615 0 1 0 0 74 15 0 1 0 0 70 14 1 5 0 0 82 24 1 5 1 5 75 54 1 5 0 1 80 14 1 5 1 15 77 24 1 5 0 2 83 54 1 5 1 25 78 14 1 5 0 3 80 24 1 5 1 35 70
4/4 715 0 1 0 0 75 55 0 1 0 0 86 24 0 1 0 0 71 715 0 1 1 5 74 55 0 1 1 5 90 24 0 1 1 5 79 715 0 1 0 1 86 55 0 1 0 1 75 24 0 1 0 1 79 715 0 1 1 15 74 55 0 1 1 15 75 24 0 1 1 15 78 715 0 1 0 2 87 55 0 1 0 2 76 24 0 1 0 2 79 715 0 1 1 25 85 55 0 1 1 25 81 24 0 1 1 25 72 715 0 1 0 3 86 55 0 1 0 3 84 24 0 1 0 3 82 715 0 1 1 35 75 55 0 1 1 35 88 24 0 1 1 35 73
4/4 15 0 1 0 0 89 55 0 1 0 0 90 24 0 1 0 0 71 15 0 1 1 5 77 55 0 1 1 5 72 24 0 1 1 5 75 15 0 1 0 1 73 55 0 1 0 1 75 24 0 1 0 1 76 15 0 1 1 15 83 55 0 1 1 15 82 24 0 1 1 15 80 25 0 1 0 2 81 55 0 1 0 2 71 24 0 1 0 2 79 25 0 1 1 25 81 55 0 1 1 25 75 24 0 1 1 25 73 25 0 1 0 3 88 55 0 1 0 3 90 24 0 1 0 3 72 25 0 1 1 35 71 55 0 1 1 35 78 24 0 1 1 35 74
4/4 14 3 2667 0 0 80 55 1 5 0 3 86 55 1 5 1 35 72
4/4 55 2 275 0 0 74 14 0 1 0 3 72
4/4 24 1 25 0 0 84 315 1 5 1 25 70 24 1 5 0 3 84 14 1 5 1 35 71
4/4 14 1 35 0 0 78
4/4 14 3 2667 0 0 71 55 1 5 0 3 77 55 1 5 1 35 88
4/4 55 2 275 0 0 71 14 0 1 0 3 80
4/4 24 1 25 0 0 83 315 1 5 1 25 78 24 1 5 0 3 77 14 1 5 1 35 80
4/4 14 1 35 0 0 84
4/4 55 3 2667 0 0 90 14 2 175 0 0 78 715 1 5 0 3 71 15 1 5 1 35 82 55 1 5 1 35 86
4/4 15 2 275 0 0 75 55 3 1833 0 0 78 55 0 1 0 3 80 315 0 1 0 3 76
4/4 25 0 1 0 0 87 55 0 1 0 0 86 316 1 5 1 25 76 46 1 5 0 3 72 316 0 1 1 35 78 15 0 1 1 35 74
4/4 316 0 1 0 0 80 15 0 1 0 0 71
4/4 54 2 175 0 0 70 14 3 2667 0 0 76 55 1 5 0 3 76 55 1 5 1 35 72 14 1 5 1 35 71
4/4 55 2 275 0 0 78 14 3 1833 0 0 89 14 0 1 0 3 89
4/4 54 0 1 0 0 81 24 0 1 0 0 78 315 1 5 1 25 76 24 1 5 0 3 90 54 0 1 1 35 84 14 0 1 1 35 81
4/4 54 0 1 0 0 80 14 0 1 0 0 72 53 0 1 0 2 120 13 0 1 0 2 108 53 0 1 1 25 100 13 0 1 1 25 101
4/4 15 0 3 0 0 90 315 2 175 0 0 83 54 0 1 0 3 76
4/4 614 0 1 0 0 77 14 0 1 0 0 90 45 0 1 0 0 85 315 1 5 0 1 72 24 0 1 1 15 79 614 0 1 1 15 74 614 0 1 1 25 73 14 0 1 1 25 82 23 0 1 1 35 77 54 0 1 1 35 90 24 0 1 1 35 83
4/4 23 0 1 0 0 79 54 0 1 0 0 79 24 0 1 0 0 88 23 0 1 0 3 86 54 0 1 0 3 85
4/4 315 0 1 0 0 71 54 0 1 0 0 79 24 1 5 0 1 70 14 0 1 1 15 70 54 0 1 1 15 85 54 0 1 1 25 70 714 0 1 1 25 77 44 0 1 1 35 83 614 0 1 1 35 76
4/4 44 0 1 0 0 78 614 0 1 0 0 85
4/4 23 0 1 0 0 86 54 0 1 0 0 81 714 3 2667 0 0 88 14 1 5 0 3 70 314 0 1 1 35 84 614 0 1 1 35 89 14 0 1 1 35 90
4/4 314 0 1 0 0 77 614 0 1 0 0 71 14 0 1 0 0 72 314 0 1 0 3 76 54 0 1 0 3 85
4/4 315 3 2667 0 0 70 54 2 175 0 0 81 45 0 1 0 3 76
4/4 54 0 1 0 0 77 14 0 1 0 0 88 315 0 1 0 0 88 13 0 1 0 3 72 314 0 1 0 3 84 54 0 1 0 3 86
4/4 54 0 1 0 0 78 14 0 1 0 0 78 45 0 1 0 0 81 315 1 5 0 1 83 24 0 1 1 15 80 54 0 1 1 15 71 54 0 1 1 25 83 14 0 1 1 25 90 23 0 1 1 35 74 54 0 1 1 35 82 24 0 1 1 35 83
4/4 23 0 1 0 0 81 54 0 1 0 0 89 24 0 1 0 0 83 23 0 1 0 3 79 54 0 1 0 3 83
4/4 315 0 1 0 0 86 54 0 1 0 0 78 24 1 5 0 1 89 14 0 1 1 15 76 54 0 1 1 15 84 54 0 1 1 25 88 714 0 1 1 25 86 13 0 1 1 35 75 44 0 1 1 35 78 14 0 1 1 35 74
4/4 13 0 1 0 0 75 44 0 1 0 0 73 14 0 1 0 0 74
4/4 54 0 1 0 2 84 14 0 1 0 2 83 714 0 1 0 3 85 24 0 1 0 3 85
4/4 54 0 1 0 0 81 14 0 1 0 0 70 315 2 125 0 0 76 44 0 1 1 15 82 614 0 1 1 15 74 24 0 1 1 15 75 44 0 1 0 2 89 614 0 1 0 2 84 24 2 125 0 2 83 44 0 1 1 35 79 614 0 1 1 35 83 24 0 1 1 35 83
4/4 45 0 1 0 0 84 24 0 1 0 0 82 54 0 1 0 0 74 45 0 1 0 1 84 24 0 1 0 1 90 54 0 1 0 1 73 45 1 5 1 15 71 315 0 1 0 2 70 64 0 1 0 2 70 64 0 1 0 3 90 24 0 1 0 3 74 314 0 1 1 35 74 54 0 1 1 35 76 14 0 1 1 35 85
4/4 314 0 1 0 0 88 54 0 1 0 0 81 14 0 1 0 0 79 314 0 1 0 3 71 54 0 1 0 3 79
4/4 54 0 1 0 0 79 14 0 1 0 0 86 45 0 1 0 0 70 315 1 5 0 1 81 24 0 1 1 15 76 54 0 1 1 15 81 14 0 1 1 25 81 54 0 1 1 35 85 714 0 1 1 35 81 24 0 1 1 35 78
4/4 54 0 1 0 0 74 714 0 1 0 0 87 24 0 1 0 0 86 54 0 1 0 3 82
4/4 315 0 1 0 0 88 54 0 1 0 0 82 24 1 5 0 1 87 14 0 1 1 15 70 54 0 1 1 15 73 714 0 1 1 25 87 614 0 1 1 35 88 14 0 1 1 35 90
4/4 614 0 1 0 0 88 14 0 1 0 0 73 54 0 1 0 3 72
4/4 315 0 1 0 0 83 14 0 1 0 0 80 24 1 5 0 1 85 315 0 1 1 15 76 14 0 1 1 15 82 45 0 1 1 25 72 315 1 5 1 35 82 54 1 5 1 35 75
4/4 315 2 275 0 0 85 54 3 1833 0 0 90 54 0 1 0 3 73
4/4 315 0 1 0 0 81 54 0 1 0 0 84 24 1 5 0 1 89 315 0 1 1 15 71 54 0 1 1 15 87 45 0 1 1 25 88 315 0 1 1 35 85 54 0 1 1 35 87
4/4 315 0 1 0 0 75 54 0 1 0 0 72 54 0 1 0 3 74
4/4 315 0 1 0 0 85 54 0 1 0 0 72 24 1 5 0 1 90 14 0 1 1 15 74 44 0 1 1 15 72 714 0 1 1 25 82 314 0 1 1 35 89 14 0 1 1 35 79
4/4 314 0 1 0 0 73 14 0 1 0 0 83 54 0 1 0 3 72
4/4 315 0 1 0 0 70 54 0 1 0 0 80 24 1 5 0 1 87 315 0 1 1 15 81 54 0 1 1 15 80 45 0 1 1 25 84 315 0 1 1 35 70 54 0 1 1 35 90
4/4 315 0 1 0 0 86 54 0 1 0 0 83 54 0 1 0 3 85
4/4 44 0 1 0 0 73 14 0 1 0 0 79 714 1 5 0 1 73 44 0 1 1 15 82 14 0 1 1 15 75 44 0 1 1 25 84 24 0 1 1 25 83 24 1 5 1 35 86
4/4 54 0 1 0 0 72 714 0 1 0 0 79 315 0 1 0 0 75 54 0 1 0 2 73 714 0 1 0 2 89 24 0 1 0 2 74
4/4 54 0 1 0 0 75 714 0 1 0 0 75 45 0 1 0 0 86 54 0 1 0 2 85 714 0 1 0 2 74 315 0 1 0 2 73
4/4 13 0 1 0 3 81 314 0 1 0 3 72 54 0 1 0 3 78
4/4 54 0 1 0 0 83 14 0 1 0 0 83 45 0 1 0 0 81 315 1 5 0 1 84 24 0 1 1 15 84 54 0 1 1 15 78 54 0 1 1 25 80 14 0 1 1 25 82 23 0 1 1 35 71 54 0 1 1 35 82 24 1 5 1 35 87
4/4 23 0 1 0 0 72 54 0 1 0 0 79 24 0 1 0 0 81 24 1 15 1 5 72 55 1 5 0 1 81 24 2 125 1 15 88 15 1 5 0 2 72 24 1 5 1 25 75 54 0 1 0 3 76 23 0 1 0 3 73 54 1 5 1 35 74
4/4 315 0 1 0 0 88 64 0 1 0 0 74 24 1 5 0 1 71 64 0 1 1 15 87 14 0 1 1 15 89 64 0 1 1 25 72 714 0 1 1 25 76 314 0 1 1 35 76 614 0 1 1 35 86
4/4 314 0 1 0 0 90 614 0 1 0 0 88
4/4 23 0 1 0 0 78 714 0 1 0 0 89 14 1 5 0 3 71 44 0 1 1 35 87 14 0 1 1 35 71
4/4 44 0 1 0 0 82 14 0 1 0 0 71 13 0 1 0 3 77 54 0 1 0 3 86
4/4 314 0 1 0 0 80 14 0 1 0 0 84 24 1 5 0 3 72 315 0 1 1 35 79 14 0 1 1 35 70 54 0 1 1 35 81
4/4 315 0 1 0 0 76 14 0 1 0 0 78 54 0 1 0 0 70
4/4 315 0 1 0 0 85 14 0 1 0 0 76 54 0 1 0 0 80
4/4 315 0 1 0 0 74 14 0 1 0 0 76 54 0 1 0 0 84 13 0 1 0 3 79 54 0 1 0 3 80
4/4 315 0 1 0 0 75 54 0 1 0 0 73 45 1 5 0 1 71 54 0 1 1 15 90 315 0 1 1 15 77 24 0 1 1 25 73 54 0 1 1 25 88 14 0 1 1 35 82 54 0 1 1 35 75 314 0 1 1 35 87 13 0 1 1 35 73
4/4 14 0 1 0 0 75 54 0 1 0 0 89 314 0 1 0 0 84 13 0 1 0 0 82
4/4 54 0 1 0 0 80 14 0 1 0 0 73 45 0 1 0 0 75 54 0 1 1 15 89 14 0 1 1 15 71 315 2 125 1 15 75 44 0 1 0 3 78 24 0 1 0 3 76
4/4 314 0 1 0 0 79 54 0 1 0 0 73 14 0 1 0 0 80 315 0 1 0 0 85
4/4 55 0 1 0 0 88 15 0 1 0 0 73 46 0 1 0 0 73 55 0 1 1 15 89 15 0 1 1 15 88 316 0 1 1 15 84 26 0 1 0 3 85 56 0 1 0 3 75
4/4 317 0 1 0 0 89 16 0 1 0 0 71 56 0 1 0 0 81 316 0 1 0 0 89
4/4 65 0 1 0 0 73 15 0 1 0 0 89 46 0 1 0 0 90 65 0 1 1 15 90 15 0 1 1 15 78 316 0 1 1 15 84 65 0 1 0 3 83 25 0 1 0 3 70
4/4 613 1 5 0 1 74 613 1 5 1 15 72 613 1 5 0 2 81 613 1 5 1 25 74 613 1 5 0 3 82 613 1 5 1 35 90
4/4 714 0 1 0 0 82 23 0 1 0 0 85 713 0 1 0 0 74 714 0 1 1 5 77 23 0 1 1 5 71 713 0 1 1 5 76 714 0 1 0 1 70 23 0 1 0 1 80 713 0 1 0 1 86 714 0 1 1 15 83 23 0 1 1 15 78 713 0 1 1 15 70 714 0 1 0 2 71 23 0 1 0 2 88 713 0 1 0 2 89 714 0 1 1 25 83 23 0 1 1 25 87 713 0 1 1 25 77 714 0 1 0 3 88 23 0 1 0 3 72 713 0 1 0 3 73 714 0 1 1 35 78 23 0 1 1 35 87 713 0 1 1 35 86
2/4
4/4 13 0 1 0 0 110 314 0 1 0 0 102 54 0 1 0 0 108 14 0 1 0 0 116
4/4 13 0 1 0 0 106 314 0 1 0 0 119 54 0 1 0 0 108 14 0 1 0 0 110
4/4 13 0 1 0 0 101 314 0 1 0 0 120 54 0 1 0 0 105 14 0 1 0 0 113
4/4 13 0 1 0 0 100 314 0 1 0 0 102 54 0 1 0 0 118 14 0 1 0 0 103
4/4 13 0 1 0 0 106 314 0 1 0 0 102 54 0 1 0 0 111 14 0 1 0 0 106 17 0 1 0 2 75 77 0 1 0 2 85 67 0 1 0 2 86 57 0 1 3 2333 76 47 0 1 3 2333 75 37 0 1 3 2333 75 26 0 1 3 2667 83 16 0 1 3 2667 81 76 0 1 3 2667 78 66 0 1 0 3 78 56 0 1 0 3 79 46 0 1 0 3 70 36 0 1 2 325 70 25 0 1 2 325 90 14 2 25 1 35 115
4/4 619 3 3667 0 0 87
4/4 56 1 5 0 0 86 15 1 5 1 5 73 16 1 5 0 1 90 15 1 5 1 15 88 26 1 5 0 2 75 15 1 5 1 25 85 56 1 5 0 3 79 15 1 5 1 35 81
4/4 16 1 5 0 0 86 15 1 5 1 5 86 26 1 5 0 1 90 15 1 5 1 15 89 56 1 5 0 2 79 15 1 5 1 25 89 16 1 5 0 3 84 15 1 5 1 35 78
4/4 56 1 5 0 0 80 15 1 5 1 5 72 16 1 5 0 1 84 15 1 5 1 15 73 26 1 5 0 2 72 15 1 5 1 25 70 56 1 5 0 3 76 15 1 5 1 35 71
4/4 16 1 5 0 0 90 15 1 5 1 5 72 26 1 5 0 1 89 15 1 5 1 15 85 56 1 5 0 2 85 15 1 5 1 25 79 16 1 5 0 3 81 15 1 5 1 35 83
4/4 56 1 5 0 0 72 15 1 5 1 5 80 16 1 5 0 1 79 15 1 5 1 15 79 26 1 5 0 2 83 15 1 5 1 25 86 56 1 5 0 3 76 15 1 5 1 35 72
4/4 16 1 5 0 0 78 15 1 5 1 5 75 26 1 5 0 1 81 15 1 5 1 15 77 56 1 5 0 2 71 15 1 5 1 25 81 16 1 5 0 3 75 15 1 5 1 35 76
4/4 52 0 1 0 0 88 22 0 1 0 0 75 53 0 1 0 0 77 52 0 1 1 5 84 22 0 1 1 5 77 53 0 1 1 5 70 52 0 1 0 1 80 22 0 1 0 1 73 53 0 1 0 1 72 52 0 1 1 15 73 22 0 1 1 15 84 53 0 1 1 15 80 52 0 1 0 2 78 22 0 1 0 2 72 53 0 1 0 2 72 52 0 1 1 25 70 22 0 1 1 25 82 53 0 1 1 25 82 52 0 1 0 3 86 22 0 1 0 3 86 53 0 1 0 3 84 52 0 1 1 35 76 22 0 1 1 35 82 53 0 1 1 35 87
4/4 52 0 1 0 0 90 22 0 1 0 0 71 53 0 1 0 0 80 52 0 1 1 5 77 22 0 1 1 5 82 53 0 1 1 5 71 52 0 1 0 1 86 22 0 1 0 1 81 53 0 1 0 1 83 52 0 1 1 15 80 22 0 1 1 15 81 53 0 1 1 15 85 52 0 1 0 2 85 22 0 1 0 2 89 53 0 1 0 2 84 52 0 1 1 25 71 22 0 1 1 25 70 53 0 1 1 25 76 52 0 1 0 3 81 22 0 1 0 3 74 53 0 1 0 3 75 52 0 1 1 35 72 22 0 1 1 35 75 53 0 1 1 35 85
4/4 41 0 1 0 0 80 42 0 1 0 0 89 11 1 5 1 5 86 42 1 5 0 1 73 12 1 5 1 15 84 42 0 1 0 2 70 43 0 1 0 2 81 12 1 5 1 25 70 42 0 1 0 3 74 43 0 1 0 3 78 12 1 5 1 35 85
4/4 53 0 1 0 0 76 52 0 1 0 0 78 22 1 5 1 5 81 53 0 1 0 1 79 52 0 1 0 1 85 22 1 5 1 15 83 53 0 1 0 2 75 52 0 1 0 2 83 22 1 5 1 25 90 712 0 1 0 3 83 711 0 1 0 3 83 52 0 1 1 35 83 51 0 1 1 35 81
4/4 611 0 1 0 0 76 612 0 1 0 0 76 312 1 5 1 5 79 612 1 5 0 1 76 313 1 5 1 15 73 613 0 1 0 2 88 612 0 1 0 2 79 313 1 5 1 25 85 613 0 1 0 3 89 612 0 1 0 3 70 313 1 5 1 35 85
4/4 312 0 1 0 0 85 313 0 1 0 0 89 12 1 5 1 5 79 313 1 5 0 1 77 53 1 5 1 15 83 314 0 1 0 2 71 313 0 1 0 2 76 13 1 5 1 25 80 53 1 5 0 3 84 313 1 5 1 35 83
4/4 41 0 1 0 0 70 42 0 1 0 0 88 11 1 5 1 5 89 42 1 5 0 1 79 12 1 5 1 15 79 42 0 1 0 2 83 43 0 1 0 2 84 12 1 5 1 25 85 42 0 1 0 3 78 43 0 1 0 3 83 12 1 5 1 35 77
4/4 53 0 1 0 0 78 52 0 1 0 0 85 22 1 5 1 5 88 53 0 1 0 1 80 52 0 1 0 1 88 22 1 5 1 15 80 63 0 1 0 2 74 62 0 1 0 2 74 61 0 1 0 3 84 62 0 1 0 3 78
4/4 612 0 1 0 0 87 313 0 1 0 0 85 613 0 1 0 0 75 21 0 1 1 15 71 612 0 1 1 15 84 22 0 1 1 15 79 52 0 1 1 35 72 22 0 1 1 35 82 53 0 1 1 35 81
4/4 52 0 1 0 0 76 22 0 1 0 0 89 53 0 1 0 0 71 42 0 1 1 15 73 12 0 1 1 15 72 43 0 1 1 15 73 42 0 1 1 25 75 12 0 1 1 25 70 43 0 1 1 25 77
4/4 11 1 5 0 0 88 12 1 5 1 5 79 11 1 5 0 1 85 12 1 5 1 15 79 11 1 5 0 2 82 12 1 5 1 25 77 11 1 5 0 3 85 12 1 5 1 35 86
4/4 11 1 5 0 0 90 12 1 5 1 5 82 11 1 5 0 1 84 12 1 5 1 15 79 11 1 5 0 2 71 12 1 5 1 25 89 11 1 5 0 3 76 12 1 5 1 35 87
4/4 11 1 5 0 0 83 12 1 5 1 5 71 11 1 5 0 1 77 12 1 5 1 15 73 11 1 5 0 2 74 12 1 5 1 25 81 11 1 5 0 3 87 12 1 5 1 35 71
4/4 11 1 5 0 0 90 12 1 5 1 5 83 11 1 5 0 1 88 12 1 5 1 15 80 13 0 1 0 2 88 53 0 1 0 2 79 12 0 1 0 2 77 13 0 1 1 25 86 53 0 1 1 25 82 12 0 1 1 25 78 13 0 1 0 3 89 53 0 1 0 3 77 12 0 1 0 3 80 13 0 1 1 35 85 53 0 1 1 35 73 12 0 1 1 35 82
4/4 13 1 5 0 0 78 13 2 175 0 0 77 54 1 5 1 5 89 14 1 5 0 1 79 54 1 5 1 15 76 13 1 5 0 2 89 13 2 175 0 2 72 54 1 5 1 25 76 14 1 5 0 3 71 54 1 5 1 35 78
4/4 53 1 5 0 0 82 53 2 175 0 0 90 23 1 5 1 5 71 54 1 5 0 1 88 23 1 5 1 15 87 53 1 5 0 2 78 53 2 175 0 2 83 23 1 5 1 25 88 54 1 5 0 3 90 23 1 5 1 35 81
4/4 43 1 5 0 0 82 43 2 175 0 0 87 13 1 5 1 5 86 44 1 5 0 1 76 13 1 5 1 15 90 43 1 5 0 2 76 43 2 175 0 2 70 13 1 5 1 25 75 44 1 5 0 3 81 13 1 5 1 35 90
4/4 13 1 5 0 0 76 13 2 175 0 0 76 54 1 5 1 5 80 14 1 5 0 1 76 54 1 5 1 15 74 713 1 5 0 2 75 713 2 175 0 2 83 54 1 5 1 25 77 714 1 5 0 3 82 54 1 5 1 35 90
4/4 613 1 5 0 0 81 314 1 5 1 5 87 14 1 5 0 1 82 314 1 5 1 15 89 614 1 5 0 2 81 314 1 5 1 25 71 14 1 5 0 3 78 314 1 5 1 35 83
4/4 23 1 5 0 0 70 614 1 5 1 5 76 525 1 5 0 1 90 614 1 5 1 15 81 24 1 5 0 2 85 614 1 5 1 25 71 525 1 5 0 3 86 614 1 5 1 35 78
4/4 43 1 5 0 0 75 13 1 5 1 5 79 614 1 5 0 1 76 13 1 5 1 15 90 44 1 5 0 2 78 13 1 5 1 25 76 614 1 5 0 3 84 13 1 5 1 35 86
4/4 53 1 5 0 0 88 23 1 5 1 5 81 714 1 5 0 1 89 23 1 5 1 15 88 54 1 5 0 2 72 23 1 5 1 25 88 714 1 5 0 3 75 23 1 5 1 35 86
4/4 11 0 1 0 0 86 12 0 1 0 0 89 11 0 1 1 5 77 12 0 1 1 5 90 11 0 1 0 1 71 12 0 1 0 1 70 11 0 1 1 15 73 12 0 1 1 15 88 11 0 1 0 2 81 12 0 1 0 2 75 11 0 1 1 25 70 12 0 1 1 25 82 11 0 1 0 3 70 12 0 1 0 3 75 11 0 1 1 35 88 12 0 1 1 35 87
4/4 53 0 1 0 0 80 52 0 1 0 0 76 53 0 1 1 5 71 52 0 1 1 5 81 53 0 1 0 1 74 52 0 1 0 1 88 53 0 1 1 15 74 52 0 1 1 15 86 63 0 1 0 2 82 62 0 1 0 2 76 63 0 1 1 25 88 62 0 1 1 25 87 63 0 1 0 3 77 62 0 1 0 3 87 63 0 1 1 35 90 62 0 1 1 35 73
4/4 612 0 1 0 0 71 613 0 1 0 0 84 612 0 1 1 5 83 613 0 1 1 5 74 612 0 1 0 1 85 613 0 1 0 1 90 612 0 1 1 15 71 613 0 1 1 15 80 53 0 1 0 2 75 52 0 1 0 2 72 53 0 1 1 25 73 52 0 1 1 25 72 53 0 1 0 3 78 52 0 1 0 3 73 53 0 1 1 35 86 52 0 1 1 35 89
4/4 522 0 1 0 0 82 523 0 1 0 0 87 522 0 1 1 5 90 523 0 1 1 5 86 522 0 1 0 1 82 523 0 1 0 1 75 522 0 1 1 15 82 523 0 1 1 15 76 522 0 1 0 2 81 523 0 1 0 2 80 522 0 1 1 25 79 523 0 1 1 25 74 522 0 1 0 3 90 523 0 1 0 3 72 522 0 1 1 35 70 523 0 1 1 35 71
4/4 42 1 5 0 0 71 43 1 5 1 5 86 42 1 5 0 1 75 43 1 5 1 15 71 42 1 5 0 2 76 43 1 5 1 25 89 42 1 5 0 3 85 43 1 5 1 35 73
4/4 312 1 5 0 0 73 313 1 5 1 5 83 312 1 5 0 1 83 313 1 5 1 15 82 312 1 5 0 2 72 313 1 5 1 25 71 312 1 5 0 3 78 313 1 5 1 35 71
4/4 42 1 5 0 0 80 43 1 5 1 5 77 42 1 5 0 1 70 43 1 5 1 15 88 42 1 5 0 2 70 43 1 5 1 25 73 42 1 5 0 3 73 43 1 5 1 35 77
4/4 52 1 5 0 0 84 53 1 5 1 5 89 52 1 5 0 1 86 53 1 5 1 15 75 52 1 5 0 2 81 53 1 5 1 25 82 52 1 5 0 3 80 53 1 5 1 35 78
4/4 11 0 1 0 0 83 12 0 1 0 0 70 11 0 1 1 5 87 12 0 1 1 5 90 11 0 1 0 1 85 12 0 1 0 1 89 11 0 1 1 15 89 12 0 1 1 15 76 11 0 1 0 2 82 12 0 1 0 2 88 11 0 1 1 25 73 12 0 1 1 25 70 11 0 1 0 3 88 12 0 1 0 3 75 11 0 1 1 35 87 12 0 1 1 35 78
4/4 711 0 1 0 0 73 712 0 1 0 0 79 711 0 1 1 5 84 712 0 1 1 5 82 711 0 1 0 1 81 712 0 1 0 1 88 711 0 1 1 15 86 712 0 1 1 15 87 711 0 1 0 2 86 712 0 1 0 2 87 711 0 1 1 25 88 712 0 1 1 25 83 711 0 1 0 3 83 712 0 1 0 3 83 711 0 1 1 35 89 712 0 1 1 35 71
4/4 611 0 1 0 0 82 612 0 1 0 0 86 612 1 5 0 1 88 313 1 5 1 15 77 613 1 5 0 2 76 612 1 5 1 25 87 41 0 1 0 3 81 42 0 1 0 3 73
4/4 42 1 5 0 0 88 42 1 5 1 5 76 42 1 5 0 1 77 12 1 5 1 15 82 43 1 5 0 2 84 12 1 5 1 25 80 43 1 5 0 3 71 42 1 5 1 35 74
4/4 51 0 1 0 0 72 52 0 1 0 0 77 52 1 5 0 1 74 22 1 5 1 15 85 53 1 5 0 2 90 52 1 5 1 25 75 11 0 1 0 3 77 12 0 1 0 3 75
4/4 12 1 5 0 0 86 12 1 5 1 5 80 53 1 5 0 1 73 13 1 5 1 15 90 53 0 1 0 2 76 712 0 1 0 2 88 54 0 1 0 3 78 713 0 1 0 3 83
4/4 42 1 5 0 0 75 43 1 5 1 5 81 42 1 5 0 1 71 43 1 5 1 15 82 42 1 5 0 2 88 43 1 5 1 25 84 42 1 5 0 3 90 43 1 5 1 35 80
4/4 52 1 5 0 0 70 53 1 5 1 5 89 52 1 5 0 1 80 53 1 5 1 15 73 52 1 5 0 2 86 53 1 5 1 25 89 52 1 5 0 3 72 53 1 5 1 35 71
4/4 611 0 1 0 0 78 612 0 1 0 0 81 612 1 5 0 1 80 612 0 1 1 15 86 313 0 1 1 15 79 613 0 1 1 15 85 612 1 5 1 25 89 612 1 5 0 3 89 313 0 1 1 35 71 613 0 1 1 35 79
4/4 52 0 1 0 0 77 22 0 1 0 0 83 53 0 1 0 0 75
4/4 11 1 5 0 0 75 12 1 5 1 5 83 53 1 5 0 1 70 13 1 5 1 15 81 12 1 5 0 2 70 13 1 5 1 25 74 53 1 5 0 3 74 12 1 5 1 35 86
4/4 11 1 5 0 0 81 12 1 5 1 5 88 53 1 5 0 1 79 13 1 5 1 15 76 12 1 5 0 2 79 13 1 5 1 25 74 53 1 5 0 3 89 52 1 5 1 35 70
4/4 51 1 5 0 0 81 52 1 5 1 5 70 22 1 5 0 1 81 53 1 5 1 15 71 52 1 5 0 2 88 53 1 5 1 25 89 22 1 5 0 3 72 52 1 5 1 35 73
4/4 51 1 5 0 0 71 52 1 5 1 5 81 22 1 5 0 1 82 53 1 5 1 15 72 52 1 5 0 2 75 53 1 5 1 25 76 22 1 5 0 3 88 42 1 5 1 35 89
4/4 41 1 5 0 0 75 42 1 5 1 5 74 12 1 5 0 1 76 43 1 5 1 15 85 42 1 5 0 2 77 43 1 5 1 25 81 12 1 5 0 3 70 42 1 5 1 35 85
4/4 41 1 5 0 0 72 42 1 5 1 5 74 12 1 5 0 1 75 43 1 5 1 15 70 613 0 1 0 2 87 612 0 1 0 2 80 313 1 5 1 25 72 713 0 1 0 3 87 712 0 1 0 3 73
4/4 13 0 1 0 0 79 12 0 1 0 0 83 53 1 5 1 5 86 13 1 5 0 1 82 13 0 1 1 15 89 12 0 1 1 15 89 42 0 1 0 2 87 43 0 1 0 2 80 12 1 5 1 25 71 43 1 5 0 3 88 42 0 1 1 35 87 43 0 1 1 35 89
4/4 53 0 1 0 0 85 52 0 1 0 0 81 22 1 5 1 5 80 53 1 5 0 1 87 53 0 1 1 15 75 52 0 1 1 15 75 63 0 1 0 2 72 62 0 1 0 2 81 22 1 5 1 25 84 63 1 5 0 3 85 63 0 1 1 35 77 62 0 1 1 35 85
4/4 312 0 1 0 0 74 313 0 1 0 0 87 12 1 5 1 5 75 313 1 5 0 1 75 12 1 5 1 15 73 312 1 5 0 2 90 313 1 5 1 25 85 12 1 5 0 3 82 312 1 5 1 35 81
4/4 42 0 1 0 0 88 43 0 1 0 0 72 12 1 5 1 5 80 43 1 5 0 1 77 12 1 5 1 15 87 42 1 5 0 2 76 43 1 5 1 25 77 12 1 5 0 3 86 42 1 5 1 35 79
4/4 53 0 1 0 0 77 52 0 1 0 0 72 22 1 5 1 5 70 53 1 5 0 1 84 22 1 5 1 15 82 52 1 5 0 2 83 53 1 5 1 25 73 22 1 5 0 3 87 52 1 5 1 35 90
4/4 63 0 1 0 0 87 62 0 1 0 0 83 22 1 5 1 5 74 63 1 5 0 1 75 22 1 5 1 15 76 62 1 5 0 2 78 63 1 5 1 25 81 22 1 5 0 3 89 612 1 5 1 35 78
4/4 611 0 1 0 0 83 612 0 1 0 0 85 612 1 5 0 1 83 313 1 5 1 15 90 613 1 5 0 2 79 313 1 5 1 25 77 12 1 5 0 3 86 612 1 5 1 35 88
4/4 51 0 1 0 0 79 52 0 1 0 0 87 52 1 5 0 1 88 22 1 5 1 15 85 53 1 5 0 2 70 22 1 5 1 25 76 712 1 5 0 3 89 52 1 5 1 35 90
4/4 41 0 1 0 0 75 42 0 1 0 0 70 42 1 5 0 1 85 12 1 5 1 15 81 43 1 5 0 2 89 12 1 5 1 25 89 612 1 5 0 3 86 42 1 5 1 35 75
4/4 311 0 1 0 0 74 312 0 1 0 0 74 312 1 5 0 1 70 12 1 5 1 15 82 313 1 5 0 2 86 12 1 5 1 25 71 52 1 5 0 3 74 312 1 5 1 35 90
4/4 21 0 1 0 0 73 22 0 1 0 0 87 21 0 1 1 5 78 22 0 1 1 5 89 21 0 1 0 1 76 22 0 1 0 1 90 21 0 1 1 15 79 22 0 1 1 15 71 21 0 1 0 2 83 22 0 1 0 2 84 21 0 1 1 25 70 22 0 1 1 25 87 21 0 1 0 3 78 22 0 1 0 3 75 21 0 1 1 35 81 22 0 1 1 35 82
4/4 312 0 1 0 0 75 313 0 1 0 0 78 312 0 1 1 5 73 313 0 1 1 5 73 312 0 1 0 1 76 313 0 1 0 1 72 312 0 1 1 15 81 313 0 1 1 15 85 312 0 1 0 2 87 313 0 1 0 2 90 312 0 1 1 25 73 313 0 1 1 25 80 312 0 1 0 3 73 313 0 1 0 3 87 312 0 1 1 35 88 313 0 1 1 35 80
4/4 42 0 1 0 0 89 12 0 1 0 0 81 43 0 1 0 0 88 42 1 5 1 5 76 42 1 5 0 1 76 42 0 1 1 15 85 12 0 1 1 15 87 43 0 1 1 15 77 42 1 5 0 2 72 42 1 5 1 25 74 42 0 1 0 3 71 12 0 1 0 3 87 43 0 1 0 3 86 42 1 5 1 35 77
4/4 52 0 1 0 0 79 22 0 1 0 0 78 53 0 1 0 0 75 62 0 1 1 15 89 712 0 1 1 15 87 63 0 1 1 15 82 73 0 1 1 25 83 43 0 1 1 25 81 72 0 1 1 25 90
4/4 11 1 5 0 0 82 12 1 5 1 5 75 11 1 5 0 1 87 12 1 5 1 15 72 11 1 5 0 2 78 12 1 5 1 25 85 11 1 5 0 3 88 12 1 5 1 35 89
4/4 11 1 5 0 0 70 12 1 5 1 5 71 11 1 5 0 1 86 12 1 5 1 15 89 11 1 5 0 2 71 12 1 5 1 25 71 11 1 5 0 3 85 12 1 5 1 35 74
4/4 11 1 5 0 0 86 12 1 5 1 5 78 11 1 5 0 1 70 12 1 5 1 15 80 11 1 5 0 2 81 12 1 5 1 25 70 11 1 5 0 3 77 11 0 1 1 35 87 12 0 1 1 35 88
4/4 11 0 1 0 0 71 12 0 1 0 0 78 11 0 1 1 5 72 12 0 1 1 5 81 11 0 1 0 1 78 12 0 1 0 1 85 11 0 1 1 15 76 12 0 1 1 15 74 13 0 1 0 2 88 53 0 1 0 2 77 12 0 1 0 2 77 13 0 1 1 25 83 53 0 1 1 25 88 12 0 1 1 25 78 13 0 1 0 3 88 53 0 1 0 3 84 12 0 1 0 3 88 13 0 1 1 35 78 53 0 1 1 35 79 12 0 1 1 35 88
4/4 13 1 5 0 0 86 14 0 1 1 5 87 54 0 1 1 5 83 13 1 5 0 1 87 14 0 1 1 15 85 54 0 1 1 15 86 13 1 5 0 2 74 14 0 1 1 25 81 54 0 1 1 25 78 13 1 5 0 3 81 14 0 1 1 35 73 54 0 1 1 35 88
4/4 53 1 5 0 0 82 54 0 1 1 5 70 23 0 1 1 5 73 53 1 5 0 1 88 54 0 1 1 15 80 23 0 1 1 15 84 53 1 5 0 2 90 54 0 1 1 25 77 23 0 1 1 25 88 53 1 5 0 3 71 54 0 1 1 35 83 23 0 1 1 35 87
4/4 43 1 5 0 0 89 44 0 1 1 5 90 13 0 1 1 5 82 43 1 5 0 1 83 44 0 1 1 15 90 13 0 1 1 15 76 43 1 5 0 2 76 44 0 1 1 25 83 13 0 1 1 25 88 43 1 5 0 3 76 44 0 1 1 35 73 13 0 1 1 35 84
4/4 12 1 5 0 0 90 53 0 1 1 5 88 13 0 1 1 5 85 12 1 5 0 1 70 53 0 1 1 15 72 13 0 1 1 15 90 712 1 5 0 2 73 53 0 1 1 25 88 713 0 1 1 25 77 712 1 5 0 3 80 53 0 1 1 35 70 713 0 1 1 35 74
4/4 613 1 5 0 0 84 314 1 5 1 5 84 14 1 5 0 1 82 314 1 5 1 15 74 614 1 5 0 2 89 314 1 5 1 25 90 14 1 5 0 3 83 314 1 5 1 35 86
4/4 23 1 5 0 0 78 614 1 5 1 5 72 525 1 5 0 1 76 614 1 5 1 15 85 24 1 5 0 2 88 614 1 5 1 25 86 525 1 5 0 3 77 614 1 5 1 35 80
4/4 43 1 5 0 0 81 13 1 5 1 5 73 614 1 5 0 1 87 13 1 5 1 15 70 44 1 5 0 2 81 13 1 5 1 25 84 614 1 5 0 3 72 13 1 5 1 35 87
4/4 53 1 5 0 0 79 23 1 5 1 5 72 714 1 5 0 1 77 23 1 5 1 15 83 54 1 5 0 2 82 23 1 5 1 25 82 714 1 5 0 3 84 23 1 5 1 35 70
4/4 12 1 5 0 0 73 13 0 1 1 5 87 53 0 1 1 5 85 12 1 5 0 1 83 13 0 1 1 15 70 53 0 1 1 15 77 12 1 5 0 2 88 13 0 1 1 25 89 53 0 1 1 25 71 12 1 5 0 3 75 13 0 1 1 35 88 53 0 1 1 35 82
4/4 52 1 5 0 0 84 22 0 1 1 5 77 53 0 1 1 5 70 52 1 5 0 1 74 22 0 1 1 15 85 53 0 1 1 15 80 62 1 5 0 2 78 313 0 1 1 25 72 63 0 1 1 25 70 62 1 5 0 3 89 313 0 1 1 35 77 63 0 1 1 35 75
4/4 612 1 5 0 0 72 313 0 1 1 5 86 613 0 1 1 5 74 612 1 5 0 1 72 313 0 1 1 15 72 613 0 1 1 15 86 52 1 5 0 2 75 22 0 1 1 25 76 53 0 1 1 25 90 52 1 5 0 3 90 22 0 1 1 35 85 53 0 1 1 35 89
4/4 522 1 5 0 0 86 22 0 1 1 5 71 523 0 1 1 5 86 522 1 5 0 1 86 22 0 1 1 15 87 523 0 1 1 15 82 522 1 5 0 2 73 22 0 1 1 25 80 523 0 1 1 25 80 522 1 5 0 3 70 22 0 1 1 35 77 523 0 1 1 35 86
4/4 42 1 5 0 0 90 12 0 1 1 5 70 43 0 1 1 5 71 42 1 5 0 1 81 12 0 1 1 15 77 43 0 1 1 15 73 42 1 5 0 2 86 12 0 1 1 25 85 43 0 1 1 25 84 42 1 5 0 3 86 12 0 1 1 35 82 43 0 1 1 35 78
4/4 312 1 5 0 0 75 712 0 1 1 5 77 313 0 1 1 5 83 312 1 5 0 1 79 712 0 1 1 15 86 313 0 1 1 15 71 312 1 5 0 2 89 712 0 1 1 25 81 313 0 1 1 25 81 312 1 5 0 3 80 712 0 1 1 35 71 313 0 1 1 35 84
4/4 42 1 5 0 0 71 12 0 1 1 5 78 43 0 1 1 5 85 42 1 5 0 1 87 12 0 1 1 15 78 43 0 1 1 15 88 42 1 5 0 2 70 12 0 1 1 25 76 43 0 1 1 25 75 42 1 5 0 3 70 12 0 1 1 35 83 43 0 1 1 35 80
4/4 52 1 5 0 0 88 22 0 1 1 5 73 53 0 1 1 5 76 52 1 5 0 1 78 22 0 1 1 15 79 53 0 1 1 15 83 52 1 5 0 2 87 22 0 1 1 25 79 53 0 1 1 25 75 52 1 5 0 3 75 22 0 1 1 35 74 53 0 1 1 35 71
4/4 11 0 1 0 0 87 12 0 1 0 0 77 11 0 1 1 5 73 12 0 1 1 5 86 11 0 1 0 1 86 12 0 1 0 1 88 11 0 1 1 15 82 12 0 1 1 15 90 11 0 1 0 2 78 12 0 1 0 2 81 11 0 1 1 25 79 12 0 1 1 25 81 11 0 1 0 3 76 12 0 1 0 3 79 11 0 1 1 35 81 12 0 1 1 35 86
4/4 711 0 1 0 0 89 712 0 1 0 0 83 711 0 1 1 5 84 712 0 1 1 5 72 711 0 1 0 1 87 712 0 1 0 1 83 711 0 1 1 15 81 712 0 1 1 15 71 711 0 1 0 2 86 712 0 1 0 2 77 711 0 1 1 25 88 712 0 1 1 25 86 711 0 1 0 3 77 712 0 1 0 3 70 711 0 1 1 35 80 712 0 1 1 35 73
4/4 611 0 1 0 0 87 612 0 1 0 0 82 612 1 5 0 1 90 313 1 5 1 15 83 613 1 5 0 2 74 612 1 5 1 25 70 41 0 1 0 3 83 42 0 1 0 3 73
4/4 42 1 5 0 0 78 42 1 5 1 5 84 42 1 5 0 1 85 12 1 5 1 15 84 43 1 5 0 2 75 12 1 5 1 25 85 43 1 5 0 3 78 42 1 5 1 35 75
4/4 51 0 1 0 0 89 52 0 1 0 0 77 52 1 5 0 1 74 22 1 5 1 15 88 53 1 5 0 2 77 52 1 5 1 25 71 11 0 1 0 3 72 12 0 1 0 3 72
4/4 12 1 5 0 0 77 12 1 5 1 5 73 53 1 5 0 1 89 13 1 5 1 15 71 53 0 1 0 2 83 712 0 1 0 2 77 54 0 1 0 3 73 713 0 1 0 3 76
4/4 42 0 1 0 0 73 12 0 1 0 0 74 43 0 1 0 0 71
4/4 42 0 1 0 0 79 12 0 1 0 0 76 43 0 1 0 0 70
4/4 611 0 1 0 0 77 612 0 1 0 0 74 611 0 1 0 1 81 612 0 1 0 1 75 612 1 5 1 15 78 612 0 1 0 2 70 313 0 1 0 2 81 613 0 1 0 2 82 612 0 1 1 25 85 313 0 1 1 25 84 613 0 1 1 25 73 612 0 1 0 3 72 313 0 1 0 3 87 613 0 1 0 3 74 612 0 1 1 35 82 313 0 1 1 35 81 613 0 1 1 35 88
4/4 52 0 1 0 0 80 22 0 1 0 0 70 53 0 1 0 0 83 52 0 1 1 5 73 22 0 1 1 5 72 53 0 1 1 5 81 52 0 1 0 1 84 22 0 1 0 1 76 53 0 1 0 1 86 52 0 1 1 15 70 22 0 1 1 15 82 53 0 1 1 15 81 52 0 1 0 2 89 22 0 1 0 2 83 53 0 1 0 2 73 52 0 1 1 25 80 22 0 1 1 25 77 53 0 1 1 25 79 52 0 1 0 3 81 22 0 1 0 3 74 53 0 1 0 3 77 52 0 1 1 35 88 22 0 1 1 35 70 53 0 1 1 35 71
4/4 11 0 1 0 0 85 12 0 1 0 0 80 12 1 5 1 5 78 53 1 5 0 1 87 13 1 5 1 15 84 12 1 5 0 2 72 13 1 5 1 25 86 53 1 5 0 3 80 12 1 5 1 35 71
4/4 11 1 5 0 0 75 12 1 5 1 5 84 53 1 5 0 1 82 13 1 5 1 15 80 12 1 5 0 2 89 13 1 5 1 25 70 53 1 5 0 3 78 52 1 5 1 35 87
4/4 51 1 5 0 0 86 52 1 5 1 5 76 22 1 5 0 1 75 53 1 5 1 15 79 52 1 5 0 2 76 53 1 5 1 25 89 22 1 5 0 3 80 52 1 5 1 35 83
4/4 51 1 5 0 0 72 52 1 5 1 5 84 22 1 5 0 1 82 53 1 5 1 15 89 52 1 5 0 2 88 53 1 5 1 25 77 22 1 5 0 3 78 42 1 5 1 35 82
4/4 41 1 5 0 0 70 42 1 5 1 5 90 12 1 5 0 1 82 43 1 5 1 15 77 42 1 5 0 2 84 43 1 5 1 25 83 12 1 5 0 3 72 42 1 5 1 35 90
4/4 41 1 5 0 0 81 42 1 5 1 5 82 12 1 5 0 1 71 43 1 5 1 15 77 613 0 1 0 2 83 612 0 1 0 2 79 313 1 5 1 25 87 713 0 1 0 3 74 712 0 1 0 3 89
4/4 13 0 1 0 0 75 12 0 1 0 0 77 53 1 5 1 5 77 13 1 5 0 1 72 13 0 1 1 15 81 12 0 1 1 15 81 42 0 1 0 2 87 43 0 1 0 2 70 12 1 5 1 25 71 43 1 5 0 3 71 42 0 1 1 35 82 43 0 1 1 35 73
4/4 53 0 1 0 0 75 52 0 1 0 0 72 22 1 5 1 5 71 53 1 5 0 1 82 53 0 1 1 15 70 52 0 1 1 15 88 63 0 1 0 2 78 62 0 1 0 2 75 22 1 5 1 25 73 63 1 5 0 3 78 43 0 1 1 35 88 42 0 1 1 35 83
4/4 312 0 1 0 0 86 313 0 1 0 0 88 12 1 5 1 5 86 313 1 5 0 1 89 12 1 5 1 15 75 312 1 5 0 2 85 313 1 5 1 25 90 12 1 5 0 3 88 312 1 5 1 35 76
4/4 42 0 1 0 0 89 43 0 1 0 0 77 12 1 5 1 5 88 43 1 5 0 1 83 12 1 5 1 15 71 42 1 5 0 2 72 43 1 5 1 25 71 12 1 5 0 3 86 42 1 5 1 35 87
4/4 53 0 1 0 0 73 52 0 1 0 0 82 22 1 5 1 5 84 53 1 5 0 1 79 22 1 5 1 15 87 52 1 5 0 2 85 53 1 5 1 25 70 22 1 5 0 3 90 52 1 5 1 35 74
4/4 63 0 1 0 0 77 62 0 1 0 0 82 22 1 5 1 5 76 63 1 5 0 1 83 22 1 5 1 15 78 62 1 5 0 2 77 63 1 5 1 25 77 22 1 5 0 3 81 612 1 5 1 35 70
4/4 611 0 1 0 0 78 612 0 1 0 0 71 612 1 5 0 1 80 313 1 5 1 15 86 613 1 5 0 2 73 313 1 5 1 25 80 12 1 5 0 3 70 612 1 5 1 35 85
4/4 51 0 1 0 0 83 52 0 1 0 0 90 52 1 5 0 1 78 22 1 5 1 15 70 53 1 5 0 2 74 22 1 5 1 25 83 712 1 5 0 3 88 52 1 5 1 35 82
4/4 41 0 1 0 0 71 42 0 1 0 0 86 42 1 5 0 1 82 12 1 5 1 15 82 43 1 5 0 2 75 12 1 5 1 25 73 612 1 5 0 3 86 42 1 5 1 35 79
4/4 311 0 1 0 0 90 312 0 1 0 0 85 312 1 5 0 1 84 12 1 5 1 15 84 313 1 5 0 2 87 12 1 5 1 25 70 52 1 5 0 3 75 312 1 5 1 35 71
4/4 21 0 1 0 0 84 22 0 1 0 0 76 21 0 1 1 5 71 22 0 1 1 5 70 21 0 1 0 1 86 22 0 1 0 1 71 21 0 1 1 15 71 22 0 1 1 15 86 21 0 1 0 2 72 22 0 1 0 2 81 21 0 1 1 25 75 22 0 1 1 25 78 21 0 1 0 3 85 22 0 1 0 3 72 21 0 1 1 35 86 22 0 1 1 35 76
4/4 312 0 1 0 0 82 313 0 1 0 0 80 312 0 1 1 5 84 313 0 1 1 5 87 312 0 1 0 1 75 313 0 1 0 1 80 312 0 1 1 15 87 313 0 1 1 15 90 312 0 1 0 2 78 313 0 1 0 2 74 312 0 1 1 25 76 313 0 1 1 25 74 312 0 1 0 3 87 313 0 1 0 3 75 312 0 1 1 35 89 313 0 1 1 35 83
4/4 42 0 1 0 0 90 12 0 1 0 0 87 43 0 1 0 0 78 42 1 5 1 5 84 42 1 5 0 1 76 42 0 1 1 15 86 12 0 1 1 15 81 43 0 1 1 15 87 42 1 5 0 2 86 42 1 5 1 25 75 42 0 1 0 3 80 12 0 1 0 3 88 43 0 1 0 3 81 42 1 5 1 35 77
4/4 52 0 1 0 0 70 22 0 1 0 0 85 53 0 1 0 0 82 62 0 1 1 15 89 712 0 1 1 15 73 63 0 1 1 15 80 73 0 1 1 25 76 43 0 1 1 25 81 72 0 1 1 25 86
4/4 11 0 1 0 0 85 12 0 1 0 0 75 11 1 5 0 1 87 11 0 1 1 15 84 12 0 1 1 15 74 11 1 5 1 25 86 11 0 1 0 3 70 12 0 1 0 3 73 11 1 5 1 35 80
4/4 11 1 5 0 0 74 11 0 1 1 5 80 12 0 1 1 5 74 11 0 1 0 2 78 12 0 1 0 2 81 711 0 1 0 3 82 712 0 1 0 3 79
4/4 611 0 1 0 0 74 612 0 1 0 0 79 611 1 5 1 5 84 611 1 5 0 1 87 611 0 1 1 15 71 612 0 1 1 15 76 11 1 5 1 25 87 11 0 1 0 3 86 12 0 1 0 3 89 11 1 5 1 35 73
4/4 11 0 1 0 0 88 12 0 1 0 0 73 21 0 1 1 5 89 22 0 1 1 5 76 312 0 1 0 2 87 313 0 1 0 2 81 42 0 1 0 3 71 43 0 1 0 3 82
4/4 52 0 1 0 0 74 22 0 1 0 0 78 53 0 1 0 0 75
4/4 42 0 1 1 35 78 12 0 1 1 35 72 43 0 1 1 35 90
4/4 42 0 1 0 0 90 12 0 1 0 0 84 43 0 1 0 0 87 52 0 1 1 5 73 22 0 1 1 5 82 53 0 1 1 5 79
4/4 16 0 1 0 2 78 76 0 1 0 2 77 66 0 1 0 2 82 56 0 1 3 2333 75 46 0 1 3 2333 72 36 0 1 3 2333 79 25 0 1 3 2667 90 15 0 1 3 2667 70 75 0 1 3 2667 72 65 0 1 0 3 70 55 0 1 0 3 80 45 0 1 0 3 77 35 0 1 2 325 87 24 0 1 2 325 86 14 1 5 1 35 76
4/4 611 0 1 0 0 81 612 0 1 0 0 78 312 1 5 1 5 81 612 1 5 0 1 76 612 0 1 1 15 87 313 0 1 1 15 80 613 0 1 1 15 84 611 0 1 0 3 74 612 0 1 0 3 88
4/4 711 0 1 0 0 90 712 0 1 0 0 72 52 1 5 1 5 72 712 1 5 0 1 87 712 0 1 1 15 90 53 0 1 1 15 70 713 0 1 1 15 84 711 0 1 0 3 83 712 0 1 0 3 71
4/4 42 0 1 0 0 89 43 0 1 0 0 79 12 1 5 1 5 80 43 1 5 0 1 84 43 0 1 1 15 89 13 0 1 1 15 75 44 0 1 1 15 89 43 1 5 1 25 84 44 0 1 0 3 70 13 0 1 0 3 79 43 1 5 1 35 85
4/4 42 0 1 0 0 87 43 0 1 0 0 81 12 1 5 1 5 73 43 1 5 0 1 87 43 0 1 1 15 83 13 0 1 1 15 81 44 0 1 1 15 89 43 0 1 2 275 90 42 0 1 2 275 75 41 0 1 1 35 72 42 0 1 1 35 76
4/4 311 0 1 0 0 77 312 0 1 0 0 72 312 1 5 1 15 85 712 0 1 0 2 70 313 0 1 0 2 85 312 0 1 0 3 79 313 0 1 0 3 83
4/4 42 0 1 0 0 71 43 0 1 0 0 85 42 1 5 1 15 71 12 0 1 0 2 73 43 0 1 0 2 80 42 0 1 0 3 76 43 0 1 0 3 88
4/4 53 0 1 0 0 76 52 0 1 0 0 76 52 1 5 1 15 70 53 0 1 0 2 84 22 0 1 0 2 76 53 0 1 0 3 85 52 0 1 0 3 89
4/4 613 0 1 0 0 88 612 0 1 0 0 83 612 1 5 1 15 78 613 0 1 0 2 80 313 0 1 0 2 74 613 0 1 0 3 89 612 0 1 0 3 83
4/4 312 1 5 0 0 86 313 1 5 1 5 88 312 1 5 0 1 80 313 1 5 1 15 70 312 1 5 0 2 87 313 1 5 1 25 87 312 1 5 0 3 79 313 1 5 1 35 78
4/4 42 1 5 0 0 80 43 1 5 1 5 73 42 1 5 0 1 85 43 1 5 1 15 75 42 1 5 0 2 89 43 1 5 1 25 75 42 1 5 0 3 87 43 1 5 1 35 75
4/4 53 0 1 0 0 71 52 0 1 0 0 90 53 0 1 1 5 73 52 0 1 1 5 82 53 0 1 0 1 72 52 0 1 0 1 81 53 0 1 1 15 79 52 0 1 1 15 85 53 0 1 0 2 71 52 0 1 0 2 73 53 0 1 1 25 79 52 0 1 1 25 84 53 0 1 0 3 70 52 0 1 0 3 85 53 0 1 1 35 86 52 0 1 1 35 88
4/4 52 0 1 0 0 87 53 0 1 0 0 70 52 0 1 1 5 89 53 0 1 1 5 78 52 0 1 0 1 70 53 0 1 0 1 81 52 0 1 1 15 78 53 0 1 1 15 89 52 0 1 0 2 88 53 0 1 0 2 71 52 0 1 1 25 86 53 0 1 1 25 71 52 0 1 0 3 79 53 0 1 0 3 79 52 0 1 1 35 84 53 0 1 1 35 83
4/4 52 0 1 0 0 83 22 0 1 0 0 75 53 0 1 0 0 84 52 0 1 1 5 78 22 0 1 1 5 79 53 0 1 1 5 88 52 0 1 0 1 89 22 0 1 0 1 86 53 0 1 0 1 80 52 0 1 1 15 77 22 0 1 1 15 73 53 0 1 1 15 79 52 0 1 0 2 79 22 0 1 0 2 90 53 0 1 0 2 70 52 0 1 1 25 86 22 0 1 1 25 82 53 0 1 1 25 75 52 0 1 0 3 90 22 0 1 0 3 90 53 0 1 0 3 78 52 0 1 1 35 85 22 0 1 1 35 70 53 0 1 1 35 84
4/4 52 0 1 0 0 74 22 0 1 0 0 74 53 0 1 0 0 71 52 0 1 1 5 70 22 0 1 1 5 79 53 0 1 1 5 82 52 0 1 0 1 84 22 0 1 0 1 84 53 0 1 0 1 88 52 0 1 1 15 73 22 0 1 1 15 77 53 0 1 1 15 72 52 0 1 0 2 84 22 0 1 0 2 82 53 0 1 0 2 72 52 0 1 1 25 86 22 0 1 1 25 73 53 0 1 1 25 78 52 0 1 0 3 75 22 0 1 0 3 88 53 0 1 0 3 74 52 0 1 1 35 82 22 0 1 1 35 82 53 0 1 1 35 88
2/4
4/4 42 0 1 0 0 72 43 0 1 0 0 85 12 1 5 1 5 72 43 1 5 0 1 78 13 1 5 1 15 70 44 1 5 0 2 84 13 1 5 1 25 83 43 1 5 0 3 70 12 1 5 1 35 73
4/4 53 0 1 0 0 89 52 0 1 0 0 70 22 1 5 1 5 71 53 1 5 0 1 84 23 1 5 1 15 79 54 1 5 0 2 81 23 1 5 1 25 81 53 1 5 0 3 76 22 1 5 1 35 77
4/4 613 0 1 0 0 81 612 0 1 0 0 74 313 1 5 1 5 79 613 1 5 0 1 89 13 1 5 1 15 74 314 1 5 0 2 88 13 1 5 1 25 87 613 1 5 0 3 76 313 1 5 1 35 77
4/4 612 1 5 0 0 86 313 1 5 1 5 78 613 1 5 0 1 85 313 1 5 1 15 87 13 1 5 0 2 88 713 1 5 1 25 83 53 1 5 0 3 80 313 1 5 1 35 72
4/4 42 0 1 0 0 76 43 0 1 0 0 85 12 1 5 1 5 90 43 1 5 0 1 80 13 1 5 1 15 86 44 1 5 0 2 81 13 1 5 1 25 80 43 1 5 0 3 79 12 1 5 1 35 83
4/4 53 0 1 0 0 85 52 0 1 0 0 85 22 1 5 1 5 78 53 1 5 0 1 82 23 1 5 1 15 77 54 1 5 0 2 76 23 1 5 1 25 88 53 1 5 0 3 83 22 1 5 1 35 73
4/4 613 0 1 0 0 101 612 0 1 0 0 110 313 1 5 1 5 103 613 1 5 0 1 100 13 1 5 1 15 114 314 1 5 0 2 114 13 1 5 1 25 117 613 1 5 0 3 103 313 1 5 1 35 114
4/4 21 0 1 0 0 81 612 0 1 0 0 74 22 0 1 0 0 74 21 0 1 1 5 71 612 0 1 1 5 70 22 0 1 1 5 84 612 0 1 0 2 82 313 0 1 0 2 77 613 0 1 0 2 89 612 0 1 1 25 75 313 0 1 1 25 75 613 0 1 1 25 88
4/4 312 1 5 0 0 70 313 1 5 1 5 78 312 1 5 0 1 72 313 1 5 1 15 77 312 1 5 0 2 71 313 1 5 1 25 78 312 1 5 0 3 72 313 1 5 1 35 83
4/4 42 1 5 0 0 80 43 1 5 1 5 85 42 1 5 0 1 73 43 1 5 1 15 89 42 1 5 0 2 80 43 1 5 1 25 74 42 1 5 0 3 76 43 1 5 1 35 74
4/4 52 1 5 0 0 74 53 1 5 1 5 72 52 1 5 0 1 83 53 1 5 1 15 87 52 1 5 0 2 76 53 1 5 1 25 87 52 1 5 0 3 83 53 1 5 1 35 86
4/4 612 1 5 0 0 75 613 1 5 1 5 88 612 1 5 0 1 74 613 1 5 1 15 87 612 1 5 0 2 70 613 1 5 1 25 84 612 1 5 0 3 76 613 1 5 1 35 83
4/4 312 0 1 0 0 87 313 0 1 0 0 90 12 1 5 1 5 74 312 0 1 0 1 85 313 0 1 0 1 84 312 0 1 1 15 82 313 0 1 1 15 81 12 1 5 1 25 86 312 0 1 0 3 88 313 0 1 0 3 78 12 1 5 1 35 76
4/4 42 0 1 0 0 83 43 0 1 0 0 71 12 1 5 1 5 81 42 0 1 0 1 73 43 0 1 0 1 79 42 0 1 1 15 87 43 0 1 1 15 78 12 1 5 1 25 72 42 0 1 0 3 90 43 0 1 0 3 85 12 1 5 1 35 88
4/4 53 0 1 0 0 90 52 0 1 0 0 80 22 1 5 1 5 81 53 0 1 0 1 83 52 0 1 0 1 70 53 0 1 1 15 73 52 0 1 1 15 90 22 1 5 1 25 86 53 0 1 0 3 90 52 0 1 0 3 70 22 1 5 1 35 81
4/4 613 0 1 0 0 76 612 0 1 0 0 70 313 1 5 1 5 72 613 0 1 0 1 84 612 0 1 0 1 83 613 0 1 1 15 83 612 0 1 1 15 84 313 1 5 1 25 88 613 0 1 0 3 81 612 0 1 0 3 89 313 1 5 1 35 87
4/4 52 0 1 0 0 71 22 0 1 0 0 72 53 0 1 0 0 81 52 0 1 1 5 70 22 0 1 1 5 83 53 0 1 1 5 71 52 0 1 0 1 76 22 0 1 0 1 73 53 0 1 0 1 80 52 0 1 1 15 88 22 0 1 1 15 70 53 0 1 1 15 80 52 0 1 0 2 70 22 0 1 0 2 83 53 0 1 0 2 86 52 0 1 1 25 77 22 0 1 1 25 84 53 0 1 1 25 83 52 0 1 0 3 84 22 0 1 0 3 79 53 0 1 0 3 88 52 0 1 1 35 70 22 0 1 1 35 78 53 0 1 1 35 78
4/4 52 0 1 0 0 79 12 0 1 0 0 88 53 0 1 0 0 88 52 0 1 1 5 71 12 0 1 1 5 70 53 0 1 1 5 90 52 0 1 0 1 71 12 0 1 0 1 76 53 0 1 0 1 82 52 0 1 1 15 70 12 0 1 1 15 78 53 0 1 1 15 89 54 0 1 0 2 86 23 0 1 0 2 89 53 0 1 0 2 90 54 0 1 1 25 75 23 0 1 1 25 88 53 0 1 1 25 89 54 0 1 0 3 87 23 0 1 0 3 72 53 0 1 0 3 90 54 0 1 1 35 82 23 0 1 1 35 80 53 0 1 1 35 79
4/4 56 1 5 0 0 83 15 1 5 1 5 79 16 1 5 0 1 85 15 1 5 1 15 87 26 1 5 0 2 82 15 1 5 1 25 80 56 1 5 0 3 72 15 1 5 1 35 75
4/4 16 1 5 0 0 83 15 1 5 1 5 87 26 1 5 0 1 87 15 1 5 1 15 90 56 1 5 0 2 86 15 1 5 1 25 85 16 1 5 0 3 87 15 1 5 1 35 70
4/4 56 1 5 0 0 89 15 1 5 1 5 88 16 1 5 0 1 81 15 1 5 1 15 78 26 1 5 0 2 77 15 1 5 1 25 87 56 1 5 0 3 81 15 1 5 1 35 88
4/4 16 1 5 0 0 88 15 1 5 1 5 76 26 1 5 0 1 85 15 1 5 1 15 79 56 1 5 0 2 72 15 1 5 1 25 79 16 1 5 0 3 75 15 1 5 1 35 75
4/4 56 1 5 0 0 88 15 1 5 1 5 73 16 1 5 0 1 90 15 1 5 1 15 84 26 1 5 0 2 82 15 1 5 1 25 74 56 1 5 0 3 83 15 1 5 1 35 79
4/4 16 1 5 0 0 83 15 1 5 1 5 80 26 1 5 0 1 79 15 1 5 1 15 88 56 1 5 0 2 83 15 1 5 1 25 84 16 1 5 0 3 80 15 1 5 1 35 73
4/4 56 1 5 0 0 71 15 1 5 1 5 74 16 1 5 0 1 90 15 1 5 1 15 72 26 1 5 0 2 72 15 1 5 1 25 79 56 1 5 0 3 81 15 1 5 1 35 78
4/4 16 1 5 0 0 89 15 1 5 1 5 72 26 1 5 0 1 88 15 1 5 1 15 81 56 1 5 0 2 77 15 1 5 1 25 73 16 1 5 0 3 70 15 1 5 1 35 80
4/4 56 1 5 0 0 77 15 1 5 1 5 82 16 1 5 0 1 78 15 1 5 1 15 82 26 1 5 0 2 86 15 1 5 1 25 89 56 1 5 0 3 74 15 1 5 1 35 86
4/4 16 1 5 0 0 82 15 1 5 1 5 82 26 1 5 0 1 81 15 1 5 1 15 90 56 1 5 0 2 77 15 1 5 1 25 89 16 1 5 0 3 74 15 1 5 1 35 79
4/4 56 1 5 0 0 90 15 1 5 1 5 87 16 1 5 0 1 90 15 1 5 1 15 71 26 1 5 0 2 80 15 1 5 1 25 86 56 1 5 0 3 85 15 1 5 1 35 82
4/4 16 1 5 0 0 78 15 1 5 1 5 85 26 1 5 0 1 76 15 1 5 1 15 80 56 1 5 0 2 76 15 1 5 1 25 71 16 1 5 0 3 80 15 1 5 1 35 71
4/4 15 0 4 0 0 72
4/4 15 3 3667 0 0 89
4/4 52 0 1 0 0 89 22 0 1 0 0 78 53 0 1 0 0 85
4/4 52 0 1 0 0 84 22 0 1 0 0 73 53 0 1 0 0 84 11 0 1 0 2 115 12 0 1 0 2 112 11 0 1 1 25 110 12 0 1 1 25 108
4/4 611 0 1 0 0 86 612 0 1 0 0 79 312 1 5 1 5 76 612 1 5 0 1 76 313 1 5 1 15 76 612 1 5 0 2 88 613 1 5 1 25 79 313 1 5 0 3 85 612 1 5 1 35 83
4/4 611 0 1 0 0 80 612 0 1 0 0 82 612 1 5 1 5 75 313 1 5 0 1 80 613 1 5 1 15 89 612 1 5 0 2 71 613 1 5 1 25 83 313 1 5 0 3 87 612 1 5 1 35 74
4/4 711 0 1 0 0 73 712 0 1 0 0 78 52 1 5 1 5 74 712 1 5 0 1 84 53 1 5 1 15 82 712 1 5 0 2 78 713 1 5 1 25 85 53 1 5 0 3 70 712 1 5 1 35 72
4/4 711 0 1 0 0 86 712 0 1 0 0 82 712 1 5 1 5 74 53 1 5 0 1 71 713 1 5 1 15 76 712 1 5 0 2 71 713 1 5 1 25 78 53 1 5 0 3 83 712 1 5 1 35 83
4/4 42 0 1 0 0 77 43 0 1 0 0 89 42 2 25 0 1 87 43 2 25 2 125 78 42 2 25 1 15 73 43 2 25 2 175 85 42 2 25 0 2 70 43 2 25 2 225 88 42 2 25 1 25 77 43 2 25 2 275 71 42 2 25 0 3 82 43 2 25 2 325 84 42 2 25 1 35 87 43 2 25 2 375 86
4/4 52 2 25 0 0 76 53 2 25 2 25 84 52 2 25 1 5 71 53 2 25 2 75 88 52 2 25 0 1 75 53 2 25 2 125 78 52 2 25 1 15 84 53 2 25 2 175 84 52 2 25 0 2 76 53 2 25 2 225 83 52 2 25 1 25 84 53 2 25 2 275 76 52 2 25 0 3 89 53 2 25 2 325 72 52 2 25 1 35 88 53 2 25 2 375 73
4/4 612 0 1 0 0 77 313 0 1 0 0 76 613 0 1 0 0 83 612 1 5 1 5 82 612 1 5 0 1 83 612 0 1 1 15 90 313 0 1 1 15 71 613 0 1 1 15 90 612 1 5 0 2 71 612 1 5 1 25 84 612 0 1 0 3 89 313 0 1 0 3 82 613 0 1 0 3 79 612 1 5 1 35 89
4/4 52 0 1 0 0 77 22 0 1 0 0 77 53 0 1 0 0 70 52 0 1 1 5 74 57 0 1 1 15 86 47 0 1 1 15 80 37 0 1 1 15 84 26 0 1 1 15 74 16 0 1 2 175 87 76 0 1 2 175 87 66 0 1 2 175 90 56 0 1 2 175 82 46 0 1 0 2 75 36 0 1 0 2 73 25 0 1 0 2 80 15 0 1 0 2 79 75 0 1 3 2333 71 65 0 1 3 2333 74 54 1 5 1 25 89
4/4 11 0 1 0 0 73 12 0 1 0 0 71 13 0 1 0 1 86 53 0 1 0 1 73 12 0 1 0 2 82 13 0 1 0 3 89 53 0 1 0 3 75
4/4 11 0 1 0 0 76 12 0 1 0 0 87 13 0 1 0 1 72 53 0 1 0 1 86 12 0 1 0 2 90 314 0 1 0 3 75 53 0 1 0 3 77
4/4 51 0 1 0 0 87 52 0 1 0 0 77 53 0 1 0 1 76 22 0 1 0 1 85 52 0 1 0 2 73 713 0 1 0 3 81 22 0 1 0 3 73
4/4 51 0 1 0 0 85 52 0 1 0 0 88 53 0 1 0 1 85 22 0 1 0 1 87 52 0 1 0 2 89 713 0 1 0 3 82 22 0 1 0 3 71
4/4 41 0 1 0 0 70 42 0 1 0 0 90 12 0 1 0 1 87 43 0 1 0 1 85 42 0 1 0 2 87 613 0 1 0 3 88 12 0 1 0 3 88
4/4 42 0 1 0 0 82 12 0 1 0 1 71 43 0 1 0 1 84 613 0 1 0 2 82 612 0 1 0 2 79 713 0 1 0 3 89 712 0 1 0 3 78
4/4 13 0 1 0 0 85 53 0 1 0 0 81 12 0 1 0 0 83 42 0 1 0 2 76 12 0 1 0 2 77 43 0 1 0 2 73
4/4 52 0 1 0 0 83 22 0 1 0 0 73 53 0 1 0 0 84 62 0 1 0 2 70 712 0 1 0 2 70 63 0 1 0 2 88
4/4 13 1 5 0 0 73 12 0 1 0 0 72 11 0 1 0 0 76 713 1 5 1 5 87 53 1 5 0 1 77 13 1 5 1 15 87 713 1 5 0 2 85 53 1 5 1 25 88 13 1 5 0 3 79 53 1 5 1 35 78
4/4 13 1 5 0 0 77 12 0 1 0 0 77 11 0 1 0 0 79 713 1 5 1 5 81 53 1 5 0 1 83 13 1 5 1 15 85 713 1 5 0 2 71 53 1 5 1 25 76 13 1 5 0 3 79 53 1 5 1 35 77
4/4 712 0 4 0 0 90 13 1 5 0 0 79 713 1 5 1 5 86 53 1 5 0 1 81 13 1 5 1 15 71 713 1 5 0 2 80 53 1 5 1 25 76 13 1 5 0 3 78 53 1 5 1 35 87
4/4 13 1 5 0 0 80 712 3 3667 0 0 84 713 1 5 1 5 70 53 1 5 0 1 86 13 1 5 1 15 83 713 1 5 0 2 85 53 1 5 1 25 76 13 1 5 0 3 76 53 1 5 1 35 70
4/4 613 0 4 0 0 89 13 1 5 0 0 73 713 1 5 1 5 79 53 1 5 0 1 90 13 1 5 1 15 71 713 1 5 0 2 82 53 1 5 1 25 84 13 1 5 0 3 79 53 1 5 1 35 72
4/4 13 1 5 0 0 90 613 3 3667 0 0 71 713 1 5 1 5 77 53 1 5 0 1 74 13 1 5 1 15 90 713 1 5 0 2 88 53 1 5 1 25 84 13 1 5 0 3 73 53 1 5 1 35 83
4/4 53 1 15 0 0 76 13 1 5 0 0 90 713 1 5 1 5 82 53 0 2 0 1 88 13 1 5 1 15 82 713 1 5 0 2 76 53 1 15 1 25 89 13 1 5 0 3 86 53 1 5 1 35 84
4/4 13 1 5 0 0 85 53 1 15 0 0 84 713 1 5 1 5 77 53 0 2 0 1 86 13 1 5 1 15 81 713 1 5 0 2 78 53 0 1 1 25 77 13 1 5 0 3 87 53 1 5 1 35 80
4/4 42 0 1 0 0 77 43 0 1 0 0 82 42 0 1 1 5 73 43 0 1 1 5 72 42 0 1 0 1 72 43 0 1 0 1 73 42 0 1 1 15 80 43 0 1 1 15 72 42 0 1 0 2 86 43 0 1 0 2 84 42 0 1 1 25 90 43 0 1 1 25 82 42 0 1 0 3 82 43 0 1 0 3 73 42 0 1 1 35 89 43 0 1 1 35 72
4/4 42 0 1 0 0 70 43 0 1 0 0 87 42 0 1 1 5 82 43 0 1 1 5 76 42 0 1 0 1 73 43 0 1 0 1 87 42 0 1 1 15 71 43 0 1 1 15 88 42 0 1 0 2 74 43 0 1 0 2 75 42 0 1 1 25 79 43 0 1 1 25 74 42 0 1 0 3 71 43 0 1 0 3 70 42 0 1 1 35 74 43 0 1 1 35 88
4/4 312 0 1 0 0 84 313 0 1 0 0 88 312 0 1 1 5 74 313 0 1 1 5 79 312 0 1 0 1 90 313 0 1 0 1 84 312 0 1 1 15 83 313 0 1 1 15 70 312 0 1 0 2 79 313 0 1 0 2 73 312 0 1 1 25 80 313 0 1 1 25 72 312 0 1 0 3 71 313 0 1 0 3 89 312 0 1 1 35 70 313 0 1 1 35 76
4/4 312 0 1 0 0 87 313 0 1 0 0 72 312 0 1 1 5 77 313 0 1 1 5 76 312 0 1 0 1 86 313 0 1 0 1 81 312 0 1 1 15 82 313 0 1 1 15 79 312 0 1 0 2 77 313 0 1 0 2 71 312 0 1 1 25 86 313 0 1 1 25 79 312 0 1 0 3 73 313 0 1 0 3 81 312 0 1 1 35 78 313 0 1 1 35 89
4/4 42 0 1 0 0 74 43 0 1 0 0 83 42 0 1 1 5 82 43 0 1 1 5 79 42 0 1 0 1 82 43 0 1 0 1 86 42 0 1 1 15 73 43 0 1 1 15 77 42 0 1 0 2 85 43 0 1 0 2 89 42 0 1 1 25 81 43 0 1 1 25 86 42 0 1 0 3 77 43 0 1 0 3 73 42 0 1 1 35 87 43 0 1 1 35 70
4/4 42 0 1 0 0 76 43 0 1 0 0 76 42 0 1 1 5 87 43 0 1 1 5 77 42 0 1 0 1 84 43 0 1 0 1 74 42 0 1 1 15 89 43 0 1 1 15 88 42 0 1 0 2 76 43 0 1 0 2 72 42 0 1 1 25 74 43 0 1 1 25 85 42 0 1 0 3 76 43 0 1 0 3 79 42 0 1 1 35 84 43 0 1 1 35 74
4/4 52 0 1 0 0 87 22 0 1 0 0 76 53 0 1 0 0 74 52 1 5 1 5 70 52 1 5 0 1 88 52 0 1 1 15 72 22 0 1 1 15 79 53 0 1 1 15 76 52 1 5 0 2 70 52 1 5 1 25 83 52 0 1 0 3 83 22 0 1 0 3 86 53 0 1 0 3 73 52 1 5 1 35 70
4/4 52 0 1 0 0 80 22 0 1 0 0 88 53 0 1 0 0 73 52 1 5 1 5 88 22 0 1 0 1 84 53 0 1 0 1 72 52 1 5 1 15 74 57 0 1 0 2 83 47 0 1 0 2 75 317 0 1 0 2 90 26 0 1 2 225 71 16 0 1 2 225 84 716 0 1 2 225 78 616 0 1 1 25 77 56 0 1 1 25 89 46 0 1 1 25 88 316 0 1 2 275 72 25 0 1 2 275 84 14 1 5 0 3 86
4/4 11 0 1 0 0 82 12 0 1 0 0 87 53 1 5 1 5 75 13 1 5 0 1 70 53 1 5 1 15 71 314 1 5 0 2 83 53 1 5 1 25 78 13 1 5 0 3 71 53 1 5 1 35 77
4/4 42 0 1 0 0 89 43 0 1 0 0 87 12 1 5 1 5 71 43 1 5 0 1 90 12 1 5 1 15 90 42 1 5 0 2 82 43 1 5 1 25 73 12 1 5 0 3 75 42 1 5 1 35 81
4/4 53 0 1 0 0 70 52 0 1 0 0 75 22 1 5 1 5 88 53 1 5 0 1 78 22 1 5 1 15 75 52 1 5 0 2 84 53 1 5 1 25 72 22 1 5 0 3 82 52 1 5 1 35 78
4/4 63 0 1 0 0 71 62 0 1 0 0 83 22 1 5 1 5 73 63 1 5 0 1 82 22 1 5 1 15 76 62 1 5 0 2 71 63 1 5 1 25 82 22 1 5 0 3 75 612 1 5 1 35 89
4/4 611 0 1 0 0 70 612 0 1 0 0 79 612 1 5 0 1 87 313 1 5 1 15 73 613 1 5 0 2 71 313 1 5 1 25 74 12 1 5 0 3 80 612 1 5 1 35 73
4/4 51 0 1 0 0 83 52 0 1 0 0 81 52 1 5 0 1 74 22 1 5 1 15 75 53 1 5 0 2 74 22 1 5 1 25 90 712 1 5 0 3 86 52 1 5 1 35 82
4/4 41 0 1 0 0 76 42 0 1 0 0 86 42 1 5 0 1 81 12 1 5 1 15 70 43 1 5 0 2 79 12 1 5 1 25 76 612 1 5 0 3 75 42 1 5 1 35 86
4/4 311 0 1 0 0 87 312 0 1 0 0 84 312 1 5 0 1 87 12 1 5 1 15 70 313 1 5 0 2 70 12 1 5 1 25 85 52 1 5 0 3 89 312 1 5 1 35 74
4/4 21 0 1 0 0 72 22 0 1 0 0 86 21 0 1 1 5 70 22 0 1 1 5 85 21 0 1 0 1 87 22 0 1 0 1 75 21 0 1 1 15 84 22 0 1 1 15 73 21 0 1 0 2 76 22 0 1 0 2 83 21 0 1 1 25 77 22 0 1 1 25 75 21 0 1 0 3 76 22 0 1 0 3 79 21 0 1 1 35 72 22 0 1 1 35 78
4/4 312 0 1 0 0 84 313 0 1 0 0 87 312 0 1 1 5 73 313 0 1 1 5 81 312 0 1 0 1 90 313 0 1 0 1 89 312 0 1 1 15 72 313 0 1 1 15 82 312 0 1 0 2 76 313 0 1 0 2 88 312 0 1 1 25 76 313 0 1 1 25 74 312 0 1 0 3 85 313 0 1 0 3 72 312 0 1 1 35 76 313 0 1 1 35 90
4/4 42 0 1 0 0 87 12 0 1 0 0 82 43 0 1 0 0 83 42 1 5 1 5 72 42 1 5 0 1 75 42 0 1 1 15 89 12 0 1 1 15 83 43 0 1 1 15 78 42 1 5 0 2 73 42 1 5 1 25 71 42 0 1 0 3 80 12 0 1 0 3 70 43 0 1 0 3 74 42 1 5 1 35 85
4/4 52 0 1 0 0 116 22 0 1 0 0 106 53 0 1 0 0 116
4/4 11 1 5 0 0 78 12 1 5 1 5 83 11 1 5 0 1 83 12 1 5 1 15 81 11 1 5 0 2 82 12 1 5 1 25 73 11 1 5 0 3 80 12 1 5 1 35 75
4/4 11 1 5 0 0 72 12 1 5 1 5 89 11 1 5 0 1 86 12 1 5 1 15 71 11 1 5 0 2 82 12 1 5 1 25 88 11 1 5 0 3 88 12 1 5 1 35 88
4/4 11 1 5 0 0 90 12 1 5 1 5 80 11 1 5 0 1 85 12 1 5 1 15 86 11 1 5 0 2 74 12 1 5 1 25 72 11 1 5 0 3 73 12 1 5 1 35 88
4/4 11 1 5 0 0 73 12 1 5 1 5 82 11 1 5 0 1 73 12 1 5 1 15 89 11 1 5 0 2 73 12 1 5 1 25 74 11 1 5 0 3 73 12 1 5 1 35 88
4/4 11 1 5 0 0 77 12 1 5 1 5 84 11 1 5 0 1 81 12 1 5 1 15 80 11 1 5 0 2 79 12 1 5 1 25 75 11 1 5 0 3 75 12 1 5 1 35 86
4/4 11 1 5 0 0 90 12 1 5 1 5 84 11 1 5 0 1 76 12 1 5 1 15 79 11 1 5 0 2 80 12 1 5 1 25 86 11 1 5 0 3 79 12 1 5 1 35 87
4/4 611 1 5 0 0 70 612 1 5 1 5 83 611 0 1 0 1 75 612 0 1 0 1 82 611 0 1 1 15 71 612 0 1 1 15 73 611 0 1 0 2 73 612 0 1 0 2 85 611 0 1 1 25 89 612 0 1 1 25 82 611 0 1 0 3 80 612 0 1 0 3 72 611 0 1 1 35 80 612 0 1 1 35 87
4/4 711 0 1 0 0 71 712 0 1 0 0 89 711 0 1 1 5 73 712 0 1 1 5 87 711 0 1 0 1 71 712 0 1 0 1 74 711 0 1 1 15 81 712 0 1 1 15 82 711 0 1 0 2 74 712 0 1 0 2 85 711 0 1 1 25 73 712 0 1 1 25 90 711 0 1 0 3 83 712 0 1 0 3 86 711 0 1 1 35 73 712 0 1 1 35 74
2/4
4/4 11 0 1 0 0 108 12 0 1 0 0 102
4/4 11 0 1 0 0 100 12 0 1 0 0 110
4/4 11 0 1 0 0 111 12 0 1 0 0 107
4/4 11 0 1 0 0 116 12 0 1 0 0 119
4/4 11 0 1 0 0 104 12 0 1 0 0 104 11 0 1 0 2 80 12 0 1 0 2 71 11 0 1 1 35 106 12 0 1 1 35 117
