4/4 14 0 1 0 0 64 715 1 5 0 0 62 15 1 5 1 5 57 55 0 1 0 1 63 715 1 5 0 1 62 15 1 5 1 15 63 525 0 2 0 2 61 25 0 1 0 2 73 715 1 5 0 3 60 15 1 5 1 35 74
4/4 714 0 1 0 0 71 715 1 5 0 0 65 15 1 5 1 5 69 525 0 1 0 1 75 25 0 1 0 1 64 315 0 2 0 2 73 25 1 5 0 2 72 15 1 5 1 25 74 715 1 5 0 3 59 15 1 5 1 35 70
4/4 614 0 1 0 0 52 715 2 75 0 0 60 55 2 75 2 75 62 14 0 1 0 1 63 315 1 5 1 15 66 24 0 1 0 2 61 715 2 75 0 2 76 55 2 75 2 275 63 23 0 1 0 3 43 615 1 5 1 35 63
4/4 54 0 1 0 0 50 55 2 75 0 0 66 55 2 75 2 75 62 714 0 1 0 1 53 315 1 5 1 15 68 314 0 1 0 2 59 715 0 1 0 2 71
4/4 14 0 1 0 0 64 715 1 5 0 0 69 15 1 5 1 5 64 55 0 1 0 1 62 715 1 5 0 1 57 15 1 5 1 15 64 525 0 2 0 2 64 25 0 1 0 2 75 715 1 5 0 3 59 15 1 5 1 35 65
4/4 714 0 1 0 0 68 715 1 5 0 0 64 15 1 5 1 5 57 525 0 1 0 1 57 25 0 1 0 1 62 315 0 2 0 2 71 25 1 5 0 2 76 15 1 5 1 25 59 715 1 5 0 3 74 15 1 5 1 35 66
4/4 614 0 1 0 0 61 715 2 75 0 0 77 55 2 75 2 75 68 14 0 1 0 1 58 315 1 5 1 15 70 24 0 1 0 2 51 715 2 75 0 2 69 55 2 75 2 275 68 23 0 1 0 3 48 615 1 5 1 35 56
4/4 54 0 1 0 0 65 55 2 75 0 0 64 55 2 75 2 75 60 714 0 1 0 1 52 315 1 5 1 15 70 314 0 1 0 2 68 715 0 1 0 2 61
4/4 14 0 1 0 0 75 715 1 5 0 0 66 15 1 5 1 5 55 55 0 1 0 1 74 715 1 5 0 1 61 15 1 5 1 15 73 525 0 2 0 2 74 25 0 1 0 2 69 715 1 5 0 3 67 15 1 5 1 35 65
4/4 714 0 1 0 0 79 715 1 5 0 0 61 15 1 5 1 5 72 525 0 1 0 1 66 25 0 1 0 1 63 315 0 2 0 2 59 25 1 5 0 2 65 15 1 5 1 25 63 715 1 5 0 3 55 15 1 5 1 35 63
4/4 614 0 1 0 0 58 715 2 75 0 0 61 55 2 75 2 75 73 14 0 1 0 1 53 315 1 5 1 15 72 24 0 1 0 2 55 715 2 75 0 2 57 55 2 75 2 275 55 23 0 1 0 3 53 615 1 5 1 35 62
4/4 54 0 1 0 0 57 55 2 75 0 0 75 55 2 75 2 75 63 714 0 1 0 1 55 715 1 5 1 15 59 54 0 1 0 2 63 55 0 1 0 2 57
4/4 54 0 1 0 0 74 25 0 1 0 0 62 24 0 1 0 1 60 715 0 1 0 1 59 714 0 2 0 2 71 615 0 1 0 2 72 715 0 1 0 3 70
4/4 314 0 1 0 0 67 615 1 5 0 0 65 55 1 5 1 5 70 714 0 1 0 1 63 615 1 5 0 1 69 715 0 2 1 15 59 315 0 1 0 2 47 714 0 1 0 3 45 715 1 5 1 35 65
4/4 13 0 1 0 0 50 316 0 1 0 0 68 54 0 3 0 1 59 715 0 1 0 1 70 615 0 1 0 2 64 55 0 1 0 3 72
4/4 23 0 1 0 0 61 55 1 5 0 0 78 615 1 5 1 5 54 614 0 1 0 1 66 715 1 5 0 1 68 615 1 25 1 15 70 24 0 2 0 2 59
4/4 54 0 1 0 0 74 25 0 1 0 0 76 24 0 1 0 1 73 715 0 1 0 1 59 714 0 2 0 2 62 615 0 1 0 2 60 715 0 1 0 3 70
4/4 314 0 1 0 0 66 615 1 5 0 0 75 55 1 5 1 5 66 714 0 1 0 1 49 615 1 5 0 1 62 715 0 2 1 15 64 315 0 1 0 2 53 714 0 1 0 3 63 715 1 5 1 35 71
4/4 13 0 1 0 0 59 316 0 1 0 0 63 54 0 1 0 1 55 715 0 1 0 1 46 23 0 1 0 2 51 55 0 1 0 2 59 24 0 1 0 3 47 715 0 1 0 3 58
4/4 54 0 1 0 0 60 55 0 3 0 0 62 23 0 1 0 1 62 53 0 2 0 2 61 55 2 25 1 35 59 24 2 25 2 375 69
4/4 13 0 1 0 0 60 315 2 75 0 0 74 315 2 75 2 75 60 14 0 1 0 1 72 24 1 5 1 15 66 23 0 2 0 2 58 55 2 75 0 2 68 55 2 75 2 275 63 55 2 25 1 35 62 24 2 25 2 375 66
4/4 713 0 1 0 0 72 315 2 75 0 0 67 315 2 75 2 75 73 714 0 1 0 1 75 24 1 5 1 15 68 314 0 2 0 2 68 55 2 75 0 2 77 715 2 75 2 275 62 55 2 25 1 35 65 24 2 25 2 375 62
4/4 613 0 1 0 0 64 315 2 75 0 0 78 315 2 75 2 75 70 14 0 1 0 1 51 24 1 5 1 15 67 23 0 1 0 2 60 55 2 75 0 2 60 55 2 75 2 275 65 24 0 1 0 3 45 615 1 5 1 35 74
4/4 54 0 1 0 0 57 55 2 75 0 0 59 55 2 75 2 75 60 24 0 1 0 1 53 315 1 5 1 15 54 314 0 2 0 2 73 715 1 15 0 2 58 55 2 25 1 35 68 24 2 25 2 375 60
4/4 13 0 1 0 0 61 315 2 75 0 0 75 315 2 75 2 75 60 14 0 1 0 1 66 24 1 5 1 15 54 23 0 2 0 2 64 55 2 75 0 2 77 55 2 75 2 275 56 55 2 25 1 35 60 24 2 25 2 375 54
4/4 713 0 1 0 0 78 315 2 75 0 0 62 315 2 75 2 75 58 714 0 1 0 1 74 24 1 5 1 15 70 314 0 1 0 2 66 715 0 1 0 2 61
4/4
