4/4 54 1 5 0 0 80 54 1 5 1 5 80 54 1 5 0 1 80 54 1 5 1 15 80 54 0 1 0 2 80 54 1 5 0 3 80 54 1 5 1 35 80
4/4 54 1 5 0 0 80 44 1 5 1 5 80 44 1 5 0 1 80 314 0 1 1 15 80 23 0 1 1 25 80 23 1 5 1 35 80
4/4 54 1 5 0 0 80 54 1 5 1 5 80 54 1 5 0 1 80 54 1 5 1 15 80 54 0 1 0 2 80 54 1 5 0 3 80 54 1 5 1 35 80
4/4 54 1 5 0 0 80 44 1 5 1 5 80 44 1 5 0 1 80 314 0 1 1 15 80 23 1 15 1 25 80
4/4 53 0 1 0 0 80 13 0 1 0 0 80 314 0 1 0 2 80 13 0 1 0 2 80
4/4 43 0 1 0 0 80 23 0 1 0 0 80 44 0 1 0 2 80 23 0 1 0 2 80
4/4 54 0 1 0 0 80 23 0 1 0 0 80 714 0 1 0 2 80 54 0 1 0 2 80
4/4 14 0 1 0 0 80 54 0 1 0 0 80 23 0 1 0 0 80 714 0 1 0 1 80 54 0 1 0 1 80 23 0 1 0 1 80 14 0 1 0 2 80 54 0 1 0 2 80 23 0 1 0 2 80 24 0 1 0 3 80 54 0 1 0 3 80 23 0 1 0 3 80
4/4 314 1 5 0 0 80 14 0 1 0 0 80 53 1 5 1 5 80 13 1 5 0 1 80 13 0 1 0 1 80 53 1 5 1 15 80 54 1 5 0 2 80 54 0 1 0 2 80 53 1 5 1 25 80 13 1 5 0 3 80 13 0 1 0 3 80 53 1 5 1 35 80
4/4 314 1 5 0 0 80 314 0 1 0 0 80 53 1 5 1 5 80 13 1 5 0 1 80 13 0 1 0 1 80 53 1 5 1 15 80 54 1 5 0 2 80 54 0 1 0 2 80 53 1 5 1 25 80 13 1 5 0 3 80 13 0 1 0 3 80 53 1 5 1 35 80
4/4 314 1 5 0 0 80 314 0 1 0 0 80 53 1 5 1 5 80 13 1 5 0 1 80 13 0 1 0 1 80 53 1 5 1 15 80 54 1 5 0 2 80 54 0 1 0 2 80 53 1 5 1 25 80 13 1 5 0 3 80 13 0 1 0 3 80 53 1 5 1 35 80
4/4 314 0 1 0 0 80 13 0 1 0 0 80 44 0 1 0 1 80 54 0 1 0 2 80 314 0 1 0 2 80 13 0 1 0 2 80 14 0 1 0 3 80 314 0 1 0 3 80 13 0 1 0 3 80
4/4 314 1 5 0 0 80 314 0 1 0 0 80 53 1 5 1 5 80 13 1 5 0 1 80 13 0 1 0 1 80 53 1 5 1 15 80 54 1 5 0 2 80 54 0 1 0 2 80 53 1 5 1 25 80 13 1 5 0 3 80 13 0 1 0 3 80 53 1 5 1 35 80
4/4 314 1 5 0 0 80 314 0 1 0 0 80 53 1 5 1 5 80 13 1 5 0 1 80 13 0 1 0 1 80 53 1 5 1 15 80 63 0 1 0 2 80 44 0 1 0 2 80 713 0 1 0 3 80
4/4 313 0 1 0 0 80 613 0 1 0 0 80 13 0 1 0 0 80 713 1 5 1 5 80 13 1 5 0 1 80 523 0 1 1 15 80 613 0 1 1 15 80 23 0 1 1 15 80 13 1 5 1 25 80 23 1 5 0 3 80 53 0 1 1 35 80 713 0 1 1 35 80 314 0 1 1 35 80
4/4 53 0 1 0 0 80 713 0 1 0 0 80 314 0 1 0 0 80 23 1 5 1 5 80 314 1 5 0 1 80 43 0 1 1 15 80 613 0 1 1 15 80 44 0 1 1 15 80 43 0 1 1 25 80 613 0 1 1 25 80 13 0 1 1 25 80
4/4 12 0 1 0 0 80 313 0 1 0 0 80 53 0 1 0 0 80 13 0 1 0 0 80
4/4 53 0 1 0 0 80 13 0 1 0 0 80 44 0 1 0 0 80 53 0 1 1 15 80 13 0 1 1 15 80 314 0 1 1 15 80 53 0 1 0 3 80 23 0 1 0 3 80
4/4 313 0 1 0 0 80 53 0 1 0 0 80 13 0 1 0 0 80 314 0 1 0 0 80 43 1 5 0 3 80 313 0 1 1 35 80 13 0 1 1 35 80
4/4 313 0 1 0 0 80 13 0 1 0 0 80 313 0 1 1 5 80 13 0 1 1 5 80 313 0 1 0 1 80 13 0 1 0 1 80 313 0 1 1 15 80 13 0 1 1 15 80 313 0 1 0 2 80 13 0 1 0 2 80 313 0 1 1 25 80 13 0 1 1 25 80 313 0 1 0 3 80 13 0 1 0 3 80 313 0 1 1 35 80 13 0 1 1 35 80
4/4 54 1 5 0 0 80 54 1 5 1 5 80 54 1 5 0 1 80 54 1 5 1 15 80 54 0 1 0 2 80 54 1 5 0 3 80 54 1 5 1 35 80
4/4 54 1 5 0 0 80 44 0 1 1 5 80 314 0 1 1 15 80 23 0 1 1 25 80 23 1 5 1 35 80
4/4 314 1 5 0 0 80 314 1 5 1 5 80 314 0 1 0 1 80 314 1 5 0 2 80 314 1 5 1 25 80 44 1 5 0 3 80 314 1 5 1 35 80
4/4 314 1 5 0 0 80 314 1 5 1 5 80 44 1 5 0 1 80 314 0 1 1 15 80 23 1 15 1 25 80
4/4 13 2 175 0 0 80 14 0 1 0 2 80 314 0 1 0 2 80
4/4 714 0 1 0 0 80 23 0 1 0 0 80 14 2 175 0 2 80
4/4 14 0 1 0 0 80 44 0 1 0 0 80 714 1 5 1 25 80 614 1 5 0 3 80 54 0 1 1 35 80 23 0 1 1 35 80
4/4 54 0 1 0 0 80 23 0 1 0 0 80
4/4 12 0 1 0 0 80 53 0 1 0 0 80 12 0 1 1 5 80 53 0 1 1 5 80 12 0 1 0 1 80 53 0 1 0 1 80 12 0 1 1 15 80 53 0 1 1 15 80 12 0 1 1 25 80 53 0 1 1 25 80 12 0 1 1 35 80 53 0 1 1 35 80
4/4 22 0 1 0 0 80 53 0 1 0 0 80 22 0 1 1 5 80 43 0 1 1 5 80 712 0 1 1 15 80 313 0 1 1 15 80 712 0 1 1 25 80 22 0 1 1 25 80 712 0 1 1 35 80 22 0 1 1 35 80
4/4 12 0 1 0 0 80 313 0 1 0 0 80 12 0 1 0 1 80 313 0 1 0 1 80 12 0 1 0 2 80 313 0 1 0 2 80 12 0 1 1 25 80 313 0 1 1 25 80 12 0 1 0 3 80 43 0 1 0 3 80 12 0 1 1 35 80 313 0 1 1 35 80
4/4 612 0 1 0 0 80 313 0 1 0 0 80 612 0 1 1 5 80 22 0 1 1 5 80 612 0 1 0 1 80 22 0 1 0 1 80 612 0 1 1 15 80 22 0 1 1 15 80 612 0 1 1 25 80 12 0 1 1 25 80
4/4 53 1 5 0 0 80 12 0 1 0 0 80 12 3 1333 1 5 80 13 1 5 0 1 80 12 1 5 1 15 80 53 1 5 0 2 80 313 2 175 0 2 80 12 1 5 1 25 80 13 1 5 0 3 80 12 1 5 1 35 80
4/4 53 1 5 0 0 80 53 2 175 0 0 80 12 1 5 1 5 80 13 1 5 0 1 80 12 1 5 1 15 80 53 1 5 0 2 80 313 2 175 0 2 80 12 1 5 1 25 80 13 1 5 0 3 80 12 1 5 1 35 80
4/4 53 1 5 0 0 80 22 0 1 0 0 80 22 3 1333 1 5 80 713 1 5 0 1 80 22 1 5 1 15 80 53 1 5 0 2 80 313 2 175 0 2 80 22 1 5 1 25 80 713 1 5 0 3 80 22 1 5 1 35 80
4/4 53 1 5 0 0 80 22 0 1 0 0 80 22 3 1333 1 5 80 713 1 5 0 1 80 22 1 5 1 15 80 53 1 5 0 2 80 12 2 175 0 2 80 22 1 5 1 25 80 713 1 5 0 3 80 22 1 5 1 35 80
4/4 43 1 5 0 0 80 12 0 4 0 0 80 43 1 5 1 5 80 43 1 5 0 1 80 43 1 5 1 15 80 43 1 5 0 2 80 43 1 5 1 25 80 43 1 5 0 3 80 43 1 5 1 35 80
4/4 313 1 5 0 0 80 12 0 3 0 0 80 313 1 5 1 5 80 313 1 5 0 1 80 313 1 5 1 15 80 22 1 5 0 2 80 22 1 5 1 25 80 22 1 5 0 3 80 53 0 1 0 3 80 22 1 5 1 35 80
4/4 313 0 1 0 0 80 12 0 1 0 0 80 13 0 1 0 0 80 713 0 1 0 1 80 13 0 1 0 2 80 12 0 1 0 3 80 612 0 1 0 3 80 53 0 1 0 3 80
4/4 12 0 1 0 0 80 612 0 1 0 0 80 53 0 1 0 0 80 43 0 1 0 1 80 313 0 1 0 2 80 43 0 1 0 3 80
4/4 22 0 1 0 0 80 52 0 1 0 0 80 53 0 1 0 0 80 12 0 1 0 1 80 12 0 1 0 2 80 12 0 1 0 3 80 52 0 1 0 3 80 43 0 1 0 3 80
4/4 12 0 1 0 0 80 52 0 1 0 0 80 43 0 1 0 0 80 313 0 1 0 1 80 12 2 175 0 2 80
4/4 12 0 1 0 0 80 43 0 1 0 0 80 613 0 1 0 0 80
4/4 22 0 1 0 0 80 53 0 1 0 0 80 713 0 1 0 0 80 22 0 1 0 2 80 53 0 1 0 2 80
4/4 12 0 1 0 0 80 313 0 1 0 0 80 13 0 3 0 0 80 13 1 5 0 3 80 23 1 5 1 35 80
4/4 314 0 1 0 0 80 53 0 1 0 0 80 23 1 5 0 1 80 44 0 1 1 15 80 613 0 1 1 15 80 43 0 1 1 15 80 314 0 1 1 25 80 313 0 1 1 35 80 53 0 1 1 35 80 13 0 1 1 35 80
4/4 313 0 1 0 0 80 53 0 1 0 0 80 13 0 1 0 0 80 12 0 1 0 3 80 313 0 1 0 3 80 53 0 1 0 3 80
4/4 53 0 1 0 0 80 13 0 1 0 0 80 44 0 1 0 0 80 314 1 5 0 1 80 23 0 1 1 15 80 53 0 1 1 15 80 53 0 1 1 25 80 13 0 1 1 25 80 22 0 1 1 35 80 53 0 1 1 35 80 23 0 1 1 35 80
4/4 22 0 1 0 0 80 53 0 1 0 0 80 23 0 1 0 0 80 22 0 1 0 3 80 53 0 1 0 3 80
4/4 314 0 1 0 0 80 53 0 1 0 0 80 23 1 5 0 1 80 13 0 1 1 15 80 53 0 1 1 15 80 53 0 1 1 25 80 713 0 1 1 25 80 12 0 1 1 35 80 43 0 1 1 35 80 13 0 1 1 35 80
4/4 12 0 1 0 0 80 43 0 1 0 0 80 13 0 1 0 0 80 314 0 1 1 15 80 54 0 1 1 15 80 315 0 1 1 15 80 614 0 1 0 3 80 14 0 1 0 3 80 615 0 1 0 3 80
4/4 614 0 1 0 0 80 14 0 1 0 0 80 615 0 1 0 0 80 15 0 1 1 5 80 315 0 1 1 5 80 14 0 1 1 5 80 15 0 1 0 1 80 315 0 1 0 1 80 14 0 1 0 1 80 53 0 1 0 2 80 13 0 1 0 2 80 713 0 1 0 3 80 23 0 1 0 3 80
4/4 53 0 1 0 0 80 13 0 1 0 0 80 314 2 125 0 0 80 43 0 1 1 15 80 613 0 1 1 15 80 23 0 1 1 15 80 43 0 1 0 2 80 613 0 1 0 2 80 23 2 125 0 2 80 43 0 1 1 35 80 613 0 1 1 35 80 23 0 1 1 35 80
4/4 44 3 1333 0 0 80 23 0 1 0 0 80 53 0 1 0 0 80 44 0 1 1 15 80 23 0 1 1 15 80 53 0 1 1 15 80 314 0 1 0 2 80 63 0 1 0 2 80 23 1 5 0 3 80 313 0 1 1 35 80 53 0 1 1 35 80 13 0 1 1 35 80
4/4 313 0 1 0 0 80 53 0 1 0 0 80 13 0 1 0 0 80 44 0 1 0 1 80 45 0 1 0 1 80 54 0 1 0 2 80 55 0 1 0 2 80 53 0 1 0 3 80 313 0 1 0 3 80 12 0 1 0 3 80
4/4 53 0 1 0 0 80 13 0 1 0 0 80 44 0 1 0 0 80 314 1 5 0 1 80 23 0 1 1 15 80 53 0 1 1 15 80 53 0 1 1 25 80 13 0 1 1 25 80 22 0 1 1 35 80 53 0 1 1 35 80 23 1 5 1 35 80
4/4 22 0 1 0 0 80 53 0 1 0 0 80 23 0 1 0 0 80 23 1 15 1 5 80 54 1 5 0 1 80 23 2 125 1 15 80 14 1 5 0 2 80 23 1 5 1 25 80 53 0 1 0 3 80 22 0 1 0 3 80 53 1 5 1 35 80
4/4 314 0 1 0 0 80 63 0 1 0 0 80 23 1 5 0 1 80 13 0 1 1 15 80 63 0 1 1 15 80 63 0 1 1 25 80 713 0 1 1 25 80 313 0 1 1 35 80 613 0 1 1 35 80
4/4 313 0 1 0 0 80 613 0 1 0 0 80 12 0 1 0 3 80 43 0 1 0 3 80
4/4 22 0 1 0 0 80 713 0 1 0 0 80 313 0 1 0 3 80 13 0 1 0 3 80
4/4 43 0 1 0 0 80 13 0 1 0 0 80 12 0 1 0 3 80 53 0 1 0 3 80
4/4 313 0 1 0 0 80 13 0 1 0 0 80 53 0 1 0 3 80 23 0 1 0 3 80
4/4 53 0 1 0 0 80 13 0 1 0 0 80 314 0 1 0 0 80
4/4 53 0 1 0 0 80 13 0 1 0 0 80 314 0 1 0 0 80
4/4 53 0 1 0 0 80 13 0 1 0 0 80 314 0 1 0 0 80 12 0 1 0 3 80 53 0 1 0 3 80
4/4 53 0 1 0 0 80 13 0 1 0 0 80 713 1 5 0 1 80 63 0 1 1 15 80 13 0 1 1 15 80 43 0 1 1 25 80 23 0 1 1 25 80 13 0 1 1 35 80 23 0 1 1 35 80
4/4 313 0 1 0 0 80 13 0 1 0 0 80
4/4 53 0 1 0 0 80 13 0 1 0 0 80 44 0 1 0 0 80 53 0 1 1 15 80 13 0 1 1 15 80 314 0 1 1 15 80 53 0 1 0 3 80 23 0 1 0 3 80
4/4 313 0 1 0 0 80 53 0 1 0 0 80 13 0 1 0 0 80 314 0 1 0 0 80 43 1 5 0 3 80 313 0 1 1 35 80 13 0 1 1 35 80
4/4 313 0 1 0 0 80 13 0 1 0 0 80 313 0 1 1 5 80 13 0 1 1 5 80 313 0 1 0 1 80 13 0 1 0 1 80 313 0 1 1 15 80 13 0 1 1 15 80 313 0 1 0 2 80 13 0 1 0 2 80 313 0 1 1 25 80 13 0 1 1 25 80 313 0 1 0 3 80 13 0 1 0 3 80 313 0 1 1 35 80 13 0 1 1 35 80
4/4 54 1 5 0 0 80 54 1 5 1 5 80 54 1 5 0 1 80 54 1 5 1 15 80 54 1 5 0 2 80 54 1 5 1 25 80 54 1 5 0 3 80 54 1 5 1 35 80
4/4 54 0 1 0 0 80 44 1 5 0 1 80 314 0 1 1 15 80 23 0 1 1 25 80 23 1 5 1 35 80
4/4 314 1 5 0 0 80 314 1 5 1 5 80 314 1 5 0 1 80 314 1 5 1 15 80 314 1 5 0 2 80 314 1 5 1 25 80 44 1 5 0 3 80 314 1 5 1 35 80
4/4 314 1 5 0 0 80 314 1 5 1 5 80 44 1 5 0 1 80 314 0 1 1 15 80 23 1 15 1 25 80
4/4 13 2 175 0 0 80 14 0 1 0 2 80 314 0 1 0 2 80
4/4 714 0 1 0 0 80 23 0 1 0 0 80 14 1 15 0 2 80 14 1 5 1 35 80
4/4 14 0 1 0 0 80 44 0 1 0 0 80 614 1 5 0 3 80 54 0 1 1 35 80 23 0 1 1 35 80
4/4 54 0 1 0 0 80 23 0 1 0 0 80
4/4 54 0 1 0 0 80 53 0 1 0 0 80 54 0 1 0 1 80 53 0 1 0 1 80 54 0 1 1 15 80 53 0 1 1 15 80 54 0 1 0 2 80 53 0 1 0 2 80 54 0 1 1 25 80 53 0 1 1 25 80 54 0 1 0 3 80 53 0 1 0 3 80 54 0 1 1 35 80 53 0 1 1 35 80
4/4 54 0 1 0 0 80 53 0 1 0 0 80 44 0 1 1 5 80 43 0 1 1 5 80 44 0 1 0 1 80 43 0 1 0 1 80 314 0 1 1 15 80 313 0 1 1 15 80 23 0 1 1 25 80 22 0 1 1 25 80 23 0 1 1 35 80 22 0 1 1 35 80
4/4 314 0 1 0 0 80 313 0 1 0 0 80 314 0 1 1 5 80 313 0 1 1 5 80 314 0 1 0 1 80 313 0 1 0 1 80 314 0 1 1 15 80 313 0 1 1 15 80 314 0 1 0 2 80 313 0 1 0 2 80 314 0 1 1 25 80 313 0 1 1 25 80 44 0 1 0 3 80 43 0 1 0 3 80 314 0 1 1 35 80 313 0 1 1 35 80
4/4 314 0 1 0 0 80 313 0 1 0 0 80 23 0 1 1 5 80 22 0 1 1 5 80 23 0 1 0 1 80 22 0 1 0 1 80 23 0 1 1 15 80 22 0 1 1 15 80 12 0 1 1 25 80 13 0 1 1 25 80
4/4 12 0 1 0 0 80 13 1 15 0 0 80 53 1 5 0 0 80 12 3 1333 1 5 80 13 2 75 0 1 80 12 1 5 1 15 80 313 0 1 0 2 80 314 0 1 0 2 80 53 1 5 0 2 80 12 1 5 1 25 80 13 1 5 0 3 80 12 1 5 1 35 80
4/4 53 1 5 0 0 80 54 0 1 0 0 80 53 0 1 0 0 80 12 1 5 1 5 80 13 1 5 0 1 80 12 1 5 1 15 80 313 0 1 0 2 80 314 0 1 0 2 80 53 1 5 0 2 80 12 1 5 1 25 80 13 1 5 0 3 80 12 1 5 1 35 80
4/4 22 0 1 0 0 80 23 2 175 0 0 80 53 1 5 0 0 80 22 3 1333 1 5 80 713 1 5 0 1 80 22 1 5 1 15 80 313 0 1 0 2 80 314 0 1 0 2 80 53 1 5 0 2 80 22 1 5 1 25 80 713 1 5 0 3 80 22 1 5 1 35 80
4/4 22 0 1 0 0 80 23 2 175 0 0 80 53 1 5 0 0 80 22 3 1333 1 5 80 713 1 5 0 1 80 22 1 5 1 15 80 12 0 1 0 2 80 13 0 1 0 2 80 53 1 5 0 2 80 22 1 5 1 25 80 713 1 5 0 3 80 22 1 5 1 35 80
4/4 12 0 4 0 0 80 13 0 4 0 0 80 43 1 5 0 0 80 43 1 5 1 5 80 43 1 5 0 1 80 43 1 5 1 15 80 43 1 5 0 2 80 43 1 5 1 25 80 43 1 5 0 3 80 43 1 5 1 35 80
4/4 313 1 5 0 0 80 12 0 3 0 0 80 13 3 2667 0 0 80 313 1 5 1 5 80 313 1 5 0 1 80 313 1 5 1 15 80 22 1 5 0 2 80 22 1 5 1 25 80 53 0 1 0 3 80 22 1 5 0 3 80 22 1 5 1 35 80
4/4 13 0 1 0 0 80 313 0 1 0 0 80 12 0 1 0 0 80 713 0 1 0 1 80 13 0 1 0 2 80 53 0 1 0 3 80 12 0 1 0 3 80 612 0 1 0 3 80
4/4 53 0 1 0 0 80 12 0 1 0 0 80 612 0 1 0 0 80 43 0 1 0 1 80 313 0 1 0 2 80 43 0 1 0 3 80
4/4 53 0 1 0 0 80 22 0 1 0 0 80 52 0 1 0 0 80 12 0 1 0 1 80 12 0 1 0 2 80 43 0 1 0 3 80 12 0 1 0 3 80 52 0 1 0 3 80
4/4 43 0 1 0 0 80 12 0 1 0 0 80 52 0 1 0 0 80 313 0 1 0 1 80 12 2 175 0 2 80
4/4 12 0 1 0 0 80 43 0 1 0 0 80 613 0 1 0 0 80
4/4 22 0 1 0 0 80 53 0 1 0 0 80 713 0 1 0 0 80 22 0 1 0 2 80 53 0 1 0 2 80
4/4 12 0 1 0 0 80 313 0 1 0 0 80 13 0 3 0 0 80 53 0 1 0 3 80 13 0 1 0 3 80 23 1 5 1 35 80
4/4 314 0 1 0 0 80 53 0 1 0 0 80 23 1 5 0 1 80 44 0 1 1 15 80 613 0 1 1 15 80 43 0 1 1 15 80 314 0 1 1 25 80 313 0 1 1 35 80 53 0 1 1 35 80 13 0 1 1 35 80
4/4 313 0 1 0 0 80 53 0 1 0 0 80 13 0 1 0 0 80 12 0 1 0 3 80 313 0 1 0 3 80 53 0 1 0 3 80
4/4 53 0 1 0 0 80 13 0 1 0 0 80 44 0 1 0 0 80 314 1 5 0 1 80 23 0 1 1 15 80 53 0 1 1 15 80 53 0 1 1 25 80 13 0 1 1 25 80 22 0 1 1 35 80 53 0 1 1 35 80 23 0 1 1 35 80
4/4 22 0 1 0 0 80 53 0 1 0 0 80 23 0 1 0 0 80 22 0 1 0 3 80 53 0 1 0 3 80
4/4 314 0 1 0 0 80 53 0 1 0 0 80 23 1 5 0 1 80 13 0 1 1 15 80 53 0 1 1 15 80 53 0 1 1 25 80 713 0 1 1 25 80 12 0 1 1 35 80 43 0 1 1 35 80 13 0 1 1 35 80
4/4 12 0 1 0 0 80 43 0 1 0 0 80 13 0 1 0 0 80 314 0 1 1 15 80 54 0 1 1 15 80 315 0 1 1 15 80 614 0 1 0 3 80 14 0 1 0 3 80 615 0 1 0 3 80
4/4 614 0 1 0 0 80 14 0 1 0 0 80 615 0 1 0 0 80 15 0 1 1 5 80 315 0 1 1 5 80 14 0 1 1 5 80 15 0 1 0 1 80 315 0 1 0 1 80 14 0 1 0 1 80 53 0 1 0 2 80 13 0 1 0 2 80 713 0 1 0 3 80 23 0 1 0 3 80
4/4 53 0 1 0 0 80 13 0 1 0 0 80 314 2 125 0 0 80 43 0 1 1 15 80 613 0 1 1 15 80 23 0 1 1 15 80 43 0 1 0 2 80 613 0 1 0 2 80 23 2 125 0 2 80 43 0 1 1 35 80 613 0 1 1 35 80 23 0 1 1 35 80
4/4 44 3 1333 0 0 80 23 0 1 0 0 80 53 0 1 0 0 80 44 0 1 1 15 80 23 0 1 1 15 80 53 0 1 1 15 80 314 0 1 0 2 80 63 0 1 0 2 80 63 0 1 0 3 80 23 0 1 0 3 80 313 0 1 1 35 80 53 0 1 1 35 80 13 0 1 1 35 80
4/4 313 0 1 0 0 80 53 0 1 0 0 80 13 0 1 0 0 80 44 0 1 0 1 80 45 0 1 0 1 80 54 0 1 0 2 80 55 0 1 0 2 80 53 0 1 0 3 80 313 0 1 0 3 80 12 0 1 0 3 80
4/4 53 0 1 0 0 80 13 0 1 0 0 80 44 0 1 0 0 80 314 1 5 0 1 80 23 0 1 1 15 80 53 0 1 1 15 80 53 0 1 1 25 80 13 0 1 1 25 80 22 0 1 1 35 80 53 0 1 1 35 80 23 1 5 1 35 80
4/4 22 0 1 0 0 80 53 0 1 0 0 80 23 0 1 0 0 80 23 1 15 1 5 80 54 1 5 0 1 80 23 2 125 1 15 80 14 1 5 0 2 80 23 1 5 1 25 80 53 0 1 0 3 80 22 0 1 0 3 80 53 1 5 1 35 80
4/4 314 0 1 0 0 80 63 0 1 0 0 80 23 1 5 0 1 80 63 0 1 1 15 80 13 0 1 1 15 80 63 0 1 1 25 80 713 0 1 1 25 80 313 0 1 1 35 80 613 0 1 1 35 80
4/4 313 0 1 0 0 80 613 0 1 0 0 80 12 0 1 0 3 80 43 0 1 0 3 80
4/4 22 0 1 0 0 80 713 0 1 0 0 80 313 0 1 0 3 80 13 0 1 0 3 80
4/4 43 0 1 0 0 80 13 0 1 0 0 80 12 0 1 0 3 80 53 0 1 0 3 80
4/4 313 0 1 0 0 80 13 0 1 0 0 80 53 0 1 0 3 80 23 0 1 0 3 80 23 1 5 1 35 80
4/4 53 0 1 0 0 80 13 0 1 0 0 80 314 0 1 0 0 80
4/4 53 0 1 0 0 80 13 0 1 0 0 80 314 0 1 0 0 80
4/4 53 0 1 0 0 80 13 0 1 0 0 80 314 0 1 0 0 80 12 0 1 0 3 80 53 0 1 0 3 80
4/4 53 0 1 0 0 80 13 0 1 0 0 80 713 1 5 0 1 80 63 0 1 1 15 80 13 0 1 1 15 80 43 0 1 1 25 80 23 0 1 1 25 80 13 0 1 1 35 80 23 0 1 1 35 80
4/4 313 0 1 0 0 80 13 0 1 0 0 80 12 0 1 1 15 80 33 0 1 1 15 80 63 0 1 1 15 80 12 0 1 0 3 80 33 0 1 0 3 80 73 0 1 0 3 80
4/4 12 0 1 0 0 80 33 0 1 0 0 80 73 0 1 0 0 80 12 0 1 1 5 80 33 0 1 1 5 80 63 0 1 1 5 80 12 0 1 0 2 80 53 0 1 0 2 80 22 0 1 0 3 80 713 0 1 0 3 80
4/4 14 0 1 0 0 80 13 1 15 0 0 80 314 3 3667 0 0 80 24 0 1 1 15 80 23 2 125 1 15 80 315 0 1 0 3 80 314 0 1 0 3 80
4/4 315 0 1 0 0 80 314 0 1 0 0 80 45 0 1 1 5 80 44 0 1 1 5 80 55 0 1 0 2 80 54 0 1 0 2 80 615 0 1 0 3 80 614 0 1 0 3 80
4/4 714 1 5 0 1 80 614 1 5 1 15 80 714 1 5 0 2 80 614 1 5 1 25 80 714 1 5 0 3 80 614 1 5 1 35 80
4/4 714 1 5 0 0 80 614 1 5 1 5 80 714 1 5 0 1 80 614 1 5 1 15 80 714 1 5 0 2 80 14 1 5 1 25 80 14 0 1 0 3 80
4/4 14 1 5 0 1 80 714 1 5 1 15 80 14 1 5 0 2 80 714 1 5 1 25 80 14 1 5 0 3 80 714 1 5 1 35 80
4/4 14 1 5 0 0 80 714 1 5 1 5 80 14 1 5 0 1 80 714 1 5 1 15 80 14 1 5 0 2 80 714 1 5 1 25 80 14 1 5 0 3 80 45 1 5 1 35 80
4/4 315 0 1 0 0 80 614 0 1 0 0 80 314 0 1 0 0 80
4/4 714 0 1 0 0 80 54 0 1 0 0 80 713 0 1 0 0 80 614 1 5 1 35 80
4/4 613 0 1 0 0 80 44 0 1 0 0 80 614 0 1 0 0 80 315 0 1 0 2 80 54 0 1 0 2 80 55 1 5 1 35 80
4/4 55 0 1 0 0 80 14 0 1 0 0 80 54 0 1 0 0 80 615 1 5 1 15 80 615 2 25 0 2 80 55 2 25 2 225 80 45 2 25 1 25 80 14 2 25 2 275 80 614 2 25 0 3 80 54 2 25 2 325 80 44 2 25 1 35 80 13 2 25 2 375 80
4/4 54 0 1 0 1 80 713 0 1 0 1 80 54 0 1 1 15 80 713 0 1 1 15 80 54 0 1 0 2 80 713 0 1 0 2 80 54 0 1 1 25 80 713 0 1 1 25 80 54 0 1 0 3 80 713 0 1 0 3 80 54 0 1 1 35 80 713 0 1 1 35 80
4/4 54 0 1 0 0 80 13 0 1 0 0 80 614 1 5 1 5 80 614 0 1 0 1 80 13 0 1 0 1 80 614 0 1 1 15 80 13 0 1 1 15 80 614 0 1 0 2 80 13 0 1 0 2 80 614 0 1 1 25 80 13 0 1 1 25 80 614 0 1 0 3 80 13 0 1 0 3 80
4/4 714 0 1 0 1 80 23 0 1 0 1 80 14 0 1 0 2 80 54 0 1 0 3 80 23 0 1 0 3 80 54 1 5 1 35 80
4/4 315 0 1 0 0 80 614 0 1 0 0 80 24 1 5 1 5 80 14 1 5 0 1 80 24 0 1 1 15 80 614 0 1 1 15 80 14 1 5 1 25 80 24 1 5 0 3 80 14 1 5 1 35 80
4/4 24 0 1 0 0 80 54 0 1 0 0 80 314 0 1 0 0 80
4/4 315 0 1 0 0 80 14 0 1 0 0 80 614 0 1 0 0 80 14 0 1 0 2 80 44 0 1 0 2 80 24 0 1 0 3 80
4/4 14 0 4 0 0 80 54 0 1 0 0 80 23 0 1 0 0 80
4/4 14 3 2667 0 0 80 54 0 1 0 0 80 23 0 1 0 0 80 14 0 1 0 3 80
4/4 24 0 1 0 0 80 714 0 1 0 0 80 54 0 1 0 0 80 23 0 1 0 0 80
4/4 315 0 1 0 0 80 314 0 1 0 0 80 45 0 1 0 2 80 44 0 1 0 2 80
2/4 46 0 1 0 0 80 36 0 1 0 0 80 25 0 1 0 0 80 15 0 1 3 333 80 75 0 1 3 333 80 65 0 1 3 333 80 55 0 1 3 667 80 45 0 1 3 667 80 35 0 1 3 667 80 24 0 1 0 1 80 14 0 1 0 1 80 74 0 1 0 1 80 64 0 1 2 125 80 54 0 1 2 125 80 44 1 5 1 15 80
4/4 314 0 1 0 0 80 313 0 1 0 0 80 614 0 1 0 1 80 613 0 1 0 1 80 714 0 1 0 2 80 314 0 1 0 2 80 713 0 1 0 2 80 14 0 1 0 3 80 314 0 1 0 3 80 13 0 1 0 3 80
4/4 24 3 1333 0 0 80 54 0 1 0 0 80 23 0 1 0 0 80 55 3 1333 1 15 80 24 0 1 1 15 80 614 0 1 1 15 80 54 0 1 1 15 80 45 0 1 0 3 80 14 0 1 0 3 80 54 0 1 0 3 80
4/4 315 0 1 0 0 80 614 0 1 0 0 80 314 0 1 0 0 80 54 0 1 1 15 80 13 0 1 1 15 80 613 1 5 1 25 80 13 1 5 0 3 80 23 1 5 1 35 80
4/4 314 0 1 0 0 80 613 0 1 0 0 80 13 0 1 1 5 80 53 1 5 1 15 80 613 0 1 0 2 80 53 0 1 0 3 80 43 2 25 2 375 80
4/4 53 1 5 0 0 80 613 0 2 1 5 80 14 0 1 1 25 80 54 0 1 1 25 80 23 0 1 1 25 80 14 0 1 1 35 80 54 0 1 1 35 80 23 0 1 1 35 80
4/4 14 0 1 0 0 80 54 0 1 0 0 80 23 0 1 0 0 80 14 2 25 1 5 80 714 2 25 2 75 80 54 2 25 0 1 80 23 2 25 2 125 80 13 1 5 1 15 80 714 2 75 0 2 80 14 2 75 2 275 80 24 1 5 1 35 80
4/4 315 0 1 0 0 110 314 0 1 0 0 110 614 0 4 0 0 110 314 0 1 2 75 80 315 0 1 2 75 80 314 0 1 3 1333 80 315 0 1 3 1333 80 314 0 1 2 175 80 315 0 1 2 175 80 314 0 1 2 225 80 315 0 1 2 225 80 314 0 1 3 2667 80 315 0 1 3 2667 80 314 0 1 0 3 80 315 0 1 0 3 80
4/4 24 0 1 0 0 80 614 0 1 0 0 80 23 0 1 0 0 80 24 0 1 1 5 80 614 0 1 1 5 80 23 0 1 1 5 80 315 0 1 0 2 80 614 0 1 0 2 80 314 0 1 0 2 80 315 0 1 1 25 80 614 0 1 1 25 80 314 0 1 1 25 80
4/4 54 1 5 0 0 80 53 1 5 1 5 80 13 1 5 0 1 80 23 0 1 1 15 80 13 1 5 1 25 80 54 1 5 0 3 80 53 1 5 1 35 80
4/4 13 1 5 0 0 80 23 0 1 1 5 80 54 1 5 1 15 80 614 1 5 0 2 80 714 1 5 1 25 80 14 1 5 0 3 80 24 1 5 1 35 80
4/4 55 0 1 0 0 80 14 1 5 0 1 80 24 0 1 1 15 80 14 1 5 1 25 80 45 0 1 0 3 80
4/4 14 1 5 0 0 80 24 0 1 1 5 80 14 1 5 1 15 80 24 1 5 0 2 80 54 1 5 1 25 80 14 0 1 0 3 80
4/4 54 1 5 0 0 80 314 0 1 0 0 80 54 0 1 0 0 80 14 3 1333 0 0 80 53 1 5 1 5 80 13 1 5 0 1 80 23 0 1 1 15 80 314 0 1 1 15 80 54 0 1 1 15 80 14 3 1333 1 15 80 13 1 5 1 25 80 54 1 5 0 3 80 314 0 1 0 3 80 54 0 1 0 3 80 14 0 1 0 3 80 53 1 5 1 35 80
4/4 13 1 5 0 0 80 13 0 1 0 0 80 44 0 1 0 0 80 14 3 1333 0 0 80 23 0 1 1 5 80 53 1 5 1 15 80 13 0 1 1 15 80 44 0 1 1 15 80 14 3 1333 1 15 80 13 1 5 0 2 80 23 1 5 1 25 80 54 1 5 0 3 80 13 0 1 0 3 80 44 0 1 0 3 80 14 0 1 0 3 80 53 1 5 1 35 80
4/4 54 1 5 0 0 80 23 0 1 0 0 80 54 0 1 0 0 80 14 3 1333 0 0 80 53 1 5 1 5 80 13 1 5 0 1 80 23 0 1 1 15 80 23 0 1 1 15 80 54 0 1 1 15 80 14 3 1333 1 15 80 13 1 5 1 25 80 54 1 5 0 3 80 23 0 1 0 3 80 54 0 1 0 3 80 14 0 1 0 3 80 53 1 5 1 35 80
4/4 314 0 1 0 0 80 614 0 1 0 0 80 14 0 1 0 0 80 13 1 5 0 0 80 23 1 5 1 5 80 53 1 5 0 1 80 13 1 5 1 15 80 23 1 5 0 2 80 53 1 5 1 25 80 13 1 5 0 3 80 23 1 5 1 35 80
4/4 714 0 1 0 0 80 54 0 1 0 0 80 23 0 1 0 0 80 714 0 1 1 5 80 54 0 1 1 5 80 23 0 1 1 5 80 714 0 1 0 1 80 54 0 1 0 1 80 23 0 1 0 1 80 714 0 1 1 15 80 54 0 1 1 15 80 23 0 1 1 15 80 714 0 1 0 2 80 54 0 1 0 2 80 23 0 1 0 2 80 714 0 1 1 25 80 54 0 1 1 25 80 23 0 1 1 25 80 714 0 1 0 3 80 54 0 1 0 3 80 23 0 1 0 3 80 714 0 1 1 35 80 54 0 1 1 35 80 23 0 1 1 35 80
4/4 14 0 1 0 0 80 54 0 1 0 0 80 23 0 1 0 0 80 14 0 1 1 5 80 54 0 1 1 5 80 23 0 1 1 5 80 14 0 1 0 1 80 54 0 1 0 1 80 23 0 1 0 1 80 14 0 1 1 15 80 54 0 1 1 15 80 23 0 1 1 15 80 24 0 1 0 2 80 54 0 1 0 2 80 23 0 1 0 2 80 24 0 1 1 25 80 54 0 1 1 25 80 23 0 1 1 25 80 24 0 1 0 3 80 54 0 1 0 3 80 23 0 1 0 3 80 24 0 1 1 35 80 54 0 1 1 35 80 23 0 1 1 35 80
4/4 13 3 2667 0 0 80 54 1 5 0 3 80 54 1 5 1 35 80
4/4 54 2 275 0 0 80 13 0 1 0 3 80
4/4 23 1 25 0 0 80 314 1 5 1 25 80 23 1 5 0 3 80 13 1 5 1 35 80
4/4 13 1 35 0 0 80
4/4 13 3 2667 0 0 80 54 1 5 0 3 80 54 1 5 1 35 80
4/4 54 2 275 0 0 80 13 0 1 0 3 80
4/4 23 1 25 0 0 80 314 1 5 1 25 80 23 1 5 0 3 80 13 1 5 1 35 80
4/4 13 1 35 0 0 80
4/4 54 3 2667 0 0 80 13 2 175 0 0 80 714 1 5 0 3 80 14 1 5 1 35 80 54 1 5 1 35 80
4/4 14 2 275 0 0 80 54 3 1833 0 0 80 54 0 1 0 3 80 314 0 1 0 3 80
4/4 24 0 1 0 0 80 54 0 1 0 0 80 315 1 5 1 25 80 45 1 5 0 3 80 315 0 1 1 35 80 14 0 1 1 35 80
4/4 315 0 1 0 0 80 14 0 1 0 0 80
4/4 53 2 175 0 0 80 13 3 2667 0 0 80 54 1 5 0 3 80 54 1 5 1 35 80 13 1 5 1 35 80
4/4 54 2 275 0 0 80 13 3 1833 0 0 80 13 0 1 0 3 80
4/4 53 0 1 0 0 80 23 0 1 0 0 80 314 1 5 1 25 80 23 1 5 0 3 80 53 0 1 1 35 80 13 0 1 1 35 80
4/4 53 0 1 0 0 80 13 0 1 0 0 80 52 0 1 0 2 110 12 0 1 0 2 110 52 0 1 1 25 110 12 0 1 1 25 110
4/4 14 0 3 0 0 80 314 2 175 0 0 80 53 0 1 0 3 80
4/4 613 0 1 0 0 80 13 0 1 0 0 80 44 0 1 0 0 80 314 1 5 0 1 80 23 0 1 1 15 80 613 0 1 1 15 80 613 0 1 1 25 80 13 0 1 1 25 80 22 0 1 1 35 80 53 0 1 1 35 80 23 0 1 1 35 80
4/4 22 0 1 0 0 80 53 0 1 0 0 80 23 0 1 0 0 80 22 0 1 0 3 80 53 0 1 0 3 80
4/4 314 0 1 0 0 80 53 0 1 0 0 80 23 1 5 0 1 80 13 0 1 1 15 80 53 0 1 1 15 80 53 0 1 1 25 80 713 0 1 1 25 80 43 0 1 1 35 80 613 0 1 1 35 80
4/4 43 0 1 0 0 80 613 0 1 0 0 80
4/4 22 0 1 0 0 80 53 0 1 0 0 80 713 3 2667 0 0 80 13 1 5 0 3 80 313 0 1 1 35 80 613 0 1 1 35 80 13 0 1 1 35 80
4/4 313 0 1 0 0 80 613 0 1 0 0 80 13 0 1 0 0 80 313 0 1 0 3 80 53 0 1 0 3 80
4/4 314 3 2667 0 0 80 53 2 175 0 0 80 44 0 1 0 3 80
4/4 53 0 1 0 0 80 13 0 1 0 0 80 314 0 1 0 0 80 12 0 1 0 3 80 313 0 1 0 3 80 53 0 1 0 3 80
4/4 53 0 1 0 0 80 13 0 1 0 0 80 44 0 1 0 0 80 314 1 5 0 1 80 23 0 1 1 15 80 53 0 1 1 15 80 53 0 1 1 25 80 13 0 1 1 25 80 22 0 1 1 35 80 53 0 1 1 35 80 23 0 1 1 35 80
4/4 22 0 1 0 0 80 53 0 1 0 0 80 23 0 1 0 0 80 22 0 1 0 3 80 53 0 1 0 3 80
4/4 314 0 1 0 0 80 53 0 1 0 0 80 23 1 5 0 1 80 13 0 1 1 15 80 53 0 1 1 15 80 53 0 1 1 25 80 713 0 1 1 25 80 12 0 1 1 35 80 43 0 1 1 35 80 13 0 1 1 35 80
4/4 12 0 1 0 0 80 43 0 1 0 0 80 13 0 1 0 0 80
4/4 53 0 1 0 2 80 13 0 1 0 2 80 713 0 1 0 3 80 23 0 1 0 3 80
4/4 53 0 1 0 0 80 13 0 1 0 0 80 314 2 125 0 0 80 43 0 1 1 15 80 613 0 1 1 15 80 23 0 1 1 15 80 43 0 1 0 2 80 613 0 1 0 2 80 23 2 125 0 2 80 43 0 1 1 35 80 613 0 1 1 35 80 23 0 1 1 35 80
4/4 44 0 1 0 0 80 23 0 1 0 0 80 53 0 1 0 0 80 44 0 1 0 1 80 23 0 1 0 1 80 53 0 1 0 1 80 44 1 5 1 15 80 314 0 1 0 2 80 63 0 1 0 2 80 63 0 1 0 3 80 23 0 1 0 3 80 313 0 1 1 35 80 53 0 1 1 35 80 13 0 1 1 35 80
4/4 313 0 1 0 0 80 53 0 1 0 0 80 13 0 1 0 0 80 313 0 1 0 3 80 53 0 1 0 3 80
4/4 53 0 1 0 0 80 13 0 1 0 0 80 44 0 1 0 0 80 314 1 5 0 1 80 23 0 1 1 15 80 53 0 1 1 15 80 13 0 1 1 25 80 53 0 1 1 35 80 713 0 1 1 35 80 23 0 1 1 35 80
4/4 53 0 1 0 0 80 713 0 1 0 0 80 23 0 1 0 0 80 53 0 1 0 3 80
4/4 314 0 1 0 0 80 53 0 1 0 0 80 23 1 5 0 1 80 13 0 1 1 15 80 53 0 1 1 15 80 713 0 1 1 25 80 613 0 1 1 35 80 13 0 1 1 35 80
4/4 613 0 1 0 0 80 13 0 1 0 0 80 53 0 1 0 3 80
4/4 314 0 1 0 0 80 13 0 1 0 0 80 23 1 5 0 1 80 314 0 1 1 15 80 13 0 1 1 15 80 44 0 1 1 25 80 314 1 5 1 35 80 53 1 5 1 35 80
4/4 314 2 275 0 0 80 53 3 1833 0 0 80 53 0 1 0 3 80
4/4 314 0 1 0 0 80 53 0 1 0 0 80 23 1 5 0 1 80 314 0 1 1 15 80 53 0 1 1 15 80 44 0 1 1 25 80 314 0 1 1 35 80 53 0 1 1 35 80
4/4 314 0 1 0 0 80 53 0 1 0 0 80 53 0 1 0 3 80
4/4 314 0 1 0 0 80 53 0 1 0 0 80 23 1 5 0 1 80 13 0 1 1 15 80 43 0 1 1 15 80 713 0 1 1 25 80 313 0 1 1 35 80 13 0 1 1 35 80
4/4 313 0 1 0 0 80 13 0 1 0 0 80 53 0 1 0 3 80
4/4 314 0 1 0 0 80 53 0 1 0 0 80 23 1 5 0 1 80 314 0 1 1 15 80 53 0 1 1 15 80 44 0 1 1 25 80 314 0 1 1 35 80 53 0 1 1 35 80
4/4 314 0 1 0 0 80 53 0 1 0 0 80 53 0 1 0 3 80
4/4 43 0 1 0 0 80 13 0 1 0 0 80 713 1 5 0 1 80 43 0 1 1 15 80 13 0 1 1 15 80 43 0 1 1 25 80 23 0 1 1 25 80 23 1 5 1 35 80
4/4 53 0 1 0 0 80 713 0 1 0 0 80 314 0 1 0 0 80 53 0 1 0 2 80 713 0 1 0 2 80 23 0 1 0 2 80
4/4 53 0 1 0 0 80 713 0 1 0 0 80 44 0 1 0 0 80 53 0 1 0 2 80 713 0 1 0 2 80 314 0 1 0 2 80
4/4 12 0 1 0 3 80 313 0 1 0 3 80 53 0 1 0 3 80
4/4 53 0 1 0 0 80 13 0 1 0 0 80 44 0 1 0 0 80 314 1 5 0 1 80 23 0 1 1 15 80 53 0 1 1 15 80 53 0 1 1 25 80 13 0 1 1 25 80 22 0 1 1 35 80 53 0 1 1 35 80 23 1 5 1 35 80
4/4 22 0 1 0 0 80 53 0 1 0 0 80 23 0 1 0 0 80 23 1 15 1 5 80 54 1 5 0 1 80 23 2 125 1 15 80 14 1 5 0 2 80 23 1 5 1 25 80 53 0 1 0 3 80 22 0 1 0 3 80 53 1 5 1 35 80
4/4 314 0 1 0 0 80 63 0 1 0 0 80 23 1 5 0 1 80 63 0 1 1 15 80 13 0 1 1 15 80 63 0 1 1 25 80 713 0 1 1 25 80 313 0 1 1 35 80 613 0 1 1 35 80
4/4 313 0 1 0 0 80 613 0 1 0 0 80
4/4 22 0 1 0 0 80 713 0 1 0 0 80 13 1 5 0 3 80 43 0 1 1 35 80 13 0 1 1 35 80
4/4 43 0 1 0 0 80 13 0 1 0 0 80 12 0 1 0 3 80 53 0 1 0 3 80
4/4 313 0 1 0 0 80 13 0 1 0 0 80 23 1 5 0 3 80 314 0 1 1 35 80 13 0 1 1 35 80 53 0 1 1 35 80
4/4 314 0 1 0 0 80 13 0 1 0 0 80 53 0 1 0 0 80
4/4 314 0 1 0 0 80 13 0 1 0 0 80 53 0 1 0 0 80
4/4 314 0 1 0 0 80 13 0 1 0 0 80 53 0 1 0 0 80 12 0 1 0 3 80 53 0 1 0 3 80
4/4 314 0 1 0 0 80 53 0 1 0 0 80 44 1 5 0 1 80 53 0 1 1 15 80 314 0 1 1 15 80 23 0 1 1 25 80 53 0 1 1 25 80 13 0 1 1 35 80 53 0 1 1 35 80 313 0 1 1 35 80 12 0 1 1 35 80
4/4 13 0 1 0 0 80 53 0 1 0 0 80 313 0 1 0 0 80 12 0 1 0 0 80
4/4 53 0 1 0 0 80 13 0 1 0 0 80 44 0 1 0 0 80 53 0 1 1 15 80 13 0 1 1 15 80 314 2 125 1 15 80 43 0 1 0 3 80 23 0 1 0 3 80
4/4 313 0 1 0 0 80 53 0 1 0 0 80 13 0 1 0 0 80 314 0 1 0 0 80
4/4 54 0 1 0 0 80 14 0 1 0 0 80 45 0 1 0 0 80 54 0 1 1 15 80 14 0 1 1 15 80 315 0 1 1 15 80 25 0 1 0 3 80 55 0 1 0 3 80
4/4 316 0 1 0 0 80 15 0 1 0 0 80 55 0 1 0 0 80 315 0 1 0 0 80
4/4 64 0 1 0 0 80 14 0 1 0 0 80 45 0 1 0 0 80 64 0 1 1 15 80 14 0 1 1 15 80 315 0 1 1 15 80 64 0 1 0 3 80 24 0 1 0 3 80
4/4 612 1 5 0 1 80 612 1 5 1 15 80 612 1 5 0 2 80 612 1 5 1 25 80 612 1 5 0 3 80 612 1 5 1 35 80
4/4 713 0 1 0 0 80 22 0 1 0 0 80 712 0 1 0 0 80 713 0 1 1 5 80 22 0 1 1 5 80 712 0 1 1 5 80 713 0 1 0 1 80 22 0 1 0 1 80 712 0 1 0 1 80 713 0 1 1 15 80 22 0 1 1 15 80 712 0 1 1 15 80 713 0 1 0 2 80 22 0 1 0 2 80 712 0 1 0 2 80 713 0 1 1 25 80 22 0 1 1 25 80 712 0 1 1 25 80 713 0 1 0 3 80 22 0 1 0 3 80 712 0 1 0 3 80 713 0 1 1 35 80 22 0 1 1 35 80 712 0 1 1 35 80
2/4
4/4 12 0 1 0 0 110 313 0 1 0 0 110 53 0 1 0 0 110 13 0 1 0 0 110
4/4 12 0 1 0 0 110 313 0 1 0 0 110 53 0 1 0 0 110 13 0 1 0 0 110
4/4 12 0 1 0 0 110 313 0 1 0 0 110 53 0 1 0 0 110 13 0 1 0 0 110
4/4 12 0 1 0 0 110 313 0 1 0 0 110 53 0 1 0 0 110 13 0 1 0 0 110
4/4 12 0 1 0 0 110 313 0 1 0 0 110 53 0 1 0 0 110 13 0 1 0 0 110 16 0 1 0 2 80 76 0 1 0 2 80 66 0 1 0 2 80 56 0 1 3 2333 80 46 0 1 3 2333 80 36 0 1 3 2333 80 25 0 1 3 2667 80 15 0 1 3 2667 80 75 0 1 3 2667 80 65 0 1 0 3 80 55 0 1 0 3 80 45 0 1 0 3 80 35 0 1 2 325 80 24 0 1 2 325 80 13 2 25 1 35 110
4/4 618 3 3667 0 0 80
4/4 55 1 5 0 0 80 14 1 5 1 5 80 15 1 5 0 1 80 14 1 5 1 15 80 25 1 5 0 2 80 14 1 5 1 25 80 55 1 5 0 3 80 14 1 5 1 35 80
4/4 15 1 5 0 0 80 14 1 5 1 5 80 25 1 5 0 1 80 14 1 5 1 15 80 55 1 5 0 2 80 14 1 5 1 25 80 15 1 5 0 3 80 14 1 5 1 35 80
4/4 55 1 5 0 0 80 14 1 5 1 5 80 15 1 5 0 1 80 14 1 5 1 15 80 25 1 5 0 2 80 14 1 5 1 25 80 55 1 5 0 3 80 14 1 5 1 35 80
4/4 15 1 5 0 0 80 14 1 5 1 5 80 25 1 5 0 1 80 14 1 5 1 15 80 55 1 5 0 2 80 14 1 5 1 25 80 15 1 5 0 3 80 14 1 5 1 35 80
4/4 55 1 5 0 0 80 14 1 5 1 5 80 15 1 5 0 1 80 14 1 5 1 15 80 25 1 5 0 2 80 14 1 5 1 25 80 55 1 5 0 3 80 14 1 5 1 35 80
4/4 15 1 5 0 0 80 14 1 5 1 5 80 25 1 5 0 1 80 14 1 5 1 15 80 55 1 5 0 2 80 14 1 5 1 25 80 15 1 5 0 3 80 14 1 5 1 35 80
4/4 51 0 1 0 0 80 21 0 1 0 0 80 52 0 1 0 0 80 51 0 1 1 5 80 21 0 1 1 5 80 52 0 1 1 5 80 51 0 1 0 1 80 21 0 1 0 1 80 52 0 1 0 1 80 51 0 1 1 15 80 21 0 1 1 15 80 52 0 1 1 15 80 51 0 1 0 2 80 21 0 1 0 2 80 52 0 1 0 2 80 51 0 1 1 25 80 21 0 1 1 25 80 52 0 1 1 25 80 51 0 1 0 3 80 21 0 1 0 3 80 52 0 1 0 3 80 51 0 1 1 35 80 21 0 1 1 35 80 52 0 1 1 35 80
4/4 51 0 1 0 0 80 21 0 1 0 0 80 52 0 1 0 0 80 51 0 1 1 5 80 21 0 1 1 5 80 52 0 1 1 5 80 51 0 1 0 1 80 21 0 1 0 1 80 52 0 1 0 1 80 51 0 1 1 15 80 21 0 1 1 15 80 52 0 1 1 15 80 51 0 1 0 2 80 21 0 1 0 2 80 52 0 1 0 2 80 51 0 1 1 25 80 21 0 1 1 25 80 52 0 1 1 25 80 51 0 1 0 3 80 21 0 1 0 3 80 52 0 1 0 3 80 51 0 1 1 35 80 21 0 1 1 35 80 52 0 1 1 35 80
4/4 41 0 1 0 0 80 41 0 1 0 0 80 11 1 5 1 5 80 41 1 5 0 1 80 11 1 5 1 15 80 41 0 1 0 2 80 42 0 1 0 2 80 11 1 5 1 25 80 41 0 1 0 3 80 42 0 1 0 3 80 11 1 5 1 35 80
4/4 52 0 1 0 0 80 51 0 1 0 0 80 21 1 5 1 5 80 52 0 1 0 1 80 51 0 1 0 1 80 21 1 5 1 15 80 52 0 1 0 2 80 51 0 1 0 2 80 21 1 5 1 25 80 711 0 1 0 3 80 711 0 1 0 3 80 51 0 1 1 35 80 51 0 1 1 35 80
4/4 611 0 1 0 0 80 611 0 1 0 0 80 311 1 5 1 5 80 611 1 5 0 1 80 312 1 5 1 15 80 612 0 1 0 2 80 611 0 1 0 2 80 312 1 5 1 25 80 612 0 1 0 3 80 611 0 1 0 3 80 312 1 5 1 35 80
4/4 311 0 1 0 0 80 312 0 1 0 0 80 11 1 5 1 5 80 312 1 5 0 1 80 52 1 5 1 15 80 313 0 1 0 2 80 312 0 1 0 2 80 12 1 5 1 25 80 52 1 5 0 3 80 312 1 5 1 35 80
4/4 41 0 1 0 0 80 41 0 1 0 0 80 11 1 5 1 5 80 41 1 5 0 1 80 11 1 5 1 15 80 41 0 1 0 2 80 42 0 1 0 2 80 11 1 5 1 25 80 41 0 1 0 3 80 42 0 1 0 3 80 11 1 5 1 35 80
4/4 52 0 1 0 0 80 51 0 1 0 0 80 21 1 5 1 5 80 52 0 1 0 1 80 51 0 1 0 1 80 21 1 5 1 15 80 62 0 1 0 2 80 61 0 1 0 2 80 61 0 1 0 3 80 61 0 1 0 3 80
4/4 611 0 1 0 0 80 312 0 1 0 0 80 612 0 1 0 0 80 21 0 1 1 15 80 611 0 1 1 15 80 21 0 1 1 15 80 51 0 1 1 35 80 21 0 1 1 35 80 52 0 1 1 35 80
4/4 51 0 1 0 0 80 21 0 1 0 0 80 52 0 1 0 0 80 41 0 1 1 15 80 11 0 1 1 15 80 42 0 1 1 15 80 41 0 1 1 25 80 11 0 1 1 25 80 42 0 1 1 25 80
4/4 11 1 5 0 0 80 11 1 5 1 5 80 11 1 5 0 1 80 11 1 5 1 15 80 11 1 5 0 2 80 11 1 5 1 25 80 11 1 5 0 3 80 11 1 5 1 35 80
4/4 11 1 5 0 0 80 11 1 5 1 5 80 11 1 5 0 1 80 11 1 5 1 15 80 11 1 5 0 2 80 11 1 5 1 25 80 11 1 5 0 3 80 11 1 5 1 35 80
4/4 11 1 5 0 0 80 11 1 5 1 5 80 11 1 5 0 1 80 11 1 5 1 15 80 11 1 5 0 2 80 11 1 5 1 25 80 11 1 5 0 3 80 11 1 5 1 35 80
4/4 11 1 5 0 0 80 11 1 5 1 5 80 11 1 5 0 1 80 11 1 5 1 15 80 12 0 1 0 2 80 52 0 1 0 2 80 11 0 1 0 2 80 12 0 1 1 25 80 52 0 1 1 25 80 11 0 1 1 25 80 12 0 1 0 3 80 52 0 1 0 3 80 11 0 1 0 3 80 12 0 1 1 35 80 52 0 1 1 35 80 11 0 1 1 35 80
4/4 12 1 5 0 0 80 12 2 175 0 0 80 53 1 5 1 5 80 13 1 5 0 1 80 53 1 5 1 15 80 12 1 5 0 2 80 12 2 175 0 2 80 53 1 5 1 25 80 13 1 5 0 3 80 53 1 5 1 35 80
4/4 52 1 5 0 0 80 52 2 175 0 0 80 22 1 5 1 5 80 53 1 5 0 1 80 22 1 5 1 15 80 52 1 5 0 2 80 52 2 175 0 2 80 22 1 5 1 25 80 53 1 5 0 3 80 22 1 5 1 35 80
4/4 42 1 5 0 0 80 42 2 175 0 0 80 12 1 5 1 5 80 43 1 5 0 1 80 12 1 5 1 15 80 42 1 5 0 2 80 42 2 175 0 2 80 12 1 5 1 25 80 43 1 5 0 3 80 12 1 5 1 35 80
4/4 12 1 5 0 0 80 12 2 175 0 0 80 53 1 5 1 5 80 13 1 5 0 1 80 53 1 5 1 15 80 712 1 5 0 2 80 712 2 175 0 2 80 53 1 5 1 25 80 713 1 5 0 3 80 53 1 5 1 35 80
4/4 612 1 5 0 0 80 313 1 5 1 5 80 13 1 5 0 1 80 313 1 5 1 15 80 613 1 5 0 2 80 313 1 5 1 25 80 13 1 5 0 3 80 313 1 5 1 35 80
4/4 22 1 5 0 0 80 613 1 5 1 5 80 524 1 5 0 1 80 613 1 5 1 15 80 23 1 5 0 2 80 613 1 5 1 25 80 524 1 5 0 3 80 613 1 5 1 35 80
4/4 42 1 5 0 0 80 12 1 5 1 5 80 613 1 5 0 1 80 12 1 5 1 15 80 43 1 5 0 2 80 12 1 5 1 25 80 613 1 5 0 3 80 12 1 5 1 35 80
4/4 52 1 5 0 0 80 22 1 5 1 5 80 713 1 5 0 1 80 22 1 5 1 15 80 53 1 5 0 2 80 22 1 5 1 25 80 713 1 5 0 3 80 22 1 5 1 35 80
4/4 11 0 1 0 0 80 11 0 1 0 0 80 11 0 1 1 5 80 11 0 1 1 5 80 11 0 1 0 1 80 11 0 1 0 1 80 11 0 1 1 15 80 11 0 1 1 15 80 11 0 1 0 2 80 11 0 1 0 2 80 11 0 1 1 25 80 11 0 1 1 25 80 11 0 1 0 3 80 11 0 1 0 3 80 11 0 1 1 35 80 11 0 1 1 35 80
4/4 52 0 1 0 0 80 51 0 1 0 0 80 52 0 1 1 5 80 51 0 1 1 5 80 52 0 1 0 1 80 51 0 1 0 1 80 52 0 1 1 15 80 51 0 1 1 15 80 62 0 1 0 2 80 61 0 1 0 2 80 62 0 1 1 25 80 61 0 1 1 25 80 62 0 1 0 3 80 61 0 1 0 3 80 62 0 1 1 35 80 61 0 1 1 35 80
4/4 611 0 1 0 0 80 612 0 1 0 0 80 611 0 1 1 5 80 612 0 1 1 5 80 611 0 1 0 1 80 612 0 1 0 1 80 611 0 1 1 15 80 612 0 1 1 15 80 52 0 1 0 2 80 51 0 1 0 2 80 52 0 1 1 25 80 51 0 1 1 25 80 52 0 1 0 3 80 51 0 1 0 3 80 52 0 1 1 35 80 51 0 1 1 35 80
4/4 521 0 1 0 0 80 522 0 1 0 0 80 521 0 1 1 5 80 522 0 1 1 5 80 521 0 1 0 1 80 522 0 1 0 1 80 521 0 1 1 15 80 522 0 1 1 15 80 521 0 1 0 2 80 522 0 1 0 2 80 521 0 1 1 25 80 522 0 1 1 25 80 521 0 1 0 3 80 522 0 1 0 3 80 521 0 1 1 35 80 522 0 1 1 35 80
4/4 41 1 5 0 0 80 42 1 5 1 5 80 41 1 5 0 1 80 42 1 5 1 15 80 41 1 5 0 2 80 42 1 5 1 25 80 41 1 5 0 3 80 42 1 5 1 35 80
4/4 311 1 5 0 0 80 312 1 5 1 5 80 311 1 5 0 1 80 312 1 5 1 15 80 311 1 5 0 2 80 312 1 5 1 25 80 311 1 5 0 3 80 312 1 5 1 35 80
4/4 41 1 5 0 0 80 42 1 5 1 5 80 41 1 5 0 1 80 42 1 5 1 15 80 41 1 5 0 2 80 42 1 5 1 25 80 41 1 5 0 3 80 42 1 5 1 35 80
4/4 51 1 5 0 0 80 52 1 5 1 5 80 51 1 5 0 1 80 52 1 5 1 15 80 51 1 5 0 2 80 52 1 5 1 25 80 51 1 5 0 3 80 52 1 5 1 35 80
4/4 11 0 1 0 0 80 11 0 1 0 0 80 11 0 1 1 5 80 11 0 1 1 5 80 11 0 1 0 1 80 11 0 1 0 1 80 11 0 1 1 15 80 11 0 1 1 15 80 11 0 1 0 2 80 11 0 1 0 2 80 11 0 1 1 25 80 11 0 1 1 25 80 11 0 1 0 3 80 11 0 1 0 3 80 11 0 1 1 35 80 11 0 1 1 35 80
4/4 711 0 1 0 0 80 711 0 1 0 0 80 711 0 1 1 5 80 711 0 1 1 5 80 711 0 1 0 1 80 711 0 1 0 1 80 711 0 1 1 15 80 711 0 1 1 15 80 711 0 1 0 2 80 711 0 1 0 2 80 711 0 1 1 25 80 711 0 1 1 25 80 711 0 1 0 3 80 711 0 1 0 3 80 711 0 1 1 35 80 711 0 1 1 35 80
4/4 611 0 1 0 0 80 611 0 1 0 0 80 611 1 5 0 1 80 312 1 5 1 15 80 612 1 5 0 2 80 611 1 5 1 25 80 41 0 1 0 3 80 41 0 1 0 3 80
4/4 41 1 5 0 0 80 41 1 5 1 5 80 41 1 5 0 1 80 11 1 5 1 15 80 42 1 5 0 2 80 11 1 5 1 25 80 42 1 5 0 3 80 41 1 5 1 35 80
4/4 51 0 1 0 0 80 51 0 1 0 0 80 51 1 5 0 1 80 21 1 5 1 15 80 52 1 5 0 2 80 51 1 5 1 25 80 11 0 1 0 3 80 11 0 1 0 3 80
4/4 11 1 5 0 0 80 11 1 5 1 5 80 52 1 5 0 1 80 12 1 5 1 15 80 52 0 1 0 2 80 711 0 1 0 2 80 53 0 1 0 3 80 712 0 1 0 3 80
4/4 41 1 5 0 0 80 42 1 5 1 5 80 41 1 5 0 1 80 42 1 5 1 15 80 41 1 5 0 2 80 42 1 5 1 25 80 41 1 5 0 3 80 42 1 5 1 35 80
4/4 51 1 5 0 0 80 52 1 5 1 5 80 51 1 5 0 1 80 52 1 5 1 15 80 51 1 5 0 2 80 52 1 5 1 25 80 51 1 5 0 3 80 52 1 5 1 35 80
4/4 611 0 1 0 0 80 611 0 1 0 0 80 611 1 5 0 1 80 611 0 1 1 15 80 312 0 1 1 15 80 612 0 1 1 15 80 611 1 5 1 25 80 611 1 5 0 3 80 312 0 1 1 35 80 612 0 1 1 35 80
4/4 51 0 1 0 0 80 21 0 1 0 0 80 52 0 1 0 0 80
4/4 11 1 5 0 0 80 11 1 5 1 5 80 52 1 5 0 1 80 12 1 5 1 15 80 11 1 5 0 2 80 12 1 5 1 25 80 52 1 5 0 3 80 11 1 5 1 35 80
4/4 11 1 5 0 0 80 11 1 5 1 5 80 52 1 5 0 1 80 12 1 5 1 15 80 11 1 5 0 2 80 12 1 5 1 25 80 52 1 5 0 3 80 51 1 5 1 35 80
4/4 51 1 5 0 0 80 51 1 5 1 5 80 21 1 5 0 1 80 52 1 5 1 15 80 51 1 5 0 2 80 52 1 5 1 25 80 21 1 5 0 3 80 51 1 5 1 35 80
4/4 51 1 5 0 0 80 51 1 5 1 5 80 21 1 5 0 1 80 52 1 5 1 15 80 51 1 5 0 2 80 52 1 5 1 25 80 21 1 5 0 3 80 41 1 5 1 35 80
4/4 41 1 5 0 0 80 41 1 5 1 5 80 11 1 5 0 1 80 42 1 5 1 15 80 41 1 5 0 2 80 42 1 5 1 25 80 11 1 5 0 3 80 41 1 5 1 35 80
4/4 41 1 5 0 0 80 41 1 5 1 5 80 11 1 5 0 1 80 42 1 5 1 15 80 612 0 1 0 2 80 611 0 1 0 2 80 312 1 5 1 25 80 712 0 1 0 3 80 711 0 1 0 3 80
4/4 12 0 1 0 0 80 11 0 1 0 0 80 52 1 5 1 5 80 12 1 5 0 1 80 12 0 1 1 15 80 11 0 1 1 15 80 41 0 1 0 2 80 42 0 1 0 2 80 11 1 5 1 25 80 42 1 5 0 3 80 41 0 1 1 35 80 42 0 1 1 35 80
4/4 52 0 1 0 0 80 51 0 1 0 0 80 21 1 5 1 5 80 52 1 5 0 1 80 52 0 1 1 15 80 51 0 1 1 15 80 62 0 1 0 2 80 61 0 1 0 2 80 21 1 5 1 25 80 62 1 5 0 3 80 62 0 1 1 35 80 61 0 1 1 35 80
4/4 311 0 1 0 0 80 312 0 1 0 0 80 11 1 5 1 5 80 312 1 5 0 1 80 11 1 5 1 15 80 311 1 5 0 2 80 312 1 5 1 25 80 11 1 5 0 3 80 311 1 5 1 35 80
4/4 41 0 1 0 0 80 42 0 1 0 0 80 11 1 5 1 5 80 42 1 5 0 1 80 11 1 5 1 15 80 41 1 5 0 2 80 42 1 5 1 25 80 11 1 5 0 3 80 41 1 5 1 35 80
4/4 52 0 1 0 0 80 51 0 1 0 0 80 21 1 5 1 5 80 52 1 5 0 1 80 21 1 5 1 15 80 51 1 5 0 2 80 52 1 5 1 25 80 21 1 5 0 3 80 51 1 5 1 35 80
4/4 62 0 1 0 0 80 61 0 1 0 0 80 21 1 5 1 5 80 62 1 5 0 1 80 21 1 5 1 15 80 61 1 5 0 2 80 62 1 5 1 25 80 21 1 5 0 3 80 611 1 5 1 35 80
4/4 611 0 1 0 0 80 611 0 1 0 0 80 611 1 5 0 1 80 312 1 5 1 15 80 612 1 5 0 2 80 312 1 5 1 25 80 11 1 5 0 3 80 611 1 5 1 35 80
4/4 51 0 1 0 0 80 51 0 1 0 0 80 51 1 5 0 1 80 21 1 5 1 15 80 52 1 5 0 2 80 21 1 5 1 25 80 711 1 5 0 3 80 51 1 5 1 35 80
4/4 41 0 1 0 0 80 41 0 1 0 0 80 41 1 5 0 1 80 11 1 5 1 15 80 42 1 5 0 2 80 11 1 5 1 25 80 611 1 5 0 3 80 41 1 5 1 35 80
4/4 311 0 1 0 0 80 311 0 1 0 0 80 311 1 5 0 1 80 11 1 5 1 15 80 312 1 5 0 2 80 11 1 5 1 25 80 51 1 5 0 3 80 311 1 5 1 35 80
4/4 21 0 1 0 0 80 21 0 1 0 0 80 21 0 1 1 5 80 21 0 1 1 5 80 21 0 1 0 1 80 21 0 1 0 1 80 21 0 1 1 15 80 21 0 1 1 15 80 21 0 1 0 2 80 21 0 1 0 2 80 21 0 1 1 25 80 21 0 1 1 25 80 21 0 1 0 3 80 21 0 1 0 3 80 21 0 1 1 35 80 21 0 1 1 35 80
4/4 311 0 1 0 0 80 312 0 1 0 0 80 311 0 1 1 5 80 312 0 1 1 5 80 311 0 1 0 1 80 312 0 1 0 1 80 311 0 1 1 15 80 312 0 1 1 15 80 311 0 1 0 2 80 312 0 1 0 2 80 311 0 1 1 25 80 312 0 1 1 25 80 311 0 1 0 3 80 312 0 1 0 3 80 311 0 1 1 35 80 312 0 1 1 35 80
4/4 41 0 1 0 0 80 11 0 1 0 0 80 42 0 1 0 0 80 41 1 5 1 5 80 41 1 5 0 1 80 41 0 1 1 15 80 11 0 1 1 15 80 42 0 1 1 15 80 41 1 5 0 2 80 41 1 5 1 25 80 41 0 1 0 3 80 11 0 1 0 3 80 42 0 1 0 3 80 41 1 5 1 35 80
4/4 51 0 1 0 0 80 21 0 1 0 0 80 52 0 1 0 0 80 61 0 1 1 15 80 711 0 1 1 15 80 62 0 1 1 15 80 72 0 1 1 25 80 42 0 1 1 25 80 71 0 1 1 25 80
4/4 11 1 5 0 0 80 11 1 5 1 5 80 11 1 5 0 1 80 11 1 5 1 15 80 11 1 5 0 2 80 11 1 5 1 25 80 11 1 5 0 3 80 11 1 5 1 35 80
4/4 11 1 5 0 0 80 11 1 5 1 5 80 11 1 5 0 1 80 11 1 5 1 15 80 11 1 5 0 2 80 11 1 5 1 25 80 11 1 5 0 3 80 11 1 5 1 35 80
4/4 11 1 5 0 0 80 11 1 5 1 5 80 11 1 5 0 1 80 11 1 5 1 15 80 11 1 5 0 2 80 11 1 5 1 25 80 11 1 5 0 3 80 11 0 1 1 35 80 11 0 1 1 35 80
4/4 11 0 1 0 0 80 11 0 1 0 0 80 11 0 1 1 5 80 11 0 1 1 5 80 11 0 1 0 1 80 11 0 1 0 1 80 11 0 1 1 15 80 11 0 1 1 15 80 12 0 1 0 2 80 52 0 1 0 2 80 11 0 1 0 2 80 12 0 1 1 25 80 52 0 1 1 25 80 11 0 1 1 25 80 12 0 1 0 3 80 52 0 1 0 3 80 11 0 1 0 3 80 12 0 1 1 35 80 52 0 1 1 35 80 11 0 1 1 35 80
4/4 12 1 5 0 0 80 13 0 1 1 5 80 53 0 1 1 5 80 12 1 5 0 1 80 13 0 1 1 15 80 53 0 1 1 15 80 12 1 5 0 2 80 13 0 1 1 25 80 53 0 1 1 25 80 12 1 5 0 3 80 13 0 1 1 35 80 53 0 1 1 35 80
4/4 52 1 5 0 0 80 53 0 1 1 5 80 22 0 1 1 5 80 52 1 5 0 1 80 53 0 1 1 15 80 22 0 1 1 15 80 52 1 5 0 2 80 53 0 1 1 25 80 22 0 1 1 25 80 52 1 5 0 3 80 53 0 1 1 35 80 22 0 1 1 35 80
4/4 42 1 5 0 0 80 43 0 1 1 5 80 12 0 1 1 5 80 42 1 5 0 1 80 43 0 1 1 15 80 12 0 1 1 15 80 42 1 5 0 2 80 43 0 1 1 25 80 12 0 1 1 25 80 42 1 5 0 3 80 43 0 1 1 35 80 12 0 1 1 35 80
4/4 11 1 5 0 0 80 52 0 1 1 5 80 12 0 1 1 5 80 11 1 5 0 1 80 52 0 1 1 15 80 12 0 1 1 15 80 711 1 5 0 2 80 52 0 1 1 25 80 712 0 1 1 25 80 711 1 5 0 3 80 52 0 1 1 35 80 712 0 1 1 35 80
4/4 612 1 5 0 0 80 313 1 5 1 5 80 13 1 5 0 1 80 313 1 5 1 15 80 613 1 5 0 2 80 313 1 5 1 25 80 13 1 5 0 3 80 313 1 5 1 35 80
4/4 22 1 5 0 0 80 613 1 5 1 5 80 524 1 5 0 1 80 613 1 5 1 15 80 23 1 5 0 2 80 613 1 5 1 25 80 524 1 5 0 3 80 613 1 5 1 35 80
4/4 42 1 5 0 0 80 12 1 5 1 5 80 613 1 5 0 1 80 12 1 5 1 15 80 43 1 5 0 2 80 12 1 5 1 25 80 613 1 5 0 3 80 12 1 5 1 35 80
4/4 52 1 5 0 0 80 22 1 5 1 5 80 713 1 5 0 1 80 22 1 5 1 15 80 53 1 5 0 2 80 22 1 5 1 25 80 713 1 5 0 3 80 22 1 5 1 35 80
4/4 11 1 5 0 0 80 12 0 1 1 5 80 52 0 1 1 5 80 11 1 5 0 1 80 12 0 1 1 15 80 52 0 1 1 15 80 11 1 5 0 2 80 12 0 1 1 25 80 52 0 1 1 25 80 11 1 5 0 3 80 12 0 1 1 35 80 52 0 1 1 35 80
4/4 51 1 5 0 0 80 21 0 1 1 5 80 52 0 1 1 5 80 51 1 5 0 1 80 21 0 1 1 15 80 52 0 1 1 15 80 61 1 5 0 2 80 312 0 1 1 25 80 62 0 1 1 25 80 61 1 5 0 3 80 312 0 1 1 35 80 62 0 1 1 35 80
4/4 611 1 5 0 0 80 312 0 1 1 5 80 612 0 1 1 5 80 611 1 5 0 1 80 312 0 1 1 15 80 612 0 1 1 15 80 51 1 5 0 2 80 21 0 1 1 25 80 52 0 1 1 25 80 51 1 5 0 3 80 21 0 1 1 35 80 52 0 1 1 35 80
4/4 521 1 5 0 0 80 21 0 1 1 5 80 522 0 1 1 5 80 521 1 5 0 1 80 21 0 1 1 15 80 522 0 1 1 15 80 521 1 5 0 2 80 21 0 1 1 25 80 522 0 1 1 25 80 521 1 5 0 3 80 21 0 1 1 35 80 522 0 1 1 35 80
4/4 41 1 5 0 0 80 11 0 1 1 5 80 42 0 1 1 5 80 41 1 5 0 1 80 11 0 1 1 15 80 42 0 1 1 15 80 41 1 5 0 2 80 11 0 1 1 25 80 42 0 1 1 25 80 41 1 5 0 3 80 11 0 1 1 35 80 42 0 1 1 35 80
4/4 311 1 5 0 0 80 711 0 1 1 5 80 312 0 1 1 5 80 311 1 5 0 1 80 711 0 1 1 15 80 312 0 1 1 15 80 311 1 5 0 2 80 711 0 1 1 25 80 312 0 1 1 25 80 311 1 5 0 3 80 711 0 1 1 35 80 312 0 1 1 35 80
4/4 41 1 5 0 0 80 11 0 1 1 5 80 42 0 1 1 5 80 41 1 5 0 1 80 11 0 1 1 15 80 42 0 1 1 15 80 41 1 5 0 2 80 11 0 1 1 25 80 42 0 1 1 25 80 41 1 5 0 3 80 11 0 1 1 35 80 42 0 1 1 35 80
4/4 51 1 5 0 0 80 21 0 1 1 5 80 52 0 1 1 5 80 51 1 5 0 1 80 21 0 1 1 15 80 52 0 1 1 15 80 51 1 5 0 2 80 21 0 1 1 25 80 52 0 1 1 25 80 51 1 5 0 3 80 21 0 1 1 35 80 52 0 1 1 35 80
4/4 11 0 1 0 0 80 11 0 1 0 0 80 11 0 1 1 5 80 11 0 1 1 5 80 11 0 1 0 1 80 11 0 1 0 1 80 11 0 1 1 15 80 11 0 1 1 15 80 11 0 1 0 2 80 11 0 1 0 2 80 11 0 1 1 25 80 11 0 1 1 25 80 11 0 1 0 3 80 11 0 1 0 3 80 11 0 1 1 35 80 11 0 1 1 35 80
4/4 711 0 1 0 0 80 711 0 1 0 0 80 711 0 1 1 5 80 711 0 1 1 5 80 711 0 1 0 1 80 711 0 1 0 1 80 711 0 1 1 15 80 711 0 1 1 15 80 711 0 1 0 2 80 711 0 1 0 2 80 711 0 1 1 25 80 711 0 1 1 25 80 711 0 1 0 3 80 711 0 1 0 3 80 711 0 1 1 35 80 711 0 1 1 35 80
4/4 611 0 1 0 0 80 611 0 1 0 0 80 611 1 5 0 1 80 312 1 5 1 15 80 612 1 5 0 2 80 611 1 5 1 25 80 41 0 1 0 3 80 41 0 1 0 3 80
4/4 41 1 5 0 0 80 41 1 5 1 5 80 41 1 5 0 1 80 11 1 5 1 15 80 42 1 5 0 2 80 11 1 5 1 25 80 42 1 5 0 3 80 41 1 5 1 35 80
4/4 51 0 1 0 0 80 51 0 1 0 0 80 51 1 5 0 1 80 21 1 5 1 15 80 52 1 5 0 2 80 51 1 5 1 25 80 11 0 1 0 3 80 11 0 1 0 3 80
4/4 11 1 5 0 0 80 11 1 5 1 5 80 52 1 5 0 1 80 12 1 5 1 15 80 52 0 1 0 2 80 711 0 1 0 2 80 53 0 1 0 3 80 712 0 1 0 3 80
4/4 41 0 1 0 0 80 11 0 1 0 0 80 42 0 1 0 0 80
4/4 41 0 1 0 0 80 11 0 1 0 0 80 42 0 1 0 0 80
4/4 611 0 1 0 0 80 611 0 1 0 0 80 611 0 1 0 1 80 611 0 1 0 1 80 611 1 5 1 15 80 611 0 1 0 2 80 312 0 1 0 2 80 612 0 1 0 2 80 611 0 1 1 25 80 312 0 1 1 25 80 612 0 1 1 25 80 611 0 1 0 3 80 312 0 1 0 3 80 612 0 1 0 3 80 611 0 1 1 35 80 312 0 1 1 35 80 612 0 1 1 35 80
4/4 51 0 1 0 0 80 21 0 1 0 0 80 52 0 1 0 0 80 51 0 1 1 5 80 21 0 1 1 5 80 52 0 1 1 5 80 51 0 1 0 1 80 21 0 1 0 1 80 52 0 1 0 1 80 51 0 1 1 15 80 21 0 1 1 15 80 52 0 1 1 15 80 51 0 1 0 2 80 21 0 1 0 2 80 52 0 1 0 2 80 51 0 1 1 25 80 21 0 1 1 25 80 52 0 1 1 25 80 51 0 1 0 3 80 21 0 1 0 3 80 52 0 1 0 3 80 51 0 1 1 35 80 21 0 1 1 35 80 52 0 1 1 35 80
4/4 11 0 1 0 0 80 11 0 1 0 0 80 11 1 5 1 5 80 52 1 5 0 1 80 12 1 5 1 15 80 11 1 5 0 2 80 12 1 5 1 25 80 52 1 5 0 3 80 11 1 5 1 35 80
4/4 11 1 5 0 0 80 11 1 5 1 5 80 52 1 5 0 1 80 12 1 5 1 15 80 11 1 5 0 2 80 12 1 5 1 25 80 52 1 5 0 3 80 51 1 5 1 35 80
4/4 51 1 5 0 0 80 51 1 5 1 5 80 21 1 5 0 1 80 52 1 5 1 15 80 51 1 5 0 2 80 52 1 5 1 25 80 21 1 5 0 3 80 51 1 5 1 35 80
4/4 51 1 5 0 0 80 51 1 5 1 5 80 21 1 5 0 1 80 52 1 5 1 15 80 51 1 5 0 2 80 52 1 5 1 25 80 21 1 5 0 3 80 41 1 5 1 35 80
4/4 41 1 5 0 0 80 41 1 5 1 5 80 11 1 5 0 1 80 42 1 5 1 15 80 41 1 5 0 2 80 42 1 5 1 25 80 11 1 5 0 3 80 41 1 5 1 35 80
4/4 41 1 5 0 0 80 41 1 5 1 5 80 11 1 5 0 1 80 42 1 5 1 15 80 612 0 1 0 2 80 611 0 1 0 2 80 312 1 5 1 25 80 712 0 1 0 3 80 711 0 1 0 3 80
4/4 12 0 1 0 0 80 11 0 1 0 0 80 52 1 5 1 5 80 12 1 5 0 1 80 12 0 1 1 15 80 11 0 1 1 15 80 41 0 1 0 2 80 42 0 1 0 2 80 11 1 5 1 25 80 42 1 5 0 3 80 41 0 1 1 35 80 42 0 1 1 35 80
4/4 52 0 1 0 0 80 51 0 1 0 0 80 21 1 5 1 5 80 52 1 5 0 1 80 52 0 1 1 15 80 51 0 1 1 15 80 62 0 1 0 2 80 61 0 1 0 2 80 21 1 5 1 25 80 62 1 5 0 3 80 42 0 1 1 35 80 41 0 1 1 35 80
4/4 311 0 1 0 0 80 312 0 1 0 0 80 11 1 5 1 5 80 312 1 5 0 1 80 11 1 5 1 15 80 311 1 5 0 2 80 312 1 5 1 25 80 11 1 5 0 3 80 311 1 5 1 35 80
4/4 41 0 1 0 0 80 42 0 1 0 0 80 11 1 5 1 5 80 42 1 5 0 1 80 11 1 5 1 15 80 41 1 5 0 2 80 42 1 5 1 25 80 11 1 5 0 3 80 41 1 5 1 35 80
4/4 52 0 1 0 0 80 51 0 1 0 0 80 21 1 5 1 5 80 52 1 5 0 1 80 21 1 5 1 15 80 51 1 5 0 2 80 52 1 5 1 25 80 21 1 5 0 3 80 51 1 5 1 35 80
4/4 62 0 1 0 0 80 61 0 1 0 0 80 21 1 5 1 5 80 62 1 5 0 1 80 21 1 5 1 15 80 61 1 5 0 2 80 62 1 5 1 25 80 21 1 5 0 3 80 611 1 5 1 35 80
4/4 611 0 1 0 0 80 611 0 1 0 0 80 611 1 5 0 1 80 312 1 5 1 15 80 612 1 5 0 2 80 312 1 5 1 25 80 11 1 5 0 3 80 611 1 5 1 35 80
4/4 51 0 1 0 0 80 51 0 1 0 0 80 51 1 5 0 1 80 21 1 5 1 15 80 52 1 5 0 2 80 21 1 5 1 25 80 711 1 5 0 3 80 51 1 5 1 35 80
4/4 41 0 1 0 0 80 41 0 1 0 0 80 41 1 5 0 1 80 11 1 5 1 15 80 42 1 5 0 2 80 11 1 5 1 25 80 611 1 5 0 3 80 41 1 5 1 35 80
4/4 311 0 1 0 0 80 311 0 1 0 0 80 311 1 5 0 1 80 11 1 5 1 15 80 312 1 5 0 2 80 11 1 5 1 25 80 51 1 5 0 3 80 311 1 5 1 35 80
4/4 21 0 1 0 0 80 21 0 1 0 0 80 21 0 1 1 5 80 21 0 1 1 5 80 21 0 1 0 1 80 21 0 1 0 1 80 21 0 1 1 15 80 21 0 1 1 15 80 21 0 1 0 2 80 21 0 1 0 2 80 21 0 1 1 25 80 21 0 1 1 25 80 21 0 1 0 3 80 21 0 1 0 3 80 21 0 1 1 35 80 21 0 1 1 35 80
4/4 311 0 1 0 0 80 312 0 1 0 0 80 311 0 1 1 5 80 312 0 1 1 5 80 311 0 1 0 1 80 312 0 1 0 1 80 311 0 1 1 15 80 312 0 1 1 15 80 311 0 1 0 2 80 312 0 1 0 2 80 311 0 1 1 25 80 312 0 1 1 25 80 311 0 1 0 3 80 312 0 1 0 3 80 311 0 1 1 35 80 312 0 1 1 35 80
4/4 41 0 1 0 0 80 11 0 1 0 0 80 42 0 1 0 0 80 41 1 5 1 5 80 41 1 5 0 1 80 41 0 1 1 15 80 11 0 1 1 15 80 42 0 1 1 15 80 41 1 5 0 2 80 41 1 5 1 25 80 41 0 1 0 3 80 11 0 1 0 3 80 42 0 1 0 3 80 41 1 5 1 35 80
4/4 51 0 1 0 0 80 21 0 1 0 0 80 52 0 1 0 0 80 61 0 1 1 15 80 711 0 1 1 15 80 62 0 1 1 15 80 72 0 1 1 25 80 42 0 1 1 25 80 71 0 1 1 25 80
4/4 11 0 1 0 0 80 11 0 1 0 0 80 11 1 5 0 1 80 11 0 1 1 15 80 11 0 1 1 15 80 11 1 5 1 25 80 11 0 1 0 3 80 11 0 1 0 3 80 11 1 5 1 35 80
4/4 11 1 5 0 0 80 11 0 1 1 5 80 11 0 1 1 5 80 11 0 1 0 2 80 11 0 1 0 2 80 711 0 1 0 3 80 711 0 1 0 3 80
4/4 611 0 1 0 0 80 611 0 1 0 0 80 611 1 5 1 5 80 611 1 5 0 1 80 611 0 1 1 15 80 611 0 1 1 15 80 11 1 5 1 25 80 11 0 1 0 3 80 11 0 1 0 3 80 11 1 5 1 35 80
4/4 11 0 1 0 0 80 11 0 1 0 0 80 21 0 1 1 5 80 21 0 1 1 5 80 311 0 1 0 2 80 312 0 1 0 2 80 41 0 1 0 3 80 42 0 1 0 3 80
4/4 51 0 1 0 0 80 21 0 1 0 0 80 52 0 1 0 0 80
4/4 41 0 1 1 35 80 11 0 1 1 35 80 42 0 1 1 35 80
4/4 41 0 1 0 0 80 11 0 1 0 0 80 42 0 1 0 0 80 51 0 1 1 5 80 21 0 1 1 5 80 52 0 1 1 5 80
4/4 15 0 1 0 2 80 75 0 1 0 2 80 65 0 1 0 2 80 55 0 1 3 2333 80 45 0 1 3 2333 80 35 0 1 3 2333 80 24 0 1 3 2667 80 14 0 1 3 2667 80 74 0 1 3 2667 80 64 0 1 0 3 80 54 0 1 0 3 80 44 0 1 0 3 80 34 0 1 2 325 80 23 0 1 2 325 80 13 1 5 1 35 80
4/4 611 0 1 0 0 80 611 0 1 0 0 80 311 1 5 1 5 80 611 1 5 0 1 80 611 0 1 1 15 80 312 0 1 1 15 80 612 0 1 1 15 80 611 0 1 0 3 80 611 0 1 0 3 80
4/4 711 0 1 0 0 80 711 0 1 0 0 80 51 1 5 1 5 80 711 1 5 0 1 80 711 0 1 1 15 80 52 0 1 1 15 80 712 0 1 1 15 80 711 0 1 0 3 80 711 0 1 0 3 80
4/4 41 0 1 0 0 80 42 0 1 0 0 80 11 1 5 1 5 80 42 1 5 0 1 80 42 0 1 1 15 80 12 0 1 1 15 80 43 0 1 1 15 80 42 1 5 1 25 80 43 0 1 0 3 80 12 0 1 0 3 80 42 1 5 1 35 80
4/4 41 0 1 0 0 80 42 0 1 0 0 80 11 1 5 1 5 80 42 1 5 0 1 80 42 0 1 1 15 80 12 0 1 1 15 80 43 0 1 1 15 80 42 0 1 2 275 80 41 0 1 2 275 80 41 0 1 1 35 80 41 0 1 1 35 80
4/4 311 0 1 0 0 80 311 0 1 0 0 80 311 1 5 1 15 80 711 0 1 0 2 80 312 0 1 0 2 80 311 0 1 0 3 80 312 0 1 0 3 80
4/4 41 0 1 0 0 80 42 0 1 0 0 80 41 1 5 1 15 80 11 0 1 0 2 80 42 0 1 0 2 80 41 0 1 0 3 80 42 0 1 0 3 80
4/4 52 0 1 0 0 80 51 0 1 0 0 80 51 1 5 1 15 80 52 0 1 0 2 80 21 0 1 0 2 80 52 0 1 0 3 80 51 0 1 0 3 80
4/4 612 0 1 0 0 80 611 0 1 0 0 80 611 1 5 1 15 80 612 0 1 0 2 80 312 0 1 0 2 80 612 0 1 0 3 80 611 0 1 0 3 80
4/4 311 1 5 0 0 80 312 1 5 1 5 80 311 1 5 0 1 80 312 1 5 1 15 80 311 1 5 0 2 80 312 1 5 1 25 80 311 1 5 0 3 80 312 1 5 1 35 80
4/4 41 1 5 0 0 80 42 1 5 1 5 80 41 1 5 0 1 80 42 1 5 1 15 80 41 1 5 0 2 80 42 1 5 1 25 80 41 1 5 0 3 80 42 1 5 1 35 80
4/4 52 0 1 0 0 80 51 0 1 0 0 80 52 0 1 1 5 80 51 0 1 1 5 80 52 0 1 0 1 80 51 0 1 0 1 80 52 0 1 1 15 80 51 0 1 1 15 80 52 0 1 0 2 80 51 0 1 0 2 80 52 0 1 1 25 80 51 0 1 1 25 80 52 0 1 0 3 80 51 0 1 0 3 80 52 0 1 1 35 80 51 0 1 1 35 80
4/4 51 0 1 0 0 80 52 0 1 0 0 80 51 0 1 1 5 80 52 0 1 1 5 80 51 0 1 0 1 80 52 0 1 0 1 80 51 0 1 1 15 80 52 0 1 1 15 80 51 0 1 0 2 80 52 0 1 0 2 80 51 0 1 1 25 80 52 0 1 1 25 80 51 0 1 0 3 80 52 0 1 0 3 80 51 0 1 1 35 80 52 0 1 1 35 80
4/4 51 0 1 0 0 80 21 0 1 0 0 80 52 0 1 0 0 80 51 0 1 1 5 80 21 0 1 1 5 80 52 0 1 1 5 80 51 0 1 0 1 80 21 0 1 0 1 80 52 0 1 0 1 80 51 0 1 1 15 80 21 0 1 1 15 80 52 0 1 1 15 80 51 0 1 0 2 80 21 0 1 0 2 80 52 0 1 0 2 80 51 0 1 1 25 80 21 0 1 1 25 80 52 0 1 1 25 80 51 0 1 0 3 80 21 0 1 0 3 80 52 0 1 0 3 80 51 0 1 1 35 80 21 0 1 1 35 80 52 0 1 1 35 80
4/4 51 0 1 0 0 80 21 0 1 0 0 80 52 0 1 0 0 80 51 0 1 1 5 80 21 0 1 1 5 80 52 0 1 1 5 80 51 0 1 0 1 80 21 0 1 0 1 80 52 0 1 0 1 80 51 0 1 1 15 80 21 0 1 1 15 80 52 0 1 1 15 80 51 0 1 0 2 80 21 0 1 0 2 80 52 0 1 0 2 80 51 0 1 1 25 80 21 0 1 1 25 80 52 0 1 1 25 80 51 0 1 0 3 80 21 0 1 0 3 80 52 0 1 0 3 80 51 0 1 1 35 80 21 0 1 1 35 80 52 0 1 1 35 80
2/4
4/4 41 0 1 0 0 80 42 0 1 0 0 80 11 1 5 1 5 80 42 1 5 0 1 80 12 1 5 1 15 80 43 1 5 0 2 80 12 1 5 1 25 80 42 1 5 0 3 80 11 1 5 1 35 80
4/4 52 0 1 0 0 80 51 0 1 0 0 80 21 1 5 1 5 80 52 1 5 0 1 80 22 1 5 1 15 80 53 1 5 0 2 80 22 1 5 1 25 80 52 1 5 0 3 80 21 1 5 1 35 80
4/4 612 0 1 0 0 80 611 0 1 0 0 80 312 1 5 1 5 80 612 1 5 0 1 80 12 1 5 1 15 80 313 1 5 0 2 80 12 1 5 1 25 80 612 1 5 0 3 80 312 1 5 1 35 80
4/4 611 1 5 0 0 80 312 1 5 1 5 80 612 1 5 0 1 80 312 1 5 1 15 80 12 1 5 0 2 80 712 1 5 1 25 80 52 1 5 0 3 80 312 1 5 1 35 80
4/4 41 0 1 0 0 80 42 0 1 0 0 80 11 1 5 1 5 80 42 1 5 0 1 80 12 1 5 1 15 80 43 1 5 0 2 80 12 1 5 1 25 80 42 1 5 0 3 80 11 1 5 1 35 80
4/4 52 0 1 0 0 80 51 0 1 0 0 80 21 1 5 1 5 80 52 1 5 0 1 80 22 1 5 1 15 80 53 1 5 0 2 80 22 1 5 1 25 80 52 1 5 0 3 80 21 1 5 1 35 80
4/4 612 0 1 0 0 110 611 0 1 0 0 110 312 1 5 1 5 110 612 1 5 0 1 110 12 1 5 1 15 110 313 1 5 0 2 110 12 1 5 1 25 110 612 1 5 0 3 110 312 1 5 1 35 110
4/4 21 0 1 0 0 80 611 0 1 0 0 80 21 0 1 0 0 80 21 0 1 1 5 80 611 0 1 1 5 80 21 0 1 1 5 80 611 0 1 0 2 80 312 0 1 0 2 80 612 0 1 0 2 80 611 0 1 1 25 80 312 0 1 1 25 80 612 0 1 1 25 80
4/4 311 1 5 0 0 80 312 1 5 1 5 80 311 1 5 0 1 80 312 1 5 1 15 80 311 1 5 0 2 80 312 1 5 1 25 80 311 1 5 0 3 80 312 1 5 1 35 80
4/4 41 1 5 0 0 80 42 1 5 1 5 80 41 1 5 0 1 80 42 1 5 1 15 80 41 1 5 0 2 80 42 1 5 1 25 80 41 1 5 0 3 80 42 1 5 1 35 80
4/4 51 1 5 0 0 80 52 1 5 1 5 80 51 1 5 0 1 80 52 1 5 1 15 80 51 1 5 0 2 80 52 1 5 1 25 80 51 1 5 0 3 80 52 1 5 1 35 80
4/4 611 1 5 0 0 80 612 1 5 1 5 80 611 1 5 0 1 80 612 1 5 1 15 80 611 1 5 0 2 80 612 1 5 1 25 80 611 1 5 0 3 80 612 1 5 1 35 80
4/4 311 0 1 0 0 80 312 0 1 0 0 80 11 1 5 1 5 80 311 0 1 0 1 80 312 0 1 0 1 80 311 0 1 1 15 80 312 0 1 1 15 80 11 1 5 1 25 80 311 0 1 0 3 80 312 0 1 0 3 80 11 1 5 1 35 80
4/4 41 0 1 0 0 80 42 0 1 0 0 80 11 1 5 1 5 80 41 0 1 0 1 80 42 0 1 0 1 80 41 0 1 1 15 80 42 0 1 1 15 80 11 1 5 1 25 80 41 0 1 0 3 80 42 0 1 0 3 80 11 1 5 1 35 80
4/4 52 0 1 0 0 80 51 0 1 0 0 80 21 1 5 1 5 80 52 0 1 0 1 80 51 0 1 0 1 80 52 0 1 1 15 80 51 0 1 1 15 80 21 1 5 1 25 80 52 0 1 0 3 80 51 0 1 0 3 80 21 1 5 1 35 80
4/4 612 0 1 0 0 80 611 0 1 0 0 80 312 1 5 1 5 80 612 0 1 0 1 80 611 0 1 0 1 80 612 0 1 1 15 80 611 0 1 1 15 80 312 1 5 1 25 80 612 0 1 0 3 80 611 0 1 0 3 80 312 1 5 1 35 80
4/4 51 0 1 0 0 80 21 0 1 0 0 80 52 0 1 0 0 80 51 0 1 1 5 80 21 0 1 1 5 80 52 0 1 1 5 80 51 0 1 0 1 80 21 0 1 0 1 80 52 0 1 0 1 80 51 0 1 1 15 80 21 0 1 1 15 80 52 0 1 1 15 80 51 0 1 0 2 80 21 0 1 0 2 80 52 0 1 0 2 80 51 0 1 1 25 80 21 0 1 1 25 80 52 0 1 1 25 80 51 0 1 0 3 80 21 0 1 0 3 80 52 0 1 0 3 80 51 0 1 1 35 80 21 0 1 1 35 80 52 0 1 1 35 80
4/4 51 0 1 0 0 80 11 0 1 0 0 80 52 0 1 0 0 80 51 0 1 1 5 80 11 0 1 1 5 80 52 0 1 1 5 80 51 0 1 0 1 80 11 0 1 0 1 80 52 0 1 0 1 80 51 0 1 1 15 80 11 0 1 1 15 80 52 0 1 1 15 80 53 0 1 0 2 80 22 0 1 0 2 80 52 0 1 0 2 80 53 0 1 1 25 80 22 0 1 1 25 80 52 0 1 1 25 80 53 0 1 0 3 80 22 0 1 0 3 80 52 0 1 0 3 80 53 0 1 1 35 80 22 0 1 1 35 80 52 0 1 1 35 80
4/4 55 1 5 0 0 80 14 1 5 1 5 80 15 1 5 0 1 80 14 1 5 1 15 80 25 1 5 0 2 80 14 1 5 1 25 80 55 1 5 0 3 80 14 1 5 1 35 80
4/4 15 1 5 0 0 80 14 1 5 1 5 80 25 1 5 0 1 80 14 1 5 1 15 80 55 1 5 0 2 80 14 1 5 1 25 80 15 1 5 0 3 80 14 1 5 1 35 80
4/4 55 1 5 0 0 80 14 1 5 1 5 80 15 1 5 0 1 80 14 1 5 1 15 80 25 1 5 0 2 80 14 1 5 1 25 80 55 1 5 0 3 80 14 1 5 1 35 80
4/4 15 1 5 0 0 80 14 1 5 1 5 80 25 1 5 0 1 80 14 1 5 1 15 80 55 1 5 0 2 80 14 1 5 1 25 80 15 1 5 0 3 80 14 1 5 1 35 80
4/4 55 1 5 0 0 80 14 1 5 1 5 80 15 1 5 0 1 80 14 1 5 1 15 80 25 1 5 0 2 80 14 1 5 1 25 80 55 1 5 0 3 80 14 1 5 1 35 80
4/4 15 1 5 0 0 80 14 1 5 1 5 80 25 1 5 0 1 80 14 1 5 1 15 80 55 1 5 0 2 80 14 1 5 1 25 80 15 1 5 0 3 80 14 1 5 1 35 80
4/4 55 1 5 0 0 80 14 1 5 1 5 80 15 1 5 0 1 80 14 1 5 1 15 80 25 1 5 0 2 80 14 1 5 1 25 80 55 1 5 0 3 80 14 1 5 1 35 80
4/4 15 1 5 0 0 80 14 1 5 1 5 80 25 1 5 0 1 80 14 1 5 1 15 80 55 1 5 0 2 80 14 1 5 1 25 80 15 1 5 0 3 80 14 1 5 1 35 80
4/4 55 1 5 0 0 80 14 1 5 1 5 80 15 1 5 0 1 80 14 1 5 1 15 80 25 1 5 0 2 80 14 1 5 1 25 80 55 1 5 0 3 80 14 1 5 1 35 80
4/4 15 1 5 0 0 80 14 1 5 1 5 80 25 1 5 0 1 80 14 1 5 1 15 80 55 1 5 0 2 80 14 1 5 1 25 80 15 1 5 0 3 80 14 1 5 1 35 80
4/4 55 1 5 0 0 80 14 1 5 1 5 80 15 1 5 0 1 80 14 1 5 1 15 80 25 1 5 0 2 80 14 1 5 1 25 80 55 1 5 0 3 80 14 1 5 1 35 80
4/4 15 1 5 0 0 80 14 1 5 1 5 80 25 1 5 0 1 80 14 1 5 1 15 80 55 1 5 0 2 80 14 1 5 1 25 80 15 1 5 0 3 80 14 1 5 1 35 80
4/4 14 0 4 0 0 80
4/4 14 3 3667 0 0 80
4/4 51 0 1 0 0 80 21 0 1 0 0 80 52 0 1 0 0 80
4/4 51 0 1 0 0 80 21 0 1 0 0 80 52 0 1 0 0 80 11 0 1 0 2 110 11 0 1 0 2 110 11 0 1 1 25 110 11 0 1 1 25 110
4/4 611 0 1 0 0 80 611 0 1 0 0 80 311 1 5 1 5 80 611 1 5 0 1 80 312 1 5 1 15 80 611 1 5 0 2 80 612 1 5 1 25 80 312 1 5 0 3 80 611 1 5 1 35 80
4/4 611 0 1 0 0 80 611 0 1 0 0 80 611 1 5 1 5 80 312 1 5 0 1 80 612 1 5 1 15 80 611 1 5 0 2 80 612 1 5 1 25 80 312 1 5 0 3 80 611 1 5 1 35 80
4/4 711 0 1 0 0 80 711 0 1 0 0 80 51 1 5 1 5 80 711 1 5 0 1 80 52 1 5 1 15 80 711 1 5 0 2 80 712 1 5 1 25 80 52 1 5 0 3 80 711 1 5 1 35 80
4/4 711 0 1 0 0 80 711 0 1 0 0 80 711 1 5 1 5 80 52 1 5 0 1 80 712 1 5 1 15 80 711 1 5 0 2 80 712 1 5 1 25 80 52 1 5 0 3 80 711 1 5 1 35 80
4/4 41 0 1 0 0 80 42 0 1 0 0 80 41 2 25 0 1 80 42 2 25 2 125 80 41 2 25 1 15 80 42 2 25 2 175 80 41 2 25 0 2 80 42 2 25 2 225 80 41 2 25 1 25 80 42 2 25 2 275 80 41 2 25 0 3 80 42 2 25 2 325 80 41 2 25 1 35 80 42 2 25 2 375 80
4/4 51 2 25 0 0 80 52 2 25 2 25 80 51 2 25 1 5 80 52 2 25 2 75 80 51 2 25 0 1 80 52 2 25 2 125 80 51 2 25 1 15 80 52 2 25 2 175 80 51 2 25 0 2 80 52 2 25 2 225 80 51 2 25 1 25 80 52 2 25 2 275 80 51 2 25 0 3 80 52 2 25 2 325 80 51 2 25 1 35 80 52 2 25 2 375 80
4/4 611 0 1 0 0 80 312 0 1 0 0 80 612 0 1 0 0 80 611 1 5 1 5 80 611 1 5 0 1 80 611 0 1 1 15 80 312 0 1 1 15 80 612 0 1 1 15 80 611 1 5 0 2 80 611 1 5 1 25 80 611 0 1 0 3 80 312 0 1 0 3 80 612 0 1 0 3 80 611 1 5 1 35 80
4/4 51 0 1 0 0 80 21 0 1 0 0 80 52 0 1 0 0 80 51 0 1 1 5 80 56 0 1 1 15 80 46 0 1 1 15 80 36 0 1 1 15 80 25 0 1 1 15 80 15 0 1 2 175 80 75 0 1 2 175 80 65 0 1 2 175 80 55 0 1 2 175 80 45 0 1 0 2 80 35 0 1 0 2 80 24 0 1 0 2 80 14 0 1 0 2 80 74 0 1 3 2333 80 64 0 1 3 2333 80 53 1 5 1 25 80
4/4 11 0 1 0 0 80 11 0 1 0 0 80 12 0 1 0 1 80 52 0 1 0 1 80 11 0 1 0 2 80 12 0 1 0 3 80 52 0 1 0 3 80
4/4 11 0 1 0 0 80 11 0 1 0 0 80 12 0 1 0 1 80 52 0 1 0 1 80 11 0 1 0 2 80 313 0 1 0 3 80 52 0 1 0 3 80
4/4 51 0 1 0 0 80 51 0 1 0 0 80 52 0 1 0 1 80 21 0 1 0 1 80 51 0 1 0 2 80 712 0 1 0 3 80 21 0 1 0 3 80
4/4 51 0 1 0 0 80 51 0 1 0 0 80 52 0 1 0 1 80 21 0 1 0 1 80 51 0 1 0 2 80 712 0 1 0 3 80 21 0 1 0 3 80
4/4 41 0 1 0 0 80 41 0 1 0 0 80 11 0 1 0 1 80 42 0 1 0 1 80 41 0 1 0 2 80 612 0 1 0 3 80 11 0 1 0 3 80
4/4 41 0 1 0 0 80 11 0 1 0 1 80 42 0 1 0 1 80 612 0 1 0 2 80 611 0 1 0 2 80 712 0 1 0 3 80 711 0 1 0 3 80
4/4 12 0 1 0 0 80 52 0 1 0 0 80 11 0 1 0 0 80 41 0 1 0 2 80 11 0 1 0 2 80 42 0 1 0 2 80
4/4 51 0 1 0 0 80 21 0 1 0 0 80 52 0 1 0 0 80 61 0 1 0 2 80 711 0 1 0 2 80 62 0 1 0 2 80
4/4 12 1 5 0 0 80 11 0 1 0 0 80 11 0 1 0 0 80 712 1 5 1 5 80 52 1 5 0 1 80 12 1 5 1 15 80 712 1 5 0 2 80 52 1 5 1 25 80 12 1 5 0 3 80 52 1 5 1 35 80
4/4 12 1 5 0 0 80 11 0 1 0 0 80 11 0 1 0 0 80 712 1 5 1 5 80 52 1 5 0 1 80 12 1 5 1 15 80 712 1 5 0 2 80 52 1 5 1 25 80 12 1 5 0 3 80 52 1 5 1 35 80
4/4 711 0 4 0 0 80 12 1 5 0 0 80 712 1 5 1 5 80 52 1 5 0 1 80 12 1 5 1 15 80 712 1 5 0 2 80 52 1 5 1 25 80 12 1 5 0 3 80 52 1 5 1 35 80
4/4 12 1 5 0 0 80 711 3 3667 0 0 80 712 1 5 1 5 80 52 1 5 0 1 80 12 1 5 1 15 80 712 1 5 0 2 80 52 1 5 1 25 80 12 1 5 0 3 80 52 1 5 1 35 80
4/4 612 0 4 0 0 80 12 1 5 0 0 80 712 1 5 1 5 80 52 1 5 0 1 80 12 1 5 1 15 80 712 1 5 0 2 80 52 1 5 1 25 80 12 1 5 0 3 80 52 1 5 1 35 80
4/4 12 1 5 0 0 80 612 3 3667 0 0 80 712 1 5 1 5 80 52 1 5 0 1 80 12 1 5 1 15 80 712 1 5 0 2 80 52 1 5 1 25 80 12 1 5 0 3 80 52 1 5 1 35 80
4/4 52 1 15 0 0 80 12 1 5 0 0 80 712 1 5 1 5 80 52 0 2 0 1 80 12 1 5 1 15 80 712 1 5 0 2 80 52 1 15 1 25 80 12 1 5 0 3 80 52 1 5 1 35 80
4/4 12 1 5 0 0 80 52 1 15 0 0 80 712 1 5 1 5 80 52 0 2 0 1 80 12 1 5 1 15 80 712 1 5 0 2 80 52 0 1 1 25 80 12 1 5 0 3 80 52 1 5 1 35 80
4/4 41 0 1 0 0 80 42 0 1 0 0 80 41 0 1 1 5 80 42 0 1 1 5 80 41 0 1 0 1 80 42 0 1 0 1 80 41 0 1 1 15 80 42 0 1 1 15 80 41 0 1 0 2 80 42 0 1 0 2 80 41 0 1 1 25 80 42 0 1 1 25 80 41 0 1 0 3 80 42 0 1 0 3 80 41 0 1 1 35 80 42 0 1 1 35 80
4/4 41 0 1 0 0 80 42 0 1 0 0 80 41 0 1 1 5 80 42 0 1 1 5 80 41 0 1 0 1 80 42 0 1 0 1 80 41 0 1 1 15 80 42 0 1 1 15 80 41 0 1 0 2 80 42 0 1 0 2 80 41 0 1 1 25 80 42 0 1 1 25 80 41 0 1 0 3 80 42 0 1 0 3 80 41 0 1 1 35 80 42 0 1 1 35 80
4/4 311 0 1 0 0 80 312 0 1 0 0 80 311 0 1 1 5 80 312 0 1 1 5 80 311 0 1 0 1 80 312 0 1 0 1 80 311 0 1 1 15 80 312 0 1 1 15 80 311 0 1 0 2 80 312 0 1 0 2 80 311 0 1 1 25 80 312 0 1 1 25 80 311 0 1 0 3 80 312 0 1 0 3 80 311 0 1 1 35 80 312 0 1 1 35 80
4/4 311 0 1 0 0 80 312 0 1 0 0 80 311 0 1 1 5 80 312 0 1 1 5 80 311 0 1 0 1 80 312 0 1 0 1 80 311 0 1 1 15 80 312 0 1 1 15 80 311 0 1 0 2 80 312 0 1 0 2 80 311 0 1 1 25 80 312 0 1 1 25 80 311 0 1 0 3 80 312 0 1 0 3 80 311 0 1 1 35 80 312 0 1 1 35 80
4/4 41 0 1 0 0 80 42 0 1 0 0 80 41 0 1 1 5 80 42 0 1 1 5 80 41 0 1 0 1 80 42 0 1 0 1 80 41 0 1 1 15 80 42 0 1 1 15 80 41 0 1 0 2 80 42 0 1 0 2 80 41 0 1 1 25 80 42 0 1 1 25 80 41 0 1 0 3 80 42 0 1 0 3 80 41 0 1 1 35 80 42 0 1 1 35 80
4/4 41 0 1 0 0 80 42 0 1 0 0 80 41 0 1 1 5 80 42 0 1 1 5 80 41 0 1 0 1 80 42 0 1 0 1 80 41 0 1 1 15 80 42 0 1 1 15 80 41 0 1 0 2 80 42 0 1 0 2 80 41 0 1 1 25 80 42 0 1 1 25 80 41 0 1 0 3 80 42 0 1 0 3 80 41 0 1 1 35 80 42 0 1 1 35 80
4/4 51 0 1 0 0 80 21 0 1 0 0 80 52 0 1 0 0 80 51 1 5 1 5 80 51 1 5 0 1 80 51 0 1 1 15 80 21 0 1 1 15 80 52 0 1 1 15 80 51 1 5 0 2 80 51 1 5 1 25 80 51 0 1 0 3 80 21 0 1 0 3 80 52 0 1 0 3 80 51 1 5 1 35 80
4/4 51 0 1 0 0 80 21 0 1 0 0 80 52 0 1 0 0 80 51 1 5 1 5 80 21 0 1 0 1 80 52 0 1 0 1 80 51 1 5 1 15 80 56 0 1 0 2 80 46 0 1 0 2 80 316 0 1 0 2 80 25 0 1 2 225 80 15 0 1 2 225 80 715 0 1 2 225 80 615 0 1 1 25 80 55 0 1 1 25 80 45 0 1 1 25 80 315 0 1 2 275 80 24 0 1 2 275 80 13 1 5 0 3 80
4/4 11 0 1 0 0 80 11 0 1 0 0 80 52 1 5 1 5 80 12 1 5 0 1 80 52 1 5 1 15 80 313 1 5 0 2 80 52 1 5 1 25 80 12 1 5 0 3 80 52 1 5 1 35 80
4/4 41 0 1 0 0 80 42 0 1 0 0 80 11 1 5 1 5 80 42 1 5 0 1 80 11 1 5 1 15 80 41 1 5 0 2 80 42 1 5 1 25 80 11 1 5 0 3 80 41 1 5 1 35 80
4/4 52 0 1 0 0 80 51 0 1 0 0 80 21 1 5 1 5 80 52 1 5 0 1 80 21 1 5 1 15 80 51 1 5 0 2 80 52 1 5 1 25 80 21 1 5 0 3 80 51 1 5 1 35 80
4/4 62 0 1 0 0 80 61 0 1 0 0 80 21 1 5 1 5 80 62 1 5 0 1 80 21 1 5 1 15 80 61 1 5 0 2 80 62 1 5 1 25 80 21 1 5 0 3 80 611 1 5 1 35 80
4/4 611 0 1 0 0 80 611 0 1 0 0 80 611 1 5 0 1 80 312 1 5 1 15 80 612 1 5 0 2 80 312 1 5 1 25 80 11 1 5 0 3 80 611 1 5 1 35 80
4/4 51 0 1 0 0 80 51 0 1 0 0 80 51 1 5 0 1 80 21 1 5 1 15 80 52 1 5 0 2 80 21 1 5 1 25 80 711 1 5 0 3 80 51 1 5 1 35 80
4/4 41 0 1 0 0 80 41 0 1 0 0 80 41 1 5 0 1 80 11 1 5 1 15 80 42 1 5 0 2 80 11 1 5 1 25 80 611 1 5 0 3 80 41 1 5 1 35 80
4/4 311 0 1 0 0 80 311 0 1 0 0 80 311 1 5 0 1 80 11 1 5 1 15 80 312 1 5 0 2 80 11 1 5 1 25 80 51 1 5 0 3 80 311 1 5 1 35 80
4/4 21 0 1 0 0 80 21 0 1 0 0 80 21 0 1 1 5 80 21 0 1 1 5 80 21 0 1 0 1 80 21 0 1 0 1 80 21 0 1 1 15 80 21 0 1 1 15 80 21 0 1 0 2 80 21 0 1 0 2 80 21 0 1 1 25 80 21 0 1 1 25 80 21 0 1 0 3 80 21 0 1 0 3 80 21 0 1 1 35 80 21 0 1 1 35 80
4/4 311 0 1 0 0 80 312 0 1 0 0 80 311 0 1 1 5 80 312 0 1 1 5 80 311 0 1 0 1 80 312 0 1 0 1 80 311 0 1 1 15 80 312 0 1 1 15 80 311 0 1 0 2 80 312 0 1 0 2 80 311 0 1 1 25 80 312 0 1 1 25 80 311 0 1 0 3 80 312 0 1 0 3 80 311 0 1 1 35 80 312 0 1 1 35 80
4/4 41 0 1 0 0 80 11 0 1 0 0 80 42 0 1 0 0 80 41 1 5 1 5 80 41 1 5 0 1 80 41 0 1 1 15 80 11 0 1 1 15 80 42 0 1 1 15 80 41 1 5 0 2 80 41 1 5 1 25 80 41 0 1 0 3 80 11 0 1 0 3 80 42 0 1 0 3 80 41 1 5 1 35 80
4/4 51 0 1 0 0 110 21 0 1 0 0 110 52 0 1 0 0 110
4/4 11 1 5 0 0 80 11 1 5 1 5 80 11 1 5 0 1 80 11 1 5 1 15 80 11 1 5 0 2 80 11 1 5 1 25 80 11 1 5 0 3 80 11 1 5 1 35 80
4/4 11 1 5 0 0 80 11 1 5 1 5 80 11 1 5 0 1 80 11 1 5 1 15 80 11 1 5 0 2 80 11 1 5 1 25 80 11 1 5 0 3 80 11 1 5 1 35 80
4/4 11 1 5 0 0 80 11 1 5 1 5 80 11 1 5 0 1 80 11 1 5 1 15 80 11 1 5 0 2 80 11 1 5 1 25 80 11 1 5 0 3 80 11 1 5 1 35 80
4/4 11 1 5 0 0 80 11 1 5 1 5 80 11 1 5 0 1 80 11 1 5 1 15 80 11 1 5 0 2 80 11 1 5 1 25 80 11 1 5 0 3 80 11 1 5 1 35 80
4/4 11 1 5 0 0 80 11 1 5 1 5 80 11 1 5 0 1 80 11 1 5 1 15 80 11 1 5 0 2 80 11 1 5 1 25 80 11 1 5 0 3 80 11 1 5 1 35 80
4/4 11 1 5 0 0 80 11 1 5 1 5 80 11 1 5 0 1 80 11 1 5 1 15 80 11 1 5 0 2 80 11 1 5 1 25 80 11 1 5 0 3 80 11 1 5 1 35 80
4/4 611 1 5 0 0 80 611 1 5 1 5 80 611 0 1 0 1 80 611 0 1 0 1 80 611 0 1 1 15 80 611 0 1 1 15 80 611 0 1 0 2 80 611 0 1 0 2 80 611 0 1 1 25 80 611 0 1 1 25 80 611 0 1 0 3 80 611 0 1 0 3 80 611 0 1 1 35 80 611 0 1 1 35 80
4/4 711 0 1 0 0 80 711 0 1 0 0 80 711 0 1 1 5 80 711 0 1 1 5 80 711 0 1 0 1 80 711 0 1 0 1 80 711 0 1 1 15 80 711 0 1 1 15 80 711 0 1 0 2 80 711 0 1 0 2 80 711 0 1 1 25 80 711 0 1 1 25 80 711 0 1 0 3 80 711 0 1 0 3 80 711 0 1 1 35 80 711 0 1 1 35 80
2/4
4/4 11 0 1 0 0 110 11 0 1 0 0 110
4/4 11 0 1 0 0 110 11 0 1 0 0 110
4/4 11 0 1 0 0 110 11 0 1 0 0 110
4/4 11 0 1 0 0 110 11 0 1 0 0 110
4/4 11 0 1 0 0 110 11 0 1 0 0 110 11 0 1 0 2 80 11 0 1 0 2 80 11 0 1 1 35 110 11 0 1 1 35 110
