4/4 54 1 5 0 0 87 54 1 5 1 5 76 54 1 5 0 1 82 54 1 5 1 15 78 54 0 1 0 2 80 54 1 5 0 3 86 54 1 5 1 35 86
4/4 54 1 5 0 0 79 44 1 5 1 5 80 44 1 5 0 1 75 314 0 1 1 15 88 23 0 1 1 25 70 23 1 5 1 35 82
4/4 54 1 5 0 0 71 54 1 5 1 5 86 54 1 5 0 1 84 54 1 5 1 15 87 54 0 1 0 2 88 54 1 5 0 3 80 54 1 5 1 35 83
4/4 54 1 5 0 0 70 44 1 5 1 5 73 44 1 5 0 1 75 314 0 1 1 15 72 23 1 15 1 25 88
4/4 53 0 1 0 0 73 12 0 1 0 0 71 314 0 1 0 2 89 12 0 1 0 2 72
4/4 43 0 1 0 0 76 22 0 1 0 0 73 44 0 1 0 2 80 22 0 1 0 2 81
4/4 54 0 1 0 0 90 22 0 1 0 0 72 714 0 1 0 2 90 53 0 1 0 2 72
4/4 14 0 1 0 0 74 54 0 1 0 0 78 22 0 1 0 0 78 714 0 1 0 1 70 54 0 1 0 1 87 22 0 1 0 1 74 14 0 1 0 2 71 54 0 1 0 2 78 22 0 1 0 2 82 24 0 1 0 3 77 54 0 1 0 3 79 22 0 1 0 3 85
4/4 314 1 5 0 0 79 14 0 1 0 0 77 53 1 5 1 5 77 13 1 5 0 1 90 13 0 1 0 1 71 53 1 5 1 15 88 54 1 5 0 2 70 54 0 1 0 2 70 53 1 5 1 25 89 13 1 5 0 3 79 13 0 1 0 3 77 53 1 5 1 35 76
4/4 314 1 5 0 0 71 314 0 1 0 0 79 53 1 5 1 5 79 13 1 5 0 1 86 13 0 1 0 1 79 53 1 5 1 15 76 54 1 5 0 2 81 54 0 1 0 2 89 53 1 5 1 25 87 13 1 5 0 3 88 13 0 1 0 3 78 53 1 5 1 35 82
4/4 314 1 5 0 0 83 314 0 1 0 0 79 53 1 5 1 5 78 13 1 5 0 1 71 13 0 1 0 1 75 53 1 5 1 15 89 54 1 5 0 2 85 54 0 1 0 2 78 53 1 5 1 25 72 13 1 5 0 3 85 13 0 1 0 3 70 53 1 5 1 35 80
4/4 314 0 1 0 0 74 12 0 1 0 0 80 44 0 1 0 1 72 54 0 1 0 2 73 314 0 1 0 2 79 12 0 1 0 2 73 14 0 1 0 3 72 314 0 1 0 3 79 12 0 1 0 3 90
4/4 314 1 5 0 0 77 314 0 1 0 0 84 53 1 5 1 5 74 13 1 5 0 1 79 13 0 1 0 1 82 53 1 5 1 15 89 54 1 5 0 2 80 54 0 1 0 2 89 53 1 5 1 25 90 13 1 5 0 3 75 13 0 1 0 3 88 53 1 5 1 35 77
4/4 314 1 5 0 0 79 314 0 1 0 0 71 53 1 5 1 5 73 13 1 5 0 1 87 13 0 1 0 1 78 53 1 5 1 15 88 63 0 1 0 2 70 43 0 1 0 2 86 713 0 1 0 3 71
4/4 313 0 1 0 0 78 613 0 1 0 0 72 12 0 1 0 0 79 713 1 5 1 5 81 13 1 5 0 1 79 523 0 1 1 15 79 613 0 1 1 15 71 22 0 1 1 15 74 13 1 5 1 25 70 23 1 5 0 3 76 53 0 1 1 35 82 713 0 1 1 35 90 313 0 1 1 35 89
4/4 53 0 1 0 0 87 713 0 1 0 0 72 313 0 1 0 0 72 23 1 5 1 5 81 314 1 5 0 1 74 43 0 1 1 15 81 613 0 1 1 15 81 43 0 1 1 15 70 43 0 1 1 25 71 613 0 1 1 25 77 12 0 1 1 25 84
4/4 12 0 1 0 0 82 313 0 1 0 0 84 53 0 1 0 0 82 12 0 1 0 0 76
4/4 53 0 1 0 0 71 13 0 1 0 0 76 43 0 1 0 0 87 53 0 1 1 15 77 13 0 1 1 15 75 313 0 1 1 15 74 53 0 1 0 3 70 22 0 1 0 3 85
4/4 313 0 1 0 0 88 53 0 1 0 0 74 13 0 1 0 0 74 313 0 1 0 0 81 43 1 5 0 3 71 313 0 1 1 35 86 12 0 1 1 35 79
4/4 313 0 1 0 0 85 12 0 1 0 0 77 313 0 1 1 5 90 12 0 1 1 5 72 313 0 1 0 1 77 12 0 1 0 1 84 313 0 1 1 15 79 12 0 1 1 15 83 313 0 1 0 2 90 12 0 1 0 2 81 313 0 1 1 25 76 12 0 1 1 25 74 313 0 1 0 3 74 12 0 1 0 3 70 313 0 1 1 35 79 12 0 1 1 35 76
4/4 54 1 5 0 0 90 54 1 5 1 5 85 54 1 5 0 1 85 54 1 5 1 15 75 54 0 1 0 2 77 54 1 5 0 3 79 54 1 5 1 35 80
4/4 54 1 5 0 0 70 44 0 1 1 5 83 314 0 1 1 15 70 23 0 1 1 25 90 23 1 5 1 35 74
4/4 314 1 5 0 0 81 314 1 5 1 5 86 314 0 1 0 1 72 314 1 5 0 2 84 314 1 5 1 25 71 44 1 5 0 3 74 314 1 5 1 35 90
4/4 314 1 5 0 0 82 314 1 5 1 5 87 44 1 5 0 1 87 314 0 1 1 15 85 23 1 15 1 25 87
4/4 13 2 175 0 0 75 14 0 1 0 2 90 313 0 1 0 2 88
4/4 714 0 1 0 0 85 22 0 1 0 0 85 14 2 175 0 2 79
4/4 14 0 1 0 0 71 43 0 1 0 0 77 714 1 5 1 25 80 614 1 5 0 3 71 54 0 1 1 35 87 22 0 1 1 35 84
4/4 54 0 1 0 0 89 22 0 1 0 0 85
4/4 12 0 1 0 0 72 52 0 1 0 0 89 12 0 1 1 5 74 52 0 1 1 5 87 12 0 1 0 1 73 52 0 1 0 1 79 12 0 1 1 15 72 52 0 1 1 15 81 12 0 1 1 25 86 52 0 1 1 25 72 12 0 1 1 35 75 52 0 1 1 35 82
4/4 22 0 1 0 0 83 52 0 1 0 0 82 22 0 1 1 5 78 42 0 1 1 5 85 712 0 1 1 15 77 312 0 1 1 15 73 712 0 1 1 25 80 21 0 1 1 25 89 712 0 1 1 35 83 21 0 1 1 35 74
4/4 12 0 1 0 0 87 312 0 1 0 0 89 12 0 1 0 1 87 312 0 1 0 1 71 12 0 1 0 2 80 312 0 1 0 2 89 12 0 1 1 25 89 312 0 1 1 25 75 12 0 1 0 3 87 42 0 1 0 3 89 12 0 1 1 35 84 312 0 1 1 35 82
4/4 612 0 1 0 0 84 312 0 1 0 0 84 612 0 1 1 5 71 21 0 1 1 5 72 612 0 1 0 1 81 21 0 1 0 1 88 612 0 1 1 15 74 21 0 1 1 15 86 612 0 1 1 25 90 11 0 1 1 25 76
4/4 53 1 5 0 0 85 12 0 1 0 0 76 12 3 1333 1 5 84 13 1 5 0 1 73 12 1 5 1 15 76 53 1 5 0 2 70 313 2 175 0 2 76 12 1 5 1 25 76 13 1 5 0 3 71 12 1 5 1 35 78
4/4 53 1 5 0 0 72 53 2 175 0 0 73 12 1 5 1 5 76 13 1 5 0 1 75 12 1 5 1 15 77 53 1 5 0 2 89 313 2 175 0 2 77 12 1 5 1 25 77 13 1 5 0 3 72 12 1 5 1 35 89
4/4 53 1 5 0 0 77 22 0 1 0 0 90 22 3 1333 1 5 70 713 1 5 0 1 85 22 1 5 1 15 81 53 1 5 0 2 71 313 2 175 0 2 76 22 1 5 1 25 75 713 1 5 0 3 86 22 1 5 1 35 87
4/4 53 1 5 0 0 77 22 0 1 0 0 89 22 3 1333 1 5 88 713 1 5 0 1 71 22 1 5 1 15 79 53 1 5 0 2 76 12 2 175 0 2 88 22 1 5 1 25 74 713 1 5 0 3 73 22 1 5 1 35 89
4/4 43 1 5 0 0 89 12 0 4 0 0 71 43 1 5 1 5 72 43 1 5 0 1 80 43 1 5 1 15 82 43 1 5 0 2 84 43 1 5 1 25 90 43 1 5 0 3 72 43 1 5 1 35 79
4/4 313 1 5 0 0 76 12 0 3 0 0 78 313 1 5 1 5 79 313 1 5 0 1 73 313 1 5 1 15 84 22 1 5 0 2 77 22 1 5 1 25 75 22 1 5 0 3 74 53 0 1 0 3 78 22 1 5 1 35 78
4/4 313 0 1 0 0 79 11 0 1 0 0 89 13 0 1 0 0 90 713 0 1 0 1 82 13 0 1 0 2 86 12 0 1 0 3 71 611 0 1 0 3 80 53 0 1 0 3 89
4/4 12 0 1 0 0 71 611 0 1 0 0 81 53 0 1 0 0 70 43 0 1 0 1 80 313 0 1 0 2 84 43 0 1 0 3 73
4/4 22 0 1 0 0 85 51 0 1 0 0 83 53 0 1 0 0 75 12 0 1 0 1 73 12 0 1 0 2 79 12 0 1 0 3 83 51 0 1 0 3 79 43 0 1 0 3 79
4/4 12 0 1 0 0 75 51 0 1 0 0 83 43 0 1 0 0 82 313 0 1 0 1 72 12 2 175 0 2 76
4/4 12 0 1 0 0 83 43 0 1 0 0 76 612 0 1 0 0 84
4/4 22 0 1 0 0 90 53 0 1 0 0 87 712 0 1 0 0 75 22 0 1 0 2 82 52 0 1 0 2 83
4/4 12 0 1 0 0 71 312 0 1 0 0 85 13 0 3 0 0 70 13 1 5 0 3 70 23 1 5 1 35 84
4/4 314 0 1 0 0 72 52 0 1 0 0 77 23 1 5 0 1 76 44 0 1 1 15 76 613 0 1 1 15 84 42 0 1 1 15 71 314 0 1 1 25 79 313 0 1 1 35 72 53 0 1 1 35 73 12 0 1 1 35 75
4/4 313 0 1 0 0 77 53 0 1 0 0 89 12 0 1 0 0 90 12 0 1 0 3 80 313 0 1 0 3 75 52 0 1 0 3 76
4/4 53 0 1 0 0 89 13 0 1 0 0 87 43 0 1 0 0 79 314 1 5 0 1 81 23 0 1 1 15 86 52 0 1 1 15 74 53 0 1 1 25 83 12 0 1 1 25 83 22 0 1 1 35 71 53 0 1 1 35 86 22 0 1 1 35 86
4/4 22 0 1 0 0 71 53 0 1 0 0 71 22 0 1 0 0 73 22 0 1 0 3 75 52 0 1 0 3 76
4/4 314 0 1 0 0 90 52 0 1 0 0 88 23 1 5 0 1 87 13 0 1 1 15 86 52 0 1 1 15 74 53 0 1 1 25 81 712 0 1 1 25 74 12 0 1 1 35 71 43 0 1 1 35 70 12 0 1 1 35 78
4/4 12 0 1 0 0 75 43 0 1 0 0 86 12 0 1 0 0 80 314 0 1 1 15 81 54 0 1 1 15 76 314 0 1 1 15 88 614 0 1 0 3 90 14 0 1 0 3 83 614 0 1 0 3 78
4/4 614 0 1 0 0 75 14 0 1 0 0 88 614 0 1 0 0 74 15 0 1 1 5 72 315 0 1 1 5 70 13 0 1 1 5 79 15 0 1 0 1 89 315 0 1 0 1 71 13 0 1 0 1 86 53 0 1 0 2 87 12 0 1 0 2 75 713 0 1 0 3 75 22 0 1 0 3 86
4/4 53 0 1 0 0 79 12 0 1 0 0 70 314 2 125 0 0 89 43 0 1 1 15 74 613 0 1 1 15 78 22 0 1 1 15 86 43 0 1 0 2 81 612 0 1 0 2 73 23 2 125 0 2 87 43 0 1 1 35 78 613 0 1 1 35 84 22 0 1 1 35 84
4/4 44 3 1333 0 0 80 23 0 1 0 0 89 52 0 1 0 0 74 44 0 1 1 15 78 23 0 1 1 15 75 52 0 1 1 15 80 314 0 1 0 2 72 62 0 1 0 2 79 23 1 5 0 3 90 313 0 1 1 35 70 53 0 1 1 35 77 12 0 1 1 35 82
4/4 313 0 1 0 0 70 53 0 1 0 0 80 12 0 1 0 0 70 44 0 1 0 1 76 44 0 1 0 1 83 54 0 1 0 2 72 54 0 1 0 2 76 53 0 1 0 3 85 313 0 1 0 3 75 11 0 1 0 3 86
4/4 53 0 1 0 0 71 13 0 1 0 0 73 43 0 1 0 0 79 314 1 5 0 1 82 23 0 1 1 15 88 52 0 1 1 15 72 53 0 1 1 25 85 12 0 1 1 25 82 22 0 1 1 35 78 52 0 1 1 35 74 23 1 5 1 35 84
4/4 22 0 1 0 0 72 52 0 1 0 0 70 23 0 1 0 0 71 23 1 15 1 5 70 54 1 5 0 1 77 23 2 125 1 15 84 14 1 5 0 2 81 23 1 5 1 25 79 53 0 1 0 3 75 21 0 1 0 3 70 53 1 5 1 35 71
4/4 314 0 1 0 0 81 62 0 1 0 0 83 23 1 5 0 1 85 13 0 1 1 15 88 62 0 1 1 15 84 63 0 1 1 25 75 712 0 1 1 25 77 313 0 1 1 35 83 612 0 1 1 35 89
4/4 313 0 1 0 0 80 612 0 1 0 0 74 12 0 1 0 3 78 42 0 1 0 3 80
4/4 22 0 1 0 0 71 712 0 1 0 0 74 313 0 1 0 3 82 12 0 1 0 3 83
4/4 43 0 1 0 0 90 12 0 1 0 0 75 12 0 1 0 3 83 52 0 1 0 3 72
4/4 313 0 1 0 0 86 12 0 1 0 0 78 53 0 1 0 3 80 22 0 1 0 3 70
4/4 53 0 1 0 0 70 13 0 1 0 0 76 313 0 1 0 0 79
4/4 53 0 1 0 0 89 13 0 1 0 0 71 313 0 1 0 0 74
4/4 53 0 1 0 0 76 13 0 1 0 0 83 313 0 1 0 0 81 12 0 1 0 3 79 52 0 1 0 3 75
4/4 53 0 1 0 0 85 12 0 1 0 0 80 713 1 5 0 1 87 63 0 1 1 15 79 12 0 1 1 15 87 43 0 1 1 25 73 22 0 1 1 25 78 13 0 1 1 35 74 22 0 1 1 35 87
4/4 313 0 1 0 0 75 12 0 1 0 0 73
4/4 53 0 1 0 0 72 13 0 1 0 0 74 43 0 1 0 0 90 53 0 1 1 15 75 13 0 1 1 15 82 313 0 1 1 15 86 53 0 1 0 3 75 22 0 1 0 3 81
4/4 313 0 1 0 0 74 53 0 1 0 0 86 13 0 1 0 0 82 313 0 1 0 0 77 43 1 5 0 3 85 313 0 1 1 35 71 12 0 1 1 35 89
4/4 313 0 1 0 0 90 12 0 1 0 0 81 313 0 1 1 5 83 12 0 1 1 5 74 313 0 1 0 1 70 12 0 1 0 1 79 313 0 1 1 15 89 12 0 1 1 15 77 313 0 1 0 2 83 12 0 1 0 2 76 313 0 1 1 25 82 12 0 1 1 25 75 313 0 1 0 3 90 12 0 1 0 3 72 313 0 1 1 35 76 12 0 1 1 35 81
4/4 54 1 5 0 0 85 54 1 5 1 5 70 54 1 5 0 1 89 54 1 5 1 15 85 54 1 5 0 2 90 54 1 5 1 25 74 54 1 5 0 3 87 54 1 5 1 35 75
4/4 54 0 1 0 0 80 44 1 5 0 1 87 314 0 1 1 15 90 23 0 1 1 25 80 23 1 5 1 35 82
4/4 314 1 5 0 0 90 314 1 5 1 5 80 314 1 5 0 1 86 314 1 5 1 15 86 314 1 5 0 2 74 314 1 5 1 25 81 44 1 5 0 3 90 314 1 5 1 35 87
4/4 314 1 5 0 0 80 314 1 5 1 5 80 44 1 5 0 1 77 314 0 1 1 15 86 23 1 15 1 25 77
4/4 13 2 175 0 0 79 14 0 1 0 2 71 313 0 1 0 2 78
4/4 714 0 1 0 0 90 22 0 1 0 0 79 14 1 15 0 2 82 14 1 5 1 35 90
4/4 14 0 1 0 0 71 43 0 1 0 0 81 614 1 5 0 3 89 54 0 1 1 35 90 22 0 1 1 35 83
4/4 54 0 1 0 0 84 22 0 1 0 0 74
4/4 54 0 1 0 0 90 52 0 1 0 0 70 54 0 1 0 1 72 52 0 1 0 1 73 54 0 1 1 15 73 52 0 1 1 15 76 54 0 1 0 2 81 52 0 1 0 2 76 54 0 1 1 25 72 52 0 1 1 25 85 54 0 1 0 3 76 52 0 1 0 3 79 54 0 1 1 35 71 52 0 1 1 35 78
4/4 54 0 1 0 0 86 52 0 1 0 0 90 44 0 1 1 5 80 42 0 1 1 5 80 44 0 1 0 1 72 42 0 1 0 1 84 314 0 1 1 15 73 312 0 1 1 15 79 23 0 1 1 25 74 21 0 1 1 25 80 23 0 1 1 35 77 21 0 1 1 35 86
4/4 314 0 1 0 0 71 312 0 1 0 0 78 314 0 1 1 5 81 312 0 1 1 5 84 314 0 1 0 1 70 312 0 1 0 1 86 314 0 1 1 15 79 312 0 1 1 15 89 314 0 1 0 2 89 312 0 1 0 2 80 314 0 1 1 25 83 312 0 1 1 25 87 44 0 1 0 3 78 42 0 1 0 3 77 314 0 1 1 35 83 312 0 1 1 35 70
4/4 314 0 1 0 0 73 312 0 1 0 0 85 23 0 1 1 5 72 21 0 1 1 5 80 23 0 1 0 1 88 21 0 1 0 1 86 23 0 1 1 15 86 21 0 1 1 15 74 12 0 1 1 25 75 12 0 1 1 25 83
4/4 12 0 1 0 0 76 13 1 15 0 0 84 53 1 5 0 0 79 12 3 1333 1 5 74 13 2 75 0 1 78 12 1 5 1 15 89 313 0 1 0 2 70 313 0 1 0 2 78 53 1 5 0 2 83 12 1 5 1 25 89 13 1 5 0 3 86 12 1 5 1 35 73
4/4 53 1 5 0 0 86 54 0 1 0 0 84 52 0 1 0 0 80 12 1 5 1 5 83 13 1 5 0 1 85 12 1 5 1 15 87 313 0 1 0 2 79 313 0 1 0 2 74 53 1 5 0 2 86 12 1 5 1 25 83 13 1 5 0 3 76 12 1 5 1 35 81
4/4 22 0 1 0 0 84 23 2 175 0 0 72 53 1 5 0 0 78 22 3 1333 1 5 85 713 1 5 0 1 72 22 1 5 1 15 90 313 0 1 0 2 77 313 0 1 0 2 79 53 1 5 0 2 76 22 1 5 1 25 79 713 1 5 0 3 90 22 1 5 1 35 89
4/4 22 0 1 0 0 73 23 2 175 0 0 88 53 1 5 0 0 78 22 3 1333 1 5 75 713 1 5 0 1 90 22 1 5 1 15 78 12 0 1 0 2 73 12 0 1 0 2 71 53 1 5 0 2 85 22 1 5 1 25 77 713 1 5 0 3 83 22 1 5 1 35 81
4/4 12 0 4 0 0 70 13 0 4 0 0 80 43 1 5 0 0 81 43 1 5 1 5 90 43 1 5 0 1 75 43 1 5 1 15 84 43 1 5 0 2 78 43 1 5 1 25 72 43 1 5 0 3 79 43 1 5 1 35 85
4/4 313 1 5 0 0 85 12 0 3 0 0 89 13 3 2667 0 0 82 313 1 5 1 5 71 313 1 5 0 1 87 313 1 5 1 15 85 22 1 5 0 2 80 22 1 5 1 25 78 53 0 1 0 3 82 22 1 5 0 3 73 22 1 5 1 35 78
4/4 13 0 1 0 0 86 313 0 1 0 0 83 11 0 1 0 0 87 713 0 1 0 1 86 13 0 1 0 2 84 53 0 1 0 3 83 12 0 1 0 3 90 611 0 1 0 3 83
4/4 53 0 1 0 0 73 12 0 1 0 0 70 611 0 1 0 0 88 43 0 1 0 1 89 313 0 1 0 2 74 43 0 1 0 3 87
4/4 53 0 1 0 0 84 22 0 1 0 0 85 51 0 1 0 0 76 12 0 1 0 1 81 12 0 1 0 2 81 43 0 1 0 3 73 12 0 1 0 3 77 51 0 1 0 3 76
4/4 43 0 1 0 0 78 12 0 1 0 0 80 51 0 1 0 0 78 313 0 1 0 1 75 12 2 175 0 2 76
4/4 12 0 1 0 0 88 43 0 1 0 0 83 612 0 1 0 0 86
4/4 22 0 1 0 0 90 53 0 1 0 0 75 712 0 1 0 0 86 22 0 1 0 2 87 52 0 1 0 2 75
4/4 12 0 1 0 0 83 312 0 1 0 0 77 13 0 3 0 0 82 53 0 1 0 3 88 12 0 1 0 3 74 23 1 5 1 35 73
4/4 314 0 1 0 0 85 52 0 1 0 0 75 23 1 5 0 1 81 44 0 1 1 15 89 613 0 1 1 15 87 42 0 1 1 15 79 314 0 1 1 25 80 313 0 1 1 35 70 53 0 1 1 35 73 12 0 1 1 35 72
4/4 313 0 1 0 0 72 53 0 1 0 0 72 12 0 1 0 0 70 12 0 1 0 3 77 313 0 1 0 3 70 52 0 1 0 3 90
4/4 53 0 1 0 0 84 13 0 1 0 0 74 43 0 1 0 0 90 314 1 5 0 1 72 23 0 1 1 15 75 52 0 1 1 15 90 53 0 1 1 25 81 12 0 1 1 25 78 22 0 1 1 35 72 53 0 1 1 35 74 22 0 1 1 35 82
4/4 22 0 1 0 0 87 53 0 1 0 0 90 22 0 1 0 0 74 22 0 1 0 3 82 52 0 1 0 3 74
4/4 314 0 1 0 0 86 52 0 1 0 0 70 23 1 5 0 1 83 13 0 1 1 15 72 52 0 1 1 15 82 53 0 1 1 25 71 712 0 1 1 25 84 12 0 1 1 35 81 43 0 1 1 35 81 12 0 1 1 35 85
4/4 12 0 1 0 0 79 43 0 1 0 0 77 12 0 1 0 0 81 314 0 1 1 15 72 54 0 1 1 15 72 314 0 1 1 15 74 614 0 1 0 3 82 14 0 1 0 3 89 614 0 1 0 3 88
4/4 614 0 1 0 0 73 14 0 1 0 0 79 614 0 1 0 0 71 15 0 1 1 5 74 315 0 1 1 5 84 13 0 1 1 5 71 15 0 1 0 1 71 315 0 1 0 1 82 13 0 1 0 1 90 53 0 1 0 2 87 12 0 1 0 2 72 713 0 1 0 3 73 22 0 1 0 3 89
4/4 53 0 1 0 0 71 12 0 1 0 0 83 314 2 125 0 0 88 43 0 1 1 15 83 613 0 1 1 15 84 22 0 1 1 15 77 43 0 1 0 2 77 612 0 1 0 2 89 23 2 125 0 2 84 43 0 1 1 35 72 613 0 1 1 35 88 22 0 1 1 35 74
4/4 44 3 1333 0 0 83 23 0 1 0 0 89 52 0 1 0 0 77 44 0 1 1 15 82 23 0 1 1 15 70 52 0 1 1 15 82 314 0 1 0 2 79 62 0 1 0 2 80 63 0 1 0 3 81 22 0 1 0 3 82 313 0 1 1 35 80 53 0 1 1 35 88 12 0 1 1 35 90
4/4 313 0 1 0 0 71 53 0 1 0 0 74 12 0 1 0 0 74 44 0 1 0 1 84 44 0 1 0 1 86 54 0 1 0 2 84 54 0 1 0 2 86 53 0 1 0 3 71 313 0 1 0 3 77 11 0 1 0 3 71
4/4 53 0 1 0 0 84 13 0 1 0 0 88 43 0 1 0 0 74 314 1 5 0 1 77 23 0 1 1 15 74 52 0 1 1 15 82 53 0 1 1 25 80 12 0 1 1 25 82 22 0 1 1 35 90 52 0 1 1 35 71 23 1 5 1 35 81
4/4 22 0 1 0 0 78 52 0 1 0 0 79 23 0 1 0 0 85 23 1 15 1 5 79 54 1 5 0 1 70 23 2 125 1 15 81 14 1 5 0 2 75 23 1 5 1 25 74 53 0 1 0 3 77 21 0 1 0 3 77 53 1 5 1 35 72
4/4 314 0 1 0 0 87 62 0 1 0 0 89 23 1 5 0 1 77 63 0 1 1 15 90 12 0 1 1 15 90 63 0 1 1 25 89 712 0 1 1 25 70 313 0 1 1 35 71 612 0 1 1 35 81
4/4 313 0 1 0 0 80 612 0 1 0 0 79 12 0 1 0 3 77 42 0 1 0 3 79
4/4 22 0 1 0 0 78 712 0 1 0 0 74 313 0 1 0 3 75 12 0 1 0 3 85
4/4 43 0 1 0 0 84 12 0 1 0 0 89 12 0 1 0 3 76 52 0 1 0 3 86
4/4 313 0 1 0 0 74 12 0 1 0 0 78 53 0 1 0 3 71 22 0 1 0 3 76 23 1 5 1 35 89
4/4 53 0 1 0 0 71 13 0 1 0 0 85 313 0 1 0 0 86
4/4 53 0 1 0 0 80 13 0 1 0 0 82 313 0 1 0 0 90
4/4 53 0 1 0 0 90 13 0 1 0 0 71 313 0 1 0 0 90 12 0 1 0 3 79 52 0 1 0 3 77
4/4 53 0 1 0 0 86 12 0 1 0 0 90 713 1 5 0 1 71 63 0 1 1 15 72 12 0 1 1 15 84 43 0 1 1 25 80 22 0 1 1 25 83 13 0 1 1 35 74 22 0 1 1 35 81
4/4 313 0 1 0 0 76 12 0 1 0 0 83 12 0 1 1 15 70 33 0 1 1 15 70 62 0 1 1 15 80 12 0 1 0 3 89 33 0 1 0 3 89 72 0 1 0 3 85
4/4 12 0 1 0 0 74 33 0 1 0 0 77 72 0 1 0 0 74 12 0 1 1 5 72 33 0 1 1 5 88 62 0 1 1 5 79 12 0 1 0 2 72 52 0 1 0 2 89 22 0 1 0 3 87 712 0 1 0 3 79
4/4 14 0 1 0 0 89 13 1 15 0 0 70 314 3 3667 0 0 80 24 0 1 1 15 73 23 2 125 1 15 71 315 0 1 0 3 75 313 0 1 0 3 75
4/4 315 0 1 0 0 87 313 0 1 0 0 72 45 0 1 1 5 82 43 0 1 1 5 82 55 0 1 0 2 90 53 0 1 0 2 76 615 0 1 0 3 86 613 0 1 0 3 73
4/4 714 1 5 0 1 71 614 1 5 1 15 82 714 1 5 0 2 90 614 1 5 1 25 80 714 1 5 0 3 86 614 1 5 1 35 80
4/4 714 1 5 0 0 78 614 1 5 1 5 77 714 1 5 0 1 88 614 1 5 1 15 70 714 1 5 0 2 87 14 1 5 1 25 85 14 0 1 0 3 78
4/4 14 1 5 0 1 75 714 1 5 1 15 82 14 1 5 0 2 74 714 1 5 1 25 86 14 1 5 0 3 76 714 1 5 1 35 77
4/4 14 1 5 0 0 81 714 1 5 1 5 79 14 1 5 0 1 85 714 1 5 1 15 86 14 1 5 0 2 78 714 1 5 1 25 86 14 1 5 0 3 75 45 1 5 1 35 90
4/4 315 0 1 0 0 90 614 0 1 0 0 73 313 0 1 0 0 82
4/4 714 0 1 0 0 84 54 0 1 0 0 82 712 0 1 0 0 84 614 1 5 1 35 87
4/4 613 0 1 0 0 90 44 0 1 0 0 77 613 0 1 0 0 76 315 0 1 0 2 79 53 0 1 0 2 84 55 1 5 1 35 70
4/4 55 0 1 0 0 83 14 0 1 0 0 88 53 0 1 0 0 87 615 1 5 1 15 82 615 2 25 0 2 84 55 2 25 2 225 81 45 2 25 1 25 71 14 2 25 2 275 87 614 2 25 0 3 86 54 2 25 2 325 70 44 2 25 1 35 87 13 2 25 2 375 86
4/4 54 0 1 0 1 80 712 0 1 0 1 83 54 0 1 1 15 90 712 0 1 1 15 82 54 0 1 0 2 70 712 0 1 0 2 79 54 0 1 1 25 72 712 0 1 1 25 87 54 0 1 0 3 72 712 0 1 0 3 73 54 0 1 1 35 86 712 0 1 1 35 75
4/4 54 0 1 0 0 73 12 0 1 0 0 84 614 1 5 1 5 75 614 0 1 0 1 87 12 0 1 0 1 72 614 0 1 1 15 89 12 0 1 1 15 77 614 0 1 0 2 84 12 0 1 0 2 76 614 0 1 1 25 86 12 0 1 1 25 88 614 0 1 0 3 87 12 0 1 0 3 88
4/4 714 0 1 0 1 90 22 0 1 0 1 76 14 0 1 0 2 76 54 0 1 0 3 76 22 0 1 0 3 89 54 1 5 1 35 70
4/4 315 0 1 0 0 88 613 0 1 0 0 85 24 1 5 1 5 87 14 1 5 0 1 79 24 0 1 1 15 70 613 0 1 1 15 74 14 1 5 1 25 87 24 1 5 0 3 70 14 1 5 1 35 73
4/4 24 0 1 0 0 76 54 0 1 0 0 86 313 0 1 0 0 72
4/4 315 0 1 0 0 75 14 0 1 0 0 84 613 0 1 0 0 74 14 0 1 0 2 78 43 0 1 0 2 73 24 0 1 0 3 75
4/4 14 0 4 0 0 79 54 0 1 0 0 90 22 0 1 0 0 90
4/4 14 3 2667 0 0 85 54 0 1 0 0 90 22 0 1 0 0 72 14 0 1 0 3 88
4/4 24 0 1 0 0 89 714 0 1 0 0 73 54 0 1 0 0 86 22 0 1 0 0 81
4/4 315 0 1 0 0 89 313 0 1 0 0 88 45 0 1 0 2 71 43 0 1 0 2 90
2/4 46 0 1 0 0 80 36 0 1 0 0 88 24 0 1 0 0 77 15 0 1 3 333 73 75 0 1 3 333 84 64 0 1 3 333 89 55 0 1 3 667 76 45 0 1 3 667 78 34 0 1 3 667 80 24 0 1 0 1 78 14 0 1 0 1 90 73 0 1 0 1 88 64 0 1 2 125 78 53 0 1 2 125 72 44 1 5 1 15 80
4/4 314 0 1 0 0 88 312 0 1 0 0 72 614 0 1 0 1 78 612 0 1 0 1 71 714 0 1 0 2 90 314 0 1 0 2 89 712 0 1 0 2 90 14 0 1 0 3 76 314 0 1 0 3 90 12 0 1 0 3 88
4/4 24 3 1333 0 0 84 54 0 1 0 0 75 22 0 1 0 0 83 55 3 1333 1 15 70 24 0 1 1 15 78 614 0 1 1 15 75 53 0 1 1 15 73 45 0 1 0 3 73 14 0 1 0 3 75 53 0 1 0 3 80
4/4 315 0 1 0 0 76 614 0 1 0 0 73 313 0 1 0 0 73 54 0 1 1 15 84 12 0 1 1 15 75 613 1 5 1 25 81 13 1 5 0 3 70 23 1 5 1 35 81
4/4 314 0 1 0 0 79 612 0 1 0 0 83 13 0 1 1 5 71 53 1 5 1 15 76 613 0 1 0 2 77 53 0 1 0 3 79 43 2 25 2 375 87
4/4 53 1 5 0 0 71 613 0 2 1 5 73 14 0 1 1 25 77 54 0 1 1 25 77 22 0 1 1 25 89 14 0 1 1 35 89 54 0 1 1 35 89 22 0 1 1 35 89
4/4 14 0 1 0 0 71 54 0 1 0 0 73 22 0 1 0 0 84 14 2 25 1 5 76 714 2 25 2 75 83 54 2 25 0 1 87 23 2 25 2 125 70 13 1 5 1 15 85 714 2 75 0 2 76 14 2 75 2 275 80 24 1 5 1 35 87
4/4 315 0 1 0 0 102 313 0 1 0 0 102 614 0 4 0 0 115 314 0 1 2 75 78 314 0 1 2 75 79 314 0 1 3 1333 77 314 0 1 3 1333 76 314 0 1 2 175 87 314 0 1 2 175 70 314 0 1 2 225 90 314 0 1 2 225 72 314 0 1 3 2667 87 314 0 1 3 2667 74 314 0 1 0 3 70 314 0 1 0 3 72
4/4 24 0 1 0 0 77 614 0 1 0 0 90 22 0 1 0 0 86 24 0 1 1 5 73 614 0 1 1 5 74 22 0 1 1 5 88 315 0 1 0 2 72 614 0 1 0 2 73 313 0 1 0 2 76 315 0 1 1 25 79 614 0 1 1 25 76 313 0 1 1 25 80
4/4 54 1 5 0 0 70 53 1 5 1 5 81 13 1 5 0 1 75 23 0 1 1 15 89 13 1 5 1 25 89 54 1 5 0 3 75 53 1 5 1 35 90
4/4 13 1 5 0 0 81 23 0 1 1 5 77 54 1 5 1 15 87 614 1 5 0 2 80 714 1 5 1 25 76 14 1 5 0 3 79 24 1 5 1 35 74
4/4 55 0 1 0 0 80 14 1 5 0 1 73 24 0 1 1 15 80 14 1 5 1 25 89 45 0 1 0 3 75
4/4 14 1 5 0 0 77 24 0 1 1 5 87 14 1 5 1 15 86 24 1 5 0 2 77 54 1 5 1 25 88 14 0 1 0 3 90
4/4 54 1 5 0 0 70 314 0 1 0 0 83 53 0 1 0 0 80 14 3 1333 0 0 73 53 1 5 1 5 70 13 1 5 0 1 77 23 0 1 1 15 83 314 0 1 1 15 87 53 0 1 1 15 85 14 3 1333 1 15 86 13 1 5 1 25 90 54 1 5 0 3 79 314 0 1 0 3 84 54 0 1 0 3 85 13 0 1 0 3 70 53 1 5 1 35 86
4/4 13 1 5 0 0 80 13 0 1 0 0 75 43 0 1 0 0 71 14 3 1333 0 0 84 23 0 1 1 5 88 53 1 5 1 15 79 13 0 1 1 15 78 43 0 1 1 15 88 14 3 1333 1 15 83 13 1 5 0 2 76 23 1 5 1 25 81 54 1 5 0 3 76 13 0 1 0 3 75 44 0 1 0 3 79 13 0 1 0 3 70 53 1 5 1 35 72
4/4 54 1 5 0 0 88 23 0 1 0 0 77 53 0 1 0 0 82 14 3 1333 0 0 87 53 1 5 1 5 78 13 1 5 0 1 77 23 0 1 1 15 80 23 0 1 1 15 83 53 0 1 1 15 73 14 3 1333 1 15 79 13 1 5 1 25 75 54 1 5 0 3 87 23 0 1 0 3 77 54 0 1 0 3 77 13 0 1 0 3 72 53 1 5 1 35 85
4/4 314 0 1 0 0 72 614 0 1 0 0 85 13 0 1 0 0 86 13 1 5 0 0 76 23 1 5 1 5 71 53 1 5 0 1 90 13 1 5 1 15 87 23 1 5 0 2 90 53 1 5 1 25 84 13 1 5 0 3 77 23 1 5 1 35 74
4/4 714 0 1 0 0 87 54 0 1 0 0 89 22 0 1 0 0 71 714 0 1 1 5 87 54 0 1 1 5 72 22 0 1 1 5 79 714 0 1 0 1 71 54 0 1 0 1 82 22 0 1 0 1 87 714 0 1 1 15 72 54 0 1 1 15 90 22 0 1 1 15 72 714 0 1 0 2 84 54 0 1 0 2 70 22 0 1 0 2 85 714 0 1 1 25 79 54 0 1 1 25 85 22 0 1 1 25 76 714 0 1 0 3 74 54 0 1 0 3 82 22 0 1 0 3 70 714 0 1 1 35 73 54 0 1 1 35 90 22 0 1 1 35 82
4/4 14 0 1 0 0 87 54 0 1 0 0 85 22 0 1 0 0 80 14 0 1 1 5 76 54 0 1 1 5 90 22 0 1 1 5 78 14 0 1 0 1 83 54 0 1 0 1 81 22 0 1 0 1 76 14 0 1 1 15 82 54 0 1 1 15 81 22 0 1 1 15 85 24 0 1 0 2 82 54 0 1 0 2 84 22 0 1 0 2 76 24 0 1 1 25 87 54 0 1 1 25 87 22 0 1 1 25 82 24 0 1 0 3 85 54 0 1 0 3 81 22 0 1 0 3 89 24 0 1 1 35 76 54 0 1 1 35 70 22 0 1 1 35 88
4/4 13 3 2667 0 0 85 54 1 5 0 3 87 54 1 5 1 35 85
4/4 54 2 275 0 0 85 13 0 1 0 3 84
4/4 23 1 25 0 0 75 314 1 5 1 25 74 23 1 5 0 3 77 13 1 5 1 35 79
4/4 13 1 35 0 0 79
4/4 13 3 2667 0 0 76 54 1 5 0 3 85 54 1 5 1 35 70
4/4 54 2 275 0 0 74 13 0 1 0 3 79
4/4 23 1 25 0 0 86 314 1 5 1 25 71 23 1 5 0 3 75 13 1 5 1 35 89
4/4 13 1 35 0 0 90
4/4 54 3 2667 0 0 86 13 2 175 0 0 76 714 1 5 0 3 78 14 1 5 1 35 70 54 1 5 1 35 73
4/4 14 2 275 0 0 81 54 3 1833 0 0 85 54 0 1 0 3 70 313 0 1 0 3 82
4/4 24 0 1 0 0 73 53 0 1 0 0 88 315 1 5 1 25 81 45 1 5 0 3 70 315 0 1 1 35 72 13 0 1 1 35 82
4/4 315 0 1 0 0 86 13 0 1 0 0 90
4/4 53 2 175 0 0 84 13 3 2667 0 0 70 54 1 5 0 3 90 54 1 5 1 35 79 13 1 5 1 35 82
4/4 54 2 275 0 0 82 13 3 1833 0 0 86 13 0 1 0 3 77
4/4 53 0 1 0 0 86 22 0 1 0 0 73 314 1 5 1 25 80 23 1 5 0 3 76 53 0 1 1 35 79 12 0 1 1 35 89
4/4 53 0 1 0 0 71 12 0 1 0 0 86 52 0 1 0 2 103 11 0 1 0 2 103 52 0 1 1 25 114 11 0 1 1 25 109
4/4 14 0 3 0 0 71 314 2 175 0 0 82 53 0 1 0 3 90
4/4 613 0 1 0 0 84 13 0 1 0 0 88 43 0 1 0 0 76 314 1 5 0 1 73 23 0 1 1 15 72 612 0 1 1 15 80 613 0 1 1 25 76 12 0 1 1 25 80 22 0 1 1 35 70 53 0 1 1 35 71 22 0 1 1 35 88
4/4 22 0 1 0 0 76 53 0 1 0 0 89 22 0 1 0 0 77 22 0 1 0 3 73 52 0 1 0 3 77
4/4 314 0 1 0 0 78 52 0 1 0 0 82 23 1 5 0 1 76 13 0 1 1 15 84 52 0 1 1 15 74 53 0 1 1 25 87 712 0 1 1 25 86 43 0 1 1 35 85 612 0 1 1 35 72
4/4 43 0 1 0 0 75 612 0 1 0 0 73
4/4 22 0 1 0 0 86 52 0 1 0 0 71 713 3 2667 0 0 83 13 1 5 0 3 81 313 0 1 1 35 73 613 0 1 1 35 79 12 0 1 1 35 85
4/4 313 0 1 0 0 78 613 0 1 0 0 74 12 0 1 0 0 82 313 0 1 0 3 81 52 0 1 0 3 88
4/4 314 3 2667 0 0 77 53 2 175 0 0 72 44 0 1 0 3 75
4/4 53 0 1 0 0 88 13 0 1 0 0 86 313 0 1 0 0 70 12 0 1 0 3 87 313 0 1 0 3 84 52 0 1 0 3 75
4/4 53 0 1 0 0 73 13 0 1 0 0 74 43 0 1 0 0 71 314 1 5 0 1 81 23 0 1 1 15 78 52 0 1 1 15 76 53 0 1 1 25 77 12 0 1 1 25 86 22 0 1 1 35 75 53 0 1 1 35 74 22 0 1 1 35 82
4/4 22 0 1 0 0 76 53 0 1 0 0 90 22 0 1 0 0 87 22 0 1 0 3 84 52 0 1 0 3 80
4/4 314 0 1 0 0 79 52 0 1 0 0 80 23 1 5 0 1 86 13 0 1 1 15 78 52 0 1 1 15 73 53 0 1 1 25 71 712 0 1 1 25 70 12 0 1 1 35 73 43 0 1 1 35 81 12 0 1 1 35 70
4/4 12 0 1 0 0 76 43 0 1 0 0 81 12 0 1 0 0 90
4/4 53 0 1 0 2 79 12 0 1 0 2 82 713 0 1 0 3 78 22 0 1 0 3 72
4/4 53 0 1 0 0 74 12 0 1 0 0 88 314 2 125 0 0 86 43 0 1 1 15 76 613 0 1 1 15 79 22 0 1 1 15 87 43 0 1 0 2 73 612 0 1 0 2 84 23 2 125 0 2 75 43 0 1 1 35 71 613 0 1 1 35 88 22 0 1 1 35 73
4/4 44 0 1 0 0 86 23 0 1 0 0 80 52 0 1 0 0 88 44 0 1 0 1 72 23 0 1 0 1 82 52 0 1 0 1 80 44 1 5 1 15 75 314 0 1 0 2 72 62 0 1 0 2 85 63 0 1 0 3 82 22 0 1 0 3 73 313 0 1 1 35 90 53 0 1 1 35 84 12 0 1 1 35 90
4/4 313 0 1 0 0 76 53 0 1 0 0 72 12 0 1 0 0 83 313 0 1 0 3 71 52 0 1 0 3 90
4/4 53 0 1 0 0 74 13 0 1 0 0 87 43 0 1 0 0 90 314 1 5 0 1 82 23 0 1 1 15 81 52 0 1 1 15 90 13 0 1 1 25 89 53 0 1 1 35 70 713 0 1 1 35 80 22 0 1 1 35 80
4/4 53 0 1 0 0 70 713 0 1 0 0 72 22 0 1 0 0 75 53 0 1 0 3 72
4/4 314 0 1 0 0 78 52 0 1 0 0 70 23 1 5 0 1 83 13 0 1 1 15 72 52 0 1 1 15 70 713 0 1 1 25 87 613 0 1 1 35 80 12 0 1 1 35 90
4/4 613 0 1 0 0 83 12 0 1 0 0 72 53 0 1 0 3 72
4/4 314 0 1 0 0 82 12 0 1 0 0 84 23 1 5 0 1 73 314 0 1 1 15 84 12 0 1 1 15 78 44 0 1 1 25 80 314 1 5 1 35 70 53 1 5 1 35 73
4/4 314 2 275 0 0 78 53 3 1833 0 0 78 53 0 1 0 3 79
4/4 314 0 1 0 0 70 52 0 1 0 0 85 23 1 5 0 1 75 314 0 1 1 15 87 52 0 1 1 15 74 44 0 1 1 25 83 314 0 1 1 35 76 52 0 1 1 35 89
4/4 314 0 1 0 0 80 52 0 1 0 0 76 53 0 1 0 3 77
4/4 314 0 1 0 0 70 52 0 1 0 0 70 23 1 5 0 1 83 13 0 1 1 15 84 42 0 1 1 15 76 713 0 1 1 25 80 313 0 1 1 35 85 12 0 1 1 35 72
4/4 313 0 1 0 0 88 12 0 1 0 0 89 53 0 1 0 3 89
4/4 314 0 1 0 0 84 52 0 1 0 0 73 23 1 5 0 1 90 314 0 1 1 15 78 52 0 1 1 15 76 44 0 1 1 25 81 314 0 1 1 35 73 52 0 1 1 35 75
4/4 314 0 1 0 0 77 52 0 1 0 0 90 53 0 1 0 3 88
4/4 43 0 1 0 0 81 12 0 1 0 0 87 713 1 5 0 1 88 43 0 1 1 15 73 12 0 1 1 15 78 43 0 1 1 25 70 22 0 1 1 25 83 23 1 5 1 35 88
4/4 53 0 1 0 0 85 713 0 1 0 0 72 313 0 1 0 0 74 53 0 1 0 2 85 713 0 1 0 2 88 22 0 1 0 2 72
4/4 53 0 1 0 0 85 713 0 1 0 0 82 43 0 1 0 0 71 53 0 1 0 2 72 713 0 1 0 2 82 313 0 1 0 2 85
4/4 12 0 1 0 3 78 313 0 1 0 3 81 52 0 1 0 3 73
4/4 53 0 1 0 0 77 13 0 1 0 0 71 43 0 1 0 0 76 314 1 5 0 1 84 23 0 1 1 15 72 52 0 1 1 15 87 53 0 1 1 25 86 12 0 1 1 25 77 22 0 1 1 35 88 52 0 1 1 35 73 23 1 5 1 35 84
4/4 22 0 1 0 0 88 52 0 1 0 0 88 23 0 1 0 0 71 23 1 15 1 5 88 54 1 5 0 1 81 23 2 125 1 15 72 14 1 5 0 2 71 23 1 5 1 25 88 53 0 1 0 3 83 21 0 1 0 3 71 53 1 5 1 35 88
4/4 314 0 1 0 0 82 62 0 1 0 0 85 23 1 5 0 1 75 63 0 1 1 15 85 12 0 1 1 15 79 63 0 1 1 25 77 712 0 1 1 25 89 313 0 1 1 35 89 612 0 1 1 35 85
4/4 313 0 1 0 0 73 612 0 1 0 0 73
4/4 22 0 1 0 0 72 712 0 1 0 0 80 13 1 5 0 3 87 43 0 1 1 35 75 12 0 1 1 35 73
4/4 43 0 1 0 0 73 12 0 1 0 0 75 12 0 1 0 3 78 52 0 1 0 3 75
4/4 313 0 1 0 0 88 12 0 1 0 0 77 23 1 5 0 3 89 314 0 1 1 35 79 13 0 1 1 35 89 52 0 1 1 35 76
4/4 314 0 1 0 0 75 13 0 1 0 0 86 52 0 1 0 0 79
4/4 314 0 1 0 0 90 13 0 1 0 0 70 52 0 1 0 0 73
4/4 314 0 1 0 0 78 13 0 1 0 0 71 52 0 1 0 0 72 12 0 1 0 3 81 52 0 1 0 3 75
4/4 314 0 1 0 0 80 52 0 1 0 0 72 44 1 5 0 1 77 53 0 1 1 15 78 313 0 1 1 15 78 23 0 1 1 25 82 52 0 1 1 25 79 13 0 1 1 35 83 53 0 1 1 35 82 313 0 1 1 35 72 11 0 1 1 35 88
4/4 13 0 1 0 0 77 53 0 1 0 0 86 313 0 1 0 0 77 11 0 1 0 0 78
4/4 53 0 1 0 0 83 13 0 1 0 0 89 43 0 1 0 0 82 53 0 1 1 15 84 12 0 1 1 15 87 314 2 125 1 15 77 43 0 1 0 3 88 22 0 1 0 3 75
4/4 313 0 1 0 0 83 53 0 1 0 0 86 13 0 1 0 0 76 313 0 1 0 0 71
4/4 54 0 1 0 0 85 14 0 1 0 0 76 44 0 1 0 0 86 54 0 1 1 15 83 14 0 1 1 15 90 314 0 1 1 15 70 25 0 1 0 3 83 54 0 1 0 3 82
4/4 316 0 1 0 0 73 15 0 1 0 0 82 55 0 1 0 0 80 314 0 1 0 0 75
4/4 64 0 1 0 0 87 14 0 1 0 0 85 44 0 1 0 0 85 64 0 1 1 15 86 14 0 1 1 15 76 314 0 1 1 15 83 64 0 1 0 3 87 23 0 1 0 3 80
4/4 612 1 5 0 1 74 612 1 5 1 15 83 612 1 5 0 2 72 612 1 5 1 25 79 612 1 5 0 3 71 612 1 5 1 35 76
4/4 713 0 1 0 0 90 22 0 1 0 0 90 711 0 1 0 0 75 713 0 1 1 5 84 22 0 1 1 5 72 711 0 1 1 5 78 713 0 1 0 1 80 22 0 1 0 1 75 711 0 1 0 1 80 713 0 1 1 15 89 22 0 1 1 15 75 711 0 1 1 15 89 713 0 1 0 2 88 22 0 1 0 2 78 711 0 1 0 2 80 713 0 1 1 25 85 22 0 1 1 25 87 711 0 1 1 25 82 713 0 1 0 3 85 22 0 1 0 3 82 711 0 1 0 3 83 713 0 1 1 35 70 22 0 1 1 35 90 711 0 1 1 35 89
2/4
4/4 12 0 1 0 0 111 313 0 1 0 0 120 53 0 1 0 0 118 12 0 1 0 0 108
4/4 12 0 1 0 0 110 313 0 1 0 0 106 53 0 1 0 0 109 12 0 1 0 0 116
4/4 12 0 1 0 0 105 313 0 1 0 0 100 53 0 1 0 0 104 12 0 1 0 0 115
4/4 12 0 1 0 0 119 313 0 1 0 0 100 53 0 1 0 0 106 12 0 1 0 0 105
4/4 12 0 1 0 0 120 313 0 1 0 0 106 53 0 1 0 0 113 12 0 1 0 0 102 16 0 1 0 2 81 76 0 1 0 2 79 65 0 1 0 2 70 56 0 1 3 2333 84 46 0 1 3 2333 71 35 0 1 3 2333 88 25 0 1 3 2667 88 15 0 1 3 2667 85 74 0 1 3 2667 71 65 0 1 0 3 79 55 0 1 0 3 72 44 0 1 0 3 90 35 0 1 2 325 75 23 0 1 2 325 86 13 2 25 1 35 102
4/4 618 3 3667 0 0 79
4/4 55 1 5 0 0 74 14 1 5 1 5 88 15 1 5 0 1 88 14 1 5 1 15 81 25 1 5 0 2 79 14 1 5 1 25 74 55 1 5 0 3 83 14 1 5 1 35 90
4/4 15 1 5 0 0 85 14 1 5 1 5 90 25 1 5 0 1 79 14 1 5 1 15 71 55 1 5 0 2 85 14 1 5 1 25 86 15 1 5 0 3 89 14 1 5 1 35 79
4/4 55 1 5 0 0 87 14 1 5 1 5 73 15 1 5 0 1 86 14 1 5 1 15 81 25 1 5 0 2 86 14 1 5 1 25 83 55 1 5 0 3 88 14 1 5 1 35 80
4/4 15 1 5 0 0 88 14 1 5 1 5 82 25 1 5 0 1 80 14 1 5 1 15 72 55 1 5 0 2 89 14 1 5 1 25 70 15 1 5 0 3 79 14 1 5 1 35 70
4/4 55 1 5 0 0 90 14 1 5 1 5 83 15 1 5 0 1 71 14 1 5 1 15 75 25 1 5 0 2 82 14 1 5 1 25 87 55 1 5 0 3 78 14 1 5 1 35 90
4/4 15 1 5 0 0 87 14 1 5 1 5 81 25 1 5 0 1 90 14 1 5 1 15 88 55 1 5 0 2 89 14 1 5 1 25 83 15 1 5 0 3 72 14 1 5 1 35 85
4/4 51 0 1 0 0 81 21 0 1 0 0 79 51 0 1 0 0 88 51 0 1 1 5 73 21 0 1 1 5 70 51 0 1 1 5 75 51 0 1 0 1 75 21 0 1 0 1 71 51 0 1 0 1 78 51 0 1 1 15 83 21 0 1 1 15 75 51 0 1 1 15 80 51 0 1 0 2 83 21 0 1 0 2 74 51 0 1 0 2 73 51 0 1 1 25 70 21 0 1 1 25 72 51 0 1 1 25 72 51 0 1 0 3 74 21 0 1 0 3 70 51 0 1 0 3 84 51 0 1 1 35 84 21 0 1 1 35 88 51 0 1 1 35 89
4/4 51 0 1 0 0 90 21 0 1 0 0 78 51 0 1 0 0 73 51 0 1 1 5 90 21 0 1 1 5 82 51 0 1 1 5 90 51 0 1 0 1 73 21 0 1 0 1 77 51 0 1 0 1 77 51 0 1 1 15 88 21 0 1 1 15 81 51 0 1 1 15 85 51 0 1 0 2 72 21 0 1 0 2 72 51 0 1 0 2 72 51 0 1 1 25 85 21 0 1 1 25 76 51 0 1 1 25 89 51 0 1 0 3 73 21 0 1 0 3 76 51 0 1 0 3 71 51 0 1 1 35 81 21 0 1 1 35 90 51 0 1 1 35 75
4/4 41 0 1 0 0 85 41 0 1 0 0 88 11 1 5 1 5 87 41 1 5 0 1 89 11 1 5 1 15 74 41 0 1 0 2 70 41 0 1 0 2 71 11 1 5 1 25 89 41 0 1 0 3 85 41 0 1 0 3 71 11 1 5 1 35 70
4/4 52 0 1 0 0 88 51 0 1 0 0 78 21 1 5 1 5 86 52 0 1 0 1 70 51 0 1 0 1 83 21 1 5 1 15 84 52 0 1 0 2 82 51 0 1 0 2 77 21 1 5 1 25 71 711 0 1 0 3 75 711 0 1 0 3 86 51 0 1 1 35 81 51 0 1 1 35 71
4/4 611 0 1 0 0 80 611 0 1 0 0 84 311 1 5 1 5 81 611 1 5 0 1 86 312 1 5 1 15 82 612 0 1 0 2 72 611 0 1 0 2 70 312 1 5 1 25 74 612 0 1 0 3 79 611 0 1 0 3 71 312 1 5 1 35 77
4/4 311 0 1 0 0 77 311 0 1 0 0 86 11 1 5 1 5 88 312 1 5 0 1 74 52 1 5 1 15 71 313 0 1 0 2 84 311 0 1 0 2 84 12 1 5 1 25 71 52 1 5 0 3 87 312 1 5 1 35 76
4/4 41 0 1 0 0 74 41 0 1 0 0 72 11 1 5 1 5 74 41 1 5 0 1 80 11 1 5 1 15 85 41 0 1 0 2 90 41 0 1 0 2 79 11 1 5 1 25 72 41 0 1 0 3 88 41 0 1 0 3 81 11 1 5 1 35 89
4/4 52 0 1 0 0 86 51 0 1 0 0 73 21 1 5 1 5 90 52 0 1 0 1 90 51 0 1 0 1 71 21 1 5 1 15 85 62 0 1 0 2 76 61 0 1 0 2 72 61 0 1 0 3 84 61 0 1 0 3 72
4/4 611 0 1 0 0 82 312 0 1 0 0 77 611 0 1 0 0 86 21 0 1 1 15 86 611 0 1 1 15 88 21 0 1 1 15 76 51 0 1 1 35 78 21 0 1 1 35 82 51 0 1 1 35 84
4/4 51 0 1 0 0 72 21 0 1 0 0 89 51 0 1 0 0 87 41 0 1 1 15 81 11 0 1 1 15 77 41 0 1 1 15 85 41 0 1 1 25 84 11 0 1 1 25 79 41 0 1 1 25 85
4/4 11 1 5 0 0 89 11 1 5 1 5 82 11 1 5 0 1 77 11 1 5 1 15 85 11 1 5 0 2 86 11 1 5 1 25 79 11 1 5 0 3 81 11 1 5 1 35 90
4/4 11 1 5 0 0 87 11 1 5 1 5 87 11 1 5 0 1 72 11 1 5 1 15 84 11 1 5 0 2 77 11 1 5 1 25 78 11 1 5 0 3 84 11 1 5 1 35 79
4/4 11 1 5 0 0 84 11 1 5 1 5 74 11 1 5 0 1 83 11 1 5 1 15 89 11 1 5 0 2 72 11 1 5 1 25 85 11 1 5 0 3 74 11 1 5 1 35 79
4/4 11 1 5 0 0 71 11 1 5 1 5 85 11 1 5 0 1 77 11 1 5 1 15 72 12 0 1 0 2 77 52 0 1 0 2 90 11 0 1 0 2 71 12 0 1 1 25 79 52 0 1 1 25 73 11 0 1 1 25 72 12 0 1 0 3 84 52 0 1 0 3 89 11 0 1 0 3 79 12 0 1 1 35 76 52 0 1 1 35 81 11 0 1 1 35 89
4/4 12 1 5 0 0 83 12 2 175 0 0 75 53 1 5 1 5 75 13 1 5 0 1 76 53 1 5 1 15 90 12 1 5 0 2 71 12 2 175 0 2 74 53 1 5 1 25 83 13 1 5 0 3 79 53 1 5 1 35 74
4/4 52 1 5 0 0 73 52 2 175 0 0 88 22 1 5 1 5 85 53 1 5 0 1 72 22 1 5 1 15 75 52 1 5 0 2 73 52 2 175 0 2 74 22 1 5 1 25 80 53 1 5 0 3 78 22 1 5 1 35 89
4/4 42 1 5 0 0 71 42 2 175 0 0 79 12 1 5 1 5 85 43 1 5 0 1 86 12 1 5 1 15 87 42 1 5 0 2 73 42 2 175 0 2 85 12 1 5 1 25 70 43 1 5 0 3 82 12 1 5 1 35 84
4/4 12 1 5 0 0 89 12 2 175 0 0 83 53 1 5 1 5 86 13 1 5 0 1 75 53 1 5 1 15 86 712 1 5 0 2 78 712 2 175 0 2 86 53 1 5 1 25 70 713 1 5 0 3 89 53 1 5 1 35 72
4/4 612 1 5 0 0 78 313 1 5 1 5 89 13 1 5 0 1 84 313 1 5 1 15 86 613 1 5 0 2 88 313 1 5 1 25 72 13 1 5 0 3 84 313 1 5 1 35 87
4/4 22 1 5 0 0 80 613 1 5 1 5 88 524 1 5 0 1 88 613 1 5 1 15 88 23 1 5 0 2 88 613 1 5 1 25 74 524 1 5 0 3 86 613 1 5 1 35 90
4/4 42 1 5 0 0 72 12 1 5 1 5 71 613 1 5 0 1 74 12 1 5 1 15 90 43 1 5 0 2 88 12 1 5 1 25 80 613 1 5 0 3 73 12 1 5 1 35 79
4/4 52 1 5 0 0 79 22 1 5 1 5 83 713 1 5 0 1 72 22 1 5 1 15 76 53 1 5 0 2 82 22 1 5 1 25 87 713 1 5 0 3 79 22 1 5 1 35 78
4/4 11 0 1 0 0 80 11 0 1 0 0 79 11 0 1 1 5 80 11 0 1 1 5 89 11 0 1 0 1 75 11 0 1 0 1 79 11 0 1 1 15 86 11 0 1 1 15 79 11 0 1 0 2 79 11 0 1 0 2 84 11 0 1 1 25 70 11 0 1 1 25 90 11 0 1 0 3 75 11 0 1 0 3 76 11 0 1 1 35 74 11 0 1 1 35 87
4/4 52 0 1 0 0 70 51 0 1 0 0 72 52 0 1 1 5 72 51 0 1 1 5 72 52 0 1 0 1 87 51 0 1 0 1 77 52 0 1 1 15 70 51 0 1 1 15 83 62 0 1 0 2 82 61 0 1 0 2 77 62 0 1 1 25 70 61 0 1 1 25 79 62 0 1 0 3 83 61 0 1 0 3 77 62 0 1 1 35 85 61 0 1 1 35 74
4/4 611 0 1 0 0 86 611 0 1 0 0 89 611 0 1 1 5 88 611 0 1 1 5 90 611 0 1 0 1 89 611 0 1 0 1 89 611 0 1 1 15 80 611 0 1 1 15 83 52 0 1 0 2 87 51 0 1 0 2 83 52 0 1 1 25 78 51 0 1 1 25 74 52 0 1 0 3 71 51 0 1 0 3 71 52 0 1 1 35 74 51 0 1 1 35 89
4/4 521 0 1 0 0 76 521 0 1 0 0 70 521 0 1 1 5 77 521 0 1 1 5 80 521 0 1 0 1 77 521 0 1 0 1 76 521 0 1 1 15 71 521 0 1 1 15 72 521 0 1 0 2 85 521 0 1 0 2 84 521 0 1 1 25 74 521 0 1 1 25 80 521 0 1 0 3 76 521 0 1 0 3 82 521 0 1 1 35 73 521 0 1 1 35 70
4/4 41 1 5 0 0 84 42 1 5 1 5 78 41 1 5 0 1 87 42 1 5 1 15 90 41 1 5 0 2 90 42 1 5 1 25 83 41 1 5 0 3 72 42 1 5 1 35 78
4/4 311 1 5 0 0 76 312 1 5 1 5 78 311 1 5 0 1 82 312 1 5 1 15 74 311 1 5 0 2 71 312 1 5 1 25 73 311 1 5 0 3 71 312 1 5 1 35 82
4/4 41 1 5 0 0 83 42 1 5 1 5 77 41 1 5 0 1 81 42 1 5 1 15 82 41 1 5 0 2 79 42 1 5 1 25 81 41 1 5 0 3 78 42 1 5 1 35 83
4/4 51 1 5 0 0 86 52 1 5 1 5 81 51 1 5 0 1 71 52 1 5 1 15 85 51 1 5 0 2 72 52 1 5 1 25 71 51 1 5 0 3 72 52 1 5 1 35 70
4/4 11 0 1 0 0 72 11 0 1 0 0 70 11 0 1 1 5 88 11 0 1 1 5 77 11 0 1 0 1 74 11 0 1 0 1 74 11 0 1 1 15 79 11 0 1 1 15 81 11 0 1 0 2 85 11 0 1 0 2 85 11 0 1 1 25 70 11 0 1 1 25 71 11 0 1 0 3 71 11 0 1 0 3 75 11 0 1 1 35 75 11 0 1 1 35 89
4/4 711 0 1 0 0 79 711 0 1 0 0 81 711 0 1 1 5 75 711 0 1 1 5 78 711 0 1 0 1 74 711 0 1 0 1 88 711 0 1 1 15 81 711 0 1 1 15 77 711 0 1 0 2 77 711 0 1 0 2 90 711 0 1 1 25 72 711 0 1 1 25 90 711 0 1 0 3 77 711 0 1 0 3 81 711 0 1 1 35 88 711 0 1 1 35 76
4/4 611 0 1 0 0 77 611 0 1 0 0 74 611 1 5 0 1 77 312 1 5 1 15 86 612 1 5 0 2 87 611 1 5 1 25 87 41 0 1 0 3 77 41 0 1 0 3 71
4/4 41 1 5 0 0 86 41 1 5 1 5 78 41 1 5 0 1 76 11 1 5 1 15 81 42 1 5 0 2 84 11 1 5 1 25 89 42 1 5 0 3 78 41 1 5 1 35 74
4/4 51 0 1 0 0 75 51 0 1 0 0 83 51 1 5 0 1 70 21 1 5 1 15 70 52 1 5 0 2 82 51 1 5 1 25 72 11 0 1 0 3 78 11 0 1 0 3 85
4/4 11 1 5 0 0 85 11 1 5 1 5 89 52 1 5 0 1 73 12 1 5 1 15 73 52 0 1 0 2 74 711 0 1 0 2 88 53 0 1 0 3 74 711 0 1 0 3 90
4/4 41 1 5 0 0 84 42 1 5 1 5 72 41 1 5 0 1 73 42 1 5 1 15 84 41 1 5 0 2 87 42 1 5 1 25 83 41 1 5 0 3 82 42 1 5 1 35 89
4/4 51 1 5 0 0 70 52 1 5 1 5 76 51 1 5 0 1 84 52 1 5 1 15 90 51 1 5 0 2 78 52 1 5 1 25 84 51 1 5 0 3 70 52 1 5 1 35 79
4/4 611 0 1 0 0 74 611 0 1 0 0 74 611 1 5 0 1 76 611 0 1 1 15 81 312 0 1 1 15 70 611 0 1 1 15 74 611 1 5 1 25 84 611 1 5 0 3 80 312 0 1 1 35 78 611 0 1 1 35 86
4/4 51 0 1 0 0 77 21 0 1 0 0 70 51 0 1 0 0 88
4/4 11 1 5 0 0 90 11 1 5 1 5 84 52 1 5 0 1 72 12 1 5 1 15 73 11 1 5 0 2 89 12 1 5 1 25 74 52 1 5 0 3 89 11 1 5 1 35 86
4/4 11 1 5 0 0 89 11 1 5 1 5 81 52 1 5 0 1 90 12 1 5 1 15 83 11 1 5 0 2 80 12 1 5 1 25 84 52 1 5 0 3 80 51 1 5 1 35 77
4/4 51 1 5 0 0 89 51 1 5 1 5 70 21 1 5 0 1 76 52 1 5 1 15 90 51 1 5 0 2 80 52 1 5 1 25 78 21 1 5 0 3 90 51 1 5 1 35 88
4/4 51 1 5 0 0 87 51 1 5 1 5 81 21 1 5 0 1 70 52 1 5 1 15 81 51 1 5 0 2 86 52 1 5 1 25 71 21 1 5 0 3 73 41 1 5 1 35 82
4/4 41 1 5 0 0 74 41 1 5 1 5 90 11 1 5 0 1 82 42 1 5 1 15 72 41 1 5 0 2 90 42 1 5 1 25 77 11 1 5 0 3 84 41 1 5 1 35 86
4/4 41 1 5 0 0 71 41 1 5 1 5 86 11 1 5 0 1 82 42 1 5 1 15 74 612 0 1 0 2 85 611 0 1 0 2 79 312 1 5 1 25 72 712 0 1 0 3 84 711 0 1 0 3 85
4/4 12 0 1 0 0 77 11 0 1 0 0 70 52 1 5 1 5 89 12 1 5 0 1 70 12 0 1 1 15 88 11 0 1 1 15 87 41 0 1 0 2 70 41 0 1 0 2 83 11 1 5 1 25 89 42 1 5 0 3 89 41 0 1 1 35 88 41 0 1 1 35 73
4/4 52 0 1 0 0 87 51 0 1 0 0 87 21 1 5 1 5 78 52 1 5 0 1 80 52 0 1 1 15 85 51 0 1 1 15 84 62 0 1 0 2 85 61 0 1 0 2 83 21 1 5 1 25 79 62 1 5 0 3 88 62 0 1 1 35 82 61 0 1 1 35 79
4/4 311 0 1 0 0 80 311 0 1 0 0 77 11 1 5 1 5 80 312 1 5 0 1 84 11 1 5 1 15 80 311 1 5 0 2 90 312 1 5 1 25 71 11 1 5 0 3 84 311 1 5 1 35 90
4/4 41 0 1 0 0 79 41 0 1 0 0 76 11 1 5 1 5 78 42 1 5 0 1 80 11 1 5 1 15 74 41 1 5 0 2 78 42 1 5 1 25 73 11 1 5 0 3 86 41 1 5 1 35 82
4/4 52 0 1 0 0 75 51 0 1 0 0 71 21 1 5 1 5 82 52 1 5 0 1 87 21 1 5 1 15 71 51 1 5 0 2 79 52 1 5 1 25 70 21 1 5 0 3 85 51 1 5 1 35 71
4/4 62 0 1 0 0 90 61 0 1 0 0 86 21 1 5 1 5 88 62 1 5 0 1 83 21 1 5 1 15 84 61 1 5 0 2 70 62 1 5 1 25 85 21 1 5 0 3 86 611 1 5 1 35 82
4/4 611 0 1 0 0 80 611 0 1 0 0 72 611 1 5 0 1 77 312 1 5 1 15 74 612 1 5 0 2 79 312 1 5 1 25 82 11 1 5 0 3 83 611 1 5 1 35 90
4/4 51 0 1 0 0 89 51 0 1 0 0 81 51 1 5 0 1 71 21 1 5 1 15 81 52 1 5 0 2 78 21 1 5 1 25 78 711 1 5 0 3 84 51 1 5 1 35 85
4/4 41 0 1 0 0 70 41 0 1 0 0 80 41 1 5 0 1 81 11 1 5 1 15 77 42 1 5 0 2 89 11 1 5 1 25 87 611 1 5 0 3 81 41 1 5 1 35 76
4/4 311 0 1 0 0 73 311 0 1 0 0 83 311 1 5 0 1 71 11 1 5 1 15 81 312 1 5 0 2 89 11 1 5 1 25 71 51 1 5 0 3 79 311 1 5 1 35 73
4/4 21 0 1 0 0 70 21 0 1 0 0 82 21 0 1 1 5 72 21 0 1 1 5 86 21 0 1 0 1 79 21 0 1 0 1 78 21 0 1 1 15 89 21 0 1 1 15 75 21 0 1 0 2 87 21 0 1 0 2 81 21 0 1 1 25 74 21 0 1 1 25 72 21 0 1 0 3 78 21 0 1 0 3 70 21 0 1 1 35 89 21 0 1 1 35 87
4/4 311 0 1 0 0 75 311 0 1 0 0 90 311 0 1 1 5 77 311 0 1 1 5 81 311 0 1 0 1 72 311 0 1 0 1 89 311 0 1 1 15 72 311 0 1 1 15 74 311 0 1 0 2 80 311 0 1 0 2 76 311 0 1 1 25 72 311 0 1 1 25 87 311 0 1 0 3 73 311 0 1 0 3 73 311 0 1 1 35 74 311 0 1 1 35 73
4/4 41 0 1 0 0 72 11 0 1 0 0 83 41 0 1 0 0 79 41 1 5 1 5 71 41 1 5 0 1 70 41 0 1 1 15 79 11 0 1 1 15 83 41 0 1 1 15 85 41 1 5 0 2 82 41 1 5 1 25 85 41 0 1 0 3 76 11 0 1 0 3 78 41 0 1 0 3 90 41 1 5 1 35 78
4/4 51 0 1 0 0 87 21 0 1 0 0 89 51 0 1 0 0 73 61 0 1 1 15 80 711 0 1 1 15 77 61 0 1 1 15 82 72 0 1 1 25 85 42 0 1 1 25 87 71 0 1 1 25 88
4/4 11 1 5 0 0 76 11 1 5 1 5 74 11 1 5 0 1 81 11 1 5 1 15 90 11 1 5 0 2 76 11 1 5 1 25 83 11 1 5 0 3 85 11 1 5 1 35 85
4/4 11 1 5 0 0 79 11 1 5 1 5 82 11 1 5 0 1 76 11 1 5 1 15 80 11 1 5 0 2 80 11 1 5 1 25 74 11 1 5 0 3 76 11 1 5 1 35 85
4/4 11 1 5 0 0 79 11 1 5 1 5 77 11 1 5 0 1 70 11 1 5 1 15 82 11 1 5 0 2 81 11 1 5 1 25 84 11 1 5 0 3 74 11 0 1 1 35 78 11 0 1 1 35 72
4/4 11 0 1 0 0 74 11 0 1 0 0 75 11 0 1 1 5 75 11 0 1 1 5 73 11 0 1 0 1 77 11 0 1 0 1 84 11 0 1 1 15 81 11 0 1 1 15 90 12 0 1 0 2 73 52 0 1 0 2 81 11 0 1 0 2 72 12 0 1 1 25 85 52 0 1 1 25 83 11 0 1 1 25 78 12 0 1 0 3 85 52 0 1 0 3 74 11 0 1 0 3 87 12 0 1 1 35 76 52 0 1 1 35 78 11 0 1 1 35 79
4/4 12 1 5 0 0 71 13 0 1 1 5 88 52 0 1 1 5 78 12 1 5 0 1 74 13 0 1 1 15 89 52 0 1 1 15 70 12 1 5 0 2 82 13 0 1 1 25 75 52 0 1 1 25 70 12 1 5 0 3 76 13 0 1 1 35 89 52 0 1 1 35 83
4/4 52 1 5 0 0 78 53 0 1 1 5 83 21 0 1 1 5 86 52 1 5 0 1 89 53 0 1 1 15 72 21 0 1 1 15 89 52 1 5 0 2 75 53 0 1 1 25 87 21 0 1 1 25 76 52 1 5 0 3 83 53 0 1 1 35 76 21 0 1 1 35 71
4/4 42 1 5 0 0 86 43 0 1 1 5 72 11 0 1 1 5 81 42 1 5 0 1 90 43 0 1 1 15 76 11 0 1 1 15 82 42 1 5 0 2 88 43 0 1 1 25 71 11 0 1 1 25 84 42 1 5 0 3 84 43 0 1 1 35 84 11 0 1 1 35 87
4/4 11 1 5 0 0 78 52 0 1 1 5 82 11 0 1 1 5 74 11 1 5 0 1 80 52 0 1 1 15 85 11 0 1 1 15 75 711 1 5 0 2 77 52 0 1 1 25 85 711 0 1 1 25 89 711 1 5 0 3 78 52 0 1 1 35 74 711 0 1 1 35 71
4/4 612 1 5 0 0 80 313 1 5 1 5 73 13 1 5 0 1 76 313 1 5 1 15 80 613 1 5 0 2 86 313 1 5 1 25 74 13 1 5 0 3 75 313 1 5 1 35 90
4/4 22 1 5 0 0 77 613 1 5 1 5 90 524 1 5 0 1 82 613 1 5 1 15 90 23 1 5 0 2 75 613 1 5 1 25 82 524 1 5 0 3 71 613 1 5 1 35 88
4/4 42 1 5 0 0 78 12 1 5 1 5 77 613 1 5 0 1 74 12 1 5 1 15 79 43 1 5 0 2 74 12 1 5 1 25 73 613 1 5 0 3 71 12 1 5 1 35 85
4/4 52 1 5 0 0 75 22 1 5 1 5 85 713 1 5 0 1 76 22 1 5 1 15 79 53 1 5 0 2 75 22 1 5 1 25 73 713 1 5 0 3 82 22 1 5 1 35 71
4/4 11 1 5 0 0 87 12 0 1 1 5 85 51 0 1 1 5 88 11 1 5 0 1 77 12 0 1 1 15 89 51 0 1 1 15 71 11 1 5 0 2 82 12 0 1 1 25 79 51 0 1 1 25 71 11 1 5 0 3 82 12 0 1 1 35 84 51 0 1 1 35 82
4/4 51 1 5 0 0 87 21 0 1 1 5 82 51 0 1 1 5 83 51 1 5 0 1 71 21 0 1 1 15 77 51 0 1 1 15 73 61 1 5 0 2 75 312 0 1 1 25 81 61 0 1 1 25 85 61 1 5 0 3 82 312 0 1 1 35 70 61 0 1 1 35 78
4/4 611 1 5 0 0 77 312 0 1 1 5 75 611 0 1 1 5 77 611 1 5 0 1 83 312 0 1 1 15 73 611 0 1 1 15 87 51 1 5 0 2 75 21 0 1 1 25 84 51 0 1 1 25 73 51 1 5 0 3 72 21 0 1 1 35 88 51 0 1 1 35 80
4/4 521 1 5 0 0 84 21 0 1 1 5 73 521 0 1 1 5 88 521 1 5 0 1 84 21 0 1 1 15 88 521 0 1 1 15 85 521 1 5 0 2 82 21 0 1 1 25 76 521 0 1 1 25 78 521 1 5 0 3 81 21 0 1 1 35 76 521 0 1 1 35 84
4/4 41 1 5 0 0 79 11 0 1 1 5 80 41 0 1 1 5 85 41 1 5 0 1 73 11 0 1 1 15 89 41 0 1 1 15 73 41 1 5 0 2 82 11 0 1 1 25 70 41 0 1 1 25 87 41 1 5 0 3 84 11 0 1 1 35 78 41 0 1 1 35 85
4/4 311 1 5 0 0 87 711 0 1 1 5 72 311 0 1 1 5 82 311 1 5 0 1 87 711 0 1 1 15 89 311 0 1 1 15 76 311 1 5 0 2 80 711 0 1 1 25 72 311 0 1 1 25 88 311 1 5 0 3 86 711 0 1 1 35 80 311 0 1 1 35 71
4/4 41 1 5 0 0 79 11 0 1 1 5 86 41 0 1 1 5 86 41 1 5 0 1 86 11 0 1 1 15 70 41 0 1 1 15 88 41 1 5 0 2 73 11 0 1 1 25 88 41 0 1 1 25 73 41 1 5 0 3 84 11 0 1 1 35 89 41 0 1 1 35 84
4/4 51 1 5 0 0 78 21 0 1 1 5 73 51 0 1 1 5 83 51 1 5 0 1 84 21 0 1 1 15 77 51 0 1 1 15 74 51 1 5 0 2 78 21 0 1 1 25 82 51 0 1 1 25 83 51 1 5 0 3 86 21 0 1 1 35 79 51 0 1 1 35 79
4/4 11 0 1 0 0 77 11 0 1 0 0 81 11 0 1 1 5 82 11 0 1 1 5 74 11 0 1 0 1 72 11 0 1 0 1 78 11 0 1 1 15 78 11 0 1 1 15 74 11 0 1 0 2 83 11 0 1 0 2 77 11 0 1 1 25 72 11 0 1 1 25 73 11 0 1 0 3 89 11 0 1 0 3 80 11 0 1 1 35 74 11 0 1 1 35 76
4/4 711 0 1 0 0 73 711 0 1 0 0 82 711 0 1 1 5 71 711 0 1 1 5 77 711 0 1 0 1 76 711 0 1 0 1 84 711 0 1 1 15 77 711 0 1 1 15 87 711 0 1 0 2 71 711 0 1 0 2 79 711 0 1 1 25 90 711 0 1 1 25 78 711 0 1 0 3 78 711 0 1 0 3 88 711 0 1 1 35 75 711 0 1 1 35 77
4/4 611 0 1 0 0 85 611 0 1 0 0 86 611 1 5 0 1 74 312 1 5 1 15 90 612 1 5 0 2 73 611 1 5 1 25 80 41 0 1 0 3 81 41 0 1 0 3 90
4/4 41 1 5 0 0 83 41 1 5 1 5 71 41 1 5 0 1 81 11 1 5 1 15 76 42 1 5 0 2 71 11 1 5 1 25 87 42 1 5 0 3 84 41 1 5 1 35 83
4/4 51 0 1 0 0 85 51 0 1 0 0 72 51 1 5 0 1 86 21 1 5 1 15 90 52 1 5 0 2 88 51 1 5 1 25 90 11 0 1 0 3 70 11 0 1 0 3 75
4/4 11 1 5 0 0 78 11 1 5 1 5 82 52 1 5 0 1 71 12 1 5 1 15 85 52 0 1 0 2 80 711 0 1 0 2 72 53 0 1 0 3 82 711 0 1 0 3 84
4/4 41 0 1 0 0 75 11 0 1 0 0 77 41 0 1 0 0 82
4/4 41 0 1 0 0 87 11 0 1 0 0 81 41 0 1 0 0 82
4/4 611 0 1 0 0 79 611 0 1 0 0 87 611 0 1 0 1 74 611 0 1 0 1 71 611 1 5 1 15 72 611 0 1 0 2 71 312 0 1 0 2 81 611 0 1 0 2 77 611 0 1 1 25 70 312 0 1 1 25 75 611 0 1 1 25 71 611 0 1 0 3 84 312 0 1 0 3 86 611 0 1 0 3 70 611 0 1 1 35 72 312 0 1 1 35 90 611 0 1 1 35 79
4/4 51 0 1 0 0 87 21 0 1 0 0 78 51 0 1 0 0 80 51 0 1 1 5 81 21 0 1 1 5 89 51 0 1 1 5 78 51 0 1 0 1 89 21 0 1 0 1 82 51 0 1 0 1 74 51 0 1 1 15 74 21 0 1 1 15 86 51 0 1 1 15 71 51 0 1 0 2 82 21 0 1 0 2 87 51 0 1 0 2 84 51 0 1 1 25 89 21 0 1 1 25 88 51 0 1 1 25 71 51 0 1 0 3 77 21 0 1 0 3 84 51 0 1 0 3 75 51 0 1 1 35 79 21 0 1 1 35 82 51 0 1 1 35 77
4/4 11 0 1 0 0 82 11 0 1 0 0 87 11 1 5 1 5 90 52 1 5 0 1 80 12 1 5 1 15 74 11 1 5 0 2 83 12 1 5 1 25 73 52 1 5 0 3 86 11 1 5 1 35 75
4/4 11 1 5 0 0 87 11 1 5 1 5 71 52 1 5 0 1 73 12 1 5 1 15 70 11 1 5 0 2 78 12 1 5 1 25 80 52 1 5 0 3 72 51 1 5 1 35 84
4/4 51 1 5 0 0 78 51 1 5 1 5 77 21 1 5 0 1 87 52 1 5 1 15 83 51 1 5 0 2 81 52 1 5 1 25 86 21 1 5 0 3 87 51 1 5 1 35 75
4/4 51 1 5 0 0 73 51 1 5 1 5 76 21 1 5 0 1 87 52 1 5 1 15 88 51 1 5 0 2 71 52 1 5 1 25 79 21 1 5 0 3 80 41 1 5 1 35 77
4/4 41 1 5 0 0 85 41 1 5 1 5 89 11 1 5 0 1 71 42 1 5 1 15 75 41 1 5 0 2 79 42 1 5 1 25 76 11 1 5 0 3 78 41 1 5 1 35 86
4/4 41 1 5 0 0 85 41 1 5 1 5 76 11 1 5 0 1 88 42 1 5 1 15 83 612 0 1 0 2 87 611 0 1 0 2 84 312 1 5 1 25 74 712 0 1 0 3 77 711 0 1 0 3 80
4/4 12 0 1 0 0 74 11 0 1 0 0 74 52 1 5 1 5 71 12 1 5 0 1 87 12 0 1 1 15 75 11 0 1 1 15 77 41 0 1 0 2 87 41 0 1 0 2 82 11 1 5 1 25 86 42 1 5 0 3 71 41 0 1 1 35 79 41 0 1 1 35 73
4/4 52 0 1 0 0 73 51 0 1 0 0 89 21 1 5 1 5 71 52 1 5 0 1 84 52 0 1 1 15 78 51 0 1 1 15 81 62 0 1 0 2 84 61 0 1 0 2 79 21 1 5 1 25 81 62 1 5 0 3 71 42 0 1 1 35 86 41 0 1 1 35 83
4/4 311 0 1 0 0 86 311 0 1 0 0 90 11 1 5 1 5 74 312 1 5 0 1 84 11 1 5 1 15 86 311 1 5 0 2 81 312 1 5 1 25 90 11 1 5 0 3 89 311 1 5 1 35 70
4/4 41 0 1 0 0 75 41 0 1 0 0 78 11 1 5 1 5 83 42 1 5 0 1 82 11 1 5 1 15 73 41 1 5 0 2 87 42 1 5 1 25 72 11 1 5 0 3 70 41 1 5 1 35 85
4/4 52 0 1 0 0 87 51 0 1 0 0 82 21 1 5 1 5 89 52 1 5 0 1 88 21 1 5 1 15 78 51 1 5 0 2 87 52 1 5 1 25 83 21 1 5 0 3 70 51 1 5 1 35 75
4/4 62 0 1 0 0 74 61 0 1 0 0 86 21 1 5 1 5 81 62 1 5 0 1 71 21 1 5 1 15 83 61 1 5 0 2 77 62 1 5 1 25 82 21 1 5 0 3 90 611 1 5 1 35 84
4/4 611 0 1 0 0 73 611 0 1 0 0 70 611 1 5 0 1 76 312 1 5 1 15 88 612 1 5 0 2 85 312 1 5 1 25 90 11 1 5 0 3 82 611 1 5 1 35 73
4/4 51 0 1 0 0 72 51 0 1 0 0 89 51 1 5 0 1 88 21 1 5 1 15 76 52 1 5 0 2 84 21 1 5 1 25 79 711 1 5 0 3 77 51 1 5 1 35 83
4/4 41 0 1 0 0 72 41 0 1 0 0 81 41 1 5 0 1 84 11 1 5 1 15 73 42 1 5 0 2 77 11 1 5 1 25 75 611 1 5 0 3 79 41 1 5 1 35 90
4/4 311 0 1 0 0 83 311 0 1 0 0 77 311 1 5 0 1 81 11 1 5 1 15 72 312 1 5 0 2 71 11 1 5 1 25 78 51 1 5 0 3 74 311 1 5 1 35 88
4/4 21 0 1 0 0 87 21 0 1 0 0 81 21 0 1 1 5 89 21 0 1 1 5 89 21 0 1 0 1 72 21 0 1 0 1 84 21 0 1 1 15 78 21 0 1 1 15 90 21 0 1 0 2 77 21 0 1 0 2 89 21 0 1 1 25 85 21 0 1 1 25 87 21 0 1 0 3 78 21 0 1 0 3 76 21 0 1 1 35 74 21 0 1 1 35 72
4/4 311 0 1 0 0 84 311 0 1 0 0 78 311 0 1 1 5 87 311 0 1 1 5 73 311 0 1 0 1 75 311 0 1 0 1 81 311 0 1 1 15 84 311 0 1 1 15 83 311 0 1 0 2 72 311 0 1 0 2 85 311 0 1 1 25 79 311 0 1 1 25 82 311 0 1 0 3 84 311 0 1 0 3 83 311 0 1 1 35 89 311 0 1 1 35 79
4/4 41 0 1 0 0 90 11 0 1 0 0 81 41 0 1 0 0 84 41 1 5 1 5 70 41 1 5 0 1 85 41 0 1 1 15 76 11 0 1 1 15 90 41 0 1 1 15 73 41 1 5 0 2 89 41 1 5 1 25 76 41 0 1 0 3 89 11 0 1 0 3 80 41 0 1 0 3 72 41 1 5 1 35 83
4/4 51 0 1 0 0 72 21 0 1 0 0 83 51 0 1 0 0 72 61 0 1 1 15 84 711 0 1 1 15 80 61 0 1 1 15 78 72 0 1 1 25 84 42 0 1 1 25 72 71 0 1 1 25 73
4/4 11 0 1 0 0 90 11 0 1 0 0 89 11 1 5 0 1 87 11 0 1 1 15 70 11 0 1 1 15 76 11 1 5 1 25 73 11 0 1 0 3 73 11 0 1 0 3 77 11 1 5 1 35 79
4/4 11 1 5 0 0 79 11 0 1 1 5 70 11 0 1 1 5 85 11 0 1 0 2 71 11 0 1 0 2 76 711 0 1 0 3 87 711 0 1 0 3 73
4/4 611 0 1 0 0 89 611 0 1 0 0 85 611 1 5 1 5 76 611 1 5 0 1 90 611 0 1 1 15 80 611 0 1 1 15 78 11 1 5 1 25 74 11 0 1 0 3 77 11 0 1 0 3 71 11 1 5 1 35 79
4/4 11 0 1 0 0 72 11 0 1 0 0 84 21 0 1 1 5 89 21 0 1 1 5 76 311 0 1 0 2 75 311 0 1 0 2 80 41 0 1 0 3 77 41 0 1 0 3 81
4/4 51 0 1 0 0 82 21 0 1 0 0 89 51 0 1 0 0 86
4/4 41 0 1 1 35 82 11 0 1 1 35 71 41 0 1 1 35 78
4/4 41 0 1 0 0 79 11 0 1 0 0 79 41 0 1 0 0 82 51 0 1 1 5 89 21 0 1 1 5 71 51 0 1 1 5 79
4/4 15 0 1 0 2 72 75 0 1 0 2 75 64 0 1 0 2 90 55 0 1 3 2333 77 45 0 1 3 2333 87 34 0 1 3 2333 90 24 0 1 3 2667 87 14 0 1 3 2667 81 73 0 1 3 2667 84 64 0 1 0 3 74 54 0 1 0 3 70 43 0 1 0 3 90 34 0 1 2 325 77 22 0 1 2 325 71 13 1 5 1 35 79
4/4 611 0 1 0 0 90 611 0 1 0 0 82 311 1 5 1 5 83 611 1 5 0 1 81 611 0 1 1 15 83 312 0 1 1 15 80 611 0 1 1 15 74 611 0 1 0 3 70 611 0 1 0 3 87
4/4 711 0 1 0 0 82 711 0 1 0 0 76 51 1 5 1 5 77 711 1 5 0 1 85 711 0 1 1 15 74 52 0 1 1 15 88 711 0 1 1 15 85 711 0 1 0 3 81 711 0 1 0 3 88
4/4 41 0 1 0 0 80 41 0 1 0 0 88 11 1 5 1 5 78 42 1 5 0 1 82 42 0 1 1 15 71 12 0 1 1 15 76 42 0 1 1 15 89 42 1 5 1 25 86 43 0 1 0 3 88 11 0 1 0 3 74 42 1 5 1 35 79
4/4 41 0 1 0 0 70 41 0 1 0 0 82 11 1 5 1 5 71 42 1 5 0 1 74 42 0 1 1 15 89 12 0 1 1 15 86 42 0 1 1 15 84 42 0 1 2 275 80 41 0 1 2 275 73 41 0 1 1 35 78 41 0 1 1 35 81
4/4 311 0 1 0 0 77 311 0 1 0 0 86 311 1 5 1 15 75 711 0 1 0 2 81 311 0 1 0 2 82 311 0 1 0 3 81 311 0 1 0 3 73
4/4 41 0 1 0 0 73 41 0 1 0 0 86 41 1 5 1 15 85 11 0 1 0 2 76 41 0 1 0 2 77 41 0 1 0 3 84 41 0 1 0 3 79
4/4 52 0 1 0 0 82 51 0 1 0 0 89 51 1 5 1 15 90 52 0 1 0 2 79 21 0 1 0 2 89 52 0 1 0 3 86 51 0 1 0 3 72
4/4 612 0 1 0 0 73 611 0 1 0 0 86 611 1 5 1 15 78 612 0 1 0 2 89 311 0 1 0 2 84 612 0 1 0 3 76 611 0 1 0 3 85
4/4 311 1 5 0 0 86 312 1 5 1 5 70 311 1 5 0 1 89 312 1 5 1 15 79 311 1 5 0 2 70 312 1 5 1 25 87 311 1 5 0 3 75 312 1 5 1 35 86
4/4 41 1 5 0 0 86 42 1 5 1 5 84 41 1 5 0 1 77 42 1 5 1 15 89 41 1 5 0 2 82 42 1 5 1 25 87 41 1 5 0 3 75 42 1 5 1 35 75
4/4 52 0 1 0 0 74 51 0 1 0 0 86 52 0 1 1 5 75 51 0 1 1 5 87 52 0 1 0 1 75 51 0 1 0 1 86 52 0 1 1 15 88 51 0 1 1 15 72 52 0 1 0 2 74 51 0 1 0 2 79 52 0 1 1 25 71 51 0 1 1 25 77 52 0 1 0 3 81 51 0 1 0 3 88 52 0 1 1 35 79 51 0 1 1 35 88
4/4 51 0 1 0 0 77 51 0 1 0 0 76 51 0 1 1 5 79 51 0 1 1 5 74 51 0 1 0 1 79 51 0 1 0 1 82 51 0 1 1 15 74 51 0 1 1 15 90 51 0 1 0 2 76 51 0 1 0 2 84 51 0 1 1 25 73 51 0 1 1 25 90 51 0 1 0 3 88 51 0 1 0 3 76 51 0 1 1 35 73 51 0 1 1 35 86
4/4 51 0 1 0 0 86 21 0 1 0 0 88 51 0 1 0 0 83 51 0 1 1 5 85 21 0 1 1 5 88 51 0 1 1 5 70 51 0 1 0 1 71 21 0 1 0 1 76 51 0 1 0 1 87 51 0 1 1 15 80 21 0 1 1 15 70 51 0 1 1 15 87 51 0 1 0 2 80 21 0 1 0 2 78 51 0 1 0 2 72 51 0 1 1 25 80 21 0 1 1 25 71 51 0 1 1 25 77 51 0 1 0 3 86 21 0 1 0 3 74 51 0 1 0 3 83 51 0 1 1 35 76 21 0 1 1 35 83 51 0 1 1 35 72
4/4 51 0 1 0 0 86 21 0 1 0 0 72 51 0 1 0 0 88 51 0 1 1 5 90 21 0 1 1 5 76 51 0 1 1 5 88 51 0 1 0 1 75 21 0 1 0 1 75 51 0 1 0 1 78 51 0 1 1 15 83 21 0 1 1 15 79 51 0 1 1 15 85 51 0 1 0 2 86 21 0 1 0 2 86 51 0 1 0 2 84 51 0 1 1 25 90 21 0 1 1 25 88 51 0 1 1 25 81 51 0 1 0 3 80 21 0 1 0 3 85 51 0 1 0 3 81 51 0 1 1 35 90 21 0 1 1 35 88 51 0 1 1 35 75
2/4
4/4 41 0 1 0 0 75 41 0 1 0 0 70 11 1 5 1 5 77 42 1 5 0 1 89 12 1 5 1 15 83 43 1 5 0 2 87 12 1 5 1 25 75 42 1 5 0 3 80 11 1 5 1 35 85
4/4 52 0 1 0 0 85 51 0 1 0 0 79 21 1 5 1 5 78 52 1 5 0 1 81 22 1 5 1 15 82 53 1 5 0 2 88 22 1 5 1 25 80 52 1 5 0 3 90 21 1 5 1 35 73
4/4 612 0 1 0 0 79 611 0 1 0 0 77 312 1 5 1 5 86 612 1 5 0 1 74 12 1 5 1 15 71 313 1 5 0 2 86 12 1 5 1 25 86 612 1 5 0 3 76 312 1 5 1 35 88
4/4 611 1 5 0 0 89 312 1 5 1 5 70 612 1 5 0 1 90 312 1 5 1 15 86 12 1 5 0 2 79 712 1 5 1 25 75 52 1 5 0 3 79 312 1 5 1 35 71
4/4 41 0 1 0 0 74 41 0 1 0 0 85 11 1 5 1 5 81 42 1 5 0 1 81 12 1 5 1 15 78 43 1 5 0 2 74 12 1 5 1 25 77 42 1 5 0 3 71 11 1 5 1 35 77
4/4 52 0 1 0 0 85 51 0 1 0 0 78 21 1 5 1 5 89 52 1 5 0 1 77 22 1 5 1 15 77 53 1 5 0 2 87 22 1 5 1 25 82 52 1 5 0 3 85 21 1 5 1 35 87
4/4 612 0 1 0 0 108 611 0 1 0 0 109 312 1 5 1 5 102 612 1 5 0 1 106 12 1 5 1 15 117 313 1 5 0 2 118 12 1 5 1 25 119 612 1 5 0 3 108 312 1 5 1 35 105
4/4 21 0 1 0 0 75 611 0 1 0 0 87 21 0 1 0 0 89 21 0 1 1 5 88 611 0 1 1 5 72 21 0 1 1 5 77 611 0 1 0 2 84 312 0 1 0 2 89 611 0 1 0 2 72 611 0 1 1 25 74 312 0 1 1 25 85 611 0 1 1 25 79
4/4 311 1 5 0 0 72 312 1 5 1 5 77 311 1 5 0 1 89 312 1 5 1 15 82 311 1 5 0 2 90 312 1 5 1 25 82 311 1 5 0 3 78 312 1 5 1 35 81
4/4 41 1 5 0 0 84 42 1 5 1 5 78 41 1 5 0 1 75 42 1 5 1 15 84 41 1 5 0 2 72 42 1 5 1 25 76 41 1 5 0 3 79 42 1 5 1 35 77
4/4 51 1 5 0 0 81 52 1 5 1 5 83 51 1 5 0 1 74 52 1 5 1 15 79 51 1 5 0 2 81 52 1 5 1 25 74 51 1 5 0 3 87 52 1 5 1 35 77
4/4 611 1 5 0 0 87 612 1 5 1 5 72 611 1 5 0 1 80 612 1 5 1 15 75 611 1 5 0 2 87 612 1 5 1 25 75 611 1 5 0 3 73 612 1 5 1 35 87
4/4 311 0 1 0 0 72 311 0 1 0 0 79 11 1 5 1 5 78 311 0 1 0 1 86 311 0 1 0 1 74 311 0 1 1 15 88 311 0 1 1 15 80 11 1 5 1 25 77 311 0 1 0 3 87 311 0 1 0 3 70 11 1 5 1 35 71
4/4 41 0 1 0 0 77 41 0 1 0 0 74 11 1 5 1 5 89 41 0 1 0 1 90 41 0 1 0 1 84 41 0 1 1 15 74 41 0 1 1 15 74 11 1 5 1 25 85 41 0 1 0 3 82 41 0 1 0 3 80 11 1 5 1 35 78
4/4 52 0 1 0 0 87 51 0 1 0 0 76 21 1 5 1 5 81 52 0 1 0 1 88 51 0 1 0 1 84 52 0 1 1 15 88 51 0 1 1 15 81 21 1 5 1 25 75 52 0 1 0 3 85 51 0 1 0 3 83 21 1 5 1 35 76
4/4 612 0 1 0 0 71 611 0 1 0 0 80 312 1 5 1 5 72 612 0 1 0 1 72 611 0 1 0 1 81 612 0 1 1 15 86 611 0 1 1 15 70 312 1 5 1 25 87 612 0 1 0 3 73 611 0 1 0 3 87 312 1 5 1 35 73
4/4 51 0 1 0 0 79 21 0 1 0 0 77 51 0 1 0 0 75 51 0 1 1 5 86 21 0 1 1 5 82 51 0 1 1 5 78 51 0 1 0 1 74 21 0 1 0 1 77 51 0 1 0 1 88 51 0 1 1 15 85 21 0 1 1 15 86 51 0 1 1 15 86 51 0 1 0 2 79 21 0 1 0 2 85 51 0 1 0 2 74 51 0 1 1 25 76 21 0 1 1 25 72 51 0 1 1 25 88 51 0 1 0 3 86 21 0 1 0 3 82 51 0 1 0 3 71 51 0 1 1 35 90 21 0 1 1 35 83 51 0 1 1 35 81
4/4 51 0 1 0 0 86 11 0 1 0 0 71 51 0 1 0 0 72 51 0 1 1 5 73 11 0 1 1 5 87 51 0 1 1 5 89 51 0 1 0 1 79 11 0 1 0 1 83 51 0 1 0 1 88 51 0 1 1 15 86 11 0 1 1 15 71 51 0 1 1 15 89 53 0 1 0 2 76 22 0 1 0 2 71 51 0 1 0 2 74 53 0 1 1 25 80 22 0 1 1 25 76 51 0 1 1 25 76 53 0 1 0 3 76 22 0 1 0 3 73 51 0 1 0 3 74 53 0 1 1 35 87 22 0 1 1 35 77 51 0 1 1 35 82
4/4 55 1 5 0 0 73 14 1 5 1 5 81 15 1 5 0 1 89 14 1 5 1 15 82 25 1 5 0 2 80 14 1 5 1 25 78 55 1 5 0 3 80 14 1 5 1 35 82
4/4 15 1 5 0 0 71 14 1 5 1 5 75 25 1 5 0 1 85 14 1 5 1 15 89 55 1 5 0 2 77 14 1 5 1 25 73 15 1 5 0 3 81 14 1 5 1 35 79
4/4 55 1 5 0 0 81 14 1 5 1 5 86 15 1 5 0 1 90 14 1 5 1 15 77 25 1 5 0 2 79 14 1 5 1 25 85 55 1 5 0 3 82 14 1 5 1 35 74
4/4 15 1 5 0 0 72 14 1 5 1 5 89 25 1 5 0 1 82 14 1 5 1 15 73 55 1 5 0 2 81 14 1 5 1 25 70 15 1 5 0 3 80 14 1 5 1 35 85
4/4 55 1 5 0 0 77 14 1 5 1 5 89 15 1 5 0 1 89 14 1 5 1 15 71 25 1 5 0 2 80 14 1 5 1 25 72 55 1 5 0 3 76 14 1 5 1 35 81
4/4 15 1 5 0 0 84 14 1 5 1 5 72 25 1 5 0 1 71 14 1 5 1 15 86 55 1 5 0 2 70 14 1 5 1 25 78 15 1 5 0 3 84 14 1 5 1 35 77
4/4 55 1 5 0 0 86 14 1 5 1 5 70 15 1 5 0 1 86 14 1 5 1 15 90 25 1 5 0 2 81 14 1 5 1 25 80 55 1 5 0 3 85 14 1 5 1 35 81
4/4 15 1 5 0 0 81 14 1 5 1 5 72 25 1 5 0 1 83 14 1 5 1 15 74 55 1 5 0 2 83 14 1 5 1 25 83 15 1 5 0 3 83 14 1 5 1 35 76
4/4 55 1 5 0 0 84 14 1 5 1 5 88 15 1 5 0 1 78 14 1 5 1 15 80 25 1 5 0 2 89 14 1 5 1 25 76 55 1 5 0 3 72 14 1 5 1 35 85
4/4 15 1 5 0 0 78 14 1 5 1 5 71 25 1 5 0 1 74 14 1 5 1 15 89 55 1 5 0 2 76 14 1 5 1 25 72 15 1 5 0 3 84 14 1 5 1 35 75
4/4 55 1 5 0 0 82 14 1 5 1 5 89 15 1 5 0 1 87 14 1 5 1 15 82 25 1 5 0 2 77 14 1 5 1 25 85 55 1 5 0 3 72 14 1 5 1 35 80
4/4 15 1 5 0 0 71 14 1 5 1 5 81 25 1 5 0 1 77 14 1 5 1 15 71 55 1 5 0 2 88 14 1 5 1 25 90 15 1 5 0 3 76 14 1 5 1 35 74
4/4 14 0 4 0 0 88
4/4 14 3 3667 0 0 82
4/4 51 0 1 0 0 81 21 0 1 0 0 75 51 0 1 0 0 83
4/4 51 0 1 0 0 72 21 0 1 0 0 72 51 0 1 0 0 88 11 0 1 0 2 101 11 0 1 0 2 118 11 0 1 1 25 115 11 0 1 1 25 116
4/4 611 0 1 0 0 77 611 0 1 0 0 90 311 1 5 1 5 80 611 1 5 0 1 73 312 1 5 1 15 78 611 1 5 0 2 89 612 1 5 1 25 81 312 1 5 0 3 82 611 1 5 1 35 76
4/4 611 0 1 0 0 72 611 0 1 0 0 75 611 1 5 1 5 76 312 1 5 0 1 73 612 1 5 1 15 90 611 1 5 0 2 79 612 1 5 1 25 83 312 1 5 0 3 79 611 1 5 1 35 72
4/4 711 0 1 0 0 83 711 0 1 0 0 72 51 1 5 1 5 86 711 1 5 0 1 74 52 1 5 1 15 77 711 1 5 0 2 81 712 1 5 1 25 88 52 1 5 0 3 83 711 1 5 1 35 74
4/4 711 0 1 0 0 85 711 0 1 0 0 80 711 1 5 1 5 78 52 1 5 0 1 77 712 1 5 1 15 72 711 1 5 0 2 85 712 1 5 1 25 73 52 1 5 0 3 84 711 1 5 1 35 85
4/4 41 0 1 0 0 81 41 0 1 0 0 85 41 2 25 0 1 87 42 2 25 2 125 72 41 2 25 1 15 88 42 2 25 2 175 74 41 2 25 0 2 86 42 2 25 2 225 87 41 2 25 1 25 76 42 2 25 2 275 73 41 2 25 0 3 78 42 2 25 2 325 81 41 2 25 1 35 79 42 2 25 2 375 79
4/4 51 2 25 0 0 72 52 2 25 2 25 72 51 2 25 1 5 87 52 2 25 2 75 71 51 2 25 0 1 85 52 2 25 2 125 89 51 2 25 1 15 87 52 2 25 2 175 90 51 2 25 0 2 89 52 2 25 2 225 89 51 2 25 1 25 80 52 2 25 2 275 80 51 2 25 0 3 79 52 2 25 2 325 79 51 2 25 1 35 86 52 2 25 2 375 71
4/4 611 0 1 0 0 79 312 0 1 0 0 78 611 0 1 0 0 80 611 1 5 1 5 88 611 1 5 0 1 82 611 0 1 1 15 80 312 0 1 1 15 78 611 0 1 1 15 72 611 1 5 0 2 86 611 1 5 1 25 90 611 0 1 0 3 84 312 0 1 0 3 83 611 0 1 0 3 88 611 1 5 1 35 86
4/4 51 0 1 0 0 84 21 0 1 0 0 75 51 0 1 0 0 73 51 0 1 1 5 87 56 0 1 1 15 90 46 0 1 1 15 90 36 0 1 1 15 70 24 0 1 1 15 87 15 0 1 2 175 74 75 0 1 2 175 79 65 0 1 2 175 86 54 0 1 2 175 75 45 0 1 0 2 70 35 0 1 0 2 73 24 0 1 0 2 76 13 0 1 0 2 90 74 0 1 3 2333 90 63 0 1 3 2333 71 53 1 5 1 25 88
4/4 11 0 1 0 0 88 11 0 1 0 0 79 12 0 1 0 1 74 51 0 1 0 1 72 11 0 1 0 2 71 12 0 1 0 3 76 51 0 1 0 3 82
4/4 11 0 1 0 0 84 11 0 1 0 0 89 12 0 1 0 1 83 51 0 1 0 1 79 11 0 1 0 2 85 313 0 1 0 3 83 51 0 1 0 3 73
4/4 51 0 1 0 0 82 51 0 1 0 0 79 52 0 1 0 1 78 21 0 1 0 1 79 51 0 1 0 2 80 712 0 1 0 3 81 21 0 1 0 3 77
4/4 51 0 1 0 0 84 51 0 1 0 0 72 52 0 1 0 1 73 21 0 1 0 1 89 51 0 1 0 2 76 712 0 1 0 3 72 21 0 1 0 3 75
4/4 41 0 1 0 0 76 41 0 1 0 0 80 11 0 1 0 1 83 41 0 1 0 1 89 41 0 1 0 2 86 612 0 1 0 3 87 11 0 1 0 3 72
4/4 41 0 1 0 0 74 11 0 1 0 1 86 41 0 1 0 1 74 612 0 1 0 2 85 611 0 1 0 2 82 712 0 1 0 3 76 711 0 1 0 3 85
4/4 12 0 1 0 0 76 52 0 1 0 0 89 11 0 1 0 0 78 41 0 1 0 2 79 11 0 1 0 2 77 41 0 1 0 2 88
4/4 51 0 1 0 0 84 21 0 1 0 0 71 51 0 1 0 0 79 61 0 1 0 2 74 711 0 1 0 2 73 61 0 1 0 2 78
4/4 12 1 5 0 0 75 11 0 1 0 0 70 11 0 1 0 0 82 712 1 5 1 5 70 52 1 5 0 1 72 12 1 5 1 15 84 712 1 5 0 2 85 52 1 5 1 25 78 12 1 5 0 3 78 52 1 5 1 35 78
4/4 12 1 5 0 0 90 11 0 1 0 0 75 11 0 1 0 0 80 712 1 5 1 5 79 52 1 5 0 1 86 12 1 5 1 15 86 712 1 5 0 2 76 52 1 5 1 25 76 12 1 5 0 3 70 52 1 5 1 35 70
4/4 711 0 4 0 0 86 12 1 5 0 0 82 712 1 5 1 5 81 52 1 5 0 1 77 12 1 5 1 15 87 712 1 5 0 2 83 52 1 5 1 25 73 12 1 5 0 3 78 52 1 5 1 35 79
4/4 12 1 5 0 0 82 711 3 3667 0 0 78 712 1 5 1 5 73 52 1 5 0 1 87 12 1 5 1 15 83 712 1 5 0 2 87 52 1 5 1 25 75 12 1 5 0 3 71 52 1 5 1 35 88
4/4 612 0 4 0 0 76 12 1 5 0 0 73 712 1 5 1 5 74 52 1 5 0 1 75 12 1 5 1 15 76 712 1 5 0 2 89 52 1 5 1 25 81 12 1 5 0 3 90 52 1 5 1 35 84
4/4 12 1 5 0 0 72 612 3 3667 0 0 86 712 1 5 1 5 76 52 1 5 0 1 89 12 1 5 1 15 82 712 1 5 0 2 76 52 1 5 1 25 81 12 1 5 0 3 88 52 1 5 1 35 72
4/4 52 1 15 0 0 77 12 1 5 0 0 90 712 1 5 1 5 72 52 0 2 0 1 70 12 1 5 1 15 75 712 1 5 0 2 81 52 1 15 1 25 72 12 1 5 0 3 88 52 1 5 1 35 84
4/4 12 1 5 0 0 73 52 1 15 0 0 80 712 1 5 1 5 70 52 0 2 0 1 89 12 1 5 1 15 89 712 1 5 0 2 87 52 0 1 1 25 83 12 1 5 0 3 81 52 1 5 1 35 85
4/4 41 0 1 0 0 87 41 0 1 0 0 86 41 0 1 1 5 84 41 0 1 1 5 75 41 0 1 0 1 90 41 0 1 0 1 71 41 0 1 1 15 74 41 0 1 1 15 79 41 0 1 0 2 80 41 0 1 0 2 75 41 0 1 1 25 86 41 0 1 1 25 79 41 0 1 0 3 86 41 0 1 0 3 75 41 0 1 1 35 82 41 0 1 1 35 84
4/4 41 0 1 0 0 74 41 0 1 0 0 82 41 0 1 1 5 71 41 0 1 1 5 86 41 0 1 0 1 80 41 0 1 0 1 70 41 0 1 1 15 78 41 0 1 1 15 85 41 0 1 0 2 87 41 0 1 0 2 79 41 0 1 1 25 75 41 0 1 1 25 90 41 0 1 0 3 90 41 0 1 0 3 75 41 0 1 1 35 87 41 0 1 1 35 71
4/4 311 0 1 0 0 71 311 0 1 0 0 76 311 0 1 1 5 86 311 0 1 1 5 72 311 0 1 0 1 74 311 0 1 0 1 83 311 0 1 1 15 82 311 0 1 1 15 72 311 0 1 0 2 72 311 0 1 0 2 87 311 0 1 1 25 86 311 0 1 1 25 80 311 0 1 0 3 79 311 0 1 0 3 73 311 0 1 1 35 79 311 0 1 1 35 90
4/4 311 0 1 0 0 85 311 0 1 0 0 76 311 0 1 1 5 77 311 0 1 1 5 73 311 0 1 0 1 71 311 0 1 0 1 70 311 0 1 1 15 78 311 0 1 1 15 76 311 0 1 0 2 90 311 0 1 0 2 90 311 0 1 1 25 87 311 0 1 1 25 87 311 0 1 0 3 72 311 0 1 0 3 88 311 0 1 1 35 83 311 0 1 1 35 85
4/4 41 0 1 0 0 71 41 0 1 0 0 71 41 0 1 1 5 74 41 0 1 1 5 78 41 0 1 0 1 85 41 0 1 0 1 84 41 0 1 1 15 74 41 0 1 1 15 71 41 0 1 0 2 88 41 0 1 0 2 71 41 0 1 1 25 71 41 0 1 1 25 71 41 0 1 0 3 90 41 0 1 0 3 72 41 0 1 1 35 85 41 0 1 1 35 82
4/4 41 0 1 0 0 81 41 0 1 0 0 88 41 0 1 1 5 82 41 0 1 1 5 84 41 0 1 0 1 73 41 0 1 0 1 74 41 0 1 1 15 72 41 0 1 1 15 74 41 0 1 0 2 76 41 0 1 0 2 75 41 0 1 1 25 74 41 0 1 1 25 72 41 0 1 0 3 86 41 0 1 0 3 85 41 0 1 1 35 82 41 0 1 1 35 75
4/4 51 0 1 0 0 84 21 0 1 0 0 90 51 0 1 0 0 80 51 1 5 1 5 70 51 1 5 0 1 79 51 0 1 1 15 82 21 0 1 1 15 72 51 0 1 1 15 75 51 1 5 0 2 75 51 1 5 1 25 79 51 0 1 0 3 82 21 0 1 0 3 74 51 0 1 0 3 82 51 1 5 1 35 86
4/4 51 0 1 0 0 89 21 0 1 0 0 76 51 0 1 0 0 77 51 1 5 1 5 84 21 0 1 0 1 82 51 0 1 0 1 83 51 1 5 1 15 82 56 0 1 0 2 79 46 0 1 0 2 70 315 0 1 0 2 70 25 0 1 2 225 75 15 0 1 2 225 80 714 0 1 2 225 71 615 0 1 1 25 75 55 0 1 1 25 75 44 0 1 1 25 89 315 0 1 2 275 79 23 0 1 2 275 72 13 1 5 0 3 72
4/4 11 0 1 0 0 84 11 0 1 0 0 89 52 1 5 1 5 84 12 1 5 0 1 71 52 1 5 1 15 73 313 1 5 0 2 74 52 1 5 1 25 70 12 1 5 0 3 87 52 1 5 1 35 87
4/4 41 0 1 0 0 79 41 0 1 0 0 89 11 1 5 1 5 87 42 1 5 0 1 85 11 1 5 1 15 82 41 1 5 0 2 82 42 1 5 1 25 80 11 1 5 0 3 71 41 1 5 1 35 79
4/4 52 0 1 0 0 77 51 0 1 0 0 90 21 1 5 1 5 84 52 1 5 0 1 74 21 1 5 1 15 84 51 1 5 0 2 85 52 1 5 1 25 76 21 1 5 0 3 82 51 1 5 1 35 89
4/4 62 0 1 0 0 87 61 0 1 0 0 79 21 1 5 1 5 80 62 1 5 0 1 77 21 1 5 1 15 78 61 1 5 0 2 77 62 1 5 1 25 82 21 1 5 0 3 73 611 1 5 1 35 73
4/4 611 0 1 0 0 87 611 0 1 0 0 70 611 1 5 0 1 80 312 1 5 1 15 79 612 1 5 0 2 79 312 1 5 1 25 88 11 1 5 0 3 81 611 1 5 1 35 74
4/4 51 0 1 0 0 79 51 0 1 0 0 77 51 1 5 0 1 78 21 1 5 1 15 72 52 1 5 0 2 85 21 1 5 1 25 83 711 1 5 0 3 86 51 1 5 1 35 75
4/4 41 0 1 0 0 75 41 0 1 0 0 78 41 1 5 0 1 90 11 1 5 1 15 82 42 1 5 0 2 72 11 1 5 1 25 80 611 1 5 0 3 70 41 1 5 1 35 77
4/4 311 0 1 0 0 75 311 0 1 0 0 84 311 1 5 0 1 89 11 1 5 1 15 89 312 1 5 0 2 73 11 1 5 1 25 83 51 1 5 0 3 70 311 1 5 1 35 82
4/4 21 0 1 0 0 71 21 0 1 0 0 74 21 0 1 1 5 74 21 0 1 1 5 72 21 0 1 0 1 79 21 0 1 0 1 89 21 0 1 1 15 84 21 0 1 1 15 71 21 0 1 0 2 74 21 0 1 0 2 74 21 0 1 1 25 83 21 0 1 1 25 87 21 0 1 0 3 84 21 0 1 0 3 78 21 0 1 1 35 83 21 0 1 1 35 81
4/4 311 0 1 0 0 73 311 0 1 0 0 74 311 0 1 1 5 85 311 0 1 1 5 86 311 0 1 0 1 86 311 0 1 0 1 90 311 0 1 1 15 76 311 0 1 1 15 75 311 0 1 0 2 85 311 0 1 0 2 77 311 0 1 1 25 78 311 0 1 1 25 78 311 0 1 0 3 87 311 0 1 0 3 71 311 0 1 1 35 90 311 0 1 1 35 88
4/4 41 0 1 0 0 76 11 0 1 0 0 85 41 0 1 0 0 86 41 1 5 1 5 81 41 1 5 0 1 79 41 0 1 1 15 87 11 0 1 1 15 70 41 0 1 1 15 78 41 1 5 0 2 88 41 1 5 1 25 82 41 0 1 0 3 85 11 0 1 0 3 70 41 0 1 0 3 79 41 1 5 1 35 83
4/4 51 0 1 0 0 114 21 0 1 0 0 101 51 0 1 0 0 104
4/4 11 1 5 0 0 76 11 1 5 1 5 75 11 1 5 0 1 89 11 1 5 1 15 90 11 1 5 0 2 87 11 1 5 1 25 82 11 1 5 0 3 70 11 1 5 1 35 75
4/4 11 1 5 0 0 74 11 1 5 1 5 70 11 1 5 0 1 83 11 1 5 1 15 87 11 1 5 0 2 82 11 1 5 1 25 82 11 1 5 0 3 74 11 1 5 1 35 90
4/4 11 1 5 0 0 75 11 1 5 1 5 84 11 1 5 0 1 82 11 1 5 1 15 82 11 1 5 0 2 76 11 1 5 1 25 89 11 1 5 0 3 80 11 1 5 1 35 74
4/4 11 1 5 0 0 72 11 1 5 1 5 84 11 1 5 0 1 81 11 1 5 1 15 75 11 1 5 0 2 87 11 1 5 1 25 78 11 1 5 0 3 76 11 1 5 1 35 71
4/4 11 1 5 0 0 70 11 1 5 1 5 82 11 1 5 0 1 89 11 1 5 1 15 71 11 1 5 0 2 77 11 1 5 1 25 81 11 1 5 0 3 79 11 1 5 1 35 79
4/4 11 1 5 0 0 76 11 1 5 1 5 83 11 1 5 0 1 78 11 1 5 1 15 83 11 1 5 0 2 77 11 1 5 1 25 84 11 1 5 0 3 76 11 1 5 1 35 83
4/4 611 1 5 0 0 76 611 1 5 1 5 73 611 0 1 0 1 78 611 0 1 0 1 77 611 0 1 1 15 85 611 0 1 1 15 80 611 0 1 0 2 82 611 0 1 0 2 73 611 0 1 1 25 76 611 0 1 1 25 80 611 0 1 0 3 73 611 0 1 0 3 80 611 0 1 1 35 81 611 0 1 1 35 75
4/4 711 0 1 0 0 84 711 0 1 0 0 70 711 0 1 1 5 90 711 0 1 1 5 89 711 0 1 0 1 73 711 0 1 0 1 80 711 0 1 1 15 70 711 0 1 1 15 80 711 0 1 0 2 87 711 0 1 0 2 75 711 0 1 1 25 76 711 0 1 1 25 89 711 0 1 0 3 84 711 0 1 0 3 72 711 0 1 1 35 83 711 0 1 1 35 79
2/4
4/4 11 0 1 0 0 119 11 0 1 0 0 113
4/4 11 0 1 0 0 119 11 0 1 0 0 118
4/4 11 0 1 0 0 120 11 0 1 0 0 112
4/4 11 0 1 0 0 113 11 0 1 0 0 114
4/4 11 0 1 0 0 119 11 0 1 0 0 108 11 0 1 0 2 74 11 0 1 0 2 87 11 0 1 1 35 119 11 0 1 1 35 107
