4/4
4/4
4/4
4/4
4/4
4/4
4/4
4/4
4/4
4/4
4/4
4/4 63 0 1 1 15 80 44 0 1 1 15 80 64 0 1 2 175 80 54 0 1 0 3 80 53 0 1 0 3 80 44 0 1 1 35 80 43 0 1 1 35 80
4/4 64 0 1 0 0 80 63 0 1 0 0 80 74 0 1 1 5 80 73 0 1 1 5 80 64 0 1 1 15 80 44 0 1 1 15 80 63 0 1 1 15 80 64 0 1 1 35 80 63 0 1 1 35 80
4/4 64 0 1 0 0 80 63 0 1 0 0 80 74 0 1 1 5 80 73 0 1 1 5 80 13 0 1 1 15 80 64 0 1 1 15 80 14 0 1 2 175 80 14 0 1 0 3 80 13 0 1 0 3 80
4/4 35 0 1 0 0 80 34 0 1 0 0 80 224 0 1 1 5 80 223 0 1 1 5 80 14 0 1 0 1 80 13 0 1 0 1 80 524 0 1 1 35 80 523 0 1 1 35 80
4/4 524 0 1 0 0 80 523 0 1 0 0 80 64 0 1 1 5 80 63 0 1 1 5 80 613 0 1 1 15 80 524 0 1 1 15 80 614 3 667 2 175 80 64 0 1 0 3 80 63 0 1 0 3 80 524 0 1 1 35 80 523 0 1 1 35 80
4/4 613 0 1 0 0 80 524 0 1 0 0 80 614 2 25 2 25 80 714 0 1 1 5 80 713 0 1 1 5 80 614 0 1 1 15 80 524 0 1 1 15 80 613 0 1 1 15 80 614 0 1 1 35 80 613 0 1 1 35 80
4/4 614 0 1 0 0 80 613 0 1 0 0 80 714 0 1 1 5 80 713 0 1 1 5 80 223 0 1 1 15 80 614 0 1 1 15 80 224 0 1 2 175 80 224 0 1 0 3 80 223 0 1 0 3 80
4/4 315 0 1 0 0 80 314 0 1 0 0 80 24 0 1 1 5 80 23 0 1 1 5 80 224 0 1 1 15 80 614 0 1 1 15 80 223 0 1 1 15 80 714 0 1 0 3 80 64 0 1 0 3 80 713 0 1 0 3 80
4/4
4/4 314 1 5 0 0 80 524 1 5 1 5 80 54 1 5 0 1 80 314 2 75 1 15 80 524 1 5 1 25 80 314 2 75 0 3 80
4/4 314 1 5 0 0 80 524 1 5 1 5 80 54 1 5 0 1 80 314 0 1 1 15 80 13 0 1 1 15 80 614 1 5 1 25 80 714 2 75 0 3 80
4/4 54 1 5 0 0 80 614 1 5 1 5 80 714 1 5 0 1 80 54 0 1 1 15 80 314 0 1 1 15 80 13 0 1 1 15 80 614 1 5 1 25 80 54 2 75 0 3 80
4/4 714 1 5 0 0 80 14 1 5 1 5 80 24 0 1 0 1 80 14 2 75 0 2 80 714 2 75 0 3 80
4/4 14 1 5 0 0 80 714 1 5 1 5 80 614 1 5 0 1 80 54 0 1 1 15 80 314 0 1 1 15 80 53 0 1 1 15 80
4/4 714 0 1 1 5 80 23 0 1 1 5 80 614 0 1 1 15 80 13 0 1 1 15 80 54 0 1 1 25 80 713 0 1 1 25 80 524 0 1 1 35 80 613 0 1 1 35 80
4/4 524 0 1 0 0 80 613 0 1 0 0 80 614 0 1 1 5 80 13 0 1 1 5 80 314 0 1 1 15 80 54 0 1 1 15 80 14 1 15 2 175 80
4/4 714 1 5 0 0 80 614 1 5 1 5 80 714 0 1 0 1 80
4/4 314 1 5 0 0 80 524 1 5 1 5 80 54 1 5 0 1 80 314 2 75 1 15 80 524 1 5 1 25 80 314 2 75 0 3 80
4/4 314 1 5 0 0 80 524 1 5 1 5 80 54 1 5 0 1 80 314 0 1 1 15 80 13 0 1 1 15 80 614 1 5 1 25 80 714 2 75 0 3 80
4/4 54 1 5 0 0 80 614 1 5 1 5 80 714 1 5 0 1 80 54 0 1 1 15 80 314 0 1 1 15 80 13 0 1 1 15 80 614 1 5 1 25 80 54 2 75 0 3 80
4/4 714 1 5 0 0 80 14 1 5 1 5 80 24 0 1 0 1 80 14 2 75 0 2 80 714 2 75 0 3 80
4/4 14 1 5 0 0 80 714 1 5 1 5 80 614 1 5 0 1 80 54 0 1 1 15 80 314 0 1 1 15 80 13 0 1 1 15 80
4/4 714 0 1 1 5 80 23 0 1 1 5 80 614 0 1 1 15 80 23 0 1 1 15 80 614 0 1 0 3 80 314 0 1 0 3 80
4/4 714 1 5 0 0 80 24 0 1 1 5 80 524 0 1 1 5 80 23 0 1 1 5 80 314 0 1 1 15 80 614 0 1 1 15 80 315 2 225 2 175 80
4/4 314 0 1 0 0 80 614 0 1 0 0 80 315 0 1 0 0 80 313 0 1 1 15 80 613 0 1 1 15 80 314 2 225 2 175 80
4/4 313 0 1 0 0 80 613 0 1 0 0 80 314 0 1 0 0 80
4/4 21 0 4 0 0 80
4/4 21 3 3333 0 0 80
4/4 21 0 1 0 0 80 21 0 1 0 0 80
4/4 21 0 1 0 0 80 21 0 1 0 0 80
4/4 21 2 175 0 0 80 21 3 3333 0 0 80 21 3 2333 0 1 80 312 2 75 0 2 80 612 2 75 0 3 80
4/4 21 2 175 0 0 80 21 3 3333 0 0 80 21 3 2333 0 1 80 312 2 75 0 2 80 612 2 75 0 3 80
4/4 21 2 175 0 0 80 21 3 3333 0 0 80 21 3 2333 0 1 80 312 2 75 0 2 80 612 2 75 0 3 80
4/4 21 1 5 0 0 80 612 2 75 1 5 80 611 1 5 1 15 80 21 2 75 0 2 80 612 2 75 0 3 80
4/4 21 1 5 0 0 80 612 1 5 1 5 80 313 1 5 0 1 80 43 1 25 1 15 80
4/4 43 2 125 0 0 80 72 0 1 0 2 80 32 0 1 0 2 80
4/4 21 1 5 0 0 80 612 1 5 1 5 80 313 1 5 0 1 80 43 1 25 1 15 80
4/4 43 2 125 0 0 80 72 0 1 0 2 80 32 0 1 0 2 80
4/4 21 1 5 0 0 80 612 1 5 1 5 80 313 1 5 0 1 80 43 1 25 1 15 80
4/4 43 2 125 0 0 80 72 0 1 0 2 80 32 0 1 0 2 80
4/4 21 1 5 0 0 80 612 1 5 1 5 80 313 1 5 0 1 80 43 3 1667 1 15 80
4/4 21 1 5 0 0 80 612 1 5 1 5 80 313 1 5 0 1 80 43 3 1667 1 15 80
4/4 221 1 5 0 0 80 62 1 5 1 5 80 222 1 5 0 1 80 33 1 5 1 15 80 43 1 5 0 2 80 222 1 5 1 25 80 62 2 75 0 3 80
4/4 221 1 5 0 0 80 62 1 5 1 5 80 222 1 5 0 1 80 33 1 5 1 15 80 43 1 5 0 2 80 222 1 5 1 25 80 62 2 75 0 3 80
4/4 61 1 5 0 0 80 32 1 5 1 5 80 62 1 5 0 1 80 12 1 5 1 15 80 222 1 5 0 2 80 62 1 5 1 25 80 32 2 75 0 3 80
4/4 521 1 5 0 0 80 221 1 5 1 5 80 522 1 5 0 1 80 62 1 5 1 15 80 612 1 5 0 2 80 522 1 5 1 25 80 221 2 75 0 3 80
4/4 611 1 5 0 0 80 312 1 5 1 5 80 612 1 5 0 1 80 712 1 5 1 15 80 222 1 5 0 2 80 612 1 5 1 25 80 312 2 75 0 3 80
4/4 21 1 5 0 0 80 612 1 5 1 5 80 22 1 5 0 1 80 313 1 5 1 15 80 523 1 5 0 2 80 22 1 5 1 25 80 612 2 75 0 3 80
4/4 611 1 5 0 0 80 312 1 5 1 5 80 612 1 5 0 1 80 222 1 5 1 15 80 313 1 5 0 2 80 612 1 5 1 25 80 312 2 75 0 3 80
4/4 312 1 5 0 0 80 612 1 5 1 5 80 222 1 5 0 1 80 21 2 75 1 15 80 62 1 5 1 25 80 712 2 75 0 3 80
4/4 313 3 1667 0 0 80
4/4 312 2 75 0 0 80 313 1 5 0 1 80 523 1 5 1 15 80 53 1 5 0 2 80 313 1 5 1 25 80 712 2 75 0 3 80
4/4 11 1 5 0 0 80 52 1 5 1 5 80 12 1 5 0 1 80 22 1 5 1 15 80 313 1 5 0 2 80 12 1 5 1 25 80 52 2 75 0 3 80
4/4 11 2 75 0 0 80 12 1 5 0 1 80 22 1 5 1 15 80 313 1 5 0 2 80 12 1 5 1 25 80 52 2 75 0 3 80
4/4 21 2 75 0 0 80 22 1 5 0 1 80 313 1 5 1 15 80 523 1 5 0 2 80 22 1 5 1 25 80 612 2 75 0 3 80
4/4 11 1 5 0 0 80 52 1 5 1 5 80 12 1 5 0 1 80 22 1 5 1 15 80 313 1 5 0 2 80 12 1 5 1 25 80 52 2 75 0 3 80
4/4 21 1 5 0 0 80 612 1 5 1 5 80 22 1 5 0 1 80 313 1 5 1 15 80 523 1 5 0 2 80 22 1 5 1 25 80 612 2 75 0 3 80
4/4 52 1 5 0 0 80 22 1 5 1 5 80 53 1 5 0 1 80 613 1 5 1 15 80 713 1 5 0 2 80 53 1 5 1 25 80 22 2 75 0 3 80
4/4 33 1 5 0 0 80 713 0 1 0 0 80 33 0 1 0 0 80 523 0 1 0 0 80 523 2 75 1 5 80 713 1 5 0 1 80 613 0 1 1 15 80 523 0 1 1 15 80 22 0 1 1 15 80
4/4 312 2 75 0 0 80 313 1 5 0 1 80 523 1 5 1 15 80 53 1 5 0 2 80 313 1 5 1 25 80 712 2 75 0 3 80
4/4 11 2 75 0 0 80 12 1 5 0 1 80 22 1 5 1 15 80 313 2 75 0 2 80 12 2 75 0 3 80
4/4 52 1 5 0 0 80 22 1 5 1 5 80 53 1 5 0 1 80 613 1 5 1 15 80 713 1 5 0 2 80 53 1 5 1 25 80 22 2 75 0 3 80
4/4 21 1 5 0 0 80 612 1 5 1 5 80 22 1 5 0 1 80 313 1 5 1 15 80 523 1 5 0 2 80 22 1 5 1 25 80 612 1 5 0 3 80 522 1 5 1 35 80
4/4 11 1 5 0 0 80 52 1 5 1 5 80 12 1 5 0 1 80 22 1 5 1 15 80 313 1 5 0 2 80 12 1 5 1 25 80 52 1 5 0 3 80 312 1 5 1 35 80
4/4 21 1 5 0 0 80 612 1 5 1 5 80 22 1 5 0 1 80 313 1 5 1 15 80 523 1 5 0 2 80 22 1 5 1 25 80 612 1 5 0 3 80 522 1 5 1 35 80
4/4 312 1 5 0 0 80 712 1 5 1 5 80 313 1 5 0 1 80 523 1 5 1 15 80 53 1 5 0 2 80 613 1 5 1 25 80 713 1 5 0 3 80 23 1 5 1 35 80
