4/4 23 0 1 0 0 99 53 0 1 0 0 92 24 2 75 2 25 91 224 1 5 0 1 100 614 0 1 1 15 110 314 0 1 1 25 103 524 1 5 1 35 103
4/4 524 3 1833 0 0 101
4/4 23 0 1 0 0 99 53 0 1 0 0 100 24 2 75 0 0 105 14 1 5 0 1 93 614 0 1 1 15 91 314 0 1 1 25 108 13 0 1 1 35 108 43 0 1 1 35 105
4/4 13 0 1 0 0 92 43 0 1 0 0 109
4/4 23 0 1 0 0 98 53 0 1 0 0 104 24 2 75 0 0 93 224 1 5 0 1 95 614 0 1 1 15 96 314 0 1 1 25 94 23 0 1 1 35 103 523 0 1 1 35 93
4/4 23 0 1 0 0 90 523 0 1 0 0 101
4/4 23 0 1 0 0 104 53 0 1 0 0 103 24 2 75 0 0 95 14 1 5 0 1 102 614 0 1 1 15 104 314 0 1 1 25 100 13 0 1 1 35 94 43 0 1 1 35 90
4/4 13 0 1 0 0 100 43 0 1 0 0 93
4/4 23 0 1 0 0 108 53 0 1 0 0 101 24 2 75 0 0 90 14 1 5 0 1 105 54 0 1 1 15 98 23 2 75 1 25 101 314 1 5 1 35 103
4/4 314 3 1833 0 0 106 713 1 15 1 5 94 53 1 5 1 15 93
4/4 44 1 5 0 0 110 13 1 5 1 5 97 44 1 5 0 1 107 14 0 1 1 15 90 54 0 1 1 25 107 614 1 5 1 35 95
4/4 614 2 175 0 0 94 54 0 2 0 2 102
4/4 73 0 1 0 0 90 34 0 1 0 0 96 53 0 1 0 0 104
4/4 63 0 1 0 0 109 223 0 1 0 0 96 43 0 1 0 0 99
4/4 53 0 1 0 0 90 13 0 1 0 0 109 313 0 1 0 0 94 53 1 5 1 25 110 13 1 5 0 3 91 314 1 5 1 35 97
4/4 13 0 1 0 0 109 313 0 1 0 0 108 54 2 175 2 25 107
4/4 23 0 1 0 0 105 53 0 1 0 0 97 24 2 75 0 0 103 224 1 5 0 1 97 614 0 1 1 15 94 314 0 1 1 25 96 524 1 5 1 35 98
4/4 524 3 1833 0 0 97
4/4 23 0 1 0 0 109 53 0 1 0 0 101 24 2 75 0 0 90 14 1 5 0 1 100 614 0 1 1 15 101 314 0 1 1 25 96 13 0 1 1 35 90 43 0 1 1 35 92
4/4 13 0 1 0 0 101 43 0 1 0 0 102
4/4 23 0 1 0 0 104 53 0 1 0 0 90 24 2 75 0 0 105 224 1 5 0 1 90 614 0 1 1 15 107 314 0 1 1 25 102 23 0 1 1 35 94 523 0 1 1 35 95
4/4 23 0 1 0 0 106 523 0 1 0 0 102
4/4 23 0 1 0 0 109 53 0 1 0 0 101 24 2 75 0 0 94 14 1 5 0 1 103 614 0 1 1 15 99 314 0 1 1 25 99 13 0 1 1 35 108 43 0 1 1 35 94
4/4 13 0 1 0 0 102 43 0 1 0 0 101
4/4 23 0 1 0 0 96 53 0 1 0 0 102 24 2 75 0 0 104 14 1 5 0 1 104 54 0 1 1 15 92 23 2 75 1 25 110 314 1 5 1 35 90
4/4 314 3 2833 0 0 95 713 3 2333 1 5 104 53 1 15 1 15 95
4/4 44 1 5 0 0 102 13 1 5 1 5 104 44 1 5 0 1 101 14 0 1 1 15 90 54 0 1 1 25 110 614 1 5 1 35 96
4/4 614 2 175 0 0 98 54 0 2 0 2 91
4/4 73 0 1 0 0 98 34 0 1 0 0 93 53 0 1 0 0 92
4/4 63 0 1 0 0 99 223 0 1 0 0 94 43 0 1 0 0 90
4/4 53 0 1 0 0 99 13 0 1 0 0 93 313 0 1 0 0 110 53 1 5 1 25 107 13 1 5 0 3 96 314 1 5 1 35 105
4/4 13 0 1 0 0 108 313 0 1 0 0 109 54 2 175 2 25 99
4/4 23 0 1 0 0 100 53 0 1 0 0 91 24 2 75 0 0 90 224 1 5 0 1 108 614 0 1 1 15 90 314 0 1 1 25 105 524 1 5 1 35 95
4/4 524 3 1833 0 0 103
4/4 23 0 1 0 0 109 53 0 1 0 0 91 24 2 75 0 0 104 14 1 5 0 1 101 614 0 1 1 15 96 314 0 1 1 25 101 13 0 1 1 35 107 43 0 1 1 35 104
4/4 13 0 1 0 0 97 43 0 1 0 0 108 73 1 5 1 25 94 43 1 5 0 3 98 73 1 5 1 35 100
4/4 23 0 1 0 0 107 53 0 1 0 0 107 24 2 75 0 0 91 224 1 5 0 1 94 614 0 1 1 15 92 314 0 1 1 25 92 23 0 1 1 35 96 523 0 1 1 35 108
4/4 23 0 1 0 0 99 523 0 1 0 0 105
4/4 23 0 1 0 0 95 53 0 1 0 0 99 24 2 75 0 0 103 14 1 5 0 1 92 614 0 1 1 15 104 314 0 1 1 25 95 13 0 1 1 35 100 43 0 1 1 35 94
4/4 13 0 1 0 0 99 43 0 1 0 0 96
4/4 23 0 1 0 0 101 53 0 1 0 0 97 24 2 75 0 0 98 14 1 5 0 1 105 54 0 1 1 15 94 23 2 75 1 25 94 314 1 5 1 35 101
4/4 314 3 1833 0 0 109 713 1 15 1 5 109 53 1 5 1 15 104
4/4 44 1 5 0 0 110 13 1 5 1 5 99 44 1 5 0 1 110 14 0 1 1 15 102 54 0 1 1 25 106 614 1 5 1 35 93
4/4 614 2 175 0 0 102 54 0 2 0 2 91
4/4 73 0 1 0 0 103 34 0 1 0 0 102 53 0 1 0 0 98
4/4 63 0 1 0 0 109 223 0 1 0 0 109 43 0 1 0 0 109
4/4 53 0 1 0 0 97 13 0 1 0 0 107 313 0 1 0 0 92 53 1 5 1 25 97 13 1 5 0 3 100 314 1 5 1 35 91
4/4 13 0 1 0 0 100 313 0 1 0 0 90 54 2 175 2 25 100
4/4 23 0 1 0 0 104 53 0 1 0 0 101 24 2 75 0 0 107 224 1 5 0 1 92 614 0 1 1 15 90 314 0 1 1 25 100 524 1 5 1 35 107
4/4 524 3 1833 0 0 100
4/4 23 0 1 0 0 108 53 0 1 0 0 98 24 2 75 0 0 97 14 1 5 0 1 103 614 0 1 1 15 94 314 0 1 1 25 90 13 0 1 1 35 96 43 0 1 1 35 97
4/4 13 0 1 0 0 90 43 0 1 0 0 99 73 1 5 1 25 91 43 1 5 0 3 100 73 1 5 1 35 98
4/4 23 0 1 0 0 99 53 0 1 0 0 92 24 2 75 0 0 108 224 1 5 0 1 92 614 0 1 1 15 90 314 0 1 1 25 98 23 0 1 1 35 93 523 0 1 1 35 96
4/4 23 0 1 0 0 90 523 0 1 0 0 101
4/4 23 0 1 0 0 104 53 0 1 0 0 101 24 2 75 0 0 92 14 1 5 0 1 103 614 0 1 1 15 109 314 0 1 1 25 109 13 0 1 1 35 105 43 0 1 1 35 104
4/4 13 0 1 0 0 98 43 0 1 0 0 92
4/4 23 0 1 0 0 104 53 0 1 0 0 108 24 2 75 0 0 94 14 1 5 0 1 94 54 0 1 1 15 98 23 2 75 1 25 92 314 1 5 1 35 109
4/4 314 3 1833 0 0 100 713 1 15 1 5 94 53 1 5 1 15 110
4/4 44 1 5 0 0 93 13 1 5 1 5 109 44 1 5 0 1 99 14 0 1 1 15 105 54 0 1 1 25 100 614 1 5 1 35 90
4/4 614 2 175 0 0 108 54 0 2 0 2 95
4/4 73 0 1 0 0 107 34 0 1 0 0 95 53 0 1 0 0 103
4/4 63 0 1 0 0 93 223 0 1 0 0 108 43 0 1 0 0 98
4/4 53 0 1 0 0 92 13 0 1 0 0 91 313 0 1 0 0 107 53 1 5 1 25 106 13 1 5 0 3 95 314 1 5 1 35 107
4/4 13 0 1 0 0 105 313 0 1 0 0 108 14 2 175 2 25 93
4/4 52 0 1 0 0 90 21 0 1 0 0 91
4/4 52 0 1 0 0 95 21 0 1 0 0 104 53 1 5 1 25 100 22 1 5 0 3 93 52 1 5 1 35 94
4/4 42 0 1 0 0 99 71 0 1 0 0 94
4/4 42 0 1 0 0 90 71 0 1 0 0 104 42 1 5 1 25 109 72 1 5 0 3 99 42 1 5 1 35 106
4/4 52 1 5 0 0 104 22 1 5 1 5 93 53 0 3 0 1 107
4/4 53 2 175 0 0 96 53 1 5 1 25 101 22 1 5 0 3 101 52 1 5 1 35 91
4/4 71 1 5 0 0 107 42 1 5 1 5 98 12 1 5 0 1 108 42 1 5 1 15 101 22 0 2 0 2 98 72 1 5 1 35 109
4/4 22 2 175 0 0 95 72 3 1833 0 0 102
4/4 11 1 5 0 0 105 52 1 5 1 5 102 12 1 5 0 1 101 52 1 5 1 15 98 53 1 15 0 2 91 12 1 5 1 35 94
4/4 12 3 1833 0 0 92
4/4 71 1 5 0 0 102 42 1 5 1 5 95 12 1 5 0 1 102 72 1 25 1 15 96
4/4 72 2 175 0 0 96
4/4 61 0 1 0 0 90 32 0 1 0 0 91 11 0 1 0 0 91
4/4 521 0 1 0 0 85 221 0 1 0 0 102 61 0 1 0 0 108
4/4 41 1 5 0 0 88 42 1 5 1 5 72 612 1 5 0 1 105 12 1 5 1 15 98 313 1 5 0 2 90
4/4
4/4 52 0 1 0 0 95 21 0 1 0 0 108
4/4 52 0 1 0 0 92 21 0 1 0 0 93 53 1 5 1 25 104 22 1 5 0 3 98 52 1 5 1 35 98
4/4 42 0 1 0 0 91 71 0 1 0 0 110
4/4 42 0 1 0 0 90 71 0 1 0 0 99 42 1 5 1 25 93 72 1 5 0 3 100 42 1 5 1 35 108
4/4 52 1 5 0 0 110 22 1 5 1 5 92 53 0 3 0 1 92
4/4 53 2 175 0 0 101 53 1 5 1 25 102 22 1 5 0 3 108 52 1 5 1 35 93
4/4 71 1 5 0 0 100 42 1 5 1 5 103 12 1 5 0 1 106 42 1 5 1 15 96 22 0 2 0 2 93 72 1 5 1 35 95
4/4 22 2 175 0 0 98 72 3 1833 0 0 95
4/4 11 1 5 0 0 109 52 1 5 1 5 102 12 1 5 0 1 104 52 1 5 1 15 103 53 1 15 0 2 106 12 1 5 1 35 93
4/4 12 3 2833 0 0 104
4/4 71 1 5 0 0 104 42 1 5 1 5 93 12 1 5 0 1 91 72 1 25 1 15 91
4/4 72 2 175 0 0 107
4/4 61 0 1 0 0 85 32 0 1 0 0 102 11 0 1 0 0 90
4/4 521 0 1 0 0 74 221 0 1 0 0 102 61 0 1 0 0 100
4/4 41 1 5 0 0 72 42 1 5 1 5 86 612 1 5 0 1 90 12 1 5 1 15 90 313 1 5 0 2 91
4/4
4/4 52 0 1 0 0 96 21 0 1 0 0 90
4/4 52 2 25 0 0 102 22 2 25 1 5 106 53 2 25 0 1 100 22 2 25 1 15 99 53 1 5 1 25 103 22 1 5 0 3 92 52 1 5 1 35 109
4/4 42 0 1 0 0 93 71 0 1 0 0 104
4/4 72 2 25 0 0 98 22 2 25 1 5 110 613 2 25 0 1 95 22 2 25 1 15 104 42 1 5 1 25 107 72 1 5 0 3 106 42 1 5 1 35 104
4/4 52 1 5 0 0 110 22 1 5 1 5 95 53 2 275 0 1 102
4/4 52 2 25 0 0 110 22 2 25 1 5 107 53 2 25 0 1 98 22 2 25 1 15 95 53 1 5 1 25 96 22 1 5 0 3 104 52 1 5 1 35 110
4/4 71 1 5 0 0 108 42 0 1 1 5 106 21 0 1 1 5 90 12 0 1 0 1 98 612 0 1 0 1 95 42 0 1 1 15 105 21 0 1 1 15 108 22 0 2 0 2 93
4/4 72 2 25 0 0 105 22 2 25 1 5 94 613 2 25 0 1 98 22 2 25 1 15 92
4/4 11 1 5 0 0 102 12 0 1 1 5 93 52 0 1 1 5 104 313 0 1 0 1 104 12 0 1 0 1 105 12 1 5 1 15 103 52 1 15 0 2 99 12 1 5 1 35 96
4/4 52 2 25 0 0 90 12 2 25 1 5 103 53 2 25 0 1 97 12 2 25 1 15 93
4/4 71 1 5 0 0 92 42 0 1 1 5 108 21 0 1 1 5 96 12 0 1 0 1 108 612 0 1 0 1 109 22 1 5 1 15 103 72 2 225 1 15 96
4/4 72 2 25 0 0 105 22 2 25 1 5 105 613 2 25 0 1 103 22 2 25 1 15 103
4/4 61 0 1 0 0 83 32 0 1 0 0 109 11 0 1 0 0 94
4/4 521 0 1 0 0 89 221 0 1 0 0 93 61 0 1 0 0 106
4/4 41 0 1 0 0 100 612 1 5 0 1 90 12 1 5 1 15 110 313 1 5 0 2 99
4/4
4/4 52 0 1 0 0 101 21 0 1 0 0 106
4/4 52 2 25 0 0 94 22 2 25 1 5 94 53 2 25 0 1 103 22 2 25 1 15 107 53 1 5 1 25 105 22 1 5 0 3 92 52 1 5 1 35 107
4/4 42 0 1 0 0 106 71 0 1 0 0 104
4/4 72 2 25 0 0 109 22 2 25 1 5 96 613 2 25 0 1 99 22 2 25 1 15 104 42 1 5 1 25 100 72 1 5 0 3 101 42 1 5 1 35 98
4/4 52 1 5 0 0 90 22 1 5 1 5 94 53 2 275 0 1 95
4/4 52 2 25 0 0 100 22 2 25 1 5 109 53 2 25 0 1 102 22 2 25 1 15 108 53 1 5 1 25 97 22 1 5 0 3 110 52 1 5 1 35 102
4/4 71 1 5 0 0 92 42 0 1 1 5 95 21 0 1 1 5 90 12 0 1 0 1 95 612 0 1 0 1 94 42 0 1 1 15 99 21 0 1 1 15 92 22 0 2 0 2 97
4/4 72 2 25 0 0 109 22 2 25 1 5 97 613 2 25 0 1 90 22 2 25 1 15 101
4/4 11 1 5 0 0 90 12 0 1 1 5 105 52 0 1 1 5 92 313 0 1 0 1 95 12 0 1 0 1 108 12 1 5 1 15 93 52 1 15 0 2 97 12 1 5 1 35 109
4/4 52 2 25 0 0 92 12 2 25 1 5 104 53 2 25 0 1 108 12 2 25 1 15 110
4/4 71 1 5 0 0 107 42 0 1 1 5 104 21 0 1 1 5 110 12 0 1 0 1 106 612 0 1 0 1 103 22 1 5 1 15 99 72 2 225 1 15 106
4/4 72 2 25 0 0 90 22 2 25 1 5 99 613 2 25 0 1 109 22 2 25 1 15 103
4/4 61 0 1 0 0 78 32 0 1 0 0 103 11 0 1 0 0 108
4/4 521 0 1 0 0 89 221 0 1 0 0 99 61 0 1 0 0 90
4/4 41 1 5 0 0 98 41 1 5 1 5 105 612 1 5 0 1 103 12 1 5 1 15 93 313 1 5 0 2 96
