4/4
4/4
4/4
4/4
4/4
4/4
4/4
4/4
4/4
4/4
4/4
4/4 63 0 1 1 15 76 43 0 1 1 15 71 64 0 1 2 175 79 54 0 1 0 3 79 52 0 1 0 3 73 44 0 1 1 35 86 42 0 1 1 35 90
4/4 64 0 1 0 0 78 62 0 1 0 0 88 74 0 1 1 5 83 72 0 1 1 5 73 64 0 1 1 15 81 44 0 1 1 15 83 62 0 1 1 15 82 64 0 1 1 35 85 62 0 1 1 35 74
4/4 64 0 1 0 0 82 62 0 1 0 0 89 74 0 1 1 5 82 72 0 1 1 5 82 13 0 1 1 15 85 63 0 1 1 15 85 14 0 1 2 175 78 14 0 1 0 3 72 12 0 1 0 3 83
4/4 35 0 1 0 0 86 33 0 1 0 0 76 224 0 1 1 5 71 222 0 1 1 5 89 14 0 1 0 1 74 12 0 1 0 1 74 524 0 1 1 35 85 522 0 1 1 35 76
4/4 524 0 1 0 0 81 522 0 1 0 0 73 64 0 1 1 5 79 62 0 1 1 5 73 613 0 1 1 15 76 523 0 1 1 15 84 614 3 667 2 175 84 64 0 1 0 3 82 62 0 1 0 3 76 524 0 1 1 35 79 522 0 1 1 35 88
4/4 613 0 1 0 0 74 523 0 1 0 0 80 614 2 25 2 25 72 714 0 1 1 5 82 712 0 1 1 5 87 614 0 1 1 15 90 524 0 1 1 15 80 612 0 1 1 15 73 614 0 1 1 35 76 612 0 1 1 35 77
4/4 614 0 1 0 0 84 612 0 1 0 0 85 714 0 1 1 5 77 712 0 1 1 5 70 223 0 1 1 15 87 613 0 1 1 15 79 224 0 1 2 175 79 224 0 1 0 3 77 222 0 1 0 3 72
4/4 315 0 1 0 0 78 313 0 1 0 0 85 24 0 1 1 5 71 22 0 1 1 5 85 224 0 1 1 15 73 614 0 1 1 15 73 222 0 1 1 15 72 714 0 1 0 3 87 64 0 1 0 3 86 712 0 1 0 3 84
4/4
4/4 314 1 5 0 0 83 524 1 5 1 5 71 54 1 5 0 1 87 314 2 75 1 15 86 524 1 5 1 25 83 314 2 75 0 3 74
4/4 314 1 5 0 0 77 524 1 5 1 5 79 54 1 5 0 1 85 314 0 1 1 15 78 12 0 1 1 15 89 614 1 5 1 25 73 714 2 75 0 3 82
4/4 54 1 5 0 0 72 614 1 5 1 5 75 714 1 5 0 1 88 54 0 1 1 15 74 314 0 1 1 15 81 12 0 1 1 15 76 614 1 5 1 25 89 54 2 75 0 3 73
4/4 714 1 5 0 0 70 14 1 5 1 5 90 24 0 1 0 1 88 14 2 75 0 2 83 714 2 75 0 3 84
4/4 14 1 5 0 0 88 714 1 5 1 5 71 614 1 5 0 1 80 54 0 1 1 15 77 314 0 1 1 15 88 52 0 1 1 15 71
4/4 714 0 1 1 5 90 22 0 1 1 5 82 614 0 1 1 15 79 12 0 1 1 15 76 54 0 1 1 25 80 712 0 1 1 25 74 524 0 1 1 35 76 612 0 1 1 35 72
4/4 524 0 1 0 0 82 612 0 1 0 0 74 614 0 1 1 5 90 12 0 1 1 5 87 314 0 1 1 15 80 53 0 1 1 15 90 14 1 15 2 175 89
4/4 714 1 5 0 0 86 614 1 5 1 5 80 714 0 1 0 1 83
4/4 314 1 5 0 0 79 524 1 5 1 5 73 54 1 5 0 1 83 314 2 75 1 15 81 524 1 5 1 25 84 314 2 75 0 3 72
4/4 314 1 5 0 0 85 524 1 5 1 5 89 54 1 5 0 1 78 314 0 1 1 15 80 12 0 1 1 15 80 614 1 5 1 25 76 714 2 75 0 3 74
4/4 54 1 5 0 0 78 614 1 5 1 5 78 714 1 5 0 1 75 54 0 1 1 15 74 314 0 1 1 15 88 12 0 1 1 15 89 614 1 5 1 25 88 54 2 75 0 3 73
4/4 714 1 5 0 0 88 14 1 5 1 5 87 24 0 1 0 1 75 14 2 75 0 2 90 714 2 75 0 3 85
4/4 14 1 5 0 0 75 714 1 5 1 5 78 614 1 5 0 1 83 54 0 1 1 15 90 314 0 1 1 15 77 12 0 1 1 15 83
4/4 714 0 1 1 5 90 22 0 1 1 5 87 614 0 1 1 15 76 22 0 1 1 15 81 614 0 1 0 3 78 313 0 1 0 3 89
4/4 714 1 5 0 0 70 24 0 1 1 5 88 524 0 1 1 5 83 22 0 1 1 5 87 314 0 1 1 15 86 613 0 1 1 15 83 315 2 225 2 175 90
4/4 314 0 1 0 0 71 613 0 1 0 0 77 315 0 1 0 0 87 313 0 1 1 15 73 612 0 1 1 15 83 314 2 225 2 175 78
4/4 313 0 1 0 0 76 612 0 1 0 0 74 314 0 1 0 0 86
4/4 21 0 4 0 0 81
4/4 21 3 3333 0 0 88
4/4 21 0 1 0 0 80 21 0 1 0 0 76
4/4 21 0 1 0 0 81 21 0 1 0 0 88
4/4 21 2 175 0 0 88 21 3 3333 0 0 86 21 3 2333 0 1 70 312 2 75 0 2 83 612 2 75 0 3 75
4/4 21 2 175 0 0 74 21 3 3333 0 0 84 21 3 2333 0 1 70 312 2 75 0 2 74 612 2 75 0 3 72
4/4 21 2 175 0 0 85 21 3 3333 0 0 80 21 3 2333 0 1 78 312 2 75 0 2 83 612 2 75 0 3 78
4/4 21 1 5 0 0 90 612 2 75 1 5 89 611 1 5 1 15 90 21 2 75 0 2 86 612 2 75 0 3 86
4/4 21 1 5 0 0 87 612 1 5 1 5 81 313 1 5 0 1 79 43 1 25 1 15 72
4/4 43 2 125 0 0 82 72 0 1 0 2 70 31 0 1 0 2 89
4/4 21 1 5 0 0 90 612 1 5 1 5 79 313 1 5 0 1 85 43 1 25 1 15 80
4/4 43 2 125 0 0 81 72 0 1 0 2 85 31 0 1 0 2 75
4/4 21 1 5 0 0 70 612 1 5 1 5 83 313 1 5 0 1 89 43 1 25 1 15 79
4/4 43 2 125 0 0 90 72 0 1 0 2 90 31 0 1 0 2 82
4/4 21 1 5 0 0 78 612 1 5 1 5 70 313 1 5 0 1 71 43 3 1667 1 15 78
4/4 21 1 5 0 0 71 612 1 5 1 5 90 313 1 5 0 1 71 43 3 1667 1 15 82
4/4 221 1 5 0 0 83 62 1 5 1 5 77 222 1 5 0 1 74 33 1 5 1 15 88 43 1 5 0 2 82 222 1 5 1 25 72 62 2 75 0 3 75
4/4 221 1 5 0 0 73 62 1 5 1 5 72 222 1 5 0 1 84 33 1 5 1 15 84 43 1 5 0 2 82 222 1 5 1 25 71 62 2 75 0 3 78
4/4 61 1 5 0 0 89 32 1 5 1 5 71 62 1 5 0 1 85 12 1 5 1 15 86 222 1 5 0 2 90 62 1 5 1 25 87 32 2 75 0 3 74
4/4 521 1 5 0 0 72 221 1 5 1 5 76 522 1 5 0 1 81 62 1 5 1 15 77 612 1 5 0 2 70 522 1 5 1 25 87 221 2 75 0 3 78
4/4 611 1 5 0 0 86 312 1 5 1 5 81 612 1 5 0 1 75 712 1 5 1 15 77 222 1 5 0 2 83 612 1 5 1 25 89 312 2 75 0 3 77
4/4 21 1 5 0 0 78 612 1 5 1 5 71 22 1 5 0 1 72 313 1 5 1 15 79 523 1 5 0 2 84 22 1 5 1 25 81 612 2 75 0 3 82
4/4 611 1 5 0 0 90 312 1 5 1 5 81 612 1 5 0 1 83 222 1 5 1 15 75 313 1 5 0 2 90 612 1 5 1 25 80 312 2 75 0 3 81
4/4 312 1 5 0 0 77 612 1 5 1 5 85 222 1 5 0 1 70 21 2 75 1 15 82 62 1 5 1 25 83 712 2 75 0 3 81
4/4 313 3 1667 0 0 78
4/4 312 2 75 0 0 82 313 1 5 0 1 80 523 1 5 1 15 90 53 1 5 0 2 74 313 1 5 1 25 80 712 2 75 0 3 77
4/4 11 1 5 0 0 70 52 1 5 1 5 87 12 1 5 0 1 76 22 1 5 1 15 76 313 1 5 0 2 78 12 1 5 1 25 74 52 2 75 0 3 90
4/4 11 2 75 0 0 82 12 1 5 0 1 80 22 1 5 1 15 88 313 1 5 0 2 84 12 1 5 1 25 75 52 2 75 0 3 79
4/4 21 2 75 0 0 75 22 1 5 0 1 77 313 1 5 1 15 70 523 1 5 0 2 84 22 1 5 1 25 77 612 2 75 0 3 76
4/4 11 1 5 0 0 78 52 1 5 1 5 72 12 1 5 0 1 76 22 1 5 1 15 80 313 1 5 0 2 79 12 1 5 1 25 82 52 2 75 0 3 83
4/4 21 1 5 0 0 89 612 1 5 1 5 87 22 1 5 0 1 74 313 1 5 1 15 84 523 1 5 0 2 88 22 1 5 1 25 89 612 2 75 0 3 79
4/4 52 1 5 0 0 76 22 1 5 1 5 71 53 1 5 0 1 74 613 1 5 1 15 77 713 1 5 0 2 74 53 1 5 1 25 73 22 2 75 0 3 84
4/4 33 1 5 0 0 81 713 0 1 0 0 71 32 0 1 0 0 85 523 0 1 0 0 88 523 2 75 1 5 73 713 1 5 0 1 74 613 0 1 1 15 82 523 0 1 1 15 88 21 0 1 1 15 86
4/4 312 2 75 0 0 71 313 1 5 0 1 80 523 1 5 1 15 89 53 1 5 0 2 78 313 1 5 1 25 88 712 2 75 0 3 79
4/4 11 2 75 0 0 86 12 1 5 0 1 90 22 1 5 1 15 79 313 2 75 0 2 86 12 2 75 0 3 77
4/4 52 1 5 0 0 76 22 1 5 1 5 85 53 1 5 0 1 86 613 1 5 1 15 83 713 1 5 0 2 86 53 1 5 1 25 85 22 2 75 0 3 74
4/4 21 1 5 0 0 86 612 1 5 1 5 87 22 1 5 0 1 82 313 1 5 1 15 82 523 1 5 0 2 81 22 1 5 1 25 90 612 1 5 0 3 76 522 1 5 1 35 71
4/4 11 1 5 0 0 72 52 1 5 1 5 85 12 1 5 0 1 84 22 1 5 1 15 90 313 1 5 0 2 83 12 1 5 1 25 82 52 1 5 0 3 90 312 1 5 1 35 86
4/4 21 1 5 0 0 84 612 1 5 1 5 90 22 1 5 0 1 86 313 1 5 1 15 73 523 1 5 0 2 86 22 1 5 1 25 78 612 1 5 0 3 75 522 1 5 1 35 83
4/4 312 1 5 0 0 74 712 1 5 1 5 90 313 1 5 0 1 77 523 1 5 1 15 71 53 1 5 0 2 78 613 1 5 1 25 87 713 1 5 0 3 71 23 1 5 1 35 80
