4/4 23 0 1 0 0 100 54 0 1 0 0 100 24 2 75 2 25 100 224 1 5 0 1 100 614 0 1 1 15 100 314 0 1 1 25 100 524 1 5 1 35 100
4/4 524 3 1833 0 0 100
4/4 23 0 1 0 0 100 54 0 1 0 0 100 24 2 75 0 0 100 14 1 5 0 1 100 614 0 1 1 15 100 314 0 1 1 25 100 13 0 1 1 35 100 44 0 1 1 35 100
4/4 13 0 1 0 0 100 44 0 1 0 0 100
4/4 23 0 1 0 0 100 54 0 1 0 0 100 24 2 75 0 0 100 224 1 5 0 1 100 614 0 1 1 15 100 314 0 1 1 25 100 23 0 1 1 35 100 524 0 1 1 35 100
4/4 23 0 1 0 0 100 524 0 1 0 0 100
4/4 23 0 1 0 0 100 54 0 1 0 0 100 24 2 75 0 0 100 14 1 5 0 1 100 614 0 1 1 15 100 314 0 1 1 25 100 13 0 1 1 35 100 44 0 1 1 35 100
4/4 13 0 1 0 0 100 44 0 1 0 0 100
4/4 23 0 1 0 0 100 54 0 1 0 0 100 24 2 75 0 0 100 14 1 5 0 1 100 54 0 1 1 15 100 23 2 75 1 25 100 314 1 5 1 35 100
4/4 314 3 1833 0 0 100 713 1 15 1 5 100 53 1 5 1 15 100
4/4 44 1 5 0 0 100 13 1 5 1 5 100 44 1 5 0 1 100 14 0 1 1 15 100 54 0 1 1 25 100 614 1 5 1 35 100
4/4 614 2 175 0 0 100 54 0 2 0 2 100
4/4 73 0 1 0 0 100 34 0 1 0 0 100 54 0 1 0 0 100
4/4 63 0 1 0 0 100 223 0 1 0 0 100 44 0 1 0 0 100
4/4 53 0 1 0 0 100 13 0 1 0 0 100 314 0 1 0 0 100 53 1 5 1 25 100 13 1 5 0 3 100 314 1 5 1 35 100
4/4 13 0 1 0 0 100 314 0 1 0 0 100 54 2 175 2 25 100
4/4 23 0 1 0 0 100 54 0 1 0 0 100 24 2 75 0 0 100 224 1 5 0 1 100 614 0 1 1 15 100 314 0 1 1 25 100 524 1 5 1 35 100
4/4 524 3 1833 0 0 100
4/4 23 0 1 0 0 100 54 0 1 0 0 100 24 2 75 0 0 100 14 1 5 0 1 100 614 0 1 1 15 100 314 0 1 1 25 100 13 0 1 1 35 100 44 0 1 1 35 100
4/4 13 0 1 0 0 100 44 0 1 0 0 100
4/4 23 0 1 0 0 100 54 0 1 0 0 100 24 2 75 0 0 100 224 1 5 0 1 100 614 0 1 1 15 100 314 0 1 1 25 100 23 0 1 1 35 100 524 0 1 1 35 100
4/4 23 0 1 0 0 100 524 0 1 0 0 100
4/4 23 0 1 0 0 100 54 0 1 0 0 100 24 2 75 0 0 100 14 1 5 0 1 100 614 0 1 1 15 100 314 0 1 1 25 100 13 0 1 1 35 100 44 0 1 1 35 100
4/4 13 0 1 0 0 100 44 0 1 0 0 100
4/4 23 0 1 0 0 100 54 0 1 0 0 100 24 2 75 0 0 100 14 1 5 0 1 100 54 0 1 1 15 100 23 2 75 1 25 100 314 1 5 1 35 100
4/4 314 3 2833 0 0 100 713 3 2333 1 5 100 53 1 15 1 15 100
4/4 44 1 5 0 0 100 13 1 5 1 5 100 44 1 5 0 1 100 14 0 1 1 15 100 54 0 1 1 25 100 614 1 5 1 35 100
4/4 614 2 175 0 0 100 54 0 2 0 2 100
4/4 73 0 1 0 0 100 34 0 1 0 0 100 54 0 1 0 0 100
4/4 63 0 1 0 0 100 223 0 1 0 0 100 44 0 1 0 0 100
4/4 53 0 1 0 0 100 13 0 1 0 0 100 314 0 1 0 0 100 53 1 5 1 25 100 13 1 5 0 3 100 314 1 5 1 35 100
4/4 13 0 1 0 0 100 314 0 1 0 0 100 54 2 175 2 25 100
4/4 23 0 1 0 0 100 54 0 1 0 0 100 24 2 75 0 0 100 224 1 5 0 1 100 614 0 1 1 15 100 314 0 1 1 25 100 524 1 5 1 35 100
4/4 524 3 1833 0 0 100
4/4 23 0 1 0 0 100 54 0 1 0 0 100 24 2 75 0 0 100 14 1 5 0 1 100 614 0 1 1 15 100 314 0 1 1 25 100 13 0 1 1 35 100 44 0 1 1 35 100
4/4 13 0 1 0 0 100 44 0 1 0 0 100 73 1 5 1 25 100 43 1 5 0 3 100 73 1 5 1 35 100
4/4 23 0 1 0 0 100 54 0 1 0 0 100 24 2 75 0 0 100 224 1 5 0 1 100 614 0 1 1 15 100 314 0 1 1 25 100 23 0 1 1 35 100 524 0 1 1 35 100
4/4 23 0 1 0 0 100 524 0 1 0 0 100
4/4 23 0 1 0 0 100 54 0 1 0 0 100 24 2 75 0 0 100 14 1 5 0 1 100 614 0 1 1 15 100 314 0 1 1 25 100 13 0 1 1 35 100 44 0 1 1 35 100
4/4 13 0 1 0 0 100 44 0 1 0 0 100
4/4 23 0 1 0 0 100 54 0 1 0 0 100 24 2 75 0 0 100 14 1 5 0 1 100 54 0 1 1 15 100 23 2 75 1 25 100 314 1 5 1 35 100
4/4 314 3 1833 0 0 100 713 1 15 1 5 100 53 1 5 1 15 100
4/4 44 1 5 0 0 100 13 1 5 1 5 100 44 1 5 0 1 100 14 0 1 1 15 100 54 0 1 1 25 100 614 1 5 1 35 100
4/4 614 2 175 0 0 100 54 0 2 0 2 100
4/4 73 0 1 0 0 100 34 0 1 0 0 100 54 0 1 0 0 100
4/4 63 0 1 0 0 100 223 0 1 0 0 100 44 0 1 0 0 100
4/4 53 0 1 0 0 100 13 0 1 0 0 100 314 0 1 0 0 100 53 1 5 1 25 100 13 1 5 0 3 100 314 1 5 1 35 100
4/4 13 0 1 0 0 100 314 0 1 0 0 100 54 2 175 2 25 100
4/4 23 0 1 0 0 100 54 0 1 0 0 100 24 2 75 0 0 100 224 1 5 0 1 100 614 0 1 1 15 100 314 0 1 1 25 100 524 1 5 1 35 100
4/4 524 3 1833 0 0 100
4/4 23 0 1 0 0 100 54 0 1 0 0 100 24 2 75 0 0 100 14 1 5 0 1 100 614 0 1 1 15 100 314 0 1 1 25 100 13 0 1 1 35 100 44 0 1 1 35 100
4/4 13 0 1 0 0 100 44 0 1 0 0 100 73 1 5 1 25 100 43 1 5 0 3 100 73 1 5 1 35 100
4/4 23 0 1 0 0 100 54 0 1 0 0 100 24 2 75 0 0 100 224 1 5 0 1 100 614 0 1 1 15 100 314 0 1 1 25 100 23 0 1 1 35 100 524 0 1 1 35 100
4/4 23 0 1 0 0 100 524 0 1 0 0 100
4/4 23 0 1 0 0 100 54 0 1 0 0 100 24 2 75 0 0 100 14 1 5 0 1 100 614 0 1 1 15 100 314 0 1 1 25 100 13 0 1 1 35 100 44 0 1 1 35 100
4/4 13 0 1 0 0 100 44 0 1 0 0 100
4/4 23 0 1 0 0 100 54 0 1 0 0 100 24 2 75 0 0 100 14 1 5 0 1 100 54 0 1 1 15 100 23 2 75 1 25 100 314 1 5 1 35 100
4/4 314 3 1833 0 0 100 713 1 15 1 5 100 53 1 5 1 15 100
4/4 44 1 5 0 0 100 13 1 5 1 5 100 44 1 5 0 1 100 14 0 1 1 15 100 54 0 1 1 25 100 614 1 5 1 35 100
4/4 614 2 175 0 0 100 54 0 2 0 2 100
4/4 73 0 1 0 0 100 34 0 1 0 0 100 54 0 1 0 0 100
4/4 63 0 1 0 0 100 223 0 1 0 0 100 44 0 1 0 0 100
4/4 53 0 1 0 0 100 13 0 1 0 0 100 314 0 1 0 0 100 53 1 5 1 25 100 13 1 5 0 3 100 314 1 5 1 35 100
4/4 13 0 1 0 0 100 314 0 1 0 0 100 14 2 175 2 25 100
4/4 52 0 1 0 0 100 22 0 1 0 0 100
4/4 52 0 1 0 0 100 22 0 1 0 0 100 53 1 5 1 25 100 22 1 5 0 3 100 52 1 5 1 35 100
4/4 42 0 1 0 0 100 72 0 1 0 0 100
4/4 42 0 1 0 0 100 72 0 1 0 0 100 42 1 5 1 25 100 72 1 5 0 3 100 42 1 5 1 35 100
4/4 52 1 5 0 0 100 22 1 5 1 5 100 53 0 3 0 1 100
4/4 53 2 175 0 0 100 53 1 5 1 25 100 22 1 5 0 3 100 52 1 5 1 35 100
4/4 71 1 5 0 0 100 42 1 5 1 5 100 12 1 5 0 1 100 42 1 5 1 15 100 22 0 2 0 2 100 72 1 5 1 35 100
4/4 22 2 175 0 0 100 72 3 1833 0 0 100
4/4 11 1 5 0 0 100 52 1 5 1 5 100 12 1 5 0 1 100 52 1 5 1 15 100 53 1 15 0 2 100 12 1 5 1 35 100
4/4 12 3 1833 0 0 100
4/4 71 1 5 0 0 100 42 1 5 1 5 100 12 1 5 0 1 100 72 1 25 1 15 100
4/4 72 2 175 0 0 100
4/4 61 0 1 0 0 80 32 0 1 0 0 100 12 0 1 0 0 100
4/4 521 0 1 0 0 80 221 0 1 0 0 100 62 0 1 0 0 100
4/4 41 1 5 0 0 80 42 1 5 1 5 80 612 1 5 0 1 100 12 1 5 1 15 100 313 1 5 0 2 100
4/4
4/4 52 0 1 0 0 100 22 0 1 0 0 100
4/4 52 0 1 0 0 100 22 0 1 0 0 100 53 1 5 1 25 100 22 1 5 0 3 100 52 1 5 1 35 100
4/4 42 0 1 0 0 100 72 0 1 0 0 100
4/4 42 0 1 0 0 100 72 0 1 0 0 100 42 1 5 1 25 100 72 1 5 0 3 100 42 1 5 1 35 100
4/4 52 1 5 0 0 100 22 1 5 1 5 100 53 0 3 0 1 100
4/4 53 2 175 0 0 100 53 1 5 1 25 100 22 1 5 0 3 100 52 1 5 1 35 100
4/4 71 1 5 0 0 100 42 1 5 1 5 100 12 1 5 0 1 100 42 1 5 1 15 100 22 0 2 0 2 100 72 1 5 1 35 100
4/4 22 2 175 0 0 100 72 3 1833 0 0 100
4/4 11 1 5 0 0 100 52 1 5 1 5 100 12 1 5 0 1 100 52 1 5 1 15 100 53 1 15 0 2 100 12 1 5 1 35 100
4/4 12 3 2833 0 0 100
4/4 71 1 5 0 0 100 42 1 5 1 5 100 12 1 5 0 1 100 72 1 25 1 15 100
4/4 72 2 175 0 0 100
4/4 61 0 1 0 0 80 32 0 1 0 0 100 12 0 1 0 0 100
4/4 521 0 1 0 0 80 221 0 1 0 0 100 62 0 1 0 0 100
4/4 41 1 5 0 0 80 42 1 5 1 5 80 612 1 5 0 1 100 12 1 5 1 15 100 313 1 5 0 2 100
4/4
4/4 52 0 1 0 0 100 22 0 1 0 0 100
4/4 52 2 25 0 0 100 22 2 25 1 5 100 53 2 25 0 1 100 22 2 25 1 15 100 53 1 5 1 25 100 22 1 5 0 3 100 52 1 5 1 35 100
4/4 42 0 1 0 0 100 72 0 1 0 0 100
4/4 72 2 25 0 0 100 22 2 25 1 5 100 613 2 25 0 1 100 22 2 25 1 15 100 42 1 5 1 25 100 72 1 5 0 3 100 42 1 5 1 35 100
4/4 52 1 5 0 0 100 22 1 5 1 5 100 53 2 275 0 1 100
4/4 52 2 25 0 0 100 22 2 25 1 5 100 53 2 25 0 1 100 22 2 25 1 15 100 53 1 5 1 25 100 22 1 5 0 3 100 52 1 5 1 35 100
4/4 71 1 5 0 0 100 42 0 1 1 5 100 22 0 1 1 5 100 12 0 1 0 1 100 613 0 1 0 1 100 42 0 1 1 15 100 22 0 1 1 15 100 22 0 2 0 2 100
4/4 72 2 25 0 0 100 22 2 25 1 5 100 613 2 25 0 1 100 22 2 25 1 15 100
4/4 11 1 5 0 0 100 12 0 1 1 5 100 53 0 1 1 5 100 313 0 1 0 1 100 13 0 1 0 1 100 12 1 5 1 15 100 52 1 15 0 2 100 12 1 5 1 35 100
4/4 52 2 25 0 0 100 12 2 25 1 5 100 53 2 25 0 1 100 12 2 25 1 15 100
4/4 71 1 5 0 0 100 42 0 1 1 5 100 22 0 1 1 5 100 12 0 1 0 1 100 613 0 1 0 1 100 22 1 5 1 15 100 72 2 225 1 15 100
4/4 72 2 25 0 0 100 22 2 25 1 5 100 613 2 25 0 1 100 22 2 25 1 15 100
4/4 61 0 1 0 0 80 32 0 1 0 0 100 12 0 1 0 0 100
4/4 521 0 1 0 0 80 221 0 1 0 0 100 62 0 1 0 0 100
4/4 41 0 1 0 0 100 612 1 5 0 1 100 12 1 5 1 15 100 313 1 5 0 2 100
4/4
4/4 52 0 1 0 0 100 22 0 1 0 0 100
4/4 52 2 25 0 0 100 22 2 25 1 5 100 53 2 25 0 1 100 22 2 25 1 15 100 53 1 5 1 25 100 22 1 5 0 3 100 52 1 5 1 35 100
4/4 42 0 1 0 0 100 72 0 1 0 0 100
4/4 72 2 25 0 0 100 22 2 25 1 5 100 613 2 25 0 1 100 22 2 25 1 15 100 42 1 5 1 25 100 72 1 5 0 3 100 42 1 5 1 35 100
4/4 52 1 5 0 0 100 22 1 5 1 5 100 53 2 275 0 1 100
4/4 52 2 25 0 0 100 22 2 25 1 5 100 53 2 25 0 1 100 22 2 25 1 15 100 53 1 5 1 25 100 22 1 5 0 3 100 52 1 5 1 35 100
4/4 71 1 5 0 0 100 42 0 1 1 5 100 22 0 1 1 5 100 12 0 1 0 1 100 613 0 1 0 1 100 42 0 1 1 15 100 22 0 1 1 15 100 22 0 2 0 2 100
4/4 72 2 25 0 0 100 22 2 25 1 5 100 613 2 25 0 1 100 22 2 25 1 15 100
4/4 11 1 5 0 0 100 12 0 1 1 5 100 53 0 1 1 5 100 313 0 1 0 1 100 13 0 1 0 1 100 12 1 5 1 15 100 52 1 15 0 2 100 12 1 5 1 35 100
4/4 52 2 25 0 0 100 12 2 25 1 5 100 53 2 25 0 1 100 12 2 25 1 15 100
4/4 71 1 5 0 0 100 42 0 1 1 5 100 22 0 1 1 5 100 12 0 1 0 1 100 613 0 1 0 1 100 22 1 5 1 15 100 72 2 225 1 15 100
4/4 72 2 25 0 0 100 22 2 25 1 5 100 613 2 25 0 1 100 22 2 25 1 15 100
4/4 61 0 1 0 0 80 32 0 1 0 0 100 12 0 1 0 0 100
4/4 521 0 1 0 0 80 221 0 1 0 0 100 62 0 1 0 0 100
4/4 41 1 5 0 0 100 41 1 5 1 5 100 612 1 5 0 1 100 12 1 5 1 15 100 313 1 5 0 2 100
