1/4 55 0 1 2 75 80 615 0 1 2 75 80
1/4 25 1 5 0 0 80 55 2 25 1 5 80 525 2 25 2 75 80
1/4 525 1 5 0 0 80 25 1 5 1 5 80
1/4 25 1 5 0 0 80 55 1 5 1 5 80
1/4 525 1 5 0 0 80 55 1 5 1 5 80
1/4 25 1 5 0 0 80 55 2 25 1 5 80 525 2 25 2 75 80
1/4 525 1 5 0 0 80 25 1 5 1 5 80
1/4 25 1 5 0 0 80 55 1 5 1 5 80
1/4 525 1 5 0 0 80 55 1 5 1 5 80
1/4 25 1 5 0 0 80 55 2 25 1 5 80 525 2 25 2 75 80
1/4 525 1 5 0 0 80 25 1 5 1 5 80
1/4 25 1 5 0 0 80 55 1 5 1 5 80
1/4 525 1 5 0 0 80 55 1 5 1 5 80
1/4 25 1 5 0 0 80 55 2 25 1 5 80 525 2 25 2 75 80
1/4 525 1 5 0 0 80 25 1 5 1 5 80
1/4 25 1 5 0 0 80 55 1 5 1 5 80
1/4 525 1 5 0 0 80 55 1 5 1 5 80
1/4 25 0 1 0 0 80
1/4 55 1 5 0 0 80 55 2 25 1 5 80 55 2 25 2 75 80
1/4 55 1 5 0 0 80 525 1 5 1 5 80
1/4 55 1 5 0 0 80 24 1 5 1 5 80
1/4 25 0 1 0 0 80
1/4 24 1 5 0 0 80 24 2 25 1 5 80 55 2 25 2 75 80
1/4 55 1 5 0 0 80 525 1 5 1 5 80
1/4 55 1 5 0 0 80 615 1 5 1 5 80
1/4 25 0 1 0 0 80
1/4 55 1 5 0 0 80 55 2 25 1 5 80 55 2 25 2 75 80
1/4 55 1 5 0 0 80 525 1 5 1 5 80
1/4 55 1 5 0 0 80 24 1 5 1 5 80
1/4 25 0 1 0 0 80
1/4 24 1 5 0 0 80 24 2 25 1 5 80 55 2 25 2 75 80
1/4 55 1 5 0 0 80 615 1 5 1 5 80
1/4 715 1 5 0 0 80 55 1 5 1 5 80
1/4 25 0 1 0 0 80
1/4 55 1 5 0 0 80 55 2 25 1 5 80 55 2 25 2 75 80
1/4 55 1 5 0 0 80 525 1 5 1 5 80
1/4 55 1 5 0 0 80 24 1 5 1 5 80
1/4 25 0 1 0 0 80
1/4 24 1 5 0 0 80 24 2 25 1 5 80 55 2 25 2 75 80
1/4 55 1 5 0 0 80 615 1 5 1 5 80
1/4 715 1 5 0 0 80 15 1 5 1 5 80
1/4 715 1 5 0 0 80 55 1 5 1 5 80
1/4 55 0 1 0 0 80
1/4 55 0 1 0 0 80
1/4 55 2 75 0 0 80
1/4 16 0 1 0 0 80 616 0 1 0 0 80
1/4 716 0 1 0 0 80 56 0 1 0 0 80
1/4 26 0 1 0 0 80 716 0 1 0 0 80
1/4 56 0 1 0 0 80 25 0 1 0 0 80 315 0 1 2 75 80 55 0 1 2 75 80 25 0 1 2 75 80
1/4 315 0 1 0 0 80 55 0 1 0 0 80 25 0 1 0 0 80
1/4 55 1 5 0 0 80 55 2 25 1 5 80 55 2 25 2 75 80
1/4 55 1 5 0 0 80 525 1 5 1 5 80
1/4 55 1 5 0 0 80 24 1 5 1 5 80
1/4 25 0 1 0 0 80
1/4 24 1 5 0 0 80 24 2 25 1 5 80 55 2 25 2 75 80
1/4 55 1 5 0 0 80 525 1 5 1 5 80
1/4 55 1 5 0 0 80 615 1 5 1 5 80 24 0 1 2 75 80 55 0 1 2 75 80 25 0 1 2 75 80
1/4 24 0 1 0 0 80 55 0 1 0 0 80 25 0 1 0 0 80
1/4 55 1 5 0 0 80 55 2 25 1 5 80 55 2 25 2 75 80
1/4 55 1 5 0 0 80 525 1 5 1 5 80
1/4 55 1 5 0 0 80 24 1 5 1 5 80
1/4 25 0 1 0 0 80
1/4 24 1 5 0 0 80 24 2 25 1 5 80 55 2 25 2 75 80
1/4 55 1 5 0 0 80 615 1 5 1 5 80
1/4 715 1 5 0 0 80 15 1 5 1 5 80 14 0 1 2 75 80 55 0 1 2 75 80 25 0 1 2 75 80
1/4 14 0 1 0 0 80 55 0 1 0 0 80 25 0 1 0 0 80
1/4 14 0 1 0 0 80 55 0 1 0 0 80 25 0 1 0 0 80 55 2 25 1 5 80 55 2 25 2 75 80
1/4 55 0 1 0 0 80
1/4 55 2 25 0 0 80 55 1 5 1 5 80 24 0 1 2 75 80 55 0 1 2 75 80 25 0 1 2 75 80
1/4 24 0 1 0 0 80 55 0 1 0 0 80 25 0 1 0 0 80
1/4 24 0 1 0 0 80 55 0 1 0 0 80 25 0 1 0 0 80 55 2 25 1 5 80 55 2 25 2 75 80
1/4 55 0 1 0 0 80
1/4 55 2 25 0 0 80 55 1 5 1 5 80 714 0 1 2 75 80 315 0 1 2 75 80 615 0 1 2 75 80
1/4 714 0 1 0 0 80 315 0 1 0 0 80 615 0 1 0 0 80
1/4 714 0 1 0 0 80 315 0 1 0 0 80 615 0 1 0 0 80 55 1 5 1 5 80
1/4 55 0 1 0 0 80
1/4 55 2 75 0 0 80
1/4 525 0 1 0 0 80 615 0 1 0 0 80 55 0 1 1 5 80 715 0 1 1 5 80
1/4 615 0 1 0 0 80 15 0 1 0 0 80 55 0 1 1 5 80 715 0 1 1 5 80
1/4 55 0 1 0 0 80 715 0 1 0 0 80 55 0 1 1 5 80 715 0 1 1 5 80
1/4 525 0 1 0 0 80 615 0 1 0 0 80 315 0 1 1 5 80 55 0 1 1 5 80
1/4
1/4 15 1 5 0 0 80 15 2 25 1 5 80 715 2 25 2 75 80
1/4 715 1 5 0 0 80 715 1 5 1 5 80
1/4 715 1 5 0 0 80 55 1 5 1 5 80
1/4 615 1 5 0 0 80 55 1 5 1 5 80
1/4 615 1 5 0 0 80 55 2 25 1 5 80 715 2 25 2 75 80
1/4 715 1 5 0 0 80 55 1 5 1 5 80
1/4 615 1 5 0 0 80 55 1 5 1 5 80
1/4
1/4 15 1 5 0 0 80 15 2 25 1 5 80 25 2 25 2 75 80
1/4 25 1 5 0 0 80 55 1 5 1 5 80
1/4 55 1 5 0 0 80 24 1 5 1 5 80
1/4 315 1 5 0 0 80 24 1 5 1 5 80
1/4 24 2 25 0 0 80 24 1 5 2 25 80 55 2 25 2 75 80
1/4 55 1 5 0 0 80 55 1 5 1 5 80
1/4 615 1 5 0 0 80 715 1 5 1 5 80
1/4
1/4 15 2 25 0 0 80 15 2 25 2 25 80 15 2 25 1 5 80 15 2 25 2 75 80
1/4 15 1 5 0 0 80 715 1 5 1 5 80
1/4 715 1 5 0 0 80 55 1 5 1 5 80
1/4 615 1 5 0 0 80 55 1 5 1 5 80
1/4 615 1 5 0 0 80 55 2 25 1 5 80 715 2 25 2 75 80
1/4 715 1 5 0 0 80 55 1 5 1 5 80
1/4 615 1 5 0 0 80 55 1 5 1 5 80
1/4 35 0 1 0 0 80
1/4 35 2 25 0 0 80 75 1 5 1 5 80
1/4 75 2 75 0 0 80
1/4 55 1 5 0 0 80 35 1 5 1 5 80
1/4 45 0 1 0 0 80
1/4 14 1 5 0 0 80 14 0 1 1 5 80 45 0 1 1 5 80 615 0 1 1 5 80 15 0 1 1 5 80
1/4 14 0 1 0 0 80 45 0 1 0 0 80 615 0 1 0 0 80 15 0 1 0 0 80 14 1 5 1 5 80
1/4 14 0 1 0 0 80 45 0 1 0 0 80 615 0 1 0 0 80 14 1 5 1 5 80
1/4 24 0 1 0 0 80 525 0 1 0 0 80 615 0 1 0 0 80 24 0 1 2 25 80 525 0 1 2 25 80 615 0 1 2 25 80 24 0 1 2 75 80 525 0 1 2 75 80 615 0 1 2 75 80
1/4 24 0 1 0 0 80 525 0 1 0 0 80 615 0 1 0 0 80 24 0 1 2 25 80 525 0 1 2 25 80 615 0 1 2 25 80 24 0 1 1 5 80 525 0 1 1 5 80 615 0 1 1 5 80
1/4 24 0 1 0 0 80 525 0 1 0 0 80 615 0 1 0 0 80 24 0 1 2 25 80 525 0 1 2 25 80 615 0 1 2 25 80
1/4 55 2 25 0 0 80 615 2 25 2 25 80 715 2 25 1 5 80 15 2 25 2 75 80
1/4 25 1 5 0 0 80 55 2 25 1 5 80 525 2 25 2 75 80
1/4 525 2 25 0 0 80 55 2 25 2 25 80 25 1 5 1 5 80
1/4 25 0 1 0 0 80
1/4 25 2 25 0 0 80 25 2 25 1 5 80 25 2 25 2 75 80
1/4 25 1 5 0 0 80 55 2 25 1 5 80 525 2 25 2 75 80
1/4 525 2 25 0 0 80 615 2 25 2 25 80 55 1 5 1 5 80
1/4 55 0 1 0 0 80
1/4 55 2 25 0 0 80 615 2 25 2 25 80 715 1 5 1 5 80
1/4 715 0 1 0 0 80
1/4 55 2 25 0 0 80 615 2 25 2 25 80 715 1 5 1 5 80
1/4 15 1 5 0 0 80 715 1 5 1 5 80
1/4 55 1 5 0 0 80 24 1 5 1 5 80
1/4 55 1 5 0 0 80 615 1 5 1 5 80
1/4 715 1 5 0 0 80 615 1 5 1 5 80
1/4 615 0 1 0 0 80
1/4 55 2 25 0 0 80 615 2 25 2 25 80 715 2 25 1 5 80 15 2 25 2 75 80
1/4 25 1 5 0 0 80 55 2 25 1 5 80 525 2 25 2 75 80
1/4 525 2 25 0 0 80 55 2 25 2 25 80 25 1 5 1 5 80
1/4 25 0 1 0 0 80
1/4 25 2 25 0 0 80 25 2 25 1 5 80 25 2 25 2 75 80
1/4 25 1 5 0 0 80 55 2 25 1 5 80 525 2 25 2 75 80
1/4 525 2 25 0 0 80 615 2 25 2 25 80 55 1 5 1 5 80
1/4 55 0 1 0 0 80
1/4 55 2 25 0 0 80 615 2 25 2 25 80 715 1 5 1 5 80
1/4 715 0 1 0 0 80
1/4 55 2 25 0 0 80 615 2 25 2 25 80 715 1 5 1 5 80
1/4 15 1 5 0 0 80 715 2 25 1 5 80 615 2 25 2 75 80
1/4 615 1 5 0 0 80 24 1 5 1 5 80
1/4 55 1 5 0 0 80 615 1 5 1 5 80
1/4 715 1 5 0 0 80 615 1 5 1 5 80
1/4 615 1 5 0 0 80 615 1 5 1 5 80
1/4 715 1 5 0 0 80 15 1 5 1 5 80
1/4 55 0 1 0 0 80 715 0 1 0 0 80 25 0 1 0 0 80
1/4 55 0 1 0 0 80 715 0 1 0 0 80 25 0 1 0 0 80 55 0 1 1 5 80 715 0 1 1 5 80 25 0 1 1 5 80
1/4 55 0 1 0 0 80 715 0 1 0 0 80 25 0 1 0 0 80
1/4 55 0 1 0 0 80 715 0 1 0 0 80 25 0 1 0 0 80 55 0 1 1 5 80 715 0 1 1 5 80 25 0 1 1 5 80 525 0 1 2 75 80 715 0 1 2 75 80 36 0 1 2 75 80
1/4 525 0 1 0 0 80 715 0 1 0 0 80 36 0 1 0 0 80
1/4 715 1 5 0 0 80 615 1 5 1 5 80
1/4 615 1 5 0 0 80 715 1 5 1 5 80
1/4 715 0 1 0 0 80
1/4 615 0 1 0 0 80
1/4 55 1 5 0 0 80 525 1 5 1 5 80
1/4 525 1 5 0 0 80 55 1 5 1 5 80
1/4 525 0 1 0 0 80 615 0 1 0 0 80 316 0 1 0 0 80
1/4 525 0 1 0 0 80 615 0 1 0 0 80 316 0 1 0 0 80
1/4
1/4
1/4
1/4
1/4 55 1 5 0 0 80 55 2 25 1 5 80 55 2 25 2 75 80
1/4 55 1 5 0 0 80 615 1 5 1 5 80
1/4 715 1 5 0 0 80 15 1 5 1 5 80
1/4 25 0 1 0 0 80
1/4 25 2 25 0 0 80 24 1 5 1 5 80
1/4 15 1 5 0 0 80 715 1 5 1 5 80
1/4 55 1 5 0 0 80 615 1 5 1 5 80
1/4 315 0 1 0 0 80 55 0 1 0 0 80
1/4 315 0 1 0 0 80 55 0 1 0 0 80
1/4 315 0 1 0 0 80 55 0 1 0 0 80
1/4 315 0 1 0 0 80 55 0 1 0 0 80
1/4 25 1 5 0 0 80 55 2 25 1 5 80 525 2 25 2 75 80
1/4 525 1 5 0 0 80 25 1 5 1 5 80
1/4 25 1 5 0 0 80 55 1 5 1 5 80
1/4 525 1 5 0 0 80 55 1 5 1 5 80
1/4 15 0 1 0 0 80
1/4 15 0 1 0 0 80
1/4 15 0 1 0 0 80
1/4 15 3 667 0 0 80
1/4
1/4 13 0 1 0 0 80 54 0 1 0 0 80 14 0 1 0 0 80 13 2 25 2 75 80
1/4 13 1 5 0 0 80 13 0 1 1 5 80 54 0 1 1 5 80 14 0 1 1 5 80
1/4 13 0 1 0 0 80 54 0 1 0 0 80 14 0 1 0 0 80 13 1 5 1 5 80
1/4 13 0 1 0 0 80 54 0 1 0 0 80 14 0 1 0 0 80 13 1 5 1 5 80
1/4 13 0 1 0 0 80 54 0 1 0 0 80 14 0 1 0 0 80 13 2 25 2 75 80
1/4 13 1 5 0 0 80 13 0 1 1 5 80 54 0 1 1 5 80 14 0 1 1 5 80
1/4 13 0 1 0 0 80 54 0 1 0 0 80 14 0 1 0 0 80 13 1 5 1 5 80
1/4 13 0 1 0 0 80 54 0 1 0 0 80 14 0 1 0 0 80 13 1 5 1 5 80
1/4 713 0 1 0 0 80 54 0 1 0 0 80 714 0 1 0 0 80 713 2 25 2 75 80
1/4 713 1 5 0 0 80 713 0 1 1 5 80 54 0 1 1 5 80 714 0 1 1 5 80
1/4 713 0 1 0 0 80 54 0 1 0 0 80 714 0 1 0 0 80 713 1 5 1 5 80
1/4 713 0 1 0 0 80 54 0 1 0 0 80 714 0 1 0 0 80 713 1 5 1 5 80
1/4 713 0 1 0 0 80 54 0 1 0 0 80 714 0 1 0 0 80 713 2 25 2 75 80
1/4 713 1 5 0 0 80 713 0 1 1 5 80 54 0 1 1 5 80 714 0 1 1 5 80
1/4 713 0 1 0 0 80 54 0 1 0 0 80 714 0 1 0 0 80 713 1 5 1 5 80
1/4 713 0 1 0 0 80 54 0 1 0 0 80 714 0 1 0 0 80 713 1 5 1 5 80
1/4 14 0 1 0 0 80 54 0 1 0 0 80 13 0 1 0 0 80
1/4 13 1 5 0 0 80 13 0 1 1 5 80 54 0 1 1 5 80 14 0 1 1 5 80
1/4 13 0 1 0 0 80 54 0 1 0 0 80 14 0 1 0 0 80 13 1 5 1 5 80
1/4 13 0 1 0 0 80 54 0 1 0 0 80 14 0 1 0 0 80 13 1 5 1 5 80
1/4 13 0 1 0 0 80 54 0 1 0 0 80 14 0 1 0 0 80
1/4 13 1 5 0 0 80 13 0 1 1 5 80 54 0 1 1 5 80 14 0 1 1 5 80
1/4 13 0 1 0 0 80 54 0 1 0 0 80 14 0 1 0 0 80 13 1 5 1 5 80
1/4 13 0 1 0 0 80 54 0 1 0 0 80 14 0 1 0 0 80 13 1 5 1 5 80
1/4 713 0 1 0 0 80 54 0 1 0 0 80 714 0 1 0 0 80
1/4 713 1 5 0 0 80 713 0 1 1 5 80 54 0 1 1 5 80 714 0 1 1 5 80
1/4 713 0 1 0 0 80 54 0 1 0 0 80 714 0 1 0 0 80 713 1 5 1 5 80
1/4 713 0 1 0 0 80 54 0 1 0 0 80 714 0 1 0 0 80 713 1 5 1 5 80
1/4 713 0 1 0 0 80 54 0 1 0 0 80 714 0 1 0 0 80
1/4 713 1 5 0 0 80 713 0 1 1 5 80 54 0 1 1 5 80 714 0 1 1 5 80
1/4 713 0 1 0 0 80 54 0 1 0 0 80 714 0 1 0 0 80 713 1 5 1 5 80
1/4 713 0 1 0 0 80 54 0 1 0 0 80 714 0 1 0 0 80 713 1 5 1 5 80
1/4 13 0 1 0 0 80 54 0 1 0 0 80 14 0 1 0 0 80
1/4 13 1 5 0 0 80 13 0 1 1 5 80 54 0 1 1 5 80 14 0 1 1 5 80
1/4 13 0 1 0 0 80 54 0 1 0 0 80 14 0 1 0 0 80 13 1 5 1 5 80
1/4 13 0 1 0 0 80 54 0 1 0 0 80 14 0 1 0 0 80 13 1 5 1 5 80
1/4 13 0 1 0 0 80 54 0 1 0 0 80 14 0 1 0 0 80
1/4 13 1 5 0 0 80 13 0 1 1 5 80 54 0 1 1 5 80 14 0 1 1 5 80
1/4 13 0 1 0 0 80 54 0 1 0 0 80 14 0 1 0 0 80 13 1 5 1 5 80
1/4 13 0 1 0 0 80 54 0 1 0 0 80 14 0 1 0 0 80 13 1 5 1 5 80
1/4 314 0 1 0 0 80 714 0 1 0 0 80 315 0 1 0 0 80
1/4 314 0 1 1 5 80 714 0 1 1 5 80 315 0 1 1 5 80
1/4 314 0 1 0 0 80 714 0 1 0 0 80 315 0 1 0 0 80 314 1 5 1 5 80
1/4 314 0 1 0 0 80 714 0 1 0 0 80 315 0 1 0 0 80 314 1 5 1 5 80
1/4 314 1 5 0 0 80 714 1 5 1 5 80
1/4 315 1 5 0 0 80 314 1 5 1 5 80
1/4 23 1 5 0 0 80 714 1 5 1 5 80
1/4 24 1 5 0 0 80 23 1 5 1 5 80
1/4 12 1 5 0 0 80 53 1 5 1 5 80
1/4 13 1 5 0 0 80 13 0 1 1 5 80 54 0 1 1 5 80 14 0 1 1 5 80
1/4 13 0 1 0 0 80 54 0 1 0 0 80 14 0 1 0 0 80 13 1 5 1 5 80
1/4 14 0 1 0 0 80 54 0 1 0 0 80 13 0 1 0 0 80 13 1 5 1 5 80
1/4 13 0 1 0 0 80 54 0 1 0 0 80 14 0 1 0 0 80
1/4 13 1 5 0 0 80 14 0 1 1 5 80 54 0 1 1 5 80 13 0 1 1 5 80
1/4 14 0 1 0 0 80 54 0 1 0 0 80 13 0 1 0 0 80 13 1 5 1 5 80
1/4 13 0 1 0 0 80 54 0 1 0 0 80 14 0 1 0 0 80 13 1 5 1 5 80
1/4 712 1 5 0 0 80 53 1 5 1 5 80
1/4 23 1 5 0 0 80 713 0 1 1 5 80 54 0 1 1 5 80 714 0 1 1 5 80
1/4 713 0 1 0 0 80 54 0 1 0 0 80 714 0 1 0 0 80 713 1 5 1 5 80
1/4 714 0 1 0 0 80 54 0 1 0 0 80 713 0 1 0 0 80 713 1 5 1 5 80
1/4 713 0 1 0 0 80 54 0 1 0 0 80 714 0 1 0 0 80
1/4 713 1 5 0 0 80 713 0 1 1 5 80 54 0 1 1 5 80 714 0 1 1 5 80
1/4 713 0 1 0 0 80 54 0 1 0 0 80 714 0 1 0 0 80 713 1 5 1 5 80
1/4 713 0 1 0 0 80 54 0 1 0 0 80 714 0 1 0 0 80 713 1 5 1 5 80
1/4 12 1 5 0 0 80 53 1 5 1 5 80
1/4 13 1 5 0 0 80 13 0 1 1 5 80 54 0 1 1 5 80 14 0 1 1 5 80
1/4 13 0 1 0 0 80 54 0 1 0 0 80 14 0 1 0 0 80 13 1 5 1 5 80
1/4 14 0 1 0 0 80 54 0 1 0 0 80 13 0 1 0 0 80 13 1 5 1 5 80
1/4 22 1 5 0 0 80 613 1 5 1 5 80
1/4 23 1 5 0 0 80 23 0 1 1 5 80 614 0 1 1 5 80 24 0 1 1 5 80
1/4 23 0 1 0 0 80 614 0 1 0 0 80 24 0 1 0 0 80 23 1 5 1 5 80
1/4 24 0 1 0 0 80 614 0 1 0 0 80 23 0 1 0 0 80 23 1 5 1 5 80
1/4 313 1 5 0 0 80 713 1 5 1 5 80
1/4 314 1 5 0 0 80 314 0 1 1 5 80 714 0 1 1 5 80 315 0 1 1 5 80
1/4 314 0 1 0 0 80 714 0 1 0 0 80 315 0 1 0 0 80 314 1 5 1 5 80
1/4 315 0 1 0 0 80 714 0 1 0 0 80 314 0 1 0 0 80 314 1 5 1 5 80
1/4 23 1 5 0 0 80 524 1 5 1 5 80
1/4 614 1 5 0 0 80 24 1 5 1 5 80
1/4 23 1 5 0 0 80 613 1 5 1 5 80
1/4 523 1 5 0 0 80 22 1 5 1 5 80
1/4 13 1 5 0 0 80 54 1 5 1 5 80
1/4 14 1 5 0 0 80 13 1 5 1 5 80
1/4 713 1 5 0 0 80 54 1 5 1 5 80
1/4 714 1 5 0 0 80 54 1 5 1 5 80
1/4 613 1 5 0 0 80 314 1 5 1 5 80
1/4 614 1 5 0 0 80 613 1 5 1 5 80
1/4 53 1 5 0 0 80 23 1 5 1 5 80
1/4 54 1 5 0 0 80 23 1 5 1 5 80
1/4 13 1 5 0 0 80 54 1 5 1 5 80
1/4 14 1 5 0 0 80 13 1 5 1 5 80
1/4 713 1 5 0 0 80 54 1 5 1 5 80
1/4 714 1 5 0 0 80 54 1 5 1 5 80
1/4 613 1 5 0 0 80 314 1 5 1 5 80
1/4 614 1 5 0 0 80 613 1 5 1 5 80
1/4 53 1 5 0 0 80 23 1 5 1 5 80
1/4 54 1 5 0 0 80 23 1 5 1 5 80
1/4 13 1 5 0 0 80 54 1 5 1 5 80
1/4 14 1 5 0 0 80 13 1 5 1 5 80
1/4 713 1 5 0 0 80 54 1 5 1 5 80
1/4 714 1 5 0 0 80 54 1 5 1 5 80
1/4 613 1 5 0 0 80 314 1 5 1 5 80
1/4 614 1 5 0 0 80 613 1 5 1 5 80
1/4 53 1 5 0 0 80 23 1 5 1 5 80
1/4 54 1 5 0 0 80 23 1 5 1 5 80
1/4 33 1 5 0 0 80 73 1 5 1 5 80
1/4 34 1 5 0 0 80 34 0 1 1 5 80 74 0 1 1 5 80 35 0 1 1 5 80
1/4 34 0 1 0 0 80 74 0 1 0 0 80 35 0 1 0 0 80 34 1 5 1 5 80
1/4 35 0 1 0 0 80 74 0 1 0 0 80 34 0 1 0 0 80 34 1 5 1 5 80
1/4 43 1 5 0 0 80 13 1 5 1 5 80
1/4 44 1 5 0 0 80 43 0 1 1 5 80 13 0 1 1 5 80 44 0 1 1 5 80
1/4 43 0 1 0 0 80 13 0 1 0 0 80 44 0 1 0 0 80 43 1 5 1 5 80
1/4 43 0 1 0 0 80 13 0 1 0 0 80 44 0 1 0 0 80 43 1 5 1 5 80
1/4 24 0 1 0 0 80 614 0 1 0 0 80 23 0 1 0 0 80 24 0 1 2 25 80 614 0 1 2 25 80 23 0 1 2 25 80 24 0 1 2 75 80 614 0 1 2 75 80 23 0 1 2 75 80
1/4 24 0 1 0 0 80 614 0 1 0 0 80 23 0 1 0 0 80 24 0 1 2 25 80 614 0 1 2 25 80 23 0 1 2 25 80 24 0 1 1 5 80 614 0 1 1 5 80 23 0 1 1 5 80
1/4 24 0 1 0 0 80 614 0 1 0 0 80 23 0 1 0 0 80 24 0 1 2 25 80 614 0 1 2 25 80 23 0 1 2 25 80
1/4 24 0 1 0 0 80 614 0 1 0 0 80 23 0 1 0 0 80
1/4 12 0 1 0 0 80 53 0 1 0 0 80 13 0 1 0 0 80
1/4 12 0 1 0 0 80 53 0 1 0 0 80 13 0 1 0 0 80 14 0 1 1 5 80 54 0 1 1 5 80 13 0 1 1 5 80
1/4 14 0 1 0 0 80 54 0 1 0 0 80 13 0 1 0 0 80 13 1 5 1 5 80
1/4 14 0 1 0 0 80 54 0 1 0 0 80 13 1 5 1 5 80
1/4 22 0 1 0 0 80 613 0 1 0 0 80 23 0 1 0 0 80
1/4 22 0 1 0 0 80 613 0 1 0 0 80 23 0 1 0 0 80 315 0 1 1 5 80 714 0 1 1 5 80 314 0 1 1 5 80
1/4 315 0 1 0 0 80 714 0 1 0 0 80 314 0 1 0 0 80 314 1 5 1 5 80
1/4 315 0 1 0 0 80 714 0 1 0 0 80 314 1 5 1 5 80
1/4 712 0 1 0 0 80 523 0 1 0 0 80 713 0 1 0 0 80
1/4 712 0 1 0 0 80 523 0 1 0 0 80 713 0 1 0 0 80
1/4 14 0 1 0 0 80 54 0 1 0 0 80 13 0 1 0 0 80
1/4 14 0 1 0 0 80 54 0 1 0 0 80 13 0 1 0 0 80 14 0 1 1 5 80 54 0 1 1 5 80 13 0 1 1 5 80
1/4 22 1 5 0 0 80 613 1 5 1 5 80
1/4 23 1 5 0 0 80 23 0 1 1 5 80 614 0 1 1 5 80 24 0 1 1 5 80
1/4 23 0 1 0 0 80 614 0 1 0 0 80 24 0 1 0 0 80 23 1 5 1 5 80
1/4 24 0 1 0 0 80 614 0 1 0 0 80 23 0 1 0 0 80 23 1 5 1 5 80
1/4 12 1 5 0 0 80 53 1 5 1 5 80
1/4 13 1 5 0 0 80 13 0 1 1 5 80 54 0 1 1 5 80 14 0 1 1 5 80
1/4 13 0 1 0 0 80 54 0 1 0 0 80 14 0 1 0 0 80 13 1 5 1 5 80
1/4 14 0 1 0 0 80 54 0 1 0 0 80 13 1 5 1 5 80
1/4 22 1 5 0 0 80 613 1 5 1 5 80
1/4 23 1 5 0 0 80 314 0 1 1 5 80 714 0 1 1 5 80 315 0 1 1 5 80
1/4 314 0 1 0 0 80 714 0 1 0 0 80 315 0 1 0 0 80 314 1 5 1 5 80
1/4 315 0 1 0 0 80 714 0 1 0 0 80 314 1 5 1 5 80
1/4 712 1 5 0 0 80 523 1 5 1 5 80
1/4 713 0 1 0 0 80
1/4 14 0 1 0 0 80 54 0 1 0 0 80 13 0 1 0 0 80
1/4 14 0 1 0 0 80 54 0 1 0 0 80 13 0 1 0 0 80 12 1 5 1 5 80
1/4 22 1 5 0 0 80 613 1 5 1 5 80
1/4 23 1 5 0 0 80 23 0 1 1 5 80 614 0 1 1 5 80 24 0 1 1 5 80
1/4 23 0 1 0 0 80 614 0 1 0 0 80 24 0 1 0 0 80 23 1 5 1 5 80
1/4 24 0 1 0 0 80 614 0 1 0 0 80 23 0 1 0 0 80 23 1 5 1 5 80
1/4 52 1 5 0 0 80 22 1 5 1 5 80
1/4 53 1 5 0 0 80 53 0 1 1 5 80 23 0 1 1 5 80 54 0 1 1 5 80
1/4 53 0 1 0 0 80 23 0 1 0 0 80 54 0 1 0 0 80 53 1 5 1 5 80
1/4 23 0 1 0 0 80 54 0 1 0 0 80 53 1 5 1 5 80
1/4 712 1 5 0 0 80 713 1 5 1 5 80
1/4 524 1 5 0 0 80 713 0 1 1 5 80 524 0 1 1 5 80 714 0 1 1 5 80
1/4 713 0 1 0 0 80 524 0 1 0 0 80 714 0 1 0 0 80 713 1 5 1 5 80
1/4 714 0 1 0 0 80 524 0 1 0 0 80 713 0 1 0 0 80 713 1 5 1 5 80
1/4 315 0 1 0 0 80 714 0 1 0 0 80 314 0 1 0 0 80
1/4 314 1 5 0 0 80 23 0 1 1 5 80 614 0 1 1 5 80 24 0 1 1 5 80
1/4 23 0 1 0 0 80 614 0 1 0 0 80 24 0 1 0 0 80 23 1 5 1 5 80
1/4 224 0 1 0 0 80 614 0 1 0 0 80 223 0 1 0 0 80
1/4 222 1 5 0 0 80 223 1 5 1 5 80
1/4 614 1 5 0 0 80 223 0 1 1 5 80 614 0 1 1 5 80 224 0 1 1 5 80
1/4 223 0 1 0 0 80 614 0 1 0 0 80 224 0 1 0 0 80 223 1 5 1 5 80
1/4 224 0 1 0 0 80 614 0 1 0 0 80 223 0 1 0 0 80 223 1 5 1 5 80
1/4 12 1 5 0 0 80 13 1 5 1 5 80
1/4 54 1 5 0 0 80 13 0 1 1 5 80 54 0 1 1 5 80 14 0 1 1 5 80
1/4 13 0 1 0 0 80 54 0 1 0 0 80 14 0 1 0 0 80 13 1 5 1 5 80
1/4 14 0 1 0 0 80 54 0 1 0 0 80 13 0 1 0 0 80 13 1 5 1 5 80
1/4 24 0 1 0 0 80 614 0 1 0 0 80 23 0 1 0 0 80
1/4 24 0 1 0 0 80 614 0 1 0 0 80 23 0 1 0 0 80
1/4
1/4
1/4 13 0 1 0 0 80 54 0 1 0 0 80 14 0 1 0 0 80 13 2 25 2 75 80
1/4 13 1 5 0 0 80 14 0 1 1 5 80 54 0 1 1 5 80 13 0 1 1 5 80
1/4 14 0 1 0 0 80 54 0 1 0 0 80 13 0 1 0 0 80 13 1 5 1 5 80
1/4 13 0 1 0 0 80 54 0 1 0 0 80 14 0 1 0 0 80 13 1 5 1 5 80
1/4 14 0 1 0 0 80 54 0 1 0 0 80
1/4 14 0 1 0 0 80 54 0 1 0 0 80 14 0 1 1 5 80 54 0 1 1 5 80
1/4 14 0 1 0 0 80 54 0 1 0 0 80
1/4 14 0 1 0 0 80 54 0 1 0 0 80
