4/4 12 1 5 0 0 75 53 1 5 1 5 86 54 1 5 0 1 55 13 0 3 0 1 90 54 2 25 1 15 74 54 2 75 2 175 68 524 1 5 1 25 72 54 1 5 0 3 78 23 1 5 1 35 67
4/4 12 1 5 0 0 56 23 0 1 0 0 73 53 1 5 1 5 87 23 1 5 0 1 73 13 0 3 0 1 83 23 2 25 1 15 73 54 2 75 2 175 73 524 1 5 1 25 70 54 1 5 0 3 75 614 1 5 1 35 79
4/4 712 1 5 0 0 62 614 0 1 0 0 77 53 1 5 1 5 88 54 1 5 0 1 66 23 0 3 0 1 98 54 2 25 1 15 74 54 2 75 2 175 73 524 1 5 1 25 73 54 1 5 0 3 71 23 1 5 1 35 70
4/4 712 1 5 0 0 67 23 0 1 0 0 66 53 1 5 1 5 78 23 1 5 0 1 73 713 0 3 0 1 89 23 2 25 1 15 71 54 2 75 2 175 77 614 1 5 1 25 74 714 1 5 0 3 70 54 1 5 1 35 67
4/4 612 1 5 0 0 71 313 1 5 1 5 94 54 1 5 0 1 72 13 0 3 0 1 95 54 2 25 1 15 80 54 2 75 2 175 84 524 1 5 1 25 72 54 1 5 0 3 82 23 1 5 1 35 55
4/4 21 1 5 0 0 69 23 0 1 0 0 69 612 1 5 1 5 72 23 1 5 0 1 79 22 0 3 0 1 70 23 2 25 1 15 67 54 2 75 2 175 79 614 1 5 1 25 70 714 1 5 0 3 87 14 1 5 1 35 76
4/4 714 0 1 0 0 77 311 0 1 0 0 81 54 1 35 1 5 62 712 1 5 1 5 79 523 1 5 0 1 102 53 0 1 1 15 92 313 0 1 1 25 78 712 1 5 1 35 60
4/4 54 0 1 0 0 102 14 0 1 0 0 92 314 0 1 0 0 104 312 1 5 0 0 75 55 0 1 3 333 102 711 0 1 3 333 84 714 0 1 0 1 80 24 0 1 0 1 69 524 0 1 0 1 72 313 1 5 0 1 74 712 1 5 1 15 68 54 0 1 0 2 59 23 0 1 0 2 69 21 1 5 0 2 68 712 1 5 1 25 86 23 0 1 0 3 70 53 0 1 0 3 61 22 0 1 0 3 77
4/4 11 1 5 0 0 58 23 0 1 0 0 65 53 0 1 0 0 64 52 1 5 1 5 71 54 0 1 0 1 86 312 0 1 0 1 104 54 2 25 1 15 81 53 1 25 1 15 83 54 2 75 2 175 78 524 1 5 1 25 77 54 1 5 0 3 84 23 1 5 1 35 74
4/4 11 1 5 0 0 71 23 0 1 0 0 75 52 1 5 1 5 79 23 0 1 0 1 76 11 0 1 0 1 76 23 2 25 1 15 68 22 1 25 1 15 83 54 2 75 2 175 91 524 1 5 1 25 82 54 1 5 0 3 69 614 1 5 1 35 73
4/4 711 1 5 0 0 64 614 0 1 0 0 80 52 1 5 1 5 86 54 0 1 0 1 70 711 0 1 0 1 80 54 2 25 1 15 69 22 1 25 1 15 78 54 2 75 2 175 68 524 1 5 1 25 74 54 1 5 0 3 83 23 1 5 1 35 68
4/4 711 1 5 0 0 66 23 0 1 0 0 66 52 1 5 1 5 83 23 0 1 0 1 73 21 0 1 0 1 93 23 2 25 1 15 85 53 1 25 1 15 92 54 2 75 2 175 90 614 1 5 1 25 80 714 1 5 0 3 72 14 1 5 1 35 85
4/4 23 0 1 0 0 76 54 0 1 0 0 86 23 0 1 0 0 81 611 1 5 0 0 70 312 1 5 1 5 78 612 1 5 0 1 87 54 0 2 1 15 63 12 1 5 1 15 73 612 1 5 0 2 73 312 1 5 1 25 70 611 0 1 0 3 76 54 1 5 1 35 74
4/4 23 0 1 0 0 83 54 0 1 0 0 85 23 0 1 0 0 97 21 1 5 0 0 84 612 1 5 1 5 82 12 1 5 0 1 89 54 0 2 1 15 57 22 0 1 1 15 88 612 1 5 1 25 66 21 0 1 0 3 59 54 1 5 1 35 82
4/4 614 1 15 0 0 83 312 1 5 0 0 81 712 1 5 1 5 88 523 1 5 0 1 100 713 0 1 1 15 67 314 0 1 1 15 67 53 0 1 1 15 74 53 0 1 1 15 84 313 1 5 1 25 74 712 1 5 0 3 62 312 1 5 1 35 75
4/4 13 0 1 0 0 73 44 0 1 0 0 81 614 0 1 0 0 81 41 0 1 0 0 73 714 0 1 1 5 76 11 0 1 1 5 88 14 0 1 0 1 69 42 0 1 0 1 93 23 0 1 1 15 81 54 0 1 1 15 73 713 0 1 1 15 77 52 1 5 1 15 70 22 1 5 0 2 90 714 0 1 1 25 82 52 0 1 1 25 93 614 1 5 0 3 68 713 0 1 0 3 84 54 1 5 1 35 67
4/4 11 1 5 0 0 58 54 0 1 0 0 65 52 1 5 1 5 89 314 0 1 0 1 82 14 0 1 0 1 92 11 0 1 0 1 90 314 0 1 1 15 83 14 0 1 1 15 81 51 0 1 1 15 65 314 0 1 2 175 83 13 0 1 2 175 77 711 1 5 0 2 74 23 0 1 1 25 82 714 0 1 1 25 82 51 0 1 1 25 71 712 1 5 0 3 85 614 0 1 1 35 64 51 0 1 1 35 74 54 2 25 2 375 70
4/4 13 0 1 0 0 92 614 0 1 0 0 84 611 0 1 0 0 74 54 0 1 1 5 67 311 0 1 1 5 78 614 1 5 2 75 81 612 1 5 0 1 89 54 2 25 2 125 71 23 0 1 1 15 90 713 0 1 1 15 76 12 1 5 1 15 86 711 1 5 0 2 67 54 0 1 1 25 74 51 0 1 1 25 78 614 0 1 0 3 78 711 0 1 0 3 85 54 1 5 1 35 67 22 1 5 1 35 81
4/4 11 1 5 0 0 54 54 0 1 0 0 66 52 1 5 1 5 87 314 0 1 0 1 93 14 0 1 0 1 75 11 0 1 0 1 93 314 0 1 1 15 74 14 0 1 1 15 84 51 0 1 1 15 62 314 0 1 2 175 69 13 0 1 2 175 72 711 1 5 0 2 57 23 0 1 1 25 58 714 0 1 1 25 70 51 0 1 1 25 77 712 1 5 0 3 88 614 0 1 1 35 66 51 0 1 1 35 64 54 2 25 2 375 78
4/4 13 0 1 0 0 89 614 0 1 0 0 85 611 0 1 0 0 76 54 0 1 1 5 69 311 0 1 1 5 89 614 1 5 2 75 66 612 1 5 0 1 77 54 2 25 2 125 82 23 0 1 1 15 89 713 0 1 1 15 88 12 1 5 1 15 87 711 1 5 0 2 61 54 0 1 1 25 68 51 0 1 1 25 74 614 0 1 0 3 82 711 0 1 0 3 85 54 1 5 1 35 80 22 1 5 1 35 91
4/4 11 1 5 0 0 57 54 0 1 0 0 76 52 1 5 1 5 90 314 0 1 0 1 82 14 0 1 0 1 93 11 0 1 0 1 75 14 0 1 1 15 79 51 0 1 1 15 65 24 2 75 2 175 77 711 1 5 0 2 63 54 0 1 1 25 74 52 1 5 1 25 75 712 1 5 0 3 74 23 0 1 1 35 62 51 0 1 1 35 69 23 2 25 2 375 74
4/4 23 0 1 0 0 81 611 0 1 0 0 70 23 0 1 1 5 66 311 0 1 1 5 72 23 1 5 2 75 78 612 1 5 0 1 75 23 2 25 2 125 68 54 0 1 1 15 82 11 0 1 1 15 83 711 1 5 0 2 67 54 0 1 1 25 68 51 0 1 1 25 87 614 0 1 0 3 84 711 0 1 0 3 81 714 0 1 1 35 86 21 0 1 1 35 72
4/4 11 1 5 0 0 58 52 1 5 1 5 73 314 0 1 0 1 77 14 0 1 0 1 77 11 0 1 0 1 97 314 0 1 1 15 85 14 0 1 1 15 82 51 0 1 1 15 70 314 0 1 2 175 82 13 0 1 2 175 83 711 1 5 0 2 60 23 0 1 1 25 80 714 0 1 1 25 68 51 0 1 1 25 75 712 1 5 0 3 72 614 0 1 1 35 76 51 0 1 1 35 67 54 2 25 2 375 63
4/4 13 0 1 0 0 78 614 0 1 0 0 87 611 0 1 0 0 71 54 0 1 1 5 67 311 0 1 1 5 79 614 1 5 2 75 79 12 1 5 0 1 85 54 2 25 2 125 81 23 0 1 1 15 73 713 0 1 1 15 90 612 1 5 1 15 82 711 1 5 0 2 73 54 0 1 1 25 72 51 0 1 1 25 86 614 0 1 0 3 77 711 0 1 0 3 78 54 0 1 1 35 82 21 0 1 1 35 81
4/4 73 0 1 0 0 75 33 0 1 0 0 61 11 1 5 0 0 76 52 1 5 1 5 87 72 1 5 0 1 83 74 1 15 1 15 86 33 1 5 1 15 94 52 1 5 0 2 72 72 1 5 1 25 78 54 1 5 0 3 66 11 0 1 0 3 67 34 1 5 1 35 68
4/4 13 0 1 0 0 88 43 0 1 0 0 77 42 1 5 0 0 68 12 1 5 1 5 80 43 1 5 0 1 95 14 1 15 1 15 96 613 1 5 1 15 82 12 1 5 0 2 67 43 1 5 1 25 81 42 0 1 0 3 59
4/4 13 0 1 0 0 65 23 0 1 0 0 68 314 0 1 0 0 73 54 0 1 0 0 77 21 0 1 0 0 77 21 0 1 0 0 90 613 0 1 0 2 76 23 0 1 0 2 62 523 0 1 0 2 64 21 0 1 0 2 83 21 0 1 0 2 67 54 2 25 0 3 77 614 2 25 2 325 91 714 2 25 1 35 88 14 2 25 2 375 79
4/4 23 0 1 0 0 81 24 0 1 0 0 90 51 0 1 0 0 69 54 0 1 1 5 56 21 0 1 1 5 89 524 1 5 2 75 61 52 1 5 0 1 75 54 2 25 2 125 85 24 0 2 1 15 85 11 1 5 1 15 74 52 1 5 0 2 75 313 1 5 1 25 88 24 2 25 1 35 83 24 2 25 2 375 67
4/4 23 0 1 0 0 82 24 0 1 0 0 73 21 0 1 0 0 62 54 0 1 1 5 68 611 0 1 1 5 81 524 1 5 2 75 70 22 1 5 0 1 70 614 2 25 2 125 90 713 0 1 1 15 72 53 0 1 1 15 70 312 0 1 1 15 66 523 1 5 1 25 91 54 2 25 0 3 66 53 0 1 0 3 84 614 2 25 2 325 74 714 1 5 1 35 81
4/4 23 0 1 0 0 85 54 0 1 0 0 85 713 0 1 0 0 76 51 1 5 0 0 73 52 1 5 1 5 79 54 0 1 0 1 72 21 0 1 0 1 79 614 2 25 2 125 70 714 0 1 1 15 83 51 0 1 1 15 63 314 0 1 0 2 82 14 0 1 0 2 93 11 0 1 0 2 60 714 0 1 1 25 67 51 0 1 1 25 86 54 2 75 2 275 60 313 1 5 0 3 92 23 0 1 1 35 64 51 0 1 1 35 73
4/4 54 0 1 0 0 91 21 0 1 0 0 67 614 0 1 1 5 90 611 0 1 1 5 73 54 0 1 0 1 73 714 0 1 0 1 73 21 0 1 0 1 87 524 0 1 1 15 60 613 0 1 1 15 61 612 1 5 1 15 70 22 1 5 0 2 89 21 1 5 1 25 73 54 0 1 0 3 67 611 0 1 0 3 85 614 2 25 2 325 71 714 0 1 1 35 72 21 0 1 1 35 71 14 2 25 2 375 78
4/4 23 0 1 0 0 88 24 0 1 0 0 72 51 0 1 0 0 59 54 0 1 1 5 66 51 0 1 1 5 78 524 1 5 2 75 66 22 1 5 0 1 83 54 2 25 2 125 75 24 0 2 1 15 80 11 0 1 1 15 77 313 1 5 1 25 97 52 1 5 0 3 69 24 0 1 1 35 75 11 0 1 1 35 68 24 2 25 2 375 80
4/4 23 0 1 0 0 75 24 0 1 0 0 82 21 0 1 0 0 70 54 0 1 1 5 58 611 0 1 1 5 81 524 1 5 2 75 72 22 1 5 0 1 70 614 2 25 2 125 91 713 0 1 1 15 76 314 0 1 1 15 70 53 0 1 1 15 79 312 1 5 1 15 56 712 1 5 0 2 82 53 1 5 1 25 89 54 2 25 0 3 81 713 0 1 0 3 94 614 2 25 2 325 91 714 1 5 1 35 92
4/4 23 0 1 0 0 72 54 0 1 0 0 76 713 0 1 0 0 76 51 1 5 0 0 70 52 1 5 1 5 85 54 0 1 0 1 67 21 0 1 0 1 92 614 2 25 2 125 78 714 0 1 1 15 70 51 0 1 1 15 68 314 0 1 0 2 86 14 0 1 0 2 82 11 0 1 0 2 68 714 0 1 1 25 70 51 0 1 1 25 71 54 2 75 2 275 67 12 1 5 0 3 67 23 0 1 1 35 60 51 0 1 1 35 71
4/4 54 0 1 0 0 93 21 0 1 0 0 82 614 0 1 1 5 89 611 0 1 1 5 86 714 0 1 0 1 85 21 0 1 0 1 79 614 0 1 1 15 79 53 1 5 1 15 82 523 1 5 0 2 65 614 0 1 1 25 85 611 0 1 1 25 73 714 1 5 0 3 74 21 0 1 0 3 61 14 1 5 1 35 90
4/4 23 0 1 0 0 91 23 0 1 0 0 83 711 0 1 0 0 87 21 0 1 0 0 76 52 1 5 1 5 75 712 1 5 0 1 74 54 1 15 1 15 53 22 1 5 1 15 80 52 1 5 0 2 76 712 1 5 1 25 83 711 0 1 0 3 74 23 0 1 1 35 70 23 0 1 1 35 66
4/4 34 0 1 0 0 84 524 0 1 0 0 80 34 0 1 0 0 85 711 0 1 0 0 76 611 0 1 0 0 72 522 1 5 1 5 76 713 0 1 0 1 68 714 0 1 0 1 60 711 0 1 0 1 79 613 0 1 1 15 63 613 0 1 1 15 74 523 1 5 1 15 80 612 1 5 0 2 73 713 0 1 1 25 77 524 0 1 1 25 89 713 0 1 1 25 72 712 1 5 1 25 68 522 0 1 0 3 64 613 0 1 1 35 72 613 0 1 1 35 67
4/4 312 0 1 0 0 73 51 0 1 0 0 69 613 0 1 0 0 73 613 0 1 0 0 79 53 0 1 1 5 76 53 0 1 1 5 66 712 1 5 1 5 77 313 1 5 0 1 80 523 0 1 1 15 68 523 0 1 1 15 75 21 1 5 1 15 63 712 1 5 0 2 81 53 0 1 1 25 74 53 0 1 1 25 77 22 1 5 1 25 74 712 1 5 0 3 69 314 0 1 1 35 103 614 0 1 1 35 86 314 0 1 1 35 92 221 1 5 1 35 76
4/4 612 1 5 0 0 73 314 0 1 0 0 88 614 0 1 0 0 99 314 0 1 0 0 92 313 1 5 1 5 96 711 1 5 0 1 60 313 1 5 1 15 101 712 1 5 0 2 79 611 1 15 1 25 78
4/4 11 0 1 0 0 88 52 0 1 0 0 80 11 0 1 0 0 79 54 1 5 0 1 70 54 2 25 1 15 73 54 2 75 2 175 83 614 1 5 1 25 87 714 1 5 0 3 78 14 1 5 1 35 70
4/4 54 0 1 0 0 72 14 0 1 0 0 90 23 0 1 0 0 77 21 0 1 0 0 84 612 0 1 0 0 73 21 0 1 0 0 78 23 1 5 1 15 44 14 1 5 0 2 81 714 1 5 1 25 83 54 1 5 0 3 73 614 1 5 1 35 71
4/4 23 0 1 0 0 67 314 0 1 0 0 74 53 0 1 0 0 67 11 1 5 0 0 68 52 1 5 1 5 79 12 1 5 0 1 83 22 1 5 1 15 72 53 1 5 0 2 79 13 1 5 1 25 81 23 1 5 0 3 53 54 1 5 1 35 85
4/4 53 0 1 0 0 71 51 0 1 0 0 71 713 0 1 0 0 67 22 0 1 0 0 83 54 3 3667 3 333 68
