4/4 13 1 5 0 0 74 54 1 5 1 5 92 55 1 5 0 1 55 14 0 3 0 1 88 55 2 25 1 15 74 55 2 75 2 175 67 525 1 5 1 25 64 55 1 5 0 3 70 24 1 5 1 35 70
4/4 13 1 5 0 0 69 24 0 1 0 0 57 54 1 5 1 5 88 24 1 5 0 1 80 14 0 3 0 1 84 24 2 25 1 15 81 55 2 75 2 175 80 525 1 5 1 25 67 55 1 5 0 3 72 615 1 5 1 35 78
4/4 713 1 5 0 0 75 615 0 1 0 0 75 54 1 5 1 5 94 55 1 5 0 1 64 24 0 3 0 1 98 55 2 25 1 15 80 55 2 75 2 175 73 525 1 5 1 25 67 55 1 5 0 3 80 24 1 5 1 35 56
4/4 713 1 5 0 0 74 24 0 1 0 0 65 54 1 5 1 5 93 24 1 5 0 1 74 714 0 3 0 1 78 24 2 25 1 15 73 55 2 75 2 175 82 615 1 5 1 25 75 715 1 5 0 3 84 55 1 5 1 35 75
4/4 613 1 5 0 0 69 314 1 5 1 5 97 55 1 5 0 1 70 14 0 3 0 1 91 55 2 25 1 15 73 55 2 75 2 175 84 525 1 5 1 25 76 55 1 5 0 3 75 24 1 5 1 35 73
4/4 22 1 5 0 0 79 24 0 1 0 0 55 613 1 5 1 5 75 24 1 5 0 1 78 23 0 3 0 1 88 24 2 25 1 15 76 55 2 75 2 175 89 615 1 5 1 25 70 715 1 5 0 3 75 15 1 5 1 35 70
4/4 715 0 1 0 0 79 313 0 1 0 0 64 55 1 35 1 5 58 713 1 5 1 5 81 524 1 5 0 1 95 54 0 1 1 15 82 314 0 1 1 25 71 713 1 5 1 35 63
4/4 55 0 1 0 0 103 15 0 1 0 0 93 316 0 1 0 0 103 313 1 5 0 0 71 56 0 1 3 333 98 713 0 1 3 333 89 715 0 1 0 1 77 25 0 1 0 1 83 526 0 1 0 1 76 314 1 5 0 1 82 713 1 5 1 15 64 55 0 1 0 2 62 25 0 1 0 2 56 22 1 5 0 2 63 713 1 5 1 25 69 24 0 1 0 3 57 55 0 1 0 3 60 23 0 1 0 3 85
4/4 12 1 5 0 0 60 24 0 1 0 0 71 55 0 1 0 0 56 53 1 5 1 5 74 55 0 1 0 1 85 314 0 1 0 1 88 55 2 25 1 15 71 54 1 25 1 15 75 55 2 75 2 175 85 525 1 5 1 25 70 55 1 5 0 3 84 24 1 5 1 35 72
4/4 12 1 5 0 0 70 24 0 1 0 0 65 53 1 5 1 5 85 24 0 1 0 1 75 13 0 1 0 1 72 24 2 25 1 15 73 23 1 25 1 15 85 55 2 75 2 175 91 525 1 5 1 25 78 55 1 5 0 3 77 615 1 5 1 35 87
4/4 712 1 5 0 0 65 615 0 1 0 0 89 53 1 5 1 5 94 55 0 1 0 1 76 713 0 1 0 1 90 55 2 25 1 15 67 23 1 25 1 15 84 55 2 75 2 175 70 525 1 5 1 25 68 55 1 5 0 3 76 24 1 5 1 35 58
4/4 712 1 5 0 0 65 24 0 1 0 0 71 53 1 5 1 5 88 24 0 1 0 1 86 23 0 1 0 1 84 24 2 25 1 15 67 54 1 25 1 15 98 55 2 75 2 175 82 615 1 5 1 25 77 715 1 5 0 3 87 15 1 5 1 35 77
4/4 24 0 1 0 0 82 55 0 1 0 0 71 25 0 1 0 0 83 612 1 5 0 0 62 313 1 5 1 5 82 613 1 5 0 1 80 55 0 2 1 15 54 13 1 5 1 15 84 613 1 5 0 2 66 313 1 5 1 25 64 612 0 1 0 3 72 55 1 5 1 35 86
4/4 24 0 1 0 0 87 55 0 1 0 0 102 25 0 1 0 0 86 22 1 5 0 0 73 613 1 5 1 5 82 13 1 5 0 1 71 55 0 2 1 15 58 23 0 1 1 15 77 613 1 5 1 25 70 22 0 1 0 3 78 55 1 5 1 35 89
4/4 615 1 15 0 0 78 313 1 5 0 0 76 713 1 5 1 5 74 524 1 5 0 1 99 714 0 1 1 15 80 315 0 1 1 15 76 55 0 1 1 15 66 54 0 1 1 15 92 314 1 5 1 25 63 713 1 5 0 3 66 313 1 5 1 35 76
4/4 14 0 1 0 0 72 45 0 1 0 0 86 615 0 1 0 0 86 43 0 1 0 0 74 715 0 1 1 5 91 13 0 1 1 5 89 15 0 1 0 1 78 44 0 1 0 1 84 24 0 1 1 15 66 55 0 1 1 15 70 715 0 1 1 15 63 53 1 5 1 15 72 23 1 5 0 2 92 715 0 1 1 25 83 54 0 1 1 25 94 615 1 5 0 3 76 714 0 1 0 3 85 55 1 5 1 35 78
4/4 12 1 5 0 0 64 55 0 1 0 0 80 53 1 5 1 5 77 315 0 1 0 1 77 15 0 1 0 1 89 13 0 1 0 1 90 315 0 1 1 15 83 15 0 1 1 15 70 53 0 1 1 15 82 315 0 1 2 175 69 15 0 1 2 175 83 712 1 5 0 2 61 24 0 1 1 25 77 715 0 1 1 25 63 53 0 1 1 25 78 713 1 5 0 3 73 615 0 1 1 35 66 53 0 1 1 35 72 55 2 25 2 375 68
4/4 14 0 1 0 0 86 615 0 1 0 0 82 612 0 1 0 0 64 55 0 1 1 5 75 313 0 1 1 5 73 615 1 5 2 75 95 613 1 5 0 1 93 55 2 25 2 125 78 24 0 1 1 15 80 715 0 1 1 15 88 13 1 5 1 15 75 712 1 5 0 2 69 55 0 1 1 25 71 53 0 1 1 25 78 615 0 1 0 3 86 713 0 1 0 3 70 55 1 5 1 35 78 23 1 5 1 35 92
4/4 12 1 5 0 0 63 55 0 1 0 0 66 53 1 5 1 5 75 315 0 1 0 1 93 15 0 1 0 1 76 13 0 1 0 1 83 315 0 1 1 15 70 15 0 1 1 15 76 53 0 1 1 15 78 315 0 1 2 175 71 15 0 1 2 175 66 712 1 5 0 2 62 24 0 1 1 25 59 715 0 1 1 25 65 53 0 1 1 25 86 713 1 5 0 3 79 615 0 1 1 35 62 53 0 1 1 35 76 55 2 25 2 375 68
4/4 14 0 1 0 0 87 615 0 1 0 0 90 612 0 1 0 0 74 55 0 1 1 5 77 313 0 1 1 5 76 615 1 5 2 75 68 613 1 5 0 1 89 55 2 25 2 125 76 24 0 1 1 15 78 715 0 1 1 15 92 13 1 5 1 15 84 712 1 5 0 2 62 55 0 1 1 25 69 53 0 1 1 25 86 615 0 1 0 3 93 713 0 1 0 3 85 55 1 5 1 35 64 23 1 5 1 35 88
4/4 12 1 5 0 0 74 55 0 1 0 0 71 53 1 5 1 5 73 315 0 1 0 1 76 15 0 1 0 1 92 13 0 1 0 1 88 15 0 1 1 15 79 53 0 1 1 15 76 25 2 75 2 175 87 712 1 5 0 2 76 55 0 1 1 25 73 53 1 5 1 25 90 713 1 5 0 3 77 24 0 1 1 35 67 53 0 1 1 35 67 24 2 25 2 375 70
4/4 24 0 1 0 0 71 612 0 1 0 0 70 24 0 1 1 5 82 313 0 1 1 5 85 24 1 5 2 75 74 613 1 5 0 1 87 24 2 25 2 125 74 55 0 1 1 15 90 13 0 1 1 15 71 712 1 5 0 2 74 55 0 1 1 25 72 53 0 1 1 25 90 615 0 1 0 3 88 713 0 1 0 3 89 715 0 1 1 35 87 23 0 1 1 35 75
4/4 12 1 5 0 0 60 53 1 5 1 5 72 315 0 1 0 1 69 15 0 1 0 1 71 13 0 1 0 1 85 315 0 1 1 15 79 15 0 1 1 15 72 53 0 1 1 15 69 315 0 1 2 175 81 15 0 1 2 175 82 712 1 5 0 2 76 24 0 1 1 25 69 715 0 1 1 25 74 53 0 1 1 25 81 713 1 5 0 3 71 615 0 1 1 35 60 53 0 1 1 35 78 55 2 25 2 375 73
4/4 14 0 1 0 0 86 615 0 1 0 0 79 612 0 1 0 0 76 55 0 1 1 5 78 313 0 1 1 5 69 615 1 5 2 75 72 13 1 5 0 1 92 55 2 25 2 125 66 24 0 1 1 15 90 715 0 1 1 15 73 613 1 5 1 15 67 712 1 5 0 2 69 55 0 1 1 25 53 53 0 1 1 25 86 615 0 1 0 3 85 713 0 1 0 3 90 55 0 1 1 35 75 23 0 1 1 35 82
4/4 74 0 1 0 0 66 35 0 1 0 0 73 12 1 5 0 0 61 53 1 5 1 5 82 73 1 5 0 1 73 75 1 15 1 15 82 34 1 5 1 15 97 53 1 5 0 2 73 73 1 5 1 25 69 55 1 5 0 3 67 12 0 1 0 3 64 35 1 5 1 35 57
4/4 14 0 1 0 0 85 45 0 1 0 0 83 43 1 5 0 0 70 13 1 5 1 5 71 44 1 5 0 1 92 15 1 15 1 15 87 614 1 5 1 15 99 13 1 5 0 2 69 44 1 5 1 25 78 43 0 1 0 3 59
4/4 14 0 1 0 0 73 24 0 1 0 0 73 315 0 1 0 0 63 55 0 1 0 0 66 22 0 1 0 0 73 23 0 1 0 0 85 614 0 1 0 2 67 24 0 1 0 2 63 525 0 1 0 2 72 22 0 1 0 2 70 23 0 1 0 2 75 55 2 25 0 3 79 615 2 25 2 325 84 715 2 25 1 35 75 15 2 25 2 375 89
4/4 24 0 1 0 0 81 25 0 1 0 0 91 52 0 1 0 0 64 55 0 1 1 5 64 22 0 1 1 5 81 525 1 5 2 75 73 53 1 5 0 1 93 55 2 25 2 125 82 25 0 2 1 15 83 12 1 5 1 15 70 53 1 5 0 2 82 314 1 5 1 25 87 25 2 25 1 35 70 25 2 25 2 375 70
4/4 24 0 1 0 0 74 25 0 1 0 0 86 22 0 1 0 0 74 55 0 1 1 5 69 613 0 1 1 5 81 525 1 5 2 75 62 23 1 5 0 1 82 615 2 25 2 125 87 714 0 1 1 15 83 55 0 1 1 15 70 313 0 1 1 15 79 524 1 5 1 25 92 55 2 25 0 3 83 54 0 1 0 3 85 615 2 25 2 325 72 715 1 5 1 35 84
4/4 24 0 1 0 0 91 55 0 1 0 0 86 715 0 1 0 0 93 52 1 5 0 0 63 53 1 5 1 5 83 55 0 1 0 1 59 23 0 1 0 1 90 615 2 25 2 125 74 715 0 1 1 15 90 53 0 1 1 15 71 315 0 1 0 2 87 15 0 1 0 2 87 12 0 1 0 2 66 715 0 1 1 25 70 53 0 1 1 25 91 55 2 75 2 275 63 314 1 5 0 3 95 24 0 1 1 35 72 53 0 1 1 35 63
4/4 55 0 1 0 0 80 22 0 1 0 0 60 615 0 1 1 5 82 613 0 1 1 5 74 55 0 1 0 1 81 715 0 1 0 1 78 23 0 1 0 1 72 525 0 1 1 15 65 615 0 1 1 15 70 613 1 5 1 15 72 23 1 5 0 2 81 22 1 5 1 25 64 55 0 1 0 3 70 613 0 1 0 3 79 615 2 25 2 325 79 715 0 1 1 35 86 23 0 1 1 35 76 15 2 25 2 375 90
4/4 24 0 1 0 0 90 25 0 1 0 0 78 52 0 1 0 0 74 55 0 1 1 5 67 53 0 1 1 5 91 525 1 5 2 75 63 23 1 5 0 1 84 55 2 25 2 125 78 25 0 2 1 15 99 12 0 1 1 15 73 314 1 5 1 25 88 53 1 5 0 3 77 25 0 1 1 35 74 13 0 1 1 35 82 25 2 25 2 375 67
4/4 24 0 1 0 0 76 25 0 1 0 0 78 22 0 1 0 0 57 55 0 1 1 5 55 613 0 1 1 5 89 525 1 5 2 75 77 23 1 5 0 1 71 615 2 25 2 125 88 714 0 1 1 15 75 315 0 1 1 15 73 55 0 1 1 15 77 313 1 5 1 15 76 713 1 5 0 2 90 54 1 5 1 25 86 55 2 25 0 3 86 714 0 1 0 3 88 615 2 25 2 325 92 715 1 5 1 35 79
4/4 24 0 1 0 0 71 55 0 1 0 0 70 715 0 1 0 0 84 52 1 5 0 0 76 53 1 5 1 5 78 55 0 1 0 1 61 23 0 1 0 1 94 615 2 25 2 125 91 715 0 1 1 15 69 53 0 1 1 15 60 315 0 1 0 2 77 15 0 1 0 2 84 12 0 1 0 2 66 715 0 1 1 25 84 53 0 1 1 25 77 55 2 75 2 275 71 13 1 5 0 3 67 24 0 1 1 35 70 53 0 1 1 35 76
4/4 55 0 1 0 0 82 22 0 1 0 0 80 615 0 1 1 5 88 613 0 1 1 5 81 715 0 1 0 1 70 23 0 1 0 1 77 615 0 1 1 15 65 54 1 5 1 15 82 524 1 5 0 2 80 615 0 1 1 25 85 613 0 1 1 25 56 715 1 5 0 3 81 22 0 1 0 3 71 15 1 5 1 35 87
4/4 24 0 1 0 0 91 25 0 1 0 0 75 712 0 1 0 0 86 22 0 1 0 0 77 53 1 5 1 5 84 713 1 5 0 1 81 55 1 15 1 15 64 23 1 5 1 15 73 53 1 5 0 2 76 713 1 5 1 25 79 712 0 1 0 3 62 24 0 1 1 35 67 25 0 1 1 35 75
4/4 35 0 1 0 0 86 525 0 1 0 0 74 36 0 1 0 0 81 712 0 1 0 0 82 613 0 1 0 0 76 523 1 5 1 5 63 714 0 1 0 1 78 715 0 1 0 1 74 713 0 1 0 1 87 614 0 1 1 15 72 615 0 1 1 15 73 524 1 5 1 15 78 613 1 5 0 2 74 714 0 1 1 25 75 525 0 1 1 25 81 715 0 1 1 25 75 713 1 5 1 25 69 523 0 1 0 3 77 614 0 1 1 35 79 615 0 1 1 35 71
4/4 313 0 1 0 0 80 53 0 1 0 0 76 614 0 1 0 0 79 615 0 1 0 0 83 54 0 1 1 5 78 55 0 1 1 5 82 713 1 5 1 5 75 314 1 5 0 1 76 524 0 1 1 15 64 525 0 1 1 15 75 22 1 5 1 15 82 713 1 5 0 2 81 54 0 1 1 25 69 55 0 1 1 25 74 23 1 5 1 25 84 713 1 5 0 3 67 315 0 1 1 35 104 615 0 1 1 35 93 316 0 1 1 35 101 222 1 5 1 35 81
4/4 613 1 5 0 0 86 315 0 1 0 0 105 615 0 1 0 0 106 316 0 1 0 0 102 314 1 5 1 5 82 712 1 5 0 1 56 314 1 5 1 15 98 713 1 5 0 2 77 612 1 15 1 25 70
4/4 12 0 1 0 0 88 53 0 1 0 0 87 13 0 1 0 0 88 55 1 5 0 1 74 55 2 25 1 15 82 55 2 75 2 175 85 615 1 5 1 25 75 715 1 5 0 3 77 15 1 5 1 35 85
4/4 55 0 1 0 0 82 15 0 1 0 0 72 25 0 1 0 0 84 22 0 1 0 0 91 613 0 1 0 0 71 23 0 1 0 0 91 24 1 5 1 15 52 15 1 5 0 2 97 715 1 5 1 25 77 55 1 5 0 3 56 615 1 5 1 35 86
4/4 24 0 1 0 0 68 315 0 1 0 0 69 55 0 1 0 0 80 12 1 5 0 0 61 53 1 5 1 5 81 13 1 5 0 1 79 23 1 5 1 15 77 54 1 5 0 2 94 14 1 5 1 25 85 24 1 5 0 3 63 55 1 5 1 35 91
4/4 54 0 1 0 0 68 51 0 1 0 0 76 714 0 1 0 0 74 24 0 1 0 0 81 55 3 3667 3 333 68
