4/4 13 1 5 0 0 72 54 1 5 1 5 85 55 1 5 0 1 64 14 0 3 0 1 86 55 2 25 1 15 74 55 2 75 2 175 75 525 1 5 1 25 72 55 1 5 0 3 80 24 1 5 1 35 67
4/4 13 1 5 0 0 66 24 0 1 0 0 67 54 1 5 1 5 85 24 1 5 0 1 76 14 0 3 0 1 93 24 2 25 1 15 79 55 2 75 2 175 78 525 1 5 1 25 70 55 1 5 0 3 79 615 1 5 1 35 75
4/4 713 1 5 0 0 68 615 0 1 0 0 75 54 1 5 1 5 88 55 1 5 0 1 74 24 0 3 0 1 94 55 2 25 1 15 72 55 2 75 2 175 68 525 1 5 1 25 71 55 1 5 0 3 78 24 1 5 1 35 66
4/4 713 1 5 0 0 67 24 0 1 0 0 66 54 1 5 1 5 88 24 1 5 0 1 80 714 0 3 0 1 86 24 2 25 1 15 73 55 2 75 2 175 79 615 1 5 1 25 81 715 1 5 0 3 80 55 1 5 1 35 68
4/4 613 1 5 0 0 71 314 1 5 1 5 91 55 1 5 0 1 68 14 0 3 0 1 94 55 2 25 1 15 77 55 2 75 2 175 75 525 1 5 1 25 75 55 1 5 0 3 81 24 1 5 1 35 65
4/4 22 1 5 0 0 73 24 0 1 0 0 65 613 1 5 1 5 75 24 1 5 0 1 77 23 0 3 0 1 80 24 2 25 1 15 75 55 2 75 2 175 88 615 1 5 1 25 80 715 1 5 0 3 78 15 1 5 1 35 78
4/4 715 0 1 0 0 72 312 0 1 0 0 74 55 1 35 1 5 65 713 1 5 1 5 83 524 1 5 0 1 94 54 0 1 1 15 83 314 0 1 1 25 73 713 1 5 1 35 70
4/4 55 0 1 0 0 99 15 0 1 0 0 99 315 0 1 0 0 99 313 1 5 0 0 68 56 0 1 3 333 99 712 0 1 3 333 83 715 0 1 0 1 75 25 0 1 0 1 75 525 0 1 0 1 75 314 1 5 0 1 84 713 1 5 1 15 69 55 0 1 0 2 66 24 0 1 0 2 66 22 1 5 0 2 67 713 1 5 1 25 79 24 0 1 0 3 66 54 0 1 0 3 66 23 0 1 0 3 76
4/4 12 1 5 0 0 67 24 0 1 0 0 66 54 0 1 0 0 66 53 1 5 1 5 80 55 0 1 0 1 80 313 0 1 0 1 97 55 2 25 1 15 77 54 1 25 1 15 85 55 2 75 2 175 76 525 1 5 1 25 68 55 1 5 0 3 78 24 1 5 1 35 67
4/4 12 1 5 0 0 67 24 0 1 0 0 67 53 1 5 1 5 80 24 0 1 0 1 75 12 0 1 0 1 80 24 2 25 1 15 74 23 1 25 1 15 81 55 2 75 2 175 89 525 1 5 1 25 75 55 1 5 0 3 79 615 1 5 1 35 81
4/4 712 1 5 0 0 62 615 0 1 0 0 81 53 1 5 1 5 88 55 0 1 0 1 72 712 0 1 0 1 80 55 2 25 1 15 69 23 1 25 1 15 81 55 2 75 2 175 78 525 1 5 1 25 73 55 1 5 0 3 76 24 1 5 1 35 63
4/4 712 1 5 0 0 67 24 0 1 0 0 63 53 1 5 1 5 83 24 0 1 0 1 77 22 0 1 0 1 84 24 2 25 1 15 75 54 1 25 1 15 89 55 2 75 2 175 89 615 1 5 1 25 82 715 1 5 0 3 77 15 1 5 1 35 81
4/4 24 0 1 0 0 81 55 0 1 0 0 81 24 0 1 0 0 81 612 1 5 0 0 68 313 1 5 1 5 78 613 1 5 0 1 79 55 0 2 1 15 57 13 1 5 1 15 79 613 1 5 0 2 71 313 1 5 1 25 69 612 0 1 0 3 70 55 1 5 1 35 81
4/4 24 0 1 0 0 93 55 0 1 0 0 93 24 0 1 0 0 93 22 1 5 0 0 79 613 1 5 1 5 79 13 1 5 0 1 81 55 0 2 1 15 63 23 0 1 1 15 84 613 1 5 1 25 71 22 0 1 0 3 68 55 1 5 1 35 79
4/4 615 1 15 0 0 77 313 1 5 0 0 78 713 1 5 1 5 84 524 1 5 0 1 92 714 0 1 1 15 72 315 0 1 1 15 72 54 0 1 1 15 72 54 0 1 1 15 84 314 1 5 1 25 71 713 1 5 0 3 71 313 1 5 1 35 67
4/4 14 0 1 0 0 81 45 0 1 0 0 81 615 0 1 0 0 81 42 0 1 0 0 79 715 0 1 1 5 82 12 0 1 1 5 80 15 0 1 0 1 79 43 0 1 0 1 90 24 0 1 1 15 73 55 0 1 1 15 73 714 0 1 1 15 73 53 1 5 1 15 68 23 1 5 0 2 83 715 0 1 1 25 79 53 0 1 1 25 85 615 1 5 0 3 68 714 0 1 0 3 90 55 1 5 1 35 70
4/4 12 1 5 0 0 68 55 0 1 0 0 70 53 1 5 1 5 82 315 0 1 0 1 87 15 0 1 0 1 87 12 0 1 0 1 83 315 0 1 1 15 76 15 0 1 1 15 76 52 0 1 1 15 72 315 0 1 2 175 74 14 0 1 2 175 74 712 1 5 0 2 65 24 0 1 1 25 72 715 0 1 1 25 72 52 0 1 1 25 79 713 1 5 0 3 80 615 0 1 1 35 72 52 0 1 1 35 74 55 2 25 2 375 71
4/4 14 0 1 0 0 85 615 0 1 0 0 85 611 0 1 0 0 68 55 0 1 1 5 69 312 0 1 1 5 81 615 1 5 2 75 85 613 1 5 0 1 84 55 2 25 2 125 71 24 0 1 1 15 86 714 0 1 1 15 86 13 1 5 1 15 81 712 1 5 0 2 64 55 0 1 1 25 66 52 0 1 1 25 82 615 0 1 0 3 82 712 0 1 0 3 76 55 1 5 1 35 70 23 1 5 1 35 84
4/4 12 1 5 0 0 64 55 0 1 0 0 70 53 1 5 1 5 82 315 0 1 0 1 85 15 0 1 0 1 85 12 0 1 0 1 87 315 0 1 1 15 77 15 0 1 1 15 77 52 0 1 1 15 69 315 0 1 2 175 73 14 0 1 2 175 73 712 1 5 0 2 67 24 0 1 1 25 66 715 0 1 1 25 66 52 0 1 1 25 82 713 1 5 0 3 82 615 0 1 1 35 70 52 0 1 1 35 73 55 2 25 2 375 70
4/4 14 0 1 0 0 83 615 0 1 0 0 83 611 0 1 0 0 69 55 0 1 1 5 76 312 0 1 1 5 80 615 1 5 2 75 75 613 1 5 0 1 80 55 2 25 2 125 74 24 0 1 1 15 84 714 0 1 1 15 84 13 1 5 1 15 79 712 1 5 0 2 69 55 0 1 1 25 68 52 0 1 1 25 79 615 0 1 0 3 87 712 0 1 0 3 81 55 1 5 1 35 74 23 1 5 1 35 85
4/4 12 1 5 0 0 66 55 0 1 0 0 74 53 1 5 1 5 81 315 0 1 0 1 84 15 0 1 0 1 84 12 0 1 0 1 82 15 0 1 1 15 78 52 0 1 1 15 71 25 2 75 2 175 79 712 1 5 0 2 66 55 0 1 1 25 65 53 1 5 1 25 82 713 1 5 0 3 81 24 0 1 1 35 62 52 0 1 1 35 70 24 2 25 2 375 78
4/4 24 0 1 0 0 78 611 0 1 0 0 67 24 0 1 1 5 76 312 0 1 1 5 79 24 1 5 2 75 80 613 1 5 0 1 83 24 2 25 2 125 77 55 0 1 1 15 84 12 0 1 1 15 79 712 1 5 0 2 66 55 0 1 1 25 69 52 0 1 1 25 83 615 0 1 0 3 80 712 0 1 0 3 80 715 0 1 1 35 86 22 0 1 1 35 80
4/4 12 1 5 0 0 63 53 1 5 1 5 82 315 0 1 0 1 72 15 0 1 0 1 72 12 0 1 0 1 87 315 0 1 1 15 76 15 0 1 1 15 76 52 0 1 1 15 75 315 0 1 2 175 75 14 0 1 2 175 75 712 1 5 0 2 68 24 0 1 1 25 77 715 0 1 1 25 77 52 0 1 1 25 85 713 1 5 0 3 78 615 0 1 1 35 70 52 0 1 1 35 73 55 2 25 2 375 72
4/4 14 0 1 0 0 78 615 0 1 0 0 78 611 0 1 0 0 70 55 0 1 1 5 75 312 0 1 1 5 76 615 1 5 2 75 79 13 1 5 0 1 85 55 2 25 2 125 72 24 0 1 1 15 82 714 0 1 1 15 82 613 1 5 1 15 72 712 1 5 0 2 66 55 0 1 1 25 63 52 0 1 1 25 86 615 0 1 0 3 79 712 0 1 0 3 80 55 0 1 1 35 74 22 0 1 1 35 79
4/4 74 0 1 0 0 68 34 0 1 0 0 68 12 1 5 0 0 67 53 1 5 1 5 78 73 1 5 0 1 76 75 1 15 1 15 84 34 1 5 1 15 87 53 1 5 0 2 66 73 1 5 1 25 79 55 1 5 0 3 67 12 0 1 0 3 67 35 1 5 1 35 65
4/4 14 0 1 0 0 79 44 0 1 0 0 79 43 1 5 0 0 77 13 1 5 1 5 81 44 1 5 0 1 85 15 1 15 1 15 89 614 1 5 1 15 91 13 1 5 0 2 66 44 1 5 1 25 87 43 0 1 0 3 66
4/4 14 0 1 0 0 68 24 0 1 0 0 68 315 0 1 0 0 68 55 0 1 0 0 68 22 0 1 0 0 83 22 0 1 0 0 83 614 0 1 0 2 71 24 0 1 0 2 71 524 0 1 0 2 71 22 0 1 0 2 77 22 0 1 0 2 77 55 2 25 0 3 80 615 2 25 2 325 87 715 2 25 1 35 83 15 2 25 2 375 80
4/4 24 0 1 0 0 84 25 0 1 0 0 84 51 0 1 0 0 62 55 0 1 1 5 63 21 0 1 1 5 82 525 1 5 2 75 71 53 1 5 0 1 85 55 2 25 2 125 78 25 0 2 1 15 88 12 1 5 1 15 72 53 1 5 0 2 79 314 1 5 1 25 96 25 2 25 1 35 77 25 2 25 2 375 72
4/4 24 0 1 0 0 78 25 0 1 0 0 78 21 0 1 0 0 71 55 0 1 1 5 60 612 0 1 1 5 83 525 1 5 2 75 71 23 1 5 0 1 80 615 2 25 2 125 85 714 0 1 1 15 77 54 0 1 1 15 77 313 0 1 1 15 69 524 1 5 1 25 98 55 2 25 0 3 76 54 0 1 0 3 80 615 2 25 2 325 77 715 1 5 1 35 77
4/4 24 0 1 0 0 83 55 0 1 0 0 83 714 0 1 0 0 83 52 1 5 0 0 71 53 1 5 1 5 84 55 0 1 0 1 65 22 0 1 0 1 84 615 2 25 2 125 76 715 0 1 1 15 83 52 0 1 1 15 70 315 0 1 0 2 85 15 0 1 0 2 85 11 0 1 0 2 70 715 0 1 1 25 75 52 0 1 1 25 85 55 2 75 2 275 66 314 1 5 0 3 100 24 0 1 1 35 68 52 0 1 1 35 73
4/4 55 0 1 0 0 84 21 0 1 0 0 66 615 0 1 1 5 81 612 0 1 1 5 83 55 0 1 0 1 80 715 0 1 0 1 80 22 0 1 0 1 78 525 0 1 1 15 70 614 0 1 1 15 70 613 1 5 1 15 74 23 1 5 0 2 81 22 1 5 1 25 69 55 0 1 0 3 69 612 0 1 0 3 75 615 2 25 2 325 78 715 0 1 1 35 78 22 0 1 1 35 80 15 2 25 2 375 82
4/4 24 0 1 0 0 81 25 0 1 0 0 81 51 0 1 0 0 64 55 0 1 1 5 65 52 0 1 1 5 84 525 1 5 2 75 68 23 1 5 0 1 85 55 2 25 2 125 79 25 0 2 1 15 89 12 0 1 1 15 69 314 1 5 1 25 94 53 1 5 0 3 73 25 0 1 1 35 77 12 0 1 1 35 76 25 2 25 2 375 75
4/4 24 0 1 0 0 79 25 0 1 0 0 79 21 0 1 0 0 67 55 0 1 1 5 65 612 0 1 1 5 80 525 1 5 2 75 71 23 1 5 0 1 80 615 2 25 2 125 85 714 0 1 1 15 70 315 0 1 1 15 70 54 0 1 1 15 70 313 1 5 1 15 66 713 1 5 0 2 81 54 1 5 1 25 90 55 2 25 0 3 79 714 0 1 0 3 87 615 2 25 2 325 82 715 1 5 1 35 87
4/4 24 0 1 0 0 77 55 0 1 0 0 77 714 0 1 0 0 77 52 1 5 0 0 67 53 1 5 1 5 85 55 0 1 0 1 67 22 0 1 0 1 84 615 2 25 2 125 83 715 0 1 1 15 79 52 0 1 1 15 69 315 0 1 0 2 78 15 0 1 0 2 78 11 0 1 0 2 68 715 0 1 1 25 74 52 0 1 1 25 80 55 2 75 2 275 67 13 1 5 0 3 77 24 0 1 1 35 68 52 0 1 1 35 71
4/4 55 0 1 0 0 88 21 0 1 0 0 75 615 0 1 1 5 79 612 0 1 1 5 81 715 0 1 0 1 78 22 0 1 0 1 80 615 0 1 1 15 74 54 1 5 1 15 89 524 1 5 0 2 71 615 0 1 1 25 76 612 0 1 1 25 65 715 1 5 0 3 80 22 0 1 0 3 69 15 1 5 1 35 83
4/4 24 0 1 0 0 82 24 0 1 0 0 82 712 0 1 0 0 77 21 0 1 0 0 77 53 1 5 1 5 78 713 1 5 0 1 81 55 1 15 1 15 59 23 1 5 1 15 81 53 1 5 0 2 70 713 1 5 1 25 78 712 0 1 0 3 68 24 0 1 1 35 67 24 0 1 1 35 67
4/4 35 0 1 0 0 80 525 0 1 0 0 80 35 0 1 0 0 80 712 0 1 0 0 82 612 0 1 0 0 82 523 1 5 1 5 73 714 0 1 0 1 68 715 0 1 0 1 68 712 0 1 0 1 89 614 0 1 1 15 70 614 0 1 1 15 70 524 1 5 1 15 87 613 1 5 0 2 68 714 0 1 1 25 82 525 0 1 1 25 82 714 0 1 1 25 82 713 1 5 1 25 78 523 0 1 0 3 74 614 0 1 1 35 74 614 0 1 1 35 74
4/4 313 0 1 0 0 73 52 0 1 0 0 73 614 0 1 0 0 74 614 0 1 0 0 74 54 0 1 1 5 76 54 0 1 1 5 76 713 1 5 1 5 81 314 1 5 0 1 85 524 0 1 1 15 72 524 0 1 1 15 72 22 1 5 1 15 72 713 1 5 0 2 82 54 0 1 1 25 77 54 0 1 1 25 77 23 1 5 1 25 77 713 1 5 0 3 73 315 0 1 1 35 96 615 0 1 1 35 96 315 0 1 1 35 96 222 1 5 1 35 71
4/4 613 1 5 0 0 81 315 0 1 0 0 96 615 0 1 0 0 96 315 0 1 0 0 96 314 1 5 1 5 91 712 1 5 0 1 66 314 1 5 1 15 95 713 1 5 0 2 70 612 1 15 1 25 68
4/4 12 0 1 0 0 85 53 0 1 0 0 85 12 0 1 0 0 85 55 1 5 0 1 70 55 2 25 1 15 78 55 2 75 2 175 80 615 1 5 1 25 83 715 1 5 0 3 84 15 1 5 1 35 79
4/4 55 0 1 0 0 81 15 0 1 0 0 81 24 0 1 0 0 81 22 0 1 0 0 81 613 0 1 0 0 81 22 0 1 0 0 81 24 1 5 1 15 54 15 1 5 0 2 89 715 1 5 1 25 74 55 1 5 0 3 66 615 1 5 1 35 81
4/4 24 0 1 0 0 71 315 0 1 0 0 71 54 0 1 0 0 71 12 1 5 0 0 68 53 1 5 1 5 82 13 1 5 0 1 82 23 1 5 1 15 75 54 1 5 0 2 86 14 1 5 1 25 88 24 1 5 0 3 63 55 1 5 1 35 85
4/4 54 0 1 0 0 74 51 0 1 0 0 69 714 0 1 0 0 74 23 0 1 0 0 74 55 3 3667 3 333 74
