1/4 54 0 1 2 75 72 614 0 1 2 75 80
1/4 24 1 5 0 0 82 54 2 25 1 5 86 524 2 25 2 75 76
1/4 524 1 5 0 0 71 24 1 5 1 5 89
1/4 24 1 5 0 0 85 54 1 5 1 5 73
1/4 524 1 5 0 0 85 54 1 5 1 5 85
1/4 24 1 5 0 0 83 54 2 25 1 5 80 524 2 25 2 75 90
1/4 524 1 5 0 0 74 24 1 5 1 5 73
1/4 24 1 5 0 0 79 54 1 5 1 5 89
1/4 524 1 5 0 0 82 54 1 5 1 5 86
1/4 24 1 5 0 0 78 54 2 25 1 5 74 524 2 25 2 75 85
1/4 524 1 5 0 0 81 24 1 5 1 5 90
1/4 24 1 5 0 0 76 54 1 5 1 5 88
1/4 524 1 5 0 0 71 54 1 5 1 5 82
1/4 24 1 5 0 0 86 54 2 25 1 5 70 524 2 25 2 75 80
1/4 524 1 5 0 0 89 24 1 5 1 5 82
1/4 24 1 5 0 0 82 54 1 5 1 5 84
1/4 524 1 5 0 0 84 54 1 5 1 5 74
1/4 24 0 1 0 0 77
1/4 54 1 5 0 0 89 54 2 25 1 5 76 54 2 25 2 75 81
1/4 54 1 5 0 0 83 524 1 5 1 5 76
1/4 54 1 5 0 0 83 23 1 5 1 5 77
1/4 24 0 1 0 0 82
1/4 23 1 5 0 0 74 23 2 25 1 5 75 54 2 25 2 75 88
1/4 54 1 5 0 0 77 524 1 5 1 5 74
1/4 54 1 5 0 0 82 614 1 5 1 5 86
1/4 24 0 1 0 0 77
1/4 54 1 5 0 0 72 54 2 25 1 5 73 54 2 25 2 75 74
1/4 54 1 5 0 0 74 524 1 5 1 5 80
1/4 54 1 5 0 0 72 23 1 5 1 5 72
1/4 24 0 1 0 0 86
1/4 23 1 5 0 0 89 23 2 25 1 5 82 54 2 25 2 75 83
1/4 54 1 5 0 0 74 614 1 5 1 5 82
1/4 714 1 5 0 0 87 54 1 5 1 5 83
1/4 24 0 1 0 0 75
1/4 54 1 5 0 0 86 54 2 25 1 5 77 54 2 25 2 75 74
1/4 54 1 5 0 0 80 524 1 5 1 5 72
1/4 54 1 5 0 0 85 23 1 5 1 5 73
1/4 24 0 1 0 0 77
1/4 23 1 5 0 0 81 23 2 25 1 5 81 54 2 25 2 75 88
1/4 54 1 5 0 0 76 614 1 5 1 5 90
1/4 714 1 5 0 0 83 14 1 5 1 5 90
1/4 714 1 5 0 0 75 54 1 5 1 5 90
1/4 54 0 1 0 0 86
1/4 54 0 1 0 0 81
1/4 54 2 75 0 0 73
1/4 15 0 1 0 0 75 615 0 1 0 0 86
1/4 715 0 1 0 0 81 55 0 1 0 0 90
1/4 25 0 1 0 0 85 715 0 1 0 0 72
1/4 55 0 1 0 0 89 24 0 1 0 0 83 314 0 1 2 75 76 54 0 1 2 75 70 24 0 1 2 75 87
1/4 314 0 1 0 0 77 54 0 1 0 0 85 24 0 1 0 0 75
1/4 54 1 5 0 0 86 54 2 25 1 5 77 54 2 25 2 75 70
1/4 54 1 5 0 0 80 524 1 5 1 5 85
1/4 54 1 5 0 0 89 23 1 5 1 5 75
1/4 24 0 1 0 0 72
1/4 23 1 5 0 0 74 23 2 25 1 5 72 54 2 25 2 75 90
1/4 54 1 5 0 0 87 524 1 5 1 5 90
1/4 54 1 5 0 0 71 614 1 5 1 5 74 23 0 1 2 75 72 54 0 1 2 75 70 24 0 1 2 75 88
1/4 23 0 1 0 0 71 54 0 1 0 0 89 24 0 1 0 0 75
1/4 54 1 5 0 0 85 54 2 25 1 5 78 54 2 25 2 75 72
1/4 54 1 5 0 0 71 524 1 5 1 5 76
1/4 54 1 5 0 0 85 23 1 5 1 5 81
1/4 24 0 1 0 0 80
1/4 23 1 5 0 0 79 23 2 25 1 5 90 54 2 25 2 75 79
1/4 54 1 5 0 0 74 614 1 5 1 5 80
1/4 714 1 5 0 0 80 14 1 5 1 5 87 13 0 1 2 75 80 54 0 1 2 75 83 24 0 1 2 75 81
1/4 13 0 1 0 0 89 54 0 1 0 0 88 24 0 1 0 0 71
1/4 13 0 1 0 0 80 54 0 1 0 0 90 24 0 1 0 0 79 54 2 25 1 5 82 54 2 25 2 75 83
1/4 54 0 1 0 0 86
1/4 54 2 25 0 0 70 54 1 5 1 5 79 23 0 1 2 75 87 54 0 1 2 75 79 24 0 1 2 75 87
1/4 23 0 1 0 0 79 54 0 1 0 0 84 24 0 1 0 0 75
1/4 23 0 1 0 0 78 54 0 1 0 0 83 24 0 1 0 0 85 54 2 25 1 5 71 54 2 25 2 75 78
1/4 54 0 1 0 0 84
1/4 54 2 25 0 0 73 54 1 5 1 5 84 713 0 1 2 75 71 314 0 1 2 75 86 614 0 1 2 75 90
1/4 713 0 1 0 0 73 314 0 1 0 0 85 614 0 1 0 0 71
1/4 713 0 1 0 0 80 314 0 1 0 0 70 614 0 1 0 0 86 54 1 5 1 5 85
1/4 54 0 1 0 0 88
1/4 54 2 75 0 0 82
1/4 524 0 1 0 0 87 614 0 1 0 0 81 54 0 1 1 5 74 714 0 1 1 5 74
1/4 614 0 1 0 0 81 14 0 1 0 0 89 54 0 1 1 5 88 714 0 1 1 5 71
1/4 54 0 1 0 0 76 714 0 1 0 0 72 54 0 1 1 5 72 714 0 1 1 5 81
1/4 524 0 1 0 0 80 614 0 1 0 0 88 314 0 1 1 5 70 54 0 1 1 5 81
1/4
1/4 14 1 5 0 0 82 14 2 25 1 5 79 714 2 25 2 75 90
1/4 714 1 5 0 0 88 714 1 5 1 5 83
1/4 714 1 5 0 0 87 54 1 5 1 5 80
1/4 614 1 5 0 0 90 54 1 5 1 5 72
1/4 614 1 5 0 0 76 54 2 25 1 5 70 714 2 25 2 75 71
1/4 714 1 5 0 0 87 54 1 5 1 5 70
1/4 614 1 5 0 0 83 54 1 5 1 5 80
1/4
1/4 14 1 5 0 0 77 14 2 25 1 5 83 24 2 25 2 75 89
1/4 24 1 5 0 0 70 54 1 5 1 5 71
1/4 54 1 5 0 0 90 23 1 5 1 5 76
1/4 314 1 5 0 0 81 23 1 5 1 5 72
1/4 23 2 25 0 0 85 23 1 5 2 25 79 54 2 25 2 75 85
1/4 54 1 5 0 0 88 54 1 5 1 5 82
1/4 614 1 5 0 0 74 714 1 5 1 5 86
1/4
1/4 14 2 25 0 0 85 14 2 25 2 25 72 14 2 25 1 5 79 14 2 25 2 75 71
1/4 14 1 5 0 0 76 714 1 5 1 5 83
1/4 714 1 5 0 0 89 54 1 5 1 5 83
1/4 614 1 5 0 0 90 54 1 5 1 5 76
1/4 614 1 5 0 0 89 54 2 25 1 5 87 714 2 25 2 75 73
1/4 714 1 5 0 0 75 54 1 5 1 5 87
1/4 614 1 5 0 0 80 54 1 5 1 5 84
1/4 34 0 1 0 0 78
1/4 34 2 25 0 0 70 74 1 5 1 5 72
1/4 74 2 75 0 0 87
1/4 54 1 5 0 0 82 34 1 5 1 5 81
1/4 44 0 1 0 0 89
1/4 13 1 5 0 0 90 13 0 1 1 5 90 44 0 1 1 5 90 614 0 1 1 5 76 14 0 1 1 5 79
1/4 13 0 1 0 0 82 44 0 1 0 0 75 614 0 1 0 0 75 14 0 1 0 0 76 13 1 5 1 5 73
1/4 13 0 1 0 0 89 44 0 1 0 0 81 614 0 1 0 0 82 13 1 5 1 5 79
1/4 23 0 1 0 0 72 524 0 1 0 0 70 614 0 1 0 0 74 23 0 1 2 25 77 524 0 1 2 25 90 614 0 1 2 25 84 23 0 1 2 75 86 524 0 1 2 75 75 614 0 1 2 75 80
1/4 23 0 1 0 0 79 524 0 1 0 0 72 614 0 1 0 0 80 23 0 1 2 25 79 524 0 1 2 25 87 614 0 1 2 25 82 23 0 1 1 5 81 524 0 1 1 5 89 614 0 1 1 5 72
1/4 23 0 1 0 0 72 524 0 1 0 0 73 614 0 1 0 0 81 23 0 1 2 25 73 524 0 1 2 25 75 614 0 1 2 25 80
1/4 54 2 25 0 0 74 614 2 25 2 25 80 714 2 25 1 5 79 14 2 25 2 75 80
1/4 24 1 5 0 0 84 54 2 25 1 5 76 524 2 25 2 75 81
1/4 524 2 25 0 0 82 54 2 25 2 25 70 24 1 5 1 5 77
1/4 24 0 1 0 0 77
1/4 24 2 25 0 0 71 24 2 25 1 5 77 24 2 25 2 75 83
1/4 24 1 5 0 0 72 54 2 25 1 5 80 524 2 25 2 75 83
1/4 524 2 25 0 0 81 614 2 25 2 25 82 54 1 5 1 5 87
1/4 54 0 1 0 0 77
1/4 54 2 25 0 0 86 614 2 25 2 25 79 714 1 5 1 5 75
1/4 714 0 1 0 0 89
1/4 54 2 25 0 0 88 614 2 25 2 25 75 714 1 5 1 5 79
1/4 14 1 5 0 0 88 714 1 5 1 5 90
1/4 54 1 5 0 0 70 23 1 5 1 5 75
1/4 54 1 5 0 0 86 614 1 5 1 5 85
1/4 714 1 5 0 0 76 614 1 5 1 5 76
1/4 614 0 1 0 0 82
1/4 54 2 25 0 0 84 614 2 25 2 25 88 714 2 25 1 5 71 14 2 25 2 75 86
1/4 24 1 5 0 0 88 54 2 25 1 5 78 524 2 25 2 75 76
1/4 524 2 25 0 0 80 54 2 25 2 25 86 24 1 5 1 5 78
1/4 24 0 1 0 0 77
1/4 24 2 25 0 0 80 24 2 25 1 5 86 24 2 25 2 75 89
1/4 24 1 5 0 0 87 54 2 25 1 5 85 524 2 25 2 75 76
1/4 524 2 25 0 0 78 614 2 25 2 25 89 54 1 5 1 5 83
1/4 54 0 1 0 0 71
1/4 54 2 25 0 0 87 614 2 25 2 25 74 714 1 5 1 5 70
1/4 714 0 1 0 0 89
1/4 54 2 25 0 0 85 614 2 25 2 25 88 714 1 5 1 5 85
1/4 14 1 5 0 0 71 714 2 25 1 5 87 614 2 25 2 75 87
1/4 614 1 5 0 0 82 23 1 5 1 5 79
1/4 54 1 5 0 0 82 614 1 5 1 5 72
1/4 714 1 5 0 0 86 614 1 5 1 5 72
1/4 614 1 5 0 0 70 614 1 5 1 5 84
1/4 714 1 5 0 0 85 14 1 5 1 5 74
1/4 54 0 1 0 0 88 714 0 1 0 0 90 24 0 1 0 0 83
1/4 54 0 1 0 0 79 714 0 1 0 0 71 24 0 1 0 0 88 54 0 1 1 5 80 714 0 1 1 5 82 24 0 1 1 5 88
1/4 54 0 1 0 0 78 714 0 1 0 0 88 24 0 1 0 0 82
1/4 54 0 1 0 0 89 714 0 1 0 0 76 24 0 1 0 0 87 54 0 1 1 5 89 714 0 1 1 5 73 24 0 1 1 5 83 524 0 1 2 75 70 714 0 1 2 75 85 35 0 1 2 75 74
1/4 524 0 1 0 0 72 714 0 1 0 0 76 35 0 1 0 0 90
1/4 714 1 5 0 0 74 614 1 5 1 5 73
1/4 614 1 5 0 0 82 714 1 5 1 5 81
1/4 714 0 1 0 0 85
1/4 614 0 1 0 0 84
1/4 54 1 5 0 0 77 524 1 5 1 5 81
1/4 524 1 5 0 0 88 54 1 5 1 5 74
1/4 524 0 1 0 0 79 614 0 1 0 0 72 315 0 1 0 0 86
1/4 524 0 1 0 0 83 614 0 1 0 0 83 315 0 1 0 0 70
1/4
1/4
1/4
1/4
1/4 54 1 5 0 0 76 54 2 25 1 5 85 54 2 25 2 75 71
1/4 54 1 5 0 0 82 614 1 5 1 5 81
1/4 714 1 5 0 0 89 14 1 5 1 5 89
1/4 24 0 1 0 0 73
1/4 24 2 25 0 0 86 23 1 5 1 5 84
1/4 14 1 5 0 0 79 714 1 5 1 5 84
1/4 54 1 5 0 0 83 614 1 5 1 5 90
1/4 314 0 1 0 0 72 54 0 1 0 0 86
1/4 314 0 1 0 0 88 54 0 1 0 0 90
1/4 314 0 1 0 0 90 54 0 1 0 0 86
1/4 314 0 1 0 0 70 54 0 1 0 0 85
1/4 24 1 5 0 0 87 54 2 25 1 5 72 524 2 25 2 75 83
1/4 524 1 5 0 0 70 24 1 5 1 5 88
1/4 24 1 5 0 0 72 54 1 5 1 5 90
1/4 524 1 5 0 0 86 54 1 5 1 5 83
1/4 14 0 1 0 0 89
1/4 14 0 1 0 0 77
1/4 14 0 1 0 0 77
1/4 14 3 667 0 0 76
1/4
1/4 12 0 1 0 0 90 53 0 1 0 0 74 13 0 1 0 0 77 12 2 25 2 75 76
1/4 12 1 5 0 0 86 12 0 1 1 5 74 53 0 1 1 5 84 13 0 1 1 5 84
1/4 12 0 1 0 0 85 53 0 1 0 0 82 13 0 1 0 0 90 12 1 5 1 5 77
1/4 12 0 1 0 0 79 53 0 1 0 0 72 13 0 1 0 0 90 12 1 5 1 5 86
1/4 12 0 1 0 0 85 53 0 1 0 0 77 13 0 1 0 0 75 12 2 25 2 75 85
1/4 12 1 5 0 0 82 12 0 1 1 5 73 53 0 1 1 5 86 13 0 1 1 5 72
1/4 12 0 1 0 0 76 53 0 1 0 0 88 13 0 1 0 0 79 12 1 5 1 5 86
1/4 12 0 1 0 0 90 53 0 1 0 0 85 13 0 1 0 0 89 12 1 5 1 5 73
1/4 712 0 1 0 0 78 53 0 1 0 0 83 713 0 1 0 0 89 712 2 25 2 75 85
1/4 712 1 5 0 0 72 712 0 1 1 5 80 53 0 1 1 5 71 713 0 1 1 5 85
1/4 712 0 1 0 0 86 53 0 1 0 0 80 713 0 1 0 0 90 712 1 5 1 5 70
1/4 712 0 1 0 0 76 53 0 1 0 0 89 713 0 1 0 0 73 712 1 5 1 5 73
1/4 712 0 1 0 0 88 53 0 1 0 0 70 713 0 1 0 0 84 712 2 25 2 75 86
1/4 712 1 5 0 0 81 712 0 1 1 5 85 53 0 1 1 5 90 713 0 1 1 5 84
1/4 712 0 1 0 0 83 53 0 1 0 0 70 713 0 1 0 0 72 712 1 5 1 5 82
1/4 712 0 1 0 0 86 53 0 1 0 0 88 713 0 1 0 0 76 712 1 5 1 5 77
1/4 13 0 1 0 0 78 53 0 1 0 0 82 12 0 1 0 0 77
1/4 12 1 5 0 0 82 12 0 1 1 5 89 53 0 1 1 5 84 13 0 1 1 5 74
1/4 12 0 1 0 0 86 53 0 1 0 0 74 13 0 1 0 0 77 12 1 5 1 5 70
1/4 12 0 1 0 0 77 53 0 1 0 0 72 13 0 1 0 0 73 12 1 5 1 5 82
1/4 12 0 1 0 0 85 53 0 1 0 0 74 13 0 1 0 0 83
1/4 12 1 5 0 0 80 12 0 1 1 5 80 53 0 1 1 5 90 13 0 1 1 5 85
1/4 12 0 1 0 0 76 53 0 1 0 0 81 13 0 1 0 0 85 12 1 5 1 5 87
1/4 12 0 1 0 0 75 53 0 1 0 0 75 13 0 1 0 0 83 12 1 5 1 5 90
1/4 712 0 1 0 0 81 53 0 1 0 0 85 713 0 1 0 0 74
1/4 712 1 5 0 0 88 712 0 1 1 5 75 53 0 1 1 5 83 713 0 1 1 5 88
1/4 712 0 1 0 0 72 53 0 1 0 0 75 713 0 1 0 0 71 712 1 5 1 5 73
1/4 712 0 1 0 0 78 53 0 1 0 0 80 713 0 1 0 0 74 712 1 5 1 5 83
1/4 712 0 1 0 0 71 53 0 1 0 0 85 713 0 1 0 0 75
1/4 712 1 5 0 0 87 712 0 1 1 5 73 53 0 1 1 5 76 713 0 1 1 5 88
1/4 712 0 1 0 0 85 53 0 1 0 0 88 713 0 1 0 0 85 712 1 5 1 5 83
1/4 712 0 1 0 0 73 53 0 1 0 0 74 713 0 1 0 0 77 712 1 5 1 5 70
1/4 12 0 1 0 0 78 53 0 1 0 0 90 13 0 1 0 0 82
1/4 12 1 5 0 0 78 12 0 1 1 5 74 53 0 1 1 5 77 13 0 1 1 5 83
1/4 12 0 1 0 0 84 53 0 1 0 0 81 13 0 1 0 0 85 12 1 5 1 5 89
1/4 12 0 1 0 0 72 53 0 1 0 0 79 13 0 1 0 0 90 12 1 5 1 5 88
1/4 12 0 1 0 0 86 53 0 1 0 0 75 13 0 1 0 0 82
1/4 12 1 5 0 0 75 12 0 1 1 5 77 53 0 1 1 5 81 13 0 1 1 5 80
1/4 12 0 1 0 0 82 53 0 1 0 0 81 13 0 1 0 0 73 12 1 5 1 5 87
1/4 12 0 1 0 0 70 53 0 1 0 0 85 13 0 1 0 0 71 12 1 5 1 5 81
1/4 313 0 1 0 0 71 713 0 1 0 0 79 314 0 1 0 0 81
1/4 313 0 1 1 5 86 713 0 1 1 5 76 314 0 1 1 5 73
1/4 313 0 1 0 0 75 713 0 1 0 0 84 314 0 1 0 0 88 313 1 5 1 5 85
1/4 313 0 1 0 0 75 713 0 1 0 0 71 314 0 1 0 0 74 313 1 5 1 5 70
1/4 313 1 5 0 0 90 713 1 5 1 5 82
1/4 314 1 5 0 0 87 313 1 5 1 5 70
1/4 22 1 5 0 0 77 713 1 5 1 5 83
1/4 23 1 5 0 0 73 22 1 5 1 5 73
1/4 11 1 5 0 0 88 52 1 5 1 5 88
1/4 12 1 5 0 0 79 12 0 1 1 5 81 53 0 1 1 5 88 13 0 1 1 5 90
1/4 12 0 1 0 0 79 53 0 1 0 0 87 13 0 1 0 0 87 12 1 5 1 5 79
1/4 13 0 1 0 0 89 53 0 1 0 0 89 12 0 1 0 0 86 12 1 5 1 5 83
1/4 12 0 1 0 0 83 53 0 1 0 0 83 13 0 1 0 0 76
1/4 12 1 5 0 0 90 13 0 1 1 5 73 53 0 1 1 5 78 12 0 1 1 5 80
1/4 13 0 1 0 0 70 53 0 1 0 0 74 12 0 1 0 0 80 12 1 5 1 5 86
1/4 12 0 1 0 0 73 53 0 1 0 0 87 13 0 1 0 0 71 12 1 5 1 5 90
1/4 711 1 5 0 0 70 52 1 5 1 5 73
1/4 22 1 5 0 0 71 712 0 1 1 5 73 53 0 1 1 5 74 713 0 1 1 5 78
1/4 712 0 1 0 0 75 53 0 1 0 0 78 713 0 1 0 0 75 712 1 5 1 5 84
1/4 713 0 1 0 0 82 53 0 1 0 0 76 712 0 1 0 0 74 712 1 5 1 5 73
1/4 712 0 1 0 0 71 53 0 1 0 0 75 713 0 1 0 0 84
1/4 712 1 5 0 0 73 712 0 1 1 5 85 53 0 1 1 5 76 713 0 1 1 5 90
1/4 712 0 1 0 0 87 53 0 1 0 0 90 713 0 1 0 0 71 712 1 5 1 5 86
1/4 712 0 1 0 0 79 53 0 1 0 0 71 713 0 1 0 0 77 712 1 5 1 5 85
1/4 11 1 5 0 0 81 52 1 5 1 5 75
1/4 12 1 5 0 0 87 12 0 1 1 5 74 53 0 1 1 5 80 13 0 1 1 5 73
1/4 12 0 1 0 0 80 53 0 1 0 0 74 13 0 1 0 0 87 12 1 5 1 5 88
1/4 13 0 1 0 0 75 53 0 1 0 0 88 12 0 1 0 0 87 12 1 5 1 5 73
1/4 21 1 5 0 0 86 612 1 5 1 5 80
1/4 22 1 5 0 0 86 22 0 1 1 5 78 613 0 1 1 5 90 23 0 1 1 5 86
1/4 22 0 1 0 0 74 613 0 1 0 0 89 23 0 1 0 0 71 22 1 5 1 5 70
1/4 23 0 1 0 0 77 613 0 1 0 0 78 22 0 1 0 0 78 22 1 5 1 5 79
1/4 312 1 5 0 0 90 712 1 5 1 5 79
1/4 313 1 5 0 0 89 313 0 1 1 5 73 713 0 1 1 5 73 314 0 1 1 5 88
1/4 313 0 1 0 0 74 713 0 1 0 0 78 314 0 1 0 0 88 313 1 5 1 5 74
1/4 314 0 1 0 0 75 713 0 1 0 0 83 313 0 1 0 0 73 313 1 5 1 5 90
1/4 22 1 5 0 0 82 523 1 5 1 5 75
1/4 613 1 5 0 0 89 23 1 5 1 5 71
1/4 22 1 5 0 0 70 612 1 5 1 5 78
1/4 522 1 5 0 0 81 21 1 5 1 5 77
1/4 12 1 5 0 0 78 53 1 5 1 5 75
1/4 13 1 5 0 0 89 12 1 5 1 5 87
1/4 712 1 5 0 0 71 53 1 5 1 5 87
1/4 713 1 5 0 0 87 53 1 5 1 5 84
1/4 612 1 5 0 0 71 313 1 5 1 5 84
1/4 613 1 5 0 0 84 612 1 5 1 5 75
1/4 52 1 5 0 0 85 22 1 5 1 5 83
1/4 53 1 5 0 0 88 22 1 5 1 5 76
1/4 12 1 5 0 0 72 53 1 5 1 5 76
1/4 13 1 5 0 0 87 12 1 5 1 5 78
1/4 712 1 5 0 0 71 53 1 5 1 5 82
1/4 713 1 5 0 0 81 53 1 5 1 5 71
1/4 612 1 5 0 0 76 313 1 5 1 5 85
1/4 613 1 5 0 0 79 612 1 5 1 5 79
1/4 52 1 5 0 0 79 22 1 5 1 5 87
1/4 53 1 5 0 0 73 22 1 5 1 5 85
1/4 12 1 5 0 0 79 53 1 5 1 5 88
1/4 13 1 5 0 0 82 12 1 5 1 5 76
1/4 712 1 5 0 0 72 53 1 5 1 5 80
1/4 713 1 5 0 0 72 53 1 5 1 5 72
1/4 612 1 5 0 0 75 313 1 5 1 5 73
1/4 613 1 5 0 0 85 612 1 5 1 5 73
1/4 52 1 5 0 0 75 22 1 5 1 5 84
1/4 53 1 5 0 0 79 22 1 5 1 5 78
1/4 32 1 5 0 0 87 72 1 5 1 5 74
1/4 33 1 5 0 0 88 33 0 1 1 5 86 73 0 1 1 5 72 34 0 1 1 5 73
1/4 33 0 1 0 0 78 73 0 1 0 0 71 34 0 1 0 0 81 33 1 5 1 5 73
1/4 34 0 1 0 0 72 73 0 1 0 0 88 33 0 1 0 0 70 33 1 5 1 5 73
1/4 42 1 5 0 0 83 12 1 5 1 5 86
1/4 43 1 5 0 0 80 42 0 1 1 5 90 12 0 1 1 5 78 43 0 1 1 5 84
1/4 42 0 1 0 0 82 12 0 1 0 0 85 43 0 1 0 0 84 42 1 5 1 5 86
1/4 42 0 1 0 0 85 12 0 1 0 0 71 43 0 1 0 0 82 42 1 5 1 5 84
1/4 23 0 1 0 0 90 613 0 1 0 0 85 22 0 1 0 0 90 23 0 1 2 25 80 613 0 1 2 25 70 22 0 1 2 25 89 23 0 1 2 75 79 613 0 1 2 75 84 22 0 1 2 75 82
1/4 23 0 1 0 0 71 613 0 1 0 0 79 22 0 1 0 0 87 23 0 1 2 25 76 613 0 1 2 25 80 22 0 1 2 25 87 23 0 1 1 5 87 613 0 1 1 5 80 22 0 1 1 5 73
1/4 23 0 1 0 0 70 613 0 1 0 0 76 22 0 1 0 0 82 23 0 1 2 25 78 613 0 1 2 25 89 22 0 1 2 25 73
1/4 23 0 1 0 0 86 613 0 1 0 0 75 22 0 1 0 0 80
1/4 11 0 1 0 0 78 52 0 1 0 0 72 12 0 1 0 0 76
1/4 11 0 1 0 0 83 52 0 1 0 0 72 12 0 1 0 0 73 13 0 1 1 5 90 53 0 1 1 5 89 12 0 1 1 5 85
1/4 13 0 1 0 0 85 53 0 1 0 0 81 12 0 1 0 0 77 12 1 5 1 5 71
1/4 13 0 1 0 0 78 53 0 1 0 0 86 12 1 5 1 5 89
1/4 21 0 1 0 0 83 612 0 1 0 0 71 22 0 1 0 0 88
1/4 21 0 1 0 0 79 612 0 1 0 0 80 22 0 1 0 0 80 314 0 1 1 5 73 713 0 1 1 5 88 313 0 1 1 5 75
1/4 314 0 1 0 0 70 713 0 1 0 0 87 313 0 1 0 0 72 313 1 5 1 5 74
1/4 314 0 1 0 0 90 713 0 1 0 0 70 313 1 5 1 5 76
1/4 711 0 1 0 0 71 522 0 1 0 0 73 712 0 1 0 0 73
1/4 711 0 1 0 0 85 522 0 1 0 0 78 712 0 1 0 0 75
1/4 13 0 1 0 0 78 53 0 1 0 0 79 12 0 1 0 0 82
1/4 13 0 1 0 0 81 53 0 1 0 0 72 12 0 1 0 0 89 13 0 1 1 5 82 53 0 1 1 5 77 12 0 1 1 5 77
1/4 21 1 5 0 0 78 612 1 5 1 5 87
1/4 22 1 5 0 0 70 22 0 1 1 5 87 613 0 1 1 5 85 23 0 1 1 5 70
1/4 22 0 1 0 0 71 613 0 1 0 0 89 23 0 1 0 0 90 22 1 5 1 5 80
1/4 23 0 1 0 0 79 613 0 1 0 0 80 22 0 1 0 0 84 22 1 5 1 5 89
1/4 11 1 5 0 0 71 52 1 5 1 5 79
1/4 12 1 5 0 0 81 12 0 1 1 5 88 53 0 1 1 5 75 13 0 1 1 5 86
1/4 12 0 1 0 0 84 53 0 1 0 0 73 13 0 1 0 0 80 12 1 5 1 5 83
1/4 13 0 1 0 0 72 53 0 1 0 0 88 12 1 5 1 5 78
1/4 21 1 5 0 0 73 612 1 5 1 5 81
1/4 22 1 5 0 0 70 313 0 1 1 5 87 713 0 1 1 5 87 314 0 1 1 5 86
1/4 313 0 1 0 0 86 713 0 1 0 0 82 314 0 1 0 0 80 313 1 5 1 5 74
1/4 314 0 1 0 0 72 713 0 1 0 0 72 313 1 5 1 5 71
1/4 711 1 5 0 0 82 522 1 5 1 5 78
1/4 712 0 1 0 0 82
1/4 13 0 1 0 0 75 53 0 1 0 0 89 12 0 1 0 0 83
1/4 13 0 1 0 0 86 53 0 1 0 0 78 12 0 1 0 0 88 11 1 5 1 5 70
1/4 21 1 5 0 0 78 612 1 5 1 5 89
1/4 22 1 5 0 0 89 22 0 1 1 5 75 613 0 1 1 5 72 23 0 1 1 5 82
1/4 22 0 1 0 0 87 613 0 1 0 0 76 23 0 1 0 0 70 22 1 5 1 5 71
1/4 23 0 1 0 0 79 613 0 1 0 0 87 22 0 1 0 0 88 22 1 5 1 5 90
1/4 51 1 5 0 0 74 21 1 5 1 5 70
1/4 52 1 5 0 0 72 52 0 1 1 5 78 22 0 1 1 5 83 53 0 1 1 5 70
1/4 52 0 1 0 0 75 22 0 1 0 0 81 53 0 1 0 0 72 52 1 5 1 5 90
1/4 22 0 1 0 0 86 53 0 1 0 0 87 52 1 5 1 5 76
1/4 711 1 5 0 0 71 712 1 5 1 5 77
1/4 523 1 5 0 0 81 712 0 1 1 5 74 523 0 1 1 5 82 713 0 1 1 5 90
1/4 712 0 1 0 0 79 523 0 1 0 0 80 713 0 1 0 0 73 712 1 5 1 5 82
1/4 713 0 1 0 0 89 523 0 1 0 0 87 712 0 1 0 0 70 712 1 5 1 5 86
1/4 314 0 1 0 0 81 713 0 1 0 0 84 313 0 1 0 0 78
1/4 313 1 5 0 0 85 22 0 1 1 5 79 613 0 1 1 5 75 23 0 1 1 5 87
1/4 22 0 1 0 0 78 613 0 1 0 0 83 23 0 1 0 0 87 22 1 5 1 5 78
1/4 223 0 1 0 0 70 613 0 1 0 0 87 222 0 1 0 0 76
1/4 221 1 5 0 0 74 222 1 5 1 5 75
1/4 613 1 5 0 0 89 222 0 1 1 5 89 613 0 1 1 5 86 223 0 1 1 5 70
1/4 222 0 1 0 0 82 613 0 1 0 0 75 223 0 1 0 0 70 222 1 5 1 5 87
1/4 223 0 1 0 0 78 613 0 1 0 0 82 222 0 1 0 0 81 222 1 5 1 5 82
1/4 11 1 5 0 0 84 12 1 5 1 5 80
1/4 53 1 5 0 0 76 12 0 1 1 5 85 53 0 1 1 5 84 13 0 1 1 5 72
1/4 12 0 1 0 0 76 53 0 1 0 0 76 13 0 1 0 0 87 12 1 5 1 5 88
1/4 13 0 1 0 0 78 53 0 1 0 0 83 12 0 1 0 0 88 12 1 5 1 5 77
1/4 23 0 1 0 0 77 613 0 1 0 0 86 22 0 1 0 0 82
1/4 23 0 1 0 0 72 613 0 1 0 0 87 22 0 1 0 0 70
1/4
1/4
1/4 12 0 1 0 0 77 53 0 1 0 0 86 13 0 1 0 0 79 12 2 25 2 75 79
1/4 12 1 5 0 0 73 13 0 1 1 5 71 53 0 1 1 5 78 12 0 1 1 5 84
1/4 13 0 1 0 0 74 53 0 1 0 0 83 12 0 1 0 0 76 12 1 5 1 5 75
1/4 12 0 1 0 0 70 53 0 1 0 0 90 13 0 1 0 0 73 12 1 5 1 5 86
1/4 13 0 1 0 0 75 53 0 1 0 0 84
1/4 13 0 1 0 0 73 53 0 1 0 0 83 13 0 1 1 5 77 53 0 1 1 5 75
1/4 13 0 1 0 0 87 53 0 1 0 0 87
1/4 13 0 1 0 0 74 53 0 1 0 0 74
