4/4 13 0 1 0 0 69 714 1 5 0 0 69 14 1 5 1 5 64 54 0 1 0 1 65 714 1 5 0 1 65 14 1 5 1 15 64 524 0 2 0 2 67 24 0 1 0 2 67 714 1 5 0 3 65 14 1 5 1 35 64
4/4 713 0 1 0 0 69 714 1 5 0 0 69 14 1 5 1 5 64 524 0 1 0 1 65 24 0 1 0 1 65 314 0 2 0 2 67 24 1 5 0 2 67 14 1 5 1 25 64 714 1 5 0 3 65 14 1 5 1 35 64
4/4 613 0 1 0 0 57 714 2 75 0 0 69 54 2 75 2 75 64 13 0 1 0 1 53 314 1 5 1 15 64 23 0 1 0 2 55 714 2 75 0 2 67 54 2 75 2 275 64 22 0 1 0 3 53 614 1 5 1 35 64
4/4 53 0 1 0 0 57 54 2 75 0 0 69 54 2 75 2 75 64 713 0 1 0 1 53 314 1 5 1 15 64 313 0 1 0 2 67 714 0 1 0 2 67
4/4 13 0 1 0 0 69 714 1 5 0 0 69 14 1 5 1 5 64 54 0 1 0 1 65 714 1 5 0 1 65 14 1 5 1 15 64 524 0 2 0 2 67 24 0 1 0 2 67 714 1 5 0 3 65 14 1 5 1 35 64
4/4 713 0 1 0 0 69 714 1 5 0 0 69 14 1 5 1 5 64 524 0 1 0 1 65 24 0 1 0 1 65 314 0 2 0 2 67 24 1 5 0 2 67 14 1 5 1 25 64 714 1 5 0 3 65 14 1 5 1 35 64
4/4 613 0 1 0 0 57 714 2 75 0 0 69 54 2 75 2 75 64 13 0 1 0 1 53 314 1 5 1 15 64 23 0 1 0 2 55 714 2 75 0 2 67 54 2 75 2 275 64 22 0 1 0 3 53 614 1 5 1 35 64
4/4 53 0 1 0 0 57 54 2 75 0 0 69 54 2 75 2 75 64 713 0 1 0 1 53 314 1 5 1 15 64 313 0 1 0 2 67 714 0 1 0 2 67
4/4 13 0 1 0 0 69 714 1 5 0 0 69 14 1 5 1 5 64 54 0 1 0 1 65 714 1 5 0 1 65 14 1 5 1 15 64 524 0 2 0 2 67 24 0 1 0 2 67 714 1 5 0 3 65 14 1 5 1 35 64
4/4 713 0 1 0 0 69 714 1 5 0 0 69 14 1 5 1 5 64 524 0 1 0 1 65 24 0 1 0 1 65 314 0 2 0 2 67 24 1 5 0 2 67 14 1 5 1 25 64 714 1 5 0 3 65 14 1 5 1 35 64
4/4 613 0 1 0 0 57 714 2 75 0 0 69 54 2 75 2 75 64 13 0 1 0 1 53 314 1 5 1 15 64 23 0 1 0 2 55 714 2 75 0 2 67 54 2 75 2 275 64 22 0 1 0 3 53 614 1 5 1 35 64
4/4 53 0 1 0 0 57 54 2 75 0 0 69 54 2 75 2 75 64 713 0 1 0 1 53 714 1 5 1 15 64 53 0 1 0 2 67 54 0 1 0 2 67
4/4 53 0 1 0 0 69 24 0 1 0 0 69 23 0 1 0 1 65 714 0 1 0 1 65 713 0 2 0 2 67 614 0 1 0 2 67 714 0 1 0 3 65
4/4 313 0 1 0 0 57 614 1 5 0 0 69 54 1 5 1 5 64 713 0 1 0 1 53 614 1 5 0 1 65 714 0 2 1 15 64 314 0 1 0 2 55 713 0 1 0 3 53 714 1 5 1 35 64
4/4 12 0 1 0 0 57 315 0 1 0 0 69 53 0 3 0 1 64 714 0 1 0 1 65 614 0 1 0 2 67 54 0 1 0 3 65
4/4 22 0 1 0 0 69 54 1 5 0 0 69 614 1 5 1 5 64 613 0 1 0 1 65 714 1 5 0 1 65 614 1 25 1 15 64 23 0 2 0 2 67
4/4 53 0 1 0 0 69 24 0 1 0 0 69 23 0 1 0 1 65 714 0 1 0 1 65 713 0 2 0 2 67 614 0 1 0 2 67 714 0 1 0 3 65
4/4 313 0 1 0 0 57 614 1 5 0 0 69 54 1 5 1 5 64 713 0 1 0 1 53 614 1 5 0 1 65 714 0 2 1 15 64 314 0 1 0 2 55 713 0 1 0 3 53 714 1 5 1 35 64
4/4 12 0 1 0 0 57 315 0 1 0 0 57 53 0 1 0 1 53 714 0 1 0 1 53 22 0 1 0 2 55 54 0 1 0 2 55 23 0 1 0 3 53 714 0 1 0 3 53
4/4 53 0 1 0 0 57 54 0 3 0 0 64 22 0 1 0 1 53 52 0 2 0 2 67 54 2 25 1 35 64 23 2 25 2 375 64
4/4 12 0 1 0 0 69 314 2 75 0 0 69 314 2 75 2 75 64 13 0 1 0 1 65 23 1 5 1 15 64 22 0 2 0 2 67 54 2 75 0 2 67 54 2 75 2 275 64 54 2 25 1 35 64 23 2 25 2 375 64
4/4 712 0 1 0 0 69 314 2 75 0 0 69 314 2 75 2 75 64 713 0 1 0 1 65 23 1 5 1 15 64 313 0 2 0 2 67 54 2 75 0 2 67 714 2 75 2 275 64 54 2 25 1 35 64 23 2 25 2 375 64
4/4 612 0 1 0 0 57 314 2 75 0 0 69 314 2 75 2 75 64 13 0 1 0 1 53 23 1 5 1 15 64 22 0 1 0 2 55 54 2 75 0 2 67 54 2 75 2 275 64 23 0 1 0 3 53 614 1 5 1 35 64
4/4 53 0 1 0 0 57 54 2 75 0 0 69 54 2 75 2 75 64 23 0 1 0 1 53 314 1 5 1 15 64 313 0 2 0 2 67 714 1 15 0 2 67 54 2 25 1 35 64 23 2 25 2 375 64
4/4 12 0 1 0 0 69 314 2 75 0 0 69 314 2 75 2 75 64 13 0 1 0 1 65 23 1 5 1 15 64 22 0 2 0 2 67 54 2 75 0 2 67 54 2 75 2 275 64 54 2 25 1 35 64 23 2 25 2 375 64
4/4 712 0 1 0 0 69 314 2 75 0 0 69 314 2 75 2 75 64 713 0 1 0 1 65 23 1 5 1 15 64 313 0 1 0 2 67 714 0 1 0 2 67
4/4
