4/4 14 1 5 0 0 72 55 1 5 1 5 85 56 1 5 0 1 64 15 0 3 0 1 86 56 2 25 1 15 74 56 2 75 2 175 75 526 1 5 1 25 72 56 1 5 0 3 80 25 1 5 1 35 67
4/4 14 1 5 0 0 66 25 0 1 0 0 67 55 1 5 1 5 85 25 1 5 0 1 76 15 0 3 0 1 93 25 2 25 1 15 79 56 2 75 2 175 78 526 1 5 1 25 70 56 1 5 0 3 79 616 1 5 1 35 75
4/4 714 1 5 0 0 68 616 0 1 0 0 75 55 1 5 1 5 88 56 1 5 0 1 74 25 0 3 0 1 94 56 2 25 1 15 72 56 2 75 2 175 68 526 1 5 1 25 71 56 1 5 0 3 78 25 1 5 1 35 66
4/4 714 1 5 0 0 67 25 0 1 0 0 66 55 1 5 1 5 88 25 1 5 0 1 80 715 0 3 0 1 86 25 2 25 1 15 73 56 2 75 2 175 79 616 1 5 1 25 81 716 1 5 0 3 80 56 1 5 1 35 68
4/4 614 1 5 0 0 71 315 1 5 1 5 91 56 1 5 0 1 68 15 0 3 0 1 94 56 2 25 1 15 77 56 2 75 2 175 75 526 1 5 1 25 75 56 1 5 0 3 81 25 1 5 1 35 65
4/4 23 1 5 0 0 73 25 0 1 0 0 65 614 1 5 1 5 75 25 1 5 0 1 77 24 0 3 0 1 80 25 2 25 1 15 75 56 2 75 2 175 88 616 1 5 1 25 80 716 1 5 0 3 78 16 1 5 1 35 78
4/4 716 0 1 0 0 72 314 0 1 0 0 74 56 1 35 1 5 65 714 1 5 1 5 83 525 1 5 0 1 94 55 0 1 1 15 83 315 0 1 1 25 73 714 1 5 1 35 70
4/4 56 0 1 0 0 99 16 0 1 0 0 99 317 0 1 0 0 99 314 1 5 0 0 68 57 0 1 3 333 99 714 0 1 3 333 83 716 0 1 0 1 75 26 0 1 0 1 75 527 0 1 0 1 75 315 1 5 0 1 84 714 1 5 1 15 69 56 0 1 0 2 66 26 0 1 0 2 66 23 1 5 0 2 67 714 1 5 1 25 79 25 0 1 0 3 66 56 0 1 0 3 66 24 0 1 0 3 76
4/4 13 1 5 0 0 67 25 0 1 0 0 66 56 0 1 0 0 66 54 1 5 1 5 80 56 0 1 0 1 80 315 0 1 0 1 97 56 2 25 1 15 77 55 1 25 1 15 85 56 2 75 2 175 76 526 1 5 1 25 68 56 1 5 0 3 78 25 1 5 1 35 67
4/4 13 1 5 0 0 67 25 0 1 0 0 67 54 1 5 1 5 80 25 0 1 0 1 75 14 0 1 0 1 80 25 2 25 1 15 74 24 1 25 1 15 81 56 2 75 2 175 89 526 1 5 1 25 75 56 1 5 0 3 79 616 1 5 1 35 81
4/4 713 1 5 0 0 62 616 0 1 0 0 81 54 1 5 1 5 88 56 0 1 0 1 72 714 0 1 0 1 80 56 2 25 1 15 69 24 1 25 1 15 81 56 2 75 2 175 78 526 1 5 1 25 73 56 1 5 0 3 76 25 1 5 1 35 63
4/4 713 1 5 0 0 67 25 0 1 0 0 63 54 1 5 1 5 83 25 0 1 0 1 77 24 0 1 0 1 84 25 2 25 1 15 75 55 1 25 1 15 89 56 2 75 2 175 89 616 1 5 1 25 82 716 1 5 0 3 77 16 1 5 1 35 81
4/4 25 0 1 0 0 81 56 0 1 0 0 81 26 0 1 0 0 81 613 1 5 0 0 68 314 1 5 1 5 78 614 1 5 0 1 79 56 0 2 1 15 57 14 1 5 1 15 79 614 1 5 0 2 71 314 1 5 1 25 69 613 0 1 0 3 70 56 1 5 1 35 81
4/4 25 0 1 0 0 93 56 0 1 0 0 93 26 0 1 0 0 93 23 1 5 0 0 79 614 1 5 1 5 79 14 1 5 0 1 81 56 0 2 1 15 63 24 0 1 1 15 84 614 1 5 1 25 71 23 0 1 0 3 68 56 1 5 1 35 79
4/4 616 1 15 0 0 77 314 1 5 0 0 78 714 1 5 1 5 84 525 1 5 0 1 92 715 0 1 1 15 72 316 0 1 1 15 72 56 0 1 1 15 72 55 0 1 1 15 84 315 1 5 1 25 71 714 1 5 0 3 71 314 1 5 1 35 67
4/4 15 0 1 0 0 81 46 0 1 0 0 81 616 0 1 0 0 81 44 0 1 0 0 79 716 0 1 1 5 82 14 0 1 1 5 80 16 0 1 0 1 79 45 0 1 0 1 90 25 0 1 1 15 73 56 0 1 1 15 73 716 0 1 1 15 73 54 1 5 1 15 68 24 1 5 0 2 83 716 0 1 1 25 79 55 0 1 1 25 85 616 1 5 0 3 68 715 0 1 0 3 90 56 1 5 1 35 70
4/4 13 1 5 0 0 68 56 0 1 0 0 70 54 1 5 1 5 82 316 0 1 0 1 87 16 0 1 0 1 87 14 0 1 0 1 83 316 0 1 1 15 76 16 0 1 1 15 76 54 0 1 1 15 72 316 0 1 2 175 74 16 0 1 2 175 74 713 1 5 0 2 65 25 0 1 1 25 72 716 0 1 1 25 72 54 0 1 1 25 79 714 1 5 0 3 80 616 0 1 1 35 72 54 0 1 1 35 74 56 2 25 2 375 71
4/4 15 0 1 0 0 85 616 0 1 0 0 85 613 0 1 0 0 68 56 0 1 1 5 69 314 0 1 1 5 81 616 1 5 2 75 85 614 1 5 0 1 84 56 2 25 2 125 71 25 0 1 1 15 86 716 0 1 1 15 86 14 1 5 1 15 81 713 1 5 0 2 64 56 0 1 1 25 66 54 0 1 1 25 82 616 0 1 0 3 82 714 0 1 0 3 76 56 1 5 1 35 70 24 1 5 1 35 84
4/4 13 1 5 0 0 64 56 0 1 0 0 70 54 1 5 1 5 82 316 0 1 0 1 85 16 0 1 0 1 85 14 0 1 0 1 87 316 0 1 1 15 77 16 0 1 1 15 77 54 0 1 1 15 69 316 0 1 2 175 73 16 0 1 2 175 73 713 1 5 0 2 67 25 0 1 1 25 66 716 0 1 1 25 66 54 0 1 1 25 82 714 1 5 0 3 82 616 0 1 1 35 70 54 0 1 1 35 73 56 2 25 2 375 70
4/4 15 0 1 0 0 83 616 0 1 0 0 83 613 0 1 0 0 69 56 0 1 1 5 76 314 0 1 1 5 80 616 1 5 2 75 75 614 1 5 0 1 80 56 2 25 2 125 74 25 0 1 1 15 84 716 0 1 1 15 84 14 1 5 1 15 79 713 1 5 0 2 69 56 0 1 1 25 68 54 0 1 1 25 79 616 0 1 0 3 87 714 0 1 0 3 81 56 1 5 1 35 74 24 1 5 1 35 85
4/4 13 1 5 0 0 66 56 0 1 0 0 74 54 1 5 1 5 81 316 0 1 0 1 84 16 0 1 0 1 84 14 0 1 0 1 82 16 0 1 1 15 78 54 0 1 1 15 71 26 2 75 2 175 79 713 1 5 0 2 66 56 0 1 1 25 65 54 1 5 1 25 82 714 1 5 0 3 81 25 0 1 1 35 62 54 0 1 1 35 70 25 2 25 2 375 78
4/4 25 0 1 0 0 78 613 0 1 0 0 67 25 0 1 1 5 76 314 0 1 1 5 79 25 1 5 2 75 80 614 1 5 0 1 83 25 2 25 2 125 77 56 0 1 1 15 84 14 0 1 1 15 79 713 1 5 0 2 66 56 0 1 1 25 69 54 0 1 1 25 83 616 0 1 0 3 80 714 0 1 0 3 80 716 0 1 1 35 86 24 0 1 1 35 80
4/4 13 1 5 0 0 63 54 1 5 1 5 82 316 0 1 0 1 72 16 0 1 0 1 72 14 0 1 0 1 87 316 0 1 1 15 76 16 0 1 1 15 76 54 0 1 1 15 75 316 0 1 2 175 75 16 0 1 2 175 75 713 1 5 0 2 68 25 0 1 1 25 77 716 0 1 1 25 77 54 0 1 1 25 85 714 1 5 0 3 78 616 0 1 1 35 70 54 0 1 1 35 73 56 2 25 2 375 72
4/4 15 0 1 0 0 78 616 0 1 0 0 78 613 0 1 0 0 70 56 0 1 1 5 75 314 0 1 1 5 76 616 1 5 2 75 79 14 1 5 0 1 85 56 2 25 2 125 72 25 0 1 1 15 82 716 0 1 1 15 82 614 1 5 1 15 72 713 1 5 0 2 66 56 0 1 1 25 63 54 0 1 1 25 86 616 0 1 0 3 79 714 0 1 0 3 80 56 0 1 1 35 74 24 0 1 1 35 79
4/4 75 0 1 0 0 68 36 0 1 0 0 68 13 1 5 0 0 67 54 1 5 1 5 78 74 1 5 0 1 76 76 1 15 1 15 84 35 1 5 1 15 87 54 1 5 0 2 66 74 1 5 1 25 79 56 1 5 0 3 67 13 0 1 0 3 67 36 1 5 1 35 65
4/4 15 0 1 0 0 79 46 0 1 0 0 79 44 1 5 0 0 77 14 1 5 1 5 81 45 1 5 0 1 85 16 1 15 1 15 89 615 1 5 1 15 91 14 1 5 0 2 66 45 1 5 1 25 87 44 0 1 0 3 66
4/4 15 0 1 0 0 68 25 0 1 0 0 68 316 0 1 0 0 68 56 0 1 0 0 68 23 0 1 0 0 83 24 0 1 0 0 83 615 0 1 0 2 71 25 0 1 0 2 71 526 0 1 0 2 71 23 0 1 0 2 77 24 0 1 0 2 77 56 2 25 0 3 80 616 2 25 2 325 87 716 2 25 1 35 83 16 2 25 2 375 80
4/4 25 0 1 0 0 84 26 0 1 0 0 84 53 0 1 0 0 62 56 0 1 1 5 63 23 0 1 1 5 82 526 1 5 2 75 71 54 1 5 0 1 85 56 2 25 2 125 78 26 0 2 1 15 88 13 1 5 1 15 72 54 1 5 0 2 79 315 1 5 1 25 96 26 2 25 1 35 77 26 2 25 2 375 72
4/4 25 0 1 0 0 78 26 0 1 0 0 78 23 0 1 0 0 71 56 0 1 1 5 60 614 0 1 1 5 83 526 1 5 2 75 71 24 1 5 0 1 80 616 2 25 2 125 85 715 0 1 1 15 77 56 0 1 1 15 77 314 0 1 1 15 69 525 1 5 1 25 98 56 2 25 0 3 76 55 0 1 0 3 80 616 2 25 2 325 77 716 1 5 1 35 77
4/4 25 0 1 0 0 83 56 0 1 0 0 83 716 0 1 0 0 83 53 1 5 0 0 71 54 1 5 1 5 84 56 0 1 0 1 65 24 0 1 0 1 84 616 2 25 2 125 76 716 0 1 1 15 83 54 0 1 1 15 70 316 0 1 0 2 85 16 0 1 0 2 85 13 0 1 0 2 70 716 0 1 1 25 75 54 0 1 1 25 85 56 2 75 2 275 66 315 1 5 0 3 100 25 0 1 1 35 68 54 0 1 1 35 73
4/4 56 0 1 0 0 84 23 0 1 0 0 66 616 0 1 1 5 81 614 0 1 1 5 83 56 0 1 0 1 80 716 0 1 0 1 80 24 0 1 0 1 78 526 0 1 1 15 70 616 0 1 1 15 70 614 1 5 1 15 74 24 1 5 0 2 81 23 1 5 1 25 69 56 0 1 0 3 69 614 0 1 0 3 75 616 2 25 2 325 78 716 0 1 1 35 78 24 0 1 1 35 80 16 2 25 2 375 82
4/4 25 0 1 0 0 81 26 0 1 0 0 81 53 0 1 0 0 64 56 0 1 1 5 65 54 0 1 1 5 84 526 1 5 2 75 68 24 1 5 0 1 85 56 2 25 2 125 79 26 0 2 1 15 89 13 0 1 1 15 69 315 1 5 1 25 94 54 1 5 0 3 73 26 0 1 1 35 77 14 0 1 1 35 76 26 2 25 2 375 75
4/4 25 0 1 0 0 79 26 0 1 0 0 79 23 0 1 0 0 67 56 0 1 1 5 65 614 0 1 1 5 80 526 1 5 2 75 71 24 1 5 0 1 80 616 2 25 2 125 85 715 0 1 1 15 70 316 0 1 1 15 70 56 0 1 1 15 70 314 1 5 1 15 66 714 1 5 0 2 81 55 1 5 1 25 90 56 2 25 0 3 79 715 0 1 0 3 87 616 2 25 2 325 82 716 1 5 1 35 87
4/4 25 0 1 0 0 77 56 0 1 0 0 77 716 0 1 0 0 77 53 1 5 0 0 67 54 1 5 1 5 85 56 0 1 0 1 67 24 0 1 0 1 84 616 2 25 2 125 83 716 0 1 1 15 79 54 0 1 1 15 69 316 0 1 0 2 78 16 0 1 0 2 78 13 0 1 0 2 68 716 0 1 1 25 74 54 0 1 1 25 80 56 2 75 2 275 67 14 1 5 0 3 77 25 0 1 1 35 68 54 0 1 1 35 71
4/4 56 0 1 0 0 88 23 0 1 0 0 75 616 0 1 1 5 79 614 0 1 1 5 81 716 0 1 0 1 78 24 0 1 0 1 80 616 0 1 1 15 74 55 1 5 1 15 89 525 1 5 0 2 71 616 0 1 1 25 76 614 0 1 1 25 65 716 1 5 0 3 80 23 0 1 0 3 69 16 1 5 1 35 83
4/4 25 0 1 0 0 82 26 0 1 0 0 82 713 0 1 0 0 77 23 0 1 0 0 77 54 1 5 1 5 78 714 1 5 0 1 81 56 1 15 1 15 59 24 1 5 1 15 81 54 1 5 0 2 70 714 1 5 1 25 78 713 0 1 0 3 68 25 0 1 1 35 67 26 0 1 1 35 67
4/4 36 0 1 0 0 80 526 0 1 0 0 80 37 0 1 0 0 80 713 0 1 0 0 82 614 0 1 0 0 82 524 1 5 1 5 73 715 0 1 0 1 68 716 0 1 0 1 68 714 0 1 0 1 89 615 0 1 1 15 70 616 0 1 1 15 70 525 1 5 1 15 87 614 1 5 0 2 68 715 0 1 1 25 82 526 0 1 1 25 82 716 0 1 1 25 82 714 1 5 1 25 78 524 0 1 0 3 74 615 0 1 1 35 74 616 0 1 1 35 74
4/4 314 0 1 0 0 73 54 0 1 0 0 73 615 0 1 0 0 74 616 0 1 0 0 74 55 0 1 1 5 76 56 0 1 1 5 76 714 1 5 1 5 81 315 1 5 0 1 85 525 0 1 1 15 72 526 0 1 1 15 72 23 1 5 1 15 72 714 1 5 0 2 82 55 0 1 1 25 77 56 0 1 1 25 77 24 1 5 1 25 77 714 1 5 0 3 73 316 0 1 1 35 96 616 0 1 1 35 96 317 0 1 1 35 96 223 1 5 1 35 71
4/4 614 1 5 0 0 81 316 0 1 0 0 96 616 0 1 0 0 96 317 0 1 0 0 96 315 1 5 1 5 91 713 1 5 0 1 66 315 1 5 1 15 95 714 1 5 0 2 70 613 1 15 1 25 68
4/4 13 0 1 0 0 85 54 0 1 0 0 85 14 0 1 0 0 85 56 1 5 0 1 70 56 2 25 1 15 78 56 2 75 2 175 80 616 1 5 1 25 83 716 1 5 0 3 84 16 1 5 1 35 79
4/4 56 0 1 0 0 81 16 0 1 0 0 81 26 0 1 0 0 81 23 0 1 0 0 81 614 0 1 0 0 81 24 0 1 0 0 81 25 1 5 1 15 54 16 1 5 0 2 89 716 1 5 1 25 74 56 1 5 0 3 66 616 1 5 1 35 81
4/4 25 0 1 0 0 71 316 0 1 0 0 71 56 0 1 0 0 71 13 1 5 0 0 68 54 1 5 1 5 82 14 1 5 0 1 82 24 1 5 1 15 75 55 1 5 0 2 86 15 1 5 1 25 88 25 1 5 0 3 63 56 1 5 1 35 85
4/4 55 0 1 0 0 74 52 0 1 0 0 69 715 0 1 0 0 74 25 0 1 0 0 74 56 3 3667 3 333 74
