4/4 56 1 5 0 0 80 56 1 5 1 5 80 56 1 5 0 1 80 56 1 5 1 15 80 56 0 1 0 2 80 56 1 5 0 3 80 56 1 5 1 35 80
4/4 56 1 5 0 0 80 46 1 5 1 5 80 46 1 5 0 1 80 316 0 1 1 15 80 25 0 1 1 25 80 25 1 5 1 35 80
4/4 56 1 5 0 0 80 56 1 5 1 5 80 56 1 5 0 1 80 56 1 5 1 15 80 56 0 1 0 2 80 56 1 5 0 3 80 56 1 5 1 35 80
4/4 56 1 5 0 0 80 46 1 5 1 5 80 46 1 5 0 1 80 316 0 1 1 15 80 25 1 15 1 25 80
4/4 55 0 1 0 0 80 15 0 1 0 0 80 316 0 1 0 2 80 15 0 1 0 2 80
4/4 45 0 1 0 0 80 25 0 1 0 0 80 46 0 1 0 2 80 25 0 1 0 2 80
4/4 56 0 1 0 0 80 25 0 1 0 0 80 716 0 1 0 2 80 56 0 1 0 2 80
4/4 16 0 1 0 0 80 56 0 1 0 0 80 25 0 1 0 0 80 716 0 1 0 1 80 56 0 1 0 1 80 25 0 1 0 1 80 16 0 1 0 2 80 56 0 1 0 2 80 25 0 1 0 2 80 26 0 1 0 3 80 56 0 1 0 3 80 25 0 1 0 3 80
4/4 316 1 5 0 0 80 16 0 1 0 0 80 55 1 5 1 5 80 15 1 5 0 1 80 15 0 1 0 1 80 55 1 5 1 15 80 56 1 5 0 2 80 56 0 1 0 2 80 55 1 5 1 25 80 15 1 5 0 3 80 15 0 1 0 3 80 55 1 5 1 35 80
4/4 316 1 5 0 0 80 316 0 1 0 0 80 55 1 5 1 5 80 15 1 5 0 1 80 15 0 1 0 1 80 55 1 5 1 15 80 56 1 5 0 2 80 56 0 1 0 2 80 55 1 5 1 25 80 15 1 5 0 3 80 15 0 1 0 3 80 55 1 5 1 35 80
4/4 316 1 5 0 0 80 316 0 1 0 0 80 55 1 5 1 5 80 15 1 5 0 1 80 15 0 1 0 1 80 55 1 5 1 15 80 56 1 5 0 2 80 56 0 1 0 2 80 55 1 5 1 25 80 15 1 5 0 3 80 15 0 1 0 3 80 55 1 5 1 35 80
4/4 316 0 1 0 0 80 15 0 1 0 0 80 46 0 1 0 1 80 56 0 1 0 2 80 316 0 1 0 2 80 15 0 1 0 2 80 16 0 1 0 3 80 316 0 1 0 3 80 15 0 1 0 3 80
4/4 316 1 5 0 0 80 316 0 1 0 0 80 55 1 5 1 5 80 15 1 5 0 1 80 15 0 1 0 1 80 55 1 5 1 15 80 56 1 5 0 2 80 56 0 1 0 2 80 55 1 5 1 25 80 15 1 5 0 3 80 15 0 1 0 3 80 55 1 5 1 35 80
4/4 316 1 5 0 0 80 316 0 1 0 0 80 55 1 5 1 5 80 15 1 5 0 1 80 15 0 1 0 1 80 55 1 5 1 15 80 65 0 1 0 2 80 46 0 1 0 2 80 715 0 1 0 3 80
4/4 315 0 1 0 0 80 615 0 1 0 0 80 15 0 1 0 0 80 715 1 5 1 5 80 15 1 5 0 1 80 525 0 1 1 15 80 615 0 1 1 15 80 25 0 1 1 15 80 15 1 5 1 25 80 25 1 5 0 3 80 55 0 1 1 35 80 715 0 1 1 35 80 316 0 1 1 35 80
4/4 55 0 1 0 0 80 715 0 1 0 0 80 316 0 1 0 0 80 25 1 5 1 5 80 316 1 5 0 1 80 45 0 1 1 15 80 615 0 1 1 15 80 46 0 1 1 15 80 45 0 1 1 25 80 615 0 1 1 25 80 15 0 1 1 25 80
4/4 14 0 1 0 0 80 315 0 1 0 0 80 55 0 1 0 0 80 15 0 1 0 0 80
4/4 55 0 1 0 0 80 15 0 1 0 0 80 46 0 1 0 0 80 55 0 1 1 15 80 15 0 1 1 15 80 316 0 1 1 15 80 55 0 1 0 3 80 25 0 1 0 3 80
4/4 315 0 1 0 0 80 55 0 1 0 0 80 15 0 1 0 0 80 316 0 1 0 0 80 45 1 5 0 3 80 315 0 1 1 35 80 15 0 1 1 35 80
4/4 315 0 1 0 0 80 15 0 1 0 0 80 315 0 1 1 5 80 15 0 1 1 5 80 315 0 1 0 1 80 15 0 1 0 1 80 315 0 1 1 15 80 15 0 1 1 15 80 315 0 1 0 2 80 15 0 1 0 2 80 315 0 1 1 25 80 15 0 1 1 25 80 315 0 1 0 3 80 15 0 1 0 3 80 315 0 1 1 35 80 15 0 1 1 35 80
4/4 56 1 5 0 0 80 56 1 5 1 5 80 56 1 5 0 1 80 56 1 5 1 15 80 56 0 1 0 2 80 56 1 5 0 3 80 56 1 5 1 35 80
4/4 56 1 5 0 0 80 46 0 1 1 5 80 316 0 1 1 15 80 25 0 1 1 25 80 25 1 5 1 35 80
4/4 316 1 5 0 0 80 316 1 5 1 5 80 316 0 1 0 1 80 316 1 5 0 2 80 316 1 5 1 25 80 46 1 5 0 3 80 316 1 5 1 35 80
4/4 316 1 5 0 0 80 316 1 5 1 5 80 46 1 5 0 1 80 316 0 1 1 15 80 25 1 15 1 25 80
4/4 15 2 175 0 0 80 16 0 1 0 2 80 316 0 1 0 2 80
4/4 716 0 1 0 0 80 25 0 1 0 0 80 16 2 175 0 2 80
4/4 16 0 1 0 0 80 46 0 1 0 0 80 716 1 5 1 25 80 616 1 5 0 3 80 56 0 1 1 35 80 25 0 1 1 35 80
4/4 56 0 1 0 0 80 25 0 1 0 0 80
4/4 14 0 1 0 0 80 55 0 1 0 0 80 14 0 1 1 5 80 55 0 1 1 5 80 14 0 1 0 1 80 55 0 1 0 1 80 14 0 1 1 15 80 55 0 1 1 15 80 14 0 1 1 25 80 55 0 1 1 25 80 14 0 1 1 35 80 55 0 1 1 35 80
4/4 24 0 1 0 0 80 55 0 1 0 0 80 24 0 1 1 5 80 45 0 1 1 5 80 714 0 1 1 15 80 315 0 1 1 15 80 714 0 1 1 25 80 24 0 1 1 25 80 714 0 1 1 35 80 24 0 1 1 35 80
4/4 14 0 1 0 0 80 315 0 1 0 0 80 14 0 1 0 1 80 315 0 1 0 1 80 14 0 1 0 2 80 315 0 1 0 2 80 14 0 1 1 25 80 315 0 1 1 25 80 14 0 1 0 3 80 45 0 1 0 3 80 14 0 1 1 35 80 315 0 1 1 35 80
4/4 614 0 1 0 0 80 315 0 1 0 0 80 614 0 1 1 5 80 24 0 1 1 5 80 614 0 1 0 1 80 24 0 1 0 1 80 614 0 1 1 15 80 24 0 1 1 15 80 614 0 1 1 25 80 14 0 1 1 25 80
4/4 55 1 5 0 0 80 14 0 1 0 0 80 14 3 1333 1 5 80 15 1 5 0 1 80 14 1 5 1 15 80 55 1 5 0 2 80 315 2 175 0 2 80 14 1 5 1 25 80 15 1 5 0 3 80 14 1 5 1 35 80
4/4 55 1 5 0 0 80 55 2 175 0 0 80 14 1 5 1 5 80 15 1 5 0 1 80 14 1 5 1 15 80 55 1 5 0 2 80 315 2 175 0 2 80 14 1 5 1 25 80 15 1 5 0 3 80 14 1 5 1 35 80
4/4 55 1 5 0 0 80 24 0 1 0 0 80 24 3 1333 1 5 80 715 1 5 0 1 80 24 1 5 1 15 80 55 1 5 0 2 80 315 2 175 0 2 80 24 1 5 1 25 80 715 1 5 0 3 80 24 1 5 1 35 80
4/4 55 1 5 0 0 80 24 0 1 0 0 80 24 3 1333 1 5 80 715 1 5 0 1 80 24 1 5 1 15 80 55 1 5 0 2 80 14 2 175 0 2 80 24 1 5 1 25 80 715 1 5 0 3 80 24 1 5 1 35 80
4/4 45 1 5 0 0 80 14 0 4 0 0 80 45 1 5 1 5 80 45 1 5 0 1 80 45 1 5 1 15 80 45 1 5 0 2 80 45 1 5 1 25 80 45 1 5 0 3 80 45 1 5 1 35 80
4/4 315 1 5 0 0 80 14 0 3 0 0 80 315 1 5 1 5 80 315 1 5 0 1 80 315 1 5 1 15 80 24 1 5 0 2 80 24 1 5 1 25 80 24 1 5 0 3 80 55 0 1 0 3 80 24 1 5 1 35 80
4/4 315 0 1 0 0 80 14 0 1 0 0 80 15 0 1 0 0 80 715 0 1 0 1 80 15 0 1 0 2 80 14 0 1 0 3 80 614 0 1 0 3 80 55 0 1 0 3 80
4/4 14 0 1 0 0 80 614 0 1 0 0 80 55 0 1 0 0 80 45 0 1 0 1 80 315 0 1 0 2 80 45 0 1 0 3 80
4/4 24 0 1 0 0 80 54 0 1 0 0 80 55 0 1 0 0 80 14 0 1 0 1 80 14 0 1 0 2 80 14 0 1 0 3 80 54 0 1 0 3 80 45 0 1 0 3 80
4/4 14 0 1 0 0 80 54 0 1 0 0 80 45 0 1 0 0 80 315 0 1 0 1 80 14 2 175 0 2 80
4/4 14 0 1 0 0 80 45 0 1 0 0 80 615 0 1 0 0 80
4/4 24 0 1 0 0 80 55 0 1 0 0 80 715 0 1 0 0 80 24 0 1 0 2 80 55 0 1 0 2 80
4/4 14 0 1 0 0 80 315 0 1 0 0 80 15 0 3 0 0 80 15 1 5 0 3 80 25 1 5 1 35 80
4/4 316 0 1 0 0 80 55 0 1 0 0 80 25 1 5 0 1 80 46 0 1 1 15 80 615 0 1 1 15 80 45 0 1 1 15 80 316 0 1 1 25 80 315 0 1 1 35 80 55 0 1 1 35 80 15 0 1 1 35 80
4/4 315 0 1 0 0 80 55 0 1 0 0 80 15 0 1 0 0 80 14 0 1 0 3 80 315 0 1 0 3 80 55 0 1 0 3 80
4/4 55 0 1 0 0 80 15 0 1 0 0 80 46 0 1 0 0 80 316 1 5 0 1 80 25 0 1 1 15 80 55 0 1 1 15 80 55 0 1 1 25 80 15 0 1 1 25 80 24 0 1 1 35 80 55 0 1 1 35 80 25 0 1 1 35 80
4/4 24 0 1 0 0 80 55 0 1 0 0 80 25 0 1 0 0 80 24 0 1 0 3 80 55 0 1 0 3 80
4/4 316 0 1 0 0 80 55 0 1 0 0 80 25 1 5 0 1 80 15 0 1 1 15 80 55 0 1 1 15 80 55 0 1 1 25 80 715 0 1 1 25 80 14 0 1 1 35 80 45 0 1 1 35 80 15 0 1 1 35 80
4/4 14 0 1 0 0 80 45 0 1 0 0 80 15 0 1 0 0 80 316 0 1 1 15 80 56 0 1 1 15 80 317 0 1 1 15 80 616 0 1 0 3 80 16 0 1 0 3 80 617 0 1 0 3 80
4/4 616 0 1 0 0 80 16 0 1 0 0 80 617 0 1 0 0 80 17 0 1 1 5 80 317 0 1 1 5 80 16 0 1 1 5 80 17 0 1 0 1 80 317 0 1 0 1 80 16 0 1 0 1 80 55 0 1 0 2 80 15 0 1 0 2 80 715 0 1 0 3 80 25 0 1 0 3 80
4/4 55 0 1 0 0 80 15 0 1 0 0 80 316 2 125 0 0 80 45 0 1 1 15 80 615 0 1 1 15 80 25 0 1 1 15 80 45 0 1 0 2 80 615 0 1 0 2 80 25 2 125 0 2 80 45 0 1 1 35 80 615 0 1 1 35 80 25 0 1 1 35 80
4/4 46 3 1333 0 0 80 25 0 1 0 0 80 55 0 1 0 0 80 46 0 1 1 15 80 25 0 1 1 15 80 55 0 1 1 15 80 316 0 1 0 2 80 65 0 1 0 2 80 25 1 5 0 3 80 315 0 1 1 35 80 55 0 1 1 35 80 15 0 1 1 35 80
4/4 315 0 1 0 0 80 55 0 1 0 0 80 15 0 1 0 0 80 46 0 1 0 1 80 47 0 1 0 1 80 56 0 1 0 2 80 57 0 1 0 2 80 55 0 1 0 3 80 315 0 1 0 3 80 14 0 1 0 3 80
4/4 55 0 1 0 0 80 15 0 1 0 0 80 46 0 1 0 0 80 316 1 5 0 1 80 25 0 1 1 15 80 55 0 1 1 15 80 55 0 1 1 25 80 15 0 1 1 25 80 24 0 1 1 35 80 55 0 1 1 35 80 25 1 5 1 35 80
4/4 24 0 1 0 0 80 55 0 1 0 0 80 25 0 1 0 0 80 25 1 15 1 5 80 56 1 5 0 1 80 25 2 125 1 15 80 16 1 5 0 2 80 25 1 5 1 25 80 55 0 1 0 3 80 24 0 1 0 3 80 55 1 5 1 35 80
4/4 316 0 1 0 0 80 65 0 1 0 0 80 25 1 5 0 1 80 15 0 1 1 15 80 65 0 1 1 15 80 65 0 1 1 25 80 715 0 1 1 25 80 315 0 1 1 35 80 615 0 1 1 35 80
4/4 315 0 1 0 0 80 615 0 1 0 0 80 14 0 1 0 3 80 45 0 1 0 3 80
4/4 24 0 1 0 0 80 715 0 1 0 0 80 315 0 1 0 3 80 15 0 1 0 3 80
4/4 45 0 1 0 0 80 15 0 1 0 0 80 14 0 1 0 3 80 55 0 1 0 3 80
4/4 315 0 1 0 0 80 15 0 1 0 0 80 55 0 1 0 3 80 25 0 1 0 3 80
4/4 55 0 1 0 0 80 15 0 1 0 0 80 316 0 1 0 0 80
4/4 55 0 1 0 0 80 15 0 1 0 0 80 316 0 1 0 0 80
4/4 55 0 1 0 0 80 15 0 1 0 0 80 316 0 1 0 0 80 14 0 1 0 3 80 55 0 1 0 3 80
4/4 55 0 1 0 0 80 15 0 1 0 0 80 715 1 5 0 1 80 65 0 1 1 15 80 15 0 1 1 15 80 45 0 1 1 25 80 25 0 1 1 25 80 15 0 1 1 35 80 25 0 1 1 35 80
4/4 315 0 1 0 0 80 15 0 1 0 0 80
4/4 55 0 1 0 0 80 15 0 1 0 0 80 46 0 1 0 0 80 55 0 1 1 15 80 15 0 1 1 15 80 316 0 1 1 15 80 55 0 1 0 3 80 25 0 1 0 3 80
4/4 315 0 1 0 0 80 55 0 1 0 0 80 15 0 1 0 0 80 316 0 1 0 0 80 45 1 5 0 3 80 315 0 1 1 35 80 15 0 1 1 35 80
4/4 315 0 1 0 0 80 15 0 1 0 0 80 315 0 1 1 5 80 15 0 1 1 5 80 315 0 1 0 1 80 15 0 1 0 1 80 315 0 1 1 15 80 15 0 1 1 15 80 315 0 1 0 2 80 15 0 1 0 2 80 315 0 1 1 25 80 15 0 1 1 25 80 315 0 1 0 3 80 15 0 1 0 3 80 315 0 1 1 35 80 15 0 1 1 35 80
4/4 56 1 5 0 0 80 56 1 5 1 5 80 56 1 5 0 1 80 56 1 5 1 15 80 56 1 5 0 2 80 56 1 5 1 25 80 56 1 5 0 3 80 56 1 5 1 35 80
4/4 56 0 1 0 0 80 46 1 5 0 1 80 316 0 1 1 15 80 25 0 1 1 25 80 25 1 5 1 35 80
4/4 316 1 5 0 0 80 316 1 5 1 5 80 316 1 5 0 1 80 316 1 5 1 15 80 316 1 5 0 2 80 316 1 5 1 25 80 46 1 5 0 3 80 316 1 5 1 35 80
4/4 316 1 5 0 0 80 316 1 5 1 5 80 46 1 5 0 1 80 316 0 1 1 15 80 25 1 15 1 25 80
4/4 15 2 175 0 0 80 16 0 1 0 2 80 316 0 1 0 2 80
4/4 716 0 1 0 0 80 25 0 1 0 0 80 16 1 15 0 2 80 16 1 5 1 35 80
4/4 16 0 1 0 0 80 46 0 1 0 0 80 616 1 5 0 3 80 56 0 1 1 35 80 25 0 1 1 35 80
4/4 56 0 1 0 0 80 25 0 1 0 0 80
4/4 56 0 1 0 0 80 55 0 1 0 0 80 56 0 1 0 1 80 55 0 1 0 1 80 56 0 1 1 15 80 55 0 1 1 15 80 56 0 1 0 2 80 55 0 1 0 2 80 56 0 1 1 25 80 55 0 1 1 25 80 56 0 1 0 3 80 55 0 1 0 3 80 56 0 1 1 35 80 55 0 1 1 35 80
4/4 56 0 1 0 0 80 55 0 1 0 0 80 46 0 1 1 5 80 45 0 1 1 5 80 46 0 1 0 1 80 45 0 1 0 1 80 316 0 1 1 15 80 315 0 1 1 15 80 25 0 1 1 25 80 24 0 1 1 25 80 25 0 1 1 35 80 24 0 1 1 35 80
4/4 316 0 1 0 0 80 315 0 1 0 0 80 316 0 1 1 5 80 315 0 1 1 5 80 316 0 1 0 1 80 315 0 1 0 1 80 316 0 1 1 15 80 315 0 1 1 15 80 316 0 1 0 2 80 315 0 1 0 2 80 316 0 1 1 25 80 315 0 1 1 25 80 46 0 1 0 3 80 45 0 1 0 3 80 316 0 1 1 35 80 315 0 1 1 35 80
4/4 316 0 1 0 0 80 315 0 1 0 0 80 25 0 1 1 5 80 24 0 1 1 5 80 25 0 1 0 1 80 24 0 1 0 1 80 25 0 1 1 15 80 24 0 1 1 15 80 14 0 1 1 25 80 15 0 1 1 25 80
4/4 14 0 1 0 0 80 15 1 15 0 0 80 55 1 5 0 0 80 14 3 1333 1 5 80 15 2 75 0 1 80 14 1 5 1 15 80 315 0 1 0 2 80 316 0 1 0 2 80 55 1 5 0 2 80 14 1 5 1 25 80 15 1 5 0 3 80 14 1 5 1 35 80
4/4 55 1 5 0 0 80 56 0 1 0 0 80 55 0 1 0 0 80 14 1 5 1 5 80 15 1 5 0 1 80 14 1 5 1 15 80 315 0 1 0 2 80 316 0 1 0 2 80 55 1 5 0 2 80 14 1 5 1 25 80 15 1 5 0 3 80 14 1 5 1 35 80
4/4 24 0 1 0 0 80 25 2 175 0 0 80 55 1 5 0 0 80 24 3 1333 1 5 80 715 1 5 0 1 80 24 1 5 1 15 80 315 0 1 0 2 80 316 0 1 0 2 80 55 1 5 0 2 80 24 1 5 1 25 80 715 1 5 0 3 80 24 1 5 1 35 80
4/4 24 0 1 0 0 80 25 2 175 0 0 80 55 1 5 0 0 80 24 3 1333 1 5 80 715 1 5 0 1 80 24 1 5 1 15 80 14 0 1 0 2 80 15 0 1 0 2 80 55 1 5 0 2 80 24 1 5 1 25 80 715 1 5 0 3 80 24 1 5 1 35 80
4/4 14 0 4 0 0 80 15 0 4 0 0 80 45 1 5 0 0 80 45 1 5 1 5 80 45 1 5 0 1 80 45 1 5 1 15 80 45 1 5 0 2 80 45 1 5 1 25 80 45 1 5 0 3 80 45 1 5 1 35 80
4/4 315 1 5 0 0 80 14 0 3 0 0 80 15 3 2667 0 0 80 315 1 5 1 5 80 315 1 5 0 1 80 315 1 5 1 15 80 24 1 5 0 2 80 24 1 5 1 25 80 55 0 1 0 3 80 24 1 5 0 3 80 24 1 5 1 35 80
4/4 15 0 1 0 0 80 315 0 1 0 0 80 14 0 1 0 0 80 715 0 1 0 1 80 15 0 1 0 2 80 55 0 1 0 3 80 14 0 1 0 3 80 614 0 1 0 3 80
4/4 55 0 1 0 0 80 14 0 1 0 0 80 614 0 1 0 0 80 45 0 1 0 1 80 315 0 1 0 2 80 45 0 1 0 3 80
4/4 55 0 1 0 0 80 24 0 1 0 0 80 54 0 1 0 0 80 14 0 1 0 1 80 14 0 1 0 2 80 45 0 1 0 3 80 14 0 1 0 3 80 54 0 1 0 3 80
4/4 45 0 1 0 0 80 14 0 1 0 0 80 54 0 1 0 0 80 315 0 1 0 1 80 14 2 175 0 2 80
4/4 14 0 1 0 0 80 45 0 1 0 0 80 615 0 1 0 0 80
4/4 24 0 1 0 0 80 55 0 1 0 0 80 715 0 1 0 0 80 24 0 1 0 2 80 55 0 1 0 2 80
4/4 14 0 1 0 0 80 315 0 1 0 0 80 15 0 3 0 0 80 55 0 1 0 3 80 15 0 1 0 3 80 25 1 5 1 35 80
4/4 316 0 1 0 0 80 55 0 1 0 0 80 25 1 5 0 1 80 46 0 1 1 15 80 615 0 1 1 15 80 45 0 1 1 15 80 316 0 1 1 25 80 315 0 1 1 35 80 55 0 1 1 35 80 15 0 1 1 35 80
4/4 315 0 1 0 0 80 55 0 1 0 0 80 15 0 1 0 0 80 14 0 1 0 3 80 315 0 1 0 3 80 55 0 1 0 3 80
4/4 55 0 1 0 0 80 15 0 1 0 0 80 46 0 1 0 0 80 316 1 5 0 1 80 25 0 1 1 15 80 55 0 1 1 15 80 55 0 1 1 25 80 15 0 1 1 25 80 24 0 1 1 35 80 55 0 1 1 35 80 25 0 1 1 35 80
4/4 24 0 1 0 0 80 55 0 1 0 0 80 25 0 1 0 0 80 24 0 1 0 3 80 55 0 1 0 3 80
4/4 316 0 1 0 0 80 55 0 1 0 0 80 25 1 5 0 1 80 15 0 1 1 15 80 55 0 1 1 15 80 55 0 1 1 25 80 715 0 1 1 25 80 14 0 1 1 35 80 45 0 1 1 35 80 15 0 1 1 35 80
4/4 14 0 1 0 0 80 45 0 1 0 0 80 15 0 1 0 0 80 316 0 1 1 15 80 56 0 1 1 15 80 317 0 1 1 15 80 616 0 1 0 3 80 16 0 1 0 3 80 617 0 1 0 3 80
4/4 616 0 1 0 0 80 16 0 1 0 0 80 617 0 1 0 0 80 17 0 1 1 5 80 317 0 1 1 5 80 16 0 1 1 5 80 17 0 1 0 1 80 317 0 1 0 1 80 16 0 1 0 1 80 55 0 1 0 2 80 15 0 1 0 2 80 715 0 1 0 3 80 25 0 1 0 3 80
4/4 55 0 1 0 0 80 15 0 1 0 0 80 316 2 125 0 0 80 45 0 1 1 15 80 615 0 1 1 15 80 25 0 1 1 15 80 45 0 1 0 2 80 615 0 1 0 2 80 25 2 125 0 2 80 45 0 1 1 35 80 615 0 1 1 35 80 25 0 1 1 35 80
4/4 46 3 1333 0 0 80 25 0 1 0 0 80 55 0 1 0 0 80 46 0 1 1 15 80 25 0 1 1 15 80 55 0 1 1 15 80 316 0 1 0 2 80 65 0 1 0 2 80 65 0 1 0 3 80 25 0 1 0 3 80 315 0 1 1 35 80 55 0 1 1 35 80 15 0 1 1 35 80
4/4 315 0 1 0 0 80 55 0 1 0 0 80 15 0 1 0 0 80 46 0 1 0 1 80 47 0 1 0 1 80 56 0 1 0 2 80 57 0 1 0 2 80 55 0 1 0 3 80 315 0 1 0 3 80 14 0 1 0 3 80
4/4 55 0 1 0 0 80 15 0 1 0 0 80 46 0 1 0 0 80 316 1 5 0 1 80 25 0 1 1 15 80 55 0 1 1 15 80 55 0 1 1 25 80 15 0 1 1 25 80 24 0 1 1 35 80 55 0 1 1 35 80 25 1 5 1 35 80
4/4 24 0 1 0 0 80 55 0 1 0 0 80 25 0 1 0 0 80 25 1 15 1 5 80 56 1 5 0 1 80 25 2 125 1 15 80 16 1 5 0 2 80 25 1 5 1 25 80 55 0 1 0 3 80 24 0 1 0 3 80 55 1 5 1 35 80
4/4 316 0 1 0 0 80 65 0 1 0 0 80 25 1 5 0 1 80 65 0 1 1 15 80 15 0 1 1 15 80 65 0 1 1 25 80 715 0 1 1 25 80 315 0 1 1 35 80 615 0 1 1 35 80
4/4 315 0 1 0 0 80 615 0 1 0 0 80 14 0 1 0 3 80 45 0 1 0 3 80
4/4 24 0 1 0 0 80 715 0 1 0 0 80 315 0 1 0 3 80 15 0 1 0 3 80
4/4 45 0 1 0 0 80 15 0 1 0 0 80 14 0 1 0 3 80 55 0 1 0 3 80
4/4 315 0 1 0 0 80 15 0 1 0 0 80 55 0 1 0 3 80 25 0 1 0 3 80 25 1 5 1 35 80
4/4 55 0 1 0 0 80 15 0 1 0 0 80 316 0 1 0 0 80
4/4 55 0 1 0 0 80 15 0 1 0 0 80 316 0 1 0 0 80
4/4 55 0 1 0 0 80 15 0 1 0 0 80 316 0 1 0 0 80 14 0 1 0 3 80 55 0 1 0 3 80
4/4 55 0 1 0 0 80 15 0 1 0 0 80 715 1 5 0 1 80 65 0 1 1 15 80 15 0 1 1 15 80 45 0 1 1 25 80 25 0 1 1 25 80 15 0 1 1 35 80 25 0 1 1 35 80
4/4 315 0 1 0 0 80 15 0 1 0 0 80 14 0 1 1 15 80 35 0 1 1 15 80 65 0 1 1 15 80 14 0 1 0 3 80 35 0 1 0 3 80 75 0 1 0 3 80
4/4 14 0 1 0 0 80 35 0 1 0 0 80 75 0 1 0 0 80 14 0 1 1 5 80 35 0 1 1 5 80 65 0 1 1 5 80 14 0 1 0 2 80 55 0 1 0 2 80 24 0 1 0 3 80 715 0 1 0 3 80
4/4 16 0 1 0 0 80 15 1 15 0 0 80 316 3 3667 0 0 80 26 0 1 1 15 80 25 2 125 1 15 80 317 0 1 0 3 80 316 0 1 0 3 80
4/4 317 0 1 0 0 80 316 0 1 0 0 80 47 0 1 1 5 80 46 0 1 1 5 80 57 0 1 0 2 80 56 0 1 0 2 80 617 0 1 0 3 80 616 0 1 0 3 80
4/4 716 1 5 0 1 80 616 1 5 1 15 80 716 1 5 0 2 80 616 1 5 1 25 80 716 1 5 0 3 80 616 1 5 1 35 80
4/4 716 1 5 0 0 80 616 1 5 1 5 80 716 1 5 0 1 80 616 1 5 1 15 80 716 1 5 0 2 80 16 1 5 1 25 80 16 0 1 0 3 80
4/4 16 1 5 0 1 80 716 1 5 1 15 80 16 1 5 0 2 80 716 1 5 1 25 80 16 1 5 0 3 80 716 1 5 1 35 80
4/4 16 1 5 0 0 80 716 1 5 1 5 80 16 1 5 0 1 80 716 1 5 1 15 80 16 1 5 0 2 80 716 1 5 1 25 80 16 1 5 0 3 80 47 1 5 1 35 80
4/4 317 0 1 0 0 80 616 0 1 0 0 80 316 0 1 0 0 80
4/4 716 0 1 0 0 80 56 0 1 0 0 80 715 0 1 0 0 80 616 1 5 1 35 80
4/4 615 0 1 0 0 80 46 0 1 0 0 80 616 0 1 0 0 80 317 0 1 0 2 80 56 0 1 0 2 80 57 1 5 1 35 80
4/4 57 0 1 0 0 80 16 0 1 0 0 80 56 0 1 0 0 80 617 1 5 1 15 80 617 2 25 0 2 80 57 2 25 2 225 80 47 2 25 1 25 80 16 2 25 2 275 80 616 2 25 0 3 80 56 2 25 2 325 80 46 2 25 1 35 80 15 2 25 2 375 80
4/4 56 0 1 0 1 80 715 0 1 0 1 80 56 0 1 1 15 80 715 0 1 1 15 80 56 0 1 0 2 80 715 0 1 0 2 80 56 0 1 1 25 80 715 0 1 1 25 80 56 0 1 0 3 80 715 0 1 0 3 80 56 0 1 1 35 80 715 0 1 1 35 80
4/4 56 0 1 0 0 80 15 0 1 0 0 80 616 1 5 1 5 80 616 0 1 0 1 80 15 0 1 0 1 80 616 0 1 1 15 80 15 0 1 1 15 80 616 0 1 0 2 80 15 0 1 0 2 80 616 0 1 1 25 80 15 0 1 1 25 80 616 0 1 0 3 80 15 0 1 0 3 80
4/4 716 0 1 0 1 80 25 0 1 0 1 80 16 0 1 0 2 80 56 0 1 0 3 80 25 0 1 0 3 80 56 1 5 1 35 80
4/4 317 0 1 0 0 80 616 0 1 0 0 80 26 1 5 1 5 80 16 1 5 0 1 80 26 0 1 1 15 80 616 0 1 1 15 80 16 1 5 1 25 80 26 1 5 0 3 80 16 1 5 1 35 80
4/4 26 0 1 0 0 80 56 0 1 0 0 80 316 0 1 0 0 80
4/4 317 0 1 0 0 80 16 0 1 0 0 80 616 0 1 0 0 80 16 0 1 0 2 80 46 0 1 0 2 80 26 0 1 0 3 80
4/4 16 0 4 0 0 80 56 0 1 0 0 80 25 0 1 0 0 80
4/4 16 3 2667 0 0 80 56 0 1 0 0 80 25 0 1 0 0 80 16 0 1 0 3 80
4/4 26 0 1 0 0 80 716 0 1 0 0 80 56 0 1 0 0 80 25 0 1 0 0 80
4/4 317 0 1 0 0 80 316 0 1 0 0 80 47 0 1 0 2 80 46 0 1 0 2 80
2/4 48 0 1 0 0 80 38 0 1 0 0 80 27 0 1 0 0 80 17 0 1 3 333 80 77 0 1 3 333 80 67 0 1 3 333 80 57 0 1 3 667 80 47 0 1 3 667 80 37 0 1 3 667 80 26 0 1 0 1 80 16 0 1 0 1 80 76 0 1 0 1 80 66 0 1 2 125 80 56 0 1 2 125 80 46 1 5 1 15 80
4/4 316 0 1 0 0 80 315 0 1 0 0 80 616 0 1 0 1 80 615 0 1 0 1 80 716 0 1 0 2 80 316 0 1 0 2 80 715 0 1 0 2 80 16 0 1 0 3 80 316 0 1 0 3 80 15 0 1 0 3 80
4/4 26 3 1333 0 0 80 56 0 1 0 0 80 25 0 1 0 0 80 57 3 1333 1 15 80 26 0 1 1 15 80 616 0 1 1 15 80 56 0 1 1 15 80 47 0 1 0 3 80 16 0 1 0 3 80 56 0 1 0 3 80
4/4 317 0 1 0 0 80 616 0 1 0 0 80 316 0 1 0 0 80 56 0 1 1 15 80 15 0 1 1 15 80 615 1 5 1 25 80 15 1 5 0 3 80 25 1 5 1 35 80
4/4 316 0 1 0 0 80 615 0 1 0 0 80 15 0 1 1 5 80 55 1 5 1 15 80 615 0 1 0 2 80 55 0 1 0 3 80 45 2 25 2 375 80
4/4 55 1 5 0 0 80 615 0 2 1 5 80 16 0 1 1 25 80 56 0 1 1 25 80 25 0 1 1 25 80 16 0 1 1 35 80 56 0 1 1 35 80 25 0 1 1 35 80
4/4 16 0 1 0 0 80 56 0 1 0 0 80 25 0 1 0 0 80 16 2 25 1 5 80 716 2 25 2 75 80 56 2 25 0 1 80 25 2 25 2 125 80 15 1 5 1 15 80 716 2 75 0 2 80 16 2 75 2 275 80 26 1 5 1 35 80
4/4 317 0 1 0 0 110 316 0 1 0 0 110 616 0 4 0 0 110 316 0 1 2 75 80 317 0 1 2 75 80 316 0 1 3 1333 80 317 0 1 3 1333 80 316 0 1 2 175 80 317 0 1 2 175 80 316 0 1 2 225 80 317 0 1 2 225 80 316 0 1 3 2667 80 317 0 1 3 2667 80 316 0 1 0 3 80 317 0 1 0 3 80
4/4 26 0 1 0 0 80 616 0 1 0 0 80 25 0 1 0 0 80 26 0 1 1 5 80 616 0 1 1 5 80 25 0 1 1 5 80 317 0 1 0 2 80 616 0 1 0 2 80 316 0 1 0 2 80 317 0 1 1 25 80 616 0 1 1 25 80 316 0 1 1 25 80
4/4 56 1 5 0 0 80 55 1 5 1 5 80 15 1 5 0 1 80 25 0 1 1 15 80 15 1 5 1 25 80 56 1 5 0 3 80 55 1 5 1 35 80
4/4 15 1 5 0 0 80 25 0 1 1 5 80 56 1 5 1 15 80 616 1 5 0 2 80 716 1 5 1 25 80 16 1 5 0 3 80 26 1 5 1 35 80
4/4 57 0 1 0 0 80 16 1 5 0 1 80 26 0 1 1 15 80 16 1 5 1 25 80 47 0 1 0 3 80
4/4 16 1 5 0 0 80 26 0 1 1 5 80 16 1 5 1 15 80 26 1 5 0 2 80 56 1 5 1 25 80 16 0 1 0 3 80
4/4 56 1 5 0 0 80 316 0 1 0 0 80 56 0 1 0 0 80 16 3 1333 0 0 80 55 1 5 1 5 80 15 1 5 0 1 80 25 0 1 1 15 80 316 0 1 1 15 80 56 0 1 1 15 80 16 3 1333 1 15 80 15 1 5 1 25 80 56 1 5 0 3 80 316 0 1 0 3 80 56 0 1 0 3 80 16 0 1 0 3 80 55 1 5 1 35 80
4/4 15 1 5 0 0 80 15 0 1 0 0 80 46 0 1 0 0 80 16 3 1333 0 0 80 25 0 1 1 5 80 55 1 5 1 15 80 15 0 1 1 15 80 46 0 1 1 15 80 16 3 1333 1 15 80 15 1 5 0 2 80 25 1 5 1 25 80 56 1 5 0 3 80 15 0 1 0 3 80 46 0 1 0 3 80 16 0 1 0 3 80 55 1 5 1 35 80
4/4 56 1 5 0 0 80 25 0 1 0 0 80 56 0 1 0 0 80 16 3 1333 0 0 80 55 1 5 1 5 80 15 1 5 0 1 80 25 0 1 1 15 80 25 0 1 1 15 80 56 0 1 1 15 80 16 3 1333 1 15 80 15 1 5 1 25 80 56 1 5 0 3 80 25 0 1 0 3 80 56 0 1 0 3 80 16 0 1 0 3 80 55 1 5 1 35 80
4/4 316 0 1 0 0 80 616 0 1 0 0 80 16 0 1 0 0 80 15 1 5 0 0 80 25 1 5 1 5 80 55 1 5 0 1 80 15 1 5 1 15 80 25 1 5 0 2 80 55 1 5 1 25 80 15 1 5 0 3 80 25 1 5 1 35 80
4/4 716 0 1 0 0 80 56 0 1 0 0 80 25 0 1 0 0 80 716 0 1 1 5 80 56 0 1 1 5 80 25 0 1 1 5 80 716 0 1 0 1 80 56 0 1 0 1 80 25 0 1 0 1 80 716 0 1 1 15 80 56 0 1 1 15 80 25 0 1 1 15 80 716 0 1 0 2 80 56 0 1 0 2 80 25 0 1 0 2 80 716 0 1 1 25 80 56 0 1 1 25 80 25 0 1 1 25 80 716 0 1 0 3 80 56 0 1 0 3 80 25 0 1 0 3 80 716 0 1 1 35 80 56 0 1 1 35 80 25 0 1 1 35 80
4/4 16 0 1 0 0 80 56 0 1 0 0 80 25 0 1 0 0 80 16 0 1 1 5 80 56 0 1 1 5 80 25 0 1 1 5 80 16 0 1 0 1 80 56 0 1 0 1 80 25 0 1 0 1 80 16 0 1 1 15 80 56 0 1 1 15 80 25 0 1 1 15 80 26 0 1 0 2 80 56 0 1 0 2 80 25 0 1 0 2 80 26 0 1 1 25 80 56 0 1 1 25 80 25 0 1 1 25 80 26 0 1 0 3 80 56 0 1 0 3 80 25 0 1 0 3 80 26 0 1 1 35 80 56 0 1 1 35 80 25 0 1 1 35 80
4/4 15 3 2667 0 0 80 56 1 5 0 3 80 56 1 5 1 35 80
4/4 56 2 275 0 0 80 15 0 1 0 3 80
4/4 25 1 25 0 0 80 316 1 5 1 25 80 25 1 5 0 3 80 15 1 5 1 35 80
4/4 15 1 35 0 0 80
4/4 15 3 2667 0 0 80 56 1 5 0 3 80 56 1 5 1 35 80
4/4 56 2 275 0 0 80 15 0 1 0 3 80
4/4 25 1 25 0 0 80 316 1 5 1 25 80 25 1 5 0 3 80 15 1 5 1 35 80
4/4 15 1 35 0 0 80
4/4 56 3 2667 0 0 80 15 2 175 0 0 80 716 1 5 0 3 80 16 1 5 1 35 80 56 1 5 1 35 80
4/4 16 2 275 0 0 80 56 3 1833 0 0 80 56 0 1 0 3 80 316 0 1 0 3 80
4/4 26 0 1 0 0 80 56 0 1 0 0 80 317 1 5 1 25 80 47 1 5 0 3 80 317 0 1 1 35 80 16 0 1 1 35 80
4/4 317 0 1 0 0 80 16 0 1 0 0 80
4/4 55 2 175 0 0 80 15 3 2667 0 0 80 56 1 5 0 3 80 56 1 5 1 35 80 15 1 5 1 35 80
4/4 56 2 275 0 0 80 15 3 1833 0 0 80 15 0 1 0 3 80
4/4 55 0 1 0 0 80 25 0 1 0 0 80 316 1 5 1 25 80 25 1 5 0 3 80 55 0 1 1 35 80 15 0 1 1 35 80
4/4 55 0 1 0 0 80 15 0 1 0 0 80 54 0 1 0 2 110 14 0 1 0 2 110 54 0 1 1 25 110 14 0 1 1 25 110
4/4 16 0 3 0 0 80 316 2 175 0 0 80 55 0 1 0 3 80
4/4 615 0 1 0 0 80 15 0 1 0 0 80 46 0 1 0 0 80 316 1 5 0 1 80 25 0 1 1 15 80 615 0 1 1 15 80 615 0 1 1 25 80 15 0 1 1 25 80 24 0 1 1 35 80 55 0 1 1 35 80 25 0 1 1 35 80
4/4 24 0 1 0 0 80 55 0 1 0 0 80 25 0 1 0 0 80 24 0 1 0 3 80 55 0 1 0 3 80
4/4 316 0 1 0 0 80 55 0 1 0 0 80 25 1 5 0 1 80 15 0 1 1 15 80 55 0 1 1 15 80 55 0 1 1 25 80 715 0 1 1 25 80 45 0 1 1 35 80 615 0 1 1 35 80
4/4 45 0 1 0 0 80 615 0 1 0 0 80
4/4 24 0 1 0 0 80 55 0 1 0 0 80 715 3 2667 0 0 80 15 1 5 0 3 80 315 0 1 1 35 80 615 0 1 1 35 80 15 0 1 1 35 80
4/4 315 0 1 0 0 80 615 0 1 0 0 80 15 0 1 0 0 80 315 0 1 0 3 80 55 0 1 0 3 80
4/4 316 3 2667 0 0 80 55 2 175 0 0 80 46 0 1 0 3 80
4/4 55 0 1 0 0 80 15 0 1 0 0 80 316 0 1 0 0 80 14 0 1 0 3 80 315 0 1 0 3 80 55 0 1 0 3 80
4/4 55 0 1 0 0 80 15 0 1 0 0 80 46 0 1 0 0 80 316 1 5 0 1 80 25 0 1 1 15 80 55 0 1 1 15 80 55 0 1 1 25 80 15 0 1 1 25 80 24 0 1 1 35 80 55 0 1 1 35 80 25 0 1 1 35 80
4/4 24 0 1 0 0 80 55 0 1 0 0 80 25 0 1 0 0 80 24 0 1 0 3 80 55 0 1 0 3 80
4/4 316 0 1 0 0 80 55 0 1 0 0 80 25 1 5 0 1 80 15 0 1 1 15 80 55 0 1 1 15 80 55 0 1 1 25 80 715 0 1 1 25 80 14 0 1 1 35 80 45 0 1 1 35 80 15 0 1 1 35 80
4/4 14 0 1 0 0 80 45 0 1 0 0 80 15 0 1 0 0 80
4/4 55 0 1 0 2 80 15 0 1 0 2 80 715 0 1 0 3 80 25 0 1 0 3 80
4/4 55 0 1 0 0 80 15 0 1 0 0 80 316 2 125 0 0 80 45 0 1 1 15 80 615 0 1 1 15 80 25 0 1 1 15 80 45 0 1 0 2 80 615 0 1 0 2 80 25 2 125 0 2 80 45 0 1 1 35 80 615 0 1 1 35 80 25 0 1 1 35 80
4/4 46 0 1 0 0 80 25 0 1 0 0 80 55 0 1 0 0 80 46 0 1 0 1 80 25 0 1 0 1 80 55 0 1 0 1 80 46 1 5 1 15 80 316 0 1 0 2 80 65 0 1 0 2 80 65 0 1 0 3 80 25 0 1 0 3 80 315 0 1 1 35 80 55 0 1 1 35 80 15 0 1 1 35 80
4/4 315 0 1 0 0 80 55 0 1 0 0 80 15 0 1 0 0 80 315 0 1 0 3 80 55 0 1 0 3 80
4/4 55 0 1 0 0 80 15 0 1 0 0 80 46 0 1 0 0 80 316 1 5 0 1 80 25 0 1 1 15 80 55 0 1 1 15 80 15 0 1 1 25 80 55 0 1 1 35 80 715 0 1 1 35 80 25 0 1 1 35 80
4/4 55 0 1 0 0 80 715 0 1 0 0 80 25 0 1 0 0 80 55 0 1 0 3 80
4/4 316 0 1 0 0 80 55 0 1 0 0 80 25 1 5 0 1 80 15 0 1 1 15 80 55 0 1 1 15 80 715 0 1 1 25 80 615 0 1 1 35 80 15 0 1 1 35 80
4/4 615 0 1 0 0 80 15 0 1 0 0 80 55 0 1 0 3 80
4/4 316 0 1 0 0 80 15 0 1 0 0 80 25 1 5 0 1 80 316 0 1 1 15 80 15 0 1 1 15 80 46 0 1 1 25 80 316 1 5 1 35 80 55 1 5 1 35 80
4/4 316 2 275 0 0 80 55 3 1833 0 0 80 55 0 1 0 3 80
4/4 316 0 1 0 0 80 55 0 1 0 0 80 25 1 5 0 1 80 316 0 1 1 15 80 55 0 1 1 15 80 46 0 1 1 25 80 316 0 1 1 35 80 55 0 1 1 35 80
4/4 316 0 1 0 0 80 55 0 1 0 0 80 55 0 1 0 3 80
4/4 316 0 1 0 0 80 55 0 1 0 0 80 25 1 5 0 1 80 15 0 1 1 15 80 45 0 1 1 15 80 715 0 1 1 25 80 315 0 1 1 35 80 15 0 1 1 35 80
4/4 315 0 1 0 0 80 15 0 1 0 0 80 55 0 1 0 3 80
4/4 316 0 1 0 0 80 55 0 1 0 0 80 25 1 5 0 1 80 316 0 1 1 15 80 55 0 1 1 15 80 46 0 1 1 25 80 316 0 1 1 35 80 55 0 1 1 35 80
4/4 316 0 1 0 0 80 55 0 1 0 0 80 55 0 1 0 3 80
4/4 45 0 1 0 0 80 15 0 1 0 0 80 715 1 5 0 1 80 45 0 1 1 15 80 15 0 1 1 15 80 45 0 1 1 25 80 25 0 1 1 25 80 25 1 5 1 35 80
4/4 55 0 1 0 0 80 715 0 1 0 0 80 316 0 1 0 0 80 55 0 1 0 2 80 715 0 1 0 2 80 25 0 1 0 2 80
4/4 55 0 1 0 0 80 715 0 1 0 0 80 46 0 1 0 0 80 55 0 1 0 2 80 715 0 1 0 2 80 316 0 1 0 2 80
4/4 14 0 1 0 3 80 315 0 1 0 3 80 55 0 1 0 3 80
4/4 55 0 1 0 0 80 15 0 1 0 0 80 46 0 1 0 0 80 316 1 5 0 1 80 25 0 1 1 15 80 55 0 1 1 15 80 55 0 1 1 25 80 15 0 1 1 25 80 24 0 1 1 35 80 55 0 1 1 35 80 25 1 5 1 35 80
4/4 24 0 1 0 0 80 55 0 1 0 0 80 25 0 1 0 0 80 25 1 15 1 5 80 56 1 5 0 1 80 25 2 125 1 15 80 16 1 5 0 2 80 25 1 5 1 25 80 55 0 1 0 3 80 24 0 1 0 3 80 55 1 5 1 35 80
4/4 316 0 1 0 0 80 65 0 1 0 0 80 25 1 5 0 1 80 65 0 1 1 15 80 15 0 1 1 15 80 65 0 1 1 25 80 715 0 1 1 25 80 315 0 1 1 35 80 615 0 1 1 35 80
4/4 315 0 1 0 0 80 615 0 1 0 0 80
4/4 24 0 1 0 0 80 715 0 1 0 0 80 15 1 5 0 3 80 45 0 1 1 35 80 15 0 1 1 35 80
4/4 45 0 1 0 0 80 15 0 1 0 0 80 14 0 1 0 3 80 55 0 1 0 3 80
4/4 315 0 1 0 0 80 15 0 1 0 0 80 25 1 5 0 3 80 316 0 1 1 35 80 15 0 1 1 35 80 55 0 1 1 35 80
4/4 316 0 1 0 0 80 15 0 1 0 0 80 55 0 1 0 0 80
4/4 316 0 1 0 0 80 15 0 1 0 0 80 55 0 1 0 0 80
4/4 316 0 1 0 0 80 15 0 1 0 0 80 55 0 1 0 0 80 14 0 1 0 3 80 55 0 1 0 3 80
4/4 316 0 1 0 0 80 55 0 1 0 0 80 46 1 5 0 1 80 55 0 1 1 15 80 316 0 1 1 15 80 25 0 1 1 25 80 55 0 1 1 25 80 15 0 1 1 35 80 55 0 1 1 35 80 315 0 1 1 35 80 14 0 1 1 35 80
4/4 15 0 1 0 0 80 55 0 1 0 0 80 315 0 1 0 0 80 14 0 1 0 0 80
4/4 55 0 1 0 0 80 15 0 1 0 0 80 46 0 1 0 0 80 55 0 1 1 15 80 15 0 1 1 15 80 316 2 125 1 15 80 45 0 1 0 3 80 25 0 1 0 3 80
4/4 315 0 1 0 0 80 55 0 1 0 0 80 15 0 1 0 0 80 316 0 1 0 0 80
4/4 56 0 1 0 0 80 16 0 1 0 0 80 47 0 1 0 0 80 56 0 1 1 15 80 16 0 1 1 15 80 317 0 1 1 15 80 27 0 1 0 3 80 57 0 1 0 3 80
4/4 318 0 1 0 0 80 17 0 1 0 0 80 57 0 1 0 0 80 317 0 1 0 0 80
4/4 66 0 1 0 0 80 16 0 1 0 0 80 47 0 1 0 0 80 66 0 1 1 15 80 16 0 1 1 15 80 317 0 1 1 15 80 66 0 1 0 3 80 26 0 1 0 3 80
4/4 614 1 5 0 1 80 614 1 5 1 15 80 614 1 5 0 2 80 614 1 5 1 25 80 614 1 5 0 3 80 614 1 5 1 35 80
4/4 715 0 1 0 0 80 24 0 1 0 0 80 714 0 1 0 0 80 715 0 1 1 5 80 24 0 1 1 5 80 714 0 1 1 5 80 715 0 1 0 1 80 24 0 1 0 1 80 714 0 1 0 1 80 715 0 1 1 15 80 24 0 1 1 15 80 714 0 1 1 15 80 715 0 1 0 2 80 24 0 1 0 2 80 714 0 1 0 2 80 715 0 1 1 25 80 24 0 1 1 25 80 714 0 1 1 25 80 715 0 1 0 3 80 24 0 1 0 3 80 714 0 1 0 3 80 715 0 1 1 35 80 24 0 1 1 35 80 714 0 1 1 35 80
2/4
4/4 14 0 1 0 0 110 315 0 1 0 0 110 55 0 1 0 0 110 15 0 1 0 0 110
4/4 14 0 1 0 0 110 315 0 1 0 0 110 55 0 1 0 0 110 15 0 1 0 0 110
4/4 14 0 1 0 0 110 315 0 1 0 0 110 55 0 1 0 0 110 15 0 1 0 0 110
4/4 14 0 1 0 0 110 315 0 1 0 0 110 55 0 1 0 0 110 15 0 1 0 0 110
4/4 14 0 1 0 0 110 315 0 1 0 0 110 55 0 1 0 0 110 15 0 1 0 0 110 18 0 1 0 2 80 78 0 1 0 2 80 68 0 1 0 2 80 58 0 1 3 2333 80 48 0 1 3 2333 80 38 0 1 3 2333 80 27 0 1 3 2667 80 17 0 1 3 2667 80 77 0 1 3 2667 80 67 0 1 0 3 80 57 0 1 0 3 80 47 0 1 0 3 80 37 0 1 2 325 80 26 0 1 2 325 80 15 2 25 1 35 110
4/4 619 3 3667 0 0 80
4/4 57 1 5 0 0 80 16 1 5 1 5 80 17 1 5 0 1 80 16 1 5 1 15 80 27 1 5 0 2 80 16 1 5 1 25 80 57 1 5 0 3 80 16 1 5 1 35 80
4/4 17 1 5 0 0 80 16 1 5 1 5 80 27 1 5 0 1 80 16 1 5 1 15 80 57 1 5 0 2 80 16 1 5 1 25 80 17 1 5 0 3 80 16 1 5 1 35 80
4/4 57 1 5 0 0 80 16 1 5 1 5 80 17 1 5 0 1 80 16 1 5 1 15 80 27 1 5 0 2 80 16 1 5 1 25 80 57 1 5 0 3 80 16 1 5 1 35 80
4/4 17 1 5 0 0 80 16 1 5 1 5 80 27 1 5 0 1 80 16 1 5 1 15 80 57 1 5 0 2 80 16 1 5 1 25 80 17 1 5 0 3 80 16 1 5 1 35 80
4/4 57 1 5 0 0 80 16 1 5 1 5 80 17 1 5 0 1 80 16 1 5 1 15 80 27 1 5 0 2 80 16 1 5 1 25 80 57 1 5 0 3 80 16 1 5 1 35 80
4/4 17 1 5 0 0 80 16 1 5 1 5 80 27 1 5 0 1 80 16 1 5 1 15 80 57 1 5 0 2 80 16 1 5 1 25 80 17 1 5 0 3 80 16 1 5 1 35 80
4/4 53 0 1 0 0 80 23 0 1 0 0 80 54 0 1 0 0 80 53 0 1 1 5 80 23 0 1 1 5 80 54 0 1 1 5 80 53 0 1 0 1 80 23 0 1 0 1 80 54 0 1 0 1 80 53 0 1 1 15 80 23 0 1 1 15 80 54 0 1 1 15 80 53 0 1 0 2 80 23 0 1 0 2 80 54 0 1 0 2 80 53 0 1 1 25 80 23 0 1 1 25 80 54 0 1 1 25 80 53 0 1 0 3 80 23 0 1 0 3 80 54 0 1 0 3 80 53 0 1 1 35 80 23 0 1 1 35 80 54 0 1 1 35 80
4/4 53 0 1 0 0 80 23 0 1 0 0 80 54 0 1 0 0 80 53 0 1 1 5 80 23 0 1 1 5 80 54 0 1 1 5 80 53 0 1 0 1 80 23 0 1 0 1 80 54 0 1 0 1 80 53 0 1 1 15 80 23 0 1 1 15 80 54 0 1 1 15 80 53 0 1 0 2 80 23 0 1 0 2 80 54 0 1 0 2 80 53 0 1 1 25 80 23 0 1 1 25 80 54 0 1 1 25 80 53 0 1 0 3 80 23 0 1 0 3 80 54 0 1 0 3 80 53 0 1 1 35 80 23 0 1 1 35 80 54 0 1 1 35 80
4/4 42 0 1 0 0 80 43 0 1 0 0 80 12 1 5 1 5 80 43 1 5 0 1 80 13 1 5 1 15 80 43 0 1 0 2 80 44 0 1 0 2 80 13 1 5 1 25 80 43 0 1 0 3 80 44 0 1 0 3 80 13 1 5 1 35 80
4/4 54 0 1 0 0 80 53 0 1 0 0 80 23 1 5 1 5 80 54 0 1 0 1 80 53 0 1 0 1 80 23 1 5 1 15 80 54 0 1 0 2 80 53 0 1 0 2 80 23 1 5 1 25 80 713 0 1 0 3 80 712 0 1 0 3 80 53 0 1 1 35 80 52 0 1 1 35 80
4/4 612 0 1 0 0 80 613 0 1 0 0 80 313 1 5 1 5 80 613 1 5 0 1 80 314 1 5 1 15 80 614 0 1 0 2 80 613 0 1 0 2 80 314 1 5 1 25 80 614 0 1 0 3 80 613 0 1 0 3 80 314 1 5 1 35 80
4/4 313 0 1 0 0 80 314 0 1 0 0 80 13 1 5 1 5 80 314 1 5 0 1 80 54 1 5 1 15 80 315 0 1 0 2 80 314 0 1 0 2 80 14 1 5 1 25 80 54 1 5 0 3 80 314 1 5 1 35 80
4/4 42 0 1 0 0 80 43 0 1 0 0 80 12 1 5 1 5 80 43 1 5 0 1 80 13 1 5 1 15 80 43 0 1 0 2 80 44 0 1 0 2 80 13 1 5 1 25 80 43 0 1 0 3 80 44 0 1 0 3 80 13 1 5 1 35 80
4/4 54 0 1 0 0 80 53 0 1 0 0 80 23 1 5 1 5 80 54 0 1 0 1 80 53 0 1 0 1 80 23 1 5 1 15 80 64 0 1 0 2 80 63 0 1 0 2 80 62 0 1 0 3 80 63 0 1 0 3 80
4/4 613 0 1 0 0 80 314 0 1 0 0 80 614 0 1 0 0 80 22 0 1 1 15 80 613 0 1 1 15 80 23 0 1 1 15 80 53 0 1 1 35 80 23 0 1 1 35 80 54 0 1 1 35 80
4/4 53 0 1 0 0 80 23 0 1 0 0 80 54 0 1 0 0 80 43 0 1 1 15 80 13 0 1 1 15 80 44 0 1 1 15 80 43 0 1 1 25 80 13 0 1 1 25 80 44 0 1 1 25 80
4/4 12 1 5 0 0 80 13 1 5 1 5 80 12 1 5 0 1 80 13 1 5 1 15 80 12 1 5 0 2 80 13 1 5 1 25 80 12 1 5 0 3 80 13 1 5 1 35 80
4/4 12 1 5 0 0 80 13 1 5 1 5 80 12 1 5 0 1 80 13 1 5 1 15 80 12 1 5 0 2 80 13 1 5 1 25 80 12 1 5 0 3 80 13 1 5 1 35 80
4/4 12 1 5 0 0 80 13 1 5 1 5 80 12 1 5 0 1 80 13 1 5 1 15 80 12 1 5 0 2 80 13 1 5 1 25 80 12 1 5 0 3 80 13 1 5 1 35 80
4/4 12 1 5 0 0 80 13 1 5 1 5 80 12 1 5 0 1 80 13 1 5 1 15 80 14 0 1 0 2 80 54 0 1 0 2 80 13 0 1 0 2 80 14 0 1 1 25 80 54 0 1 1 25 80 13 0 1 1 25 80 14 0 1 0 3 80 54 0 1 0 3 80 13 0 1 0 3 80 14 0 1 1 35 80 54 0 1 1 35 80 13 0 1 1 35 80
4/4 14 1 5 0 0 80 14 2 175 0 0 80 55 1 5 1 5 80 15 1 5 0 1 80 55 1 5 1 15 80 14 1 5 0 2 80 14 2 175 0 2 80 55 1 5 1 25 80 15 1 5 0 3 80 55 1 5 1 35 80
4/4 54 1 5 0 0 80 54 2 175 0 0 80 24 1 5 1 5 80 55 1 5 0 1 80 24 1 5 1 15 80 54 1 5 0 2 80 54 2 175 0 2 80 24 1 5 1 25 80 55 1 5 0 3 80 24 1 5 1 35 80
4/4 44 1 5 0 0 80 44 2 175 0 0 80 14 1 5 1 5 80 45 1 5 0 1 80 14 1 5 1 15 80 44 1 5 0 2 80 44 2 175 0 2 80 14 1 5 1 25 80 45 1 5 0 3 80 14 1 5 1 35 80
4/4 14 1 5 0 0 80 14 2 175 0 0 80 55 1 5 1 5 80 15 1 5 0 1 80 55 1 5 1 15 80 714 1 5 0 2 80 714 2 175 0 2 80 55 1 5 1 25 80 715 1 5 0 3 80 55 1 5 1 35 80
4/4 614 1 5 0 0 80 315 1 5 1 5 80 15 1 5 0 1 80 315 1 5 1 15 80 615 1 5 0 2 80 315 1 5 1 25 80 15 1 5 0 3 80 315 1 5 1 35 80
4/4 24 1 5 0 0 80 615 1 5 1 5 80 526 1 5 0 1 80 615 1 5 1 15 80 25 1 5 0 2 80 615 1 5 1 25 80 526 1 5 0 3 80 615 1 5 1 35 80
4/4 44 1 5 0 0 80 14 1 5 1 5 80 615 1 5 0 1 80 14 1 5 1 15 80 45 1 5 0 2 80 14 1 5 1 25 80 615 1 5 0 3 80 14 1 5 1 35 80
4/4 54 1 5 0 0 80 24 1 5 1 5 80 715 1 5 0 1 80 24 1 5 1 15 80 55 1 5 0 2 80 24 1 5 1 25 80 715 1 5 0 3 80 24 1 5 1 35 80
4/4 12 0 1 0 0 80 13 0 1 0 0 80 12 0 1 1 5 80 13 0 1 1 5 80 12 0 1 0 1 80 13 0 1 0 1 80 12 0 1 1 15 80 13 0 1 1 15 80 12 0 1 0 2 80 13 0 1 0 2 80 12 0 1 1 25 80 13 0 1 1 25 80 12 0 1 0 3 80 13 0 1 0 3 80 12 0 1 1 35 80 13 0 1 1 35 80
4/4 54 0 1 0 0 80 53 0 1 0 0 80 54 0 1 1 5 80 53 0 1 1 5 80 54 0 1 0 1 80 53 0 1 0 1 80 54 0 1 1 15 80 53 0 1 1 15 80 64 0 1 0 2 80 63 0 1 0 2 80 64 0 1 1 25 80 63 0 1 1 25 80 64 0 1 0 3 80 63 0 1 0 3 80 64 0 1 1 35 80 63 0 1 1 35 80
4/4 613 0 1 0 0 80 614 0 1 0 0 80 613 0 1 1 5 80 614 0 1 1 5 80 613 0 1 0 1 80 614 0 1 0 1 80 613 0 1 1 15 80 614 0 1 1 15 80 54 0 1 0 2 80 53 0 1 0 2 80 54 0 1 1 25 80 53 0 1 1 25 80 54 0 1 0 3 80 53 0 1 0 3 80 54 0 1 1 35 80 53 0 1 1 35 80
4/4 523 0 1 0 0 80 524 0 1 0 0 80 523 0 1 1 5 80 524 0 1 1 5 80 523 0 1 0 1 80 524 0 1 0 1 80 523 0 1 1 15 80 524 0 1 1 15 80 523 0 1 0 2 80 524 0 1 0 2 80 523 0 1 1 25 80 524 0 1 1 25 80 523 0 1 0 3 80 524 0 1 0 3 80 523 0 1 1 35 80 524 0 1 1 35 80
4/4 43 1 5 0 0 80 44 1 5 1 5 80 43 1 5 0 1 80 44 1 5 1 15 80 43 1 5 0 2 80 44 1 5 1 25 80 43 1 5 0 3 80 44 1 5 1 35 80
4/4 313 1 5 0 0 80 314 1 5 1 5 80 313 1 5 0 1 80 314 1 5 1 15 80 313 1 5 0 2 80 314 1 5 1 25 80 313 1 5 0 3 80 314 1 5 1 35 80
4/4 43 1 5 0 0 80 44 1 5 1 5 80 43 1 5 0 1 80 44 1 5 1 15 80 43 1 5 0 2 80 44 1 5 1 25 80 43 1 5 0 3 80 44 1 5 1 35 80
4/4 53 1 5 0 0 80 54 1 5 1 5 80 53 1 5 0 1 80 54 1 5 1 15 80 53 1 5 0 2 80 54 1 5 1 25 80 53 1 5 0 3 80 54 1 5 1 35 80
4/4 12 0 1 0 0 80 13 0 1 0 0 80 12 0 1 1 5 80 13 0 1 1 5 80 12 0 1 0 1 80 13 0 1 0 1 80 12 0 1 1 15 80 13 0 1 1 15 80 12 0 1 0 2 80 13 0 1 0 2 80 12 0 1 1 25 80 13 0 1 1 25 80 12 0 1 0 3 80 13 0 1 0 3 80 12 0 1 1 35 80 13 0 1 1 35 80
4/4 712 0 1 0 0 80 713 0 1 0 0 80 712 0 1 1 5 80 713 0 1 1 5 80 712 0 1 0 1 80 713 0 1 0 1 80 712 0 1 1 15 80 713 0 1 1 15 80 712 0 1 0 2 80 713 0 1 0 2 80 712 0 1 1 25 80 713 0 1 1 25 80 712 0 1 0 3 80 713 0 1 0 3 80 712 0 1 1 35 80 713 0 1 1 35 80
4/4 612 0 1 0 0 80 613 0 1 0 0 80 613 1 5 0 1 80 314 1 5 1 15 80 614 1 5 0 2 80 613 1 5 1 25 80 42 0 1 0 3 80 43 0 1 0 3 80
4/4 43 1 5 0 0 80 43 1 5 1 5 80 43 1 5 0 1 80 13 1 5 1 15 80 44 1 5 0 2 80 13 1 5 1 25 80 44 1 5 0 3 80 43 1 5 1 35 80
4/4 52 0 1 0 0 80 53 0 1 0 0 80 53 1 5 0 1 80 23 1 5 1 15 80 54 1 5 0 2 80 53 1 5 1 25 80 12 0 1 0 3 80 13 0 1 0 3 80
4/4 13 1 5 0 0 80 13 1 5 1 5 80 54 1 5 0 1 80 14 1 5 1 15 80 54 0 1 0 2 80 713 0 1 0 2 80 55 0 1 0 3 80 714 0 1 0 3 80
4/4 43 1 5 0 0 80 44 1 5 1 5 80 43 1 5 0 1 80 44 1 5 1 15 80 43 1 5 0 2 80 44 1 5 1 25 80 43 1 5 0 3 80 44 1 5 1 35 80
4/4 53 1 5 0 0 80 54 1 5 1 5 80 53 1 5 0 1 80 54 1 5 1 15 80 53 1 5 0 2 80 54 1 5 1 25 80 53 1 5 0 3 80 54 1 5 1 35 80
4/4 612 0 1 0 0 80 613 0 1 0 0 80 613 1 5 0 1 80 613 0 1 1 15 80 314 0 1 1 15 80 614 0 1 1 15 80 613 1 5 1 25 80 613 1 5 0 3 80 314 0 1 1 35 80 614 0 1 1 35 80
4/4 53 0 1 0 0 80 23 0 1 0 0 80 54 0 1 0 0 80
4/4 12 1 5 0 0 80 13 1 5 1 5 80 54 1 5 0 1 80 14 1 5 1 15 80 13 1 5 0 2 80 14 1 5 1 25 80 54 1 5 0 3 80 13 1 5 1 35 80
4/4 12 1 5 0 0 80 13 1 5 1 5 80 54 1 5 0 1 80 14 1 5 1 15 80 13 1 5 0 2 80 14 1 5 1 25 80 54 1 5 0 3 80 53 1 5 1 35 80
4/4 52 1 5 0 0 80 53 1 5 1 5 80 23 1 5 0 1 80 54 1 5 1 15 80 53 1 5 0 2 80 54 1 5 1 25 80 23 1 5 0 3 80 53 1 5 1 35 80
4/4 52 1 5 0 0 80 53 1 5 1 5 80 23 1 5 0 1 80 54 1 5 1 15 80 53 1 5 0 2 80 54 1 5 1 25 80 23 1 5 0 3 80 43 1 5 1 35 80
4/4 42 1 5 0 0 80 43 1 5 1 5 80 13 1 5 0 1 80 44 1 5 1 15 80 43 1 5 0 2 80 44 1 5 1 25 80 13 1 5 0 3 80 43 1 5 1 35 80
4/4 42 1 5 0 0 80 43 1 5 1 5 80 13 1 5 0 1 80 44 1 5 1 15 80 614 0 1 0 2 80 613 0 1 0 2 80 314 1 5 1 25 80 714 0 1 0 3 80 713 0 1 0 3 80
4/4 14 0 1 0 0 80 13 0 1 0 0 80 54 1 5 1 5 80 14 1 5 0 1 80 14 0 1 1 15 80 13 0 1 1 15 80 43 0 1 0 2 80 44 0 1 0 2 80 13 1 5 1 25 80 44 1 5 0 3 80 43 0 1 1 35 80 44 0 1 1 35 80
4/4 54 0 1 0 0 80 53 0 1 0 0 80 23 1 5 1 5 80 54 1 5 0 1 80 54 0 1 1 15 80 53 0 1 1 15 80 64 0 1 0 2 80 63 0 1 0 2 80 23 1 5 1 25 80 64 1 5 0 3 80 64 0 1 1 35 80 63 0 1 1 35 80
4/4 313 0 1 0 0 80 314 0 1 0 0 80 13 1 5 1 5 80 314 1 5 0 1 80 13 1 5 1 15 80 313 1 5 0 2 80 314 1 5 1 25 80 13 1 5 0 3 80 313 1 5 1 35 80
4/4 43 0 1 0 0 80 44 0 1 0 0 80 13 1 5 1 5 80 44 1 5 0 1 80 13 1 5 1 15 80 43 1 5 0 2 80 44 1 5 1 25 80 13 1 5 0 3 80 43 1 5 1 35 80
4/4 54 0 1 0 0 80 53 0 1 0 0 80 23 1 5 1 5 80 54 1 5 0 1 80 23 1 5 1 15 80 53 1 5 0 2 80 54 1 5 1 25 80 23 1 5 0 3 80 53 1 5 1 35 80
4/4 64 0 1 0 0 80 63 0 1 0 0 80 23 1 5 1 5 80 64 1 5 0 1 80 23 1 5 1 15 80 63 1 5 0 2 80 64 1 5 1 25 80 23 1 5 0 3 80 613 1 5 1 35 80
4/4 612 0 1 0 0 80 613 0 1 0 0 80 613 1 5 0 1 80 314 1 5 1 15 80 614 1 5 0 2 80 314 1 5 1 25 80 13 1 5 0 3 80 613 1 5 1 35 80
4/4 52 0 1 0 0 80 53 0 1 0 0 80 53 1 5 0 1 80 23 1 5 1 15 80 54 1 5 0 2 80 23 1 5 1 25 80 713 1 5 0 3 80 53 1 5 1 35 80
4/4 42 0 1 0 0 80 43 0 1 0 0 80 43 1 5 0 1 80 13 1 5 1 15 80 44 1 5 0 2 80 13 1 5 1 25 80 613 1 5 0 3 80 43 1 5 1 35 80
4/4 312 0 1 0 0 80 313 0 1 0 0 80 313 1 5 0 1 80 13 1 5 1 15 80 314 1 5 0 2 80 13 1 5 1 25 80 53 1 5 0 3 80 313 1 5 1 35 80
4/4 22 0 1 0 0 80 23 0 1 0 0 80 22 0 1 1 5 80 23 0 1 1 5 80 22 0 1 0 1 80 23 0 1 0 1 80 22 0 1 1 15 80 23 0 1 1 15 80 22 0 1 0 2 80 23 0 1 0 2 80 22 0 1 1 25 80 23 0 1 1 25 80 22 0 1 0 3 80 23 0 1 0 3 80 22 0 1 1 35 80 23 0 1 1 35 80
4/4 313 0 1 0 0 80 314 0 1 0 0 80 313 0 1 1 5 80 314 0 1 1 5 80 313 0 1 0 1 80 314 0 1 0 1 80 313 0 1 1 15 80 314 0 1 1 15 80 313 0 1 0 2 80 314 0 1 0 2 80 313 0 1 1 25 80 314 0 1 1 25 80 313 0 1 0 3 80 314 0 1 0 3 80 313 0 1 1 35 80 314 0 1 1 35 80
4/4 43 0 1 0 0 80 13 0 1 0 0 80 44 0 1 0 0 80 43 1 5 1 5 80 43 1 5 0 1 80 43 0 1 1 15 80 13 0 1 1 15 80 44 0 1 1 15 80 43 1 5 0 2 80 43 1 5 1 25 80 43 0 1 0 3 80 13 0 1 0 3 80 44 0 1 0 3 80 43 1 5 1 35 80
4/4 53 0 1 0 0 80 23 0 1 0 0 80 54 0 1 0 0 80 63 0 1 1 15 80 713 0 1 1 15 80 64 0 1 1 15 80 74 0 1 1 25 80 44 0 1 1 25 80 73 0 1 1 25 80
4/4 12 1 5 0 0 80 13 1 5 1 5 80 12 1 5 0 1 80 13 1 5 1 15 80 12 1 5 0 2 80 13 1 5 1 25 80 12 1 5 0 3 80 13 1 5 1 35 80
4/4 12 1 5 0 0 80 13 1 5 1 5 80 12 1 5 0 1 80 13 1 5 1 15 80 12 1 5 0 2 80 13 1 5 1 25 80 12 1 5 0 3 80 13 1 5 1 35 80
4/4 12 1 5 0 0 80 13 1 5 1 5 80 12 1 5 0 1 80 13 1 5 1 15 80 12 1 5 0 2 80 13 1 5 1 25 80 12 1 5 0 3 80 12 0 1 1 35 80 13 0 1 1 35 80
4/4 12 0 1 0 0 80 13 0 1 0 0 80 12 0 1 1 5 80 13 0 1 1 5 80 12 0 1 0 1 80 13 0 1 0 1 80 12 0 1 1 15 80 13 0 1 1 15 80 14 0 1 0 2 80 54 0 1 0 2 80 13 0 1 0 2 80 14 0 1 1 25 80 54 0 1 1 25 80 13 0 1 1 25 80 14 0 1 0 3 80 54 0 1 0 3 80 13 0 1 0 3 80 14 0 1 1 35 80 54 0 1 1 35 80 13 0 1 1 35 80
4/4 14 1 5 0 0 80 15 0 1 1 5 80 55 0 1 1 5 80 14 1 5 0 1 80 15 0 1 1 15 80 55 0 1 1 15 80 14 1 5 0 2 80 15 0 1 1 25 80 55 0 1 1 25 80 14 1 5 0 3 80 15 0 1 1 35 80 55 0 1 1 35 80
4/4 54 1 5 0 0 80 55 0 1 1 5 80 24 0 1 1 5 80 54 1 5 0 1 80 55 0 1 1 15 80 24 0 1 1 15 80 54 1 5 0 2 80 55 0 1 1 25 80 24 0 1 1 25 80 54 1 5 0 3 80 55 0 1 1 35 80 24 0 1 1 35 80
4/4 44 1 5 0 0 80 45 0 1 1 5 80 14 0 1 1 5 80 44 1 5 0 1 80 45 0 1 1 15 80 14 0 1 1 15 80 44 1 5 0 2 80 45 0 1 1 25 80 14 0 1 1 25 80 44 1 5 0 3 80 45 0 1 1 35 80 14 0 1 1 35 80
4/4 13 1 5 0 0 80 54 0 1 1 5 80 14 0 1 1 5 80 13 1 5 0 1 80 54 0 1 1 15 80 14 0 1 1 15 80 713 1 5 0 2 80 54 0 1 1 25 80 714 0 1 1 25 80 713 1 5 0 3 80 54 0 1 1 35 80 714 0 1 1 35 80
4/4 614 1 5 0 0 80 315 1 5 1 5 80 15 1 5 0 1 80 315 1 5 1 15 80 615 1 5 0 2 80 315 1 5 1 25 80 15 1 5 0 3 80 315 1 5 1 35 80
4/4 24 1 5 0 0 80 615 1 5 1 5 80 526 1 5 0 1 80 615 1 5 1 15 80 25 1 5 0 2 80 615 1 5 1 25 80 526 1 5 0 3 80 615 1 5 1 35 80
4/4 44 1 5 0 0 80 14 1 5 1 5 80 615 1 5 0 1 80 14 1 5 1 15 80 45 1 5 0 2 80 14 1 5 1 25 80 615 1 5 0 3 80 14 1 5 1 35 80
4/4 54 1 5 0 0 80 24 1 5 1 5 80 715 1 5 0 1 80 24 1 5 1 15 80 55 1 5 0 2 80 24 1 5 1 25 80 715 1 5 0 3 80 24 1 5 1 35 80
4/4 13 1 5 0 0 80 14 0 1 1 5 80 54 0 1 1 5 80 13 1 5 0 1 80 14 0 1 1 15 80 54 0 1 1 15 80 13 1 5 0 2 80 14 0 1 1 25 80 54 0 1 1 25 80 13 1 5 0 3 80 14 0 1 1 35 80 54 0 1 1 35 80
4/4 53 1 5 0 0 80 23 0 1 1 5 80 54 0 1 1 5 80 53 1 5 0 1 80 23 0 1 1 15 80 54 0 1 1 15 80 63 1 5 0 2 80 314 0 1 1 25 80 64 0 1 1 25 80 63 1 5 0 3 80 314 0 1 1 35 80 64 0 1 1 35 80
4/4 613 1 5 0 0 80 314 0 1 1 5 80 614 0 1 1 5 80 613 1 5 0 1 80 314 0 1 1 15 80 614 0 1 1 15 80 53 1 5 0 2 80 23 0 1 1 25 80 54 0 1 1 25 80 53 1 5 0 3 80 23 0 1 1 35 80 54 0 1 1 35 80
4/4 523 1 5 0 0 80 23 0 1 1 5 80 524 0 1 1 5 80 523 1 5 0 1 80 23 0 1 1 15 80 524 0 1 1 15 80 523 1 5 0 2 80 23 0 1 1 25 80 524 0 1 1 25 80 523 1 5 0 3 80 23 0 1 1 35 80 524 0 1 1 35 80
4/4 43 1 5 0 0 80 13 0 1 1 5 80 44 0 1 1 5 80 43 1 5 0 1 80 13 0 1 1 15 80 44 0 1 1 15 80 43 1 5 0 2 80 13 0 1 1 25 80 44 0 1 1 25 80 43 1 5 0 3 80 13 0 1 1 35 80 44 0 1 1 35 80
4/4 313 1 5 0 0 80 713 0 1 1 5 80 314 0 1 1 5 80 313 1 5 0 1 80 713 0 1 1 15 80 314 0 1 1 15 80 313 1 5 0 2 80 713 0 1 1 25 80 314 0 1 1 25 80 313 1 5 0 3 80 713 0 1 1 35 80 314 0 1 1 35 80
4/4 43 1 5 0 0 80 13 0 1 1 5 80 44 0 1 1 5 80 43 1 5 0 1 80 13 0 1 1 15 80 44 0 1 1 15 80 43 1 5 0 2 80 13 0 1 1 25 80 44 0 1 1 25 80 43 1 5 0 3 80 13 0 1 1 35 80 44 0 1 1 35 80
4/4 53 1 5 0 0 80 23 0 1 1 5 80 54 0 1 1 5 80 53 1 5 0 1 80 23 0 1 1 15 80 54 0 1 1 15 80 53 1 5 0 2 80 23 0 1 1 25 80 54 0 1 1 25 80 53 1 5 0 3 80 23 0 1 1 35 80 54 0 1 1 35 80
4/4 12 0 1 0 0 80 13 0 1 0 0 80 12 0 1 1 5 80 13 0 1 1 5 80 12 0 1 0 1 80 13 0 1 0 1 80 12 0 1 1 15 80 13 0 1 1 15 80 12 0 1 0 2 80 13 0 1 0 2 80 12 0 1 1 25 80 13 0 1 1 25 80 12 0 1 0 3 80 13 0 1 0 3 80 12 0 1 1 35 80 13 0 1 1 35 80
4/4 712 0 1 0 0 80 713 0 1 0 0 80 712 0 1 1 5 80 713 0 1 1 5 80 712 0 1 0 1 80 713 0 1 0 1 80 712 0 1 1 15 80 713 0 1 1 15 80 712 0 1 0 2 80 713 0 1 0 2 80 712 0 1 1 25 80 713 0 1 1 25 80 712 0 1 0 3 80 713 0 1 0 3 80 712 0 1 1 35 80 713 0 1 1 35 80
4/4 612 0 1 0 0 80 613 0 1 0 0 80 613 1 5 0 1 80 314 1 5 1 15 80 614 1 5 0 2 80 613 1 5 1 25 80 42 0 1 0 3 80 43 0 1 0 3 80
4/4 43 1 5 0 0 80 43 1 5 1 5 80 43 1 5 0 1 80 13 1 5 1 15 80 44 1 5 0 2 80 13 1 5 1 25 80 44 1 5 0 3 80 43 1 5 1 35 80
4/4 52 0 1 0 0 80 53 0 1 0 0 80 53 1 5 0 1 80 23 1 5 1 15 80 54 1 5 0 2 80 53 1 5 1 25 80 12 0 1 0 3 80 13 0 1 0 3 80
4/4 13 1 5 0 0 80 13 1 5 1 5 80 54 1 5 0 1 80 14 1 5 1 15 80 54 0 1 0 2 80 713 0 1 0 2 80 55 0 1 0 3 80 714 0 1 0 3 80
4/4 43 0 1 0 0 80 13 0 1 0 0 80 44 0 1 0 0 80
4/4 43 0 1 0 0 80 13 0 1 0 0 80 44 0 1 0 0 80
4/4 612 0 1 0 0 80 613 0 1 0 0 80 612 0 1 0 1 80 613 0 1 0 1 80 613 1 5 1 15 80 613 0 1 0 2 80 314 0 1 0 2 80 614 0 1 0 2 80 613 0 1 1 25 80 314 0 1 1 25 80 614 0 1 1 25 80 613 0 1 0 3 80 314 0 1 0 3 80 614 0 1 0 3 80 613 0 1 1 35 80 314 0 1 1 35 80 614 0 1 1 35 80
4/4 53 0 1 0 0 80 23 0 1 0 0 80 54 0 1 0 0 80 53 0 1 1 5 80 23 0 1 1 5 80 54 0 1 1 5 80 53 0 1 0 1 80 23 0 1 0 1 80 54 0 1 0 1 80 53 0 1 1 15 80 23 0 1 1 15 80 54 0 1 1 15 80 53 0 1 0 2 80 23 0 1 0 2 80 54 0 1 0 2 80 53 0 1 1 25 80 23 0 1 1 25 80 54 0 1 1 25 80 53 0 1 0 3 80 23 0 1 0 3 80 54 0 1 0 3 80 53 0 1 1 35 80 23 0 1 1 35 80 54 0 1 1 35 80
4/4 12 0 1 0 0 80 13 0 1 0 0 80 13 1 5 1 5 80 54 1 5 0 1 80 14 1 5 1 15 80 13 1 5 0 2 80 14 1 5 1 25 80 54 1 5 0 3 80 13 1 5 1 35 80
4/4 12 1 5 0 0 80 13 1 5 1 5 80 54 1 5 0 1 80 14 1 5 1 15 80 13 1 5 0 2 80 14 1 5 1 25 80 54 1 5 0 3 80 53 1 5 1 35 80
4/4 52 1 5 0 0 80 53 1 5 1 5 80 23 1 5 0 1 80 54 1 5 1 15 80 53 1 5 0 2 80 54 1 5 1 25 80 23 1 5 0 3 80 53 1 5 1 35 80
4/4 52 1 5 0 0 80 53 1 5 1 5 80 23 1 5 0 1 80 54 1 5 1 15 80 53 1 5 0 2 80 54 1 5 1 25 80 23 1 5 0 3 80 43 1 5 1 35 80
4/4 42 1 5 0 0 80 43 1 5 1 5 80 13 1 5 0 1 80 44 1 5 1 15 80 43 1 5 0 2 80 44 1 5 1 25 80 13 1 5 0 3 80 43 1 5 1 35 80
4/4 42 1 5 0 0 80 43 1 5 1 5 80 13 1 5 0 1 80 44 1 5 1 15 80 614 0 1 0 2 80 613 0 1 0 2 80 314 1 5 1 25 80 714 0 1 0 3 80 713 0 1 0 3 80
4/4 14 0 1 0 0 80 13 0 1 0 0 80 54 1 5 1 5 80 14 1 5 0 1 80 14 0 1 1 15 80 13 0 1 1 15 80 43 0 1 0 2 80 44 0 1 0 2 80 13 1 5 1 25 80 44 1 5 0 3 80 43 0 1 1 35 80 44 0 1 1 35 80
4/4 54 0 1 0 0 80 53 0 1 0 0 80 23 1 5 1 5 80 54 1 5 0 1 80 54 0 1 1 15 80 53 0 1 1 15 80 64 0 1 0 2 80 63 0 1 0 2 80 23 1 5 1 25 80 64 1 5 0 3 80 44 0 1 1 35 80 43 0 1 1 35 80
4/4 313 0 1 0 0 80 314 0 1 0 0 80 13 1 5 1 5 80 314 1 5 0 1 80 13 1 5 1 15 80 313 1 5 0 2 80 314 1 5 1 25 80 13 1 5 0 3 80 313 1 5 1 35 80
4/4 43 0 1 0 0 80 44 0 1 0 0 80 13 1 5 1 5 80 44 1 5 0 1 80 13 1 5 1 15 80 43 1 5 0 2 80 44 1 5 1 25 80 13 1 5 0 3 80 43 1 5 1 35 80
4/4 54 0 1 0 0 80 53 0 1 0 0 80 23 1 5 1 5 80 54 1 5 0 1 80 23 1 5 1 15 80 53 1 5 0 2 80 54 1 5 1 25 80 23 1 5 0 3 80 53 1 5 1 35 80
4/4 64 0 1 0 0 80 63 0 1 0 0 80 23 1 5 1 5 80 64 1 5 0 1 80 23 1 5 1 15 80 63 1 5 0 2 80 64 1 5 1 25 80 23 1 5 0 3 80 613 1 5 1 35 80
4/4 612 0 1 0 0 80 613 0 1 0 0 80 613 1 5 0 1 80 314 1 5 1 15 80 614 1 5 0 2 80 314 1 5 1 25 80 13 1 5 0 3 80 613 1 5 1 35 80
4/4 52 0 1 0 0 80 53 0 1 0 0 80 53 1 5 0 1 80 23 1 5 1 15 80 54 1 5 0 2 80 23 1 5 1 25 80 713 1 5 0 3 80 53 1 5 1 35 80
4/4 42 0 1 0 0 80 43 0 1 0 0 80 43 1 5 0 1 80 13 1 5 1 15 80 44 1 5 0 2 80 13 1 5 1 25 80 613 1 5 0 3 80 43 1 5 1 35 80
4/4 312 0 1 0 0 80 313 0 1 0 0 80 313 1 5 0 1 80 13 1 5 1 15 80 314 1 5 0 2 80 13 1 5 1 25 80 53 1 5 0 3 80 313 1 5 1 35 80
4/4 22 0 1 0 0 80 23 0 1 0 0 80 22 0 1 1 5 80 23 0 1 1 5 80 22 0 1 0 1 80 23 0 1 0 1 80 22 0 1 1 15 80 23 0 1 1 15 80 22 0 1 0 2 80 23 0 1 0 2 80 22 0 1 1 25 80 23 0 1 1 25 80 22 0 1 0 3 80 23 0 1 0 3 80 22 0 1 1 35 80 23 0 1 1 35 80
4/4 313 0 1 0 0 80 314 0 1 0 0 80 313 0 1 1 5 80 314 0 1 1 5 80 313 0 1 0 1 80 314 0 1 0 1 80 313 0 1 1 15 80 314 0 1 1 15 80 313 0 1 0 2 80 314 0 1 0 2 80 313 0 1 1 25 80 314 0 1 1 25 80 313 0 1 0 3 80 314 0 1 0 3 80 313 0 1 1 35 80 314 0 1 1 35 80
4/4 43 0 1 0 0 80 13 0 1 0 0 80 44 0 1 0 0 80 43 1 5 1 5 80 43 1 5 0 1 80 43 0 1 1 15 80 13 0 1 1 15 80 44 0 1 1 15 80 43 1 5 0 2 80 43 1 5 1 25 80 43 0 1 0 3 80 13 0 1 0 3 80 44 0 1 0 3 80 43 1 5 1 35 80
4/4 53 0 1 0 0 80 23 0 1 0 0 80 54 0 1 0 0 80 63 0 1 1 15 80 713 0 1 1 15 80 64 0 1 1 15 80 74 0 1 1 25 80 44 0 1 1 25 80 73 0 1 1 25 80
4/4 12 0 1 0 0 80 13 0 1 0 0 80 12 1 5 0 1 80 12 0 1 1 15 80 13 0 1 1 15 80 12 1 5 1 25 80 12 0 1 0 3 80 13 0 1 0 3 80 12 1 5 1 35 80
4/4 12 1 5 0 0 80 12 0 1 1 5 80 13 0 1 1 5 80 12 0 1 0 2 80 13 0 1 0 2 80 712 0 1 0 3 80 713 0 1 0 3 80
4/4 612 0 1 0 0 80 613 0 1 0 0 80 612 1 5 1 5 80 612 1 5 0 1 80 612 0 1 1 15 80 613 0 1 1 15 80 12 1 5 1 25 80 12 0 1 0 3 80 13 0 1 0 3 80 12 1 5 1 35 80
4/4 12 0 1 0 0 80 13 0 1 0 0 80 22 0 1 1 5 80 23 0 1 1 5 80 313 0 1 0 2 80 314 0 1 0 2 80 43 0 1 0 3 80 44 0 1 0 3 80
4/4 53 0 1 0 0 80 23 0 1 0 0 80 54 0 1 0 0 80
4/4 43 0 1 1 35 80 13 0 1 1 35 80 44 0 1 1 35 80
4/4 43 0 1 0 0 80 13 0 1 0 0 80 44 0 1 0 0 80 53 0 1 1 5 80 23 0 1 1 5 80 54 0 1 1 5 80
4/4 17 0 1 0 2 80 77 0 1 0 2 80 67 0 1 0 2 80 57 0 1 3 2333 80 47 0 1 3 2333 80 37 0 1 3 2333 80 26 0 1 3 2667 80 16 0 1 3 2667 80 76 0 1 3 2667 80 66 0 1 0 3 80 56 0 1 0 3 80 46 0 1 0 3 80 36 0 1 2 325 80 25 0 1 2 325 80 15 1 5 1 35 80
4/4 612 0 1 0 0 80 613 0 1 0 0 80 313 1 5 1 5 80 613 1 5 0 1 80 613 0 1 1 15 80 314 0 1 1 15 80 614 0 1 1 15 80 612 0 1 0 3 80 613 0 1 0 3 80
4/4 712 0 1 0 0 80 713 0 1 0 0 80 53 1 5 1 5 80 713 1 5 0 1 80 713 0 1 1 15 80 54 0 1 1 15 80 714 0 1 1 15 80 712 0 1 0 3 80 713 0 1 0 3 80
4/4 43 0 1 0 0 80 44 0 1 0 0 80 13 1 5 1 5 80 44 1 5 0 1 80 44 0 1 1 15 80 14 0 1 1 15 80 45 0 1 1 15 80 44 1 5 1 25 80 45 0 1 0 3 80 14 0 1 0 3 80 44 1 5 1 35 80
4/4 43 0 1 0 0 80 44 0 1 0 0 80 13 1 5 1 5 80 44 1 5 0 1 80 44 0 1 1 15 80 14 0 1 1 15 80 45 0 1 1 15 80 44 0 1 2 275 80 43 0 1 2 275 80 42 0 1 1 35 80 43 0 1 1 35 80
4/4 312 0 1 0 0 80 313 0 1 0 0 80 313 1 5 1 15 80 713 0 1 0 2 80 314 0 1 0 2 80 313 0 1 0 3 80 314 0 1 0 3 80
4/4 43 0 1 0 0 80 44 0 1 0 0 80 43 1 5 1 15 80 13 0 1 0 2 80 44 0 1 0 2 80 43 0 1 0 3 80 44 0 1 0 3 80
4/4 54 0 1 0 0 80 53 0 1 0 0 80 53 1 5 1 15 80 54 0 1 0 2 80 23 0 1 0 2 80 54 0 1 0 3 80 53 0 1 0 3 80
4/4 614 0 1 0 0 80 613 0 1 0 0 80 613 1 5 1 15 80 614 0 1 0 2 80 314 0 1 0 2 80 614 0 1 0 3 80 613 0 1 0 3 80
4/4 313 1 5 0 0 80 314 1 5 1 5 80 313 1 5 0 1 80 314 1 5 1 15 80 313 1 5 0 2 80 314 1 5 1 25 80 313 1 5 0 3 80 314 1 5 1 35 80
4/4 43 1 5 0 0 80 44 1 5 1 5 80 43 1 5 0 1 80 44 1 5 1 15 80 43 1 5 0 2 80 44 1 5 1 25 80 43 1 5 0 3 80 44 1 5 1 35 80
4/4 54 0 1 0 0 80 53 0 1 0 0 80 54 0 1 1 5 80 53 0 1 1 5 80 54 0 1 0 1 80 53 0 1 0 1 80 54 0 1 1 15 80 53 0 1 1 15 80 54 0 1 0 2 80 53 0 1 0 2 80 54 0 1 1 25 80 53 0 1 1 25 80 54 0 1 0 3 80 53 0 1 0 3 80 54 0 1 1 35 80 53 0 1 1 35 80
4/4 53 0 1 0 0 80 54 0 1 0 0 80 53 0 1 1 5 80 54 0 1 1 5 80 53 0 1 0 1 80 54 0 1 0 1 80 53 0 1 1 15 80 54 0 1 1 15 80 53 0 1 0 2 80 54 0 1 0 2 80 53 0 1 1 25 80 54 0 1 1 25 80 53 0 1 0 3 80 54 0 1 0 3 80 53 0 1 1 35 80 54 0 1 1 35 80
4/4 53 0 1 0 0 80 23 0 1 0 0 80 54 0 1 0 0 80 53 0 1 1 5 80 23 0 1 1 5 80 54 0 1 1 5 80 53 0 1 0 1 80 23 0 1 0 1 80 54 0 1 0 1 80 53 0 1 1 15 80 23 0 1 1 15 80 54 0 1 1 15 80 53 0 1 0 2 80 23 0 1 0 2 80 54 0 1 0 2 80 53 0 1 1 25 80 23 0 1 1 25 80 54 0 1 1 25 80 53 0 1 0 3 80 23 0 1 0 3 80 54 0 1 0 3 80 53 0 1 1 35 80 23 0 1 1 35 80 54 0 1 1 35 80
4/4 53 0 1 0 0 80 23 0 1 0 0 80 54 0 1 0 0 80 53 0 1 1 5 80 23 0 1 1 5 80 54 0 1 1 5 80 53 0 1 0 1 80 23 0 1 0 1 80 54 0 1 0 1 80 53 0 1 1 15 80 23 0 1 1 15 80 54 0 1 1 15 80 53 0 1 0 2 80 23 0 1 0 2 80 54 0 1 0 2 80 53 0 1 1 25 80 23 0 1 1 25 80 54 0 1 1 25 80 53 0 1 0 3 80 23 0 1 0 3 80 54 0 1 0 3 80 53 0 1 1 35 80 23 0 1 1 35 80 54 0 1 1 35 80
2/4
4/4 43 0 1 0 0 80 44 0 1 0 0 80 13 1 5 1 5 80 44 1 5 0 1 80 14 1 5 1 15 80 45 1 5 0 2 80 14 1 5 1 25 80 44 1 5 0 3 80 13 1 5 1 35 80
4/4 54 0 1 0 0 80 53 0 1 0 0 80 23 1 5 1 5 80 54 1 5 0 1 80 24 1 5 1 15 80 55 1 5 0 2 80 24 1 5 1 25 80 54 1 5 0 3 80 23 1 5 1 35 80
4/4 614 0 1 0 0 80 613 0 1 0 0 80 314 1 5 1 5 80 614 1 5 0 1 80 14 1 5 1 15 80 315 1 5 0 2 80 14 1 5 1 25 80 614 1 5 0 3 80 314 1 5 1 35 80
4/4 613 1 5 0 0 80 314 1 5 1 5 80 614 1 5 0 1 80 314 1 5 1 15 80 14 1 5 0 2 80 714 1 5 1 25 80 54 1 5 0 3 80 314 1 5 1 35 80
4/4 43 0 1 0 0 80 44 0 1 0 0 80 13 1 5 1 5 80 44 1 5 0 1 80 14 1 5 1 15 80 45 1 5 0 2 80 14 1 5 1 25 80 44 1 5 0 3 80 13 1 5 1 35 80
4/4 54 0 1 0 0 80 53 0 1 0 0 80 23 1 5 1 5 80 54 1 5 0 1 80 24 1 5 1 15 80 55 1 5 0 2 80 24 1 5 1 25 80 54 1 5 0 3 80 23 1 5 1 35 80
4/4 614 0 1 0 0 110 613 0 1 0 0 110 314 1 5 1 5 110 614 1 5 0 1 110 14 1 5 1 15 110 315 1 5 0 2 110 14 1 5 1 25 110 614 1 5 0 3 110 314 1 5 1 35 110
4/4 22 0 1 0 0 80 613 0 1 0 0 80 23 0 1 0 0 80 22 0 1 1 5 80 613 0 1 1 5 80 23 0 1 1 5 80 613 0 1 0 2 80 314 0 1 0 2 80 614 0 1 0 2 80 613 0 1 1 25 80 314 0 1 1 25 80 614 0 1 1 25 80
4/4 313 1 5 0 0 80 314 1 5 1 5 80 313 1 5 0 1 80 314 1 5 1 15 80 313 1 5 0 2 80 314 1 5 1 25 80 313 1 5 0 3 80 314 1 5 1 35 80
4/4 43 1 5 0 0 80 44 1 5 1 5 80 43 1 5 0 1 80 44 1 5 1 15 80 43 1 5 0 2 80 44 1 5 1 25 80 43 1 5 0 3 80 44 1 5 1 35 80
4/4 53 1 5 0 0 80 54 1 5 1 5 80 53 1 5 0 1 80 54 1 5 1 15 80 53 1 5 0 2 80 54 1 5 1 25 80 53 1 5 0 3 80 54 1 5 1 35 80
4/4 613 1 5 0 0 80 614 1 5 1 5 80 613 1 5 0 1 80 614 1 5 1 15 80 613 1 5 0 2 80 614 1 5 1 25 80 613 1 5 0 3 80 614 1 5 1 35 80
4/4 313 0 1 0 0 80 314 0 1 0 0 80 13 1 5 1 5 80 313 0 1 0 1 80 314 0 1 0 1 80 313 0 1 1 15 80 314 0 1 1 15 80 13 1 5 1 25 80 313 0 1 0 3 80 314 0 1 0 3 80 13 1 5 1 35 80
4/4 43 0 1 0 0 80 44 0 1 0 0 80 13 1 5 1 5 80 43 0 1 0 1 80 44 0 1 0 1 80 43 0 1 1 15 80 44 0 1 1 15 80 13 1 5 1 25 80 43 0 1 0 3 80 44 0 1 0 3 80 13 1 5 1 35 80
4/4 54 0 1 0 0 80 53 0 1 0 0 80 23 1 5 1 5 80 54 0 1 0 1 80 53 0 1 0 1 80 54 0 1 1 15 80 53 0 1 1 15 80 23 1 5 1 25 80 54 0 1 0 3 80 53 0 1 0 3 80 23 1 5 1 35 80
4/4 614 0 1 0 0 80 613 0 1 0 0 80 314 1 5 1 5 80 614 0 1 0 1 80 613 0 1 0 1 80 614 0 1 1 15 80 613 0 1 1 15 80 314 1 5 1 25 80 614 0 1 0 3 80 613 0 1 0 3 80 314 1 5 1 35 80
4/4 53 0 1 0 0 80 23 0 1 0 0 80 54 0 1 0 0 80 53 0 1 1 5 80 23 0 1 1 5 80 54 0 1 1 5 80 53 0 1 0 1 80 23 0 1 0 1 80 54 0 1 0 1 80 53 0 1 1 15 80 23 0 1 1 15 80 54 0 1 1 15 80 53 0 1 0 2 80 23 0 1 0 2 80 54 0 1 0 2 80 53 0 1 1 25 80 23 0 1 1 25 80 54 0 1 1 25 80 53 0 1 0 3 80 23 0 1 0 3 80 54 0 1 0 3 80 53 0 1 1 35 80 23 0 1 1 35 80 54 0 1 1 35 80
4/4 53 0 1 0 0 80 13 0 1 0 0 80 54 0 1 0 0 80 53 0 1 1 5 80 13 0 1 1 5 80 54 0 1 1 5 80 53 0 1 0 1 80 13 0 1 0 1 80 54 0 1 0 1 80 53 0 1 1 15 80 13 0 1 1 15 80 54 0 1 1 15 80 55 0 1 0 2 80 24 0 1 0 2 80 54 0 1 0 2 80 55 0 1 1 25 80 24 0 1 1 25 80 54 0 1 1 25 80 55 0 1 0 3 80 24 0 1 0 3 80 54 0 1 0 3 80 55 0 1 1 35 80 24 0 1 1 35 80 54 0 1 1 35 80
4/4 57 1 5 0 0 80 16 1 5 1 5 80 17 1 5 0 1 80 16 1 5 1 15 80 27 1 5 0 2 80 16 1 5 1 25 80 57 1 5 0 3 80 16 1 5 1 35 80
4/4 17 1 5 0 0 80 16 1 5 1 5 80 27 1 5 0 1 80 16 1 5 1 15 80 57 1 5 0 2 80 16 1 5 1 25 80 17 1 5 0 3 80 16 1 5 1 35 80
4/4 57 1 5 0 0 80 16 1 5 1 5 80 17 1 5 0 1 80 16 1 5 1 15 80 27 1 5 0 2 80 16 1 5 1 25 80 57 1 5 0 3 80 16 1 5 1 35 80
4/4 17 1 5 0 0 80 16 1 5 1 5 80 27 1 5 0 1 80 16 1 5 1 15 80 57 1 5 0 2 80 16 1 5 1 25 80 17 1 5 0 3 80 16 1 5 1 35 80
4/4 57 1 5 0 0 80 16 1 5 1 5 80 17 1 5 0 1 80 16 1 5 1 15 80 27 1 5 0 2 80 16 1 5 1 25 80 57 1 5 0 3 80 16 1 5 1 35 80
4/4 17 1 5 0 0 80 16 1 5 1 5 80 27 1 5 0 1 80 16 1 5 1 15 80 57 1 5 0 2 80 16 1 5 1 25 80 17 1 5 0 3 80 16 1 5 1 35 80
4/4 57 1 5 0 0 80 16 1 5 1 5 80 17 1 5 0 1 80 16 1 5 1 15 80 27 1 5 0 2 80 16 1 5 1 25 80 57 1 5 0 3 80 16 1 5 1 35 80
4/4 17 1 5 0 0 80 16 1 5 1 5 80 27 1 5 0 1 80 16 1 5 1 15 80 57 1 5 0 2 80 16 1 5 1 25 80 17 1 5 0 3 80 16 1 5 1 35 80
4/4 57 1 5 0 0 80 16 1 5 1 5 80 17 1 5 0 1 80 16 1 5 1 15 80 27 1 5 0 2 80 16 1 5 1 25 80 57 1 5 0 3 80 16 1 5 1 35 80
4/4 17 1 5 0 0 80 16 1 5 1 5 80 27 1 5 0 1 80 16 1 5 1 15 80 57 1 5 0 2 80 16 1 5 1 25 80 17 1 5 0 3 80 16 1 5 1 35 80
4/4 57 1 5 0 0 80 16 1 5 1 5 80 17 1 5 0 1 80 16 1 5 1 15 80 27 1 5 0 2 80 16 1 5 1 25 80 57 1 5 0 3 80 16 1 5 1 35 80
4/4 17 1 5 0 0 80 16 1 5 1 5 80 27 1 5 0 1 80 16 1 5 1 15 80 57 1 5 0 2 80 16 1 5 1 25 80 17 1 5 0 3 80 16 1 5 1 35 80
4/4 16 0 4 0 0 80
4/4 16 3 3667 0 0 80
4/4 53 0 1 0 0 80 23 0 1 0 0 80 54 0 1 0 0 80
4/4 53 0 1 0 0 80 23 0 1 0 0 80 54 0 1 0 0 80 12 0 1 0 2 110 13 0 1 0 2 110 12 0 1 1 25 110 13 0 1 1 25 110
4/4 612 0 1 0 0 80 613 0 1 0 0 80 313 1 5 1 5 80 613 1 5 0 1 80 314 1 5 1 15 80 613 1 5 0 2 80 614 1 5 1 25 80 314 1 5 0 3 80 613 1 5 1 35 80
4/4 612 0 1 0 0 80 613 0 1 0 0 80 613 1 5 1 5 80 314 1 5 0 1 80 614 1 5 1 15 80 613 1 5 0 2 80 614 1 5 1 25 80 314 1 5 0 3 80 613 1 5 1 35 80
4/4 712 0 1 0 0 80 713 0 1 0 0 80 53 1 5 1 5 80 713 1 5 0 1 80 54 1 5 1 15 80 713 1 5 0 2 80 714 1 5 1 25 80 54 1 5 0 3 80 713 1 5 1 35 80
4/4 712 0 1 0 0 80 713 0 1 0 0 80 713 1 5 1 5 80 54 1 5 0 1 80 714 1 5 1 15 80 713 1 5 0 2 80 714 1 5 1 25 80 54 1 5 0 3 80 713 1 5 1 35 80
4/4 43 0 1 0 0 80 44 0 1 0 0 80 43 2 25 0 1 80 44 2 25 2 125 80 43 2 25 1 15 80 44 2 25 2 175 80 43 2 25 0 2 80 44 2 25 2 225 80 43 2 25 1 25 80 44 2 25 2 275 80 43 2 25 0 3 80 44 2 25 2 325 80 43 2 25 1 35 80 44 2 25 2 375 80
4/4 53 2 25 0 0 80 54 2 25 2 25 80 53 2 25 1 5 80 54 2 25 2 75 80 53 2 25 0 1 80 54 2 25 2 125 80 53 2 25 1 15 80 54 2 25 2 175 80 53 2 25 0 2 80 54 2 25 2 225 80 53 2 25 1 25 80 54 2 25 2 275 80 53 2 25 0 3 80 54 2 25 2 325 80 53 2 25 1 35 80 54 2 25 2 375 80
4/4 613 0 1 0 0 80 314 0 1 0 0 80 614 0 1 0 0 80 613 1 5 1 5 80 613 1 5 0 1 80 613 0 1 1 15 80 314 0 1 1 15 80 614 0 1 1 15 80 613 1 5 0 2 80 613 1 5 1 25 80 613 0 1 0 3 80 314 0 1 0 3 80 614 0 1 0 3 80 613 1 5 1 35 80
4/4 53 0 1 0 0 80 23 0 1 0 0 80 54 0 1 0 0 80 53 0 1 1 5 80 58 0 1 1 15 80 48 0 1 1 15 80 38 0 1 1 15 80 27 0 1 1 15 80 17 0 1 2 175 80 77 0 1 2 175 80 67 0 1 2 175 80 57 0 1 2 175 80 47 0 1 0 2 80 37 0 1 0 2 80 26 0 1 0 2 80 16 0 1 0 2 80 76 0 1 3 2333 80 66 0 1 3 2333 80 55 1 5 1 25 80
4/4 12 0 1 0 0 80 13 0 1 0 0 80 14 0 1 0 1 80 54 0 1 0 1 80 13 0 1 0 2 80 14 0 1 0 3 80 54 0 1 0 3 80
4/4 12 0 1 0 0 80 13 0 1 0 0 80 14 0 1 0 1 80 54 0 1 0 1 80 13 0 1 0 2 80 315 0 1 0 3 80 54 0 1 0 3 80
4/4 52 0 1 0 0 80 53 0 1 0 0 80 54 0 1 0 1 80 23 0 1 0 1 80 53 0 1 0 2 80 714 0 1 0 3 80 23 0 1 0 3 80
4/4 52 0 1 0 0 80 53 0 1 0 0 80 54 0 1 0 1 80 23 0 1 0 1 80 53 0 1 0 2 80 714 0 1 0 3 80 23 0 1 0 3 80
4/4 42 0 1 0 0 80 43 0 1 0 0 80 13 0 1 0 1 80 44 0 1 0 1 80 43 0 1 0 2 80 614 0 1 0 3 80 13 0 1 0 3 80
4/4 43 0 1 0 0 80 13 0 1 0 1 80 44 0 1 0 1 80 614 0 1 0 2 80 613 0 1 0 2 80 714 0 1 0 3 80 713 0 1 0 3 80
4/4 14 0 1 0 0 80 54 0 1 0 0 80 13 0 1 0 0 80 43 0 1 0 2 80 13 0 1 0 2 80 44 0 1 0 2 80
4/4 53 0 1 0 0 80 23 0 1 0 0 80 54 0 1 0 0 80 63 0 1 0 2 80 713 0 1 0 2 80 64 0 1 0 2 80
4/4 14 1 5 0 0 80 13 0 1 0 0 80 12 0 1 0 0 80 714 1 5 1 5 80 54 1 5 0 1 80 14 1 5 1 15 80 714 1 5 0 2 80 54 1 5 1 25 80 14 1 5 0 3 80 54 1 5 1 35 80
4/4 14 1 5 0 0 80 13 0 1 0 0 80 12 0 1 0 0 80 714 1 5 1 5 80 54 1 5 0 1 80 14 1 5 1 15 80 714 1 5 0 2 80 54 1 5 1 25 80 14 1 5 0 3 80 54 1 5 1 35 80
4/4 713 0 4 0 0 80 14 1 5 0 0 80 714 1 5 1 5 80 54 1 5 0 1 80 14 1 5 1 15 80 714 1 5 0 2 80 54 1 5 1 25 80 14 1 5 0 3 80 54 1 5 1 35 80
4/4 14 1 5 0 0 80 713 3 3667 0 0 80 714 1 5 1 5 80 54 1 5 0 1 80 14 1 5 1 15 80 714 1 5 0 2 80 54 1 5 1 25 80 14 1 5 0 3 80 54 1 5 1 35 80
4/4 614 0 4 0 0 80 14 1 5 0 0 80 714 1 5 1 5 80 54 1 5 0 1 80 14 1 5 1 15 80 714 1 5 0 2 80 54 1 5 1 25 80 14 1 5 0 3 80 54 1 5 1 35 80
4/4 14 1 5 0 0 80 614 3 3667 0 0 80 714 1 5 1 5 80 54 1 5 0 1 80 14 1 5 1 15 80 714 1 5 0 2 80 54 1 5 1 25 80 14 1 5 0 3 80 54 1 5 1 35 80
4/4 54 1 15 0 0 80 14 1 5 0 0 80 714 1 5 1 5 80 54 0 2 0 1 80 14 1 5 1 15 80 714 1 5 0 2 80 54 1 15 1 25 80 14 1 5 0 3 80 54 1 5 1 35 80
4/4 14 1 5 0 0 80 54 1 15 0 0 80 714 1 5 1 5 80 54 0 2 0 1 80 14 1 5 1 15 80 714 1 5 0 2 80 54 0 1 1 25 80 14 1 5 0 3 80 54 1 5 1 35 80
4/4 43 0 1 0 0 80 44 0 1 0 0 80 43 0 1 1 5 80 44 0 1 1 5 80 43 0 1 0 1 80 44 0 1 0 1 80 43 0 1 1 15 80 44 0 1 1 15 80 43 0 1 0 2 80 44 0 1 0 2 80 43 0 1 1 25 80 44 0 1 1 25 80 43 0 1 0 3 80 44 0 1 0 3 80 43 0 1 1 35 80 44 0 1 1 35 80
4/4 43 0 1 0 0 80 44 0 1 0 0 80 43 0 1 1 5 80 44 0 1 1 5 80 43 0 1 0 1 80 44 0 1 0 1 80 43 0 1 1 15 80 44 0 1 1 15 80 43 0 1 0 2 80 44 0 1 0 2 80 43 0 1 1 25 80 44 0 1 1 25 80 43 0 1 0 3 80 44 0 1 0 3 80 43 0 1 1 35 80 44 0 1 1 35 80
4/4 313 0 1 0 0 80 314 0 1 0 0 80 313 0 1 1 5 80 314 0 1 1 5 80 313 0 1 0 1 80 314 0 1 0 1 80 313 0 1 1 15 80 314 0 1 1 15 80 313 0 1 0 2 80 314 0 1 0 2 80 313 0 1 1 25 80 314 0 1 1 25 80 313 0 1 0 3 80 314 0 1 0 3 80 313 0 1 1 35 80 314 0 1 1 35 80
4/4 313 0 1 0 0 80 314 0 1 0 0 80 313 0 1 1 5 80 314 0 1 1 5 80 313 0 1 0 1 80 314 0 1 0 1 80 313 0 1 1 15 80 314 0 1 1 15 80 313 0 1 0 2 80 314 0 1 0 2 80 313 0 1 1 25 80 314 0 1 1 25 80 313 0 1 0 3 80 314 0 1 0 3 80 313 0 1 1 35 80 314 0 1 1 35 80
4/4 43 0 1 0 0 80 44 0 1 0 0 80 43 0 1 1 5 80 44 0 1 1 5 80 43 0 1 0 1 80 44 0 1 0 1 80 43 0 1 1 15 80 44 0 1 1 15 80 43 0 1 0 2 80 44 0 1 0 2 80 43 0 1 1 25 80 44 0 1 1 25 80 43 0 1 0 3 80 44 0 1 0 3 80 43 0 1 1 35 80 44 0 1 1 35 80
4/4 43 0 1 0 0 80 44 0 1 0 0 80 43 0 1 1 5 80 44 0 1 1 5 80 43 0 1 0 1 80 44 0 1 0 1 80 43 0 1 1 15 80 44 0 1 1 15 80 43 0 1 0 2 80 44 0 1 0 2 80 43 0 1 1 25 80 44 0 1 1 25 80 43 0 1 0 3 80 44 0 1 0 3 80 43 0 1 1 35 80 44 0 1 1 35 80
4/4 53 0 1 0 0 80 23 0 1 0 0 80 54 0 1 0 0 80 53 1 5 1 5 80 53 1 5 0 1 80 53 0 1 1 15 80 23 0 1 1 15 80 54 0 1 1 15 80 53 1 5 0 2 80 53 1 5 1 25 80 53 0 1 0 3 80 23 0 1 0 3 80 54 0 1 0 3 80 53 1 5 1 35 80
4/4 53 0 1 0 0 80 23 0 1 0 0 80 54 0 1 0 0 80 53 1 5 1 5 80 23 0 1 0 1 80 54 0 1 0 1 80 53 1 5 1 15 80 58 0 1 0 2 80 48 0 1 0 2 80 318 0 1 0 2 80 27 0 1 2 225 80 17 0 1 2 225 80 717 0 1 2 225 80 617 0 1 1 25 80 57 0 1 1 25 80 47 0 1 1 25 80 317 0 1 2 275 80 26 0 1 2 275 80 15 1 5 0 3 80
4/4 12 0 1 0 0 80 13 0 1 0 0 80 54 1 5 1 5 80 14 1 5 0 1 80 54 1 5 1 15 80 315 1 5 0 2 80 54 1 5 1 25 80 14 1 5 0 3 80 54 1 5 1 35 80
4/4 43 0 1 0 0 80 44 0 1 0 0 80 13 1 5 1 5 80 44 1 5 0 1 80 13 1 5 1 15 80 43 1 5 0 2 80 44 1 5 1 25 80 13 1 5 0 3 80 43 1 5 1 35 80
4/4 54 0 1 0 0 80 53 0 1 0 0 80 23 1 5 1 5 80 54 1 5 0 1 80 23 1 5 1 15 80 53 1 5 0 2 80 54 1 5 1 25 80 23 1 5 0 3 80 53 1 5 1 35 80
4/4 64 0 1 0 0 80 63 0 1 0 0 80 23 1 5 1 5 80 64 1 5 0 1 80 23 1 5 1 15 80 63 1 5 0 2 80 64 1 5 1 25 80 23 1 5 0 3 80 613 1 5 1 35 80
4/4 612 0 1 0 0 80 613 0 1 0 0 80 613 1 5 0 1 80 314 1 5 1 15 80 614 1 5 0 2 80 314 1 5 1 25 80 13 1 5 0 3 80 613 1 5 1 35 80
4/4 52 0 1 0 0 80 53 0 1 0 0 80 53 1 5 0 1 80 23 1 5 1 15 80 54 1 5 0 2 80 23 1 5 1 25 80 713 1 5 0 3 80 53 1 5 1 35 80
4/4 42 0 1 0 0 80 43 0 1 0 0 80 43 1 5 0 1 80 13 1 5 1 15 80 44 1 5 0 2 80 13 1 5 1 25 80 613 1 5 0 3 80 43 1 5 1 35 80
4/4 312 0 1 0 0 80 313 0 1 0 0 80 313 1 5 0 1 80 13 1 5 1 15 80 314 1 5 0 2 80 13 1 5 1 25 80 53 1 5 0 3 80 313 1 5 1 35 80
4/4 22 0 1 0 0 80 23 0 1 0 0 80 22 0 1 1 5 80 23 0 1 1 5 80 22 0 1 0 1 80 23 0 1 0 1 80 22 0 1 1 15 80 23 0 1 1 15 80 22 0 1 0 2 80 23 0 1 0 2 80 22 0 1 1 25 80 23 0 1 1 25 80 22 0 1 0 3 80 23 0 1 0 3 80 22 0 1 1 35 80 23 0 1 1 35 80
4/4 313 0 1 0 0 80 314 0 1 0 0 80 313 0 1 1 5 80 314 0 1 1 5 80 313 0 1 0 1 80 314 0 1 0 1 80 313 0 1 1 15 80 314 0 1 1 15 80 313 0 1 0 2 80 314 0 1 0 2 80 313 0 1 1 25 80 314 0 1 1 25 80 313 0 1 0 3 80 314 0 1 0 3 80 313 0 1 1 35 80 314 0 1 1 35 80
4/4 43 0 1 0 0 80 13 0 1 0 0 80 44 0 1 0 0 80 43 1 5 1 5 80 43 1 5 0 1 80 43 0 1 1 15 80 13 0 1 1 15 80 44 0 1 1 15 80 43 1 5 0 2 80 43 1 5 1 25 80 43 0 1 0 3 80 13 0 1 0 3 80 44 0 1 0 3 80 43 1 5 1 35 80
4/4 53 0 1 0 0 110 23 0 1 0 0 110 54 0 1 0 0 110
4/4 12 1 5 0 0 80 13 1 5 1 5 80 12 1 5 0 1 80 13 1 5 1 15 80 12 1 5 0 2 80 13 1 5 1 25 80 12 1 5 0 3 80 13 1 5 1 35 80
4/4 12 1 5 0 0 80 13 1 5 1 5 80 12 1 5 0 1 80 13 1 5 1 15 80 12 1 5 0 2 80 13 1 5 1 25 80 12 1 5 0 3 80 13 1 5 1 35 80
4/4 12 1 5 0 0 80 13 1 5 1 5 80 12 1 5 0 1 80 13 1 5 1 15 80 12 1 5 0 2 80 13 1 5 1 25 80 12 1 5 0 3 80 13 1 5 1 35 80
4/4 12 1 5 0 0 80 13 1 5 1 5 80 12 1 5 0 1 80 13 1 5 1 15 80 12 1 5 0 2 80 13 1 5 1 25 80 12 1 5 0 3 80 13 1 5 1 35 80
4/4 12 1 5 0 0 80 13 1 5 1 5 80 12 1 5 0 1 80 13 1 5 1 15 80 12 1 5 0 2 80 13 1 5 1 25 80 12 1 5 0 3 80 13 1 5 1 35 80
4/4 12 1 5 0 0 80 13 1 5 1 5 80 12 1 5 0 1 80 13 1 5 1 15 80 12 1 5 0 2 80 13 1 5 1 25 80 12 1 5 0 3 80 13 1 5 1 35 80
4/4 612 1 5 0 0 80 613 1 5 1 5 80 612 0 1 0 1 80 613 0 1 0 1 80 612 0 1 1 15 80 613 0 1 1 15 80 612 0 1 0 2 80 613 0 1 0 2 80 612 0 1 1 25 80 613 0 1 1 25 80 612 0 1 0 3 80 613 0 1 0 3 80 612 0 1 1 35 80 613 0 1 1 35 80
4/4 712 0 1 0 0 80 713 0 1 0 0 80 712 0 1 1 5 80 713 0 1 1 5 80 712 0 1 0 1 80 713 0 1 0 1 80 712 0 1 1 15 80 713 0 1 1 15 80 712 0 1 0 2 80 713 0 1 0 2 80 712 0 1 1 25 80 713 0 1 1 25 80 712 0 1 0 3 80 713 0 1 0 3 80 712 0 1 1 35 80 713 0 1 1 35 80
2/4
4/4 12 0 1 0 0 110 13 0 1 0 0 110
4/4 12 0 1 0 0 110 13 0 1 0 0 110
4/4 12 0 1 0 0 110 13 0 1 0 0 110
4/4 12 0 1 0 0 110 13 0 1 0 0 110
4/4 12 0 1 0 0 110 13 0 1 0 0 110 12 0 1 0 2 80 13 0 1 0 2 80 12 0 1 1 35 110 13 0 1 1 35 110
