4/4 15 0 1 0 0 69 716 1 5 0 0 69 16 1 5 1 5 64 56 0 1 0 1 65 716 1 5 0 1 65 16 1 5 1 15 64 526 0 2 0 2 67 26 0 1 0 2 67 716 1 5 0 3 65 16 1 5 1 35 64
4/4 715 0 1 0 0 69 716 1 5 0 0 69 16 1 5 1 5 64 526 0 1 0 1 65 26 0 1 0 1 65 316 0 2 0 2 67 26 1 5 0 2 67 16 1 5 1 25 64 716 1 5 0 3 65 16 1 5 1 35 64
4/4 615 0 1 0 0 57 716 2 75 0 0 69 56 2 75 2 75 64 15 0 1 0 1 53 316 1 5 1 15 64 25 0 1 0 2 55 716 2 75 0 2 67 56 2 75 2 275 64 24 0 1 0 3 53 616 1 5 1 35 64
4/4 55 0 1 0 0 57 56 2 75 0 0 69 56 2 75 2 75 64 715 0 1 0 1 53 316 1 5 1 15 64 315 0 1 0 2 67 716 0 1 0 2 67
4/4 15 0 1 0 0 69 716 1 5 0 0 69 16 1 5 1 5 64 56 0 1 0 1 65 716 1 5 0 1 65 16 1 5 1 15 64 526 0 2 0 2 67 26 0 1 0 2 67 716 1 5 0 3 65 16 1 5 1 35 64
4/4 715 0 1 0 0 69 716 1 5 0 0 69 16 1 5 1 5 64 526 0 1 0 1 65 26 0 1 0 1 65 316 0 2 0 2 67 26 1 5 0 2 67 16 1 5 1 25 64 716 1 5 0 3 65 16 1 5 1 35 64
4/4 615 0 1 0 0 57 716 2 75 0 0 69 56 2 75 2 75 64 15 0 1 0 1 53 316 1 5 1 15 64 25 0 1 0 2 55 716 2 75 0 2 67 56 2 75 2 275 64 24 0 1 0 3 53 616 1 5 1 35 64
4/4 55 0 1 0 0 57 56 2 75 0 0 69 56 2 75 2 75 64 715 0 1 0 1 53 316 1 5 1 15 64 315 0 1 0 2 67 716 0 1 0 2 67
4/4 15 0 1 0 0 69 716 1 5 0 0 69 16 1 5 1 5 64 56 0 1 0 1 65 716 1 5 0 1 65 16 1 5 1 15 64 526 0 2 0 2 67 26 0 1 0 2 67 716 1 5 0 3 65 16 1 5 1 35 64
4/4 715 0 1 0 0 69 716 1 5 0 0 69 16 1 5 1 5 64 526 0 1 0 1 65 26 0 1 0 1 65 316 0 2 0 2 67 26 1 5 0 2 67 16 1 5 1 25 64 716 1 5 0 3 65 16 1 5 1 35 64
4/4 615 0 1 0 0 57 716 2 75 0 0 69 56 2 75 2 75 64 15 0 1 0 1 53 316 1 5 1 15 64 25 0 1 0 2 55 716 2 75 0 2 67 56 2 75 2 275 64 24 0 1 0 3 53 616 1 5 1 35 64
4/4 55 0 1 0 0 57 56 2 75 0 0 69 56 2 75 2 75 64 715 0 1 0 1 53 716 1 5 1 15 64 55 0 1 0 2 67 56 0 1 0 2 67
4/4 55 0 1 0 0 69 26 0 1 0 0 69 25 0 1 0 1 65 716 0 1 0 1 65 715 0 2 0 2 67 616 0 1 0 2 67 716 0 1 0 3 65
4/4 315 0 1 0 0 57 616 1 5 0 0 69 56 1 5 1 5 64 715 0 1 0 1 53 616 1 5 0 1 65 716 0 2 1 15 64 316 0 1 0 2 55 715 0 1 0 3 53 716 1 5 1 35 64
4/4 14 0 1 0 0 57 317 0 1 0 0 69 55 0 3 0 1 64 716 0 1 0 1 65 616 0 1 0 2 67 56 0 1 0 3 65
4/4 24 0 1 0 0 69 56 1 5 0 0 69 616 1 5 1 5 64 615 0 1 0 1 65 716 1 5 0 1 65 616 1 25 1 15 64 25 0 2 0 2 67
4/4 55 0 1 0 0 69 26 0 1 0 0 69 25 0 1 0 1 65 716 0 1 0 1 65 715 0 2 0 2 67 616 0 1 0 2 67 716 0 1 0 3 65
4/4 315 0 1 0 0 57 616 1 5 0 0 69 56 1 5 1 5 64 715 0 1 0 1 53 616 1 5 0 1 65 716 0 2 1 15 64 316 0 1 0 2 55 715 0 1 0 3 53 716 1 5 1 35 64
4/4 14 0 1 0 0 57 317 0 1 0 0 57 55 0 1 0 1 53 716 0 1 0 1 53 24 0 1 0 2 55 56 0 1 0 2 55 25 0 1 0 3 53 716 0 1 0 3 53
4/4 55 0 1 0 0 57 56 0 3 0 0 64 24 0 1 0 1 53 54 0 2 0 2 67 56 2 25 1 35 64 25 2 25 2 375 64
4/4 14 0 1 0 0 69 316 2 75 0 0 69 316 2 75 2 75 64 15 0 1 0 1 65 25 1 5 1 15 64 24 0 2 0 2 67 56 2 75 0 2 67 56 2 75 2 275 64 56 2 25 1 35 64 25 2 25 2 375 64
4/4 714 0 1 0 0 69 316 2 75 0 0 69 316 2 75 2 75 64 715 0 1 0 1 65 25 1 5 1 15 64 315 0 2 0 2 67 56 2 75 0 2 67 716 2 75 2 275 64 56 2 25 1 35 64 25 2 25 2 375 64
4/4 614 0 1 0 0 57 316 2 75 0 0 69 316 2 75 2 75 64 15 0 1 0 1 53 25 1 5 1 15 64 24 0 1 0 2 55 56 2 75 0 2 67 56 2 75 2 275 64 25 0 1 0 3 53 616 1 5 1 35 64
4/4 55 0 1 0 0 57 56 2 75 0 0 69 56 2 75 2 75 64 25 0 1 0 1 53 316 1 5 1 15 64 315 0 2 0 2 67 716 1 15 0 2 67 56 2 25 1 35 64 25 2 25 2 375 64
4/4 14 0 1 0 0 69 316 2 75 0 0 69 316 2 75 2 75 64 15 0 1 0 1 65 25 1 5 1 15 64 24 0 2 0 2 67 56 2 75 0 2 67 56 2 75 2 275 64 56 2 25 1 35 64 25 2 25 2 375 64
4/4 714 0 1 0 0 69 316 2 75 0 0 69 316 2 75 2 75 64 715 0 1 0 1 65 25 1 5 1 15 64 315 0 1 0 2 67 716 0 1 0 2 67
4/4
