1/4 53 0 1 2 75 80 613 0 1 2 75 80
1/4 23 1 5 0 0 80 53 2 25 1 5 80 523 2 25 2 75 80
1/4 523 1 5 0 0 80 23 1 5 1 5 80
1/4 23 1 5 0 0 80 53 1 5 1 5 80
1/4 523 1 5 0 0 80 53 1 5 1 5 80
1/4 23 1 5 0 0 80 53 2 25 1 5 80 523 2 25 2 75 80
1/4 523 1 5 0 0 80 23 1 5 1 5 80
1/4 23 1 5 0 0 80 53 1 5 1 5 80
1/4 523 1 5 0 0 80 53 1 5 1 5 80
1/4 23 1 5 0 0 80 53 2 25 1 5 80 523 2 25 2 75 80
1/4 523 1 5 0 0 80 23 1 5 1 5 80
1/4 23 1 5 0 0 80 53 1 5 1 5 80
1/4 523 1 5 0 0 80 53 1 5 1 5 80
1/4 23 1 5 0 0 80 53 2 25 1 5 80 523 2 25 2 75 80
1/4 523 1 5 0 0 80 23 1 5 1 5 80
1/4 23 1 5 0 0 80 53 1 5 1 5 80
1/4 523 1 5 0 0 80 53 1 5 1 5 80
1/4 23 0 1 0 0 80
1/4 53 1 5 0 0 80 53 2 25 1 5 80 53 2 25 2 75 80
1/4 53 1 5 0 0 80 523 1 5 1 5 80
1/4 53 1 5 0 0 80 22 1 5 1 5 80
1/4 23 0 1 0 0 80
1/4 22 1 5 0 0 80 22 2 25 1 5 80 53 2 25 2 75 80
1/4 53 1 5 0 0 80 523 1 5 1 5 80
1/4 53 1 5 0 0 80 613 1 5 1 5 80
1/4 23 0 1 0 0 80
1/4 53 1 5 0 0 80 53 2 25 1 5 80 53 2 25 2 75 80
1/4 53 1 5 0 0 80 523 1 5 1 5 80
1/4 53 1 5 0 0 80 22 1 5 1 5 80
1/4 23 0 1 0 0 80
1/4 22 1 5 0 0 80 22 2 25 1 5 80 53 2 25 2 75 80
1/4 53 1 5 0 0 80 613 1 5 1 5 80
1/4 713 1 5 0 0 80 53 1 5 1 5 80
1/4 23 0 1 0 0 80
1/4 53 1 5 0 0 80 53 2 25 1 5 80 53 2 25 2 75 80
1/4 53 1 5 0 0 80 523 1 5 1 5 80
1/4 53 1 5 0 0 80 22 1 5 1 5 80
1/4 23 0 1 0 0 80
1/4 22 1 5 0 0 80 22 2 25 1 5 80 53 2 25 2 75 80
1/4 53 1 5 0 0 80 613 1 5 1 5 80
1/4 713 1 5 0 0 80 13 1 5 1 5 80
1/4 713 1 5 0 0 80 53 1 5 1 5 80
1/4 53 0 1 0 0 80
1/4 53 0 1 0 0 80
1/4 53 2 75 0 0 80
1/4 14 0 1 0 0 80 614 0 1 0 0 80
1/4 714 0 1 0 0 80 54 0 1 0 0 80
1/4 24 0 1 0 0 80 714 0 1 0 0 80
1/4 54 0 1 0 0 80 23 0 1 0 0 80 313 0 1 2 75 80 53 0 1 2 75 80 23 0 1 2 75 80
1/4 313 0 1 0 0 80 53 0 1 0 0 80 23 0 1 0 0 80
1/4 53 1 5 0 0 80 53 2 25 1 5 80 53 2 25 2 75 80
1/4 53 1 5 0 0 80 523 1 5 1 5 80
1/4 53 1 5 0 0 80 22 1 5 1 5 80
1/4 23 0 1 0 0 80
1/4 22 1 5 0 0 80 22 2 25 1 5 80 53 2 25 2 75 80
1/4 53 1 5 0 0 80 523 1 5 1 5 80
1/4 53 1 5 0 0 80 613 1 5 1 5 80 22 0 1 2 75 80 53 0 1 2 75 80 23 0 1 2 75 80
1/4 22 0 1 0 0 80 53 0 1 0 0 80 23 0 1 0 0 80
1/4 53 1 5 0 0 80 53 2 25 1 5 80 53 2 25 2 75 80
1/4 53 1 5 0 0 80 523 1 5 1 5 80
1/4 53 1 5 0 0 80 22 1 5 1 5 80
1/4 23 0 1 0 0 80
1/4 22 1 5 0 0 80 22 2 25 1 5 80 53 2 25 2 75 80
1/4 53 1 5 0 0 80 613 1 5 1 5 80
1/4 713 1 5 0 0 80 13 1 5 1 5 80 12 0 1 2 75 80 53 0 1 2 75 80 23 0 1 2 75 80
1/4 12 0 1 0 0 80 53 0 1 0 0 80 23 0 1 0 0 80
1/4 12 0 1 0 0 80 53 0 1 0 0 80 23 0 1 0 0 80 53 2 25 1 5 80 53 2 25 2 75 80
1/4 53 0 1 0 0 80
1/4 53 2 25 0 0 80 53 1 5 1 5 80 22 0 1 2 75 80 53 0 1 2 75 80 23 0 1 2 75 80
1/4 22 0 1 0 0 80 53 0 1 0 0 80 23 0 1 0 0 80
1/4 22 0 1 0 0 80 53 0 1 0 0 80 23 0 1 0 0 80 53 2 25 1 5 80 53 2 25 2 75 80
1/4 53 0 1 0 0 80
1/4 53 2 25 0 0 80 53 1 5 1 5 80 712 0 1 2 75 80 313 0 1 2 75 80 613 0 1 2 75 80
1/4 712 0 1 0 0 80 313 0 1 0 0 80 613 0 1 0 0 80
1/4 712 0 1 0 0 80 313 0 1 0 0 80 613 0 1 0 0 80 53 1 5 1 5 80
1/4 53 0 1 0 0 80
1/4 53 2 75 0 0 80
1/4 523 0 1 0 0 80 613 0 1 0 0 80 53 0 1 1 5 80 713 0 1 1 5 80
1/4 613 0 1 0 0 80 13 0 1 0 0 80 53 0 1 1 5 80 713 0 1 1 5 80
1/4 53 0 1 0 0 80 713 0 1 0 0 80 53 0 1 1 5 80 713 0 1 1 5 80
1/4 523 0 1 0 0 80 613 0 1 0 0 80 313 0 1 1 5 80 53 0 1 1 5 80
1/4
1/4 13 1 5 0 0 80 13 2 25 1 5 80 713 2 25 2 75 80
1/4 713 1 5 0 0 80 713 1 5 1 5 80
1/4 713 1 5 0 0 80 53 1 5 1 5 80
1/4 613 1 5 0 0 80 53 1 5 1 5 80
1/4 613 1 5 0 0 80 53 2 25 1 5 80 713 2 25 2 75 80
1/4 713 1 5 0 0 80 53 1 5 1 5 80
1/4 613 1 5 0 0 80 53 1 5 1 5 80
1/4
1/4 13 1 5 0 0 80 13 2 25 1 5 80 23 2 25 2 75 80
1/4 23 1 5 0 0 80 53 1 5 1 5 80
1/4 53 1 5 0 0 80 22 1 5 1 5 80
1/4 313 1 5 0 0 80 22 1 5 1 5 80
1/4 22 2 25 0 0 80 22 1 5 2 25 80 53 2 25 2 75 80
1/4 53 1 5 0 0 80 53 1 5 1 5 80
1/4 613 1 5 0 0 80 713 1 5 1 5 80
1/4
1/4 13 2 25 0 0 80 13 2 25 2 25 80 13 2 25 1 5 80 13 2 25 2 75 80
1/4 13 1 5 0 0 80 713 1 5 1 5 80
1/4 713 1 5 0 0 80 53 1 5 1 5 80
1/4 613 1 5 0 0 80 53 1 5 1 5 80
1/4 613 1 5 0 0 80 53 2 25 1 5 80 713 2 25 2 75 80
1/4 713 1 5 0 0 80 53 1 5 1 5 80
1/4 613 1 5 0 0 80 53 1 5 1 5 80
1/4 33 0 1 0 0 80
1/4 33 2 25 0 0 80 73 1 5 1 5 80
1/4 73 2 75 0 0 80
1/4 53 1 5 0 0 80 33 1 5 1 5 80
1/4 43 0 1 0 0 80
1/4 12 1 5 0 0 80 12 0 1 1 5 80 43 0 1 1 5 80 613 0 1 1 5 80 13 0 1 1 5 80
1/4 12 0 1 0 0 80 43 0 1 0 0 80 613 0 1 0 0 80 13 0 1 0 0 80 12 1 5 1 5 80
1/4 12 0 1 0 0 80 43 0 1 0 0 80 613 0 1 0 0 80 12 1 5 1 5 80
1/4 22 0 1 0 0 80 523 0 1 0 0 80 613 0 1 0 0 80 22 0 1 2 25 80 523 0 1 2 25 80 613 0 1 2 25 80 22 0 1 2 75 80 523 0 1 2 75 80 613 0 1 2 75 80
1/4 22 0 1 0 0 80 523 0 1 0 0 80 613 0 1 0 0 80 22 0 1 2 25 80 523 0 1 2 25 80 613 0 1 2 25 80 22 0 1 1 5 80 523 0 1 1 5 80 613 0 1 1 5 80
1/4 22 0 1 0 0 80 523 0 1 0 0 80 613 0 1 0 0 80 22 0 1 2 25 80 523 0 1 2 25 80 613 0 1 2 25 80
1/4 53 2 25 0 0 80 613 2 25 2 25 80 713 2 25 1 5 80 13 2 25 2 75 80
1/4 23 1 5 0 0 80 53 2 25 1 5 80 523 2 25 2 75 80
1/4 523 2 25 0 0 80 53 2 25 2 25 80 23 1 5 1 5 80
1/4 23 0 1 0 0 80
1/4 23 2 25 0 0 80 23 2 25 1 5 80 23 2 25 2 75 80
1/4 23 1 5 0 0 80 53 2 25 1 5 80 523 2 25 2 75 80
1/4 523 2 25 0 0 80 613 2 25 2 25 80 53 1 5 1 5 80
1/4 53 0 1 0 0 80
1/4 53 2 25 0 0 80 613 2 25 2 25 80 713 1 5 1 5 80
1/4 713 0 1 0 0 80
1/4 53 2 25 0 0 80 613 2 25 2 25 80 713 1 5 1 5 80
1/4 13 1 5 0 0 80 713 1 5 1 5 80
1/4 53 1 5 0 0 80 22 1 5 1 5 80
1/4 53 1 5 0 0 80 613 1 5 1 5 80
1/4 713 1 5 0 0 80 613 1 5 1 5 80
1/4 613 0 1 0 0 80
1/4 53 2 25 0 0 80 613 2 25 2 25 80 713 2 25 1 5 80 13 2 25 2 75 80
1/4 23 1 5 0 0 80 53 2 25 1 5 80 523 2 25 2 75 80
1/4 523 2 25 0 0 80 53 2 25 2 25 80 23 1 5 1 5 80
1/4 23 0 1 0 0 80
1/4 23 2 25 0 0 80 23 2 25 1 5 80 23 2 25 2 75 80
1/4 23 1 5 0 0 80 53 2 25 1 5 80 523 2 25 2 75 80
1/4 523 2 25 0 0 80 613 2 25 2 25 80 53 1 5 1 5 80
1/4 53 0 1 0 0 80
1/4 53 2 25 0 0 80 613 2 25 2 25 80 713 1 5 1 5 80
1/4 713 0 1 0 0 80
1/4 53 2 25 0 0 80 613 2 25 2 25 80 713 1 5 1 5 80
1/4 13 1 5 0 0 80 713 2 25 1 5 80 613 2 25 2 75 80
1/4 613 1 5 0 0 80 22 1 5 1 5 80
1/4 53 1 5 0 0 80 613 1 5 1 5 80
1/4 713 1 5 0 0 80 613 1 5 1 5 80
1/4 613 1 5 0 0 80 613 1 5 1 5 80
1/4 713 1 5 0 0 80 13 1 5 1 5 80
1/4 53 0 1 0 0 80 713 0 1 0 0 80 23 0 1 0 0 80
1/4 53 0 1 0 0 80 713 0 1 0 0 80 23 0 1 0 0 80 53 0 1 1 5 80 713 0 1 1 5 80 23 0 1 1 5 80
1/4 53 0 1 0 0 80 713 0 1 0 0 80 23 0 1 0 0 80
1/4 53 0 1 0 0 80 713 0 1 0 0 80 23 0 1 0 0 80 53 0 1 1 5 80 713 0 1 1 5 80 23 0 1 1 5 80 523 0 1 2 75 80 713 0 1 2 75 80 34 0 1 2 75 80
1/4 523 0 1 0 0 80 713 0 1 0 0 80 34 0 1 0 0 80
1/4 713 1 5 0 0 80 613 1 5 1 5 80
1/4 613 1 5 0 0 80 713 1 5 1 5 80
1/4 713 0 1 0 0 80
1/4 613 0 1 0 0 80
1/4 53 1 5 0 0 80 523 1 5 1 5 80
1/4 523 1 5 0 0 80 53 1 5 1 5 80
1/4 523 0 1 0 0 80 613 0 1 0 0 80 314 0 1 0 0 80
1/4 523 0 1 0 0 80 613 0 1 0 0 80 314 0 1 0 0 80
1/4
1/4
1/4
1/4
1/4 53 1 5 0 0 80 53 2 25 1 5 80 53 2 25 2 75 80
1/4 53 1 5 0 0 80 613 1 5 1 5 80
1/4 713 1 5 0 0 80 13 1 5 1 5 80
1/4 23 0 1 0 0 80
1/4 23 2 25 0 0 80 22 1 5 1 5 80
1/4 13 1 5 0 0 80 713 1 5 1 5 80
1/4 53 1 5 0 0 80 613 1 5 1 5 80
1/4 313 0 1 0 0 80 53 0 1 0 0 80
1/4 313 0 1 0 0 80 53 0 1 0 0 80
1/4 313 0 1 0 0 80 53 0 1 0 0 80
1/4 313 0 1 0 0 80 53 0 1 0 0 80
1/4 23 1 5 0 0 80 53 2 25 1 5 80 523 2 25 2 75 80
1/4 523 1 5 0 0 80 23 1 5 1 5 80
1/4 23 1 5 0 0 80 53 1 5 1 5 80
1/4 523 1 5 0 0 80 53 1 5 1 5 80
1/4 13 0 1 0 0 80
1/4 13 0 1 0 0 80
1/4 13 0 1 0 0 80
1/4 13 3 667 0 0 80
1/4
1/4 11 0 1 0 0 80 52 0 1 0 0 80 12 0 1 0 0 80 11 2 25 2 75 80
1/4 11 1 5 0 0 80 11 0 1 1 5 80 52 0 1 1 5 80 12 0 1 1 5 80
1/4 11 0 1 0 0 80 52 0 1 0 0 80 12 0 1 0 0 80 11 1 5 1 5 80
1/4 11 0 1 0 0 80 52 0 1 0 0 80 12 0 1 0 0 80 11 1 5 1 5 80
1/4 11 0 1 0 0 80 52 0 1 0 0 80 12 0 1 0 0 80 11 2 25 2 75 80
1/4 11 1 5 0 0 80 11 0 1 1 5 80 52 0 1 1 5 80 12 0 1 1 5 80
1/4 11 0 1 0 0 80 52 0 1 0 0 80 12 0 1 0 0 80 11 1 5 1 5 80
1/4 11 0 1 0 0 80 52 0 1 0 0 80 12 0 1 0 0 80 11 1 5 1 5 80
1/4 711 0 1 0 0 80 52 0 1 0 0 80 712 0 1 0 0 80 711 2 25 2 75 80
1/4 711 1 5 0 0 80 711 0 1 1 5 80 52 0 1 1 5 80 712 0 1 1 5 80
1/4 711 0 1 0 0 80 52 0 1 0 0 80 712 0 1 0 0 80 711 1 5 1 5 80
1/4 711 0 1 0 0 80 52 0 1 0 0 80 712 0 1 0 0 80 711 1 5 1 5 80
1/4 711 0 1 0 0 80 52 0 1 0 0 80 712 0 1 0 0 80 711 2 25 2 75 80
1/4 711 1 5 0 0 80 711 0 1 1 5 80 52 0 1 1 5 80 712 0 1 1 5 80
1/4 711 0 1 0 0 80 52 0 1 0 0 80 712 0 1 0 0 80 711 1 5 1 5 80
1/4 711 0 1 0 0 80 52 0 1 0 0 80 712 0 1 0 0 80 711 1 5 1 5 80
1/4 12 0 1 0 0 80 52 0 1 0 0 80 11 0 1 0 0 80
1/4 11 1 5 0 0 80 11 0 1 1 5 80 52 0 1 1 5 80 12 0 1 1 5 80
1/4 11 0 1 0 0 80 52 0 1 0 0 80 12 0 1 0 0 80 11 1 5 1 5 80
1/4 11 0 1 0 0 80 52 0 1 0 0 80 12 0 1 0 0 80 11 1 5 1 5 80
1/4 11 0 1 0 0 80 52 0 1 0 0 80 12 0 1 0 0 80
1/4 11 1 5 0 0 80 11 0 1 1 5 80 52 0 1 1 5 80 12 0 1 1 5 80
1/4 11 0 1 0 0 80 52 0 1 0 0 80 12 0 1 0 0 80 11 1 5 1 5 80
1/4 11 0 1 0 0 80 52 0 1 0 0 80 12 0 1 0 0 80 11 1 5 1 5 80
1/4 711 0 1 0 0 80 52 0 1 0 0 80 712 0 1 0 0 80
1/4 711 1 5 0 0 80 711 0 1 1 5 80 52 0 1 1 5 80 712 0 1 1 5 80
1/4 711 0 1 0 0 80 52 0 1 0 0 80 712 0 1 0 0 80 711 1 5 1 5 80
1/4 711 0 1 0 0 80 52 0 1 0 0 80 712 0 1 0 0 80 711 1 5 1 5 80
1/4 711 0 1 0 0 80 52 0 1 0 0 80 712 0 1 0 0 80
1/4 711 1 5 0 0 80 711 0 1 1 5 80 52 0 1 1 5 80 712 0 1 1 5 80
1/4 711 0 1 0 0 80 52 0 1 0 0 80 712 0 1 0 0 80 711 1 5 1 5 80
1/4 711 0 1 0 0 80 52 0 1 0 0 80 712 0 1 0 0 80 711 1 5 1 5 80
1/4 11 0 1 0 0 80 52 0 1 0 0 80 12 0 1 0 0 80
1/4 11 1 5 0 0 80 11 0 1 1 5 80 52 0 1 1 5 80 12 0 1 1 5 80
1/4 11 0 1 0 0 80 52 0 1 0 0 80 12 0 1 0 0 80 11 1 5 1 5 80
1/4 11 0 1 0 0 80 52 0 1 0 0 80 12 0 1 0 0 80 11 1 5 1 5 80
1/4 11 0 1 0 0 80 52 0 1 0 0 80 12 0 1 0 0 80
1/4 11 1 5 0 0 80 11 0 1 1 5 80 52 0 1 1 5 80 12 0 1 1 5 80
1/4 11 0 1 0 0 80 52 0 1 0 0 80 12 0 1 0 0 80 11 1 5 1 5 80
1/4 11 0 1 0 0 80 52 0 1 0 0 80 12 0 1 0 0 80 11 1 5 1 5 80
1/4 312 0 1 0 0 80 712 0 1 0 0 80 313 0 1 0 0 80
1/4 312 0 1 1 5 80 712 0 1 1 5 80 313 0 1 1 5 80
1/4 312 0 1 0 0 80 712 0 1 0 0 80 313 0 1 0 0 80 312 1 5 1 5 80
1/4 312 0 1 0 0 80 712 0 1 0 0 80 313 0 1 0 0 80 312 1 5 1 5 80
1/4 312 1 5 0 0 80 712 1 5 1 5 80
1/4 313 1 5 0 0 80 312 1 5 1 5 80
1/4 21 1 5 0 0 80 712 1 5 1 5 80
1/4 22 1 5 0 0 80 21 1 5 1 5 80
1/4 11 1 5 0 0 80 51 1 5 1 5 80
1/4 11 1 5 0 0 80 11 0 1 1 5 80 52 0 1 1 5 80 12 0 1 1 5 80
1/4 11 0 1 0 0 80 52 0 1 0 0 80 12 0 1 0 0 80 11 1 5 1 5 80
1/4 12 0 1 0 0 80 52 0 1 0 0 80 11 0 1 0 0 80 11 1 5 1 5 80
1/4 11 0 1 0 0 80 52 0 1 0 0 80 12 0 1 0 0 80
1/4 11 1 5 0 0 80 12 0 1 1 5 80 52 0 1 1 5 80 11 0 1 1 5 80
1/4 12 0 1 0 0 80 52 0 1 0 0 80 11 0 1 0 0 80 11 1 5 1 5 80
1/4 11 0 1 0 0 80 52 0 1 0 0 80 12 0 1 0 0 80 11 1 5 1 5 80
1/4 711 1 5 0 0 80 51 1 5 1 5 80
1/4 21 1 5 0 0 80 711 0 1 1 5 80 52 0 1 1 5 80 712 0 1 1 5 80
1/4 711 0 1 0 0 80 52 0 1 0 0 80 712 0 1 0 0 80 711 1 5 1 5 80
1/4 712 0 1 0 0 80 52 0 1 0 0 80 711 0 1 0 0 80 711 1 5 1 5 80
1/4 711 0 1 0 0 80 52 0 1 0 0 80 712 0 1 0 0 80
1/4 711 1 5 0 0 80 711 0 1 1 5 80 52 0 1 1 5 80 712 0 1 1 5 80
1/4 711 0 1 0 0 80 52 0 1 0 0 80 712 0 1 0 0 80 711 1 5 1 5 80
1/4 711 0 1 0 0 80 52 0 1 0 0 80 712 0 1 0 0 80 711 1 5 1 5 80
1/4 11 1 5 0 0 80 51 1 5 1 5 80
1/4 11 1 5 0 0 80 11 0 1 1 5 80 52 0 1 1 5 80 12 0 1 1 5 80
1/4 11 0 1 0 0 80 52 0 1 0 0 80 12 0 1 0 0 80 11 1 5 1 5 80
1/4 12 0 1 0 0 80 52 0 1 0 0 80 11 0 1 0 0 80 11 1 5 1 5 80
1/4 21 1 5 0 0 80 611 1 5 1 5 80
1/4 21 1 5 0 0 80 21 0 1 1 5 80 612 0 1 1 5 80 22 0 1 1 5 80
1/4 21 0 1 0 0 80 612 0 1 0 0 80 22 0 1 0 0 80 21 1 5 1 5 80
1/4 22 0 1 0 0 80 612 0 1 0 0 80 21 0 1 0 0 80 21 1 5 1 5 80
1/4 311 1 5 0 0 80 711 1 5 1 5 80
1/4 312 1 5 0 0 80 312 0 1 1 5 80 712 0 1 1 5 80 313 0 1 1 5 80
1/4 312 0 1 0 0 80 712 0 1 0 0 80 313 0 1 0 0 80 312 1 5 1 5 80
1/4 313 0 1 0 0 80 712 0 1 0 0 80 312 0 1 0 0 80 312 1 5 1 5 80
1/4 21 1 5 0 0 80 522 1 5 1 5 80
1/4 612 1 5 0 0 80 22 1 5 1 5 80
1/4 21 1 5 0 0 80 611 1 5 1 5 80
1/4 521 1 5 0 0 80 21 1 5 1 5 80
1/4 11 1 5 0 0 80 52 1 5 1 5 80
1/4 12 1 5 0 0 80 11 1 5 1 5 80
1/4 711 1 5 0 0 80 52 1 5 1 5 80
1/4 712 1 5 0 0 80 52 1 5 1 5 80
1/4 611 1 5 0 0 80 312 1 5 1 5 80
1/4 612 1 5 0 0 80 611 1 5 1 5 80
1/4 51 1 5 0 0 80 21 1 5 1 5 80
1/4 52 1 5 0 0 80 21 1 5 1 5 80
1/4 11 1 5 0 0 80 52 1 5 1 5 80
1/4 12 1 5 0 0 80 11 1 5 1 5 80
1/4 711 1 5 0 0 80 52 1 5 1 5 80
1/4 712 1 5 0 0 80 52 1 5 1 5 80
1/4 611 1 5 0 0 80 312 1 5 1 5 80
1/4 612 1 5 0 0 80 611 1 5 1 5 80
1/4 51 1 5 0 0 80 21 1 5 1 5 80
1/4 52 1 5 0 0 80 21 1 5 1 5 80
1/4 11 1 5 0 0 80 52 1 5 1 5 80
1/4 12 1 5 0 0 80 11 1 5 1 5 80
1/4 711 1 5 0 0 80 52 1 5 1 5 80
1/4 712 1 5 0 0 80 52 1 5 1 5 80
1/4 611 1 5 0 0 80 312 1 5 1 5 80
1/4 612 1 5 0 0 80 611 1 5 1 5 80
1/4 51 1 5 0 0 80 21 1 5 1 5 80
1/4 52 1 5 0 0 80 21 1 5 1 5 80
1/4 31 1 5 0 0 80 71 1 5 1 5 80
1/4 32 1 5 0 0 80 32 0 1 1 5 80 72 0 1 1 5 80 33 0 1 1 5 80
1/4 32 0 1 0 0 80 72 0 1 0 0 80 33 0 1 0 0 80 32 1 5 1 5 80
1/4 33 0 1 0 0 80 72 0 1 0 0 80 32 0 1 0 0 80 32 1 5 1 5 80
1/4 41 1 5 0 0 80 11 1 5 1 5 80
1/4 42 1 5 0 0 80 41 0 1 1 5 80 11 0 1 1 5 80 42 0 1 1 5 80
1/4 41 0 1 0 0 80 11 0 1 0 0 80 42 0 1 0 0 80 41 1 5 1 5 80
1/4 41 0 1 0 0 80 11 0 1 0 0 80 42 0 1 0 0 80 41 1 5 1 5 80
1/4 22 0 1 0 0 80 612 0 1 0 0 80 21 0 1 0 0 80 22 0 1 2 25 80 612 0 1 2 25 80 21 0 1 2 25 80 22 0 1 2 75 80 612 0 1 2 75 80 21 0 1 2 75 80
1/4 22 0 1 0 0 80 612 0 1 0 0 80 21 0 1 0 0 80 22 0 1 2 25 80 612 0 1 2 25 80 21 0 1 2 25 80 22 0 1 1 5 80 612 0 1 1 5 80 21 0 1 1 5 80
1/4 22 0 1 0 0 80 612 0 1 0 0 80 21 0 1 0 0 80 22 0 1 2 25 80 612 0 1 2 25 80 21 0 1 2 25 80
1/4 22 0 1 0 0 80 612 0 1 0 0 80 21 0 1 0 0 80
1/4 11 0 1 0 0 80 51 0 1 0 0 80 11 0 1 0 0 80
1/4 11 0 1 0 0 80 51 0 1 0 0 80 11 0 1 0 0 80 12 0 1 1 5 80 52 0 1 1 5 80 11 0 1 1 5 80
1/4 12 0 1 0 0 80 52 0 1 0 0 80 11 0 1 0 0 80 11 1 5 1 5 80
1/4 12 0 1 0 0 80 52 0 1 0 0 80 11 1 5 1 5 80
1/4 21 0 1 0 0 80 611 0 1 0 0 80 21 0 1 0 0 80
1/4 21 0 1 0 0 80 611 0 1 0 0 80 21 0 1 0 0 80 313 0 1 1 5 80 712 0 1 1 5 80 312 0 1 1 5 80
1/4 313 0 1 0 0 80 712 0 1 0 0 80 312 0 1 0 0 80 312 1 5 1 5 80
1/4 313 0 1 0 0 80 712 0 1 0 0 80 312 1 5 1 5 80
1/4 711 0 1 0 0 80 521 0 1 0 0 80 711 0 1 0 0 80
1/4 711 0 1 0 0 80 521 0 1 0 0 80 711 0 1 0 0 80
1/4 12 0 1 0 0 80 52 0 1 0 0 80 11 0 1 0 0 80
1/4 12 0 1 0 0 80 52 0 1 0 0 80 11 0 1 0 0 80 12 0 1 1 5 80 52 0 1 1 5 80 11 0 1 1 5 80
1/4 21 1 5 0 0 80 611 1 5 1 5 80
1/4 21 1 5 0 0 80 21 0 1 1 5 80 612 0 1 1 5 80 22 0 1 1 5 80
1/4 21 0 1 0 0 80 612 0 1 0 0 80 22 0 1 0 0 80 21 1 5 1 5 80
1/4 22 0 1 0 0 80 612 0 1 0 0 80 21 0 1 0 0 80 21 1 5 1 5 80
1/4 11 1 5 0 0 80 51 1 5 1 5 80
1/4 11 1 5 0 0 80 11 0 1 1 5 80 52 0 1 1 5 80 12 0 1 1 5 80
1/4 11 0 1 0 0 80 52 0 1 0 0 80 12 0 1 0 0 80 11 1 5 1 5 80
1/4 12 0 1 0 0 80 52 0 1 0 0 80 11 1 5 1 5 80
1/4 21 1 5 0 0 80 611 1 5 1 5 80
1/4 21 1 5 0 0 80 312 0 1 1 5 80 712 0 1 1 5 80 313 0 1 1 5 80
1/4 312 0 1 0 0 80 712 0 1 0 0 80 313 0 1 0 0 80 312 1 5 1 5 80
1/4 313 0 1 0 0 80 712 0 1 0 0 80 312 1 5 1 5 80
1/4 711 1 5 0 0 80 521 1 5 1 5 80
1/4 711 0 1 0 0 80
1/4 12 0 1 0 0 80 52 0 1 0 0 80 11 0 1 0 0 80
1/4 12 0 1 0 0 80 52 0 1 0 0 80 11 0 1 0 0 80 11 1 5 1 5 80
1/4 21 1 5 0 0 80 611 1 5 1 5 80
1/4 21 1 5 0 0 80 21 0 1 1 5 80 612 0 1 1 5 80 22 0 1 1 5 80
1/4 21 0 1 0 0 80 612 0 1 0 0 80 22 0 1 0 0 80 21 1 5 1 5 80
1/4 22 0 1 0 0 80 612 0 1 0 0 80 21 0 1 0 0 80 21 1 5 1 5 80
1/4 51 1 5 0 0 80 21 1 5 1 5 80
1/4 51 1 5 0 0 80 51 0 1 1 5 80 21 0 1 1 5 80 52 0 1 1 5 80
1/4 51 0 1 0 0 80 21 0 1 0 0 80 52 0 1 0 0 80 51 1 5 1 5 80
1/4 21 0 1 0 0 80 52 0 1 0 0 80 51 1 5 1 5 80
1/4 711 1 5 0 0 80 711 1 5 1 5 80
1/4 522 1 5 0 0 80 711 0 1 1 5 80 522 0 1 1 5 80 712 0 1 1 5 80
1/4 711 0 1 0 0 80 522 0 1 0 0 80 712 0 1 0 0 80 711 1 5 1 5 80
1/4 712 0 1 0 0 80 522 0 1 0 0 80 711 0 1 0 0 80 711 1 5 1 5 80
1/4 313 0 1 0 0 80 712 0 1 0 0 80 312 0 1 0 0 80
1/4 312 1 5 0 0 80 21 0 1 1 5 80 612 0 1 1 5 80 22 0 1 1 5 80
1/4 21 0 1 0 0 80 612 0 1 0 0 80 22 0 1 0 0 80 21 1 5 1 5 80
1/4 222 0 1 0 0 80 612 0 1 0 0 80 221 0 1 0 0 80
1/4 221 1 5 0 0 80 221 1 5 1 5 80
1/4 612 1 5 0 0 80 221 0 1 1 5 80 612 0 1 1 5 80 222 0 1 1 5 80
1/4 221 0 1 0 0 80 612 0 1 0 0 80 222 0 1 0 0 80 221 1 5 1 5 80
1/4 222 0 1 0 0 80 612 0 1 0 0 80 221 0 1 0 0 80 221 1 5 1 5 80
1/4 11 1 5 0 0 80 11 1 5 1 5 80
1/4 52 1 5 0 0 80 11 0 1 1 5 80 52 0 1 1 5 80 12 0 1 1 5 80
1/4 11 0 1 0 0 80 52 0 1 0 0 80 12 0 1 0 0 80 11 1 5 1 5 80
1/4 12 0 1 0 0 80 52 0 1 0 0 80 11 0 1 0 0 80 11 1 5 1 5 80
1/4 22 0 1 0 0 80 612 0 1 0 0 80 21 0 1 0 0 80
1/4 22 0 1 0 0 80 612 0 1 0 0 80 21 0 1 0 0 80
1/4
1/4
1/4 11 0 1 0 0 80 52 0 1 0 0 80 12 0 1 0 0 80 11 2 25 2 75 80
1/4 11 1 5 0 0 80 12 0 1 1 5 80 52 0 1 1 5 80 11 0 1 1 5 80
1/4 12 0 1 0 0 80 52 0 1 0 0 80 11 0 1 0 0 80 11 1 5 1 5 80
1/4 11 0 1 0 0 80 52 0 1 0 0 80 12 0 1 0 0 80 11 1 5 1 5 80
1/4 12 0 1 0 0 80 52 0 1 0 0 80
1/4 12 0 1 0 0 80 52 0 1 0 0 80 12 0 1 1 5 80 52 0 1 1 5 80
1/4 12 0 1 0 0 80 52 0 1 0 0 80
1/4 12 0 1 0 0 80 52 0 1 0 0 80
