1/4 53 0 1 2 75 90 612 0 1 2 75 71
1/4 23 1 5 0 0 85 53 2 25 1 5 81 523 2 25 2 75 76
1/4 523 1 5 0 0 79 23 1 5 1 5 77
1/4 23 1 5 0 0 76 53 1 5 1 5 73
1/4 523 1 5 0 0 90 53 1 5 1 5 84
1/4 23 1 5 0 0 81 53 2 25 1 5 77 523 2 25 2 75 77
1/4 523 1 5 0 0 73 23 1 5 1 5 87
1/4 23 1 5 0 0 86 53 1 5 1 5 85
1/4 523 1 5 0 0 80 53 1 5 1 5 83
1/4 23 1 5 0 0 74 53 2 25 1 5 83 523 2 25 2 75 83
1/4 523 1 5 0 0 86 23 1 5 1 5 82
1/4 23 1 5 0 0 73 53 1 5 1 5 79
1/4 523 1 5 0 0 90 53 1 5 1 5 81
1/4 23 1 5 0 0 83 53 2 25 1 5 85 523 2 25 2 75 83
1/4 523 1 5 0 0 83 23 1 5 1 5 75
1/4 23 1 5 0 0 86 53 1 5 1 5 85
1/4 523 1 5 0 0 74 53 1 5 1 5 82
1/4 23 0 1 0 0 81
1/4 53 1 5 0 0 81 53 2 25 1 5 79 53 2 25 2 75 87
1/4 53 1 5 0 0 82 523 1 5 1 5 90
1/4 53 1 5 0 0 75 22 1 5 1 5 88
1/4 23 0 1 0 0 75
1/4 22 1 5 0 0 71 22 2 25 1 5 76 53 2 25 2 75 72
1/4 53 1 5 0 0 75 523 1 5 1 5 83
1/4 53 1 5 0 0 90 613 1 5 1 5 81
1/4 23 0 1 0 0 79
1/4 53 1 5 0 0 75 53 2 25 1 5 79 53 2 25 2 75 78
1/4 53 1 5 0 0 81 523 1 5 1 5 74
1/4 53 1 5 0 0 71 22 1 5 1 5 88
1/4 23 0 1 0 0 74
1/4 22 1 5 0 0 87 22 2 25 1 5 74 53 2 25 2 75 79
1/4 53 1 5 0 0 77 613 1 5 1 5 89
1/4 713 1 5 0 0 76 53 1 5 1 5 73
1/4 23 0 1 0 0 87
1/4 53 1 5 0 0 85 53 2 25 1 5 83 53 2 25 2 75 76
1/4 53 1 5 0 0 77 523 1 5 1 5 83
1/4 53 1 5 0 0 86 22 1 5 1 5 85
1/4 23 0 1 0 0 73
1/4 22 1 5 0 0 84 22 2 25 1 5 72 53 2 25 2 75 78
1/4 53 1 5 0 0 71 613 1 5 1 5 77
1/4 713 1 5 0 0 77 13 1 5 1 5 76
1/4 713 1 5 0 0 70 53 1 5 1 5 72
1/4 53 0 1 0 0 86
1/4 53 0 1 0 0 75
1/4 53 2 75 0 0 75
1/4 14 0 1 0 0 78 613 0 1 0 0 83
1/4 714 0 1 0 0 89 53 0 1 0 0 83
1/4 24 0 1 0 0 76 713 0 1 0 0 72
1/4 54 0 1 0 0 73 22 0 1 0 0 83 313 0 1 2 75 79 53 0 1 2 75 70 22 0 1 2 75 75
1/4 313 0 1 0 0 88 53 0 1 0 0 79 22 0 1 0 0 82
1/4 53 1 5 0 0 82 53 2 25 1 5 70 53 2 25 2 75 86
1/4 53 1 5 0 0 87 523 1 5 1 5 90
1/4 53 1 5 0 0 90 22 1 5 1 5 81
1/4 23 0 1 0 0 86
1/4 22 1 5 0 0 84 22 2 25 1 5 79 53 2 25 2 75 76
1/4 53 1 5 0 0 85 523 1 5 1 5 71
1/4 53 1 5 0 0 85 613 1 5 1 5 74 22 0 1 2 75 78 53 0 1 2 75 71 22 0 1 2 75 73
1/4 22 0 1 0 0 72 53 0 1 0 0 79 22 0 1 0 0 75
1/4 53 1 5 0 0 89 53 2 25 1 5 75 53 2 25 2 75 86
1/4 53 1 5 0 0 87 523 1 5 1 5 73
1/4 53 1 5 0 0 89 22 1 5 1 5 82
1/4 23 0 1 0 0 85
1/4 22 1 5 0 0 71 22 2 25 1 5 79 53 2 25 2 75 85
1/4 53 1 5 0 0 76 613 1 5 1 5 83
1/4 713 1 5 0 0 90 13 1 5 1 5 82 12 0 1 2 75 72 53 0 1 2 75 90 22 0 1 2 75 89
1/4 12 0 1 0 0 80 53 0 1 0 0 80 22 0 1 0 0 73
1/4 12 0 1 0 0 77 53 0 1 0 0 76 22 0 1 0 0 80 53 2 25 1 5 83 53 2 25 2 75 70
1/4 53 0 1 0 0 77
1/4 53 2 25 0 0 87 53 1 5 1 5 81 22 0 1 2 75 83 53 0 1 2 75 76 22 0 1 2 75 85
1/4 22 0 1 0 0 88 53 0 1 0 0 71 22 0 1 0 0 79
1/4 22 0 1 0 0 83 53 0 1 0 0 75 22 0 1 0 0 82 53 2 25 1 5 83 53 2 25 2 75 83
1/4 53 0 1 0 0 82
1/4 53 2 25 0 0 74 53 1 5 1 5 78 712 0 1 2 75 82 313 0 1 2 75 83 612 0 1 2 75 84
1/4 712 0 1 0 0 83 313 0 1 0 0 89 612 0 1 0 0 79
1/4 712 0 1 0 0 84 313 0 1 0 0 84 612 0 1 0 0 87 53 1 5 1 5 76
1/4 53 0 1 0 0 71
1/4 53 2 75 0 0 74
1/4 523 0 1 0 0 76 612 0 1 0 0 83 53 0 1 1 5 87 712 0 1 1 5 81
1/4 613 0 1 0 0 89 12 0 1 0 0 80 53 0 1 1 5 84 712 0 1 1 5 87
1/4 53 0 1 0 0 76 712 0 1 0 0 78 53 0 1 1 5 84 712 0 1 1 5 83
1/4 523 0 1 0 0 86 612 0 1 0 0 90 313 0 1 1 5 78 52 0 1 1 5 71
1/4
1/4 13 1 5 0 0 82 13 2 25 1 5 78 713 2 25 2 75 71
1/4 713 1 5 0 0 72 713 1 5 1 5 86
1/4 713 1 5 0 0 81 53 1 5 1 5 90
1/4 613 1 5 0 0 72 53 1 5 1 5 71
1/4 613 1 5 0 0 83 53 2 25 1 5 74 713 2 25 2 75 70
1/4 713 1 5 0 0 90 53 1 5 1 5 87
1/4 613 1 5 0 0 84 53 1 5 1 5 81
1/4
1/4 13 1 5 0 0 89 13 2 25 1 5 79 23 2 25 2 75 77
1/4 23 1 5 0 0 83 53 1 5 1 5 89
1/4 53 1 5 0 0 90 22 1 5 1 5 75
1/4 313 1 5 0 0 79 22 1 5 1 5 78
1/4 22 2 25 0 0 77 22 1 5 2 25 89 53 2 25 2 75 79
1/4 53 1 5 0 0 72 53 1 5 1 5 77
1/4 613 1 5 0 0 71 713 1 5 1 5 90
1/4
1/4 13 2 25 0 0 76 13 2 25 2 25 77 13 2 25 1 5 80 13 2 25 2 75 84
1/4 13 1 5 0 0 84 713 1 5 1 5 73
1/4 713 1 5 0 0 85 53 1 5 1 5 88
1/4 613 1 5 0 0 75 53 1 5 1 5 79
1/4 613 1 5 0 0 71 53 2 25 1 5 88 713 2 25 2 75 71
1/4 713 1 5 0 0 71 53 1 5 1 5 85
1/4 613 1 5 0 0 74 53 1 5 1 5 71
1/4 33 0 1 0 0 79
1/4 33 2 25 0 0 80 73 1 5 1 5 72
1/4 73 2 75 0 0 81
1/4 53 1 5 0 0 76 33 1 5 1 5 82
1/4 43 0 1 0 0 80
1/4 12 1 5 0 0 78 12 0 1 1 5 84 43 0 1 1 5 77 613 0 1 1 5 77 12 0 1 1 5 85
1/4 12 0 1 0 0 82 43 0 1 0 0 77 613 0 1 0 0 82 12 0 1 0 0 90 12 1 5 1 5 74
1/4 12 0 1 0 0 85 43 0 1 0 0 87 612 0 1 0 0 83 12 1 5 1 5 88
1/4 22 0 1 0 0 78 523 0 1 0 0 71 612 0 1 0 0 80 22 0 1 2 25 88 523 0 1 2 25 73 612 0 1 2 25 85 22 0 1 2 75 88 523 0 1 2 75 72 612 0 1 2 75 78
1/4 22 0 1 0 0 85 523 0 1 0 0 79 612 0 1 0 0 78 22 0 1 2 25 86 523 0 1 2 25 79 612 0 1 2 25 75 22 0 1 1 5 80 523 0 1 1 5 75 612 0 1 1 5 87
1/4 22 0 1 0 0 81 523 0 1 0 0 78 612 0 1 0 0 72 22 0 1 2 25 85 523 0 1 2 25 79 612 0 1 2 25 77
1/4 53 2 25 0 0 70 613 2 25 2 25 82 713 2 25 1 5 76 13 2 25 2 75 86
1/4 23 1 5 0 0 76 53 2 25 1 5 84 523 2 25 2 75 71
1/4 523 2 25 0 0 82 53 2 25 2 25 88 23 1 5 1 5 82
1/4 23 0 1 0 0 80
1/4 23 2 25 0 0 87 23 2 25 1 5 84 23 2 25 2 75 88
1/4 23 1 5 0 0 85 53 2 25 1 5 73 523 2 25 2 75 81
1/4 523 2 25 0 0 75 613 2 25 2 25 78 53 1 5 1 5 78
1/4 53 0 1 0 0 78
1/4 53 2 25 0 0 72 613 2 25 2 25 83 713 1 5 1 5 86
1/4 713 0 1 0 0 85
1/4 53 2 25 0 0 73 613 2 25 2 25 85 713 1 5 1 5 70
1/4 13 1 5 0 0 79 713 1 5 1 5 90
1/4 53 1 5 0 0 76 22 1 5 1 5 85
1/4 53 1 5 0 0 71 613 1 5 1 5 74
1/4 713 1 5 0 0 73 613 1 5 1 5 86
1/4 613 0 1 0 0 71
1/4 53 2 25 0 0 84 613 2 25 2 25 84 713 2 25 1 5 82 13 2 25 2 75 71
1/4 23 1 5 0 0 71 53 2 25 1 5 85 523 2 25 2 75 83
1/4 523 2 25 0 0 72 53 2 25 2 25 73 23 1 5 1 5 82
1/4 23 0 1 0 0 71
1/4 23 2 25 0 0 76 23 2 25 1 5 78 23 2 25 2 75 87
1/4 23 1 5 0 0 85 53 2 25 1 5 72 523 2 25 2 75 89
1/4 523 2 25 0 0 89 613 2 25 2 25 76 53 1 5 1 5 90
1/4 53 0 1 0 0 81
1/4 53 2 25 0 0 90 613 2 25 2 25 76 713 1 5 1 5 88
1/4 713 0 1 0 0 70
1/4 53 2 25 0 0 81 613 2 25 2 25 85 713 1 5 1 5 78
1/4 13 1 5 0 0 83 713 2 25 1 5 77 613 2 25 2 75 82
1/4 613 1 5 0 0 82 22 1 5 1 5 79
1/4 53 1 5 0 0 85 613 1 5 1 5 71
1/4 713 1 5 0 0 82 613 1 5 1 5 81
1/4 613 1 5 0 0 80 613 1 5 1 5 78
1/4 713 1 5 0 0 79 13 1 5 1 5 85
1/4 53 0 1 0 0 88 713 0 1 0 0 80 22 0 1 0 0 76
1/4 53 0 1 0 0 76 713 0 1 0 0 75 22 0 1 0 0 87 53 0 1 1 5 87 713 0 1 1 5 70 22 0 1 1 5 79
1/4 53 0 1 0 0 77 713 0 1 0 0 74 22 0 1 0 0 88
1/4 53 0 1 0 0 88 713 0 1 0 0 74 22 0 1 0 0 76 53 0 1 1 5 89 713 0 1 1 5 89 22 0 1 1 5 90 523 0 1 2 75 82 713 0 1 2 75 71 33 0 1 2 75 84
1/4 523 0 1 0 0 89 713 0 1 0 0 76 33 0 1 0 0 72
1/4 713 1 5 0 0 71 613 1 5 1 5 74
1/4 613 1 5 0 0 88 713 1 5 1 5 74
1/4 713 0 1 0 0 87
1/4 613 0 1 0 0 83
1/4 53 1 5 0 0 75 523 1 5 1 5 83
1/4 523 1 5 0 0 77 53 1 5 1 5 73
1/4 523 0 1 0 0 75 613 0 1 0 0 79 313 0 1 0 0 90
1/4 523 0 1 0 0 77 613 0 1 0 0 76 313 0 1 0 0 72
1/4
1/4
1/4
1/4
1/4 53 1 5 0 0 88 53 2 25 1 5 72 53 2 25 2 75 88
1/4 53 1 5 0 0 90 613 1 5 1 5 70
1/4 713 1 5 0 0 80 13 1 5 1 5 77
1/4 23 0 1 0 0 79
1/4 23 2 25 0 0 88 22 1 5 1 5 76
1/4 13 1 5 0 0 82 713 1 5 1 5 86
1/4 53 1 5 0 0 76 613 1 5 1 5 79
1/4 313 0 1 0 0 90 52 0 1 0 0 80
1/4 313 0 1 0 0 90 52 0 1 0 0 78
1/4 313 0 1 0 0 73 52 0 1 0 0 89
1/4 313 0 1 0 0 83 52 0 1 0 0 71
1/4 23 1 5 0 0 88 53 2 25 1 5 83 523 2 25 2 75 84
1/4 523 1 5 0 0 84 23 1 5 1 5 90
1/4 23 1 5 0 0 89 53 1 5 1 5 78
1/4 523 1 5 0 0 76 53 1 5 1 5 80
1/4 13 0 1 0 0 71
1/4 13 0 1 0 0 73
1/4 13 0 1 0 0 82
1/4 13 3 667 0 0 79
1/4
1/4 11 0 1 0 0 81 52 0 1 0 0 77 11 0 1 0 0 78 11 2 25 2 75 82
1/4 11 1 5 0 0 87 11 0 1 1 5 74 52 0 1 1 5 76 11 0 1 1 5 78
1/4 11 0 1 0 0 76 52 0 1 0 0 87 11 0 1 0 0 77 11 1 5 1 5 82
1/4 11 0 1 0 0 75 52 0 1 0 0 82 11 0 1 0 0 84 11 1 5 1 5 76
1/4 11 0 1 0 0 80 52 0 1 0 0 90 11 0 1 0 0 78 11 2 25 2 75 83
1/4 11 1 5 0 0 82 11 0 1 1 5 78 52 0 1 1 5 72 11 0 1 1 5 90
1/4 11 0 1 0 0 73 52 0 1 0 0 87 11 0 1 0 0 82 11 1 5 1 5 78
1/4 11 0 1 0 0 74 52 0 1 0 0 70 11 0 1 0 0 85 11 1 5 1 5 78
1/4 711 0 1 0 0 78 52 0 1 0 0 79 711 0 1 0 0 71 711 2 25 2 75 86
1/4 711 1 5 0 0 70 711 0 1 1 5 80 52 0 1 1 5 82 711 0 1 1 5 78
1/4 711 0 1 0 0 78 52 0 1 0 0 85 711 0 1 0 0 81 711 1 5 1 5 83
1/4 711 0 1 0 0 78 52 0 1 0 0 86 711 0 1 0 0 85 711 1 5 1 5 70
1/4 711 0 1 0 0 76 52 0 1 0 0 88 711 0 1 0 0 82 711 2 25 2 75 84
1/4 711 1 5 0 0 83 711 0 1 1 5 75 52 0 1 1 5 83 711 0 1 1 5 70
1/4 711 0 1 0 0 79 52 0 1 0 0 87 711 0 1 0 0 72 711 1 5 1 5 79
1/4 711 0 1 0 0 81 52 0 1 0 0 80 711 0 1 0 0 90 711 1 5 1 5 88
1/4 12 0 1 0 0 88 52 0 1 0 0 72 11 0 1 0 0 84
1/4 11 1 5 0 0 81 11 0 1 1 5 78 52 0 1 1 5 80 11 0 1 1 5 76
1/4 11 0 1 0 0 74 52 0 1 0 0 90 11 0 1 0 0 87 11 1 5 1 5 76
1/4 11 0 1 0 0 74 52 0 1 0 0 79 11 0 1 0 0 89 11 1 5 1 5 81
1/4 11 0 1 0 0 78 52 0 1 0 0 80 11 0 1 0 0 83
1/4 11 1 5 0 0 84 11 0 1 1 5 77 52 0 1 1 5 88 11 0 1 1 5 90
1/4 11 0 1 0 0 77 52 0 1 0 0 73 11 0 1 0 0 72 11 1 5 1 5 73
1/4 11 0 1 0 0 81 52 0 1 0 0 87 11 0 1 0 0 84 11 1 5 1 5 71
1/4 711 0 1 0 0 73 52 0 1 0 0 84 711 0 1 0 0 74
1/4 711 1 5 0 0 72 711 0 1 1 5 78 52 0 1 1 5 72 711 0 1 1 5 85
1/4 711 0 1 0 0 85 52 0 1 0 0 83 711 0 1 0 0 75 711 1 5 1 5 73
1/4 711 0 1 0 0 89 52 0 1 0 0 86 711 0 1 0 0 73 711 1 5 1 5 76
1/4 711 0 1 0 0 79 52 0 1 0 0 74 711 0 1 0 0 87
1/4 711 1 5 0 0 72 711 0 1 1 5 78 52 0 1 1 5 77 711 0 1 1 5 80
1/4 711 0 1 0 0 80 52 0 1 0 0 83 711 0 1 0 0 83 711 1 5 1 5 79
1/4 711 0 1 0 0 89 52 0 1 0 0 78 711 0 1 0 0 77 711 1 5 1 5 85
1/4 11 0 1 0 0 83 52 0 1 0 0 88 11 0 1 0 0 73
1/4 11 1 5 0 0 80 11 0 1 1 5 76 52 0 1 1 5 76 11 0 1 1 5 78
1/4 11 0 1 0 0 89 52 0 1 0 0 89 11 0 1 0 0 76 11 1 5 1 5 88
1/4 11 0 1 0 0 89 52 0 1 0 0 84 11 0 1 0 0 87 11 1 5 1 5 78
1/4 11 0 1 0 0 83 52 0 1 0 0 81 11 0 1 0 0 76
1/4 11 1 5 0 0 88 11 0 1 1 5 80 52 0 1 1 5 87 11 0 1 1 5 78
1/4 11 0 1 0 0 83 52 0 1 0 0 72 11 0 1 0 0 79 11 1 5 1 5 88
1/4 11 0 1 0 0 71 52 0 1 0 0 75 11 0 1 0 0 88 11 1 5 1 5 89
1/4 312 0 1 0 0 86 712 0 1 0 0 89 312 0 1 0 0 87
1/4 312 0 1 1 5 78 712 0 1 1 5 71 312 0 1 1 5 74
1/4 312 0 1 0 0 88 712 0 1 0 0 71 312 0 1 0 0 75 312 1 5 1 5 81
1/4 312 0 1 0 0 81 712 0 1 0 0 75 312 0 1 0 0 72 312 1 5 1 5 73
1/4 312 1 5 0 0 77 712 1 5 1 5 76
1/4 313 1 5 0 0 75 312 1 5 1 5 76
1/4 21 1 5 0 0 77 712 1 5 1 5 83
1/4 22 1 5 0 0 84 21 1 5 1 5 80
1/4 11 1 5 0 0 90 51 1 5 1 5 90
1/4 11 1 5 0 0 74 11 0 1 1 5 72 52 0 1 1 5 73 11 0 1 1 5 74
1/4 11 0 1 0 0 73 52 0 1 0 0 77 11 0 1 0 0 76 11 1 5 1 5 84
1/4 12 0 1 0 0 74 52 0 1 0 0 71 11 0 1 0 0 71 11 1 5 1 5 75
1/4 11 0 1 0 0 88 52 0 1 0 0 81 11 0 1 0 0 86
1/4 11 1 5 0 0 90 12 0 1 1 5 77 52 0 1 1 5 84 11 0 1 1 5 76
1/4 12 0 1 0 0 73 52 0 1 0 0 73 11 0 1 0 0 82 11 1 5 1 5 88
1/4 11 0 1 0 0 87 52 0 1 0 0 81 11 0 1 0 0 81 11 1 5 1 5 70
1/4 711 1 5 0 0 87 51 1 5 1 5 72
1/4 21 1 5 0 0 84 711 0 1 1 5 84 52 0 1 1 5 80 711 0 1 1 5 86
1/4 711 0 1 0 0 77 52 0 1 0 0 88 711 0 1 0 0 79 711 1 5 1 5 85
1/4 712 0 1 0 0 90 52 0 1 0 0 80 711 0 1 0 0 88 711 1 5 1 5 74
1/4 711 0 1 0 0 82 52 0 1 0 0 76 711 0 1 0 0 83
1/4 711 1 5 0 0 76 711 0 1 1 5 76 52 0 1 1 5 87 711 0 1 1 5 87
1/4 711 0 1 0 0 79 52 0 1 0 0 89 711 0 1 0 0 76 711 1 5 1 5 89
1/4 711 0 1 0 0 73 52 0 1 0 0 73 711 0 1 0 0 85 711 1 5 1 5 89
1/4 11 1 5 0 0 87 51 1 5 1 5 89
1/4 11 1 5 0 0 90 11 0 1 1 5 88 52 0 1 1 5 79 11 0 1 1 5 74
1/4 11 0 1 0 0 86 52 0 1 0 0 86 11 0 1 0 0 87 11 1 5 1 5 76
1/4 12 0 1 0 0 83 52 0 1 0 0 78 11 0 1 0 0 80 11 1 5 1 5 83
1/4 21 1 5 0 0 75 611 1 5 1 5 72
1/4 21 1 5 0 0 87 21 0 1 1 5 84 612 0 1 1 5 84 21 0 1 1 5 85
1/4 21 0 1 0 0 78 612 0 1 0 0 85 21 0 1 0 0 71 21 1 5 1 5 71
1/4 22 0 1 0 0 82 612 0 1 0 0 77 21 0 1 0 0 81 21 1 5 1 5 81
1/4 311 1 5 0 0 72 711 1 5 1 5 88
1/4 312 1 5 0 0 75 312 0 1 1 5 85 712 0 1 1 5 82 312 0 1 1 5 80
1/4 312 0 1 0 0 86 712 0 1 0 0 89 312 0 1 0 0 79 312 1 5 1 5 82
1/4 313 0 1 0 0 89 712 0 1 0 0 75 311 0 1 0 0 80 312 1 5 1 5 80
1/4 21 1 5 0 0 70 522 1 5 1 5 79
1/4 612 1 5 0 0 78 22 1 5 1 5 81
1/4 21 1 5 0 0 77 611 1 5 1 5 87
1/4 521 1 5 0 0 72 21 1 5 1 5 78
1/4 11 1 5 0 0 87 52 1 5 1 5 78
1/4 12 1 5 0 0 74 11 1 5 1 5 87
1/4 711 1 5 0 0 82 52 1 5 1 5 74
1/4 712 1 5 0 0 88 52 1 5 1 5 75
1/4 611 1 5 0 0 81 312 1 5 1 5 71
1/4 612 1 5 0 0 80 611 1 5 1 5 81
1/4 51 1 5 0 0 71 21 1 5 1 5 88
1/4 52 1 5 0 0 76 21 1 5 1 5 79
1/4 11 1 5 0 0 77 52 1 5 1 5 84
1/4 12 1 5 0 0 78 11 1 5 1 5 79
1/4 711 1 5 0 0 89 52 1 5 1 5 71
1/4 712 1 5 0 0 73 52 1 5 1 5 87
1/4 611 1 5 0 0 88 312 1 5 1 5 75
1/4 612 1 5 0 0 74 611 1 5 1 5 75
1/4 51 1 5 0 0 73 21 1 5 1 5 71
1/4 52 1 5 0 0 80 21 1 5 1 5 84
1/4 11 1 5 0 0 77 52 1 5 1 5 90
1/4 12 1 5 0 0 70 11 1 5 1 5 72
1/4 711 1 5 0 0 87 52 1 5 1 5 87
1/4 712 1 5 0 0 74 52 1 5 1 5 80
1/4 611 1 5 0 0 76 312 1 5 1 5 74
1/4 612 1 5 0 0 82 611 1 5 1 5 73
1/4 51 1 5 0 0 75 21 1 5 1 5 79
1/4 52 1 5 0 0 70 21 1 5 1 5 81
1/4 31 1 5 0 0 78 71 1 5 1 5 80
1/4 32 1 5 0 0 80 32 0 1 1 5 86 72 0 1 1 5 71 32 0 1 1 5 90
1/4 32 0 1 0 0 76 72 0 1 0 0 81 32 0 1 0 0 83 32 1 5 1 5 77
1/4 33 0 1 0 0 75 72 0 1 0 0 74 31 0 1 0 0 78 32 1 5 1 5 79
1/4 41 1 5 0 0 75 11 1 5 1 5 88
1/4 42 1 5 0 0 78 41 0 1 1 5 71 11 0 1 1 5 73 41 0 1 1 5 85
1/4 41 0 1 0 0 87 11 0 1 0 0 72 41 0 1 0 0 89 41 1 5 1 5 87
1/4 41 0 1 0 0 75 11 0 1 0 0 89 41 0 1 0 0 85 41 1 5 1 5 88
1/4 22 0 1 0 0 79 612 0 1 0 0 89 21 0 1 0 0 78 22 0 1 2 25 71 612 0 1 2 25 77 21 0 1 2 25 85 22 0 1 2 75 70 612 0 1 2 75 84 21 0 1 2 75 84
1/4 22 0 1 0 0 72 612 0 1 0 0 79 21 0 1 0 0 88 22 0 1 2 25 77 612 0 1 2 25 87 21 0 1 2 25 88 22 0 1 1 5 83 612 0 1 1 5 80 21 0 1 1 5 85
1/4 22 0 1 0 0 85 612 0 1 0 0 80 21 0 1 0 0 86 22 0 1 2 25 71 612 0 1 2 25 86 21 0 1 2 25 75
1/4 22 0 1 0 0 78 612 0 1 0 0 70 21 0 1 0 0 78
1/4 11 0 1 0 0 85 51 0 1 0 0 71 11 0 1 0 0 78
1/4 11 0 1 0 0 72 51 0 1 0 0 75 11 0 1 0 0 82 12 0 1 1 5 76 52 0 1 1 5 87 11 0 1 1 5 80
1/4 12 0 1 0 0 79 52 0 1 0 0 79 11 0 1 0 0 89 11 1 5 1 5 78
1/4 12 0 1 0 0 85 51 0 1 0 0 81 11 1 5 1 5 74
1/4 21 0 1 0 0 79 611 0 1 0 0 77 21 0 1 0 0 84
1/4 21 0 1 0 0 71 611 0 1 0 0 88 21 0 1 0 0 77 313 0 1 1 5 76 712 0 1 1 5 87 311 0 1 1 5 86
1/4 313 0 1 0 0 76 712 0 1 0 0 83 311 0 1 0 0 70 312 1 5 1 5 74
1/4 313 0 1 0 0 87 711 0 1 0 0 82 312 1 5 1 5 79
1/4 711 0 1 0 0 80 521 0 1 0 0 83 711 0 1 0 0 70
1/4 711 0 1 0 0 81 521 0 1 0 0 83 711 0 1 0 0 90
1/4 12 0 1 0 0 85 52 0 1 0 0 77 11 0 1 0 0 78
1/4 12 0 1 0 0 81 52 0 1 0 0 84 11 0 1 0 0 87 12 0 1 1 5 87 52 0 1 1 5 76 11 0 1 1 5 70
1/4 21 1 5 0 0 80 611 1 5 1 5 80
1/4 21 1 5 0 0 73 21 0 1 1 5 84 612 0 1 1 5 82 21 0 1 1 5 89
1/4 21 0 1 0 0 79 612 0 1 0 0 84 21 0 1 0 0 84 21 1 5 1 5 88
1/4 22 0 1 0 0 76 612 0 1 0 0 83 21 0 1 0 0 80 21 1 5 1 5 82
1/4 11 1 5 0 0 74 51 1 5 1 5 74
1/4 11 1 5 0 0 76 11 0 1 1 5 88 52 0 1 1 5 90 11 0 1 1 5 89
1/4 11 0 1 0 0 80 52 0 1 0 0 80 11 0 1 0 0 81 11 1 5 1 5 72
1/4 12 0 1 0 0 78 51 0 1 0 0 78 11 1 5 1 5 90
1/4 21 1 5 0 0 82 611 1 5 1 5 74
1/4 21 1 5 0 0 78 312 0 1 1 5 79 712 0 1 1 5 87 312 0 1 1 5 72
1/4 312 0 1 0 0 85 712 0 1 0 0 76 312 0 1 0 0 89 312 1 5 1 5 76
1/4 313 0 1 0 0 80 711 0 1 0 0 86 312 1 5 1 5 75
1/4 711 1 5 0 0 78 521 1 5 1 5 79
1/4 711 0 1 0 0 81
1/4 12 0 1 0 0 70 52 0 1 0 0 82 11 0 1 0 0 87
1/4 12 0 1 0 0 84 52 0 1 0 0 76 11 0 1 0 0 88 11 1 5 1 5 79
1/4 21 1 5 0 0 82 611 1 5 1 5 80
1/4 21 1 5 0 0 89 21 0 1 1 5 71 612 0 1 1 5 70 21 0 1 1 5 76
1/4 21 0 1 0 0 83 612 0 1 0 0 82 21 0 1 0 0 86 21 1 5 1 5 87
1/4 22 0 1 0 0 75 612 0 1 0 0 78 21 0 1 0 0 72 21 1 5 1 5 73
1/4 51 1 5 0 0 76 21 1 5 1 5 90
1/4 51 1 5 0 0 83 51 0 1 1 5 77 21 0 1 1 5 81 51 0 1 1 5 77
1/4 51 0 1 0 0 73 21 0 1 0 0 73 51 0 1 0 0 82 51 1 5 1 5 83
1/4 21 0 1 0 0 89 51 0 1 0 0 71 51 1 5 1 5 76
1/4 711 1 5 0 0 88 711 1 5 1 5 70
1/4 522 1 5 0 0 78 711 0 1 1 5 80 522 0 1 1 5 83 711 0 1 1 5 74
1/4 711 0 1 0 0 87 522 0 1 0 0 89 711 0 1 0 0 75 711 1 5 1 5 88
1/4 712 0 1 0 0 71 522 0 1 0 0 73 711 0 1 0 0 74 711 1 5 1 5 90
1/4 313 0 1 0 0 90 712 0 1 0 0 79 311 0 1 0 0 88
1/4 312 1 5 0 0 85 21 0 1 1 5 88 612 0 1 1 5 88 21 0 1 1 5 80
1/4 21 0 1 0 0 88 612 0 1 0 0 90 21 0 1 0 0 82 21 1 5 1 5 80
1/4 222 0 1 0 0 87 612 0 1 0 0 83 221 0 1 0 0 88
1/4 221 1 5 0 0 77 221 1 5 1 5 89
1/4 612 1 5 0 0 72 221 0 1 1 5 85 612 0 1 1 5 89 221 0 1 1 5 85
1/4 221 0 1 0 0 86 612 0 1 0 0 71 221 0 1 0 0 74 221 1 5 1 5 79
1/4 222 0 1 0 0 75 612 0 1 0 0 90 221 0 1 0 0 79 221 1 5 1 5 81
1/4 11 1 5 0 0 84 11 1 5 1 5 75
1/4 52 1 5 0 0 89 11 0 1 1 5 78 52 0 1 1 5 84 11 0 1 1 5 78
1/4 11 0 1 0 0 77 52 0 1 0 0 75 11 0 1 0 0 78 11 1 5 1 5 71
1/4 12 0 1 0 0 77 52 0 1 0 0 82 11 0 1 0 0 85 11 1 5 1 5 81
1/4 22 0 1 0 0 86 612 0 1 0 0 89 21 0 1 0 0 78
1/4 22 0 1 0 0 81 612 0 1 0 0 71 21 0 1 0 0 89
1/4
1/4
1/4 11 0 1 0 0 75 52 0 1 0 0 78 11 0 1 0 0 78 11 2 25 2 75 80
1/4 11 1 5 0 0 78 12 0 1 1 5 77 52 0 1 1 5 87 11 0 1 1 5 83
1/4 12 0 1 0 0 82 52 0 1 0 0 73 11 0 1 0 0 72 11 1 5 1 5 71
1/4 11 0 1 0 0 72 52 0 1 0 0 82 11 0 1 0 0 72 11 1 5 1 5 78
1/4 12 0 1 0 0 72 51 0 1 0 0 75
1/4 12 0 1 0 0 83 51 0 1 0 0 82 12 0 1 1 5 72 51 0 1 1 5 70
1/4 12 0 1 0 0 83 51 0 1 0 0 87
1/4 12 0 1 0 0 80 51 0 1 0 0 80
