4/4 24 0 1 0 0 97 55 0 1 0 0 96 25 2 75 2 25 94 225 1 5 0 1 101 615 0 1 1 15 99 315 0 1 1 25 108 525 1 5 1 35 96
4/4 525 3 1833 0 0 96
4/4 24 0 1 0 0 98 55 0 1 0 0 100 25 2 75 0 0 103 15 1 5 0 1 106 615 0 1 1 15 110 315 0 1 1 25 98 14 0 1 1 35 104 45 0 1 1 35 97
4/4 14 0 1 0 0 99 45 0 1 0 0 98
4/4 24 0 1 0 0 91 55 0 1 0 0 95 25 2 75 0 0 100 225 1 5 0 1 90 615 0 1 1 15 92 315 0 1 1 25 94 24 0 1 1 35 96 525 0 1 1 35 97
4/4 24 0 1 0 0 107 525 0 1 0 0 98
4/4 24 0 1 0 0 92 55 0 1 0 0 94 25 2 75 0 0 102 15 1 5 0 1 106 615 0 1 1 15 104 315 0 1 1 25 101 14 0 1 1 35 97 45 0 1 1 35 96
4/4 14 0 1 0 0 93 45 0 1 0 0 94
4/4 24 0 1 0 0 102 55 0 1 0 0 98 25 2 75 0 0 100 15 1 5 0 1 101 55 0 1 1 15 110 24 2 75 1 25 104 315 1 5 1 35 110
4/4 315 3 1833 0 0 91 714 1 15 1 5 96 54 1 5 1 15 107
4/4 45 1 5 0 0 95 14 1 5 1 5 106 45 1 5 0 1 93 15 0 1 1 15 103 55 0 1 1 25 94 615 1 5 1 35 110
4/4 615 2 175 0 0 101 55 0 2 0 2 98
4/4 74 0 1 0 0 92 35 0 1 0 0 92 55 0 1 0 0 97
4/4 64 0 1 0 0 101 224 0 1 0 0 94 45 0 1 0 0 104
4/4 54 0 1 0 0 97 14 0 1 0 0 107 315 0 1 0 0 109 54 1 5 1 25 105 14 1 5 0 3 107 315 1 5 1 35 104
4/4 14 0 1 0 0 94 315 0 1 0 0 93 55 2 175 2 25 96
4/4 24 0 1 0 0 105 55 0 1 0 0 95 25 2 75 0 0 96 225 1 5 0 1 99 615 0 1 1 15 102 315 0 1 1 25 96 525 1 5 1 35 101
4/4 525 3 1833 0 0 95
4/4 24 0 1 0 0 90 55 0 1 0 0 107 25 2 75 0 0 109 15 1 5 0 1 94 615 0 1 1 15 110 315 0 1 1 25 101 14 0 1 1 35 110 45 0 1 1 35 97
4/4 14 0 1 0 0 100 45 0 1 0 0 107
4/4 24 0 1 0 0 95 55 0 1 0 0 103 25 2 75 0 0 107 225 1 5 0 1 100 615 0 1 1 15 92 315 0 1 1 25 101 24 0 1 1 35 99 525 0 1 1 35 104
4/4 24 0 1 0 0 99 525 0 1 0 0 110
4/4 24 0 1 0 0 98 55 0 1 0 0 100 25 2 75 0 0 110 15 1 5 0 1 108 615 0 1 1 15 99 315 0 1 1 25 101 14 0 1 1 35 100 45 0 1 1 35 101
4/4 14 0 1 0 0 102 45 0 1 0 0 95
4/4 24 0 1 0 0 96 55 0 1 0 0 98 25 2 75 0 0 94 15 1 5 0 1 98 55 0 1 1 15 95 24 2 75 1 25 93 315 1 5 1 35 105
4/4 315 3 2833 0 0 104 714 3 2333 1 5 96 54 1 15 1 15 109
4/4 45 1 5 0 0 97 14 1 5 1 5 107 45 1 5 0 1 106 15 0 1 1 15 91 55 0 1 1 25 93 615 1 5 1 35 92
4/4 615 2 175 0 0 90 55 0 2 0 2 96
4/4 74 0 1 0 0 91 35 0 1 0 0 95 55 0 1 0 0 94
4/4 64 0 1 0 0 95 224 0 1 0 0 93 45 0 1 0 0 108
4/4 54 0 1 0 0 92 14 0 1 0 0 106 315 0 1 0 0 98 54 1 5 1 25 103 14 1 5 0 3 99 315 1 5 1 35 108
4/4 14 0 1 0 0 99 315 0 1 0 0 100 55 2 175 2 25 90
4/4 24 0 1 0 0 97 55 0 1 0 0 105 25 2 75 0 0 104 225 1 5 0 1 97 615 0 1 1 15 104 315 0 1 1 25 99 525 1 5 1 35 110
4/4 525 3 1833 0 0 108
4/4 24 0 1 0 0 107 55 0 1 0 0 107 25 2 75 0 0 109 15 1 5 0 1 96 615 0 1 1 15 95 315 0 1 1 25 103 14 0 1 1 35 90 45 0 1 1 35 103
4/4 14 0 1 0 0 101 45 0 1 0 0 106 74 1 5 1 25 102 44 1 5 0 3 96 74 1 5 1 35 101
4/4 24 0 1 0 0 96 55 0 1 0 0 94 25 2 75 0 0 101 225 1 5 0 1 108 615 0 1 1 15 103 315 0 1 1 25 108 24 0 1 1 35 109 525 0 1 1 35 104
4/4 24 0 1 0 0 93 525 0 1 0 0 99
4/4 24 0 1 0 0 107 55 0 1 0 0 95 25 2 75 0 0 103 15 1 5 0 1 110 615 0 1 1 15 107 315 0 1 1 25 99 14 0 1 1 35 91 45 0 1 1 35 99
4/4 14 0 1 0 0 98 45 0 1 0 0 100
4/4 24 0 1 0 0 99 55 0 1 0 0 95 25 2 75 0 0 92 15 1 5 0 1 93 55 0 1 1 15 101 24 2 75 1 25 90 315 1 5 1 35 102
4/4 315 3 1833 0 0 95 714 1 15 1 5 108 54 1 5 1 15 95
4/4 45 1 5 0 0 93 14 1 5 1 5 91 45 1 5 0 1 106 15 0 1 1 15 104 55 0 1 1 25 101 615 1 5 1 35 93
4/4 615 2 175 0 0 92 55 0 2 0 2 110
4/4 74 0 1 0 0 95 35 0 1 0 0 100 55 0 1 0 0 99
4/4 64 0 1 0 0 105 224 0 1 0 0 98 45 0 1 0 0 90
4/4 54 0 1 0 0 94 14 0 1 0 0 91 315 0 1 0 0 97 54 1 5 1 25 101 14 1 5 0 3 101 315 1 5 1 35 92
4/4 14 0 1 0 0 93 315 0 1 0 0 94 55 2 175 2 25 98
4/4 24 0 1 0 0 105 55 0 1 0 0 107 25 2 75 0 0 100 225 1 5 0 1 94 615 0 1 1 15 102 315 0 1 1 25 106 525 1 5 1 35 96
4/4 525 3 1833 0 0 97
4/4 24 0 1 0 0 91 55 0 1 0 0 98 25 2 75 0 0 95 15 1 5 0 1 97 615 0 1 1 15 110 315 0 1 1 25 103 14 0 1 1 35 103 45 0 1 1 35 110
4/4 14 0 1 0 0 98 45 0 1 0 0 105 74 1 5 1 25 92 44 1 5 0 3 96 74 1 5 1 35 110
4/4 24 0 1 0 0 106 55 0 1 0 0 102 25 2 75 0 0 106 225 1 5 0 1 105 615 0 1 1 15 98 315 0 1 1 25 103 24 0 1 1 35 107 525 0 1 1 35 107
4/4 24 0 1 0 0 102 525 0 1 0 0 110
4/4 24 0 1 0 0 99 55 0 1 0 0 97 25 2 75 0 0 96 15 1 5 0 1 100 615 0 1 1 15 103 315 0 1 1 25 108 14 0 1 1 35 100 45 0 1 1 35 94
4/4 14 0 1 0 0 91 45 0 1 0 0 91
4/4 24 0 1 0 0 95 55 0 1 0 0 105 25 2 75 0 0 107 15 1 5 0 1 104 55 0 1 1 15 100 24 2 75 1 25 94 315 1 5 1 35 97
4/4 315 3 1833 0 0 90 714 1 15 1 5 90 54 1 5 1 15 92
4/4 45 1 5 0 0 102 14 1 5 1 5 100 45 1 5 0 1 104 15 0 1 1 15 105 55 0 1 1 25 96 615 1 5 1 35 103
4/4 615 2 175 0 0 94 55 0 2 0 2 94
4/4 74 0 1 0 0 102 35 0 1 0 0 99 55 0 1 0 0 90
4/4 64 0 1 0 0 106 224 0 1 0 0 96 45 0 1 0 0 97
4/4 54 0 1 0 0 90 14 0 1 0 0 110 315 0 1 0 0 90 54 1 5 1 25 100 14 1 5 0 3 92 315 1 5 1 35 107
4/4 14 0 1 0 0 96 315 0 1 0 0 94 15 2 175 2 25 110
4/4 53 0 1 0 0 108 23 0 1 0 0 92
4/4 53 0 1 0 0 105 23 0 1 0 0 91 54 1 5 1 25 93 23 1 5 0 3 105 53 1 5 1 35 95
4/4 43 0 1 0 0 94 73 0 1 0 0 109
4/4 43 0 1 0 0 109 73 0 1 0 0 98 43 1 5 1 25 101 73 1 5 0 3 90 43 1 5 1 35 94
4/4 53 1 5 0 0 94 23 1 5 1 5 104 54 0 3 0 1 107
4/4 54 2 175 0 0 96 54 1 5 1 25 107 23 1 5 0 3 109 53 1 5 1 35 100
4/4 72 1 5 0 0 100 43 1 5 1 5 108 13 1 5 0 1 101 43 1 5 1 15 107 23 0 2 0 2 90 73 1 5 1 35 103
4/4 23 2 175 0 0 93 73 3 1833 0 0 107
4/4 12 1 5 0 0 106 53 1 5 1 5 93 13 1 5 0 1 102 53 1 5 1 15 109 54 1 15 0 2 106 13 1 5 1 35 94
4/4 13 3 1833 0 0 99
4/4 72 1 5 0 0 91 43 1 5 1 5 101 13 1 5 0 1 103 73 1 25 1 15 106
4/4 73 2 175 0 0 99
4/4 62 0 1 0 0 88 33 0 1 0 0 96 13 0 1 0 0 95
4/4 522 0 1 0 0 82 222 0 1 0 0 105 63 0 1 0 0 110
4/4 42 1 5 0 0 72 43 1 5 1 5 88 613 1 5 0 1 109 13 1 5 1 15 91 314 1 5 0 2 101
4/4
4/4 53 0 1 0 0 90 23 0 1 0 0 97
4/4 53 0 1 0 0 100 23 0 1 0 0 98 54 1 5 1 25 106 23 1 5 0 3 110 53 1 5 1 35 95
4/4 43 0 1 0 0 96 73 0 1 0 0 107
4/4 43 0 1 0 0 101 73 0 1 0 0 104 43 1 5 1 25 92 73 1 5 0 3 105 43 1 5 1 35 105
4/4 53 1 5 0 0 96 23 1 5 1 5 94 54 0 3 0 1 91
4/4 54 2 175 0 0 90 54 1 5 1 25 108 23 1 5 0 3 103 53 1 5 1 35 90
4/4 72 1 5 0 0 91 43 1 5 1 5 93 13 1 5 0 1 105 43 1 5 1 15 107 23 0 2 0 2 95 73 1 5 1 35 90
4/4 23 2 175 0 0 91 73 3 1833 0 0 106
4/4 12 1 5 0 0 102 53 1 5 1 5 108 13 1 5 0 1 98 53 1 5 1 15 110 54 1 15 0 2 91 13 1 5 1 35 96
4/4 13 3 2833 0 0 92
4/4 72 1 5 0 0 94 43 1 5 1 5 106 13 1 5 0 1 96 73 1 25 1 15 90
4/4 73 2 175 0 0 104
4/4 62 0 1 0 0 79 33 0 1 0 0 105 13 0 1 0 0 94
4/4 522 0 1 0 0 70 222 0 1 0 0 91 63 0 1 0 0 91
4/4 42 1 5 0 0 83 43 1 5 1 5 71 613 1 5 0 1 92 13 1 5 1 15 109 314 1 5 0 2 94
4/4
4/4 53 0 1 0 0 106 23 0 1 0 0 101
4/4 53 2 25 0 0 107 23 2 25 1 5 103 54 2 25 0 1 94 23 2 25 1 15 107 54 1 5 1 25 102 23 1 5 0 3 100 53 1 5 1 35 107
4/4 43 0 1 0 0 100 73 0 1 0 0 107
4/4 73 2 25 0 0 91 23 2 25 1 5 104 614 2 25 0 1 98 23 2 25 1 15 105 43 1 5 1 25 90 73 1 5 0 3 97 43 1 5 1 35 103
4/4 53 1 5 0 0 94 23 1 5 1 5 107 54 2 275 0 1 91
4/4 53 2 25 0 0 101 23 2 25 1 5 104 54 2 25 0 1 103 23 2 25 1 15 110 54 1 5 1 25 110 23 1 5 0 3 99 53 1 5 1 35 108
4/4 72 1 5 0 0 99 43 0 1 1 5 94 23 0 1 1 5 94 13 0 1 0 1 108 614 0 1 0 1 103 43 0 1 1 15 107 23 0 1 1 15 97 23 0 2 0 2 105
4/4 73 2 25 0 0 110 23 2 25 1 5 109 614 2 25 0 1 109 23 2 25 1 15 95
4/4 12 1 5 0 0 100 13 0 1 1 5 92 54 0 1 1 5 102 314 0 1 0 1 105 14 0 1 0 1 95 13 1 5 1 15 104 53 1 15 0 2 91 13 1 5 1 35 102
4/4 53 2 25 0 0 92 13 2 25 1 5 105 54 2 25 0 1 102 13 2 25 1 15 100
4/4 72 1 5 0 0 92 43 0 1 1 5 110 23 0 1 1 5 105 13 0 1 0 1 104 614 0 1 0 1 107 23 1 5 1 15 107 73 2 225 1 15 98
4/4 73 2 25 0 0 102 23 2 25 1 5 106 614 2 25 0 1 104 23 2 25 1 15 90
4/4 62 0 1 0 0 74 33 0 1 0 0 104 13 0 1 0 0 96
4/4 522 0 1 0 0 85 222 0 1 0 0 92 63 0 1 0 0 105
4/4 42 0 1 0 0 97 613 1 5 0 1 91 13 1 5 1 15 109 314 1 5 0 2 93
4/4
4/4 53 0 1 0 0 105 23 0 1 0 0 104
4/4 53 2 25 0 0 107 23 2 25 1 5 99 54 2 25 0 1 109 23 2 25 1 15 108 54 1 5 1 25 105 23 1 5 0 3 98 53 1 5 1 35 94
4/4 43 0 1 0 0 95 73 0 1 0 0 92
4/4 73 2 25 0 0 95 23 2 25 1 5 97 614 2 25 0 1 101 23 2 25 1 15 110 43 1 5 1 25 106 73 1 5 0 3 98 43 1 5 1 35 91
4/4 53 1 5 0 0 110 23 1 5 1 5 107 54 2 275 0 1 102
4/4 53 2 25 0 0 93 23 2 25 1 5 92 54 2 25 0 1 103 23 2 25 1 15 95 54 1 5 1 25 107 23 1 5 0 3 93 53 1 5 1 35 93
4/4 72 1 5 0 0 107 43 0 1 1 5 95 23 0 1 1 5 106 13 0 1 0 1 109 614 0 1 0 1 102 43 0 1 1 15 95 23 0 1 1 15 102 23 0 2 0 2 105
4/4 73 2 25 0 0 102 23 2 25 1 5 93 614 2 25 0 1 98 23 2 25 1 15 95
4/4 12 1 5 0 0 98 13 0 1 1 5 100 54 0 1 1 5 102 314 0 1 0 1 101 14 0 1 0 1 95 13 1 5 1 15 90 53 1 15 0 2 99 13 1 5 1 35 108
4/4 53 2 25 0 0 97 13 2 25 1 5 108 54 2 25 0 1 103 13 2 25 1 15 97
4/4 72 1 5 0 0 98 43 0 1 1 5 97 23 0 1 1 5 108 13 0 1 0 1 107 614 0 1 0 1 95 23 1 5 1 15 103 73 2 225 1 15 90
4/4 73 2 25 0 0 110 23 2 25 1 5 95 614 2 25 0 1 92 23 2 25 1 15 107
4/4 62 0 1 0 0 77 33 0 1 0 0 93 13 0 1 0 0 94
4/4 522 0 1 0 0 85 222 0 1 0 0 107 63 0 1 0 0 98
4/4 42 1 5 0 0 110 42 1 5 1 5 95 613 1 5 0 1 103 13 1 5 1 15 94 314 1 5 0 2 108
