4/4 12 1 5 0 0 72 53 1 5 1 5 85 54 1 5 0 1 64 13 0 3 0 1 86 54 2 25 1 15 74 54 2 75 2 175 75 524 1 5 1 25 72 54 1 5 0 3 80 23 1 5 1 35 67
4/4 12 1 5 0 0 66 23 0 1 0 0 67 53 1 5 1 5 85 23 1 5 0 1 76 13 0 3 0 1 93 23 2 25 1 15 79 54 2 75 2 175 78 524 1 5 1 25 70 54 1 5 0 3 79 614 1 5 1 35 75
4/4 712 1 5 0 0 68 614 0 1 0 0 75 53 1 5 1 5 88 54 1 5 0 1 74 23 0 3 0 1 94 54 2 25 1 15 72 54 2 75 2 175 68 524 1 5 1 25 71 54 1 5 0 3 78 23 1 5 1 35 66
4/4 712 1 5 0 0 67 23 0 1 0 0 66 53 1 5 1 5 88 23 1 5 0 1 80 713 0 3 0 1 86 23 2 25 1 15 73 54 2 75 2 175 79 614 1 5 1 25 81 714 1 5 0 3 80 54 1 5 1 35 68
4/4 612 1 5 0 0 71 313 1 5 1 5 91 54 1 5 0 1 68 13 0 3 0 1 94 54 2 25 1 15 77 54 2 75 2 175 75 524 1 5 1 25 75 54 1 5 0 3 81 23 1 5 1 35 65
4/4 21 1 5 0 0 73 23 0 1 0 0 65 612 1 5 1 5 75 23 1 5 0 1 77 22 0 3 0 1 80 23 2 25 1 15 75 54 2 75 2 175 88 614 1 5 1 25 80 714 1 5 0 3 78 14 1 5 1 35 78
4/4 714 0 1 0 0 72 312 0 1 0 0 74 54 1 35 1 5 65 712 1 5 1 5 83 523 1 5 0 1 94 53 0 1 1 15 83 313 0 1 1 25 73 712 1 5 1 35 70
4/4 54 0 1 0 0 99 14 0 1 0 0 99 315 0 1 0 0 99 312 1 5 0 0 68 55 0 1 3 333 99 712 0 1 3 333 83 714 0 1 0 1 75 24 0 1 0 1 75 525 0 1 0 1 75 313 1 5 0 1 84 712 1 5 1 15 69 54 0 1 0 2 66 24 0 1 0 2 66 21 1 5 0 2 67 712 1 5 1 25 79 23 0 1 0 3 66 54 0 1 0 3 66 22 0 1 0 3 76
4/4 11 1 5 0 0 67 23 0 1 0 0 66 54 0 1 0 0 66 52 1 5 1 5 80 54 0 1 0 1 80 313 0 1 0 1 97 54 2 25 1 15 77 53 1 25 1 15 85 54 2 75 2 175 76 524 1 5 1 25 68 54 1 5 0 3 78 23 1 5 1 35 67
4/4 11 1 5 0 0 67 23 0 1 0 0 67 52 1 5 1 5 80 23 0 1 0 1 75 12 0 1 0 1 80 23 2 25 1 15 74 22 1 25 1 15 81 54 2 75 2 175 89 524 1 5 1 25 75 54 1 5 0 3 79 614 1 5 1 35 81
4/4 711 1 5 0 0 62 614 0 1 0 0 81 52 1 5 1 5 88 54 0 1 0 1 72 712 0 1 0 1 80 54 2 25 1 15 69 22 1 25 1 15 81 54 2 75 2 175 78 524 1 5 1 25 73 54 1 5 0 3 76 23 1 5 1 35 63
4/4 711 1 5 0 0 67 23 0 1 0 0 63 52 1 5 1 5 83 23 0 1 0 1 77 22 0 1 0 1 84 23 2 25 1 15 75 53 1 25 1 15 89 54 2 75 2 175 89 614 1 5 1 25 82 714 1 5 0 3 77 14 1 5 1 35 81
4/4 23 0 1 0 0 81 54 0 1 0 0 81 24 0 1 0 0 81 611 1 5 0 0 68 312 1 5 1 5 78 612 1 5 0 1 79 54 0 2 1 15 57 12 1 5 1 15 79 612 1 5 0 2 71 312 1 5 1 25 69 611 0 1 0 3 70 54 1 5 1 35 81
4/4 23 0 1 0 0 93 54 0 1 0 0 93 24 0 1 0 0 93 21 1 5 0 0 79 612 1 5 1 5 79 12 1 5 0 1 81 54 0 2 1 15 63 22 0 1 1 15 84 612 1 5 1 25 71 21 0 1 0 3 68 54 1 5 1 35 79
4/4 614 1 15 0 0 77 312 1 5 0 0 78 712 1 5 1 5 84 523 1 5 0 1 92 713 0 1 1 15 72 314 0 1 1 15 72 54 0 1 1 15 72 53 0 1 1 15 84 313 1 5 1 25 71 712 1 5 0 3 71 312 1 5 1 35 67
4/4 13 0 1 0 0 81 44 0 1 0 0 81 614 0 1 0 0 81 42 0 1 0 0 79 714 0 1 1 5 82 12 0 1 1 5 80 14 0 1 0 1 79 43 0 1 0 1 90 23 0 1 1 15 73 54 0 1 1 15 73 714 0 1 1 15 73 52 1 5 1 15 68 22 1 5 0 2 83 714 0 1 1 25 79 53 0 1 1 25 85 614 1 5 0 3 68 713 0 1 0 3 90 54 1 5 1 35 70
4/4 11 1 5 0 0 68 54 0 1 0 0 70 52 1 5 1 5 82 314 0 1 0 1 87 14 0 1 0 1 87 12 0 1 0 1 83 314 0 1 1 15 76 14 0 1 1 15 76 52 0 1 1 15 72 314 0 1 2 175 74 14 0 1 2 175 74 711 1 5 0 2 65 23 0 1 1 25 72 714 0 1 1 25 72 52 0 1 1 25 79 712 1 5 0 3 80 614 0 1 1 35 72 52 0 1 1 35 74 54 2 25 2 375 71
4/4 13 0 1 0 0 85 614 0 1 0 0 85 611 0 1 0 0 68 54 0 1 1 5 69 312 0 1 1 5 81 614 1 5 2 75 85 612 1 5 0 1 84 54 2 25 2 125 71 23 0 1 1 15 86 714 0 1 1 15 86 12 1 5 1 15 81 711 1 5 0 2 64 54 0 1 1 25 66 52 0 1 1 25 82 614 0 1 0 3 82 712 0 1 0 3 76 54 1 5 1 35 70 22 1 5 1 35 84
4/4 11 1 5 0 0 64 54 0 1 0 0 70 52 1 5 1 5 82 314 0 1 0 1 85 14 0 1 0 1 85 12 0 1 0 1 87 314 0 1 1 15 77 14 0 1 1 15 77 52 0 1 1 15 69 314 0 1 2 175 73 14 0 1 2 175 73 711 1 5 0 2 67 23 0 1 1 25 66 714 0 1 1 25 66 52 0 1 1 25 82 712 1 5 0 3 82 614 0 1 1 35 70 52 0 1 1 35 73 54 2 25 2 375 70
4/4 13 0 1 0 0 83 614 0 1 0 0 83 611 0 1 0 0 69 54 0 1 1 5 76 312 0 1 1 5 80 614 1 5 2 75 75 612 1 5 0 1 80 54 2 25 2 125 74 23 0 1 1 15 84 714 0 1 1 15 84 12 1 5 1 15 79 711 1 5 0 2 69 54 0 1 1 25 68 52 0 1 1 25 79 614 0 1 0 3 87 712 0 1 0 3 81 54 1 5 1 35 74 22 1 5 1 35 85
4/4 11 1 5 0 0 66 54 0 1 0 0 74 52 1 5 1 5 81 314 0 1 0 1 84 14 0 1 0 1 84 12 0 1 0 1 82 14 0 1 1 15 78 52 0 1 1 15 71 24 2 75 2 175 79 711 1 5 0 2 66 54 0 1 1 25 65 52 1 5 1 25 82 712 1 5 0 3 81 23 0 1 1 35 62 52 0 1 1 35 70 23 2 25 2 375 78
4/4 23 0 1 0 0 78 611 0 1 0 0 67 23 0 1 1 5 76 312 0 1 1 5 79 23 1 5 2 75 80 612 1 5 0 1 83 23 2 25 2 125 77 54 0 1 1 15 84 12 0 1 1 15 79 711 1 5 0 2 66 54 0 1 1 25 69 52 0 1 1 25 83 614 0 1 0 3 80 712 0 1 0 3 80 714 0 1 1 35 86 22 0 1 1 35 80
4/4 11 1 5 0 0 63 52 1 5 1 5 82 314 0 1 0 1 72 14 0 1 0 1 72 12 0 1 0 1 87 314 0 1 1 15 76 14 0 1 1 15 76 52 0 1 1 15 75 314 0 1 2 175 75 14 0 1 2 175 75 711 1 5 0 2 68 23 0 1 1 25 77 714 0 1 1 25 77 52 0 1 1 25 85 712 1 5 0 3 78 614 0 1 1 35 70 52 0 1 1 35 73 54 2 25 2 375 72
4/4 13 0 1 0 0 78 614 0 1 0 0 78 611 0 1 0 0 70 54 0 1 1 5 75 312 0 1 1 5 76 614 1 5 2 75 79 12 1 5 0 1 85 54 2 25 2 125 72 23 0 1 1 15 82 714 0 1 1 15 82 612 1 5 1 15 72 711 1 5 0 2 66 54 0 1 1 25 63 52 0 1 1 25 86 614 0 1 0 3 79 712 0 1 0 3 80 54 0 1 1 35 74 22 0 1 1 35 79
4/4 73 0 1 0 0 68 34 0 1 0 0 68 11 1 5 0 0 67 52 1 5 1 5 78 72 1 5 0 1 76 74 1 15 1 15 84 33 1 5 1 15 87 52 1 5 0 2 66 72 1 5 1 25 79 54 1 5 0 3 67 11 0 1 0 3 67 34 1 5 1 35 65
4/4 13 0 1 0 0 79 44 0 1 0 0 79 42 1 5 0 0 77 12 1 5 1 5 81 43 1 5 0 1 85 14 1 15 1 15 89 613 1 5 1 15 91 12 1 5 0 2 66 43 1 5 1 25 87 42 0 1 0 3 66
4/4 13 0 1 0 0 68 23 0 1 0 0 68 314 0 1 0 0 68 54 0 1 0 0 68 21 0 1 0 0 83 22 0 1 0 0 83 613 0 1 0 2 71 23 0 1 0 2 71 524 0 1 0 2 71 21 0 1 0 2 77 22 0 1 0 2 77 54 2 25 0 3 80 614 2 25 2 325 87 714 2 25 1 35 83 14 2 25 2 375 80
4/4 23 0 1 0 0 84 24 0 1 0 0 84 51 0 1 0 0 62 54 0 1 1 5 63 21 0 1 1 5 82 524 1 5 2 75 71 52 1 5 0 1 85 54 2 25 2 125 78 24 0 2 1 15 88 11 1 5 1 15 72 52 1 5 0 2 79 313 1 5 1 25 96 24 2 25 1 35 77 24 2 25 2 375 72
4/4 23 0 1 0 0 78 24 0 1 0 0 78 21 0 1 0 0 71 54 0 1 1 5 60 612 0 1 1 5 83 524 1 5 2 75 71 22 1 5 0 1 80 614 2 25 2 125 85 713 0 1 1 15 77 54 0 1 1 15 77 312 0 1 1 15 69 523 1 5 1 25 98 54 2 25 0 3 76 53 0 1 0 3 80 614 2 25 2 325 77 714 1 5 1 35 77
4/4 23 0 1 0 0 83 54 0 1 0 0 83 714 0 1 0 0 83 51 1 5 0 0 71 52 1 5 1 5 84 54 0 1 0 1 65 22 0 1 0 1 84 614 2 25 2 125 76 714 0 1 1 15 83 52 0 1 1 15 70 314 0 1 0 2 85 14 0 1 0 2 85 11 0 1 0 2 70 714 0 1 1 25 75 52 0 1 1 25 85 54 2 75 2 275 66 313 1 5 0 3 100 23 0 1 1 35 68 52 0 1 1 35 73
4/4 54 0 1 0 0 84 21 0 1 0 0 66 614 0 1 1 5 81 612 0 1 1 5 83 54 0 1 0 1 80 714 0 1 0 1 80 22 0 1 0 1 78 524 0 1 1 15 70 614 0 1 1 15 70 612 1 5 1 15 74 22 1 5 0 2 81 21 1 5 1 25 69 54 0 1 0 3 69 612 0 1 0 3 75 614 2 25 2 325 78 714 0 1 1 35 78 22 0 1 1 35 80 14 2 25 2 375 82
4/4 23 0 1 0 0 81 24 0 1 0 0 81 51 0 1 0 0 64 54 0 1 1 5 65 52 0 1 1 5 84 524 1 5 2 75 68 22 1 5 0 1 85 54 2 25 2 125 79 24 0 2 1 15 89 11 0 1 1 15 69 313 1 5 1 25 94 52 1 5 0 3 73 24 0 1 1 35 77 12 0 1 1 35 76 24 2 25 2 375 75
4/4 23 0 1 0 0 79 24 0 1 0 0 79 21 0 1 0 0 67 54 0 1 1 5 65 612 0 1 1 5 80 524 1 5 2 75 71 22 1 5 0 1 80 614 2 25 2 125 85 713 0 1 1 15 70 314 0 1 1 15 70 54 0 1 1 15 70 312 1 5 1 15 66 712 1 5 0 2 81 53 1 5 1 25 90 54 2 25 0 3 79 713 0 1 0 3 87 614 2 25 2 325 82 714 1 5 1 35 87
4/4 23 0 1 0 0 77 54 0 1 0 0 77 714 0 1 0 0 77 51 1 5 0 0 67 52 1 5 1 5 85 54 0 1 0 1 67 22 0 1 0 1 84 614 2 25 2 125 83 714 0 1 1 15 79 52 0 1 1 15 69 314 0 1 0 2 78 14 0 1 0 2 78 11 0 1 0 2 68 714 0 1 1 25 74 52 0 1 1 25 80 54 2 75 2 275 67 12 1 5 0 3 77 23 0 1 1 35 68 52 0 1 1 35 71
4/4 54 0 1 0 0 88 21 0 1 0 0 75 614 0 1 1 5 79 612 0 1 1 5 81 714 0 1 0 1 78 22 0 1 0 1 80 614 0 1 1 15 74 53 1 5 1 15 89 523 1 5 0 2 71 614 0 1 1 25 76 612 0 1 1 25 65 714 1 5 0 3 80 21 0 1 0 3 69 14 1 5 1 35 83
4/4 23 0 1 0 0 82 24 0 1 0 0 82 711 0 1 0 0 77 21 0 1 0 0 77 52 1 5 1 5 78 712 1 5 0 1 81 54 1 15 1 15 59 22 1 5 1 15 81 52 1 5 0 2 70 712 1 5 1 25 78 711 0 1 0 3 68 23 0 1 1 35 67 24 0 1 1 35 67
4/4 34 0 1 0 0 80 524 0 1 0 0 80 35 0 1 0 0 80 711 0 1 0 0 82 612 0 1 0 0 82 522 1 5 1 5 73 713 0 1 0 1 68 714 0 1 0 1 68 712 0 1 0 1 89 613 0 1 1 15 70 614 0 1 1 15 70 523 1 5 1 15 87 612 1 5 0 2 68 713 0 1 1 25 82 524 0 1 1 25 82 714 0 1 1 25 82 712 1 5 1 25 78 522 0 1 0 3 74 613 0 1 1 35 74 614 0 1 1 35 74
4/4 312 0 1 0 0 73 52 0 1 0 0 73 613 0 1 0 0 74 614 0 1 0 0 74 53 0 1 1 5 76 54 0 1 1 5 76 712 1 5 1 5 81 313 1 5 0 1 85 523 0 1 1 15 72 524 0 1 1 15 72 21 1 5 1 15 72 712 1 5 0 2 82 53 0 1 1 25 77 54 0 1 1 25 77 22 1 5 1 25 77 712 1 5 0 3 73 314 0 1 1 35 96 614 0 1 1 35 96 315 0 1 1 35 96 221 1 5 1 35 71
4/4 612 1 5 0 0 81 314 0 1 0 0 96 614 0 1 0 0 96 315 0 1 0 0 96 313 1 5 1 5 91 711 1 5 0 1 66 313 1 5 1 15 95 712 1 5 0 2 70 611 1 15 1 25 68
4/4 11 0 1 0 0 85 52 0 1 0 0 85 12 0 1 0 0 85 54 1 5 0 1 70 54 2 25 1 15 78 54 2 75 2 175 80 614 1 5 1 25 83 714 1 5 0 3 84 14 1 5 1 35 79
4/4 54 0 1 0 0 81 14 0 1 0 0 81 24 0 1 0 0 81 21 0 1 0 0 81 612 0 1 0 0 81 22 0 1 0 0 81 23 1 5 1 15 54 14 1 5 0 2 89 714 1 5 1 25 74 54 1 5 0 3 66 614 1 5 1 35 81
4/4 23 0 1 0 0 71 314 0 1 0 0 71 54 0 1 0 0 71 11 1 5 0 0 68 52 1 5 1 5 82 12 1 5 0 1 82 22 1 5 1 15 75 53 1 5 0 2 86 13 1 5 1 25 88 23 1 5 0 3 63 54 1 5 1 35 85
4/4 53 0 1 0 0 74 51 0 1 0 0 69 713 0 1 0 0 74 23 0 1 0 0 74 54 3 3667 3 333 74
