4/4 13 0 1 0 0 75 714 1 5 0 0 62 14 1 5 1 5 72 54 0 1 0 1 63 714 1 5 0 1 63 14 1 5 1 15 63 524 0 2 0 2 74 24 0 1 0 2 61 714 1 5 0 3 56 14 1 5 1 35 61
4/4 713 0 1 0 0 73 714 1 5 0 0 78 14 1 5 1 5 63 524 0 1 0 1 58 23 0 1 0 1 68 314 0 2 0 2 71 24 1 5 0 2 76 14 1 5 1 25 60 714 1 5 0 3 61 14 1 5 1 35 58
4/4 613 0 1 0 0 63 714 2 75 0 0 61 54 2 75 2 75 61 13 0 1 0 1 43 314 1 5 1 15 54 23 0 1 0 2 59 714 2 75 0 2 62 54 2 75 2 275 73 22 0 1 0 3 56 614 1 5 1 35 74
4/4 53 0 1 0 0 53 54 2 75 0 0 71 54 2 75 2 75 68 713 0 1 0 1 48 314 1 5 1 15 72 313 0 1 0 2 75 713 0 1 0 2 67
4/4 13 0 1 0 0 60 714 1 5 0 0 62 14 1 5 1 5 73 54 0 1 0 1 65 714 1 5 0 1 58 14 1 5 1 15 54 524 0 2 0 2 67 24 0 1 0 2 67 714 1 5 0 3 62 14 1 5 1 35 54
4/4 713 0 1 0 0 75 714 1 5 0 0 68 14 1 5 1 5 72 524 0 1 0 1 66 23 0 1 0 1 75 314 0 2 0 2 70 24 1 5 0 2 59 14 1 5 1 25 68 714 1 5 0 3 69 14 1 5 1 35 71
4/4 613 0 1 0 0 63 714 2 75 0 0 72 54 2 75 2 75 65 13 0 1 0 1 45 314 1 5 1 15 65 23 0 1 0 2 65 714 2 75 0 2 59 54 2 75 2 275 57 22 0 1 0 3 55 614 1 5 1 35 64
4/4 53 0 1 0 0 54 54 2 75 0 0 67 54 2 75 2 75 64 713 0 1 0 1 51 314 1 5 1 15 58 313 0 1 0 2 66 713 0 1 0 2 69
4/4 13 0 1 0 0 63 714 1 5 0 0 74 14 1 5 1 5 54 54 0 1 0 1 64 714 1 5 0 1 69 14 1 5 1 15 73 524 0 2 0 2 60 24 0 1 0 2 65 714 1 5 0 3 59 14 1 5 1 35 68
4/4 713 0 1 0 0 59 714 1 5 0 0 69 14 1 5 1 5 65 524 0 1 0 1 55 23 0 1 0 1 72 314 0 2 0 2 72 24 1 5 0 2 74 14 1 5 1 25 69 714 1 5 0 3 72 14 1 5 1 35 67
4/4 613 0 1 0 0 63 714 2 75 0 0 65 54 2 75 2 75 68 13 0 1 0 1 51 314 1 5 1 15 58 23 0 1 0 2 51 714 2 75 0 2 65 54 2 75 2 275 57 22 0 1 0 3 53 614 1 5 1 35 66
4/4 53 0 1 0 0 49 54 2 75 0 0 75 54 2 75 2 75 60 713 0 1 0 1 62 714 1 5 1 15 55 53 0 1 0 2 70 53 0 1 0 2 62
4/4 53 0 1 0 0 77 23 0 1 0 0 72 23 0 1 0 1 66 713 0 1 0 1 65 713 0 2 0 2 73 614 0 1 0 2 71 714 0 1 0 3 71
4/4 313 0 1 0 0 49 614 1 5 0 0 60 54 1 5 1 5 66 713 0 1 0 1 53 614 1 5 0 1 67 714 0 2 1 15 69 314 0 1 0 2 60 713 0 1 0 3 43 714 1 5 1 35 74
4/4 12 0 1 0 0 67 314 0 1 0 0 79 53 0 3 0 1 56 714 0 1 0 1 56 614 0 1 0 2 61 54 0 1 0 3 60
4/4 22 0 1 0 0 67 54 1 5 0 0 74 614 1 5 1 5 68 613 0 1 0 1 56 714 1 5 0 1 63 614 1 25 1 15 60 23 0 2 0 2 68
4/4 53 0 1 0 0 64 23 0 1 0 0 75 23 0 1 0 1 59 713 0 1 0 1 61 713 0 2 0 2 58 614 0 1 0 2 70 714 0 1 0 3 75
4/4 313 0 1 0 0 62 614 1 5 0 0 72 54 1 5 1 5 58 713 0 1 0 1 62 614 1 5 0 1 57 714 0 2 1 15 60 314 0 1 0 2 53 713 0 1 0 3 44 714 1 5 1 35 60
4/4 12 0 1 0 0 67 314 0 1 0 0 47 53 0 1 0 1 43 713 0 1 0 1 49 22 0 1 0 2 57 53 0 1 0 2 56 23 0 1 0 3 57 713 0 1 0 3 57
4/4 53 0 1 0 0 66 54 0 3 0 0 65 22 0 1 0 1 47 52 0 2 0 2 60 54 2 25 1 35 59 23 2 25 2 375 68
4/4 12 0 1 0 0 70 314 2 75 0 0 63 314 2 75 2 75 62 13 0 1 0 1 57 23 1 5 1 15 56 22 0 2 0 2 61 54 2 75 0 2 62 54 2 75 2 275 55 54 2 25 1 35 74 23 2 25 2 375 73
4/4 712 0 1 0 0 64 314 2 75 0 0 75 314 2 75 2 75 58 713 0 1 0 1 71 23 1 5 1 15 74 313 0 2 0 2 64 54 2 75 0 2 72 714 2 75 2 275 72 54 2 25 1 35 69 23 2 25 2 375 73
4/4 612 0 1 0 0 66 314 2 75 0 0 67 314 2 75 2 75 55 13 0 1 0 1 44 23 1 5 1 15 73 22 0 1 0 2 65 54 2 75 0 2 71 54 2 75 2 275 61 23 0 1 0 3 43 614 1 5 1 35 64
4/4 53 0 1 0 0 51 54 2 75 0 0 73 54 2 75 2 75 72 23 0 1 0 1 47 314 1 5 1 15 64 313 0 2 0 2 69 714 1 15 0 2 75 54 2 25 1 35 54 23 2 25 2 375 60
4/4 12 0 1 0 0 63 314 2 75 0 0 61 314 2 75 2 75 71 13 0 1 0 1 74 23 1 5 1 15 58 22 0 2 0 2 70 54 2 75 0 2 66 54 2 75 2 275 63 54 2 25 1 35 59 23 2 25 2 375 74
4/4 712 0 1 0 0 62 314 2 75 0 0 72 314 2 75 2 75 59 713 0 1 0 1 62 23 1 5 1 15 57 313 0 1 0 2 75 713 0 1 0 2 69
4/4
