4/4 14 0 1 0 0 69 715 1 5 0 0 69 15 1 5 1 5 64 55 0 1 0 1 65 715 1 5 0 1 65 15 1 5 1 15 64 525 0 2 0 2 67 25 0 1 0 2 67 715 1 5 0 3 65 15 1 5 1 35 64
4/4 714 0 1 0 0 69 715 1 5 0 0 69 15 1 5 1 5 64 525 0 1 0 1 65 24 0 1 0 1 65 315 0 2 0 2 67 25 1 5 0 2 67 15 1 5 1 25 64 715 1 5 0 3 65 15 1 5 1 35 64
4/4 614 0 1 0 0 57 715 2 75 0 0 69 55 2 75 2 75 64 14 0 1 0 1 53 315 1 5 1 15 64 24 0 1 0 2 55 715 2 75 0 2 67 55 2 75 2 275 64 23 0 1 0 3 53 615 1 5 1 35 64
4/4 54 0 1 0 0 57 55 2 75 0 0 69 55 2 75 2 75 64 714 0 1 0 1 53 315 1 5 1 15 64 314 0 1 0 2 67 714 0 1 0 2 67
4/4 14 0 1 0 0 69 715 1 5 0 0 69 15 1 5 1 5 64 55 0 1 0 1 65 715 1 5 0 1 65 15 1 5 1 15 64 525 0 2 0 2 67 25 0 1 0 2 67 715 1 5 0 3 65 15 1 5 1 35 64
4/4 714 0 1 0 0 69 715 1 5 0 0 69 15 1 5 1 5 64 525 0 1 0 1 65 24 0 1 0 1 65 315 0 2 0 2 67 25 1 5 0 2 67 15 1 5 1 25 64 715 1 5 0 3 65 15 1 5 1 35 64
4/4 614 0 1 0 0 57 715 2 75 0 0 69 55 2 75 2 75 64 14 0 1 0 1 53 315 1 5 1 15 64 24 0 1 0 2 55 715 2 75 0 2 67 55 2 75 2 275 64 23 0 1 0 3 53 615 1 5 1 35 64
4/4 54 0 1 0 0 57 55 2 75 0 0 69 55 2 75 2 75 64 714 0 1 0 1 53 315 1 5 1 15 64 314 0 1 0 2 67 714 0 1 0 2 67
4/4 14 0 1 0 0 69 715 1 5 0 0 69 15 1 5 1 5 64 55 0 1 0 1 65 715 1 5 0 1 65 15 1 5 1 15 64 525 0 2 0 2 67 25 0 1 0 2 67 715 1 5 0 3 65 15 1 5 1 35 64
4/4 714 0 1 0 0 69 715 1 5 0 0 69 15 1 5 1 5 64 525 0 1 0 1 65 24 0 1 0 1 65 315 0 2 0 2 67 25 1 5 0 2 67 15 1 5 1 25 64 715 1 5 0 3 65 15 1 5 1 35 64
4/4 614 0 1 0 0 57 715 2 75 0 0 69 55 2 75 2 75 64 14 0 1 0 1 53 315 1 5 1 15 64 24 0 1 0 2 55 715 2 75 0 2 67 55 2 75 2 275 64 23 0 1 0 3 53 615 1 5 1 35 64
4/4 54 0 1 0 0 57 55 2 75 0 0 69 55 2 75 2 75 64 714 0 1 0 1 53 715 1 5 1 15 64 54 0 1 0 2 67 54 0 1 0 2 67
4/4 54 0 1 0 0 69 24 0 1 0 0 69 24 0 1 0 1 65 714 0 1 0 1 65 714 0 2 0 2 67 615 0 1 0 2 67 715 0 1 0 3 65
4/4 314 0 1 0 0 57 615 1 5 0 0 69 55 1 5 1 5 64 714 0 1 0 1 53 615 1 5 0 1 65 715 0 2 1 15 64 315 0 1 0 2 55 714 0 1 0 3 53 715 1 5 1 35 64
4/4 13 0 1 0 0 57 315 0 1 0 0 69 54 0 3 0 1 64 715 0 1 0 1 65 615 0 1 0 2 67 55 0 1 0 3 65
4/4 23 0 1 0 0 69 55 1 5 0 0 69 615 1 5 1 5 64 614 0 1 0 1 65 715 1 5 0 1 65 615 1 25 1 15 64 24 0 2 0 2 67
4/4 54 0 1 0 0 69 24 0 1 0 0 69 24 0 1 0 1 65 714 0 1 0 1 65 714 0 2 0 2 67 615 0 1 0 2 67 715 0 1 0 3 65
4/4 314 0 1 0 0 57 615 1 5 0 0 69 55 1 5 1 5 64 714 0 1 0 1 53 615 1 5 0 1 65 715 0 2 1 15 64 315 0 1 0 2 55 714 0 1 0 3 53 715 1 5 1 35 64
4/4 13 0 1 0 0 57 315 0 1 0 0 57 54 0 1 0 1 53 714 0 1 0 1 53 23 0 1 0 2 55 54 0 1 0 2 55 24 0 1 0 3 53 714 0 1 0 3 53
4/4 54 0 1 0 0 57 55 0 3 0 0 64 23 0 1 0 1 53 53 0 2 0 2 67 55 2 25 1 35 64 24 2 25 2 375 64
4/4 13 0 1 0 0 69 315 2 75 0 0 69 315 2 75 2 75 64 14 0 1 0 1 65 24 1 5 1 15 64 23 0 2 0 2 67 55 2 75 0 2 67 55 2 75 2 275 64 55 2 25 1 35 64 24 2 25 2 375 64
4/4 713 0 1 0 0 69 315 2 75 0 0 69 315 2 75 2 75 64 714 0 1 0 1 65 24 1 5 1 15 64 314 0 2 0 2 67 55 2 75 0 2 67 715 2 75 2 275 64 55 2 25 1 35 64 24 2 25 2 375 64
4/4 613 0 1 0 0 57 315 2 75 0 0 69 315 2 75 2 75 64 14 0 1 0 1 53 24 1 5 1 15 64 23 0 1 0 2 55 55 2 75 0 2 67 55 2 75 2 275 64 24 0 1 0 3 53 615 1 5 1 35 64
4/4 54 0 1 0 0 57 55 2 75 0 0 69 55 2 75 2 75 64 24 0 1 0 1 53 315 1 5 1 15 64 314 0 2 0 2 67 715 1 15 0 2 67 55 2 25 1 35 64 24 2 25 2 375 64
4/4 13 0 1 0 0 69 315 2 75 0 0 69 315 2 75 2 75 64 14 0 1 0 1 65 24 1 5 1 15 64 23 0 2 0 2 67 55 2 75 0 2 67 55 2 75 2 275 64 55 2 25 1 35 64 24 2 25 2 375 64
4/4 713 0 1 0 0 69 315 2 75 0 0 69 315 2 75 2 75 64 714 0 1 0 1 65 24 1 5 1 15 64 314 0 1 0 2 67 714 0 1 0 2 67
4/4
