4/4 25 0 1 0 0 100 56 0 1 0 0 100 26 2 75 2 25 100 226 1 5 0 1 100 616 0 1 1 15 100 316 0 1 1 25 100 526 1 5 1 35 100
4/4 526 3 1833 0 0 100
4/4 25 0 1 0 0 100 56 0 1 0 0 100 26 2 75 0 0 100 16 1 5 0 1 100 616 0 1 1 15 100 316 0 1 1 25 100 15 0 1 1 35 100 46 0 1 1 35 100
4/4 15 0 1 0 0 100 46 0 1 0 0 100
4/4 25 0 1 0 0 100 56 0 1 0 0 100 26 2 75 0 0 100 226 1 5 0 1 100 616 0 1 1 15 100 316 0 1 1 25 100 25 0 1 1 35 100 526 0 1 1 35 100
4/4 25 0 1 0 0 100 526 0 1 0 0 100
4/4 25 0 1 0 0 100 56 0 1 0 0 100 26 2 75 0 0 100 16 1 5 0 1 100 616 0 1 1 15 100 316 0 1 1 25 100 15 0 1 1 35 100 46 0 1 1 35 100
4/4 15 0 1 0 0 100 46 0 1 0 0 100
4/4 25 0 1 0 0 100 56 0 1 0 0 100 26 2 75 0 0 100 16 1 5 0 1 100 56 0 1 1 15 100 25 2 75 1 25 100 316 1 5 1 35 100
4/4 316 3 1833 0 0 100 715 1 15 1 5 100 55 1 5 1 15 100
4/4 46 1 5 0 0 100 15 1 5 1 5 100 46 1 5 0 1 100 16 0 1 1 15 100 56 0 1 1 25 100 616 1 5 1 35 100
4/4 616 2 175 0 0 100 56 0 2 0 2 100
4/4 75 0 1 0 0 100 36 0 1 0 0 100 56 0 1 0 0 100
4/4 65 0 1 0 0 100 225 0 1 0 0 100 46 0 1 0 0 100
4/4 55 0 1 0 0 100 15 0 1 0 0 100 316 0 1 0 0 100 55 1 5 1 25 100 15 1 5 0 3 100 316 1 5 1 35 100
4/4 15 0 1 0 0 100 316 0 1 0 0 100 56 2 175 2 25 100
4/4 25 0 1 0 0 100 56 0 1 0 0 100 26 2 75 0 0 100 226 1 5 0 1 100 616 0 1 1 15 100 316 0 1 1 25 100 526 1 5 1 35 100
4/4 526 3 1833 0 0 100
4/4 25 0 1 0 0 100 56 0 1 0 0 100 26 2 75 0 0 100 16 1 5 0 1 100 616 0 1 1 15 100 316 0 1 1 25 100 15 0 1 1 35 100 46 0 1 1 35 100
4/4 15 0 1 0 0 100 46 0 1 0 0 100
4/4 25 0 1 0 0 100 56 0 1 0 0 100 26 2 75 0 0 100 226 1 5 0 1 100 616 0 1 1 15 100 316 0 1 1 25 100 25 0 1 1 35 100 526 0 1 1 35 100
4/4 25 0 1 0 0 100 526 0 1 0 0 100
4/4 25 0 1 0 0 100 56 0 1 0 0 100 26 2 75 0 0 100 16 1 5 0 1 100 616 0 1 1 15 100 316 0 1 1 25 100 15 0 1 1 35 100 46 0 1 1 35 100
4/4 15 0 1 0 0 100 46 0 1 0 0 100
4/4 25 0 1 0 0 100 56 0 1 0 0 100 26 2 75 0 0 100 16 1 5 0 1 100 56 0 1 1 15 100 25 2 75 1 25 100 316 1 5 1 35 100
4/4 316 3 2833 0 0 100 715 3 2333 1 5 100 55 1 15 1 15 100
4/4 46 1 5 0 0 100 15 1 5 1 5 100 46 1 5 0 1 100 16 0 1 1 15 100 56 0 1 1 25 100 616 1 5 1 35 100
4/4 616 2 175 0 0 100 56 0 2 0 2 100
4/4 75 0 1 0 0 100 36 0 1 0 0 100 56 0 1 0 0 100
4/4 65 0 1 0 0 100 225 0 1 0 0 100 46 0 1 0 0 100
4/4 55 0 1 0 0 100 15 0 1 0 0 100 316 0 1 0 0 100 55 1 5 1 25 100 15 1 5 0 3 100 316 1 5 1 35 100
4/4 15 0 1 0 0 100 316 0 1 0 0 100 56 2 175 2 25 100
4/4 25 0 1 0 0 100 56 0 1 0 0 100 26 2 75 0 0 100 226 1 5 0 1 100 616 0 1 1 15 100 316 0 1 1 25 100 526 1 5 1 35 100
4/4 526 3 1833 0 0 100
4/4 25 0 1 0 0 100 56 0 1 0 0 100 26 2 75 0 0 100 16 1 5 0 1 100 616 0 1 1 15 100 316 0 1 1 25 100 15 0 1 1 35 100 46 0 1 1 35 100
4/4 15 0 1 0 0 100 46 0 1 0 0 100 75 1 5 1 25 100 45 1 5 0 3 100 75 1 5 1 35 100
4/4 25 0 1 0 0 100 56 0 1 0 0 100 26 2 75 0 0 100 226 1 5 0 1 100 616 0 1 1 15 100 316 0 1 1 25 100 25 0 1 1 35 100 526 0 1 1 35 100
4/4 25 0 1 0 0 100 526 0 1 0 0 100
4/4 25 0 1 0 0 100 56 0 1 0 0 100 26 2 75 0 0 100 16 1 5 0 1 100 616 0 1 1 15 100 316 0 1 1 25 100 15 0 1 1 35 100 46 0 1 1 35 100
4/4 15 0 1 0 0 100 46 0 1 0 0 100
4/4 25 0 1 0 0 100 56 0 1 0 0 100 26 2 75 0 0 100 16 1 5 0 1 100 56 0 1 1 15 100 25 2 75 1 25 100 316 1 5 1 35 100
4/4 316 3 1833 0 0 100 715 1 15 1 5 100 55 1 5 1 15 100
4/4 46 1 5 0 0 100 15 1 5 1 5 100 46 1 5 0 1 100 16 0 1 1 15 100 56 0 1 1 25 100 616 1 5 1 35 100
4/4 616 2 175 0 0 100 56 0 2 0 2 100
4/4 75 0 1 0 0 100 36 0 1 0 0 100 56 0 1 0 0 100
4/4 65 0 1 0 0 100 225 0 1 0 0 100 46 0 1 0 0 100
4/4 55 0 1 0 0 100 15 0 1 0 0 100 316 0 1 0 0 100 55 1 5 1 25 100 15 1 5 0 3 100 316 1 5 1 35 100
4/4 15 0 1 0 0 100 316 0 1 0 0 100 56 2 175 2 25 100
4/4 25 0 1 0 0 100 56 0 1 0 0 100 26 2 75 0 0 100 226 1 5 0 1 100 616 0 1 1 15 100 316 0 1 1 25 100 526 1 5 1 35 100
4/4 526 3 1833 0 0 100
4/4 25 0 1 0 0 100 56 0 1 0 0 100 26 2 75 0 0 100 16 1 5 0 1 100 616 0 1 1 15 100 316 0 1 1 25 100 15 0 1 1 35 100 46 0 1 1 35 100
4/4 15 0 1 0 0 100 46 0 1 0 0 100 75 1 5 1 25 100 45 1 5 0 3 100 75 1 5 1 35 100
4/4 25 0 1 0 0 100 56 0 1 0 0 100 26 2 75 0 0 100 226 1 5 0 1 100 616 0 1 1 15 100 316 0 1 1 25 100 25 0 1 1 35 100 526 0 1 1 35 100
4/4 25 0 1 0 0 100 526 0 1 0 0 100
4/4 25 0 1 0 0 100 56 0 1 0 0 100 26 2 75 0 0 100 16 1 5 0 1 100 616 0 1 1 15 100 316 0 1 1 25 100 15 0 1 1 35 100 46 0 1 1 35 100
4/4 15 0 1 0 0 100 46 0 1 0 0 100
4/4 25 0 1 0 0 100 56 0 1 0 0 100 26 2 75 0 0 100 16 1 5 0 1 100 56 0 1 1 15 100 25 2 75 1 25 100 316 1 5 1 35 100
4/4 316 3 1833 0 0 100 715 1 15 1 5 100 55 1 5 1 15 100
4/4 46 1 5 0 0 100 15 1 5 1 5 100 46 1 5 0 1 100 16 0 1 1 15 100 56 0 1 1 25 100 616 1 5 1 35 100
4/4 616 2 175 0 0 100 56 0 2 0 2 100
4/4 75 0 1 0 0 100 36 0 1 0 0 100 56 0 1 0 0 100
4/4 65 0 1 0 0 100 225 0 1 0 0 100 46 0 1 0 0 100
4/4 55 0 1 0 0 100 15 0 1 0 0 100 316 0 1 0 0 100 55 1 5 1 25 100 15 1 5 0 3 100 316 1 5 1 35 100
4/4 15 0 1 0 0 100 316 0 1 0 0 100 16 2 175 2 25 100
4/4 54 0 1 0 0 100 24 0 1 0 0 100
4/4 54 0 1 0 0 100 24 0 1 0 0 100 55 1 5 1 25 100 24 1 5 0 3 100 54 1 5 1 35 100
4/4 44 0 1 0 0 100 74 0 1 0 0 100
4/4 44 0 1 0 0 100 74 0 1 0 0 100 44 1 5 1 25 100 74 1 5 0 3 100 44 1 5 1 35 100
4/4 54 1 5 0 0 100 24 1 5 1 5 100 55 0 3 0 1 100
4/4 55 2 175 0 0 100 55 1 5 1 25 100 24 1 5 0 3 100 54 1 5 1 35 100
4/4 73 1 5 0 0 100 44 1 5 1 5 100 14 1 5 0 1 100 44 1 5 1 15 100 24 0 2 0 2 100 74 1 5 1 35 100
4/4 24 2 175 0 0 100 74 3 1833 0 0 100
4/4 13 1 5 0 0 100 54 1 5 1 5 100 14 1 5 0 1 100 54 1 5 1 15 100 55 1 15 0 2 100 14 1 5 1 35 100
4/4 14 3 1833 0 0 100
4/4 73 1 5 0 0 100 44 1 5 1 5 100 14 1 5 0 1 100 74 1 25 1 15 100
4/4 74 2 175 0 0 100
4/4 63 0 1 0 0 80 34 0 1 0 0 100 14 0 1 0 0 100
4/4 523 0 1 0 0 80 223 0 1 0 0 100 64 0 1 0 0 100
4/4 43 1 5 0 0 80 44 1 5 1 5 80 614 1 5 0 1 100 14 1 5 1 15 100 315 1 5 0 2 100
4/4
4/4 54 0 1 0 0 100 24 0 1 0 0 100
4/4 54 0 1 0 0 100 24 0 1 0 0 100 55 1 5 1 25 100 24 1 5 0 3 100 54 1 5 1 35 100
4/4 44 0 1 0 0 100 74 0 1 0 0 100
4/4 44 0 1 0 0 100 74 0 1 0 0 100 44 1 5 1 25 100 74 1 5 0 3 100 44 1 5 1 35 100
4/4 54 1 5 0 0 100 24 1 5 1 5 100 55 0 3 0 1 100
4/4 55 2 175 0 0 100 55 1 5 1 25 100 24 1 5 0 3 100 54 1 5 1 35 100
4/4 73 1 5 0 0 100 44 1 5 1 5 100 14 1 5 0 1 100 44 1 5 1 15 100 24 0 2 0 2 100 74 1 5 1 35 100
4/4 24 2 175 0 0 100 74 3 1833 0 0 100
4/4 13 1 5 0 0 100 54 1 5 1 5 100 14 1 5 0 1 100 54 1 5 1 15 100 55 1 15 0 2 100 14 1 5 1 35 100
4/4 14 3 2833 0 0 100
4/4 73 1 5 0 0 100 44 1 5 1 5 100 14 1 5 0 1 100 74 1 25 1 15 100
4/4 74 2 175 0 0 100
4/4 63 0 1 0 0 80 34 0 1 0 0 100 14 0 1 0 0 100
4/4 523 0 1 0 0 80 223 0 1 0 0 100 64 0 1 0 0 100
4/4 43 1 5 0 0 80 44 1 5 1 5 80 614 1 5 0 1 100 14 1 5 1 15 100 315 1 5 0 2 100
4/4
4/4 54 0 1 0 0 100 24 0 1 0 0 100
4/4 54 2 25 0 0 100 24 2 25 1 5 100 55 2 25 0 1 100 24 2 25 1 15 100 55 1 5 1 25 100 24 1 5 0 3 100 54 1 5 1 35 100
4/4 44 0 1 0 0 100 74 0 1 0 0 100
4/4 74 2 25 0 0 100 24 2 25 1 5 100 615 2 25 0 1 100 24 2 25 1 15 100 44 1 5 1 25 100 74 1 5 0 3 100 44 1 5 1 35 100
4/4 54 1 5 0 0 100 24 1 5 1 5 100 55 2 275 0 1 100
4/4 54 2 25 0 0 100 24 2 25 1 5 100 55 2 25 0 1 100 24 2 25 1 15 100 55 1 5 1 25 100 24 1 5 0 3 100 54 1 5 1 35 100
4/4 73 1 5 0 0 100 44 0 1 1 5 100 24 0 1 1 5 100 14 0 1 0 1 100 615 0 1 0 1 100 44 0 1 1 15 100 24 0 1 1 15 100 24 0 2 0 2 100
4/4 74 2 25 0 0 100 24 2 25 1 5 100 615 2 25 0 1 100 24 2 25 1 15 100
4/4 13 1 5 0 0 100 14 0 1 1 5 100 55 0 1 1 5 100 315 0 1 0 1 100 15 0 1 0 1 100 14 1 5 1 15 100 54 1 15 0 2 100 14 1 5 1 35 100
4/4 54 2 25 0 0 100 14 2 25 1 5 100 55 2 25 0 1 100 14 2 25 1 15 100
4/4 73 1 5 0 0 100 44 0 1 1 5 100 24 0 1 1 5 100 14 0 1 0 1 100 615 0 1 0 1 100 24 1 5 1 15 100 74 2 225 1 15 100
4/4 74 2 25 0 0 100 24 2 25 1 5 100 615 2 25 0 1 100 24 2 25 1 15 100
4/4 63 0 1 0 0 80 34 0 1 0 0 100 14 0 1 0 0 100
4/4 523 0 1 0 0 80 223 0 1 0 0 100 64 0 1 0 0 100
4/4 43 0 1 0 0 100 614 1 5 0 1 100 14 1 5 1 15 100 315 1 5 0 2 100
4/4
4/4 54 0 1 0 0 100 24 0 1 0 0 100
4/4 54 2 25 0 0 100 24 2 25 1 5 100 55 2 25 0 1 100 24 2 25 1 15 100 55 1 5 1 25 100 24 1 5 0 3 100 54 1 5 1 35 100
4/4 44 0 1 0 0 100 74 0 1 0 0 100
4/4 74 2 25 0 0 100 24 2 25 1 5 100 615 2 25 0 1 100 24 2 25 1 15 100 44 1 5 1 25 100 74 1 5 0 3 100 44 1 5 1 35 100
4/4 54 1 5 0 0 100 24 1 5 1 5 100 55 2 275 0 1 100
4/4 54 2 25 0 0 100 24 2 25 1 5 100 55 2 25 0 1 100 24 2 25 1 15 100 55 1 5 1 25 100 24 1 5 0 3 100 54 1 5 1 35 100
4/4 73 1 5 0 0 100 44 0 1 1 5 100 24 0 1 1 5 100 14 0 1 0 1 100 615 0 1 0 1 100 44 0 1 1 15 100 24 0 1 1 15 100 24 0 2 0 2 100
4/4 74 2 25 0 0 100 24 2 25 1 5 100 615 2 25 0 1 100 24 2 25 1 15 100
4/4 13 1 5 0 0 100 14 0 1 1 5 100 55 0 1 1 5 100 315 0 1 0 1 100 15 0 1 0 1 100 14 1 5 1 15 100 54 1 15 0 2 100 14 1 5 1 35 100
4/4 54 2 25 0 0 100 14 2 25 1 5 100 55 2 25 0 1 100 14 2 25 1 15 100
4/4 73 1 5 0 0 100 44 0 1 1 5 100 24 0 1 1 5 100 14 0 1 0 1 100 615 0 1 0 1 100 24 1 5 1 15 100 74 2 225 1 15 100
4/4 74 2 25 0 0 100 24 2 25 1 5 100 615 2 25 0 1 100 24 2 25 1 15 100
4/4 63 0 1 0 0 80 34 0 1 0 0 100 14 0 1 0 0 100
4/4 523 0 1 0 0 80 223 0 1 0 0 100 64 0 1 0 0 100
4/4 43 1 5 0 0 100 43 1 5 1 5 100 614 1 5 0 1 100 14 1 5 1 15 100 315 1 5 0 2 100
