4/4
4/4
4/4
4/4
4/4
4/4
4/4
4/4
4/4
4/4
4/4
4/4 64 0 1 1 15 80 44 0 1 1 15 80 65 0 1 2 175 80 55 0 1 0 3 80 53 0 1 0 3 80 45 0 1 1 35 80 43 0 1 1 35 80
4/4 65 0 1 0 0 80 63 0 1 0 0 80 75 0 1 1 5 80 73 0 1 1 5 80 65 0 1 1 15 80 45 0 1 1 15 80 63 0 1 1 15 80 65 0 1 1 35 80 63 0 1 1 35 80
4/4 65 0 1 0 0 80 63 0 1 0 0 80 75 0 1 1 5 80 73 0 1 1 5 80 14 0 1 1 15 80 64 0 1 1 15 80 15 0 1 2 175 80 15 0 1 0 3 80 13 0 1 0 3 80
4/4 36 0 1 0 0 80 34 0 1 0 0 80 225 0 1 1 5 80 223 0 1 1 5 80 15 0 1 0 1 80 13 0 1 0 1 80 525 0 1 1 35 80 523 0 1 1 35 80
4/4 525 0 1 0 0 80 523 0 1 0 0 80 65 0 1 1 5 80 63 0 1 1 5 80 614 0 1 1 15 80 524 0 1 1 15 80 615 3 667 2 175 80 65 0 1 0 3 80 63 0 1 0 3 80 525 0 1 1 35 80 523 0 1 1 35 80
4/4 614 0 1 0 0 80 524 0 1 0 0 80 615 2 25 2 25 80 715 0 1 1 5 80 713 0 1 1 5 80 615 0 1 1 15 80 525 0 1 1 15 80 613 0 1 1 15 80 615 0 1 1 35 80 613 0 1 1 35 80
4/4 615 0 1 0 0 80 613 0 1 0 0 80 715 0 1 1 5 80 713 0 1 1 5 80 224 0 1 1 15 80 614 0 1 1 15 80 225 0 1 2 175 80 225 0 1 0 3 80 223 0 1 0 3 80
4/4 316 0 1 0 0 80 314 0 1 0 0 80 25 0 1 1 5 80 23 0 1 1 5 80 225 0 1 1 15 80 615 0 1 1 15 80 223 0 1 1 15 80 715 0 1 0 3 80 65 0 1 0 3 80 713 0 1 0 3 80
4/4
4/4 315 1 5 0 0 80 525 1 5 1 5 80 55 1 5 0 1 80 315 2 75 1 15 80 525 1 5 1 25 80 315 2 75 0 3 80
4/4 315 1 5 0 0 80 525 1 5 1 5 80 55 1 5 0 1 80 315 0 1 1 15 80 13 0 1 1 15 80 615 1 5 1 25 80 715 2 75 0 3 80
4/4 55 1 5 0 0 80 615 1 5 1 5 80 715 1 5 0 1 80 55 0 1 1 15 80 315 0 1 1 15 80 13 0 1 1 15 80 615 1 5 1 25 80 55 2 75 0 3 80
4/4 715 1 5 0 0 80 15 1 5 1 5 80 25 0 1 0 1 80 15 2 75 0 2 80 715 2 75 0 3 80
4/4 15 1 5 0 0 80 715 1 5 1 5 80 615 1 5 0 1 80 55 0 1 1 15 80 315 0 1 1 15 80 53 0 1 1 15 80
4/4 715 0 1 1 5 80 23 0 1 1 5 80 615 0 1 1 15 80 13 0 1 1 15 80 55 0 1 1 25 80 713 0 1 1 25 80 525 0 1 1 35 80 613 0 1 1 35 80
4/4 525 0 1 0 0 80 613 0 1 0 0 80 615 0 1 1 5 80 13 0 1 1 5 80 315 0 1 1 15 80 54 0 1 1 15 80 15 1 15 2 175 80
4/4 715 1 5 0 0 80 615 1 5 1 5 80 715 0 1 0 1 80
4/4 315 1 5 0 0 80 525 1 5 1 5 80 55 1 5 0 1 80 315 2 75 1 15 80 525 1 5 1 25 80 315 2 75 0 3 80
4/4 315 1 5 0 0 80 525 1 5 1 5 80 55 1 5 0 1 80 315 0 1 1 15 80 13 0 1 1 15 80 615 1 5 1 25 80 715 2 75 0 3 80
4/4 55 1 5 0 0 80 615 1 5 1 5 80 715 1 5 0 1 80 55 0 1 1 15 80 315 0 1 1 15 80 13 0 1 1 15 80 615 1 5 1 25 80 55 2 75 0 3 80
4/4 715 1 5 0 0 80 15 1 5 1 5 80 25 0 1 0 1 80 15 2 75 0 2 80 715 2 75 0 3 80
4/4 15 1 5 0 0 80 715 1 5 1 5 80 615 1 5 0 1 80 55 0 1 1 15 80 315 0 1 1 15 80 13 0 1 1 15 80
4/4 715 0 1 1 5 80 23 0 1 1 5 80 615 0 1 1 15 80 23 0 1 1 15 80 615 0 1 0 3 80 314 0 1 0 3 80
4/4 715 1 5 0 0 80 25 0 1 1 5 80 525 0 1 1 5 80 23 0 1 1 5 80 315 0 1 1 15 80 614 0 1 1 15 80 316 2 225 2 175 80
4/4 315 0 1 0 0 80 614 0 1 0 0 80 316 0 1 0 0 80 314 0 1 1 15 80 613 0 1 1 15 80 315 2 225 2 175 80
4/4 314 0 1 0 0 80 613 0 1 0 0 80 315 0 1 0 0 80
4/4 22 0 4 0 0 80
4/4 22 3 3333 0 0 80
4/4 22 0 1 0 0 80 21 0 1 0 0 80
4/4 22 0 1 0 0 80 21 0 1 0 0 80
4/4 22 2 175 0 0 80 21 3 3333 0 0 80 22 3 2333 0 1 80 313 2 75 0 2 80 613 2 75 0 3 80
4/4 22 2 175 0 0 80 21 3 3333 0 0 80 22 3 2333 0 1 80 313 2 75 0 2 80 613 2 75 0 3 80
4/4 22 2 175 0 0 80 21 3 3333 0 0 80 22 3 2333 0 1 80 313 2 75 0 2 80 613 2 75 0 3 80
4/4 22 1 5 0 0 80 613 2 75 1 5 80 612 1 5 1 15 80 22 2 75 0 2 80 613 2 75 0 3 80
4/4 22 1 5 0 0 80 613 1 5 1 5 80 314 1 5 0 1 80 44 1 25 1 15 80
4/4 44 2 125 0 0 80 73 0 1 0 2 80 32 0 1 0 2 80
4/4 22 1 5 0 0 80 613 1 5 1 5 80 314 1 5 0 1 80 44 1 25 1 15 80
4/4 44 2 125 0 0 80 73 0 1 0 2 80 32 0 1 0 2 80
4/4 22 1 5 0 0 80 613 1 5 1 5 80 314 1 5 0 1 80 44 1 25 1 15 80
4/4 44 2 125 0 0 80 73 0 1 0 2 80 32 0 1 0 2 80
4/4 22 1 5 0 0 80 613 1 5 1 5 80 314 1 5 0 1 80 44 3 1667 1 15 80
4/4 22 1 5 0 0 80 613 1 5 1 5 80 314 1 5 0 1 80 44 3 1667 1 15 80
4/4 222 1 5 0 0 80 63 1 5 1 5 80 223 1 5 0 1 80 34 1 5 1 15 80 44 1 5 0 2 80 223 1 5 1 25 80 63 2 75 0 3 80
4/4 222 1 5 0 0 80 63 1 5 1 5 80 223 1 5 0 1 80 34 1 5 1 15 80 44 1 5 0 2 80 223 1 5 1 25 80 63 2 75 0 3 80
4/4 62 1 5 0 0 80 33 1 5 1 5 80 63 1 5 0 1 80 13 1 5 1 15 80 223 1 5 0 2 80 63 1 5 1 25 80 33 2 75 0 3 80
4/4 522 1 5 0 0 80 222 1 5 1 5 80 523 1 5 0 1 80 63 1 5 1 15 80 613 1 5 0 2 80 523 1 5 1 25 80 222 2 75 0 3 80
4/4 612 1 5 0 0 80 313 1 5 1 5 80 613 1 5 0 1 80 713 1 5 1 15 80 223 1 5 0 2 80 613 1 5 1 25 80 313 2 75 0 3 80
4/4 22 1 5 0 0 80 613 1 5 1 5 80 23 1 5 0 1 80 314 1 5 1 15 80 524 1 5 0 2 80 23 1 5 1 25 80 613 2 75 0 3 80
4/4 612 1 5 0 0 80 313 1 5 1 5 80 613 1 5 0 1 80 223 1 5 1 15 80 314 1 5 0 2 80 613 1 5 1 25 80 313 2 75 0 3 80
4/4 313 1 5 0 0 80 613 1 5 1 5 80 223 1 5 0 1 80 22 2 75 1 15 80 63 1 5 1 25 80 713 2 75 0 3 80
4/4 314 3 1667 0 0 80
4/4 313 2 75 0 0 80 314 1 5 0 1 80 524 1 5 1 15 80 54 1 5 0 2 80 314 1 5 1 25 80 713 2 75 0 3 80
4/4 12 1 5 0 0 80 53 1 5 1 5 80 13 1 5 0 1 80 23 1 5 1 15 80 314 1 5 0 2 80 13 1 5 1 25 80 53 2 75 0 3 80
4/4 12 2 75 0 0 80 13 1 5 0 1 80 23 1 5 1 15 80 314 1 5 0 2 80 13 1 5 1 25 80 53 2 75 0 3 80
4/4 22 2 75 0 0 80 23 1 5 0 1 80 314 1 5 1 15 80 524 1 5 0 2 80 23 1 5 1 25 80 613 2 75 0 3 80
4/4 12 1 5 0 0 80 53 1 5 1 5 80 13 1 5 0 1 80 23 1 5 1 15 80 314 1 5 0 2 80 13 1 5 1 25 80 53 2 75 0 3 80
4/4 22 1 5 0 0 80 613 1 5 1 5 80 23 1 5 0 1 80 314 1 5 1 15 80 524 1 5 0 2 80 23 1 5 1 25 80 613 2 75 0 3 80
4/4 53 1 5 0 0 80 23 1 5 1 5 80 54 1 5 0 1 80 614 1 5 1 15 80 714 1 5 0 2 80 54 1 5 1 25 80 23 2 75 0 3 80
4/4 34 1 5 0 0 80 714 0 1 0 0 80 33 0 1 0 0 80 524 0 1 0 0 80 524 2 75 1 5 80 714 1 5 0 1 80 614 0 1 1 15 80 524 0 1 1 15 80 22 0 1 1 15 80
4/4 313 2 75 0 0 80 314 1 5 0 1 80 524 1 5 1 15 80 54 1 5 0 2 80 314 1 5 1 25 80 713 2 75 0 3 80
4/4 12 2 75 0 0 80 13 1 5 0 1 80 23 1 5 1 15 80 314 2 75 0 2 80 13 2 75 0 3 80
4/4 53 1 5 0 0 80 23 1 5 1 5 80 54 1 5 0 1 80 614 1 5 1 15 80 714 1 5 0 2 80 54 1 5 1 25 80 23 2 75 0 3 80
4/4 22 1 5 0 0 80 613 1 5 1 5 80 23 1 5 0 1 80 314 1 5 1 15 80 524 1 5 0 2 80 23 1 5 1 25 80 613 1 5 0 3 80 523 1 5 1 35 80
4/4 12 1 5 0 0 80 53 1 5 1 5 80 13 1 5 0 1 80 23 1 5 1 15 80 314 1 5 0 2 80 13 1 5 1 25 80 53 1 5 0 3 80 313 1 5 1 35 80
4/4 22 1 5 0 0 80 613 1 5 1 5 80 23 1 5 0 1 80 314 1 5 1 15 80 524 1 5 0 2 80 23 1 5 1 25 80 613 1 5 0 3 80 523 1 5 1 35 80
4/4 313 1 5 0 0 80 713 1 5 1 5 80 314 1 5 0 1 80 524 1 5 1 15 80 54 1 5 0 2 80 614 1 5 1 25 80 714 1 5 0 3 80 24 1 5 1 35 80
