4/4
4/4
4/4
4/4
4/4
4/4
4/4
4/4
4/4
4/4
4/4
4/4 64 0 1 1 15 70 45 0 1 1 15 72 65 0 1 2 175 71 55 0 1 0 3 74 54 0 1 0 3 79 45 0 1 1 35 82 44 0 1 1 35 78
4/4 65 0 1 0 0 89 64 0 1 0 0 87 75 0 1 1 5 75 74 0 1 1 5 73 65 0 1 1 15 78 45 0 1 1 15 76 64 0 1 1 15 90 65 0 1 1 35 83 64 0 1 1 35 76
4/4 65 0 1 0 0 90 64 0 1 0 0 89 75 0 1 1 5 71 74 0 1 1 5 82 14 0 1 1 15 90 65 0 1 1 15 83 15 0 1 2 175 85 15 0 1 0 3 82 14 0 1 0 3 84
4/4 36 0 1 0 0 76 35 0 1 0 0 82 225 0 1 1 5 74 224 0 1 1 5 90 15 0 1 0 1 87 14 0 1 0 1 70 525 0 1 1 35 86 524 0 1 1 35 81
4/4 525 0 1 0 0 73 524 0 1 0 0 76 65 0 1 1 5 71 64 0 1 1 5 86 614 0 1 1 15 89 525 0 1 1 15 86 615 3 667 2 175 87 65 0 1 0 3 79 64 0 1 0 3 80 525 0 1 1 35 89 524 0 1 1 35 74
4/4 614 0 1 0 0 83 525 0 1 0 0 72 615 2 25 2 25 87 715 0 1 1 5 84 714 0 1 1 5 70 615 0 1 1 15 89 525 0 1 1 15 89 614 0 1 1 15 88 615 0 1 1 35 72 614 0 1 1 35 90
4/4 615 0 1 0 0 78 614 0 1 0 0 82 715 0 1 1 5 77 714 0 1 1 5 83 224 0 1 1 15 89 615 0 1 1 15 78 225 0 1 2 175 72 225 0 1 0 3 82 224 0 1 0 3 76
4/4 316 0 1 0 0 71 315 0 1 0 0 85 25 0 1 1 5 71 24 0 1 1 5 80 225 0 1 1 15 72 615 0 1 1 15 90 224 0 1 1 15 71 715 0 1 0 3 72 65 0 1 0 3 75 714 0 1 0 3 88
4/4
4/4 315 1 5 0 0 87 525 1 5 1 5 85 55 1 5 0 1 90 315 2 75 1 15 78 525 1 5 1 25 88 315 2 75 0 3 77
4/4 315 1 5 0 0 84 525 1 5 1 5 76 55 1 5 0 1 71 315 0 1 1 15 71 14 0 1 1 15 77 615 1 5 1 25 74 715 2 75 0 3 83
4/4 55 1 5 0 0 71 615 1 5 1 5 70 715 1 5 0 1 81 55 0 1 1 15 83 315 0 1 1 15 88 14 0 1 1 15 77 615 1 5 1 25 88 55 2 75 0 3 84
4/4 715 1 5 0 0 75 15 1 5 1 5 81 25 0 1 0 1 71 15 2 75 0 2 84 715 2 75 0 3 71
4/4 15 1 5 0 0 74 715 1 5 1 5 74 615 1 5 0 1 73 55 0 1 1 15 88 315 0 1 1 15 86 54 0 1 1 15 70
4/4 715 0 1 1 5 77 24 0 1 1 5 84 615 0 1 1 15 71 14 0 1 1 15 73 55 0 1 1 25 90 714 0 1 1 25 83 525 0 1 1 35 75 614 0 1 1 35 74
4/4 525 0 1 0 0 75 614 0 1 0 0 88 615 0 1 1 5 88 14 0 1 1 5 80 315 0 1 1 15 85 55 0 1 1 15 78 15 1 15 2 175 71
4/4 715 1 5 0 0 88 615 1 5 1 5 75 715 0 1 0 1 75
4/4 315 1 5 0 0 74 525 1 5 1 5 71 55 1 5 0 1 71 315 2 75 1 15 90 525 1 5 1 25 78 315 2 75 0 3 73
4/4 315 1 5 0 0 73 525 1 5 1 5 77 55 1 5 0 1 74 315 0 1 1 15 73 14 0 1 1 15 80 615 1 5 1 25 78 715 2 75 0 3 84
4/4 55 1 5 0 0 78 615 1 5 1 5 89 715 1 5 0 1 89 55 0 1 1 15 82 315 0 1 1 15 80 14 0 1 1 15 75 615 1 5 1 25 84 55 2 75 0 3 82
4/4 715 1 5 0 0 85 15 1 5 1 5 81 25 0 1 0 1 89 15 2 75 0 2 81 715 2 75 0 3 77
4/4 15 1 5 0 0 80 715 1 5 1 5 80 615 1 5 0 1 82 55 0 1 1 15 89 315 0 1 1 15 82 14 0 1 1 15 88
4/4 715 0 1 1 5 90 24 0 1 1 5 70 615 0 1 1 15 84 24 0 1 1 15 79 615 0 1 0 3 70 315 0 1 0 3 85
4/4 715 1 5 0 0 71 25 0 1 1 5 76 525 0 1 1 5 86 24 0 1 1 5 90 315 0 1 1 15 84 615 0 1 1 15 70 316 2 225 2 175 70
4/4 315 0 1 0 0 90 615 0 1 0 0 79 316 0 1 0 0 81 314 0 1 1 15 77 614 0 1 1 15 83 315 2 225 2 175 84
4/4 314 0 1 0 0 72 614 0 1 0 0 89 315 0 1 0 0 86
4/4 22 0 4 0 0 90
4/4 22 3 3333 0 0 88
4/4 22 0 1 0 0 73 21 0 1 0 0 87
4/4 22 0 1 0 0 88 21 0 1 0 0 90
4/4 22 2 175 0 0 85 21 3 3333 0 0 86 22 3 2333 0 1 84 313 2 75 0 2 88 613 2 75 0 3 83
4/4 22 2 175 0 0 90 21 3 3333 0 0 80 22 3 2333 0 1 81 313 2 75 0 2 80 613 2 75 0 3 74
4/4 22 2 175 0 0 87 21 3 3333 0 0 71 22 3 2333 0 1 83 313 2 75 0 2 80 613 2 75 0 3 85
4/4 22 1 5 0 0 74 613 2 75 1 5 75 612 1 5 1 15 88 22 2 75 0 2 85 613 2 75 0 3 81
4/4 22 1 5 0 0 87 613 1 5 1 5 79 314 1 5 0 1 75 44 1 25 1 15 72
4/4 44 2 125 0 0 83 73 0 1 0 2 70 33 0 1 0 2 77
4/4 22 1 5 0 0 70 613 1 5 1 5 77 314 1 5 0 1 88 44 1 25 1 15 80
4/4 44 2 125 0 0 70 73 0 1 0 2 87 33 0 1 0 2 76
4/4 22 1 5 0 0 90 613 1 5 1 5 70 314 1 5 0 1 82 44 1 25 1 15 75
4/4 44 2 125 0 0 82 73 0 1 0 2 71 33 0 1 0 2 80
4/4 22 1 5 0 0 76 613 1 5 1 5 76 314 1 5 0 1 73 44 3 1667 1 15 81
4/4 22 1 5 0 0 76 613 1 5 1 5 80 314 1 5 0 1 71 44 3 1667 1 15 87
4/4 222 1 5 0 0 82 63 1 5 1 5 80 223 1 5 0 1 70 34 1 5 1 15 82 44 1 5 0 2 73 223 1 5 1 25 80 63 2 75 0 3 74
4/4 222 1 5 0 0 82 63 1 5 1 5 77 223 1 5 0 1 72 34 1 5 1 15 80 44 1 5 0 2 74 223 1 5 1 25 75 63 2 75 0 3 76
4/4 62 1 5 0 0 77 33 1 5 1 5 74 63 1 5 0 1 85 13 1 5 1 15 90 223 1 5 0 2 83 63 1 5 1 25 73 33 2 75 0 3 83
4/4 522 1 5 0 0 87 222 1 5 1 5 89 523 1 5 0 1 78 63 1 5 1 15 71 613 1 5 0 2 70 523 1 5 1 25 74 222 2 75 0 3 86
4/4 612 1 5 0 0 77 313 1 5 1 5 71 613 1 5 0 1 85 713 1 5 1 15 72 223 1 5 0 2 86 613 1 5 1 25 85 313 2 75 0 3 71
4/4 22 1 5 0 0 72 613 1 5 1 5 77 23 1 5 0 1 80 314 1 5 1 15 72 524 1 5 0 2 86 23 1 5 1 25 79 613 2 75 0 3 75
4/4 612 1 5 0 0 73 313 1 5 1 5 72 613 1 5 0 1 87 223 1 5 1 15 84 314 1 5 0 2 80 613 1 5 1 25 77 313 2 75 0 3 85
4/4 313 1 5 0 0 87 613 1 5 1 5 83 223 1 5 0 1 74 22 2 75 1 15 81 63 1 5 1 25 75 713 2 75 0 3 75
4/4 314 3 1667 0 0 87
4/4 313 2 75 0 0 77 314 1 5 0 1 88 524 1 5 1 15 82 54 1 5 0 2 71 314 1 5 1 25 89 713 2 75 0 3 71
4/4 12 1 5 0 0 75 53 1 5 1 5 78 13 1 5 0 1 85 23 1 5 1 15 85 314 1 5 0 2 73 13 1 5 1 25 90 53 2 75 0 3 70
4/4 12 2 75 0 0 88 13 1 5 0 1 88 23 1 5 1 15 73 314 1 5 0 2 81 13 1 5 1 25 85 53 2 75 0 3 90
4/4 22 2 75 0 0 75 23 1 5 0 1 87 314 1 5 1 15 72 524 1 5 0 2 72 23 1 5 1 25 73 613 2 75 0 3 86
4/4 12 1 5 0 0 83 53 1 5 1 5 77 13 1 5 0 1 70 23 1 5 1 15 77 314 1 5 0 2 77 13 1 5 1 25 71 53 2 75 0 3 79
4/4 22 1 5 0 0 73 613 1 5 1 5 84 23 1 5 0 1 77 314 1 5 1 15 78 524 1 5 0 2 70 23 1 5 1 25 73 613 2 75 0 3 83
4/4 53 1 5 0 0 78 23 1 5 1 5 78 54 1 5 0 1 87 614 1 5 1 15 85 714 1 5 0 2 73 54 1 5 1 25 81 23 2 75 0 3 70
4/4 34 1 5 0 0 78 714 0 1 0 0 84 34 0 1 0 0 70 524 0 1 0 0 82 524 2 75 1 5 80 714 1 5 0 1 82 614 0 1 1 15 89 524 0 1 1 15 74 23 0 1 1 15 76
4/4 313 2 75 0 0 83 314 1 5 0 1 76 524 1 5 1 15 75 54 1 5 0 2 85 314 1 5 1 25 86 713 2 75 0 3 78
4/4 12 2 75 0 0 88 13 1 5 0 1 78 23 1 5 1 15 89 314 2 75 0 2 80 13 2 75 0 3 90
4/4 53 1 5 0 0 88 23 1 5 1 5 73 54 1 5 0 1 85 614 1 5 1 15 89 714 1 5 0 2 77 54 1 5 1 25 86 23 2 75 0 3 72
4/4 22 1 5 0 0 85 613 1 5 1 5 73 23 1 5 0 1 86 314 1 5 1 15 72 524 1 5 0 2 87 23 1 5 1 25 75 613 1 5 0 3 89 523 1 5 1 35 81
4/4 12 1 5 0 0 81 53 1 5 1 5 89 13 1 5 0 1 90 23 1 5 1 15 81 314 1 5 0 2 84 13 1 5 1 25 81 53 1 5 0 3 76 313 1 5 1 35 88
4/4 22 1 5 0 0 86 613 1 5 1 5 80 23 1 5 0 1 75 314 1 5 1 15 87 524 1 5 0 2 72 23 1 5 1 25 74 613 1 5 0 3 73 523 1 5 1 35 77
4/4 313 1 5 0 0 81 713 1 5 1 5 73 314 1 5 0 1 73 524 1 5 1 15 88 54 1 5 0 2 89 614 1 5 1 25 73 714 1 5 0 3 83 24 1 5 1 35 89
