4/4
4/4
4/4
4/4
4/4
4/4
4/4
4/4
4/4
4/4
4/4
4/4 65 0 1 1 15 80 46 0 1 1 15 80 66 0 1 2 175 80 56 0 1 0 3 80 55 0 1 0 3 80 46 0 1 1 35 80 45 0 1 1 35 80
4/4 66 0 1 0 0 80 65 0 1 0 0 80 76 0 1 1 5 80 75 0 1 1 5 80 66 0 1 1 15 80 46 0 1 1 15 80 65 0 1 1 15 80 66 0 1 1 35 80 65 0 1 1 35 80
4/4 66 0 1 0 0 80 65 0 1 0 0 80 76 0 1 1 5 80 75 0 1 1 5 80 15 0 1 1 15 80 66 0 1 1 15 80 16 0 1 2 175 80 16 0 1 0 3 80 15 0 1 0 3 80
4/4 37 0 1 0 0 80 36 0 1 0 0 80 226 0 1 1 5 80 225 0 1 1 5 80 16 0 1 0 1 80 15 0 1 0 1 80 526 0 1 1 35 80 525 0 1 1 35 80
4/4 526 0 1 0 0 80 525 0 1 0 0 80 66 0 1 1 5 80 65 0 1 1 5 80 615 0 1 1 15 80 526 0 1 1 15 80 616 3 667 2 175 80 66 0 1 0 3 80 65 0 1 0 3 80 526 0 1 1 35 80 525 0 1 1 35 80
4/4 615 0 1 0 0 80 526 0 1 0 0 80 616 2 25 2 25 80 716 0 1 1 5 80 715 0 1 1 5 80 616 0 1 1 15 80 526 0 1 1 15 80 615 0 1 1 15 80 616 0 1 1 35 80 615 0 1 1 35 80
4/4 616 0 1 0 0 80 615 0 1 0 0 80 716 0 1 1 5 80 715 0 1 1 5 80 225 0 1 1 15 80 616 0 1 1 15 80 226 0 1 2 175 80 226 0 1 0 3 80 225 0 1 0 3 80
4/4 317 0 1 0 0 80 316 0 1 0 0 80 26 0 1 1 5 80 25 0 1 1 5 80 226 0 1 1 15 80 616 0 1 1 15 80 225 0 1 1 15 80 716 0 1 0 3 80 66 0 1 0 3 80 715 0 1 0 3 80
4/4
4/4 316 1 5 0 0 80 526 1 5 1 5 80 56 1 5 0 1 80 316 2 75 1 15 80 526 1 5 1 25 80 316 2 75 0 3 80
4/4 316 1 5 0 0 80 526 1 5 1 5 80 56 1 5 0 1 80 316 0 1 1 15 80 15 0 1 1 15 80 616 1 5 1 25 80 716 2 75 0 3 80
4/4 56 1 5 0 0 80 616 1 5 1 5 80 716 1 5 0 1 80 56 0 1 1 15 80 316 0 1 1 15 80 15 0 1 1 15 80 616 1 5 1 25 80 56 2 75 0 3 80
4/4 716 1 5 0 0 80 16 1 5 1 5 80 26 0 1 0 1 80 16 2 75 0 2 80 716 2 75 0 3 80
4/4 16 1 5 0 0 80 716 1 5 1 5 80 616 1 5 0 1 80 56 0 1 1 15 80 316 0 1 1 15 80 55 0 1 1 15 80
4/4 716 0 1 1 5 80 25 0 1 1 5 80 616 0 1 1 15 80 15 0 1 1 15 80 56 0 1 1 25 80 715 0 1 1 25 80 526 0 1 1 35 80 615 0 1 1 35 80
4/4 526 0 1 0 0 80 615 0 1 0 0 80 616 0 1 1 5 80 15 0 1 1 5 80 316 0 1 1 15 80 56 0 1 1 15 80 16 1 15 2 175 80
4/4 716 1 5 0 0 80 616 1 5 1 5 80 716 0 1 0 1 80
4/4 316 1 5 0 0 80 526 1 5 1 5 80 56 1 5 0 1 80 316 2 75 1 15 80 526 1 5 1 25 80 316 2 75 0 3 80
4/4 316 1 5 0 0 80 526 1 5 1 5 80 56 1 5 0 1 80 316 0 1 1 15 80 15 0 1 1 15 80 616 1 5 1 25 80 716 2 75 0 3 80
4/4 56 1 5 0 0 80 616 1 5 1 5 80 716 1 5 0 1 80 56 0 1 1 15 80 316 0 1 1 15 80 15 0 1 1 15 80 616 1 5 1 25 80 56 2 75 0 3 80
4/4 716 1 5 0 0 80 16 1 5 1 5 80 26 0 1 0 1 80 16 2 75 0 2 80 716 2 75 0 3 80
4/4 16 1 5 0 0 80 716 1 5 1 5 80 616 1 5 0 1 80 56 0 1 1 15 80 316 0 1 1 15 80 15 0 1 1 15 80
4/4 716 0 1 1 5 80 25 0 1 1 5 80 616 0 1 1 15 80 25 0 1 1 15 80 616 0 1 0 3 80 316 0 1 0 3 80
4/4 716 1 5 0 0 80 26 0 1 1 5 80 526 0 1 1 5 80 25 0 1 1 5 80 316 0 1 1 15 80 616 0 1 1 15 80 317 2 225 2 175 80
4/4 316 0 1 0 0 80 616 0 1 0 0 80 317 0 1 0 0 80 315 0 1 1 15 80 615 0 1 1 15 80 316 2 225 2 175 80
4/4 315 0 1 0 0 80 615 0 1 0 0 80 316 0 1 0 0 80
4/4 23 0 4 0 0 80
4/4 23 3 3333 0 0 80
4/4 23 0 1 0 0 80 22 0 1 0 0 80
4/4 23 0 1 0 0 80 22 0 1 0 0 80
4/4 23 2 175 0 0 80 22 3 3333 0 0 80 23 3 2333 0 1 80 314 2 75 0 2 80 614 2 75 0 3 80
4/4 23 2 175 0 0 80 22 3 3333 0 0 80 23 3 2333 0 1 80 314 2 75 0 2 80 614 2 75 0 3 80
4/4 23 2 175 0 0 80 22 3 3333 0 0 80 23 3 2333 0 1 80 314 2 75 0 2 80 614 2 75 0 3 80
4/4 23 1 5 0 0 80 614 2 75 1 5 80 613 1 5 1 15 80 23 2 75 0 2 80 614 2 75 0 3 80
4/4 23 1 5 0 0 80 614 1 5 1 5 80 315 1 5 0 1 80 45 1 25 1 15 80
4/4 45 2 125 0 0 80 74 0 1 0 2 80 34 0 1 0 2 80
4/4 23 1 5 0 0 80 614 1 5 1 5 80 315 1 5 0 1 80 45 1 25 1 15 80
4/4 45 2 125 0 0 80 74 0 1 0 2 80 34 0 1 0 2 80
4/4 23 1 5 0 0 80 614 1 5 1 5 80 315 1 5 0 1 80 45 1 25 1 15 80
4/4 45 2 125 0 0 80 74 0 1 0 2 80 34 0 1 0 2 80
4/4 23 1 5 0 0 80 614 1 5 1 5 80 315 1 5 0 1 80 45 3 1667 1 15 80
4/4 23 1 5 0 0 80 614 1 5 1 5 80 315 1 5 0 1 80 45 3 1667 1 15 80
4/4 223 1 5 0 0 80 64 1 5 1 5 80 224 1 5 0 1 80 35 1 5 1 15 80 45 1 5 0 2 80 224 1 5 1 25 80 64 2 75 0 3 80
4/4 223 1 5 0 0 80 64 1 5 1 5 80 224 1 5 0 1 80 35 1 5 1 15 80 45 1 5 0 2 80 224 1 5 1 25 80 64 2 75 0 3 80
4/4 63 1 5 0 0 80 34 1 5 1 5 80 64 1 5 0 1 80 14 1 5 1 15 80 224 1 5 0 2 80 64 1 5 1 25 80 34 2 75 0 3 80
4/4 523 1 5 0 0 80 223 1 5 1 5 80 524 1 5 0 1 80 64 1 5 1 15 80 614 1 5 0 2 80 524 1 5 1 25 80 223 2 75 0 3 80
4/4 613 1 5 0 0 80 314 1 5 1 5 80 614 1 5 0 1 80 714 1 5 1 15 80 224 1 5 0 2 80 614 1 5 1 25 80 314 2 75 0 3 80
4/4 23 1 5 0 0 80 614 1 5 1 5 80 24 1 5 0 1 80 315 1 5 1 15 80 525 1 5 0 2 80 24 1 5 1 25 80 614 2 75 0 3 80
4/4 613 1 5 0 0 80 314 1 5 1 5 80 614 1 5 0 1 80 224 1 5 1 15 80 315 1 5 0 2 80 614 1 5 1 25 80 314 2 75 0 3 80
4/4 314 1 5 0 0 80 614 1 5 1 5 80 224 1 5 0 1 80 23 2 75 1 15 80 64 1 5 1 25 80 714 2 75 0 3 80
4/4 315 3 1667 0 0 80
4/4 314 2 75 0 0 80 315 1 5 0 1 80 525 1 5 1 15 80 55 1 5 0 2 80 315 1 5 1 25 80 714 2 75 0 3 80
4/4 13 1 5 0 0 80 54 1 5 1 5 80 14 1 5 0 1 80 24 1 5 1 15 80 315 1 5 0 2 80 14 1 5 1 25 80 54 2 75 0 3 80
4/4 13 2 75 0 0 80 14 1 5 0 1 80 24 1 5 1 15 80 315 1 5 0 2 80 14 1 5 1 25 80 54 2 75 0 3 80
4/4 23 2 75 0 0 80 24 1 5 0 1 80 315 1 5 1 15 80 525 1 5 0 2 80 24 1 5 1 25 80 614 2 75 0 3 80
4/4 13 1 5 0 0 80 54 1 5 1 5 80 14 1 5 0 1 80 24 1 5 1 15 80 315 1 5 0 2 80 14 1 5 1 25 80 54 2 75 0 3 80
4/4 23 1 5 0 0 80 614 1 5 1 5 80 24 1 5 0 1 80 315 1 5 1 15 80 525 1 5 0 2 80 24 1 5 1 25 80 614 2 75 0 3 80
4/4 54 1 5 0 0 80 24 1 5 1 5 80 55 1 5 0 1 80 615 1 5 1 15 80 715 1 5 0 2 80 55 1 5 1 25 80 24 2 75 0 3 80
4/4 35 1 5 0 0 80 715 0 1 0 0 80 35 0 1 0 0 80 525 0 1 0 0 80 525 2 75 1 5 80 715 1 5 0 1 80 615 0 1 1 15 80 525 0 1 1 15 80 24 0 1 1 15 80
4/4 314 2 75 0 0 80 315 1 5 0 1 80 525 1 5 1 15 80 55 1 5 0 2 80 315 1 5 1 25 80 714 2 75 0 3 80
4/4 13 2 75 0 0 80 14 1 5 0 1 80 24 1 5 1 15 80 315 2 75 0 2 80 14 2 75 0 3 80
4/4 54 1 5 0 0 80 24 1 5 1 5 80 55 1 5 0 1 80 615 1 5 1 15 80 715 1 5 0 2 80 55 1 5 1 25 80 24 2 75 0 3 80
4/4 23 1 5 0 0 80 614 1 5 1 5 80 24 1 5 0 1 80 315 1 5 1 15 80 525 1 5 0 2 80 24 1 5 1 25 80 614 1 5 0 3 80 524 1 5 1 35 80
4/4 13 1 5 0 0 80 54 1 5 1 5 80 14 1 5 0 1 80 24 1 5 1 15 80 315 1 5 0 2 80 14 1 5 1 25 80 54 1 5 0 3 80 314 1 5 1 35 80
4/4 23 1 5 0 0 80 614 1 5 1 5 80 24 1 5 0 1 80 315 1 5 1 15 80 525 1 5 0 2 80 24 1 5 1 25 80 614 1 5 0 3 80 524 1 5 1 35 80
4/4 314 1 5 0 0 80 714 1 5 1 5 80 315 1 5 0 1 80 525 1 5 1 15 80 55 1 5 0 2 80 615 1 5 1 25 80 715 1 5 0 3 80 25 1 5 1 35 80
