4/4 32 0 1 2 175 40 72 3 667 2 275 43 43 3 333 3 3667 44
4/4 523 0 1 1 5 43 223 3 333 1 15 38
4/4 32 0 1 1 15 50 72 3 667 1 25 45 43 3 333 3 3333 51
4/4 523 0 1 3 333 45 223 3 667 3 1333 41
4/4 524 0 1 0 0 58 64 3 667 3 667 59 74 3 2667 3 1333 54 32 0 1 3 1333 43 72 2 75 2 225 38 43 3 333 2 325 42
4/4 74 3 1833 0 0 54 523 0 1 2 25 40 223 1 5 0 1 42
4/4 224 1 5 0 0 73 14 2 225 2 75 74 32 0 1 0 1 46 72 3 667 2 175 42 43 2 25 2 275 42 523 3 333 3 3667 40 74 3 333 3 3667 52
4/4 523 0 1 0 0 40 74 3 667 0 0 52 64 2 225 1 5 44 13 0 1 1 5 31 74 1 5 1 35 64
4/4 74 2 325 1 5 63 32 0 1 1 5 46 72 3 667 1 15 40 43 2 25 3 2333 40 523 3 667 3 3333 40
4/4 523 3 1333 0 0 40 223 2 75 2 25 38
4/4 32 0 1 2 25 48 72 1 5 2 125 42 43 2 25 0 2 42 523 0 1 0 3 44
4/4 223 3 667 0 0 37 523 3 667 0 0 44 524 2 75 1 25 59 64 2 75 2 325 65 74 2 25 2 375 65 32 2 25 2 375 48
4/4 74 2 475 0 0 65 32 2 75 0 0 48 72 2 75 3 667 44 43 2 25 3 1667 51 523 1 15 1 25 46 223 1 5 1 35 39
4/4 523 3 167 0 0 46 223 3 167 0 0 39 224 3 667 3 2333 76 35 2 75 2 325 70 32 3 667 3 3333 49
4/4 35 3 1583 0 0 70 32 3 333 0 0 49 72 2 75 2 25 44 43 3 333 2 125 36 523 0 2 0 2 43 224 3 333 0 2 52 14 0 1 0 3 49 13 0 1 0 3 39
4/4 523 0 1 0 0 43 14 2 125 0 0 49 13 2 75 0 0 39 224 1 5 2 225 71 44 0 1 0 3 38 74 0 1 0 3 48 524 0 1 0 3 45 32 2 75 2 325 44
4/4 72 1 5 0 0 40 44 0 1 0 0 38 74 0 1 0 0 48 524 0 1 0 0 45 32 2 25 0 0 44 43 2 25 0 1 44 523 0 2 0 2 45 223 0 1 0 3 39
4/4 523 3 333 0 0 45 223 2 25 0 0 39 32 0 1 0 3 49
4/4 72 2 75 0 0 39 43 2 25 2 75 46 523 2 225 2 175 46 223 0 1 2 275 35
4/4 523 1 5 0 0 46 224 2 225 2 175 73 64 2 125 2 275 72 32 0 1 2 275 49 222 2 25 2 375 45
4/4 224 3 6083 0 0 73 64 0 5 0 0 72 222 3 417 0 0 45 43 3 333 3 667 46 63 0 2 1 15 47 223 0 1 1 25 36
4/4 524 1 5 1 15 70 44 1 15 1 25 77 32 3 667 1 25 50 222 1 5 1 35 52
4/4 44 1 15 0 0 77 222 1 5 0 0 52 43 1 5 3 333 40 524 0 1 2 125 59 63 1 25 3 1333 45 44 0 1 2 225 50 64 0 1 2 225 54 223 2 125 2 225 38
4/4 44 0 1 0 0 50 64 0 1 0 0 54 74 3 667 3 1333 74 34 0 1 0 2 49 64 0 1 0 2 56 32 0 1 2 225 47 14 2 175 2 225 64 12 2 75 2 325 46
4/4 33 2 25 0 0 45 34 0 1 0 0 49 64 0 1 0 0 56 14 2 825 0 0 64 63 0 3 0 1 41 13 2 175 0 2 37
4/4 32 2 125 2 175 51 12 0 1 2 275 55 33 2 25 3 3667 54
4/4 63 0 3 3 667 46 34 0 1 3 1333 40 64 0 1 3 1333 46 13 0 2 1 15 39 224 3 1667 1 15 68 35 1 5 1 35 84
4/4 35 0 1 0 0 84 524 0 1 2 125 52 74 0 1 2 125 58 224 0 1 1 15 70 45 0 1 1 15 72 31 0 1 1 15 62 32 0 1 1 15 56 72 2 75 1 25 46 43 1 5 1 35 52
4/4 524 0 1 0 0 52 74 0 1 0 0 58 224 0 1 0 0 70 45 0 1 0 0 72 523 0 3 3 333 46 223 2 125 3 1333 42 74 0 1 2 225 68 45 1 5 2 325 67
4/4 35 2 75 0 0 87 524 0 1 2 75 49 74 0 1 2 75 56 224 0 1 2 75 70 31 0 1 0 1 58 32 0 1 0 1 57 45 0 3 0 1 72 72 2 75 0 2 53 43 2 25 0 3 56 523 2 25 2 375 45
4/4 524 0 1 0 0 49 74 0 1 0 0 56 224 0 1 0 0 70 523 3 3083 0 0 45 45 3 1333 0 0 72 223 2 125 2 75 40 224 0 1 2 275 78 44 0 1 2 275 72 35 0 1 3 3667 74 524 0 1 3 3667 81
4/4 524 0 1 1 5 61 74 0 1 1 5 55 224 0 1 1 5 76 45 0 1 1 5 72 31 0 1 3 667 58 32 0 1 3 667 52 72 2 75 3 1667 55 43 2 25 1 25 55 523 3 667 3 3333 49
4/4 523 3 1083 0 0 49 223 0 1 3 333 39 524 0 1 3 333 65 224 0 1 3 333 61 45 0 1 3 333 62 525 1 5 2 175 87 65 2 25 0 3 75 524 0 1 2 375 51 224 0 1 2 375 68 45 0 1 2 375 68
4/4 74 0 1 0 0 53 224 0 1 0 0 68 31 0 1 0 0 54 32 0 1 0 0 55 524 0 1 0 0 51 224 0 1 0 0 68 45 0 1 0 0 68 72 2 75 0 1 46 43 2 25 2 175 50 523 2 125 2 275 46 223 3 333 3 3667 41
4/4 74 0 1 0 0 53 224 0 1 0 0 68 523 3 1083 0 0 46 223 3 667 0 0 41 224 3 667 1 15 71 34 0 1 0 3 48 74 0 1 0 3 58 711 0 1 2 325 49 711 0 1 2 325 53 35 2 75 2 325 70
4/4 34 0 1 0 0 48 74 0 1 0 0 58 522 0 1 2 25 53 45 3 333 1 5 64 35 3 333 2 75 60 224 1 5 0 1 67 72 3 667 2 125 42 35 3 2667 3 1333 68 33 2 25 0 2 44 523 0 1 0 3 40
4/4 523 2 125 0 0 40 35 3 6333 0 0 68 711 0 1 2 275 57 522 3 333 3 3667 53
4/4 522 3 667 0 0 53 72 0 1 1 5 52 33 3 667 1 15 49 523 1 15 1 25 44 35 3 667 3 3333 74
4/4 523 2 75 0 0 44 35 3 333 0 0 74 224 0 1 3 333 68 73 1 5 3 333 43 714 2 25 2 125 67 223 2 225 2 175 42 44 0 1 0 2 51 224 0 1 0 2 62 74 0 1 2 225 59 224 0 1 2 225 62 521 0 1 2 225 49 221 2 75 2 325 50
4/4 223 2 175 0 0 42 44 0 1 0 0 51 224 0 1 0 0 62 74 0 1 0 0 59 224 0 1 0 0 62 62 2 75 2 25 41 72 0 1 0 1 52 74 0 2 0 2 67 222 2 75 0 2 51 43 0 1 2 275 49 523 2 25 2 375 51
4/4 74 3 667 0 0 67 523 3 417 0 0 51 73 3 3333 3 667 64 223 0 1 1 15 54 64 0 1 1 15 55 521 0 1 1 15 51 221 3 667 1 25 50 72 3 667 3 3333 38
4/4 73 3 1417 0 0 64 223 0 1 0 0 54 64 0 1 0 0 55 222 2 325 3 333 42 44 3 333 2 125 46 43 0 2 3 1333 36 224 1 5 2 225 73 714 3 333 0 3 63
4/4 74 2 25 0 0 71 713 0 1 3 667 57 64 0 1 3 667 64 34 0 1 2 75 54 64 0 1 2 75 64 311 0 1 0 1 57 714 1 25 0 1 70 711 2 75 2 175 54 62 3 667 2 275 49 712 3 333 3 3667 48
4/4 712 3 417 0 0 48 713 2 225 2 25 46 34 0 1 1 5 50 64 0 1 1 5 62 33 0 1 1 5 49 313 0 2 1 15 52 63 3 667 1 25 58 713 3 667 3 3333 71
4/4 713 3 2083 0 0 71 524 0 2 2 25 70 312 0 1 2 25 53 712 1 5 2 125 45 314 2 175 2 225 52 33 2 75 2 225 45 713 0 1 0 3 48 63 0 1 0 3 39
4/4 313 3 667 0 0 41 34 3 333 0 0 48 314 2 25 0 0 52 713 0 1 0 0 48 63 0 1 0 0 39 714 1 5 0 1 80 74 1 5 0 2 77 64 2 25 0 3 77 34 1 5 1 35 63 64 0 1 2 375 57 31 0 1 2 375 61 74 0 1 2 375 81
4/4 34 2 625 0 0 63 64 0 1 0 0 57 31 0 1 0 0 61 74 0 1 0 0 81 71 0 1 2 75 52 714 0 1 2 75 67 74 3 333 3 1333 64 64 0 1 3 1667 68 32 0 1 3 1667 56 74 0 2 0 2 72 62 0 1 3 2667 64 72 3 333 3 3667 70
4/4 74 2 225 0 0 72 72 3 667 0 0 70 33 0 1 3 667 68 63 0 1 1 15 67 73 2 25 3 2333 77 73 0 1 0 3 58 34 0 1 2 325 59 54 0 1 2 325 77 32 3 667 3 3333 74
4/4 73 3 1333 0 0 58 34 0 1 0 0 59 54 0 1 0 0 77 32 3 583 0 0 74 72 0 1 3 333 67 43 2 75 2 125 68 53 3 1667 2 225 68 713 0 1 2 275 74 34 0 1 2 275 68 54 0 1 2 275 60 33 2 75 0 3 63 714 2 75 2 325 88
4/4 714 2 25 0 0 88 223 0 1 0 1 74 314 0 1 0 1 70 54 0 1 0 1 64 31 0 1 0 1 77 224 0 1 2 125 88 34 0 1 0 3 67 64 0 1 0 3 59 714 0 1 0 3 78 61 0 1 2 325 64 61 0 1 2 325 68 35 2 75 2 325 87
4/4 34 0 1 0 0 67 64 0 1 0 0 59 714 0 1 0 0 78 35 2 375 0 0 87 32 0 1 2 25 64 72 2 75 0 1 67 712 0 2 0 2 56 523 0 1 0 3 52
4/4 712 2 75 0 0 56 523 1 5 0 0 52 524 0 1 2 175 81 525 0 1 2 175 76 44 0 1 3 2667 70 224 0 1 3 2667 78 45 0 1 3 2667 77 64 2 125 2 275 68 61 0 1 2 275 59 61 0 1 2 275 53 42 2 25 2 375 62
4/4 44 0 1 0 0 70 224 0 1 0 0 78 45 0 1 0 0 77 64 3 417 0 0 68 42 2 75 0 0 62 62 3 333 3 667 64 222 2 125 3 1667 61 35 2 25 3 1667 80 223 0 1 1 25 45 44 0 1 1 25 51 63 0 1 1 25 41 43 0 1 1 25 44 224 0 1 1 25 67
4/4 34 0 1 1 15 77 35 0 1 1 15 77 34 0 1 2 225 63 64 0 1 2 225 59 714 0 1 2 225 78 35 0 1 2 225 84 61 0 1 1 25 62 61 0 1 1 25 59 32 2 25 1 35 58
4/4 34 0 1 0 0 63 64 0 1 0 0 59 714 0 1 0 0 78 35 0 1 0 0 84 72 0 1 3 333 64 712 2 275 2 125 61 523 2 175 2 225 47
4/4 712 1 5 0 0 61 64 1 5 2 25 80 714 1 5 0 1 92 524 0 1 2 175 62 74 0 1 2 175 68 224 0 1 2 175 84 61 0 1 2 175 59 32 0 1 2 275 56 35 0 1 2 275 74 35 2 25 2 375 84 72 2 25 2 375 51
4/4 35 2 25 0 0 84 712 0 1 2 75 40 224 0 1 2 75 71 523 0 1 2 175 35 64 0 1 2 175 49 713 2 25 2 375 84
4/4 713 3 417 0 0 84 223 3 667 3 667 88 523 1 15 3 1333 58 713 0 1 1 15 68 34 0 1 1 15 68 61 0 1 1 15 62 32 3 667 1 25 58 72 2 25 3 3333 56
4/4 713 0 1 0 0 68 34 0 1 0 0 68 712 0 3 2 25 51 73 0 1 2 125 45 523 0 1 2 125 33
4/4 524 3 667 2 25 90 63 0 1 2 75 62 223 0 1 2 75 57 44 0 1 2 75 72 64 0 1 2 75 72 61 2 75 0 1 57 42 2 75 0 2 59 62 2 25 0 3 57 524 2 25 2 375 84 222 2 25 2 375 52
4/4 524 2 25 0 0 84 222 2 75 0 0 52 44 0 1 2 75 68 63 0 1 2 75 63 43 0 1 2 75 46 524 2 25 2 375 88
4/4 524 2 25 0 0 88 73 0 1 1 5 58 713 0 1 1 5 65 34 0 1 1 5 67 61 0 1 3 667 59 32 2 75 1 15 55 72 2 25 1 25 47 712 3 667 3 3333 46
4/4 73 0 1 0 0 58 713 0 1 0 0 65 34 0 1 0 0 67 712 3 2583 0 0 46 523 1 15 3 333 41 64 2 75 2 225 72 714 1 5 0 3 81 524 0 1 2 375 53 74 0 1 2 375 49 224 0 1 2 375 67 61 0 1 2 375 49
4/4 524 0 1 0 0 53 74 0 1 0 0 49 224 0 1 0 0 67 61 0 1 0 0 49 35 3 333 0 1 63 32 2 75 0 1 50 72 2 25 2 175 43 712 0 1 2 275 47 224 0 1 2 275 65 64 2 25 2 375 49 523 2 25 2 375 36
4/4 712 0 1 0 0 47 224 0 1 0 0 65 64 2 175 0 0 49 523 1 15 0 0 36 525 2 25 1 25 83 223 0 1 1 35 57 524 0 1 1 35 57 74 3 333 3 3667 62 224 3 333 3 3667 64 61 3 333 3 3667 47
4/4 223 0 1 0 0 57 524 0 1 0 0 57 74 3 3667 0 0 62 224 3 4667 0 0 64 61 3 417 0 0 47 522 0 1 1 5 58 72 2 25 1 15 54 222 3 1667 3 2333 50 523 3 667 3 3333 43
4/4 222 3 833 0 0 50 523 3 333 0 0 43 714 3 333 3 2333 88 223 0 1 0 3 52 524 0 1 0 3 46 74 3 667 3 3333 72 61 3 667 3 3333 57
4/4 223 0 1 0 0 52 524 0 1 0 0 46 74 3 1333 0 0 72 61 3 333 0 0 57 522 2 75 2 25 53 72 2 25 2 125 52 714 0 1 2 225 78 222 0 1 2 225 37 224 2 75 2 325 76 524 2 75 2 325 62 523 0 1 2 325 48 73 0 1 2 325 46
4/4 224 1 15 0 0 76 524 2 125 0 0 62 523 0 1 0 0 48 73 0 1 0 0 46 35 3 667 2 175 77 44 0 1 3 2667 59 64 0 1 3 2667 57 224 0 1 3 2667 73 61 0 1 0 3 59 45 0 1 0 3 72 42 2 25 2 375 63
4/4 44 0 1 0 0 59 64 0 1 0 0 57 224 0 1 0 0 73 45 3 8667 0 0 72 42 2 75 0 0 63 62 2 25 3 667 61 222 0 1 3 1667 56 43 3 1333 3 2667 38 63 3 1333 3 2667 39
4/4 43 3 917 0 0 38 63 3 417 0 0 39 61 0 1 2 225 55 42 2 75 2 325 63
4/4 62 1 5 0 0 66 42 2 25 0 0 63 222 1 5 0 1 69 524 0 1 2 175 76 43 0 1 2 175 61 63 0 1 2 175 60 525 0 1 2 175 82 64 0 1 2 375 72 32 0 1 2 375 68 65 0 1 2 375 81
4/4 64 0 1 0 0 72 32 0 1 0 0 68 65 0 1 0 0 81 74 0 1 3 1667 72 35 0 1 3 1667 68 525 0 1 3 1667 79 75 0 1 3 1667 78 61 0 1 2 175 74 61 0 1 2 175 68 32 0 1 3 2667 67 72 1 5 1 35 74
4/4 74 0 1 0 0 72 35 0 1 0 0 68 525 0 1 0 0 79 75 0 1 0 0 78 712 3 3333 1 5 68 523 0 2 1 15 63 34 0 1 3 2333 80 35 0 1 3 2333 92 75 0 1 2 325 91 74 0 1 2 325 85
4/4 64 0 1 0 0 77 65 0 1 0 0 78 74 0 1 2 75 63 35 0 1 2 75 63 525 0 1 2 75 79 75 0 1 2 75 75 61 0 1 0 1 71 61 0 1 0 1 62 32 0 1 0 2 70 72 2 25 0 3 72 712 2 25 2 375 63
4/4 74 0 1 0 0 63 35 0 1 0 0 63 525 0 1 0 0 79 75 0 1 0 0 75 712 2 175 0 0 63 523 2 75 2 75 64 524 0 1 3 2667 88 525 0 1 3 2667 83 65 0 1 1 35 82 64 0 1 1 35 84
4/4 74 0 1 3 333 68 35 0 1 3 333 70 525 0 1 3 333 76 75 0 1 3 333 75 61 0 1 1 5 64 61 0 1 1 5 62 32 2 75 3 1333 67 72 3 333 2 225 74 712 2 25 2 325 71
4/4 75 0 1 2 25 78 74 0 1 2 25 74 523 0 1 2 25 50 525 0 1 2 25 71 35 0 1 2 25 67 73 0 1 2 25 60 715 0 1 1 15 76 714 0 1 1 15 84 225 0 1 2 275 76 224 0 1 2 275 88 74 0 1 1 35 63 35 0 1 1 35 70 525 0 1 1 35 79 75 0 1 1 35 75 61 0 1 3 3667 64 61 0 1 3 3667 62
4/4 74 0 1 0 0 63 35 0 1 0 0 70 525 0 1 0 0 79 75 0 1 0 0 75 32 2 75 3 667 65 72 2 25 1 15 65 712 2 25 3 2333 62 73 0 1 3 3333 60 523 0 1 3 3333 52
4/4 73 0 1 0 0 60 523 0 1 0 0 52 524 0 1 2 125 81 525 0 1 2 125 79 64 0 1 2 275 72 35 0 1 2 275 67 311 0 1 2 275 73 65 0 1 2 275 86 711 2 25 2 375 57
4/4 75 3 333 0 0 75 711 1 5 0 0 57 65 3 333 3 333 66 525 1 5 3 667 76 62 2 75 2 75 52 65 0 3 0 1 65 712 1 5 3 1667 61 33 0 1 1 25 52 313 1 5 1 35 56
4/4 313 1 5 0 0 56 65 2 125 0 0 65 63 0 1 3 333 62 713 2 25 2 125 70 64 2 175 2 225 77 312 0 1 2 225 66 712 0 1 0 3 57
4/4 33 2 75 0 0 50 64 2 225 0 0 77 63 0 1 0 1 45 34 2 25 2 175 46 313 2 225 2 175 44 65 0 1 2 275 75 64 0 1 2 275 74 524 0 1 3 3667 88 525 0 1 3 3667 76
4/4 313 1 5 0 0 44 314 0 1 3 667 88 315 0 1 3 667 78 524 0 1 2 125 62 35 0 1 2 125 70 74 0 1 3 1333 59 35 0 1 3 1333 70 525 0 1 3 1333 73 711 0 1 1 15 70 521 2 75 3 2333 55 32 2 75 2 325 63
4/4 522 0 1 0 0 52 34 0 1 2 75 40 524 0 1 2 75 48 74 0 3 0 1 56 72 2 75 0 1 52 35 0 3 0 1 63 33 0 1 0 2 54 523 0 1 2 275 56 73 2 25 2 375 57
4/4 74 2 25 0 0 56 34 0 1 0 0 40 524 0 1 0 0 48 35 1 15 0 0 63 74 0 2 3 667 65 711 0 1 3 667 58 522 0 1 1 15 51 72 2 75 1 25 46 33 1 5 1 35 44
4/4 33 1 5 0 0 44 524 0 1 3 333 55 73 0 1 3 333 60 523 3 2333 3 333 42 525 0 1 2 125 69 524 0 1 2 125 70 314 0 1 2 225 76 315 0 1 2 225 71 35 0 1 0 3 65 34 0 1 0 3 70 314 0 1 2 375 59 64 0 1 2 375 50 224 0 1 2 375 68
4/4 611 0 1 0 0 57 315 3 2667 0 0 64 314 0 1 0 0 59 64 0 1 0 0 50 224 0 1 0 0 68 312 2 75 0 1 51 712 1 5 0 2 46 222 3 667 2 275 51 224 2 25 2 375 46 313 0 1 2 375 38 63 0 1 2 375 36 314 2 25 2 375 39
4/4 224 0 4 0 0 46 313 0 1 0 0 38 63 0 1 0 0 36 314 0 4 0 0 39 611 3 333 3 3667 55
4/4 224 1 35 0 0 46 314 0 3 0 0 39 611 3 667 0 0 55 312 2 75 1 5 48 712 2 25 1 15 49 222 3 1667 3 2333 48 313 0 1 3 3333 43 63 0 1 3 3333 39
4/4 222 3 583 0 0 48 313 0 1 0 0 43 63 0 1 0 0 39 315 1 5 2 25 73 35 1 5 0 1 77 224 3 667 0 2 78 64 3 1333 3 2667 54 74 2 125 2 275 57 35 0 1 0 3 72 31 0 1 0 3 54 71 2 25 2 375 46
4/4 64 3 3417 0 0 54 74 2 25 0 0 57 71 1 5 0 0 46 315 2 25 2 25 57 35 2 25 1 5 60 224 0 1 3 667 70 32 0 1 3 667 45 35 0 3 0 1 67 62 0 1 1 15 53 72 3 667 1 25 52 33 2 25 3 3333 42
4/4 35 1 105 0 0 67 64 0 1 3 333 53 63 0 1 3 333 45 73 1 5 3 1333 39 73 0 1 1 25 27 34 0 1 1 25 34 54 1 15 1 25 41 33 1 15 1 25 30
4/4 73 0 1 0 0 27 34 0 1 0 0 34 54 0 4 0 0 41 33 0 4 0 0 30
4/4 73 0 1 0 0 27 34 0 1 0 0 34 54 1 25 0 0 41 33 2 75 0 0 30 64 0 1 1 35 51 713 0 1 1 35 45 62 0 1 1 35 38
4/4 64 0 1 0 0 51 713 0 1 0 0 45 62 0 1 0 0 38 33 0 1 1 5 44 73 0 1 3 1333 45 33 2 75 3 2333 41 525 0 1 2 325 58 713 0 1 2 325 45
4/4 315 0 1 0 0 57 33 0 1 0 0 43 74 0 1 0 1 54 73 0 1 0 1 44 33 0 1 0 2 44 714 0 1 0 2 58 315 0 1 2 275 58 62 0 1 2 275 44 35 0 1 2 375 55 33 0 1 2 375 42
4/4 35 0 1 0 0 55 33 0 1 0 0 42 64 0 1 3 667 49 73 0 1 3 667 40 74 0 1 3 1667 52 33 0 1 3 1667 36 224 0 1 3 2667 52 713 0 1 3 2667 40 714 1 5 1 35 52 33 1 5 1 35 38
4/4 714 2 125 0 0 52 33 1 5 0 0 38 73 3 667 1 5 42 33 3 667 1 15 46 713 0 1 3 2333 47 64 0 1 3 2333 51 522 0 1 1 25 44 33 3 667 3 3333 43
4/4 713 0 1 0 0 47 64 0 1 0 0 51 33 3 333 0 0 43 73 2 75 2 25 37 33 0 1 2 125 43 713 0 1 0 2 44 525 0 1 0 2 63 33 0 1 0 3 42 315 0 1 0 3 58
4/4 74 0 1 0 0 62 73 0 1 0 0 41 33 0 1 2 75 43 714 0 1 2 75 59 315 0 1 2 175 62 522 0 1 2 175 46 35 0 1 3 2667 54 33 0 1 3 2667 39 64 0 1 3 3667 48 73 0 1 3 3667 43
4/4 64 0 1 0 0 48 73 0 1 0 0 43 33 0 1 1 5 43 74 0 1 1 5 53 224 0 1 1 15 51 713 0 1 1 15 39 33 0 1 3 2333 37 714 1 15 1 25 48 73 3 667 3 3333 45
4/4 714 3 167 0 0 48 33 2 25 3 333 42 312 0 1 2 125 48 64 0 1 2 125 54 713 0 1 2 125 52 33 0 1 2 225 49 63 2 75 2 325 45
4/4 33 2 75 0 0 43 713 0 1 0 1 45 525 0 1 0 1 56 315 0 1 0 2 59 33 0 1 0 2 41 74 0 1 2 275 51 73 2 75 0 3 42 714 2 25 2 375 58 33 2 25 2 375 43
4/4 714 0 1 0 0 58 312 0 1 2 75 51 315 0 1 2 75 57 33 0 1 3 1667 45 35 0 1 3 1667 55 64 0 1 1 25 51 73 0 1 1 25 41 74 0 1 1 35 56 33 0 1 1 35 39
4/4 74 0 1 0 0 56 33 0 1 0 0 39 224 0 1 3 333 52 713 0 1 3 333 41 714 1 15 3 1333 52 33 3 333 3 1333 41 312 2 75 3 2333 30 33 2 75 2 325 37
4/4 73 0 1 0 0 36 34 0 1 0 0 43 64 1 35 0 0 41 32 2 125 2 25 41 74 2 375 2 25 44 72 2 75 0 1 42 33 2 25 0 2 43 63 2 125 2 275 43 73 2 25 2 375 47
4/4 63 3 4417 0 0 43 73 2 425 0 0 47 74 0 1 0 0 44 34 0 1 2 75 44 64 3 1333 2 175 40 74 2 25 0 3 46
4/4 35 0 1 1 15 22 36 0 1 1 15 34
