4/4 46 2 25 0 1 52 76 2 125 0 2 57 226 3 333 2 325 50
4/4 225 0 1 3 333 23 35 0 1 3 333 34 526 0 1 3 333 28 76 0 1 3 333 36 47 2 125 2 75 40 47 2 25 2 275 67 36 0 1 3 3667 37 45 0 1 3 3667 35 526 0 1 2 375 36 616 0 1 2 375 41
4/4 37 0 1 0 0 59 36 0 1 0 0 37 45 0 1 0 0 35 526 0 1 0 0 36 616 0 1 0 0 41 226 1 5 0 1 64 16 2 25 0 2 53 226 0 1 0 3 39 46 0 1 0 3 37 75 0 1 0 3 36
4/4 226 0 1 0 0 39 46 0 1 0 0 37 75 1 45 0 0 36 76 3 1333 3 2333 68 226 1 5 1 35 76
4/4 47 1 5 1 5 74 525 0 1 3 1333 24 76 0 1 3 1333 37 225 3 2667 3 1333 25 46 1 25 1 15 32 47 0 1 2 175 44 77 0 1 2 175 41
4/4 77 3 333 0 0 66 225 3 83 0 0 25 65 0 1 2 75 30 526 0 1 2 75 31 37 0 1 2 75 38 16 0 2 0 1 36 77 0 1 0 1 48 67 0 1 0 2 59 527 2 25 2 325 60
4/4 224 2 375 2 25 30 15 2 375 2 25 37 66 0 1 3 333 23 16 0 1 3 333 28 67 3 3333 3 667 35
4/4 16 2 125 0 0 74 224 2 75 0 0 30 15 2 125 0 0 37 67 3 333 0 0 35 47 2 125 2 125 70 67 0 1 2 225 70 226 0 1 0 3 22 47 0 1 0 3 37 55 0 1 0 3 37 17 0 1 0 3 53
4/4 225 2 125 3 333 37 46 2 25 3 1333 43 77 1 15 1 15 54 315 0 1 1 25 36 15 0 1 1 25 39 16 0 1 1 25 41 67 3 333 3 3667 68
4/4 67 3 333 0 0 68 57 1 5 2 25 70 527 1 5 3 667 69 57 3 333 2 125 61 16 0 1 1 15 46 37 0 1 1 15 49 45 0 1 2 175 42 77 0 1 2 175 55 15 2 25 2 275 45 67 2 25 2 375 57 66 2 25 2 375 39
4/4 67 3 1417 0 0 57 35 1 15 2 75 36 56 0 1 2 75 39 16 0 1 2 75 47 15 2 175 0 1 37 57 3 667 0 2 62 47 3 667 1 25 60 317 1 5 0 3 58 47 2 25 1 35 55
4/4 224 0 1 0 0 31 15 0 1 0 0 22 46 0 1 2 25 36 16 0 1 2 25 39 47 2 125 1 5 40 47 3 333 0 3 64 14 0 1 3 3333 35 75 0 1 3 3333 36 36 0 1 1 35 40 56 0 1 1 35 47 37 2 25 2 375 51
4/4 14 0 1 0 0 35 75 0 1 0 0 36 36 0 1 0 0 40 56 0 1 0 0 47 37 3 417 0 0 51 226 3 333 2 75 54 76 2 25 0 2 52 45 0 1 0 3 29 614 0 1 2 325 21 46 0 1 2 325 37 15 0 1 2 325 33 16 0 1 2 325 28
4/4 45 0 2 0 0 29 614 0 1 0 0 21 46 0 1 0 0 37 15 0 1 0 0 33 16 0 1 0 0 28 45 0 1 0 3 52
4/4 45 1 5 0 0 52 75 0 1 2 25 63 225 0 1 2 125 59 46 3 1667 3 2333 56 34 3 667 3 2333 45 74 3 667 0 3 40 224 1 5 1 35 53
4/4 45 3 667 0 0 61 224 3 167 0 0 53 224 0 1 1 5 55 46 0 1 1 5 68 74 1 5 0 1 59 36 3 1333 1 15 72 44 3 667 1 15 55 614 2 75 0 2 50 225 3 1333 3 2667 64 14 1 5 3 2667 48 525 1 5 2 325 48 15 2 25 2 375 59 14 2 25 2 375 46
4/4 15 3 1083 0 0 59 14 3 417 0 0 46 614 2 25 3 333 51 225 0 3 0 1 61 73 3 667 0 1 50 44 1 5 1 15 49 14 3 667 0 2 51 224 1 5 3 2667 61 14 1 5 2 325 64 44 3 333 3 3667 72
4/4 225 2 25 0 0 61 44 3 333 0 0 72 73 1 5 2 25 65 75 0 1 2 25 80 44 3 333 3 667 61 225 0 1 0 1 84 14 3 667 2 125 59 224 1 5 2 175 63 14 0 1 2 225 59 46 0 1 2 225 74 44 2 25 2 275 65 75 0 1 0 3 57 225 0 1 0 3 55 46 0 1 0 3 65 76 3 667 3 3333 72 523 3 667 3 3333 73
4/4 223 2 75 0 0 57 75 0 1 0 0 57 225 0 1 0 0 55 46 0 1 0 0 65 76 3 667 0 0 72 44 1 5 3 333 68 74 3 667 2 75 72 76 0 1 3 1333 87 44 0 1 3 1333 61 223 3 333 2 175 63 15 0 1 0 2 62 36 0 1 0 2 63 63 0 1 0 2 64 76 0 1 0 2 77 34 3 333 0 3 58 16 0 1 3 3333 72 14 0 1 3 3333 54
4/4 15 2 125 0 0 58 64 3 667 0 0 51 66 0 1 1 5 58 45 0 1 1 5 52 526 3 667 0 1 62 14 2 25 0 1 52 66 3 2333 3 1667 63 15 3 2333 3 1667 62 223 1 5 3 1667 55 64 3 667 2 225 61 14 1 5 3 2667 67 45 1 5 2 325 59 224 2 25 2 375 52
4/4 66 0 1 0 0 63 15 3 167 0 0 62 224 2 75 0 0 52 65 1 5 2 25 47 45 2 225 0 1 41 15 2 125 0 1 51 46 0 1 0 2 77 15 1 5 1 25 65 66 3 667 0 3 84
4/4 225 0 1 0 0 50 46 0 1 0 0 56 54 2 75 2 25 64 16 3 1333 2 25 72 224 3 667 2 75 68 45 2 25 2 125 70 75 1 5 2 175 70 45 0 1 2 225 59 76 0 1 2 225 80 224 2 25 2 275 53 15 0 1 0 3 55 316 0 1 0 3 62 66 0 1 0 3 70 314 3 667 2 325 58 14 2 25 2 375 54
4/4 15 0 1 0 0 55 316 0 1 0 0 62 66 0 1 0 0 70 14 3 417 0 0 54 315 2 25 3 333 53 56 0 1 3 333 67 55 3 333 0 1 49 66 3 667 3 1333 65 14 2 25 3 1333 47 314 2 25 0 2 42 15 0 1 2 225 39 36 0 1 2 225 57 44 3 667 1 25 56 76 1 15 1 25 67 14 0 1 0 3 51 55 2 25 1 35 51
4/4 65 2 25 0 0 51 15 0 1 0 0 39 36 0 1 0 0 57 14 2 25 0 0 51 14 0 1 1 5 52 66 0 1 1 5 65 44 2 25 0 1 44 14 2 225 2 175 35 56 0 1 2 175 46 15 0 1 2 175 42 55 0 1 2 175 43 34 0 1 2 175 33 55 0 1 2 175 43
4/4 14 2 25 0 0 35 46 1 5 2 25 80 223 3 2667 0 1 40 45 0 1 2 125 45 15 0 1 2 125 55 46 0 1 2 125 64 14 2 225 2 125 41 36 3 667 0 3 51 225 2 25 3 3667 48
4/4 74 0 1 3 667 39 13 0 1 3 667 38 315 0 2 3 667 41 15 2 125 3 667 47 25 3 333 2 175 53 316 2 25 0 3 47
4/4 45 0 1 0 0 32 75 0 1 0 0 41 43 2 125 0 0 40 15 1 25 0 0 44 46 0 4 0 0 48 13 0 1 0 1 48 44 2 25 2 225 48 55 0 1 2 325 44 75 0 1 2 325 51 74 3 667 3 3333 38
4/4 55 0 1 0 0 44 75 0 1 0 0 51 74 3 583 0 0 38 46 3 333 0 0 48 14 1 15 3 333 38 15 1 25 1 15 47 75 2 25 0 2 48 44 0 1 2 275 30 14 0 1 2 275 30 615 0 1 2 275 28 45 0 1 2 275 32
4/4 44 0 1 0 0 30 14 0 1 0 0 30 15 0 1 0 0 47 615 0 1 0 0 28 45 0 1 0 0 32 47 2 125 2 275 30
4/4 44 0 1 0 0 30 14 0 1 0 0 30 47 1 5 0 0 30 46 1 15 1 15 51 526 0 1 0 3 44 64 2 75 0 3 35 35 2 25 2 375 38
4/4 526 0 1 0 0 44 35 3 417 0 0 38 525 3 667 3 333 52 15 1 5 0 1 56 525 1 5 3 1333 58 46 0 1 3 1333 70 35 1 5 0 2 64 64 1 5 3 2333 55 36 2 75 3 2333 77 35 2 75 2 275 61 225 3 667 3 3333 70 525 3 667 3 3333 63
4/4 15 1 5 0 0 55 225 3 333 0 0 70 525 1 5 3 333 58 15 2 125 1 5 70 35 2 25 0 1 61 225 0 1 1 15 67 223 1 5 1 15 56 64 3 667 0 2 53 14 1 5 1 25 56 36 0 1 1 25 68 45 1 5 0 3 49 46 1 5 1 35 65 14 2 25 1 35 49
4/4 64 2 25 0 0 56 46 1 5 0 0 65 65 3 1667 1 5 62 223 1 5 1 5 51 64 3 667 0 1 49 14 1 5 3 1667 45 45 1 5 2 225 41 65 0 1 3 2667 62 14 0 1 3 2667 49 64 2 25 2 325 57 526 2 25 2 375 71 63 2 25 2 375 48
4/4 526 1 15 0 0 71 63 2 25 0 0 48 34 3 667 2 25 49 524 1 5 2 75 56 14 1 5 2 125 56 524 0 1 2 175 58 46 0 1 2 175 77 34 1 5 3 2333 56 36 2 125 2 275 72 63 3 667 2 275 50 34 3 667 3 3333 53 225 2 25 2 375 68 524 2 25 2 375 58
4/4 34 3 83 0 0 53 225 2 75 0 0 68 524 3 417 0 0 58 14 1 5 3 333 47 524 1 5 2 75 53 36 2 75 0 1 70 34 2 25 1 15 44 223 1 5 2 175 54 46 2 225 2 175 72 64 3 667 1 25 51 14 1 5 0 3 50 45 1 5 1 35 47
4/4 14 1 5 0 0 46 46 1 25 0 0 72 64 2 25 1 5 48 223 1 5 0 1 47 64 1 5 1 15 46 14 1 5 0 2 44 45 1 5 1 25 46 46 0 1 0 3 72 14 0 1 0 3 52 64 3 333 3 3667 54
4/4 64 3 167 0 0 54 46 0 1 2 25 71 44 0 1 2 25 63 56 1 5 1 5 70 14 0 1 3 667 49 46 0 1 3 667 68 316 0 1 2 125 81 55 0 1 2 125 52 14 1 5 3 1667 62 46 0 1 2 225 84 65 0 1 2 225 53 14 1 5 3 2667 55 15 0 1 0 3 65 46 0 1 0 3 77 44 0 1 0 3 64 66 0 1 0 3 74 14 2 25 2 375 53
4/4 14 2 25 0 0 53 56 0 1 2 25 84 55 0 1 2 25 54 15 0 1 2 75 72 14 0 1 2 75 50 46 0 1 2 125 80 65 0 1 2 125 51 14 2 25 2 175 53 55 0 1 0 2 54 15 0 1 0 2 60 314 3 667 2 225 57 316 1 15 3 2333 71 14 3 667 2 275 52 315 1 5 3 3333 52 14 2 25 2 375 51
4/4 14 3 417 0 0 51 56 2 275 3 333 67 55 1 5 3 333 50 14 3 333 2 75 41 15 3 1667 3 1333 68 314 1 5 3 1333 51 14 3 667 2 175 46 315 1 5 3 2333 48 14 1 5 2 275 41 15 1 5 1 35 74 55 1 5 1 35 52
4/4 14 1 5 0 0 51 15 2 25 0 0 74 66 3 1667 1 5 80 44 1 5 1 5 58 14 3 667 0 1 49 65 1 5 1 15 46 14 1 5 0 2 44 55 0 1 1 25 48 66 0 1 1 25 73 14 1 5 0 3 59 44 0 1 1 35 55 66 0 1 1 35 74
4/4 14 3 667 0 0 56 44 0 1 0 0 55 66 0 1 0 0 74 56 0 1 1 5 77 65 0 1 1 5 53 14 3 333 0 1 48 46 0 1 3 1667 68 44 0 1 3 1667 47 14 3 667 0 2 49 316 0 1 3 2667 65 15 0 1 3 2667 60 13 1 5 3 2667 55 54 1 5 2 325 52 24 3 333 3 3667 52
4/4 316 0 1 0 0 65 15 0 1 0 0 60 24 3 167 0 0 52 54 1 5 2 25 61 315 1 5 2 75 63 54 3 667 2 125 65 55 0 1 2 175 74 316 0 1 2 175 81 13 0 1 2 175 64 54 1 5 2 225 67 14 1 5 2 275 70 15 2 75 2 275 77 54 1 5 2 325 68 56 0 1 2 375 86 315 0 1 2 375 71
4/4 54 2 25 2 25 64 43 0 1 2 75 77 616 2 125 2 75 78 13 1 5 3 1333 65 44 3 667 2 175 72 614 3 667 3 2333 69 616 0 1 2 275 82 14 0 1 2 275 67 45 2 75 2 325 70 15 3 667 2 325 69 616 0 1 2 375 82 44 0 1 2 375 68 46 0 1 2 375 74
4/4 45 2 75 0 0 70 616 0 1 0 0 82 44 0 1 0 0 68 46 0 1 0 0 74 614 3 667 2 25 59 76 0 1 2 75 80 14 0 1 2 75 55 56 0 1 2 75 74 45 1 5 3 1333 50 16 0 1 2 175 63 616 0 1 2 175 65 615 0 1 2 175 55 15 2 25 2 225 56 225 0 1 3 2667 58 46 0 1 3 2667 51 76 0 1 3 2667 64 226 0 1 3 2667 76 73 3 667 2 275 74 44 1 5 2 325 63 14 2 25 2 375 65
4/4 14 3 417 0 0 65 224 1 5 2 25 58 45 2 25 2 75 55 15 1 5 2 125 49 77 0 1 2 175 44 226 0 1 2 175 42 225 0 1 2 175 39
4/4 45 2 25 0 0 37 75 2 225 2 75 48 36 0 1 0 1 51 56 0 1 0 1 60 33 3 667 0 1 55 73 2 25 1 15 57 54 1 5 0 2 65 74 3 667 1 25 77 56 0 1 0 3 87 36 0 1 0 3 84 35 0 1 0 3 68 74 1 5 1 35 74
4/4 56 0 1 0 0 87 34 0 1 0 0 64 36 0 1 0 0 77 74 1 5 1 5 53 45 0 1 0 1 51 66 0 1 0 1 74 46 0 1 0 1 68 55 1 5 1 15 53 56 0 1 0 2 68 76 0 1 0 2 68 75 0 1 0 2 58 15 0 1 2 275 48 36 0 1 2 275 53 56 0 1 2 275 51 63 3 667 0 3 52 16 0 1 0 3 72 34 2 25 1 35 52
4/4 14 1 5 0 0 45 15 0 1 0 0 48 36 0 1 0 0 53 56 0 1 0 0 51 16 2 75 0 0 72 35 2 25 1 5 46 65 1 5 0 1 49 15 2 75 1 15 46 36 3 333 2 225 40 16 0 1 2 225 37 37 0 1 2 225 42 17 0 1 2 225 42
4/4 66 1 5 3 333 77 54 0 1 0 1 39 45 0 1 0 1 34 75 0 1 3 1333 44 225 0 1 3 1333 44 56 0 1 3 1333 59 526 1 5 1 25 70 75 3 667 0 3 65 56 1 5 1 35 72
4/4 75 2 175 0 0 60 54 0 1 0 0 39 45 0 1 0 0 34 225 2 125 1 5 52 76 2 75 1 5 60 66 3 333 3 1667 62 56 2 25 2 275 54 13 1 5 1 35 38 45 0 1 3 3667 40 75 0 1 3 3667 49 74 3 333 3 3667 33
4/4 46 0 1 0 0 60 13 2 175 0 0 38 45 0 1 0 0 40 75 0 1 0 0 49 74 0 2 0 0 33 316 1 5 0 1 59 46 2 25 0 2 59 56 0 1 2 325 37 15 0 1 2 325 40 55 0 1 2 325 38 14 2 75 2 325 33 314 2 75 2 325 34
4/4 56 0 1 0 0 37 15 0 1 0 0 40 55 0 1 0 0 38 14 2 225 0 0 33 314 2 175 0 0 34 16 3 667 1 15 80 36 0 1 3 2333 28 526 0 1 3 2333 40 34 0 1 1 25 48 76 0 1 1 25 50 37 0 1 1 25 54 74 3 333 3 3667 48
4/4 74 3 333 0 0 48 226 0 1 3 667 54 525 0 1 3 667 43 526 0 1 3 667 49 15 0 1 2 175 35 526 0 1 2 175 40 36 0 1 2 175 40 16 2 225 2 175 42
4/4 75 0 1 0 0 38 76 0 1 0 0 46 15 0 1 0 0 35 526 0 1 0 0 40 36 0 1 0 0 40 15 0 1 3 1333 35 615 0 1 3 1333 38 46 3 667 3 1333 44 616 0 1 3 1333 39 527 2 25 1 25 66 46 1 5 0 3 54 47 1 5 1 35 65
4/4 47 0 1 0 0 65 616 0 2 1 5 40 46 0 1 3 667 41 15 0 1 3 667 34 615 0 1 3 667 34 45 0 1 3 667 33 37 1 5 3 1667 58 46 3 667 2 225 42 226 2 25 2 275 55 615 0 1 2 375 32 45 0 1 2 375 36 14 0 1 2 375 35 15 2 25 2 375 40 46 0 1 2 375 41 45 0 1 2 375 36 14 0 1 2 375 35
4/4 615 0 1 0 0 32 45 0 1 0 0 36 14 0 1 0 0 35 15 0 1 0 0 40 46 0 1 0 0 41 45 0 1 0 0 36 14 0 1 0 0 35 16 1 5 0 1 55 15 0 1 1 15 42 76 2 25 3 2333 47 614 0 1 3 3667 25 14 0 1 3 3667 31 45 0 1 3 3667 27 615 0 1 3 3667 30
4/4 614 0 1 0 0 25 14 0 1 0 0 31 45 0 1 0 0 27 615 0 1 0 0 30 616 2 325 2 25 45
4/4 45 2 25 1 5 74 75 3 333 1 15 72 225 2 25 1 25 79 46 1 5 1 35 79 34 1 5 1 35 61
4/4 46 2 75 0 0 79 34 1 15 0 0 61 224 0 1 1 5 45 525 0 1 1 5 47 74 0 1 1 5 46 75 0 1 1 5 49 46 0 1 1 15 70 75 0 1 1 15 71 224 0 1 1 15 53 74 0 1 1 15 56 36 0 1 1 25 70 615 0 1 1 25 67 44 1 15 1 25 63 225 1 5 1 35 73 35 0 1 1 35 55 14 0 1 1 35 56
4/4 44 2 75 0 0 63 15 0 1 1 5 74 35 0 1 1 5 54 14 0 1 1 5 56 225 0 1 1 15 67 45 0 1 1 15 63 73 1 5 1 15 55 224 0 1 1 25 47 44 0 1 1 25 48 224 2 25 1 35 61 44 1 5 1 35 55
4/4 44 3 167 0 0 55 73 3 667 1 5 65 75 3 1333 1 5 74 224 0 1 1 15 63 225 0 1 1 15 79 44 0 1 1 15 52 63 0 1 1 25 61 46 0 1 1 25 91 75 0 1 3 3333 62 46 0 1 3 3333 70 76 0 1 3 3333 80 523 3 333 1 35 62
4/4 75 0 1 0 0 62 46 0 1 0 0 70 76 0 1 0 0 80 74 0 1 1 5 48 223 0 1 1 5 47 76 0 1 1 15 77 74 0 1 1 15 59 223 0 1 1 15 56 15 0 1 3 2333 59 36 0 1 3 2333 65 76 0 1 3 2333 74 63 3 333 1 25 58 14 0 1 1 35 50 34 0 1 1 35 52 66 0 1 1 35 67 15 0 1 1 35 64
4/4 66 0 1 0 0 67 15 0 1 0 0 64 526 0 1 1 5 71 14 0 1 1 5 57 34 0 1 1 5 56 15 0 1 2 125 57 46 0 1 2 125 62 223 3 333 1 15 63 66 3 2333 1 15 74 45 0 1 1 25 45 14 0 1 1 25 43 64 0 1 1 25 44 45 0 1 1 35 70 14 0 1 1 35 57 64 0 1 1 35 53
4/4 223 1 5 1 5 68 15 1 15 1 5 76 45 0 1 1 15 67 14 0 1 1 15 58 46 0 1 1 15 84 64 0 1 1 15 59 45 0 1 1 25 63 14 0 1 1 25 54 64 0 1 1 25 56 66 0 1 1 25 84 225 0 1 3 3333 62 46 0 1 3 3333 63 16 0 1 3 3333 84 54 3 333 1 35 70
4/4 225 0 1 0 0 62 46 0 1 0 0 63 16 0 1 0 0 84 75 0 1 1 5 57 224 0 1 1 5 52 45 0 1 1 5 49 75 0 1 1 15 64 76 0 1 1 15 77 225 0 1 1 15 76 224 0 1 1 15 61 46 0 1 1 15 70 13 3 667 3 2333 80 14 0 1 3 3333 55 66 0 1 3 3333 72 314 0 1 3 3333 53 15 0 1 3 3333 70 316 0 1 3 3333 71
4/4 56 1 5 0 0 77 526 0 1 3 333 78 314 0 1 3 333 63 14 0 1 3 333 68 56 3 333 0 1 84 44 3 333 3 1333 67 15 0 1 3 1333 67 76 0 1 3 1333 77 36 0 1 3 1333 74 14 0 1 3 2333 52 65 0 1 3 2333 56 65 0 1 3 3333 59 14 0 1 3 3333 48 66 3 667 3 3333 74
4/4 34 1 5 2 25 72 15 0 1 0 1 62 36 0 1 0 1 56 55 0 1 0 1 63 14 0 1 0 1 56 56 0 1 0 1 80 46 2 25 3 1667 72 316 0 1 0 2 84 55 0 1 0 2 67 14 0 1 0 2 58 46 2 25 3 2667 92 223 3 333 0 3 71 46 0 1 2 325 72 65 0 1 2 325 70 15 0 1 2 325 70
4/4 46 0 1 0 0 72 65 0 1 0 0 70 15 0 1 0 0 70 45 0 1 2 25 65 14 0 1 2 25 58 64 0 1 2 25 56 65 2 25 1 5 73 45 0 1 0 1 68 15 0 1 0 1 80 14 0 1 0 1 52 64 0 1 0 1 52 46 2 25 1 15 84 13 0 1 0 2 67 36 0 1 0 2 77 75 0 1 0 2 77 55 0 1 0 2 77 75 0 1 0 2 77 35 0 1 0 3 70 225 0 1 0 3 88 54 0 1 0 3 65 74 0 1 0 3 62
4/4 74 0 1 0 0 77 13 0 1 0 0 68 75 0 1 0 0 80 35 0 1 0 0 80 55 0 1 0 0 70 14 0 1 2 75 63 43 0 1 2 75 77 75 0 1 2 75 77 15 0 1 2 75 74 45 0 1 0 1 67 75 0 1 0 1 77 15 0 1 0 1 74 13 1 5 1 15 58 44 1 5 0 2 65 74 3 667 3 2333 70 14 1 5 0 3 74 45 2 25 1 35 84
4/4 45 0 1 0 0 63 14 0 1 0 0 65 614 0 1 0 0 66 44 0 1 0 0 68 46 2 125 0 0 92 76 1 5 0 1 101 46 2 75 1 15 77 43 0 1 0 2 77 44 0 1 0 2 84 226 0 1 0 2 92 526 0 1 0 3 65 76 0 1 0 3 60 226 0 1 0 3 88 47 0 1 0 3 80 33 2 25 0 3 85
4/4 224 0 1 2 25 74 34 0 1 2 25 64 524 0 1 2 25 61 74 0 1 2 25 56 224 0 1 2 125 74 526 0 1 2 125 92 47 0 1 2 125 77 34 0 1 2 125 61 76 0 1 2 125 77 524 0 1 2 125 58 43 2 25 0 2 77 616 0 1 0 2 81 46 0 1 0 2 80 37 2 75 0 2 80 35 0 1 0 3 68 44 0 1 0 3 67 614 0 1 0 3 64 226 0 1 0 3 88 14 0 1 0 3 59
4/4 35 0 1 0 0 72 44 0 1 0 0 62 16 0 1 0 0 87 46 0 1 0 0 84 614 0 1 0 0 59 14 0 1 0 0 56 73 0 1 0 1 77 72 0 1 0 1 81 226 0 1 0 1 81 225 0 1 0 1 81 46 0 1 0 1 74 76 0 1 0 1 72 74 0 1 0 2 62 75 0 1 0 2 67 224 0 1 0 2 59 45 0 1 0 2 56 75 0 1 0 3 80 74 0 1 0 3 68 224 0 1 0 3 58 45 0 1 0 3 62
4/4 73 0 1 0 0 84 225 0 1 0 0 76 75 0 1 0 0 84 46 0 1 0 0 70 76 0 1 0 0 77 225 0 1 0 1 88 45 0 1 0 1 74 74 0 1 0 1 70 224 0 1 0 1 71 226 0 1 0 1 88 73 0 1 0 2 80 46 0 1 0 2 84 47 0 1 0 2 84 226 0 1 0 2 78 76 0 1 0 2 80 76 0 1 2 275 59 226 0 1 2 275 64 47 0 1 2 275 77 77 0 1 2 275 82 523 2 25 0 3 83
4/4 45 0 1 0 0 67 524 0 1 0 0 63 224 0 1 0 0 58 74 0 1 0 0 59 45 0 1 0 1 70 524 0 1 0 1 61 224 0 1 0 1 59 76 0 1 0 1 80 77 0 1 0 1 86 74 0 1 0 1 39 16 0 1 2 175 74 37 0 1 2 175 72 77 0 1 2 175 78 63 3 333 0 2 77 35 0 1 0 3 64 14 0 1 0 3 54 34 0 1 0 3 64 17 0 1 0 3 78 16 0 1 0 3 77 64 0 1 0 3 52
4/4 35 0 1 0 0 68 34 0 1 0 0 49 14 0 1 0 0 52 64 0 1 0 0 58 67 0 1 0 0 78 16 0 1 0 0 77 527 2 25 1 5 76 222 2 25 0 1 76 67 0 1 0 1 82 47 0 1 0 1 77 16 0 1 0 1 80 14 0 1 0 2 58 223 0 1 0 2 55 64 0 1 0 2 49 44 0 1 0 2 52 14 0 1 0 3 74 223 0 1 0 3 63 64 0 1 0 3 61 44 0 1 0 3 56 223 2 25 2 375 77 15 2 25 2 375 96
4/4 15 1 5 0 0 96 45 0 1 2 75 74 14 0 1 2 75 64 64 0 1 2 75 68 46 1 5 2 75 87 15 3 333 2 125 84 46 3 333 1 15 60 223 0 1 2 175 84 66 0 1 2 175 87 46 0 1 2 225 87 66 0 1 2 225 68 53 2 25 2 275 77 16 0 1 0 3 96 45 0 1 2 375 68 54 0 1 2 375 65 224 0 1 2 375 62 74 0 1 2 375 62 225 2 25 2 375 81
4/4 225 1 5 0 0 81 53 0 1 2 75 66 76 0 1 2 75 87 46 0 1 2 75 80 12 3 333 3 1667 89 75 0 1 3 2333 64 316 0 1 3 2333 64 14 0 1 3 2333 65 314 0 1 3 2333 63 54 0 1 3 2333 64 66 0 1 3 2333 87 56 1 5 2 325 80 13 0 1 3 3667 72 526 0 1 3 3667 84 15 0 1 3 3667 40
4/4 56 2 25 0 0 87 43 3 333 1 5 71 15 0 1 3 667 74 76 0 1 3 667 87 36 0 1 3 667 74 45 0 1 1 15 62 14 0 1 1 15 61 64 0 1 1 15 63 44 0 1 1 25 58 66 0 1 1 25 77 15 0 1 1 25 72 36 0 1 1 25 70 33 2 25 3 3333 75
4/4 55 0 1 0 0 57 15 0 1 0 0 62 36 0 1 0 0 70 14 0 1 0 0 59 34 0 1 0 0 57 54 0 1 0 0 59 56 2 25 3 333 74 46 2 25 2 75 80 316 0 1 2 125 73 33 0 1 2 125 59 46 2 25 2 175 77 46 2 75 2 225 60 222 2 25 2 225 73 15 0 1 2 225 68 65 0 1 2 225 68 45 0 1 2 225 72 14 0 1 2 325 56 223 0 1 2 325 50 64 0 1 2 325 46 44 0 1 2 325 46 36 3 333 3 3667 74
4/4 222 0 1 2 25 50 225 0 1 2 25 62 45 0 1 2 25 63 12 0 1 2 125 71 315 0 1 2 125 69 13 0 1 2 125 64 15 0 1 2 125 72 55 0 1 2 125 67 22 0 1 2 225 71 23 0 1 2 225 66 25 0 1 2 225 84 45 0 1 2 225 69 75 0 1 2 225 69 314 0 1 2 325 66 313 0 1 2 325 68 15 0 1 2 325 66 55 0 1 2 325 69 316 0 1 2 325 84
4/4 45 0 1 2 25 65 75 0 1 2 25 68 15 0 1 2 25 77 43 0 1 2 25 77 46 0 1 2 25 77 13 1 5 2 75 61 44 1 5 2 125 64 74 3 667 2 175 63 14 1 5 2 225 74 45 1 5 2 275 74 47 2 75 2 325 84 75 3 667 2 325 68 15 2 25 2 375 59
4/4 47 0 7 0 0 84 46 2 25 2 25 63 56 2 75 2 75 59 76 3 667 2 125 57 16 2 225 2 175 55 15 1 15 1 25 32 616 1 15 1 25 41 45 3 1333 3 2667 37
4/4 16 0 3 0 0 55 15 0 4 0 0 32 616 0 3 0 0 41 45 0 4 0 0 37 46 0 1 0 2 28
4/4 15 1 5 0 0 32 45 3 333 0 0 37 47 2 25 3 333 43 65 3 2333 3 1667 45 527 1 15 3 1667 44 526 0 1 2 275 33 36 0 1 2 275 42 526 0 1 2 375 45 36 0 1 2 375 40 47 2 25 2 375 62
4/4 526 0 1 0 0 45 36 0 1 0 0 40 65 2 225 2 75 47 37 2 125 2 75 67 226 0 1 0 2 53 526 0 1 0 2 37 36 0 1 0 2 40 16 0 1 0 3 59 526 0 1 0 3 46 36 0 1 0 3 44
4/4 224 0 2 0 0 42 226 2 125 0 0 58 15 0 1 0 1 38 65 0 1 0 1 39 37 0 1 0 1 50 15 0 1 0 2 43 65 0 1 0 2 41 47 0 2 0 2 54 224 0 1 0 3 48 66 0 1 0 3 50
4/4 224 0 1 0 0 48 47 1 5 0 0 54 66 2 25 0 0 50 65 0 1 2 25 42 15 0 1 2 25 40 66 1 5 2 125 53 527 3 1333 2 225 61 65 2 175 2 225 47 526 0 1 3 3333 42 36 0 1 3 3333 44
4/4 65 3 583 0 0 47 36 0 1 3 333 43 526 0 1 3 333 43 47 0 1 3 333 60 37 2 125 1 15 57 65 2 225 1 15 46 226 2 125 1 25 58 526 0 1 1 25 36 36 0 1 1 25 43 526 0 1 1 35 48 36 0 1 1 35 41 37 1 5 1 35 58
4/4 37 1 5 0 0 58 47 1 35 1 5 53 224 3 2333 3 667 48 65 0 1 3 1667 39 45 0 1 3 1667 39 65 0 1 2 275 48 45 0 1 2 275 47 224 0 1 2 375 30 16 0 1 2 375 41 46 0 1 2 375 38 65 2 25 2 375 35
4/4 47 3 833 0 0 53 224 0 1 0 0 30 16 0 1 0 0 41 46 0 1 0 0 38 65 0 2 0 0 35 47 3 333 3 2333 50 45 0 1 2 325 52 66 0 1 2 325 59 47 3 333 3 3333 65 57 2 25 3 3667 53
4/4 47 3 333 0 0 54 45 0 1 0 0 52 66 0 1 0 0 59 15 0 1 2 25 46 65 0 1 2 25 50 317 0 1 2 25 61 47 0 1 2 125 64 15 0 1 2 125 48 65 0 1 2 125 48 45 0 1 2 225 53 67 0 1 2 225 53 16 0 1 2 225 57 47 0 1 2 225 53 55 0 1 2 325 48 316 0 1 2 325 49 57 0 1 2 325 61 16 0 1 2 325 64 15 0 1 2 325 48
4/4 65 0 1 2 25 44 15 0 1 2 25 50 46 0 1 2 25 50 47 0 1 2 25 58 66 0 1 2 25 59 15 1 25 2 125 52 317 0 1 2 125 62 16 0 1 2 125 63 56 0 1 2 225 44 316 0 1 2 225 46 57 3 667 3 3333 66 56 0 1 3 3333 48 316 0 1 3 3333 48
4/4 57 3 2583 0 0 66 16 3 1667 2 25 68 15 2 125 2 25 58 56 0 1 2 125 55 316 0 1 2 125 50 15 0 1 2 225 52 16 0 1 2 225 65 55 0 1 2 225 47 315 0 1 2 225 41 67 2 75 2 325 68 45 2 75 2 325 53
4/4 67 1 5 0 0 68 45 2 125 0 0 53 15 0 1 2 25 46 65 0 1 2 25 47 65 0 1 2 125 48 67 0 1 2 125 59 15 0 1 2 125 50 16 0 1 2 125 60 45 0 1 2 225 48 67 0 1 2 225 56 47 0 1 2 225 55 316 0 1 2 325 51 55 0 1 2 325 48 57 0 1 2 325 52 16 0 1 2 325 55 15 0 1 2 325 48
4/4 46 0 1 2 25 51 65 0 1 2 25 49 47 0 1 2 25 55 15 0 1 2 25 46 66 0 1 2 25 51 14 1 5 2 125 49 56 0 1 2 125 53 317 0 1 2 125 53 315 0 1 2 225 47 15 0 1 2 225 41 316 0 1 2 325 54 55 0 1 2 325 48
4/4 15 0 1 2 25 35 56 0 1 2 25 38 16 0 1 2 25 41 17 2 25 1 5 54 616 0 1 1 35 68 46 0 1 1 35 67 44 1 5 1 35 62
4/4 14 1 5 0 0 57 616 0 1 0 0 68 46 0 1 0 0 67 615 2 25 1 5 62 14 1 5 0 1 58 616 0 1 3 1333 78 46 0 1 3 1333 70 45 0 1 3 1333 65 14 0 1 2 175 63 15 0 1 2 175 72 45 0 1 3 2333 64 44 0 1 3 2333 63 46 0 1 3 2333 74 616 0 1 3 2333 78 15 1 5 2 275 77 45 0 1 2 325 72 54 0 1 2 325 74 76 0 1 2 325 92 46 0 1 2 325 80 15 2 25 2 375 84
4/4 45 0 1 2 25 88 614 0 1 2 25 84 16 0 1 2 25 87 46 0 1 2 25 72 614 0 1 2 25 84 16 0 1 2 25 87 616 0 1 2 25 73 15 2 25 3 667 70 226 0 1 2 125 78 225 0 1 2 125 84 73 0 1 2 125 80 46 0 1 2 125 65 76 0 1 2 125 68 44 1 5 3 1667 64 47 0 1 2 225 72 226 0 1 2 225 73 224 0 1 2 225 68 44 0 1 3 2667 58 37 0 1 3 2667 74 16 0 1 3 2667 77 226 0 1 0 3 73 76 0 1 0 3 68 14 0 1 0 3 67 44 0 1 1 35 59 37 0 1 1 35 74 16 0 1 1 35 70
4/4 226 0 1 0 0 78 76 0 1 0 0 70 73 0 1 0 0 67 44 2 25 1 5 59 224 0 1 0 1 58 16 0 1 0 1 68 46 0 1 0 1 68 44 1 5 1 15 52 76 0 1 0 2 62 225 0 1 0 2 57 46 0 1 0 2 58 74 0 1 0 2 50 44 2 25 1 25 58 75 0 1 0 3 58 36 0 1 0 3 64 56 0 1 0 3 72 33 3 667 0 3 57 73 3 333 3 3667 62
4/4 75 0 1 0 0 58 36 0 1 0 0 64 56 0 1 0 0 72 54 1 5 2 25 70 74 1 5 3 667 68 56 0 1 0 1 77 36 0 1 0 1 84 35 0 1 0 1 70 74 0 1 1 15 68 75 0 1 1 15 84 56 0 1 0 2 87 36 0 1 0 2 80 34 0 1 0 2 72 74 0 1 1 25 70 75 0 1 1 25 80 66 0 1 0 3 87 55 0 1 0 3 68 36 0 1 0 3 80 74 0 1 3 3333 68 75 0 1 3 3333 87
4/4 54 0 1 0 0 70 35 0 1 0 0 72 36 0 1 0 0 84 76 0 1 0 0 87 75 2 25 3 333 68 63 0 1 2 75 81 16 0 1 2 75 87 66 0 1 2 75 70 36 0 1 2 75 74 16 0 1 2 75 87 15 0 1 2 75 77 66 0 1 2 75 70 34 1 5 3 1333 64 37 0 1 2 175 67 16 0 1 2 175 72 64 0 1 2 175 61 14 1 5 3 2333 61 226 0 1 3 2333 68 76 0 1 3 2333 62 37 0 1 2 275 67 35 0 1 2 275 61 16 0 1 2 275 67 65 3 667 3 3333 57 226 0 1 3 3333 62 76 0 1 3 3333 62 64 0 1 2 375 61 16 0 1 2 375 70 66 0 1 2 375 65
4/4 65 3 83 0 0 57 64 0 1 0 0 61 16 0 1 0 0 70 66 0 1 0 0 65 35 1 5 2 25 52 66 0 1 2 75 60 36 0 1 2 75 62 75 0 1 2 75 50 35 3 667 3 1333 48 64 0 1 0 2 44 15 0 1 0 2 54 36 0 1 0 2 51 54 0 1 2 275 43 45 0 1 2 275 40 75 0 1 0 3 48 225 0 1 0 3 52 56 2 75 2 325 67
4/4 54 0 1 0 0 43 45 0 1 0 0 40 75 0 1 0 0 48 225 0 1 0 0 52 56 2 25 0 0 67 526 1 5 2 25 73 75 3 667 3 667 74 56 1 5 2 125 87 75 2 25 3 1667 77 75 0 1 0 2 67 225 0 1 0 2 65 46 0 1 0 2 74 53 0 1 2 225 59 76 0 1 2 225 77 223 3 333 3 2667 61 74 0 1 0 3 63 66 0 1 0 3 74 54 3 333 3 3667 55 75 3 333 3 3667 77
4/4 56 0 1 0 0 74 225 0 1 0 0 76 45 0 1 0 0 53 54 3 667 0 0 55 75 3 333 0 0 77 224 2 25 1 5 62 55 0 1 0 1 54 75 0 1 0 1 64 13 0 1 0 1 74 46 0 1 0 1 80 54 1 5 1 15 67 316 0 1 0 2 84 14 0 1 0 2 70 45 0 1 1 25 65 55 0 1 1 25 77 46 0 1 0 3 87 75 0 1 0 3 84 74 0 1 0 3 74 54 1 5 1 35 70 55 0 1 2 375 67 15 0 1 2 375 72 13 0 1 2 375 80 316 0 1 2 375 76 56 0 1 2 375 77
4/4 55 0 1 0 0 67 15 0 1 0 0 72 13 0 1 0 0 80 316 0 1 0 0 76 56 0 1 0 0 77 54 1 5 1 5 70 14 1 5 0 1 84 315 1 5 1 15 88 15 0 1 2 175 63 316 0 1 2 175 64 56 0 1 2 175 72 16 0 1 2 175 87 55 3 667 0 2 88 14 2 25 1 25 72 36 0 1 0 3 64 526 0 1 0 3 65 76 0 1 0 3 70 33 2 75 2 325 89 37 2 75 2 325 80 73 2 25 2 375 68
4/4 36 0 1 0 0 64 526 0 1 0 0 65 76 0 1 0 0 70 33 2 25 0 0 89 37 1 5 0 0 80 73 2 25 0 0 68 34 1 5 2 25 80 524 1 5 3 667 88 226 0 1 2 125 81 74 0 1 2 125 77 526 0 1 2 125 78 36 0 1 2 125 80 524 1 5 3 1667 77 36 0 2 0 2 62 526 0 1 0 2 68 16 0 1 0 2 87 34 3 667 2 225 77 524 3 667 3 2667 68 74 3 333 2 325 62 45 3 333 3 3667 58
4/4 45 3 167 0 0 58 76 0 1 2 25 70 526 0 1 2 25 68 525 0 1 2 25 53 15 2 25 2 75 52 15 0 1 3 1333 46 615 0 1 3 1333 42 45 0 1 3 1333 46 616 0 1 1 15 64 46 0 1 1 15 58 527 1 5 1 25 67 526 3 333 0 3 58 47 3 333 3 3667 64
4/4 47 3 1333 0 0 64 615 0 1 3 667 35 14 0 1 3 667 42 45 0 1 3 667 38 46 0 1 3 667 45 37 3 667 2 175 51 46 1 5 3 2333 49 226 1 5 0 3 51
4/4 14 0 1 2 25 33 45 0 1 2 25 33 614 0 1 2 25 36 15 2 125 2 25 42 16 1 5 3 1333 52 15 0 1 0 2 42 76 3 333 2 275 45
4/4 14 0 1 0 1 34 44 0 1 0 1 36 45 0 1 0 1 38 615 0 1 2 125 39 15 0 1 2 125 47 36 0 1 1 15 46 526 0 1 1 15 51 616 0 1 1 15 51
4/4 14 0 1 0 0 34 44 0 1 0 0 36 45 0 1 0 0 38 615 0 1 0 0 39 15 0 1 0 0 47 36 0 1 0 0 46 526 0 1 0 0 51 616 0 1 0 0 51
4/4 14 0 1 0 0 34 44 0 1 0 0 36 45 0 1 0 0 38 615 0 1 0 0 39 15 0 1 0 0 47 36 0 1 0 0 46 526 0 1 0 0 51 616 0 1 0 0 51 46 2 25 0 3 50
4/4 14 0 1 0 0 34 44 0 1 0 0 36 45 0 1 0 0 38 76 3 1333 3 333 63 226 2 125 1 15 47 47 2 125 2 275 44 35 1 5 2 275 34
4/4 225 0 1 0 0 33 46 0 1 0 0 35 75 0 1 0 0 39 47 1 5 0 1 56 45 0 1 0 2 40 37 3 1333 2 225 53 615 0 1 2 325 36 36 0 1 2 325 36 226 0 1 2 325 47 15 0 1 2 325 39
4/4 615 0 1 0 0 36 36 0 1 0 0 36 226 0 1 0 0 47 15 0 1 0 0 39 16 0 1 3 333 54 226 1 25 1 15 46 75 1 25 1 15 39 225 0 1 2 275 30 46 0 1 2 275 32
4/4 226 2 125 0 0 46 75 2 25 0 0 39 225 0 1 0 0 30 46 0 1 0 0 32 76 0 3 0 1 52 75 2 175 0 1 45 226 3 667 2 225 62 225 3 1667 2 225 37 46 2 125 2 225 43 47 3 667 3 3333 65
4/4 76 2 275 0 0 52 47 3 583 0 0 65 77 2 175 3 333 54 525 0 1 1 5 38 225 0 1 1 15 36 46 0 1 1 15 35 75 0 1 1 15 40 77 3 333 2 275 54 77 2 25 2 375 53 65 2 25 2 375 39
4/4 77 2 125 0 0 53 65 2 25 0 0 39 36 0 1 0 1 40 15 0 1 0 1 39 66 0 1 0 1 34 67 2 125 0 1 51 527 2 125 2 225 54 67 2 75 2 325 48 224 2 25 2 325 40
4/4 67 0 4 0 0 48 15 0 1 1 5 38 65 0 1 1 5 42 46 0 1 1 5 31 224 1 5 2 275 46 16 2 125 2 275 54
4/4 36 0 1 0 0 37 47 0 1 0 0 51 65 0 1 0 0 41 47 0 1 0 0 51 16 0 1 0 0 54 67 0 1 0 1 56 17 3 1333 2 225 52 55 1 5 2 225 46 225 0 1 3 3333 39 46 0 1 3 3333 41 76 1 5 1 35 33
4/4 225 0 1 0 0 39 46 0 1 0 0 41 76 2 25 0 0 33 77 2 175 1 5 53 315 1 5 1 15 51 67 0 1 1 25 46 56 0 1 1 25 39 15 3 1333 3 2667 39 57 1 5 2 325 45 527 3 333 3 3667 44
4/4 15 3 333 0 0 39 527 3 333 0 0 44 57 3 667 2 25 52 77 3 1333 2 75 50 45 1 5 2 75 42 36 0 1 0 2 39 65 0 1 0 2 37 67 0 1 0 3 42
4/4 67 3 333 0 0 42 35 2 225 2 25 39 57 2 75 2 125 43 55 0 1 3 1333 36 15 0 1 3 1333 31 47 1 5 0 2 43 317 1 5 1 25 45 47 2 25 0 3 48 224 3 333 3 3667 39 47 2 25 2 375 48
4/4 224 3 1917 0 0 39 47 2 75 0 0 48 15 0 1 2 75 36 65 0 1 2 75 37 37 3 667 1 15 49 226 2 25 0 2 48 16 3 667 3 3333 40 75 0 1 3 3333 28 14 0 1 3 3333 32 316 1 5 1 35 35
4/4 16 3 833 0 0 40 75 0 1 0 0 28 14 0 1 0 0 32 316 2 275 0 0 35 26 2 125 2 75 46 317 1 5 3 2333 37 46 3 333 3 3667 23 76 2 25 2 375 30
4/4 16 0 4 0 0 31 44 0 2 0 0 35 47 0 4 0 0 38 46 3 5333 0 0 23 76 3 3083 0 0 30 14 0 1 1 15 36 55 0 1 2 275 36
4/4 75 0 3 0 0 43 16 2 175 0 0 31 47 2 375 0 0 38 15 2 175 1 15 37 56 1 5 2 325 38
4/4 616 0 1 1 15 27 47 0 1 1 15 31 48 3 1667 0 2 24
