4/4 32 0 1 0 3 44
4/4 72 3 667 0 0 45 43 2 25 0 1 39 53 0 2 0 2 37 23 0 1 0 3 30
4/4 53 3 333 0 0 37 32 0 1 0 3 40
4/4 72 2 75 0 0 41 43 2 25 2 75 46 53 2 225 2 175 48 44 2 125 2 275 39
4/4 53 2 125 0 0 48 74 0 1 3 3667 62 32 0 1 3 3667 42
4/4 74 0 1 0 0 62 32 0 1 0 0 42 72 1 5 3 667 35 43 2 25 3 1667 46 35 2 125 3 1667 68 53 3 1333 3 2667 44 24 1 5 1 35 64 23 3 333 3 3667 38
4/4 53 3 417 0 0 44 24 2 75 0 0 64 23 3 333 0 0 38 74 1 5 3 2667 68 14 3 333 3 3667 63 42 3 333 3 3667 44
4/4 14 0 7 0 0 63 42 3 667 0 0 44 12 3 667 2 75 37 53 2 25 3 1667 44 63 3 1333 3 2667 44 34 3 333 3 3667 39
4/4 63 3 2917 0 0 44 34 3 2667 0 0 39
4/4 14 0 1 0 0 60 64 0 1 0 0 57 43 0 1 0 0 44 13 1 5 0 1 47 54 2 25 2 175 43 65 2 75 2 175 72 64 2 25 2 275 54 64 3 667 3 3333 43 14 0 1 1 35 49 315 0 1 1 35 58 55 0 1 1 35 64 43 3 333 3 3667 44
4/4 64 3 2083 0 0 43 14 0 1 0 0 49 315 0 1 0 0 58 55 0 1 0 0 64 43 3 917 0 0 44 13 0 1 3 667 42 314 1 5 3 1667 42 315 1 5 1 25 76 64 2 75 2 325 45 14 0 1 3 3333 50 45 0 1 3 3333 62 42 1 5 1 35 45
4/4 64 2 425 0 0 45 14 0 1 0 0 50 45 0 1 0 0 62 42 1 5 0 0 45 12 3 667 3 333 44 53 2 25 3 1333 42 63 2 175 2 225 42 34 2 75 2 325 38
4/4 63 1 25 0 0 42 34 3 1917 0 0 38 55 1 5 2 125 74 65 1 5 0 2 70 224 0 1 2 275 52 45 0 1 2 275 57 75 0 1 0 3 72 53 2 75 2 325 52
4/4 73 2 125 0 0 52 224 0 1 0 0 52 45 0 1 0 0 57 75 0 1 0 0 72 53 2 25 0 0 52 223 0 1 0 1 51 44 0 1 2 175 47 75 0 1 2 175 65 224 0 1 2 275 48 75 0 1 2 275 59 74 0 1 2 275 39
4/4 45 3 333 3 667 64 315 1 25 1 15 66 12 0 1 1 25 55 53 3 667 3 3333 52
4/4 315 1 35 0 0 66 53 3 333 0 0 52 13 2 25 3 333 48 44 0 2 3 1333 40 314 0 1 3 2333 38 74 0 1 3 2333 49
4/4 45 0 1 2 25 77 223 0 1 2 25 48 55 1 5 0 1 84 14 0 1 2 175 58 35 0 1 2 175 60 65 2 175 0 2 72 42 0 1 0 2 52 12 1 5 0 3 46 63 2 25 2 375 52
4/4 14 0 1 0 0 58 35 0 1 0 0 60 13 2 175 2 75 46 65 3 333 2 75 64 65 0 1 2 175 56 64 0 1 2 175 42 14 0 1 2 175 52 35 3 333 3 3667 68
4/4 24 3 3333 3 667 68 72 0 1 1 15 54 43 3 667 1 25 44 13 1 5 1 35 49
4/4 24 3 2667 0 0 68 34 0 2 3 333 42 74 0 1 3 1333 43 23 0 1 3 1333 32 35 1 5 3 3333 77
4/4 45 3 333 3 333 77 23 0 1 0 1 50 54 0 1 0 1 58 74 0 1 0 1 65 52 0 1 3 1333 45 22 2 175 2 225 55 73 3 333 0 3 72
4/4 53 3 333 0 0 68 22 2 25 0 0 55 223 3 2333 3 667 59 314 2 325 3 667 57 74 2 225 0 1 72 522 0 1 0 1 68 313 3 1667 2 175 62 73 1 5 2 275 63 223 2 25 2 375 57
4/4 13 0 1 2 25 48 34 0 1 2 25 51 64 0 1 3 667 55 74 0 1 3 667 60 42 0 1 3 667 45 12 1 5 3 1667 46 63 0 1 3 2667 46 13 2 25 3 3667 43
4/4 23 3 3333 3 667 37 313 3 3333 3 667 30 524 0 1 3 667 41 74 0 1 3 667 47 224 3 2333 0 1 49 714 3 667 3 3333 44
4/4 23 3 667 0 0 37 313 3 167 0 0 30 714 3 583 0 0 44 73 0 1 1 15 38 23 0 1 1 15 38 54 0 1 1 15 40 74 0 1 2 175 44 32 0 1 2 175 40 72 1 5 0 3 47
4/4 35 3 1667 0 0 68 53 2 25 0 0 46 73 2 275 2 75 53 24 0 2 0 2 51 54 3 1333 0 2 37
4/4 74 1 5 2 75 77 34 1 25 1 15 47 54 0 1 3 1667 43 64 0 1 3 1667 56 14 0 1 3 1667 63 42 0 1 2 175 45 12 3 667 2 275 57 53 3 333 3 3667 62
4/4 54 0 1 0 0 43 64 0 1 0 0 56 14 0 1 0 0 63 53 3 167 0 0 62 63 0 1 1 5 67 13 3 2667 3 1333 67 34 3 1667 3 2333 62 54 3 333 2 325 59
4/4 13 3 833 0 0 67 64 0 2 2 25 65 14 0 2 2 125 68 43 2 125 2 125 53 13 2 175 2 225 52 65 0 1 2 325 70 54 0 1 2 325 45
4/4 13 2 25 0 0 52 64 3 333 2 25 54 43 0 1 0 1 38 314 0 1 0 1 37 64 0 1 0 1 37 14 0 1 0 1 46 55 2 175 1 15 56
4/4 315 1 5 2 25 76 64 0 1 0 1 40 14 0 1 0 1 46 45 0 1 0 1 57 42 0 1 2 125 45 12 2 75 2 225 49 63 3 667 0 3 54
4/4 13 3 3667 0 0 62 64 0 1 0 0 40 14 0 1 0 0 46 45 0 1 0 0 57 44 1 15 0 1 65 45 0 1 0 2 80 64 0 1 0 2 71 55 0 1 2 275 80 74 0 1 2 275 75 54 0 1 2 275 54 65 2 25 2 375 73 14 2 25 2 375 75
4/4 65 3 417 0 0 73 74 0 1 1 5 59 224 0 1 1 5 62 45 3 2667 2 75 65 52 0 1 2 75 64 75 2 225 0 1 74 43 1 5 2 175 64 73 2 125 3 2667 67 75 3 333 3 3667 72 223 3 333 3 3667 54
4/4 223 3 2917 0 0 54 74 0 1 2 25 39 224 0 1 2 25 43 45 0 1 1 5 52 75 0 1 1 5 65 44 2 125 1 5 38 53 0 1 1 25 40 45 0 1 1 25 57 315 3 667 3 3333 76
4/4 315 0 4 0 0 76 12 0 1 2 25 58 53 2 75 2 125 53 13 0 1 0 2 57 44 0 1 0 3 40
4/4 314 2 125 0 0 51 315 3 1583 0 0 76 44 2 125 0 0 40 45 1 5 0 2 71 55 1 5 0 3 67 14 0 1 1 35 52 35 0 1 1 35 53
4/4 65 2 225 0 0 67 42 0 1 0 0 50 14 0 1 0 0 52 35 0 1 0 0 53 12 3 667 2 75 52 63 2 25 2 175 52 13 0 1 2 275 44 65 3 333 2 275 54 65 0 1 3 3667 56 34 0 1 3 3667 38 14 0 1 3 3667 50 64 2 25 2 375 35
4/4 64 2 75 0 0 35 65 0 1 0 0 56 34 0 1 0 0 38 14 0 1 0 0 50 14 3 2333 3 1667 65 55 1 15 1 25 77 72 1 5 1 35 51
4/4 14 3 1417 0 0 65 55 1 5 0 0 77 72 1 5 0 0 51 43 3 667 1 5 47 45 3 1333 3 1333 65 13 2 25 3 1333 44 34 2 25 3 2333 42 64 0 1 0 3 39 714 0 1 2 325 37 23 0 1 2 325 37 35 0 1 2 325 48
4/4 64 0 2 0 0 39 714 0 1 0 0 37 23 0 1 0 0 37 35 0 1 0 0 48 24 3 667 3 1333 52 64 2 125 2 275 40 74 0 1 0 3 42 35 0 1 0 3 59 33 2 75 2 325 41
4/4 13 0 4 0 0 47 64 2 75 0 0 40 74 0 1 0 0 42 35 0 1 0 0 59 33 2 425 0 0 41 34 0 3 0 1 53 64 2 75 0 2 63 75 2 75 2 275 63 74 2 25 2 375 47
4/4 74 2 25 0 0 47 713 0 1 2 75 36 34 0 1 2 75 35 35 0 1 2 75 37 33 0 1 2 75 21 65 2 75 2 125 49 54 0 1 0 3 33 74 0 1 0 3 44 32 2 75 2 325 39 55 2 75 2 325 49
4/4 54 0 1 0 0 33 74 0 1 0 0 44 32 1 5 0 0 39 55 2 175 0 0 49 72 2 75 2 25 43 53 2 75 2 125 51 73 0 2 0 2 56 34 0 1 0 3 64
4/4 73 1 25 0 0 56 34 2 25 0 0 64 44 3 333 2 25 56 54 2 25 1 5 55 64 3 333 2 75 57 74 0 1 0 1 64 14 0 1 0 1 68 224 2 25 1 15 68 35 0 1 3 1667 72 45 0 1 3 1667 72 55 2 25 0 2 72 65 3 333 3 2333 74 75 0 1 1 25 67 15 0 1 1 25 77 225 0 1 0 3 83 72 2 75 2 325 70
4/4 43 2 75 0 0 63 225 2 75 0 0 83 72 3 583 0 0 70 13 2 75 0 1 64 225 2 25 2 175 81 223 2 175 2 175 56 224 0 1 3 2333 50 45 0 1 3 2333 51 65 0 1 3 2667 57 64 0 1 3 2667 43 225 0 1 3 2667 73
4/4 15 3 667 0 0 80 72 0 1 1 5 52 75 1 5 1 15 74 224 0 1 0 2 44 45 0 1 0 2 51 65 0 1 2 225 53 225 0 1 2 225 70 32 2 75 2 225 55 33 2 25 2 325 58
4/4 63 0 1 0 0 52 224 0 1 0 0 44 45 0 1 0 0 51 65 0 1 0 0 53 225 0 1 0 0 70 223 2 25 0 1 47 45 0 1 0 2 39 64 0 1 0 2 38 44 0 1 0 2 36 224 1 5 0 2 39 45 0 1 0 3 77
4/4 63 0 1 0 0 61 225 0 1 0 0 84 75 2 25 0 1 84 14 0 1 1 15 51 35 0 1 1 15 58 55 0 1 3 1667 60 15 0 1 3 1667 74 62 0 1 2 175 57 33 2 75 3 2667 61 73 3 333 3 3667 57
4/4 13 2 275 1 5 49 15 1 5 1 5 77 14 0 1 2 125 38 35 0 1 2 125 43 55 0 1 2 125 47 54 3 1667 1 15 38 15 3 667 1 15 62 75 2 75 0 3 65
4/4 65 2 25 2 25 63 14 3 2333 2 75 44 315 0 1 2 75 44 55 0 1 2 75 58 15 0 1 2 75 60 62 2 75 0 1 41 313 1 15 0 2 46 13 1 5 0 3 46
4/4 14 2 25 0 0 47 43 0 1 0 1 40 62 0 1 0 1 36 63 0 1 0 1 35 64 0 1 0 1 49 13 0 1 0 1 50 74 1 5 0 2 55 14 3 333 3 2333 60 224 2 25 3 2667 62 35 0 1 0 3 70 45 0 1 0 3 68 55 2 25 3 3333 74 65 0 1 1 35 62 75 0 1 1 35 72
4/4 15 3 333 0 0 80 225 2 25 2 25 73 36 3 333 1 5 78 222 0 1 2 75 74 316 1 15 2 75 76 63 3 667 2 175 65 34 1 5 3 2667 70 314 1 5 1 35 59 316 1 5 1 35 88
4/4 315 0 1 0 0 50 65 0 1 0 0 54 314 0 1 0 0 59 715 0 1 3 333 68 316 0 1 3 333 81 714 3 333 3 333 55 36 2 75 3 1667 80 222 2 175 0 2 62 225 3 667 0 3 84 315 0 1 1 35 54 65 0 1 1 35 57 715 2 25 2 375 68
4/4 522 0 1 0 0 62 316 0 4 0 0 71 715 2 325 0 0 68 315 0 1 0 0 54 65 0 1 0 0 57 222 0 1 2 75 54 63 3 667 2 175 49 713 2 25 3 2667 51 73 0 1 3 3667 47 523 0 1 3 3667 39 525 0 1 3 3667 52 75 0 1 3 3667 50
4/4 73 0 1 0 0 47 523 0 1 0 0 39 316 2 75 0 0 71 525 0 1 0 0 52 75 0 1 0 0 50 525 3 667 3 667 76 223 0 1 3 1333 52 74 0 1 3 1333 51 315 0 1 1 15 62 225 0 1 1 15 53 316 1 5 2 175 78 225 3 333 2 275 73 35 0 1 3 3333 41 525 0 1 3 3333 47 75 0 1 3 3667 54 36 0 1 3 3667 63 712 2 25 2 375 52
4/4 35 0 1 0 0 41 525 0 1 0 0 47 75 0 1 0 0 54 36 0 1 0 0 63 712 2 75 0 0 52 523 0 1 2 75 49 73 0 1 1 15 52 34 0 1 1 25 49 36 0 1 1 25 64 35 0 1 3 3333 43 525 0 1 3 3333 43 524 0 1 1 35 37 74 0 1 1 35 38 36 1 5 1 35 54
4/4 35 0 1 0 0 43 525 0 1 0 0 43 524 0 1 0 0 37 74 0 1 0 0 38 225 1 5 0 1 61 715 2 25 3 2333 54 73 0 1 3 3333 28 64 0 1 3 3333 32 14 0 1 3 3333 39 35 0 1 3 3333 40 75 2 25 2 375 44
4/4 73 0 1 0 0 28 64 0 1 0 0 32 14 0 1 0 0 39 35 0 1 0 0 40 75 2 225 0 0 44
4/4 73 0 1 2 25 27 64 0 1 2 25 30 45 0 1 2 25 37 24 3 3667 3 333 31 65 0 1 1 5 39 225 0 1 1 5 39 715 0 1 2 275 37
4/4 74 0 1 0 1 31 24 0 1 0 1 39 55 0 1 0 1 41 32 0 1 2 125 42 75 0 1 2 125 45 72 3 667 1 25 44 36 0 1 1 35 60 55 0 1 1 35 58 53 2 25 1 35 48
4/4 36 0 1 0 0 60 55 0 1 0 0 58 73 2 325 1 5 58 24 0 1 2 125 37 55 0 1 2 125 38 54 0 1 1 15 35 25 0 1 1 15 53
4/4 75 1 5 2 75 70 14 1 25 1 15 40 35 0 1 1 15 47 55 0 1 1 15 53 15 2 225 2 175 65 42 0 1 2 175 50 12 2 75 3 2667 58 53 1 5 1 35 63
4/4 14 3 2833 0 0 40 35 0 1 0 0 47 55 0 1 0 0 53 15 2 275 0 0 65 53 2 25 0 0 63 63 0 1 1 5 65 34 0 1 1 15 70 13 3 1667 3 2333 54 54 1 5 1 35 49
4/4 54 1 5 0 0 49 13 3 1333 0 0 54 64 0 2 1 5 53 14 3 1667 1 15 67 43 0 1 1 15 53 13 3 1667 3 2333 56 65 0 1 3 3333 77 54 0 1 3 3333 41
4/4 13 3 333 0 0 56 64 3 333 3 333 60 43 0 1 0 1 35 64 0 1 0 1 39 314 0 1 0 1 35 14 0 1 0 1 46 315 0 1 3 1333 47 55 0 1 3 1333 54
4/4 315 3 333 3 667 73 54 0 1 2 125 37 64 0 1 2 125 42 14 0 1 2 125 50 42 0 1 3 1667 42 45 3 2333 3 1667 56 12 2 75 1 25 50 63 3 333 1 35 46
4/4 54 0 1 0 0 37 64 0 1 0 0 42 14 0 1 0 0 50 45 3 1667 0 0 56 13 1 35 1 5 51 44 2 125 1 15 47 45 0 1 1 25 74 64 0 1 1 25 70 55 0 1 3 3333 80 74 0 1 3 3333 78 43 1 5 1 35 50
4/4 13 2 25 0 0 51 43 1 5 0 0 50 65 0 1 3 333 77 14 0 1 3 333 82 74 0 1 0 1 60 224 0 1 0 1 58 45 0 1 0 1 63 52 0 1 3 1333 58 75 3 2333 3 1333 72 53 3 667 3 2333 58 73 2 75 2 325 58
4/4 73 1 5 0 0 58 223 1 25 2 25 51 75 3 333 2 25 63 224 0 1 2 125 41 74 0 1 2 125 45 75 3 667 2 125 55 44 3 1667 2 125 43 45 3 333 2 325 62
4/4 315 2 375 2 25 73 12 2 125 0 1 57 53 0 1 0 2 53 13 2 25 0 3 46
4/4 44 2 175 0 0 39 315 2 225 0 0 73 74 0 1 0 1 51 314 0 1 0 1 37 45 0 1 0 3 77 13 0 1 0 3 49
4/4 55 2 75 0 0 84 14 0 1 2 75 52 35 0 1 2 75 56 42 0 1 0 1 54 65 2 225 0 1 68 12 3 667 0 2 49 63 2 25 0 3 45
4/4 13 0 4 0 0 41 65 3 333 0 0 54 64 0 1 0 1 37 14 0 1 0 1 47 65 1 15 0 1 48 14 0 1 0 3 49
4/4 55 2 225 0 0 64 13 3 333 0 0 41 44 0 1 0 1 33 73 0 1 0 1 36 64 0 3 0 1 39 45 2 75 2 325 49
4/4 73 2 275 2 125 34 64 0 1 2 125 34 714 0 1 2 125 23 35 3 2667 3 1333 41 24 1 5 1 35 40
4/4 73 1 5 0 0 34 64 0 1 0 0 34 714 0 1 0 0 23 24 2 75 0 0 40 35 0 1 0 2 48 714 0 1 0 2 41 74 0 1 0 2 38 62 0 1 0 2 37 33 2 75 2 325 42
4/4 36 0 1 2 25 52 715 0 1 2 25 55 73 0 1 2 25 44 713 2 125 2 125 51 225 0 1 0 2 51 75 0 1 0 2 55 34 0 1 0 2 42 74 0 1 0 3 37
4/4 715 0 1 0 0 48 714 1 5 2 25 38 35 3 333 0 1 44 75 2 175 2 225 51 34 2 175 2 225 37
4/4 75 2 25 0 0 51 34 2 525 0 0 37 65 1 25 1 5 44 35 3 1333 3 2667 42
4/4 35 3 1333 0 0 42 45 3 1333 2 125 38 54 0 1 2 375 26 74 0 1 2 375 23 24 0 1 2 375 26
4/4 55 0 4 0 0 36 54 0 1 0 0 26 74 0 1 0 0 23 24 0 1 0 0 26 32 3 1667 2 25 36 72 0 1 1 15 35 53 0 1 3 2667 35 73 3 333 3 3667 37
4/4 55 1 45 0 0 36 73 3 667 0 0 37 23 1 5 3 667 39 54 2 225 2 175 43 74 0 1 0 3 37
4/4 54 2 25 0 0 43 74 3 333 0 0 37 24 3 2667 3 333 39 25 2 25 3 2667 22
