4/4 33 3 667 0 1 42 73 1 5 3 1667 48 13 3 667 0 2 55 73 3 333 3 2667 52 33 2 75 0 3 50 73 2 25 2 375 48
4/4 13 2 75 0 0 49 73 2 25 0 0 48 73 1 5 2 75 49 33 3 667 2 125 49 73 1 5 2 175 48 13 2 75 2 225 49 73 3 333 0 3 53 33 3 667 3 3333 49
4/4 73 1 5 0 0 52 33 3 83 0 0 49 13 2 75 1 5 53 73 1 5 2 125 53 33 2 75 1 15 52 73 3 333 2 225 53 35 2 125 1 25 68 13 2 75 1 25 51 73 3 333 2 325 48 24 1 5 1 35 65 33 1 5 1 35 52
4/4 24 2 75 0 0 65 73 3 333 2 25 49 35 0 1 1 5 65 13 0 1 1 5 49 73 3 333 2 125 51 74 3 2667 3 1333 68 22 2 75 3 1667 48 73 1 5 3 2333 47 13 2 75 2 275 46 73 3 333 1 35 51 22 2 25 2 375 53
4/4 74 3 10083 0 0 68 22 3 417 0 0 53 73 3 333 3 667 51 13 3 667 0 1 50 73 2 25 3 1667 58 12 2 75 0 2 57 53 3 333 2 275 52 35 0 1 0 3 70 73 1 5 0 3 52 53 2 25 2 375 49
4/4 12 2 75 0 0 56 24 0 1 0 0 68 53 3 83 0 0 49 53 2 25 2 75 51 35 0 1 2 125 68 73 0 1 2 125 56 53 3 333 2 175 52 55 0 2 0 2 63 72 1 5 2 225 59 53 3 333 0 3 54 23 1 5 2 325 60
4/4 53 3 333 0 0 53 55 3 1667 0 0 63 72 1 5 3 333 56 53 3 333 0 1 52 23 1 5 3 1333 53 53 2 25 0 2 49 65 0 1 1 25 65 62 1 5 1 25 58 33 1 5 0 3 52 13 1 5 1 35 51 55 1 5 1 35 70
4/4 55 1 5 0 0 70 33 3 333 2 25 47 45 2 125 1 5 67 62 2 75 1 5 55 33 3 333 2 125 52 35 2 75 1 15 70 13 1 5 1 15 54 33 2 25 2 225 49 65 2 125 2 225 68 62 3 667 3 2667 56 33 3 333 2 325 53 713 3 333 3 3667 57 55 3 333 3 3667 65
4/4 713 3 167 0 0 57 55 3 667 0 0 65 33 1 5 3 333 50 45 0 1 3 667 68 62 0 1 3 667 50 33 2 25 3 1333 52 713 3 333 2 175 54 35 2 75 2 175 67 33 2 25 1 25 45 35 2 125 2 275 77 72 1 5 2 275 58 63 2 25 1 35 57
4/4 34 1 5 0 0 55 35 1 5 0 0 77 63 0 1 1 5 54 45 0 1 1 5 63 45 0 3 0 1 63 72 1 5 0 1 61 63 1 5 1 15 53 34 1 5 0 2 54 63 2 25 1 25 59 72 1 5 0 3 55 63 1 5 1 35 56
4/4 23 3 333 0 0 49 45 2 325 0 0 63 63 2 25 3 667 50 72 3 333 0 1 51 63 3 333 3 1667 58 23 1 5 0 2 56 63 3 333 2 275 54 33 2 75 0 3 58 73 2 25 2 375 55
4/4 73 2 25 0 0 55 13 3 667 2 25 55 35 0 1 2 25 67 73 2 25 2 75 49 24 2 125 2 125 67 33 3 667 2 125 48 73 2 25 2 175 51 13 0 1 2 225 54 35 0 1 2 225 67 73 3 333 0 3 53 74 0 1 0 3 65 22 2 75 2 325 52
4/4 73 3 333 0 0 53 74 0 7 0 0 65 13 3 667 3 333 51 73 1 5 0 1 55 22 2 75 3 1333 56 73 1 5 0 2 55 13 1 5 1 25 57 73 2 25 2 325 56 12 1 5 1 35 58
4/4 12 2 25 0 0 58 53 3 333 2 25 50 35 0 1 1 5 72 73 2 75 1 5 54 53 1 5 2 125 52 12 3 667 1 15 56 24 0 1 1 15 68 53 3 333 2 225 52 35 0 1 3 2667 68 73 0 1 3 2667 58 53 3 333 2 325 54 55 2 75 2 325 63 72 3 333 3 3667 61
4/4 72 3 333 0 0 61 55 3 2583 0 0 63 53 1 5 3 333 53 23 3 667 2 75 54 53 2 25 3 1333 52 72 3 667 2 175 55 53 1 5 3 2333 56 23 3 667 2 275 59 53 2 25 3 3333 50 65 0 1 2 375 65 62 0 1 2 375 59
4/4 65 0 1 0 0 65 62 0 1 0 0 59 33 1 5 1 5 54 65 2 25 1 5 59 13 1 5 2 75 57 65 3 333 2 75 61 33 0 1 1 15 52 65 0 1 1 15 60 65 0 1 2 175 61 62 0 1 2 175 53 33 0 1 1 25 50 55 0 1 1 25 60 13 1 5 2 275 53 45 2 75 0 3 62 33 3 333 1 35 54 65 1 5 1 35 65
4/4 62 3 667 0 0 55 65 2 225 0 0 65 33 3 333 3 667 52 713 1 5 0 1 57 33 1 5 2 175 50 62 3 667 0 2 57 45 1 5 3 2667 65 33 2 25 3 2667 55 55 3 667 0 3 68 713 3 333 0 3 53 33 0 1 2 375 52 65 0 1 2 375 61
4/4 52 0 1 0 0 61 55 0 1 0 0 68 33 0 1 2 75 52 55 0 1 2 75 62 73 0 1 2 125 51 55 0 1 2 125 62 55 0 1 2 175 61 33 0 1 2 175 51 55 0 1 2 225 61 52 1 5 2 225 52 33 0 1 2 275 53 45 0 1 2 275 63 73 0 1 2 325 50 35 0 1 2 325 65
4/4 55 0 4 0 0 63 33 3 333 0 0 48 12 2 75 2 25 52 53 3 333 0 1 52 34 1 5 3 1333 53 53 1 5 0 2 49 12 3 667 3 2333 54 53 2 25 0 3 54 34 1 5 1 35 57
4/4 55 2 25 0 0 63 53 2 25 2 25 44 14 0 1 1 5 72 43 2 75 1 5 55 13 1 5 2 125 53 24 0 1 1 15 72 34 2 75 1 15 54 13 3 333 2 225 57 35 2 125 1 25 72 43 3 667 3 2667 54 13 1 5 2 325 51 45 0 1 3 3667 64 34 0 1 3 3667 59
4/4 45 0 1 0 0 64 34 0 1 0 0 59 13 0 1 2 25 58 14 0 1 2 25 74 43 3 667 3 667 58 13 0 1 2 125 52 14 0 1 2 125 67 24 0 1 3 1667 74 34 3 667 3 1667 58 13 1 5 3 2333 57 35 0 1 3 2667 68 43 0 1 3 2667 54 45 0 1 3 3333 68 13 0 1 3 3333 53 34 3 333 3 3667 62 35 3 333 3 3667 74
4/4 34 3 167 0 0 62 35 3 417 0 0 74 13 2 25 3 333 54 75 3 3667 3 333 65 72 2 75 2 75 47 43 3 333 1 15 61 34 1 5 2 175 62 43 3 333 1 25 54 72 1 5 2 275 54 43 2 25 1 35 53
4/4 34 2 25 0 0 59 75 3 667 0 0 65 43 2 25 1 5 54 75 0 1 0 1 66 43 0 1 0 1 52 74 0 1 0 1 59 23 0 1 0 1 58 72 0 1 0 1 58 43 0 1 0 2 48 75 0 1 0 2 68 23 0 1 0 2 63 72 0 1 0 2 59 74 0 1 0 2 72 35 2 75 2 325 74 45 2 25 2 375 65
4/4 45 2 25 0 0 65 55 2 75 2 25 66 65 1 5 2 75 62 33 2 75 2 125 52 75 2 125 2 125 66 73 1 5 0 2 54 13 0 1 2 225 53 55 0 1 2 225 63 73 3 333 0 3 55 35 0 1 0 3 68 33 3 667 3 3333 52
4/4 73 0 1 0 0 58 75 0 1 0 0 68 35 2 25 0 0 68 13 3 667 3 333 56 73 3 333 0 1 51 65 0 3 0 1 72 22 3 667 3 1333 49 73 1 5 0 2 54 45 1 15 1 25 68 13 1 5 1 25 49 73 1 5 0 3 53 22 1 5 1 35 52
4/4 45 1 5 0 0 68 65 1 5 0 0 72 22 2 25 0 0 52 73 1 5 2 25 52 13 1 5 1 5 57 73 3 333 2 125 54 22 2 75 1 15 56 65 3 1333 1 15 70 73 1 5 2 225 52 45 0 1 1 25 68 13 0 1 1 25 54 73 3 333 2 325 58 24 2 75 2 325 72 22 3 333 3 3667 54
4/4 22 3 333 0 0 54 24 1 5 0 0 72 65 0 1 3 333 70 73 0 1 3 333 55 13 3 667 3 667 54 73 2 25 3 1333 53 55 1 15 3 1333 70 12 2 75 2 175 56 53 1 5 3 2333 52 73 1 5 2 275 51 35 2 125 2 275 68 53 3 333 1 35 50 12 2 25 2 375 57
4/4 12 1 5 0 0 57 35 2 175 0 0 68 53 1 5 1 5 48 73 3 667 0 1 46 53 2 25 1 15 54 14 0 1 0 2 65 62 0 1 0 2 57 24 0 1 3 2667 65 33 0 1 3 2667 53 73 0 1 0 3 54 35 0 1 0 3 68 14 3 333 3 3667 68 33 3 333 3 3667 56
4/4 62 3 667 0 0 53 14 3 917 0 0 68 33 0 1 3 667 54 24 0 1 3 667 68 73 0 1 0 1 56 35 0 1 0 1 68 74 3 1667 2 175 68 33 1 5 2 175 57 52 1 5 2 225 58 45 0 1 2 275 63 33 0 1 2 275 54 24 0 1 2 325 67 73 0 1 2 325 50
4/4 33 3 333 0 0 52 35 2 175 0 0 72 12 3 667 3 333 58 53 3 333 0 1 52 34 1 5 3 1333 62 53 2 25 0 2 57 65 0 1 3 2333 65 42 0 1 3 2333 63 12 0 1 0 3 56 55 0 1 0 3 66 35 0 1 1 35 68 63 0 1 1 35 53
4/4 35 0 1 0 0 68 63 0 1 0 0 53 65 0 1 2 25 63 12 0 1 2 25 54 55 0 1 1 5 66 42 0 1 1 5 57 35 1 5 2 125 67 12 2 25 2 125 57 63 3 667 1 15 54 45 2 25 1 15 70 12 2 25 2 225 57 45 2 175 2 225 74 72 3 667 3 2667 63 43 3 333 2 325 58 34 3 333 3 3667 59
4/4 45 2 25 0 0 74 43 3 333 3 333 62 72 0 1 3 667 61 35 0 1 3 667 72 45 0 1 3 1333 68 43 0 1 3 1333 57 55 0 1 2 175 70 23 0 1 2 175 55 43 2 25 3 2333 57 65 3 333 1 25 65 33 3 667 2 275 63 75 2 125 2 275 72 73 3 333 1 35 56 55 0 1 2 375 70 13 0 1 2 375 54
4/4 55 0 1 0 0 70 13 0 1 0 0 54 73 1 5 1 5 57 35 2 75 1 5 72 33 3 667 0 1 54 73 0 1 3 1667 62 75 0 1 3 1667 70 13 3 667 0 2 47 73 2 25 3 2667 49 65 3 1333 3 2667 68 72 1 5 0 3 53 43 2 25 2 375 54
4/4 45 3 2667 0 0 68 23 1 5 0 0 53 43 2 25 0 0 54 65 3 167 0 0 68 43 2 25 2 75 56 72 3 667 2 125 58 43 1 5 2 175 59 23 1 5 2 225 58 43 1 5 2 275 53 74 0 1 0 3 53 24 0 1 0 3 58 72 0 1 0 3 59 65 0 1 0 3 65
4/4 43 2 25 0 0 55 23 3 333 2 25 56 45 2 75 2 25 67 43 2 25 0 1 55 24 2 125 0 1 70 712 2 75 2 125 58 53 0 1 0 2 59 65 0 1 0 2 66 23 3 667 3 2333 54 53 3 333 0 3 61 55 0 1 0 3 68 12 3 667 3 3333 61
4/4 53 1 5 0 0 54 55 3 333 0 0 68 35 0 1 1 5 63 14 0 1 1 5 64 34 1 5 1 5 55 53 1 5 0 1 53 12 2 75 1 15 62 53 3 333 2 225 59 34 1 5 1 25 60 53 2 25 2 325 50 14 1 5 1 35 74 62 1 5 1 35 63
4/4 14 1 15 0 0 74 62 2 25 0 0 63 33 2 25 2 25 56 15 0 1 1 5 68 13 0 1 1 5 57 33 3 333 2 125 49 62 0 1 3 1667 59 75 0 1 3 1667 70 43 0 1 2 225 55 65 0 1 2 225 65 55 2 75 3 2667 68 23 3 333 3 2667 52 43 0 1 3 3333 55 65 0 1 3 3333 60 74 2 25 2 375 59 75 2 25 2 375 70 52 2 25 2 375 61
4/4 74 3 1417 0 0 59 75 0 1 0 0 70 52 2 25 0 0 61 33 3 333 1 5 57 73 1 5 2 75 59 33 2 25 1 15 52 35 0 1 2 175 67 74 0 1 2 175 64 12 2 75 2 175 57 53 2 25 1 25 62 34 3 333 0 3 59 53 2 25 3 3667 52 14 2 25 2 375 55
4/4 35 0 1 0 0 63 42 0 1 0 0 65 65 0 1 0 0 63 14 2 125 0 0 55 12 0 1 3 667 57 55 0 1 3 667 59 63 0 1 0 1 56 35 0 1 0 1 67 65 0 1 3 1667 66 12 0 1 3 1667 55 42 0 1 0 2 61 55 0 1 0 2 68 35 1 5 2 275 64 12 2 25 2 275 58 15 3 333 0 3 68 63 1 5 0 3 58 75 2 25 2 375 70
4/4 75 1 35 0 0 70 72 1 5 2 25 64 43 2 25 2 75 63 34 1 5 2 125 65 43 1 5 2 175 62 72 2 75 2 225 64 43 3 333 0 3 61 34 2 25 3 3333 68
4/4 43 3 333 0 0 49 75 0 1 3 333 68 74 0 1 3 333 65 24 0 1 3 333 72 72 0 1 3 333 52 23 0 1 3 333 58 43 0 1 3 333 37 43 0 1 1 15 55 72 0 1 1 15 57 23 0 1 1 15 55 74 3 333 1 15 74 74 2 175 2 225 70 65 2 75 1 25 72 55 3 333 2 325 63 45 3 333 3 3667 65
4/4 45 3 333 0 0 65 74 3 917 0 0 70 55 3 333 3 333 63 33 2 75 3 667 52 35 3 3333 3 667 70 73 1 5 3 1333 54 13 3 667 3 1667 55 73 1 5 3 2333 51 33 2 75 2 275 49 73 3 333 1 35 48 13 2 25 2 375 51
4/4 35 3 5167 0 0 70 13 2 25 0 0 51 73 2 25 1 5 50 33 3 667 0 1 48 73 1 5 1 15 49 13 3 667 0 2 49 73 3 333 3 2667 49 33 2 75 0 3 49 73 2 25 2 375 46
4/4 13 3 667 0 0 53 73 3 83 0 0 46 73 3 333 3 667 51 33 2 75 0 1 58 73 3 333 2 175 58 13 3 667 0 2 52 35 0 1 0 2 68 73 2 25 2 275 57 33 0 1 2 325 53 24 0 1 2 325 65 73 2 25 2 375 56 35 2 25 2 375 67
4/4 73 3 83 0 0 56 35 2 75 0 0 67 13 3 667 2 25 55 73 3 333 2 75 52 74 2 125 0 1 70 22 2 75 2 125 57 73 3 333 0 2 53 13 3 667 3 2333 51 73 0 1 0 3 55 75 0 1 0 3 66 22 1 5 3 3333 53
4/4 15 2 25 0 0 59 73 3 333 0 0 49 25 2 25 3 333 63 13 1 5 3 333 57 73 2 25 0 1 54 36 2 75 0 1 70 12 1 5 3 1333 58 53 2 25 0 2 53 35 0 1 1 25 70 23 1 5 1 25 51 53 3 333 2 325 50 24 0 1 1 35 70 12 0 1 1 35 54
4/4 53 0 1 2 25 53 35 0 1 2 25 70 34 1 5 3 667 50 53 3 333 2 125 55 55 2 225 2 125 72 72 3 667 3 1667 56 53 3 333 3 2333 54 23 3 667 3 2667 55 53 2 25 3 3333 48 35 0 1 2 375 72 72 0 1 2 375 52
4/4 35 0 1 0 0 72 72 0 1 0 0 52 53 3 333 3 333 55 45 1 5 3 333 67 35 0 1 2 75 74 23 0 1 2 75 55 53 0 1 3 1333 54 24 0 1 3 1333 65 62 0 1 2 175 56 65 0 1 2 175 65 14 2 75 2 175 72 33 3 333 1 25 49 55 2 75 2 275 70 13 1 5 2 275 52 33 2 25 1 35 55 45 0 1 2 375 74 62 0 1 2 375 54
4/4 45 0 1 0 0 74 62 0 1 0 0 54 33 0 1 1 5 55 35 0 1 1 5 77 13 1 5 2 75 60 65 0 1 1 15 62 714 0 1 1 15 73 33 2 25 1 15 55 62 3 667 0 2 59 33 2 25 1 25 58 55 0 1 0 3 66 713 0 1 0 3 58 33 3 333 3 3667 52
4/4 45 0 1 0 0 70 62 0 1 0 0 54 33 2 25 3 667 57 713 0 1 0 1 64 35 0 1 0 1 72 33 2 25 3 1667 45 64 0 1 0 2 59 74 0 1 0 2 67 35 0 1 0 2 70 72 3 667 0 2 62 63 3 333 3 2667 57 34 3 333 0 3 59 63 0 1 3 3667 58 45 0 1 3 3667 63
4/4 72 0 1 0 0 57 45 0 1 0 0 74 63 3 333 2 75 51 34 1 5 0 1 50 63 2 25 2 175 57 72 1 5 2 225 58 43 0 1 2 275 53 36 0 1 2 275 70 23 0 1 2 325 51 25 0 1 2 325 66 15 0 1 2 375 63 43 0 1 2 375 48
4/4 75 0 1 2 25 68 72 0 1 2 25 59 43 0 1 2 75 52 65 0 1 2 75 60 55 0 1 2 125 65 23 0 1 2 125 55 45 0 1 0 2 63 43 0 1 0 2 49 33 0 1 2 225 64 35 0 1 2 225 72 73 3 333 0 3 53 35 0 1 3 3333 72 13 0 1 3 3333 51
4/4 73 3 333 0 0 49 24 0 1 3 333 74 33 0 1 3 333 55 73 3 333 0 1 53 35 0 1 0 1 68 13 1 5 1 15 51 73 2 25 0 2 52 74 3 1667 2 225 65 22 2 75 1 25 56 73 3 333 2 325 56 13 3 333 3 3667 54
4/4 13 3 167 0 0 54 73 2 25 2 25 60 74 0 1 2 25 67 22 3 667 3 667 57 14 0 1 2 125 67 73 0 1 2 125 53 13 3 667 3 1667 53 24 2 25 3 1667 70 73 2 25 2 225 54 35 0 1 3 2333 74 54 0 1 3 2333 64 12 2 75 3 2667 55 53 2 25 3 3333 52 73 0 1 2 375 57 35 0 1 2 375 72
4/4 73 0 1 0 0 57 35 0 1 0 0 72 53 2 25 3 333 53 24 0 1 2 75 65 12 0 1 2 75 52 53 0 1 1 15 58 35 0 1 1 15 74 23 1 5 2 175 56 53 3 333 1 25 49 55 1 15 1 25 72 72 3 667 0 3 61 53 1 5 1 35 58
4/4 23 3 667 0 0 57 55 2 175 0 0 72 53 3 333 3 667 49 72 3 667 0 1 58 53 3 333 3 1667 55 23 3 333 0 2 54 24 0 1 3 2667 52 53 0 1 3 2667 51 65 3 333 0 3 65 14 0 1 0 3 74 62 0 1 0 3 58 33 0 1 3 3667 58 65 0 1 3 3667 61
4/4 13 0 1 0 0 60 65 0 1 0 0 68 65 0 1 2 75 62 33 0 1 2 75 56 65 3 333 0 1 66 62 2 75 0 1 62 33 0 1 2 175 59 55 0 1 2 175 68 13 0 1 2 225 62 45 0 1 2 225 72 65 0 1 2 275 61 714 0 1 2 275 67 33 2 25 2 275 52 62 3 667 2 325 67 33 2 25 2 375 63
4/4 65 0 1 0 0 61 714 0 1 0 0 67 713 1 5 2 25 62 33 3 333 0 1 53 62 1 5 2 125 59 33 0 1 0 2 57 45 0 1 0 2 67 713 0 1 2 225 64 55 0 1 2 225 75 65 0 1 0 3 66 33 0 1 0 3 54 74 0 1 2 325 60 35 0 1 2 325 70 55 0 1 2 325 68 52 0 1 2 325 62 55 0 1 2 325 68
4/4 33 3 333 0 0 55 55 2 25 0 0 60 55 0 1 3 333 66 73 0 1 3 333 57 33 0 1 0 1 56 55 0 1 0 1 66 55 0 1 3 1333 61 52 0 1 3 1333 57 74 0 1 3 1333 64 45 0 1 0 2 64 33 0 1 0 2 55 73 3 667 3 2333 57 35 2 25 1 25 68 33 2 25 0 3 57 35 0 1 0 3 70 55 0 1 0 3 66 24 0 1 0 3 67 12 1 5 1 35 62
4/4 12 2 25 0 0 62 35 0 1 0 0 70 55 0 1 0 0 66 24 0 1 0 0 67 53 3 333 2 25 62 34 1 5 1 5 59 53 2 25 2 125 46 35 0 1 1 15 68 12 0 1 1 15 54 53 0 1 2 225 58 24 0 1 2 225 64 34 0 1 1 25 59 14 0 1 1 25 77 53 0 1 2 325 54 74 0 1 2 325 42 14 0 1 3 3667 74 64 0 1 3 3667 63 42 0 1 3 3667 62
4/4 14 0 1 0 0 74 64 0 1 0 0 63 42 0 1 0 0 62 12 3 333 3 333 46 24 0 1 3 667 72 63 0 1 3 667 53 74 0 1 3 667 68 12 3 333 3 1333 51 35 0 1 3 1667 74 14 0 1 3 1667 72 42 0 1 3 1667 59 12 0 1 3 2333 57 45 0 1 3 2333 68 24 0 1 3 2333 74 63 3 667 3 2667 56 14 0 1 3 3333 80 64 0 1 3 3333 68 12 1 5 3 3333 52 42 3 333 3 3667 59
4/4 42 3 333 0 0 59 12 0 1 3 333 58 14 0 1 3 333 72 64 0 1 3 333 63 63 0 1 2 75 57 74 0 1 2 75 72 24 0 1 2 75 72 12 2 25 1 15 51 14 0 1 2 175 77 35 0 1 2 175 72 42 0 1 2 175 57 12 0 1 3 2333 62 24 0 1 3 2333 72 45 0 1 3 2333 60 63 3 667 2 275 57 14 0 1 2 275 72 35 0 1 2 275 68 12 2 25 3 3333 52 75 0 1 1 35 72 45 0 1 1 35 70 35 0 1 1 35 65 72 2 25 2 375 62
4/4 75 0 1 0 0 72 45 0 1 0 0 70 35 0 1 0 0 65 72 2 25 0 0 62 43 2 25 1 5 59 34 1 5 2 75 48 43 2 25 1 15 53 72 1 5 0 2 63 43 1 5 1 25 58 34 3 333 0 3 65 43 2 25 3 3667 34
4/4 23 0 1 0 0 49 75 0 1 0 0 70 72 0 1 0 0 58 24 0 1 0 0 74 43 0 1 0 0 50 43 0 1 0 1 38 23 0 1 0 1 58 75 0 1 0 1 68 72 0 1 0 1 53 24 0 1 0 1 72 35 2 75 2 225 68 45 1 5 2 275 70 55 2 75 2 325 68 65 2 25 2 375 65
4/4 32 0 1 2 25 63 75 0 1 2 25 68 72 1 5 2 75 59 55 0 1 2 125 66 53 0 1 2 125 56 72 0 1 2 175 58 35 0 1 2 175 74 32 1 5 2 225 62 72 0 1 2 275 63 75 0 1 2 275 75 53 1 5 2 325 56
4/4 72 2 25 0 0 57 65 0 1 0 0 68 24 0 1 0 0 68 71 3 667 3 333 65 42 1 5 0 1 55 45 0 1 3 1333 67 74 0 1 3 1333 67 22 1 5 3 1333 52 42 3 333 0 2 59 71 2 75 3 2333 62 42 1 5 0 3 63 22 1 5 1 35 61
4/4 42 3 333 0 0 58 74 0 1 2 25 60 24 0 1 2 25 57 45 0 1 2 25 67 71 0 1 2 25 63 65 2 75 1 5 68 42 2 25 2 125 61 22 1 5 1 15 55 45 2 75 1 15 70 42 0 1 2 225 59 24 0 1 2 225 72 711 2 75 1 25 68 52 0 1 2 325 63 65 0 1 2 325 68 22 3 333 3 3667 57
4/4 22 3 167 0 0 57 52 3 333 2 25 58 55 0 1 3 333 72 11 3 667 3 667 64 52 3 333 3 1333 57 54 0 1 3 1667 67 35 0 1 3 1667 67 33 3 667 2 175 49 52 1 5 3 2333 52 11 3 667 2 275 53 52 1 5 3 3333 59 33 2 25 2 375 57
4/4 33 3 83 0 0 57 52 2 25 3 333 55 34 0 1 3 667 60 64 0 1 3 667 64 14 0 1 3 667 72 61 0 1 3 667 62 32 0 1 3 1333 61 24 0 1 3 1333 68 35 0 1 2 175 77 12 0 1 2 175 56 14 2 75 1 25 76 32 3 333 1 25 52 64 2 125 1 25 67 61 1 5 0 3 54 32 0 1 1 35 59 24 0 1 1 35 68
4/4 35 0 1 0 0 74 12 0 1 0 0 59 74 3 1333 1 5 67 32 2 25 1 5 62 51 1 5 0 1 62 32 0 1 1 15 61 45 0 1 1 15 65 72 0 1 0 2 58 24 0 1 0 2 74 32 2 25 3 2667 61 54 0 1 3 2667 70 35 0 1 3 2667 74 11 2 75 0 3 70 52 2 25 3 3667 65
4/4 33 1 5 0 0 68 52 2 25 2 75 58 14 0 1 0 1 62 35 0 1 0 1 62 42 0 1 0 1 64 65 0 1 0 1 70 12 0 1 2 175 65 55 0 1 2 175 63 63 0 1 2 225 57 35 0 1 2 225 68 12 0 1 2 275 58 65 0 1 2 275 65 14 3 667 2 275 68 42 0 1 0 3 63 55 0 1 0 3 66 35 0 1 2 375 74 12 0 1 2 375 58
4/4 35 0 1 0 0 74 12 0 1 0 0 58 63 1 5 2 25 58 45 2 25 2 25 72 45 0 2 0 1 80 12 2 25 0 1 56 71 3 667 3 1333 68 42 3 333 0 2 63 33 1 5 3 2333 65 42 3 333 0 3 61 71 0 1 3 3333 65 35 0 1 3 3333 74
4/4 42 0 1 0 0 61 45 0 1 0 0 70 71 0 1 0 0 65 35 0 1 0 0 74 22 1 5 1 5 64 55 2 75 1 5 72 43 0 1 2 125 61 65 0 1 2 125 65 75 0 1 1 15 72 32 2 75 1 15 67 72 3 333 2 225 57 55 2 75 3 2667 70 53 1 5 3 2667 55 72 3 333 2 325 59 35 2 75 2 325 74 32 3 333 3 3667 61
4/4 32 3 333 0 0 61 35 2 25 0 0 74 72 0 1 2 25 59 75 0 1 2 25 75 53 3 667 3 667 54 65 3 1333 3 1333 75 72 2 25 3 1333 54 71 3 667 2 175 68 42 1 5 3 2333 58 45 2 125 2 275 70 22 1 5 2 275 56 42 3 333 1 35 59 71 2 25 2 375 58
4/4 45 0 1 0 0 70 71 1 5 0 0 58 42 3 333 1 5 61 22 1 5 2 75 63 42 3 333 1 15 55 74 0 1 3 1667 60 24 0 1 3 1667 59 45 0 1 3 1667 68 71 0 1 3 1667 62 65 0 1 3 1667 72 42 2 25 1 25 56 22 0 1 0 3 55 45 0 1 0 3 72 42 2 25 1 35 57 24 1 5 1 35 74
4/4 711 3 667 0 0 68 24 2 75 0 0 74 52 0 1 1 5 59 65 0 1 1 5 70 22 3 667 0 1 57 52 3 333 1 15 61 55 0 1 1 15 68 35 0 1 1 15 70 11 3 667 0 2 62 52 3 333 3 2667 59 35 0 1 0 3 77 54 0 1 0 3 68 33 0 1 0 3 54 52 3 333 3 3667 57
4/4 35 0 1 0 0 74 11 0 1 0 0 58 24 0 1 3 667 64 52 0 1 3 667 55 14 0 1 0 1 72 33 0 1 0 1 53 52 0 1 3 1667 63 74 0 1 3 1667 62 61 0 1 0 2 64 14 0 1 0 2 76 32 3 333 2 275 57 35 0 1 0 3 70 15 0 1 0 3 72 12 0 1 0 3 56 32 2 25 2 375 54
4/4 61 0 1 0 0 61 75 0 1 0 0 72 32 3 83 0 0 54 42 0 1 2 75 61 65 0 1 2 75 65 22 0 1 2 125 57 55 0 1 2 125 68 42 0 1 2 175 61 65 0 1 2 175 56 74 0 1 0 2 56 35 0 1 0 2 55 45 0 1 0 2 58 75 0 1 0 2 68 51 1 5 2 225 62 32 3 333 0 3 49 72 1 5 2 325 55
4/4 32 2 25 0 0 57 34 0 1 2 25 56 74 0 1 2 25 64 11 0 1 2 25 65 35 0 1 2 25 68 52 3 333 0 1 62 33 3 667 3 1333 61 52 2 25 0 2 52 14 0 1 2 225 62 35 0 1 2 225 62 65 0 1 2 225 65 42 0 1 3 2333 63 65 0 1 3 2333 65 12 0 1 0 3 61 55 0 1 0 3 62 63 0 1 3 3333 56 35 0 1 3 3333 70
4/4 65 0 1 0 0 68 12 0 1 0 0 58 63 0 1 0 0 56 35 0 1 0 0 70 42 0 1 3 333 62 55 0 1 3 333 66 35 0 1 0 1 65 12 0 1 0 1 59 15 0 1 3 1333 68 65 0 1 3 1333 57 63 1 5 3 1333 57 75 0 1 0 2 70 45 0 1 0 2 64 12 2 25 0 2 53 71 3 667 1 25 65 42 2 25 0 3 58 33 1 5 1 35 54
4/4 42 1 5 0 0 54 75 0 1 0 0 70 45 0 1 0 0 64 71 1 5 1 5 53 42 3 333 2 125 57 33 3 333 1 15 41 42 2 25 2 225 41 71 0 1 1 25 62 22 0 1 1 25 57 75 0 1 1 25 72 74 0 1 1 25 74 42 0 1 1 25 42 42 0 1 1 35 52 22 0 1 1 35 62 71 0 1 1 35 57 74 2 25 1 35 72
4/4 42 0 1 0 0 52 22 0 1 0 0 62 71 0 1 0 0 57 74 2 375 2 25 65 65 2 75 1 5 68 55 1 5 2 125 61 45 2 75 3 1667 70 55 3 333 3 2333 65 33 2 75 3 2667 53 35 3 1333 3 2667 67 73 1 5 3 3333 55 13 3 333 3 3667 59
4/4 74 2 325 0 0 65 13 3 333 0 0 59 35 3 3917 0 0 67 73 1 5 3 333 51 33 3 667 2 75 50 73 1 5 3 1333 49 13 2 75 2 175 52 73 3 333 1 25 50 222 2 75 2 275 58 73 1 5 1 35 52
4/4 74 2 25 0 0 65 13 3 667 0 0 52 73 2 25 1 5 51 74 1 35 1 5 68 222 0 1 0 1 52 65 0 1 0 1 66 55 0 1 1 15 61 73 0 1 1 15 54 45 0 1 0 2 64 13 0 1 0 2 56 55 0 1 1 25 66 73 0 1 1 25 48 12 2 75 0 3 58 35 0 1 0 3 67 63 1 5 1 35 54
4/4 73 3 667 0 0 56 35 2 375 0 0 67 74 1 35 0 0 68 63 1 5 3 667 55 12 3 667 0 1 55 63 1 5 3 1667 51 73 3 667 0 2 54 63 3 333 3 2667 48 712 2 75 0 3 56 63 2 25 2 375 52
4/4 63 2 25 0 0 52 74 2 25 2 25 65 73 1 5 2 25 53 74 0 3 0 1 65 63 3 333 0 1 51 712 0 1 3 1333 51 65 0 1 3 1333 62 63 0 1 2 225 51 55 0 1 2 225 57 45 0 1 3 2667 63 73 0 1 3 2667 49 63 2 25 2 375 46 55 2 25 2 375 55
4/4 55 3 417 0 0 55 72 0 1 0 2 35 32 0 1 0 2 36 34 0 1 0 2 31 53 0 1 0 2 41 74 3 1667 3 2333 35 35 1 15 1 25 45
4/4 72 0 1 0 0 35 32 0 1 0 0 36 34 0 1 0 0 31 53 0 1 0 0 41 74 3 3083 0 0 35 35 0 3 0 0 45
