4/4 64 2 175 3 333 63 62 3 333 3 333 41 13 1 5 3 1333 43 33 0 1 3 1333 37 34 2 25 2 175 56 34 3 1667 3 2333 67 64 3 667 2 275 65 74 3 667 3 3333 65 52 3 333 3 3333 41
4/4 34 3 1333 0 0 67 74 3 1583 0 0 65 73 0 1 3 333 35 33 0 1 3 333 35 74 3 1667 3 2333 68 52 2 25 3 2333 44 73 3 667 3 3333 46 33 3 667 3 3333 41 34 2 25 2 375 60
4/4 74 3 83 0 0 68 73 3 333 0 0 46 33 3 1083 0 0 41 34 3 3333 3 333 72 74 3 667 2 75 67 14 2 225 3 1333 70 62 3 333 3 1333 46 33 0 1 1 25 40 13 0 1 1 25 39
4/4 14 3 1333 3 333 77 62 2 25 3 333 47 33 0 1 3 1333 42 13 1 15 3 1333 46 64 2 25 2 175 59 64 3 1667 3 2333 72 14 3 333 2 275 67 222 0 1 3 3333 51 224 0 1 3 3333 70
4/4 64 3 1583 0 0 72 44 3 667 3 333 45 63 0 1 3 333 45 35 0 1 3 333 63 45 2 25 3 1333 63 44 0 1 2 225 49 64 0 1 2 225 54 35 0 1 2 225 65 33 3 1667 3 2333 49 63 0 1 3 3333 40 223 0 1 3 3333 41
4/4 33 3 333 0 0 49 63 0 1 0 0 40 223 0 1 0 0 41 14 3 667 3 333 67 64 2 25 0 1 55 33 0 1 1 15 42 74 0 1 1 15 51 54 0 1 1 15 50 34 0 1 1 25 38 53 0 1 1 25 31 73 0 1 1 25 35
4/4 64 3 1333 3 667 68 62 2 25 3 667 41 13 1 5 3 1667 51 33 3 1667 3 1667 34 34 2 25 0 2 58 34 3 667 1 25 68 64 2 25 0 3 70 74 1 5 1 35 68 52 3 333 1 35 48
4/4 74 2 175 0 0 68 73 0 1 3 667 40 34 0 1 3 667 44 33 0 1 3 667 35 52 3 333 3 2667 50 74 3 1333 3 2667 72 33 3 333 3 3667 41 73 3 333 3 3667 41
4/4 34 2 25 0 0 65 33 3 1333 0 0 41 74 3 667 0 0 72 73 3 917 0 0 41 34 0 3 3 667 74 74 3 333 0 1 70 14 0 2 3 1667 77 62 2 25 3 1667 46 13 0 1 3 2667 39 33 0 1 3 2667 37
4/4 34 2 75 2 25 44 64 0 1 3 333 48 14 3 1667 1 5 77 12 2 25 1 5 43 63 2 175 1 15 33 34 2 25 1 15 49 64 2 25 0 2 60 64 2 75 1 25 68 14 2 25 0 3 67 224 0 1 1 35 67 44 0 1 1 35 63 222 3 333 1 35 51
4/4 44 0 1 1 5 46 64 0 1 1 5 57 63 0 1 1 5 43 35 0 1 1 5 57 64 0 1 1 5 57 45 2 25 1 15 67 44 0 1 2 225 43 64 0 1 2 225 50 33 0 1 3 2333 51 35 0 1 3 2333 63 63 0 1 3 3333 40 223 0 1 3 3333 39
4/4 14 3 667 3 333 64 34 3 1667 2 75 56 64 2 225 1 15 54 62 0 2 1 15 45 33 0 1 3 2333 43 73 3 333 0 3 53 13 1 5 3 3333 80 34 2 25 2 375 84
4/4 34 2 125 0 0 84 73 0 1 2 25 80 32 3 667 3 333 58 72 0 1 2 125 50 74 0 1 2 125 68 53 0 1 2 225 49 74 0 1 2 225 68 54 0 1 2 225 67 33 0 1 2 225 48 52 2 25 2 325 58 74 0 1 2 325 74 34 0 1 2 325 70
4/4 73 0 1 0 0 46 33 0 1 0 0 44 74 0 1 0 0 74 34 0 1 0 0 70 73 0 1 0 1 57 33 0 1 0 1 51 64 0 1 0 1 70 74 2 25 1 15 68 62 2 25 0 2 56 14 0 1 0 2 84 34 0 1 0 2 72 13 0 1 0 3 57 33 0 1 0 3 53
4/4 13 0 1 0 0 63 33 0 1 0 0 57 14 0 1 0 0 84 34 0 1 0 0 72 34 2 25 3 667 49 64 0 1 2 75 58 74 0 1 2 75 64 35 0 1 2 75 64 12 2 25 2 75 55 63 0 1 2 175 44 34 0 1 2 175 49 34 0 1 2 275 59 63 0 1 2 275 49 32 2 25 2 375 62
4/4 73 0 1 1 5 41 34 0 1 1 5 49 54 0 1 1 5 54 53 0 1 2 75 46 72 0 1 2 75 49 74 0 1 2 75 64 53 0 1 3 1667 57 74 0 1 3 1667 77 72 0 1 3 1667 52 32 3 333 3 2667 56 74 2 125 3 2667 74 34 3 1333 3 2667 72 53 3 333 3 3667 39 64 0 1 3 3667 60 72 0 1 3 3667 42
4/4 34 3 667 0 0 72 64 0 1 0 0 60 72 0 1 0 0 42 32 2 25 3 667 52 44 2 25 0 1 84 61 3 333 1 15 55 34 2 225 3 1667 84 12 0 1 3 2667 47 32 0 1 3 2667 52 12 2 25 1 35 57 32 3 333 3 3667 55
4/4 13 0 1 0 0 52 34 0 1 0 0 53 54 0 1 3 333 63 14 0 1 3 333 84 51 3 333 1 5 59 12 0 1 1 15 49 32 0 1 1 15 54 32 0 1 1 25 61 12 0 1 1 25 61 42 2 25 1 35 65 13 0 1 1 35 66 64 0 1 1 35 79 44 0 1 1 35 61
4/4 13 0 1 0 0 66 64 0 1 0 0 79 44 0 1 0 0 61 63 3 667 1 5 52 12 2 125 1 5 53 64 2 25 0 1 51 64 2 25 1 15 74 64 3 333 0 2 72 54 0 1 3 2333 67 64 0 1 3 2333 40 14 0 1 1 25 67 32 2 25 1 25 52 45 3 667 1 25 65 53 0 1 1 35 38 12 0 1 1 35 38 35 0 1 1 35 62
4/4 63 0 1 0 1 57 13 0 1 0 1 67 221 0 1 0 1 63 44 0 1 0 1 76 43 2 125 3 2333 61 62 0 1 3 2333 53 12 0 1 3 2333 50 44 2 25 2 275 74 44 3 333 2 325 87 44 2 25 3 3667 84
4/4 62 0 1 0 0 53 12 0 1 0 0 50 35 0 1 2 25 87 312 0 1 2 25 63 314 0 1 2 125 57 223 0 1 2 125 43 224 0 1 2 125 61 64 0 1 2 125 54 313 0 1 2 125 45 63 0 1 2 125 44 42 3 667 2 325 74 62 3 333 3 3667 63
4/4 62 3 333 0 0 63 12 3 333 2 25 70 43 1 5 3 667 72 63 2 25 2 125 59 14 0 1 2 125 80 64 0 1 2 125 72 44 2 25 3 1667 74 44 0 2 0 2 72 64 0 1 0 2 72 224 0 1 0 2 81 32 3 667 0 2 65 12 1 5 3 2667 61 33 1 5 0 3 70 63 1 5 1 35 70
4/4 13 2 25 0 0 67 35 3 333 0 0 80 63 2 25 0 0 70 44 2 25 3 667 74 221 1 5 0 1 68 64 0 1 0 1 74 44 0 1 0 1 72 13 0 1 0 1 70 62 2 75 1 15 58 12 1 5 0 2 65 43 1 5 1 25 74 63 0 1 0 3 62 44 0 1 0 3 68 64 0 1 0 3 80 44 0 1 0 3 68 13 2 25 1 35 70
4/4 73 0 1 0 0 74 34 0 1 0 0 74 74 0 1 0 0 80 11 3 667 0 0 74 62 1 5 1 5 58 12 1 5 0 1 67 33 1 5 1 15 70 14 0 1 0 2 92 63 0 1 0 2 68 73 2 25 1 25 63 73 2 125 2 275 67 23 0 1 0 3 68 44 0 1 0 3 72 74 0 1 0 3 72 71 3 667 0 3 70 42 1 5 1 35 64
4/4 72 1 5 0 0 70 73 2 75 0 0 67 23 0 1 0 0 68 44 0 1 0 0 72 74 0 1 0 0 72 22 3 667 3 333 70 43 1 5 2 75 72 63 2 25 2 125 80 63 0 1 2 175 63 72 0 1 2 175 68 43 0 1 2 175 64 22 0 1 2 175 70 23 0 1 2 175 84 44 0 1 2 175 84 73 3 667 2 225 74 54 0 1 2 275 84 23 0 1 2 275 74 62 0 1 2 275 74 73 3 667 2 325 84 71 0 1 3 3667 68 23 0 1 3 3667 80 64 0 1 3 3667 84
4/4 223 0 1 3 667 73 74 0 1 3 667 74 44 0 1 3 667 67 31 3 667 3 667 81 71 3 333 2 125 63 32 3 333 3 1667 65 73 0 1 0 2 70 62 0 1 0 2 53 223 0 1 1 25 70 72 0 1 1 25 62 64 0 1 0 3 62 33 0 1 0 3 49 54 0 1 3 3667 62 34 0 1 3 3667 62 73 0 1 3 3667 60 32 0 1 3 3667 49 52 0 1 3 3667 49 33 0 1 3 3667 52 34 0 1 3 3667 62 73 0 1 3 3667 60 52 0 1 3 3667 49 72 0 1 3 3667 43
4/4 54 0 1 0 0 62 34 0 1 0 0 62 73 0 1 0 0 60 32 0 1 0 0 49 52 0 1 0 0 49 33 0 1 0 0 52 34 0 1 0 0 62 73 0 1 0 0 60 52 0 1 0 0 49 72 0 1 0 0 43 35 1 15 1 25 84 62 3 333 1 25 57 63 3 667 3 3333 53 12 0 1 3 3333 48 33 0 1 3 3333 45
4/4 12 0 1 0 0 48 33 0 1 0 0 45 14 0 1 3 333 84 62 0 1 3 333 51 52 3 333 3 1333 59 64 1 15 3 1333 84 53 1 5 2 225 50 33 0 1 3 2333 46 12 0 1 3 2333 45 34 2 25 3 2667 64 34 0 1 2 325 77 52 0 1 2 325 53 34 2 25 3 3667 67
4/4 44 0 2 2 25 87 42 3 333 2 25 61 63 0 1 2 125 55 222 0 1 2 125 48 43 0 1 2 125 49 64 3 667 3 1667 67 42 0 1 0 2 56 224 0 1 0 2 78 45 2 25 1 25 74 32 2 25 0 3 58 35 0 1 0 3 92
4/4 64 0 1 0 0 46 63 0 1 0 0 42 34 0 1 0 0 48 33 0 1 0 0 38 12 0 1 0 0 39 35 3 333 0 0 92 14 3 333 0 1 87 44 0 1 3 1667 59 64 0 1 3 1667 45 224 0 1 0 2 81 221 2 25 0 2 64 43 0 1 0 3 50 72 0 1 0 3 46 74 1 5 3 3333 84
4/4 44 0 1 0 0 80 221 0 1 0 0 56 224 2 25 3 333 81 11 2 25 2 75 62 14 3 1333 2 75 84 34 0 2 2 75 72 64 0 1 2 175 59 33 0 1 2 175 39 62 0 1 2 175 43 14 2 25 2 325 92 23 0 1 2 375 63 44 0 1 2 375 74 74 0 1 2 375 77 71 2 25 2 375 62
4/4 23 0 1 0 0 63 44 0 1 0 0 74 74 0 1 0 0 77 71 3 83 0 0 62 42 0 1 2 75 62 22 0 1 2 75 64 44 0 1 2 125 87 23 0 1 2 125 84 63 0 1 3 1667 68 72 0 1 3 1667 67 54 0 1 3 1667 92 34 0 1 3 1667 77 22 0 1 3 1667 62 43 0 1 3 1667 57 64 0 1 2 225 84 44 0 1 2 225 74 32 3 333 3 2667 64 74 0 1 3 2667 84 223 0 1 3 2667 72 73 0 1 3 2667 69 44 0 1 3 2667 72 72 2 25 3 3667 65
4/4 54 0 1 1 5 84 53 0 1 1 5 63 73 0 1 1 5 80 34 0 1 1 5 70 33 0 1 1 5 62 34 0 1 1 15 60 14 0 1 1 15 80 35 0 1 1 15 80 64 3 1667 1 15 74 61 2 25 1 15 66 62 0 1 1 25 55 33 0 1 1 25 61 12 0 1 1 25 57 14 0 1 1 35 84 34 0 1 1 35 77
4/4 13 0 1 2 25 64 34 0 1 2 25 77 64 0 1 2 25 80 51 2 25 3 333 61 33 0 1 3 1333 63 12 0 1 3 1333 54 52 0 1 3 1333 58 34 2 25 2 175 80 34 2 25 3 2333 80 34 2 25 2 275 77 41 2 25 3 3333 61 44 0 1 3 3333 87 63 0 1 3 3333 84
4/4 222 0 1 3 333 68 42 0 1 3 333 62 62 0 1 3 333 55 64 1 5 2 75 87 44 0 1 2 125 72 224 0 1 2 125 84 45 2 25 2 175 80 35 0 1 2 225 92 34 0 1 2 225 84 31 2 25 2 225 64 12 0 1 2 325 59 32 0 1 2 325 61 62 0 1 2 325 57
4/4 14 1 5 2 25 92 44 0 1 0 1 51 74 0 1 0 1 74 221 2 25 2 125 69 224 1 5 2 125 76 43 0 1 0 2 70 222 0 1 0 2 63 72 0 1 0 2 61 223 0 1 1 25 78 74 0 1 1 25 68 44 2 25 0 3 72 224 2 25 1 35 84
4/4 11 2 25 0 0 68 14 0 1 0 0 84 34 1 15 0 0 84 33 0 1 0 1 63 12 0 1 0 1 58 62 0 1 0 1 58 64 0 1 0 1 77 62 0 1 0 1 58 14 2 25 3 2333 87 74 0 1 0 3 80 223 0 1 0 3 65 44 0 1 0 3 68 32 2 25 0 3 64
4/4 222 0 1 0 0 47 43 0 1 0 0 43 63 0 1 0 0 49 43 0 1 0 0 43 74 0 1 0 0 80 223 0 1 0 0 65 44 0 1 0 0 68 223 2 25 3 333 43 54 1 5 0 1 74 13 0 1 0 2 68 64 0 1 0 2 72 61 2 25 0 2 58 32 1 5 1 25 51 62 3 333 0 3 53 12 2 25 3 3333 53
4/4 33 3 333 0 0 55 13 1 5 3 333 59 223 2 175 0 1 73 63 3 2333 0 1 70 61 1 5 0 1 57 42 2 25 3 1333 57 222 3 333 0 2 53 43 2 25 3 2333 58 34 1 5 0 3 64 223 2 25 3 3333 62 61 2 25 2 375 54
4/4 13 0 1 0 0 68 33 0 1 0 0 65 61 2 25 0 0 54 32 2 25 3 333 50 12 1 5 0 1 52 33 1 5 1 15 57 63 3 333 0 2 64 222 0 1 2 275 40 61 0 1 2 275 32 312 0 1 2 275 37 62 0 1 2 275 28 313 0 1 0 3 44 73 0 1 0 3 52
4/4 222 0 1 0 0 40 61 0 1 0 0 32 312 0 1 0 0 37 62 0 1 0 0 28 313 0 1 0 0 44 73 0 1 0 0 52 13 2 125 1 15 44 34 3 1333 2 175 51 62 1 5 2 175 62 64 2 175 2 175 72 33 1 5 2 225 53 63 2 25 2 275 50 13 2 25 2 325 58 34 2 25 2 375 74
4/4 34 2 25 0 0 74 13 2 25 2 25 59 223 3 1333 3 667 68 63 0 1 3 667 67 62 0 1 3 667 57 43 0 1 2 125 52 63 2 25 2 175 50 63 3 667 2 225 48 34 1 5 2 275 62 223 2 25 2 325 53 13 2 25 2 375 57 33 2 25 2 375 58 62 2 25 2 375 47
4/4 13 1 15 0 0 57 33 0 1 0 0 58 62 3 2083 0 0 47 33 3 667 1 15 45 63 2 25 0 2 51 62 0 1 0 3 35 313 0 1 0 3 34 73 0 1 0 3 45 222 0 1 0 3 33 313 0 1 0 3 34 73 0 1 0 3 45
4/4 62 0 1 0 0 35 313 0 1 0 0 34 73 0 1 0 0 45 222 0 1 0 0 33 313 0 1 0 0 34 73 0 1 0 0 45 65 3 1667 2 225 55 62 1 5 2 225 41 13 3 333 2 325 49 33 3 667 3 3333 39 35 0 1 2 375 53 35 0 1 2 375 65
4/4 35 1 5 2 25 70 65 1 5 3 667 68 75 2 125 2 125 70 52 3 333 2 125 49 73 0 1 2 225 39 35 0 1 2 225 56 33 0 1 2 225 40
4/4 75 2 75 2 25 78 52 2 25 2 25 53 73 3 333 0 1 50 33 0 1 0 1 41 35 2 25 1 15 65 35 2 25 2 175 72 53 2 25 0 2 49 35 1 5 0 2 64 75 3 667 1 25 70 15 0 1 0 3 68 62 2 25 0 3 50
4/4 13 0 1 0 0 44 35 0 1 0 0 57 33 0 1 0 0 39 15 2 25 0 0 68 12 2 25 2 175 53 15 0 1 2 175 72 63 0 1 2 275 44 34 1 5 2 275 49 65 2 25 2 325 63 65 0 1 1 35 65 13 0 1 1 35 52
4/4 15 3 333 2 25 75 225 0 1 3 667 73 222 0 1 3 667 55 36 3 333 2 125 70 223 0 1 3 1667 45 44 0 1 3 1667 51 46 0 1 3 1667 72 63 0 1 3 1667 46 45 2 25 3 2667 45 35 0 1 1 35 52 65 0 1 1 35 63 36 0 1 1 35 72 33 2 25 3 3667 50
4/4 35 0 1 0 0 52 65 0 1 0 0 63 36 0 1 0 0 72 223 0 1 3 667 41 73 0 1 3 667 43 44 0 1 3 667 44 15 2 25 2 125 46 15 1 5 3 1667 81 65 2 25 0 2 66 33 2 25 1 25 53 75 2 125 3 2667 72 73 0 1 1 35 39 34 0 1 1 35 37 35 0 1 1 35 60 53 0 1 1 35 47
4/4 34 1 15 0 1 59 61 1 5 1 15 66 64 2 125 1 15 84 32 2 25 0 2 52 62 1 5 1 25 52 12 1 5 0 3 57 34 2 25 0 3 80 33 2 25 1 35 61 34 2 25 1 35 77
4/4 63 0 1 0 0 63 64 0 1 0 0 87 51 1 5 1 5 68 74 2 125 1 5 89 32 2 25 0 1 47 34 0 1 1 15 63 73 0 1 1 15 63 72 0 1 1 15 48 53 0 1 0 3 70 63 0 1 0 3 74 51 1 5 3 3333 59 73 3 667 3 3333 84
4/4 32 3 333 0 0 53 73 3 667 0 0 84 72 2 25 3 333 61 33 2 25 2 75 70 52 3 667 2 75 63 72 2 25 3 1333 65 33 1 5 3 1333 84 73 2 25 2 175 80 61 1 5 2 225 59 13 2 125 2 225 92 32 2 25 2 275 52 63 0 1 2 325 60 33 0 1 2 325 58 12 0 1 2 325 48
4/4 11 3 333 2 125 63 13 2 125 2 125 84 62 1 5 3 1667 61 12 2 25 2 225 65 63 0 1 3 2667 84 33 0 1 3 2667 65 12 0 1 0 3 63 63 0 1 0 3 77 62 0 1 1 35 62 13 0 1 1 35 80
4/4 223 0 1 0 0 88 43 0 1 0 0 72 221 1 5 0 0 62 62 1 5 1 5 52 222 2 25 0 1 61 43 0 1 1 15 57 34 0 1 1 15 84 44 2 25 0 2 92 43 0 1 0 3 68 63 0 1 0 3 77 34 0 1 0 3 77 32 2 25 0 3 64
4/4 12 0 1 0 0 58 52 0 1 0 0 53 53 0 1 0 0 77 13 0 1 0 0 87 31 2 25 0 1 49 33 2 25 3 1333 57 33 0 1 2 175 72 63 0 1 2 175 68 12 0 1 2 175 68 61 3 667 2 175 55 32 1 5 3 2333 48 62 2 25 2 275 46 72 2 25 2 325 68 12 2 25 2 375 88
4/4 33 3 333 2 25 88 31 0 1 3 667 57 73 0 1 3 667 96 33 0 1 3 1667 61 74 0 1 3 1667 74 73 0 1 3 1667 72 52 0 1 3 1667 54 72 0 1 3 1667 46 33 0 1 1 25 64 74 0 1 1 25 84 73 0 1 1 25 84 52 0 1 1 25 55 72 0 1 1 25 54 73 0 1 2 325 67 34 0 1 2 325 65 54 0 1 2 325 80 51 2 25 1 35 64 74 1 5 1 35 87
4/4 73 0 1 0 0 67 34 0 1 0 0 65 54 0 1 0 0 80 74 2 75 0 0 87 72 3 333 1 5 64 32 2 75 1 5 59 73 3 333 0 1 84 51 0 1 3 1333 53 64 0 1 3 1333 77 74 2 25 2 175 72 61 2 25 3 2333 62 14 0 1 3 2333 84 64 0 1 3 2333 72 13 0 1 3 2333 80 12 0 1 3 3333 62 32 0 1 3 3333 59 62 0 1 3 3333 57
4/4 12 0 1 2 25 70 32 0 1 2 25 62 62 0 1 2 25 58 34 0 1 2 75 70 64 0 1 2 75 59 74 0 1 0 1 72 35 0 1 0 1 84 11 2 25 2 125 67 33 0 1 0 2 56 62 0 1 0 2 55 62 0 1 0 3 59 33 0 1 0 3 59 32 2 25 2 375 68
4/4 73 0 1 1 5 58 34 0 1 1 5 53 54 0 1 1 5 64 53 0 1 2 75 58 74 0 1 2 75 77 72 0 1 2 75 58 53 0 1 2 175 70 74 0 1 2 175 84 72 3 667 2 175 63 73 0 1 3 2333 58 34 0 1 3 2333 53 54 0 1 3 2667 72 74 0 1 3 2667 77 32 2 25 2 275 62 53 2 25 3 3667 59 72 3 333 3 3667 54 64 3 333 3 3667 92
4/4 72 3 417 0 0 54 64 3 667 0 0 92 32 2 25 3 667 62 44 2 25 0 1 87 61 2 25 1 15 64 34 2 225 1 15 92 33 0 1 1 25 64 62 0 1 1 25 64 12 0 1 1 25 62 33 0 1 1 35 70 62 0 1 1 35 67 12 0 1 1 35 62
4/4 13 0 1 2 25 59 34 0 1 2 25 59 54 0 1 2 25 84 51 2 25 3 333 68 14 2 225 1 5 92 33 0 1 3 1333 65 52 0 1 3 1333 65 12 0 1 3 1333 61 52 0 1 3 2333 70 33 0 1 3 2333 68 12 0 1 3 2333 61 42 1 5 2 325 63 64 2 75 2 325 87 12 3 333 3 3667 58
4/4 64 2 25 0 0 87 12 3 167 0 0 58 63 3 333 2 25 62 64 0 1 3 667 80 12 0 1 3 667 61 64 0 1 2 125 70 43 0 1 2 125 65 12 1 5 1 15 67 64 2 25 3 1667 68 54 0 1 0 2 68 14 0 1 0 2 74 32 0 1 0 2 61 45 0 1 0 2 72 12 1 5 1 25 53 53 0 1 0 3 51 35 0 1 0 3 65
4/4 63 0 1 2 75 56 13 0 1 2 75 68 221 0 1 2 75 74 44 1 5 0 1 84 62 1 5 3 1333 58 12 1 5 2 175 65 44 0 1 2 225 80 43 0 1 2 225 67 12 0 1 2 275 61 44 0 1 2 275 80 44 0 1 2 325 84 62 0 1 2 325 62 312 0 1 3 3667 69 35 0 1 3 3667 101
4/4 312 0 1 0 0 69 35 0 1 0 0 101 12 1 5 2 25 59 314 0 1 3 667 76 224 0 1 3 667 73 64 0 1 3 667 64 313 2 25 3 667 62 42 2 25 1 25 77 43 0 1 1 35 65 13 0 1 1 35 67 63 0 1 1 35 65
4/4 14 0 1 1 5 92 44 0 1 1 5 80 64 0 1 1 5 74 44 0 1 3 1333 67 64 0 1 3 1333 70 224 0 1 3 1333 84 32 2 25 1 15 65 33 0 1 3 2333 68 13 0 1 3 2333 70 63 0 1 3 2333 62 35 2 25 3 3333 87
4/4 13 0 1 0 0 70 44 0 1 0 0 80 64 0 1 0 0 87 221 2 25 3 333 68 63 0 1 2 125 70 222 0 1 2 125 74 43 0 1 2 125 62 221 0 1 2 225 71 64 0 1 2 225 80 13 0 1 2 225 77 44 0 1 2 225 74 73 0 1 0 3 72 34 0 1 0 3 74 74 0 1 0 3 92 11 2 25 2 325 72
4/4 73 0 1 0 0 72 34 0 1 0 0 74 74 0 1 0 0 92 33 0 1 2 25 72 62 0 1 2 25 70 12 0 1 2 25 70 11 0 1 0 1 72 34 0 1 0 1 87 14 0 1 0 1 87 73 0 1 0 2 65 74 0 1 0 2 77 223 0 1 0 2 70 44 0 1 0 2 74 71 3 667 0 2 84 42 1 5 1 25 63 12 3 667 0 3 70 222 1 5 1 35 71
4/4 43 1 5 0 0 77 223 0 1 0 0 70 44 0 1 0 0 74 63 2 25 1 5 84 71 0 1 0 1 68 62 0 1 0 1 74 63 0 1 0 1 84 223 0 1 0 1 84 44 0 1 0 1 80 43 0 1 2 175 72 73 0 1 2 175 87 64 0 1 2 175 80 223 0 1 2 175 84 222 0 1 2 175 69 72 0 1 2 175 64 44 0 1 2 175 74 62 0 1 2 275 74 71 0 1 2 275 74 14 0 1 2 275 74 223 0 1 2 275 84 64 0 1 2 275 62 44 0 1 2 275 62 72 0 1 3 3667 58 222 0 1 3 3667 68 43 0 1 3 3667 72 31 0 1 3 3667 77 31 0 1 3 3667 74 73 0 1 3 3667 84
4/4 222 2 25 3 667 64 33 2 25 0 1 70 43 3 333 2 125 88 53 2 25 1 15 84 63 1 5 2 175 87 73 1 5 2 225 77 222 0 1 1 25 77 32 0 1 1 25 68 62 0 1 1 25 63 13 3 333 1 25 87 223 2 25 2 275 73 34 3 333 0 3 87 44 3 333 3 3333 87 54 2 25 3 3667 84
4/4 64 1 5 0 0 87 74 0 1 3 333 80 31 0 1 3 333 71 14 1 5 3 667 77 224 3 333 0 1 78 61 2 25 3 1333 74 35 0 1 3 1333 96 62 0 1 2 225 67 63 0 1 2 225 64 33 0 1 2 225 59 12 0 1 2 225 62 14 0 1 2 325 87 34 0 1 2 325 84
4/4 13 0 1 0 0 65 34 0 1 0 0 68 64 0 1 0 0 87 51 2 25 0 0 64 52 0 1 0 1 64 33 0 1 0 1 65 12 0 1 0 1 55 34 2 25 1 15 84 63 0 1 0 2 70 34 0 1 0 2 72 33 0 1 0 2 61 12 0 1 0 2 63 34 2 25 1 25 72 44 0 1 0 3 96 41 2 25 0 3 64
4/4 222 0 1 0 0 80 42 0 1 0 0 61 62 0 1 0 0 61 44 1 5 0 0 96 64 1 5 3 333 87 43 0 1 2 75 72 222 0 1 2 75 68 44 0 1 2 75 80 224 0 1 2 75 84 62 0 1 2 75 65 45 2 25 3 1333 87 31 2 25 2 175 61 35 2 125 2 175 92 33 0 1 2 275 52 12 0 1 2 275 48 14 0 1 2 275 65 34 0 1 2 275 57 32 0 1 2 275 52 62 0 1 2 275 43
4/4 14 2 25 2 25 96 221 2 25 2 75 68 224 0 1 2 75 88 44 0 1 2 75 74 223 0 1 2 75 66 222 0 1 2 175 77 221 0 1 2 175 62 62 0 1 2 175 54 42 0 1 2 175 51 74 0 1 2 225 92 62 0 1 2 225 28 221 0 1 3 2667 64 74 0 1 3 2667 77 224 3 333 2 325 92 11 2 25 3 3667 72 14 3 333 3 3667 92 34 3 333 3 3667 84
4/4 14 3 917 0 0 92 34 3 1417 0 0 84 33 0 1 3 667 62 62 0 1 3 667 55 12 0 1 3 667 53 64 0 1 3 667 77 62 0 1 3 667 55 14 2 25 0 2 87 21 2 25 1 25 80 74 0 1 3 2667 87 23 0 1 3 2667 81 44 2 75 3 2667 81 43 0 1 1 35 77 72 0 1 1 35 72 22 0 1 1 35 68
4/4 44 0 1 0 0 87 73 0 1 0 0 87 21 0 1 1 5 74 54 0 1 1 5 92 64 3 333 0 1 84 31 0 1 3 1333 71 44 0 1 3 1333 80 74 0 1 3 1333 87 32 0 1 3 1333 70 223 0 1 3 1333 87 44 0 1 3 1333 80 74 0 1 3 1333 87 73 0 1 3 1333 82 222 0 1 2 225 80 32 0 1 2 225 63 63 0 1 2 225 80 43 0 1 2 225 80 62 0 1 2 225 55 72 0 1 2 325 80 32 0 1 2 325 70 53 0 1 2 325 84 33 0 1 2 325 80 52 0 1 2 325 70
4/4 33 0 1 0 0 63 34 0 1 0 0 87 63 0 1 2 25 74 13 0 1 2 25 87 34 0 1 2 25 87 61 2 25 2 25 71 33 0 1 2 125 67 52 0 1 2 125 58 72 0 1 2 125 44 12 0 1 2 125 48 13 2 25 0 2 92 51 2 25 0 3 58 63 0 1 0 3 80 33 0 1 0 3 69 12 3 333 0 3 69
4/4 12 0 1 0 0 61 32 0 1 0 0 64 52 0 1 0 0 58 33 2 25 1 5 80 33 3 333 0 1 84 33 2 25 3 1333 70 41 2 25 2 175 66 43 1 15 0 2 90 221 0 1 2 275 63 62 0 1 2 275 64 63 3 667 2 325 72 43 0 1 2 375 70 223 0 1 2 375 73 222 0 1 2 375 61
4/4 44 2 25 2 25 59 12 0 1 3 667 49 34 0 1 3 667 70 33 0 1 3 667 65 32 0 1 3 667 46 63 0 1 3 667 62 62 0 1 3 667 57 13 3 667 3 1667 62 13 3 333 2 325 73 221 3 333 3 3667 61 223 0 1 3 3667 81 43 0 1 3 3667 68
4/4 221 3 167 0 0 61 223 0 1 0 0 81 43 0 1 0 0 68 222 0 1 3 667 51 72 0 1 3 667 45 42 0 1 2 75 46 73 2 25 0 1 77 43 1 5 1 15 80 223 2 25 0 2 84 13 3 1333 1 25 80 11 2 25 1 25 58 62 0 1 1 35 39 63 0 1 1 35 58 33 0 1 1 35 53 12 0 1 1 35 38 32 0 1 1 35 40
4/4 62 0 1 0 0 39 63 0 1 0 0 58 33 0 1 0 0 53 12 0 1 0 0 38 32 0 1 0 0 40 13 2 25 0 1 64 32 2 175 3 1667 57 73 2 225 3 1667 72 43 0 1 3 1667 74 62 0 1 1 25 37 33 0 1 1 25 48 53 0 1 1 25 55 222 0 1 1 25 40
4/4 12 1 15 3 333 43 33 0 2 1 5 61 61 0 1 1 5 53 63 1 35 1 5 65 32 2 125 1 15 43 12 2 25 3 2333 45 12 3 667 2 275 61 222 0 1 3 3333 77 61 0 1 3 3333 54 62 2 25 2 375 54
4/4 62 1 15 0 0 54 222 0 1 0 0 77 61 0 1 0 0 54 63 0 2 0 0 65 42 0 1 3 333 35 33 0 1 3 333 52 12 3 1667 3 2333 77 61 1 5 3 2333 53 33 0 1 3 3333 54 63 0 1 3 3333 55 62 0 1 3 3333 41 32 3 667 3 3333 48
4/4 33 0 1 0 0 54 63 0 1 0 0 55 62 0 1 0 0 41 32 0 1 0 0 48 12 3 667 2 75 74 61 0 1 3 1333 47 72 0 1 3 1333 65 33 2 125 2 175 53 73 0 1 3 2333 51 52 0 1 3 2333 39
4/4 61 2 25 3 333 53 13 0 2 3 333 62 32 0 2 3 1333 41 34 0 1 3 1333 51 12 0 1 3 1333 41 63 0 1 3 1333 48 12 0 1 3 1333 41 13 1 5 0 3 71 61 3 333 1 35 57 223 1 5 1 35 63
4/4 43 2 175 0 0 56 223 3 167 0 0 63 63 0 1 1 5 55 34 0 1 1 5 59 42 0 1 1 5 40 222 0 1 1 5 47 34 0 1 1 5 59 61 3 333 3 2667 49 13 3 1333 3 2667 63 32 0 1 3 3667 43 33 0 1 3 3667 52 63 0 1 3 3667 50 12 2 25 2 375 35
4/4 32 0 1 0 0 43 33 0 1 0 0 52 63 0 1 0 0 50 13 3 417 0 0 63 12 1 5 0 0 35 13 2 25 2 125 64 61 1 5 2 175 49 73 2 225 2 175 68 222 3 1667 3 2333 46 313 0 1 2 275 46 312 0 1 2 275 31 72 0 1 0 3 36 312 0 1 0 3 31
4/4 222 3 583 0 0 46 73 3 417 0 0 68 72 0 1 0 0 36 312 0 1 0 0 31 61 0 1 3 1333 35 61 0 1 3 1333 34 62 0 1 3 1333 35 33 0 1 3 1333 40 12 0 1 1 15 32 33 0 1 1 15 40 63 0 1 1 15 33
4/4 61 0 1 0 0 35 61 0 1 0 0 34 62 0 1 0 0 35 33 0 1 0 0 40 12 0 1 0 0 32 33 0 1 0 0 40 63 0 1 0 0 33
