4/4 52 0 1 3 1333 34 72 0 1 3 1333 38 22 0 1 3 1667 42 53 0 1 3 1667 53 23 2 25 3 3667 64
4/4 52 0 1 0 0 34 72 0 1 0 0 38 23 1 5 2 25 67 13 1 5 3 667 64 73 0 1 2 125 46 23 0 1 2 125 51 23 2 25 2 375 65
4/4 23 2 25 0 0 65 22 0 1 2 75 32 612 0 1 2 75 32 42 0 1 2 75 33 43 0 1 2 75 33 613 0 1 2 75 42 44 0 1 2 75 52 13 0 2 0 2 43
4/4 22 0 1 0 0 32 612 0 1 0 0 32 42 0 1 0 0 33 43 0 1 0 0 33 613 0 1 0 0 42 44 0 1 0 0 52 13 0 3 0 0 43
4/4 72 0 1 0 0 37 52 0 1 0 0 42 53 0 1 0 0 52 32 0 1 0 0 37 22 0 1 0 0 33 23 2 25 3 1667 59 23 3 667 2 225 68 13 3 667 3 2667 64 23 2 75 2 325 65
4/4 72 0 1 0 0 37 52 0 1 0 0 42 53 0 1 0 0 52 32 0 1 0 0 37 22 0 1 0 0 33 23 3 917 0 0 65 23 3 333 1 15 74 43 0 1 3 2333 40 13 0 1 3 2333 45 613 0 1 1 25 38 13 0 1 1 25 45 44 0 1 1 25 55 21 1 15 1 25 35 12 3 1333 3 2667 33
4/4 43 0 1 0 0 40 13 0 1 0 0 45 613 0 1 0 0 38 13 0 1 0 0 45 44 0 1 0 0 55 21 0 4 0 0 35 12 0 4 0 0 33 23 1 5 2 325 68
4/4 21 1 5 0 0 35 12 3 1167 0 0 33 44 1 5 3 333 80 73 3 2667 0 1 42 23 0 1 2 125 39 34 0 1 2 125 49 11 0 1 3 1333 50 54 0 1 3 1333 64 52 0 1 1 25 48 54 0 1 1 35 55 22 0 1 1 35 38
4/4 33 0 1 3 667 37 54 0 1 3 667 48 34 0 1 3 667 37 73 0 1 3 667 44 54 2 25 0 3 74 43 2 25 2 375 46
4/4 13 0 1 0 0 54 44 0 1 0 0 64 43 2 125 0 0 46 611 3 667 0 0 48 42 3 2667 3 667 53 12 2 125 2 125 62 43 3 667 3 1667 72 13 2 75 2 225 77 73 0 1 2 325 58 43 0 1 2 325 52 23 0 1 2 325 60 71 2 75 2 325 48
4/4 73 0 1 0 0 58 43 0 1 0 0 52 23 0 1 0 0 60 71 1 5 0 0 48 42 3 1333 3 333 44 22 2 25 1 15 41 32 0 1 1 25 43 61 0 1 1 25 43 12 0 1 3 2667 35 33 0 1 3 2667 39 53 0 1 3 2667 48 13 0 1 0 3 52
4/4 32 0 1 0 0 43 61 0 1 0 0 43 13 2 25 1 5 60 13 3 333 0 1 68 23 2 25 3 1667 63 13 2 175 2 225 64
4/4 13 3 583 0 0 64 53 3 333 3 333 61 521 0 1 2 125 31 612 0 1 2 125 40 21 0 1 2 125 37 22 0 1 1 15 35 613 0 1 1 15 40 23 0 2 2 175 44
4/4 521 0 1 0 0 31 612 0 1 0 0 40 21 0 1 0 0 37 24 2 175 2 125 44 14 2 75 0 3 65 74 1 5 1 35 74
4/4 614 3 667 0 0 76 74 3 167 0 0 74 54 2 175 3 667 60 51 2 75 3 667 49 21 3 333 3 1333 53 72 1 5 0 2 55 24 2 25 3 2333 72 612 1 5 3 2333 56 72 0 1 0 3 65 24 0 1 0 3 84 22 0 1 3 3333 68 14 0 1 3 3333 80
4/4 53 3 667 0 0 59 24 0 1 0 0 80 74 0 1 0 0 74 613 2 75 1 5 55 73 0 1 0 1 57 23 2 25 1 15 62 24 0 1 0 2 80 74 0 1 0 2 68 44 2 125 2 275 52 614 0 1 0 3 58 45 0 1 0 3 68 41 2 75 0 3 54 21 3 333 3 3667 52
4/4 44 2 175 0 0 52 614 2 25 0 0 58 45 2 125 0 0 68 21 3 167 0 0 52 14 3 1333 2 25 68 42 1 5 2 25 56 612 1 5 3 667 48 22 1 5 2 125 54 43 2 75 2 175 50 613 0 1 3 2333 40 74 0 1 3 2333 59 73 0 1 3 2333 43 614 3 333 2 275 55 44 1 5 1 35 51
4/4 44 2 75 0 0 51 23 3 333 3 667 42 73 0 1 1 15 49 23 0 1 1 15 50 31 0 1 1 15 62 54 2 75 2 175 74 71 2 25 3 2333 57 52 3 333 2 275 59 24 0 1 3 3333 72 74 0 1 3 3333 74 72 0 1 3 3333 56 24 0 1 2 375 70 74 0 1 2 375 74 22 0 1 2 375 62
4/4 24 0 1 0 0 70 74 0 1 0 0 74 22 0 1 0 0 62 14 0 1 3 333 65 614 0 1 3 333 70 53 0 1 3 333 52 24 0 1 2 75 72 74 0 1 2 75 72 613 3 667 0 1 49 73 3 1333 1 15 49 23 1 5 0 2 45 24 3 333 3 3667 70
4/4 44 0 3 0 0 53 614 0 1 2 25 54 14 0 1 2 25 64 45 0 1 2 25 67 21 3 667 3 333 57 612 3 667 2 75 51 12 2 25 3 1333 51 43 1 5 0 2 58 613 3 667 1 25 53 23 2 75 0 3 51 44 3 333 3 3667 45
4/4 614 0 1 0 0 54 14 0 1 0 0 64 45 0 1 0 0 67 44 3 417 0 0 45 23 2 25 3 1333 46 23 3 333 0 2 84 44 2 25 3 2333 92 73 0 1 2 275 70 34 0 1 2 275 77 54 0 1 2 275 87 11 3 667 0 3 70 52 1 5 1 35 59
4/4 22 1 5 0 0 68 73 0 1 0 0 70 34 0 1 0 0 77 54 0 1 0 0 87 33 3 667 1 5 67 53 0 1 0 1 57 54 0 1 0 1 74 73 1 5 1 15 55 54 2 25 1 15 58 54 0 1 0 2 67 34 0 1 0 2 62 23 0 1 2 225 62 34 0 1 2 225 62
4/4 54 2 25 3 333 70 43 0 1 2 125 47 13 0 1 2 125 58 44 0 1 2 125 64 611 3 667 1 15 48 42 2 125 0 2 47 12 3 667 1 25 52 43 3 667 0 3 64 13 2 25 3 3667 62
4/4 22 0 1 1 5 38 43 0 1 1 5 36 42 0 1 1 5 38 12 0 1 1 5 44 613 0 1 1 5 42 71 0 1 1 5 37 23 0 1 1 5 46 33 0 1 2 375 62 53 0 1 2 375 65 13 0 1 2 375 74
4/4 11 2 75 0 0 67 33 0 1 0 0 62 53 0 1 0 0 65 13 0 1 0 0 74 52 3 2333 1 5 61 22 1 15 0 1 72 13 2 25 3 1667 68 13 0 1 2 225 70 53 0 1 2 225 74 12 3 333 2 225 37 23 2 25 3 2667 74 33 0 1 2 325 44 13 0 1 2 325 62 12 0 1 2 325 42 42 0 1 2 325 44 53 2 75 2 325 49
4/4 33 0 1 0 0 44 13 0 1 0 0 62 12 0 1 0 0 42 42 0 1 0 0 44 53 1 15 3 333 58 41 2 25 1 15 45 73 2 25 0 2 54 73 0 1 1 25 63 22 0 1 1 25 63 71 2 125 3 2667 47 42 3 333 3 3667 45
4/4 73 0 1 0 0 63 22 0 1 0 0 63 42 0 1 0 0 45 12 2 25 3 667 40 612 0 1 2 175 37 21 0 1 2 175 40 12 0 1 2 175 40 523 0 1 2 175 42
4/4 612 0 1 0 0 37 21 0 1 0 0 40 12 0 1 0 0 40 523 0 1 0 0 42 55 3 1333 0 2 49 52 3 667 0 2 43 22 1 5 3 2667 46 73 3 333 2 325 57 22 0 1 3 3667 57 55 0 1 3 3667 78
4/4 613 0 1 2 25 67 55 0 1 2 25 78 74 0 1 2 25 77 22 3 667 3 667 56 615 0 1 3 667 91 14 0 1 3 667 74 55 0 1 2 125 78 74 0 1 2 125 77 52 1 5 2 125 61 22 3 667 2 175 56 73 1 5 3 2333 60 22 3 333 2 275 54 613 0 1 3 3333 57 55 0 1 3 3333 68 24 0 1 3 3333 68 22 2 25 2 375 51
4/4 14 2 275 2 25 65 45 3 2333 3 333 67 75 2 125 1 5 68 21 1 5 1 5 61 612 3 667 0 1 53 43 1 5 1 15 55 612 3 667 0 2 55 313 0 1 3 2667 54 615 0 1 3 2667 62 612 1 5 2 325 48 44 0 1 1 35 54 614 0 1 1 35 54 24 0 1 1 35 67 21 3 333 3 3667 57
4/4 44 0 1 0 0 54 614 0 1 0 0 54 24 0 1 0 0 67 21 3 167 0 0 57 612 3 667 2 25 48 43 1 5 2 75 48 612 1 5 2 125 48 22 3 333 2 175 47 612 3 333 3 2333 55 34 0 1 3 2667 63 54 0 1 3 2667 60 14 0 1 3 2667 81 11 2 75 2 275 67 52 1 5 1 35 59
4/4 22 1 5 0 0 58 52 3 167 0 0 59 52 3 667 1 5 56 45 0 1 0 1 80 33 0 1 0 1 52 52 2 25 3 1667 49 44 2 125 0 2 56 74 0 1 2 225 60 71 0 1 2 225 63 24 0 1 2 225 74 42 1 5 2 275 65 614 0 1 2 325 78 14 0 1 2 325 80 12 0 1 2 325 59 22 2 25 2 375 74
4/4 22 3 417 0 0 74 24 0 1 3 333 92 43 0 1 3 333 67 74 0 1 3 333 84 73 2 25 2 75 74 614 0 1 2 125 83 615 0 1 2 125 87 21 3 667 1 15 74 612 3 667 0 2 59 22 1 5 3 2667 57 313 0 1 0 3 54 615 0 1 0 3 76 43 0 1 1 35 57 615 0 1 1 35 76
4/4 613 2 25 0 0 67 75 3 667 0 0 68 615 0 1 3 667 71 45 0 1 3 667 68 21 1 5 3 667 56 612 1 5 2 125 54 22 1 5 2 175 52 313 2 25 2 225 47 45 0 1 2 275 72 43 0 1 2 275 50 613 2 25 2 325 61 74 0 1 1 35 59 24 0 1 1 35 58 55 0 1 1 35 66 75 2 25 2 375 75
4/4 52 2 75 0 0 52 74 0 1 0 0 59 24 0 1 0 0 58 55 0 1 0 0 66 75 2 125 0 0 75 22 1 5 1 5 53 53 3 667 0 1 61 613 3 667 1 15 61 615 0 1 0 2 67 73 0 1 0 2 57 24 0 1 0 2 64 23 2 25 3 2667 59 44 0 1 0 3 54 614 0 1 0 3 59 24 0 1 0 3 67 42 2 75 2 325 63 22 3 333 3 3667 59
4/4 44 0 1 0 0 54 614 0 1 0 0 59 24 0 1 0 0 67 22 3 167 0 0 59 43 1 5 2 25 58 613 1 5 2 75 54 23 3 333 2 125 55 24 3 667 3 1333 68 614 3 333 0 2 52 53 0 1 3 2333 36 33 0 1 3 2333 36 73 0 1 3 2333 40 23 0 1 3 2333 45 54 0 1 1 25 39 24 0 1 1 25 50 55 0 1 0 3 48
4/4 53 0 1 0 0 36 33 0 1 0 0 36 73 0 1 0 0 40 23 0 1 0 0 45 55 2 25 1 5 78 45 2 25 0 1 80 35 2 25 1 15 72 73 0 1 0 2 37 43 0 1 0 2 37 22 0 1 0 2 37 13 0 1 0 2 40 44 0 1 0 2 39 74 0 1 0 2 48 14 0 1 0 2 52 45 3 333 3 2333 57 45 0 1 3 3333 30 46 0 1 3 3333 59
4/4 73 0 1 0 0 37 43 0 1 0 0 37 22 0 1 0 0 37 13 0 1 0 0 40 21 0 2 0 2 49 72 0 1 0 3 59 23 0 1 0 3 80 43 0 1 0 3 70
4/4 21 3 667 0 0 49 72 1 5 0 0 59 44 0 1 2 25 84 22 0 1 2 25 57 73 0 1 2 25 80 53 0 1 0 1 58 73 0 1 0 1 55 34 0 1 0 1 72 54 0 1 2 125 77 11 0 1 2 125 70 52 2 25 3 2333 65 73 0 1 2 325 62 34 0 1 2 325 72 53 0 1 2 325 67 33 0 1 2 325 63 22 0 1 2 325 64 74 0 1 2 325 84
4/4 21 0 1 1 5 67 614 0 1 1 5 88 13 0 1 1 5 74 12 0 1 3 1667 43 43 0 1 3 1667 40 613 0 1 3 1667 59 23 0 1 3 1667 59 612 0 1 3 1667 44 44 3 333 2 325 87 53 0 1 3 3667 59 73 0 1 3 3667 60 23 0 1 3 3667 68 54 0 1 3 3667 77 31 2 25 2 375 66
4/4 53 0 1 0 0 59 73 0 1 0 0 60 23 0 1 0 0 68 54 0 1 0 0 77 31 3 417 0 0 66 71 2 25 3 333 56 52 2 25 2 75 51 72 3 333 3 1333 54 22 3 333 0 2 53 53 3 667 3 2333 50 54 0 1 0 3 39 73 0 1 0 3 39 55 0 1 0 3 46
4/4 22 2 25 1 15 68 43 2 25 0 2 84 11 2 75 1 25 68 53 0 1 1 25 84 33 0 1 1 25 77 52 2 75 0 3 67 72 2 25 1 35 74
4/4 22 2 25 0 0 74 53 0 1 0 0 84 33 0 1 0 0 77 73 0 1 3 667 80 72 0 1 3 667 70 33 0 1 3 667 84 53 0 1 3 667 70 52 2 25 0 1 65 12 2 125 1 15 63 43 0 1 3 1667 77 613 0 1 3 1667 76 21 0 1 3 1667 71 611 1 5 2 225 52 22 2 125 2 275 80 42 1 5 2 275 56 612 2 25 2 325 62 42 2 25 2 375 59
4/4 22 3 83 0 0 80 42 2 25 0 0 59 21 0 1 2 25 62 43 0 1 2 25 77 12 0 1 2 75 67 22 0 1 2 75 77 53 0 1 2 75 77 51 3 667 2 75 62 21 3 333 3 1333 53 52 1 5 0 2 54 12 2 75 3 2333 55 22 0 1 0 3 62 53 1 5 1 35 68
4/4 54 0 1 0 0 77 13 0 1 0 0 72 23 0 1 0 0 74 22 2 75 0 0 62 53 2 75 0 0 68 22 1 15 0 1 37 53 3 2333 3 1667 50 13 2 175 2 225 59 613 2 25 3 2667 45 52 0 1 3 3333 42 22 0 1 3 3333 35 73 0 1 3 3333 52
4/4 53 0 2 0 0 50 52 0 1 0 0 42 22 0 1 0 0 35 73 0 1 0 0 52 13 3 1917 0 0 59 21 2 25 0 3 85
4/4 12 0 1 0 0 65 21 0 1 0 0 67 613 0 1 0 0 73 612 0 1 0 0 59 44 0 1 0 0 72 523 0 1 0 0 71 13 0 1 0 0 64 51 2 25 2 325 54 53 2 75 2 325 80
4/4 53 1 5 0 0 80 52 0 1 2 25 52 22 0 1 2 25 43 72 0 1 2 25 46 23 0 1 2 75 74 73 0 1 2 75 77 23 0 1 2 125 84 22 0 1 2 125 62 73 0 1 2 125 87 72 0 1 2 125 48 52 0 1 2 125 49 13 0 1 2 175 70 613 0 1 2 175 71 23 0 1 3 2333 92 73 0 1 3 2333 77 21 2 25 3 2333 62 72 0 1 3 3333 52 22 0 1 3 3333 53 52 0 1 3 3333 51
4/4 72 0 1 0 0 52 22 0 1 0 0 53 52 0 1 0 0 51 53 2 25 2 25 72 23 2 25 2 75 87 13 0 1 2 125 67 44 0 1 2 125 74 613 0 1 2 125 65 42 0 2 2 125 55 13 0 1 2 225 56 43 0 1 2 225 67 613 0 1 2 225 59 612 0 1 2 225 38 12 0 1 2 225 52 612 0 1 3 3333 53 12 0 1 3 3333 54
4/4 11 3 667 2 25 63 74 3 667 3 667 87 612 0 1 2 125 50 42 0 1 2 125 48 614 1 5 2 125 65 12 0 1 2 125 44 42 0 1 2 125 48 54 2 75 3 1667 60 44 2 25 2 225 67 53 2 75 2 325 74 32 3 667 2 325 61
4/4 53 1 5 0 0 74 22 0 1 3 333 53 52 0 1 3 333 47 72 0 1 3 333 48 23 2 25 2 75 77 23 0 1 2 125 84 22 0 1 2 125 58 72 0 1 2 125 51 52 0 1 2 125 50 13 1 5 2 175 84 23 0 1 2 225 84 53 0 1 2 225 74 71 2 25 3 2333 61 52 0 1 3 3333 49 72 0 1 3 3333 46 22 3 667 3 3333 43
4/4 23 0 1 0 0 84 53 0 1 0 0 74 52 0 1 0 0 49 72 0 1 0 0 46 22 3 333 0 0 43 23 0 1 2 75 92 73 0 1 2 75 72 43 0 1 2 125 59 613 0 1 2 125 62 13 0 1 2 125 70 44 0 1 2 125 77 21 1 5 3 1333 54 12 0 1 3 2333 47 612 0 1 3 2333 45 42 0 1 3 2333 48 42 0 1 1 35 65 12 0 1 1 35 61 612 0 1 1 35 54
4/4 43 0 1 0 0 59 613 0 1 0 0 62 13 0 1 0 0 70 44 0 1 0 0 77 611 3 333 1 5 68 612 0 1 1 15 45 12 0 1 1 15 45 42 0 1 1 15 48 43 2 25 0 2 49 23 2 25 1 25 87 44 2 25 0 3 87 73 0 1 1 35 60 23 0 1 1 35 70 34 0 1 1 35 84 54 0 1 1 35 84 11 3 333 3 3667 64
4/4 73 0 1 0 0 60 23 0 1 0 0 70 34 0 1 0 0 84 54 0 1 0 0 84 12 0 1 1 5 52 72 0 1 1 5 47 52 0 1 1 5 51 54 0 1 0 1 68 34 0 1 0 1 70 54 0 1 3 1667 80 12 0 1 3 1667 57 34 0 1 3 1667 74 52 0 1 3 1667 51 72 0 1 3 1667 55 44 0 1 0 2 74 23 0 1 0 2 74 54 0 1 3 2667 72 34 0 1 3 2667 68 32 1 5 3 2667 55 72 0 1 3 3667 36 12 0 1 3 3667 39 52 0 1 3 3667 48
4/4 54 0 1 0 0 72 34 0 1 0 0 68 72 0 1 0 0 36 12 0 1 0 0 39 52 0 1 0 0 48 54 2 25 3 1333 87 44 0 1 2 175 84 611 3 333 2 175 62 13 2 125 0 2 77 12 2 125 2 275 65 42 2 125 2 275 58 43 3 667 3 3333 77 613 0 1 2 375 76 13 0 1 2 375 77
4/4 42 2 25 0 0 58 43 0 1 1 5 56 73 0 1 1 5 77 23 3 2333 2 75 87 71 2 25 2 75 68 22 0 1 2 175 56 42 0 1 2 175 59 72 0 1 0 3 74 21 0 1 0 3 72 33 0 1 2 375 62 53 0 1 2 375 74 13 0 1 2 375 87
4/4 61 2 25 0 0 71 33 0 1 0 0 62 53 0 1 0 0 74 13 0 1 0 0 87 12 0 1 2 75 57 32 0 1 2 75 58 13 0 1 3 1333 77 33 0 1 3 1333 68 53 0 1 3 1333 61 12 0 1 2 175 62 33 0 1 2 175 68 13 0 1 2 175 68 53 0 1 2 175 63 32 0 1 2 175 62 23 2 25 3 2333 77 13 0 1 0 3 74 53 0 1 0 3 64 31 2 25 0 3 55 33 0 1 0 3 68 53 0 1 0 3 64
4/4 12 0 1 0 0 52 32 0 1 0 0 49 33 1 5 3 333 54 13 2 25 1 5 23 53 2 25 0 1 77 521 1 5 0 2 73 613 0 1 0 2 70 22 0 1 0 2 49 23 0 1 0 2 84 21 1 5 1 25 56 522 3 333 0 3 68 612 1 5 3 3333 77
4/4 22 2 25 0 0 88 53 2 25 1 5 98 21 0 1 0 1 63 21 0 1 0 1 61 523 0 1 0 1 84 22 3 333 3 1333 68 612 2 25 3 1667 88 311 0 1 0 2 76 312 0 1 0 2 84 53 0 1 0 2 80 22 3 333 2 225 77 612 2 25 3 2667 98 521 0 1 0 3 64 522 0 1 0 3 77 613 0 1 0 3 88 22 0 1 0 3 63 612 1 5 3 3333 77 22 2 25 2 375 54
4/4 53 0 1 0 0 84 72 0 1 0 0 84 22 0 1 0 0 84 51 0 1 2 25 68 72 0 1 2 25 84 22 0 1 2 25 84 22 0 1 2 125 64 72 0 1 2 125 52 52 0 1 2 125 58 24 0 1 3 1667 84 54 0 1 3 1667 67 23 0 1 3 1667 74 22 0 1 2 225 65 23 0 1 2 225 84 24 0 1 2 225 92 54 0 1 2 225 74 72 0 1 2 225 57 52 0 1 2 225 57 14 2 25 2 275 96 21 3 333 2 325 74 24 0 1 2 325 92 74 0 1 2 325 84 54 0 1 2 325 77 23 0 1 2 325 87
4/4 24 0 1 0 0 92 74 0 1 0 0 84 54 0 1 0 0 77 23 0 1 0 0 87 22 0 1 2 25 63 72 0 1 2 25 59 52 0 1 2 25 59 23 2 25 2 125 84 24 2 25 2 175 84 44 0 1 2 225 63 614 0 1 2 225 68 14 0 1 2 225 87 45 0 1 2 225 87 41 0 1 2 225 71 45 0 1 2 225 87 42 0 1 2 325 59 22 0 1 2 325 58 612 0 1 2 325 55 14 3 667 3 3333 72 44 3 667 3 3333 59
4/4 14 3 667 0 0 72 44 3 833 0 0 59 22 0 1 3 333 64 42 0 1 3 333 62 612 0 1 3 333 55 11 0 1 3 1333 64 11 0 1 3 1333 72 75 1 5 2 175 78 615 1 5 0 2 76 45 2 25 3 2333 72 22 0 1 3 2333 67 612 0 1 3 2333 59 42 0 1 3 2333 52 14 2 25 3 2667 72 74 1 5 0 3 70 614 2 25 3 3333 71 54 2 25 2 375 77
4/4 44 3 333 0 0 87 54 3 83 0 0 77 31 2 25 3 333 74 54 2 75 1 5 96 22 0 1 1 15 62 32 0 1 1 15 58 52 0 1 1 15 61 72 0 1 1 15 56 24 0 1 0 2 77 23 0 1 0 2 77 54 0 1 0 2 67 74 0 1 0 2 68 22 0 1 1 25 70 23 0 1 1 25 87 24 0 1 1 25 87 54 0 1 1 25 70 74 0 1 1 25 72 32 0 1 1 25 58 72 0 1 1 25 57 52 0 1 1 25 58 14 2 25 0 3 92 71 2 25 1 35 74 24 0 1 1 35 92 23 0 1 1 35 84 54 0 1 1 35 74 74 0 1 1 35 74
4/4 24 0 1 0 0 92 23 0 1 0 0 84 54 0 1 0 0 74 74 0 1 0 0 74 22 0 1 1 5 61 32 0 1 1 5 54 52 0 1 1 5 56 72 0 1 1 5 55 23 1 5 1 15 80 24 2 25 0 2 80 44 0 1 3 2333 74 14 0 1 3 2333 87 45 0 1 3 2333 87 74 0 1 1 25 72 21 2 25 1 25 71 12 0 1 1 35 67 72 0 1 1 35 63 21 0 1 1 35 64 42 0 1 1 35 59
4/4 12 0 1 1 5 74 72 0 1 1 5 65 21 0 1 1 5 52 42 0 1 1 5 55 71 1 5 3 1667 76 72 0 1 3 2667 58 42 0 1 3 2667 60 33 3 667 3 2667 58 24 0 1 3 3667 92 23 0 1 3 3667 92 22 3 333 3 3667 49
4/4 72 0 1 0 0 58 42 0 1 0 0 60 22 3 167 0 0 49 45 0 1 2 25 84 44 0 1 2 25 84 54 0 1 1 5 64 14 0 1 1 5 72 35 0 1 1 5 80 11 2 25 2 75 74 55 0 1 2 75 82 52 0 1 2 175 59 33 0 1 2 175 46 12 0 1 2 175 54 54 0 1 2 225 72 55 0 1 2 225 68 14 0 1 2 225 67 35 0 1 2 225 67 33 0 1 2 275 61 54 0 1 2 275 73 55 0 1 2 275 72 35 0 1 2 275 68 12 0 1 2 275 58 52 0 1 2 275 58 14 0 1 2 275 64 45 2 25 2 325 84 55 0 1 2 375 78 14 0 1 2 375 70 54 0 1 2 375 77 35 0 1 2 375 70 32 2 25 2 375 65
4/4 55 0 1 0 0 78 14 0 1 0 0 70 54 0 1 0 0 77 35 0 1 0 0 70 12 0 1 2 75 49 33 0 1 2 75 44 52 0 1 2 75 48 44 0 1 1 25 65 14 0 1 1 25 79 45 0 1 1 25 87 611 3 333 3 2667 73 42 2 25 2 375 67
4/4 43 0 1 3 667 68 13 0 1 3 667 77 14 0 1 3 667 80 44 0 1 3 667 74 612 0 1 3 667 66 12 0 1 3 667 61 23 0 1 1 15 63 24 0 1 1 15 80 74 0 1 1 15 70 44 0 1 3 1667 62 24 0 1 3 1667 80 74 0 1 3 1667 70 71 2 25 2 175 72 72 0 1 2 275 56 43 0 1 2 275 58 22 0 1 2 275 56 42 2 25 2 375 70
4/4 13 0 1 3 667 72 34 0 1 3 667 70 54 0 1 3 667 74 14 0 1 3 667 80 11 2 25 2 75 80 52 0 1 3 1667 70 33 0 1 3 1667 68 12 0 1 3 1667 67 14 0 1 2 225 96 34 0 1 2 225 80 54 0 1 2 225 74 11 0 1 3 2667 70 14 0 1 3 2667 72 54 0 1 3 2667 77 34 0 1 3 2667 84 24 3 333 2 325 87 41 0 1 3 3667 81 14 0 1 3 3667 92 44 0 1 3 3667 77 13 0 1 3 3667 84
4/4 44 0 1 0 0 77 13 0 1 0 0 84 74 3 333 2 25 65 43 0 1 3 667 62 72 0 1 3 667 59 42 0 1 3 667 55 12 0 1 3 667 53 13 0 1 2 75 70 54 0 1 2 75 80 612 2 25 2 175 69 74 2 25 2 225 87 71 1 5 2 275 84 74 0 1 2 275 84 23 0 1 2 275 77 73 0 1 2 275 80 44 0 1 2 275 74 42 2 25 2 325 72 72 2 25 2 375 84
4/4 72 3 417 0 0 84 74 0 1 0 0 84 23 0 1 0 0 77 73 0 1 0 0 80 44 0 1 0 0 74 12 3 667 2 25 88 22 2 25 3 667 88 43 3 333 2 125 93 21 0 1 3 1667 81 21 0 1 3 1667 88 523 0 1 3 1667 84 22 1 5 0 2 80 523 3 333 2 225 59 311 0 1 3 2667 87 312 0 1 3 2667 88 53 3 333 3 2667 93 22 3 333 0 3 93 53 3 333 2 325 93 521 0 1 3 3667 87 522 0 1 3 3667 88 613 0 1 3 3667 97
4/4 22 3 333 0 0 88 613 2 25 3 333 97 53 0 1 2 75 63 73 0 1 2 75 87 54 0 1 2 75 92 23 0 1 2 75 84 51 0 1 2 75 77 52 0 1 2 75 93 52 0 1 0 2 77 22 0 1 0 2 80 72 0 1 0 2 67 54 0 1 1 25 92 73 0 1 1 25 80 23 0 1 1 25 70 22 0 1 0 3 64 54 0 1 0 3 80 72 0 1 0 3 64 23 0 1 0 3 77 73 0 1 0 3 84 52 0 1 0 3 68 614 2 25 3 3333 92 21 0 1 2 375 71 21 0 1 2 375 77
4/4 54 0 1 0 0 101 73 0 1 0 0 80 23 0 1 0 0 80 22 0 1 2 75 80 52 0 1 2 75 74 72 0 1 2 75 68 22 0 1 2 175 84 72 0 1 2 175 70 52 0 1 2 175 68 54 0 1 2 225 92 73 0 1 2 225 87 23 0 1 2 225 74 21 0 1 2 275 71 21 0 1 2 275 84 13 0 1 2 275 92 44 0 1 2 275 87 74 0 1 2 275 84 22 0 1 2 375 80 21 0 1 2 375 70 612 0 1 2 375 64 42 0 1 2 375 65
4/4 22 0 1 3 667 77 612 0 1 3 667 68 21 0 1 3 667 67 614 0 1 3 667 84 613 0 1 3 667 83 23 0 1 3 667 67 611 0 1 3 1667 76 611 0 1 3 1667 73 23 0 1 3 1667 84 613 0 1 3 1667 78 43 0 1 3 1667 84 22 0 1 3 2667 72 612 0 1 3 2667 64 42 0 1 3 2667 65 21 0 1 3 3667 63 43 0 1 3 3667 80 613 0 1 3 3667 78
4/4 11 0 1 1 5 71 11 0 1 1 5 80 13 0 1 1 5 92 33 0 1 1 5 88 53 0 1 1 5 88 11 0 1 1 15 67 12 0 1 1 15 70 52 0 1 1 15 65 44 0 1 3 2667 87 53 0 1 3 2667 84 73 0 1 3 2667 79 71 0 1 3 3667 74 71 0 1 3 3667 88 23 0 1 3 3667 96 43 0 1 3 3667 88 73 0 1 3 3667 87
4/4 23 0 1 0 0 96 43 0 1 0 0 88 73 0 1 0 0 87 72 0 1 3 667 74 42 0 1 3 667 72 13 0 1 3 667 101 43 0 1 3 667 93 72 0 1 3 1667 72 21 0 1 3 1667 77 23 0 1 3 1667 101 43 0 1 3 1667 88 73 0 1 3 1667 74 614 0 1 3 2667 92 13 0 1 3 2667 87 44 0 1 3 2667 74 21 0 1 3 2667 93 21 0 1 3 2667 77 22 0 1 2 375 72 612 0 1 2 375 64 42 0 1 2 375 68
4/4 614 0 1 2 25 84 13 0 1 2 25 77 44 0 1 2 25 65 22 0 1 2 75 72 612 0 1 2 75 64 614 0 1 2 75 92 13 0 1 2 75 77 44 0 1 2 75 68 42 0 1 2 75 55 23 0 1 2 125 92 74 0 1 2 125 87 44 0 1 2 125 77 41 0 1 3 1667 71 42 0 1 3 1667 80 614 0 1 2 175 97 13 0 1 2 175 87 44 0 1 2 175 77 22 0 1 2 275 77 42 0 1 2 275 72 612 0 1 2 275 68 22 0 1 3 3667 74 42 0 1 3 3667 67 612 0 1 3 3667 63 613 0 1 3 3667 97 44 0 1 3 3667 72 23 0 1 3 3667 60
4/4 51 0 1 3 667 77 52 0 1 3 667 88 23 0 1 3 667 87 54 0 1 3 667 80 73 0 1 3 667 92 74 0 1 3 667 92 53 0 1 3 1667 70 52 0 1 3 1667 63 22 0 1 3 1667 61 72 0 1 2 175 65 22 0 1 2 175 61 73 1 5 2 225 87 614 0 1 3 2667 88 23 0 1 3 2667 74 41 0 1 3 3667 64 42 0 1 3 3667 67 23 0 1 3 3667 80 613 0 1 3 3667 76 43 0 1 3 3667 77
4/4 23 0 1 0 0 80 613 0 1 0 0 76 43 0 1 0 0 77 22 0 1 3 667 65 42 0 1 3 667 59 612 0 1 3 667 59 23 0 1 3 1667 84 24 0 1 3 1667 80 54 0 1 1 25 51 74 0 1 1 25 68 24 0 1 1 25 80 55 0 1 1 25 78 32 3 333 3 2667 72 72 0 1 3 3667 58 53 0 1 3 3667 56
4/4 55 3 333 0 0 70 54 2 75 0 0 70 73 0 1 3 667 62 33 0 1 3 667 52 53 0 1 3 667 55 45 3 333 3 667 64 35 2 25 2 125 58 44 0 1 3 1333 58 74 0 1 3 1333 58 21 0 1 3 1333 62 14 0 1 3 1333 68 45 0 1 3 1667 72 72 0 1 1 25 56 43 0 1 1 25 55 44 0 1 1 25 54 74 0 1 1 25 63 74 0 1 3 3667 56 73 0 1 3 3667 52 75 0 1 3 3667 47 22 0 1 3 3667 46
4/4 23 0 1 1 5 48 44 0 1 1 5 51 45 0 1 2 75 40 46 0 1 2 75 47 23 0 1 0 3 84 22 0 1 0 3 77 44 0 1 1 35 87 43 0 1 1 35 84
4/4 11 2 25 0 0 72 54 0 1 0 0 87 73 0 1 0 0 84 53 0 1 0 0 88 34 0 1 0 0 70 52 0 1 0 1 74 33 0 1 0 1 80 12 0 1 0 1 72 34 0 1 0 2 84 74 0 1 0 2 84 73 0 1 0 2 87 614 0 1 0 3 88 13 0 1 0 3 84 21 0 1 0 3 77 44 0 1 0 3 68
4/4 23 0 1 0 0 92 613 0 1 0 0 84 43 0 1 0 0 80 612 0 1 0 0 74 12 0 1 0 0 64 21 2 25 2 75 74 43 0 1 2 125 84 44 0 1 2 125 80 613 0 1 2 125 76 13 0 1 2 125 64 31 2 25 2 175 64 73 0 1 2 175 84 54 0 1 2 175 92 23 0 1 2 175 77 53 0 1 2 175 80 32 0 1 2 275 65 22 0 1 2 275 67 53 0 1 2 275 72 52 0 1 2 275 59 23 0 1 2 275 74 72 0 1 2 275 44 73 0 1 2 375 70 54 0 1 2 375 68 53 0 1 2 375 65 23 0 1 2 375 64
4/4 53 0 1 3 667 43 23 0 1 3 667 56 73 0 1 3 667 52 54 0 1 2 75 37 24 0 1 2 75 64 55 0 1 2 75 66 22 3 333 3 2667 84 43 3 333 2 325 93 72 0 1 3 3667 63 33 0 1 3 3667 72 53 0 1 3 3667 77 11 2 25 2 375 59
4/4 72 0 1 0 0 63 33 0 1 0 0 72 53 0 1 0 0 77 11 2 25 0 0 59 11 2 25 3 667 63 72 0 1 3 1667 65 73 0 1 3 1667 77 33 0 1 3 1667 80 53 0 1 3 1667 70 52 0 1 3 1667 64 21 0 1 3 2667 74 43 0 1 3 2667 74 613 0 1 3 2667 97 12 0 1 3 2667 80 43 0 1 3 2667 74 612 0 1 3 3667 48 22 0 1 3 3667 72 21 0 1 3 3667 48 42 0 1 3 3667 44
4/4 612 0 1 0 0 48 22 0 1 0 0 72 21 0 1 0 0 48 42 0 1 0 0 44 43 3 333 2 125 77 53 0 1 3 1667 88 12 0 1 3 1667 77 22 0 1 3 1667 77 51 3 667 3 1667 64 21 1 5 2 225 52 52 1 5 2 275 57 12 2 75 2 325 70 22 3 333 3 3667 77
4/4 22 3 167 0 0 77 53 3 667 2 25 88 54 0 1 3 667 92 22 0 1 3 667 74 12 0 1 0 1 58 23 0 1 0 1 67 52 0 1 1 15 56 13 0 1 1 15 68 53 2 75 0 2 72 21 2 75 1 25 74 13 2 25 1 25 77 23 0 1 0 3 92 713 0 1 1 35 84 53 0 1 1 35 80 51 1 5 1 35 85
4/4 21 1 5 0 0 70 23 3 333 0 0 92 713 0 1 0 0 84 53 0 1 0 0 80 51 2 25 0 0 85 52 1 5 1 5 84 53 2 25 0 1 88 712 1 5 0 1 84 22 0 1 1 15 98 713 0 1 1 15 97 54 2 25 0 2 101 61 0 1 1 25 89 61 0 1 1 25 89 223 0 1 1 25 84 64 0 1 1 25 84 34 0 1 1 25 80 63 0 1 1 25 87 61 0 1 3 3667 71 62 0 1 3 3667 103
4/4 62 0 1 2 75 70 63 0 1 2 75 84 65 0 1 2 75 91 64 0 1 2 75 96 14 0 1 2 75 88 35 0 1 2 75 84 33 0 1 2 75 68 12 0 1 2 75 71 221 0 1 1 25 83 313 0 1 1 25 80 223 0 1 1 25 78 63 0 1 1 25 64 61 1 5 2 325 54 312 2 25 2 375 77
4/4 64 0 1 2 25 92 62 0 1 2 25 65 222 0 1 3 667 84 64 0 1 3 667 80 62 0 1 2 125 59 524 0 1 2 125 84 63 0 1 3 1667 72 223 0 1 3 1667 73 314 0 1 3 1667 78 64 0 1 3 1667 84 221 0 1 3 1667 80 62 3 333 0 2 59 33 1 5 3 2667 70 313 0 1 0 3 68 63 2 25 3 3667 87
4/4 64 1 5 0 0 87 713 0 1 1 5 73 34 0 1 1 5 57 524 0 1 1 5 76 711 0 1 1 5 77 714 0 1 1 5 84 522 1 5 2 125 71 524 0 1 2 175 84 712 1 5 2 175 71 222 2 25 2 225 64 33 3 667 2 275 74 523 3 667 2 325 77 525 2 25 2 375 87 712 2 25 2 375 71
4/4 712 2 25 0 0 71 33 3 667 2 25 64 315 2 25 2 25 78 523 0 1 2 75 66 35 0 1 2 75 68 223 2 25 2 125 67 224 3 667 2 125 76 714 1 5 2 175 76 34 2 25 2 175 68 524 2 25 3 2333 81 314 0 1 2 275 73 64 0 1 2 275 70 611 0 1 2 275 79 224 0 1 2 275 76 312 1 5 1 35 69
4/4 612 1 5 0 0 80 65 0 1 3 333 86 315 0 1 3 333 81 64 0 1 3 333 80 712 0 1 3 333 68 65 0 1 0 1 62 64 0 1 0 1 80 315 0 1 0 1 76 222 3 667 0 1 64 525 0 1 3 1333 87 313 0 1 3 1333 71 64 0 1 2 175 67 224 0 1 2 175 76 315 0 1 2 175 81 65 0 1 2 175 78 612 3 667 0 2 76 222 3 667 3 2333 64 313 3 667 2 275 69 63 1 5 3 3333 74
4/4 65 0 1 0 0 86 713 0 1 0 0 64 223 2 25 3 333 76 714 0 1 3 667 67 35 0 1 3 667 59 525 0 1 3 667 73 61 0 1 3 667 85 715 0 1 0 1 87 32 3 333 3 1333 68 62 3 667 0 2 80 712 1 5 1 25 71 33 1 5 0 3 74 63 1 5 1 35 70 713 0 1 2 375 58 34 0 1 2 375 53
4/4 524 0 1 0 0 68 714 0 1 0 0 78 63 3 167 0 0 70 713 0 1 0 0 58 34 0 1 0 0 53 61 0 1 0 2 74 64 0 1 0 2 77 714 2 25 3 2667 88 223 0 1 0 3 73 224 0 1 0 3 81 524 0 1 0 3 62 614 0 1 0 3 78 521 3 667 0 3 87 221 3 333 3 3667 64
4/4 62 1 5 0 0 67 221 3 167 0 0 64 612 0 1 1 5 62 223 0 1 1 5 84 224 0 1 1 5 81 614 0 1 1 5 67 222 0 1 0 1 74 224 0 1 0 1 81 614 2 25 2 125 73 523 2 25 1 15 80 224 0 1 0 2 61 223 0 1 0 2 88 524 0 1 0 2 71 614 0 1 0 2 70 522 1 5 0 2 69 222 1 5 1 25 61 63 3 667 0 3 68 613 3 333 3 3667 54
4/4 224 3 333 2 25 84 714 0 1 2 125 76 524 0 1 2 125 73 713 2 175 2 125 81 32 2 75 2 125 70 712 2 75 2 175 66 33 2 25 2 225 74 523 2 25 2 275 84 524 0 1 2 325 97 712 0 1 2 325 63 32 2 25 3 3667 67
4/4 713 0 1 2 25 81 64 0 1 2 25 80 314 0 1 2 25 78 311 2 75 2 25 70 711 1 5 2 75 61 312 2 25 2 125 74 522 2 25 2 175 84 62 2 25 2 225 84 712 2 25 2 275 88 612 0 1 2 325 88 523 0 1 2 325 93 21 0 1 2 325 89 22 0 1 2 325 64 611 2 25 2 375 64
4/4 611 2 25 0 0 64 21 1 5 2 25 77 524 2 25 2 75 84 522 1 5 2 75 69 612 0 1 2 125 71 524 0 1 2 125 81 613 0 1 2 125 84 524 0 1 2 125 81 23 0 1 2 125 49 22 2 125 2 175 84 64 2 25 2 175 80 524 2 175 2 225 88 613 3 1333 2 225 84 21 0 1 2 225 77 23 0 1 2 225 67 522 2 75 2 275 68 612 1 5 2 325 71 22 2 25 2 375 80
4/4 22 3 417 0 0 80 523 2 25 3 333 80 223 1 5 3 333 91 613 2 25 2 75 81 63 0 1 3 1333 74 61 0 1 3 1333 81 64 0 1 3 1333 77 223 0 1 3 1333 73 34 2 125 3 1333 72 32 3 333 2 175 65 62 1 5 3 2333 77 63 0 1 2 275 84 222 0 1 2 275 80 33 3 667 3 3333 74 223 2 25 3 3333 81 34 2 25 2 375 92
4/4 34 1 5 0 0 92 62 0 1 3 333 68 33 0 1 3 333 70 13 0 1 3 333 84 63 3 667 0 1 92 72 0 1 3 1333 80 33 0 1 3 1333 70 223 0 1 3 1333 88 63 0 1 0 2 87 33 0 1 1 25 74 12 0 1 1 25 72 34 3 667 1 25 96 221 3 333 3 3667 86 222 0 1 3 3667 73 313 0 1 3 3667 73 63 0 1 3 3667 67 223 0 1 3 3667 86 63 0 1 3 3667 67
4/4 221 3 333 0 0 86 222 0 1 0 0 73 313 0 1 0 0 73 63 0 1 0 0 67 223 0 1 0 0 86 63 0 1 0 0 67 62 1 5 2 25 62 313 1 5 2 75 77 62 3 667 2 125 59 64 2 25 2 125 80 64 0 1 2 175 70 33 0 1 2 175 77 314 0 1 2 175 78 62 3 667 2 225 62 34 0 1 2 225 74 524 0 1 2 225 84 223 0 1 2 275 78 64 0 1 2 275 72 314 0 1 2 275 70 221 3 667 2 275 77 62 1 5 3 3333 61 313 2 25 2 375 71
4/4 223 0 1 0 0 78 64 0 1 0 0 72 314 0 1 0 0 70 313 2 25 0 0 71 62 0 1 2 25 52 223 0 1 2 25 76 33 0 1 2 75 70 64 0 1 2 75 84 223 0 1 2 125 78 62 0 1 2 125 61 713 3 2333 3 1667 78 34 0 1 2 175 57 524 0 1 2 175 73 714 0 1 2 175 78 711 0 1 2 175 77 524 0 1 2 175 73 714 0 1 2 175 78 522 1 5 3 2333 64 33 3 333 0 3 63 524 0 1 0 3 84 522 1 5 3 3333 62
4/4 222 3 333 0 0 68 713 3 917 0 0 78 524 2 125 0 0 84 522 1 5 3 333 66 711 0 1 2 75 69 314 0 1 2 75 76 522 0 1 3 1333 66 34 0 1 3 1333 74 33 3 333 0 2 58 223 3 667 0 2 76 522 1 5 3 2333 62 713 0 1 0 3 84 222 0 1 0 3 64 522 2 25 1 35 64 313 0 1 2 375 69 63 0 1 2 375 56 223 0 1 2 375 76 611 0 1 2 375 68
4/4 313 0 1 0 0 69 63 0 1 0 0 56 223 0 1 0 0 76 611 0 1 0 0 68 312 1 5 1 5 63 712 1 5 0 1 69 64 2 25 1 15 80 312 1 5 1 15 62 64 0 1 0 2 67 63 0 1 0 2 80 314 0 1 0 2 76 222 0 1 0 2 63 524 0 1 1 25 78 312 0 1 1 25 62 64 0 1 0 3 77 63 0 1 0 3 72 223 0 1 0 3 70 314 0 1 0 3 71 611 3 667 0 3 68 312 3 333 3 3667 66
4/4 712 3 333 0 0 74 64 0 1 0 0 77 63 0 1 0 0 72 223 0 1 0 0 70 314 0 1 0 0 71 312 3 167 0 0 66 312 1 5 3 667 62 64 2 75 0 1 87 222 3 333 2 125 69 312 3 333 3 1667 64 713 0 1 0 2 59 524 0 1 0 2 71 34 0 1 0 2 55 524 0 1 0 2 71 714 0 1 0 2 84 61 3 667 2 225 74 32 1 5 3 2667 62 712 1 5 2 325 69 32 2 25 2 375 64
4/4 713 0 1 0 0 59 524 0 1 0 0 71 34 0 1 0 0 55 524 0 1 0 0 71 714 0 1 0 0 84 32 2 25 0 0 64 62 1 5 2 25 68 32 1 5 2 75 77 61 3 667 2 125 77 32 1 5 2 175 72 63 0 1 2 225 80 64 0 1 2 225 92 712 1 5 2 225 80 32 1 5 2 275 61 713 0 1 2 325 71 714 0 1 2 325 84 62 1 5 3 3333 72 32 2 25 2 375 64
4/4 223 0 1 2 25 70 314 0 1 2 25 68 614 0 1 3 333 71 224 0 1 3 333 88 521 3 667 3 333 68 221 1 5 0 1 66 62 1 5 3 1333 67 221 1 5 0 2 66 224 3 333 0 2 84 224 0 1 3 2333 73 612 0 1 3 2333 68 223 0 1 3 2333 78 314 0 1 3 2333 67 221 0 1 0 3 66 714 0 1 0 3 81 223 0 1 1 35 73 224 0 1 1 35 81 314 0 1 1 35 67 614 0 1 1 35 61 521 1 5 1 35 70
4/4 221 1 5 0 0 61 223 0 1 0 0 73 224 0 1 0 0 81 314 0 1 0 0 67 614 0 1 0 0 61 521 3 167 0 0 70 62 1 5 1 5 57 612 1 5 0 1 56 224 0 1 1 15 78 222 0 1 1 15 58 313 0 1 0 2 64 223 0 1 0 2 73 713 3 1667 3 2333 67 524 1 15 1 25 78 714 3 1333 3 2667 81 31 1 5 3 2667 64 32 1 5 2 325 56 522 3 333 3 3667 61
4/4 713 3 667 0 0 67 714 3 417 0 0 81 522 3 167 0 0 61 712 2 75 2 25 66 33 2 25 2 75 65 524 1 5 2 75 84 713 2 275 2 125 88 314 2 225 2 175 73 64 2 225 2 175 72 311 3 667 2 175 79 711 1 5 2 225 59 62 1 5 2 275 55 712 3 667 2 325 57 313 2 25 2 375 62
4/4 314 2 25 0 0 73 64 1 5 0 0 72 313 3 417 0 0 62 713 3 667 3 333 78 613 0 1 3 667 65 223 0 1 3 667 65 524 0 1 3 667 78 522 2 75 2 75 71 222 3 667 3 1333 58 63 3 333 2 175 64 524 2 25 3 2333 84 222 3 667 3 2333 54 524 0 1 2 275 65 613 0 1 2 275 73 223 0 1 2 275 64 522 0 1 2 275 55 64 2 25 3 3333 70
4/4 524 0 1 0 0 68 713 0 1 0 0 71 711 0 1 0 0 63 34 0 1 0 0 64 522 1 5 3 333 58 222 2 25 0 1 49 223 3 1333 0 1 70 33 1 5 1 15 49 523 2 25 0 2 53 314 2 25 1 25 70 312 3 667 0 3 63 314 0 1 0 3 67 63 0 1 0 3 68 712 1 5 1 35 52
4/4 523 1 5 0 0 61 314 0 1 0 0 67 712 2 125 0 0 52 63 2 75 1 5 62 32 2 25 2 125 48 713 1 5 2 125 64 223 1 5 3 1667 59 221 0 1 2 225 40 712 0 1 2 225 39 63 0 1 2 225 47 313 0 1 2 225 45 63 0 1 2 225 47 34 2 125 2 225 56 223 3 667 3 3333 46
4/4 221 0 1 0 0 40 712 0 1 0 0 39 63 0 1 0 0 47 313 0 1 0 0 45 63 0 1 0 0 47 223 3 583 0 0 46 612 0 1 1 15 61 222 0 1 1 15 62 521 0 1 1 15 70 523 0 1 1 15 74 221 3 667 0 2 51 62 2 25 3 2667 56 523 2 25 2 325 69 612 1 5 2 325 53 523 3 333 3 3667 84
4/4 63 2 25 2 25 72 523 2 175 2 75 62 712 0 1 2 75 61 33 0 1 2 75 56 522 0 1 2 75 44 711 0 1 2 75 46 222 2 75 0 2 61 313 2 25 1 35 58
4/4 313 0 1 0 0 69 62 0 1 0 0 64 311 0 1 0 0 55 62 0 1 0 0 64 711 2 25 1 5 48 62 3 667 0 1 46 712 1 5 3 1667 46 313 2 75 2 225 55 63 2 25 2 275 48 315 0 1 3 3333 65 221 0 1 3 3333 55 314 3 667 3 3333 62
4/4 62 2 25 0 0 52 314 3 333 0 0 62 35 2 125 1 5 67 33 1 5 1 5 51 313 3 333 0 1 45 63 0 1 3 1667 48 714 0 1 3 1667 58 713 2 25 2 225 46 523 0 1 2 275 36 223 0 1 2 275 41 524 0 1 0 3 41 614 0 1 0 3 41 224 0 1 0 3 45 525 3 667 3 3333 57
4/4 523 0 1 0 0 36 223 0 1 0 0 41 525 3 583 0 0 57 525 2 25 0 1 61 525 3 667 3 1667 71 65 1 5 2 225 61 525 0 1 2 275 50 524 0 1 2 275 37 713 0 1 2 275 42 714 2 75 0 3 45 35 0 1 0 3 49
4/4 525 0 1 0 0 50 524 0 1 0 0 37 713 0 1 0 0 42 224 0 1 2 25 45 315 3 667 2 225 81 314 0 1 2 275 65 315 0 1 2 275 65 611 2 75 0 3 52 312 1 5 1 35 46
4/4 65 2 125 2 25 63 612 1 5 2 25 48 712 3 667 2 75 49 222 1 5 3 1333 50 65 2 25 0 2 61 313 1 5 0 2 45 65 1 15 1 25 62 63 3 667 3 2667 48 713 2 75 2 325 46
4/4 223 0 1 0 0 42 65 2 75 0 0 62 314 3 667 2 75 32 525 0 1 2 75 50 64 1 25 1 15 43 65 3 333 1 15 50 614 0 1 1 25 37 225 0 1 1 25 44 65 0 1 2 375 36 224 0 1 2 375 30 714 0 1 2 375 27
4/4 64 0 1 0 0 43 614 0 1 0 0 37 225 0 1 0 0 44 65 0 1 0 0 36 224 0 1 0 0 30 714 0 1 0 0 27
