4/4 34 0 1 2 175 40 74 3 667 2 275 43 45 3 333 3 3667 44
4/4 525 0 1 1 5 43 225 3 333 1 15 38
4/4 34 0 1 1 15 50 74 3 667 1 25 45 45 3 333 3 3333 51
4/4 525 0 1 3 333 45 225 3 667 3 1333 41
4/4 526 0 1 0 0 58 66 3 667 3 667 59 76 3 2667 3 1333 54 34 0 1 3 1333 43 74 2 75 2 225 38 45 3 333 2 325 42
4/4 76 3 1833 0 0 54 525 0 1 2 25 40 225 1 5 0 1 42
4/4 226 1 5 0 0 73 16 2 225 2 75 74 34 0 1 0 1 46 74 3 667 2 175 42 45 2 25 2 275 42 525 3 333 3 3667 40 76 3 333 3 3667 52
4/4 525 0 1 0 0 40 76 3 667 0 0 52 66 2 225 1 5 44 15 0 1 1 5 31 76 1 5 1 35 64
4/4 76 2 325 1 5 63 34 0 1 1 5 46 74 3 667 1 15 40 45 2 25 3 2333 40 525 3 667 3 3333 40
4/4 525 3 1333 0 0 40 225 2 75 2 25 38
4/4 34 0 1 2 25 48 74 1 5 2 125 42 45 2 25 0 2 42 525 0 1 0 3 44
4/4 225 3 667 0 0 37 525 3 667 0 0 44 526 2 75 1 25 59 66 2 75 2 325 65 76 2 25 2 375 65 34 2 25 2 375 48
4/4 76 2 475 0 0 65 34 2 75 0 0 48 74 2 75 3 667 44 45 2 25 3 1667 51 525 1 15 1 25 46 225 1 5 1 35 39
4/4 525 3 167 0 0 46 225 3 167 0 0 39 226 3 667 3 2333 76 37 2 75 2 325 70 34 3 667 3 3333 49
4/4 37 3 1583 0 0 70 34 3 333 0 0 49 74 2 75 2 25 44 45 3 333 2 125 36 525 0 2 0 2 43 226 3 333 0 2 52 16 0 1 0 3 49 15 0 1 0 3 39
4/4 525 0 1 0 0 43 16 2 125 0 0 49 15 2 75 0 0 39 226 1 5 2 225 71 46 0 1 0 3 38 76 0 1 0 3 48 526 0 1 0 3 45 34 2 75 2 325 44
4/4 74 1 5 0 0 40 46 0 1 0 0 38 76 0 1 0 0 48 526 0 1 0 0 45 34 2 25 0 0 44 45 2 25 0 1 44 525 0 2 0 2 45 225 0 1 0 3 39
4/4 525 3 333 0 0 45 225 2 25 0 0 39 34 0 1 0 3 49
4/4 74 2 75 0 0 39 45 2 25 2 75 46 525 2 225 2 175 46 225 0 1 2 275 35
4/4 525 1 5 0 0 46 226 2 225 2 175 73 66 2 125 2 275 72 34 0 1 2 275 49 224 2 25 2 375 45
4/4 226 3 6083 0 0 73 66 0 5 0 0 72 224 3 417 0 0 45 45 3 333 3 667 46 65 0 2 1 15 47 225 0 1 1 25 36
4/4 526 1 5 1 15 70 46 1 15 1 25 77 34 3 667 1 25 50 224 1 5 1 35 52
4/4 46 1 15 0 0 77 224 1 5 0 0 52 45 1 5 3 333 40 526 0 1 2 125 59 65 1 25 3 1333 45 46 0 1 2 225 50 66 0 1 2 225 54 225 2 125 2 225 38
4/4 46 0 1 0 0 50 66 0 1 0 0 54 76 3 667 3 1333 74 36 0 1 0 2 49 66 0 1 0 2 56 34 0 1 2 225 47 16 2 175 2 225 64 14 2 75 2 325 46
4/4 35 2 25 0 0 45 36 0 1 0 0 49 66 0 1 0 0 56 16 2 825 0 0 64 65 0 3 0 1 41 15 2 175 0 2 37
4/4 34 2 125 2 175 51 14 0 1 2 275 55 35 2 25 3 3667 54
4/4 65 0 3 3 667 46 36 0 1 3 1333 40 66 0 1 3 1333 46 15 0 2 1 15 39 226 3 1667 1 15 68 37 1 5 1 35 84
4/4 37 0 1 0 0 84 526 0 1 2 125 52 76 0 1 2 125 58 226 0 1 1 15 70 47 0 1 1 15 72 33 0 1 1 15 62 34 0 1 1 15 56 74 2 75 1 25 46 45 1 5 1 35 52
4/4 526 0 1 0 0 52 76 0 1 0 0 58 226 0 1 0 0 70 47 0 1 0 0 72 525 0 3 3 333 46 225 2 125 3 1333 42 76 0 1 2 225 68 47 1 5 2 325 67
4/4 37 2 75 0 0 87 526 0 1 2 75 49 76 0 1 2 75 56 226 0 1 2 75 70 33 0 1 0 1 58 34 0 1 0 1 57 47 0 3 0 1 72 74 2 75 0 2 53 45 2 25 0 3 56 525 2 25 2 375 45
4/4 526 0 1 0 0 49 76 0 1 0 0 56 226 0 1 0 0 70 525 3 3083 0 0 45 47 3 1333 0 0 72 225 2 125 2 75 40 226 0 1 2 275 78 46 0 1 2 275 72 37 0 1 3 3667 74 526 0 1 3 3667 81
4/4 526 0 1 1 5 61 76 0 1 1 5 55 226 0 1 1 5 76 47 0 1 1 5 72 33 0 1 3 667 58 34 0 1 3 667 52 74 2 75 3 1667 55 45 2 25 1 25 55 525 3 667 3 3333 49
4/4 525 3 1083 0 0 49 225 0 1 3 333 39 526 0 1 3 333 65 226 0 1 3 333 61 47 0 1 3 333 62 527 1 5 2 175 87 67 2 25 0 3 75 526 0 1 2 375 51 226 0 1 2 375 68 47 0 1 2 375 68
4/4 76 0 1 0 0 53 226 0 1 0 0 68 33 0 1 0 0 54 34 0 1 0 0 55 526 0 1 0 0 51 226 0 1 0 0 68 47 0 1 0 0 68 74 2 75 0 1 46 45 2 25 2 175 50 525 2 125 2 275 46 225 3 333 3 3667 41
4/4 76 0 1 0 0 53 226 0 1 0 0 68 525 3 1083 0 0 46 225 3 667 0 0 41 226 3 667 1 15 71 36 0 1 0 3 48 76 0 1 0 3 58 712 0 1 2 325 49 713 0 1 2 325 53 37 2 75 2 325 70
4/4 36 0 1 0 0 48 76 0 1 0 0 58 524 0 1 2 25 53 47 3 333 1 5 64 37 3 333 2 75 60 226 1 5 0 1 67 74 3 667 2 125 42 37 3 2667 3 1333 68 35 2 25 0 2 44 525 0 1 0 3 40
4/4 525 2 125 0 0 40 37 3 6333 0 0 68 713 0 1 2 275 57 524 3 333 3 3667 53
4/4 524 3 667 0 0 53 74 0 1 1 5 52 35 3 667 1 15 49 525 1 15 1 25 44 37 3 667 3 3333 74
4/4 525 2 75 0 0 44 37 3 333 0 0 74 226 0 1 3 333 68 75 1 5 3 333 43 716 2 25 2 125 67 225 2 225 2 175 42 46 0 1 0 2 51 226 0 1 0 2 62 76 0 1 2 225 59 226 0 1 2 225 62 523 0 1 2 225 49 223 2 75 2 325 50
4/4 225 2 175 0 0 42 46 0 1 0 0 51 226 0 1 0 0 62 76 0 1 0 0 59 226 0 1 0 0 62 64 2 75 2 25 41 74 0 1 0 1 52 76 0 2 0 2 67 224 2 75 0 2 51 45 0 1 2 275 49 525 2 25 2 375 51
4/4 76 3 667 0 0 67 525 3 417 0 0 51 75 3 3333 3 667 64 225 0 1 1 15 54 66 0 1 1 15 55 523 0 1 1 15 51 223 3 667 1 25 50 74 3 667 3 3333 38
4/4 75 3 1417 0 0 64 225 0 1 0 0 54 66 0 1 0 0 55 224 2 325 3 333 42 46 3 333 2 125 46 45 0 2 3 1333 36 226 1 5 2 225 73 716 3 333 0 3 63
4/4 76 2 25 0 0 71 715 0 1 3 667 57 66 0 1 3 667 64 36 0 1 2 75 54 66 0 1 2 75 64 313 0 1 0 1 57 716 1 25 0 1 70 713 2 75 2 175 54 64 3 667 2 275 49 714 3 333 3 3667 48
4/4 714 3 417 0 0 48 715 2 225 2 25 46 36 0 1 1 5 50 66 0 1 1 5 62 35 0 1 1 5 49 315 0 2 1 15 52 65 3 667 1 25 58 715 3 667 3 3333 71
4/4 715 3 2083 0 0 71 526 0 2 2 25 70 314 0 1 2 25 53 714 1 5 2 125 45 316 2 175 2 225 52 35 2 75 2 225 45 715 0 1 0 3 48 65 0 1 0 3 39
4/4 315 3 667 0 0 41 36 3 333 0 0 48 316 2 25 0 0 52 715 0 1 0 0 48 65 0 1 0 0 39 716 1 5 0 1 80 76 1 5 0 2 77 66 2 25 0 3 77 36 1 5 1 35 63 66 0 1 2 375 57 33 0 1 2 375 61 76 0 1 2 375 81
4/4 36 2 625 0 0 63 66 0 1 0 0 57 33 0 1 0 0 61 76 0 1 0 0 81 73 0 1 2 75 52 716 0 1 2 75 67 76 3 333 3 1333 64 66 0 1 3 1667 68 34 0 1 3 1667 56 76 0 2 0 2 72 64 0 1 3 2667 64 74 3 333 3 3667 70
4/4 76 2 225 0 0 72 74 3 667 0 0 70 35 0 1 3 667 68 65 0 1 1 15 67 75 2 25 3 2333 77 75 0 1 0 3 58 36 0 1 2 325 59 56 0 1 2 325 77 34 3 667 3 3333 74
4/4 75 3 1333 0 0 58 36 0 1 0 0 59 56 0 1 0 0 77 34 3 583 0 0 74 74 0 1 3 333 67 45 2 75 2 125 68 55 3 1667 2 225 68 715 0 1 2 275 74 36 0 1 2 275 68 56 0 1 2 275 60 35 2 75 0 3 63 716 2 75 2 325 88
4/4 716 2 25 0 0 88 225 0 1 0 1 74 316 0 1 0 1 70 56 0 1 0 1 64 33 0 1 0 1 77 226 0 1 2 125 88 36 0 1 0 3 67 66 0 1 0 3 59 716 0 1 0 3 78 62 0 1 2 325 64 63 0 1 2 325 68 37 2 75 2 325 87
4/4 36 0 1 0 0 67 66 0 1 0 0 59 716 0 1 0 0 78 37 2 375 0 0 87 34 0 1 2 25 64 74 2 75 0 1 67 714 0 2 0 2 56 525 0 1 0 3 52
4/4 714 2 75 0 0 56 525 1 5 0 0 52 526 0 1 2 175 81 527 0 1 2 175 76 46 0 1 3 2667 70 226 0 1 3 2667 78 47 0 1 3 2667 77 66 2 125 2 275 68 62 0 1 2 275 59 63 0 1 2 275 53 44 2 25 2 375 62
4/4 46 0 1 0 0 70 226 0 1 0 0 78 47 0 1 0 0 77 66 3 417 0 0 68 44 2 75 0 0 62 64 3 333 3 667 64 224 2 125 3 1667 61 37 2 25 3 1667 80 225 0 1 1 25 45 46 0 1 1 25 51 65 0 1 1 25 41 45 0 1 1 25 44 226 0 1 1 25 67
4/4 36 0 1 1 15 77 37 0 1 1 15 77 36 0 1 2 225 63 66 0 1 2 225 59 716 0 1 2 225 78 37 0 1 2 225 84 62 0 1 1 25 62 63 0 1 1 25 59 34 2 25 1 35 58
4/4 36 0 1 0 0 63 66 0 1 0 0 59 716 0 1 0 0 78 37 0 1 0 0 84 74 0 1 3 333 64 714 2 275 2 125 61 525 2 175 2 225 47
4/4 714 1 5 0 0 61 66 1 5 2 25 80 716 1 5 0 1 92 526 0 1 2 175 62 76 0 1 2 175 68 226 0 1 2 175 84 63 0 1 2 175 59 34 0 1 2 275 56 37 0 1 2 275 74 37 2 25 2 375 84 74 2 25 2 375 51
4/4 37 2 25 0 0 84 714 0 1 2 75 40 226 0 1 2 75 71 525 0 1 2 175 35 66 0 1 2 175 49 715 2 25 2 375 84
4/4 715 3 417 0 0 84 225 3 667 3 667 88 525 1 15 3 1333 58 715 0 1 1 15 68 36 0 1 1 15 68 63 0 1 1 15 62 34 3 667 1 25 58 74 2 25 3 3333 56
4/4 715 0 1 0 0 68 36 0 1 0 0 68 714 0 3 2 25 51 75 0 1 2 125 45 525 0 1 2 125 33
4/4 526 3 667 2 25 90 65 0 1 2 75 62 225 0 1 2 75 57 46 0 1 2 75 72 66 0 1 2 75 72 63 2 75 0 1 57 44 2 75 0 2 59 64 2 25 0 3 57 526 2 25 2 375 84 224 2 25 2 375 52
4/4 526 2 25 0 0 84 224 2 75 0 0 52 46 0 1 2 75 68 65 0 1 2 75 63 45 0 1 2 75 46 526 2 25 2 375 88
4/4 526 2 25 0 0 88 75 0 1 1 5 58 715 0 1 1 5 65 36 0 1 1 5 67 63 0 1 3 667 59 34 2 75 1 15 55 74 2 25 1 25 47 714 3 667 3 3333 46
4/4 75 0 1 0 0 58 715 0 1 0 0 65 36 0 1 0 0 67 714 3 2583 0 0 46 525 1 15 3 333 41 66 2 75 2 225 72 716 1 5 0 3 81 526 0 1 2 375 53 76 0 1 2 375 49 226 0 1 2 375 67 63 0 1 2 375 49
4/4 526 0 1 0 0 53 76 0 1 0 0 49 226 0 1 0 0 67 63 0 1 0 0 49 37 3 333 0 1 63 34 2 75 0 1 50 74 2 25 2 175 43 714 0 1 2 275 47 226 0 1 2 275 65 66 2 25 2 375 49 525 2 25 2 375 36
4/4 714 0 1 0 0 47 226 0 1 0 0 65 66 2 175 0 0 49 525 1 15 0 0 36 527 2 25 1 25 83 225 0 1 1 35 57 526 0 1 1 35 57 76 3 333 3 3667 62 226 3 333 3 3667 64 63 3 333 3 3667 47
4/4 225 0 1 0 0 57 526 0 1 0 0 57 76 3 3667 0 0 62 226 3 4667 0 0 64 63 3 417 0 0 47 524 0 1 1 5 58 74 2 25 1 15 54 224 3 1667 3 2333 50 525 3 667 3 3333 43
4/4 224 3 833 0 0 50 525 3 333 0 0 43 716 3 333 3 2333 88 225 0 1 0 3 52 526 0 1 0 3 46 76 3 667 3 3333 72 63 3 667 3 3333 57
4/4 225 0 1 0 0 52 526 0 1 0 0 46 76 3 1333 0 0 72 63 3 333 0 0 57 524 2 75 2 25 53 74 2 25 2 125 52 716 0 1 2 225 78 224 0 1 2 225 37 226 2 75 2 325 76 526 2 75 2 325 62 525 0 1 2 325 48 75 0 1 2 325 46
4/4 226 1 15 0 0 76 526 2 125 0 0 62 525 0 1 0 0 48 75 0 1 0 0 46 37 3 667 2 175 77 46 0 1 3 2667 59 66 0 1 3 2667 57 226 0 1 3 2667 73 63 0 1 0 3 59 47 0 1 0 3 72 44 2 25 2 375 63
4/4 46 0 1 0 0 59 66 0 1 0 0 57 226 0 1 0 0 73 47 3 8667 0 0 72 44 2 75 0 0 63 64 2 25 3 667 61 224 0 1 3 1667 56 45 3 1333 3 2667 38 65 3 1333 3 2667 39
4/4 45 3 917 0 0 38 65 3 417 0 0 39 63 0 1 2 225 55 44 2 75 2 325 63
4/4 64 1 5 0 0 66 44 2 25 0 0 63 224 1 5 0 1 69 526 0 1 2 175 76 45 0 1 2 175 61 65 0 1 2 175 60 527 0 1 2 175 82 66 0 1 2 375 72 34 0 1 2 375 68 67 0 1 2 375 81
4/4 66 0 1 0 0 72 34 0 1 0 0 68 67 0 1 0 0 81 76 0 1 3 1667 72 37 0 1 3 1667 68 527 0 1 3 1667 79 77 0 1 3 1667 78 62 0 1 2 175 74 63 0 1 2 175 68 34 0 1 3 2667 67 74 1 5 1 35 74
4/4 76 0 1 0 0 72 37 0 1 0 0 68 527 0 1 0 0 79 77 0 1 0 0 78 714 3 3333 1 5 68 525 0 2 1 15 63 36 0 1 3 2333 80 37 0 1 3 2333 92 77 0 1 2 325 91 76 0 1 2 325 85
4/4 66 0 1 0 0 77 67 0 1 0 0 78 76 0 1 2 75 63 37 0 1 2 75 63 527 0 1 2 75 79 77 0 1 2 75 75 62 0 1 0 1 71 63 0 1 0 1 62 34 0 1 0 2 70 74 2 25 0 3 72 714 2 25 2 375 63
4/4 76 0 1 0 0 63 37 0 1 0 0 63 527 0 1 0 0 79 77 0 1 0 0 75 714 2 175 0 0 63 525 2 75 2 75 64 526 0 1 3 2667 88 527 0 1 3 2667 83 67 0 1 1 35 82 66 0 1 1 35 84
4/4 76 0 1 3 333 68 37 0 1 3 333 70 527 0 1 3 333 76 77 0 1 3 333 75 62 0 1 1 5 64 63 0 1 1 5 62 34 2 75 3 1333 67 74 3 333 2 225 74 714 2 25 2 325 71
4/4 77 0 1 2 25 78 76 0 1 2 25 74 525 0 1 2 25 50 527 0 1 2 25 71 37 0 1 2 25 67 75 0 1 2 25 60 717 0 1 1 15 76 716 0 1 1 15 84 227 0 1 2 275 76 226 0 1 2 275 88 76 0 1 1 35 63 37 0 1 1 35 70 527 0 1 1 35 79 77 0 1 1 35 75 62 0 1 3 3667 64 63 0 1 3 3667 62
4/4 76 0 1 0 0 63 37 0 1 0 0 70 527 0 1 0 0 79 77 0 1 0 0 75 34 2 75 3 667 65 74 2 25 1 15 65 714 2 25 3 2333 62 75 0 1 3 3333 60 525 0 1 3 3333 52
4/4 75 0 1 0 0 60 525 0 1 0 0 52 526 0 1 2 125 81 527 0 1 2 125 79 66 0 1 2 275 72 37 0 1 2 275 67 313 0 1 2 275 73 67 0 1 2 275 86 713 2 25 2 375 57
4/4 77 3 333 0 0 75 713 1 5 0 0 57 67 3 333 3 333 66 527 1 5 3 667 76 64 2 75 2 75 52 67 0 3 0 1 65 714 1 5 3 1667 61 35 0 1 1 25 52 315 1 5 1 35 56
4/4 315 1 5 0 0 56 67 2 125 0 0 65 65 0 1 3 333 62 715 2 25 2 125 70 66 2 175 2 225 77 314 0 1 2 225 66 714 0 1 0 3 57
4/4 35 2 75 0 0 50 66 2 225 0 0 77 65 0 1 0 1 45 36 2 25 2 175 46 315 2 225 2 175 44 67 0 1 2 275 75 66 0 1 2 275 74 526 0 1 3 3667 88 527 0 1 3 3667 76
4/4 315 1 5 0 0 44 316 0 1 3 667 88 317 0 1 3 667 78 526 0 1 2 125 62 37 0 1 2 125 70 76 0 1 3 1333 59 37 0 1 3 1333 70 527 0 1 3 1333 73 712 0 1 1 15 70 523 2 75 3 2333 55 34 2 75 2 325 63
4/4 524 0 1 0 0 52 36 0 1 2 75 40 526 0 1 2 75 48 76 0 3 0 1 56 74 2 75 0 1 52 37 0 3 0 1 63 35 0 1 0 2 54 525 0 1 2 275 56 75 2 25 2 375 57
4/4 76 2 25 0 0 56 36 0 1 0 0 40 526 0 1 0 0 48 37 1 15 0 0 63 76 0 2 3 667 65 713 0 1 3 667 58 524 0 1 1 15 51 74 2 75 1 25 46 35 1 5 1 35 44
4/4 35 1 5 0 0 44 526 0 1 3 333 55 75 0 1 3 333 60 525 3 2333 3 333 42 527 0 1 2 125 69 526 0 1 2 125 70 316 0 1 2 225 76 317 0 1 2 225 71 37 0 1 0 3 65 36 0 1 0 3 70 316 0 1 2 375 59 66 0 1 2 375 50 226 0 1 2 375 68
4/4 613 0 1 0 0 57 317 3 2667 0 0 64 316 0 1 0 0 59 66 0 1 0 0 50 226 0 1 0 0 68 314 2 75 0 1 51 714 1 5 0 2 46 224 3 667 2 275 51 226 2 25 2 375 46 315 0 1 2 375 38 65 0 1 2 375 36 316 2 25 2 375 39
4/4 226 0 4 0 0 46 315 0 1 0 0 38 65 0 1 0 0 36 316 0 4 0 0 39 613 3 333 3 3667 55
4/4 226 1 35 0 0 46 316 0 3 0 0 39 613 3 667 0 0 55 314 2 75 1 5 48 714 2 25 1 15 49 224 3 1667 3 2333 48 315 0 1 3 3333 43 65 0 1 3 3333 39
4/4 224 3 583 0 0 48 315 0 1 0 0 43 65 0 1 0 0 39 317 1 5 2 25 73 37 1 5 0 1 77 226 3 667 0 2 78 66 3 1333 3 2667 54 76 2 125 2 275 57 37 0 1 0 3 72 33 0 1 0 3 54 73 2 25 2 375 46
4/4 66 3 3417 0 0 54 76 2 25 0 0 57 73 1 5 0 0 46 317 2 25 2 25 57 37 2 25 1 5 60 226 0 1 3 667 70 34 0 1 3 667 45 37 0 3 0 1 67 64 0 1 1 15 53 74 3 667 1 25 52 35 2 25 3 3333 42
4/4 37 1 105 0 0 67 66 0 1 3 333 53 65 0 1 3 333 45 75 1 5 3 1333 39 75 0 1 1 25 27 36 0 1 1 25 34 56 1 15 1 25 41 35 1 15 1 25 30
4/4 75 0 1 0 0 27 36 0 1 0 0 34 56 0 4 0 0 41 35 0 4 0 0 30
4/4 75 0 1 0 0 27 36 0 1 0 0 34 56 1 25 0 0 41 35 2 75 0 0 30 66 0 1 1 35 51 715 0 1 1 35 45 64 0 1 1 35 38
4/4 66 0 1 0 0 51 715 0 1 0 0 45 64 0 1 0 0 38 35 0 1 1 5 44 75 0 1 3 1333 45 35 2 75 3 2333 41 527 0 1 2 325 58 715 0 1 2 325 45
4/4 317 0 1 0 0 57 35 0 1 0 0 43 76 0 1 0 1 54 75 0 1 0 1 44 35 0 1 0 2 44 716 0 1 0 2 58 317 0 1 2 275 58 64 0 1 2 275 44 37 0 1 2 375 55 35 0 1 2 375 42
4/4 37 0 1 0 0 55 35 0 1 0 0 42 66 0 1 3 667 49 75 0 1 3 667 40 76 0 1 3 1667 52 35 0 1 3 1667 36 226 0 1 3 2667 52 715 0 1 3 2667 40 716 1 5 1 35 52 35 1 5 1 35 38
4/4 716 2 125 0 0 52 35 1 5 0 0 38 75 3 667 1 5 42 35 3 667 1 15 46 715 0 1 3 2333 47 66 0 1 3 2333 51 524 0 1 1 25 44 35 3 667 3 3333 43
4/4 715 0 1 0 0 47 66 0 1 0 0 51 35 3 333 0 0 43 75 2 75 2 25 37 35 0 1 2 125 43 715 0 1 0 2 44 527 0 1 0 2 63 35 0 1 0 3 42 317 0 1 0 3 58
4/4 76 0 1 0 0 62 75 0 1 0 0 41 35 0 1 2 75 43 716 0 1 2 75 59 317 0 1 2 175 62 524 0 1 2 175 46 37 0 1 3 2667 54 35 0 1 3 2667 39 66 0 1 3 3667 48 75 0 1 3 3667 43
4/4 66 0 1 0 0 48 75 0 1 0 0 43 35 0 1 1 5 43 76 0 1 1 5 53 226 0 1 1 15 51 715 0 1 1 15 39 35 0 1 3 2333 37 716 1 15 1 25 48 75 3 667 3 3333 45
4/4 716 3 167 0 0 48 35 2 25 3 333 42 314 0 1 2 125 48 66 0 1 2 125 54 715 0 1 2 125 52 35 0 1 2 225 49 65 2 75 2 325 45
4/4 35 2 75 0 0 43 715 0 1 0 1 45 527 0 1 0 1 56 317 0 1 0 2 59 35 0 1 0 2 41 76 0 1 2 275 51 75 2 75 0 3 42 716 2 25 2 375 58 35 2 25 2 375 43
4/4 716 0 1 0 0 58 314 0 1 2 75 51 317 0 1 2 75 57 35 0 1 3 1667 45 37 0 1 3 1667 55 66 0 1 1 25 51 75 0 1 1 25 41 76 0 1 1 35 56 35 0 1 1 35 39
4/4 76 0 1 0 0 56 35 0 1 0 0 39 226 0 1 3 333 52 715 0 1 3 333 41 716 1 15 3 1333 52 35 3 333 3 1333 41 314 2 75 3 2333 30 35 2 75 2 325 37
4/4 75 0 1 0 0 36 36 0 1 0 0 43 66 1 35 0 0 41 34 2 125 2 25 41 76 2 375 2 25 44 74 2 75 0 1 42 35 2 25 0 2 43 65 2 125 2 275 43 75 2 25 2 375 47
4/4 65 3 4417 0 0 43 75 2 425 0 0 47 76 0 1 0 0 44 36 0 1 2 75 44 66 3 1333 2 175 40 76 2 25 0 3 46
4/4 37 0 1 1 15 22 38 0 1 1 15 34
