4/4 43 0 2 0 2 28 72 0 1 0 2 29 12 0 1 0 2 32 23 0 1 2 225 32 44 0 1 2 225 37 613 0 1 2 225 46
4/4 43 0 4 0 0 28 72 0 1 0 0 29 12 0 1 0 0 32 614 2 225 2 125 76
4/4 74 2 25 0 0 87 43 3 1333 0 0 28 72 0 1 0 0 29 12 0 1 0 0 32 14 2 25 1 5 84 614 2 25 0 1 84 72 0 1 1 15 43 52 0 1 1 15 46 13 0 1 3 1667 51 314 0 1 3 1667 56 53 0 1 3 1667 70
4/4 72 0 1 0 0 43 52 0 1 0 0 46 14 0 1 1 5 57 223 0 1 1 5 54 24 2 125 2 75 70 14 0 2 0 2 54
4/4 72 0 1 0 0 43 52 0 1 0 0 46 14 3 3667 0 0 54 54 0 1 0 2 42 314 0 1 0 2 44 12 0 1 0 2 39 612 0 1 2 225 39 52 0 1 2 225 36
4/4 612 0 1 0 0 39 52 0 1 0 0 36 315 2 75 1 5 78 24 2 25 1 15 48 45 1 5 0 2 74 315 2 25 1 25 70 55 1 5 2 275 92 45 3 333 2 325 72 615 3 333 3 3667 92
4/4 55 2 25 0 0 77 612 0 1 0 0 39 52 0 1 0 0 36 75 2 75 1 5 88 615 3 333 0 1 76 14 2 175 2 225 54 35 1 15 1 25 59 525 2 75 1 25 59 22 3 1333 1 25 52 15 3 1333 3 2667 68
4/4 14 3 1583 0 0 54 35 1 25 0 0 59 15 3 1917 0 0 68 13 2 25 2 25 45 34 2 25 2 75 48 524 2 225 2 125 49 614 2 225 3 1667 47 14 1 15 0 2 49 525 1 5 1 25 55 715 3 333 0 3 51 75 1 5 3 3333 62 615 2 25 2 375 70
4/4 65 2 25 0 0 68 55 3 333 2 25 63 525 0 1 1 5 65 44 0 1 1 5 67 315 2 25 0 1 68 35 2 25 2 125 68 24 0 1 1 15 62 223 0 1 1 15 61 14 3 333 0 2 64 714 3 333 2 225 62 74 3 667 3 2667 70 53 0 1 0 3 49 73 0 1 0 3 46 23 0 1 0 3 47 43 0 1 0 3 44 614 3 667 3 3333 73
4/4 614 3 83 0 0 73 53 0 1 0 0 49 73 0 1 0 0 46 23 0 1 0 0 47 43 0 1 0 0 44 74 3 333 3 667 80 24 3 333 0 1 84 45 3 333 3 1333 92 615 0 1 0 2 70 51 0 1 0 2 39 615 2 125 2 275 57
4/4 615 3 1417 0 0 57 615 3 333 3 2667 92 75 3 667 3 3333 96 613 0 1 2 375 41 223 0 1 2 375 50 313 0 1 2 375 41
4/4 54 0 4 0 0 50 613 0 1 0 0 41 223 0 1 0 0 50 313 0 1 0 0 41 224 0 1 2 25 57 315 0 1 2 25 58 54 0 1 2 25 63 615 0 1 1 5 84 75 3 667 2 225 92 615 2 25 3 2667 68 55 3 333 0 3 70 315 3 333 3 3333 58
4/4 224 2 25 0 0 46 54 0 4 0 0 50 74 0 3 0 1 31
4/4 54 0 2 0 0 50 74 3 667 0 0 31 75 1 5 0 2 77 615 1 5 3 2333 62 55 1 5 2 275 62 615 0 1 3 3667 50 45 0 1 3 3667 40 315 0 1 3 3667 41 21 0 1 3 3667 36
4/4 615 0 1 0 0 50 45 0 1 0 0 40 315 0 1 0 0 41 21 0 1 0 0 36 613 2 75 0 1 37 23 3 333 2 175 43 314 1 5 3 2333 48 44 1 5 2 275 49 614 1 5 2 325 42
4/4 24 2 75 0 0 46 315 2 125 1 5 42 45 1 5 3 1333 45 615 3 1667 3 2333 34 56 0 1 1 35 29 315 0 1 1 35 28
4/4 615 0 4 0 0 34 56 0 1 0 0 29 315 0 1 0 0 28
4/4 615 3 667 0 0 34 56 0 1 0 0 29 315 0 1 0 0 28 24 3 333 3 3667 64
4/4 615 3 667 0 0 68 24 3 917 0 0 64 55 3 333 0 1 64 24 0 1 2 125 67 44 0 1 2 125 59 73 3 333 3 1333 44 615 1 25 1 15 76 614 0 1 1 25 53 23 0 1 1 25 50 43 0 1 1 25 46 614 0 1 3 3667 65 44 0 1 3 3667 53 22 0 1 3 3667 52
4/4 615 1 5 0 0 76 24 2 175 1 5 66 615 3 1333 0 1 78 43 2 25 0 1 53 614 0 1 0 2 45 44 2 175 0 2 45 23 2 175 2 225 47 75 1 5 0 3 79 55 3 333 3 3333 72
4/4 45 2 25 0 0 79 23 2 25 0 0 47 55 1 35 1 5 77 73 3 2667 1 5 52 54 0 1 3 1667 49 13 0 1 3 1667 39 313 0 1 3 1667 46 54 0 1 2 275 58 13 0 1 2 275 43 313 0 1 2 275 48
4/4 53 3 333 0 0 51 55 2 175 0 0 77 314 0 1 2 125 43 54 0 1 2 125 39 12 0 1 2 125 48 14 2 125 0 2 80 315 1 5 0 3 73 45 3 333 2 325 74 315 0 1 3 3667 48 54 0 1 3 3667 72 14 0 1 3 3667 64 612 0 1 3 3667 51
4/4 315 0 1 0 0 48 54 0 1 0 0 72 14 0 1 0 0 64 612 0 1 0 0 51 55 2 175 1 5 77 314 0 1 0 1 46 13 0 1 0 1 47 53 0 1 0 1 49 54 0 1 0 2 64 314 0 1 0 2 55 12 0 1 0 2 46 14 2 125 2 275 79 55 2 75 2 325 70 313 2 25 2 325 59
4/4 14 2 125 0 0 79 55 3 583 0 0 70 314 0 1 3 333 33 54 0 1 3 333 41 13 0 1 3 333 40 612 0 1 3 333 40 615 1 5 3 333 55 45 2 25 2 175 87 315 3 333 2 225 78 24 0 1 3 2667 77 613 0 1 3 2667 67 44 0 1 3 2667 68 613 0 1 3 2667 67 22 3 333 3 2667 59 613 0 1 2 375 62 23 0 1 2 375 62 42 0 1 2 375 61
4/4 24 0 1 0 0 77 613 0 1 0 0 67 44 0 1 0 0 68 613 0 1 0 0 67 613 0 1 0 0 62 23 0 1 0 0 62 42 0 1 0 0 61 44 2 25 1 5 84 315 2 25 0 1 81 45 3 333 3 1667 68 53 0 1 0 2 42 73 0 1 0 2 50 44 0 1 0 2 49 73 0 1 0 2 57 24 0 1 2 225 65 54 0 1 2 225 74 54 0 1 3 3333 39 12 0 1 3 3333 37 74 0 1 3 3333 47 73 0 1 3 3333 32 314 0 1 3 3333 55
4/4 54 0 1 0 0 39 12 0 1 0 0 37 74 0 1 0 0 47 73 0 1 0 0 32 314 0 1 0 0 55 24 2 25 2 125 77 44 0 1 1 15 53 614 0 1 1 15 59 315 0 1 1 15 78 42 0 1 1 15 58 314 0 1 2 275 57 13 0 1 2 275 58 612 0 1 2 275 47
4/4 314 0 1 0 0 63 613 0 1 0 0 50 12 0 1 0 0 53 44 0 1 0 0 53 614 0 1 0 0 59 315 0 1 0 0 78 42 0 1 0 0 58 613 0 1 0 1 33 43 0 1 0 1 36 33 0 1 0 1 40 44 0 1 2 125 36 613 0 1 2 125 38 14 0 1 3 1333 44 35 2 75 1 15 51 14 2 25 2 325 74 615 2 25 2 375 78
4/4 55 2 25 1 5 70 615 2 275 0 1 74 73 1 5 0 1 54 614 0 1 0 2 65 23 0 1 0 2 57 43 0 1 0 2 54 614 0 1 3 3333 71 23 0 1 3 3333 51 43 0 1 3 3333 51
4/4 24 0 2 0 0 74 43 2 25 1 5 59 615 1 15 1 5 74 614 2 125 3 1667 62 44 0 1 3 1667 49 22 0 1 3 1667 49 75 2 25 1 25 80 55 3 333 0 3 77 45 3 333 3 3667 70
4/4 14 0 1 0 0 59 314 0 1 0 0 58 55 0 4 0 0 73 73 2 275 2 25 53 54 0 1 2 125 56 314 0 1 2 125 52 12 0 1 2 125 46 314 0 1 3 2333 47 54 0 1 3 2333 54 12 0 1 3 2333 36 53 3 333 3 3667 56
4/4 14 0 1 0 0 59 314 0 1 0 0 58 55 1 15 0 0 73 314 2 225 2 75 46 13 0 1 2 75 50 53 0 1 2 75 45 14 0 1 3 1667 74 315 1 5 1 25 78 45 3 333 0 3 74 315 0 1 3 3333 68 55 0 1 3 3333 72 13 0 1 3 3333 72 613 3 667 3 3333 57
4/4 613 0 2 0 0 57 55 0 1 2 25 80 13 0 1 2 25 67 54 0 1 1 5 55 314 0 1 1 5 54 12 0 1 1 5 49 54 0 1 3 1667 72 314 0 1 3 1667 63 12 0 1 3 1667 54 14 3 1667 3 2333 80 313 2 25 2 275 63 55 0 1 2 275 87
4/4 613 0 1 0 0 46 314 0 1 0 0 39 54 0 1 0 0 46 12 0 1 0 0 46 615 1 5 0 0 62 14 3 833 0 0 80 45 2 25 3 1333 84 315 2 25 2 175 76 24 0 1 2 225 72 44 0 1 2 225 62 613 0 1 2 225 61 22 3 333 2 225 61 613 0 1 2 325 64 22 0 1 2 325 65
4/4 44 2 25 0 0 77 613 0 1 0 0 64 22 0 1 0 0 65 315 2 25 1 5 81 45 2 25 0 1 77 44 0 1 1 15 49 73 0 1 1 15 52 53 0 1 1 15 51 55 0 1 1 15 77 74 0 1 1 15 72 23 0 1 1 15 70 54 0 1 3 2667 46 12 0 1 3 2667 38 74 0 1 3 2667 48 314 0 1 3 2667 61 73 3 1333 3 2667 41
4/4 73 3 417 0 0 41 24 2 25 3 333 74 315 0 1 2 75 76 613 0 1 2 75 71 43 3 2667 2 75 58 314 0 1 2 175 64 612 0 1 2 175 62 44 1 5 3 2667 80 314 0 1 0 3 69 614 0 1 0 3 88 612 0 1 0 3 62 14 2 25 2 375 88
4/4 43 0 1 0 0 63 613 0 1 0 0 64 33 0 1 0 0 74 14 3 83 0 0 88 44 0 1 2 25 64 614 0 1 2 25 76 34 0 1 2 25 84 42 2 225 1 15 85 44 2 25 3 2333 65 614 0 1 2 275 94 614 0 1 2 275 78 74 0 1 2 325 84 74 0 1 2 325 84 15 0 1 3 3667 93 13 0 1 3 3667 84
4/4 24 0 1 0 0 56 45 0 1 0 0 77 14 0 1 0 0 96 52 0 1 0 0 74 52 0 1 0 0 77 54 0 1 2 125 70 53 0 1 2 125 63 72 0 1 2 125 62 75 0 1 3 1333 87 24 0 1 3 1333 84 44 0 1 3 1333 80 524 0 1 1 25 71 73 0 1 1 25 51 52 0 1 1 25 61 24 0 1 0 3 70 615 0 1 0 3 76 44 0 1 0 3 49 53 0 1 3 3333 47 73 0 1 3 3333 54 43 0 1 3 3333 54 74 0 1 3 3667 56 24 0 1 3 3667 60 45 0 1 3 3667 62 74 0 1 3 3667 80
4/4 74 0 1 0 0 56 24 0 1 0 0 60 45 0 1 0 0 62 74 0 1 0 0 80 52 3 1333 2 75 72 74 2 25 1 15 84 74 0 1 0 2 68 74 0 1 0 2 87 14 0 1 3 2333 84 14 0 1 3 2333 92 25 0 1 2 275 87 23 0 1 2 275 87 612 0 1 2 325 76 23 0 1 2 325 84 55 0 1 2 325 80 24 0 1 2 325 84 24 0 1 2 325 84
4/4 614 0 1 3 333 70 613 0 1 3 333 61 12 0 1 3 333 53 315 0 1 3 333 88 15 0 1 3 333 80 54 0 1 3 333 74 64 0 1 1 15 68 613 0 1 1 15 57 12 0 1 1 15 55 715 2 25 2 225 78 613 0 1 1 25 46 13 0 1 1 25 50 53 0 1 1 25 52 14 0 1 2 275 51 315 0 1 2 275 62 55 0 1 2 275 70 14 0 1 2 275 84
4/4 612 3 1667 0 0 79 14 2 25 3 667 80 14 0 1 0 1 80 14 0 1 0 1 101 24 0 1 1 15 84 24 0 1 1 15 87 315 0 1 0 2 81 315 0 1 0 2 71 72 0 1 3 2333 74 316 0 1 3 2333 81 314 0 1 3 2333 101 74 0 1 1 35 70 73 0 1 1 35 67 44 0 1 1 35 53 22 0 1 1 35 58 25 0 1 1 35 80 45 0 1 1 35 84 614 0 1 1 35 78
4/4 25 0 1 0 0 80 45 0 1 0 0 84 614 0 1 0 0 78 614 0 1 1 5 73 73 0 1 1 5 63 44 0 1 1 5 51 22 0 1 1 5 47 45 0 1 2 125 74 224 0 1 2 125 81 713 0 1 3 1667 47 23 0 1 3 1667 44 44 0 1 3 1667 44 63 0 1 3 1667 51 24 0 1 2 175 52 44 0 1 2 175 56 25 3 333 2 225 68 55 2 75 2 325 60 56 3 667 3 3333 68
4/4 713 0 1 0 0 47 23 0 1 0 0 44 44 0 1 0 0 44 63 0 1 0 0 51 55 3 583 0 0 60 56 3 83 0 0 68 46 2 25 0 1 52 315 0 1 3 1667 44 223 0 1 3 1667 46 614 0 1 3 1667 50 314 0 1 3 1667 48 24 0 1 3 1667 64 615 2 175 3 1667 48 316 2 225 2 175 61
4/4 315 0 1 0 0 44 223 0 1 0 0 46 614 0 1 0 0 50 314 0 1 0 0 48 24 0 1 0 0 64 316 2 25 0 0 61 615 2 25 2 25 58 615 0 1 2 125 34 615 0 1 2 125 48 224 2 25 2 125 39 24 3 667 3 3333 73 615 2 25 2 375 84
4/4 24 3 333 0 0 73 615 2 25 0 0 84 55 2 25 1 5 84 24 0 1 0 1 72 72 0 1 0 1 63 45 0 1 0 1 70 73 0 1 0 1 63 614 0 1 0 1 84 614 0 1 0 2 58 44 0 1 0 2 51 22 0 1 0 2 52 614 0 1 2 325 67 44 0 1 2 325 56 22 0 1 2 325 52
4/4 24 0 2 0 0 74 43 2 25 3 333 56 55 3 1333 1 5 74 614 3 1667 3 1667 39 615 0 1 3 1667 58 44 0 1 3 1667 55 23 0 1 3 1667 46 43 0 1 3 1667 44 15 3 333 2 275 92 615 2 25 3 3667 84
4/4 613 0 1 0 0 58 55 1 5 0 0 84 14 0 1 2 75 68 44 0 1 2 75 70 54 0 1 2 125 52 45 0 1 2 125 63 14 0 1 2 125 65 44 0 1 2 125 54 12 0 1 2 125 50 54 0 1 3 2333 58 44 0 1 3 2333 58 12 0 1 3 2333 53 46 1 5 2 325 80 43 2 25 3 3667 53 316 3 333 3 3667 70
4/4 25 1 5 0 0 59 15 1 5 1 5 59 44 0 1 2 75 38 613 0 1 2 75 41 53 0 1 2 75 39 55 3 333 0 1 56 13 0 1 0 1 47 53 0 1 0 1 39 24 3 333 3 1667 73 615 3 333 0 2 88 55 2 25 2 275 87 24 0 1 2 325 67 45 0 1 2 325 68 614 0 1 2 325 81 73 3 333 3 3333 62
4/4 24 0 1 0 0 67 45 0 1 0 0 68 614 0 1 0 0 81 614 0 1 1 5 71 44 0 1 1 5 57 22 0 1 1 5 58 614 0 1 3 1667 76 44 0 1 3 1667 45 22 0 1 3 1667 51 24 0 1 3 2333 74 43 2 25 2 275 57 55 2 75 2 275 72
4/4 614 0 1 0 0 50 615 0 1 0 0 58 23 0 1 0 0 53 23 0 1 0 0 46 43 0 1 0 0 41 15 3 333 2 125 87 615 2 25 0 2 76 55 1 5 3 2333 74 613 3 1667 3 2333 55 45 2 25 0 3 64 44 0 1 1 35 48 54 0 1 1 35 50 12 0 1 1 35 49 45 0 1 1 35 72 13 0 1 1 35 72
4/4 613 3 1083 0 0 55 45 0 1 0 0 72 13 0 1 0 0 72 13 0 1 3 667 33 44 0 1 3 667 55 53 0 1 3 667 58 43 3 333 0 2 56 613 0 1 0 3 51 44 0 1 0 3 49 54 0 1 0 3 46 12 0 1 0 3 52 45 2 25 2 375 85
4/4 613 0 1 0 0 51 44 0 1 0 0 49 54 0 1 0 0 46 12 0 1 0 0 52 315 1 5 2 25 85 14 2 25 0 1 80 74 0 1 1 15 74 23 0 1 1 15 80 53 1 25 1 15 61 14 3 333 2 225 84 24 3 1333 3 2667 80 74 2 125 2 275 72 44 0 1 2 275 63 23 0 1 2 275 62 72 0 1 2 275 56 44 0 1 2 375 72 23 0 1 2 375 63 72 0 1 2 375 51
4/4 24 3 2167 0 0 80 74 2 175 0 0 72 22 2 25 2 75 72 53 0 1 0 2 59 23 0 1 0 2 56 73 0 1 0 2 61 43 0 1 0 2 61 24 0 1 2 275 74 73 0 1 2 275 70 14 3 333 2 325 77
4/4 74 3 333 0 0 72 313 0 1 2 25 40 53 0 1 2 25 46 12 0 1 2 25 45 54 0 1 1 5 51 13 0 1 1 5 58 314 3 2333 3 667 54 23 0 1 3 3667 44 43 0 1 3 3667 52 74 0 1 2 375 57 21 0 1 2 375 43
4/4 23 0 1 0 0 44 43 0 1 0 0 52 74 0 1 0 0 57 21 0 1 0 0 43 43 0 1 0 1 42 72 0 1 0 1 38 43 2 75 2 225 39 73 1 5 2 225 48 223 0 1 0 3 38 313 0 1 0 3 41 614 3 667 3 3333 52 222 3 667 3 3333 42
4/4 223 0 1 0 0 38 313 0 1 0 0 41 614 3 1333 0 0 52 222 3 1083 0 0 42 613 0 1 1 5 44 312 0 1 1 5 39 613 0 1 0 2 46 222 0 1 0 2 41 223 0 1 2 325 35 314 0 1 2 325 33 613 0 1 2 325 31 315 0 1 3 3667 37 614 0 1 3 3667 48
4/4 223 0 1 0 0 35 314 0 1 0 0 33 613 0 1 0 0 31 315 0 1 0 0 37 614 0 1 0 0 48 614 2 25 3 2667 71 615 2 25 2 325 92
4/4 55 2 25 0 0 84 74 0 1 1 5 55 24 0 1 1 5 59 614 0 1 1 5 73 45 0 1 3 667 65 614 0 1 3 667 73 72 3 333 3 667 53 43 0 1 2 175 57 22 0 1 2 175 57 23 0 1 0 3 77 42 0 1 0 3 70 74 2 25 2 375 78
4/4 74 1 15 0 0 78 42 2 25 2 25 57 615 0 1 2 25 81 44 0 1 2 25 68 23 0 1 3 1333 48 44 0 1 3 1333 49 72 0 1 3 1333 47 75 3 333 2 225 87 55 2 25 3 2667 92 45 2 25 3 3333 88 54 0 1 2 375 61 14 0 1 2 375 70 315 0 1 2 375 71 54 0 1 2 375 74
4/4 72 2 25 0 0 57 54 0 1 0 0 61 14 0 1 0 0 70 315 0 1 0 0 71 54 0 1 0 0 74 314 0 1 0 1 55 53 0 1 0 1 57 12 0 1 0 1 52 53 0 1 2 225 62 314 0 1 2 225 64 12 0 1 2 225 55 52 2 25 3 3333 62
4/4 54 0 1 0 0 61 14 0 1 0 0 70 315 0 1 0 0 71 54 0 1 0 0 74 53 0 1 1 5 52 314 0 1 1 5 50 12 0 1 1 5 44 14 2 75 2 125 87 315 2 25 1 25 76 45 2 25 2 275 80 55 0 1 2 325 72 315 0 1 2 325 68 612 0 1 2 325 51 614 0 1 2 325 76 13 0 1 2 325 63
4/4 55 0 2 0 0 80 613 0 1 1 5 55 314 0 1 1 5 55 12 0 1 1 5 58 13 0 1 1 15 56 314 0 1 1 15 63 612 0 1 1 15 56 614 3 1667 2 225 73 55 0 1 3 2667 72 314 0 1 3 2667 61 313 2 25 3 2667 54 613 0 1 2 375 47 314 0 1 2 375 45 12 0 1 2 375 43
4/4 613 0 1 0 0 47 314 0 1 0 0 45 12 0 1 0 0 43 615 2 25 3 667 76 45 3 333 0 1 80 315 2 25 2 175 54 44 0 1 2 225 51 613 0 1 2 225 65 24 3 1667 2 225 68 22 2 25 3 2333 56 613 0 1 3 3333 51 23 0 1 3 3333 57 42 0 1 3 3333 52
4/4 613 0 1 0 0 51 23 0 1 0 0 57 42 0 1 0 0 52 44 2 25 2 25 63 315 3 333 3 667 76 45 2 25 3 1333 63 44 0 1 2 175 49 55 0 1 2 175 68 74 0 1 2 175 64 53 0 1 2 175 50 23 0 1 2 175 64 54 0 1 0 3 49 73 0 1 0 3 39 12 0 1 0 3 33 74 0 1 0 3 46 223 0 1 0 3 50 315 2 75 2 325 59
4/4 54 0 1 0 0 49 73 0 1 0 0 39 12 0 1 0 0 33 74 0 1 0 0 46 223 0 1 0 0 50 315 1 5 0 0 59 24 3 333 0 1 72 44 1 15 3 1333 55 614 0 1 1 15 55 13 0 1 1 15 60 42 1 5 1 15 62 315 2 175 1 15 71 12 3 333 0 2 53 53 1 5 3 2333 61 613 1 5 2 275 64 13 1 5 2 325 70 314 1 5 1 35 77
4/4 44 1 5 0 0 88 614 2 25 3 333 78 14 2 25 2 75 84 13 0 1 2 125 50 34 0 1 2 125 56 613 0 1 2 125 50 42 0 1 2 125 53 35 0 1 2 125 72 614 0 1 2 125 68 43 0 1 2 125 63 42 0 1 1 25 74 24 2 25 2 325 87 615 2 25 2 375 88
4/4 55 2 25 1 5 87 74 0 1 0 1 60 24 0 1 0 1 59 45 0 1 0 1 67 614 0 1 0 1 81 72 2 25 0 1 61 44 0 1 2 225 63 73 0 1 2 225 63 22 0 1 2 225 59 73 0 1 3 3333 62 22 0 1 3 3333 62 44 1 5 3 3333 68
4/4 73 0 1 0 0 62 22 0 1 0 0 62 74 2 175 2 25 80 615 0 1 1 5 78 44 0 1 1 5 62 43 1 5 1 5 57 44 0 1 2 175 44 23 0 1 2 175 49 72 0 1 2 175 48 75 2 25 1 25 80 55 3 333 0 3 84 45 2 25 2 375 80
4/4 55 0 1 2 25 74 13 0 1 2 25 68 315 2 375 2 25 70 12 2 25 2 25 57 314 0 1 3 1333 61 53 0 1 3 1333 64 12 0 1 3 1333 52 53 0 1 1 25 59 314 0 1 1 25 62 12 0 1 1 25 52 52 2 25 3 3667 64
4/4 55 0 1 0 0 74 13 0 1 0 0 68 315 3 917 0 0 70 314 0 1 2 75 51 53 0 1 2 75 49 12 0 1 2 75 48 14 0 1 3 1667 80 315 2 25 1 25 81 45 2 25 2 275 96 54 0 1 2 325 67 14 0 1 2 325 62 315 0 1 2 325 76 612 0 1 2 325 57 54 0 1 2 325 74
4/4 55 0 1 2 25 84 14 0 1 2 25 67 53 0 1 2 25 80 314 0 1 1 5 64 613 0 1 1 5 57 12 0 1 1 5 56 314 0 1 3 1667 74 12 0 1 3 1667 56 613 0 1 3 1667 59 12 0 1 3 1667 56 54 1 5 1 25 84 14 0 1 2 275 72 55 0 1 2 275 80 313 0 1 2 275 63 314 0 1 2 275 71
4/4 54 0 1 0 0 48 314 0 1 0 0 42 613 0 1 0 0 39 615 0 1 0 0 62 13 0 1 0 0 49 13 0 1 0 0 60 45 2 25 1 15 74 315 2 25 0 2 71 24 0 1 3 2333 63 613 0 1 3 2333 58 44 0 1 3 2333 62 613 0 1 3 2333 58 22 1 5 3 2333 54 613 0 1 1 35 56 23 0 1 1 35 58 42 0 1 1 35 57
4/4 613 0 1 0 0 56 23 0 1 0 0 58 42 0 1 0 0 57 44 2 25 2 25 70 315 3 333 3 667 84 45 2 25 3 1333 77 44 0 1 2 175 54 73 0 1 2 175 52 53 0 1 2 175 49 55 0 1 2 175 72 74 0 1 2 175 67 23 0 1 2 175 65 12 0 1 2 275 43 54 0 1 2 275 46 73 0 1 2 275 36 73 0 1 2 275 57 315 0 1 0 3 64
4/4 12 0 1 0 0 43 54 0 1 0 0 46 73 0 1 0 0 36 73 0 1 0 0 57 24 2 25 2 75 70 44 0 1 2 125 49 613 0 1 2 125 45 14 3 2667 3 1333 60 42 0 1 3 1333 55 315 3 333 3 1333 57 12 1 5 0 2 62 53 1 5 1 25 64 613 1 5 2 325 51 13 3 333 3 3667 55
4/4 14 3 583 0 0 60 13 3 167 0 0 55 314 2 25 1 5 48 613 0 1 0 1 45 43 0 1 0 1 46 33 0 1 0 1 41 44 0 1 0 1 39 614 0 1 0 1 44 13 0 1 0 1 53 35 2 75 3 1333 58 614 3 333 2 325 81 614 0 1 3 3667 84 614 0 1 3 3667 78
4/4 74 0 1 0 0 84 74 0 1 0 0 77 15 0 1 1 5 87 13 0 1 1 5 84 15 0 1 0 1 80 45 0 1 0 1 72 614 0 1 0 1 71 52 2 25 0 1 64 75 0 1 2 225 87 44 0 1 2 225 75 54 0 1 2 225 64 53 0 1 2 225 64 23 0 1 2 225 62 72 0 1 2 225 63 524 0 1 3 3333 77 53 0 1 3 3333 61 23 0 1 3 3333 54 72 0 1 3 3333 49
4/4 615 2 25 0 0 78 53 0 1 1 5 55 73 0 1 1 5 51 23 0 1 1 5 51 43 0 1 1 5 58 74 0 1 1 5 63 24 0 1 1 5 62 45 0 1 1 5 72 74 0 1 1 5 77 52 0 2 2 175 77 74 2 25 3 2667 80 74 0 1 0 3 72 74 0 1 0 3 92 14 0 1 1 35 80 14 0 1 1 35 92
4/4 24 0 1 0 0 92 24 0 1 0 0 92 612 2 25 3 333 76 24 0 1 3 333 87 25 0 1 3 333 87 54 0 1 3 333 84 614 0 1 1 15 73 613 0 1 1 15 63 314 0 1 1 15 58 12 0 1 1 15 52 15 0 1 1 15 92 54 0 1 1 15 84 315 0 1 1 15 64 64 0 1 3 2667 77 314 0 1 3 2667 63 613 0 1 3 2667 63 12 0 1 3 2667 61 24 0 1 3 3333 74 714 0 1 3 3333 84 613 0 1 3 3667 52 13 0 1 3 3667 47 314 0 1 3 3667 53 53 0 1 3 3667 59
4/4 14 0 1 0 0 62 315 0 1 0 0 65 55 0 1 0 0 74 14 0 1 0 0 84 612 2 175 2 125 73 14 2 25 2 175 72 14 0 1 3 2333 87 14 0 1 3 2333 87 24 0 1 2 275 87 24 0 1 2 275 87 315 0 1 2 325 92 315 0 1 2 325 81 72 2 25 3 3667 77 315 0 1 3 3667 84 316 0 1 3 3667 84 14 0 1 3 3667 60
4/4 315 0 1 0 0 84 316 0 1 0 0 84 14 0 1 0 0 60 74 0 1 2 75 77 73 0 1 2 75 68 23 0 1 2 75 62 43 0 1 2 75 56 25 0 1 2 75 84 615 0 1 2 75 78 44 0 1 2 75 76 614 0 1 0 2 76 73 0 1 0 2 65 22 0 1 0 2 46 44 0 1 0 2 46 22 0 1 0 2 46 45 0 1 3 2667 70 224 0 1 3 2667 76 713 0 1 0 3 47 23 0 1 0 3 39 44 0 1 0 3 39 63 0 1 0 3 43 24 0 1 3 3333 51 45 0 1 3 3333 51 64 0 1 3 3333 64 25 3 333 3 3667 83
4/4 713 0 1 0 0 47 23 0 1 0 0 39 44 0 1 0 0 39 63 0 1 0 0 43 55 0 1 3 667 48 55 0 1 3 667 71 46 2 25 1 25 86 315 0 1 0 3 79 315 0 1 0 3 81 612 0 1 0 3 82 315 0 1 0 3 81 313 3 333 1 35 66 613 2 25 2 375 68
4/4 23 1 5 2 25 77 314 1 5 1 5 74 614 1 5 0 1 88 24 1 5 3 1333 72 315 1 5 3 1667 73 55 1 5 0 2 68 613 0 1 1 25 43 314 0 1 1 25 43 54 0 1 1 25 45 223 0 1 1 25 53 315 0 1 2 275 58 614 0 1 2 275 70
4/4 24 1 5 3 667 80 615 2 25 2 125 88 55 2 25 2 175 84 74 2 125 2 225 58 24 3 1667 3 2333 65 45 3 1667 3 2333 70 72 2 25 3 2333 67 615 1 15 3 2333 78 73 0 1 1 35 65 614 0 1 1 35 70 44 0 1 1 35 59 22 0 1 1 35 57
4/4 24 3 333 0 0 65 45 0 1 0 0 70 614 0 1 1 5 84 73 0 1 1 5 59 44 0 1 1 5 59 22 0 1 1 5 57 55 0 1 2 175 80 614 0 1 2 175 84 23 0 1 2 175 68 42 2 25 2 175 64 614 0 1 0 3 59 73 0 1 0 3 58 615 0 1 0 3 84 24 0 1 0 3 74 45 0 1 0 3 72 43 0 1 0 3 54 23 0 1 0 3 50 43 0 1 0 3 54
4/4 15 0 1 0 0 87 44 0 1 0 0 80 615 0 1 2 75 68 23 0 1 2 75 68 55 0 1 2 125 87 14 0 1 2 125 77 611 0 1 2 125 64 45 3 333 0 2 87 45 0 1 3 2333 67 54 0 1 3 2333 77 13 0 1 3 2333 77 44 0 1 3 2333 63 613 0 1 3 2333 61 12 0 1 3 2333 57 44 0 1 1 35 74 613 0 1 1 35 62 12 0 1 1 35 64
4/4 45 0 1 0 0 67 54 0 1 0 0 77 13 0 1 0 0 77 42 2 25 3 667 74 613 0 1 3 1667 61 44 0 1 3 1667 67 12 0 1 3 1667 62 615 3 333 1 25 88 616 3 333 2 275 83 56 2 25 1 35 78
4/4 75 0 1 0 0 62 25 0 1 0 0 59 45 0 1 0 0 70 72 2 25 0 0 74 616 0 2 0 0 87 614 0 1 2 125 70 73 0 1 2 125 64 23 0 1 2 125 58 43 0 1 2 125 53 614 0 1 3 2333 78 73 0 1 3 2333 57 44 0 1 3 2333 54 22 0 1 3 2333 57 75 0 1 2 325 59 25 0 1 2 325 64 42 0 1 2 325 64 55 0 1 2 325 78
4/4 614 0 1 1 5 62 73 0 1 1 5 61 23 0 1 1 5 51 43 0 1 1 5 55 75 0 1 1 5 74 616 0 1 1 5 73 25 0 1 1 5 67 45 0 1 1 5 60 16 0 1 3 1667 86 55 0 1 3 1667 72 616 0 1 1 25 66 45 0 1 1 25 60 15 0 1 0 3 92 56 0 1 0 3 78 611 0 1 0 3 73 46 2 25 3 3667 77
4/4 44 0 1 0 0 63 613 0 1 0 0 56 12 0 1 0 0 56 46 1 35 0 0 67 55 3 2667 0 0 80 15 2 375 0 0 84 44 0 1 2 125 67 13 0 1 2 125 63 612 0 1 2 125 59 42 2 25 3 2333 71 54 0 1 1 35 55 13 0 1 1 35 51 612 0 1 1 35 47 45 3 333 1 35 56
4/4 54 0 1 0 0 55 13 0 1 0 0 51 612 0 1 0 0 47 46 3 333 2 25 87 316 3 333 3 667 92 15 2 25 1 15 92 45 0 1 2 175 70 75 0 1 2 175 74 53 0 1 2 175 68 24 0 1 2 175 80 15 2 25 3 2667 87 25 0 1 0 3 87 45 0 1 0 3 74 74 0 1 0 3 77 73 0 1 0 3 59 44 0 1 0 3 52 22 0 1 0 3 57
4/4 25 0 1 0 0 87 45 0 1 0 0 74 74 0 1 0 0 77 44 0 1 2 25 74 73 0 1 2 25 70 22 0 1 2 25 67 22 2 25 3 1333 74 44 0 1 1 25 51 73 0 1 1 25 49 22 0 1 1 25 48 25 0 1 2 325 70 45 0 1 2 325 74 74 0 1 2 325 63 15 3 333 3 3667 80
4/4 75 2 25 1 5 68 15 1 25 0 1 87 613 3 667 0 1 54 54 0 1 0 2 46 315 0 1 0 2 55 14 0 1 0 2 53 13 0 1 0 2 48 313 0 1 0 2 41 315 0 1 2 325 54 54 0 1 2 325 48 314 0 1 2 325 40 13 0 1 2 325 44 13 0 1 2 325 49
4/4 74 0 1 2 25 32 52 0 1 2 25 49 24 2 75 3 333 48 45 1 15 1 5 58 75 2 275 1 5 62 44 0 1 3 1667 43 23 0 1 3 1667 43 74 0 1 3 1667 49 72 0 1 3 1667 41 74 0 1 0 3 49 44 0 1 0 3 49 24 0 1 0 3 48 44 0 1 0 3 53
4/4 614 0 1 0 0 39 314 0 1 0 0 48 43 0 1 3 333 49 614 0 1 3 333 64 315 0 1 3 1667 53 316 0 1 3 1667 54 614 0 1 3 1667 44 13 0 1 3 1667 36 313 0 1 3 1667 44 56 0 1 0 3 49 14 0 1 0 3 46 614 0 1 0 3 37 54 0 1 0 3 46
4/4 315 0 1 2 75 34 615 0 1 2 75 23 14 0 1 2 75 34 316 0 1 2 125 34 616 0 1 2 125 41 316 0 1 2 125 43
