4/4 53 0 1 3 1333 34 73 0 1 3 1333 38 23 0 1 3 1667 42 54 0 1 3 1667 53 24 2 25 3 3667 64
4/4 53 0 1 0 0 34 73 0 1 0 0 38 24 1 5 2 25 67 14 1 5 3 667 64 74 0 1 2 125 46 24 0 1 2 125 51 24 2 25 2 375 65
4/4 24 2 25 0 0 65 23 0 1 2 75 32 613 0 1 2 75 32 43 0 1 2 75 33 44 0 1 2 75 33 614 0 1 2 75 42 45 0 1 2 75 52 14 0 2 0 2 43
4/4 23 0 1 0 0 32 613 0 1 0 0 32 43 0 1 0 0 33 44 0 1 0 0 33 614 0 1 0 0 42 45 0 1 0 0 52 14 0 3 0 0 43
4/4 73 0 1 0 0 37 53 0 1 0 0 42 54 0 1 0 0 52 33 0 1 0 0 37 23 0 1 0 0 33 24 2 25 3 1667 59 24 3 667 2 225 68 14 3 667 3 2667 64 24 2 75 2 325 65
4/4 73 0 1 0 0 37 53 0 1 0 0 42 54 0 1 0 0 52 33 0 1 0 0 37 23 0 1 0 0 33 24 3 917 0 0 65 24 3 333 1 15 74 44 0 1 3 2333 40 14 0 1 3 2333 45 614 0 1 1 25 38 14 0 1 1 25 45 45 0 1 1 25 55 22 1 15 1 25 35 13 3 1333 3 2667 33
4/4 44 0 1 0 0 40 14 0 1 0 0 45 614 0 1 0 0 38 14 0 1 0 0 45 45 0 1 0 0 55 22 0 4 0 0 35 13 0 4 0 0 33 24 1 5 2 325 68
4/4 22 1 5 0 0 35 13 3 1167 0 0 33 45 1 5 3 333 80 74 3 2667 0 1 42 24 0 1 2 125 39 35 0 1 2 125 49 12 0 1 3 1333 50 55 0 1 3 1333 64 53 0 1 1 25 48 55 0 1 1 35 55 23 0 1 1 35 38
4/4 34 0 1 3 667 37 55 0 1 3 667 48 35 0 1 3 667 37 74 0 1 3 667 44 55 2 25 0 3 74 44 2 25 2 375 46
4/4 14 0 1 0 0 54 45 0 1 0 0 64 44 2 125 0 0 46 612 3 667 0 0 48 43 3 2667 3 667 53 13 2 125 2 125 62 44 3 667 3 1667 72 14 2 75 2 225 77 74 0 1 2 325 58 44 0 1 2 325 52 24 0 1 2 325 60 72 2 75 2 325 48
4/4 74 0 1 0 0 58 44 0 1 0 0 52 24 0 1 0 0 60 72 1 5 0 0 48 43 3 1333 3 333 44 23 2 25 1 15 41 33 0 1 1 25 43 62 0 1 1 25 43 13 0 1 3 2667 35 34 0 1 3 2667 39 54 0 1 3 2667 48 14 0 1 0 3 52
4/4 33 0 1 0 0 43 62 0 1 0 0 43 14 2 25 1 5 60 14 3 333 0 1 68 24 2 25 3 1667 63 14 2 175 2 225 64
4/4 14 3 583 0 0 64 54 3 333 3 333 61 522 0 1 2 125 31 613 0 1 2 125 40 22 0 1 2 125 37 23 0 1 1 15 35 614 0 1 1 15 40 24 0 2 2 175 44
4/4 522 0 1 0 0 31 613 0 1 0 0 40 22 0 1 0 0 37 25 2 175 2 125 44 15 2 75 0 3 65 75 1 5 1 35 74
4/4 615 3 667 0 0 76 75 3 167 0 0 74 55 2 175 3 667 60 52 2 75 3 667 49 22 3 333 3 1333 53 73 1 5 0 2 55 25 2 25 3 2333 72 613 1 5 3 2333 56 73 0 1 0 3 65 25 0 1 0 3 84 23 0 1 3 3333 68 15 0 1 3 3333 80
4/4 54 3 667 0 0 59 25 0 1 0 0 80 75 0 1 0 0 74 614 2 75 1 5 55 74 0 1 0 1 57 24 2 25 1 15 62 25 0 1 0 2 80 75 0 1 0 2 68 45 2 125 2 275 52 615 0 1 0 3 58 46 0 1 0 3 68 42 2 75 0 3 54 22 3 333 3 3667 52
4/4 45 2 175 0 0 52 615 2 25 0 0 58 46 2 125 0 0 68 22 3 167 0 0 52 15 3 1333 2 25 68 43 1 5 2 25 56 613 1 5 3 667 48 23 1 5 2 125 54 44 2 75 2 175 50 614 0 1 3 2333 40 75 0 1 3 2333 59 74 0 1 3 2333 43 615 3 333 2 275 55 45 1 5 1 35 51
4/4 45 2 75 0 0 51 24 3 333 3 667 42 74 0 1 1 15 49 24 0 1 1 15 50 32 0 1 1 15 62 55 2 75 2 175 74 72 2 25 3 2333 57 53 3 333 2 275 59 25 0 1 3 3333 72 75 0 1 3 3333 74 73 0 1 3 3333 56 25 0 1 2 375 70 75 0 1 2 375 74 23 0 1 2 375 62
4/4 25 0 1 0 0 70 75 0 1 0 0 74 23 0 1 0 0 62 15 0 1 3 333 65 615 0 1 3 333 70 54 0 1 3 333 52 25 0 1 2 75 72 75 0 1 2 75 72 614 3 667 0 1 49 74 3 1333 1 15 49 24 1 5 0 2 45 25 3 333 3 3667 70
4/4 45 0 3 0 0 53 615 0 1 2 25 54 15 0 1 2 25 64 46 0 1 2 25 67 22 3 667 3 333 57 613 3 667 2 75 51 13 2 25 3 1333 51 44 1 5 0 2 58 614 3 667 1 25 53 24 2 75 0 3 51 45 3 333 3 3667 45
4/4 615 0 1 0 0 54 15 0 1 0 0 64 46 0 1 0 0 67 45 3 417 0 0 45 24 2 25 3 1333 46 24 3 333 0 2 84 45 2 25 3 2333 92 74 0 1 2 275 70 35 0 1 2 275 77 55 0 1 2 275 87 12 3 667 0 3 70 53 1 5 1 35 59
4/4 23 1 5 0 0 68 74 0 1 0 0 70 35 0 1 0 0 77 55 0 1 0 0 87 34 3 667 1 5 67 54 0 1 0 1 57 55 0 1 0 1 74 74 1 5 1 15 55 55 2 25 1 15 58 55 0 1 0 2 67 35 0 1 0 2 62 24 0 1 2 225 62 35 0 1 2 225 62
4/4 55 2 25 3 333 70 44 0 1 2 125 47 14 0 1 2 125 58 45 0 1 2 125 64 612 3 667 1 15 48 43 2 125 0 2 47 13 3 667 1 25 52 44 3 667 0 3 64 14 2 25 3 3667 62
4/4 23 0 1 1 5 38 44 0 1 1 5 36 43 0 1 1 5 38 13 0 1 1 5 44 614 0 1 1 5 42 72 0 1 1 5 37 24 0 1 1 5 46 34 0 1 2 375 62 54 0 1 2 375 65 14 0 1 2 375 74
4/4 12 2 75 0 0 67 34 0 1 0 0 62 54 0 1 0 0 65 14 0 1 0 0 74 53 3 2333 1 5 61 23 1 15 0 1 72 14 2 25 3 1667 68 14 0 1 2 225 70 54 0 1 2 225 74 13 3 333 2 225 37 24 2 25 3 2667 74 34 0 1 2 325 44 14 0 1 2 325 62 13 0 1 2 325 42 43 0 1 2 325 44 54 2 75 2 325 49
4/4 34 0 1 0 0 44 14 0 1 0 0 62 13 0 1 0 0 42 43 0 1 0 0 44 54 1 15 3 333 58 42 2 25 1 15 45 74 2 25 0 2 54 74 0 1 1 25 63 23 0 1 1 25 63 72 2 125 3 2667 47 43 3 333 3 3667 45
4/4 74 0 1 0 0 63 23 0 1 0 0 63 43 0 1 0 0 45 13 2 25 3 667 40 613 0 1 2 175 37 22 0 1 2 175 40 13 0 1 2 175 40 524 0 1 2 175 42
4/4 613 0 1 0 0 37 22 0 1 0 0 40 13 0 1 0 0 40 524 0 1 0 0 42 56 3 1333 0 2 49 53 3 667 0 2 43 23 1 5 3 2667 46 74 3 333 2 325 57 23 0 1 3 3667 57 56 0 1 3 3667 78
4/4 614 0 1 2 25 67 56 0 1 2 25 78 75 0 1 2 25 77 23 3 667 3 667 56 616 0 1 3 667 91 15 0 1 3 667 74 56 0 1 2 125 78 75 0 1 2 125 77 53 1 5 2 125 61 23 3 667 2 175 56 74 1 5 3 2333 60 23 3 333 2 275 54 614 0 1 3 3333 57 56 0 1 3 3333 68 25 0 1 3 3333 68 23 2 25 2 375 51
4/4 15 2 275 2 25 65 46 3 2333 3 333 67 76 2 125 1 5 68 22 1 5 1 5 61 613 3 667 0 1 53 44 1 5 1 15 55 613 3 667 0 2 55 314 0 1 3 2667 54 616 0 1 3 2667 62 613 1 5 2 325 48 45 0 1 1 35 54 615 0 1 1 35 54 25 0 1 1 35 67 22 3 333 3 3667 57
4/4 45 0 1 0 0 54 615 0 1 0 0 54 25 0 1 0 0 67 22 3 167 0 0 57 613 3 667 2 25 48 44 1 5 2 75 48 613 1 5 2 125 48 23 3 333 2 175 47 613 3 333 3 2333 55 35 0 1 3 2667 63 55 0 1 3 2667 60 15 0 1 3 2667 81 12 2 75 2 275 67 53 1 5 1 35 59
4/4 23 1 5 0 0 58 53 3 167 0 0 59 53 3 667 1 5 56 46 0 1 0 1 80 34 0 1 0 1 52 53 2 25 3 1667 49 45 2 125 0 2 56 75 0 1 2 225 60 72 0 1 2 225 63 25 0 1 2 225 74 43 1 5 2 275 65 615 0 1 2 325 78 15 0 1 2 325 80 13 0 1 2 325 59 23 2 25 2 375 74
4/4 23 3 417 0 0 74 25 0 1 3 333 92 44 0 1 3 333 67 75 0 1 3 333 84 74 2 25 2 75 74 615 0 1 2 125 83 616 0 1 2 125 87 22 3 667 1 15 74 613 3 667 0 2 59 23 1 5 3 2667 57 314 0 1 0 3 54 616 0 1 0 3 76 44 0 1 1 35 57 616 0 1 1 35 76
4/4 614 2 25 0 0 67 76 3 667 0 0 68 616 0 1 3 667 71 46 0 1 3 667 68 22 1 5 3 667 56 613 1 5 2 125 54 23 1 5 2 175 52 314 2 25 2 225 47 46 0 1 2 275 72 44 0 1 2 275 50 614 2 25 2 325 61 75 0 1 1 35 59 25 0 1 1 35 58 56 0 1 1 35 66 76 2 25 2 375 75
4/4 53 2 75 0 0 52 75 0 1 0 0 59 25 0 1 0 0 58 56 0 1 0 0 66 76 2 125 0 0 75 23 1 5 1 5 53 54 3 667 0 1 61 614 3 667 1 15 61 616 0 1 0 2 67 74 0 1 0 2 57 25 0 1 0 2 64 24 2 25 3 2667 59 45 0 1 0 3 54 615 0 1 0 3 59 25 0 1 0 3 67 43 2 75 2 325 63 23 3 333 3 3667 59
4/4 45 0 1 0 0 54 615 0 1 0 0 59 25 0 1 0 0 67 23 3 167 0 0 59 44 1 5 2 25 58 614 1 5 2 75 54 24 3 333 2 125 55 25 3 667 3 1333 68 615 3 333 0 2 52 54 0 1 3 2333 36 34 0 1 3 2333 36 74 0 1 3 2333 40 24 0 1 3 2333 45 55 0 1 1 25 39 25 0 1 1 25 50 56 0 1 0 3 48
4/4 54 0 1 0 0 36 34 0 1 0 0 36 74 0 1 0 0 40 24 0 1 0 0 45 56 2 25 1 5 78 46 2 25 0 1 80 36 2 25 1 15 72 74 0 1 0 2 37 44 0 1 0 2 37 23 0 1 0 2 37 14 0 1 0 2 40 45 0 1 0 2 39 75 0 1 0 2 48 15 0 1 0 2 52 46 3 333 3 2333 57 46 0 1 3 3333 30 47 0 1 3 3333 59
4/4 74 0 1 0 0 37 44 0 1 0 0 37 23 0 1 0 0 37 14 0 1 0 0 40 22 0 2 0 2 49 73 0 1 0 3 59 24 0 1 0 3 80 44 0 1 0 3 70
4/4 22 3 667 0 0 49 73 1 5 0 0 59 45 0 1 2 25 84 23 0 1 2 25 57 74 0 1 2 25 80 54 0 1 0 1 58 74 0 1 0 1 55 35 0 1 0 1 72 55 0 1 2 125 77 12 0 1 2 125 70 53 2 25 3 2333 65 74 0 1 2 325 62 35 0 1 2 325 72 54 0 1 2 325 67 34 0 1 2 325 63 23 0 1 2 325 64 75 0 1 2 325 84
4/4 22 0 1 1 5 67 615 0 1 1 5 88 14 0 1 1 5 74 13 0 1 3 1667 43 44 0 1 3 1667 40 614 0 1 3 1667 59 24 0 1 3 1667 59 613 0 1 3 1667 44 45 3 333 2 325 87 54 0 1 3 3667 59 74 0 1 3 3667 60 24 0 1 3 3667 68 55 0 1 3 3667 77 32 2 25 2 375 66
4/4 54 0 1 0 0 59 74 0 1 0 0 60 24 0 1 0 0 68 55 0 1 0 0 77 32 3 417 0 0 66 72 2 25 3 333 56 53 2 25 2 75 51 73 3 333 3 1333 54 23 3 333 0 2 53 54 3 667 3 2333 50 55 0 1 0 3 39 74 0 1 0 3 39 56 0 1 0 3 46
4/4 23 2 25 1 15 68 44 2 25 0 2 84 12 2 75 1 25 68 54 0 1 1 25 84 34 0 1 1 25 77 53 2 75 0 3 67 73 2 25 1 35 74
4/4 23 2 25 0 0 74 54 0 1 0 0 84 34 0 1 0 0 77 74 0 1 3 667 80 73 0 1 3 667 70 34 0 1 3 667 84 54 0 1 3 667 70 53 2 25 0 1 65 13 2 125 1 15 63 44 0 1 3 1667 77 614 0 1 3 1667 76 21 0 1 3 1667 71 612 1 5 2 225 52 23 2 125 2 275 80 43 1 5 2 275 56 613 2 25 2 325 62 43 2 25 2 375 59
4/4 23 3 83 0 0 80 43 2 25 0 0 59 22 0 1 2 25 62 44 0 1 2 25 77 13 0 1 2 75 67 23 0 1 2 75 77 54 0 1 2 75 77 52 3 667 2 75 62 22 3 333 3 1333 53 53 1 5 0 2 54 13 2 75 3 2333 55 23 0 1 0 3 62 54 1 5 1 35 68
4/4 55 0 1 0 0 77 14 0 1 0 0 72 24 0 1 0 0 74 23 2 75 0 0 62 54 2 75 0 0 68 23 1 15 0 1 37 54 3 2333 3 1667 50 14 2 175 2 225 59 614 2 25 3 2667 45 53 0 1 3 3333 42 23 0 1 3 3333 35 74 0 1 3 3333 52
4/4 54 0 2 0 0 50 53 0 1 0 0 42 23 0 1 0 0 35 74 0 1 0 0 52 14 3 1917 0 0 59 21 2 25 0 3 85
4/4 13 0 1 0 0 65 22 0 1 0 0 67 614 0 1 0 0 73 613 0 1 0 0 59 45 0 1 0 0 72 524 0 1 0 0 71 14 0 1 0 0 64 52 2 25 2 325 54 54 2 75 2 325 80
4/4 54 1 5 0 0 80 53 0 1 2 25 52 23 0 1 2 25 43 73 0 1 2 25 46 24 0 1 2 75 74 74 0 1 2 75 77 24 0 1 2 125 84 23 0 1 2 125 62 74 0 1 2 125 87 73 0 1 2 125 48 53 0 1 2 125 49 14 0 1 2 175 70 614 0 1 2 175 71 24 0 1 3 2333 92 74 0 1 3 2333 77 22 2 25 3 2333 62 73 0 1 3 3333 52 23 0 1 3 3333 53 53 0 1 3 3333 51
4/4 73 0 1 0 0 52 23 0 1 0 0 53 53 0 1 0 0 51 54 2 25 2 25 72 24 2 25 2 75 87 14 0 1 2 125 67 45 0 1 2 125 74 614 0 1 2 125 65 43 0 2 2 125 55 14 0 1 2 225 56 44 0 1 2 225 67 614 0 1 2 225 59 613 0 1 2 225 38 13 0 1 2 225 52 613 0 1 3 3333 53 13 0 1 3 3333 54
4/4 12 3 667 2 25 63 75 3 667 3 667 87 613 0 1 2 125 50 43 0 1 2 125 48 615 1 5 2 125 65 13 0 1 2 125 44 43 0 1 2 125 48 55 2 75 3 1667 60 45 2 25 2 225 67 54 2 75 2 325 74 33 3 667 2 325 61
4/4 54 1 5 0 0 74 23 0 1 3 333 53 53 0 1 3 333 47 73 0 1 3 333 48 24 2 25 2 75 77 24 0 1 2 125 84 23 0 1 2 125 58 73 0 1 2 125 51 53 0 1 2 125 50 14 1 5 2 175 84 24 0 1 2 225 84 54 0 1 2 225 74 72 2 25 3 2333 61 53 0 1 3 3333 49 73 0 1 3 3333 46 23 3 667 3 3333 43
4/4 24 0 1 0 0 84 54 0 1 0 0 74 53 0 1 0 0 49 73 0 1 0 0 46 23 3 333 0 0 43 24 0 1 2 75 92 74 0 1 2 75 72 44 0 1 2 125 59 614 0 1 2 125 62 14 0 1 2 125 70 45 0 1 2 125 77 22 1 5 3 1333 54 13 0 1 3 2333 47 613 0 1 3 2333 45 43 0 1 3 2333 48 43 0 1 1 35 65 13 0 1 1 35 61 613 0 1 1 35 54
4/4 44 0 1 0 0 59 614 0 1 0 0 62 14 0 1 0 0 70 45 0 1 0 0 77 612 3 333 1 5 68 613 0 1 1 15 45 13 0 1 1 15 45 43 0 1 1 15 48 44 2 25 0 2 49 24 2 25 1 25 87 45 2 25 0 3 87 74 0 1 1 35 60 24 0 1 1 35 70 35 0 1 1 35 84 55 0 1 1 35 84 12 3 333 3 3667 64
4/4 74 0 1 0 0 60 24 0 1 0 0 70 35 0 1 0 0 84 55 0 1 0 0 84 13 0 1 1 5 52 73 0 1 1 5 47 53 0 1 1 5 51 55 0 1 0 1 68 35 0 1 0 1 70 55 0 1 3 1667 80 13 0 1 3 1667 57 35 0 1 3 1667 74 53 0 1 3 1667 51 73 0 1 3 1667 55 45 0 1 0 2 74 24 0 1 0 2 74 55 0 1 3 2667 72 35 0 1 3 2667 68 33 1 5 3 2667 55 73 0 1 3 3667 36 13 0 1 3 3667 39 53 0 1 3 3667 48
4/4 55 0 1 0 0 72 35 0 1 0 0 68 73 0 1 0 0 36 13 0 1 0 0 39 53 0 1 0 0 48 55 2 25 3 1333 87 45 0 1 2 175 84 612 3 333 2 175 62 14 2 125 0 2 77 13 2 125 2 275 65 43 2 125 2 275 58 44 3 667 3 3333 77 614 0 1 2 375 76 14 0 1 2 375 77
4/4 43 2 25 0 0 58 44 0 1 1 5 56 74 0 1 1 5 77 24 3 2333 2 75 87 72 2 25 2 75 68 23 0 1 2 175 56 43 0 1 2 175 59 73 0 1 0 3 74 22 0 1 0 3 72 34 0 1 2 375 62 54 0 1 2 375 74 14 0 1 2 375 87
4/4 62 2 25 0 0 71 34 0 1 0 0 62 54 0 1 0 0 74 14 0 1 0 0 87 13 0 1 2 75 57 33 0 1 2 75 58 14 0 1 3 1333 77 34 0 1 3 1333 68 54 0 1 3 1333 61 13 0 1 2 175 62 34 0 1 2 175 68 14 0 1 2 175 68 54 0 1 2 175 63 33 0 1 2 175 62 24 2 25 3 2333 77 14 0 1 0 3 74 54 0 1 0 3 64 32 2 25 0 3 55 34 0 1 0 3 68 54 0 1 0 3 64
4/4 13 0 1 0 0 52 33 0 1 0 0 49 34 1 5 3 333 54 14 2 25 1 5 23 54 2 25 0 1 77 522 1 5 0 2 73 614 0 1 0 2 70 23 0 1 0 2 49 24 0 1 0 2 84 22 1 5 1 25 56 523 3 333 0 3 68 613 1 5 3 3333 77
4/4 23 2 25 0 0 88 54 2 25 1 5 98 22 0 1 0 1 63 21 0 1 0 1 61 524 0 1 0 1 84 23 3 333 3 1333 68 613 2 25 3 1667 88 312 0 1 0 2 76 313 0 1 0 2 84 54 0 1 0 2 80 23 3 333 2 225 77 613 2 25 3 2667 98 522 0 1 0 3 64 523 0 1 0 3 77 614 0 1 0 3 88 23 0 1 0 3 63 613 1 5 3 3333 77 23 2 25 2 375 54
4/4 54 0 1 0 0 84 73 0 1 0 0 84 23 0 1 0 0 84 52 0 1 2 25 68 73 0 1 2 25 84 23 0 1 2 25 84 23 0 1 2 125 64 73 0 1 2 125 52 53 0 1 2 125 58 25 0 1 3 1667 84 55 0 1 3 1667 67 24 0 1 3 1667 74 23 0 1 2 225 65 24 0 1 2 225 84 25 0 1 2 225 92 55 0 1 2 225 74 73 0 1 2 225 57 53 0 1 2 225 57 15 2 25 2 275 96 22 3 333 2 325 74 25 0 1 2 325 92 75 0 1 2 325 84 55 0 1 2 325 77 24 0 1 2 325 87
4/4 25 0 1 0 0 92 75 0 1 0 0 84 55 0 1 0 0 77 24 0 1 0 0 87 23 0 1 2 25 63 73 0 1 2 25 59 53 0 1 2 25 59 24 2 25 2 125 84 25 2 25 2 175 84 45 0 1 2 225 63 615 0 1 2 225 68 15 0 1 2 225 87 46 0 1 2 225 87 42 0 1 2 225 71 46 0 1 2 225 87 43 0 1 2 325 59 23 0 1 2 325 58 613 0 1 2 325 55 15 3 667 3 3333 72 45 3 667 3 3333 59
4/4 15 3 667 0 0 72 45 3 833 0 0 59 23 0 1 3 333 64 43 0 1 3 333 62 613 0 1 3 333 55 11 0 1 3 1333 64 12 0 1 3 1333 72 76 1 5 2 175 78 616 1 5 0 2 76 46 2 25 3 2333 72 23 0 1 3 2333 67 613 0 1 3 2333 59 43 0 1 3 2333 52 15 2 25 3 2667 72 75 1 5 0 3 70 615 2 25 3 3333 71 55 2 25 2 375 77
4/4 45 3 333 0 0 87 55 3 83 0 0 77 32 2 25 3 333 74 55 2 75 1 5 96 23 0 1 1 15 62 33 0 1 1 15 58 53 0 1 1 15 61 73 0 1 1 15 56 25 0 1 0 2 77 24 0 1 0 2 77 55 0 1 0 2 67 75 0 1 0 2 68 23 0 1 1 25 70 24 0 1 1 25 87 25 0 1 1 25 87 55 0 1 1 25 70 75 0 1 1 25 72 33 0 1 1 25 58 73 0 1 1 25 57 53 0 1 1 25 58 15 2 25 0 3 92 71 2 25 1 35 74 25 0 1 1 35 92 24 0 1 1 35 84 55 0 1 1 35 74 75 0 1 1 35 74
4/4 25 0 1 0 0 92 24 0 1 0 0 84 55 0 1 0 0 74 75 0 1 0 0 74 23 0 1 1 5 61 33 0 1 1 5 54 53 0 1 1 5 56 73 0 1 1 5 55 24 1 5 1 15 80 25 2 25 0 2 80 45 0 1 3 2333 74 15 0 1 3 2333 87 46 0 1 3 2333 87 75 0 1 1 25 72 21 2 25 1 25 71 13 0 1 1 35 67 73 0 1 1 35 63 22 0 1 1 35 64 43 0 1 1 35 59
4/4 13 0 1 1 5 74 73 0 1 1 5 65 22 0 1 1 5 52 43 0 1 1 5 55 72 1 5 3 1667 76 73 0 1 3 2667 58 43 0 1 3 2667 60 34 3 667 3 2667 58 25 0 1 3 3667 92 24 0 1 3 3667 92 23 3 333 3 3667 49
4/4 73 0 1 0 0 58 43 0 1 0 0 60 23 3 167 0 0 49 46 0 1 2 25 84 45 0 1 2 25 84 55 0 1 1 5 64 15 0 1 1 5 72 36 0 1 1 5 80 12 2 25 2 75 74 56 0 1 2 75 82 53 0 1 2 175 59 34 0 1 2 175 46 13 0 1 2 175 54 55 0 1 2 225 72 56 0 1 2 225 68 15 0 1 2 225 67 36 0 1 2 225 67 34 0 1 2 275 61 55 0 1 2 275 73 56 0 1 2 275 72 36 0 1 2 275 68 13 0 1 2 275 58 53 0 1 2 275 58 15 0 1 2 275 64 46 2 25 2 325 84 56 0 1 2 375 78 15 0 1 2 375 70 55 0 1 2 375 77 36 0 1 2 375 70 33 2 25 2 375 65
4/4 56 0 1 0 0 78 15 0 1 0 0 70 55 0 1 0 0 77 36 0 1 0 0 70 13 0 1 2 75 49 34 0 1 2 75 44 53 0 1 2 75 48 45 0 1 1 25 65 15 0 1 1 25 79 46 0 1 1 25 87 612 3 333 3 2667 73 43 2 25 2 375 67
4/4 44 0 1 3 667 68 14 0 1 3 667 77 15 0 1 3 667 80 45 0 1 3 667 74 613 0 1 3 667 66 13 0 1 3 667 61 24 0 1 1 15 63 25 0 1 1 15 80 75 0 1 1 15 70 45 0 1 3 1667 62 25 0 1 3 1667 80 75 0 1 3 1667 70 72 2 25 2 175 72 73 0 1 2 275 56 44 0 1 2 275 58 23 0 1 2 275 56 43 2 25 2 375 70
4/4 14 0 1 3 667 72 35 0 1 3 667 70 55 0 1 3 667 74 15 0 1 3 667 80 12 2 25 2 75 80 53 0 1 3 1667 70 34 0 1 3 1667 68 13 0 1 3 1667 67 15 0 1 2 225 96 35 0 1 2 225 80 55 0 1 2 225 74 12 0 1 3 2667 70 15 0 1 3 2667 72 55 0 1 3 2667 77 35 0 1 3 2667 84 25 3 333 2 325 87 42 0 1 3 3667 81 15 0 1 3 3667 92 45 0 1 3 3667 77 14 0 1 3 3667 84
4/4 45 0 1 0 0 77 14 0 1 0 0 84 75 3 333 2 25 65 44 0 1 3 667 62 73 0 1 3 667 59 43 0 1 3 667 55 13 0 1 3 667 53 14 0 1 2 75 70 55 0 1 2 75 80 613 2 25 2 175 69 75 2 25 2 225 87 72 1 5 2 275 84 75 0 1 2 275 84 24 0 1 2 275 77 74 0 1 2 275 80 45 0 1 2 275 74 43 2 25 2 325 72 73 2 25 2 375 84
4/4 73 3 417 0 0 84 75 0 1 0 0 84 24 0 1 0 0 77 74 0 1 0 0 80 45 0 1 0 0 74 13 3 667 2 25 88 23 2 25 3 667 88 44 3 333 2 125 93 21 0 1 3 1667 81 22 0 1 3 1667 88 524 0 1 3 1667 84 23 1 5 0 2 80 524 3 333 2 225 59 312 0 1 3 2667 87 313 0 1 3 2667 88 54 3 333 3 2667 93 23 3 333 0 3 93 54 3 333 2 325 93 522 0 1 3 3667 87 523 0 1 3 3667 88 614 0 1 3 3667 97
4/4 23 3 333 0 0 88 614 2 25 3 333 97 54 0 1 2 75 63 74 0 1 2 75 87 55 0 1 2 75 92 24 0 1 2 75 84 52 0 1 2 75 77 53 0 1 2 75 93 53 0 1 0 2 77 23 0 1 0 2 80 73 0 1 0 2 67 55 0 1 1 25 92 74 0 1 1 25 80 24 0 1 1 25 70 23 0 1 0 3 64 55 0 1 0 3 80 73 0 1 0 3 64 24 0 1 0 3 77 74 0 1 0 3 84 53 0 1 0 3 68 615 2 25 3 3333 92 21 0 1 2 375 71 22 0 1 2 375 77
4/4 55 0 1 0 0 101 74 0 1 0 0 80 24 0 1 0 0 80 23 0 1 2 75 80 53 0 1 2 75 74 73 0 1 2 75 68 23 0 1 2 175 84 73 0 1 2 175 70 53 0 1 2 175 68 55 0 1 2 225 92 74 0 1 2 225 87 24 0 1 2 225 74 21 0 1 2 275 71 22 0 1 2 275 84 14 0 1 2 275 92 45 0 1 2 275 87 75 0 1 2 275 84 23 0 1 2 375 80 22 0 1 2 375 70 613 0 1 2 375 64 43 0 1 2 375 65
4/4 23 0 1 3 667 77 613 0 1 3 667 68 22 0 1 3 667 67 615 0 1 3 667 84 614 0 1 3 667 83 24 0 1 3 667 67 612 0 1 3 1667 76 611 0 1 3 1667 73 24 0 1 3 1667 84 614 0 1 3 1667 78 44 0 1 3 1667 84 23 0 1 3 2667 72 613 0 1 3 2667 64 43 0 1 3 2667 65 22 0 1 3 3667 63 44 0 1 3 3667 80 614 0 1 3 3667 78
4/4 11 0 1 1 5 71 12 0 1 1 5 80 14 0 1 1 5 92 34 0 1 1 5 88 54 0 1 1 5 88 12 0 1 1 15 67 13 0 1 1 15 70 53 0 1 1 15 65 45 0 1 3 2667 87 54 0 1 3 2667 84 74 0 1 3 2667 79 71 0 1 3 3667 74 72 0 1 3 3667 88 24 0 1 3 3667 96 44 0 1 3 3667 88 74 0 1 3 3667 87
4/4 24 0 1 0 0 96 44 0 1 0 0 88 74 0 1 0 0 87 73 0 1 3 667 74 43 0 1 3 667 72 14 0 1 3 667 101 44 0 1 3 667 93 73 0 1 3 1667 72 22 0 1 3 1667 77 24 0 1 3 1667 101 44 0 1 3 1667 88 74 0 1 3 1667 74 615 0 1 3 2667 92 14 0 1 3 2667 87 45 0 1 3 2667 74 22 0 1 3 2667 93 21 0 1 3 2667 77 23 0 1 2 375 72 613 0 1 2 375 64 43 0 1 2 375 68
4/4 615 0 1 2 25 84 14 0 1 2 25 77 45 0 1 2 25 65 23 0 1 2 75 72 613 0 1 2 75 64 615 0 1 2 75 92 14 0 1 2 75 77 45 0 1 2 75 68 43 0 1 2 75 55 24 0 1 2 125 92 75 0 1 2 125 87 45 0 1 2 125 77 42 0 1 3 1667 71 43 0 1 3 1667 80 615 0 1 2 175 97 14 0 1 2 175 87 45 0 1 2 175 77 23 0 1 2 275 77 43 0 1 2 275 72 613 0 1 2 275 68 23 0 1 3 3667 74 43 0 1 3 3667 67 613 0 1 3 3667 63 614 0 1 3 3667 97 45 0 1 3 3667 72 24 0 1 3 3667 60
4/4 52 0 1 3 667 77 53 0 1 3 667 88 24 0 1 3 667 87 55 0 1 3 667 80 74 0 1 3 667 92 75 0 1 3 667 92 54 0 1 3 1667 70 53 0 1 3 1667 63 23 0 1 3 1667 61 73 0 1 2 175 65 23 0 1 2 175 61 74 1 5 2 225 87 615 0 1 3 2667 88 24 0 1 3 2667 74 42 0 1 3 3667 64 43 0 1 3 3667 67 24 0 1 3 3667 80 614 0 1 3 3667 76 44 0 1 3 3667 77
4/4 24 0 1 0 0 80 614 0 1 0 0 76 44 0 1 0 0 77 23 0 1 3 667 65 43 0 1 3 667 59 613 0 1 3 667 59 24 0 1 3 1667 84 25 0 1 3 1667 80 55 0 1 1 25 51 75 0 1 1 25 68 25 0 1 1 25 80 56 0 1 1 25 78 33 3 333 3 2667 72 73 0 1 3 3667 58 54 0 1 3 3667 56
4/4 56 3 333 0 0 70 55 2 75 0 0 70 74 0 1 3 667 62 34 0 1 3 667 52 54 0 1 3 667 55 46 3 333 3 667 64 36 2 25 2 125 58 45 0 1 3 1333 58 75 0 1 3 1333 58 22 0 1 3 1333 62 15 0 1 3 1333 68 46 0 1 3 1667 72 73 0 1 1 25 56 44 0 1 1 25 55 45 0 1 1 25 54 75 0 1 1 25 63 75 0 1 3 3667 56 74 0 1 3 3667 52 76 0 1 3 3667 47 23 0 1 3 3667 46
4/4 24 0 1 1 5 48 45 0 1 1 5 51 46 0 1 2 75 40 47 0 1 2 75 47 24 0 1 0 3 84 23 0 1 0 3 77 45 0 1 1 35 87 44 0 1 1 35 84
4/4 12 2 25 0 0 72 55 0 1 0 0 87 74 0 1 0 0 84 54 0 1 0 0 88 35 0 1 0 0 70 53 0 1 0 1 74 34 0 1 0 1 80 13 0 1 0 1 72 35 0 1 0 2 84 75 0 1 0 2 84 74 0 1 0 2 87 615 0 1 0 3 88 14 0 1 0 3 84 22 0 1 0 3 77 45 0 1 0 3 68
4/4 24 0 1 0 0 92 614 0 1 0 0 84 44 0 1 0 0 80 613 0 1 0 0 74 13 0 1 0 0 64 22 2 25 2 75 74 44 0 1 2 125 84 45 0 1 2 125 80 614 0 1 2 125 76 14 0 1 2 125 64 32 2 25 2 175 64 74 0 1 2 175 84 55 0 1 2 175 92 24 0 1 2 175 77 54 0 1 2 175 80 33 0 1 2 275 65 23 0 1 2 275 67 54 0 1 2 275 72 53 0 1 2 275 59 24 0 1 2 275 74 73 0 1 2 275 44 74 0 1 2 375 70 55 0 1 2 375 68 54 0 1 2 375 65 24 0 1 2 375 64
4/4 54 0 1 3 667 43 24 0 1 3 667 56 74 0 1 3 667 52 55 0 1 2 75 37 25 0 1 2 75 64 56 0 1 2 75 66 23 3 333 3 2667 84 44 3 333 2 325 93 73 0 1 3 3667 63 34 0 1 3 3667 72 54 0 1 3 3667 77 11 2 25 2 375 59
4/4 73 0 1 0 0 63 34 0 1 0 0 72 54 0 1 0 0 77 11 2 25 0 0 59 12 2 25 3 667 63 73 0 1 3 1667 65 74 0 1 3 1667 77 34 0 1 3 1667 80 54 0 1 3 1667 70 53 0 1 3 1667 64 21 0 1 3 2667 74 44 0 1 3 2667 74 614 0 1 3 2667 97 13 0 1 3 2667 80 44 0 1 3 2667 74 613 0 1 3 3667 48 23 0 1 3 3667 72 22 0 1 3 3667 48 43 0 1 3 3667 44
4/4 613 0 1 0 0 48 23 0 1 0 0 72 22 0 1 0 0 48 43 0 1 0 0 44 44 3 333 2 125 77 54 0 1 3 1667 88 13 0 1 3 1667 77 23 0 1 3 1667 77 52 3 667 3 1667 64 22 1 5 2 225 52 53 1 5 2 275 57 13 2 75 2 325 70 23 3 333 3 3667 77
4/4 23 3 167 0 0 77 54 3 667 2 25 88 55 0 1 3 667 92 23 0 1 3 667 74 13 0 1 0 1 58 24 0 1 0 1 67 53 0 1 1 15 56 14 0 1 1 15 68 54 2 75 0 2 72 22 2 75 1 25 74 14 2 25 1 25 77 24 0 1 0 3 92 714 0 1 1 35 84 54 0 1 1 35 80 52 1 5 1 35 85
4/4 22 1 5 0 0 70 24 3 333 0 0 92 714 0 1 0 0 84 54 0 1 0 0 80 52 2 25 0 0 85 53 1 5 1 5 84 54 2 25 0 1 88 713 1 5 0 1 84 23 0 1 1 15 98 714 0 1 1 15 97 55 2 25 0 2 101 62 0 1 1 25 89 61 0 1 1 25 89 224 0 1 1 25 84 65 0 1 1 25 84 35 0 1 1 25 80 64 0 1 1 25 87 62 0 1 3 3667 71 63 0 1 3 3667 103
4/4 63 0 1 2 75 70 64 0 1 2 75 84 66 0 1 2 75 91 65 0 1 2 75 96 15 0 1 2 75 88 36 0 1 2 75 84 34 0 1 2 75 68 13 0 1 2 75 71 221 0 1 1 25 83 314 0 1 1 25 80 224 0 1 1 25 78 64 0 1 1 25 64 62 1 5 2 325 54 313 2 25 2 375 77
4/4 65 0 1 2 25 92 63 0 1 2 25 65 223 0 1 3 667 84 65 0 1 3 667 80 63 0 1 2 125 59 525 0 1 2 125 84 64 0 1 3 1667 72 224 0 1 3 1667 73 315 0 1 3 1667 78 65 0 1 3 1667 84 222 0 1 3 1667 80 63 3 333 0 2 59 34 1 5 3 2667 70 314 0 1 0 3 68 64 2 25 3 3667 87
4/4 65 1 5 0 0 87 714 0 1 1 5 73 35 0 1 1 5 57 525 0 1 1 5 76 712 0 1 1 5 77 715 0 1 1 5 84 523 1 5 2 125 71 525 0 1 2 175 84 713 1 5 2 175 71 223 2 25 2 225 64 34 3 667 2 275 74 524 3 667 2 325 77 526 2 25 2 375 87 713 2 25 2 375 71
4/4 713 2 25 0 0 71 34 3 667 2 25 64 316 2 25 2 25 78 524 0 1 2 75 66 36 0 1 2 75 68 224 2 25 2 125 67 225 3 667 2 125 76 715 1 5 2 175 76 35 2 25 2 175 68 525 2 25 3 2333 81 315 0 1 2 275 73 65 0 1 2 275 70 612 0 1 2 275 79 225 0 1 2 275 76 313 1 5 1 35 69
4/4 613 1 5 0 0 80 66 0 1 3 333 86 316 0 1 3 333 81 65 0 1 3 333 80 713 0 1 3 333 68 66 0 1 0 1 62 65 0 1 0 1 80 316 0 1 0 1 76 223 3 667 0 1 64 526 0 1 3 1333 87 314 0 1 3 1333 71 65 0 1 2 175 67 225 0 1 2 175 76 316 0 1 2 175 81 66 0 1 2 175 78 613 3 667 0 2 76 223 3 667 3 2333 64 314 3 667 2 275 69 64 1 5 3 3333 74
4/4 66 0 1 0 0 86 714 0 1 0 0 64 224 2 25 3 333 76 715 0 1 3 667 67 36 0 1 3 667 59 526 0 1 3 667 73 62 0 1 3 667 85 716 0 1 0 1 87 33 3 333 3 1333 68 63 3 667 0 2 80 713 1 5 1 25 71 34 1 5 0 3 74 64 1 5 1 35 70 714 0 1 2 375 58 35 0 1 2 375 53
4/4 525 0 1 0 0 68 715 0 1 0 0 78 64 3 167 0 0 70 714 0 1 0 0 58 35 0 1 0 0 53 62 0 1 0 2 74 65 0 1 0 2 77 715 2 25 3 2667 88 224 0 1 0 3 73 225 0 1 0 3 81 525 0 1 0 3 62 615 0 1 0 3 78 522 3 667 0 3 87 222 3 333 3 3667 64
4/4 63 1 5 0 0 67 222 3 167 0 0 64 613 0 1 1 5 62 224 0 1 1 5 84 225 0 1 1 5 81 615 0 1 1 5 67 223 0 1 0 1 74 225 0 1 0 1 81 615 2 25 2 125 73 524 2 25 1 15 80 225 0 1 0 2 61 224 0 1 0 2 88 525 0 1 0 2 71 615 0 1 0 2 70 523 1 5 0 2 69 223 1 5 1 25 61 64 3 667 0 3 68 614 3 333 3 3667 54
4/4 225 3 333 2 25 84 715 0 1 2 125 76 525 0 1 2 125 73 714 2 175 2 125 81 33 2 75 2 125 70 713 2 75 2 175 66 34 2 25 2 225 74 524 2 25 2 275 84 525 0 1 2 325 97 713 0 1 2 325 63 33 2 25 3 3667 67
4/4 714 0 1 2 25 81 65 0 1 2 25 80 315 0 1 2 25 78 312 2 75 2 25 70 712 1 5 2 75 61 313 2 25 2 125 74 523 2 25 2 175 84 63 2 25 2 225 84 713 2 25 2 275 88 613 0 1 2 325 88 524 0 1 2 325 93 21 0 1 2 325 89 23 0 1 2 325 64 612 2 25 2 375 64
4/4 612 2 25 0 0 64 22 1 5 2 25 77 525 2 25 2 75 84 523 1 5 2 75 69 613 0 1 2 125 71 525 0 1 2 125 81 614 0 1 2 125 84 525 0 1 2 125 81 24 0 1 2 125 49 23 2 125 2 175 84 65 2 25 2 175 80 525 2 175 2 225 88 614 3 1333 2 225 84 22 0 1 2 225 77 24 0 1 2 225 67 523 2 75 2 275 68 613 1 5 2 325 71 23 2 25 2 375 80
4/4 23 3 417 0 0 80 524 2 25 3 333 80 224 1 5 3 333 91 614 2 25 2 75 81 64 0 1 3 1333 74 62 0 1 3 1333 81 65 0 1 3 1333 77 224 0 1 3 1333 73 35 2 125 3 1333 72 33 3 333 2 175 65 63 1 5 3 2333 77 64 0 1 2 275 84 223 0 1 2 275 80 34 3 667 3 3333 74 224 2 25 3 3333 81 35 2 25 2 375 92
4/4 35 1 5 0 0 92 63 0 1 3 333 68 34 0 1 3 333 70 14 0 1 3 333 84 64 3 667 0 1 92 73 0 1 3 1333 80 34 0 1 3 1333 70 224 0 1 3 1333 88 64 0 1 0 2 87 34 0 1 1 25 74 13 0 1 1 25 72 35 3 667 1 25 96 222 3 333 3 3667 86 223 0 1 3 3667 73 314 0 1 3 3667 73 64 0 1 3 3667 67 224 0 1 3 3667 86 64 0 1 3 3667 67
4/4 222 3 333 0 0 86 223 0 1 0 0 73 314 0 1 0 0 73 64 0 1 0 0 67 224 0 1 0 0 86 64 0 1 0 0 67 63 1 5 2 25 62 314 1 5 2 75 77 63 3 667 2 125 59 65 2 25 2 125 80 65 0 1 2 175 70 34 0 1 2 175 77 315 0 1 2 175 78 63 3 667 2 225 62 35 0 1 2 225 74 525 0 1 2 225 84 224 0 1 2 275 78 65 0 1 2 275 72 315 0 1 2 275 70 222 3 667 2 275 77 63 1 5 3 3333 61 314 2 25 2 375 71
4/4 224 0 1 0 0 78 65 0 1 0 0 72 315 0 1 0 0 70 314 2 25 0 0 71 63 0 1 2 25 52 224 0 1 2 25 76 34 0 1 2 75 70 65 0 1 2 75 84 224 0 1 2 125 78 63 0 1 2 125 61 714 3 2333 3 1667 78 35 0 1 2 175 57 525 0 1 2 175 73 715 0 1 2 175 78 712 0 1 2 175 77 525 0 1 2 175 73 715 0 1 2 175 78 523 1 5 3 2333 64 34 3 333 0 3 63 525 0 1 0 3 84 523 1 5 3 3333 62
4/4 223 3 333 0 0 68 714 3 917 0 0 78 525 2 125 0 0 84 523 1 5 3 333 66 712 0 1 2 75 69 315 0 1 2 75 76 523 0 1 3 1333 66 35 0 1 3 1333 74 34 3 333 0 2 58 224 3 667 0 2 76 523 1 5 3 2333 62 714 0 1 0 3 84 223 0 1 0 3 64 523 2 25 1 35 64 314 0 1 2 375 69 64 0 1 2 375 56 224 0 1 2 375 76 612 0 1 2 375 68
4/4 314 0 1 0 0 69 64 0 1 0 0 56 224 0 1 0 0 76 612 0 1 0 0 68 313 1 5 1 5 63 713 1 5 0 1 69 65 2 25 1 15 80 313 1 5 1 15 62 65 0 1 0 2 67 64 0 1 0 2 80 315 0 1 0 2 76 223 0 1 0 2 63 525 0 1 1 25 78 313 0 1 1 25 62 65 0 1 0 3 77 64 0 1 0 3 72 224 0 1 0 3 70 315 0 1 0 3 71 612 3 667 0 3 68 313 3 333 3 3667 66
4/4 713 3 333 0 0 74 65 0 1 0 0 77 64 0 1 0 0 72 224 0 1 0 0 70 315 0 1 0 0 71 313 3 167 0 0 66 313 1 5 3 667 62 65 2 75 0 1 87 223 3 333 2 125 69 313 3 333 3 1667 64 714 0 1 0 2 59 525 0 1 0 2 71 35 0 1 0 2 55 525 0 1 0 2 71 715 0 1 0 2 84 62 3 667 2 225 74 33 1 5 3 2667 62 713 1 5 2 325 69 33 2 25 2 375 64
4/4 714 0 1 0 0 59 525 0 1 0 0 71 35 0 1 0 0 55 525 0 1 0 0 71 715 0 1 0 0 84 33 2 25 0 0 64 63 1 5 2 25 68 33 1 5 2 75 77 62 3 667 2 125 77 33 1 5 2 175 72 64 0 1 2 225 80 65 0 1 2 225 92 713 1 5 2 225 80 33 1 5 2 275 61 714 0 1 2 325 71 715 0 1 2 325 84 63 1 5 3 3333 72 33 2 25 2 375 64
4/4 224 0 1 2 25 70 315 0 1 2 25 68 615 0 1 3 333 71 225 0 1 3 333 88 522 3 667 3 333 68 222 1 5 0 1 66 63 1 5 3 1333 67 222 1 5 0 2 66 225 3 333 0 2 84 225 0 1 3 2333 73 613 0 1 3 2333 68 224 0 1 3 2333 78 315 0 1 3 2333 67 222 0 1 0 3 66 715 0 1 0 3 81 224 0 1 1 35 73 225 0 1 1 35 81 315 0 1 1 35 67 615 0 1 1 35 61 522 1 5 1 35 70
4/4 222 1 5 0 0 61 224 0 1 0 0 73 225 0 1 0 0 81 315 0 1 0 0 67 615 0 1 0 0 61 522 3 167 0 0 70 63 1 5 1 5 57 613 1 5 0 1 56 225 0 1 1 15 78 223 0 1 1 15 58 314 0 1 0 2 64 224 0 1 0 2 73 714 3 1667 3 2333 67 525 1 15 1 25 78 715 3 1333 3 2667 81 32 1 5 3 2667 64 33 1 5 2 325 56 523 3 333 3 3667 61
4/4 714 3 667 0 0 67 715 3 417 0 0 81 523 3 167 0 0 61 713 2 75 2 25 66 34 2 25 2 75 65 525 1 5 2 75 84 714 2 275 2 125 88 315 2 225 2 175 73 65 2 225 2 175 72 312 3 667 2 175 79 712 1 5 2 225 59 63 1 5 2 275 55 713 3 667 2 325 57 314 2 25 2 375 62
4/4 315 2 25 0 0 73 65 1 5 0 0 72 314 3 417 0 0 62 714 3 667 3 333 78 614 0 1 3 667 65 224 0 1 3 667 65 525 0 1 3 667 78 523 2 75 2 75 71 223 3 667 3 1333 58 64 3 333 2 175 64 525 2 25 3 2333 84 223 3 667 3 2333 54 525 0 1 2 275 65 614 0 1 2 275 73 224 0 1 2 275 64 523 0 1 2 275 55 65 2 25 3 3333 70
4/4 525 0 1 0 0 68 714 0 1 0 0 71 712 0 1 0 0 63 35 0 1 0 0 64 523 1 5 3 333 58 223 2 25 0 1 49 224 3 1333 0 1 70 34 1 5 1 15 49 524 2 25 0 2 53 315 2 25 1 25 70 313 3 667 0 3 63 315 0 1 0 3 67 64 0 1 0 3 68 713 1 5 1 35 52
4/4 524 1 5 0 0 61 315 0 1 0 0 67 713 2 125 0 0 52 64 2 75 1 5 62 33 2 25 2 125 48 714 1 5 2 125 64 224 1 5 3 1667 59 222 0 1 2 225 40 713 0 1 2 225 39 64 0 1 2 225 47 314 0 1 2 225 45 64 0 1 2 225 47 35 2 125 2 225 56 224 3 667 3 3333 46
4/4 222 0 1 0 0 40 713 0 1 0 0 39 64 0 1 0 0 47 314 0 1 0 0 45 64 0 1 0 0 47 224 3 583 0 0 46 613 0 1 1 15 61 223 0 1 1 15 62 522 0 1 1 15 70 524 0 1 1 15 74 222 3 667 0 2 51 63 2 25 3 2667 56 524 2 25 2 325 69 613 1 5 2 325 53 524 3 333 3 3667 84
4/4 64 2 25 2 25 72 524 2 175 2 75 62 713 0 1 2 75 61 34 0 1 2 75 56 523 0 1 2 75 44 712 0 1 2 75 46 223 2 75 0 2 61 314 2 25 1 35 58
4/4 314 0 1 0 0 69 63 0 1 0 0 64 312 0 1 0 0 55 63 0 1 0 0 64 712 2 25 1 5 48 63 3 667 0 1 46 713 1 5 3 1667 46 314 2 75 2 225 55 64 2 25 2 275 48 316 0 1 3 3333 65 222 0 1 3 3333 55 315 3 667 3 3333 62
4/4 63 2 25 0 0 52 315 3 333 0 0 62 36 2 125 1 5 67 34 1 5 1 5 51 314 3 333 0 1 45 64 0 1 3 1667 48 715 0 1 3 1667 58 714 2 25 2 225 46 524 0 1 2 275 36 224 0 1 2 275 41 525 0 1 0 3 41 615 0 1 0 3 41 225 0 1 0 3 45 526 3 667 3 3333 57
4/4 524 0 1 0 0 36 224 0 1 0 0 41 526 3 583 0 0 57 526 2 25 0 1 61 526 3 667 3 1667 71 66 1 5 2 225 61 526 0 1 2 275 50 525 0 1 2 275 37 714 0 1 2 275 42 715 2 75 0 3 45 36 0 1 0 3 49
4/4 526 0 1 0 0 50 525 0 1 0 0 37 714 0 1 0 0 42 225 0 1 2 25 45 316 3 667 2 225 81 315 0 1 2 275 65 316 0 1 2 275 65 612 2 75 0 3 52 313 1 5 1 35 46
4/4 66 2 125 2 25 63 613 1 5 2 25 48 713 3 667 2 75 49 223 1 5 3 1333 50 66 2 25 0 2 61 314 1 5 0 2 45 66 1 15 1 25 62 64 3 667 3 2667 48 714 2 75 2 325 46
4/4 224 0 1 0 0 42 66 2 75 0 0 62 315 3 667 2 75 32 526 0 1 2 75 50 65 1 25 1 15 43 66 3 333 1 15 50 615 0 1 1 25 37 226 0 1 1 25 44 66 0 1 2 375 36 225 0 1 2 375 30 715 0 1 2 375 27
4/4 65 0 1 0 0 43 615 0 1 0 0 37 226 0 1 0 0 44 66 0 1 0 0 36 225 0 1 0 0 30 715 0 1 0 0 27
