4/4 31 0 1 0 3 53
4/4 71 3 667 0 0 49 42 2 25 0 1 46 52 0 2 0 2 28 22 0 1 0 3 32
4/4 52 3 333 0 0 28 31 0 1 0 3 36
4/4 71 2 75 0 0 48 42 2 25 2 75 38 52 2 225 2 175 49 43 2 125 2 275 30
4/4 52 2 125 0 0 57 73 0 1 3 3667 52 31 0 1 3 3667 38
4/4 73 0 1 0 0 64 31 0 1 0 0 42 71 1 5 3 667 34 42 2 25 3 1667 49 34 2 125 3 1667 63 52 3 1333 3 2667 53 23 1 5 1 35 63 22 3 333 3 3667 35
4/4 52 3 417 0 0 52 23 2 75 0 0 58 22 3 333 0 0 42 73 1 5 3 2667 78 13 3 333 3 3667 71 41 3 333 3 3667 44
4/4 13 0 7 0 0 62 41 3 667 0 0 54 11 3 667 2 75 31 52 2 25 3 1667 48 62 3 1333 3 2667 43 33 3 333 3 3667 49
4/4 62 3 2917 0 0 50 33 3 2667 0 0 30
4/4 13 0 1 0 0 70 63 0 1 0 0 58 41 0 1 0 0 53 12 1 5 0 1 55 53 2 25 2 175 43 64 2 75 2 175 67 63 2 25 2 275 48 63 3 667 3 3333 36 13 0 1 1 35 50 314 0 1 1 35 49 53 0 1 1 35 72 42 3 333 3 3667 37
4/4 63 3 2083 0 0 52 13 0 1 0 0 56 314 0 1 0 0 56 53 0 1 0 0 56 42 3 917 0 0 49 12 0 1 3 667 39 313 1 5 3 1667 46 314 1 5 1 25 82 63 2 75 2 325 54 13 0 1 3 3333 41 43 0 1 3 3333 60 41 1 5 1 35 44
4/4 63 2 425 0 0 39 13 0 1 0 0 55 43 0 1 0 0 58 41 1 5 0 0 38 11 3 667 3 333 41 52 2 25 3 1333 39 62 2 175 2 225 37 33 2 75 2 325 41
4/4 62 1 25 0 0 37 33 3 1917 0 0 36 54 1 5 2 125 78 64 1 5 0 2 72 223 0 1 2 275 60 43 0 1 2 275 67 74 0 1 0 3 79 52 2 75 2 325 59
4/4 72 2 125 0 0 46 223 0 1 0 0 52 43 0 1 0 0 47 74 0 1 0 0 77 52 2 25 0 0 49 222 0 1 0 1 55 43 0 1 2 175 41 73 0 1 2 175 61 223 0 1 2 275 49 74 0 1 2 275 54 72 0 1 2 275 44
4/4 44 3 333 3 667 54 314 1 25 1 15 58 11 0 1 1 25 61 52 3 667 3 3333 57
4/4 314 1 35 0 0 71 52 3 333 0 0 51 12 2 25 3 333 56 43 0 2 3 1333 36 313 0 1 3 2333 36 72 0 1 3 2333 41
4/4 44 0 1 2 25 69 221 0 1 2 25 45 54 1 5 0 1 81 13 0 1 2 175 65 33 0 1 2 175 53 64 2 175 0 2 74 41 0 1 0 2 55 11 1 5 0 3 39 62 2 25 2 375 58
4/4 13 0 1 0 0 51 33 0 1 0 0 61 12 2 175 2 75 36 64 3 333 2 75 57 64 0 1 2 175 47 63 0 1 2 175 32 12 0 1 2 175 56 34 3 333 3 3667 63
4/4 23 3 3333 3 667 65 71 0 1 1 15 48 42 3 667 1 25 52 12 1 5 1 35 41
4/4 23 3 2667 0 0 76 33 0 2 3 333 41 73 0 1 3 1333 40 21 0 1 3 1333 29 34 1 5 3 3333 68
4/4 44 3 333 3 333 69 22 0 1 0 1 48 53 0 1 0 1 63 72 0 1 0 1 75 51 0 1 3 1333 35 21 2 175 2 225 65 72 3 333 0 3 72
4/4 52 3 333 0 0 68 21 2 25 0 0 50 222 3 2333 3 667 52 313 2 325 3 667 66 73 2 225 0 1 74 521 0 1 0 1 71 312 3 1667 2 175 69 72 1 5 2 275 58 222 2 25 2 375 66
4/4 12 0 1 2 25 49 32 0 1 2 25 54 63 0 1 3 667 45 72 0 1 3 667 58 41 0 1 3 667 40 11 1 5 3 1667 51 62 0 1 3 2667 54 12 2 25 3 3667 53
4/4 22 3 3333 3 667 40 312 3 3333 3 667 27 523 0 1 3 667 46 72 0 1 3 667 49 223 3 2333 0 1 46 713 3 667 3 3333 51
4/4 22 3 667 0 0 31 312 3 167 0 0 20 713 3 583 0 0 43 72 0 1 1 15 33 22 0 1 1 15 47 52 0 1 1 15 42 73 0 1 2 175 43 31 0 1 2 175 37 71 1 5 0 3 50
4/4 34 3 1667 0 0 59 52 2 25 0 0 56 72 2 275 2 75 55 23 0 2 0 2 54 53 3 1333 0 2 30
4/4 73 1 5 2 75 74 33 1 25 1 15 51 53 0 1 3 1667 38 63 0 1 3 1667 63 12 0 1 3 1667 70 41 0 1 2 175 43 11 3 667 2 275 48 52 3 333 3 3667 53
4/4 53 0 1 0 0 33 63 0 1 0 0 59 12 0 1 0 0 57 52 3 167 0 0 61 62 0 1 1 5 77 12 3 2667 3 1333 73 33 3 1667 3 2333 59 53 3 333 2 325 50
4/4 12 3 833 0 0 64 63 0 2 2 25 56 13 0 2 2 125 73 42 2 125 2 125 51 12 2 175 2 225 42 64 0 1 2 325 68 52 0 1 2 325 46
4/4 12 2 25 0 0 62 63 3 333 2 25 48 42 0 1 0 1 38 312 0 1 0 1 47 63 0 1 0 1 36 12 0 1 0 1 46 54 2 175 1 15 59
4/4 314 1 5 2 25 72 63 0 1 0 1 41 13 0 1 0 1 53 43 0 1 0 1 49 41 0 1 2 125 50 11 2 75 2 225 53 62 3 667 0 3 44
4/4 12 3 3667 0 0 55 63 0 1 0 0 39 13 0 1 0 0 36 43 0 1 0 0 49 43 1 15 0 1 68 44 0 1 0 2 79 62 0 1 0 2 79 54 0 1 2 275 82 73 0 1 2 275 79 52 0 1 2 275 56 64 2 25 2 375 69 13 2 25 2 375 70
4/4 64 3 417 0 0 81 73 0 1 1 5 60 222 0 1 1 5 69 44 3 2667 2 75 69 51 0 1 2 75 65 74 2 225 0 1 76 42 1 5 2 175 73 72 2 125 3 2667 76 74 3 333 3 3667 79 222 3 333 3 3667 63
4/4 222 3 2917 0 0 63 73 0 1 2 25 31 222 0 1 2 25 41 44 0 1 1 5 53 73 0 1 1 5 57 43 2 125 1 5 30 52 0 1 1 25 44 43 0 1 1 25 65 314 3 667 3 3333 73
4/4 314 0 4 0 0 71 11 0 1 2 25 53 52 2 75 2 125 49 12 0 1 0 2 63 43 0 1 0 3 30
4/4 313 2 125 0 0 57 314 3 1583 0 0 86 43 2 125 0 0 43 44 1 5 0 2 61 54 1 5 0 3 65 13 0 1 1 35 62 33 0 1 1 35 52
4/4 64 2 225 0 0 64 41 0 1 0 0 55 13 0 1 0 0 61 33 0 1 0 0 50 11 3 667 2 75 45 62 2 25 2 175 50 12 0 1 2 275 37 64 3 333 2 275 60 64 0 1 3 3667 56 33 0 1 3 3667 41 12 0 1 3 3667 50 63 2 25 2 375 28
4/4 63 2 75 0 0 42 64 0 1 0 0 54 33 0 1 0 0 37 12 0 1 0 0 53 13 3 2333 3 1667 67 54 1 15 1 25 68 71 1 5 1 35 43
4/4 13 3 1417 0 0 58 54 1 5 0 0 76 71 1 5 0 0 51 42 3 667 1 5 51 44 3 1333 3 1333 69 12 2 25 3 1333 48 33 2 25 3 2333 43 63 0 1 0 3 35 713 0 1 2 325 27 22 0 1 2 325 35 33 0 1 2 325 43
4/4 63 0 2 0 0 46 713 0 1 0 0 37 22 0 1 0 0 43 33 0 1 0 0 40 23 3 667 3 1333 58 63 2 125 2 275 36 73 0 1 0 3 41 33 0 1 0 3 57 32 2 75 2 325 38
4/4 12 0 4 0 0 46 63 2 75 0 0 39 73 0 1 0 0 39 33 0 1 0 0 52 32 2 425 0 0 31 33 0 3 0 1 45 63 2 75 0 2 57 74 2 75 2 275 57 73 2 25 2 375 40
4/4 73 2 25 0 0 48 712 0 1 2 75 35 33 0 1 2 75 36 34 0 1 2 75 28 31 0 1 2 75 12 64 2 75 2 125 57 53 0 1 0 3 40 72 0 1 0 3 51 31 2 75 2 325 35 54 2 75 2 325 44
4/4 53 0 1 0 0 34 72 0 1 0 0 46 31 1 5 0 0 48 54 2 175 0 0 57 71 2 75 2 25 41 52 2 75 2 125 44 72 0 2 0 2 53 33 0 1 0 3 63
4/4 72 1 25 0 0 56 33 2 25 0 0 65 43 3 333 2 25 53 53 2 25 1 5 61 63 3 333 2 75 63 73 0 1 0 1 73 12 0 1 0 1 62 223 2 25 1 15 67 34 0 1 3 1667 78 43 0 1 3 1667 63 54 2 25 0 2 77 64 3 333 3 2333 83 74 0 1 1 25 64 13 0 1 1 25 85 224 0 1 0 3 80 71 2 75 2 325 76
4/4 42 2 75 0 0 73 224 2 75 0 0 90 71 3 583 0 0 65 12 2 75 0 1 62 224 2 25 2 175 89 222 2 175 2 175 52 223 0 1 3 2333 43 43 0 1 3 2333 41 64 0 1 3 2667 57 63 0 1 3 2667 35 223 0 1 3 2667 68
4/4 14 3 667 0 0 79 71 0 1 1 5 59 74 1 5 1 15 65 223 0 1 0 2 39 43 0 1 0 2 61 64 0 1 2 225 49 223 0 1 2 225 69 31 2 75 2 225 64 32 2 25 2 325 53
4/4 62 0 1 0 0 50 223 0 1 0 0 51 43 0 1 0 0 61 64 0 1 0 0 44 223 0 1 0 0 80 222 2 25 0 1 41 44 0 1 0 2 37 63 0 1 0 2 47 42 0 1 0 2 39 223 1 5 0 2 45 44 0 1 0 3 87
4/4 62 0 1 0 0 66 223 0 1 0 0 80 74 2 25 0 1 81 13 0 1 1 15 52 33 0 1 1 15 54 54 0 1 3 1667 64 13 0 1 3 1667 83 61 0 1 2 175 64 32 2 75 3 2667 57 72 3 333 3 3667 49
4/4 12 2 275 1 5 53 14 1 5 1 5 73 13 0 1 2 125 42 34 0 1 2 125 49 53 0 1 2 125 45 53 3 1667 1 15 37 14 3 667 1 15 55 74 2 75 0 3 62
4/4 64 2 25 2 25 66 13 3 2333 2 75 46 314 0 1 2 75 38 54 0 1 2 75 56 13 0 1 2 75 68 61 2 75 0 1 48 312 1 15 0 2 53 12 1 5 0 3 47
4/4 13 2 25 0 0 43 42 0 1 0 1 32 61 0 1 0 1 45 61 0 1 0 1 34 63 0 1 0 1 51 11 0 1 0 1 60 73 1 5 0 2 50 13 3 333 3 2333 60 223 2 25 3 2667 56 34 0 1 0 3 75 43 0 1 0 3 63 54 2 25 3 3333 74 64 0 1 1 35 59 73 0 1 1 35 82
4/4 14 3 333 0 0 82 224 2 25 2 25 78 35 3 333 1 5 73 221 0 1 2 75 70 315 1 15 2 75 75 62 3 667 2 175 66 33 1 5 3 2667 69 313 1 5 1 35 50 315 1 5 1 35 87
4/4 314 0 1 0 0 58 63 0 1 0 0 62 313 0 1 0 0 53 714 0 1 3 333 77 314 0 1 3 333 81 713 3 333 3 333 48 35 2 75 3 1667 78 221 2 175 0 2 52 224 3 667 0 3 87 314 0 1 1 35 61 63 0 1 1 35 64 714 2 25 2 375 64
4/4 521 0 1 0 0 61 315 0 4 0 0 76 714 2 325 0 0 78 314 0 1 0 0 45 63 0 1 0 0 55 221 0 1 2 75 45 62 3 667 2 175 53 712 2 25 3 2667 50 72 0 1 3 3667 44 521 0 1 3 3667 42 524 0 1 3 3667 52 73 0 1 3 3667 55
4/4 72 0 1 0 0 56 521 0 1 0 0 42 315 2 75 0 0 74 524 0 1 0 0 50 73 0 1 0 0 45 524 3 667 3 667 69 222 0 1 3 1333 45 72 0 1 3 1333 57 314 0 1 1 15 59 223 0 1 1 15 58 315 1 5 2 175 86 224 3 333 2 275 67 34 0 1 3 3333 50 523 0 1 3 3333 46 74 0 1 3 3667 59 34 0 1 3 3667 73 711 2 25 2 375 51
4/4 34 0 1 0 0 51 523 0 1 0 0 40 74 0 1 0 0 54 34 0 1 0 0 72 711 2 75 0 0 57 522 0 1 2 75 53 72 0 1 1 15 43 33 0 1 1 25 43 34 0 1 1 25 74 34 0 1 3 3333 42 523 0 1 3 3333 43 523 0 1 1 35 33 72 0 1 1 35 35 35 1 5 1 35 64
4/4 34 0 1 0 0 47 523 0 1 0 0 39 523 0 1 0 0 37 72 0 1 0 0 37 224 1 5 0 1 59 714 2 25 3 2333 51 72 0 1 3 3333 36 63 0 1 3 3333 34 13 0 1 3 3333 41 33 0 1 3 3333 45 74 2 25 2 375 36
4/4 72 0 1 0 0 19 63 0 1 0 0 24 13 0 1 0 0 41 33 0 1 0 0 48 74 2 225 0 0 34
4/4 72 0 1 2 25 27 63 0 1 2 25 33 43 0 1 2 25 45 23 3 3667 3 333 41 64 0 1 1 5 45 223 0 1 1 5 35 714 0 1 2 275 45
4/4 73 0 1 0 1 22 23 0 1 0 1 44 53 0 1 0 1 35 31 0 1 2 125 39 73 0 1 2 125 40 71 3 667 1 25 50 35 0 1 1 35 53 53 0 1 1 35 59 52 2 25 1 35 56
4/4 35 0 1 0 0 55 53 0 1 0 0 66 72 2 325 1 5 50 23 0 1 2 125 45 53 0 1 2 125 30 53 0 1 1 15 32 23 0 1 1 15 56
4/4 74 1 5 2 75 62 13 1 25 1 15 34 34 0 1 1 15 49 53 0 1 1 15 49 14 2 225 2 175 72 41 0 1 2 175 57 11 2 75 3 2667 65 52 1 5 1 35 71
4/4 13 3 2833 0 0 39 34 0 1 0 0 42 53 0 1 0 0 52 14 2 275 0 0 65 52 2 25 0 0 64 62 0 1 1 5 59 33 0 1 1 15 61 12 3 1667 3 2333 58 53 1 5 1 35 58
4/4 53 1 5 0 0 43 12 3 1333 0 0 54 63 0 2 1 5 56 13 3 1667 1 15 67 42 0 1 1 15 54 12 3 1667 3 2333 48 64 0 1 3 3333 85 52 0 1 3 3333 42
4/4 12 3 333 0 0 59 63 3 333 3 333 62 42 0 1 0 1 39 63 0 1 0 1 29 313 0 1 0 1 40 12 0 1 0 1 52 314 0 1 3 1333 53 53 0 1 3 1333 63
4/4 314 3 333 3 667 73 53 0 1 2 125 38 63 0 1 2 125 50 12 0 1 2 125 51 41 0 1 3 1667 46 44 3 2333 3 1667 46 11 2 75 1 25 44 62 3 333 1 35 41
4/4 53 0 1 0 0 40 63 0 1 0 0 39 12 0 1 0 0 40 44 3 1667 0 0 60 12 1 35 1 5 54 43 2 125 1 15 54 44 0 1 1 25 72 62 0 1 1 25 61 54 0 1 3 3333 80 72 0 1 3 3333 70 42 1 5 1 35 48
4/4 12 2 25 0 0 49 42 1 5 0 0 40 64 0 1 3 333 84 12 0 1 3 333 73 73 0 1 0 1 58 223 0 1 0 1 56 43 0 1 0 1 70 51 0 1 3 1333 48 74 3 2333 3 1333 62 52 3 667 3 2333 59 72 2 75 2 325 67
4/4 72 1 5 0 0 60 222 1 25 2 25 58 74 3 333 2 25 57 223 0 1 2 125 51 72 0 1 2 125 39 74 3 667 2 125 57 43 3 1667 2 125 33 44 3 333 2 325 72
4/4 314 2 375 2 25 68 11 2 125 0 1 59 52 0 1 0 2 61 12 2 25 0 3 37
4/4 43 2 175 0 0 38 314 2 225 0 0 64 73 0 1 0 1 57 312 0 1 0 1 36 44 0 1 0 3 73 11 0 1 0 3 40
4/4 54 2 75 0 0 84 13 0 1 2 75 60 33 0 1 2 75 52 41 0 1 0 1 63 64 2 225 0 1 71 11 3 667 0 2 55 62 2 25 0 3 55
4/4 12 0 4 0 0 37 64 3 333 0 0 60 63 0 1 0 1 46 12 0 1 0 1 43 64 1 15 0 1 53 13 0 1 0 3 41
4/4 54 2 225 0 0 63 12 3 333 0 0 37 43 0 1 0 1 37 71 0 1 0 1 43 63 0 3 0 1 29 44 2 75 2 325 58
4/4 72 2 275 2 125 28 63 0 1 2 125 33 712 0 1 2 125 16 34 3 2667 3 1333 51 23 1 5 1 35 35
4/4 72 1 5 0 0 38 63 0 1 0 0 28 712 0 1 0 0 19 23 2 75 0 0 38 34 0 1 0 2 56 713 0 1 0 2 41 73 0 1 0 2 38 61 0 1 0 2 45 32 2 75 2 325 44
4/4 35 0 1 2 25 61 714 0 1 2 25 50 71 0 1 2 25 45 712 2 125 2 125 57 224 0 1 0 2 52 74 0 1 0 2 56 32 0 1 0 2 37 73 0 1 0 3 45
4/4 714 0 1 0 0 43 713 1 5 2 25 44 34 3 333 0 1 53 74 2 175 2 225 47 33 2 175 2 225 37
4/4 74 2 25 0 0 53 33 2 525 0 0 34 64 1 25 1 5 34 34 3 1333 3 2667 47
4/4 34 3 1333 0 0 38 44 3 1333 2 125 46 53 0 1 2 375 18 73 0 1 2 375 23 22 0 1 2 375 19
4/4 54 0 4 0 0 35 53 0 1 0 0 16 73 0 1 0 0 28 22 0 1 0 0 24 31 3 1667 2 25 33 71 0 1 1 15 26 52 0 1 3 2667 42 72 3 333 3 3667 33
4/4 54 1 45 0 0 44 72 3 667 0 0 30 22 1 5 3 667 30 53 2 225 2 175 47 73 0 1 0 3 33
4/4 53 2 25 0 0 50 73 3 333 0 0 47 23 3 2667 3 333 41 24 2 25 3 2667 31
