4/4 73 0 1 2 25 53 34 0 1 0 1 64 44 2 75 3 1667 79 33 0 1 3 2333 45 72 0 1 3 2333 61 524 3 1667 3 2333 59
4/4 33 0 1 0 0 48 72 0 1 0 0 59 524 3 667 0 0 66 44 0 1 3 667 58 524 0 1 1 15 60 74 3 333 0 3 69
4/4 73 0 1 3 333 19 223 0 1 3 333 34 42 0 1 3 333 29 222 0 1 1 5 29 223 0 1 1 5 27 43 0 1 1 5 26 43 0 1 1 5 37
4/4 73 0 1 0 0 21 223 0 1 0 0 24 42 0 1 0 0 40 222 0 1 0 0 21 223 0 1 0 0 28 43 0 1 0 0 37 43 0 1 0 0 38 73 3 333 2 125 64 73 2 25 0 2 76 33 3 1333 3 2667 47 73 2 125 2 275 41 712 2 125 2 275 48 34 0 1 0 3 55
4/4 33 3 667 0 0 35 73 3 1083 0 0 50 712 1 35 0 0 49 34 2 75 0 0 47 223 0 1 0 1 55 34 1 15 0 2 65 524 2 25 1 35 60
4/4 223 0 1 0 1 40 523 0 1 0 1 45 42 0 1 0 1 32 72 0 3 0 1 46
4/4 223 0 1 0 0 49 523 0 1 0 0 44 42 0 1 0 0 32 72 3 2333 0 0 47 73 3 333 0 2 61 713 0 1 1 35 67 522 0 1 1 35 41 62 0 1 1 35 47 32 0 1 1 35 34
4/4 713 0 1 0 0 53 522 0 1 0 0 49 62 0 1 0 0 42 32 0 1 0 0 35 73 0 1 3 1667 50 713 1 5 3 2333 69 524 2 25 2 375 73
4/4 524 3 83 0 0 68 63 3 2333 3 1333 38 73 0 1 3 1333 58 521 0 1 3 1333 31 22 3 1667 3 1333 48
4/4 73 0 1 0 0 55 521 0 1 0 0 49 33 1 25 2 25 39 524 2 25 0 1 61 524 2 25 3 1667 64 524 3 333 3 2333 77 33 0 1 0 3 33 41 0 1 0 3 31 613 0 1 0 3 48 13 2 75 2 325 55 44 3 667 3 3333 58
4/4 33 0 1 0 0 42 41 0 1 0 0 40 613 3 3667 0 0 31 13 3 583 0 0 56 44 3 2083 0 0 67 13 3 333 3 1333 39 13 2 175 0 2 52 44 1 5 1 35 53
4/4 43 0 1 2 125 33 71 0 1 2 125 47 34 0 1 2 125 41 43 0 1 2 125 38 13 2 275 2 125 46
4/4 43 0 1 0 0 30 71 0 1 0 0 49 34 0 1 0 0 32 43 0 1 0 0 50 13 2 25 0 0 37 23 3 1333 3 333 24 34 3 333 2 225 53 44 3 333 0 3 77 73 3 333 3 3667 48
4/4 524 0 2 0 0 56 32 0 1 0 0 54 73 3 2417 0 0 47 72 2 75 0 1 50 43 2 75 3 1667 54 44 0 1 3 2333 80 71 0 1 3 2333 61 524 0 1 0 3 84 522 0 1 0 3 53 72 3 333 3 3667 50
4/4 72 3 333 0 0 51 32 0 1 2 25 61 73 0 1 2 25 75 72 3 333 2 75 44 73 0 1 0 1 44 222 0 1 0 1 68 44 0 2 3 1333 65 221 2 75 1 15 59 72 1 5 2 225 43 43 1 5 2 275 57 523 1 5 1 35 48
4/4 523 2 175 0 0 38 73 0 1 1 5 42 223 0 1 1 5 51 223 3 333 2 275 72 33 3 667 3 3333 56 73 0 1 1 35 54 33 0 1 1 35 61 711 1 5 1 35 44
4/4 33 3 1083 0 0 43 73 0 1 0 0 45 33 0 1 0 0 59 711 1 5 0 0 55 522 2 75 3 333 48 222 2 75 0 1 69 522 2 75 3 1667 59 223 1 5 3 1667 78 73 2 25 3 1667 38 34 0 1 2 225 75 523 2 175 2 225 75 33 1 5 2 225 43 522 3 667 0 3 52 711 1 5 1 35 48 524 3 333 1 35 64
4/4 711 2 25 0 0 66 522 3 667 2 25 48 523 0 1 1 5 42 62 0 1 1 5 47 223 2 325 2 75 69 71 3 667 0 1 49 522 1 5 1 15 50 222 2 175 2 225 48 523 0 1 0 3 50 72 2 25 2 375 37
4/4 222 1 15 0 0 49 523 2 175 0 0 44 223 0 2 0 0 55 72 1 15 0 0 31 33 0 1 2 275 53 522 0 1 2 275 47 61 0 1 0 3 59 712 0 1 0 3 76 32 3 333 3 3667 47
4/4 72 1 5 3 333 65 524 3 333 0 1 79 712 2 125 0 1 62 44 1 15 1 15 88 523 3 667 3 1667 73 33 2 75 2 225 48 62 2 75 2 275 50 524 3 333 1 35 84
4/4 73 1 15 2 25 49 223 0 1 3 333 67 44 0 1 3 333 68 31 0 1 3 333 73 63 0 1 3 333 72 71 1 5 0 1 37 64 1 5 3 1333 77 32 3 333 3 1667 63 74 1 5 3 2333 67 522 2 75 3 2333 60 524 0 1 0 3 80 72 0 1 0 3 47 73 0 1 0 3 62 43 2 25 2 375 59
4/4 524 0 1 0 0 74 72 2 25 0 0 46 73 1 5 0 0 77 523 1 5 1 5 43 73 2 25 0 1 63 62 2 225 2 175 35 523 0 1 2 175 40 72 0 1 2 175 55 713 3 1667 0 2 61 524 3 667 2 225 55 44 2 75 2 275 71 34 1 5 1 35 58
4/4 62 3 417 0 0 43 34 0 1 0 1 40 43 0 1 0 1 40 72 0 1 0 1 52 42 0 1 0 1 29 73 0 1 0 1 54 73 3 333 1 25 34 33 2 25 2 375 31
4/4 63 3 3667 0 0 39 73 0 4 0 0 37 33 2 275 0 0 30 34 2 375 2 25 42 31 2 75 2 25 41 71 3 667 0 1 49 32 2 25 1 15 64 62 0 1 2 225 46 72 0 1 0 3 63 33 2 25 2 375 48
4/4 33 2 75 0 0 51 73 3 667 0 0 50 34 1 65 0 0 53 72 1 15 0 0 56 43 0 1 1 5 61 63 3 333 1 15 40 72 2 125 2 275 26 523 0 1 2 275 25 32 0 1 2 275 39 32 0 1 0 3 19
4/4 72 0 4 0 0 31 523 0 1 0 0 33 32 0 1 0 0 26 32 0 4 0 0 33
4/4 34 0 1 0 0 77 72 3 1083 0 0 25 32 2 75 0 0 14 44 2 75 2 75 74 524 3 2333 1 15 67 32 3 667 1 15 47 523 0 1 0 3 42 71 0 1 0 3 39 44 2 25 2 375 69
4/4 44 1 5 0 0 67 523 0 1 1 5 55 523 0 1 1 5 82 72 2 75 1 5 43 74 3 2333 2 125 84 73 0 2 3 1667 68 44 2 225 2 175 72 221 1 5 2 175 58 72 2 75 2 325 34 43 3 667 3 3333 39
4/4 44 3 83 0 0 82 72 2 125 0 0 40 43 3 833 0 0 33 73 1 5 0 1 41 33 0 1 3 2333 42 711 0 1 3 2333 39 73 2 125 1 25 52 34 3 1333 3 2667 56
4/4 33 0 1 0 0 50 521 0 1 0 0 43 34 3 167 0 0 52 223 1 5 3 667 77 33 0 1 2 125 72 34 0 1 2 125 79 523 0 1 2 125 72 521 0 1 2 125 62 524 2 25 0 2 88 223 3 1333 3 2667 70 523 3 1333 3 2667 56 71 1 5 3 2667 54
4/4 222 0 1 0 0 36 522 0 1 0 0 46 42 0 1 0 0 46 223 3 2167 0 0 69 73 2 25 1 25 72 33 0 1 0 3 49 522 0 1 0 3 46 713 3 667 3 3333 53 61 1 5 1 35 41
4/4 33 0 1 0 0 36 522 0 1 0 0 42 713 3 833 0 0 62 61 3 167 0 0 49 712 0 1 2 75 39 31 0 1 2 75 56 73 1 5 1 15 85 712 0 1 0 2 74 712 0 1 0 2 76 32 0 1 2 225 62 524 2 25 2 275 87 22 1 5 1 35 48 521 3 333 3 3667 51 73 3 333 3 3667 74
4/4 22 3 1167 0 0 48 521 3 333 0 0 61 73 3 2167 0 0 79 33 2 75 2 125 56 32 0 1 2 125 42 71 0 1 2 125 44 524 3 333 0 3 71
4/4 43 0 1 0 0 38 612 0 1 0 0 46 13 0 1 2 25 60 43 0 1 2 25 53 41 2 75 3 333 58 11 3 667 0 1 66 612 2 25 3 1667 86 13 0 1 2 225 86 11 0 1 2 225 64 13 0 1 0 3 82 43 0 1 0 3 77 612 0 1 0 3 67 12 0 1 1 35 77 43 0 1 1 35 75
4/4 34 0 2 2 25 86 44 2 175 2 25 73 73 0 1 2 25 64 42 0 1 2 25 80 71 2 75 2 25 64 42 1 5 0 1 67 23 0 1 1 15 75 21 0 1 1 15 74 72 0 1 2 225 81 43 2 25 0 3 80 34 2 75 0 3 89 44 3 333 3 3667 95 71 3 333 3 3667 71
4/4 44 3 167 0 0 86 71 3 417 0 0 72 73 0 1 2 25 69 33 0 1 2 25 66 31 2 75 3 333 67 524 3 1333 1 5 88 71 1 5 2 125 60 522 2 25 2 175 73 72 0 1 1 25 68 43 0 1 1 25 91 523 0 1 0 3 71 524 0 1 0 3 91 72 0 1 0 3 85 74 2 25 2 375 89
4/4 73 0 1 2 25 59 223 0 1 2 25 76 43 0 1 2 25 72 221 0 1 3 333 60 43 0 1 3 333 69 221 2 25 0 1 76 45 0 1 2 175 70 44 0 1 2 175 62 221 0 1 2 175 42 74 1 15 2 175 70 43 0 1 2 175 55 221 0 1 2 175 48 224 0 1 2 325 57 44 0 1 2 325 52 222 0 1 2 325 34 42 0 1 2 325 35 73 0 1 2 325 36 42 0 1 2 325 35
4/4 34 0 1 1 5 57 523 0 1 1 5 65 74 0 1 2 75 66 711 0 1 2 75 59 34 0 1 2 75 74 521 1 5 1 15 67 32 1 5 2 225 64 522 3 667 2 275 74 223 3 333 2 275 84 34 0 1 1 35 80 33 0 1 1 35 69 523 0 1 1 35 91 71 0 1 1 35 67
4/4 524 2 25 0 0 84 222 0 1 3 667 53 523 0 1 3 667 73 71 0 1 3 667 83 223 0 1 3 667 84 62 0 1 3 667 62 71 1 5 1 15 66 224 0 1 0 2 75 223 0 1 0 2 67 221 0 1 0 2 47 523 0 1 0 2 56 522 1 5 2 275 59 74 0 1 1 35 56 222 0 1 1 35 58 222 2 25 1 35 35
4/4 74 0 1 0 0 59 222 0 1 0 0 44 33 2 25 3 333 56 713 0 1 2 75 55 33 0 1 2 75 50 524 0 1 0 1 64 61 0 1 0 1 55 713 0 1 0 1 70 32 3 333 3 1667 59 72 1 5 3 2333 84 524 0 1 0 3 82 712 0 1 0 3 54 524 0 1 0 3 76 523 3 333 3 3667 63 45 0 1 3 3667 81 43 0 1 3 3667 82
4/4 523 3 333 0 0 66 524 0 1 3 333 78 524 0 1 3 333 78 64 0 1 2 75 59 224 0 1 2 75 71 45 0 1 2 75 63 31 0 1 2 75 78 64 0 1 2 75 75 71 3 333 3 1667 58 522 2 25 2 225 56 75 2 75 0 3 69 72 2 25 0 3 46 525 0 1 3 3667 53 74 0 1 3 3667 56 42 0 1 3 3667 48
4/4 525 0 1 0 0 56 74 0 1 0 0 54 42 0 1 0 0 33 523 2 25 1 5 54 62 0 1 2 125 46 33 0 1 2 125 35 713 0 1 2 125 45 523 0 1 2 125 51 714 2 125 1 15 65 525 3 667 3 1667 61 45 1 5 3 2333 68 35 2 75 0 3 79
4/4 72 0 1 1 5 42 43 0 1 1 5 43 22 0 1 1 5 43 44 0 1 3 667 48 44 0 1 3 667 54 74 2 25 1 15 66 34 0 2 0 2 32 64 0 1 2 225 31 74 0 1 2 225 56 34 0 1 2 225 65 32 0 1 3 2333 54 72 3 667 0 3 55 33 2 25 3 3667 44
4/4 34 0 1 0 0 52 64 0 1 0 0 42 74 0 1 0 0 54 34 0 1 0 0 66 63 0 1 3 333 47 73 2 75 0 1 54 64 0 1 2 175 45 43 0 1 2 175 42 34 0 1 2 275 31 33 0 1 2 275 30 73 0 1 2 275 32 523 0 1 2 275 39
4/4 34 0 1 0 0 36 33 0 1 0 0 37 73 0 1 0 0 39 523 0 1 0 0 41 63 0 1 2 275 34 223 0 1 2 275 45 523 0 1 2 275 55 43 0 1 0 3 32 523 0 1 0 3 50 64 2 25 2 375 66
4/4 64 3 417 0 0 78 73 0 1 3 333 50 222 0 1 3 333 49 524 0 1 3 667 42 73 0 1 3 667 55 521 0 1 3 667 33 221 3 667 3 1667 52 72 1 5 3 2333 70 222 0 1 0 3 69 64 3 333 0 3 70 73 3 333 3 3667 75 74 3 333 3 3667 95
4/4 222 1 5 0 0 72 73 3 333 0 0 83 523 0 1 2 25 63 223 0 1 2 25 80 223 0 1 2 75 78 63 0 1 2 75 72 42 2 75 0 1 79 222 2 75 1 15 76 63 3 667 2 225 80 222 2 75 2 275 60 223 0 1 3 3333 71 42 0 1 3 3333 62
4/4 222 3 667 0 0 56 73 0 1 3 333 63 222 0 1 3 333 75 524 1 15 3 667 79 32 2 75 3 667 72 72 3 667 3 1333 60 523 1 5 0 2 77 72 2 75 1 25 63 44 3 333 1 25 81 524 0 1 2 325 79 73 0 1 2 325 65 42 0 1 2 325 62 72 0 1 2 375 59 73 0 1 2 375 76
4/4 63 0 1 3 333 53 223 0 1 3 333 60 43 0 1 3 333 73 71 2 75 1 5 67 42 3 667 2 125 68 222 3 667 2 175 76 42 2 25 3 2333 73 223 0 1 0 3 82 72 0 1 0 3 79 42 0 1 0 3 79 42 2 25 3 3667 64
4/4 33 0 1 2 25 63 523 0 1 2 25 53 73 0 1 2 25 72 33 0 1 2 25 63 711 2 75 1 5 73 522 0 1 2 125 46 43 0 1 2 125 63 524 0 1 2 175 89 32 0 1 2 175 54 63 2 125 3 2333 77 711 0 1 0 3 70 44 0 1 0 3 79 222 0 1 0 3 76 64 3 333 3 3667 75 62 2 25 3 3667 55
4/4 73 0 1 0 0 60 223 0 1 0 0 62 523 0 1 0 0 91 64 3 167 0 0 83 71 2 75 2 25 81 522 3 667 0 1 66 222 3 333 1 15 63 522 2 75 2 225 57 223 2 25 2 225 72 223 0 1 2 275 83 522 0 1 2 275 73 72 2 75 2 275 65 522 2 25 1 35 77 713 0 1 2 375 59 33 0 1 2 375 46
4/4 524 0 1 0 0 61 714 0 1 0 0 86 61 0 1 0 0 56 713 0 1 0 0 71 33 0 1 0 0 45 32 3 667 2 75 69 712 2 25 3 1333 47 74 1 5 3 1333 58 713 0 1 0 2 70 32 0 1 0 2 47 523 2 25 3 2667 47 64 0 1 3 2667 67 33 0 1 3 2667 61 524 3 333 3 3333 67 73 0 1 3 3667 47 33 0 1 3 3667 42
4/4 44 0 3 0 0 56 71 3 667 0 0 43 74 0 4 0 0 54 73 0 1 0 0 60 33 0 1 0 0 42 42 1 5 3 667 44 72 2 25 2 125 53 33 2 75 0 2 44 34 0 1 1 25 50 42 0 1 1 25 46 13 2 25 2 325 41
4/4 73 0 1 0 0 35 22 0 1 0 0 48 72 0 1 0 0 32 42 0 1 0 0 30 74 2 75 0 0 71 74 0 1 1 15 24 74 0 1 1 15 46 74 3 667 3 3333 70
4/4 74 0 3 0 0 82 524 1 15 0 1 52 35 0 2 0 1 52 33 0 1 0 1 34 73 3 333 2 175 52 44 1 5 3 2333 76 524 2 25 0 3 82 44 0 1 1 35 41 43 0 1 1 35 25 223 0 1 1 35 39 63 0 1 1 35 60 224 2 25 2 375 51
4/4 224 3 83 0 0 63 523 2 275 2 125 27 223 2 275 2 125 34 74 0 1 2 125 52 64 0 1 0 2 51 524 2 125 2 275 37
4/4 523 1 15 0 0 28 223 2 75 0 0 44 524 1 5 0 0 46 524 1 5 3 1333 78 222 2 225 2 175 48 63 0 2 0 2 66 223 0 1 0 2 51 44 0 1 0 2 57 63 0 1 0 2 77 524 1 5 1 35 75
4/4 64 1 5 0 0 64 223 0 1 0 0 80 63 0 1 0 0 49 222 3 417 0 0 63 524 3 167 0 0 59 224 1 5 1 15 78 223 0 1 0 2 44 524 0 1 0 2 65 73 0 1 0 2 61 522 2 75 2 225 54 222 1 5 2 275 62 73 1 5 1 35 62
4/4 73 2 25 0 0 71 223 2 25 2 25 87 72 0 1 1 5 72 62 0 1 1 5 75 23 0 1 2 75 74 44 0 1 2 75 69 73 0 1 2 75 96 44 3 1333 0 2 43 524 0 1 0 2 55 73 0 1 0 2 63 32 2 75 2 225 77 35 1 15 2 225 81 72 2 75 2 275 48 523 2 25 1 35 50
4/4 34 2 25 0 0 69 223 0 1 3 667 44 44 0 1 3 667 49 42 0 1 3 667 60 64 0 1 3 667 68 223 0 1 3 667 63 222 2 25 3 1333 59 223 2 225 2 175 46 524 0 1 0 2 43 522 0 1 0 2 59 73 0 1 0 2 56 222 1 5 2 275 52 64 2 75 2 275 50 73 1 5 1 35 47 524 1 5 1 35 55
4/4 63 2 75 0 0 46 223 2 75 0 0 45 73 3 167 0 0 54 524 3 833 0 0 48 523 3 667 2 75 39 524 1 5 3 1333 67 223 0 1 0 2 39 221 0 1 0 2 25 44 0 2 0 2 37 63 0 2 0 2 35 64 2 125 2 225 41 524 1 5 1 35 44
4/4 223 0 1 0 0 30 221 0 1 0 0 24 44 2 25 0 0 53 63 2 75 0 0 48 524 2 25 0 0 47 64 1 5 2 25 50 44 2 25 1 15 49 34 2 175 2 225 67 712 2 175 2 225 51 33 3 667 0 3 47 523 1 5 1 35 51
4/4 34 2 475 0 0 71 712 2 25 0 0 46 33 2 75 2 25 43 523 3 667 2 75 56 33 3 667 3 1333 57 712 3 1333 0 2 58 33 2 75 3 2667 31 73 2 75 2 325 50
4/4 33 3 667 0 0 46 73 3 917 0 0 51 223 2 125 1 5 67 523 1 5 1 5 31 33 1 5 2 125 43 34 2 225 2 175 52 713 2 225 2 175 61 62 0 2 0 2 52 712 2 75 1 25 40 33 2 75 2 325 50 712 2 25 2 375 49
4/4 34 2 475 0 0 63 713 3 2417 0 0 44 62 2 125 0 0 35 712 1 5 0 0 36 33 3 667 1 5 35 712 2 75 0 1 38 62 2 225 2 175 41 712 2 75 1 25 37 73 2 75 2 325 46 33 2 75 2 325 42 712 2 25 2 375 43
4/4 62 2 125 0 0 36 73 3 917 0 0 62 712 3 417 0 0 44 223 0 1 3 667 47 32 0 1 3 667 30 712 2 25 3 1333 35 33 0 2 0 2 26 63 0 1 0 2 30 72 0 1 0 2 38 34 3 1667 3 2333 50 31 0 1 3 2333 46 71 1 5 2 325 35 32 2 25 2 375 48
4/4 33 1 5 0 0 28 63 0 1 0 0 28 72 0 1 0 0 53 34 3 1833 0 0 53 62 2 75 2 25 43 72 0 3 0 1 40 33 1 25 1 15 58 43 2 75 0 2 57 63 2 75 3 2667 45 73 3 667 3 3333 52
4/4 63 2 75 0 0 47 72 2 125 0 0 46 33 2 75 0 0 61 73 3 333 0 0 56 43 2 75 2 75 27 63 2 25 1 15 48 523 3 1667 3 2333 38 72 1 15 1 25 19 32 1 15 1 25 28
4/4 523 3 2083 0 0 33 72 0 3 0 0 20 32 1 25 0 0 36
4/4 34 0 1 0 0 65 44 2 75 2 125 80 73 0 1 0 2 42 33 0 1 0 2 50 524 3 1667 3 2333 48 32 0 1 3 2333 36 72 3 667 0 3 54 523 3 333 3 3667 70
4/4 73 0 1 0 0 39 33 0 1 0 0 50 524 3 833 0 0 48 523 3 167 0 0 65 72 3 667 2 25 58 43 3 667 2 75 82 72 0 1 3 1333 72 43 0 1 3 1333 72 73 0 1 2 175 68 33 0 1 2 175 48 31 3 667 0 2 65 524 0 2 0 2 85 71 1 5 1 25 69 522 2 25 0 3 68 72 2 25 2 375 81
4/4 72 2 25 0 0 67 73 0 1 0 0 69 33 0 1 0 0 49 524 2 25 0 0 86 33 2 25 2 25 81 43 0 1 2 75 66 73 0 1 2 75 87 73 0 1 2 125 50 223 0 1 2 125 68 43 0 1 2 125 74 221 3 667 1 15 73 72 3 667 0 2 72 43 1 5 3 2667 55 72 3 667 2 325 73 222 2 25 2 375 86
4/4 73 0 1 0 0 54 223 0 1 0 0 74 43 0 1 0 0 66 222 2 25 0 0 74 72 2 25 2 25 57 221 3 667 2 75 72 221 2 25 3 1333 66 42 1 5 0 2 61 72 1 5 1 25 57 222 3 333 2 325 45 223 0 1 3 3667 63 42 0 1 3 3667 57
4/4 33 0 1 0 0 61 711 0 1 0 0 63 523 0 1 2 25 60 73 0 1 2 25 71 33 0 1 2 25 59 522 1 5 2 75 63 33 1 5 1 15 61 522 1 5 0 2 72 222 1 5 1 25 76 522 2 25 0 3 70 223 3 333 2 325 77 523 0 1 1 35 71 72 0 1 1 35 48 34 2 25 2 375 68 711 2 25 2 375 62
4/4 34 3 2083 0 0 65 523 0 1 0 0 53 72 0 1 0 0 42 711 3 417 0 0 60 521 1 5 3 333 68 32 1 5 0 1 60 522 1 5 1 15 50 72 3 333 0 2 52 524 1 5 3 2667 62 33 2 25 3 2667 52 523 0 1 2 325 46 73 0 1 2 325 72 71 0 1 2 325 65 223 3 667 3 3333 68
4/4 522 1 5 0 0 60 223 3 333 0 0 74 72 1 5 1 5 63 223 0 1 0 1 66 221 0 1 0 1 66 524 0 1 3 1667 56 522 0 1 3 1667 61 63 0 1 2 225 61 63 0 1 2 225 56 224 0 1 2 275 59 72 0 1 2 275 66 222 0 1 2 275 70 523 2 25 2 275 62 64 3 667 3 3333 64 71 2 25 2 375 50 524 2 25 2 375 58
4/4 71 2 175 0 0 47 524 2 25 0 0 75 223 2 25 1 5 49 63 2 75 0 1 65 523 2 25 2 175 43 712 0 1 2 225 60 61 0 1 2 225 60 523 3 1667 3 2333 54 713 3 1667 3 2333 74 32 3 667 0 3 58 712 1 5 1 35 71
4/4 32 3 667 0 0 62 523 3 833 0 0 68 713 3 83 0 0 83 712 3 333 3 667 80 73 0 1 0 1 83 31 0 1 0 1 44 22 1 15 1 15 61 523 0 1 1 15 62 712 0 1 1 15 85 61 3 667 2 175 58 21 3 667 3 2333 53 712 1 5 0 3 41 21 1 5 1 35 38
4/4 712 3 333 0 0 42 21 3 167 0 0 44 524 2 25 3 667 68 22 3 1333 1 15 56 73 2 175 1 15 67 521 2 75 1 15 54 21 3 1333 2 225 54 72 3 667 2 275 62 22 2 75 2 325 49
4/4 523 3 667 0 0 59 22 1 5 0 0 56 73 2 175 1 5 48 33 0 1 2 125 37 32 0 1 2 125 40 521 0 1 2 125 30 524 2 25 2 325 92 524 2 25 2 375 88
4/4 524 2 25 3 333 87 613 0 1 2 75 45 13 0 1 2 75 74 43 0 1 2 75 59 41 2 75 0 1 66 11 1 5 1 15 63 42 3 667 0 2 63 612 0 1 1 25 77 12 3 333 0 3 80 13 2 25 3 3667 76
4/4 611 3 667 2 25 59 13 0 1 2 25 74 43 0 1 2 25 66 612 0 1 2 25 73 522 2 175 2 75 54 12 2 125 3 1333 74 43 2 75 0 2 68 613 2 25 1 25 72 44 3 333 0 3 59 71 3 333 3 3667 59 43 3 333 3 3667 72 34 3 333 3 3667 57 44 3 333 3 3667 58 73 3 333 3 3667 59
4/4 71 3 333 0 0 60 43 3 917 0 0 74 34 3 3333 0 0 60 44 3 4667 0 0 70 73 3 1667 0 0 64 42 1 5 2 25 57 12 2 25 2 75 55 33 3 667 3 1333 61 43 3 667 0 2 30 73 3 1333 3 2667 41 43 0 1 3 3333 23 71 0 1 3 3333 35 23 3 667 3 3333 51
4/4 73 3 667 0 0 59 43 0 1 0 0 37 71 0 1 0 0 21 23 3 667 0 0 38 74 0 1 1 15 64 72 0 1 1 15 54 34 0 1 0 2 69 34 0 1 0 2 84 45 0 1 3 2667 75 43 0 1 3 2667 75 524 0 1 2 325 70 524 0 1 2 325 71 32 2 25 2 325 66 523 0 1 2 375 47 71 0 1 2 375 51
4/4 524 0 1 0 0 83 524 0 1 0 0 65 523 0 1 1 5 68 71 0 1 1 5 61 523 0 1 0 1 68 71 0 1 0 1 61 523 0 1 3 1667 86 71 0 1 3 1667 56 72 0 1 0 2 41 44 0 1 0 2 82 44 0 1 0 2 65 524 0 1 2 275 72 224 0 1 2 275 58 525 0 1 2 275 69 73 0 1 2 275 54 32 3 333 2 275 62 523 0 1 3 3333 62 71 0 1 3 3333 49
4/4 72 0 1 0 0 70 522 0 1 0 0 71 523 0 1 1 5 74 71 0 1 1 5 62 523 0 1 0 1 84 71 0 1 0 1 68 75 2 225 1 15 75 74 3 2333 3 1667 86 221 3 333 2 225 71 45 2 175 2 225 65 43 0 1 2 275 56 71 0 1 2 275 57 72 0 1 3 3333 49 42 0 1 3 3333 74
4/4 43 0 1 0 0 76 71 0 1 0 0 62 74 3 333 0 0 75 43 3 333 1 5 73 72 2 75 1 5 73 44 3 1333 0 1 83 221 2 25 3 1667 55 35 3 667 3 1667 82 43 0 1 2 225 55 224 0 1 2 225 55 71 0 1 2 225 39 72 0 1 2 275 55 74 0 1 2 275 68 42 0 1 2 275 45 44 0 1 3 3333 43 72 0 1 3 3333 48 42 0 1 3 3333 48
4/4 43 0 1 0 0 55 71 0 1 0 0 40 34 3 667 0 0 58 223 3 333 3 667 65 33 0 1 0 1 59 711 0 1 0 1 66 73 0 1 0 1 75 33 0 1 0 1 68 522 2 25 2 175 67 33 0 1 1 25 62 521 0 1 1 25 73 522 0 1 0 3 68 32 0 1 0 3 60 33 2 25 3 3667 74 522 3 333 3 3667 82
4/4 522 3 167 0 0 74 223 3 333 2 25 77 63 0 1 3 667 63 73 0 1 3 667 75 33 0 1 3 667 87 711 3 333 2 75 63 62 0 1 3 1333 36 32 0 1 3 1333 50 33 0 1 0 2 66 61 0 1 0 2 52 62 0 1 3 2667 46 32 0 1 3 2667 52 33 0 1 2 325 55 61 0 1 2 325 56 524 2 25 2 375 79
4/4 223 0 1 3 333 83 522 0 1 3 333 66 71 3 333 3 333 65 522 0 1 0 1 44 221 0 1 0 1 49 222 0 1 1 15 51 521 0 1 1 15 54 222 0 1 2 225 55 521 0 1 2 225 55 222 1 5 2 275 57 522 0 1 2 275 58 224 3 667 2 325 92 64 2 25 2 375 60 71 2 25 2 375 57
4/4 64 3 417 0 0 68 522 0 1 3 333 46 221 0 1 3 333 51 524 3 667 3 333 64 223 0 1 0 1 56 222 0 1 0 1 62 521 0 1 0 1 48 63 3 667 3 1667 72 222 0 1 3 1667 44 521 0 1 3 1667 32 523 0 1 2 225 67 71 0 1 2 225 57 222 3 333 0 3 43 712 0 1 3 3333 55 33 0 1 3 3333 57 61 0 1 3 3333 57 523 0 1 1 35 65 61 0 1 1 35 60 713 1 5 1 35 78
4/4 713 2 175 0 0 80 712 0 1 2 25 55 31 0 1 2 25 47 712 0 1 2 75 67 31 0 1 2 75 60 712 0 1 3 1333 67 31 0 1 3 1333 62 712 3 333 0 2 83 32 2 75 0 2 56 524 0 1 1 25 76 712 0 1 1 25 78 44 0 1 0 3 92 62 0 1 0 3 67 61 3 333 0 3 64 712 0 1 3 3667 74 31 0 1 3 3667 50
4/4 44 0 1 0 0 82 62 0 1 0 0 85 712 0 1 2 25 66 31 0 1 2 25 61 712 0 1 2 75 70 31 0 1 2 75 64 712 0 1 1 15 70 31 0 1 1 15 56 713 0 1 0 2 92 523 0 1 0 2 93 73 0 1 1 25 61 43 0 1 1 25 85 223 0 1 3 2667 69 44 0 1 3 2667 90 63 0 1 3 2667 83 31 2 25 3 2667 66 33 0 1 2 325 64 522 0 1 2 325 59 71 0 1 2 325 63 33 0 1 2 375 66 522 0 1 2 375 70 71 0 1 2 375 56
4/4 73 0 1 0 0 76 43 0 1 0 0 90 223 0 1 0 0 62 44 0 1 0 0 78 63 0 1 0 0 81 522 0 1 3 333 66 33 0 1 3 333 68 71 0 1 3 333 58 33 0 1 0 1 74 522 0 1 0 1 79 71 0 1 0 1 73 74 0 1 1 15 69 222 0 1 1 15 75 31 2 25 0 2 69 524 0 1 2 225 95 72 0 1 2 225 71 522 0 1 2 275 55 71 0 1 2 275 45 522 0 1 3 3333 64 71 0 1 3 3333 54
4/4 522 0 1 0 0 65 71 0 1 0 0 61 524 0 1 0 0 88 72 0 1 0 0 83 522 0 1 1 5 78 71 0 1 1 5 58 63 0 1 1 15 45 713 0 1 1 15 59 33 0 1 1 15 74 61 3 667 2 175 71 524 2 75 2 175 69 32 2 25 2 225 55 72 1 5 2 275 49 44 0 1 1 35 65 711 0 1 1 35 50
4/4 34 3 667 0 0 67 33 2 25 0 0 46 44 0 1 0 0 74 711 0 1 0 0 43 63 2 25 3 667 47 43 0 1 0 1 42 43 0 1 0 1 64 73 0 2 2 125 50 71 1 5 2 125 50 42 2 25 0 2 48 72 2 25 1 25 36 33 2 75 0 3 60 73 0 1 3 3667 53 21 0 1 3 3667 37
4/4 33 0 1 3 667 67 33 0 1 3 667 62 63 0 1 2 75 66 73 0 1 2 75 66 33 0 1 2 75 82 31 3 667 0 1 57 71 1 5 1 15 47 32 3 333 0 2 61 62 2 75 3 2667 54 72 1 5 2 325 69 33 2 25 2 375 71
4/4 33 3 417 0 0 76 63 2 75 3 333 55 73 2 125 0 1 71 34 3 667 1 15 63 73 2 75 0 2 59 63 1 5 2 275 58 73 1 5 1 35 57
4/4 73 1 25 0 0 55 523 0 1 2 25 55 72 0 1 2 25 29 31 0 1 2 25 30 63 1 5 1 35 47 223 0 1 3 3667 74 523 0 1 3 3667 76 42 2 25 2 375 52
4/4 223 0 1 0 0 71 523 0 1 0 0 69 42 3 417 0 0 53 222 1 5 3 333 61 63 2 75 0 1 83 523 0 1 1 15 64 64 0 1 2 225 73 43 1 5 2 225 69 63 2 25 0 3 49 73 2 25 3 3667 63 73 0 1 2 375 35 222 0 1 2 375 53
4/4 524 0 1 0 0 63 73 0 1 0 0 63 521 2 75 0 0 54 73 0 1 0 0 36 222 0 1 0 0 44 221 1 5 2 75 64 72 1 5 1 15 55 222 3 1333 0 2 79 43 3 667 1 25 64 64 0 1 0 3 87 522 0 1 0 3 58 73 0 1 1 35 73 223 0 1 1 35 58 73 0 1 1 35 83 522 2 25 2 375 81
4/4 73 0 1 0 0 57 223 0 1 0 0 55 73 0 1 0 0 79 522 3 417 0 0 71 222 2 75 2 25 60 523 3 1333 2 75 67 63 2 25 3 1333 49 73 2 25 0 2 70 224 1 15 1 25 76 223 0 1 0 3 68 524 0 1 0 3 57 63 0 1 0 3 47 221 3 667 2 325 54 62 2 25 2 375 48
4/4 224 2 425 0 0 83 223 0 2 0 0 56 524 0 1 0 0 61 63 0 1 0 0 63 62 3 417 0 0 45 222 1 5 3 333 65 33 1 5 0 1 41 523 1 25 1 15 56 63 0 2 0 2 39 223 0 1 2 275 31 42 0 1 2 275 48
4/4 523 2 25 0 0 49 63 2 25 0 0 34 223 0 1 0 0 45 42 0 1 0 0 37 223 2 25 1 5 71 223 2 25 2 125 77 223 2 25 2 175 73 73 0 1 2 225 53 222 0 1 2 225 53 524 1 15 1 25 66 32 2 75 1 25 47 72 1 5 2 325 56 43 2 25 2 375 79
4/4 43 3 417 0 0 70 523 3 333 3 333 77 73 2 25 0 1 81 223 0 1 1 15 66 44 0 1 1 15 83 525 0 2 0 2 91 74 0 2 0 2 61 33 3 667 0 2 81 523 3 667 3 2667 62 73 1 5 2 325 64 44 2 25 2 375 65
4/4 525 2 25 0 0 88 74 2 75 0 0 78 44 2 25 0 0 68 524 2 25 1 5 63 75 2 25 0 1 82 64 0 1 1 15 49 224 0 1 1 15 68 44 0 1 1 15 75 71 3 667 3 1667 74 42 1 5 2 225 53 222 2 25 2 275 58 43 1 5 3 3333 59
4/4 63 0 1 0 0 57 64 0 1 0 0 54 224 0 1 0 0 63 44 0 1 0 0 75 223 2 25 1 5 53 224 0 1 0 1 56 43 0 1 0 1 60 223 1 15 3 2333 41 74 3 333 3 2333 45 44 0 1 3 3667 50 62 0 1 3 3667 50
4/4 523 0 1 1 5 48 72 0 1 1 5 59 711 0 1 2 75 52 33 0 1 2 75 72 44 2 25 1 15 80 33 0 1 0 2 60 522 0 1 0 2 64 71 0 1 0 2 64 524 2 175 0 2 91 73 1 15 0 2 79 33 0 1 2 325 66 72 0 1 2 325 69 521 0 1 2 325 50 73 2 25 2 375 87
4/4 63 0 1 2 25 66 223 0 1 2 25 88 711 0 1 2 25 74 43 0 1 2 25 70 524 3 333 0 1 82 43 0 1 3 1667 70 62 0 1 3 1667 57 221 0 1 3 1667 48 223 0 1 3 1667 72 63 0 1 3 1667 83 63 0 1 3 1667 73 43 0 1 2 275 69 62 0 1 2 275 57 221 0 1 2 275 65 523 0 1 2 375 58 222 0 1 2 375 59
4/4 524 3 2333 0 0 74 71 1 5 0 0 74 523 0 1 0 0 69 222 0 1 0 0 51 522 0 1 2 125 60 221 0 1 2 125 59 222 0 1 1 25 73 521 0 1 1 25 62 223 2 25 0 3 77 223 3 333 3 3667 81 523 3 333 3 3667 71 31 3 333 3 3667 69
4/4 223 3 2333 0 0 78 523 3 1917 0 0 66 31 3 333 0 0 75 71 1 5 2 25 52 522 2 25 2 75 70 72 3 333 3 1333 67 43 2 25 0 2 86 523 2 25 1 25 83 713 0 1 2 325 69 34 0 1 2 325 72 523 0 1 2 325 56 714 2 75 2 325 83 61 2 75 2 325 91 32 2 25 2 375 70
4/4 713 0 1 0 0 71 34 0 1 0 0 62 523 0 1 0 0 54 714 2 25 0 0 81 32 3 83 0 0 65 72 3 667 3 333 70 712 1 5 0 1 67 33 0 1 1 15 82 34 0 1 1 15 72 73 0 1 1 15 79 713 0 1 1 15 98 34 0 1 1 15 75 73 0 1 1 15 75 523 2 25 0 2 76 64 0 1 3 2667 73 712 0 1 3 2667 73 61 0 1 3 2667 89 34 3 1333 3 2667 60 32 1 5 2 325 70 72 2 25 2 375 70
4/4 64 0 1 0 0 63 712 0 1 0 0 76 72 1 5 0 0 79 712 1 5 3 333 62 33 0 1 0 1 64 73 0 1 0 1 69 524 0 1 0 1 98 712 0 1 0 1 78 523 2 25 1 15 80 73 0 2 0 2 61 34 0 2 0 2 61 44 0 1 0 2 64 73 0 1 0 2 81 71 2 75 2 225 79 42 1 5 3 2667 66 72 1 5 2 325 67 33 2 25 2 375 62
4/4 73 3 333 0 0 74 34 0 1 0 0 68 44 0 1 0 0 72 73 0 1 0 0 83 33 1 5 0 0 61 43 1 35 1 5 77 73 2 75 0 1 59 34 2 75 1 15 67 13 3 333 0 2 65 74 2 75 2 275 61 34 2 25 3 3333 55
4/4 35 2 75 0 0 52 74 0 3 1 5 51 44 0 2 0 1 55 71 2 75 0 1 66 24 3 2333 0 1 61 42 1 5 3 1667 56 72 2 25 2 225 60 22 1 5 2 275 53 43 1 5 1 35 55
4/4 73 2 25 0 0 46 74 0 1 2 75 26 23 0 1 2 75 33 74 0 1 2 75 42
4/4 74 0 1 2 25 46 74 0 1 2 25 71 35 0 1 3 1667 50 35 0 1 3 1667 53 33 3 333 2 175 47 524 0 1 0 3 51 72 0 1 0 3 53
4/4 35 0 1 0 0 41 35 0 1 0 0 70 524 0 1 2 25 58 72 0 1 2 25 52 225 0 1 2 125 66 223 0 1 2 125 57 43 2 25 3 1333 46 64 0 1 1 25 48 222 0 1 1 25 46 64 0 1 3 3667 64 222 0 1 3 3667 42
4/4 74 0 1 1 5 35 223 0 1 1 5 34 523 0 1 2 75 38 74 0 1 2 75 52 65 2 75 3 1333 58 525 0 2 0 2 66 223 0 1 0 2 34 73 0 1 0 2 40 74 1 5 0 3 56 223 0 1 0 3 48
4/4 525 2 325 0 0 59 73 1 5 3 333 58 223 0 1 3 1667 42 523 0 1 3 1667 29 74 0 1 3 1667 42 525 1 5 1 35 76
4/4 65 2 325 0 0 70 222 1 5 0 0 58 44 0 1 3 1333 49 62 0 1 3 1333 43 44 0 1 1 25 51 62 0 1 1 25 43 525 1 5 0 3 69 64 0 1 1 35 61 224 0 1 1 35 50 64 0 1 1 35 71 222 3 333 3 3667 48
4/4 64 0 1 0 0 43 224 0 1 0 0 65 64 0 1 0 0 70 223 0 1 2 75 43 62 0 1 2 75 40 44 0 1 0 1 29 224 0 1 0 2 53 224 0 1 0 2 54 74 0 1 0 3 55 223 0 1 0 3 58 75 3 667 3 3333 62 522 3 333 3 3333 44
4/4 74 0 1 0 0 38 223 0 1 0 0 55 75 3 1583 0 0 59 73 1 5 1 5 55 222 3 1667 1 5 57 525 0 1 3 1667 60 522 0 1 3 1667 37 65 2 25 2 225 63 74 0 1 2 275 50 74 0 1 2 275 61 35 0 1 2 275 41 62 0 1 2 275 35 72 2 125 2 275 40
4/4 74 0 1 0 0 40 74 0 1 0 0 46 72 2 175 0 0 52 73 0 1 2 25 39 43 0 1 2 25 36 24 0 1 2 25 51 44 0 1 2 25 57 74 1 5 1 15 96 44 0 1 2 225 53 523 0 1 2 225 56 74 0 1 1 25 57 34 0 1 1 25 70 32 1 5 1 25 55 72 1 5 2 325 52 43 2 25 2 375 55
4/4 44 0 1 0 0 62 523 0 1 0 0 46 74 0 1 0 0 73 34 0 1 0 0 82 523 2 25 3 333 47 223 2 25 0 1 74 223 2 175 0 2 53 64 0 2 0 2 66 42 3 667 0 2 56 224 2 175 2 225 77 222 1 5 3 2667 53 43 2 25 2 325 42 63 2 25 2 375 62
4/4 63 3 83 0 0 56 64 1 5 0 0 62 224 1 5 0 0 68 223 2 25 1 5 59 73 3 2667 3 1333 47 223 3 2667 3 1333 60 524 0 1 1 15 72 521 0 1 1 15 54 73 0 1 1 15 61 64 0 1 2 225 60 221 0 1 2 225 55 522 1 5 2 275 65 524 2 125 2 275 77 72 1 5 3 3333 71 222 2 25 2 375 44
4/4 73 3 333 0 0 56 223 3 3833 0 0 49 222 3 417 0 0 53 524 1 35 0 0 62 523 3 667 3 333 56 73 1 5 0 1 69 523 1 5 1 15 57 222 2 25 0 2 60 72 3 667 3 2667 53 522 3 667 2 325 53 524 0 1 2 375 77 221 0 1 2 375 61
4/4 63 0 1 3 333 51 223 0 1 3 333 42 44 0 1 3 333 73 63 0 1 3 333 75 221 3 667 1 5 71 62 3 333 0 1 50 222 2 25 3 1667 52 33 1 5 2 225 56 43 2 125 2 275 40 524 3 667 3 3333 51
4/4 63 0 1 0 0 44 64 1 15 0 0 60 223 1 25 0 0 61 43 3 1417 0 0 39 222 1 5 2 125 42 44 0 1 3 2333 67 62 0 1 3 2333 51 711 3 333 3 3667 38 523 0 1 3 3667 54 33 0 1 3 3667 67
4/4 711 3 167 0 0 50 523 0 1 0 0 54 33 0 1 0 0 53 33 0 1 0 1 30 521 0 1 0 1 51 33 0 1 0 2 55 521 0 1 0 2 46 711 1 5 3 3333 66
4/4 222 0 1 3 667 31 33 0 1 3 667 58 72 0 1 3 667 64 522 2 125 3 667 43 223 0 1 0 2 58 522 0 1 0 2 58 33 0 1 0 3 33 523 0 1 0 3 45 72 0 1 0 3 60 61 1 5 2 325 49 34 2 75 2 325 68
4/4 33 0 1 0 0 40 523 0 1 0 0 56 72 0 1 0 0 50 34 1 35 0 0 59 712 0 1 1 5 43 31 0 1 1 5 53 712 0 1 3 1667 54 31 0 1 3 1667 32 61 1 5 0 3 49
4/4 73 0 1 3 333 50 222 0 1 3 333 54 522 0 1 3 333 55 72 0 1 3 333 35 31 0 1 3 333 36 223 1 5 3 1667 63 43 0 1 2 275 39 523 0 1 2 275 46 72 0 1 2 275 48 31 0 1 0 3 45 34 0 1 0 3 51
4/4 43 0 1 0 0 38 523 0 1 0 0 34 72 0 1 0 0 47 31 2 25 0 0 36 34 0 4 0 0 65 71 3 667 3 333 37 42 2 25 1 15 33 522 2 125 2 275 37
4/4 72 0 1 0 0 44 34 2 25 0 0 61 522 2 75 0 0 45 43 2 25 3 1333 45 523 1 15 1 25 24 35 3 1333 3 2667 42 524 3 1333 3 2667 37
4/4 523 0 4 0 0 34 35 3 3667 0 0 43 524 3 2667 0 0 34 74 1 5 1 35 62
4/4 523 0 1 0 0 35 74 3 1167 0 0 63 224 1 5 0 1 63 35 2 175 2 225 60 712 3 667 2 225 36 34 0 1 1 35 48 223 0 1 1 35 51 522 0 1 1 35 35
4/4 35 3 2917 0 0 48 223 3 333 3 667 30 34 2 225 2 75 52 523 2 75 2 75 40 712 2 75 0 2 42 524 0 1 2 325 30 73 0 1 2 325 40 523 3 667 3 3333 41 223 3 667 3 3333 33
4/4 524 0 1 0 0 47 73 0 1 0 0 43 523 3 1667 0 0 46 223 3 83 0 0 27 224 3 333 3 667 49 34 3 2333 3 1667 28 524 0 1 2 175 37 713 0 1 2 175 46 35 0 2 0 2 40 62 1 5 0 2 39 33 0 1 2 325 36 712 0 1 2 325 43
4/4 34 3 5667 0 0 26 524 0 1 0 0 30 713 0 1 0 0 49 35 3 3667 0 0 39 713 1 5 1 5 38 33 2 125 1 5 45 62 1 5 2 175 44 74 0 1 2 325 40 33 0 1 2 325 35 523 0 1 2 325 29 713 3 667 3 3333 44
4/4 74 0 1 0 0 44 33 0 1 0 0 35 523 0 1 0 0 39 713 3 833 0 0 29 224 1 5 0 1 46 34 0 1 0 3 34 64 2 75 2 325 25 74 0 1 2 325 27 34 0 1 2 325 54 31 3 667 3 3333 46
4/4 34 2 425 0 0 31 64 0 6 0 0 30 74 0 1 0 0 32 34 0 1 0 0 40 31 3 833 0 0 44 71 1 5 1 5 37 32 2 25 2 125 42 62 2 75 2 175 35 72 1 5 3 2333 54 33 2 25 0 3 40 63 3 333 3 3667 49
4/4 63 3 7667 0 0 43 73 3 3667 3 333 47 34 2 25 0 1 42 44 0 2 0 2 35 64 0 1 0 3 30
4/4 73 3 3667 0 0 38 44 2 75 0 0 38 64 0 1 0 0 20 74 1 5 3 333 34 35 3 333 3 3333 14
