4/4 33 3 667 0 1 32 73 1 5 3 1667 54 13 3 667 0 2 65 73 3 333 3 2667 58 33 2 75 0 3 47 73 2 25 2 375 54
4/4 13 2 75 0 0 52 73 2 25 0 0 38 73 1 5 2 75 57 33 3 667 2 125 53 73 1 5 2 175 44 13 2 75 2 225 48 73 3 333 0 3 53 33 3 667 3 3333 51
4/4 73 1 5 0 0 56 33 3 83 0 0 55 13 2 75 1 5 61 73 1 5 2 125 63 33 2 75 1 15 52 73 3 333 2 225 52 35 2 125 1 25 70 13 2 75 1 25 60 73 3 333 2 325 56 24 1 5 1 35 62 33 1 5 1 35 62
4/4 24 2 75 0 0 63 73 3 333 2 25 56 35 0 1 1 5 56 12 0 1 1 5 48 73 3 333 2 125 48 74 3 2667 3 1333 66 22 2 75 3 1667 43 73 1 5 3 2333 51 13 2 75 2 275 40 73 3 333 1 35 47 22 2 25 2 375 63
4/4 74 3 10083 0 0 78 22 3 417 0 0 46 73 3 333 3 667 54 13 3 667 0 1 57 73 2 25 3 1667 49 12 2 75 0 2 60 53 3 333 2 275 49 35 0 1 0 3 64 73 1 5 0 3 62 53 2 25 2 375 43
4/4 12 2 75 0 0 64 24 0 1 0 0 72 53 3 83 0 0 53 53 2 25 2 75 58 35 0 1 2 125 65 72 0 1 2 125 60 53 3 333 2 175 62 55 0 2 0 2 58 72 1 5 2 225 60 53 3 333 0 3 50 23 1 5 2 325 52
4/4 53 3 333 0 0 48 55 3 1667 0 0 56 72 1 5 3 333 57 53 3 333 0 1 52 23 1 5 3 1333 58 53 2 25 0 2 40 65 0 1 1 25 74 62 1 5 1 25 66 33 1 5 0 3 50 13 1 5 1 35 60 55 1 5 1 35 66
4/4 55 1 5 0 0 78 33 3 333 2 25 55 45 2 125 1 5 77 62 2 75 1 5 55 33 3 333 2 125 44 35 2 75 1 15 61 13 1 5 1 15 59 33 2 25 2 225 39 65 2 125 2 225 58 62 3 667 3 2667 65 33 3 333 2 325 47 713 3 333 3 3667 49 55 3 333 3 3667 68
4/4 713 3 167 0 0 47 55 3 667 0 0 71 33 1 5 3 333 52 45 0 1 3 667 74 61 0 1 3 667 59 33 2 25 3 1333 44 713 3 333 2 175 61 35 2 75 2 175 60 33 2 25 1 25 37 35 2 125 2 275 79 72 1 5 2 275 55 63 2 25 1 35 51
4/4 34 1 5 0 0 49 35 1 5 0 0 79 63 0 1 1 5 54 44 0 1 1 5 69 45 0 3 0 1 66 72 1 5 0 1 63 63 1 5 1 15 63 34 1 5 0 2 57 63 2 25 1 25 58 72 1 5 0 3 51 63 1 5 1 35 50
4/4 23 3 333 0 0 56 45 2 325 0 0 60 63 2 25 3 667 44 72 3 333 0 1 51 63 3 333 3 1667 51 23 1 5 0 2 58 63 3 333 2 275 52 33 2 75 0 3 57 73 2 25 2 375 53
4/4 73 2 25 0 0 61 13 3 667 2 25 47 35 0 1 2 25 60 73 2 25 2 75 51 24 2 125 2 125 57 33 3 667 2 125 47 73 2 25 2 175 45 13 0 1 2 225 44 34 0 1 2 225 77 73 3 333 0 3 45 74 0 1 0 3 72 22 2 75 2 325 50
4/4 73 3 333 0 0 59 74 0 7 0 0 59 13 3 667 3 333 42 73 1 5 0 1 59 22 2 75 3 1333 51 73 1 5 0 2 58 13 1 5 1 25 67 73 2 25 2 325 47 12 1 5 1 35 63
4/4 12 2 25 0 0 51 53 3 333 2 25 41 35 0 1 1 5 71 73 2 75 1 5 57 53 1 5 2 125 43 12 3 667 1 15 64 24 0 1 1 15 61 53 3 333 2 225 59 35 0 1 3 2667 72 72 0 1 3 2667 56 53 3 333 2 325 64 55 2 75 2 325 62 72 3 333 3 3667 70
4/4 72 3 333 0 0 61 55 3 2583 0 0 70 53 1 5 3 333 63 23 3 667 2 75 64 53 2 25 3 1333 55 72 3 667 2 175 65 53 1 5 3 2333 54 23 3 667 2 275 67 53 2 25 3 3333 59 65 0 1 2 375 60 61 0 1 2 375 49
4/4 65 0 1 0 0 71 61 0 1 0 0 60 33 1 5 1 5 58 65 2 25 1 5 64 13 1 5 2 75 50 65 3 333 2 75 66 33 0 1 1 15 55 64 0 1 1 15 56 65 0 1 2 175 56 61 0 1 2 175 55 33 0 1 1 25 60 54 0 1 1 25 62 13 1 5 2 275 59 45 2 75 0 3 55 33 3 333 1 35 58 65 1 5 1 35 60
4/4 62 3 667 0 0 55 65 2 225 0 0 65 33 3 333 3 667 53 713 1 5 0 1 58 33 1 5 2 175 45 62 3 667 0 2 47 45 1 5 3 2667 73 33 2 25 3 2667 57 55 3 667 0 3 59 713 3 333 0 3 54 33 0 1 2 375 52 64 0 1 2 375 64
4/4 52 0 1 0 0 66 54 0 1 0 0 78 33 0 1 2 75 45 54 0 1 2 75 54 73 0 1 2 125 42 54 0 1 2 125 68 55 0 1 2 175 56 32 0 1 2 175 58 55 0 1 2 225 65 52 1 5 2 225 42 33 0 1 2 275 55 44 0 1 2 275 58 73 0 1 2 325 49 34 0 1 2 325 60
4/4 55 0 4 0 0 59 33 3 333 0 0 47 12 2 75 2 25 54 53 3 333 0 1 61 34 1 5 3 1333 62 53 1 5 0 2 57 12 3 667 3 2333 52 53 2 25 0 3 59 34 1 5 1 35 51
4/4 55 2 25 0 0 63 53 2 25 2 25 48 14 0 1 1 5 80 43 2 75 1 5 56 13 1 5 2 125 53 24 0 1 1 15 71 34 2 75 1 15 45 13 3 333 2 225 56 35 2 125 1 25 78 43 3 667 3 2667 57 13 1 5 2 325 56 45 0 1 3 3667 67 33 0 1 3 3667 51
4/4 45 0 1 0 0 68 33 0 1 0 0 58 13 0 1 2 25 52 13 0 1 2 25 68 43 3 667 3 667 54 13 0 1 2 125 45 13 0 1 2 125 61 24 0 1 3 1667 67 34 3 667 3 1667 63 13 1 5 3 2333 49 35 0 1 3 2667 77 42 0 1 3 2667 44 45 0 1 3 3333 61 12 0 1 3 3333 51 34 3 333 3 3667 67 35 3 333 3 3667 81
4/4 34 3 167 0 0 52 35 3 417 0 0 67 13 2 25 3 333 62 75 3 3667 3 333 62 72 2 75 2 75 44 43 3 333 1 15 68 34 1 5 2 175 53 43 3 333 1 25 61 72 1 5 2 275 47 43 2 25 1 35 55
4/4 34 2 25 0 0 64 75 3 667 0 0 74 43 2 25 1 5 45 75 0 1 0 1 72 43 0 1 0 1 60 74 0 1 0 1 56 23 0 1 0 1 59 71 0 1 0 1 53 43 0 1 0 2 45 75 0 1 0 2 76 23 0 1 0 2 70 72 0 1 0 2 67 73 0 1 0 2 72 35 2 75 2 325 71 45 2 25 2 375 60
4/4 45 2 25 0 0 74 55 2 75 2 25 68 65 1 5 2 75 64 33 2 75 2 125 49 75 2 125 2 125 61 73 1 5 0 2 45 13 0 1 2 225 62 54 0 1 2 225 54 73 3 333 0 3 53 35 0 1 0 3 71 33 3 667 3 3333 43
4/4 73 0 1 0 0 54 74 0 1 0 0 74 35 2 25 0 0 74 13 3 667 3 333 64 73 3 333 0 1 56 65 0 3 0 1 73 22 3 667 3 1333 46 73 1 5 0 2 61 45 1 15 1 25 67 13 1 5 1 25 52 73 1 5 0 3 49 22 1 5 1 35 44
4/4 45 1 5 0 0 75 65 1 5 0 0 77 22 2 25 0 0 49 73 1 5 2 25 53 13 1 5 1 5 57 73 3 333 2 125 53 22 2 75 1 15 51 65 3 1333 1 15 63 73 1 5 2 225 42 45 0 1 1 25 62 12 0 1 1 25 56 73 3 333 2 325 56 24 2 75 2 325 71 22 3 333 3 3667 49
4/4 22 3 333 0 0 44 24 1 5 0 0 78 65 0 1 3 333 65 72 0 1 3 333 60 13 3 667 3 667 56 73 2 25 3 1333 59 55 1 15 3 1333 73 12 2 75 2 175 48 53 1 5 3 2333 58 73 1 5 2 275 51 35 2 125 2 275 66 53 3 333 1 35 48 12 2 25 2 375 65
4/4 12 1 5 0 0 57 35 2 175 0 0 59 53 1 5 1 5 55 73 3 667 0 1 52 53 2 25 1 15 58 14 0 1 0 2 60 61 0 1 0 2 55 24 0 1 3 2667 72 32 0 1 3 2667 62 73 0 1 0 3 48 34 0 1 0 3 78 14 3 333 3 3667 75 33 3 333 3 3667 65
4/4 62 3 667 0 0 58 14 3 917 0 0 77 33 0 1 3 667 64 23 0 1 3 667 77 73 0 1 0 1 64 34 0 1 0 1 66 74 3 1667 2 175 69 33 1 5 2 175 63 52 1 5 2 225 65 45 0 1 2 275 56 32 0 1 2 275 47 24 0 1 2 325 62 72 0 1 2 325 52
4/4 33 3 333 0 0 61 35 2 175 0 0 63 12 3 667 3 333 61 53 3 333 0 1 61 34 1 5 3 1333 72 53 2 25 0 2 58 65 0 1 3 2333 70 41 0 1 3 2333 66 12 0 1 0 3 56 54 0 1 0 3 76 35 0 1 1 35 69 62 0 1 1 35 55
4/4 35 0 1 0 0 64 62 0 1 0 0 50 65 0 1 2 25 55 11 0 1 2 25 61 55 0 1 1 5 71 41 0 1 1 5 48 35 1 5 2 125 69 12 2 25 2 125 50 63 3 667 1 15 48 45 2 25 1 15 73 12 2 25 2 225 48 45 2 175 2 225 77 72 3 667 3 2667 71 43 3 333 2 325 65 34 3 333 3 3667 59
4/4 45 2 25 0 0 82 43 3 333 3 333 67 72 0 1 3 667 54 34 0 1 3 667 66 45 0 1 3 1333 62 42 0 1 3 1333 66 55 0 1 2 175 60 22 0 1 2 175 49 43 2 25 3 2333 50 65 3 333 1 25 72 33 3 667 2 275 67 75 2 125 2 275 63 73 3 333 1 35 47 55 0 1 2 375 64 12 0 1 2 375 46
4/4 55 0 1 0 0 75 12 0 1 0 0 55 73 1 5 1 5 50 35 2 75 1 5 66 33 3 667 0 1 64 73 0 1 3 1667 71 74 0 1 3 1667 64 13 3 667 0 2 50 73 2 25 3 2667 58 65 3 1333 3 2667 59 72 1 5 0 3 50 43 2 25 2 375 55
4/4 45 3 2667 0 0 68 23 1 5 0 0 63 43 2 25 0 0 47 65 3 167 0 0 58 43 2 25 2 75 58 72 3 667 2 125 57 43 1 5 2 175 68 23 1 5 2 225 50 43 1 5 2 275 46 74 0 1 0 3 49 24 0 1 0 3 58 72 0 1 0 3 54 64 0 1 0 3 75
4/4 43 2 25 0 0 46 23 3 333 2 25 49 45 2 75 2 25 72 43 2 25 0 1 52 24 2 125 0 1 69 712 2 75 2 125 54 53 0 1 0 2 55 64 0 1 0 2 62 23 3 667 3 2333 60 53 3 333 0 3 63 55 0 1 0 3 69 12 3 667 3 3333 52
4/4 53 1 5 0 0 63 55 3 333 0 0 62 35 0 1 1 5 53 13 0 1 1 5 64 34 1 5 1 5 58 53 1 5 0 1 56 12 2 75 1 15 67 53 3 333 2 225 57 34 1 5 1 25 54 53 2 25 2 325 49 14 1 5 1 35 78 62 1 5 1 35 63
4/4 14 1 15 0 0 70 62 2 25 0 0 61 33 2 25 2 25 46 15 0 1 1 5 63 12 0 1 1 5 50 33 3 333 2 125 56 62 0 1 3 1667 57 74 0 1 3 1667 62 43 0 1 2 225 60 64 0 1 2 225 56 55 2 75 3 2667 58 23 3 333 3 2667 52 43 0 1 3 3333 65 64 0 1 3 3333 59 74 2 25 2 375 56 75 2 25 2 375 80 52 2 25 2 375 63
4/4 74 3 1417 0 0 55 75 0 1 0 0 73 52 2 25 0 0 67 33 3 333 1 5 50 73 1 5 2 75 64 33 2 25 1 15 57 35 0 1 2 175 64 73 0 1 2 175 64 12 2 75 2 175 52 53 2 25 1 25 59 34 3 333 0 3 51 53 2 25 3 3667 51 14 2 25 2 375 58
4/4 35 0 1 0 0 60 42 0 1 0 0 57 64 0 1 0 0 70 14 2 125 0 0 46 12 0 1 3 667 58 54 0 1 3 667 64 63 0 1 0 1 54 34 0 1 0 1 57 65 0 1 3 1667 75 11 0 1 3 1667 62 42 0 1 0 2 58 54 0 1 0 2 71 35 1 5 2 275 74 12 2 25 2 275 50 15 3 333 0 3 58 63 1 5 0 3 62 75 2 25 2 375 76
4/4 75 1 35 0 0 79 72 1 5 2 25 54 43 2 25 2 75 66 34 1 5 2 125 64 43 1 5 2 175 68 72 2 75 2 225 64 43 3 333 0 3 66 34 2 25 3 3333 67
4/4 43 3 333 0 0 56 75 0 1 3 333 71 74 0 1 3 333 58 24 0 1 3 333 82 72 0 1 3 333 42 23 0 1 3 333 52 42 0 1 3 333 46 43 0 1 1 15 55 72 0 1 1 15 56 22 0 1 1 15 56 74 3 333 1 15 76 74 2 175 2 225 75 65 2 75 1 25 79 55 3 333 2 325 64 45 3 333 3 3667 56
4/4 45 3 333 0 0 66 74 3 917 0 0 67 55 3 333 3 333 55 33 2 75 3 667 45 35 3 3333 3 667 70 73 1 5 3 1333 64 13 3 667 3 1667 52 73 1 5 3 2333 46 33 2 75 2 275 52 73 3 333 1 35 46 13 2 25 2 375 41
4/4 35 3 5167 0 0 63 13 2 25 0 0 55 73 2 25 1 5 57 33 3 667 0 1 50 73 1 5 1 15 58 13 3 667 0 2 39 73 3 333 3 2667 47 33 2 75 0 3 59 73 2 25 2 375 52
4/4 13 3 667 0 0 61 73 3 83 0 0 40 73 3 333 3 667 42 33 2 75 0 1 68 73 3 333 2 175 68 13 3 667 0 2 55 35 0 1 0 2 71 73 2 25 2 275 62 33 0 1 2 325 46 23 0 1 2 325 68 73 2 25 2 375 51 35 2 25 2 375 68
4/4 73 3 83 0 0 62 35 2 75 0 0 64 13 3 667 2 25 57 73 3 333 2 75 53 74 2 125 0 1 79 22 2 75 2 125 63 73 3 333 0 2 58 13 3 667 3 2333 57 73 0 1 0 3 62 74 0 1 0 3 56 22 1 5 3 3333 55
4/4 15 2 25 0 0 49 73 3 333 0 0 47 25 2 25 3 333 65 13 1 5 3 333 55 73 2 25 0 1 58 36 2 75 0 1 69 12 1 5 3 1333 53 53 2 25 0 2 46 35 0 1 1 25 80 23 1 5 1 25 54 53 3 333 2 325 47 24 0 1 1 35 66 11 0 1 1 35 64
4/4 53 0 1 2 25 45 34 0 1 2 25 72 34 1 5 3 667 49 53 3 333 2 125 45 55 2 225 2 125 77 72 3 667 3 1667 59 53 3 333 3 2333 64 23 3 667 3 2667 45 53 2 25 3 3333 56 35 0 1 2 375 67 71 0 1 2 375 46
4/4 35 0 1 0 0 67 71 0 1 0 0 62 53 3 333 3 333 56 45 1 5 3 333 73 35 0 1 2 75 79 22 0 1 2 75 50 53 0 1 3 1333 59 23 0 1 3 1333 61 62 0 1 2 175 51 64 0 1 2 175 73 14 2 75 2 175 78 33 3 333 1 25 45 55 2 75 2 275 79 13 1 5 2 275 53 33 2 25 1 35 48 45 0 1 2 375 84 61 0 1 2 375 62
4/4 45 0 1 0 0 70 61 0 1 0 0 52 33 0 1 1 5 45 34 0 1 1 5 76 13 1 5 2 75 51 65 0 1 1 15 72 713 0 1 1 15 75 33 2 25 1 15 49 62 3 667 0 2 56 33 2 25 1 25 67 55 0 1 0 3 71 712 0 1 0 3 57 33 3 333 3 3667 61
4/4 45 0 1 0 0 65 61 0 1 0 0 64 33 2 25 3 667 55 713 0 1 0 1 72 34 0 1 0 1 69 33 2 25 3 1667 51 64 0 1 0 2 54 74 0 1 0 2 64 34 0 1 0 2 75 72 3 667 0 2 62 63 3 333 3 2667 58 34 3 333 0 3 60 63 0 1 3 3667 48 44 0 1 3 3667 67
4/4 72 0 1 0 0 56 44 0 1 0 0 68 63 3 333 2 75 56 34 1 5 0 1 60 63 2 25 2 175 48 72 1 5 2 225 53 43 0 1 2 275 46 35 0 1 2 275 71 23 0 1 2 325 48 24 0 1 2 325 57 15 0 1 2 375 62 42 0 1 2 375 40
4/4 75 0 1 2 25 75 71 0 1 2 25 67 43 0 1 2 75 54 64 0 1 2 75 55 55 0 1 2 125 62 22 0 1 2 125 51 45 0 1 0 2 54 42 0 1 0 2 54 33 0 1 2 225 67 34 0 1 2 225 82 73 3 333 0 3 55 35 0 1 3 3333 69 12 0 1 3 3333 54
4/4 73 3 333 0 0 40 24 0 1 3 333 65 32 0 1 3 333 51 73 3 333 0 1 60 35 0 1 0 1 65 13 1 5 1 15 53 73 2 25 0 2 57 74 3 1667 2 225 70 22 2 75 1 25 56 73 3 333 2 325 61 13 3 333 3 3667 53
4/4 13 3 167 0 0 62 73 2 25 2 25 63 74 0 1 2 25 73 22 3 667 3 667 50 14 0 1 2 125 76 72 0 1 2 125 56 13 3 667 3 1667 47 24 2 25 3 1667 78 73 2 25 2 225 52 35 0 1 3 2333 76 53 0 1 3 2333 71 12 2 75 3 2667 46 53 2 25 3 3333 55 73 0 1 2 375 50 34 0 1 2 375 70
4/4 73 0 1 0 0 54 34 0 1 0 0 78 53 2 25 3 333 57 24 0 1 2 75 62 11 0 1 2 75 53 53 0 1 1 15 55 34 0 1 1 15 74 23 1 5 2 175 53 53 3 333 1 25 58 55 1 15 1 25 72 72 3 667 0 3 71 53 1 5 1 35 53
4/4 23 3 667 0 0 54 55 2 175 0 0 77 53 3 333 3 667 46 72 3 667 0 1 49 53 3 333 3 1667 65 23 3 333 0 2 54 24 0 1 3 2667 51 52 0 1 3 2667 46 65 3 333 0 3 55 14 0 1 0 3 75 61 0 1 0 3 57 33 0 1 3 3667 67 64 0 1 3 3667 64
4/4 13 0 1 0 0 57 64 0 1 0 0 76 65 0 1 2 75 67 32 0 1 2 75 54 65 3 333 0 1 72 62 2 75 0 1 57 33 0 1 2 175 67 54 0 1 2 175 69 13 0 1 2 225 57 44 0 1 2 225 67 65 0 1 2 275 65 713 0 1 2 275 68 33 2 25 2 275 60 62 3 667 2 325 59 33 2 25 2 375 54
4/4 65 0 1 0 0 56 713 0 1 0 0 69 713 1 5 2 25 69 33 3 333 0 1 43 62 1 5 2 125 68 33 0 1 0 2 48 44 0 1 0 2 75 713 0 1 2 225 73 54 0 1 2 225 82 65 0 1 0 3 74 32 0 1 0 3 50 74 0 1 2 325 60 35 0 1 2 325 68 54 0 1 2 325 58 52 0 1 2 325 70 54 0 1 2 325 72
4/4 33 3 333 0 0 48 55 2 25 0 0 51 55 0 1 3 333 69 72 0 1 3 333 51 33 0 1 0 1 62 54 0 1 0 1 69 55 0 1 3 1333 63 52 0 1 3 1333 50 73 0 1 3 1333 72 45 0 1 0 2 62 32 0 1 0 2 64 73 3 667 3 2333 66 35 2 25 1 25 78 33 2 25 0 3 49 35 0 1 0 3 72 55 0 1 0 3 72 23 0 1 0 3 73 12 1 5 1 35 71
4/4 12 2 25 0 0 66 35 0 1 0 0 78 55 0 1 0 0 66 23 0 1 0 0 63 53 3 333 2 25 62 34 1 5 1 5 60 53 2 25 2 125 54 35 0 1 1 15 76 11 0 1 1 15 60 53 0 1 2 225 55 23 0 1 2 225 70 34 0 1 1 25 67 13 0 1 1 25 87 53 0 1 2 325 50 73 0 1 2 325 38 14 0 1 3 3667 64 64 0 1 3 3667 57 41 0 1 3 3667 58
4/4 14 0 1 0 0 65 64 0 1 0 0 68 41 0 1 0 0 53 12 3 333 3 333 54 24 0 1 3 667 81 63 0 1 3 667 43 73 0 1 3 667 70 12 3 333 3 1333 41 35 0 1 3 1667 67 14 0 1 3 1667 79 41 0 1 3 1667 67 12 0 1 3 2333 56 45 0 1 3 2333 65 23 0 1 3 2333 69 63 3 667 3 2667 49 14 0 1 3 3333 83 63 0 1 3 3333 72 12 1 5 3 3333 51 42 3 333 3 3667 69
4/4 42 3 333 0 0 51 12 0 1 3 333 60 14 0 1 3 333 64 63 0 1 3 333 65 63 0 1 2 75 63 74 0 1 2 75 65 23 0 1 2 75 77 12 2 25 1 15 53 14 0 1 2 175 71 35 0 1 2 175 77 41 0 1 2 175 54 12 0 1 3 2333 65 24 0 1 3 2333 65 44 0 1 3 2333 61 63 3 667 2 275 66 14 0 1 2 275 81 34 0 1 2 275 76 12 2 25 3 3333 49 75 0 1 1 35 70 45 0 1 1 35 63 34 0 1 1 35 70 72 2 25 2 375 69
4/4 75 0 1 0 0 73 45 0 1 0 0 80 34 0 1 0 0 63 72 2 25 0 0 52 43 2 25 1 5 50 34 1 5 2 75 57 43 2 25 1 15 52 72 1 5 0 2 59 43 1 5 1 25 67 34 3 333 0 3 71 43 2 25 3 3667 28
4/4 23 0 1 0 0 52 75 0 1 0 0 65 72 0 1 0 0 68 24 0 1 0 0 72 42 0 1 0 0 60 43 0 1 0 1 42 23 0 1 0 1 56 75 0 1 0 1 58 72 0 1 0 1 47 23 0 1 0 1 78 35 2 75 2 225 69 45 1 5 2 275 64 55 2 75 2 325 60 65 2 25 2 375 68
4/4 32 0 1 2 25 68 74 0 1 2 25 66 72 1 5 2 75 69 55 0 1 2 125 63 52 0 1 2 125 66 72 0 1 2 175 60 34 0 1 2 175 68 32 1 5 2 225 62 72 0 1 2 275 64 74 0 1 2 275 70 53 1 5 2 325 58
4/4 72 2 25 0 0 51 65 0 1 0 0 64 23 0 1 0 0 75 71 3 667 3 333 75 42 1 5 0 1 48 45 0 1 3 1333 67 73 0 1 3 1333 68 22 1 5 3 1333 53 42 3 333 0 2 52 71 2 75 3 2333 54 42 1 5 0 3 55 22 1 5 1 35 60
4/4 42 3 333 0 0 54 74 0 1 2 25 65 24 0 1 2 25 50 45 0 1 2 25 58 71 0 1 2 25 59 65 2 75 1 5 61 42 2 25 2 125 70 22 1 5 1 15 48 45 2 75 1 15 61 42 0 1 2 225 52 23 0 1 2 225 75 711 2 75 1 25 59 52 0 1 2 325 58 64 0 1 2 325 71 22 3 333 3 3667 59
4/4 22 3 167 0 0 62 52 3 333 2 25 48 55 0 1 3 333 65 11 3 667 3 667 67 52 3 333 3 1333 62 54 0 1 3 1667 73 34 0 1 3 1667 57 33 3 667 2 175 49 52 1 5 3 2333 54 11 3 667 2 275 54 52 1 5 3 3333 66 33 2 25 2 375 50
4/4 33 3 83 0 0 56 52 2 25 3 333 51 34 0 1 3 667 51 64 0 1 3 667 62 14 0 1 3 667 80 61 0 1 3 667 57 32 0 1 3 1333 52 23 0 1 3 1333 73 35 0 1 2 175 82 11 0 1 2 175 47 14 2 75 1 25 84 32 3 333 1 25 50 64 2 125 1 25 75 61 1 5 0 3 57 32 0 1 1 35 55 23 0 1 1 35 76
4/4 35 0 1 0 0 82 11 0 1 0 0 66 74 3 1333 1 5 59 32 2 25 1 5 67 51 1 5 0 1 55 32 0 1 1 15 64 44 0 1 1 15 55 72 0 1 0 2 62 23 0 1 0 2 71 32 2 25 3 2667 53 54 0 1 3 2667 72 34 0 1 3 2667 72 11 2 75 0 3 75 52 2 25 3 3667 74
4/4 33 1 5 0 0 68 52 2 25 2 75 66 14 0 1 0 1 59 35 0 1 0 1 59 42 0 1 0 1 54 64 0 1 0 1 75 12 0 1 2 175 67 54 0 1 2 175 62 63 0 1 2 225 63 34 0 1 2 225 74 12 0 1 2 275 49 64 0 1 2 275 57 14 3 667 2 275 58 42 0 1 0 3 69 54 0 1 0 3 74 35 0 1 2 375 76 11 0 1 2 375 51
4/4 35 0 1 0 0 84 11 0 1 0 0 58 63 1 5 2 25 59 45 2 25 2 25 74 45 0 2 0 1 89 12 2 25 0 1 63 71 3 667 3 1333 77 42 3 333 0 2 60 33 1 5 3 2333 56 42 3 333 0 3 70 71 0 1 3 3333 72 34 0 1 3 3333 80
4/4 42 0 1 0 0 51 44 0 1 0 0 62 71 0 1 0 0 71 34 0 1 0 0 70 22 1 5 1 5 58 55 2 75 1 5 75 43 0 1 2 125 61 64 0 1 2 125 68 75 0 1 1 15 80 32 2 75 1 15 65 72 3 333 2 225 56 55 2 75 3 2667 69 53 1 5 3 2667 63 72 3 333 2 325 60 35 2 75 2 325 72 32 3 333 3 3667 60
4/4 32 3 333 0 0 61 35 2 25 0 0 72 72 0 1 2 25 65 74 0 1 2 25 71 53 3 667 3 667 60 65 3 1333 3 1333 77 72 2 25 3 1333 60 71 3 667 2 175 70 42 1 5 3 2333 52 45 2 125 2 275 75 22 1 5 2 275 55 42 3 333 1 35 68 71 2 25 2 375 49
4/4 45 0 1 0 0 73 71 1 5 0 0 53 42 3 333 1 5 69 22 1 5 2 75 72 42 3 333 1 15 64 74 0 1 3 1667 68 24 0 1 3 1667 49 45 0 1 3 1667 61 71 0 1 3 1667 56 64 0 1 3 1667 69 42 2 25 1 25 50 22 0 1 0 3 52 44 0 1 0 3 70 42 2 25 1 35 61 24 1 5 1 35 80
4/4 711 3 667 0 0 59 24 2 75 0 0 71 52 0 1 1 5 57 64 0 1 1 5 78 22 3 667 0 1 60 52 3 333 1 15 69 55 0 1 1 15 69 34 0 1 1 15 73 11 3 667 0 2 65 52 3 333 3 2667 59 35 0 1 0 3 72 54 0 1 0 3 75 32 0 1 0 3 54 52 3 333 3 3667 56
4/4 35 0 1 0 0 76 11 0 1 0 0 65 24 0 1 3 667 69 51 0 1 3 667 58 14 0 1 0 1 63 32 0 1 0 1 55 52 0 1 3 1667 62 73 0 1 3 1667 55 61 0 1 0 2 66 13 0 1 0 2 72 32 3 333 2 275 66 35 0 1 0 3 69 15 0 1 0 3 72 11 0 1 0 3 53 32 2 25 2 375 60
4/4 61 0 1 0 0 62 74 0 1 0 0 80 32 3 83 0 0 48 42 0 1 2 75 53 64 0 1 2 75 55 22 0 1 2 125 61 54 0 1 2 125 75 42 0 1 2 175 51 64 0 1 2 175 47 74 0 1 0 2 53 35 0 1 0 2 56 45 0 1 0 2 68 74 0 1 0 2 73 51 1 5 2 225 64 32 3 333 0 3 53 72 1 5 2 325 65
4/4 32 2 25 0 0 61 34 0 1 2 25 65 74 0 1 2 25 61 11 0 1 2 25 66 34 0 1 2 25 70 52 3 333 0 1 71 33 3 667 3 1333 63 52 2 25 0 2 62 14 0 1 2 225 57 35 0 1 2 225 56 64 0 1 2 225 69 42 0 1 3 2333 58 64 0 1 3 2333 59 12 0 1 0 3 54 54 0 1 0 3 69 63 0 1 3 3333 54 34 0 1 3 3333 62
4/4 65 0 1 0 0 59 11 0 1 0 0 62 63 0 1 0 0 46 34 0 1 0 0 70 42 0 1 3 333 61 54 0 1 3 333 60 35 0 1 0 1 60 11 0 1 0 1 57 15 0 1 3 1333 62 64 0 1 3 1333 49 63 1 5 3 1333 64 75 0 1 0 2 71 44 0 1 0 2 68 12 2 25 0 2 52 71 3 667 1 25 60 42 2 25 0 3 67 33 1 5 1 35 59
4/4 42 1 5 0 0 47 75 0 1 0 0 70 44 0 1 0 0 54 71 1 5 1 5 63 42 3 333 2 125 67 33 3 333 1 15 31 42 2 25 2 225 47 71 0 1 1 25 67 22 0 1 1 25 63 75 0 1 1 25 76 74 0 1 1 25 70 41 0 1 1 25 35 42 0 1 1 35 47 22 0 1 1 35 56 71 0 1 1 35 60 74 2 25 1 35 71
4/4 42 0 1 0 0 52 22 0 1 0 0 57 71 0 1 0 0 58 74 2 375 2 25 56 65 2 75 1 5 72 55 1 5 2 125 54 45 2 75 3 1667 62 55 3 333 3 2333 57 33 2 75 3 2667 53 35 3 1333 3 2667 63 73 1 5 3 3333 65 13 3 333 3 3667 49
4/4 74 2 325 0 0 60 13 3 333 0 0 63 35 3 3917 0 0 71 73 1 5 3 333 55 33 3 667 2 75 56 73 1 5 3 1333 40 13 2 75 2 175 54 73 3 333 1 25 56 222 2 75 2 275 50 73 1 5 1 35 47
4/4 74 2 25 0 0 72 13 3 667 0 0 61 73 2 25 1 5 51 74 1 35 1 5 71 222 0 1 0 1 58 64 0 1 0 1 76 55 0 1 1 15 61 72 0 1 1 15 44 45 0 1 0 2 66 12 0 1 0 2 59 55 0 1 1 25 66 72 0 1 1 25 44 12 2 75 0 3 65 35 0 1 0 3 74 63 1 5 1 35 47
4/4 73 3 667 0 0 56 35 2 375 0 0 65 74 1 35 0 0 65 63 1 5 3 667 60 12 3 667 0 1 51 63 1 5 3 1667 56 73 3 667 0 2 61 63 3 333 3 2667 58 712 2 75 0 3 56 63 2 25 2 375 46
4/4 63 2 25 0 0 49 74 2 25 2 25 70 73 1 5 2 25 61 74 0 3 0 1 63 63 3 333 0 1 61 712 0 1 3 1333 47 64 0 1 3 1333 59 63 0 1 2 225 44 54 0 1 2 225 63 45 0 1 3 2667 54 72 0 1 3 2667 44 63 2 25 2 375 54 55 2 25 2 375 61
4/4 55 3 417 0 0 51 72 0 1 0 2 25 32 0 1 0 2 38 34 0 1 0 2 22 52 0 1 0 2 47 74 3 1667 3 2333 35 35 1 15 1 25 40
4/4 72 0 1 0 0 38 32 0 1 0 0 38 34 0 1 0 0 32 52 0 1 0 0 38 74 3 3083 0 0 42 35 0 3 0 0 37
