4/4 43 0 2 0 2 31 72 0 1 0 2 23 13 0 1 0 2 42 23 0 1 2 225 31 44 0 1 2 225 36 614 0 1 2 225 46
4/4 43 0 4 0 0 23 72 0 1 0 0 30 13 0 1 0 0 29 614 2 225 2 125 69
4/4 74 2 25 0 0 95 43 3 1333 0 0 34 72 0 1 0 0 31 13 0 1 0 0 40 14 2 25 1 5 94 614 2 25 0 1 84 72 0 1 1 15 39 53 0 1 1 15 47 13 0 1 3 1667 48 314 0 1 3 1667 50 54 0 1 3 1667 60
4/4 72 0 1 0 0 51 53 0 1 0 0 36 14 0 1 1 5 58 224 0 1 1 5 64 24 2 125 2 75 70 14 0 2 0 2 47
4/4 72 0 1 0 0 53 53 0 1 0 0 43 14 3 3667 0 0 59 54 0 1 0 2 52 314 0 1 0 2 38 13 0 1 0 2 32 612 0 1 2 225 37 53 0 1 2 225 26
4/4 612 0 1 0 0 36 53 0 1 0 0 43 315 2 75 1 5 83 24 2 25 1 15 41 45 1 5 0 2 72 315 2 25 1 25 79 55 1 5 2 275 84 45 3 333 2 325 68 615 3 333 3 3667 88
4/4 55 2 25 0 0 71 612 0 1 0 0 34 53 0 1 0 0 27 75 2 75 1 5 98 615 3 333 0 1 69 14 2 175 2 225 48 35 1 15 1 25 65 525 2 75 1 25 60 22 3 1333 1 25 42 15 3 1333 3 2667 58
4/4 14 3 1583 0 0 46 35 1 25 0 0 63 15 3 1917 0 0 65 13 2 25 2 25 50 34 2 25 2 75 56 524 2 225 2 125 39 614 2 225 3 1667 46 14 1 15 0 2 48 525 1 5 1 25 55 715 3 333 0 3 47 75 1 5 3 3333 67 615 2 25 2 375 71
4/4 65 2 25 0 0 75 55 3 333 2 25 71 525 0 1 1 5 67 45 0 1 1 5 67 315 2 25 0 1 63 35 2 25 2 125 74 24 0 1 1 15 67 224 0 1 1 15 69 14 3 333 0 2 64 714 3 333 2 225 67 74 3 667 3 2667 73 53 0 1 0 3 52 73 0 1 0 3 56 23 0 1 0 3 42 44 0 1 0 3 50 614 3 667 3 3333 74
4/4 614 3 83 0 0 71 53 0 1 0 0 57 73 0 1 0 0 54 23 0 1 0 0 54 44 0 1 0 0 51 74 3 333 3 667 85 24 3 333 0 1 79 45 3 333 3 1333 95 615 0 1 0 2 63 52 0 1 0 2 42 615 2 125 2 275 53
4/4 615 3 1417 0 0 66 615 3 333 3 2667 91 75 3 667 3 3333 105 613 0 1 2 375 36 223 0 1 2 375 50 314 0 1 2 375 51
4/4 54 0 4 0 0 50 613 0 1 0 0 49 223 0 1 0 0 51 314 0 1 0 0 50 224 0 1 2 25 63 315 0 1 2 25 60 55 0 1 2 25 69 615 0 1 1 5 86 75 3 667 2 225 86 615 2 25 3 2667 66 55 3 333 0 3 80 315 3 333 3 3333 68
4/4 224 2 25 0 0 52 54 0 4 0 0 52 74 0 3 0 1 30
4/4 54 0 2 0 0 42 74 3 667 0 0 38 75 1 5 0 2 73 615 1 5 3 2333 52 55 1 5 2 275 68 615 0 1 3 3667 41 45 0 1 3 3667 48 315 0 1 3 3667 40 22 0 1 3 3667 29
4/4 615 0 1 0 0 49 45 0 1 0 0 37 315 0 1 0 0 48 22 0 1 0 0 28 613 2 75 0 1 42 23 3 333 2 175 34 314 1 5 3 2333 39 44 1 5 2 275 39 614 1 5 2 325 36
4/4 24 2 75 0 0 47 315 2 125 1 5 35 45 1 5 3 1333 48 615 3 1667 3 2333 40 56 0 1 1 35 28 316 0 1 1 35 38
4/4 615 0 4 0 0 30 56 0 1 0 0 27 316 0 1 0 0 29
4/4 615 3 667 0 0 44 56 0 1 0 0 32 316 0 1 0 0 31 24 3 333 3 3667 67
4/4 615 3 667 0 0 74 24 3 917 0 0 58 55 3 333 0 1 67 24 0 1 2 125 68 45 0 1 2 125 69 73 3 333 3 1333 52 615 1 25 1 15 84 614 0 1 1 25 61 23 0 1 1 25 49 44 0 1 1 25 36 614 0 1 3 3667 60 44 0 1 3 3667 54 23 0 1 3 3667 47
4/4 615 1 5 0 0 76 24 2 175 1 5 74 615 3 1333 0 1 79 43 2 25 0 1 52 614 0 1 0 2 37 44 2 175 0 2 46 23 2 175 2 225 48 75 1 5 0 3 71 55 3 333 3 3333 68
4/4 45 2 25 0 0 83 23 2 25 0 0 49 55 1 35 1 5 70 73 3 2667 1 5 43 54 0 1 3 1667 43 13 0 1 3 1667 44 314 0 1 3 1667 48 54 0 1 2 275 59 13 0 1 2 275 52 314 0 1 2 275 51
4/4 53 3 333 0 0 51 55 2 175 0 0 85 314 0 1 2 125 45 54 0 1 2 125 40 13 0 1 2 125 50 14 2 125 0 2 78 315 1 5 0 3 79 45 3 333 2 325 75 315 0 1 3 3667 44 55 0 1 3 3667 72 14 0 1 3 3667 60 613 0 1 3 3667 56
4/4 315 0 1 0 0 40 55 0 1 0 0 62 14 0 1 0 0 73 613 0 1 0 0 44 55 2 175 1 5 76 314 0 1 0 1 46 13 0 1 0 1 49 54 0 1 0 1 43 54 0 1 0 2 71 314 0 1 0 2 63 13 0 1 0 2 39 14 2 125 2 275 84 55 2 75 2 325 77 313 2 25 2 325 62
4/4 14 2 125 0 0 75 55 3 583 0 0 74 314 0 1 3 333 31 54 0 1 3 333 37 13 0 1 3 333 41 613 0 1 3 333 39 615 1 5 3 333 65 45 2 25 2 175 83 315 3 333 2 225 88 24 0 1 3 2667 79 614 0 1 3 2667 76 44 0 1 3 2667 62 614 0 1 3 2667 64 22 3 333 3 2667 49 613 0 1 2 375 59 23 0 1 2 375 63 43 0 1 2 375 62
4/4 24 0 1 0 0 72 614 0 1 0 0 60 44 0 1 0 0 71 614 0 1 0 0 67 613 0 1 0 0 54 23 0 1 0 0 68 43 0 1 0 0 71 44 2 25 1 5 86 315 2 25 0 1 87 45 3 333 3 1667 62 53 0 1 0 2 34 73 0 1 0 2 45 44 0 1 0 2 56 74 0 1 0 2 62 24 0 1 2 225 58 55 0 1 2 225 69 54 0 1 3 3333 40 12 0 1 3 3333 33 74 0 1 3 3333 55 73 0 1 3 3333 35 315 0 1 3 3333 49
4/4 54 0 1 0 0 34 12 0 1 0 0 38 74 0 1 0 0 46 73 0 1 0 0 41 315 0 1 0 0 63 24 2 25 2 125 86 44 0 1 1 15 61 614 0 1 1 15 50 315 0 1 1 15 83 43 0 1 1 15 55 314 0 1 2 275 57 13 0 1 2 275 60 613 0 1 2 275 44
4/4 314 0 1 0 0 71 613 0 1 0 0 53 13 0 1 0 0 61 44 0 1 0 0 45 614 0 1 0 0 59 315 0 1 0 0 80 43 0 1 0 0 56 613 0 1 0 1 24 43 0 1 0 1 31 34 0 1 0 1 49 44 0 1 2 125 36 614 0 1 2 125 44 14 0 1 3 1333 54 35 2 75 1 15 47 14 2 25 2 325 77 615 2 25 2 375 76
4/4 55 2 25 1 5 66 615 2 275 0 1 70 73 1 5 0 1 49 614 0 1 0 2 55 23 0 1 0 2 53 44 0 1 0 2 50 614 0 1 3 3333 78 23 0 1 3 3333 50 44 0 1 3 3333 46
4/4 24 0 2 0 0 81 43 2 25 1 5 50 615 1 15 1 5 74 614 2 125 3 1667 72 44 0 1 3 1667 42 23 0 1 3 1667 55 75 2 25 1 25 70 55 3 333 0 3 83 45 3 333 3 3667 60
4/4 14 0 1 0 0 55 315 0 1 0 0 54 55 0 4 0 0 67 73 2 275 2 25 52 54 0 1 2 125 66 314 0 1 2 125 48 13 0 1 2 125 37 314 0 1 3 2333 55 54 0 1 3 2333 52 13 0 1 3 2333 36 53 3 333 3 3667 66
4/4 14 0 1 0 0 54 315 0 1 0 0 56 55 1 15 0 0 75 314 2 225 2 75 55 13 0 1 2 75 52 54 0 1 2 75 46 14 0 1 3 1667 76 315 1 5 1 25 86 45 3 333 0 3 67 315 0 1 3 3333 66 55 0 1 3 3333 73 14 0 1 3 3333 82 613 3 667 3 3333 58
4/4 613 0 2 0 0 53 55 0 1 2 25 70 14 0 1 2 25 77 54 0 1 1 5 58 314 0 1 1 5 49 13 0 1 1 5 45 54 0 1 3 1667 68 314 0 1 3 1667 68 13 0 1 3 1667 62 14 3 1667 3 2333 70 313 2 25 2 275 57 55 0 1 2 275 84
4/4 613 0 1 0 0 47 314 0 1 0 0 32 54 0 1 0 0 36 13 0 1 0 0 50 615 1 5 0 0 63 14 3 833 0 0 78 45 2 25 3 1333 85 315 2 25 2 175 70 24 0 1 2 225 63 44 0 1 2 225 59 614 0 1 2 225 61 22 3 333 2 225 57 613 0 1 2 325 70 23 0 1 2 325 69
4/4 44 2 25 0 0 84 613 0 1 0 0 55 23 0 1 0 0 67 315 2 25 1 5 90 45 2 25 0 1 81 44 0 1 1 15 45 73 0 1 1 15 50 53 0 1 1 15 56 55 0 1 1 15 83 74 0 1 1 15 62 24 0 1 1 15 64 54 0 1 3 2667 56 12 0 1 3 2667 32 74 0 1 3 2667 38 315 0 1 3 2667 68 73 3 1333 3 2667 43
4/4 73 3 417 0 0 36 24 2 25 3 333 84 315 0 1 2 75 70 614 0 1 2 75 74 43 3 2667 2 75 65 314 0 1 2 175 57 613 0 1 2 175 64 44 1 5 3 2667 71 314 0 1 0 3 74 614 0 1 0 3 92 613 0 1 0 3 58 14 2 25 2 375 86
4/4 43 0 1 0 0 57 613 0 1 0 0 58 34 0 1 0 0 78 14 3 83 0 0 93 44 0 1 2 25 73 614 0 1 2 25 76 35 0 1 2 25 84 42 2 225 1 15 81 44 2 25 3 2333 68 614 0 1 2 275 94 615 0 1 2 275 74 74 0 1 2 325 74 75 0 1 2 325 93 15 0 1 3 3667 102 14 0 1 3 3667 91
4/4 24 0 1 0 0 66 45 0 1 0 0 68 15 0 1 0 0 98 52 0 1 0 0 67 53 0 1 0 0 82 54 0 1 2 125 67 53 0 1 2 125 60 73 0 1 2 125 63 75 0 1 3 1333 78 24 0 1 3 1333 74 45 0 1 3 1333 83 524 0 1 1 25 69 73 0 1 1 25 50 53 0 1 1 25 71 24 0 1 0 3 71 615 0 1 0 3 73 45 0 1 0 3 52 53 0 1 3 3333 45 73 0 1 3 3333 64 44 0 1 3 3333 57 74 0 1 3 3667 59 24 0 1 3 3667 67 45 0 1 3 3667 68 75 0 1 3 3667 84
4/4 74 0 1 0 0 51 24 0 1 0 0 65 45 0 1 0 0 70 75 0 1 0 0 71 52 3 1333 2 75 72 74 2 25 1 15 77 74 0 1 0 2 76 75 0 1 0 2 83 14 0 1 3 2333 89 15 0 1 3 2333 94 25 0 1 2 275 93 24 0 1 2 275 81 612 0 1 2 325 73 24 0 1 2 325 93 55 0 1 2 325 80 24 0 1 2 325 91 25 0 1 2 325 89
4/4 614 0 1 3 333 71 613 0 1 3 333 68 13 0 1 3 333 44 315 0 1 3 333 79 15 0 1 3 333 79 55 0 1 3 333 69 64 0 1 1 15 67 613 0 1 1 15 48 13 0 1 1 15 65 715 2 25 2 225 83 613 0 1 1 25 37 13 0 1 1 25 42 54 0 1 1 25 54 14 0 1 2 275 52 315 0 1 2 275 59 55 0 1 2 275 71 15 0 1 2 275 90
4/4 612 3 1667 0 0 83 14 2 25 3 667 88 14 0 1 0 1 90 15 0 1 0 1 106 24 0 1 1 15 74 25 0 1 1 15 96 315 0 1 0 2 81 316 0 1 0 2 81 72 0 1 3 2333 81 316 0 1 3 2333 74 315 0 1 3 2333 108 74 0 1 1 35 64 73 0 1 1 35 66 44 0 1 1 35 55 23 0 1 1 35 49 25 0 1 1 35 84 45 0 1 1 35 94 615 0 1 1 35 84
4/4 25 0 1 0 0 83 45 0 1 0 0 81 615 0 1 0 0 75 614 0 1 1 5 75 73 0 1 1 5 60 44 0 1 1 5 52 23 0 1 1 5 37 45 0 1 2 125 65 225 0 1 2 125 91 713 0 1 3 1667 48 23 0 1 3 1667 52 44 0 1 3 1667 54 64 0 1 3 1667 42 24 0 1 2 175 48 45 0 1 2 175 54 25 3 333 2 225 68 55 2 75 2 325 60 56 3 667 3 3333 72
4/4 713 0 1 0 0 54 23 0 1 0 0 51 44 0 1 0 0 44 64 0 1 0 0 54 55 3 583 0 0 65 56 3 83 0 0 78 46 2 25 0 1 43 315 0 1 3 1667 39 223 0 1 3 1667 45 614 0 1 3 1667 56 314 0 1 3 1667 46 25 0 1 3 1667 61 615 2 175 3 1667 57 316 2 225 2 175 63
4/4 315 0 1 0 0 51 223 0 1 0 0 38 614 0 1 0 0 51 314 0 1 0 0 48 25 0 1 0 0 60 316 2 25 0 0 61 615 2 25 2 25 58 615 0 1 2 125 39 616 0 1 2 125 53 224 2 25 2 125 42 24 3 667 3 3333 74 615 2 25 2 375 83
4/4 24 3 333 0 0 75 615 2 25 0 0 83 55 2 25 1 5 83 24 0 1 0 1 67 73 0 1 0 1 62 45 0 1 0 1 74 73 0 1 0 1 70 615 0 1 0 1 80 614 0 1 0 2 57 44 0 1 0 2 49 23 0 1 0 2 44 614 0 1 2 325 67 44 0 1 2 325 48 23 0 1 2 325 55
4/4 24 0 2 0 0 73 43 2 25 3 333 61 55 3 1333 1 5 75 614 3 1667 3 1667 38 615 0 1 3 1667 51 45 0 1 3 1667 45 23 0 1 3 1667 38 44 0 1 3 1667 42 15 3 333 2 275 88 615 2 25 3 3667 93
4/4 613 0 1 0 0 66 55 1 5 0 0 81 14 0 1 2 75 67 45 0 1 2 75 63 54 0 1 2 125 51 45 0 1 2 125 61 14 0 1 2 125 61 44 0 1 2 125 50 13 0 1 2 125 55 54 0 1 3 2333 65 44 0 1 3 2333 53 13 0 1 3 2333 54 46 1 5 2 325 78 43 2 25 3 3667 55 316 3 333 3 3667 60
4/4 25 1 5 0 0 53 15 1 5 1 5 55 44 0 1 2 75 43 613 0 1 2 75 45 54 0 1 2 75 35 55 3 333 0 1 61 13 0 1 0 1 54 54 0 1 0 1 44 24 3 333 3 1667 77 615 3 333 0 2 90 55 2 25 2 275 86 24 0 1 2 325 62 45 0 1 2 325 74 615 0 1 2 325 86 73 3 333 3 3333 62
4/4 24 0 1 0 0 75 45 0 1 0 0 65 615 0 1 0 0 84 614 0 1 1 5 79 44 0 1 1 5 55 23 0 1 1 5 67 614 0 1 3 1667 86 44 0 1 3 1667 38 23 0 1 3 1667 52 24 0 1 3 2333 75 43 2 25 2 275 50 55 2 75 2 275 82
4/4 614 0 1 0 0 42 615 0 1 0 0 48 24 0 1 0 0 47 23 0 1 0 0 42 44 0 1 0 0 41 15 3 333 2 125 84 615 2 25 0 2 68 55 1 5 3 2333 71 613 3 1667 3 2333 63 45 2 25 0 3 67 44 0 1 1 35 54 54 0 1 1 35 52 13 0 1 1 35 56 45 0 1 1 35 76 14 0 1 1 35 80
4/4 613 3 1083 0 0 57 45 0 1 0 0 66 14 0 1 0 0 80 13 0 1 3 667 28 44 0 1 3 667 63 54 0 1 3 667 67 43 3 333 0 2 47 613 0 1 0 3 54 44 0 1 0 3 56 54 0 1 0 3 44 13 0 1 0 3 53 45 2 25 2 375 91
4/4 613 0 1 0 0 60 44 0 1 0 0 46 54 0 1 0 0 40 13 0 1 0 0 49 315 1 5 2 25 81 14 2 25 0 1 79 74 0 1 1 15 78 24 0 1 1 15 77 53 1 25 1 15 51 14 3 333 2 225 92 24 3 1333 3 2667 75 74 2 125 2 275 73 44 0 1 2 275 64 23 0 1 2 275 59 73 0 1 2 275 55 44 0 1 2 375 69 23 0 1 2 375 57 73 0 1 2 375 46
4/4 24 3 2167 0 0 71 74 2 175 0 0 82 22 2 25 2 75 67 53 0 1 0 2 62 23 0 1 0 2 49 73 0 1 0 2 66 44 0 1 0 2 52 24 0 1 2 275 82 74 0 1 2 275 67 14 3 333 2 325 70
4/4 74 3 333 0 0 79 313 0 1 2 25 43 53 0 1 2 25 46 13 0 1 2 25 38 54 0 1 1 5 53 14 0 1 1 5 57 314 3 2333 3 667 46 23 0 1 3 3667 52 44 0 1 3 3667 55 74 0 1 2 375 63 22 0 1 2 375 43
4/4 23 0 1 0 0 44 44 0 1 0 0 60 74 0 1 0 0 52 22 0 1 0 0 47 43 0 1 0 1 35 73 0 1 0 1 37 43 2 75 2 225 44 73 1 5 2 225 40 223 0 1 0 3 31 314 0 1 0 3 40 614 3 667 3 3333 52 222 3 667 3 3333 40
4/4 223 0 1 0 0 35 314 0 1 0 0 40 614 3 1333 0 0 57 222 3 1083 0 0 41 613 0 1 1 5 45 313 0 1 1 5 36 613 0 1 0 2 38 223 0 1 0 2 36 223 0 1 2 325 30 314 0 1 2 325 27 614 0 1 2 325 27 315 0 1 3 3667 36 615 0 1 3 3667 40
4/4 223 0 1 0 0 41 314 0 1 0 0 40 614 0 1 0 0 31 315 0 1 0 0 34 615 0 1 0 0 39 614 2 25 3 2667 71 615 2 25 2 325 94
4/4 55 2 25 0 0 80 74 0 1 1 5 61 24 0 1 1 5 69 615 0 1 1 5 83 45 0 1 3 667 70 615 0 1 3 667 82 72 3 333 3 667 50 43 0 1 2 175 67 23 0 1 2 175 62 23 0 1 0 3 71 43 0 1 0 3 80 74 2 25 2 375 88
4/4 74 1 15 0 0 68 42 2 25 2 25 47 615 0 1 2 25 73 45 0 1 2 25 71 23 0 1 3 1333 51 44 0 1 3 1333 46 73 0 1 3 1333 56 75 3 333 2 225 78 55 2 25 3 2667 95 45 2 25 3 3333 98 54 0 1 2 375 58 14 0 1 2 375 76 315 0 1 2 375 69 55 0 1 2 375 73
4/4 72 2 25 0 0 62 54 0 1 0 0 67 14 0 1 0 0 77 315 0 1 0 0 61 55 0 1 0 0 84 314 0 1 0 1 46 53 0 1 0 1 51 13 0 1 0 1 49 53 0 1 2 225 52 314 0 1 2 225 59 13 0 1 2 225 53 52 2 25 3 3333 71
4/4 54 0 1 0 0 67 14 0 1 0 0 66 315 0 1 0 0 73 55 0 1 0 0 71 53 0 1 1 5 52 314 0 1 1 5 56 13 0 1 1 5 37 14 2 75 2 125 85 315 2 25 1 25 74 45 2 25 2 275 90 55 0 1 2 325 70 315 0 1 2 325 74 612 0 1 2 325 43 614 0 1 2 325 81 14 0 1 2 325 58
4/4 55 0 2 0 0 89 613 0 1 1 5 50 314 0 1 1 5 46 13 0 1 1 5 53 13 0 1 1 15 58 314 0 1 1 15 55 613 0 1 1 15 61 614 3 1667 2 225 69 55 0 1 3 2667 66 315 0 1 3 2667 60 313 2 25 3 2667 49 613 0 1 2 375 45 314 0 1 2 375 50 13 0 1 2 375 44
4/4 613 0 1 0 0 43 314 0 1 0 0 43 13 0 1 0 0 45 615 2 25 3 667 68 45 3 333 0 1 76 315 2 25 2 175 57 44 0 1 2 225 47 614 0 1 2 225 61 24 3 1667 2 225 63 22 2 25 3 2333 48 613 0 1 3 3333 50 23 0 1 3 3333 63 43 0 1 3 3333 43
4/4 613 0 1 0 0 55 23 0 1 0 0 56 43 0 1 0 0 59 44 2 25 2 25 55 315 3 333 3 667 77 45 2 25 3 1333 53 44 0 1 2 175 41 55 0 1 2 175 74 74 0 1 2 175 66 53 0 1 2 175 60 24 0 1 2 175 65 54 0 1 0 3 47 73 0 1 0 3 42 12 0 1 0 3 36 74 0 1 0 3 40 224 0 1 0 3 40 315 2 75 2 325 49
4/4 54 0 1 0 0 57 73 0 1 0 0 38 12 0 1 0 0 30 74 0 1 0 0 48 224 0 1 0 0 60 315 1 5 0 0 68 24 3 333 0 1 69 44 1 15 3 1333 46 614 0 1 1 15 50 14 0 1 1 15 67 42 1 5 1 15 72 315 2 175 1 15 70 12 3 333 0 2 63 53 1 5 3 2333 52 613 1 5 2 275 60 13 1 5 2 325 64 314 1 5 1 35 80
4/4 44 1 5 0 0 84 614 2 25 3 333 70 14 2 25 2 75 82 13 0 1 2 125 47 34 0 1 2 125 54 613 0 1 2 125 58 43 0 1 2 125 56 35 0 1 2 125 82 614 0 1 2 125 74 44 0 1 2 125 70 42 0 1 1 25 77 24 2 25 2 325 86 615 2 25 2 375 84
4/4 55 2 25 1 5 77 74 0 1 0 1 65 24 0 1 0 1 66 45 0 1 0 1 68 615 0 1 0 1 73 72 2 25 0 1 60 44 0 1 2 225 56 73 0 1 2 225 61 23 0 1 2 225 52 73 0 1 3 3333 67 23 0 1 3 3333 69 44 1 5 3 3333 71
4/4 73 0 1 0 0 56 23 0 1 0 0 60 74 2 175 2 25 83 615 0 1 1 5 86 45 0 1 1 5 64 43 1 5 1 5 65 44 0 1 2 175 39 23 0 1 2 175 47 73 0 1 2 175 38 75 2 25 1 25 82 55 3 333 0 3 85 45 2 25 2 375 71
4/4 55 0 1 2 25 66 14 0 1 2 25 77 315 2 375 2 25 77 12 2 25 2 25 62 314 0 1 3 1333 54 53 0 1 3 1333 72 13 0 1 3 1333 62 53 0 1 1 25 68 314 0 1 1 25 53 13 0 1 1 25 51 52 2 25 3 3667 56
4/4 55 0 1 0 0 81 14 0 1 0 0 69 315 3 917 0 0 72 314 0 1 2 75 45 53 0 1 2 75 59 13 0 1 2 75 38 14 0 1 3 1667 85 315 2 25 1 25 91 45 2 25 2 275 89 54 0 1 2 325 64 14 0 1 2 325 62 315 0 1 2 325 72 612 0 1 2 325 48 55 0 1 2 325 82
4/4 55 0 1 2 25 82 14 0 1 2 25 58 54 0 1 2 25 85 314 0 1 1 5 72 613 0 1 1 5 60 13 0 1 1 5 54 314 0 1 3 1667 69 13 0 1 3 1667 46 613 0 1 3 1667 55 13 0 1 3 1667 57 54 1 5 1 25 91 14 0 1 2 275 73 55 0 1 2 275 74 313 0 1 2 275 66 315 0 1 2 275 73
4/4 54 0 1 0 0 39 314 0 1 0 0 33 613 0 1 0 0 39 615 0 1 0 0 72 13 0 1 0 0 41 14 0 1 0 0 68 45 2 25 1 15 66 315 2 25 0 2 76 24 0 1 3 2333 68 614 0 1 3 2333 52 44 0 1 3 2333 65 614 0 1 3 2333 63 22 1 5 3 2333 52 613 0 1 1 35 58 23 0 1 1 35 59 43 0 1 1 35 50
4/4 613 0 1 0 0 63 23 0 1 0 0 49 43 0 1 0 0 48 44 2 25 2 25 68 315 3 333 3 667 89 45 2 25 3 1333 73 44 0 1 2 175 55 73 0 1 2 175 44 53 0 1 2 175 43 55 0 1 2 175 62 74 0 1 2 175 65 24 0 1 2 175 64 12 0 1 2 275 42 54 0 1 2 275 52 73 0 1 2 275 33 74 0 1 2 275 64 315 0 1 0 3 63
4/4 12 0 1 0 0 40 54 0 1 0 0 53 73 0 1 0 0 26 74 0 1 0 0 64 24 2 25 2 75 78 44 0 1 2 125 53 614 0 1 2 125 47 14 3 2667 3 1333 57 42 0 1 3 1333 50 315 3 333 3 1333 61 12 1 5 0 2 53 53 1 5 1 25 70 613 1 5 2 325 57 13 3 333 3 3667 48
4/4 14 3 583 0 0 52 13 3 167 0 0 53 314 2 25 1 5 50 613 0 1 0 1 38 43 0 1 0 1 49 34 0 1 0 1 35 44 0 1 0 1 32 614 0 1 0 1 37 14 0 1 0 1 58 35 2 75 3 1333 68 614 3 333 2 325 71 614 0 1 3 3667 92 615 0 1 3 3667 88
4/4 74 0 1 0 0 87 75 0 1 0 0 72 15 0 1 1 5 92 14 0 1 1 5 78 15 0 1 0 1 76 45 0 1 0 1 72 615 0 1 0 1 80 52 2 25 0 1 72 75 0 1 2 225 79 45 0 1 2 225 75 54 0 1 2 225 54 53 0 1 2 225 57 23 0 1 2 225 61 73 0 1 2 225 56 524 0 1 3 3333 73 53 0 1 3 3333 54 23 0 1 3 3333 52 73 0 1 3 3333 54
4/4 615 2 25 0 0 70 53 0 1 1 5 46 73 0 1 1 5 49 23 0 1 1 5 41 44 0 1 1 5 60 74 0 1 1 5 56 24 0 1 1 5 57 45 0 1 1 5 76 75 0 1 1 5 83 52 0 2 2 175 73 74 2 25 3 2667 85 74 0 1 0 3 79 75 0 1 0 3 93 14 0 1 1 35 80 15 0 1 1 35 102
4/4 24 0 1 0 0 82 25 0 1 0 0 90 612 2 25 3 333 70 24 0 1 3 333 91 25 0 1 3 333 80 55 0 1 3 333 90 614 0 1 1 15 66 613 0 1 1 15 55 314 0 1 1 15 66 13 0 1 1 15 50 15 0 1 1 15 95 55 0 1 1 15 91 315 0 1 1 15 65 64 0 1 3 2667 70 314 0 1 3 2667 66 613 0 1 3 2667 68 13 0 1 3 2667 63 24 0 1 3 3333 66 715 0 1 3 3333 77 613 0 1 3 3667 49 13 0 1 3 3667 48 314 0 1 3 3667 53 54 0 1 3 3667 58
4/4 14 0 1 0 0 56 315 0 1 0 0 56 55 0 1 0 0 65 15 0 1 0 0 82 612 2 175 2 125 72 14 2 25 2 175 72 14 0 1 3 2333 93 15 0 1 3 2333 90 24 0 1 2 275 86 25 0 1 2 275 88 315 0 1 2 325 92 316 0 1 2 325 83 72 2 25 3 3667 75 315 0 1 3 3667 88 316 0 1 3 3667 90 15 0 1 3 3667 53
4/4 315 0 1 0 0 86 316 0 1 0 0 86 15 0 1 0 0 53 74 0 1 2 75 83 73 0 1 2 75 78 23 0 1 2 75 59 44 0 1 2 75 48 25 0 1 2 75 86 615 0 1 2 75 72 45 0 1 2 75 76 614 0 1 0 2 66 73 0 1 0 2 57 23 0 1 0 2 41 44 0 1 0 2 43 23 0 1 0 2 50 45 0 1 3 2667 77 225 0 1 3 2667 77 713 0 1 0 3 54 23 0 1 0 3 34 44 0 1 0 3 38 64 0 1 0 3 41 24 0 1 3 3333 51 45 0 1 3 3333 52 65 0 1 3 3333 54 25 3 333 3 3667 73
4/4 713 0 1 0 0 51 23 0 1 0 0 40 44 0 1 0 0 32 64 0 1 0 0 46 55 0 1 3 667 48 56 0 1 3 667 80 46 2 25 1 25 93 315 0 1 0 3 78 316 0 1 0 3 88 612 0 1 0 3 91 316 0 1 0 3 82 313 3 333 1 35 67 613 2 25 2 375 78
4/4 23 1 5 2 25 73 314 1 5 1 5 78 614 1 5 0 1 96 24 1 5 3 1333 72 315 1 5 3 1667 63 55 1 5 0 2 60 613 0 1 1 25 52 314 0 1 1 25 49 54 0 1 1 25 51 224 0 1 1 25 63 315 0 1 2 275 63 615 0 1 2 275 75
4/4 24 1 5 3 667 71 615 2 25 2 125 79 55 2 25 2 175 93 74 2 125 2 225 53 24 3 1667 3 2333 64 45 3 1667 3 2333 67 72 2 25 3 2333 68 615 1 15 3 2333 86 73 0 1 1 35 73 614 0 1 1 35 71 44 0 1 1 35 53 23 0 1 1 35 59
4/4 24 3 333 0 0 72 45 0 1 0 0 72 614 0 1 1 5 88 73 0 1 1 5 56 44 0 1 1 5 55 23 0 1 1 5 49 55 0 1 2 175 76 614 0 1 2 175 76 24 0 1 2 175 67 42 2 25 2 175 67 614 0 1 0 3 57 73 0 1 0 3 53 615 0 1 0 3 85 24 0 1 0 3 83 45 0 1 0 3 72 44 0 1 0 3 63 23 0 1 0 3 46 44 0 1 0 3 56
4/4 15 0 1 0 0 82 45 0 1 0 0 72 615 0 1 2 75 62 24 0 1 2 75 73 55 0 1 2 125 88 14 0 1 2 125 74 612 0 1 2 125 59 45 3 333 0 2 84 45 0 1 3 2333 59 54 0 1 3 2333 86 14 0 1 3 2333 82 44 0 1 3 2333 54 613 0 1 3 2333 68 13 0 1 3 2333 60 44 0 1 1 35 66 613 0 1 1 35 53 13 0 1 1 35 56
4/4 45 0 1 0 0 66 54 0 1 0 0 71 14 0 1 0 0 84 42 2 25 3 667 82 613 0 1 3 1667 61 44 0 1 3 1667 71 13 0 1 3 1667 71 615 3 333 1 25 88 616 3 333 2 275 73 56 2 25 1 35 70
4/4 75 0 1 0 0 55 25 0 1 0 0 65 46 0 1 0 0 75 72 2 25 0 0 77 616 0 2 0 0 86 614 0 1 2 125 65 73 0 1 2 125 62 23 0 1 2 125 67 44 0 1 2 125 59 614 0 1 3 2333 68 73 0 1 3 2333 47 44 0 1 3 2333 55 23 0 1 3 2333 56 75 0 1 2 325 55 25 0 1 2 325 56 42 0 1 2 325 67 56 0 1 2 325 79
4/4 614 0 1 1 5 68 73 0 1 1 5 71 23 0 1 1 5 61 44 0 1 1 5 65 75 0 1 1 5 83 616 0 1 1 5 82 25 0 1 1 5 68 46 0 1 1 5 68 16 0 1 3 1667 81 56 0 1 3 1667 69 616 0 1 1 25 57 46 0 1 1 25 56 15 0 1 0 3 83 56 0 1 0 3 70 612 0 1 0 3 73 46 2 25 3 3667 69
4/4 44 0 1 0 0 73 613 0 1 0 0 60 13 0 1 0 0 48 46 1 35 0 0 58 55 3 2667 0 0 86 15 2 375 0 0 80 44 0 1 2 125 57 13 0 1 2 125 61 613 0 1 2 125 61 42 2 25 3 2333 63 54 0 1 1 35 65 13 0 1 1 35 56 613 0 1 1 35 37 45 3 333 1 35 56
4/4 54 0 1 0 0 51 13 0 1 0 0 41 613 0 1 0 0 45 46 3 333 2 25 91 316 3 333 3 667 92 15 2 25 1 15 91 45 0 1 2 175 75 75 0 1 2 175 64 53 0 1 2 175 63 25 0 1 2 175 72 15 2 25 3 2667 89 25 0 1 0 3 85 45 0 1 0 3 68 75 0 1 0 3 73 73 0 1 0 3 55 44 0 1 0 3 58 23 0 1 0 3 66
4/4 25 0 1 0 0 84 45 0 1 0 0 67 75 0 1 0 0 80 44 0 1 2 25 83 73 0 1 2 25 77 23 0 1 2 25 74 22 2 25 3 1333 74 44 0 1 1 25 42 73 0 1 1 25 59 23 0 1 1 25 58 25 0 1 2 325 77 45 0 1 2 325 73 75 0 1 2 325 60 15 3 333 3 3667 86
4/4 75 2 25 1 5 77 15 1 25 0 1 96 613 3 667 0 1 51 54 0 1 0 2 46 315 0 1 0 2 46 14 0 1 0 2 46 13 0 1 0 2 54 314 0 1 0 2 35 315 0 1 2 325 49 54 0 1 2 325 56 314 0 1 2 325 43 13 0 1 2 325 37 14 0 1 2 325 48
4/4 74 0 1 2 25 37 53 0 1 2 25 55 24 2 75 3 333 41 45 1 15 1 5 68 75 2 275 1 5 68 44 0 1 3 1667 49 23 0 1 3 1667 33 74 0 1 3 1667 57 73 0 1 3 1667 51 74 0 1 0 3 58 44 0 1 0 3 39 24 0 1 0 3 44 45 0 1 0 3 45
4/4 614 0 1 0 0 34 315 0 1 0 0 45 43 0 1 3 333 47 615 0 1 3 333 68 315 0 1 3 1667 46 316 0 1 3 1667 58 614 0 1 3 1667 41 13 0 1 3 1667 43 314 0 1 3 1667 39 56 0 1 0 3 47 14 0 1 0 3 46 614 0 1 0 3 41 55 0 1 0 3 54
4/4 315 0 1 2 75 27 615 0 1 2 75 15 15 0 1 2 75 27 316 0 1 2 125 39 616 0 1 2 125 44 317 0 1 2 125 44
