4/4 44 2 25 0 1 52 74 2 125 0 2 50 224 3 333 2 325 49
4/4 223 0 1 3 333 26 33 0 1 3 333 35 524 0 1 3 333 29 73 0 1 3 333 32 45 2 125 2 75 35 45 2 25 2 275 69 34 0 1 3 3667 45 42 0 1 3 3667 32 524 0 1 2 375 42 613 0 1 2 375 32
4/4 35 0 1 0 0 57 34 0 1 0 0 35 42 0 1 0 0 32 524 0 1 0 0 35 613 0 1 0 0 31 224 1 5 0 1 69 14 2 25 0 2 46 224 0 1 0 3 43 43 0 1 0 3 29 73 0 1 0 3 29
4/4 224 0 1 0 0 48 43 0 1 0 0 46 73 1 45 0 0 39 74 3 1333 3 2333 62 224 1 5 1 35 84
4/4 45 1 5 1 5 80 523 0 1 3 1333 26 73 0 1 3 1333 46 223 3 2667 3 1333 32 44 1 25 1 15 24 45 0 1 2 175 37 74 0 1 2 175 40
4/4 75 3 333 0 0 61 223 3 83 0 0 20 63 0 1 2 75 27 524 0 1 2 75 31 34 0 1 2 75 44 14 0 2 0 1 46 75 0 1 0 1 51 65 0 1 0 2 63 525 2 25 2 325 66
4/4 222 2 375 2 25 40 13 2 375 2 25 35 64 0 1 3 333 13 13 0 1 3 333 27 65 3 3333 3 667 34
4/4 14 2 125 0 0 70 222 2 75 0 0 21 13 2 125 0 0 45 65 3 333 0 0 26 45 2 125 2 125 76 65 0 1 2 225 70 224 0 1 0 3 15 45 0 1 0 3 34 53 0 1 0 3 32 14 0 1 0 3 61
4/4 223 2 125 3 333 47 44 2 25 3 1333 35 75 1 15 1 15 63 313 0 1 1 25 39 13 0 1 1 25 47 13 0 1 1 25 33 65 3 333 3 3667 73
4/4 65 3 333 0 0 75 55 1 5 2 25 79 525 1 5 3 667 76 55 3 333 2 125 53 14 0 1 1 15 54 34 0 1 1 15 53 43 0 1 2 175 51 74 0 1 2 175 49 13 2 25 2 275 38 65 2 25 2 375 61 64 2 25 2 375 47
4/4 65 3 1417 0 0 47 33 1 15 2 75 33 54 0 1 2 75 44 13 0 1 2 75 46 13 2 175 0 1 39 55 3 667 0 2 56 45 3 667 1 25 69 315 1 5 0 3 60 45 2 25 1 35 64
4/4 222 0 1 0 0 23 12 0 1 0 0 15 44 0 1 2 25 37 13 0 1 2 25 40 45 2 125 1 5 48 45 3 333 0 3 55 12 0 1 3 3333 25 72 0 1 3 3333 46 34 0 1 1 35 35 53 0 1 1 35 55 35 2 25 2 375 57
4/4 12 0 1 0 0 38 72 0 1 0 0 44 34 0 1 0 0 44 53 0 1 0 0 51 35 3 417 0 0 51 224 3 333 2 75 54 74 2 25 0 2 53 43 0 1 0 3 21 612 0 1 2 325 11 44 0 1 2 325 38 13 0 1 2 325 40 13 0 1 2 325 20
4/4 43 0 2 0 0 37 612 0 1 0 0 12 44 0 1 0 0 42 13 0 1 0 0 27 13 0 1 0 0 22 43 0 1 0 3 58
4/4 43 1 5 0 0 45 73 0 1 2 25 67 223 0 1 2 125 50 44 3 1667 3 2333 51 32 3 667 3 2333 38 72 3 667 0 3 34 222 1 5 1 35 48
4/4 43 3 667 0 0 56 222 3 167 0 0 51 222 0 1 1 5 50 43 0 1 1 5 77 72 1 5 0 1 54 34 3 1333 1 15 80 42 3 667 1 15 53 612 2 75 0 2 56 223 3 1333 3 2667 72 12 1 5 3 2667 49 523 1 5 2 325 57 13 2 25 2 375 56 12 2 25 2 375 39
4/4 13 3 1083 0 0 67 12 3 417 0 0 41 612 2 25 3 333 41 223 0 3 0 1 55 71 3 667 0 1 42 42 1 5 1 15 39 12 3 667 0 2 52 222 1 5 3 2667 67 12 1 5 2 325 57 42 3 333 3 3667 63
4/4 223 2 25 0 0 59 42 3 333 0 0 66 71 1 5 2 25 74 73 0 1 2 25 84 42 3 333 3 667 64 223 0 1 0 1 87 12 3 667 2 125 51 222 1 5 2 175 62 12 0 1 2 225 64 43 0 1 2 225 72 42 2 25 2 275 69 73 0 1 0 3 60 223 0 1 0 3 53 43 0 1 0 3 74 74 3 667 3 3333 76 521 3 667 3 3333 68
4/4 221 2 75 0 0 48 73 0 1 0 0 62 223 0 1 0 0 45 43 0 1 0 0 67 74 3 667 0 0 77 42 1 5 3 333 66 72 3 667 2 75 65 74 0 1 3 1333 77 41 0 1 3 1333 59 221 3 333 2 175 65 13 0 1 0 2 64 34 0 1 0 2 68 61 0 1 0 2 56 73 0 1 0 2 77 32 3 333 0 3 56 14 0 1 3 3333 80 11 0 1 3 3333 51
4/4 13 2 125 0 0 67 62 3 667 0 0 59 64 0 1 1 5 55 42 0 1 1 5 46 524 3 667 0 1 71 12 2 25 0 1 45 64 3 2333 3 1667 54 13 3 2333 3 1667 56 221 1 5 3 1667 60 62 3 667 2 225 56 12 1 5 3 2667 61 43 1 5 2 325 53 222 2 25 2 375 47
4/4 64 0 1 0 0 58 13 3 167 0 0 54 222 2 75 0 0 59 63 1 5 2 25 41 43 2 225 0 1 36 13 2 125 0 1 60 44 0 1 0 2 85 13 1 5 1 25 72 64 3 667 0 3 86
4/4 223 0 1 0 0 50 43 0 1 0 0 48 52 2 75 2 25 55 14 3 1333 2 25 66 222 3 667 2 75 65 43 2 25 2 125 76 73 1 5 2 175 79 43 0 1 2 225 59 73 0 1 2 225 74 222 2 25 2 275 62 13 0 1 0 3 64 314 0 1 0 3 65 63 0 1 0 3 63 312 3 667 2 325 59 12 2 25 2 375 48
4/4 13 0 1 0 0 50 314 0 1 0 0 70 63 0 1 0 0 79 12 3 417 0 0 48 313 2 25 3 333 43 54 0 1 3 333 75 53 3 333 0 1 43 64 3 667 3 1333 56 12 2 25 3 1333 45 312 2 25 0 2 40 13 0 1 2 225 34 33 0 1 2 225 63 42 3 667 1 25 54 74 1 15 1 25 70 12 0 1 0 3 52 53 2 25 1 35 56
4/4 63 2 25 0 0 56 13 0 1 0 0 39 33 0 1 0 0 59 12 2 25 0 0 50 12 0 1 1 5 54 63 0 1 1 5 61 42 2 25 0 1 41 12 2 225 2 175 34 54 0 1 2 175 52 13 0 1 2 175 43 52 0 1 2 175 51 32 0 1 2 175 37 52 0 1 2 175 35
4/4 12 2 25 0 0 30 44 1 5 2 25 71 221 3 2667 0 1 40 43 0 1 2 125 52 13 0 1 2 125 57 43 0 1 2 125 74 12 2 225 2 125 38 34 3 667 0 3 47 223 2 25 3 3667 46
4/4 72 0 1 3 667 42 11 0 1 3 667 28 313 0 2 3 667 32 13 2 125 3 667 51 23 3 333 2 175 58 314 2 25 0 3 56
4/4 43 0 1 0 0 40 72 0 1 0 0 36 41 2 125 0 0 31 13 1 25 0 0 40 44 0 4 0 0 49 11 0 1 0 1 57 42 2 25 2 225 54 53 0 1 2 325 38 72 0 1 2 325 47 72 3 667 3 3333 30
4/4 53 0 1 0 0 34 72 0 1 0 0 55 72 3 583 0 0 44 44 3 333 0 0 41 12 1 15 3 333 36 13 1 25 1 15 43 73 2 25 0 2 52 42 0 1 2 275 29 11 0 1 2 275 23 613 0 1 2 275 29 42 0 1 2 275 34
4/4 42 0 1 0 0 26 11 0 1 0 0 34 13 0 1 0 0 55 613 0 1 0 0 18 42 0 1 0 0 28 45 2 125 2 275 36
4/4 42 0 1 0 0 37 11 0 1 0 0 20 45 1 5 0 0 23 44 1 15 1 15 43 524 0 1 0 3 52 62 2 75 0 3 27 33 2 25 2 375 41
4/4 524 0 1 0 0 38 33 3 417 0 0 31 523 3 667 3 333 47 13 1 5 0 1 56 523 1 5 3 1333 55 44 0 1 3 1333 62 33 1 5 0 2 68 62 1 5 3 2333 47 34 2 75 3 2333 84 33 2 75 2 275 68 223 3 667 3 3333 63 523 3 667 3 3333 57
4/4 13 1 5 0 0 56 223 3 333 0 0 76 523 1 5 3 333 60 13 2 125 1 5 76 33 2 25 0 1 71 223 0 1 1 15 75 221 1 5 1 15 65 62 3 667 0 2 58 12 1 5 1 25 63 34 0 1 1 25 58 43 1 5 0 3 44 44 1 5 1 35 55 12 2 25 1 35 48
4/4 62 2 25 0 0 55 44 1 5 0 0 57 63 3 1667 1 5 63 221 1 5 1 5 42 62 3 667 0 1 48 12 1 5 3 1667 53 43 1 5 2 225 49 63 0 1 3 2667 63 11 0 1 3 2667 39 62 2 25 2 325 54 524 2 25 2 375 65 61 2 25 2 375 55
4/4 524 1 15 0 0 81 61 2 25 0 0 48 32 3 667 2 25 49 522 1 5 2 75 54 12 1 5 2 125 50 522 0 1 2 175 61 43 0 1 2 175 72 32 1 5 3 2333 61 34 2 125 2 275 70 61 3 667 2 275 44 32 3 667 3 3333 54 223 2 25 2 375 78 522 2 25 2 375 66
4/4 32 3 83 0 0 56 223 2 75 0 0 58 522 3 417 0 0 62 12 1 5 3 333 52 522 1 5 2 75 57 34 2 75 0 1 69 32 2 25 1 15 49 221 1 5 2 175 56 44 2 225 2 175 77 62 3 667 1 25 41 12 1 5 0 3 47 43 1 5 1 35 49
4/4 12 1 5 0 0 40 44 1 25 0 0 63 62 2 25 1 5 39 221 1 5 0 1 51 62 1 5 1 15 47 12 1 5 0 2 53 43 1 5 1 25 44 44 0 1 0 3 67 11 0 1 0 3 55 62 3 333 3 3667 54
4/4 62 3 167 0 0 55 44 0 1 2 25 77 41 0 1 2 25 56 54 1 5 1 5 67 12 0 1 3 667 52 43 0 1 3 667 58 314 0 1 2 125 83 52 0 1 2 125 49 12 1 5 3 1667 58 44 0 1 2 225 84 62 0 1 2 225 58 12 1 5 3 2667 46 13 0 1 0 3 70 44 0 1 0 3 72 42 0 1 0 3 55 63 0 1 0 3 70 12 2 25 2 375 43
4/4 12 2 25 0 0 57 54 0 1 2 25 92 52 0 1 2 25 48 13 0 1 2 75 75 11 0 1 2 75 40 44 0 1 2 125 76 62 0 1 2 125 61 12 2 25 2 175 54 53 0 1 0 2 57 12 0 1 0 2 51 312 3 667 2 225 53 314 1 15 3 2333 66 12 3 667 2 275 52 313 1 5 3 3333 48 12 2 25 2 375 44
4/4 12 3 417 0 0 43 54 2 275 3 333 66 53 1 5 3 333 44 12 3 333 2 75 45 13 3 1667 3 1333 72 312 1 5 3 1333 57 12 3 667 2 175 44 313 1 5 3 2333 39 12 1 5 2 275 32 13 1 5 1 35 84 53 1 5 1 35 49
4/4 12 1 5 0 0 42 13 2 25 0 0 67 64 3 1667 1 5 87 42 1 5 1 5 64 12 3 667 0 1 40 63 1 5 1 15 46 12 1 5 0 2 49 53 0 1 1 25 50 63 0 1 1 25 68 12 1 5 0 3 63 42 0 1 1 35 58 63 0 1 1 35 80
4/4 12 3 667 0 0 46 42 0 1 0 0 56 63 0 1 0 0 65 54 0 1 1 5 68 62 0 1 1 5 63 12 3 333 0 1 52 44 0 1 3 1667 66 41 0 1 3 1667 42 12 3 667 0 2 59 314 0 1 3 2667 63 12 0 1 3 2667 63 11 1 5 3 2667 60 52 1 5 2 325 47 22 3 333 3 3667 56
4/4 314 0 1 0 0 68 12 0 1 0 0 68 22 3 167 0 0 52 52 1 5 2 25 68 313 1 5 2 75 70 52 3 667 2 125 68 53 0 1 2 175 64 314 0 1 2 175 78 11 0 1 2 175 73 52 1 5 2 225 74 12 1 5 2 275 77 13 2 75 2 275 86 52 1 5 2 325 76 54 0 1 2 375 87 312 0 1 2 375 78
4/4 52 2 25 2 25 71 41 0 1 2 75 69 614 2 125 2 75 68 11 1 5 3 1333 59 42 3 667 2 175 69 612 3 667 3 2333 73 614 0 1 2 275 86 11 0 1 2 275 60 43 2 75 2 325 69 13 3 667 2 325 64 614 0 1 2 375 72 42 0 1 2 375 58 43 0 1 2 375 68
4/4 43 2 75 0 0 63 614 0 1 0 0 87 42 0 1 0 0 70 43 0 1 0 0 79 612 3 667 2 25 58 74 0 1 2 75 81 12 0 1 2 75 46 53 0 1 2 75 70 43 1 5 3 1333 48 14 0 1 2 175 67 614 0 1 2 175 75 612 0 1 2 175 60 13 2 25 2 225 60 223 0 1 3 2667 64 44 0 1 3 2667 43 74 0 1 3 2667 61 223 0 1 3 2667 71 71 3 667 2 275 80 42 1 5 2 325 64 12 2 25 2 375 73
4/4 12 3 417 0 0 70 222 1 5 2 25 61 43 2 25 2 75 47 13 1 5 2 125 40 75 0 1 2 175 35 224 0 1 2 175 44 222 0 1 2 175 40
4/4 43 2 25 0 0 34 73 2 225 2 75 45 34 0 1 0 1 57 53 0 1 0 1 55 31 3 667 0 1 50 71 2 25 1 15 53 52 1 5 0 2 73 72 3 667 1 25 76 54 0 1 0 3 77 34 0 1 0 3 79 32 0 1 0 3 73 72 1 5 1 35 76
4/4 54 0 1 0 0 96 32 0 1 0 0 56 33 0 1 0 0 67 72 1 5 1 5 58 43 0 1 0 1 46 64 0 1 0 1 76 43 0 1 0 1 59 53 1 5 1 15 57 54 0 1 0 2 68 74 0 1 0 2 72 72 0 1 0 2 64 13 0 1 2 275 56 34 0 1 2 275 48 53 0 1 2 275 46 61 3 667 0 3 58 14 0 1 0 3 72 32 2 25 1 35 43
4/4 12 1 5 0 0 41 13 0 1 0 0 55 34 0 1 0 0 56 53 0 1 0 0 47 14 2 75 0 0 73 33 2 25 1 5 52 63 1 5 0 1 41 13 2 75 1 15 54 34 3 333 2 225 38 14 0 1 2 225 39 35 0 1 2 225 40 14 0 1 2 225 46
4/4 64 1 5 3 333 86 52 0 1 0 1 31 42 0 1 0 1 28 73 0 1 3 1333 48 223 0 1 3 1333 38 53 0 1 3 1333 64 524 1 5 1 25 77 73 3 667 0 3 65 54 1 5 1 35 70
4/4 73 2 175 0 0 57 52 0 1 0 0 40 42 0 1 0 0 38 223 2 125 1 5 42 74 2 75 1 5 68 64 3 333 3 1667 68 54 2 25 2 275 51 11 1 5 1 35 35 43 0 1 3 3667 48 72 0 1 3 3667 57 72 3 333 3 3667 34
4/4 44 0 1 0 0 64 11 2 175 0 0 31 43 0 1 0 0 40 72 0 1 0 0 48 72 0 2 0 0 38 314 1 5 0 1 56 44 2 25 0 2 68 54 0 1 2 325 37 13 0 1 2 325 35 52 0 1 2 325 28 12 2 75 2 325 43 312 2 75 2 325 37
4/4 54 0 1 0 0 40 13 0 1 0 0 40 52 0 1 0 0 45 12 2 225 0 0 35 312 2 175 0 0 29 14 3 667 1 15 74 34 0 1 3 2333 38 523 0 1 3 2333 47 32 0 1 1 25 54 74 0 1 1 25 52 34 0 1 1 25 58 72 3 333 3 3667 45
4/4 72 3 333 0 0 39 224 0 1 3 667 63 523 0 1 3 667 39 523 0 1 3 667 58 13 0 1 2 175 32 524 0 1 2 175 44 33 0 1 2 175 46 14 2 225 2 175 33
4/4 73 0 1 0 0 46 73 0 1 0 0 45 13 0 1 0 0 27 524 0 1 0 0 50 33 0 1 0 0 48 13 0 1 3 1333 27 612 0 1 3 1333 47 44 3 667 3 1333 38 614 0 1 3 1333 48 525 2 25 1 25 66 44 1 5 0 3 64 45 1 5 1 35 66
4/4 45 0 1 0 0 55 614 0 2 1 5 50 44 0 1 3 667 37 13 0 1 3 667 28 613 0 1 3 667 40 42 0 1 3 667 25 35 1 5 3 1667 49 44 3 667 2 225 41 224 2 25 2 275 52 613 0 1 2 375 35 43 0 1 2 375 45 11 0 1 2 375 38 13 2 25 2 375 41 44 0 1 2 375 45 43 0 1 2 375 26 11 0 1 2 375 33
4/4 613 0 1 0 0 33 43 0 1 0 0 39 11 0 1 0 0 30 13 0 1 0 0 48 44 0 1 0 0 47 43 0 1 0 0 33 11 0 1 0 0 41 14 1 5 0 1 48 13 0 1 1 15 32 74 2 25 3 2333 57 612 0 1 3 3667 29 12 0 1 3 3667 38 43 0 1 3 3667 28 612 0 1 3 3667 24
4/4 612 0 1 0 0 30 12 0 1 0 0 31 43 0 1 0 0 26 612 0 1 0 0 37 614 2 325 2 25 42
4/4 43 2 25 1 5 65 73 3 333 1 15 63 223 2 25 1 25 73 44 1 5 1 35 81 32 1 5 1 35 52
4/4 44 2 75 0 0 79 32 1 15 0 0 57 222 0 1 1 5 37 523 0 1 1 5 38 72 0 1 1 5 44 72 0 1 1 5 52 44 0 1 1 15 69 73 0 1 1 15 80 222 0 1 1 15 56 71 0 1 1 15 62 34 0 1 1 25 75 612 0 1 1 25 67 42 1 15 1 25 56 223 1 5 1 35 63 33 0 1 1 35 56 11 0 1 1 35 51
4/4 42 2 75 0 0 68 13 0 1 1 5 82 33 0 1 1 5 47 11 0 1 1 5 54 223 0 1 1 15 60 42 0 1 1 15 72 71 1 5 1 15 57 222 0 1 1 25 56 41 0 1 1 25 46 222 2 25 1 35 59 42 1 5 1 35 61
4/4 42 3 167 0 0 46 71 3 667 1 5 61 73 3 1333 1 5 64 222 0 1 1 15 58 223 0 1 1 15 77 41 0 1 1 15 43 61 0 1 1 25 69 43 0 1 1 25 87 73 0 1 3 3333 66 44 0 1 3 3333 64 73 0 1 3 3333 90 521 3 333 1 35 60
4/4 73 0 1 0 0 60 44 0 1 0 0 65 73 0 1 0 0 79 72 0 1 1 5 42 221 0 1 1 5 52 74 0 1 1 15 69 72 0 1 1 15 59 221 0 1 1 15 64 13 0 1 3 2333 52 34 0 1 3 2333 61 73 0 1 3 2333 75 61 3 333 1 25 63 12 0 1 1 35 60 31 0 1 1 35 49 64 0 1 1 35 72 12 0 1 1 35 67
4/4 64 0 1 0 0 70 12 0 1 0 0 74 524 0 1 1 5 77 12 0 1 1 5 53 31 0 1 1 5 55 13 0 1 2 125 63 43 0 1 2 125 62 221 3 333 1 15 73 64 3 2333 1 15 80 43 0 1 1 25 49 12 0 1 1 25 40 61 0 1 1 25 54 43 0 1 1 35 72 12 0 1 1 35 65 61 0 1 1 35 60
4/4 221 1 5 1 5 58 13 1 15 1 5 67 43 0 1 1 15 66 12 0 1 1 15 54 44 0 1 1 15 80 61 0 1 1 15 66 43 0 1 1 25 60 12 0 1 1 25 48 62 0 1 1 25 60 63 0 1 1 25 88 223 0 1 3 3333 64 44 0 1 3 3333 68 13 0 1 3 3333 91 52 3 333 1 35 60
4/4 223 0 1 0 0 60 44 0 1 0 0 68 13 0 1 0 0 93 73 0 1 1 5 55 222 0 1 1 5 42 42 0 1 1 5 40 73 0 1 1 15 73 74 0 1 1 15 82 223 0 1 1 15 84 222 0 1 1 15 68 43 0 1 1 15 73 11 3 667 3 2333 79 12 0 1 3 3333 52 64 0 1 3 3333 70 312 0 1 3 3333 62 13 0 1 3 3333 68 313 0 1 3 3333 64
4/4 54 1 5 0 0 76 524 0 1 3 333 68 312 0 1 3 333 71 11 0 1 3 333 65 54 3 333 0 1 79 42 3 333 3 1333 67 13 0 1 3 1333 66 74 0 1 3 1333 82 33 0 1 3 1333 81 12 0 1 3 2333 52 62 0 1 3 2333 58 63 0 1 3 3333 53 11 0 1 3 3333 46 64 3 667 3 3333 81
4/4 32 1 5 2 25 73 13 0 1 0 1 71 34 0 1 0 1 63 53 0 1 0 1 58 12 0 1 0 1 50 53 0 1 0 1 73 44 2 25 3 1667 75 314 0 1 0 2 82 53 0 1 0 2 68 11 0 1 0 2 57 44 2 25 3 2667 85 221 3 333 0 3 80 44 0 1 2 325 68 63 0 1 2 325 64 12 0 1 2 325 71
4/4 44 0 1 0 0 75 63 0 1 0 0 67 12 0 1 0 0 71 43 0 1 2 25 56 12 0 1 2 25 56 61 0 1 2 25 50 63 2 25 1 5 70 43 0 1 0 1 73 13 0 1 0 1 89 12 0 1 0 1 61 61 0 1 0 1 61 44 2 25 1 15 83 11 0 1 0 2 71 34 0 1 0 2 76 72 0 1 0 2 82 53 0 1 0 2 71 72 0 1 0 2 82 33 0 1 0 3 72 223 0 1 0 3 94 52 0 1 0 3 58 71 0 1 0 3 57
4/4 72 0 1 0 0 86 11 0 1 0 0 65 73 0 1 0 0 75 33 0 1 0 0 71 52 0 1 0 0 78 12 0 1 2 75 58 41 0 1 2 75 78 73 0 1 2 75 82 12 0 1 2 75 73 43 0 1 0 1 60 73 0 1 0 1 82 12 0 1 0 1 68 11 1 5 1 15 59 42 1 5 0 2 68 72 3 667 3 2333 60 12 1 5 0 3 80 43 2 25 1 35 80
4/4 43 0 1 0 0 53 12 0 1 0 0 55 612 0 1 0 0 63 41 0 1 0 0 68 44 2 125 0 0 99 74 1 5 0 1 102 44 2 75 1 15 70 41 0 1 0 2 67 42 0 1 0 2 87 223 0 1 0 2 98 524 0 1 0 3 65 74 0 1 0 3 54 224 0 1 0 3 83 44 0 1 0 3 89 31 2 25 0 3 88
4/4 222 0 1 2 25 76 32 0 1 2 25 54 522 0 1 2 25 67 71 0 1 2 25 62 222 0 1 2 125 80 524 0 1 2 125 82 45 0 1 2 125 81 32 0 1 2 125 59 74 0 1 2 125 82 521 0 1 2 125 55 41 2 25 0 2 81 614 0 1 0 2 73 43 0 1 0 2 84 35 2 75 0 2 77 33 0 1 0 3 62 42 0 1 0 3 61 612 0 1 0 3 56 224 0 1 0 3 86 11 0 1 0 3 59
4/4 33 0 1 0 0 81 42 0 1 0 0 61 14 0 1 0 0 95 44 0 1 0 0 80 612 0 1 0 0 67 11 0 1 0 0 52 71 0 1 0 1 78 71 0 1 0 1 71 224 0 1 0 1 81 223 0 1 0 1 77 44 0 1 0 1 72 73 0 1 0 1 77 72 0 1 0 2 68 73 0 1 0 2 69 222 0 1 0 2 54 42 0 1 0 2 64 73 0 1 0 3 80 72 0 1 0 3 59 222 0 1 0 3 52 42 0 1 0 3 56
4/4 71 0 1 0 0 76 223 0 1 0 0 76 73 0 1 0 0 83 44 0 1 0 0 80 73 0 1 0 0 81 223 0 1 0 1 94 43 0 1 0 1 71 72 0 1 0 1 69 222 0 1 0 1 63 223 0 1 0 1 82 71 0 1 0 2 71 44 0 1 0 2 79 45 0 1 0 2 87 224 0 1 0 2 87 73 0 1 0 2 77 74 0 1 2 275 59 224 0 1 2 275 71 45 0 1 2 275 80 74 0 1 2 275 90 521 2 25 0 3 75
4/4 43 0 1 0 0 76 522 0 1 0 0 60 222 0 1 0 0 53 71 0 1 0 0 67 43 0 1 0 1 67 522 0 1 0 1 58 222 0 1 0 1 49 74 0 1 0 1 90 75 0 1 0 1 80 71 0 1 0 1 30 14 0 1 2 175 81 35 0 1 2 175 79 74 0 1 2 175 82 61 3 333 0 2 82 33 0 1 0 3 67 12 0 1 0 3 49 32 0 1 0 3 63 15 0 1 0 3 76 14 0 1 0 3 81 61 0 1 0 3 60
4/4 33 0 1 0 0 64 32 0 1 0 0 42 12 0 1 0 0 57 61 0 1 0 0 49 65 0 1 0 0 69 13 0 1 0 0 79 525 2 25 1 5 66 221 2 25 0 1 82 65 0 1 0 1 81 45 0 1 0 1 74 13 0 1 0 1 73 12 0 1 0 2 51 221 0 1 0 2 47 62 0 1 0 2 47 41 0 1 0 2 50 12 0 1 0 3 66 221 0 1 0 3 64 62 0 1 0 3 60 41 0 1 0 3 57 221 2 25 2 375 83 13 2 25 2 375 102
4/4 13 1 5 0 0 90 43 0 1 2 75 81 12 0 1 2 75 60 61 0 1 2 75 76 44 1 5 2 75 82 13 3 333 2 125 83 44 3 333 1 15 65 221 0 1 2 175 81 63 0 1 2 175 96 44 0 1 2 225 78 63 0 1 2 225 59 51 2 25 2 275 83 14 0 1 0 3 97 43 0 1 2 375 58 52 0 1 2 375 72 222 0 1 2 375 71 71 0 1 2 375 60 223 2 25 2 375 73
4/4 223 1 5 0 0 77 51 0 1 2 75 59 74 0 1 2 75 81 43 0 1 2 75 72 11 3 333 3 1667 96 73 0 1 3 2333 71 314 0 1 3 2333 67 12 0 1 3 2333 55 312 0 1 3 2333 69 52 0 1 3 2333 66 63 0 1 3 2333 96 54 1 5 2 325 71 11 0 1 3 3667 62 524 0 1 3 3667 88 12 0 1 3 3667 36
4/4 54 2 25 0 0 90 41 3 333 1 5 76 13 0 1 3 667 73 74 0 1 3 667 89 33 0 1 3 667 84 43 0 1 1 15 63 12 0 1 1 15 57 61 0 1 1 15 64 42 0 1 1 25 54 64 0 1 1 25 77 13 0 1 1 25 67 33 0 1 1 25 70 31 2 25 3 3333 76
4/4 53 0 1 0 0 67 13 0 1 0 0 63 34 0 1 0 0 80 12 0 1 0 0 67 32 0 1 0 0 52 51 0 1 0 0 69 54 2 25 3 333 68 44 2 25 2 75 90 314 0 1 2 125 80 31 0 1 2 125 67 44 2 25 2 175 70 44 2 75 2 225 52 221 2 25 2 225 70 13 0 1 2 225 69 63 0 1 2 225 72 42 0 1 2 225 80 12 0 1 2 325 60 221 0 1 2 325 45 62 0 1 2 325 38 41 0 1 2 325 46 34 3 333 3 3667 83
4/4 221 0 1 2 25 45 223 0 1 2 25 60 42 0 1 2 25 59 11 0 1 2 125 73 313 0 1 2 125 62 11 0 1 2 125 57 13 0 1 2 125 70 52 0 1 2 125 70 21 0 1 2 225 70 21 0 1 2 225 69 23 0 1 2 225 79 43 0 1 2 225 78 72 0 1 2 225 62 312 0 1 2 325 57 311 0 1 2 325 63 13 0 1 2 325 69 53 0 1 2 325 70 313 0 1 2 325 92
4/4 43 0 1 2 25 73 73 0 1 2 25 61 13 0 1 2 25 84 41 0 1 2 25 86 43 0 1 2 25 84 11 1 5 2 75 58 42 1 5 2 125 63 72 3 667 2 175 71 12 1 5 2 225 78 43 1 5 2 275 67 45 2 75 2 325 81 73 3 667 2 325 58 13 2 25 2 375 52
4/4 45 0 7 0 0 78 44 2 25 2 25 55 54 2 75 2 75 56 74 3 667 2 125 64 14 2 225 2 175 57 13 1 15 1 25 41 614 1 15 1 25 41 43 3 1333 3 2667 37
4/4 14 0 3 0 0 48 13 0 4 0 0 42 614 0 3 0 0 46 43 0 4 0 0 28 44 0 1 0 2 29
4/4 13 1 5 0 0 29 43 3 333 0 0 33 45 2 25 3 333 48 63 3 2333 3 1667 39 525 1 15 3 1667 51 524 0 1 2 275 35 33 0 1 2 275 52 524 0 1 2 375 37 33 0 1 2 375 33 45 2 25 2 375 66
4/4 524 0 1 0 0 40 33 0 1 0 0 33 63 2 225 2 75 44 35 2 125 2 75 62 224 0 1 0 2 58 524 0 1 0 2 43 33 0 1 0 2 30 14 0 1 0 3 56 524 0 1 0 3 48 33 0 1 0 3 44
4/4 222 0 2 0 0 39 224 2 125 0 0 63 13 0 1 0 1 41 62 0 1 0 1 41 35 0 1 0 1 46 13 0 1 0 2 37 62 0 1 0 2 51 45 0 2 0 2 46 222 0 1 0 3 52 64 0 1 0 3 47
4/4 222 0 1 0 0 41 45 1 5 0 0 61 64 2 25 0 0 46 63 0 1 2 25 32 12 0 1 2 25 33 64 1 5 2 125 46 525 3 1333 2 225 71 63 2 175 2 225 54 524 0 1 3 3333 38 33 0 1 3 3333 46
4/4 63 3 583 0 0 52 34 0 1 3 333 49 524 0 1 3 333 38 44 0 1 3 333 60 35 2 125 1 15 60 63 2 225 1 15 47 224 2 125 1 25 49 524 0 1 1 25 27 33 0 1 1 25 53 524 0 1 1 35 52 33 0 1 1 35 42 35 1 5 1 35 52
4/4 35 1 5 0 0 52 45 1 35 1 5 53 222 3 2333 3 667 42 63 0 1 3 1667 40 42 0 1 3 1667 49 63 0 1 2 275 55 42 0 1 2 275 53 222 0 1 2 375 27 14 0 1 2 375 50 43 0 1 2 375 31 63 2 25 2 375 25
4/4 45 3 833 0 0 55 222 0 1 0 0 24 14 0 1 0 0 42 43 0 1 0 0 44 63 0 2 0 0 28 45 3 333 3 2333 54 43 0 1 2 325 55 63 0 1 2 325 63 45 3 333 3 3333 66 55 2 25 3 3667 49
4/4 45 3 333 0 0 47 43 0 1 0 0 56 63 0 1 0 0 69 13 0 1 2 25 52 62 0 1 2 25 47 315 0 1 2 25 70 45 0 1 2 125 73 13 0 1 2 125 54 62 0 1 2 125 43 43 0 1 2 225 55 65 0 1 2 225 47 14 0 1 2 225 58 44 0 1 2 225 49 53 0 1 2 325 45 314 0 1 2 325 55 55 0 1 2 325 60 14 0 1 2 325 62 12 0 1 2 325 47
4/4 63 0 1 2 25 54 13 0 1 2 25 51 44 0 1 2 25 48 45 0 1 2 25 53 63 0 1 2 25 50 13 1 25 2 125 51 315 0 1 2 125 61 13 0 1 2 125 57 54 0 1 2 225 38 313 0 1 2 225 36 55 3 667 3 3333 63 54 0 1 3 3333 44 313 0 1 3 3333 42
4/4 55 3 2583 0 0 59 14 3 1667 2 25 71 13 2 125 2 25 51 54 0 1 2 125 65 313 0 1 2 125 48 13 0 1 2 225 44 14 0 1 2 225 61 53 0 1 2 225 56 312 0 1 2 225 48 65 2 75 2 325 61 43 2 75 2 325 63
4/4 65 1 5 0 0 69 43 2 125 0 0 43 13 0 1 2 25 44 62 0 1 2 25 38 63 0 1 2 125 52 65 0 1 2 125 67 13 0 1 2 125 42 13 0 1 2 125 53 43 0 1 2 225 54 65 0 1 2 225 50 44 0 1 2 225 56 314 0 1 2 325 50 53 0 1 2 325 55 55 0 1 2 325 50 14 0 1 2 325 60 12 0 1 2 325 56
4/4 44 0 1 2 25 59 63 0 1 2 25 41 45 0 1 2 25 51 13 0 1 2 25 45 63 0 1 2 25 54 12 1 5 2 125 45 54 0 1 2 125 52 314 0 1 2 125 45 313 0 1 2 225 50 12 0 1 2 225 39 314 0 1 2 325 56 52 0 1 2 325 58
4/4 13 0 1 2 25 39 54 0 1 2 25 44 13 0 1 2 25 41 15 2 25 1 5 49 614 0 1 1 35 60 43 0 1 1 35 73 42 1 5 1 35 63
4/4 12 1 5 0 0 55 614 0 1 0 0 67 43 0 1 0 0 66 613 2 25 1 5 62 12 1 5 0 1 52 614 0 1 3 1333 88 44 0 1 3 1333 68 42 0 1 3 1333 60 12 0 1 2 175 56 12 0 1 2 175 63 43 0 1 3 2333 64 42 0 1 3 2333 56 44 0 1 3 2333 77 613 0 1 3 2333 80 13 1 5 2 275 83 43 0 1 2 325 69 52 0 1 2 325 64 74 0 1 2 325 95 43 0 1 2 325 73 13 2 25 2 375 76
4/4 43 0 1 2 25 96 612 0 1 2 25 88 13 0 1 2 25 89 44 0 1 2 25 80 612 0 1 2 25 93 14 0 1 2 25 94 613 0 1 2 25 69 13 2 25 3 667 63 224 0 1 2 125 88 223 0 1 2 125 75 71 0 1 2 125 70 44 0 1 2 125 71 73 0 1 2 125 65 42 1 5 3 1667 72 45 0 1 2 225 70 224 0 1 2 225 64 221 0 1 2 225 61 42 0 1 3 2667 54 35 0 1 3 2667 82 13 0 1 3 2667 84 224 0 1 0 3 82 74 0 1 0 3 64 11 0 1 0 3 72 42 0 1 1 35 55 35 0 1 1 35 69 13 0 1 1 35 63
4/4 224 0 1 0 0 83 74 0 1 0 0 70 71 0 1 0 0 59 42 2 25 1 5 67 222 0 1 0 1 63 14 0 1 0 1 62 43 0 1 0 1 74 42 1 5 1 15 55 74 0 1 0 2 53 223 0 1 0 2 53 44 0 1 0 2 59 71 0 1 0 2 54 42 2 25 1 25 49 73 0 1 0 3 57 34 0 1 0 3 57 53 0 1 0 3 73 31 3 667 0 3 49 71 3 333 3 3667 54
4/4 73 0 1 0 0 51 34 0 1 0 0 73 53 0 1 0 0 63 52 1 5 2 25 73 72 1 5 3 667 75 54 0 1 0 1 75 34 0 1 0 1 82 32 0 1 0 1 60 72 0 1 1 15 73 72 0 1 1 15 76 54 0 1 0 2 97 34 0 1 0 2 76 31 0 1 0 2 81 72 0 1 1 25 71 72 0 1 1 25 72 64 0 1 0 3 78 53 0 1 0 3 74 33 0 1 0 3 89 72 0 1 3 3333 65 72 0 1 3 3333 81
4/4 52 0 1 0 0 66 33 0 1 0 0 62 34 0 1 0 0 83 73 0 1 0 0 87 73 2 25 3 333 62 61 0 1 2 75 75 14 0 1 2 75 96 63 0 1 2 75 72 34 0 1 2 75 71 14 0 1 2 75 86 13 0 1 2 75 83 63 0 1 2 75 76 32 1 5 3 1333 62 35 0 1 2 175 58 14 0 1 2 175 78 61 0 1 2 175 52 12 1 5 3 2333 51 224 0 1 3 2333 66 73 0 1 3 2333 66 35 0 1 2 275 73 33 0 1 2 275 60 13 0 1 2 275 73 63 3 667 3 3333 50 224 0 1 3 3333 61 73 0 1 3 3333 56 62 0 1 2 375 58 14 0 1 2 375 67 63 0 1 2 375 68
4/4 63 3 83 0 0 65 62 0 1 0 0 71 14 0 1 0 0 70 63 0 1 0 0 57 33 1 5 2 25 49 64 0 1 2 75 70 34 0 1 2 75 71 72 0 1 2 75 44 33 3 667 3 1333 51 62 0 1 0 2 38 13 0 1 0 2 62 33 0 1 0 2 47 52 0 1 2 275 48 42 0 1 2 275 31 73 0 1 0 3 52 222 0 1 0 3 47 54 2 75 2 325 69
4/4 52 0 1 0 0 36 42 0 1 0 0 41 73 0 1 0 0 51 222 0 1 0 0 52 54 2 25 0 0 70 524 1 5 2 25 81 73 3 667 3 667 69 54 1 5 2 125 86 73 2 25 3 1667 81 73 0 1 0 2 77 223 0 1 0 2 65 43 0 1 0 2 82 51 0 1 2 225 54 73 0 1 2 225 87 221 3 333 3 2667 70 72 0 1 0 3 60 63 0 1 0 3 64 52 3 333 3 3667 56 73 3 333 3 3667 74
4/4 54 0 1 0 0 67 223 0 1 0 0 84 42 0 1 0 0 60 52 3 667 0 0 50 73 3 333 0 0 83 222 2 25 1 5 66 53 0 1 0 1 62 73 0 1 0 1 55 11 0 1 0 1 82 43 0 1 0 1 72 52 1 5 1 15 60 314 0 1 0 2 77 11 0 1 0 2 79 43 0 1 1 25 72 52 0 1 1 25 72 44 0 1 0 3 90 73 0 1 0 3 74 71 0 1 0 3 80 52 1 5 1 35 77 53 0 1 2 375 70 13 0 1 2 375 75 11 0 1 2 375 88 314 0 1 2 375 79 53 0 1 2 375 82
4/4 53 0 1 0 0 59 13 0 1 0 0 73 11 0 1 0 0 76 314 0 1 0 0 66 53 0 1 0 0 80 52 1 5 1 5 73 12 1 5 0 1 83 313 1 5 1 15 91 13 0 1 2 175 67 314 0 1 2 175 74 54 0 1 2 175 67 13 0 1 2 175 96 53 3 667 0 2 84 12 2 25 1 25 74 34 0 1 0 3 68 524 0 1 0 3 61 73 0 1 0 3 61 31 2 75 2 325 96 35 2 75 2 325 90 71 2 25 2 375 66
4/4 34 0 1 0 0 71 524 0 1 0 0 69 73 0 1 0 0 65 31 2 25 0 0 79 35 1 5 0 0 84 71 2 25 0 0 75 32 1 5 2 25 71 522 1 5 3 667 96 224 0 1 2 125 88 72 0 1 2 125 83 524 0 1 2 125 68 33 0 1 2 125 75 522 1 5 3 1667 85 34 0 2 0 2 59 524 0 1 0 2 77 13 0 1 0 2 89 32 3 667 2 225 70 522 3 667 3 2667 61 72 3 333 2 325 72 43 3 333 3 3667 67
4/4 43 3 167 0 0 49 74 0 1 2 25 72 524 0 1 2 25 69 522 0 1 2 25 61 13 2 25 2 75 54 13 0 1 3 1333 45 613 0 1 3 1333 37 42 0 1 3 1333 40 614 0 1 1 15 65 43 0 1 1 15 57 525 1 5 1 25 57 524 3 333 0 3 57 45 3 333 3 3667 60
4/4 45 3 1333 0 0 59 613 0 1 3 667 44 12 0 1 3 667 41 42 0 1 3 667 34 44 0 1 3 667 49 35 3 667 2 175 45 44 1 5 3 2333 49 224 1 5 0 3 47
4/4 12 0 1 2 25 28 43 0 1 2 25 43 611 0 1 2 25 35 13 2 125 2 25 33 14 1 5 3 1333 46 13 0 1 0 2 49 74 3 333 2 275 45
4/4 12 0 1 0 1 30 42 0 1 0 1 38 42 0 1 0 1 29 613 0 1 2 125 42 12 0 1 2 125 43 34 0 1 1 15 39 524 0 1 1 15 56 613 0 1 1 15 56
4/4 12 0 1 0 0 29 42 0 1 0 0 35 42 0 1 0 0 40 613 0 1 0 0 49 12 0 1 0 0 55 34 0 1 0 0 55 524 0 1 0 0 43 613 0 1 0 0 59
4/4 12 0 1 0 0 35 42 0 1 0 0 36 42 0 1 0 0 46 613 0 1 0 0 33 12 0 1 0 0 38 34 0 1 0 0 45 524 0 1 0 0 57 613 0 1 0 0 53 44 2 25 0 3 56
4/4 12 0 1 0 0 27 42 0 1 0 0 27 42 0 1 0 0 44 74 3 1333 3 333 72 224 2 125 1 15 52 45 2 125 2 275 54 33 1 5 2 275 29
4/4 223 0 1 0 0 35 44 0 1 0 0 43 72 0 1 0 0 43 45 1 5 0 1 52 43 0 1 0 2 35 35 3 1333 2 225 45 613 0 1 2 325 29 34 0 1 2 325 33 224 0 1 2 325 44 12 0 1 2 325 31
4/4 613 0 1 0 0 34 34 0 1 0 0 29 224 0 1 0 0 46 12 0 1 0 0 41 14 0 1 3 333 60 224 1 25 1 15 56 73 1 25 1 15 35 223 0 1 2 275 36 43 0 1 2 275 37
4/4 224 2 125 0 0 55 73 2 25 0 0 33 223 0 1 0 0 22 43 0 1 0 0 23 74 0 3 0 1 45 73 2 175 0 1 38 224 3 667 2 225 52 223 3 1667 2 225 46 44 2 125 2 225 41 45 3 667 3 3333 55
4/4 74 2 275 0 0 45 45 3 583 0 0 72 75 2 175 3 333 51 523 0 1 1 5 46 223 0 1 1 15 30 44 0 1 1 15 42 72 0 1 1 15 48 75 3 333 2 275 52 75 2 25 2 375 60 63 2 25 2 375 49
4/4 75 2 125 0 0 47 63 2 25 0 0 46 34 0 1 0 1 32 13 0 1 0 1 32 63 0 1 0 1 29 65 2 125 0 1 43 525 2 125 2 225 51 65 2 75 2 325 54 222 2 25 2 325 38
4/4 65 0 4 0 0 52 13 0 1 1 5 36 63 0 1 1 5 45 43 0 1 1 5 34 222 1 5 2 275 36 14 2 125 2 275 59
4/4 34 0 1 0 0 41 44 0 1 0 0 47 63 0 1 0 0 41 44 0 1 0 0 54 14 0 1 0 0 63 65 0 1 0 1 63 15 3 1333 2 225 42 53 1 5 2 225 41 223 0 1 3 3333 43 43 0 1 3 3333 43 74 1 5 1 35 39
4/4 223 0 1 0 0 49 43 0 1 0 0 37 74 2 25 0 0 28 75 2 175 1 5 49 313 1 5 1 15 41 65 0 1 1 25 42 53 0 1 1 25 32 13 3 1333 3 2667 35 55 1 5 2 325 37 525 3 333 3 3667 48
4/4 13 3 333 0 0 35 525 3 333 0 0 45 55 3 667 2 25 55 75 3 1333 2 75 52 43 1 5 2 75 47 34 0 1 0 2 45 62 0 1 0 2 32 65 0 1 0 3 32
4/4 65 3 333 0 0 43 33 2 225 2 25 39 55 2 75 2 125 46 53 0 1 3 1333 28 12 0 1 3 1333 21 45 1 5 0 2 39 315 1 5 1 25 48 45 2 25 0 3 40 222 3 333 3 3667 47 45 2 25 2 375 38
4/4 222 3 1917 0 0 46 45 2 75 0 0 58 13 0 1 2 75 37 62 0 1 2 75 29 35 3 667 1 15 56 224 2 25 0 2 41 14 3 667 3 3333 32 73 0 1 3 3333 35 11 0 1 3 3333 38 314 1 5 1 35 28
4/4 14 3 833 0 0 32 73 0 1 0 0 19 11 0 1 0 0 22 314 2 275 0 0 29 24 2 125 2 75 48 315 1 5 3 2333 42 44 3 333 3 3667 30 74 2 25 2 375 40
4/4 14 0 4 0 0 33 42 0 2 0 0 45 45 0 4 0 0 37 44 3 5333 0 0 26 74 3 3083 0 0 34 12 0 1 1 15 29 53 0 1 2 275 41
4/4 73 0 3 0 0 36 14 2 175 0 0 40 45 2 375 0 0 42 13 2 175 1 15 42 54 1 5 2 325 33
4/4 614 0 1 1 15 22 44 0 1 1 15 28 46 3 1667 0 2 14
