4/4 75 0 1 2 25 49 36 0 1 0 1 67 46 2 75 3 1667 72 35 0 1 3 2333 43 75 0 1 3 2333 53 526 3 1667 3 2333 59
4/4 35 0 1 0 0 43 75 0 1 0 0 53 526 3 667 0 0 59 46 0 1 3 667 62 526 0 1 1 15 70 76 3 333 0 3 67
4/4 75 0 1 3 333 26 225 0 1 3 333 33 45 0 1 3 333 32 224 0 1 1 5 30 225 0 1 1 5 33 45 0 1 1 5 32 46 0 1 1 5 46
4/4 75 0 1 0 0 26 225 0 1 0 0 33 45 0 1 0 0 32 224 0 1 0 0 30 225 0 1 0 0 33 45 0 1 0 0 32 46 0 1 0 0 46 75 3 333 2 125 70 75 2 25 0 2 74 35 3 1333 3 2667 44 75 2 125 2 275 49 714 2 125 2 275 40 36 0 1 0 3 57
4/4 35 3 667 0 0 44 75 3 1083 0 0 49 714 1 35 0 0 40 36 2 75 0 0 57 225 0 1 0 1 59 36 1 15 0 2 63 526 2 25 1 35 67
4/4 225 0 1 0 1 43 525 0 1 0 1 35 45 0 1 0 1 41 74 0 3 0 1 39
4/4 225 0 1 0 0 43 525 0 1 0 0 35 45 0 1 0 0 41 74 3 2333 0 0 39 75 3 333 0 2 65 715 0 1 1 35 58 525 0 1 1 35 45 64 0 1 1 35 40 35 0 1 1 35 38
4/4 715 0 1 0 0 58 525 0 1 0 0 45 64 0 1 0 0 40 35 0 1 0 0 38 75 0 1 3 1667 57 715 1 5 3 2333 71 526 2 25 2 375 67
4/4 526 3 83 0 0 67 65 3 2333 3 1333 47 75 0 1 3 1333 52 524 0 1 3 1333 41 24 3 1667 3 1333 38
4/4 75 0 1 0 0 52 524 0 1 0 0 41 35 1 25 2 25 38 526 2 25 0 1 61 526 2 25 3 1667 73 526 3 333 3 2333 78 35 0 1 0 3 36 44 0 1 0 3 36 615 0 1 0 3 39 15 2 75 2 325 49 46 3 667 3 3333 62
4/4 35 0 1 0 0 36 44 0 1 0 0 36 615 3 3667 0 0 39 15 3 583 0 0 49 46 3 2083 0 0 62 15 3 333 3 1333 49 15 2 175 0 2 56 46 1 5 1 35 54
4/4 45 0 1 2 125 35 74 0 1 2 125 39 36 0 1 2 125 37 46 0 1 2 125 40 15 2 275 2 125 37
4/4 45 0 1 0 0 35 74 0 1 0 0 39 36 0 1 0 0 37 46 0 1 0 0 40 15 2 25 0 0 37 25 3 1333 3 333 31 36 3 333 2 225 63 46 3 333 0 3 77 75 3 333 3 3667 47
4/4 526 0 2 0 0 62 34 0 1 0 0 44 75 3 2417 0 0 47 74 2 75 0 1 47 45 2 75 3 1667 58 46 0 1 3 2333 77 74 0 1 3 2333 59 526 0 1 0 3 88 525 0 1 0 3 58 74 3 333 3 3667 52
4/4 74 3 333 0 0 52 34 0 1 2 25 56 76 0 1 2 25 77 74 3 333 2 75 52 75 0 1 0 1 54 225 0 1 0 1 64 46 0 2 3 1333 64 223 2 75 1 15 54 74 1 5 2 225 48 45 1 5 2 275 49 525 1 5 1 35 44
4/4 525 2 175 0 0 44 75 0 1 1 5 37 226 0 1 1 5 44 225 3 333 2 275 70 35 3 667 3 3333 46 75 0 1 1 35 54 36 0 1 1 35 62 713 1 5 1 35 53
4/4 35 3 1083 0 0 46 75 0 1 0 0 54 36 0 1 0 0 62 713 1 5 0 0 53 524 2 75 3 333 55 224 2 75 0 1 59 524 2 75 3 1667 61 225 1 5 3 1667 73 75 2 25 3 1667 43 36 0 1 2 225 74 525 2 175 2 225 74 35 1 5 2 225 49 524 3 667 0 3 56 713 1 5 1 35 57 526 3 333 1 35 71
4/4 713 2 25 0 0 57 524 3 667 2 25 50 525 0 1 1 5 50 65 0 1 1 5 48 225 2 325 2 75 64 73 3 667 0 1 52 524 1 5 1 15 48 224 2 175 2 225 43 525 0 1 0 3 45 74 2 25 2 375 38
4/4 224 1 15 0 0 43 525 2 175 0 0 45 225 0 2 0 0 64 74 1 15 0 0 38 35 0 1 2 275 48 525 0 1 2 275 52 63 0 1 0 3 50 715 0 1 0 3 67 34 3 333 3 3667 57
4/4 74 1 5 3 333 64 526 3 333 0 1 85 714 2 125 0 1 61 46 1 15 1 15 84 525 3 667 3 1667 64 35 2 75 2 225 54 64 2 75 2 275 44 526 3 333 1 35 78
4/4 75 1 15 2 25 56 225 0 1 3 333 62 46 0 1 3 333 68 33 0 1 3 333 64 66 0 1 3 333 68 73 1 5 0 1 46 66 1 5 3 1333 72 34 3 333 3 1667 58 76 1 5 3 2333 70 524 2 75 3 2333 53 526 0 1 0 3 71 74 0 1 0 3 54 75 0 1 0 3 68 45 2 25 2 375 50
4/4 526 0 1 0 0 71 74 2 25 0 0 54 75 1 5 0 0 68 525 1 5 1 5 50 75 2 25 0 1 55 64 2 225 2 175 38 525 0 1 2 175 43 75 0 1 2 175 53 715 3 1667 0 2 51 526 3 667 2 225 57 46 2 75 2 275 65 36 1 5 1 35 67
4/4 64 3 417 0 0 38 36 0 1 0 1 47 46 0 1 0 1 48 74 0 1 0 1 44 45 0 1 0 1 37 75 0 1 0 1 47 75 3 333 1 25 39 35 2 25 2 375 28
4/4 65 3 3667 0 0 37 75 0 4 0 0 45 35 2 275 0 0 28 36 2 375 2 25 48 33 2 75 2 25 37 73 3 667 0 1 43 34 2 25 1 15 57 64 0 1 2 225 54 74 0 1 0 3 54 35 2 25 2 375 48
4/4 35 2 75 0 0 48 75 3 667 0 0 45 36 1 65 0 0 48 74 1 15 0 0 54 45 0 1 1 5 51 65 3 333 1 15 50 74 2 125 2 275 26 525 0 1 2 275 28 35 0 1 2 275 29 34 0 1 0 3 23
4/4 74 0 4 0 0 26 525 0 1 0 0 28 35 0 1 0 0 29 34 0 4 0 0 23
4/4 36 0 1 0 0 67 74 3 1083 0 0 26 34 2 75 0 0 23 46 2 75 2 75 74 526 3 2333 1 15 73 34 3 667 1 15 55 525 0 1 0 3 44 74 0 1 0 3 45 46 2 25 2 375 77
4/4 46 1 5 0 0 77 525 0 1 1 5 64 526 0 1 1 5 84 74 2 75 1 5 48 76 3 2333 2 125 87 75 0 2 3 1667 58 46 2 225 2 175 72 223 1 5 2 175 55 74 2 75 2 325 38 45 3 667 3 3333 37
4/4 46 3 83 0 0 72 74 2 125 0 0 38 45 3 833 0 0 37 75 1 5 0 1 51 35 0 1 3 2333 44 713 0 1 3 2333 47 75 2 125 1 25 49 36 3 1333 3 2667 57
4/4 35 0 1 0 0 55 524 0 1 0 0 52 36 3 167 0 0 57 225 1 5 3 667 78 35 0 1 2 125 63 36 0 1 2 125 72 525 0 1 2 125 80 524 0 1 2 125 58 526 2 25 0 2 78 225 3 1333 3 2667 64 525 3 1333 3 2667 56 73 1 5 3 2667 52
4/4 224 0 1 0 0 41 524 0 1 0 0 43 45 0 1 0 0 38 225 3 2167 0 0 64 75 2 25 1 25 62 35 0 1 0 3 41 525 0 1 0 3 44 715 3 667 3 3333 54 63 1 5 1 35 43
4/4 35 0 1 0 0 41 525 0 1 0 0 44 715 3 833 0 0 54 63 3 167 0 0 43 714 0 1 2 75 46 34 0 1 2 75 49 75 1 5 1 15 80 714 0 1 0 2 68 715 0 1 0 2 78 34 0 1 2 225 54 526 2 25 2 275 84 24 1 5 1 35 53 523 3 333 3 3667 53 75 3 333 3 3667 70
4/4 24 3 1167 0 0 53 523 3 333 0 0 53 75 3 2167 0 0 70 35 2 75 2 125 46 34 0 1 2 125 43 74 0 1 2 125 36 526 3 333 0 3 81
4/4 45 0 1 0 0 40 615 0 1 0 0 45 15 0 1 2 25 54 46 0 1 2 25 62 43 2 75 3 333 50 13 3 667 0 1 64 614 2 25 3 1667 77 15 0 1 2 225 84 14 0 1 2 225 74 15 0 1 0 3 80 45 0 1 0 3 77 615 0 1 0 3 76 14 0 1 1 35 72 46 0 1 1 35 84
4/4 36 0 2 2 25 77 46 2 175 2 25 77 75 0 1 2 25 70 45 0 1 2 25 72 73 2 75 2 25 70 44 1 5 0 1 61 25 0 1 1 15 77 24 0 1 1 15 67 74 0 1 2 225 74 45 2 25 0 3 74 36 2 75 0 3 96 46 3 333 3 3667 87 73 3 333 3 3667 72
4/4 46 3 167 0 0 87 73 3 417 0 0 72 75 0 1 2 25 68 36 0 1 2 25 70 33 2 75 3 333 77 526 3 1333 1 5 81 73 1 5 2 125 67 524 2 25 2 175 71 74 0 1 1 25 65 46 0 1 1 25 87 525 0 1 0 3 64 526 0 1 0 3 88 75 0 1 0 3 77 76 2 25 2 375 87
4/4 75 0 1 2 25 60 225 0 1 2 25 71 46 0 1 2 25 68 222 0 1 3 333 70 46 0 1 3 333 68 223 2 25 0 1 69 47 0 1 2 175 65 46 0 1 2 175 64 224 0 1 2 175 44 76 1 15 2 175 64 45 0 1 2 175 58 224 0 1 2 175 44 226 0 1 2 325 57 46 0 1 2 325 49 224 0 1 2 325 42 45 0 1 2 325 37 75 0 1 2 325 39 45 0 1 2 325 37
4/4 36 0 1 1 5 53 526 0 1 1 5 58 76 0 1 2 75 63 712 0 1 2 75 59 37 0 1 2 75 72 523 1 5 1 15 62 34 1 5 2 225 74 524 3 667 2 275 66 225 3 333 2 275 88 36 0 1 1 35 77 35 0 1 1 35 70 525 0 1 1 35 84 74 0 1 1 35 62
4/4 526 2 25 0 0 84 224 0 1 3 667 57 525 0 1 3 667 64 72 0 1 3 667 74 225 0 1 3 667 76 65 0 1 3 667 63 73 1 5 1 15 62 226 0 1 0 2 71 225 0 1 0 2 68 223 0 1 0 2 51 526 0 1 0 2 65 524 1 5 2 275 56 76 0 1 1 35 58 225 0 1 1 35 54 224 2 25 1 35 45
4/4 76 0 1 0 0 58 225 0 1 0 0 54 35 2 25 3 333 62 715 0 1 2 75 54 36 0 1 2 75 52 526 0 1 0 1 62 63 0 1 0 1 57 716 0 1 0 1 70 34 3 333 3 1667 68 74 1 5 3 2333 74 526 0 1 0 3 92 714 0 1 0 3 62 527 0 1 0 3 83 525 3 333 3 3667 71 47 0 1 3 3667 84 46 0 1 3 3667 80
4/4 525 3 333 0 0 71 526 0 1 3 333 88 527 0 1 3 333 87 66 0 1 2 75 55 226 0 1 2 75 76 47 0 1 2 75 72 33 0 1 2 75 74 67 0 1 2 75 75 73 3 333 3 1667 61 524 2 25 2 225 51 77 2 75 0 3 61 74 2 25 0 3 52 527 0 1 3 3667 60 76 0 1 3 3667 51 45 0 1 3 3667 39
4/4 527 0 1 0 0 60 76 0 1 0 0 51 45 0 1 0 0 39 525 2 25 1 5 51 64 0 1 2 125 55 35 0 1 2 125 44 715 0 1 2 125 38 526 0 1 2 125 53 716 2 125 1 15 55 527 3 667 3 1667 67 47 1 5 3 2333 68 37 2 75 0 3 74
4/4 74 0 1 1 5 32 45 0 1 1 5 38 25 0 1 1 5 46 46 0 1 3 667 44 47 0 1 3 667 57 76 2 25 1 15 70 36 0 2 0 2 42 66 0 1 2 225 39 76 0 1 2 225 46 37 0 1 2 225 56 34 0 1 3 2333 45 74 3 667 0 3 49 35 2 25 3 3667 54
4/4 36 0 1 0 0 42 66 0 1 0 0 39 76 0 1 0 0 46 37 0 1 0 0 56 65 0 1 3 333 48 75 2 75 0 1 46 66 0 1 2 175 46 46 0 1 2 175 43 36 0 1 2 275 33 35 0 1 2 275 28 75 0 1 2 275 30 526 0 1 2 275 37
4/4 36 0 1 0 0 33 35 0 1 0 0 28 75 0 1 0 0 30 526 0 1 0 0 37 65 0 1 2 275 38 225 0 1 2 275 45 526 0 1 2 275 57 45 0 1 0 3 39 526 0 1 0 3 57 66 2 25 2 375 74
4/4 66 3 417 0 0 74 75 0 1 3 333 42 225 0 1 3 333 45 526 0 1 3 667 48 76 0 1 3 667 59 523 0 1 3 667 41 223 3 667 3 1667 55 74 1 5 3 2333 67 224 0 1 0 3 62 66 3 333 0 3 77 75 3 333 3 3667 74 76 3 333 3 3667 87
4/4 224 1 5 0 0 62 75 3 333 0 0 74 525 0 1 2 25 64 226 0 1 2 25 88 225 0 1 2 75 71 66 0 1 2 75 68 44 2 75 0 1 70 224 2 75 1 15 69 65 3 667 2 225 74 224 2 75 2 275 61 225 0 1 3 3333 73 45 0 1 3 3333 61
4/4 224 3 667 0 0 66 75 0 1 3 333 59 225 0 1 3 333 67 526 1 15 3 667 84 34 2 75 3 667 67 74 3 667 3 1333 68 525 1 5 0 2 77 74 2 75 1 25 63 46 3 333 1 25 87 526 0 1 2 325 88 75 0 1 2 325 72 45 0 1 2 325 65 74 0 1 2 375 64 76 0 1 2 375 80
4/4 65 0 1 3 333 57 225 0 1 3 333 65 46 0 1 3 333 74 73 2 75 1 5 61 44 3 667 2 125 66 224 3 667 2 175 71 44 2 25 3 2333 68 225 0 1 0 3 76 74 0 1 0 3 72 45 0 1 0 3 70 44 2 25 3 3667 74
4/4 35 0 1 2 25 53 525 0 1 2 25 55 75 0 1 2 25 64 36 0 1 2 25 72 713 2 75 1 5 71 524 0 1 2 125 54 46 0 1 2 125 72 526 0 1 2 175 84 35 0 1 2 175 55 65 2 125 3 2333 74 713 0 1 0 3 71 46 0 1 0 3 80 225 0 1 0 3 73 66 3 333 3 3667 80 64 2 25 3 3667 61
4/4 75 0 1 0 0 68 225 0 1 0 0 67 526 0 1 0 0 84 66 3 167 0 0 80 73 2 75 2 25 72 524 3 667 0 1 64 224 3 333 1 15 69 524 2 75 2 225 63 225 2 25 2 225 81 225 0 1 2 275 84 525 0 1 2 275 74 74 2 75 2 275 64 524 2 25 1 35 71 715 0 1 2 375 68 36 0 1 2 375 54
4/4 526 0 1 0 0 70 716 0 1 0 0 81 63 0 1 0 0 64 715 0 1 0 0 68 36 0 1 0 0 54 34 3 667 2 75 64 714 2 25 3 1333 57 76 1 5 3 1333 68 715 0 1 0 2 64 35 0 1 0 2 54 525 2 25 3 2667 48 66 0 1 3 2667 64 36 0 1 3 2667 59 526 3 333 3 3333 64 75 0 1 3 3667 54 36 0 1 3 3667 48
4/4 46 0 3 0 0 59 73 3 667 0 0 52 76 0 4 0 0 64 75 0 1 0 0 54 36 0 1 0 0 48 44 1 5 3 667 51 74 2 25 2 125 49 35 2 75 0 2 49 36 0 1 1 25 46 45 0 1 1 25 42 15 2 25 2 325 48
4/4 75 0 1 0 0 39 25 0 1 0 0 47 74 0 1 0 0 38 45 0 1 0 0 35 76 2 75 0 0 64 76 0 1 1 15 32 77 0 1 1 15 52 76 3 667 3 3333 77
4/4 76 0 3 0 0 77 526 1 15 0 1 47 37 0 2 0 1 50 35 0 1 0 1 38 75 3 333 2 175 51 46 1 5 3 2333 68 526 2 25 0 3 73 46 0 1 1 35 47 45 0 1 1 35 30 225 0 1 1 35 39 66 0 1 1 35 51 226 2 25 2 375 57
4/4 226 3 83 0 0 57 525 2 275 2 125 37 225 2 275 2 125 44 76 0 1 2 125 49 66 0 1 0 2 43 526 2 125 2 275 45
4/4 525 1 15 0 0 37 225 2 75 0 0 44 526 1 5 0 0 45 526 1 5 3 1333 81 224 2 225 2 175 58 65 0 2 0 2 59 225 0 1 0 2 53 46 0 1 0 2 65 66 0 1 0 2 74 526 1 5 1 35 67
4/4 66 1 5 0 0 67 225 0 1 0 0 70 65 0 1 0 0 59 224 3 417 0 0 58 526 3 167 0 0 67 226 1 5 1 15 70 225 0 1 0 2 47 526 0 1 0 2 65 76 0 1 0 2 64 524 2 75 2 225 62 224 1 5 2 275 58 75 1 5 1 35 70
4/4 75 2 25 0 0 70 225 2 25 2 25 88 74 0 1 1 5 68 65 0 1 1 5 77 25 0 1 2 75 70 46 0 1 2 75 77 76 0 1 2 75 87 46 3 1333 0 2 53 526 0 1 0 2 62 76 0 1 0 2 70 34 2 75 2 225 70 37 1 15 2 225 74 74 2 75 2 275 53 525 2 25 1 35 58
4/4 36 2 25 0 0 60 225 0 1 3 667 53 46 0 1 3 667 52 44 0 1 3 667 58 66 0 1 3 667 59 226 0 1 3 667 71 224 2 25 3 1333 51 225 2 225 2 175 44 526 0 1 0 2 46 524 0 1 0 2 58 76 0 1 0 2 58 224 1 5 2 275 51 66 2 75 2 275 57 75 1 5 1 35 50 526 1 5 1 35 58
4/4 65 2 75 0 0 47 225 2 75 0 0 44 75 3 167 0 0 50 526 3 833 0 0 58 525 3 667 2 75 43 526 1 5 3 1333 61 225 0 1 0 2 36 224 0 1 0 2 28 46 0 2 0 2 47 65 0 2 0 2 38 66 2 125 2 225 47 526 1 5 1 35 46
4/4 225 0 1 0 0 36 224 0 1 0 0 28 46 2 25 0 0 47 65 2 75 0 0 38 526 2 25 0 0 46 66 1 5 2 25 48 46 2 25 1 15 49 36 2 175 2 225 62 714 2 175 2 225 51 35 3 667 0 3 46 525 1 5 1 35 49
4/4 36 2 475 0 0 62 714 2 25 0 0 51 35 2 75 2 25 53 525 3 667 2 75 55 35 3 667 3 1333 57 714 3 1333 0 2 55 35 2 75 3 2667 41 75 2 75 2 325 59
4/4 35 3 667 0 0 44 75 3 917 0 0 59 225 2 125 1 5 59 525 1 5 1 5 41 35 1 5 2 125 40 36 2 225 2 175 58 715 2 225 2 175 51 64 0 2 0 2 43 714 2 75 1 25 45 35 2 75 2 325 45 714 2 25 2 375 44
4/4 36 2 475 0 0 58 715 3 2417 0 0 51 64 2 125 0 0 43 714 1 5 0 0 44 35 3 667 1 5 39 714 2 75 0 1 47 64 2 225 2 175 45 714 2 75 1 25 45 75 2 75 2 325 54 35 2 75 2 325 37 714 2 25 2 375 43
4/4 64 2 125 0 0 45 75 3 917 0 0 54 714 3 417 0 0 43 225 0 1 3 667 52 35 0 1 3 667 36 714 2 25 3 1333 41 35 0 2 0 2 35 65 0 1 0 2 38 75 0 1 0 2 45 36 3 1667 3 2333 44 33 0 1 3 2333 45 73 1 5 2 325 40 34 2 25 2 375 51
4/4 35 1 5 0 0 35 65 0 1 0 0 38 75 0 1 0 0 45 36 3 1833 0 0 44 64 2 75 2 25 48 74 0 3 0 1 48 35 1 25 1 15 52 45 2 75 0 2 54 65 2 75 3 2667 48 75 3 667 3 3333 47
4/4 65 2 75 0 0 41 74 2 125 0 0 48 35 2 75 0 0 52 75 3 333 0 0 47 45 2 75 2 75 36 65 2 25 1 15 38 525 3 1667 3 2333 39 74 1 15 1 25 29 34 1 15 1 25 29
4/4 525 3 2083 0 0 39 74 0 3 0 0 29 34 1 25 0 0 29
4/4 36 0 1 0 0 74 46 2 75 2 125 74 75 0 1 0 2 38 36 0 1 0 2 49 526 3 1667 3 2333 54 34 0 1 3 2333 46 74 3 667 0 3 49 525 3 333 3 3667 66
4/4 75 0 1 0 0 38 36 0 1 0 0 49 526 3 833 0 0 54 525 3 167 0 0 66 74 3 667 2 25 58 45 3 667 2 75 72 74 0 1 3 1333 70 46 0 1 3 1333 80 75 0 1 2 175 72 36 0 1 2 175 49 33 3 667 0 2 68 526 0 2 0 2 78 73 1 5 1 25 59 524 2 25 0 3 63 74 2 25 2 375 74
4/4 74 2 25 0 0 74 75 0 1 0 0 72 36 0 1 0 0 49 526 2 25 0 0 78 35 2 25 2 25 74 45 0 1 2 75 67 76 0 1 2 75 77 75 0 1 2 125 58 225 0 1 2 125 73 46 0 1 2 125 74 223 3 667 1 15 71 74 3 667 0 2 62 45 1 5 3 2667 64 74 3 667 2 325 68 224 2 25 2 375 77
4/4 75 0 1 0 0 58 225 0 1 0 0 73 46 0 1 0 0 74 224 2 25 0 0 77 74 2 25 2 25 58 222 3 667 2 75 70 223 2 25 3 1333 59 44 1 5 0 2 62 74 1 5 1 25 56 224 3 333 2 325 54 225 0 1 3 3667 73 45 0 1 3 3667 64
4/4 35 0 1 0 0 54 713 0 1 0 0 63 525 0 1 2 25 54 75 0 1 2 25 67 36 0 1 2 25 68 524 1 5 2 75 59 35 1 5 1 15 65 524 1 5 0 2 74 224 1 5 1 25 77 524 2 25 0 3 66 225 3 333 2 325 76 525 0 1 1 35 61 75 0 1 1 35 52 36 2 25 2 375 74 712 2 25 2 375 66
4/4 36 3 2083 0 0 74 525 0 1 0 0 61 75 0 1 0 0 52 712 3 417 0 0 66 523 1 5 3 333 59 34 1 5 0 1 64 524 1 5 1 15 56 74 3 333 0 2 54 526 1 5 3 2667 71 35 2 25 3 2667 54 525 0 1 2 325 55 75 0 1 2 325 63 73 0 1 2 325 62 225 3 667 3 3333 67
4/4 524 1 5 0 0 59 225 3 333 0 0 67 74 1 5 1 5 61 225 0 1 0 1 61 224 0 1 0 1 61 526 0 1 3 1667 61 525 0 1 3 1667 57 65 0 1 2 225 57 66 0 1 2 225 57 226 0 1 2 275 56 74 0 1 2 275 65 225 0 1 2 275 61 525 2 25 2 275 63 66 3 667 3 3333 62 73 2 25 2 375 51 526 2 25 2 375 65
4/4 73 2 175 0 0 51 526 2 25 0 0 65 225 2 25 1 5 50 65 2 75 0 1 57 525 2 25 2 175 50 714 0 1 2 225 62 63 0 1 2 225 61 525 3 1667 3 2333 59 715 3 1667 3 2333 76 34 3 667 0 3 63 714 1 5 1 35 71
4/4 34 3 667 0 0 62 525 3 833 0 0 59 715 3 83 0 0 76 714 3 333 3 667 77 75 0 1 0 1 87 34 0 1 0 1 52 24 1 15 1 15 67 525 0 1 1 15 52 715 0 1 1 15 78 63 3 667 2 175 61 23 3 667 3 2333 57 714 1 5 0 3 51 23 1 5 1 35 47
4/4 714 3 333 0 0 48 23 3 167 0 0 47 526 2 25 3 667 73 24 3 1333 1 15 52 75 2 175 1 15 61 523 2 75 1 15 50 23 3 1333 2 225 51 74 3 667 2 275 52 24 2 75 2 325 53
4/4 525 3 667 0 0 50 24 1 5 0 0 53 75 2 175 1 5 57 35 0 1 2 125 43 34 0 1 2 125 37 523 0 1 2 125 33 526 2 25 2 325 88 526 2 25 2 375 81
4/4 526 2 25 3 333 84 615 0 1 2 75 52 15 0 1 2 75 68 46 0 1 2 75 67 43 2 75 0 1 66 13 1 5 1 15 67 44 3 667 0 2 72 614 0 1 1 25 74 14 3 333 0 3 74 15 2 25 3 3667 84
4/4 613 3 667 2 25 59 15 0 1 2 25 80 45 0 1 2 25 74 615 0 1 2 25 70 524 2 175 2 75 59 14 2 125 3 1333 65 45 2 75 0 2 65 615 2 25 1 25 65 46 3 333 0 3 65 73 3 333 3 3667 65 45 3 333 3 3667 68 36 3 333 3 3667 65 46 3 333 3 3667 68 75 3 333 3 3667 68
4/4 73 3 333 0 0 65 45 3 917 0 0 68 36 3 3333 0 0 65 46 3 4667 0 0 68 75 3 1667 0 0 68 44 1 5 2 25 52 14 2 25 2 75 52 35 3 667 3 1333 53 45 3 667 0 2 39 75 3 1333 3 2667 50 45 0 1 3 3333 30 74 0 1 3 3333 31 25 3 667 3 3333 44
4/4 75 3 667 0 0 50 45 0 1 0 0 30 74 0 1 0 0 31 25 3 667 0 0 44 76 0 1 1 15 56 75 0 1 1 15 53 36 0 1 0 2 74 37 0 1 0 2 74 47 0 1 3 2667 74 46 0 1 3 2667 77 526 0 1 2 325 76 527 0 1 2 325 66 34 2 25 2 325 59 525 0 1 2 375 54 74 0 1 2 375 44
4/4 526 0 1 0 0 76 527 0 1 0 0 66 525 0 1 1 5 69 74 0 1 1 5 56 525 0 1 0 1 69 74 0 1 0 1 55 525 0 1 3 1667 77 74 0 1 3 1667 51 74 0 1 0 2 41 46 0 1 0 2 77 47 0 1 0 2 72 526 0 1 2 275 67 226 0 1 2 275 64 527 0 1 2 275 71 76 0 1 2 275 62 34 3 333 2 275 67 525 0 1 3 3333 62 74 0 1 3 3333 53
4/4 74 0 1 0 0 63 525 0 1 0 0 77 525 0 1 1 5 71 74 0 1 1 5 55 525 0 1 0 1 74 74 0 1 0 1 58 77 2 225 1 15 78 76 3 2333 3 1667 84 223 3 333 2 225 68 47 2 175 2 225 72 45 0 1 2 275 53 74 0 1 2 275 51 74 0 1 3 3333 53 45 0 1 3 3333 64
4/4 45 0 1 0 0 70 74 0 1 0 0 65 76 3 333 0 0 84 45 3 333 1 5 74 74 2 75 1 5 67 46 3 1333 0 1 84 223 2 25 3 1667 62 37 3 667 3 1667 74 45 0 1 2 225 52 226 0 1 2 225 61 74 0 1 2 225 48 74 0 1 2 275 58 76 0 1 2 275 59 45 0 1 2 275 47 46 0 1 3 3333 52 74 0 1 3 3333 43 45 0 1 3 3333 42
4/4 45 0 1 0 0 52 74 0 1 0 0 43 36 3 667 0 0 53 225 3 333 3 667 55 35 0 1 0 1 50 713 0 1 0 1 63 75 0 1 0 1 65 36 0 1 0 1 72 524 2 25 2 175 61 35 0 1 1 25 60 524 0 1 1 25 63 524 0 1 0 3 72 35 0 1 0 3 64 35 2 25 3 3667 72 524 3 333 3 3667 72
4/4 524 3 167 0 0 72 225 3 333 2 25 84 65 0 1 3 667 65 75 0 1 3 667 72 36 0 1 3 667 80 713 3 333 2 75 71 64 0 1 3 1333 44 35 0 1 3 1333 50 35 0 1 0 2 56 64 0 1 0 2 62 64 0 1 3 2667 56 35 0 1 3 2667 51 35 0 1 2 325 56 64 0 1 2 325 47 526 2 25 2 375 78
4/4 225 0 1 3 333 78 525 0 1 3 333 71 73 3 333 3 333 58 524 0 1 0 1 52 224 0 1 0 1 49 224 0 1 1 15 57 524 0 1 1 15 58 224 0 1 2 225 63 524 0 1 2 225 63 224 1 5 2 275 66 524 0 1 2 275 62 226 3 667 2 325 84 66 2 25 2 375 70 73 2 25 2 375 58
4/4 66 3 417 0 0 70 524 0 1 3 333 56 224 0 1 3 333 49 526 3 667 3 333 57 225 0 1 0 1 59 224 0 1 0 1 54 524 0 1 0 1 51 65 3 667 3 1667 64 224 0 1 3 1667 53 524 0 1 3 1667 40 525 0 1 2 225 59 73 0 1 2 225 48 224 3 333 0 3 45 714 0 1 3 3333 62 35 0 1 3 3333 52 63 0 1 3 3333 64 525 0 1 1 35 68 63 0 1 1 35 64 715 1 5 1 35 76
4/4 715 2 175 0 0 76 714 0 1 2 25 51 34 0 1 2 25 46 714 0 1 2 75 66 34 0 1 2 75 56 714 0 1 3 1333 71 34 0 1 3 1333 55 714 3 333 0 2 77 34 2 75 0 2 55 526 0 1 1 25 84 715 0 1 1 25 78 46 0 1 0 3 85 65 0 1 0 3 77 63 3 333 0 3 66 714 0 1 3 3667 64 34 0 1 3 3667 52
4/4 46 0 1 0 0 85 65 0 1 0 0 77 714 0 1 2 25 74 34 0 1 2 25 55 714 0 1 2 75 71 34 0 1 2 75 67 714 0 1 1 15 77 34 0 1 1 15 61 715 0 1 0 2 84 526 0 1 0 2 84 75 0 1 1 25 67 46 0 1 1 25 80 225 0 1 3 2667 71 46 0 1 3 2667 80 66 0 1 3 2667 77 33 2 25 3 2667 66 35 0 1 2 325 62 524 0 1 2 325 61 74 0 1 2 325 53 35 0 1 2 375 74 524 0 1 2 375 71 74 0 1 2 375 62
4/4 75 0 1 0 0 67 46 0 1 0 0 80 225 0 1 0 0 71 46 0 1 0 0 80 66 0 1 0 0 77 524 0 1 3 333 71 35 0 1 3 333 72 74 0 1 3 333 64 35 0 1 0 1 84 524 0 1 0 1 71 74 0 1 0 1 65 76 0 1 1 15 77 225 0 1 1 15 78 33 2 25 0 2 71 526 0 1 2 225 88 75 0 1 2 225 77 524 0 1 2 275 59 73 0 1 2 275 50 524 0 1 3 3333 69 73 0 1 3 3333 57
4/4 524 0 1 0 0 64 73 0 1 0 0 59 526 0 1 0 0 88 75 0 1 0 0 77 524 0 1 1 5 71 73 0 1 1 5 59 65 0 1 1 15 55 715 0 1 1 15 50 36 0 1 1 15 70 63 3 667 2 175 68 526 2 75 2 175 73 34 2 25 2 225 52 74 1 5 2 275 56 46 0 1 1 35 70 714 0 1 1 35 46
4/4 36 3 667 0 0 70 35 2 25 0 0 49 46 0 1 0 0 70 714 0 1 0 0 46 65 2 25 3 667 49 45 0 1 0 1 52 46 0 1 0 1 63 75 0 2 2 125 59 73 1 5 2 125 52 44 2 25 0 2 46 74 2 25 1 25 46 35 2 75 0 3 52 75 0 1 3 3667 57 24 0 1 3 3667 46
4/4 35 0 1 3 667 57 36 0 1 3 667 72 65 0 1 2 75 60 75 0 1 2 75 72 36 0 1 2 75 72 33 3 667 0 1 62 73 1 5 1 15 51 34 3 333 0 2 61 64 2 75 3 2667 61 74 1 5 2 325 64 35 2 25 2 375 70
4/4 35 3 417 0 0 70 65 2 75 3 333 65 75 2 125 0 1 64 36 3 667 1 15 67 75 2 75 0 2 58 65 1 5 2 275 57 75 1 5 1 35 48
4/4 75 1 25 0 0 48 525 0 1 2 25 51 74 0 1 2 25 38 34 0 1 2 25 35 65 1 5 1 35 53 225 0 1 3 3667 65 526 0 1 3 3667 78 44 2 25 2 375 61
4/4 225 0 1 0 0 65 526 0 1 0 0 78 44 3 417 0 0 61 224 1 5 3 333 62 65 2 75 0 1 74 525 0 1 1 15 69 66 0 1 2 225 74 45 1 5 2 225 63 65 2 25 0 3 51 75 2 25 3 3667 70 75 0 1 2 375 42 225 0 1 2 375 51
4/4 526 0 1 0 0 64 76 0 1 0 0 63 523 2 75 0 0 54 75 0 1 0 0 42 225 0 1 0 0 51 223 1 5 2 75 55 74 1 5 1 15 57 224 3 1333 0 2 69 45 3 667 1 25 72 66 0 1 0 3 84 525 0 1 0 3 61 75 0 1 1 35 65 225 0 1 1 35 59 76 0 1 1 35 80 524 2 25 2 375 71
4/4 75 0 1 0 0 65 225 0 1 0 0 59 76 0 1 0 0 80 524 3 417 0 0 71 224 2 75 2 25 59 525 3 1333 2 75 61 65 2 25 3 1333 54 75 2 25 0 2 60 226 1 15 1 25 78 225 0 1 0 3 62 526 0 1 0 3 59 66 0 1 0 3 56 223 3 667 2 325 54 64 2 25 2 375 52
4/4 226 2 425 0 0 78 225 0 2 0 0 62 526 0 1 0 0 59 66 0 1 0 0 56 64 3 417 0 0 52 224 1 5 3 333 56 35 1 5 0 1 49 525 1 25 1 15 46 65 0 2 0 2 43 225 0 1 2 275 41 45 0 1 2 275 39
4/4 525 2 25 0 0 46 65 2 25 0 0 43 225 0 1 0 0 41 45 0 1 0 0 39 225 2 25 1 5 68 225 2 25 2 125 81 225 2 25 2 175 76 75 0 1 2 225 58 225 0 1 2 225 53 526 1 15 1 25 70 34 2 75 1 25 57 74 1 5 2 325 59 45 2 25 2 375 70
4/4 45 3 417 0 0 70 525 3 333 3 333 71 75 2 25 0 1 71 225 0 1 1 15 71 47 0 1 1 15 77 527 0 2 0 2 85 76 0 2 0 2 70 35 3 667 0 2 72 525 3 667 3 2667 68 75 1 5 2 325 67 46 2 25 2 375 65
4/4 527 2 25 0 0 85 76 2 75 0 0 70 46 2 25 0 0 65 526 2 25 1 5 73 77 2 25 0 1 78 66 0 1 1 15 59 226 0 1 1 15 59 47 0 1 1 15 72 73 3 667 3 1667 64 44 1 5 2 225 54 224 2 25 2 275 59 45 1 5 3 3333 55
4/4 65 0 1 0 0 51 66 0 1 0 0 59 226 0 1 0 0 59 47 0 1 0 0 72 225 2 25 1 5 55 226 0 1 0 1 59 46 0 1 0 1 58 225 1 15 3 2333 46 76 3 333 3 2333 49 46 0 1 3 3667 48 65 0 1 3 3667 41
4/4 525 0 1 1 5 56 75 0 1 1 5 51 713 0 1 2 75 61 36 0 1 2 75 64 46 2 25 1 15 80 35 0 1 0 2 63 524 0 1 0 2 57 74 0 1 0 2 58 526 2 175 0 2 89 75 1 15 0 2 76 35 0 1 2 325 72 74 0 1 2 325 62 524 0 1 2 325 59 75 2 25 2 375 84
4/4 65 0 1 2 25 72 225 0 1 2 25 78 713 0 1 2 25 71 46 0 1 2 25 77 526 3 333 0 1 92 45 0 1 3 1667 61 64 0 1 3 1667 56 224 0 1 3 1667 55 225 0 1 3 1667 70 65 0 1 3 1667 74 66 0 1 3 1667 74 45 0 1 2 275 74 64 0 1 2 275 65 224 0 1 2 275 63 525 0 1 2 375 64 225 0 1 2 375 61
4/4 526 3 2333 0 0 76 73 1 5 0 0 74 525 0 1 0 0 64 225 0 1 0 0 61 524 0 1 2 125 61 224 0 1 2 125 58 224 0 1 1 25 69 524 0 1 1 25 68 225 2 25 0 3 81 225 3 333 3 3667 78 525 3 333 3 3667 64 33 3 333 3 3667 66
4/4 225 3 2333 0 0 78 525 3 1917 0 0 64 33 3 333 0 0 66 73 1 5 2 25 58 524 2 25 2 75 77 74 3 333 3 1333 70 45 2 25 0 2 78 525 2 25 1 25 78 715 0 1 2 325 78 36 0 1 2 325 68 526 0 1 2 325 64 716 2 75 2 325 78 63 2 75 2 325 81 34 2 25 2 375 65
4/4 715 0 1 0 0 78 36 0 1 0 0 68 526 0 1 0 0 64 716 2 25 0 0 78 34 3 83 0 0 65 74 3 667 3 333 77 714 1 5 0 1 71 35 0 1 1 15 74 36 0 1 1 15 77 76 0 1 1 15 80 715 0 1 1 15 88 36 0 1 1 15 77 76 0 1 1 15 80 525 2 25 0 2 80 66 0 1 3 2667 72 715 0 1 3 2667 81 63 0 1 3 2667 85 36 3 1333 3 2667 65 34 1 5 2 325 67 74 2 25 2 375 80
4/4 66 0 1 0 0 72 715 0 1 0 0 81 74 1 5 0 0 80 714 1 5 3 333 68 35 0 1 0 1 72 75 0 1 0 1 77 526 0 1 0 1 88 715 0 1 0 1 81 525 2 25 1 15 80 75 0 2 0 2 70 36 0 2 0 2 63 46 0 1 0 2 72 76 0 1 0 2 80 73 2 75 2 225 77 44 1 5 3 2667 72 74 1 5 2 325 69 35 2 25 2 375 70
4/4 75 3 333 0 0 70 36 0 1 0 0 63 46 0 1 0 0 72 76 0 1 0 0 80 35 1 5 0 0 70 45 1 35 1 5 70 75 2 75 0 1 67 36 2 75 1 15 72 15 3 333 0 2 56 76 2 75 2 275 68 36 2 25 3 3333 54
4/4 37 2 75 0 0 62 76 0 3 1 5 57 46 0 2 0 1 54 73 2 75 0 1 57 26 3 2333 0 1 62 44 1 5 3 1667 52 74 2 25 2 225 55 24 1 5 2 275 46 45 1 5 1 35 47
4/4 75 2 25 0 0 47 76 0 1 2 75 35 25 0 1 2 75 41 77 0 1 2 75 39
4/4 76 0 1 2 25 55 77 0 1 2 25 70 37 0 1 3 1667 40 38 0 1 3 1667 60 35 3 333 2 175 38 526 0 1 0 3 46 75 0 1 0 3 45
4/4 37 0 1 0 0 40 38 0 1 0 0 60 526 0 1 2 25 53 75 0 1 2 25 45 227 0 1 2 125 63 226 0 1 2 125 61 45 2 25 3 1333 43 66 0 1 1 25 46 225 0 1 1 25 43 66 0 1 3 3667 57 225 0 1 3 3667 46
4/4 76 0 1 1 5 36 226 0 1 1 5 40 525 0 1 2 75 40 77 0 1 2 75 52 67 2 75 3 1333 52 527 0 2 0 2 62 225 0 1 0 2 42 76 0 1 0 2 44 76 1 5 0 3 54 225 0 1 0 3 48
4/4 527 2 325 0 0 62 75 1 5 3 333 50 225 0 1 3 1667 33 526 0 1 3 1667 36 76 0 1 3 1667 36 527 1 5 1 35 79
4/4 67 2 325 0 0 70 224 1 5 0 0 52 46 0 1 3 1333 49 65 0 1 3 1333 48 46 0 1 1 25 60 65 0 1 1 25 50 527 1 5 0 3 67 66 0 1 1 35 53 226 0 1 1 35 59 67 0 1 1 35 63 224 3 333 3 3667 54
4/4 66 0 1 0 0 53 226 0 1 0 0 59 67 0 1 0 0 63 225 0 1 2 75 40 65 0 1 2 75 40 46 0 1 0 1 38 226 0 1 0 2 53 227 0 1 0 2 54 76 0 1 0 3 45 226 0 1 0 3 50 77 3 667 3 3333 55 524 3 333 3 3333 51
4/4 76 0 1 0 0 45 226 0 1 0 0 50 77 3 1583 0 0 55 75 1 5 1 5 54 224 3 1667 1 5 48 527 0 1 3 1667 62 525 0 1 3 1667 42 67 2 25 2 225 57 76 0 1 2 275 41 77 0 1 2 275 56 37 0 1 2 275 51 65 0 1 2 275 40 74 2 125 2 275 43
4/4 76 0 1 0 0 41 77 0 1 0 0 56 74 2 175 0 0 43 75 0 1 2 25 35 46 0 1 2 25 38 26 0 1 2 25 41 47 0 1 2 25 48 76 1 5 1 15 87 46 0 1 2 225 53 526 0 1 2 225 49 76 0 1 1 25 65 37 0 1 1 25 72 34 1 5 1 25 59 74 1 5 2 325 51 45 2 25 2 375 57
4/4 46 0 1 0 0 53 526 0 1 0 0 49 76 0 1 0 0 65 37 0 1 0 0 72 525 2 25 3 333 51 225 2 25 0 1 67 225 2 175 0 2 59 66 0 2 0 2 67 44 3 667 0 2 62 226 2 175 2 225 71 224 1 5 3 2667 54 45 2 25 2 325 52 65 2 25 2 375 53
4/4 65 3 83 0 0 53 66 1 5 0 0 67 226 1 5 0 0 71 225 2 25 1 5 57 75 3 2667 3 1333 52 225 3 2667 3 1333 52 526 0 1 1 15 62 523 0 1 1 15 60 76 0 1 1 15 65 66 0 1 2 225 62 223 0 1 2 225 52 524 1 5 2 275 61 526 2 125 2 275 67 74 1 5 3 3333 63 224 2 25 2 375 53
4/4 75 3 333 0 0 52 225 3 3833 0 0 52 224 3 417 0 0 53 526 1 35 0 0 67 525 3 667 3 333 62 75 1 5 0 1 68 525 1 5 1 15 57 224 2 25 0 2 54 74 3 667 3 2667 59 524 3 667 2 325 59 526 0 1 2 375 73 223 0 1 2 375 54
4/4 65 0 1 3 333 54 225 0 1 3 333 49 46 0 1 3 333 68 66 0 1 3 333 67 223 3 667 1 5 64 64 3 333 0 1 45 224 2 25 3 1667 47 35 1 5 2 225 48 45 2 125 2 275 48 526 3 667 3 3333 55
4/4 65 0 1 0 0 45 66 1 15 0 0 56 225 1 25 0 0 53 45 3 1417 0 0 48 224 1 5 2 125 44 46 0 1 3 2333 57 65 0 1 3 2333 52 713 3 333 3 3667 43 525 0 1 3 3667 55 36 0 1 3 3667 59
4/4 713 3 167 0 0 43 525 0 1 0 0 55 36 0 1 0 0 59 35 0 1 0 1 39 524 0 1 0 1 44 35 0 1 0 2 49 524 0 1 0 2 47 713 1 5 3 3333 56
4/4 224 0 1 3 667 40 35 0 1 3 667 52 75 0 1 3 667 55 524 2 125 3 667 42 225 0 1 0 2 65 525 0 1 0 2 57 35 0 1 0 3 42 525 0 1 0 3 48 75 0 1 0 3 58 63 1 5 2 325 45 36 2 75 2 325 64
4/4 35 0 1 0 0 42 525 0 1 0 0 48 75 0 1 0 0 58 36 1 35 0 0 64 714 0 1 1 5 41 34 0 1 1 5 46 714 0 1 3 1667 46 34 0 1 3 1667 40 63 1 5 0 3 44
4/4 75 0 1 3 333 47 224 0 1 3 333 46 525 0 1 3 333 48 74 0 1 3 333 40 34 0 1 3 333 38 225 1 5 3 1667 62 45 0 1 2 275 37 525 0 1 2 275 42 75 0 1 2 275 48 33 0 1 0 3 43 36 0 1 0 3 57
4/4 45 0 1 0 0 37 525 0 1 0 0 42 75 0 1 0 0 48 33 2 25 0 0 43 36 0 4 0 0 57 73 3 667 3 333 41 44 2 25 1 15 38 524 2 125 2 275 44
4/4 74 0 1 0 0 42 36 2 25 0 0 57 524 2 75 0 0 44 45 2 25 3 1333 42 525 1 15 1 25 32 37 3 1333 3 2667 33 526 3 1333 3 2667 27
4/4 525 0 4 0 0 32 37 3 3667 0 0 33 526 3 2667 0 0 27 76 1 5 1 35 54
4/4 525 0 1 0 0 32 76 3 1167 0 0 54 226 1 5 0 1 59 37 2 175 2 225 50 714 3 667 2 225 41 36 0 1 1 35 47 225 0 1 1 35 42 525 0 1 1 35 40
4/4 37 3 2917 0 0 50 225 3 333 3 667 40 36 2 225 2 75 48 525 2 75 2 75 39 714 2 75 0 2 48 526 0 1 2 325 38 76 0 1 2 325 48 525 3 667 3 3333 37 225 3 667 3 3333 37
4/4 526 0 1 0 0 38 76 0 1 0 0 48 525 3 1667 0 0 37 225 3 83 0 0 37 226 3 333 3 667 55 36 3 2333 3 1667 29 526 0 1 2 175 35 716 0 1 2 175 43 37 0 2 0 2 43 64 1 5 0 2 30 35 0 1 2 325 39 715 0 1 2 325 39
4/4 36 3 5667 0 0 29 526 0 1 0 0 35 716 0 1 0 0 43 37 3 3667 0 0 43 715 1 5 1 5 38 35 2 125 1 5 38 64 1 5 2 175 41 76 0 1 2 325 45 35 0 1 2 325 38 526 0 1 2 325 30 715 3 667 3 3333 34
4/4 76 0 1 0 0 45 35 0 1 0 0 38 526 0 1 0 0 30 715 3 833 0 0 34 226 1 5 0 1 45 36 0 1 0 3 24 66 2 75 2 325 31 76 0 1 2 325 35 37 0 1 2 325 44 33 3 667 3 3333 41
4/4 36 2 425 0 0 24 66 0 6 0 0 31 76 0 1 0 0 35 37 0 1 0 0 44 33 3 833 0 0 41 73 1 5 1 5 36 34 2 25 2 125 44 64 2 75 2 175 44 74 1 5 3 2333 44 35 2 25 0 3 48 65 3 333 3 3667 44
4/4 65 3 7667 0 0 44 75 3 3667 3 333 43 36 2 25 0 1 44 46 0 2 0 2 45 66 0 1 0 3 29
4/4 75 3 3667 0 0 43 46 2 75 0 0 45 66 0 1 0 0 29 76 1 5 3 333 31 37 3 333 3 3333 19
