4/4 74 0 1 2 25 49 35 0 1 0 1 67 45 2 75 3 1667 72 34 0 1 3 2333 43 73 0 1 3 2333 53 525 3 1667 3 2333 59
4/4 34 0 1 0 0 43 73 0 1 0 0 53 525 3 667 0 0 59 45 0 1 3 667 62 525 0 1 1 15 70 75 3 333 0 3 67
4/4 74 0 1 3 333 26 224 0 1 3 333 33 43 0 1 3 333 32 223 0 1 1 5 30 224 0 1 1 5 33 44 0 1 1 5 32 44 0 1 1 5 46
4/4 74 0 1 0 0 26 224 0 1 0 0 33 43 0 1 0 0 32 223 0 1 0 0 30 224 0 1 0 0 33 44 0 1 0 0 32 44 0 1 0 0 46 74 3 333 2 125 70 74 2 25 0 2 74 34 3 1333 3 2667 44 74 2 125 2 275 49 713 2 125 2 275 40 35 0 1 0 3 57
4/4 34 3 667 0 0 44 74 3 1083 0 0 49 713 1 35 0 0 40 35 2 75 0 0 57 224 0 1 0 1 59 35 1 15 0 2 63 525 2 25 1 35 67
4/4 224 0 1 0 1 43 524 0 1 0 1 35 43 0 1 0 1 41 73 0 3 0 1 39
4/4 224 0 1 0 0 43 524 0 1 0 0 35 43 0 1 0 0 41 73 3 2333 0 0 39 74 3 333 0 2 65 714 0 1 1 35 58 523 0 1 1 35 45 63 0 1 1 35 40 33 0 1 1 35 38
4/4 714 0 1 0 0 58 523 0 1 0 0 45 63 0 1 0 0 40 33 0 1 0 0 38 74 0 1 3 1667 57 714 1 5 3 2333 71 525 2 25 2 375 67
4/4 525 3 83 0 0 67 64 3 2333 3 1333 47 74 0 1 3 1333 52 522 0 1 3 1333 41 23 3 1667 3 1333 38
4/4 74 0 1 0 0 52 522 0 1 0 0 41 34 1 25 2 25 38 525 2 25 0 1 61 525 2 25 3 1667 73 525 3 333 3 2333 78 34 0 1 0 3 36 42 0 1 0 3 36 614 0 1 0 3 39 14 2 75 2 325 49 45 3 667 3 3333 62
4/4 34 0 1 0 0 36 42 0 1 0 0 36 614 3 3667 0 0 39 14 3 583 0 0 49 45 3 2083 0 0 62 14 3 333 3 1333 49 14 2 175 0 2 56 45 1 5 1 35 54
4/4 44 0 1 2 125 35 72 0 1 2 125 39 35 0 1 2 125 37 44 0 1 2 125 40 14 2 275 2 125 37
4/4 44 0 1 0 0 35 72 0 1 0 0 39 35 0 1 0 0 37 44 0 1 0 0 40 14 2 25 0 0 37 24 3 1333 3 333 31 35 3 333 2 225 63 45 3 333 0 3 77 74 3 333 3 3667 47
4/4 525 0 2 0 0 62 33 0 1 0 0 44 74 3 2417 0 0 47 73 2 75 0 1 47 44 2 75 3 1667 58 45 0 1 3 2333 77 72 0 1 3 2333 59 525 0 1 0 3 88 523 0 1 0 3 58 73 3 333 3 3667 52
4/4 73 3 333 0 0 52 33 0 1 2 25 56 74 0 1 2 25 77 73 3 333 2 75 52 74 0 1 0 1 54 223 0 1 0 1 64 45 0 2 3 1333 64 222 2 75 1 15 54 73 1 5 2 225 48 44 1 5 2 275 49 524 1 5 1 35 44
4/4 524 2 175 0 0 44 74 0 1 1 5 37 224 0 1 1 5 44 224 3 333 2 275 70 34 3 667 3 3333 46 74 0 1 1 35 54 34 0 1 1 35 62 712 1 5 1 35 53
4/4 34 3 1083 0 0 46 74 0 1 0 0 54 34 0 1 0 0 62 712 1 5 0 0 53 523 2 75 3 333 55 223 2 75 0 1 59 523 2 75 3 1667 61 224 1 5 3 1667 73 74 2 25 3 1667 43 35 0 1 2 225 74 524 2 175 2 225 74 34 1 5 2 225 49 523 3 667 0 3 56 712 1 5 1 35 57 525 3 333 1 35 71
4/4 712 2 25 0 0 57 523 3 667 2 25 50 524 0 1 1 5 50 63 0 1 1 5 48 224 2 325 2 75 64 72 3 667 0 1 52 523 1 5 1 15 48 223 2 175 2 225 43 524 0 1 0 3 45 73 2 25 2 375 38
4/4 223 1 15 0 0 43 524 2 175 0 0 45 224 0 2 0 0 64 73 1 15 0 0 38 34 0 1 2 275 48 523 0 1 2 275 52 62 0 1 0 3 50 713 0 1 0 3 67 33 3 333 3 3667 57
4/4 73 1 5 3 333 64 525 3 333 0 1 85 713 2 125 0 1 61 45 1 15 1 15 84 524 3 667 3 1667 64 34 2 75 2 225 54 63 2 75 2 275 44 525 3 333 1 35 78
4/4 74 1 15 2 25 56 224 0 1 3 333 62 45 0 1 3 333 68 32 0 1 3 333 64 64 0 1 3 333 68 72 1 5 0 1 46 65 1 5 3 1333 72 33 3 333 3 1667 58 75 1 5 3 2333 70 523 2 75 3 2333 53 525 0 1 0 3 71 73 0 1 0 3 54 74 0 1 0 3 68 44 2 25 2 375 50
4/4 525 0 1 0 0 71 73 2 25 0 0 54 74 1 5 0 0 68 524 1 5 1 5 50 74 2 25 0 1 55 63 2 225 2 175 38 524 0 1 2 175 43 73 0 1 2 175 53 714 3 1667 0 2 51 525 3 667 2 225 57 45 2 75 2 275 65 35 1 5 1 35 67
4/4 63 3 417 0 0 38 35 0 1 0 1 47 44 0 1 0 1 48 73 0 1 0 1 44 43 0 1 0 1 37 74 0 1 0 1 47 74 3 333 1 25 39 34 2 25 2 375 28
4/4 64 3 3667 0 0 37 74 0 4 0 0 45 34 2 275 0 0 28 35 2 375 2 25 48 32 2 75 2 25 37 72 3 667 0 1 43 33 2 25 1 15 57 63 0 1 2 225 54 73 0 1 0 3 54 34 2 25 2 375 48
4/4 34 2 75 0 0 48 74 3 667 0 0 45 35 1 65 0 0 48 73 1 15 0 0 54 44 0 1 1 5 51 64 3 333 1 15 50 73 2 125 2 275 26 524 0 1 2 275 28 33 0 1 2 275 29 33 0 1 0 3 23
4/4 73 0 4 0 0 26 524 0 1 0 0 28 33 0 1 0 0 29 33 0 4 0 0 23
4/4 35 0 1 0 0 67 73 3 1083 0 0 26 33 2 75 0 0 23 45 2 75 2 75 74 525 3 2333 1 15 73 33 3 667 1 15 55 524 0 1 0 3 44 72 0 1 0 3 45 45 2 25 2 375 77
4/4 45 1 5 0 0 77 524 0 1 1 5 64 524 0 1 1 5 84 73 2 75 1 5 48 75 3 2333 2 125 87 74 0 2 3 1667 58 45 2 225 2 175 72 222 1 5 2 175 55 73 2 75 2 325 38 44 3 667 3 3333 37
4/4 45 3 83 0 0 72 73 2 125 0 0 38 44 3 833 0 0 37 74 1 5 0 1 51 34 0 1 3 2333 44 711 0 1 3 2333 47 74 2 125 1 25 49 35 3 1333 3 2667 57
4/4 34 0 1 0 0 55 522 0 1 0 0 52 35 3 167 0 0 57 224 1 5 3 667 78 34 0 1 2 125 63 35 0 1 2 125 72 524 0 1 2 125 80 522 0 1 2 125 58 525 2 25 0 2 78 224 3 1333 3 2667 64 524 3 1333 3 2667 56 72 1 5 3 2667 52
4/4 223 0 1 0 0 41 523 0 1 0 0 43 43 0 1 0 0 38 224 3 2167 0 0 64 74 2 25 1 25 62 34 0 1 0 3 41 523 0 1 0 3 44 714 3 667 3 3333 54 62 1 5 1 35 43
4/4 34 0 1 0 0 41 523 0 1 0 0 44 714 3 833 0 0 54 62 3 167 0 0 43 713 0 1 2 75 46 32 0 1 2 75 49 74 1 5 1 15 80 713 0 1 0 2 68 713 0 1 0 2 78 33 0 1 2 225 54 525 2 25 2 275 84 23 1 5 1 35 53 522 3 333 3 3667 53 74 3 333 3 3667 70
4/4 23 3 1167 0 0 53 522 3 333 0 0 53 74 3 2167 0 0 70 34 2 75 2 125 46 33 0 1 2 125 43 72 0 1 2 125 36 525 3 333 0 3 81
4/4 44 0 1 0 0 40 613 0 1 0 0 45 14 0 1 2 25 54 44 0 1 2 25 62 42 2 75 3 333 50 12 3 667 0 1 64 613 2 25 3 1667 77 14 0 1 2 225 84 12 0 1 2 225 74 14 0 1 0 3 80 44 0 1 0 3 77 613 0 1 0 3 76 13 0 1 1 35 72 44 0 1 1 35 84
4/4 35 0 2 2 25 77 45 2 175 2 25 77 74 0 1 2 25 70 43 0 1 2 25 72 72 2 75 2 25 70 43 1 5 0 1 61 24 0 1 1 15 77 22 0 1 1 15 67 73 0 1 2 225 74 44 2 25 0 3 74 35 2 75 0 3 96 45 3 333 3 3667 87 72 3 333 3 3667 72
4/4 45 3 167 0 0 87 72 3 417 0 0 72 74 0 1 2 25 68 34 0 1 2 25 70 32 2 75 3 333 77 525 3 1333 1 5 81 72 1 5 2 125 67 523 2 25 2 175 71 73 0 1 1 25 65 44 0 1 1 25 87 524 0 1 0 3 64 525 0 1 0 3 88 73 0 1 0 3 77 75 2 25 2 375 87
4/4 74 0 1 2 25 60 224 0 1 2 25 71 44 0 1 2 25 68 221 0 1 3 333 70 44 0 1 3 333 68 222 2 25 0 1 69 46 0 1 2 175 65 45 0 1 2 175 64 222 0 1 2 175 44 75 1 15 2 175 64 44 0 1 2 175 58 222 0 1 2 175 44 225 0 1 2 325 57 45 0 1 2 325 49 223 0 1 2 325 42 43 0 1 2 325 37 74 0 1 2 325 39 43 0 1 2 325 37
4/4 35 0 1 1 5 53 524 0 1 1 5 58 75 0 1 2 75 63 711 0 1 2 75 59 35 0 1 2 75 72 522 1 5 1 15 62 33 1 5 2 225 74 523 3 667 2 275 66 224 3 333 2 275 88 35 0 1 1 35 77 34 0 1 1 35 70 524 0 1 1 35 84 72 0 1 1 35 62
4/4 525 2 25 0 0 84 223 0 1 3 667 57 524 0 1 3 667 64 71 0 1 3 667 74 224 0 1 3 667 76 63 0 1 3 667 63 72 1 5 1 15 62 225 0 1 0 2 71 224 0 1 0 2 68 222 0 1 0 2 51 524 0 1 0 2 65 523 1 5 2 275 56 75 0 1 1 35 58 223 0 1 1 35 54 223 2 25 1 35 45
4/4 75 0 1 0 0 58 223 0 1 0 0 54 34 2 25 3 333 62 714 0 1 2 75 54 34 0 1 2 75 52 525 0 1 0 1 62 62 0 1 0 1 57 714 0 1 0 1 70 33 3 333 3 1667 68 73 1 5 3 2333 74 525 0 1 0 3 92 713 0 1 0 3 62 525 0 1 0 3 83 524 3 333 3 3667 71 46 0 1 3 3667 84 44 0 1 3 3667 80
4/4 524 3 333 0 0 71 525 0 1 3 333 88 525 0 1 3 333 87 65 0 1 2 75 55 225 0 1 2 75 76 46 0 1 2 75 72 32 0 1 2 75 74 65 0 1 2 75 75 72 3 333 3 1667 61 523 2 25 2 225 51 76 2 75 0 3 61 73 2 25 0 3 52 526 0 1 3 3667 60 75 0 1 3 3667 51 43 0 1 3 3667 39
4/4 526 0 1 0 0 60 75 0 1 0 0 51 43 0 1 0 0 39 524 2 25 1 5 51 63 0 1 2 125 55 34 0 1 2 125 44 714 0 1 2 125 38 524 0 1 2 125 53 715 2 125 1 15 55 526 3 667 3 1667 67 46 1 5 3 2333 68 36 2 75 0 3 74
4/4 73 0 1 1 5 32 44 0 1 1 5 38 23 0 1 1 5 46 45 0 1 3 667 44 45 0 1 3 667 57 75 2 25 1 15 70 35 0 2 0 2 42 65 0 1 2 225 39 75 0 1 2 225 46 35 0 1 2 225 56 33 0 1 3 2333 45 73 3 667 0 3 49 34 2 25 3 3667 54
4/4 35 0 1 0 0 42 65 0 1 0 0 39 75 0 1 0 0 46 35 0 1 0 0 56 64 0 1 3 333 48 74 2 75 0 1 46 65 0 1 2 175 46 44 0 1 2 175 43 35 0 1 2 275 33 34 0 1 2 275 28 74 0 1 2 275 30 524 0 1 2 275 37
4/4 35 0 1 0 0 33 34 0 1 0 0 28 74 0 1 0 0 30 524 0 1 0 0 37 64 0 1 2 275 38 224 0 1 2 275 45 524 0 1 2 275 57 44 0 1 0 3 39 524 0 1 0 3 57 65 2 25 2 375 74
4/4 65 3 417 0 0 74 74 0 1 3 333 42 223 0 1 3 333 45 525 0 1 3 667 48 74 0 1 3 667 59 522 0 1 3 667 41 222 3 667 3 1667 55 73 1 5 3 2333 67 223 0 1 0 3 62 65 3 333 0 3 77 74 3 333 3 3667 74 75 3 333 3 3667 87
4/4 223 1 5 0 0 62 74 3 333 0 0 74 524 0 1 2 25 64 224 0 1 2 25 88 224 0 1 2 75 71 64 0 1 2 75 68 43 2 75 0 1 70 223 2 75 1 15 69 64 3 667 2 225 74 223 2 75 2 275 61 224 0 1 3 3333 73 43 0 1 3 3333 61
4/4 223 3 667 0 0 66 74 0 1 3 333 59 223 0 1 3 333 67 525 1 15 3 667 84 33 2 75 3 667 67 73 3 667 3 1333 68 524 1 5 0 2 77 73 2 75 1 25 63 45 3 333 1 25 87 525 0 1 2 325 88 74 0 1 2 325 72 43 0 1 2 325 65 73 0 1 2 375 64 74 0 1 2 375 80
4/4 64 0 1 3 333 57 224 0 1 3 333 65 44 0 1 3 333 74 72 2 75 1 5 61 43 3 667 2 125 66 223 3 667 2 175 71 43 2 25 3 2333 68 224 0 1 0 3 76 73 0 1 0 3 72 43 0 1 0 3 70 43 2 25 3 3667 74
4/4 34 0 1 2 25 53 524 0 1 2 25 55 74 0 1 2 25 64 34 0 1 2 25 72 712 2 75 1 5 71 523 0 1 2 125 54 44 0 1 2 125 72 525 0 1 2 175 84 33 0 1 2 175 55 64 2 125 3 2333 74 712 0 1 0 3 71 45 0 1 0 3 80 223 0 1 0 3 73 65 3 333 3 3667 80 63 2 25 3 3667 61
4/4 74 0 1 0 0 68 224 0 1 0 0 67 524 0 1 0 0 84 65 3 167 0 0 80 72 2 75 2 25 72 523 3 667 0 1 64 223 3 333 1 15 69 523 2 75 2 225 63 224 2 25 2 225 81 224 0 1 2 275 84 523 0 1 2 275 74 73 2 75 2 275 64 523 2 25 1 35 71 714 0 1 2 375 68 34 0 1 2 375 54
4/4 525 0 1 0 0 70 715 0 1 0 0 81 61 0 1 0 0 64 714 0 1 0 0 68 34 0 1 0 0 54 33 3 667 2 75 64 713 2 25 3 1333 57 75 1 5 3 1333 68 714 0 1 0 2 64 33 0 1 0 2 54 524 2 25 3 2667 48 65 0 1 3 2667 64 34 0 1 3 2667 59 525 3 333 3 3333 64 74 0 1 3 3667 54 34 0 1 3 3667 48
4/4 45 0 3 0 0 59 72 3 667 0 0 52 75 0 4 0 0 64 74 0 1 0 0 54 34 0 1 0 0 48 43 1 5 3 667 51 73 2 25 2 125 49 34 2 75 0 2 49 35 0 1 1 25 46 43 0 1 1 25 42 14 2 25 2 325 48
4/4 74 0 1 0 0 39 23 0 1 0 0 47 73 0 1 0 0 38 43 0 1 0 0 35 75 2 75 0 0 64 75 0 1 1 15 32 75 0 1 1 15 52 75 3 667 3 3333 77
4/4 75 0 3 0 0 77 525 1 15 0 1 47 36 0 2 0 1 50 34 0 1 0 1 38 74 3 333 2 175 51 45 1 5 3 2333 68 525 2 25 0 3 73 45 0 1 1 35 47 44 0 1 1 35 30 224 0 1 1 35 39 64 0 1 1 35 51 225 2 25 2 375 57
4/4 225 3 83 0 0 57 524 2 275 2 125 37 224 2 275 2 125 44 75 0 1 2 125 49 65 0 1 0 2 43 525 2 125 2 275 45
4/4 524 1 15 0 0 37 224 2 75 0 0 44 525 1 5 0 0 45 525 1 5 3 1333 81 223 2 225 2 175 58 64 0 2 0 2 59 224 0 1 0 2 53 45 0 1 0 2 65 64 0 1 0 2 74 525 1 5 1 35 67
4/4 65 1 5 0 0 67 224 0 1 0 0 70 64 0 1 0 0 59 223 3 417 0 0 58 525 3 167 0 0 67 225 1 5 1 15 70 224 0 1 0 2 47 525 0 1 0 2 65 74 0 1 0 2 64 523 2 75 2 225 62 223 1 5 2 275 58 74 1 5 1 35 70
4/4 74 2 25 0 0 70 224 2 25 2 25 88 73 0 1 1 5 68 63 0 1 1 5 77 24 0 1 2 75 70 45 0 1 2 75 77 74 0 1 2 75 87 45 3 1333 0 2 53 525 0 1 0 2 62 74 0 1 0 2 70 33 2 75 2 225 70 36 1 15 2 225 74 73 2 75 2 275 53 524 2 25 1 35 58
4/4 35 2 25 0 0 60 224 0 1 3 667 53 45 0 1 3 667 52 43 0 1 3 667 58 65 0 1 3 667 59 224 0 1 3 667 71 223 2 25 3 1333 51 224 2 225 2 175 44 525 0 1 0 2 46 523 0 1 0 2 58 74 0 1 0 2 58 223 1 5 2 275 51 65 2 75 2 275 57 74 1 5 1 35 50 525 1 5 1 35 58
4/4 64 2 75 0 0 47 224 2 75 0 0 44 74 3 167 0 0 50 525 3 833 0 0 58 524 3 667 2 75 43 525 1 5 3 1333 61 224 0 1 0 2 36 222 0 1 0 2 28 45 0 2 0 2 47 64 0 2 0 2 38 65 2 125 2 225 47 525 1 5 1 35 46
4/4 224 0 1 0 0 36 222 0 1 0 0 28 45 2 25 0 0 47 64 2 75 0 0 38 525 2 25 0 0 46 65 1 5 2 25 48 45 2 25 1 15 49 35 2 175 2 225 62 713 2 175 2 225 51 34 3 667 0 3 46 524 1 5 1 35 49
4/4 35 2 475 0 0 62 713 2 25 0 0 51 34 2 75 2 25 53 524 3 667 2 75 55 34 3 667 3 1333 57 713 3 1333 0 2 55 34 2 75 3 2667 41 74 2 75 2 325 59
4/4 34 3 667 0 0 44 74 3 917 0 0 59 224 2 125 1 5 59 524 1 5 1 5 41 34 1 5 2 125 40 35 2 225 2 175 58 714 2 225 2 175 51 63 0 2 0 2 43 713 2 75 1 25 45 34 2 75 2 325 45 713 2 25 2 375 44
4/4 35 2 475 0 0 58 714 3 2417 0 0 51 63 2 125 0 0 43 713 1 5 0 0 44 34 3 667 1 5 39 713 2 75 0 1 47 63 2 225 2 175 45 713 2 75 1 25 45 74 2 75 2 325 54 34 2 75 2 325 37 713 2 25 2 375 43
4/4 63 2 125 0 0 45 74 3 917 0 0 54 713 3 417 0 0 43 224 0 1 3 667 52 33 0 1 3 667 36 713 2 25 3 1333 41 34 0 2 0 2 35 64 0 1 0 2 38 73 0 1 0 2 45 35 3 1667 3 2333 44 32 0 1 3 2333 45 72 1 5 2 325 40 33 2 25 2 375 51
4/4 34 1 5 0 0 35 64 0 1 0 0 38 73 0 1 0 0 45 35 3 1833 0 0 44 63 2 75 2 25 48 73 0 3 0 1 48 34 1 25 1 15 52 44 2 75 0 2 54 64 2 75 3 2667 48 74 3 667 3 3333 47
4/4 64 2 75 0 0 41 73 2 125 0 0 48 34 2 75 0 0 52 74 3 333 0 0 47 44 2 75 2 75 36 64 2 25 1 15 38 524 3 1667 3 2333 39 73 1 15 1 25 29 33 1 15 1 25 29
4/4 524 3 2083 0 0 39 73 0 3 0 0 29 33 1 25 0 0 29
4/4 35 0 1 0 0 74 45 2 75 2 125 74 74 0 1 0 2 38 34 0 1 0 2 49 525 3 1667 3 2333 54 33 0 1 3 2333 46 73 3 667 0 3 49 524 3 333 3 3667 66
4/4 74 0 1 0 0 38 34 0 1 0 0 49 525 3 833 0 0 54 524 3 167 0 0 66 73 3 667 2 25 58 44 3 667 2 75 72 73 0 1 3 1333 70 44 0 1 3 1333 80 74 0 1 2 175 72 34 0 1 2 175 49 32 3 667 0 2 68 525 0 2 0 2 78 72 1 5 1 25 59 523 2 25 0 3 63 73 2 25 2 375 74
4/4 73 2 25 0 0 74 74 0 1 0 0 72 34 0 1 0 0 49 525 2 25 0 0 78 34 2 25 2 25 74 44 0 1 2 75 67 74 0 1 2 75 77 74 0 1 2 125 58 224 0 1 2 125 73 44 0 1 2 125 74 222 3 667 1 15 71 73 3 667 0 2 62 44 1 5 3 2667 64 73 3 667 2 325 68 223 2 25 2 375 77
4/4 74 0 1 0 0 58 224 0 1 0 0 73 44 0 1 0 0 74 223 2 25 0 0 77 73 2 25 2 25 58 221 3 667 2 75 70 222 2 25 3 1333 59 43 1 5 0 2 62 73 1 5 1 25 56 223 3 333 2 325 54 224 0 1 3 3667 73 43 0 1 3 3667 64
4/4 34 0 1 0 0 54 711 0 1 0 0 63 524 0 1 2 25 54 74 0 1 2 25 67 34 0 1 2 25 68 523 1 5 2 75 59 34 1 5 1 15 65 523 1 5 0 2 74 223 1 5 1 25 77 523 2 25 0 3 66 224 3 333 2 325 76 524 0 1 1 35 61 73 0 1 1 35 52 35 2 25 2 375 74 711 2 25 2 375 66
4/4 35 3 2083 0 0 74 524 0 1 0 0 61 73 0 1 0 0 52 711 3 417 0 0 66 522 1 5 3 333 59 33 1 5 0 1 64 523 1 5 1 15 56 73 3 333 0 2 54 525 1 5 3 2667 71 34 2 25 3 2667 54 524 0 1 2 325 55 74 0 1 2 325 63 71 0 1 2 325 62 224 3 667 3 3333 67
4/4 523 1 5 0 0 59 224 3 333 0 0 67 73 1 5 1 5 61 224 0 1 0 1 61 222 0 1 0 1 61 525 0 1 3 1667 61 523 0 1 3 1667 57 64 0 1 2 225 57 64 0 1 2 225 57 225 0 1 2 275 56 73 0 1 2 275 65 223 0 1 2 275 61 524 2 25 2 275 63 65 3 667 3 3333 62 72 2 25 2 375 51 525 2 25 2 375 65
4/4 72 2 175 0 0 51 525 2 25 0 0 65 224 2 25 1 5 50 64 2 75 0 1 57 524 2 25 2 175 50 713 0 1 2 225 62 61 0 1 2 225 61 524 3 1667 3 2333 59 714 3 1667 3 2333 76 33 3 667 0 3 63 713 1 5 1 35 71
4/4 33 3 667 0 0 62 524 3 833 0 0 59 714 3 83 0 0 76 713 3 333 3 667 77 74 0 1 0 1 87 32 0 1 0 1 52 23 1 15 1 15 67 524 0 1 1 15 52 713 0 1 1 15 78 62 3 667 2 175 61 22 3 667 3 2333 57 713 1 5 0 3 51 22 1 5 1 35 47
4/4 713 3 333 0 0 48 22 3 167 0 0 47 525 2 25 3 667 73 23 3 1333 1 15 52 74 2 175 1 15 61 522 2 75 1 15 50 22 3 1333 2 225 51 73 3 667 2 275 52 23 2 75 2 325 53
4/4 524 3 667 0 0 50 23 1 5 0 0 53 74 2 175 1 5 57 34 0 1 2 125 43 33 0 1 2 125 37 521 0 1 2 125 33 525 2 25 2 325 88 525 2 25 2 375 81
4/4 525 2 25 3 333 84 614 0 1 2 75 52 14 0 1 2 75 68 44 0 1 2 75 67 42 2 75 0 1 66 12 1 5 1 15 67 43 3 667 0 2 72 613 0 1 1 25 74 13 3 333 0 3 74 14 2 25 3 3667 84
4/4 612 3 667 2 25 59 14 0 1 2 25 80 44 0 1 2 25 74 613 0 1 2 25 70 523 2 175 2 75 59 13 2 125 3 1333 65 44 2 75 0 2 65 614 2 25 1 25 65 45 3 333 0 3 65 72 3 333 3 3667 65 44 3 333 3 3667 68 35 3 333 3 3667 65 45 3 333 3 3667 68 74 3 333 3 3667 68
4/4 72 3 333 0 0 65 44 3 917 0 0 68 35 3 3333 0 0 65 45 3 4667 0 0 68 74 3 1667 0 0 68 43 1 5 2 25 52 13 2 25 2 75 52 34 3 667 3 1333 53 44 3 667 0 2 39 74 3 1333 3 2667 50 44 0 1 3 3333 30 72 0 1 3 3333 31 24 3 667 3 3333 44
4/4 74 3 667 0 0 50 44 0 1 0 0 30 72 0 1 0 0 31 24 3 667 0 0 44 75 0 1 1 15 56 73 0 1 1 15 53 35 0 1 0 2 74 35 0 1 0 2 74 46 0 1 3 2667 74 44 0 1 3 2667 77 525 0 1 2 325 76 525 0 1 2 325 66 33 2 25 2 325 59 524 0 1 2 375 54 72 0 1 2 375 44
4/4 525 0 1 0 0 76 525 0 1 0 0 66 524 0 1 1 5 69 72 0 1 1 5 56 524 0 1 0 1 69 72 0 1 0 1 55 524 0 1 3 1667 77 72 0 1 3 1667 51 73 0 1 0 2 41 45 0 1 0 2 77 45 0 1 0 2 72 525 0 1 2 275 67 225 0 1 2 275 64 526 0 1 2 275 71 74 0 1 2 275 62 33 3 333 2 275 67 524 0 1 3 3333 62 72 0 1 3 3333 53
4/4 73 0 1 0 0 63 523 0 1 0 0 77 524 0 1 1 5 71 72 0 1 1 5 55 524 0 1 0 1 74 72 0 1 0 1 58 76 2 225 1 15 78 75 3 2333 3 1667 84 222 3 333 2 225 68 46 2 175 2 225 72 44 0 1 2 275 53 72 0 1 2 275 51 73 0 1 3 3333 53 43 0 1 3 3333 64
4/4 44 0 1 0 0 70 72 0 1 0 0 65 75 3 333 0 0 84 44 3 333 1 5 74 73 2 75 1 5 67 45 3 1333 0 1 84 222 2 25 3 1667 62 36 3 667 3 1667 74 44 0 1 2 225 52 225 0 1 2 225 61 72 0 1 2 225 48 73 0 1 2 275 58 75 0 1 2 275 59 43 0 1 2 275 47 45 0 1 3 3333 52 73 0 1 3 3333 43 43 0 1 3 3333 42
4/4 44 0 1 0 0 52 72 0 1 0 0 43 35 3 667 0 0 53 224 3 333 3 667 55 34 0 1 0 1 50 711 0 1 0 1 63 74 0 1 0 1 65 34 0 1 0 1 72 523 2 25 2 175 61 34 0 1 1 25 60 522 0 1 1 25 63 523 0 1 0 3 72 33 0 1 0 3 64 34 2 25 3 3667 72 523 3 333 3 3667 72
4/4 523 3 167 0 0 72 224 3 333 2 25 84 64 0 1 3 667 65 74 0 1 3 667 72 34 0 1 3 667 80 712 3 333 2 75 71 63 0 1 3 1333 44 33 0 1 3 1333 50 34 0 1 0 2 56 62 0 1 0 2 62 63 0 1 3 2667 56 33 0 1 3 2667 51 34 0 1 2 325 56 62 0 1 2 325 47 525 2 25 2 375 78
4/4 224 0 1 3 333 78 523 0 1 3 333 71 72 3 333 3 333 58 523 0 1 0 1 52 222 0 1 0 1 49 223 0 1 1 15 57 522 0 1 1 15 58 223 0 1 2 225 63 522 0 1 2 225 63 223 1 5 2 275 66 523 0 1 2 275 62 225 3 667 2 325 84 65 2 25 2 375 70 72 2 25 2 375 58
4/4 65 3 417 0 0 70 523 0 1 3 333 56 222 0 1 3 333 49 525 3 667 3 333 57 224 0 1 0 1 59 223 0 1 0 1 54 522 0 1 0 1 51 64 3 667 3 1667 64 223 0 1 3 1667 53 522 0 1 3 1667 40 524 0 1 2 225 59 71 0 1 2 225 48 223 3 333 0 3 45 713 0 1 3 3333 62 34 0 1 3 3333 52 61 0 1 3 3333 64 524 0 1 1 35 68 61 0 1 1 35 64 714 1 5 1 35 76
4/4 714 2 175 0 0 76 713 0 1 2 25 51 32 0 1 2 25 46 713 0 1 2 75 66 32 0 1 2 75 56 713 0 1 3 1333 71 32 0 1 3 1333 55 713 3 333 0 2 77 33 2 75 0 2 55 525 0 1 1 25 84 713 0 1 1 25 78 45 0 1 0 3 85 63 0 1 0 3 77 62 3 333 0 3 66 713 0 1 3 3667 64 32 0 1 3 3667 52
4/4 45 0 1 0 0 85 63 0 1 0 0 77 713 0 1 2 25 74 32 0 1 2 25 55 713 0 1 2 75 71 32 0 1 2 75 67 713 0 1 1 15 77 32 0 1 1 15 61 714 0 1 0 2 84 524 0 1 0 2 84 74 0 1 1 25 67 44 0 1 1 25 80 224 0 1 3 2667 71 45 0 1 3 2667 80 64 0 1 3 2667 77 32 2 25 3 2667 66 34 0 1 2 325 62 523 0 1 2 325 61 72 0 1 2 325 53 34 0 1 2 375 74 523 0 1 2 375 71 72 0 1 2 375 62
4/4 74 0 1 0 0 67 44 0 1 0 0 80 224 0 1 0 0 71 45 0 1 0 0 80 64 0 1 0 0 77 523 0 1 3 333 71 34 0 1 3 333 72 72 0 1 3 333 64 34 0 1 0 1 84 523 0 1 0 1 71 72 0 1 0 1 65 75 0 1 1 15 77 223 0 1 1 15 78 32 2 25 0 2 71 525 0 1 2 225 88 73 0 1 2 225 77 523 0 1 2 275 59 71 0 1 2 275 50 523 0 1 3 3333 69 71 0 1 3 3333 57
4/4 523 0 1 0 0 64 71 0 1 0 0 59 525 0 1 0 0 88 73 0 1 0 0 77 523 0 1 1 5 71 71 0 1 1 5 59 64 0 1 1 15 55 714 0 1 1 15 50 34 0 1 1 15 70 62 3 667 2 175 68 525 2 75 2 175 73 33 2 25 2 225 52 73 1 5 2 275 56 45 0 1 1 35 70 712 0 1 1 35 46
4/4 35 3 667 0 0 70 34 2 25 0 0 49 45 0 1 0 0 70 712 0 1 0 0 46 64 2 25 3 667 49 44 0 1 0 1 52 44 0 1 0 1 63 74 0 2 2 125 59 72 1 5 2 125 52 43 2 25 0 2 46 73 2 25 1 25 46 34 2 75 0 3 52 74 0 1 3 3667 57 22 0 1 3 3667 46
4/4 34 0 1 3 667 57 34 0 1 3 667 72 64 0 1 2 75 60 74 0 1 2 75 72 34 0 1 2 75 72 32 3 667 0 1 62 72 1 5 1 15 51 33 3 333 0 2 61 63 2 75 3 2667 61 73 1 5 2 325 64 34 2 25 2 375 70
4/4 34 3 417 0 0 70 64 2 75 3 333 65 74 2 125 0 1 64 35 3 667 1 15 67 74 2 75 0 2 58 64 1 5 2 275 57 74 1 5 1 35 48
4/4 74 1 25 0 0 48 524 0 1 2 25 51 73 0 1 2 25 38 32 0 1 2 25 35 64 1 5 1 35 53 224 0 1 3 3667 65 524 0 1 3 3667 78 43 2 25 2 375 61
4/4 224 0 1 0 0 65 524 0 1 0 0 78 43 3 417 0 0 61 223 1 5 3 333 62 64 2 75 0 1 74 524 0 1 1 15 69 65 0 1 2 225 74 44 1 5 2 225 63 64 2 25 0 3 51 74 2 25 3 3667 70 74 0 1 2 375 42 223 0 1 2 375 51
4/4 525 0 1 0 0 64 74 0 1 0 0 63 522 2 75 0 0 54 74 0 1 0 0 42 223 0 1 0 0 51 222 1 5 2 75 55 73 1 5 1 15 57 223 3 1333 0 2 69 44 3 667 1 25 72 65 0 1 0 3 84 523 0 1 0 3 61 74 0 1 1 35 65 224 0 1 1 35 59 74 0 1 1 35 80 523 2 25 2 375 71
4/4 74 0 1 0 0 65 224 0 1 0 0 59 74 0 1 0 0 80 523 3 417 0 0 71 223 2 75 2 25 59 524 3 1333 2 75 61 64 2 25 3 1333 54 74 2 25 0 2 60 225 1 15 1 25 78 224 0 1 0 3 62 525 0 1 0 3 59 64 0 1 0 3 56 222 3 667 2 325 54 63 2 25 2 375 52
4/4 225 2 425 0 0 78 224 0 2 0 0 62 525 0 1 0 0 59 64 0 1 0 0 56 63 3 417 0 0 52 223 1 5 3 333 56 34 1 5 0 1 49 524 1 25 1 15 46 64 0 2 0 2 43 224 0 1 2 275 41 43 0 1 2 275 39
4/4 524 2 25 0 0 46 64 2 25 0 0 43 224 0 1 0 0 41 43 0 1 0 0 39 224 2 25 1 5 68 224 2 25 2 125 81 224 2 25 2 175 76 74 0 1 2 225 58 223 0 1 2 225 53 525 1 15 1 25 70 33 2 75 1 25 57 73 1 5 2 325 59 44 2 25 2 375 70
4/4 44 3 417 0 0 70 524 3 333 3 333 71 74 2 25 0 1 71 224 0 1 1 15 71 45 0 1 1 15 77 526 0 2 0 2 85 75 0 2 0 2 70 34 3 667 0 2 72 524 3 667 3 2667 68 74 1 5 2 325 67 45 2 25 2 375 65
4/4 526 2 25 0 0 85 75 2 75 0 0 70 45 2 25 0 0 65 525 2 25 1 5 73 76 2 25 0 1 78 65 0 1 1 15 59 225 0 1 1 15 59 45 0 1 1 15 72 72 3 667 3 1667 64 43 1 5 2 225 54 223 2 25 2 275 59 44 1 5 3 3333 55
4/4 64 0 1 0 0 51 65 0 1 0 0 59 225 0 1 0 0 59 45 0 1 0 0 72 224 2 25 1 5 55 225 0 1 0 1 59 44 0 1 0 1 58 224 1 15 3 2333 46 75 3 333 3 2333 49 45 0 1 3 3667 48 63 0 1 3 3667 41
4/4 524 0 1 1 5 56 73 0 1 1 5 51 712 0 1 2 75 61 34 0 1 2 75 64 45 2 25 1 15 80 34 0 1 0 2 63 523 0 1 0 2 57 72 0 1 0 2 58 525 2 175 0 2 89 74 1 15 0 2 76 34 0 1 2 325 72 73 0 1 2 325 62 522 0 1 2 325 59 74 2 25 2 375 84
4/4 64 0 1 2 25 72 224 0 1 2 25 78 712 0 1 2 25 71 44 0 1 2 25 77 525 3 333 0 1 92 44 0 1 3 1667 61 63 0 1 3 1667 56 222 0 1 3 1667 55 224 0 1 3 1667 70 64 0 1 3 1667 74 64 0 1 3 1667 74 44 0 1 2 275 74 63 0 1 2 275 65 222 0 1 2 275 63 524 0 1 2 375 64 223 0 1 2 375 61
4/4 525 3 2333 0 0 76 72 1 5 0 0 74 524 0 1 0 0 64 223 0 1 0 0 61 523 0 1 2 125 61 222 0 1 2 125 58 223 0 1 1 25 69 522 0 1 1 25 68 224 2 25 0 3 81 224 3 333 3 3667 78 524 3 333 3 3667 64 32 3 333 3 3667 66
4/4 224 3 2333 0 0 78 524 3 1917 0 0 64 32 3 333 0 0 66 72 1 5 2 25 58 523 2 25 2 75 77 73 3 333 3 1333 70 44 2 25 0 2 78 524 2 25 1 25 78 714 0 1 2 325 78 35 0 1 2 325 68 524 0 1 2 325 64 715 2 75 2 325 78 62 2 75 2 325 81 33 2 25 2 375 65
4/4 714 0 1 0 0 78 35 0 1 0 0 68 524 0 1 0 0 64 715 2 25 0 0 78 33 3 83 0 0 65 73 3 667 3 333 77 713 1 5 0 1 71 34 0 1 1 15 74 35 0 1 1 15 77 74 0 1 1 15 80 714 0 1 1 15 88 35 0 1 1 15 77 74 0 1 1 15 80 524 2 25 0 2 80 65 0 1 3 2667 72 713 0 1 3 2667 81 62 0 1 3 2667 85 35 3 1333 3 2667 65 33 1 5 2 325 67 73 2 25 2 375 80
4/4 65 0 1 0 0 72 713 0 1 0 0 81 73 1 5 0 0 80 713 1 5 3 333 68 34 0 1 0 1 72 74 0 1 0 1 77 525 0 1 0 1 88 713 0 1 0 1 81 524 2 25 1 15 80 74 0 2 0 2 70 35 0 2 0 2 63 45 0 1 0 2 72 74 0 1 0 2 80 72 2 75 2 225 77 43 1 5 3 2667 72 73 1 5 2 325 69 34 2 25 2 375 70
4/4 74 3 333 0 0 70 35 0 1 0 0 63 45 0 1 0 0 72 74 0 1 0 0 80 34 1 5 0 0 70 44 1 35 1 5 70 74 2 75 0 1 67 35 2 75 1 15 72 14 3 333 0 2 56 75 2 75 2 275 68 35 2 25 3 3333 54
4/4 36 2 75 0 0 62 75 0 3 1 5 57 45 0 2 0 1 54 72 2 75 0 1 57 25 3 2333 0 1 62 43 1 5 3 1667 52 73 2 25 2 225 55 23 1 5 2 275 46 44 1 5 1 35 47
4/4 74 2 25 0 0 47 75 0 1 2 75 35 24 0 1 2 75 41 75 0 1 2 75 39
4/4 75 0 1 2 25 55 75 0 1 2 25 70 36 0 1 3 1667 40 36 0 1 3 1667 60 34 3 333 2 175 38 525 0 1 0 3 46 73 0 1 0 3 45
4/4 36 0 1 0 0 40 36 0 1 0 0 60 525 0 1 2 25 53 73 0 1 2 25 45 226 0 1 2 125 63 224 0 1 2 125 61 44 2 25 3 1333 43 65 0 1 1 25 46 223 0 1 1 25 43 65 0 1 3 3667 57 223 0 1 3 3667 46
4/4 75 0 1 1 5 36 224 0 1 1 5 40 524 0 1 2 75 40 75 0 1 2 75 52 66 2 75 3 1333 52 526 0 2 0 2 62 224 0 1 0 2 42 74 0 1 0 2 44 75 1 5 0 3 54 224 0 1 0 3 48
4/4 526 2 325 0 0 62 74 1 5 3 333 50 224 0 1 3 1667 33 524 0 1 3 1667 36 75 0 1 3 1667 36 526 1 5 1 35 79
4/4 66 2 325 0 0 70 223 1 5 0 0 52 45 0 1 3 1333 49 63 0 1 3 1333 48 45 0 1 1 25 60 63 0 1 1 25 50 526 1 5 0 3 67 65 0 1 1 35 53 225 0 1 1 35 59 65 0 1 1 35 63 223 3 333 3 3667 54
4/4 65 0 1 0 0 53 225 0 1 0 0 59 65 0 1 0 0 63 224 0 1 2 75 40 63 0 1 2 75 40 45 0 1 0 1 38 225 0 1 0 2 53 225 0 1 0 2 54 75 0 1 0 3 45 224 0 1 0 3 50 76 3 667 3 3333 55 523 3 333 3 3333 51
4/4 75 0 1 0 0 45 224 0 1 0 0 50 76 3 1583 0 0 55 74 1 5 1 5 54 223 3 1667 1 5 48 526 0 1 3 1667 62 523 0 1 3 1667 42 66 2 25 2 225 57 75 0 1 2 275 41 75 0 1 2 275 56 36 0 1 2 275 51 63 0 1 2 275 40 73 2 125 2 275 43
4/4 75 0 1 0 0 41 75 0 1 0 0 56 73 2 175 0 0 43 74 0 1 2 25 35 44 0 1 2 25 38 25 0 1 2 25 41 45 0 1 2 25 48 75 1 5 1 15 87 45 0 1 2 225 53 524 0 1 2 225 49 75 0 1 1 25 65 35 0 1 1 25 72 33 1 5 1 25 59 73 1 5 2 325 51 44 2 25 2 375 57
4/4 45 0 1 0 0 53 524 0 1 0 0 49 75 0 1 0 0 65 35 0 1 0 0 72 524 2 25 3 333 51 224 2 25 0 1 67 224 2 175 0 2 59 65 0 2 0 2 67 43 3 667 0 2 62 225 2 175 2 225 71 223 1 5 3 2667 54 44 2 25 2 325 52 64 2 25 2 375 53
4/4 64 3 83 0 0 53 65 1 5 0 0 67 225 1 5 0 0 71 224 2 25 1 5 57 74 3 2667 3 1333 52 224 3 2667 3 1333 52 525 0 1 1 15 62 522 0 1 1 15 60 74 0 1 1 15 65 65 0 1 2 225 62 221 0 1 2 225 52 523 1 5 2 275 61 525 2 125 2 275 67 73 1 5 3 3333 63 223 2 25 2 375 53
4/4 74 3 333 0 0 52 224 3 3833 0 0 52 223 3 417 0 0 53 525 1 35 0 0 67 524 3 667 3 333 62 74 1 5 0 1 68 524 1 5 1 15 57 223 2 25 0 2 54 73 3 667 3 2667 59 523 3 667 2 325 59 525 0 1 2 375 73 221 0 1 2 375 54
4/4 64 0 1 3 333 54 224 0 1 3 333 49 45 0 1 3 333 68 64 0 1 3 333 67 222 3 667 1 5 64 63 3 333 0 1 45 223 2 25 3 1667 47 34 1 5 2 225 48 44 2 125 2 275 48 525 3 667 3 3333 55
4/4 64 0 1 0 0 45 65 1 15 0 0 56 224 1 25 0 0 53 44 3 1417 0 0 48 223 1 5 2 125 44 45 0 1 3 2333 57 63 0 1 3 2333 52 712 3 333 3 3667 43 524 0 1 3 3667 55 34 0 1 3 3667 59
4/4 712 3 167 0 0 43 524 0 1 0 0 55 34 0 1 0 0 59 34 0 1 0 1 39 522 0 1 0 1 44 34 0 1 0 2 49 522 0 1 0 2 47 712 1 5 3 3333 56
4/4 223 0 1 3 667 40 34 0 1 3 667 52 73 0 1 3 667 55 523 2 125 3 667 42 224 0 1 0 2 65 523 0 1 0 2 57 34 0 1 0 3 42 524 0 1 0 3 48 73 0 1 0 3 58 62 1 5 2 325 45 35 2 75 2 325 64
4/4 34 0 1 0 0 42 524 0 1 0 0 48 73 0 1 0 0 58 35 1 35 0 0 64 713 0 1 1 5 41 32 0 1 1 5 46 713 0 1 3 1667 46 32 0 1 3 1667 40 62 1 5 0 3 44
4/4 74 0 1 3 333 47 223 0 1 3 333 46 523 0 1 3 333 48 73 0 1 3 333 40 32 0 1 3 333 38 224 1 5 3 1667 62 44 0 1 2 275 37 524 0 1 2 275 42 73 0 1 2 275 48 32 0 1 0 3 43 35 0 1 0 3 57
4/4 44 0 1 0 0 37 524 0 1 0 0 42 73 0 1 0 0 48 32 2 25 0 0 43 35 0 4 0 0 57 72 3 667 3 333 41 43 2 25 1 15 38 523 2 125 2 275 44
4/4 73 0 1 0 0 42 35 2 25 0 0 57 523 2 75 0 0 44 44 2 25 3 1333 42 524 1 15 1 25 32 36 3 1333 3 2667 33 525 3 1333 3 2667 27
4/4 524 0 4 0 0 32 36 3 3667 0 0 33 525 3 2667 0 0 27 75 1 5 1 35 54
4/4 524 0 1 0 0 32 75 3 1167 0 0 54 225 1 5 0 1 59 36 2 175 2 225 50 713 3 667 2 225 41 35 0 1 1 35 47 224 0 1 1 35 42 523 0 1 1 35 40
4/4 36 3 2917 0 0 50 224 3 333 3 667 40 35 2 225 2 75 48 524 2 75 2 75 39 713 2 75 0 2 48 525 0 1 2 325 38 74 0 1 2 325 48 524 3 667 3 3333 37 224 3 667 3 3333 37
4/4 525 0 1 0 0 38 74 0 1 0 0 48 524 3 1667 0 0 37 224 3 83 0 0 37 225 3 333 3 667 55 35 3 2333 3 1667 29 525 0 1 2 175 35 714 0 1 2 175 43 36 0 2 0 2 43 63 1 5 0 2 30 34 0 1 2 325 39 713 0 1 2 325 39
4/4 35 3 5667 0 0 29 525 0 1 0 0 35 714 0 1 0 0 43 36 3 3667 0 0 43 714 1 5 1 5 38 34 2 125 1 5 38 63 1 5 2 175 41 75 0 1 2 325 45 34 0 1 2 325 38 524 0 1 2 325 30 714 3 667 3 3333 34
4/4 75 0 1 0 0 45 34 0 1 0 0 38 524 0 1 0 0 30 714 3 833 0 0 34 225 1 5 0 1 45 35 0 1 0 3 24 65 2 75 2 325 31 75 0 1 2 325 35 35 0 1 2 325 44 32 3 667 3 3333 41
4/4 35 2 425 0 0 24 65 0 6 0 0 31 75 0 1 0 0 35 35 0 1 0 0 44 32 3 833 0 0 41 72 1 5 1 5 36 33 2 25 2 125 44 63 2 75 2 175 44 73 1 5 3 2333 44 34 2 25 0 3 48 64 3 333 3 3667 44
4/4 64 3 7667 0 0 44 74 3 3667 3 333 43 35 2 25 0 1 44 45 0 2 0 2 45 65 0 1 0 3 29
4/4 74 3 3667 0 0 43 45 2 75 0 0 45 65 0 1 0 0 29 75 1 5 3 333 31 36 3 333 3 3333 19
