4/4 73 0 1 2 25 49 34 0 1 0 1 67 44 2 75 3 1667 72 33 0 1 3 2333 43 73 0 1 3 2333 53 524 3 1667 3 2333 59
4/4 33 0 1 0 0 43 73 0 1 0 0 53 524 3 667 0 0 59 44 0 1 3 667 62 524 0 1 1 15 70 74 3 333 0 3 67
4/4 73 0 1 3 333 26 223 0 1 3 333 33 43 0 1 3 333 32 222 0 1 1 5 30 223 0 1 1 5 33 43 0 1 1 5 32 44 0 1 1 5 46
4/4 73 0 1 0 0 26 223 0 1 0 0 33 43 0 1 0 0 32 222 0 1 0 0 30 223 0 1 0 0 33 43 0 1 0 0 32 44 0 1 0 0 46 73 3 333 2 125 70 73 2 25 0 2 74 33 3 1333 3 2667 44 73 2 125 2 275 49 712 2 125 2 275 40 34 0 1 0 3 57
4/4 33 3 667 0 0 44 73 3 1083 0 0 49 712 1 35 0 0 40 34 2 75 0 0 57 223 0 1 0 1 59 34 1 15 0 2 63 524 2 25 1 35 67
4/4 223 0 1 0 1 43 523 0 1 0 1 35 43 0 1 0 1 41 72 0 3 0 1 39
4/4 223 0 1 0 0 43 523 0 1 0 0 35 43 0 1 0 0 41 72 3 2333 0 0 39 73 3 333 0 2 65 713 0 1 1 35 58 523 0 1 1 35 45 62 0 1 1 35 40 33 0 1 1 35 38
4/4 713 0 1 0 0 58 523 0 1 0 0 45 62 0 1 0 0 40 33 0 1 0 0 38 73 0 1 3 1667 57 713 1 5 3 2333 71 524 2 25 2 375 67
4/4 524 3 83 0 0 67 63 3 2333 3 1333 47 73 0 1 3 1333 52 522 0 1 3 1333 41 22 3 1667 3 1333 38
4/4 73 0 1 0 0 52 522 0 1 0 0 41 33 1 25 2 25 38 524 2 25 0 1 61 524 2 25 3 1667 73 524 3 333 3 2333 78 33 0 1 0 3 36 42 0 1 0 3 36 613 0 1 0 3 39 13 2 75 2 325 49 44 3 667 3 3333 62
4/4 33 0 1 0 0 36 42 0 1 0 0 36 613 3 3667 0 0 39 13 3 583 0 0 49 44 3 2083 0 0 62 13 3 333 3 1333 49 13 2 175 0 2 56 44 1 5 1 35 54
4/4 43 0 1 2 125 35 72 0 1 2 125 39 34 0 1 2 125 37 44 0 1 2 125 40 13 2 275 2 125 37
4/4 43 0 1 0 0 35 72 0 1 0 0 39 34 0 1 0 0 37 44 0 1 0 0 40 13 2 25 0 0 37 23 3 1333 3 333 31 34 3 333 2 225 63 44 3 333 0 3 77 73 3 333 3 3667 47
4/4 524 0 2 0 0 62 32 0 1 0 0 44 73 3 2417 0 0 47 72 2 75 0 1 47 43 2 75 3 1667 58 44 0 1 3 2333 77 72 0 1 3 2333 59 524 0 1 0 3 88 523 0 1 0 3 58 72 3 333 3 3667 52
4/4 72 3 333 0 0 52 32 0 1 2 25 56 74 0 1 2 25 77 72 3 333 2 75 52 73 0 1 0 1 54 223 0 1 0 1 64 44 0 2 3 1333 64 221 2 75 1 15 54 72 1 5 2 225 48 43 1 5 2 275 49 523 1 5 1 35 44
4/4 523 2 175 0 0 44 73 0 1 1 5 37 224 0 1 1 5 44 223 3 333 2 275 70 33 3 667 3 3333 46 73 0 1 1 35 54 34 0 1 1 35 62 711 1 5 1 35 53
4/4 33 3 1083 0 0 46 73 0 1 0 0 54 34 0 1 0 0 62 711 1 5 0 0 53 522 2 75 3 333 55 222 2 75 0 1 59 522 2 75 3 1667 61 223 1 5 3 1667 73 73 2 25 3 1667 43 34 0 1 2 225 74 523 2 175 2 225 74 33 1 5 2 225 49 522 3 667 0 3 56 711 1 5 1 35 57 524 3 333 1 35 71
4/4 711 2 25 0 0 57 522 3 667 2 25 50 523 0 1 1 5 50 63 0 1 1 5 48 223 2 325 2 75 64 71 3 667 0 1 52 522 1 5 1 15 48 222 2 175 2 225 43 523 0 1 0 3 45 72 2 25 2 375 38
4/4 222 1 15 0 0 43 523 2 175 0 0 45 223 0 2 0 0 64 72 1 15 0 0 38 33 0 1 2 275 48 523 0 1 2 275 52 61 0 1 0 3 50 713 0 1 0 3 67 32 3 333 3 3667 57
4/4 72 1 5 3 333 64 524 3 333 0 1 85 712 2 125 0 1 61 44 1 15 1 15 84 523 3 667 3 1667 64 33 2 75 2 225 54 62 2 75 2 275 44 524 3 333 1 35 78
4/4 73 1 15 2 25 56 223 0 1 3 333 62 44 0 1 3 333 68 31 0 1 3 333 64 64 0 1 3 333 68 71 1 5 0 1 46 64 1 5 3 1333 72 32 3 333 3 1667 58 74 1 5 3 2333 70 522 2 75 3 2333 53 524 0 1 0 3 71 72 0 1 0 3 54 73 0 1 0 3 68 43 2 25 2 375 50
4/4 524 0 1 0 0 71 72 2 25 0 0 54 73 1 5 0 0 68 523 1 5 1 5 50 73 2 25 0 1 55 62 2 225 2 175 38 523 0 1 2 175 43 73 0 1 2 175 53 713 3 1667 0 2 51 524 3 667 2 225 57 44 2 75 2 275 65 34 1 5 1 35 67
4/4 62 3 417 0 0 38 34 0 1 0 1 47 44 0 1 0 1 48 72 0 1 0 1 44 43 0 1 0 1 37 73 0 1 0 1 47 73 3 333 1 25 39 33 2 25 2 375 28
4/4 63 3 3667 0 0 37 73 0 4 0 0 45 33 2 275 0 0 28 34 2 375 2 25 48 31 2 75 2 25 37 71 3 667 0 1 43 32 2 25 1 15 57 62 0 1 2 225 54 72 0 1 0 3 54 33 2 25 2 375 48
4/4 33 2 75 0 0 48 73 3 667 0 0 45 34 1 65 0 0 48 72 1 15 0 0 54 43 0 1 1 5 51 63 3 333 1 15 50 72 2 125 2 275 26 523 0 1 2 275 28 33 0 1 2 275 29 32 0 1 0 3 23
4/4 72 0 4 0 0 26 523 0 1 0 0 28 33 0 1 0 0 29 32 0 4 0 0 23
4/4 34 0 1 0 0 67 72 3 1083 0 0 26 32 2 75 0 0 23 44 2 75 2 75 74 524 3 2333 1 15 73 32 3 667 1 15 55 523 0 1 0 3 44 72 0 1 0 3 45 44 2 25 2 375 77
4/4 44 1 5 0 0 77 523 0 1 1 5 64 524 0 1 1 5 84 72 2 75 1 5 48 74 3 2333 2 125 87 73 0 2 3 1667 58 44 2 225 2 175 72 221 1 5 2 175 55 72 2 75 2 325 38 43 3 667 3 3333 37
4/4 44 3 83 0 0 72 72 2 125 0 0 38 43 3 833 0 0 37 73 1 5 0 1 51 33 0 1 3 2333 44 711 0 1 3 2333 47 73 2 125 1 25 49 34 3 1333 3 2667 57
4/4 33 0 1 0 0 55 522 0 1 0 0 52 34 3 167 0 0 57 223 1 5 3 667 78 33 0 1 2 125 63 34 0 1 2 125 72 523 0 1 2 125 80 522 0 1 2 125 58 524 2 25 0 2 78 223 3 1333 3 2667 64 523 3 1333 3 2667 56 71 1 5 3 2667 52
4/4 222 0 1 0 0 41 522 0 1 0 0 43 43 0 1 0 0 38 223 3 2167 0 0 64 73 2 25 1 25 62 33 0 1 0 3 41 523 0 1 0 3 44 713 3 667 3 3333 54 61 1 5 1 35 43
4/4 33 0 1 0 0 41 523 0 1 0 0 44 713 3 833 0 0 54 61 3 167 0 0 43 712 0 1 2 75 46 32 0 1 2 75 49 73 1 5 1 15 80 712 0 1 0 2 68 713 0 1 0 2 78 32 0 1 2 225 54 524 2 25 2 275 84 22 1 5 1 35 53 521 3 333 3 3667 53 73 3 333 3 3667 70
4/4 22 3 1167 0 0 53 521 3 333 0 0 53 73 3 2167 0 0 70 33 2 75 2 125 46 32 0 1 2 125 43 72 0 1 2 125 36 524 3 333 0 3 81
4/4 43 0 1 0 0 40 613 0 1 0 0 45 13 0 1 2 25 54 44 0 1 2 25 62 41 2 75 3 333 50 11 3 667 0 1 64 612 2 25 3 1667 77 13 0 1 2 225 84 12 0 1 2 225 74 13 0 1 0 3 80 43 0 1 0 3 77 613 0 1 0 3 76 12 0 1 1 35 72 44 0 1 1 35 84
4/4 34 0 2 2 25 77 44 2 175 2 25 77 73 0 1 2 25 70 43 0 1 2 25 72 71 2 75 2 25 70 42 1 5 0 1 61 23 0 1 1 15 77 22 0 1 1 15 67 72 0 1 2 225 74 43 2 25 0 3 74 34 2 75 0 3 96 44 3 333 3 3667 87 71 3 333 3 3667 72
4/4 44 3 167 0 0 87 71 3 417 0 0 72 73 0 1 2 25 68 34 0 1 2 25 70 31 2 75 3 333 77 524 3 1333 1 5 81 71 1 5 2 125 67 522 2 25 2 175 71 72 0 1 1 25 65 44 0 1 1 25 87 523 0 1 0 3 64 524 0 1 0 3 88 73 0 1 0 3 77 74 2 25 2 375 87
4/4 73 0 1 2 25 60 223 0 1 2 25 71 44 0 1 2 25 68 221 0 1 3 333 70 44 0 1 3 333 68 221 2 25 0 1 69 45 0 1 2 175 65 44 0 1 2 175 64 222 0 1 2 175 44 74 1 15 2 175 64 43 0 1 2 175 58 222 0 1 2 175 44 224 0 1 2 325 57 44 0 1 2 325 49 222 0 1 2 325 42 43 0 1 2 325 37 73 0 1 2 325 39 43 0 1 2 325 37
4/4 34 0 1 1 5 53 524 0 1 1 5 58 74 0 1 2 75 63 711 0 1 2 75 59 35 0 1 2 75 72 521 1 5 1 15 62 32 1 5 2 225 74 522 3 667 2 275 66 223 3 333 2 275 88 34 0 1 1 35 77 33 0 1 1 35 70 523 0 1 1 35 84 72 0 1 1 35 62
4/4 524 2 25 0 0 84 222 0 1 3 667 57 523 0 1 3 667 64 71 0 1 3 667 74 223 0 1 3 667 76 63 0 1 3 667 63 71 1 5 1 15 62 224 0 1 0 2 71 223 0 1 0 2 68 221 0 1 0 2 51 524 0 1 0 2 65 522 1 5 2 275 56 74 0 1 1 35 58 223 0 1 1 35 54 222 2 25 1 35 45
4/4 74 0 1 0 0 58 223 0 1 0 0 54 33 2 25 3 333 62 713 0 1 2 75 54 34 0 1 2 75 52 524 0 1 0 1 62 61 0 1 0 1 57 714 0 1 0 1 70 32 3 333 3 1667 68 72 1 5 3 2333 74 524 0 1 0 3 92 712 0 1 0 3 62 525 0 1 0 3 83 523 3 333 3 3667 71 45 0 1 3 3667 84 44 0 1 3 3667 80
4/4 523 3 333 0 0 71 524 0 1 3 333 88 525 0 1 3 333 87 64 0 1 2 75 55 224 0 1 2 75 76 45 0 1 2 75 72 31 0 1 2 75 74 65 0 1 2 75 75 71 3 333 3 1667 61 522 2 25 2 225 51 75 2 75 0 3 61 72 2 25 0 3 52 525 0 1 3 3667 60 74 0 1 3 3667 51 43 0 1 3 3667 39
4/4 525 0 1 0 0 60 74 0 1 0 0 51 43 0 1 0 0 39 523 2 25 1 5 51 62 0 1 2 125 55 33 0 1 2 125 44 713 0 1 2 125 38 524 0 1 2 125 53 714 2 125 1 15 55 525 3 667 3 1667 67 45 1 5 3 2333 68 35 2 75 0 3 74
4/4 72 0 1 1 5 32 43 0 1 1 5 38 23 0 1 1 5 46 44 0 1 3 667 44 45 0 1 3 667 57 74 2 25 1 15 70 34 0 2 0 2 42 64 0 1 2 225 39 74 0 1 2 225 46 35 0 1 2 225 56 32 0 1 3 2333 45 72 3 667 0 3 49 33 2 25 3 3667 54
4/4 34 0 1 0 0 42 64 0 1 0 0 39 74 0 1 0 0 46 35 0 1 0 0 56 63 0 1 3 333 48 73 2 75 0 1 46 64 0 1 2 175 46 44 0 1 2 175 43 34 0 1 2 275 33 33 0 1 2 275 28 73 0 1 2 275 30 524 0 1 2 275 37
4/4 34 0 1 0 0 33 33 0 1 0 0 28 73 0 1 0 0 30 524 0 1 0 0 37 63 0 1 2 275 38 223 0 1 2 275 45 524 0 1 2 275 57 43 0 1 0 3 39 524 0 1 0 3 57 64 2 25 2 375 74
4/4 64 3 417 0 0 74 73 0 1 3 333 42 223 0 1 3 333 45 524 0 1 3 667 48 74 0 1 3 667 59 521 0 1 3 667 41 221 3 667 3 1667 55 72 1 5 3 2333 67 222 0 1 0 3 62 64 3 333 0 3 77 73 3 333 3 3667 74 74 3 333 3 3667 87
4/4 222 1 5 0 0 62 73 3 333 0 0 74 523 0 1 2 25 64 224 0 1 2 25 88 223 0 1 2 75 71 64 0 1 2 75 68 42 2 75 0 1 70 222 2 75 1 15 69 63 3 667 2 225 74 222 2 75 2 275 61 223 0 1 3 3333 73 43 0 1 3 3333 61
4/4 222 3 667 0 0 66 73 0 1 3 333 59 223 0 1 3 333 67 524 1 15 3 667 84 32 2 75 3 667 67 72 3 667 3 1333 68 523 1 5 0 2 77 72 2 75 1 25 63 44 3 333 1 25 87 524 0 1 2 325 88 73 0 1 2 325 72 43 0 1 2 325 65 72 0 1 2 375 64 74 0 1 2 375 80
4/4 63 0 1 3 333 57 223 0 1 3 333 65 44 0 1 3 333 74 71 2 75 1 5 61 42 3 667 2 125 66 222 3 667 2 175 71 42 2 25 3 2333 68 223 0 1 0 3 76 72 0 1 0 3 72 43 0 1 0 3 70 42 2 25 3 3667 74
4/4 33 0 1 2 25 53 523 0 1 2 25 55 73 0 1 2 25 64 34 0 1 2 25 72 711 2 75 1 5 71 522 0 1 2 125 54 44 0 1 2 125 72 524 0 1 2 175 84 33 0 1 2 175 55 63 2 125 3 2333 74 711 0 1 0 3 71 44 0 1 0 3 80 223 0 1 0 3 73 64 3 333 3 3667 80 62 2 25 3 3667 61
4/4 73 0 1 0 0 68 223 0 1 0 0 67 524 0 1 0 0 84 64 3 167 0 0 80 71 2 75 2 25 72 522 3 667 0 1 64 222 3 333 1 15 69 522 2 75 2 225 63 223 2 25 2 225 81 223 0 1 2 275 84 523 0 1 2 275 74 72 2 75 2 275 64 522 2 25 1 35 71 713 0 1 2 375 68 34 0 1 2 375 54
4/4 524 0 1 0 0 70 714 0 1 0 0 81 61 0 1 0 0 64 713 0 1 0 0 68 34 0 1 0 0 54 32 3 667 2 75 64 712 2 25 3 1333 57 74 1 5 3 1333 68 713 0 1 0 2 64 33 0 1 0 2 54 523 2 25 3 2667 48 64 0 1 3 2667 64 34 0 1 3 2667 59 524 3 333 3 3333 64 73 0 1 3 3667 54 34 0 1 3 3667 48
4/4 44 0 3 0 0 59 71 3 667 0 0 52 74 0 4 0 0 64 73 0 1 0 0 54 34 0 1 0 0 48 42 1 5 3 667 51 72 2 25 2 125 49 33 2 75 0 2 49 34 0 1 1 25 46 43 0 1 1 25 42 13 2 25 2 325 48
4/4 73 0 1 0 0 39 23 0 1 0 0 47 72 0 1 0 0 38 43 0 1 0 0 35 74 2 75 0 0 64 74 0 1 1 15 32 75 0 1 1 15 52 74 3 667 3 3333 77
4/4 74 0 3 0 0 77 524 1 15 0 1 47 35 0 2 0 1 50 33 0 1 0 1 38 73 3 333 2 175 51 44 1 5 3 2333 68 524 2 25 0 3 73 44 0 1 1 35 47 43 0 1 1 35 30 223 0 1 1 35 39 64 0 1 1 35 51 224 2 25 2 375 57
4/4 224 3 83 0 0 57 523 2 275 2 125 37 223 2 275 2 125 44 74 0 1 2 125 49 64 0 1 0 2 43 524 2 125 2 275 45
4/4 523 1 15 0 0 37 223 2 75 0 0 44 524 1 5 0 0 45 524 1 5 3 1333 81 222 2 225 2 175 58 63 0 2 0 2 59 223 0 1 0 2 53 44 0 1 0 2 65 64 0 1 0 2 74 524 1 5 1 35 67
4/4 64 1 5 0 0 67 223 0 1 0 0 70 63 0 1 0 0 59 222 3 417 0 0 58 524 3 167 0 0 67 224 1 5 1 15 70 223 0 1 0 2 47 524 0 1 0 2 65 74 0 1 0 2 64 522 2 75 2 225 62 222 1 5 2 275 58 73 1 5 1 35 70
4/4 73 2 25 0 0 70 223 2 25 2 25 88 72 0 1 1 5 68 63 0 1 1 5 77 23 0 1 2 75 70 44 0 1 2 75 77 74 0 1 2 75 87 44 3 1333 0 2 53 524 0 1 0 2 62 74 0 1 0 2 70 32 2 75 2 225 70 35 1 15 2 225 74 72 2 75 2 275 53 523 2 25 1 35 58
4/4 34 2 25 0 0 60 223 0 1 3 667 53 44 0 1 3 667 52 42 0 1 3 667 58 64 0 1 3 667 59 224 0 1 3 667 71 222 2 25 3 1333 51 223 2 225 2 175 44 524 0 1 0 2 46 522 0 1 0 2 58 74 0 1 0 2 58 222 1 5 2 275 51 64 2 75 2 275 57 73 1 5 1 35 50 524 1 5 1 35 58
4/4 63 2 75 0 0 47 223 2 75 0 0 44 73 3 167 0 0 50 524 3 833 0 0 58 523 3 667 2 75 43 524 1 5 3 1333 61 223 0 1 0 2 36 222 0 1 0 2 28 44 0 2 0 2 47 63 0 2 0 2 38 64 2 125 2 225 47 524 1 5 1 35 46
4/4 223 0 1 0 0 36 222 0 1 0 0 28 44 2 25 0 0 47 63 2 75 0 0 38 524 2 25 0 0 46 64 1 5 2 25 48 44 2 25 1 15 49 34 2 175 2 225 62 712 2 175 2 225 51 33 3 667 0 3 46 523 1 5 1 35 49
4/4 34 2 475 0 0 62 712 2 25 0 0 51 33 2 75 2 25 53 523 3 667 2 75 55 33 3 667 3 1333 57 712 3 1333 0 2 55 33 2 75 3 2667 41 73 2 75 2 325 59
4/4 33 3 667 0 0 44 73 3 917 0 0 59 223 2 125 1 5 59 523 1 5 1 5 41 33 1 5 2 125 40 34 2 225 2 175 58 713 2 225 2 175 51 62 0 2 0 2 43 712 2 75 1 25 45 33 2 75 2 325 45 712 2 25 2 375 44
4/4 34 2 475 0 0 58 713 3 2417 0 0 51 62 2 125 0 0 43 712 1 5 0 0 44 33 3 667 1 5 39 712 2 75 0 1 47 62 2 225 2 175 45 712 2 75 1 25 45 73 2 75 2 325 54 33 2 75 2 325 37 712 2 25 2 375 43
4/4 62 2 125 0 0 45 73 3 917 0 0 54 712 3 417 0 0 43 223 0 1 3 667 52 33 0 1 3 667 36 712 2 25 3 1333 41 33 0 2 0 2 35 63 0 1 0 2 38 73 0 1 0 2 45 34 3 1667 3 2333 44 31 0 1 3 2333 45 71 1 5 2 325 40 32 2 25 2 375 51
4/4 33 1 5 0 0 35 63 0 1 0 0 38 73 0 1 0 0 45 34 3 1833 0 0 44 62 2 75 2 25 48 72 0 3 0 1 48 33 1 25 1 15 52 43 2 75 0 2 54 63 2 75 3 2667 48 73 3 667 3 3333 47
4/4 63 2 75 0 0 41 72 2 125 0 0 48 33 2 75 0 0 52 73 3 333 0 0 47 43 2 75 2 75 36 63 2 25 1 15 38 523 3 1667 3 2333 39 72 1 15 1 25 29 32 1 15 1 25 29
4/4 523 3 2083 0 0 39 72 0 3 0 0 29 32 1 25 0 0 29
4/4 34 0 1 0 0 74 44 2 75 2 125 74 73 0 1 0 2 38 34 0 1 0 2 49 524 3 1667 3 2333 54 32 0 1 3 2333 46 72 3 667 0 3 49 523 3 333 3 3667 66
4/4 73 0 1 0 0 38 34 0 1 0 0 49 524 3 833 0 0 54 523 3 167 0 0 66 72 3 667 2 25 58 43 3 667 2 75 72 72 0 1 3 1333 70 44 0 1 3 1333 80 73 0 1 2 175 72 34 0 1 2 175 49 31 3 667 0 2 68 524 0 2 0 2 78 71 1 5 1 25 59 522 2 25 0 3 63 72 2 25 2 375 74
4/4 72 2 25 0 0 74 73 0 1 0 0 72 34 0 1 0 0 49 524 2 25 0 0 78 33 2 25 2 25 74 43 0 1 2 75 67 74 0 1 2 75 77 73 0 1 2 125 58 223 0 1 2 125 73 44 0 1 2 125 74 221 3 667 1 15 71 72 3 667 0 2 62 43 1 5 3 2667 64 72 3 667 2 325 68 222 2 25 2 375 77
4/4 73 0 1 0 0 58 223 0 1 0 0 73 44 0 1 0 0 74 222 2 25 0 0 77 72 2 25 2 25 58 221 3 667 2 75 70 221 2 25 3 1333 59 42 1 5 0 2 62 72 1 5 1 25 56 222 3 333 2 325 54 223 0 1 3 3667 73 43 0 1 3 3667 64
4/4 33 0 1 0 0 54 711 0 1 0 0 63 523 0 1 2 25 54 73 0 1 2 25 67 34 0 1 2 25 68 522 1 5 2 75 59 33 1 5 1 15 65 522 1 5 0 2 74 222 1 5 1 25 77 522 2 25 0 3 66 223 3 333 2 325 76 523 0 1 1 35 61 73 0 1 1 35 52 34 2 25 2 375 74 711 2 25 2 375 66
4/4 34 3 2083 0 0 74 523 0 1 0 0 61 73 0 1 0 0 52 711 3 417 0 0 66 521 1 5 3 333 59 32 1 5 0 1 64 522 1 5 1 15 56 72 3 333 0 2 54 524 1 5 3 2667 71 33 2 25 3 2667 54 523 0 1 2 325 55 73 0 1 2 325 63 71 0 1 2 325 62 223 3 667 3 3333 67
4/4 522 1 5 0 0 59 223 3 333 0 0 67 72 1 5 1 5 61 223 0 1 0 1 61 222 0 1 0 1 61 524 0 1 3 1667 61 523 0 1 3 1667 57 63 0 1 2 225 57 64 0 1 2 225 57 224 0 1 2 275 56 72 0 1 2 275 65 223 0 1 2 275 61 523 2 25 2 275 63 64 3 667 3 3333 62 71 2 25 2 375 51 524 2 25 2 375 65
4/4 71 2 175 0 0 51 524 2 25 0 0 65 223 2 25 1 5 50 63 2 75 0 1 57 523 2 25 2 175 50 712 0 1 2 225 62 61 0 1 2 225 61 523 3 1667 3 2333 59 713 3 1667 3 2333 76 32 3 667 0 3 63 712 1 5 1 35 71
4/4 32 3 667 0 0 62 523 3 833 0 0 59 713 3 83 0 0 76 712 3 333 3 667 77 73 0 1 0 1 87 32 0 1 0 1 52 22 1 15 1 15 67 523 0 1 1 15 52 713 0 1 1 15 78 61 3 667 2 175 61 21 3 667 3 2333 57 712 1 5 0 3 51 21 1 5 1 35 47
4/4 712 3 333 0 0 48 21 3 167 0 0 47 524 2 25 3 667 73 22 3 1333 1 15 52 73 2 175 1 15 61 521 2 75 1 15 50 21 3 1333 2 225 51 72 3 667 2 275 52 22 2 75 2 325 53
4/4 523 3 667 0 0 50 22 1 5 0 0 53 73 2 175 1 5 57 33 0 1 2 125 43 32 0 1 2 125 37 521 0 1 2 125 33 524 2 25 2 325 88 524 2 25 2 375 81
4/4 524 2 25 3 333 84 613 0 1 2 75 52 13 0 1 2 75 68 44 0 1 2 75 67 41 2 75 0 1 66 11 1 5 1 15 67 42 3 667 0 2 72 612 0 1 1 25 74 12 3 333 0 3 74 13 2 25 3 3667 84
4/4 611 3 667 2 25 59 13 0 1 2 25 80 43 0 1 2 25 74 613 0 1 2 25 70 522 2 175 2 75 59 12 2 125 3 1333 65 43 2 75 0 2 65 613 2 25 1 25 65 44 3 333 0 3 65 71 3 333 3 3667 65 43 3 333 3 3667 68 34 3 333 3 3667 65 44 3 333 3 3667 68 73 3 333 3 3667 68
4/4 71 3 333 0 0 65 43 3 917 0 0 68 34 3 3333 0 0 65 44 3 4667 0 0 68 73 3 1667 0 0 68 42 1 5 2 25 52 12 2 25 2 75 52 33 3 667 3 1333 53 43 3 667 0 2 39 73 3 1333 3 2667 50 43 0 1 3 3333 30 72 0 1 3 3333 31 23 3 667 3 3333 44
4/4 73 3 667 0 0 50 43 0 1 0 0 30 72 0 1 0 0 31 23 3 667 0 0 44 74 0 1 1 15 56 73 0 1 1 15 53 34 0 1 0 2 74 35 0 1 0 2 74 45 0 1 3 2667 74 44 0 1 3 2667 77 524 0 1 2 325 76 525 0 1 2 325 66 32 2 25 2 325 59 523 0 1 2 375 54 72 0 1 2 375 44
4/4 524 0 1 0 0 76 525 0 1 0 0 66 523 0 1 1 5 69 72 0 1 1 5 56 523 0 1 0 1 69 72 0 1 0 1 55 523 0 1 3 1667 77 72 0 1 3 1667 51 72 0 1 0 2 41 44 0 1 0 2 77 45 0 1 0 2 72 524 0 1 2 275 67 224 0 1 2 275 64 525 0 1 2 275 71 74 0 1 2 275 62 32 3 333 2 275 67 523 0 1 3 3333 62 72 0 1 3 3333 53
4/4 72 0 1 0 0 63 523 0 1 0 0 77 523 0 1 1 5 71 72 0 1 1 5 55 523 0 1 0 1 74 72 0 1 0 1 58 75 2 225 1 15 78 74 3 2333 3 1667 84 221 3 333 2 225 68 45 2 175 2 225 72 43 0 1 2 275 53 72 0 1 2 275 51 72 0 1 3 3333 53 43 0 1 3 3333 64
4/4 43 0 1 0 0 70 72 0 1 0 0 65 74 3 333 0 0 84 43 3 333 1 5 74 72 2 75 1 5 67 44 3 1333 0 1 84 221 2 25 3 1667 62 35 3 667 3 1667 74 43 0 1 2 225 52 224 0 1 2 225 61 72 0 1 2 225 48 72 0 1 2 275 58 74 0 1 2 275 59 43 0 1 2 275 47 44 0 1 3 3333 52 72 0 1 3 3333 43 43 0 1 3 3333 42
4/4 43 0 1 0 0 52 72 0 1 0 0 43 34 3 667 0 0 53 223 3 333 3 667 55 33 0 1 0 1 50 711 0 1 0 1 63 73 0 1 0 1 65 34 0 1 0 1 72 522 2 25 2 175 61 33 0 1 1 25 60 522 0 1 1 25 63 522 0 1 0 3 72 33 0 1 0 3 64 33 2 25 3 3667 72 522 3 333 3 3667 72
4/4 522 3 167 0 0 72 223 3 333 2 25 84 63 0 1 3 667 65 73 0 1 3 667 72 34 0 1 3 667 80 711 3 333 2 75 71 62 0 1 3 1333 44 33 0 1 3 1333 50 33 0 1 0 2 56 62 0 1 0 2 62 62 0 1 3 2667 56 33 0 1 3 2667 51 33 0 1 2 325 56 62 0 1 2 325 47 524 2 25 2 375 78
4/4 223 0 1 3 333 78 523 0 1 3 333 71 71 3 333 3 333 58 522 0 1 0 1 52 222 0 1 0 1 49 222 0 1 1 15 57 522 0 1 1 15 58 222 0 1 2 225 63 522 0 1 2 225 63 222 1 5 2 275 66 522 0 1 2 275 62 224 3 667 2 325 84 64 2 25 2 375 70 71 2 25 2 375 58
4/4 64 3 417 0 0 70 522 0 1 3 333 56 222 0 1 3 333 49 524 3 667 3 333 57 223 0 1 0 1 59 222 0 1 0 1 54 522 0 1 0 1 51 63 3 667 3 1667 64 222 0 1 3 1667 53 522 0 1 3 1667 40 523 0 1 2 225 59 71 0 1 2 225 48 222 3 333 0 3 45 712 0 1 3 3333 62 33 0 1 3 3333 52 61 0 1 3 3333 64 523 0 1 1 35 68 61 0 1 1 35 64 713 1 5 1 35 76
4/4 713 2 175 0 0 76 712 0 1 2 25 51 32 0 1 2 25 46 712 0 1 2 75 66 32 0 1 2 75 56 712 0 1 3 1333 71 32 0 1 3 1333 55 712 3 333 0 2 77 32 2 75 0 2 55 524 0 1 1 25 84 713 0 1 1 25 78 44 0 1 0 3 85 63 0 1 0 3 77 61 3 333 0 3 66 712 0 1 3 3667 64 32 0 1 3 3667 52
4/4 44 0 1 0 0 85 63 0 1 0 0 77 712 0 1 2 25 74 32 0 1 2 25 55 712 0 1 2 75 71 32 0 1 2 75 67 712 0 1 1 15 77 32 0 1 1 15 61 713 0 1 0 2 84 524 0 1 0 2 84 73 0 1 1 25 67 44 0 1 1 25 80 223 0 1 3 2667 71 44 0 1 3 2667 80 64 0 1 3 2667 77 31 2 25 3 2667 66 33 0 1 2 325 62 522 0 1 2 325 61 72 0 1 2 325 53 33 0 1 2 375 74 522 0 1 2 375 71 72 0 1 2 375 62
4/4 73 0 1 0 0 67 44 0 1 0 0 80 223 0 1 0 0 71 44 0 1 0 0 80 64 0 1 0 0 77 522 0 1 3 333 71 33 0 1 3 333 72 72 0 1 3 333 64 33 0 1 0 1 84 522 0 1 0 1 71 72 0 1 0 1 65 74 0 1 1 15 77 223 0 1 1 15 78 31 2 25 0 2 71 524 0 1 2 225 88 73 0 1 2 225 77 522 0 1 2 275 59 71 0 1 2 275 50 522 0 1 3 3333 69 71 0 1 3 3333 57
4/4 522 0 1 0 0 64 71 0 1 0 0 59 524 0 1 0 0 88 73 0 1 0 0 77 522 0 1 1 5 71 71 0 1 1 5 59 63 0 1 1 15 55 713 0 1 1 15 50 34 0 1 1 15 70 61 3 667 2 175 68 524 2 75 2 175 73 32 2 25 2 225 52 72 1 5 2 275 56 44 0 1 1 35 70 712 0 1 1 35 46
4/4 34 3 667 0 0 70 33 2 25 0 0 49 44 0 1 0 0 70 712 0 1 0 0 46 63 2 25 3 667 49 43 0 1 0 1 52 44 0 1 0 1 63 73 0 2 2 125 59 71 1 5 2 125 52 42 2 25 0 2 46 72 2 25 1 25 46 33 2 75 0 3 52 73 0 1 3 3667 57 22 0 1 3 3667 46
4/4 33 0 1 3 667 57 34 0 1 3 667 72 63 0 1 2 75 60 73 0 1 2 75 72 34 0 1 2 75 72 31 3 667 0 1 62 71 1 5 1 15 51 32 3 333 0 2 61 62 2 75 3 2667 61 72 1 5 2 325 64 33 2 25 2 375 70
4/4 33 3 417 0 0 70 63 2 75 3 333 65 73 2 125 0 1 64 34 3 667 1 15 67 73 2 75 0 2 58 63 1 5 2 275 57 73 1 5 1 35 48
4/4 73 1 25 0 0 48 523 0 1 2 25 51 72 0 1 2 25 38 32 0 1 2 25 35 63 1 5 1 35 53 223 0 1 3 3667 65 524 0 1 3 3667 78 42 2 25 2 375 61
4/4 223 0 1 0 0 65 524 0 1 0 0 78 42 3 417 0 0 61 222 1 5 3 333 62 63 2 75 0 1 74 523 0 1 1 15 69 64 0 1 2 225 74 43 1 5 2 225 63 63 2 25 0 3 51 73 2 25 3 3667 70 73 0 1 2 375 42 223 0 1 2 375 51
4/4 524 0 1 0 0 64 74 0 1 0 0 63 521 2 75 0 0 54 73 0 1 0 0 42 223 0 1 0 0 51 221 1 5 2 75 55 72 1 5 1 15 57 222 3 1333 0 2 69 43 3 667 1 25 72 64 0 1 0 3 84 523 0 1 0 3 61 73 0 1 1 35 65 223 0 1 1 35 59 74 0 1 1 35 80 522 2 25 2 375 71
4/4 73 0 1 0 0 65 223 0 1 0 0 59 74 0 1 0 0 80 522 3 417 0 0 71 222 2 75 2 25 59 523 3 1333 2 75 61 63 2 25 3 1333 54 73 2 25 0 2 60 224 1 15 1 25 78 223 0 1 0 3 62 524 0 1 0 3 59 64 0 1 0 3 56 221 3 667 2 325 54 62 2 25 2 375 52
4/4 224 2 425 0 0 78 223 0 2 0 0 62 524 0 1 0 0 59 64 0 1 0 0 56 62 3 417 0 0 52 222 1 5 3 333 56 33 1 5 0 1 49 523 1 25 1 15 46 63 0 2 0 2 43 223 0 1 2 275 41 43 0 1 2 275 39
4/4 523 2 25 0 0 46 63 2 25 0 0 43 223 0 1 0 0 41 43 0 1 0 0 39 223 2 25 1 5 68 223 2 25 2 125 81 223 2 25 2 175 76 73 0 1 2 225 58 223 0 1 2 225 53 524 1 15 1 25 70 32 2 75 1 25 57 72 1 5 2 325 59 43 2 25 2 375 70
4/4 43 3 417 0 0 70 523 3 333 3 333 71 73 2 25 0 1 71 223 0 1 1 15 71 45 0 1 1 15 77 525 0 2 0 2 85 74 0 2 0 2 70 33 3 667 0 2 72 523 3 667 3 2667 68 73 1 5 2 325 67 44 2 25 2 375 65
4/4 525 2 25 0 0 85 74 2 75 0 0 70 44 2 25 0 0 65 524 2 25 1 5 73 75 2 25 0 1 78 64 0 1 1 15 59 224 0 1 1 15 59 45 0 1 1 15 72 71 3 667 3 1667 64 42 1 5 2 225 54 222 2 25 2 275 59 43 1 5 3 3333 55
4/4 63 0 1 0 0 51 64 0 1 0 0 59 224 0 1 0 0 59 45 0 1 0 0 72 223 2 25 1 5 55 224 0 1 0 1 59 44 0 1 0 1 58 223 1 15 3 2333 46 74 3 333 3 2333 49 44 0 1 3 3667 48 63 0 1 3 3667 41
4/4 523 0 1 1 5 56 73 0 1 1 5 51 711 0 1 2 75 61 34 0 1 2 75 64 44 2 25 1 15 80 33 0 1 0 2 63 522 0 1 0 2 57 72 0 1 0 2 58 524 2 175 0 2 89 73 1 15 0 2 76 33 0 1 2 325 72 72 0 1 2 325 62 522 0 1 2 325 59 73 2 25 2 375 84
4/4 63 0 1 2 25 72 223 0 1 2 25 78 711 0 1 2 25 71 44 0 1 2 25 77 524 3 333 0 1 92 43 0 1 3 1667 61 62 0 1 3 1667 56 222 0 1 3 1667 55 223 0 1 3 1667 70 63 0 1 3 1667 74 64 0 1 3 1667 74 43 0 1 2 275 74 62 0 1 2 275 65 222 0 1 2 275 63 523 0 1 2 375 64 223 0 1 2 375 61
4/4 524 3 2333 0 0 76 71 1 5 0 0 74 523 0 1 0 0 64 223 0 1 0 0 61 522 0 1 2 125 61 222 0 1 2 125 58 222 0 1 1 25 69 522 0 1 1 25 68 223 2 25 0 3 81 223 3 333 3 3667 78 523 3 333 3 3667 64 31 3 333 3 3667 66
4/4 223 3 2333 0 0 78 523 3 1917 0 0 64 31 3 333 0 0 66 71 1 5 2 25 58 522 2 25 2 75 77 72 3 333 3 1333 70 43 2 25 0 2 78 523 2 25 1 25 78 713 0 1 2 325 78 34 0 1 2 325 68 524 0 1 2 325 64 714 2 75 2 325 78 61 2 75 2 325 81 32 2 25 2 375 65
4/4 713 0 1 0 0 78 34 0 1 0 0 68 524 0 1 0 0 64 714 2 25 0 0 78 32 3 83 0 0 65 72 3 667 3 333 77 712 1 5 0 1 71 33 0 1 1 15 74 34 0 1 1 15 77 74 0 1 1 15 80 713 0 1 1 15 88 34 0 1 1 15 77 74 0 1 1 15 80 523 2 25 0 2 80 64 0 1 3 2667 72 713 0 1 3 2667 81 61 0 1 3 2667 85 34 3 1333 3 2667 65 32 1 5 2 325 67 72 2 25 2 375 80
4/4 64 0 1 0 0 72 713 0 1 0 0 81 72 1 5 0 0 80 712 1 5 3 333 68 33 0 1 0 1 72 73 0 1 0 1 77 524 0 1 0 1 88 713 0 1 0 1 81 523 2 25 1 15 80 73 0 2 0 2 70 34 0 2 0 2 63 44 0 1 0 2 72 74 0 1 0 2 80 71 2 75 2 225 77 42 1 5 3 2667 72 72 1 5 2 325 69 33 2 25 2 375 70
4/4 73 3 333 0 0 70 34 0 1 0 0 63 44 0 1 0 0 72 74 0 1 0 0 80 33 1 5 0 0 70 43 1 35 1 5 70 73 2 75 0 1 67 34 2 75 1 15 72 13 3 333 0 2 56 74 2 75 2 275 68 34 2 25 3 3333 54
4/4 35 2 75 0 0 62 74 0 3 1 5 57 44 0 2 0 1 54 71 2 75 0 1 57 24 3 2333 0 1 62 42 1 5 3 1667 52 72 2 25 2 225 55 22 1 5 2 275 46 43 1 5 1 35 47
4/4 73 2 25 0 0 47 74 0 1 2 75 35 23 0 1 2 75 41 75 0 1 2 75 39
4/4 74 0 1 2 25 55 75 0 1 2 25 70 35 0 1 3 1667 40 36 0 1 3 1667 60 33 3 333 2 175 38 524 0 1 0 3 46 73 0 1 0 3 45
4/4 35 0 1 0 0 40 36 0 1 0 0 60 524 0 1 2 25 53 73 0 1 2 25 45 225 0 1 2 125 63 224 0 1 2 125 61 43 2 25 3 1333 43 64 0 1 1 25 46 223 0 1 1 25 43 64 0 1 3 3667 57 223 0 1 3 3667 46
4/4 74 0 1 1 5 36 224 0 1 1 5 40 523 0 1 2 75 40 75 0 1 2 75 52 65 2 75 3 1333 52 525 0 2 0 2 62 223 0 1 0 2 42 74 0 1 0 2 44 74 1 5 0 3 54 223 0 1 0 3 48
4/4 525 2 325 0 0 62 73 1 5 3 333 50 223 0 1 3 1667 33 524 0 1 3 1667 36 74 0 1 3 1667 36 525 1 5 1 35 79
4/4 65 2 325 0 0 70 222 1 5 0 0 52 44 0 1 3 1333 49 63 0 1 3 1333 48 44 0 1 1 25 60 63 0 1 1 25 50 525 1 5 0 3 67 64 0 1 1 35 53 224 0 1 1 35 59 65 0 1 1 35 63 222 3 333 3 3667 54
4/4 64 0 1 0 0 53 224 0 1 0 0 59 65 0 1 0 0 63 223 0 1 2 75 40 63 0 1 2 75 40 44 0 1 0 1 38 224 0 1 0 2 53 225 0 1 0 2 54 74 0 1 0 3 45 224 0 1 0 3 50 75 3 667 3 3333 55 522 3 333 3 3333 51
4/4 74 0 1 0 0 45 224 0 1 0 0 50 75 3 1583 0 0 55 73 1 5 1 5 54 222 3 1667 1 5 48 525 0 1 3 1667 62 523 0 1 3 1667 42 65 2 25 2 225 57 74 0 1 2 275 41 75 0 1 2 275 56 35 0 1 2 275 51 63 0 1 2 275 40 72 2 125 2 275 43
4/4 74 0 1 0 0 41 75 0 1 0 0 56 72 2 175 0 0 43 73 0 1 2 25 35 44 0 1 2 25 38 24 0 1 2 25 41 45 0 1 2 25 48 74 1 5 1 15 87 44 0 1 2 225 53 524 0 1 2 225 49 74 0 1 1 25 65 35 0 1 1 25 72 32 1 5 1 25 59 72 1 5 2 325 51 43 2 25 2 375 57
4/4 44 0 1 0 0 53 524 0 1 0 0 49 74 0 1 0 0 65 35 0 1 0 0 72 523 2 25 3 333 51 223 2 25 0 1 67 223 2 175 0 2 59 64 0 2 0 2 67 42 3 667 0 2 62 224 2 175 2 225 71 222 1 5 3 2667 54 43 2 25 2 325 52 63 2 25 2 375 53
4/4 63 3 83 0 0 53 64 1 5 0 0 67 224 1 5 0 0 71 223 2 25 1 5 57 73 3 2667 3 1333 52 223 3 2667 3 1333 52 524 0 1 1 15 62 521 0 1 1 15 60 74 0 1 1 15 65 64 0 1 2 225 62 221 0 1 2 225 52 522 1 5 2 275 61 524 2 125 2 275 67 72 1 5 3 3333 63 222 2 25 2 375 53
4/4 73 3 333 0 0 52 223 3 3833 0 0 52 222 3 417 0 0 53 524 1 35 0 0 67 523 3 667 3 333 62 73 1 5 0 1 68 523 1 5 1 15 57 222 2 25 0 2 54 72 3 667 3 2667 59 522 3 667 2 325 59 524 0 1 2 375 73 221 0 1 2 375 54
4/4 63 0 1 3 333 54 223 0 1 3 333 49 44 0 1 3 333 68 64 0 1 3 333 67 221 3 667 1 5 64 62 3 333 0 1 45 222 2 25 3 1667 47 33 1 5 2 225 48 43 2 125 2 275 48 524 3 667 3 3333 55
4/4 63 0 1 0 0 45 64 1 15 0 0 56 223 1 25 0 0 53 43 3 1417 0 0 48 222 1 5 2 125 44 44 0 1 3 2333 57 63 0 1 3 2333 52 711 3 333 3 3667 43 523 0 1 3 3667 55 34 0 1 3 3667 59
4/4 711 3 167 0 0 43 523 0 1 0 0 55 34 0 1 0 0 59 33 0 1 0 1 39 522 0 1 0 1 44 33 0 1 0 2 49 522 0 1 0 2 47 711 1 5 3 3333 56
4/4 222 0 1 3 667 40 33 0 1 3 667 52 73 0 1 3 667 55 522 2 125 3 667 42 223 0 1 0 2 65 523 0 1 0 2 57 33 0 1 0 3 42 523 0 1 0 3 48 73 0 1 0 3 58 61 1 5 2 325 45 34 2 75 2 325 64
4/4 33 0 1 0 0 42 523 0 1 0 0 48 73 0 1 0 0 58 34 1 35 0 0 64 712 0 1 1 5 41 32 0 1 1 5 46 712 0 1 3 1667 46 32 0 1 3 1667 40 61 1 5 0 3 44
4/4 73 0 1 3 333 47 222 0 1 3 333 46 523 0 1 3 333 48 72 0 1 3 333 40 32 0 1 3 333 38 223 1 5 3 1667 62 43 0 1 2 275 37 523 0 1 2 275 42 73 0 1 2 275 48 31 0 1 0 3 43 34 0 1 0 3 57
4/4 43 0 1 0 0 37 523 0 1 0 0 42 73 0 1 0 0 48 31 2 25 0 0 43 34 0 4 0 0 57 71 3 667 3 333 41 42 2 25 1 15 38 522 2 125 2 275 44
4/4 72 0 1 0 0 42 34 2 25 0 0 57 522 2 75 0 0 44 43 2 25 3 1333 42 523 1 15 1 25 32 35 3 1333 3 2667 33 524 3 1333 3 2667 27
4/4 523 0 4 0 0 32 35 3 3667 0 0 33 524 3 2667 0 0 27 74 1 5 1 35 54
4/4 523 0 1 0 0 32 74 3 1167 0 0 54 224 1 5 0 1 59 35 2 175 2 225 50 712 3 667 2 225 41 34 0 1 1 35 47 223 0 1 1 35 42 523 0 1 1 35 40
4/4 35 3 2917 0 0 50 223 3 333 3 667 40 34 2 225 2 75 48 523 2 75 2 75 39 712 2 75 0 2 48 524 0 1 2 325 38 74 0 1 2 325 48 523 3 667 3 3333 37 223 3 667 3 3333 37
4/4 524 0 1 0 0 38 74 0 1 0 0 48 523 3 1667 0 0 37 223 3 83 0 0 37 224 3 333 3 667 55 34 3 2333 3 1667 29 524 0 1 2 175 35 714 0 1 2 175 43 35 0 2 0 2 43 62 1 5 0 2 30 33 0 1 2 325 39 713 0 1 2 325 39
4/4 34 3 5667 0 0 29 524 0 1 0 0 35 714 0 1 0 0 43 35 3 3667 0 0 43 713 1 5 1 5 38 33 2 125 1 5 38 62 1 5 2 175 41 74 0 1 2 325 45 33 0 1 2 325 38 524 0 1 2 325 30 713 3 667 3 3333 34
4/4 74 0 1 0 0 45 33 0 1 0 0 38 524 0 1 0 0 30 713 3 833 0 0 34 224 1 5 0 1 45 34 0 1 0 3 24 64 2 75 2 325 31 74 0 1 2 325 35 35 0 1 2 325 44 31 3 667 3 3333 41
4/4 34 2 425 0 0 24 64 0 6 0 0 31 74 0 1 0 0 35 35 0 1 0 0 44 31 3 833 0 0 41 71 1 5 1 5 36 32 2 25 2 125 44 62 2 75 2 175 44 72 1 5 3 2333 44 33 2 25 0 3 48 63 3 333 3 3667 44
4/4 63 3 7667 0 0 44 73 3 3667 3 333 43 34 2 25 0 1 44 44 0 2 0 2 45 64 0 1 0 3 29
4/4 73 3 3667 0 0 43 44 2 75 0 0 45 64 0 1 0 0 29 74 1 5 3 333 31 35 3 333 3 3333 19
