4/4 62 0 1 0 1 29 53 0 1 0 1 31 22 0 1 0 1 31 54 3 333 2 275 37 54 2 25 2 375 56
4/4 62 0 1 0 0 29 53 0 1 0 0 31 22 0 1 0 0 31 54 3 83 0 0 56 54 3 333 3 667 65 54 0 1 1 15 74 44 0 1 3 2333 65 54 2 75 2 325 67
4/4 14 0 4 0 0 59 54 2 25 0 0 67 54 2 75 0 1 50 44 2 25 0 2 40 44 1 15 1 25 46
4/4 14 3 2333 0 0 59 44 1 25 0 0 46
4/4 43 1 35 1 5 32 73 0 1 3 667 37 12 0 1 3 667 36 44 3 333 0 2 35 44 3 333 2 275 60 44 3 333 3 3667 67
4/4 43 1 95 0 0 32 73 0 1 0 0 37 12 0 1 0 0 36 44 0 1 1 5 72 34 0 1 2 125 68 44 1 5 0 2 70 74 3 333 0 3 74 44 2 25 2 375 62
4/4 44 2 25 0 0 62 34 2 75 3 667 53 23 0 1 1 15 35 34 1 15 1 25 32
4/4 34 1 15 0 0 32 13 3 1333 3 2667 49 23 3 667 0 3 55 63 0 1 1 35 27 33 0 1 1 35 38 72 0 1 1 35 34 34 3 333 3 3667 46
4/4 13 3 5917 0 0 49 34 3 333 0 0 46 63 0 1 0 0 27 33 0 1 0 0 38 72 0 1 0 0 34 34 1 5 3 667 52 34 1 5 1 15 62 34 0 1 1 25 65 23 3 667 3 3333 45
4/4 23 3 333 0 0 45 34 0 2 3 333 48 13 3 1667 3 2333 48 23 2 75 2 275 64 62 0 1 1 35 35 22 0 1 1 35 33 53 0 1 1 35 32 34 1 5 1 35 45
4/4 13 0 4 0 0 48 62 0 1 0 0 35 22 0 1 0 0 33 53 0 1 0 0 32 34 2 25 0 0 45 34 1 5 1 5 54 34 1 5 1 15 57 34 3 667 3 2333 53 23 2 75 2 325 43
4/4 13 3 1333 0 0 48 62 0 1 0 0 35 22 0 1 0 0 33 53 0 1 0 0 32 23 2 25 0 0 43 34 0 2 2 25 45 13 3 667 2 225 49 23 2 25 2 275 59 52 2 75 2 325 33 12 0 1 3 3333 38 43 0 1 3 3333 34 73 0 1 3 3333 43 34 3 667 3 3333 43
4/4 52 0 4 0 0 33 12 0 1 0 0 38 43 0 1 0 0 34 73 0 1 0 0 43 34 3 83 0 0 43 34 3 333 1 5 58 34 3 333 3 1333 62 34 3 333 2 225 60 34 0 1 0 3 59
4/4 74 3 667 0 0 49 52 3 917 0 0 33 12 0 1 0 0 38 43 0 1 0 0 34 73 0 1 0 0 43 34 2 25 0 2 46 72 0 1 2 275 32 42 0 1 2 275 28 33 0 1 2 275 30 63 0 1 0 3 35 13 0 1 0 3 37 44 3 667 3 3333 38
4/4 72 0 1 0 0 32 42 0 1 0 0 28 33 0 1 0 0 30 63 0 1 0 0 35 13 0 1 0 0 37 44 3 2583 0 0 38 12 0 1 2 325 35 43 0 1 2 325 30 52 2 75 2 325 37
4/4 12 0 1 0 0 35 43 0 1 0 0 30 52 1 15 0 0 37 73 0 1 2 125 39 62 0 1 0 3 51
4/4 12 2 75 0 0 43 62 2 25 0 0 51 13 1 35 1 5 38 34 0 1 3 667 48 54 0 1 3 667 62 53 0 1 2 75 39 54 3 333 3 1667 52 43 0 1 2 175 36 54 0 1 3 2667 52 33 3 1333 3 2667 35 44 1 5 1 35 60
4/4 44 1 5 0 0 60 13 1 5 0 0 38 33 3 1667 0 0 35 54 0 1 1 5 70 14 1 5 3 1333 70 54 0 1 2 225 64 72 0 1 2 225 47 23 2 175 2 225 58 12 0 1 0 3 44 44 2 25 2 325 51 44 1 5 1 35 57
4/4 53 0 1 0 0 42 44 0 4 0 0 57 23 0 4 0 0 58 43 0 1 0 1 39 22 0 2 0 2 32
4/4 44 2 75 0 0 57 23 3 917 0 0 58 22 3 667 0 0 32 52 0 1 2 175 49 72 2 75 3 2667 51 73 2 75 2 325 45 23 0 1 3 3333 50 44 0 1 3 3333 63 43 3 333 3 3667 39
4/4 73 3 583 0 0 45 43 3 417 0 0 39 44 1 5 3 333 67 33 0 1 3 333 46 44 0 1 3 1333 68 22 3 2667 3 1333 37 34 2 125 2 225 70 44 0 1 0 3 68
4/4 74 3 333 0 0 70 22 3 83 0 0 37 73 0 1 3 667 38 23 0 1 3 667 52 12 0 1 3 667 40 44 0 1 2 75 58 33 0 1 3 1667 40 34 0 1 3 1667 59 23 0 1 3 2667 44 73 0 1 3 2667 39 34 1 5 1 35 48 63 1 5 1 35 38
4/4 34 1 25 0 0 48 63 1 5 0 0 38 53 0 1 1 5 38 13 3 667 3 3333 57 23 2 25 2 375 60
4/4 23 2 25 0 0 60 63 2 375 2 25 36 13 2 325 3 333 32 42 0 1 3 333 39 34 1 5 1 5 52 34 1 5 3 1333 65 62 2 75 3 1333 48 33 0 1 2 225 47 34 1 5 2 225 68 22 0 1 0 3 38 34 0 1 0 3 57
4/4 12 2 375 0 0 29 23 0 1 0 0 51 63 3 2583 0 0 36 34 2 125 2 125 41 13 3 667 0 3 58 23 1 5 1 35 65
4/4 43 0 1 0 0 43 73 0 1 0 0 55 34 0 1 0 0 62 52 0 1 0 0 48 34 1 5 0 1 74 72 2 75 0 1 44 34 1 5 2 175 74 43 0 1 0 2 45 33 0 1 2 275 41 34 0 1 2 275 58 73 2 25 2 375 43 23 2 25 2 375 49 22 2 25 2 375 32
4/4 73 3 1083 0 0 43 23 2 75 0 0 49 22 0 3 0 0 32 34 1 15 2 75 51 13 1 5 2 275 70 23 3 333 2 325 68 73 0 1 3 3667 54 713 0 1 3 3667 59 34 0 1 3 3667 70
4/4 62 0 1 0 0 57 73 0 1 0 0 54 713 0 1 0 0 59 34 0 1 0 0 70 712 0 1 2 75 53 34 1 5 2 75 80 34 1 5 3 1667 77 63 0 1 3 1667 47 523 0 1 1 25 45 34 3 333 1 25 55 33 1 5 1 35 36 34 3 333 1 35 48
4/4 33 1 5 0 0 36 74 0 1 1 5 67 62 3 667 3 1333 35 64 1 5 2 225 51 524 2 25 2 275 48 72 0 1 3 3333 35 43 0 1 3 3333 29 63 0 1 3 3333 32 34 0 1 3 3667 37 44 0 1 3 3667 38
4/4 72 0 1 0 0 35 43 0 1 0 0 29 63 0 1 0 0 32 34 0 1 0 0 37 44 0 1 0 0 38 72 0 1 2 375 46 53 0 1 2 375 47 713 0 1 2 375 44
4/4 72 0 1 0 0 46 53 0 1 0 0 47 713 0 1 0 0 44 23 0 1 2 25 57 54 0 1 2 25 70 713 0 1 2 225 33 43 0 1 2 225 30 52 0 1 2 225 36 34 0 1 2 225 39 44 0 1 2 225 42 64 0 1 2 225 42
4/4 13 0 1 2 25 41 34 0 1 2 25 49 62 0 1 2 25 48 54 0 1 2 25 59 74 0 1 2 25 54 33 2 75 0 1 56 74 0 1 2 125 68 54 0 1 2 125 68 53 0 1 0 2 58 73 0 1 0 2 65 33 0 1 2 275 62 74 0 1 2 275 74 74 0 1 3 3667 64 44 0 1 3 3667 59 52 0 1 3 3667 54
4/4 74 0 1 0 0 64 44 0 1 0 0 59 52 0 1 0 0 54 22 0 1 1 5 59 64 0 1 1 5 77 713 0 1 3 1333 67 54 0 1 3 1333 77 23 0 1 3 1333 74 43 0 1 3 1333 48 44 0 1 3 2333 72 22 0 1 3 2333 52 44 0 1 3 3333 51 23 0 1 3 3333 52 73 0 1 3 3333 46 11 0 1 3 3333 45
4/4 44 0 1 0 0 51 23 0 1 0 0 52 73 0 1 0 0 46 11 0 1 0 0 45 54 2 25 2 25 48 52 1 5 2 25 58 34 3 1333 3 667 68 53 0 1 3 667 62 22 3 333 0 1 54 33 1 5 0 2 44 53 0 1 0 3 39 73 0 1 0 3 36 54 0 1 0 3 47 34 0 1 0 3 44
4/4 53 0 1 0 0 39 73 0 1 0 0 36 54 0 1 0 0 47 34 0 1 0 0 44 64 0 1 2 75 70 52 0 1 2 75 51 13 0 1 3 2333 48 34 0 1 3 2333 49 54 0 1 3 2333 56 74 0 1 3 2333 53 61 0 1 1 25 45 32 0 1 3 3333 61 74 0 1 3 3333 80
4/4 32 0 1 0 0 61 74 0 1 0 0 80 72 2 75 2 25 65 12 0 1 0 1 52 74 0 1 0 1 80 14 2 25 1 15 77 712 0 1 2 175 41 43 0 1 2 175 40 713 0 1 2 225 45 23 0 1 2 225 52 44 0 1 2 225 53 74 1 5 1 25 63 64 3 333 3 3333 68
4/4 712 0 1 0 0 41 43 0 1 0 0 40 54 3 333 2 25 65 44 3 333 2 125 56 53 0 1 0 2 39 12 0 1 0 2 37 73 0 1 0 2 42 23 0 1 0 2 46 44 0 1 0 2 47 54 3 333 0 3 49
4/4 24 2 25 0 0 47 53 0 1 0 0 39 12 0 1 0 0 37 74 0 1 0 1 40 44 0 1 0 1 39
4/4 53 0 1 0 0 39 12 0 1 0 0 37 13 1 5 2 25 57 23 3 667 1 5 64 34 1 5 0 1 62 44 1 5 3 1333 60 54 2 225 2 175 62 42 0 1 2 175 57 12 2 75 3 2667 59 33 2 25 1 35 52
4/4 54 3 417 0 0 62 53 0 1 3 333 37 13 0 1 3 333 49 613 0 1 1 15 38 34 0 1 1 15 46 43 0 1 1 15 36
4/4 71 0 1 2 75 31 62 0 1 2 75 34 12 0 1 2 75 31 33 0 1 2 75 40 53 0 1 2 125 43 63 2 25 2 275 49 42 0 1 2 375 34 43 0 1 2 375 33 62 0 1 2 375 35 22 0 1 2 375 36 71 0 1 2 375 28
4/4 42 0 1 0 0 34 43 0 1 0 0 33 62 0 1 0 0 35 22 0 1 0 0 36 71 0 1 0 0 28 14 3 667 1 25 44 24 3 667 2 275 67 35 3 667 3 3333 70 45 2 25 2 375 68
4/4 45 2 25 0 0 68 55 2 275 2 25 62 43 0 1 2 25 42 13 0 1 0 1 47 34 2 25 0 2 42 54 0 1 0 3 39 14 0 1 0 3 50 44 2 25 2 375 40
4/4 35 0 1 0 0 47 614 2 175 0 0 37 44 1 25 0 0 40 45 0 1 2 75 50 35 0 1 3 1667 47 45 1 15 1 25 56 73 1 5 1 35 45
4/4 73 0 2 0 0 45 45 1 15 0 0 56 44 0 2 3 333 39 64 2 125 2 125 46 14 2 75 2 225 41 713 1 5 1 35 32 54 1 5 1 35 29 24 1 5 1 35 36
4/4 713 1 35 0 0 32 54 2 425 0 0 29 24 2 225 0 0 36 14 3 1333 2 225 58 24 1 5 1 35 57
4/4 24 3 167 0 0 57 54 0 1 3 667 23 14 0 1 3 667 34 35 0 1 3 667 41 12 0 1 2 75 37 35 0 1 0 2 58 14 0 1 0 2 60 53 2 75 0 2 44 24 0 1 2 275 63 45 0 1 2 275 58 34 0 1 2 275 47 35 0 1 3 3667 65 14 0 1 3 3667 62 53 3 333 3 3667 43
4/4 53 3 167 0 0 43 24 0 1 1 5 55 54 0 1 1 5 52 72 0 1 1 5 43 53 2 75 3 1333 50 54 0 1 0 2 55 73 0 1 0 2 44 23 0 1 2 225 51 73 0 1 2 225 44 53 0 1 0 3 49 74 0 1 0 3 63 13 0 1 1 35 35 34 0 1 1 35 46 54 0 1 1 35 52 62 2 25 2 375 46 14 2 25 2 375 59
4/4 13 0 1 0 0 35 34 0 1 0 0 46 54 0 1 0 0 52 62 2 75 0 0 46 14 2 25 0 0 59 33 2 25 3 667 46 14 2 75 3 667 67 73 0 1 1 15 44 74 0 1 1 15 59 63 0 1 3 2333 46 64 0 1 3 2333 55 73 0 1 0 3 34 34 0 1 0 3 39 44 0 1 0 3 44 52 0 1 0 3 32 74 3 667 3 3333 45
4/4 74 3 1833 0 0 45 33 2 175 2 25 38 34 0 1 2 125 46 43 0 1 2 125 31 73 0 1 2 275 39 34 0 1 2 275 46 522 0 1 2 275 42 74 2 75 0 3 53
4/4 64 1 5 0 0 67 72 2 75 0 0 53 64 0 1 3 667 68 33 0 1 3 667 47 34 0 1 2 75 68 524 3 333 1 15 65 72 2 75 1 15 51 63 0 1 2 225 48 223 0 1 2 225 50 64 2 125 3 2333 60 42 0 1 3 2333 49 222 3 667 2 325 46
4/4 34 0 1 2 25 53 63 3 333 2 25 43 64 3 333 0 1 62 22 0 1 0 2 35 713 0 1 0 2 34 23 0 1 0 2 44 312 0 1 0 2 32 713 0 1 0 2 34 23 0 1 0 2 44 524 0 1 3 2333 39 74 0 1 3 2333 52
4/4 714 2 25 0 1 65 42 3 2333 3 1667 35 71 2 225 2 175 34 73 0 1 0 2 31 23 0 1 0 2 38 22 0 2 0 2 35 44 0 1 2 225 46 74 0 1 2 225 45
4/4 14 0 1 0 0 74 13 0 1 0 0 70 42 0 1 0 0 35 71 2 75 0 0 34 22 0 1 0 0 35 24 0 1 0 1 62 23 0 1 0 1 72 35 0 1 2 175 62 54 0 1 2 175 57 14 0 1 2 175 56 11 0 1 2 175 52 34 1 5 2 225 57 52 2 75 3 2667 64 54 0 1 3 2667 62 14 0 1 3 2667 60 35 0 1 3 2667 68 34 2 25 0 3 70 45 0 1 1 35 77 24 0 1 1 35 67 33 1 5 1 35 61
4/4 34 3 333 0 0 62 33 2 25 0 0 61 35 0 1 2 25 67 14 0 1 2 25 68 52 2 75 3 333 56 34 3 333 3 667 56 24 0 1 2 125 74 74 0 1 2 125 64 71 2 75 2 125 56 23 1 5 1 15 62 52 0 1 0 2 52 34 1 5 0 2 60 44 2 25 3 2333 68 54 1 5 2 275 74 22 2 75 2 275 54 23 1 5 2 325 67 54 0 1 3 3667 68 52 0 1 3 3667 54 74 0 1 3 3667 70
4/4 23 3 333 0 0 65 54 0 1 0 0 68 52 0 1 0 0 54 74 0 1 0 0 70 14 0 1 3 667 67 54 0 1 3 667 58 61 0 1 3 667 42 13 1 5 0 1 68 54 0 1 1 15 63 34 0 1 1 15 63 14 0 1 1 15 65 32 0 1 1 15 58 13 3 333 0 2 72 74 0 1 3 2333 72 12 0 1 3 2333 56 54 0 1 3 2333 63 34 0 1 3 2333 63 13 1 5 2 275 67 32 2 75 2 325 58 34 0 1 2 325 59 64 0 1 2 325 59 13 2 25 3 3667 52
4/4 74 0 1 0 0 63 44 0 1 0 0 65 51 0 1 0 0 49 54 3 667 3 333 65 44 0 1 2 75 59 32 0 1 2 75 58 34 3 333 2 125 72 73 2 25 3 1667 64 72 3 333 3 1667 44 53 1 5 0 2 63 43 1 5 1 25 56 32 2 25 1 25 46 33 2 25 0 3 52 73 0 1 1 35 65 523 0 1 1 35 57 72 0 1 1 35 54 521 0 1 1 35 50 33 0 1 1 35 59 32 0 1 1 35 52
4/4 63 3 333 3 333 77 72 0 1 2 125 49 522 0 1 2 125 48 63 0 1 2 125 64 33 1 5 2 125 65 523 3 333 0 2 66 62 0 1 0 3 37 221 0 1 0 3 40 41 0 1 0 3 40 222 0 1 0 3 44 43 0 1 0 3 46 63 0 1 0 3 52
4/4 62 0 1 0 0 37 221 0 1 0 0 40 41 0 1 0 0 40 222 0 1 0 0 44 43 0 1 0 0 46 63 0 1 0 0 52 73 0 1 2 75 72 72 0 1 2 75 52 713 3 333 3 1667 76 313 0 1 2 225 54 63 0 1 2 225 55 311 0 1 2 225 55 223 3 667 1 25 76 713 3 333 3 3333 76
4/4 312 0 1 2 25 43 222 0 1 2 25 38 713 0 1 2 25 57 313 0 1 2 25 54 62 0 1 2 25 41 73 2 25 2 125 60 31 2 75 2 225 41 713 0 1 3 2333 47 33 0 1 3 2333 43 53 0 1 3 2333 49
4/4 222 0 1 2 25 51 72 0 1 2 25 49 73 0 1 2 25 67 33 0 1 2 25 63 52 0 1 2 25 52 713 3 333 0 1 79 223 2 25 3 1667 75 33 2 75 2 225 53 63 0 1 3 2333 60 61 0 1 3 2333 61 713 0 1 3 2333 68 34 3 1667 3 2333 70 32 2 25 2 325 68
4/4 523 0 1 0 0 71 72 0 1 0 0 67 712 0 1 0 0 64 34 3 83 0 0 70 63 0 1 0 1 72 73 0 1 2 175 68 33 0 1 2 175 65 521 1 5 2 175 56 63 0 1 3 2667 60 713 0 1 3 2667 71 32 0 1 3 2667 56 33 0 1 3 3667 54 522 0 1 3 3667 52 73 0 1 3 3667 67 34 0 1 3 3667 67 72 0 1 3 3667 46
4/4 74 0 1 3 667 59 523 0 1 3 667 54 73 0 1 3 667 51 524 0 1 3 667 57 63 1 25 1 15 43 34 3 2333 3 1667 54 64 2 225 2 175 60 41 3 667 2 175 46 42 3 333 3 2667 51 62 2 25 1 35 51
4/4 34 3 667 0 0 54 64 2 175 0 0 60 712 2 25 3 333 51 713 1 5 2 125 39 33 0 1 3 1333 38 63 0 1 3 1333 37 35 0 1 3 2333 73 713 0 1 3 3333 42 24 0 1 3 3333 59 34 0 1 3 3333 42
4/4 35 1 5 3 333 64 44 0 1 0 1 32 74 0 1 0 1 38 35 0 1 3 1333 45 45 0 1 3 1333 50 71 0 1 3 1333 38 42 2 75 3 2333 52 12 2 25 2 325 49
4/4 33 2 75 0 0 49 44 0 1 0 0 32 74 0 1 0 0 38 35 0 1 0 0 45 45 0 1 0 0 50 63 2 75 2 75 49 13 2 25 2 175 46 44 3 667 3 2667 44 64 2 25 3 3667 35
4/4 14 1 25 2 75 27 35 2 325 2 75 32 65 0 1 0 1 31 75 0 1 0 1 34 36 0 2 2 125 35
4/4 35 2 275 0 0 32 65 0 1 0 0 31 75 0 1 0 0 34 25 2 175 0 1 35
4/4 55 0 2 3 1667 35 62 1 15 3 1667 20 33 1 5 1 25 34 53 1 5 0 3 38 33 1 5 1 35 48
4/4 62 0 1 0 0 50 55 0 1 0 0 49 33 1 5 3 333 43 55 0 1 0 1 70 53 0 1 0 1 49 33 1 5 2 125 59 55 0 1 2 175 75 62 3 667 2 175 52 33 1 5 2 225 52 45 0 1 1 25 70 53 1 5 1 25 56 33 1 5 0 3 54 55 3 667 3 3333 66 62 1 5 1 35 54 33 2 25 2 375 52
4/4 33 2 25 0 0 52 55 3 333 0 0 66 15 0 1 2 25 63 53 1 5 3 333 47 33 1 5 2 75 55 62 0 1 2 125 44 55 0 1 2 125 54 33 1 5 3 1667 44 45 2 25 2 225 49 53 1 5 2 225 36 33 1 5 3 2667 53 45 3 1333 3 2667 68 62 3 667 0 3 54 33 1 5 1 35 57
4/4 43 1 5 0 0 53 45 3 6167 0 0 68 33 1 5 3 333 50 62 1 5 2 75 55 33 1 5 2 125 53 43 3 333 3 1667 49 33 1 5 0 2 49 62 1 5 1 25 52 33 2 25 0 3 48 23 2 25 1 35 52
4/4 33 1 5 0 0 45 12 3 667 2 75 52 53 1 5 2 125 46 23 1 5 2 175 52 53 3 667 2 225 58 54 0 1 3 2667 49 24 0 1 3 2667 63 12 0 1 3 2667 55 45 0 1 3 2667 59 53 1 5 2 325 53 45 0 1 3 3667 70 23 0 1 3 3667 57
4/4 53 1 5 0 0 61 54 0 1 0 0 68 45 0 1 1 5 68 12 0 1 1 5 56 24 0 1 1 5 60 53 1 5 0 1 58 35 0 1 3 1333 77 23 0 1 3 1333 52 53 3 333 2 175 53 54 0 1 0 2 47 24 0 1 0 2 56 12 0 1 0 2 48 45 0 1 0 2 53 53 1 5 3 2667 44 75 0 1 0 3 57 23 0 1 0 3 45 53 2 25 1 35 46
4/4 74 0 1 0 0 45 24 0 1 0 0 49 72 3 667 0 0 44 45 2 75 2 25 47 53 1 5 3 667 52 35 0 1 2 125 65 23 0 1 2 125 53 53 1 5 1 15 55 24 0 1 0 2 64 44 0 1 0 2 59 72 2 25 0 2 51 53 1 5 1 25 50 54 0 1 0 3 64 35 0 1 0 3 63 23 3 333 0 3 51 53 1 5 3 3333 54 72 2 25 2 375 47
4/4 54 0 1 0 0 64 35 0 1 0 0 63 53 3 333 2 25 44 13 3 333 3 667 46 53 1 5 0 1 49 72 1 5 1 15 40 53 1 5 0 2 48 14 3 667 1 25 67 73 2 25 1 25 45 53 0 1 0 3 41 24 0 1 0 3 56 54 0 1 1 35 39 64 0 1 1 35 40 14 0 1 1 35 50 42 0 1 2 375 48 35 0 1 2 375 52
4/4 54 0 1 0 0 39 64 0 1 0 0 40 14 0 1 0 0 50 42 0 1 0 0 48 35 0 1 0 0 52 12 1 5 3 333 46 35 0 1 2 75 68 63 0 1 2 75 48 12 0 1 2 125 55 54 0 1 2 125 67 42 0 1 3 1667 56 35 0 1 3 1667 72 64 0 1 3 1667 64 12 1 5 0 2 58 63 0 1 1 25 59 35 0 1 1 25 74 12 1 5 0 3 63 44 0 1 3 3333 53 74 0 1 3 3333 62 24 0 1 3 3333 68 42 0 1 3 3333 57 12 2 25 2 375 56
4/4 12 2 25 0 0 56 54 0 1 2 25 72 35 0 1 2 25 74 63 2 25 3 333 54 12 1 5 2 75 56 42 3 333 2 125 55 12 3 333 3 1667 54 63 2 25 0 2 47 14 1 5 0 2 72 12 0 1 1 25 50 24 0 1 1 25 64 34 0 1 0 3 51 74 0 1 0 3 55 52 0 1 0 3 56 35 0 1 0 3 67 33 1 5 1 35 56
4/4 35 0 1 0 0 77 73 0 1 0 0 56 33 2 25 3 333 61 52 3 333 2 75 61 35 0 1 2 75 74 74 0 1 2 75 68 33 1 5 2 125 52 73 0 1 3 1667 49 35 0 1 3 1667 77 33 2 25 0 2 52 24 0 1 1 25 60 44 0 1 1 25 63 52 0 1 1 25 55 33 1 5 0 3 51 35 0 1 3 3333 63 54 0 1 3 3333 64 73 2 25 3 3333 48 33 2 25 2 375 54
4/4 35 0 1 0 0 63 54 0 1 0 0 64 52 2 25 3 333 50 33 1 5 2 75 48 14 0 1 2 125 70 73 0 1 2 125 45 24 0 1 3 1667 67 33 0 1 3 1667 48 54 3 1333 0 2 55 14 0 1 2 225 57 35 0 1 2 225 64 62 0 1 2 225 53 35 0 1 2 225 64 33 1 5 2 275 50 35 3 667 2 325 64 13 2 25 2 325 46 33 2 25 2 375 52
4/4 35 0 1 0 0 74 62 0 1 0 0 56 33 2 25 0 0 52 33 1 5 1 5 58 35 0 1 0 1 74 13 0 1 0 1 53 33 3 333 1 15 55 35 0 1 2 175 63 74 0 1 2 175 59 62 3 333 2 175 52 33 1 5 3 2333 46 75 0 1 2 275 63 13 2 25 2 275 46 33 1 5 2 325 48 62 2 25 2 375 46
4/4 62 2 25 0 0 46 33 1 5 2 25 43 13 0 1 3 667 42 65 0 1 3 667 50 55 0 1 2 125 55 33 0 1 2 125 46 44 0 1 2 175 39 54 0 1 2 175 39 14 0 1 2 175 47 45 0 1 2 175 60 52 3 333 0 2 50 22 2 75 3 2333 48 13 2 25 2 275 55 53 3 333 2 325 58 52 2 25 3 3667 51
4/4 22 2 75 0 0 49 44 0 1 0 0 39 54 0 1 0 0 39 14 0 1 0 0 47 45 0 1 0 0 60 13 2 25 1 5 46 53 2 25 0 1 48 52 2 25 1 15 49 22 1 5 0 2 46 713 1 5 1 25 51 53 3 333 0 3 40 52 2 25 3 3333 46
4/4 22 3 333 0 0 49 713 1 5 3 333 42 53 2 25 0 1 37 61 3 667 2 175 53 32 1 5 2 225 65 54 0 1 2 275 65 14 0 1 2 275 65 72 0 1 2 275 64 55 0 1 2 275 68 12 1 5 2 325 74 55 0 1 3 3667 78 53 0 1 3 3667 67
4/4 12 2 25 0 0 48 55 0 1 0 0 78 53 0 1 0 0 67 72 0 1 1 5 51 55 0 1 1 5 60 12 2 25 0 1 58 55 0 1 1 15 57 61 1 5 1 15 59 32 3 333 0 2 65 45 0 1 3 2333 70 72 1 5 3 2333 65 12 3 333 2 275 72 55 3 667 3 3333 70 53 2 25 3 3333 59 12 2 25 2 375 49
4/4 55 3 333 0 0 70 12 2 25 0 0 49 15 2 75 2 25 59 72 3 333 2 25 47 12 2 25 3 667 57 71 1 5 0 1 67 55 0 1 0 1 68 42 2 25 1 15 58 45 2 25 0 2 59 72 3 333 0 2 53 12 1 5 3 2333 68 45 1 15 1 25 74 43 1 5 0 3 62 12 1 5 3 3333 52 22 2 25 2 375 50
4/4 45 0 4 0 0 74 12 2 25 2 25 53 71 1 5 3 667 62 42 1 5 0 1 68 12 1 5 1 15 68 22 1 5 0 2 65 43 1 5 1 25 57 22 1 5 0 3 55 12 2 25 3 3333 51 22 2 25 2 375 64
4/4 51 1 5 2 25 68 21 0 1 3 667 67 44 0 1 3 667 56 74 0 1 0 1 57 42 0 1 0 1 62 14 0 1 0 1 63 45 0 1 0 1 63 72 1 5 1 15 65 45 0 1 0 2 77 22 0 1 0 2 61 72 1 5 1 25 56 42 0 1 0 3 54 45 0 1 0 3 62 72 2 25 3 3333 59 45 2 25 2 375 77 51 2 25 2 375 57
4/4 45 1 5 0 0 77 51 2 25 0 0 57 21 1 5 2 25 68 42 3 333 3 667 68 35 2 75 2 75 77 72 3 333 2 125 62 22 2 25 3 1667 62 45 2 75 3 1667 77 72 1 5 0 2 55 75 0 1 1 25 66 42 0 1 1 25 57 72 3 333 0 3 55 54 0 1 3 3333 57 74 0 1 3 3333 54 45 0 1 3 3333 68 11 0 1 1 35 68 45 0 1 1 35 68
4/4 52 3 333 0 0 62 11 0 1 0 0 68 45 0 1 0 0 68 22 1 5 3 333 67 35 2 75 3 333 74 33 1 5 2 75 72 24 0 1 2 125 70 73 3 333 2 125 60 33 3 333 3 1667 46 22 3 333 0 2 49 35 0 2 0 2 67 33 2 25 1 25 64 11 1 5 0 3 61 52 2 25 1 35 57
4/4 22 3 333 0 0 57 35 2 125 0 0 67 33 1 5 3 333 59 73 3 333 2 75 56 33 1 5 3 1333 52 14 0 1 2 175 74 22 0 1 2 175 49 33 2 25 2 225 62 24 3 333 3 2333 58 34 0 1 3 2667 53 64 0 1 3 2667 56 14 0 1 3 2667 64 41 0 1 3 2667 55 35 0 1 3 2667 74 11 2 25 3 3333 64 35 0 1 2 375 77 52 0 1 2 375 63
4/4 35 0 1 0 0 77 52 0 1 0 0 63 62 1 5 2 25 67 33 0 1 3 667 63 35 0 1 3 667 77 62 1 5 0 1 61 35 0 1 1 15 84 52 1 5 1 15 56 62 2 25 0 2 61 41 0 1 3 2333 55 24 0 1 3 2333 77 11 2 25 2 275 61 35 2 75 2 325 74 52 1 5 2 325 49 62 2 25 2 375 57
4/4 35 2 75 0 0 74 62 2 25 0 0 57 33 3 333 2 25 53 62 3 333 3 667 54 52 2 25 0 1 52 14 1 5 0 1 77 62 2 25 1 15 55 24 2 25 1 15 72 34 2 25 0 2 67 34 0 1 0 2 57 74 0 1 0 2 63 51 0 1 0 2 61 35 0 1 0 2 68 32 1 5 1 25 62 35 0 1 0 3 74 52 0 1 0 3 63 72 1 5 1 35 65
4/4 33 0 1 0 0 58 35 0 1 0 0 74 72 1 5 3 333 59 35 3 667 2 75 74 52 2 25 2 75 55 72 2 25 2 125 62 24 2 75 3 1667 72 51 1 5 2 175 57 32 3 333 2 225 59 35 3 1333 3 2667 74 52 3 333 3 2667 61 72 1 5 0 3 57 33 1 5 1 35 61
4/4 72 1 5 0 0 52 35 3 167 0 0 74 14 0 1 3 333 80 52 0 1 3 333 48 72 2 25 0 1 64 24 1 5 0 1 70 34 0 1 3 1333 60 64 0 1 3 1333 62 61 0 1 3 1333 62 714 0 1 3 1333 65 35 0 1 3 1333 68 32 2 25 0 2 63 35 0 1 1 25 80 72 0 1 1 25 65 712 1 5 0 3 68 523 2 25 1 35 68 35 1 5 1 35 74 712 2 25 2 375 41
4/4 712 3 83 0 0 41 72 0 1 3 333 49 35 0 1 3 333 74 712 2 25 2 75 61 35 2 75 2 125 72 61 1 5 2 125 58 32 3 333 3 1667 56 72 3 333 0 2 61 75 1 15 0 2 72 712 2 25 1 25 51 523 3 333 0 3 56 712 2 25 3 3333 55 65 2 25 2 375 63 72 2 25 2 375 48
4/4 65 2 25 0 0 63 712 0 1 2 25 55 525 0 1 2 25 61 64 0 1 2 75 60 35 0 1 2 75 68 45 0 1 2 75 65 71 3 667 0 1 64 42 1 5 3 1333 65 72 1 5 2 175 72 33 1 5 2 225 74 43 1 5 3 2667 74 33 1 5 0 3 59 72 1 5 1 35 52
4/4 33 2 25 0 0 44 72 0 1 1 5 48 43 0 1 1 5 44 63 0 1 2 75 49 13 0 1 2 75 53 34 0 1 2 125 63 54 0 1 2 125 67 713 0 1 0 3 40 52 0 1 0 3 40 43 0 1 0 3 38 23 0 1 0 3 48 44 0 1 0 3 48 64 3 667 3 3333 56
4/4 713 0 1 0 0 40 52 0 1 0 0 40 43 0 1 0 0 38 23 0 1 0 0 48 44 0 1 0 0 48 64 3 333 0 0 56 13 0 1 0 1 51 34 0 1 0 1 56 54 0 1 0 1 60 61 0 1 0 1 55 74 1 5 2 125 64 32 2 25 2 175 57 74 0 1 2 225 80 62 1 5 2 225 61 72 1 5 1 25 68 12 3 667 0 3 70 33 1 5 1 35 67
4/4 74 0 1 0 0 72 53 0 1 0 0 62 73 2 25 3 333 62 713 0 1 2 75 53 23 0 1 2 75 58 51 0 1 2 75 58 44 0 1 2 75 60 74 0 1 2 75 70 21 2 25 3 1333 61 52 0 1 2 175 64 64 0 1 2 175 72 712 3 333 2 225 55 22 3 333 3 2667 58 54 2 75 3 2667 74 43 2 25 0 3 51 53 0 1 3 3667 53 44 0 1 3 3667 67
4/4 713 2 25 0 0 64 53 0 1 0 0 53 44 0 1 0 0 67 53 0 1 1 5 59 73 0 1 1 5 62 11 0 1 1 5 68 23 0 1 1 5 60 44 0 1 1 5 70 52 2 25 0 1 58 72 0 1 1 15 61 54 0 1 1 15 70 12 1 5 0 2 57 34 3 667 0 2 77 22 1 5 3 2333 64 33 2 25 2 275 56 53 2 25 2 325 57 73 2 25 2 375 56
4/4 63 0 1 3 333 51 72 0 1 3 333 42 44 0 1 3 333 51 14 0 1 3 333 59 223 0 1 3 333 53 64 0 1 3 333 50 73 0 1 0 2 42 223 0 1 0 2 43 44 0 1 0 2 55 32 0 1 0 2 43 222 0 1 0 2 42 74 0 1 0 2 54 54 3 333 2 325 84 64 3 333 3 3667 77
4/4 13 0 1 0 0 51 34 0 1 0 0 55 54 0 1 0 0 62 61 0 1 0 0 58 74 1 5 3 333 63 32 2 25 2 75 57 62 1 5 2 125 63 74 3 1333 2 125 77 72 1 5 3 1667 62 12 3 667 2 225 67 33 1 5 1 25 70 74 0 1 0 3 80 53 0 1 0 3 65 12 2 25 1 35 67
4/4 713 0 1 0 0 55 34 0 1 0 0 57 51 0 1 0 0 61 54 0 1 0 0 62 74 0 1 0 0 70 21 2 25 1 5 61 52 0 1 0 1 59 64 0 1 0 1 77 712 2 25 3 1333 58 54 3 667 2 175 77 22 2 25 2 175 59 43 1 5 2 225 56 713 2 25 2 275 58 44 1 5 2 275 72 53 2 75 2 325 59 73 0 1 3 3667 60 11 0 1 3 3667 58 44 0 1 3 3667 67 23 0 1 3 3667 62
4/4 53 2 25 0 0 59 73 0 1 0 0 60 11 0 1 0 0 58 44 0 1 0 0 67 23 0 1 0 0 62 52 3 333 2 25 49 12 3 333 3 667 50 54 2 25 3 667 62 22 1 5 0 1 56 54 2 25 0 1 72 33 1 5 3 1667 49 53 2 25 0 2 49 13 1 5 1 25 51 23 2 25 0 3 51 54 0 1 3 3667 45 25 0 1 3 3667 46 34 0 1 3 3667 43 24 0 1 3 3667 40
4/4 54 0 1 0 0 45 25 0 1 0 0 46 34 0 1 0 0 43 24 0 1 0 0 40 13 2 75 0 2 45 23 3 667 3 2667 74 34 3 667 0 3 80 44 2 25 1 35 77
4/4 613 0 1 0 0 46 13 0 1 0 0 54 54 0 1 0 0 63 41 0 1 2 25 47 11 3 667 0 1 48 52 2 25 0 2 55 13 0 1 2 275 56 612 0 1 2 275 44 34 0 1 2 375 48 12 0 1 2 375 37 613 0 1 2 375 41 33 0 1 2 375 44
4/4 34 0 1 2 175 38 613 0 1 2 175 38 14 0 1 2 175 59 54 0 1 2 175 44 24 3 667 2 225 67 35 1 5 3 2667 67 45 3 333 2 325 59 73 3 333 3 3667 41 34 3 333 3 3667 35 54 0 1 2 375 42 14 0 1 2 375 49
4/4 73 3 1917 0 0 41 34 3 1667 0 0 35 54 0 1 0 0 42 14 0 1 0 0 49 55 2 75 2 25 59 65 2 25 2 175 55 73 0 1 3 2667 38 23 0 1 3 2667 34 64 0 1 3 2667 40 45 0 1 3 2667 43
4/4 13 3 2667 3 1333 47 54 0 1 0 3 49 42 2 75 2 325 46
4/4 12 3 667 0 0 44 13 3 1333 0 0 47 54 1 15 0 0 49 42 1 5 0 0 46 53 0 1 0 1 50 43 0 1 2 175 43 13 0 1 2 175 49 33 0 1 2 275 35 613 0 1 2 275 40 34 0 1 2 275 45 44 2 25 2 375 63
4/4 33 0 1 0 0 35 613 0 1 0 0 40 44 2 75 0 0 63 34 0 1 3 667 51 12 0 1 3 667 37 44 3 2333 3 1667 63 43 0 1 3 2667 30 72 0 1 3 2667 30 63 0 1 3 2667 36 13 0 1 3 2667 38
4/4 44 3 333 0 0 63 43 0 1 0 0 30 72 0 1 0 0 30 63 0 1 0 0 36 13 0 1 0 0 38 34 3 333 2 75 51 74 3 667 2 175 47 53 0 1 0 3 29 712 0 1 0 3 20 23 0 1 0 3 35 54 0 1 0 3 42 714 3 333 3 3667 44
4/4 53 2 375 0 0 29 712 0 1 0 0 20 23 0 1 0 0 35 54 0 1 0 0 42 714 3 2917 0 0 44
4/4 14 3 1333 0 0 63 24 2 75 2 125 55 35 1 5 3 2333 48 12 3 1667 3 2333 34 53 0 1 1 35 44 35 0 1 1 35 56 33 0 1 1 35 46
4/4 12 3 1333 0 0 34 53 0 1 2 25 56 45 0 1 2 25 65 33 0 1 2 25 51 53 2 75 0 1 54 33 0 1 0 1 48 35 0 1 0 1 72 72 0 2 0 2 52 24 2 75 0 2 70 53 0 1 2 275 42 22 0 1 2 275 41 54 0 1 1 35 59 22 0 1 1 35 38 53 0 1 1 35 47
4/4 72 3 667 0 0 52 22 0 1 3 333 41 53 0 1 3 333 48 74 0 1 3 333 64 13 0 1 0 1 38 34 0 1 0 1 43 54 0 1 0 1 48 14 0 1 0 1 58 62 2 275 2 125 43 53 0 1 2 225 42 33 0 1 2 225 44 14 0 1 2 225 63 53 0 1 0 3 48 74 0 1 0 3 67 33 0 1 0 3 52 64 0 1 2 375 67 53 0 1 2 375 51
4/4 33 3 667 0 0 52 64 0 1 0 0 67 53 0 1 0 0 51 62 2 25 0 0 43 73 0 1 3 667 40 52 0 1 3 667 44 44 0 1 3 667 51 74 0 1 3 667 60 34 1 25 2 75 47 33 0 1 2 175 38 72 0 1 2 175 40 33 0 1 1 25 47 72 0 1 1 25 43 33 0 1 1 35 52 72 0 1 1 35 38
4/4 73 0 1 2 25 38 34 0 1 2 25 42 522 2 275 1 5 47 74 2 75 1 5 49 64 0 1 1 15 60 33 0 1 1 15 48 72 0 1 1 15 44 33 0 1 2 225 55 64 0 1 2 225 70 72 0 1 2 225 49 524 0 1 0 3 76 33 0 1 0 3 58 72 0 1 0 3 52 63 0 1 3 3667 45 223 0 1 3 3667 46
4/4 42 2 275 0 0 59 64 2 125 0 0 67 63 0 1 0 0 45 223 0 1 0 0 46 222 0 1 2 75 51 62 0 1 2 75 44 223 0 1 3 1667 68 222 0 1 3 1667 51 62 0 1 3 1667 47 222 0 1 1 25 53 64 0 1 1 25 68 62 0 1 1 25 41 713 0 1 3 3333 34 23 0 1 3 3333 45 524 0 1 3 3333 49 312 1 5 1 35 47 74 3 333 3 3667 55
4/4 713 0 1 0 0 34 23 0 1 0 0 45 524 0 1 0 0 49 312 1 25 0 0 47 74 3 667 0 0 55 712 0 1 1 5 50 22 0 1 1 5 49 74 0 1 3 1333 62 712 0 1 3 1333 46 22 0 1 3 1333 49 23 0 1 3 1333 57 524 0 1 3 1333 58 714 0 1 3 2333 65 712 0 1 3 2333 46 22 0 1 3 2333 49 73 0 1 3 3333 30 23 0 1 3 3333 42 21 0 1 3 3333 43 44 0 1 3 3333 46 74 0 1 3 3333 49
4/4 73 0 1 0 0 30 23 0 1 0 0 42 21 0 1 0 0 43 44 0 1 0 0 46 74 0 1 0 0 49 72 2 25 3 667 52 13 0 1 1 15 40 73 0 1 1 15 51 22 0 1 1 15 46 43 0 1 1 15 48 44 0 1 1 15 62 14 0 1 1 15 80 23 0 1 1 25 64 24 0 1 1 25 68 21 0 1 1 25 54 11 1 5 1 35 44 35 0 1 3 3667 62 14 0 1 3 3667 60
4/4 34 1 5 0 0 63 11 1 5 0 0 44 35 0 1 0 0 62 14 0 1 0 0 60 52 2 75 1 5 57 14 0 1 1 5 64 35 0 1 1 5 65 34 3 333 0 1 67 33 2 75 3 1333 52 45 0 1 3 1333 64 24 0 1 3 1333 55 44 1 5 2 175 68 35 0 1 2 225 58 14 0 1 2 225 57 52 2 75 2 225 51 34 1 5 3 2667 57 74 0 1 0 3 64 24 0 1 0 3 65 71 2 75 0 3 49 23 1 5 1 35 52
4/4 52 0 1 0 0 49 34 1 5 0 0 57 44 2 25 3 333 63 22 0 1 2 75 51 54 2 25 2 75 72 23 1 5 2 125 67 74 0 1 3 1667 60 54 0 1 3 1667 62 52 0 1 3 1667 49 23 3 333 2 225 53 14 0 1 3 2667 62 54 0 1 3 2667 52 61 0 1 3 2667 49 13 1 5 0 3 57 32 1 5 1 35 49 14 0 1 3 3667 64 54 0 1 3 3667 53
4/4 13 1 5 0 0 63 32 1 5 0 0 49 14 0 1 0 0 64 54 0 1 0 0 53 74 0 1 3 333 65 54 0 1 3 333 57 12 0 1 3 333 51 13 2 25 2 75 62 32 0 1 2 125 51 64 0 1 2 125 58 44 0 1 2 125 53 13 2 25 2 175 57 74 0 1 2 225 63 44 0 1 2 225 55 51 0 1 2 225 51 73 1 5 3 2667 52 32 0 1 0 3 48 34 0 1 0 3 57 44 1 5 1 35 56
4/4 34 0 1 0 0 52 72 0 1 0 0 38 23 1 5 1 5 50 73 0 1 0 1 51 33 0 1 0 1 38 53 2 25 3 1667 52 522 0 1 1 25 39 72 0 1 1 25 42 33 0 1 2 275 46 43 0 1 2 275 50 73 1 5 0 3 57
4/4 63 1 5 0 0 74 72 2 125 1 5 52 63 1 5 0 1 53 521 0 1 0 1 41 33 0 1 0 1 50 523 2 25 2 175 51 41 0 1 3 2667 31 221 0 1 3 2667 35 62 0 1 2 275 25 222 0 1 2 275 39 63 0 1 2 275 49
4/4 41 0 1 0 0 31 221 0 1 0 0 35 62 0 1 0 0 25 222 0 1 0 0 39 63 0 1 0 0 49 73 1 5 0 1 70 713 1 5 0 2 73 312 0 1 0 3 38 222 3 667 0 3 43 313 0 1 2 325 42 63 0 1 2 325 47 223 0 1 2 325 62
4/4 313 0 1 0 0 42 63 0 1 0 0 47 223 0 1 0 0 62 713 3 333 2 25 67 311 0 1 0 1 39 713 0 1 0 1 54 73 2 25 0 2 51 31 2 75 2 325 35 33 0 1 2 325 35 713 0 1 2 325 42 53 0 1 2 325 44
4/4 31 2 25 0 0 35 33 0 1 0 0 35 713 0 1 0 0 42 53 0 1 0 0 44 52 0 1 0 1 44 222 0 1 0 1 48 33 0 1 3 1333 48 53 0 1 3 1333 53 73 0 1 3 1333 68 713 3 333 2 225 73 223 3 333 0 3 62 73 3 667 3 3333 42 713 1 5 1 35 46 62 3 333 3 3667 42 34 3 333 3 3667 55
4/4 73 3 2333 0 0 42 713 2 275 0 0 46 62 3 1333 0 0 42 34 3 4667 0 0 55 72 2 75 3 667 43 712 2 75 1 15 43 33 2 25 1 25 44 523 0 1 1 35 33 73 0 1 1 35 37 33 0 1 1 35 34 72 0 1 1 35 33 522 1 5 1 35 27
4/4 523 0 1 0 0 33 73 0 1 0 0 37 33 0 1 0 0 34 72 0 1 0 0 33 522 1 25 0 0 27 713 1 5 1 15 68 223 1 5 3 2333 73 63 0 1 0 3 39 713 0 1 0 3 38 34 3 667 3 3333 57 42 1 5 1 35 43
4/4 63 0 1 0 0 39 713 0 1 0 0 38 34 3 833 0 0 57 42 3 833 0 0 43 712 2 75 3 333 45 33 2 25 2 125 46 63 2 175 2 225 43 713 0 1 0 3 31 34 0 1 0 3 37 64 0 1 0 3 40
4/4 35 2 125 0 0 68 63 3 917 0 0 43 713 0 1 0 0 31 34 0 1 0 0 37 64 0 2 0 0 40 24 0 1 2 125 57 35 3 333 2 225 49 44 0 1 0 3 30 64 0 1 0 3 33 71 3 667 3 3333 31 45 3 667 3 3333 44
4/4 44 0 1 0 0 30 64 0 1 0 0 33 71 3 583 0 0 31 45 0 4 0 0 44 42 3 667 3 333 39 12 2 25 3 1333 42 33 0 1 2 225 42 43 2 75 2 325 46
4/4 63 2 25 0 0 45 44 0 1 0 0 30 64 0 1 0 0 33 45 3 1583 0 0 44 43 2 25 0 0 46 13 2 225 2 125 41 34 3 1667 3 2333 37 23 2 25 2 375 34
4/4 74 0 4 0 0 20 23 2 575 0 0 34 34 3 83 0 0 37 75 2 375 2 25 26
4/4 74 1 5 0 0 20 75 1 15 0 0 26 23 0 1 2 375 30 63 0 1 2 375 33 54 0 1 2 375 26
4/4 14 0 4 0 0 33 23 0 1 0 0 30 63 0 1 0 0 33 54 0 1 0 0 26 55 1 5 2 125 41 55 1 5 0 2 62 55 1 5 0 3 68
4/4 55 0 1 0 0 66 14 2 1025 0 0 33 45 2 125 0 1 47 55 2 125 0 2 45 15 0 1 0 3 41
4/4 55 0 1 0 0 41 15 0 4 0 0 41 45 2 25 0 1 38 45 3 2333 3 1667 41
4/4 15 3 1667 0 0 41 45 3 2167 0 0 41
4/4 74 0 1 2 75 35 13 0 1 2 75 30 44 0 1 2 75 41 45 3 333 2 175 44 45 3 333 2 275 50 45 3 333 3 3667 58
4/4 74 0 1 0 0 35 13 0 1 0 0 30 44 0 1 0 0 41 45 0 1 1 5 67 35 0 1 1 15 51 45 0 1 3 2333 47 75 3 667 3 3333 36
4/4 75 3 333 0 0 36 45 2 75 3 333 37 45 0 1 3 1667 31 55 0 1 3 1667 42 45 0 1 0 2 38 35 0 1 0 2 40 24 0 1 3 2333 39 35 3 667 3 3333 38
4/4 35 3 2583 0 0 38 14 2 25 2 375 47
4/4 14 3 417 0 0 47 24 3 333 3 333 52 34 0 1 0 1 34 73 0 1 0 1 31 64 0 3 0 1 31 74 2 125 0 1 36 35 3 667 2 125 38 35 3 333 2 225 44 35 3 333 0 3 47
4/4 34 0 1 0 0 34 73 0 1 0 0 31 64 0 4 0 0 31 35 2 75 2 25 47 24 0 1 2 125 39 35 3 1667 3 2333 38
4/4 34 0 1 0 0 34 73 0 1 0 0 31 64 0 1 0 0 31 35 3 583 0 0 38 14 3 667 1 5 41 24 3 333 0 1 52 63 0 1 3 1667 31 54 0 1 3 1667 26 23 0 1 3 1667 25 35 2 75 2 175 39 74 2 225 2 175 40 35 1 5 2 275 46 35 2 25 2 375 39
4/4 63 0 1 0 0 31 54 0 1 0 0 26 23 0 1 0 0 25 35 2 25 0 0 39 74 0 4 0 0 40 35 0 1 2 75 46 24 2 125 2 175 37 35 0 1 0 3 46
4/4 63 0 1 0 0 31 54 0 1 0 0 26 23 0 1 0 0 25 74 0 10 0 0 40 35 1 5 0 0 46 14 3 667 1 15 47 24 3 667 0 2 45 44 0 1 3 2667 35 53 0 1 3 2667 36 13 0 1 3 2667 34 35 3 667 3 2667 47
4/4 35 3 333 0 0 53 44 0 1 0 0 35 53 0 1 0 0 36 13 0 1 0 0 34 35 3 333 0 1 47 35 3 333 0 2 42 35 0 1 0 3 43
4/4 44 0 1 0 0 35 53 0 1 0 0 36 13 0 1 0 0 34 35 2 25 0 0 43 75 2 75 2 25 32 35 1 5 3 2667 40 73 0 1 2 375 15 43 0 1 2 375 21 34 0 1 2 375 23
4/4 64 0 1 0 0 22 74 0 1 0 0 26 73 0 1 0 0 15 43 0 1 0 0 21 34 0 1 0 0 23 45 3 3667 3 333 30
4/4 64 0 1 0 0 22 74 0 1 0 0 26 45 3 1667 0 0 30
4/4
4/4
