4/4 32 0 1 0 3 44
4/4 72 3 667 0 0 36 43 2 25 0 1 44 53 0 2 0 2 45 23 0 1 0 3 36
4/4 53 3 333 0 0 32 32 0 1 0 3 36
4/4 72 2 75 0 0 46 43 2 25 2 75 50 53 2 225 2 175 42 44 2 125 2 275 44
4/4 53 2 125 0 0 38 74 0 1 3 3667 56 32 0 1 3 3667 32
4/4 74 0 1 0 0 71 32 0 1 0 0 43 72 1 5 3 667 41 43 2 25 3 1667 54 35 2 125 3 1667 70 53 3 1333 3 2667 39 24 1 5 1 35 69 23 3 333 3 3667 44
4/4 53 3 417 0 0 35 24 2 75 0 0 55 23 3 333 0 0 36 74 1 5 3 2667 76 14 3 333 3 3667 66 42 3 333 3 3667 34
4/4 14 0 7 0 0 62 42 3 667 0 0 52 12 3 667 2 75 31 53 2 25 3 1667 36 63 3 1333 3 2667 49 34 3 333 3 3667 37
4/4 63 3 2917 0 0 45 34 3 2667 0 0 30
4/4 14 0 1 0 0 56 64 0 1 0 0 60 43 0 1 0 0 41 13 1 5 0 1 44 54 2 25 2 175 37 65 2 75 2 175 64 64 2 25 2 275 61 64 3 667 3 3333 45 14 0 1 1 35 57 315 0 1 1 35 60 55 0 1 1 35 55 43 3 333 3 3667 42
4/4 64 3 2083 0 0 40 14 0 1 0 0 46 315 0 1 0 0 68 55 0 1 0 0 56 43 3 917 0 0 44 13 0 1 3 667 39 314 1 5 3 1667 32 315 1 5 1 25 75 64 2 75 2 325 46 14 0 1 3 3333 53 45 0 1 3 3333 67 42 1 5 1 35 47
4/4 64 2 425 0 0 41 14 0 1 0 0 49 45 0 1 0 0 71 42 1 5 0 0 48 12 3 667 3 333 46 53 2 25 3 1333 45 63 2 175 2 225 50 34 2 75 2 325 38
4/4 63 1 25 0 0 40 34 3 1917 0 0 41 55 1 5 2 125 82 65 1 5 0 2 60 224 0 1 2 275 49 45 0 1 2 275 57 75 0 1 0 3 76 53 2 75 2 325 60
4/4 73 2 125 0 0 61 224 0 1 0 0 48 45 0 1 0 0 57 75 0 1 0 0 72 53 2 25 0 0 42 223 0 1 0 1 47 44 0 1 2 175 52 75 0 1 2 175 72 224 0 1 2 275 56 75 0 1 2 275 49 74 0 1 2 275 36
4/4 45 3 333 3 667 64 315 1 25 1 15 69 12 0 1 1 25 59 53 3 667 3 3333 48
4/4 315 1 35 0 0 60 53 3 333 0 0 52 13 2 25 3 333 41 44 0 2 3 1333 37 314 0 1 3 2333 36 74 0 1 3 2333 39
4/4 45 0 1 2 25 77 223 0 1 2 25 45 55 1 5 0 1 94 14 0 1 2 175 61 35 0 1 2 175 61 65 2 175 0 2 81 42 0 1 0 2 62 12 1 5 0 3 56 63 2 25 2 375 56
4/4 14 0 1 0 0 54 35 0 1 0 0 50 13 2 175 2 75 45 65 3 333 2 75 73 65 0 1 2 175 66 64 0 1 2 175 45 14 0 1 2 175 62 35 3 333 3 3667 72
4/4 24 3 3333 3 667 76 72 0 1 1 15 57 43 3 667 1 25 38 13 1 5 1 35 54
4/4 24 3 2667 0 0 78 34 0 2 3 333 39 74 0 1 3 1333 51 23 0 1 3 1333 29 35 1 5 3 3333 75
4/4 45 3 333 3 333 78 23 0 1 0 1 55 54 0 1 0 1 62 74 0 1 0 1 70 52 0 1 3 1333 45 22 2 175 2 225 51 73 3 333 0 3 74
4/4 53 3 333 0 0 64 22 2 25 0 0 65 223 3 2333 3 667 52 314 2 325 3 667 67 74 2 225 0 1 74 522 0 1 0 1 77 313 3 1667 2 175 54 73 1 5 2 275 57 223 2 25 2 375 51
4/4 13 0 1 2 25 43 34 0 1 2 25 41 64 0 1 3 667 53 74 0 1 3 667 54 42 0 1 3 667 45 12 1 5 3 1667 47 63 0 1 3 2667 52 13 2 25 3 3667 33
4/4 23 3 3333 3 667 33 313 3 3333 3 667 30 524 0 1 3 667 36 74 0 1 3 667 52 224 3 2333 0 1 59 714 3 667 3 3333 37
4/4 23 3 667 0 0 41 313 3 167 0 0 27 714 3 583 0 0 40 73 0 1 1 15 30 23 0 1 1 15 30 54 0 1 1 15 49 74 0 1 2 175 34 32 0 1 2 175 38 72 1 5 0 3 42
4/4 35 3 1667 0 0 59 53 2 25 0 0 44 73 2 275 2 75 47 24 0 2 0 2 61 54 3 1333 0 2 28
4/4 74 1 5 2 75 78 34 1 25 1 15 51 54 0 1 3 1667 47 64 0 1 3 1667 61 14 0 1 3 1667 53 42 0 1 2 175 36 12 3 667 2 275 49 53 3 333 3 3667 70
4/4 54 0 1 0 0 47 64 0 1 0 0 47 14 0 1 0 0 66 53 3 167 0 0 66 63 0 1 1 5 65 13 3 2667 3 1333 76 34 3 1667 3 2333 61 54 3 333 2 325 53
4/4 13 3 833 0 0 59 64 0 2 2 25 57 14 0 2 2 125 67 43 2 125 2 125 57 13 2 175 2 225 46 65 0 1 2 325 77 54 0 1 2 325 39
4/4 13 2 25 0 0 55 64 3 333 2 25 58 43 0 1 0 1 33 314 0 1 0 1 39 64 0 1 0 1 39 14 0 1 0 1 42 55 2 175 1 15 57
4/4 315 1 5 2 25 69 64 0 1 0 1 45 14 0 1 0 1 48 45 0 1 0 1 60 42 0 1 2 125 48 12 2 75 2 225 46 63 3 667 0 3 56
4/4 13 3 3667 0 0 68 64 0 1 0 0 49 14 0 1 0 0 53 45 0 1 0 0 62 44 1 15 0 1 71 45 0 1 0 2 88 64 0 1 0 2 77 55 0 1 2 275 86 74 0 1 2 275 80 54 0 1 2 275 52 65 2 25 2 375 76 14 2 25 2 375 84
4/4 65 3 417 0 0 76 74 0 1 1 5 60 224 0 1 1 5 53 45 3 2667 2 75 68 52 0 1 2 75 64 75 2 225 0 1 74 43 1 5 2 175 61 73 2 125 3 2667 59 75 3 333 3 3667 81 223 3 333 3 3667 57
4/4 223 3 2917 0 0 61 74 0 1 2 25 29 224 0 1 2 25 49 45 0 1 1 5 49 75 0 1 1 5 66 44 2 125 1 5 44 53 0 1 1 25 37 45 0 1 1 25 58 315 3 667 3 3333 76
4/4 315 0 4 0 0 75 12 0 1 2 25 50 53 2 75 2 125 56 13 0 1 0 2 55 44 0 1 0 3 44
4/4 314 2 125 0 0 46 315 3 1583 0 0 76 44 2 125 0 0 46 45 1 5 0 2 80 55 1 5 0 3 74 14 0 1 1 35 56 35 0 1 1 35 61
4/4 65 2 225 0 0 58 42 0 1 0 0 48 14 0 1 0 0 44 35 0 1 0 0 56 12 3 667 2 75 43 63 2 25 2 175 57 13 0 1 2 275 36 65 3 333 2 275 64 65 0 1 3 3667 50 34 0 1 3 3667 34 14 0 1 3 3667 57 64 2 25 2 375 38
4/4 64 2 75 0 0 30 65 0 1 0 0 52 34 0 1 0 0 46 14 0 1 0 0 54 14 3 2333 3 1667 60 55 1 15 1 25 77 72 1 5 1 35 58
4/4 14 3 1417 0 0 59 55 1 5 0 0 67 72 1 5 0 0 44 43 3 667 1 5 37 45 3 1333 3 1333 66 13 2 25 3 1333 51 34 2 25 3 2333 43 64 0 1 0 3 31 714 0 1 2 325 43 23 0 1 2 325 32 35 0 1 2 325 52
4/4 64 0 2 0 0 30 714 0 1 0 0 29 23 0 1 0 0 41 35 0 1 0 0 58 24 3 667 3 1333 58 64 2 125 2 275 50 74 0 1 0 3 33 35 0 1 0 3 49 33 2 75 2 325 32
4/4 13 0 4 0 0 37 64 2 75 0 0 49 74 0 1 0 0 32 35 0 1 0 0 49 33 2 425 0 0 48 34 0 3 0 1 61 64 2 75 0 2 62 75 2 75 2 275 61 74 2 25 2 375 44
4/4 74 2 25 0 0 51 713 0 1 2 75 29 34 0 1 2 75 33 35 0 1 2 75 27 33 0 1 2 75 31 65 2 75 2 125 39 54 0 1 0 3 35 74 0 1 0 3 42 32 2 75 2 325 42 55 2 75 2 325 59
4/4 54 0 1 0 0 41 74 0 1 0 0 44 32 1 5 0 0 29 55 2 175 0 0 43 72 2 75 2 25 45 53 2 75 2 125 48 73 0 2 0 2 64 34 0 1 0 3 59
4/4 73 1 25 0 0 61 34 2 25 0 0 74 44 3 333 2 25 48 54 2 25 1 5 57 64 3 333 2 75 67 74 0 1 0 1 65 14 0 1 0 1 71 224 2 25 1 15 60 35 0 1 3 1667 71 45 0 1 3 1667 74 55 2 25 0 2 70 65 3 333 3 2333 84 75 0 1 1 25 69 15 0 1 1 25 68 225 0 1 0 3 81 72 2 75 2 325 60
4/4 43 2 75 0 0 67 225 2 75 0 0 82 72 3 583 0 0 71 13 2 75 0 1 67 225 2 25 2 175 85 223 2 175 2 175 63 224 0 1 3 2333 55 45 0 1 3 2333 55 65 0 1 3 2667 54 64 0 1 3 2667 48 225 0 1 3 2667 79
4/4 15 3 667 0 0 84 72 0 1 1 5 45 75 1 5 1 15 64 224 0 1 0 2 35 45 0 1 0 2 47 65 0 1 2 225 44 225 0 1 2 225 73 32 2 75 2 225 55 33 2 25 2 325 59
4/4 63 0 1 0 0 50 224 0 1 0 0 51 45 0 1 0 0 54 65 0 1 0 0 62 225 0 1 0 0 77 223 2 25 0 1 46 45 0 1 0 2 29 64 0 1 0 2 43 44 0 1 0 2 27 224 1 5 0 2 30 45 0 1 0 3 67
4/4 63 0 1 0 0 54 225 0 1 0 0 86 75 2 25 0 1 78 14 0 1 1 15 58 35 0 1 1 15 67 55 0 1 3 1667 65 15 0 1 3 1667 76 62 0 1 2 175 53 33 2 75 3 2667 66 73 3 333 3 3667 49
4/4 13 2 275 1 5 54 15 1 5 1 5 84 14 0 1 2 125 34 35 0 1 2 125 38 55 0 1 2 125 41 54 3 1667 1 15 42 15 3 667 1 15 71 75 2 75 0 3 62
4/4 65 2 25 2 25 68 14 3 2333 2 75 53 315 0 1 2 75 36 55 0 1 2 75 51 15 0 1 2 75 59 62 2 75 0 1 32 313 1 15 0 2 51 13 1 5 0 3 44
4/4 14 2 25 0 0 55 43 0 1 0 1 43 62 0 1 0 1 34 63 0 1 0 1 33 64 0 1 0 1 57 13 0 1 0 1 57 74 1 5 0 2 59 14 3 333 3 2333 68 224 2 25 3 2667 55 35 0 1 0 3 65 45 0 1 0 3 62 55 2 25 3 3333 80 65 0 1 1 35 72 75 0 1 1 35 62
4/4 15 3 333 0 0 73 225 2 25 2 25 70 36 3 333 1 5 86 222 0 1 2 75 78 316 1 15 2 75 66 63 3 667 2 175 74 34 1 5 3 2667 64 314 1 5 1 35 51 316 1 5 1 35 95
4/4 315 0 1 0 0 59 65 0 1 0 0 61 314 0 1 0 0 51 715 0 1 3 333 68 316 0 1 3 333 72 714 3 333 3 333 59 36 2 75 3 1667 73 222 2 175 0 2 53 225 3 667 0 3 88 315 0 1 1 35 56 65 0 1 1 35 53 715 2 25 2 375 59
4/4 522 0 1 0 0 59 316 0 4 0 0 71 715 2 325 0 0 71 315 0 1 0 0 64 65 0 1 0 0 53 222 0 1 2 75 60 63 3 667 2 175 39 713 2 25 3 2667 60 73 0 1 3 3667 44 523 0 1 3 3667 31 525 0 1 3 3667 52 75 0 1 3 3667 42
4/4 73 0 1 0 0 42 523 0 1 0 0 31 316 2 75 0 0 66 525 0 1 0 0 46 75 0 1 0 0 42 525 3 667 3 667 75 223 0 1 3 1333 53 74 0 1 3 1333 61 315 0 1 1 15 63 225 0 1 1 15 61 316 1 5 2 175 74 225 3 333 2 275 82 35 0 1 3 3333 33 525 0 1 3 3333 54 75 0 1 3 3667 53 36 0 1 3 3667 69 712 2 25 2 375 54
4/4 35 0 1 0 0 49 525 0 1 0 0 42 75 0 1 0 0 50 36 0 1 0 0 69 712 2 75 0 0 61 523 0 1 2 75 49 73 0 1 1 15 59 34 0 1 1 25 41 36 0 1 1 25 71 35 0 1 3 3333 53 525 0 1 3 3333 45 524 0 1 1 35 46 74 0 1 1 35 40 36 1 5 1 35 63
4/4 35 0 1 0 0 35 525 0 1 0 0 34 524 0 1 0 0 42 74 0 1 0 0 40 225 1 5 0 1 58 715 2 25 3 2333 59 73 0 1 3 3333 36 64 0 1 3 3333 27 14 0 1 3 3333 45 35 0 1 3 3333 46 75 2 25 2 375 45
4/4 73 0 1 0 0 31 64 0 1 0 0 36 14 0 1 0 0 42 35 0 1 0 0 36 75 2 225 0 0 52
4/4 73 0 1 2 25 18 64 0 1 2 25 23 45 0 1 2 25 33 24 3 3667 3 333 33 65 0 1 1 5 40 225 0 1 1 5 44 715 0 1 2 275 45
4/4 74 0 1 0 1 25 24 0 1 0 1 42 55 0 1 0 1 35 32 0 1 2 125 52 75 0 1 2 125 48 72 3 667 1 25 41 36 0 1 1 35 51 55 0 1 1 35 65 53 2 25 1 35 42
4/4 36 0 1 0 0 70 55 0 1 0 0 59 73 2 325 1 5 61 24 0 1 2 125 30 55 0 1 2 125 29 54 0 1 1 15 44 25 0 1 1 15 62
4/4 75 1 5 2 75 64 14 1 25 1 15 35 35 0 1 1 15 49 55 0 1 1 15 51 15 2 225 2 175 68 42 0 1 2 175 57 12 2 75 3 2667 52 53 1 5 1 35 66
4/4 14 3 2833 0 0 42 35 0 1 0 0 44 55 0 1 0 0 54 15 2 275 0 0 75 53 2 25 0 0 69 63 0 1 1 5 75 34 0 1 1 15 80 13 3 1667 3 2333 63 54 1 5 1 35 55
4/4 54 1 5 0 0 47 13 3 1333 0 0 63 64 0 2 1 5 53 14 3 1667 1 15 65 43 0 1 1 15 45 13 3 1667 3 2333 47 65 0 1 3 3333 73 54 0 1 3 3333 33
4/4 13 3 333 0 0 48 64 3 333 3 333 66 43 0 1 0 1 33 64 0 1 0 1 32 314 0 1 0 1 38 14 0 1 0 1 56 315 0 1 3 1333 38 55 0 1 3 1333 54
4/4 315 3 333 3 667 80 54 0 1 2 125 41 64 0 1 2 125 38 14 0 1 2 125 58 42 0 1 3 1667 35 45 3 2333 3 1667 62 12 2 75 1 25 50 63 3 333 1 35 56
4/4 54 0 1 0 0 44 64 0 1 0 0 37 14 0 1 0 0 45 45 3 1667 0 0 63 13 1 35 1 5 46 44 2 125 1 15 47 45 0 1 1 25 66 64 0 1 1 25 70 55 0 1 3 3333 87 74 0 1 3 3333 70 43 1 5 1 35 44
4/4 13 2 25 0 0 55 43 1 5 0 0 44 65 0 1 3 333 76 14 0 1 3 333 82 74 0 1 0 1 66 224 0 1 0 1 66 45 0 1 0 1 71 52 0 1 3 1333 54 75 3 2333 3 1333 67 53 3 667 3 2333 65 73 2 75 2 325 66
4/4 73 1 5 0 0 67 223 1 25 2 25 48 75 3 333 2 25 70 224 0 1 2 125 50 74 0 1 2 125 40 75 3 667 2 125 51 44 3 1667 2 125 37 45 3 333 2 325 57
4/4 315 2 375 2 25 65 12 2 125 0 1 53 53 0 1 0 2 45 13 2 25 0 3 44
4/4 44 2 175 0 0 45 315 2 225 0 0 83 74 0 1 0 1 41 314 0 1 0 1 33 45 0 1 0 3 68 13 0 1 0 3 43
4/4 55 2 75 0 0 89 14 0 1 2 75 52 35 0 1 2 75 52 42 0 1 0 1 52 65 2 225 0 1 75 12 3 667 0 2 57 63 2 25 0 3 39
4/4 13 0 4 0 0 44 65 3 333 0 0 51 64 0 1 0 1 27 14 0 1 0 1 52 65 1 15 0 1 48 14 0 1 0 3 43
4/4 55 2 225 0 0 66 13 3 333 0 0 35 44 0 1 0 1 29 73 0 1 0 1 40 64 0 3 0 1 32 45 2 75 2 325 39
4/4 73 2 275 2 125 34 64 0 1 2 125 40 714 0 1 2 125 15 35 3 2667 3 1333 41 24 1 5 1 35 42
4/4 73 1 5 0 0 43 64 0 1 0 0 29 714 0 1 0 0 31 24 2 75 0 0 38 35 0 1 0 2 49 714 0 1 0 2 49 74 0 1 0 2 45 62 0 1 0 2 33 33 2 75 2 325 42
4/4 36 0 1 2 25 55 715 0 1 2 25 46 73 0 1 2 25 42 713 2 125 2 125 55 225 0 1 0 2 45 75 0 1 0 2 47 34 0 1 0 2 36 74 0 1 0 3 29
4/4 715 0 1 0 0 46 714 1 5 2 25 48 35 3 333 0 1 38 75 2 175 2 225 42 34 2 175 2 225 46
4/4 75 2 25 0 0 47 34 2 525 0 0 45 65 1 25 1 5 42 35 3 1333 3 2667 47
4/4 35 3 1333 0 0 40 45 3 1333 2 125 32 54 0 1 2 375 31 74 0 1 2 375 24 24 0 1 2 375 19
4/4 55 0 4 0 0 36 54 0 1 0 0 32 74 0 1 0 0 21 24 0 1 0 0 20 32 3 1667 2 25 27 72 0 1 1 15 45 53 0 1 3 2667 34 73 3 333 3 3667 34
4/4 55 1 45 0 0 34 73 3 667 0 0 44 23 1 5 3 667 43 54 2 225 2 175 37 74 0 1 0 3 36
4/4 54 2 25 0 0 40 74 3 333 0 0 30 24 3 2667 3 333 46 25 2 25 3 2667 32
