4/4 63 0 1 0 1 22 54 0 1 0 1 35 23 0 1 0 1 41 55 3 333 2 275 47 55 2 25 2 375 48
4/4 63 0 1 0 0 23 54 0 1 0 0 21 23 0 1 0 0 30 55 3 83 0 0 52 55 3 333 3 667 69 55 0 1 1 15 80 45 0 1 3 2333 75 55 2 75 2 325 62
4/4 15 0 4 0 0 69 55 2 25 0 0 60 55 2 75 0 1 46 45 2 25 0 2 44 45 1 15 1 25 48
4/4 15 3 2333 0 0 65 45 1 25 0 0 44
4/4 44 1 35 1 5 31 74 0 1 3 667 35 13 0 1 3 667 44 45 3 333 0 2 31 45 3 333 2 275 68 45 3 333 3 3667 58
4/4 44 1 95 0 0 29 74 0 1 0 0 42 13 0 1 0 0 35 45 0 1 1 5 82 35 0 1 2 125 71 45 1 5 0 2 60 75 3 333 0 3 77 45 2 25 2 375 72
4/4 45 2 25 0 0 60 35 2 75 3 667 50 24 0 1 1 15 36 35 1 15 1 25 27
4/4 35 1 15 0 0 23 14 3 1333 3 2667 44 24 3 667 0 3 60 64 0 1 1 35 26 34 0 1 1 35 37 73 0 1 1 35 33 35 3 333 3 3667 39
4/4 14 3 5917 0 0 45 35 3 333 0 0 44 64 0 1 0 0 29 34 0 1 0 0 48 73 0 1 0 0 26 35 1 5 3 667 54 35 1 5 1 15 68 35 0 1 1 25 58 24 3 667 3 3333 46
4/4 24 3 333 0 0 40 35 0 2 3 333 53 14 3 1667 3 2333 52 24 2 75 2 275 62 63 0 1 1 35 26 23 0 1 1 35 30 54 0 1 1 35 29 35 1 5 1 35 46
4/4 14 0 4 0 0 58 63 0 1 0 0 30 23 0 1 0 0 42 54 0 1 0 0 33 35 2 25 0 0 54 35 1 5 1 5 54 35 1 5 1 15 54 35 3 667 3 2333 52 24 2 75 2 325 43
4/4 14 3 1333 0 0 51 63 0 1 0 0 41 23 0 1 0 0 28 54 0 1 0 0 29 24 2 25 0 0 42 35 0 2 2 25 39 14 3 667 2 225 59 24 2 25 2 275 56 53 2 75 2 325 33 13 0 1 3 3333 39 44 0 1 3 3333 30 74 0 1 3 3333 37 35 3 667 3 3333 37
4/4 53 0 4 0 0 34 13 0 1 0 0 31 44 0 1 0 0 29 74 0 1 0 0 39 35 3 83 0 0 53 35 3 333 1 5 59 35 3 333 3 1333 64 35 3 333 2 225 59 35 0 1 0 3 62
4/4 75 3 667 0 0 46 53 3 917 0 0 38 13 0 1 0 0 34 44 0 1 0 0 34 74 0 1 0 0 51 35 2 25 0 2 51 73 0 1 2 275 31 43 0 1 2 275 19 34 0 1 2 275 23 64 0 1 0 3 30 14 0 1 0 3 46 45 3 667 3 3333 28
4/4 73 0 1 0 0 38 43 0 1 0 0 30 34 0 1 0 0 28 64 0 1 0 0 44 14 0 1 0 0 30 45 3 2583 0 0 35 13 0 1 2 325 30 44 0 1 2 325 22 53 2 75 2 325 37
4/4 13 0 1 0 0 36 44 0 1 0 0 28 53 1 15 0 0 32 74 0 1 2 125 41 63 0 1 0 3 56
4/4 13 2 75 0 0 36 63 2 25 0 0 52 14 1 35 1 5 37 35 0 1 3 667 45 55 0 1 3 667 58 54 0 1 2 75 46 55 3 333 3 1667 61 44 0 1 2 175 43 55 0 1 3 2667 44 34 3 1333 3 2667 29 45 1 5 1 35 68
4/4 45 1 5 0 0 59 14 1 5 0 0 42 34 3 1667 0 0 40 55 0 1 1 5 75 15 1 5 3 1333 76 55 0 1 2 225 72 73 0 1 2 225 37 24 2 175 2 225 50 13 0 1 0 3 49 45 2 25 2 325 41 45 1 5 1 35 65
4/4 54 0 1 0 0 51 45 0 4 0 0 60 24 0 4 0 0 59 44 0 1 0 1 42 23 0 2 0 2 38
4/4 45 2 75 0 0 48 24 3 917 0 0 64 23 3 667 0 0 40 53 0 1 2 175 41 73 2 75 3 2667 60 74 2 75 2 325 35 24 0 1 3 3333 58 45 0 1 3 3333 56 44 3 333 3 3667 37
4/4 74 3 583 0 0 39 44 3 417 0 0 29 45 1 5 3 333 74 34 0 1 3 333 50 45 0 1 3 1333 69 23 3 2667 3 1333 42 35 2 125 2 225 75 45 0 1 0 3 74
4/4 75 3 333 0 0 66 23 3 83 0 0 40 74 0 1 3 667 39 24 0 1 3 667 48 13 0 1 3 667 48 45 0 1 2 75 62 34 0 1 3 1667 30 35 0 1 3 1667 50 24 0 1 3 2667 52 74 0 1 3 2667 39 35 1 5 1 35 42 64 1 5 1 35 31
4/4 35 1 25 0 0 54 64 1 5 0 0 32 54 0 1 1 5 29 14 3 667 3 3333 49 24 2 25 2 375 62
4/4 24 2 25 0 0 52 64 2 375 2 25 34 14 2 325 3 333 30 43 0 1 3 333 35 35 1 5 1 5 62 35 1 5 3 1333 60 63 2 75 3 1333 58 34 0 1 2 225 40 35 1 5 2 225 65 23 0 1 0 3 37 35 0 1 0 3 53
4/4 13 2 375 0 0 27 24 0 1 0 0 45 64 3 2583 0 0 26 35 2 125 2 125 33 14 3 667 0 3 68 24 1 5 1 35 64
4/4 44 0 1 0 0 53 74 0 1 0 0 64 35 0 1 0 0 72 53 0 1 0 0 39 35 1 5 0 1 83 73 2 75 0 1 46 35 1 5 2 175 74 44 0 1 0 2 50 34 0 1 2 275 38 35 0 1 2 275 63 74 2 25 2 375 47 24 2 25 2 375 49 23 2 25 2 375 24
4/4 74 3 1083 0 0 33 24 2 75 0 0 57 23 0 3 0 0 30 35 1 15 2 75 52 14 1 5 2 275 66 24 3 333 2 325 58 74 0 1 3 3667 63 714 0 1 3 3667 66 35 0 1 3 3667 74
4/4 63 0 1 0 0 55 74 0 1 0 0 64 714 0 1 0 0 53 35 0 1 0 0 69 713 0 1 2 75 51 35 1 5 2 75 81 35 1 5 3 1667 78 64 0 1 3 1667 50 524 0 1 1 25 40 35 3 333 1 25 46 34 1 5 1 35 37 35 3 333 1 35 50
4/4 34 1 5 0 0 41 75 0 1 1 5 62 63 3 667 3 1333 44 65 1 5 2 225 49 525 2 25 2 275 46 73 0 1 3 3333 27 44 0 1 3 3333 25 64 0 1 3 3333 32 35 0 1 3 3667 36 45 0 1 3 3667 40
4/4 73 0 1 0 0 28 44 0 1 0 0 34 64 0 1 0 0 30 35 0 1 0 0 32 45 0 1 0 0 45 73 0 1 2 375 55 54 0 1 2 375 54 714 0 1 2 375 46
4/4 73 0 1 0 0 38 54 0 1 0 0 41 714 0 1 0 0 36 24 0 1 2 25 47 55 0 1 2 25 74 714 0 1 2 225 28 44 0 1 2 225 40 53 0 1 2 225 37 35 0 1 2 225 42 45 0 1 2 225 45 65 0 1 2 225 34
4/4 14 0 1 2 25 42 35 0 1 2 25 43 63 0 1 2 25 48 55 0 1 2 25 49 75 0 1 2 25 55 34 2 75 0 1 59 75 0 1 2 125 65 55 0 1 2 125 62 54 0 1 0 2 48 74 0 1 0 2 56 34 0 1 2 275 56 75 0 1 2 275 83 75 0 1 3 3667 54 45 0 1 3 3667 67 53 0 1 3 3667 60
4/4 75 0 1 0 0 72 45 0 1 0 0 50 53 0 1 0 0 53 23 0 1 1 5 62 65 0 1 1 5 74 714 0 1 3 1333 72 55 0 1 3 1333 74 24 0 1 3 1333 69 44 0 1 3 1333 53 45 0 1 3 2333 64 23 0 1 3 2333 56 45 0 1 3 3333 42 24 0 1 3 3333 48 74 0 1 3 3333 41 12 0 1 3 3333 41
4/4 45 0 1 0 0 52 24 0 1 0 0 43 74 0 1 0 0 52 12 0 1 0 0 47 55 2 25 2 25 54 53 1 5 2 25 66 35 3 1333 3 667 59 54 0 1 3 667 52 23 3 333 0 1 44 34 1 5 0 2 39 54 0 1 0 3 33 74 0 1 0 3 26 55 0 1 0 3 57 35 0 1 0 3 40
4/4 54 0 1 0 0 29 74 0 1 0 0 34 55 0 1 0 0 53 35 0 1 0 0 39 65 0 1 2 75 65 53 0 1 2 75 49 14 0 1 3 2333 51 35 0 1 3 2333 42 55 0 1 3 2333 56 75 0 1 3 2333 43 62 0 1 1 25 54 33 0 1 3 3333 55 75 0 1 3 3333 73
4/4 33 0 1 0 0 57 75 0 1 0 0 79 73 2 75 2 25 70 13 0 1 0 1 49 75 0 1 0 1 73 15 2 25 1 15 69 713 0 1 2 175 33 44 0 1 2 175 49 714 0 1 2 225 47 24 0 1 2 225 52 45 0 1 2 225 61 75 1 5 1 25 68 65 3 333 3 3333 68
4/4 713 0 1 0 0 34 44 0 1 0 0 47 55 3 333 2 25 65 45 3 333 2 125 61 54 0 1 0 2 44 13 0 1 0 2 29 74 0 1 0 2 37 24 0 1 0 2 41 45 0 1 0 2 43 55 3 333 0 3 55
4/4 25 2 25 0 0 45 54 0 1 0 0 46 13 0 1 0 0 29 75 0 1 0 1 46 45 0 1 0 1 49
4/4 54 0 1 0 0 32 13 0 1 0 0 42 14 1 5 2 25 56 24 3 667 1 5 67 35 1 5 0 1 71 45 1 5 3 1333 68 55 2 225 2 175 57 43 0 1 2 175 50 13 2 75 3 2667 65 34 2 25 1 35 45
4/4 55 3 417 0 0 68 54 0 1 3 333 35 14 0 1 3 333 49 614 0 1 1 15 43 35 0 1 1 15 37 44 0 1 1 15 30
4/4 72 0 1 2 75 26 63 0 1 2 75 27 13 0 1 2 75 41 34 0 1 2 75 43 54 0 1 2 125 40 64 2 25 2 275 42 43 0 1 2 375 38 44 0 1 2 375 36 63 0 1 2 375 26 23 0 1 2 375 30 72 0 1 2 375 29
4/4 43 0 1 0 0 32 44 0 1 0 0 37 63 0 1 0 0 36 23 0 1 0 0 39 72 0 1 0 0 18 15 3 667 1 25 37 25 3 667 2 275 65 36 3 667 3 3333 74 46 2 25 2 375 75
4/4 46 2 25 0 0 66 56 2 275 2 25 52 44 0 1 2 25 48 14 0 1 0 1 52 35 2 25 0 2 52 55 0 1 0 3 45 15 0 1 0 3 51 45 2 25 2 375 35
4/4 36 0 1 0 0 43 615 2 175 0 0 29 45 1 25 0 0 34 46 0 1 2 75 59 36 0 1 3 1667 41 46 1 15 1 25 49 74 1 5 1 35 36
4/4 74 0 2 0 0 40 46 1 15 0 0 54 45 0 2 3 333 29 65 2 125 2 125 48 15 2 75 2 225 39 714 1 5 1 35 36 55 1 5 1 35 19 25 1 5 1 35 38
4/4 714 1 35 0 0 27 55 2 425 0 0 25 25 2 225 0 0 40 15 3 1333 2 225 57 25 1 5 1 35 65
4/4 25 3 167 0 0 53 55 0 1 3 667 19 15 0 1 3 667 43 36 0 1 3 667 42 13 0 1 2 75 42 36 0 1 0 2 50 15 0 1 0 2 63 54 2 75 0 2 40 25 0 1 2 275 58 46 0 1 2 275 49 35 0 1 2 275 55 36 0 1 3 3667 55 15 0 1 3 3667 55 54 3 333 3 3667 33
4/4 54 3 167 0 0 50 25 0 1 1 5 60 55 0 1 1 5 48 73 0 1 1 5 49 54 2 75 3 1333 56 55 0 1 0 2 64 74 0 1 0 2 38 24 0 1 2 225 47 74 0 1 2 225 47 54 0 1 0 3 43 75 0 1 0 3 59 14 0 1 1 35 45 35 0 1 1 35 48 55 0 1 1 35 50 63 2 25 2 375 45 15 2 25 2 375 61
4/4 14 0 1 0 0 36 35 0 1 0 0 38 55 0 1 0 0 55 63 2 75 0 0 53 15 2 25 0 0 62 34 2 25 3 667 39 15 2 75 3 667 67 74 0 1 1 15 39 75 0 1 1 15 63 64 0 1 3 2333 50 65 0 1 3 2333 54 74 0 1 0 3 37 35 0 1 0 3 49 45 0 1 0 3 43 53 0 1 0 3 25 75 3 667 3 3333 42
4/4 75 3 1833 0 0 35 34 2 175 2 25 41 35 0 1 2 125 53 44 0 1 2 125 36 74 0 1 2 275 39 35 0 1 2 275 53 523 0 1 2 275 51 75 2 75 0 3 44
4/4 65 1 5 0 0 59 73 2 75 0 0 44 65 0 1 3 667 66 34 0 1 3 667 51 35 0 1 2 75 60 525 3 333 1 15 70 73 2 75 1 15 56 64 0 1 2 225 52 224 0 1 2 225 42 65 2 125 3 2333 58 43 0 1 3 2333 46 223 3 667 2 325 36
4/4 35 0 1 2 25 62 64 3 333 2 25 49 65 3 333 0 1 53 23 0 1 0 2 28 714 0 1 0 2 24 24 0 1 0 2 47 313 0 1 0 2 37 714 0 1 0 2 34 24 0 1 0 2 53 525 0 1 3 2333 37 75 0 1 3 2333 57
4/4 715 2 25 0 1 56 43 3 2333 3 1667 43 72 2 225 2 175 44 74 0 1 0 2 22 24 0 1 0 2 42 23 0 2 0 2 35 45 0 1 2 225 45 75 0 1 2 225 53
4/4 15 0 1 0 0 74 14 0 1 0 0 75 43 0 1 0 0 38 72 2 75 0 0 41 23 0 1 0 0 29 25 0 1 0 1 59 24 0 1 0 1 74 36 0 1 2 175 67 55 0 1 2 175 65 15 0 1 2 175 51 12 0 1 2 175 58 35 1 5 2 225 52 53 2 75 3 2667 74 55 0 1 3 2667 66 15 0 1 3 2667 53 36 0 1 3 2667 67 35 2 25 0 3 67 46 0 1 1 35 82 25 0 1 1 35 57 34 1 5 1 35 66
4/4 35 3 333 0 0 61 34 2 25 0 0 56 36 0 1 2 25 73 15 0 1 2 25 78 53 2 75 3 333 66 35 3 333 3 667 64 25 0 1 2 125 74 75 0 1 2 125 67 72 2 75 2 125 55 24 1 5 1 15 52 53 0 1 0 2 47 35 1 5 0 2 56 45 2 25 3 2333 71 55 1 5 2 275 64 23 2 75 2 275 54 24 1 5 2 325 67 55 0 1 3 3667 62 53 0 1 3 3667 56 75 0 1 3 3667 75
4/4 24 3 333 0 0 75 55 0 1 0 0 66 53 0 1 0 0 60 75 0 1 0 0 65 15 0 1 3 667 68 55 0 1 3 667 68 62 0 1 3 667 50 14 1 5 0 1 60 55 0 1 1 15 66 35 0 1 1 15 62 15 0 1 1 15 74 33 0 1 1 15 62 14 3 333 0 2 62 75 0 1 3 2333 73 13 0 1 3 2333 62 55 0 1 3 2333 70 35 0 1 3 2333 71 14 1 5 2 275 62 33 2 75 2 325 61 35 0 1 2 325 69 65 0 1 2 325 61 14 2 25 3 3667 56
4/4 75 0 1 0 0 64 45 0 1 0 0 64 52 0 1 0 0 48 55 3 667 3 333 66 45 0 1 2 75 66 33 0 1 2 75 63 35 3 333 2 125 68 74 2 25 3 1667 67 73 3 333 3 1667 52 54 1 5 0 2 69 44 1 5 1 25 63 33 2 25 1 25 38 34 2 25 0 3 42 74 0 1 1 35 75 524 0 1 1 35 53 73 0 1 1 35 53 522 0 1 1 35 52 34 0 1 1 35 62 33 0 1 1 35 54
4/4 64 3 333 3 333 74 73 0 1 2 125 56 523 0 1 2 125 46 64 0 1 2 125 64 34 1 5 2 125 69 524 3 333 0 2 60 63 0 1 0 3 34 222 0 1 0 3 38 42 0 1 0 3 47 223 0 1 0 3 41 44 0 1 0 3 43 64 0 1 0 3 48
4/4 63 0 1 0 0 28 222 0 1 0 0 47 42 0 1 0 0 37 223 0 1 0 0 48 44 0 1 0 0 47 64 0 1 0 0 50 74 0 1 2 75 68 73 0 1 2 75 59 714 3 333 3 1667 72 314 0 1 2 225 47 64 0 1 2 225 48 312 0 1 2 225 54 224 3 667 1 25 76 714 3 333 3 3333 80
4/4 313 0 1 2 25 45 223 0 1 2 25 38 714 0 1 2 25 58 314 0 1 2 25 53 63 0 1 2 25 46 74 2 25 2 125 50 32 2 75 2 225 49 714 0 1 3 2333 54 34 0 1 3 2333 49 54 0 1 3 2333 39
4/4 223 0 1 2 25 57 73 0 1 2 25 49 74 0 1 2 25 60 34 0 1 2 25 71 53 0 1 2 25 60 714 3 333 0 1 85 224 2 25 3 1667 70 34 2 75 2 225 52 64 0 1 3 2333 66 62 0 1 3 2333 59 714 0 1 3 2333 67 35 3 1667 3 2333 60 33 2 25 2 325 77
4/4 524 0 1 0 0 81 73 0 1 0 0 60 713 0 1 0 0 65 35 3 83 0 0 76 64 0 1 0 1 68 74 0 1 2 175 67 34 0 1 2 175 75 522 1 5 2 175 46 64 0 1 3 2667 59 714 0 1 3 2667 64 33 0 1 3 2667 50 34 0 1 3 3667 57 523 0 1 3 3667 62 74 0 1 3 3667 61 35 0 1 3 3667 58 73 0 1 3 3667 36
4/4 75 0 1 3 667 60 524 0 1 3 667 54 74 0 1 3 667 51 525 0 1 3 667 48 64 1 25 1 15 52 35 3 2333 3 1667 55 65 2 225 2 175 56 42 3 667 2 175 46 43 3 333 3 2667 59 63 2 25 1 35 41
4/4 35 3 667 0 0 50 65 2 175 0 0 53 713 2 25 3 333 50 714 1 5 2 125 35 34 0 1 3 1333 30 64 0 1 3 1333 30 36 0 1 3 2333 68 714 0 1 3 3333 48 25 0 1 3 3333 64 35 0 1 3 3333 43
4/4 36 1 5 3 333 67 45 0 1 0 1 39 75 0 1 0 1 37 36 0 1 3 1333 36 46 0 1 3 1333 45 72 0 1 3 1333 32 43 2 75 3 2333 59 13 2 25 2 325 55
4/4 34 2 75 0 0 40 45 0 1 0 0 36 75 0 1 0 0 42 36 0 1 0 0 43 46 0 1 0 0 46 64 2 75 2 75 45 14 2 25 2 175 55 45 3 667 3 2667 53 65 2 25 3 3667 29
4/4 15 1 25 2 75 36 36 2 325 2 75 38 66 0 1 0 1 31 76 0 1 0 1 42 37 0 2 2 125 42
4/4 36 2 275 0 0 41 66 0 1 0 0 25 76 0 1 0 0 39 26 2 175 0 1 32
4/4 56 0 2 3 1667 41 63 1 15 3 1667 22 34 1 5 1 25 37 54 1 5 0 3 40 34 1 5 1 35 48
4/4 63 0 1 0 0 49 56 0 1 0 0 53 34 1 5 3 333 42 56 0 1 0 1 65 54 0 1 0 1 53 34 1 5 2 125 64 56 0 1 2 175 75 63 3 667 2 175 47 34 1 5 2 225 57 46 0 1 1 25 68 54 1 5 1 25 64 34 1 5 0 3 57 56 3 667 3 3333 71 63 1 5 1 35 54 34 2 25 2 375 48
4/4 34 2 25 0 0 53 56 3 333 0 0 56 16 0 1 2 25 70 54 1 5 3 333 42 34 1 5 2 75 62 63 0 1 2 125 54 56 0 1 2 125 64 34 1 5 3 1667 42 46 2 25 2 225 57 54 1 5 2 225 42 34 1 5 3 2667 52 46 3 1333 3 2667 69 63 3 667 0 3 56 34 1 5 1 35 64
4/4 44 1 5 0 0 43 46 3 6167 0 0 72 34 1 5 3 333 47 63 1 5 2 75 59 34 1 5 2 125 49 44 3 333 3 1667 57 34 1 5 0 2 49 63 1 5 1 25 44 34 2 25 0 3 53 24 2 25 1 35 51
4/4 34 1 5 0 0 37 13 3 667 2 75 54 54 1 5 2 125 54 24 1 5 2 175 42 54 3 667 2 225 58 55 0 1 3 2667 50 25 0 1 3 2667 54 13 0 1 3 2667 59 46 0 1 3 2667 67 54 1 5 2 325 55 46 0 1 3 3667 72 24 0 1 3 3667 66
4/4 54 1 5 0 0 54 55 0 1 0 0 75 46 0 1 1 5 64 13 0 1 1 5 64 25 0 1 1 5 61 54 1 5 0 1 55 36 0 1 3 1333 78 24 0 1 3 1333 61 54 3 333 2 175 54 55 0 1 0 2 51 25 0 1 0 2 52 13 0 1 0 2 39 46 0 1 0 2 50 54 1 5 3 2667 34 76 0 1 0 3 63 24 0 1 0 3 41 54 2 25 1 35 43
4/4 75 0 1 0 0 41 25 0 1 0 0 50 73 3 667 0 0 42 46 2 75 2 25 47 54 1 5 3 667 59 36 0 1 2 125 73 24 0 1 2 125 49 54 1 5 1 15 48 25 0 1 0 2 60 45 0 1 0 2 59 73 2 25 0 2 53 54 1 5 1 25 51 55 0 1 0 3 56 36 0 1 0 3 57 24 3 333 0 3 53 54 1 5 3 3333 60 73 2 25 2 375 54
4/4 55 0 1 0 0 54 36 0 1 0 0 60 54 3 333 2 25 45 14 3 333 3 667 47 54 1 5 0 1 56 73 1 5 1 15 46 54 1 5 0 2 51 15 3 667 1 25 58 74 2 25 1 25 55 54 0 1 0 3 49 25 0 1 0 3 61 55 0 1 1 35 33 65 0 1 1 35 39 15 0 1 1 35 55 43 0 1 2 375 44 36 0 1 2 375 59
4/4 55 0 1 0 0 44 65 0 1 0 0 40 15 0 1 0 0 57 43 0 1 0 0 43 36 0 1 0 0 42 13 1 5 3 333 47 36 0 1 2 75 66 64 0 1 2 75 51 13 0 1 2 125 57 55 0 1 2 125 77 43 0 1 3 1667 49 36 0 1 3 1667 68 65 0 1 3 1667 65 13 1 5 0 2 63 64 0 1 1 25 64 36 0 1 1 25 74 13 1 5 0 3 69 45 0 1 3 3333 48 75 0 1 3 3333 58 25 0 1 3 3333 66 43 0 1 3 3333 55 13 2 25 2 375 57
4/4 13 2 25 0 0 46 55 0 1 2 25 71 36 0 1 2 25 78 64 2 25 3 333 45 13 1 5 2 75 50 43 3 333 2 125 53 13 3 333 3 1667 53 64 2 25 0 2 46 15 1 5 0 2 74 13 0 1 1 25 50 25 0 1 1 25 68 35 0 1 0 3 49 75 0 1 0 3 51 53 0 1 0 3 61 36 0 1 0 3 67 34 1 5 1 35 56
4/4 36 0 1 0 0 77 74 0 1 0 0 62 34 2 25 3 333 71 53 3 333 2 75 59 36 0 1 2 75 80 75 0 1 2 75 77 34 1 5 2 125 60 74 0 1 3 1667 44 36 0 1 3 1667 71 34 2 25 0 2 56 25 0 1 1 25 57 45 0 1 1 25 58 53 0 1 1 25 53 34 1 5 0 3 59 36 0 1 3 3333 56 55 0 1 3 3333 70 74 2 25 3 3333 40 34 2 25 2 375 45
4/4 36 0 1 0 0 53 55 0 1 0 0 64 53 2 25 3 333 43 34 1 5 2 75 49 15 0 1 2 125 78 74 0 1 2 125 44 25 0 1 3 1667 61 34 0 1 3 1667 53 55 3 1333 0 2 48 15 0 1 2 225 54 36 0 1 2 225 54 63 0 1 2 225 62 36 0 1 2 225 74 34 1 5 2 275 46 36 3 667 2 325 67 14 2 25 2 325 43 34 2 25 2 375 53
4/4 36 0 1 0 0 83 63 0 1 0 0 46 34 2 25 0 0 53 34 1 5 1 5 58 36 0 1 0 1 68 14 0 1 0 1 43 34 3 333 1 15 61 36 0 1 2 175 71 75 0 1 2 175 52 63 3 333 2 175 44 34 1 5 3 2333 52 76 0 1 2 275 70 14 2 25 2 275 40 34 1 5 2 325 45 63 2 25 2 375 38
4/4 63 2 25 0 0 52 34 1 5 2 25 47 14 0 1 3 667 37 66 0 1 3 667 58 56 0 1 2 125 58 34 0 1 2 125 49 45 0 1 2 175 30 55 0 1 2 175 34 15 0 1 2 175 52 46 0 1 2 175 69 53 3 333 0 2 45 23 2 75 3 2333 58 14 2 25 2 275 52 54 3 333 2 325 60 53 2 25 3 3667 50
4/4 23 2 75 0 0 56 45 0 1 0 0 40 55 0 1 0 0 30 15 0 1 0 0 45 46 0 1 0 0 68 14 2 25 1 5 42 54 2 25 0 1 58 53 2 25 1 15 44 23 1 5 0 2 55 714 1 5 1 25 60 54 3 333 0 3 34 53 2 25 3 3333 43
4/4 23 3 333 0 0 57 714 1 5 3 333 44 54 2 25 0 1 43 62 3 667 2 175 54 33 1 5 2 225 61 55 0 1 2 275 58 15 0 1 2 275 61 73 0 1 2 275 64 56 0 1 2 275 61 13 1 5 2 325 82 56 0 1 3 3667 82 54 0 1 3 3667 62
4/4 13 2 25 0 0 38 56 0 1 0 0 86 54 0 1 0 0 58 73 0 1 1 5 48 56 0 1 1 5 65 13 2 25 0 1 53 56 0 1 1 15 52 62 1 5 1 15 61 33 3 333 0 2 57 46 0 1 3 2333 73 73 1 5 3 2333 60 13 3 333 2 275 70 56 3 667 3 3333 61 54 2 25 3 3333 55 13 2 25 2 375 49
4/4 56 3 333 0 0 63 13 2 25 0 0 44 16 2 75 2 25 60 73 3 333 2 25 43 13 2 25 3 667 65 72 1 5 0 1 73 56 0 1 0 1 63 43 2 25 1 15 68 46 2 25 0 2 58 73 3 333 0 2 43 13 1 5 3 2333 62 46 1 15 1 25 69 44 1 5 0 3 52 13 1 5 3 3333 44 23 2 25 2 375 53
4/4 46 0 4 0 0 70 13 2 25 2 25 46 72 1 5 3 667 64 43 1 5 0 1 66 13 1 5 1 15 77 23 1 5 0 2 71 44 1 5 1 25 60 23 1 5 0 3 64 13 2 25 3 3333 59 23 2 25 2 375 72
4/4 52 1 5 2 25 70 22 0 1 3 667 75 45 0 1 3 667 46 75 0 1 0 1 54 43 0 1 0 1 67 15 0 1 0 1 60 46 0 1 0 1 67 73 1 5 1 15 58 46 0 1 0 2 80 23 0 1 0 2 53 73 1 5 1 25 51 43 0 1 0 3 49 46 0 1 0 3 54 73 2 25 3 3333 50 46 2 25 2 375 74 52 2 25 2 375 49
4/4 46 1 5 0 0 82 52 2 25 0 0 51 22 1 5 2 25 71 43 3 333 3 667 59 36 2 75 2 75 70 73 3 333 2 125 59 23 2 25 3 1667 70 46 2 75 3 1667 79 73 1 5 0 2 50 76 0 1 1 25 67 43 0 1 1 25 52 73 3 333 0 3 62 55 0 1 3 3333 55 75 0 1 3 3333 49 46 0 1 3 3333 65 12 0 1 1 35 67 46 0 1 1 35 59
4/4 53 3 333 0 0 69 12 0 1 0 0 58 46 0 1 0 0 67 23 1 5 3 333 66 36 2 75 3 333 75 34 1 5 2 75 71 25 0 1 2 125 79 74 3 333 2 125 54 34 3 333 3 1667 51 23 3 333 0 2 58 36 0 2 0 2 77 34 2 25 1 25 57 12 1 5 0 3 63 53 2 25 1 35 61
4/4 23 3 333 0 0 67 36 2 125 0 0 74 34 1 5 3 333 68 74 3 333 2 75 61 34 1 5 3 1333 43 15 0 1 2 175 68 23 0 1 2 175 50 34 2 25 2 225 58 25 3 333 3 2333 50 35 0 1 3 2667 55 65 0 1 3 2667 51 15 0 1 3 2667 68 42 0 1 3 2667 61 36 0 1 3 2667 66 12 2 25 3 3333 58 36 0 1 2 375 85 53 0 1 2 375 61
4/4 36 0 1 0 0 79 53 0 1 0 0 73 63 1 5 2 25 63 34 0 1 3 667 67 36 0 1 3 667 68 63 1 5 0 1 53 36 0 1 1 15 87 53 1 5 1 15 57 63 2 25 0 2 71 42 0 1 3 2333 53 25 0 1 3 2333 87 12 2 25 2 275 54 36 2 75 2 325 67 53 1 5 2 325 59 63 2 25 2 375 66
4/4 36 2 75 0 0 77 63 2 25 0 0 65 34 3 333 2 25 59 63 3 333 3 667 45 53 2 25 0 1 56 15 1 5 0 1 79 63 2 25 1 15 52 25 2 25 1 15 70 35 2 25 0 2 57 35 0 1 0 2 60 75 0 1 0 2 60 52 0 1 0 2 55 36 0 1 0 2 66 33 1 5 1 25 55 36 0 1 0 3 77 53 0 1 0 3 59 73 1 5 1 35 74
4/4 34 0 1 0 0 64 36 0 1 0 0 78 73 1 5 3 333 61 36 3 667 2 75 71 53 2 25 2 75 57 73 2 25 2 125 70 25 2 75 3 1667 82 52 1 5 2 175 49 33 3 333 2 225 61 36 3 1333 3 2667 69 53 3 333 3 2667 63 73 1 5 0 3 53 34 1 5 1 35 68
4/4 73 1 5 0 0 47 36 3 167 0 0 71 15 0 1 3 333 71 53 0 1 3 333 51 73 2 25 0 1 65 25 1 5 0 1 73 35 0 1 3 1333 56 65 0 1 3 1333 63 62 0 1 3 1333 55 715 0 1 3 1333 67 36 0 1 3 1333 67 33 2 25 0 2 53 36 0 1 1 25 70 73 0 1 1 25 70 713 1 5 0 3 74 524 2 25 1 35 78 36 1 5 1 35 75 713 2 25 2 375 51
4/4 713 3 83 0 0 33 73 0 1 3 333 54 36 0 1 3 333 74 713 2 25 2 75 54 36 2 75 2 125 62 62 1 5 2 125 62 33 3 333 3 1667 46 73 3 333 0 2 55 76 1 15 0 2 67 713 2 25 1 25 48 524 3 333 0 3 60 713 2 25 3 3333 63 66 2 25 2 375 60 73 2 25 2 375 39
4/4 66 2 25 0 0 59 713 0 1 2 25 47 526 0 1 2 25 71 65 0 1 2 75 67 36 0 1 2 75 72 46 0 1 2 75 66 72 3 667 0 1 58 43 1 5 3 1333 58 73 1 5 2 175 70 34 1 5 2 225 64 44 1 5 3 2667 81 34 1 5 0 3 57 73 1 5 1 35 45
4/4 34 2 25 0 0 52 73 0 1 1 5 49 44 0 1 1 5 48 64 0 1 2 75 49 14 0 1 2 75 59 35 0 1 2 125 68 55 0 1 2 125 69 714 0 1 0 3 47 53 0 1 0 3 46 44 0 1 0 3 30 24 0 1 0 3 52 45 0 1 0 3 42 65 3 667 3 3333 60
4/4 714 0 1 0 0 46 53 0 1 0 0 46 44 0 1 0 0 44 24 0 1 0 0 47 45 0 1 0 0 38 65 3 333 0 0 47 14 0 1 0 1 56 35 0 1 0 1 63 55 0 1 0 1 62 62 0 1 0 1 49 75 1 5 2 125 55 33 2 25 2 175 63 75 0 1 2 225 81 63 1 5 2 225 58 73 1 5 1 25 60 13 3 667 0 3 75 34 1 5 1 35 64
4/4 75 0 1 0 0 81 54 0 1 0 0 59 74 2 25 3 333 57 714 0 1 2 75 56 24 0 1 2 75 51 52 0 1 2 75 52 45 0 1 2 75 58 75 0 1 2 75 66 22 2 25 3 1333 57 53 0 1 2 175 64 65 0 1 2 175 81 713 3 333 2 225 49 23 3 333 3 2667 63 55 2 75 3 2667 71 44 2 25 0 3 48 54 0 1 3 3667 52 45 0 1 3 3667 59
4/4 714 2 25 0 0 58 54 0 1 0 0 59 45 0 1 0 0 66 54 0 1 1 5 64 74 0 1 1 5 71 12 0 1 1 5 76 24 0 1 1 5 59 45 0 1 1 5 79 53 2 25 0 1 53 73 0 1 1 15 62 55 0 1 1 15 75 13 1 5 0 2 56 35 3 667 0 2 70 23 1 5 3 2333 55 34 2 25 2 275 54 54 2 25 2 325 51 74 2 25 2 375 54
4/4 64 0 1 3 333 55 73 0 1 3 333 33 45 0 1 3 333 41 15 0 1 3 333 64 224 0 1 3 333 54 65 0 1 3 333 40 74 0 1 0 2 52 224 0 1 0 2 50 45 0 1 0 2 65 33 0 1 0 2 42 223 0 1 0 2 42 75 0 1 0 2 48 55 3 333 2 325 82 65 3 333 3 3667 83
4/4 14 0 1 0 0 48 35 0 1 0 0 53 55 0 1 0 0 58 62 0 1 0 0 51 75 1 5 3 333 54 33 2 25 2 75 50 63 1 5 2 125 64 75 3 1333 2 125 86 73 1 5 3 1667 68 13 3 667 2 225 73 34 1 5 1 25 61 75 0 1 0 3 72 54 0 1 0 3 59 13 2 25 1 35 73
4/4 714 0 1 0 0 60 35 0 1 0 0 65 52 0 1 0 0 56 55 0 1 0 0 58 75 0 1 0 0 71 22 2 25 1 5 71 53 0 1 0 1 50 65 0 1 0 1 75 713 2 25 3 1333 53 55 3 667 2 175 76 23 2 25 2 175 56 44 1 5 2 225 50 714 2 25 2 275 51 45 1 5 2 275 78 54 2 75 2 325 57 74 0 1 3 3667 55 12 0 1 3 3667 57 45 0 1 3 3667 77 24 0 1 3 3667 65
4/4 54 2 25 0 0 66 74 0 1 0 0 61 12 0 1 0 0 49 45 0 1 0 0 65 24 0 1 0 0 59 53 3 333 2 25 55 13 3 333 3 667 41 55 2 25 3 667 60 23 1 5 0 1 46 55 2 25 0 1 79 34 1 5 3 1667 54 54 2 25 0 2 43 14 1 5 1 25 49 24 2 25 0 3 60 55 0 1 3 3667 55 26 0 1 3 3667 49 35 0 1 3 3667 51 25 0 1 3 3667 35
4/4 55 0 1 0 0 37 26 0 1 0 0 40 35 0 1 0 0 36 25 0 1 0 0 36 14 2 75 0 2 44 24 3 667 3 2667 82 35 3 667 0 3 74 45 2 25 1 35 69
4/4 614 0 1 0 0 43 14 0 1 0 0 61 55 0 1 0 0 66 42 0 1 2 25 43 12 3 667 0 1 42 53 2 25 0 2 62 14 0 1 2 275 52 613 0 1 2 275 49 35 0 1 2 375 55 13 0 1 2 375 27 614 0 1 2 375 37 34 0 1 2 375 52
4/4 35 0 1 2 175 32 614 0 1 2 175 47 15 0 1 2 175 67 55 0 1 2 175 50 25 3 667 2 225 65 36 1 5 3 2667 60 46 3 333 2 325 62 74 3 333 3 3667 32 35 3 333 3 3667 25 55 0 1 2 375 44 15 0 1 2 375 50
4/4 74 3 1917 0 0 39 35 3 1667 0 0 25 55 0 1 0 0 47 15 0 1 0 0 39 56 2 75 2 25 57 66 2 25 2 175 60 74 0 1 3 2667 29 24 0 1 3 2667 42 65 0 1 3 2667 34 46 0 1 3 2667 51
4/4 14 3 2667 3 1333 49 55 0 1 0 3 44 43 2 75 2 325 40
4/4 13 3 667 0 0 49 14 3 1333 0 0 46 55 1 15 0 0 57 43 1 5 0 0 45 54 0 1 0 1 46 44 0 1 2 175 46 14 0 1 2 175 41 34 0 1 2 275 37 614 0 1 2 275 45 35 0 1 2 275 51 45 2 25 2 375 58
4/4 34 0 1 0 0 43 614 0 1 0 0 33 45 2 75 0 0 72 35 0 1 3 667 43 13 0 1 3 667 34 45 3 2333 3 1667 60 44 0 1 3 2667 38 73 0 1 3 2667 32 64 0 1 3 2667 27 14 0 1 3 2667 30
4/4 45 3 333 0 0 56 44 0 1 0 0 38 73 0 1 0 0 26 64 0 1 0 0 43 14 0 1 0 0 39 35 3 333 2 75 52 75 3 667 2 175 56 54 0 1 0 3 28 713 0 1 0 3 28 24 0 1 0 3 39 55 0 1 0 3 48 715 3 333 3 3667 44
4/4 54 2 375 0 0 31 713 0 1 0 0 22 24 0 1 0 0 43 55 0 1 0 0 32 715 3 2917 0 0 39
4/4 15 3 1333 0 0 60 25 2 75 2 125 57 36 1 5 3 2333 58 13 3 1667 3 2333 39 54 0 1 1 35 38 36 0 1 1 35 63 34 0 1 1 35 49
4/4 13 3 1333 0 0 26 54 0 1 2 25 56 46 0 1 2 25 64 34 0 1 2 25 46 54 2 75 0 1 51 34 0 1 0 1 55 36 0 1 0 1 66 73 0 2 0 2 59 25 2 75 0 2 61 54 0 1 2 275 42 23 0 1 2 275 38 55 0 1 1 35 52 23 0 1 1 35 47 54 0 1 1 35 54
4/4 73 3 667 0 0 62 23 0 1 3 333 37 54 0 1 3 333 39 75 0 1 3 333 68 14 0 1 0 1 47 35 0 1 0 1 40 55 0 1 0 1 41 15 0 1 0 1 57 63 2 275 2 125 51 54 0 1 2 225 38 34 0 1 2 225 35 15 0 1 2 225 71 54 0 1 0 3 53 75 0 1 0 3 68 34 0 1 0 3 42 65 0 1 2 375 74 54 0 1 2 375 54
4/4 34 3 667 0 0 48 65 0 1 0 0 76 54 0 1 0 0 52 63 2 25 0 0 35 74 0 1 3 667 44 53 0 1 3 667 34 45 0 1 3 667 56 75 0 1 3 667 54 35 1 25 2 75 44 34 0 1 2 175 44 73 0 1 2 175 31 34 0 1 1 25 42 73 0 1 1 25 40 34 0 1 1 35 52 73 0 1 1 35 45
4/4 74 0 1 2 25 44 35 0 1 2 25 35 523 2 275 1 5 54 75 2 75 1 5 56 65 0 1 1 15 69 34 0 1 1 15 47 73 0 1 1 15 40 34 0 1 2 225 57 65 0 1 2 225 60 73 0 1 2 225 57 525 0 1 0 3 86 34 0 1 0 3 56 73 0 1 0 3 58 64 0 1 3 3667 54 224 0 1 3 3667 39
4/4 43 2 275 0 0 58 65 2 125 0 0 59 64 0 1 0 0 53 224 0 1 0 0 42 223 0 1 2 75 58 63 0 1 2 75 37 224 0 1 3 1667 59 223 0 1 3 1667 55 63 0 1 3 1667 52 223 0 1 1 25 48 65 0 1 1 25 66 63 0 1 1 25 38 714 0 1 3 3333 35 24 0 1 3 3333 48 525 0 1 3 3333 49 313 1 5 1 35 39 75 3 333 3 3667 62
4/4 714 0 1 0 0 36 24 0 1 0 0 41 525 0 1 0 0 47 313 1 25 0 0 43 75 3 667 0 0 62 713 0 1 1 5 58 23 0 1 1 5 58 75 0 1 3 1333 68 713 0 1 3 1333 39 23 0 1 3 1333 58 24 0 1 3 1333 47 525 0 1 3 1333 51 715 0 1 3 2333 64 713 0 1 3 2333 56 23 0 1 3 2333 43 74 0 1 3 3333 35 24 0 1 3 3333 52 22 0 1 3 3333 48 45 0 1 3 3333 51 75 0 1 3 3333 54
4/4 74 0 1 0 0 32 24 0 1 0 0 39 22 0 1 0 0 48 45 0 1 0 0 36 75 0 1 0 0 55 73 2 25 3 667 53 14 0 1 1 15 34 74 0 1 1 15 53 23 0 1 1 15 49 44 0 1 1 15 58 45 0 1 1 15 69 15 0 1 1 15 72 24 0 1 1 25 71 25 0 1 1 25 74 22 0 1 1 25 63 12 1 5 1 35 41 36 0 1 3 3667 63 15 0 1 3 3667 56
4/4 35 1 5 0 0 53 12 1 5 0 0 48 36 0 1 0 0 58 15 0 1 0 0 54 53 2 75 1 5 59 15 0 1 1 5 56 36 0 1 1 5 73 35 3 333 0 1 63 34 2 75 3 1333 48 46 0 1 3 1333 71 25 0 1 3 1333 60 45 1 5 2 175 62 36 0 1 2 225 49 15 0 1 2 225 54 53 2 75 2 225 44 35 1 5 3 2667 55 75 0 1 0 3 60 25 0 1 0 3 55 72 2 75 0 3 59 24 1 5 1 35 48
4/4 53 0 1 0 0 43 35 1 5 0 0 60 45 2 25 3 333 62 23 0 1 2 75 59 55 2 25 2 75 74 24 1 5 2 125 62 75 0 1 3 1667 65 55 0 1 3 1667 72 53 0 1 3 1667 54 24 3 333 2 225 57 15 0 1 3 2667 58 55 0 1 3 2667 51 62 0 1 3 2667 48 14 1 5 0 3 61 33 1 5 1 35 50 15 0 1 3 3667 66 55 0 1 3 3667 44
4/4 14 1 5 0 0 66 33 1 5 0 0 49 15 0 1 0 0 60 55 0 1 0 0 48 75 0 1 3 333 58 55 0 1 3 333 50 13 0 1 3 333 50 14 2 25 2 75 72 33 0 1 2 125 43 65 0 1 2 125 60 45 0 1 2 125 49 14 2 25 2 175 55 75 0 1 2 225 71 45 0 1 2 225 53 52 0 1 2 225 55 74 1 5 3 2667 43 33 0 1 0 3 44 35 0 1 0 3 56 45 1 5 1 35 47
4/4 35 0 1 0 0 56 73 0 1 0 0 40 24 1 5 1 5 40 74 0 1 0 1 49 34 0 1 0 1 43 54 2 25 3 1667 52 523 0 1 1 25 34 73 0 1 1 25 34 34 0 1 2 275 44 44 0 1 2 275 47 74 1 5 0 3 59
4/4 64 1 5 0 0 67 73 2 125 1 5 59 64 1 5 0 1 59 522 0 1 0 1 46 34 0 1 0 1 43 524 2 25 2 175 61 42 0 1 3 2667 27 222 0 1 3 2667 31 63 0 1 2 275 16 223 0 1 2 275 42 64 0 1 2 275 54
4/4 42 0 1 0 0 29 222 0 1 0 0 40 63 0 1 0 0 20 223 0 1 0 0 42 64 0 1 0 0 55 74 1 5 0 1 61 714 1 5 0 2 72 313 0 1 0 3 40 223 3 667 0 3 39 314 0 1 2 325 41 64 0 1 2 325 53 224 0 1 2 325 65
4/4 314 0 1 0 0 34 64 0 1 0 0 44 224 0 1 0 0 53 714 3 333 2 25 68 312 0 1 0 1 31 714 0 1 0 1 63 74 2 25 0 2 54 32 2 75 2 325 34 34 0 1 2 325 31 714 0 1 2 325 44 54 0 1 2 325 51
4/4 32 2 25 0 0 33 34 0 1 0 0 42 714 0 1 0 0 49 54 0 1 0 0 46 53 0 1 0 1 54 223 0 1 0 1 45 34 0 1 3 1333 45 54 0 1 3 1333 45 74 0 1 3 1333 68 714 3 333 2 225 82 224 3 333 0 3 66 74 3 667 3 3333 41 714 1 5 1 35 49 63 3 333 3 3667 32 35 3 333 3 3667 61
4/4 74 3 2333 0 0 34 714 2 275 0 0 54 63 3 1333 0 0 47 35 3 4667 0 0 60 73 2 75 3 667 47 713 2 75 1 15 51 34 2 25 1 25 47 524 0 1 1 35 37 74 0 1 1 35 31 34 0 1 1 35 44 73 0 1 1 35 32 523 1 5 1 35 18
4/4 524 0 1 0 0 24 74 0 1 0 0 29 34 0 1 0 0 25 73 0 1 0 0 37 523 1 25 0 0 32 714 1 5 1 15 73 224 1 5 3 2333 80 64 0 1 0 3 36 714 0 1 0 3 33 35 3 667 3 3333 62 43 1 5 1 35 49
4/4 64 0 1 0 0 48 714 0 1 0 0 34 35 3 833 0 0 56 43 3 833 0 0 42 713 2 75 3 333 44 34 2 25 2 125 48 64 2 175 2 225 53 714 0 1 0 3 35 35 0 1 0 3 44 65 0 1 0 3 41
4/4 36 2 125 0 0 69 64 3 917 0 0 39 714 0 1 0 0 30 35 0 1 0 0 45 65 0 2 0 0 35 25 0 1 2 125 47 36 3 333 2 225 55 45 0 1 0 3 40 65 0 1 0 3 36 72 3 667 3 3333 25 46 3 667 3 3333 54
4/4 45 0 1 0 0 21 65 0 1 0 0 37 72 3 583 0 0 36 46 0 4 0 0 46 43 3 667 3 333 42 13 2 25 3 1333 41 34 0 1 2 225 41 44 2 75 2 325 54
4/4 64 2 25 0 0 47 45 0 1 0 0 36 65 0 1 0 0 43 46 3 1583 0 0 37 44 2 25 0 0 54 14 2 225 2 125 35 35 3 1667 3 2333 41 24 2 25 2 375 43
4/4 75 0 4 0 0 19 24 2 575 0 0 40 35 3 83 0 0 36 76 2 375 2 25 25
4/4 75 1 5 0 0 30 76 1 15 0 0 18 24 0 1 2 375 35 64 0 1 2 375 25 55 0 1 2 375 20
4/4 15 0 4 0 0 43 24 0 1 0 0 34 64 0 1 0 0 28 55 0 1 0 0 19 56 1 5 2 125 46 56 1 5 0 2 55 56 1 5 0 3 69
4/4 56 0 1 0 0 70 15 2 1025 0 0 34 46 2 125 0 1 55 56 2 125 0 2 36 16 0 1 0 3 47
4/4 56 0 1 0 0 45 16 0 4 0 0 32 46 2 25 0 1 29 46 3 2333 3 1667 31
4/4 16 3 1667 0 0 40 46 3 2167 0 0 31
4/4 75 0 1 2 75 27 14 0 1 2 75 23 45 0 1 2 75 49 46 3 333 2 175 53 46 3 333 2 275 45 46 3 333 3 3667 57
4/4 75 0 1 0 0 44 14 0 1 0 0 33 45 0 1 0 0 48 46 0 1 1 5 61 36 0 1 1 15 49 46 0 1 3 2333 42 76 3 667 3 3333 33
4/4 76 3 333 0 0 46 46 2 75 3 333 31 46 0 1 3 1667 25 56 0 1 3 1667 33 46 0 1 0 2 37 36 0 1 0 2 39 25 0 1 3 2333 49 36 3 667 3 3333 32
4/4 36 3 2583 0 0 35 15 2 25 2 375 43
4/4 15 3 417 0 0 44 25 3 333 3 333 56 35 0 1 0 1 31 74 0 1 0 1 38 65 0 3 0 1 29 75 2 125 0 1 41 36 3 667 2 125 41 36 3 333 2 225 51 36 3 333 0 3 47
4/4 35 0 1 0 0 44 74 0 1 0 0 40 65 0 4 0 0 25 36 2 75 2 25 47 25 0 1 2 125 39 36 3 1667 3 2333 45
4/4 35 0 1 0 0 29 74 0 1 0 0 22 65 0 1 0 0 28 36 3 583 0 0 47 15 3 667 1 5 31 25 3 333 0 1 57 64 0 1 3 1667 29 55 0 1 3 1667 25 24 0 1 3 1667 20 36 2 75 2 175 48 75 2 225 2 175 40 36 1 5 2 275 51 36 2 25 2 375 37
4/4 64 0 1 0 0 24 55 0 1 0 0 25 24 0 1 0 0 18 36 2 25 0 0 44 75 0 4 0 0 46 36 0 1 2 75 54 25 2 125 2 175 42 36 0 1 0 3 36
4/4 64 0 1 0 0 40 55 0 1 0 0 36 24 0 1 0 0 24 75 0 10 0 0 48 36 1 5 0 0 51 15 3 667 1 15 53 25 3 667 0 2 37 45 0 1 3 2667 36 54 0 1 3 2667 42 14 0 1 3 2667 31 36 3 667 3 2667 39
4/4 36 3 333 0 0 55 45 0 1 0 0 30 54 0 1 0 0 36 14 0 1 0 0 38 36 3 333 0 1 44 36 3 333 0 2 40 36 0 1 0 3 41
4/4 45 0 1 0 0 44 54 0 1 0 0 34 14 0 1 0 0 44 36 2 25 0 0 42 76 2 75 2 25 28 36 1 5 3 2667 30 74 0 1 2 375 16 44 0 1 2 375 13 35 0 1 2 375 19
4/4 65 0 1 0 0 25 75 0 1 0 0 18 74 0 1 0 0 20 44 0 1 0 0 21 35 0 1 0 0 15 46 3 3667 3 333 32
4/4 65 0 1 0 0 14 75 0 1 0 0 33 46 3 1667 0 0 28
4/4
4/4
