4/4 54 2 75 2 75 47 614 2 75 1 15 48 714 0 1 2 225 51 53 0 1 2 225 39 23 0 1 2 225 38 54 2 125 2 275 45 24 1 5 1 35 53
4/4 24 2 75 0 0 53 53 0 1 0 0 39 23 0 1 0 0 38 54 0 1 0 0 45 714 1 5 1 15 44 523 0 1 2 225 41 23 0 1 2 225 43 614 1 15 2 225 47 24 1 5 1 35 52
4/4 523 0 1 0 0 41 23 0 1 0 0 43 24 3 167 0 0 52 614 2 25 0 1 55 313 0 2 0 2 31 713 0 1 0 2 46 54 0 1 0 2 50 53 2 175 2 225 35 314 2 25 2 275 46 314 1 5 1 35 54
4/4 313 2 75 0 0 31 314 3 167 0 0 54 53 2 75 0 0 35 524 1 5 2 75 53 54 1 25 1 15 49 613 2 175 2 225 36 523 0 1 2 225 35 712 0 1 2 225 30 23 2 175 2 225 44
4/4 613 1 5 0 0 36 523 0 1 0 0 35 712 0 1 0 0 30 23 3 333 0 1 58 314 3 1667 2 225 55 13 0 1 2 225 51 12 0 1 2 225 38 53 2 175 2 225 36 524 1 5 1 35 55
4/4 13 0 1 0 0 51 12 0 1 0 0 38 53 1 15 0 0 36 54 1 5 2 75 52 614 2 25 1 15 53 53 0 1 0 2 35 712 0 1 0 2 36 613 0 1 0 2 41 23 0 1 0 2 49 54 3 333 1 35 50
4/4 53 0 1 0 0 35 712 0 1 0 0 36 614 3 333 2 75 58 714 2 25 1 15 57 13 0 1 0 2 38 314 0 1 0 2 42 14 0 1 0 2 49 612 0 1 0 2 38 53 0 1 0 2 38 14 2 25 3 3333 60
4/4 714 2 25 0 0 54 612 0 1 0 0 38 53 0 1 0 0 38 614 2 25 3 667 57 54 2 25 2 125 56 614 0 1 0 2 44 314 0 1 0 2 43 13 0 1 0 2 37 53 0 1 0 2 33 22 0 1 0 2 37
4/4 53 0 1 0 0 33 22 0 1 0 0 37 54 2 75 2 75 62 614 2 25 1 15 68 53 0 2 0 2 41 714 0 1 0 2 65 23 0 1 0 2 51 54 2 125 2 275 48 24 3 667 3 3333 54
4/4 53 3 1333 0 0 41 714 0 1 0 0 65 23 0 1 0 0 51 54 2 75 0 0 48 24 3 333 0 0 54 714 1 5 3 1333 61 614 3 1667 0 2 55 23 0 2 0 2 51 523 0 2 0 2 40 24 1 5 3 3333 52
4/4 23 2 25 0 0 51 523 2 75 0 0 40 614 3 333 3 667 59 54 1 15 2 175 54 713 0 1 0 2 47 53 0 1 0 2 39 313 0 2 0 2 42 314 2 25 1 25 46 314 1 5 2 325 57
4/4 313 2 25 0 0 42 524 1 5 1 5 55 54 1 25 0 1 59 712 0 1 2 175 35 523 0 1 2 175 36 23 0 1 2 175 47 613 0 1 2 175 39
4/4 712 0 1 0 0 35 523 0 1 0 0 36 23 1 5 1 5 59 53 0 1 2 175 37 12 0 1 2 175 43 314 1 15 2 175 58 13 2 175 2 175 48 524 1 5 2 325 64
4/4 53 0 1 0 0 37 12 0 1 0 0 43 54 1 5 3 333 60 614 2 25 0 1 57 53 0 1 3 1667 37 712 0 1 3 1667 41 613 0 1 3 1667 44 23 0 1 3 1667 53 54 3 333 2 325 54
4/4 53 0 1 0 0 37 712 0 1 0 0 41 614 2 25 3 333 62 714 2 25 0 1 58 13 0 1 3 1667 44 314 0 1 3 1667 45 614 0 1 3 1667 45 53 0 1 3 1667 36 612 0 1 3 1667 29 614 2 25 3 3667 52
4/4 614 0 1 3 333 47 22 0 1 3 333 42 524 0 1 3 333 48 53 0 1 3 333 37 22 0 1 3 333 42 23 0 1 3 333 47 524 0 1 3 333 48 54 2 25 0 1 58 52 0 1 3 1667 46 54 3 2333 3 1667 60 22 1 15 1 25 34 713 0 1 0 3 39 53 0 1 0 3 27
4/4 713 0 1 0 0 39 53 0 1 0 0 27 54 3 3917 0 0 60 22 1 15 0 0 34 23 3 2333 1 5 49 52 0 1 3 1667 50 22 3 1667 3 2333 42 713 3 667 0 3 47 53 0 1 0 3 38
4/4 53 3 333 0 0 38 22 3 583 0 0 42 13 1 5 3 333 56 23 1 5 0 1 60 53 0 1 1 15 45 613 0 1 1 15 48 21 2 75 1 15 51 612 2 175 2 225 41 22 0 1 0 3 43 53 1 5 1 35 48
4/4 613 1 5 0 0 52 22 3 333 0 0 43 612 1 5 0 0 41 53 3 167 0 0 48 53 3 2333 2 75 49 21 3 2667 3 1333 33 612 1 25 1 15 33 523 3 1667 1 15 44
4/4 21 3 83 0 0 33 612 3 833 0 0 33 714 1 5 2 25 67 14 3 333 2 75 77 23 0 1 3 1333 38 54 0 1 3 1333 54 52 0 1 3 1333 51 24 0 1 3 1333 64 714 2 25 1 15 43 22 1 5 0 2 48 24 0 1 2 275 74 53 0 1 2 275 48 713 3 667 3 3333 48
4/4 23 2 25 0 0 50 24 3 667 0 0 72 23 2 25 3 667 57 23 0 1 0 1 51 524 0 1 0 1 54 24 0 1 0 1 70 21 0 1 0 1 52 612 1 5 0 2 48 24 0 1 1 25 62 523 0 1 1 25 50 315 0 1 0 3 68 613 0 1 0 3 48 24 0 1 2 375 63 524 0 1 2 375 67 23 0 1 2 375 47
4/4 14 3 333 3 333 80 23 0 1 0 1 51 54 0 1 0 1 59 312 0 1 0 1 50 714 0 1 0 1 73 712 3 667 3 1667 49 714 0 1 3 2333 64 54 0 1 3 2333 59 523 2 25 3 2333 48 53 3 667 0 3 52 714 0 1 3 3667 51 54 0 1 3 3667 51 713 0 1 3 3667 42
4/4 23 0 1 3 667 48 524 0 1 3 667 47 714 0 1 3 667 67 711 0 1 3 667 56 14 3 333 1 15 68 522 2 75 1 15 51 714 0 1 2 225 57 612 0 1 2 225 51 23 0 1 2 225 52 614 2 25 2 275 71 22 3 667 2 275 44 54 0 1 3 3333 57 713 0 1 3 3333 55 523 0 1 3 3333 35
4/4 524 0 1 0 0 62 613 0 1 0 0 67 53 0 1 3 667 64 314 0 1 3 667 68 11 0 1 3 667 54 13 0 1 3 667 58 52 1 5 3 1333 47 314 0 1 0 2 68 22 0 1 0 2 48 524 0 1 3 2667 62 313 0 1 3 2667 47 54 0 1 2 325 63 53 0 1 2 325 47 614 2 25 2 375 67
4/4 711 0 1 1 5 48 23 0 1 1 5 60 53 0 1 1 5 57 52 2 25 2 125 46 54 0 1 2 175 60 22 0 1 2 175 48 713 0 1 2 175 53 53 2 25 1 25 48 614 2 25 0 3 70 714 2 25 2 375 65
4/4 13 0 1 2 25 50 314 0 1 2 25 61 611 0 1 2 25 48 14 0 1 2 25 67 312 3 333 0 1 49 314 0 1 3 1667 59 14 0 1 3 1667 60 12 0 1 3 1667 44 714 0 1 2 225 58 313 0 1 2 225 47 713 0 1 2 275 43 13 0 1 2 275 57 614 0 1 2 275 58 314 0 1 2 275 51 54 2 25 1 35 63
4/4 13 0 1 0 0 43 21 0 1 0 0 50 314 2 125 0 0 54 614 2 175 2 25 62 612 2 25 2 75 46 23 0 1 1 15 41 523 0 1 1 15 36 714 2 25 2 275 70 14 2 25 3 3333 74
4/4 24 0 1 0 0 77 52 0 1 0 0 52 22 0 1 2 75 49 23 0 1 2 75 55 24 0 1 3 1333 70 53 0 1 3 1333 49 23 2 25 0 2 54 713 3 667 0 2 39 24 0 1 3 2667 62 714 0 1 3 2667 64 23 0 1 3 2667 46 23 0 1 1 35 51 524 0 1 1 35 57 614 0 1 1 35 59 21 0 1 2 375 57 24 0 1 2 375 70
4/4 23 0 1 0 0 51 524 0 1 0 0 57 614 0 1 0 0 59 21 0 1 0 0 57 24 0 1 0 0 70 612 1 5 1 5 59 24 0 1 0 1 65 23 0 1 0 1 64 22 3 667 0 1 49 315 0 1 3 1667 67 314 0 1 3 1667 68 523 3 667 3 1667 47 24 0 1 3 2333 64 613 0 1 3 2333 42 23 0 1 3 2333 57 14 0 1 0 3 70 13 0 1 0 3 65 714 0 1 1 35 71 54 0 1 1 35 63 23 0 1 1 35 65 312 0 1 1 35 50
4/4 714 0 1 0 0 71 54 0 1 0 0 63 23 0 1 0 0 65 312 0 1 0 0 50 712 1 5 2 25 51 523 2 25 2 75 50 714 0 1 2 75 64 54 0 1 2 75 58 53 3 667 1 15 48 714 0 1 0 2 54 54 0 1 0 2 49 713 0 1 0 2 41 23 0 1 0 3 51 524 0 1 0 3 61 711 0 1 0 3 56 714 0 1 0 3 71 14 2 25 2 375 68
4/4 522 3 667 0 0 56 14 3 83 0 0 68 714 0 1 1 5 65 612 0 1 1 5 54 614 2 25 0 1 73 22 1 5 0 1 48 523 0 1 2 175 51 54 0 1 2 175 63 23 0 1 2 175 63 524 0 1 3 2333 64 613 0 1 3 2333 67 314 0 1 0 3 71 11 0 1 0 3 55 53 0 1 0 3 62 52 3 333 3 3667 48
4/4 52 3 167 0 0 48 314 0 1 2 25 68 22 0 1 2 25 48 313 0 1 2 75 47 524 0 1 2 75 59 54 0 1 1 15 67 53 0 1 1 15 46 614 2 25 0 2 70 711 0 1 2 275 48 613 0 1 2 275 62 23 0 1 2 275 58 52 2 25 1 35 48
4/4 54 0 1 0 0 56 713 0 1 0 0 52 22 2 25 0 0 51 53 2 25 3 667 46 614 3 333 3 1333 64 714 2 25 0 2 53 13 0 1 3 2333 47 314 0 1 3 2333 50 614 0 1 3 2333 59 611 1 5 1 25 45 312 1 5 2 325 45 12 2 25 2 375 40
4/4 614 2 25 1 5 57 613 0 1 0 1 43 614 0 1 0 1 48 22 0 1 0 1 44 524 0 1 0 1 47 23 0 1 0 1 47 54 2 25 2 175 53 54 3 1667 3 2333 51 52 0 1 3 2333 48 713 0 1 3 2333 52 22 0 1 0 3 39 713 0 1 3 3667 43 53 0 1 3 3667 45
4/4 54 3 1083 0 0 51 713 0 1 0 0 43 53 0 1 0 0 45 23 3 333 0 1 49 52 2 175 2 225 52 22 0 1 0 3 41 53 1 5 1 35 61
4/4 613 2 75 0 0 62 52 2 25 0 0 52 22 0 1 0 0 41 53 2 25 0 0 61 712 1 5 2 75 39 713 0 1 2 75 50 53 0 1 2 75 48 13 2 25 3 1333 50 53 0 1 2 175 39 613 0 1 2 175 45 21 2 75 0 2 49 23 1 15 0 2 55 612 3 1333 3 2667 46 22 3 667 3 3333 45
4/4 313 3 667 0 0 47 22 3 667 0 0 45 612 3 667 0 0 46 53 3 667 3 667 44 23 3 1333 2 125 46 612 0 1 0 2 32 22 0 1 0 2 28 21 0 2 0 2 31 523 3 667 0 2 42 24 3 667 3 3333 42
4/4 612 0 1 0 0 32 22 0 1 0 0 28 24 3 833 0 0 42 21 3 333 0 0 31 54 2 75 2 75 74 614 2 75 3 1333 73 714 0 1 0 2 65 51 0 1 0 2 49 54 2 75 2 275 58 21 3 333 2 275 44 52 1 5 3 3333 53 24 3 667 3 3333 68
4/4 712 0 1 0 0 51 24 3 1083 0 0 68 22 1 5 3 667 59 53 2 25 2 125 59 714 2 75 2 125 67 614 3 1333 2 175 71 21 2 75 2 175 58 612 1 5 1 25 47 24 0 1 0 3 65 523 1 5 2 325 48 22 2 25 2 375 46
4/4 22 1 5 0 0 46 24 1 5 0 0 65 614 0 1 1 5 65 613 0 1 1 5 44 54 0 1 2 175 72 312 0 1 2 175 58 314 2 25 3 2333 64 712 3 667 3 2333 47 523 3 667 0 3 49 314 0 1 0 3 68 712 3 333 3 3667 50
4/4 712 3 667 0 0 50 314 2 25 0 0 68 524 0 1 2 25 67 53 0 1 2 25 49 54 3 667 0 1 65 23 0 2 1 15 60 711 2 75 1 15 50 522 2 75 2 225 48 612 1 5 0 3 48 22 1 5 1 35 42
4/4 22 2 25 0 0 42 23 0 1 2 25 68 612 0 1 2 25 48 522 3 333 2 75 55 314 0 1 3 1333 73 11 0 1 3 1333 56 52 3 667 0 2 48 524 0 1 3 2667 76 22 0 1 3 2667 51 313 2 75 2 325 48
4/4 53 0 1 0 0 48 54 0 1 0 0 68 614 2 25 1 5 73 711 3 667 2 125 54 23 2 125 2 125 66 52 1 5 2 175 51 54 0 1 1 25 72 22 0 1 1 25 45 712 0 1 0 3 51 53 0 1 2 375 50 614 0 1 2 375 73
4/4 53 0 1 0 0 50 614 0 1 0 0 73 714 2 25 3 333 76 14 0 1 0 1 68 611 0 1 0 1 54 314 0 1 0 1 67 312 3 667 2 175 51 14 0 1 3 2333 68 712 0 1 3 2333 50 714 2 25 0 3 70 12 1 5 0 3 56 614 0 1 1 35 73 313 0 1 1 35 47
4/4 54 2 25 2 25 72 614 0 2 2 75 65 54 0 1 2 75 65 21 0 1 2 75 52 612 1 5 1 15 46 524 0 1 0 2 52 523 0 1 0 2 42 54 3 667 3 3333 72
4/4 614 2 25 0 0 71 54 3 83 0 0 72 714 0 1 1 5 71 51 0 1 1 5 53 54 3 2333 2 125 67 21 1 5 2 125 52 24 0 1 2 175 70 52 1 5 0 2 57 712 2 75 1 25 57 22 3 667 0 3 61 714 0 1 3 3667 73 53 0 1 3 3667 58
4/4 614 2 125 3 333 73 522 2 75 3 333 63 22 3 667 0 1 51 523 2 25 3 1667 53 24 2 125 3 1667 64 613 1 5 2 225 55 614 0 1 2 275 70 22 0 1 2 275 48 522 2 25 1 35 51
4/4 54 0 1 0 0 70 312 0 1 0 0 59 314 2 25 2 75 65 712 3 667 2 75 45 314 0 1 3 1333 70 313 0 1 3 1333 52 53 3 667 0 2 49 524 0 1 3 2667 71 313 0 1 3 2667 51 712 2 25 2 325 50 54 3 667 2 325 67 711 2 25 2 375 57
4/4 23 0 2 0 0 58 711 3 417 0 0 57 522 3 667 1 5 48 612 2 75 0 1 50 22 3 667 2 175 54 23 0 1 3 2333 74 612 0 1 3 2333 52 522 2 25 0 3 51 11 0 1 3 3667 56 314 0 1 3 3667 78
4/4 11 0 1 0 0 56 314 0 1 0 0 78 52 3 667 2 25 51 524 0 1 2 75 78 22 0 1 2 75 48 52 3 667 1 15 49 54 0 1 0 2 70 313 0 1 0 2 50 614 0 1 3 2667 67 52 0 1 3 2667 48 711 3 667 3 3333 51 23 3 667 3 3333 72
4/4 52 1 5 0 0 52 23 3 333 0 0 72 22 0 1 1 5 49 54 0 1 1 5 72 52 2 25 2 125 52 53 0 1 2 175 53 614 0 1 2 175 71 714 2 25 1 25 71 614 0 1 0 3 68 13 0 1 0 3 62 611 3 667 2 325 49 312 2 25 2 375 47
4/4 614 0 1 0 0 68 13 0 1 0 0 62 312 3 417 0 0 47 12 1 5 3 333 46 313 0 1 0 1 49 314 0 1 0 1 68 524 0 1 3 1667 68 23 0 1 3 1667 65 21 0 1 3 1667 50 54 0 1 3 2333 67 612 0 1 3 2333 51 51 0 1 0 3 53 713 0 1 0 3 65 54 0 1 0 3 68 21 3 333 3 3667 48
4/4 713 0 1 0 0 65 54 3 1333 0 0 68 21 3 167 0 0 48 52 3 667 2 25 53 712 2 75 2 75 57 22 2 75 1 15 62 53 3 1667 0 2 63 54 3 1333 3 2667 74 52 3 667 3 2667 59 712 2 75 2 325 56
4/4 614 0 1 0 0 71 22 0 1 0 0 61 23 0 1 1 5 64 53 0 1 1 5 46 713 2 25 0 1 64 714 1 5 0 1 76 23 2 25 2 175 62 23 0 1 0 2 60 54 0 1 0 2 62 614 0 1 0 2 68 21 0 1 0 2 58 24 0 1 0 2 77 612 3 667 0 3 51 22 3 333 3 3667 54
4/4 22 3 167 0 0 54 53 0 1 2 25 48 55 0 1 2 25 60 613 1 25 2 75 47 54 3 333 2 75 54 55 2 25 3 1333 54 23 2 175 1 15 38 523 2 125 0 2 39 614 0 1 0 2 45 615 0 1 0 2 48 24 0 1 2 325 53 25 0 1 2 325 49
4/4 714 2 25 1 5 81 14 3 333 0 1 87 23 0 1 3 1667 50 54 0 1 3 1667 58 714 0 1 3 1667 68 51 0 1 3 1667 64 24 0 1 3 1667 74 21 1 5 3 2333 63 24 0 1 0 3 80 52 0 1 0 3 63 712 0 1 1 35 57 23 0 1 1 35 77
4/4 54 0 1 2 25 74 24 0 1 2 25 80 22 0 1 2 25 64 53 2 25 2 75 67 23 0 1 2 125 64 524 0 1 2 125 55 614 0 1 2 125 76 21 0 1 1 15 68 24 0 1 1 15 77 612 3 667 0 2 59 24 0 1 3 2667 72 23 0 1 3 2667 68 313 1 5 3 2667 52 315 0 1 2 325 71 314 0 1 2 325 81 523 3 667 2 325 54 613 0 1 2 375 62 24 0 1 2 375 74 23 0 1 2 375 72
4/4 14 0 1 1 5 80 13 0 1 1 5 77 714 0 1 0 1 70 54 0 1 0 1 68 312 0 1 0 1 58 712 3 667 3 1667 55 714 0 1 2 225 76 523 0 1 2 225 50 23 0 1 2 275 68 712 0 1 2 275 47 714 0 1 1 35 70 54 0 1 1 35 70 53 0 1 1 35 58
4/4 712 2 25 0 0 52 23 0 1 1 5 62 524 0 1 1 5 61 714 0 1 1 5 70 711 0 1 1 5 63 14 2 25 3 1333 72 522 3 667 3 1333 56 612 0 1 0 2 56 714 0 1 0 2 67 614 0 1 1 25 71 22 0 1 1 25 53 523 0 1 2 325 54 54 0 1 2 325 67 524 0 1 2 375 65 613 0 1 2 375 67
4/4 314 0 1 3 333 78 11 0 1 3 333 64 53 0 1 3 333 70 52 3 333 0 1 54 314 2 25 3 1667 76 22 1 5 3 1667 57 313 3 667 2 225 56 524 2 25 2 225 73 54 0 1 2 275 74 53 0 1 2 275 55 614 2 25 3 3333 78
4/4 711 0 1 0 0 63 23 0 1 0 0 70 53 0 1 0 0 68 52 3 667 2 75 56 54 0 1 3 1333 70 713 0 1 3 1333 73 22 2 25 3 1333 61 53 1 5 0 2 61 614 2 25 1 25 84 22 1 5 1 25 61 52 0 1 2 325 56 714 0 1 2 325 78 13 0 1 3 3667 53 314 0 1 3 3667 57 14 0 1 3 3667 77 611 0 1 3 3667 53
4/4 13 0 1 0 0 53 314 0 1 0 0 57 14 0 1 0 0 77 611 0 1 0 0 53 312 2 75 3 333 61 314 0 1 0 1 70 14 0 1 0 1 72 712 0 1 0 1 57 714 0 1 3 1667 67 23 0 1 3 1667 65 12 0 1 3 1667 55 23 0 1 3 1667 65 313 1 5 2 225 55 614 0 1 2 225 73 13 0 1 2 225 68 54 0 1 2 275 67 53 0 1 2 275 57 314 0 1 2 275 65 614 1 5 1 35 76 524 0 1 1 35 68 21 0 1 1 35 61
4/4 612 1 5 0 0 59 614 0 1 0 0 76 524 0 1 0 0 68 21 0 1 0 0 61 22 3 667 2 75 65 523 0 1 3 1333 54 23 0 1 3 1333 74 714 0 1 0 2 78 53 0 1 0 2 72 54 0 1 0 2 62 614 0 1 1 25 76 14 0 1 1 25 77 714 0 1 2 325 78 24 0 1 2 325 74 51 0 1 2 325 62 21 2 25 2 375 57 23 2 25 2 375 63
4/4 21 2 25 0 0 57 23 1 5 0 0 63 24 0 1 3 333 74 54 0 1 3 333 68 52 0 1 3 333 61 712 0 1 0 1 56 23 0 1 0 1 72 24 0 1 3 1667 80 22 0 1 3 1667 63 714 0 1 3 1667 67 23 0 1 2 225 72 53 0 1 2 225 62 23 0 1 3 2667 56 524 0 1 3 2667 70 614 0 1 3 2667 71 21 0 1 3 2667 62 24 0 1 3 2667 80 612 1 5 1 35 61
4/4 23 0 1 0 0 72 24 0 1 0 0 74 313 3 333 0 0 59 523 2 75 3 667 57 314 0 1 3 667 78 315 0 1 3 667 71 613 0 1 2 125 64 23 0 1 2 125 72 24 0 1 2 125 74 524 0 1 2 125 65 614 0 1 2 125 62 13 0 1 2 175 72 14 0 1 2 175 74 54 0 1 1 25 65 714 0 1 1 25 73 312 0 1 1 25 62 23 2 125 1 25 70 712 1 5 2 325 55 714 0 1 3 3667 71 54 0 1 3 3667 68 523 2 25 2 375 58
4/4 523 3 83 0 0 58 714 0 1 0 0 71 54 0 1 0 0 68 23 0 1 3 333 57 53 0 1 3 333 51 713 2 25 0 1 62 54 0 1 0 1 67 714 0 1 0 1 67 23 2 25 1 15 68 711 0 1 2 225 62 714 0 1 2 225 69 524 1 5 2 225 70 14 2 25 2 275 72 522 2 75 2 275 57 23 0 1 3 3333 57 712 0 1 3 3333 70 714 0 1 3 3333 62
4/4 22 1 5 0 0 58 614 0 1 0 0 65 13 0 1 0 0 51 713 0 1 3 667 65 54 0 1 3 667 57 523 0 1 3 667 52 524 0 1 2 125 61 613 0 1 2 125 64 53 0 1 2 175 58 13 0 1 2 175 63 11 0 1 2 175 58 314 0 1 2 175 71 52 1 5 1 25 55 314 3 333 0 3 73 22 3 667 0 3 61 524 3 333 3 3667 68 313 3 333 3 3667 57
4/4 313 3 333 0 0 57 54 0 1 2 25 74 53 0 1 2 25 57 614 2 25 0 1 73 711 3 667 1 15 55 23 0 1 1 15 67 53 0 1 1 15 62 52 3 333 0 2 52 713 0 1 3 2667 64 54 0 1 3 2667 65 22 2 25 2 275 53 53 2 25 3 3333 51
4/4 614 2 25 0 0 71 714 2 25 1 5 71 13 0 1 0 1 54 314 0 1 0 1 61 614 0 1 0 1 68 611 3 667 2 125 50 312 1 5 2 175 49 12 1 5 1 25 44 313 0 1 0 3 45 614 0 1 0 3 57 613 0 1 3 3667 48 614 0 1 3 3667 58 23 0 1 3 3667 57 22 0 1 3 3667 47 524 0 1 3 3667 53
4/4 613 0 1 0 0 48 614 0 1 0 0 58 23 0 1 0 0 57 22 0 1 0 0 47 524 0 1 0 0 53 54 2 25 3 333 60 51 2 75 0 1 50 54 0 1 0 1 68 713 0 1 0 1 73 21 1 5 1 15 53 52 3 667 2 225 59 712 2 75 2 275 56 22 2 25 1 35 50 713 1 5 1 35 70
4/4 53 3 1667 0 0 68 713 3 167 0 0 70 13 0 1 3 667 68 51 0 1 3 667 53 312 1 5 3 1333 50 314 2 125 0 2 70 12 1 5 0 2 49 313 1 5 1 25 49 53 2 25 2 325 55 53 2 25 2 375 61
4/4 51 0 1 3 333 49 23 0 1 3 333 60 523 0 1 3 333 62 522 2 25 0 1 52 614 0 1 3 1667 58 23 0 1 3 1667 55 612 3 667 3 1667 46 22 3 667 3 2333 50 523 2 25 0 3 42 613 2 25 1 35 42
4/4 313 0 1 0 0 37 53 0 1 0 0 33 13 0 1 2 25 46 23 0 1 2 25 49 54 0 1 2 25 43 52 2 225 2 25 25 54 0 1 1 15 51 55 0 1 1 15 52 714 2 75 0 3 71 14 3 333 3 3667 70
4/4 24 0 1 3 333 67 54 0 1 3 333 64 53 2 275 3 333 52 715 0 1 1 15 58 24 0 1 1 15 62 23 2 125 3 1667 40 615 2 75 2 225 63 715 0 1 2 275 58 24 0 1 2 275 57 713 2 75 2 275 46 15 2 25 1 35 62
4/4 24 0 1 0 0 49 525 0 1 0 0 48 615 0 1 0 0 53 25 0 1 0 0 60 22 3 2333 2 25 49 24 2 25 1 15 65 613 0 2 1 15 47 315 2 25 0 2 70 523 0 1 2 275 48 24 3 333 2 275 70 14 2 25 3 3333 68
4/4 313 3 1667 0 0 51 714 0 1 0 0 64 54 0 1 0 0 56 23 0 1 0 0 58 55 0 1 2 125 55 714 0 1 2 125 64 713 3 1333 2 125 43 614 0 1 2 175 67 525 0 1 2 175 63 714 0 1 1 25 68 53 0 1 1 25 47 55 0 1 1 25 60 615 2 25 0 3 66 24 0 1 3 3667 59 525 0 1 3 3667 57 715 0 1 3 3667 67 712 2 25 2 375 50
4/4 712 3 1083 0 0 50 523 2 225 0 1 46 714 3 667 0 1 70 14 2 25 3 1667 65 714 0 1 2 225 64 23 0 1 2 225 59 613 0 1 2 225 39 23 0 1 2 225 59 614 2 25 2 275 58 12 1 5 1 35 50 54 0 1 1 35 62 314 0 1 1 35 58 13 0 1 1 35 57
4/4 12 2 175 0 0 50 54 0 1 0 0 62 314 0 1 0 0 58 13 0 1 0 0 57 53 2 125 2 75 43 54 2 75 2 75 65 524 3 667 1 15 65 314 0 1 0 2 62 313 0 1 0 2 42 524 3 333 3 2667 61 712 2 75 2 325 43 54 3 667 3 3333 59 23 3 667 3 3333 57
4/4 712 2 175 0 0 43 54 3 583 0 0 59 23 0 1 3 667 45 53 0 1 3 667 34 614 0 1 2 175 68 22 0 1 2 175 43 714 2 25 1 25 67 13 0 1 0 3 48 314 0 1 0 3 54 614 0 1 0 3 65 612 0 1 0 3 44
4/4 612 1 5 0 0 44 313 2 175 1 5 46 614 2 25 0 1 65 614 2 75 3 1667 62 13 3 333 3 1667 38 54 2 25 3 2333 55 23 0 1 2 275 47 22 0 1 2 275 46 614 0 1 2 275 54 54 3 667 0 3 55
4/4 24 0 1 2 25 40 524 0 1 2 25 37 523 0 1 2 25 35 714 3 333 1 15 76 14 3 333 2 225 72 23 0 1 3 2667 46 54 0 1 3 2667 58 24 0 1 3 2667 63 52 2 125 2 275 54
4/4 52 2 25 0 0 54 715 0 1 2 25 71 24 0 1 2 25 60 22 1 15 2 25 48 615 3 333 2 75 67 715 0 1 3 1333 64 24 0 1 3 1333 62 713 0 1 3 1333 45 15 1 5 0 2 68 24 0 1 1 25 49 525 0 1 1 25 49 615 0 1 1 25 56 21 2 125 2 275 53 25 2 25 2 275 63
4/4 612 2 225 0 0 50 24 3 333 0 0 65 315 2 25 3 667 76 24 0 1 2 125 70 523 0 1 2 125 44 14 2 25 2 175 74 23 0 1 3 2333 62 54 0 1 3 2333 60 714 0 1 3 2333 70 312 1 15 1 25 57 55 0 1 3 3667 63 714 0 1 3 3667 67 712 2 25 2 375 52
4/4 712 3 1417 0 0 52 525 0 1 3 333 66 614 0 1 3 333 68 55 0 1 0 1 62 714 0 1 0 1 71 53 0 1 0 1 52 615 0 1 1 15 67 14 0 1 1 15 64 24 0 1 2 225 59 525 0 1 2 225 61 715 0 1 2 225 67 711 0 1 2 225 54 15 2 25 2 275 65 522 3 667 3 3333 51 715 0 1 1 35 66 24 0 1 1 35 60
4/4 615 3 333 0 0 64 522 0 1 0 0 51 55 0 1 3 667 59 714 0 1 3 667 58 612 3 667 2 75 47 525 0 1 3 1333 62 614 0 1 3 1333 65 11 0 1 0 2 57 54 0 1 0 2 62 14 0 1 0 2 56 315 0 1 0 2 61 54 0 1 0 2 62 14 0 1 0 2 56 315 3 333 3 3333 64 52 3 667 3 3333 48
4/4 525 3 333 0 0 62 52 3 333 0 0 48 55 0 1 3 667 60 22 0 1 3 667 43 615 2 25 3 1333 52 53 0 1 0 2 38 22 0 1 0 2 38 54 0 1 0 2 53 712 0 1 0 2 35 24 0 2 0 2 54 55 1 5 1 35 43
4/4 53 0 1 0 0 38 22 0 1 0 0 38 54 0 1 0 0 53 712 0 1 0 0 35 24 0 1 0 0 54 55 3 833 0 0 43 54 1 5 2 175 70 524 1 5 0 2 68 11 3 1333 1 25 56 314 2 75 1 25 70 53 2 75 2 325 56 52 2 25 2 375 56 314 2 25 2 375 76
4/4 52 1 5 0 0 56 314 3 83 0 0 76 524 2 25 1 5 70 54 0 1 0 1 60 22 0 1 0 1 37 614 2 25 2 175 58 23 2 125 1 25 56 53 1 15 1 25 48 52 0 1 1 25 38 711 0 1 1 25 36
4/4 54 0 1 0 0 48 713 0 1 0 0 40 22 2 275 0 0 30 53 3 1167 0 0 48 55 1 5 1 25 61 525 3 333 0 3 66 54 0 1 3 3333 51 14 0 1 3 3333 55 315 0 1 3 3333 62 11 0 1 1 35 53 315 0 1 1 35 62
4/4 54 0 1 0 0 51 14 0 1 0 0 55 315 0 1 0 0 62 11 0 1 0 0 53 315 0 1 0 0 62 52 1 5 2 25 59 22 0 1 2 75 51 315 0 1 2 75 73 313 0 1 3 1333 48 525 2 25 1 15 71 55 3 333 0 2 57 53 2 75 0 2 50 615 0 1 2 275 62 23 0 1 2 275 56 712 3 333 3 3667 50 24 0 1 3 3667 60 54 0 1 3 3667 55
4/4 712 3 333 0 0 50 24 0 1 0 0 60 54 0 1 0 0 55 53 1 5 3 333 48 55 0 1 0 1 54 23 0 1 0 1 49 714 0 1 0 1 55 713 2 125 3 1667 43 54 2 25 1 25 47 615 1 5 1 25 49 715 2 25 2 325 47
4/4 14 0 1 0 0 44 315 0 1 0 0 46 612 2 75 0 0 44 615 3 1333 2 25 49 313 3 333 2 75 45 13 1 5 1 15 43 315 2 25 3 2333 49 13 0 1 2 325 34 525 0 1 2 325 43 22 0 1 2 325 34 614 0 1 2 325 34
4/4 13 0 1 0 0 34 525 0 1 0 0 43 22 0 1 0 0 34 614 0 1 0 0 34 55 2 25 2 75 46 52 2 75 3 1333 46 54 0 1 3 1333 44 55 0 1 3 1333 44 22 1 5 2 225 48 24 0 1 0 3 62 713 0 1 0 3 49 22 3 333 3 3667 45
4/4 22 3 417 0 0 45 53 0 1 2 25 41 714 0 1 2 25 61 34 0 1 1 15 52 54 0 1 1 15 57 52 0 1 1 15 49 14 0 1 1 15 62 33 2 75 3 2333 47 14 0 1 0 3 58 53 0 1 0 3 45 55 0 1 0 3 56 33 3 333 3 3667 49
4/4 33 0 1 0 0 49 55 2 25 0 0 56 14 0 1 3 333 55 13 0 1 3 333 38 52 0 1 2 175 42 714 0 1 2 175 53 23 0 1 2 175 51 22 2 75 1 25 48 55 0 1 2 325 56 713 0 1 2 325 42
4/4 22 2 75 0 0 41 53 0 1 3 667 35 714 0 1 3 667 50 52 0 1 2 225 32 33 0 1 2 225 32 13 0 1 2 225 34 34 0 1 3 2333 40 614 0 1 3 2333 42
4/4 52 0 1 0 0 32 33 0 1 0 0 32 13 0 1 0 0 34 614 2 25 0 1 44 614 2 25 2 175 47 54 2 75 2 275 34
4/4 53 0 1 3 1667 18 713 0 1 3 1667 27 51 3 1333 2 175 36 23 0 2 0 2 43 54 0 2 0 2 30 21 3 667 0 3 36
4/4 712 3 667 0 0 42 53 0 1 0 0 18 713 0 1 0 0 27 23 2 175 0 0 43 54 3 2667 0 0 30 22 0 1 0 1 44 53 2 125 0 2 40 713 2 75 2 325 37
4/4 713 3 1917 0 0 37 23 2 75 0 1 26 54 0 1 2 125 22 55 0 1 2 125 26
