4/4 11 0 1 2 25 72 34 0 1 2 75 52 54 0 1 2 75 55 74 0 1 0 1 57 24 0 1 0 1 68 52 2 75 0 1 58 14 3 333 2 175 84 22 2 75 2 175 65 33 0 1 1 25 68 74 2 25 1 25 80 74 0 1 0 3 80 34 0 1 0 3 80 73 0 1 0 3 70 614 3 333 3 3667 88
4/4 11 0 1 2 25 70 54 0 1 2 25 87 614 2 25 2 75 84 13 0 1 2 125 70 44 0 1 2 125 63 614 0 1 2 125 73 21 0 1 2 125 68 14 1 5 1 15 80 72 0 1 2 225 72 74 0 1 2 225 80 614 2 25 2 275 84 43 3 667 2 275 77 74 0 1 3 3333 92 22 0 1 3 3333 67 44 0 1 2 375 65 74 0 1 2 375 44 24 0 1 2 375 70
4/4 32 2 75 0 0 68 45 2 125 0 0 80 44 0 1 0 0 65 74 0 1 0 0 44 24 0 1 0 0 70 72 3 667 2 75 65 43 1 5 3 1333 62 53 0 1 0 2 58 35 0 1 0 2 77 23 0 1 3 2333 57 54 0 1 3 2333 57 74 0 1 3 2333 65 312 2 75 3 2667 59 24 3 1333 3 2667 74 72 3 667 3 3333 59
4/4 22 3 667 0 0 57 24 3 167 0 0 74 72 3 83 0 0 59 53 2 25 3 667 49 14 0 1 3 667 80 73 3 667 3 1333 56 53 2 25 0 2 52 74 1 5 3 2667 67 22 0 1 3 2667 48 312 2 25 3 3333 46 13 0 1 2 375 40 44 0 1 2 375 46 614 0 1 2 375 49
4/4 42 0 1 0 0 54 13 0 1 0 0 40 44 0 1 0 0 46 614 0 1 0 0 49 14 2 175 2 25 59 12 0 1 0 1 49 53 2 25 3 1667 52 613 3 333 1 25 46 522 0 1 1 35 35 22 0 1 1 35 35 613 0 1 1 35 33 23 0 1 2 375 27 524 0 1 2 375 30 614 0 1 2 375 35
4/4 522 0 1 0 0 35 22 0 1 0 0 35 613 0 1 0 0 33 23 0 1 0 0 27 524 0 1 0 0 30 614 0 1 0 0 35 24 2 375 2 25 36
4/4 522 0 1 0 0 35 22 0 1 0 0 35 613 0 1 0 0 33 23 0 1 0 0 27 524 0 1 0 0 30 614 0 1 0 0 35 24 0 1 0 0 36 23 2 25 2 375 47
4/4 52 2 25 0 1 46 74 1 5 0 1 67 73 0 1 2 225 54 22 0 1 2 225 44 23 1 5 3 3333 65
4/4 42 2 25 3 333 52 614 2 125 3 333 65 613 0 1 1 15 49 22 0 1 1 15 54 23 0 1 1 25 68 54 0 1 1 35 67 32 0 1 1 35 55
4/4 53 0 1 3 667 54 72 0 1 3 667 52 54 3 667 2 125 70 44 3 667 3 1667 74 34 3 667 2 225 70 44 0 1 2 275 70 21 2 25 2 275 53 43 0 1 2 375 47 72 0 1 2 375 48
4/4 43 0 1 0 0 47 72 0 1 0 0 48 23 1 5 2 75 63 13 2 125 2 175 72 11 2 25 2 175 53 33 0 1 2 275 54 52 0 1 2 275 56 34 2 25 3 3333 77 54 2 25 2 375 87
4/4 54 3 83 0 0 87 74 2 25 3 333 84 42 1 5 0 1 59 614 3 667 0 1 76 613 0 1 0 2 51 12 0 1 0 2 49 44 1 5 1 25 70 23 3 667 0 3 67 13 1 5 1 35 64
4/4 23 2 225 0 0 72 71 2 25 0 0 49 13 3 167 0 0 64 42 0 1 0 1 47 72 0 1 0 1 49 22 0 1 0 2 57 72 0 1 0 2 61 52 0 1 0 3 52 13 0 1 0 3 56 611 0 1 0 3 46 33 0 1 0 3 56 53 0 1 0 3 56
4/4 613 0 1 3 333 44 21 0 1 3 333 38 23 0 1 3 333 49 12 0 1 3 333 37 523 0 1 3 333 43 23 3 667 2 225 72 74 0 1 2 275 77 52 3 333 2 275 52 73 0 1 2 375 57 22 0 1 2 375 56
4/4 23 0 1 0 1 72 612 2 25 2 175 55 614 2 125 2 175 84 613 0 1 0 3 59 22 0 1 0 3 56 523 0 1 0 3 49
4/4 23 0 1 0 0 80 54 0 1 0 1 87 72 3 667 0 1 59 53 0 1 0 2 65 22 0 1 0 2 65 54 3 667 1 25 84 44 1 5 0 3 80 34 1 5 1 35 74
4/4 44 2 125 0 0 80 711 1 5 0 0 63 22 0 1 0 1 61 52 0 1 0 1 58 23 0 1 0 2 77 53 0 1 0 2 68 13 0 1 0 3 84 11 3 333 0 3 63
4/4 33 3 667 2 25 62 52 0 1 2 25 57 34 3 333 3 667 87 54 3 333 2 125 92 74 3 333 3 1667 87 13 0 1 0 2 62 44 0 1 0 2 63 14 0 1 0 2 84 21 1 5 2 225 63 43 0 1 3 3333 55 12 0 1 3 3333 51 612 0 1 3 3333 51 24 2 25 2 375 72
4/4 614 3 333 3 333 71 44 2 25 0 1 64 13 0 1 2 125 47 23 0 1 2 125 59 52 0 1 2 125 48 54 1 25 1 15 59 22 1 5 1 25 51 613 0 1 3 3667 42 13 0 1 3 3667 48
4/4 54 2 125 0 0 59 52 0 1 2 75 38 73 0 1 2 75 39 23 0 1 2 75 41 22 0 1 2 75 36 53 0 1 2 75 32 24 0 1 0 3 65
4/4 53 2 25 0 0 43 75 0 1 0 0 70 24 2 25 0 0 65 74 0 1 0 1 51 23 0 1 0 1 51 74 0 1 2 225 53 24 0 1 2 225 67 23 0 1 2 225 53 615 2 75 2 325 73 43 2 25 2 325 53
4/4 615 1 5 0 0 73 614 0 1 2 25 52 23 0 1 2 25 48 614 0 1 2 125 57 24 0 1 2 125 70 23 0 1 2 125 56 55 0 1 3 2333 66 33 2 25 3 2333 52 54 0 1 3 3333 49 73 0 1 3 3333 48
4/4 55 3 667 0 0 65 54 0 1 3 333 62 73 0 1 3 333 57 45 3 667 1 5 64 35 3 667 0 1 64 22 2 25 1 15 52 45 2 125 1 15 65 44 0 1 1 25 49 73 0 1 1 25 48 44 0 1 1 35 59 24 0 1 1 35 70 73 0 1 1 35 54
4/4 14 3 1667 1 5 70 12 2 25 1 5 46 34 0 1 1 15 50 53 0 1 1 15 50 35 1 5 0 2 70 55 0 1 1 25 68 53 0 1 1 25 52 34 0 1 1 25 53 75 2 25 0 3 65 615 1 5 1 35 73 43 2 25 1 35 53
4/4 615 1 5 0 0 73 13 0 1 3 667 47 614 0 1 3 667 48 45 2 75 0 1 65 24 1 5 3 1667 68 614 0 1 3 1667 68 13 0 1 3 1667 55 14 3 667 0 2 77 72 2 25 3 2667 55 24 3 1333 3 2667 77 23 0 1 3 3667 51 43 0 1 3 3667 50
4/4 73 0 1 3 667 51 74 0 1 3 667 65 43 0 1 3 667 53 14 3 333 2 125 68 13 0 1 3 1667 54 614 0 1 3 1667 62 22 0 1 3 1667 52 24 0 1 3 1667 62 54 0 1 3 1667 63 524 0 1 2 275 50 13 0 1 2 275 47 614 0 1 2 275 46 24 0 1 2 275 51 22 0 1 2 275 46
4/4 24 3 667 1 5 84 75 0 1 0 1 72 53 0 1 0 1 49 74 0 1 2 225 51 23 0 1 2 225 54 74 0 1 2 325 56 23 0 1 2 325 51 24 2 75 2 325 68
4/4 24 2 25 0 0 68 613 3 333 2 25 58 615 2 125 2 25 79 614 0 1 2 125 53 524 0 1 2 125 46 614 0 1 3 2333 59 24 0 1 3 2333 74 524 0 1 3 2333 54 73 2 25 3 3333 50 55 3 667 3 3333 68
4/4 55 3 333 0 0 68 23 0 1 3 333 52 54 0 1 3 333 55 55 1 5 0 1 70 23 0 1 1 15 55 54 0 1 1 15 50 45 0 1 1 15 63 35 3 333 0 2 70 712 2 25 3 2333 54 45 2 125 1 25 74 23 0 1 1 35 49 53 0 1 1 35 49
4/4 23 0 1 1 5 59 53 0 1 1 5 46 24 0 1 1 5 67 54 0 1 1 5 63 12 2 25 1 15 55 14 2 175 1 15 72 53 0 1 1 25 53 34 0 1 1 25 30 35 1 5 0 3 80 34 0 1 1 35 60 55 0 1 1 35 78 53 0 1 1 35 56
4/4 75 3 333 0 0 78 14 0 1 3 333 59 45 0 1 3 333 63 15 0 1 3 333 72 22 2 25 1 5 54 613 0 1 1 15 48 44 0 1 1 15 51 25 2 25 0 2 66 44 0 1 1 25 57 615 0 1 1 25 67 613 0 1 1 25 55 45 2 25 0 3 60 14 0 1 3 3333 51 24 0 1 3 3333 63 55 0 1 3 3333 59 52 2 25 1 35 52
4/4 14 0 1 0 0 51 24 0 1 0 0 63 55 0 1 0 0 59 22 2 25 3 667 52 13 0 1 3 1667 48 614 0 1 3 1667 50 14 0 1 3 1667 57 53 0 1 2 275 38 74 0 1 2 275 44 23 0 1 2 275 38 54 0 1 2 275 39 24 0 1 2 275 44
4/4 54 2 25 2 75 87 614 2 25 2 125 87 73 0 1 2 175 64 34 0 1 2 175 62 54 0 1 2 175 67 74 0 1 2 175 74 11 0 1 0 2 62 52 1 5 3 2667 67 22 1 5 2 325 70 74 2 25 3 3667 77 33 3 333 3 3667 52
4/4 33 3 167 0 0 52 73 0 1 2 25 58 74 0 1 2 25 80 74 0 1 3 667 65 33 0 1 3 667 49 73 0 1 2 125 58 11 0 1 2 125 58 74 0 1 2 125 77 34 3 1333 2 125 63 52 1 5 2 175 54 22 1 5 2 225 61 33 0 1 3 2667 54 614 0 1 3 2667 81 54 0 1 2 325 85 73 0 1 2 325 61 33 2 25 3 3667 52 614 3 333 3 3667 85
4/4 13 0 3 2 25 61 44 1 35 2 25 73 21 2 75 2 25 54 72 1 5 3 667 49 12 1 5 2 125 64 72 1 5 2 175 58 43 1 5 2 225 64 72 1 5 2 275 54 21 3 667 2 325 49 72 2 25 2 375 40
4/4 72 2 25 0 0 40 12 1 5 2 25 41 23 0 1 2 75 78 72 0 1 2 75 47 34 0 1 3 1333 78 43 0 1 3 1333 47 44 0 1 2 175 75 72 0 1 2 175 47 53 0 1 2 225 63 73 0 1 2 225 62 23 0 1 2 225 68 54 0 1 2 225 71 31 2 75 3 2333 71 71 1 5 0 3 68 32 1 5 1 35 67
4/4 54 2 25 0 0 71 52 3 667 0 0 67 72 1 5 3 333 70 54 2 25 1 5 83 54 2 25 0 1 75 22 1 5 0 1 72 613 0 1 3 1333 71 32 0 1 3 1333 79 54 0 1 3 1333 68 13 3 1333 1 15 65 12 1 5 0 2 64 43 1 5 1 25 67 44 0 1 0 3 78 613 0 1 0 3 65 34 0 1 1 35 87 43 0 1 1 35 64
4/4 12 0 1 0 0 70 44 0 1 0 0 78 43 0 1 1 5 64 613 0 1 1 5 68 23 0 1 1 5 78 71 3 667 3 667 77 42 3 333 2 125 65 72 1 5 3 1667 67 12 1 5 2 225 62 22 1 5 2 275 62 43 2 75 2 325 54 14 0 1 2 375 53 23 0 1 2 375 46 44 0 1 2 375 47 614 0 1 2 375 49 613 0 1 2 375 38
4/4 14 0 1 0 0 53 23 0 1 0 0 46 44 0 1 0 0 47 614 0 1 0 0 49 613 0 1 0 0 38 23 3 667 0 2 87 33 0 1 0 3 62 53 0 1 0 3 65 11 0 1 0 3 65 713 0 1 0 3 78 52 3 333 3 3667 64
4/4 12 1 5 0 0 64 52 3 167 0 0 64 13 0 1 1 5 87 33 0 1 1 5 52 34 0 1 0 1 92 53 0 1 0 1 70 33 0 1 1 15 65 54 0 1 1 15 92 41 0 1 2 225 74 44 0 1 2 225 80 13 2 175 2 225 72 613 0 1 2 225 76 11 1 5 3 2667 67 42 3 667 2 325 77 612 3 333 3 3667 77
4/4 612 3 167 0 0 77 12 0 1 2 25 74 34 0 1 2 25 96 43 2 25 3 667 70 43 2 25 0 1 58 43 0 1 0 1 67 613 0 1 0 1 76 21 0 1 0 1 80 223 0 1 2 125 84 21 0 1 2 125 80 612 1 5 3 1667 68 22 1 5 2 225 74 23 0 1 3 2667 87 43 0 1 3 2667 70 613 2 25 2 325 71 44 3 667 2 325 92 614 3 333 3 3667 88
4/4 23 0 1 0 0 74 44 0 1 0 0 62 614 0 1 0 0 62 51 0 1 2 25 77 14 0 1 2 25 84 21 2 25 2 75 72 52 1 5 2 125 74 72 0 1 2 175 64 74 0 1 2 175 87 14 0 1 2 225 84 44 0 1 2 225 72 23 0 1 2 225 80 614 0 1 2 225 70 22 0 1 2 225 67 43 2 25 2 275 58 23 0 1 2 325 70 54 0 1 2 325 67 74 0 1 2 325 72 24 0 1 2 325 77 312 1 5 3 3333 66 72 2 25 2 375 57
4/4 23 0 1 0 0 70 54 0 1 0 0 67 74 0 1 0 0 72 24 0 1 0 0 77 72 3 417 0 0 57 22 1 5 3 333 59 53 2 25 0 1 55 14 0 1 1 15 68 73 0 1 1 15 54 24 0 1 0 2 65 23 2 25 0 2 51 23 0 1 1 25 44 73 0 1 1 25 46 313 0 1 1 25 43 53 0 1 1 25 52 54 0 1 1 25 65
4/4 44 3 333 2 75 84 54 2 25 3 1333 77 11 0 1 2 175 37 72 0 1 2 175 44 33 0 1 0 2 45 53 0 1 0 2 48 73 0 1 0 2 49 23 2 125 2 225 60
4/4 11 0 1 0 0 37 72 0 1 0 0 44 13 1 5 3 333 77 23 2 325 2 75 74 53 1 25 1 15 61 12 0 1 1 15 37 21 0 1 1 15 39
4/4 53 3 1167 0 0 61 23 2 275 0 0 74 12 0 1 0 0 37 21 0 1 0 0 39 523 3 1333 2 125 33
4/4 23 0 3 3 333 80 74 0 2 3 1667 50 52 2 25 3 1667 39 73 0 1 2 225 51 22 0 1 2 225 46 73 0 1 3 2667 63 22 0 1 3 2667 59 73 0 1 2 325 72 22 0 1 2 325 68 23 2 25 2 375 80 52 2 25 2 375 61
4/4 23 3 417 0 0 80 22 2 25 2 25 62 42 2 25 2 75 65 614 1 15 2 75 81 613 0 1 3 1333 49 22 0 1 3 1333 53 613 0 1 2 175 76 22 0 1 2 175 65 613 0 1 2 225 73 22 0 1 2 225 63 23 0 1 2 275 84 42 0 1 2 275 49 22 3 333 3 3333 70 73 0 1 3 3667 68 23 0 1 3 3667 64 54 0 1 3 3667 84 32 2 25 2 375 74
4/4 73 0 1 0 0 68 23 0 1 0 0 64 54 0 1 0 0 84 72 0 1 1 5 55 53 0 1 1 5 50 53 0 1 0 1 63 72 0 1 0 1 64 54 0 1 3 1333 84 53 0 1 3 1333 74 72 0 1 3 1333 63 32 0 1 0 2 67 44 0 1 0 2 87 34 2 25 3 2333 87 44 0 1 0 3 80 73 0 1 0 3 72 21 2 25 0 3 63 72 0 1 1 35 56 43 0 1 1 35 55
4/4 72 0 1 0 0 55 43 0 1 0 0 67 44 0 1 0 0 80 73 0 1 0 0 72 72 0 1 1 5 57 43 0 1 1 5 68 23 3 667 0 1 84 21 2 25 0 1 56 72 2 25 1 15 70 13 3 1667 0 2 70 11 2 25 0 2 56 52 0 1 3 2667 52 33 0 1 3 2667 53 33 0 1 0 3 67 52 0 1 0 3 61 33 0 1 3 3667 61 52 0 1 3 3667 58 34 0 1 3 3667 87 52 0 1 3 3667 58
4/4 11 0 1 2 25 72 54 0 1 2 25 87 52 0 1 3 667 74 74 0 1 3 667 77 614 3 667 2 125 88 42 3 333 2 125 67 613 0 1 3 1667 64 12 0 1 3 1667 55 613 0 1 2 225 70 12 0 1 2 225 62 613 0 1 3 2667 73 12 0 1 3 2667 55 44 2 75 3 2667 84 23 0 1 2 325 84 42 0 1 2 325 63 13 0 1 3 3667 74 12 0 1 3 3667 68
4/4 43 0 1 0 0 68 73 0 1 0 0 72 23 0 1 0 0 68 71 3 667 2 25 77 42 1 5 3 667 67 12 3 667 2 125 74 22 1 5 3 1667 80 43 3 333 2 225 88 13 3 667 3 2667 87 12 0 1 2 325 62 53 0 1 2 325 72 21 0 1 2 325 61 613 0 1 2 325 73 23 0 1 2 325 74
4/4 613 0 1 0 0 73 23 0 1 0 0 74 523 3 333 3 333 49 21 2 75 3 333 47 24 2 25 0 2 84 74 0 1 1 25 51 24 0 1 1 25 46 52 2 75 3 2667 55 75 2 125 2 275 57 22 1 5 2 325 65 53 2 25 2 375 74
4/4 74 0 1 0 0 51 24 0 1 0 0 46 53 3 417 0 0 74 75 1 5 0 0 57 613 2 75 2 25 78 73 0 1 2 75 74 24 0 1 2 75 80 23 2 25 2 125 80 614 0 1 1 15 70 24 0 1 1 15 50 525 0 1 1 15 76 612 3 667 2 175 68 615 2 125 2 175 76 523 1 5 2 225 68 613 2 25 2 275 78 23 1 5 2 325 80 24 0 1 2 375 87 613 0 1 2 375 70
4/4 24 0 1 0 0 87 613 0 1 0 0 70 523 3 333 3 333 71 54 0 1 3 667 67 74 0 1 3 667 60 24 0 1 3 667 77 55 0 1 3 667 75 72 2 75 2 75 74 53 3 667 3 1333 68 73 2 25 2 175 80 23 0 1 3 2333 77 55 0 1 3 2333 86 73 0 1 2 275 74 45 0 1 2 275 84 53 0 1 3 3333 72 35 0 1 3 3333 84 54 0 1 3 3667 64 714 0 1 3 3667 67 45 0 1 3 3667 77 24 2 25 2 375 77 712 2 25 2 375 69
4/4 54 0 1 0 0 64 714 0 1 0 0 67 45 0 1 0 0 77 24 2 125 0 0 77 712 3 417 0 0 69 53 1 5 3 333 68 713 2 25 2 75 76 23 1 5 3 1333 77 713 1 5 0 2 73 24 2 75 0 2 80 53 3 333 3 2333 70 34 0 1 3 2667 82 54 0 1 3 2667 74 14 0 1 3 2667 80 12 0 1 3 2667 80 53 1 5 1 35 70
4/4 13 1 5 0 0 74 23 3 667 3 333 72 35 2 25 3 333 87 34 0 1 0 1 72 55 0 1 0 1 91 54 0 1 3 1333 70 75 0 1 3 1333 91 14 0 1 2 175 72 45 0 1 2 175 62 15 0 1 2 175 78 615 3 1333 0 2 76 22 0 1 0 2 74 15 0 1 0 2 78 613 1 5 1 25 70 23 1 5 0 3 80 44 1 5 1 35 72 25 2 25 1 35 82
4/4 614 0 1 0 0 65 615 0 1 0 0 79 14 0 1 0 0 74 44 3 167 0 0 72 45 2 25 1 5 74 14 0 1 2 75 65 24 0 1 2 75 80 55 0 1 2 75 82 52 2 75 0 1 72 22 1 5 1 15 63 53 3 333 0 2 61 13 3 667 3 2667 54 14 0 1 2 325 60 614 0 1 2 325 59 23 0 1 2 325 49 54 2 25 2 375 54
4/4 54 0 1 2 25 42 74 0 1 2 25 45 53 0 1 3 333 31 23 0 1 3 333 36 24 0 1 1 5 46 55 0 1 1 5 47 21 2 75 2 325 80
4/4 21 2 25 0 0 80 51 2 75 3 333 74 21 1 5 0 1 74 55 0 1 3 1333 78 54 0 1 3 1333 84 52 1 5 1 15 74 72 0 1 0 2 64 524 0 1 0 2 88 525 0 1 0 2 79 52 0 1 1 25 70 43 0 1 1 25 74 24 0 1 1 25 84 22 0 1 1 25 65 55 0 1 1 25 86 74 0 1 1 25 74 54 0 1 1 25 84 34 0 1 3 3333 65 54 0 1 3 3333 62 35 0 1 3 3333 84 11 0 1 1 35 84 35 0 1 1 35 84
4/4 52 0 1 0 0 65 45 0 1 0 0 84 44 0 1 0 0 77 22 0 1 1 5 68 35 0 1 1 5 80 34 0 1 1 5 65 33 0 1 0 1 61 24 0 1 0 1 70 23 0 1 0 1 72 54 0 1 1 15 77 34 0 1 1 15 80 53 0 1 1 15 67 73 0 1 1 15 74 35 2 125 1 15 92 44 0 1 3 2667 84 41 0 1 3 2667 85 11 2 25 0 3 55 44 0 1 3 3667 84 45 0 1 3 3667 74 614 0 1 3 3667 71 14 0 1 3 3667 68 612 0 1 3 3667 66
4/4 314 0 1 2 25 84 315 0 1 2 25 73 12 0 1 2 25 62 43 0 1 3 667 67 612 0 1 3 667 63 45 0 1 3 667 87 44 0 1 3 667 87 12 0 1 3 667 51 23 0 1 3 1333 70 44 0 1 3 1333 64 74 0 1 3 1333 72 24 0 1 3 1333 70 71 3 667 1 15 88 42 0 1 0 2 64 34 0 1 0 2 74 35 0 1 0 2 80 12 0 1 3 2667 63 23 0 1 3 2667 77 24 0 1 3 2667 74 22 0 1 0 3 62 13 0 1 0 3 77 14 0 1 0 3 80 44 0 1 3 3667 80 24 0 1 3 3667 92 74 0 1 3 3667 74 73 0 1 3 3667 72 43 0 1 3 3667 67 23 3 333 3 3667 84
4/4 44 0 1 0 0 80 24 0 1 0 0 92 74 0 1 0 0 74 23 3 917 0 0 84 31 0 1 3 667 81 54 0 1 3 667 87 71 2 25 0 1 63 52 0 1 3 1667 64 34 0 1 3 1667 77 35 0 1 3 1667 87 23 0 1 0 2 80 24 0 1 0 2 74 72 0 1 0 2 63 22 0 1 3 2667 72 32 0 1 3 2667 70 72 0 1 3 2667 56 35 0 1 3 2667 96 52 0 1 3 2667 64 34 0 1 3 2667 87 13 0 1 1 35 56 34 0 1 1 35 65 54 0 1 1 35 72 611 0 1 1 35 73 14 0 1 1 35 84
4/4 52 0 1 0 0 62 23 0 1 0 0 77 24 2 25 2 25 80 14 0 1 3 667 80 13 0 1 3 667 74 12 0 1 3 667 61 73 0 1 2 125 70 74 0 1 2 125 68 33 3 333 2 125 54 13 0 1 3 1667 67 612 0 1 3 1667 62 54 0 1 3 1667 74 53 0 1 3 1667 65 612 0 1 3 1667 62 14 3 667 2 175 78 21 1 5 3 2667 77 612 3 333 2 325 66 24 0 1 3 3667 72 23 0 1 3 3667 67 22 0 1 3 3667 67
4/4 53 0 1 2 25 59 14 0 1 2 25 79 13 0 1 2 25 67 613 0 1 2 75 66 22 0 1 2 75 58 523 0 1 2 75 57 74 0 1 2 75 82 73 0 1 2 75 71 13 0 1 3 1333 71 14 0 1 3 1333 82 23 0 1 2 175 72 54 0 1 2 175 70 74 0 1 2 175 74 24 0 1 2 175 77 51 2 75 2 175 71 21 1 5 3 2333 67 52 3 667 2 275 72 72 3 667 3 3333 70 22 2 25 2 375 67
4/4 22 3 83 0 0 67 53 3 667 3 333 63 52 2 25 0 1 62 54 0 1 0 2 56 73 0 1 0 2 49 23 0 1 0 2 49 55 0 1 0 2 78 73 0 1 0 2 49 23 0 1 0 2 49 525 1 5 3 2333 67 53 0 1 0 3 55 55 0 1 0 3 75 54 0 1 2 375 60 74 0 1 2 375 63 12 0 1 2 375 54 35 0 1 2 375 77
4/4 54 0 1 0 0 60 74 0 1 0 0 63 12 0 1 0 0 54 35 0 1 0 0 77 45 2 25 3 333 67 53 0 1 2 75 53 34 0 1 2 75 57 35 3 333 2 75 70 24 2 25 3 1333 60 13 2 25 2 175 58 54 3 333 2 175 68 35 0 1 0 2 67 614 0 1 2 275 55 44 0 1 2 275 56 42 0 1 2 275 67 44 0 1 2 275 56 13 0 1 3 3667 63 45 0 1 3 3667 80 613 0 1 3 3667 64
4/4 315 3 333 2 25 78 613 0 1 3 667 71 45 0 1 3 667 72 12 0 1 3 667 59 44 0 1 3 667 70 43 0 1 3 667 55 44 0 1 1 15 64 74 0 1 1 15 72 71 0 1 1 15 70 24 0 1 1 15 84 35 2 25 0 2 80 42 0 1 1 25 54 24 0 1 1 25 74 22 0 1 1 25 51 14 2 25 0 3 72 43 0 1 1 35 63 72 0 1 1 35 61 22 0 1 1 35 52 24 1 5 1 35 77 44 0 1 1 35 70 22 0 1 1 35 52 74 1 5 1 35 70
4/4 24 2 75 0 0 77 74 2 25 0 0 70 32 0 1 1 5 72 54 0 1 1 5 80 72 0 1 3 1333 63 53 0 1 3 1333 61 35 0 1 3 1333 80 54 0 1 3 1333 80 22 0 1 3 1333 50 24 2 25 2 175 77 23 0 1 3 2333 70 33 0 1 3 2333 65 53 0 1 3 2333 65 35 0 1 3 2333 87 73 0 1 3 2333 60 54 0 1 3 2333 65 34 0 1 2 325 68 54 0 1 2 325 70 611 0 1 2 325 59 14 0 1 2 325 84 24 2 25 2 375 70
4/4 32 0 1 2 25 59 12 0 1 2 25 56 14 0 1 2 25 77 74 2 25 3 667 64 53 0 1 2 125 59 33 0 1 2 125 51 34 0 1 2 125 70 12 0 1 2 125 52 14 0 1 2 125 74 54 3 667 2 125 68 21 0 1 2 225 72 23 0 1 2 225 83 23 0 1 0 3 62 524 0 1 0 3 55 614 0 1 2 325 62 612 0 1 2 325 64 523 0 1 2 325 68 24 0 1 2 325 80 22 0 1 2 325 51 14 0 1 3 3667 80 13 0 1 3 3667 74
4/4 613 0 1 2 25 70 74 0 1 2 25 74 73 0 1 2 25 84 523 0 1 2 25 46 22 0 1 2 25 53 614 0 1 3 667 71 613 0 1 3 667 68 51 3 667 2 125 71 54 3 1667 2 125 77 23 2 125 2 125 80 21 3 333 3 1667 58 52 3 333 2 225 61 12 3 667 3 2667 68 22 3 333 0 3 77 53 3 333 3 3667 88
4/4 55 3 1333 0 0 82 13 1 5 0 0 67 53 3 167 0 0 88 23 2 25 1 5 65 54 2 25 0 1 72 14 2 25 1 15 87 24 2 25 0 2 92 45 3 333 1 25 84 53 2 125 2 275 61 54 0 1 2 275 63 714 0 1 2 275 58 23 0 1 2 275 67 24 0 1 2 275 77 55 0 1 2 275 75
4/4 45 0 1 0 0 92 44 0 1 0 0 74 53 2 175 0 0 61 54 1 5 3 333 77 314 0 1 0 1 84 315 0 1 0 1 88 14 0 1 0 1 74 714 0 1 2 175 69 23 0 1 2 175 62 53 0 1 2 175 67 24 0 1 2 175 92 13 0 1 2 275 57 53 0 1 2 275 72 14 0 1 2 275 92 614 0 1 2 275 69 713 0 1 2 375 66 53 0 1 2 375 68 714 0 1 2 375 88 54 0 1 2 375 72
4/4 713 0 1 0 0 66 53 0 1 0 0 68 714 0 1 0 0 88 54 0 1 0 0 72 73 0 1 3 667 62 12 0 1 3 667 67 14 0 1 3 667 96 44 0 1 3 667 65 14 0 1 0 2 74 73 0 1 0 2 65 44 0 1 0 2 65 12 0 1 0 2 52 54 0 1 0 2 60 73 0 1 1 25 70 14 0 1 1 25 72 54 0 1 1 25 68 44 0 1 1 25 67 12 0 1 1 25 58 12 0 1 1 35 49 13 0 1 1 35 53 14 0 1 1 35 60 313 0 1 1 35 53 314 0 1 1 35 57 54 0 1 1 35 54 53 0 1 1 35 48
4/4 13 0 1 3 333 33 54 0 1 3 333 57 314 0 1 3 333 48 15 0 1 3 333 50 16 2 25 3 667 62
4/4 43 3 667 0 3 44 44 0 1 0 3 54 614 0 1 2 375 62 13 0 1 2 375 49 613 0 1 2 375 48
4/4 14 2 25 1 5 74 43 2 25 3 1333 50 24 2 75 3 1333 74 23 0 1 0 2 48 73 0 1 0 2 49 14 1 5 3 2333 74 74 2 25 2 275 65 43 3 333 1 35 50 14 1 5 1 35 74
4/4 14 3 167 0 0 74 13 0 1 3 333 50 613 0 1 3 333 44 74 1 5 3 667 70 614 2 25 0 1 67 43 2 25 2 175 52 74 3 1333 2 175 70 23 0 1 1 25 43 73 0 1 1 25 47 614 1 5 2 275 62 54 2 25 2 325 68
4/4 44 1 5 0 0 70 43 2 25 0 0 48 74 2 25 2 75 70 23 0 1 2 75 47 73 0 1 2 75 48 24 2 25 1 15 84 35 2 75 2 225 80 43 2 25 2 225 48 34 1 5 0 3 55 13 0 1 0 3 49 24 1 5 3 3333 68 14 2 25 2 375 68
4/4 24 3 667 1 5 70 43 2 25 1 5 48 23 0 1 2 125 50 73 0 1 2 125 45 14 1 5 1 15 67 74 2 25 0 2 62 14 3 1333 3 2667 63 313 0 1 3 2667 49 12 0 1 3 2667 44 22 0 1 3 3333 43 43 0 1 3 3333 52
4/4 313 0 1 0 0 54 53 0 1 0 0 54 14 3 917 0 0 63 44 0 1 2 75 63 43 0 1 2 75 55 614 2 25 3 1667 76 13 0 1 3 1667 51 613 0 1 3 1667 48 14 2 25 3 2333 84 45 2 75 0 3 74 53 0 1 0 3 56 73 0 1 2 375 49 23 0 1 2 375 53
4/4 73 0 1 0 0 49 23 0 1 0 0 53 53 2 25 0 0 56 45 2 25 1 5 77 613 0 1 2 125 47 45 0 1 2 125 70 13 0 1 0 2 48 44 0 1 0 2 49 315 2 25 2 225 58 24 2 25 2 275 68 14 3 667 3 3333 77 613 2 25 1 35 46
4/4 14 3 833 0 0 77 44 0 1 2 25 57 13 0 1 2 25 50 44 2 25 0 1 67 23 0 1 1 15 53 44 0 1 1 15 64 74 0 1 1 15 67 72 3 333 3 1667 57 43 2 25 3 2333 57 13 0 1 0 3 59 74 0 1 0 3 63 44 0 1 0 3 67 23 0 1 0 3 65 13 0 1 2 375 52 63 0 1 2 375 43 44 0 1 2 375 53 12 0 1 2 375 41 64 0 1 2 375 60
4/4 54 2 25 3 667 67 44 2 25 3 1333 68 613 2 75 0 2 67 42 2 25 0 2 43 44 0 2 0 2 65 12 1 5 0 3 47 613 3 333 2 325 58 43 0 1 1 35 43 13 0 1 1 35 55
4/4 613 2 25 0 0 54 44 1 5 0 0 65 42 0 1 2 25 46 22 0 1 2 25 44 73 0 1 2 25 62 23 0 1 0 1 49 44 0 1 0 1 53 613 0 1 2 275 64 43 0 1 2 275 58 42 2 125 2 275 50 12 1 5 1 35 49 43 2 25 2 375 65
4/4 12 1 5 0 0 49 42 3 417 0 0 50 43 2 25 0 0 65 613 3 333 2 25 65 43 0 2 1 5 52 42 0 1 0 1 36 72 0 1 0 1 37 22 0 1 0 1 42 53 0 1 0 1 52 73 3 667 2 175 57 12 0 1 2 325 48 43 0 1 2 325 50 41 0 1 1 35 54 613 0 1 1 35 81
4/4 41 0 1 0 0 54 613 0 1 0 0 81 11 1 5 2 25 59 53 1 5 1 5 65 612 0 1 0 1 51 613 0 1 0 1 67 53 2 25 3 1333 54 73 0 1 2 175 62 43 0 1 2 175 56 22 0 1 2 175 46 42 0 1 2 175 45 72 0 1 2 175 46 44 1 5 3 2667 64
4/4 613 0 1 2 25 67 43 3 667 2 25 62 42 1 15 2 25 54 12 2 75 0 1 46 43 3 333 2 125 53 613 3 333 3 1667 53 43 0 2 0 2 48 42 0 1 1 25 38 22 0 1 1 25 34 72 0 1 1 25 37 53 0 1 1 25 44
4/4 41 2 25 0 1 57 43 2 75 0 1 77 613 2 25 3 1667 78 12 0 1 2 175 56 612 0 1 2 175 62 13 0 1 1 25 80 42 0 1 1 25 52 23 2 75 2 325 84 42 3 333 2 325 59
4/4 22 0 1 0 0 50 72 0 1 0 0 52 13 1 5 2 25 77 73 2 25 3 667 65 43 0 1 2 125 61 613 0 1 2 125 67 13 0 1 2 125 74 42 2 25 3 1333 58 612 0 1 0 2 48 12 0 1 0 2 46 73 2 25 3 2333 80 613 2 25 2 275 71 73 1 5 1 35 84 42 3 333 1 35 59
4/4 73 3 833 0 0 84 22 0 1 2 25 55 72 0 1 2 25 56 613 1 5 1 5 67 53 2 25 0 1 77 43 0 1 3 1667 80 42 0 1 3 1667 61 73 0 1 3 2333 77 22 0 1 3 2333 64 72 0 1 3 2333 62 23 2 25 0 3 87 34 2 25 2 375 92 42 2 25 2 375 58
4/4 34 2 75 0 0 92 42 3 83 0 0 58 33 0 1 3 667 55 12 0 1 3 667 53 23 3 667 0 1 72 13 3 333 3 1333 70 43 0 1 0 2 58 73 0 1 0 2 62 42 0 1 0 2 59 23 0 1 0 2 70 22 0 1 2 275 54 72 0 1 2 275 54 13 3 333 2 325 74 73 3 333 3 3667 80
4/4 13 0 1 2 25 68 313 0 1 2 25 65 53 0 1 2 25 65 11 2 25 2 25 61 21 2 25 0 1 80 312 3 333 3 1667 84 41 0 1 1 25 64 42 0 1 1 25 72 43 2 75 1 25 80 12 0 1 2 325 65 613 0 1 2 325 88 612 0 1 2 325 62
4/4 13 3 333 0 0 92 43 0 1 3 333 63 73 0 1 3 333 70 13 0 1 3 333 80 51 2 25 3 667 77 44 2 75 3 667 80 52 0 1 3 1333 64 22 0 1 3 1333 64 72 0 1 3 1333 62 43 0 1 0 2 84 13 0 1 0 2 80 44 0 1 0 2 80 43 0 1 3 2667 61 613 0 1 3 2667 81 13 0 1 3 2667 84 44 0 1 3 2667 84 611 2 25 2 275 83 42 0 1 1 35 58 12 0 1 1 35 67 314 2 25 2 375 81
4/4 42 0 1 0 0 58 12 0 1 0 0 67 23 2 25 2 25 87 13 3 1667 0 1 84 43 0 1 0 1 80 611 2 25 0 1 62 42 0 1 2 175 63 12 0 1 2 175 67 43 2 25 1 25 70 42 3 667 1 25 53 22 0 1 0 3 67 43 0 1 0 3 77 73 0 1 0 3 84 71 0 1 0 3 70
4/4 42 0 1 0 0 61 12 0 1 3 667 55 73 0 1 3 667 80 43 0 1 3 667 54 12 0 1 2 125 62 43 0 1 2 125 57 63 0 1 2 125 67 11 0 1 3 1333 46 62 0 1 3 1333 46 53 2 25 2 225 57 43 2 25 0 3 59 612 0 1 1 35 48 12 0 1 1 35 56 41 2 25 2 375 46 43 2 25 2 375 56
4/4 612 0 1 0 0 48 12 0 1 0 0 56 41 3 1417 0 0 46 43 2 225 0 0 56 11 0 1 3 667 49 612 3 333 0 1 63 12 3 333 3 1333 63 612 2 25 3 1667 58 21 0 1 0 2 41 41 0 1 0 2 40 72 0 1 0 2 58 43 0 1 2 275 49 12 0 1 2 275 46
4/4 613 0 1 1 5 70 43 0 1 1 5 64 42 2 175 1 5 61 12 0 1 2 125 67 43 1 5 1 15 80 613 3 333 0 2 84 43 1 15 3 2333 74 42 0 1 2 275 42 22 0 1 2 275 48 53 0 1 2 275 61 73 3 333 3 3667 58
4/4 42 0 1 0 0 42 22 0 1 0 0 48 13 0 1 0 1 62 44 0 1 0 1 51 41 0 1 2 125 68 614 0 1 2 125 84 11 0 1 0 2 64 54 0 1 0 2 74 614 0 1 2 275 88 612 0 1 2 275 66 54 2 25 2 325 77 41 0 1 1 35 62 23 0 1 1 35 77 74 0 1 1 35 87 44 0 1 1 35 77
4/4 44 0 1 2 25 63 45 0 1 2 25 72 21 0 1 2 25 61 72 2 25 0 1 58 13 3 1333 1 15 52 44 0 1 2 175 57 614 0 1 2 175 73 42 3 667 2 175 63 12 3 333 3 2667 53 613 2 25 3 3333 51
4/4 13 3 1667 0 0 51 14 0 1 0 0 64 24 0 1 2 75 77 35 3 333 3 1667 64 64 0 1 3 2333 33 43 0 1 3 2333 32 14 0 1 3 2333 40 45 0 1 3 2333 49 13 0 1 3 2333 35 43 0 1 3 2333 32
4/4 45 0 1 2 25 77 73 0 1 0 1 47 74 0 1 0 1 58 44 0 1 3 1667 50 55 0 1 3 1667 60 23 0 1 3 1667 44 24 2 25 1 25 67 54 0 1 0 3 42 33 0 1 0 3 40 23 0 1 0 3 30 74 0 1 0 3 42 35 3 667 3 3333 47
4/4 54 0 1 0 0 42 33 0 1 0 0 40 23 0 1 0 0 30 74 0 1 0 0 42 35 3 833 0 0 47 73 0 1 0 2 60 12 0 1 0 2 53 54 0 1 0 2 67 34 0 1 0 2 65 35 0 1 0 2 65 24 3 333 2 275 92 74 1 5 1 35 92
4/4 34 0 1 0 0 59 64 0 1 0 0 56 14 0 1 0 0 84 42 3 333 2 25 63 12 1 5 0 1 57 14 2 175 2 175 77 63 2 25 2 175 49 44 1 15 1 25 63 72 1 5 1 25 53 24 2 75 1 25 68 35 3 667 2 325 68 43 2 25 2 325 54
4/4 23 0 1 0 0 49 45 0 1 0 0 65 54 0 3 2 75 64 32 2 75 2 75 56 72 1 5 1 15 48 53 2 25 3 2333 44 73 2 75 2 325 44 23 3 333 2 325 39
4/4 64 1 5 0 0 87 73 0 1 0 0 44 54 1 5 3 333 77 524 2 25 2 75 84 54 2 25 0 1 67 53 0 1 1 15 44 23 0 1 1 15 51 54 3 2333 3 1667 60 714 2 225 2 175 64 35 0 1 2 175 65 24 2 75 2 325 80
4/4 52 2 75 0 0 59 24 2 75 0 0 80 54 3 167 0 0 60 714 3 417 0 0 64 54 0 1 2 75 87 22 0 1 2 75 57 713 2 25 1 15 71 34 0 2 2 175 68 74 2 125 0 2 77 24 0 1 2 225 74 62 0 1 2 225 64 33 3 333 0 3 53 13 0 1 3 3667 51 14 0 1 3 3667 72 54 0 1 3 3667 63
4/4 13 0 1 0 0 51 14 0 1 0 0 72 54 0 1 0 0 63 34 1 5 1 5 52 63 2 125 1 5 46 24 3 333 2 125 87 35 1 5 0 2 92 44 1 15 1 25 56 74 0 1 1 25 51 45 0 1 1 25 68 24 2 125 2 275 72 72 3 667 2 275 55 43 3 333 3 3667 48
4/4 44 2 25 0 0 56 74 0 1 0 0 51 45 0 1 0 0 68 24 2 25 0 0 72 13 0 1 1 5 41 35 0 1 1 5 55 24 0 1 2 125 54 44 0 1 2 125 52 23 0 1 2 125 40 74 3 333 0 3 59 44 0 1 3 3333 49 54 0 1 3 3333 56 12 0 1 1 35 52 14 0 1 1 35 68
4/4 53 3 333 1 5 43 55 0 1 3 667 60 14 0 1 3 667 51 13 0 1 0 1 54 14 0 1 0 1 52 55 0 1 0 1 61 15 2 175 0 2 59 45 0 1 0 2 55 44 0 1 0 2 48 54 1 5 2 275 47 45 1 5 1 35 59
4/4 45 1 5 0 0 59 315 0 1 3 333 62 12 0 1 3 333 57 14 0 1 0 1 57 53 1 5 2 125 46 23 2 25 2 175 48 315 3 667 2 175 54 55 0 1 3 2667 47 314 0 1 3 2667 44 54 1 5 1 35 49 15 2 25 1 35 51
4/4 54 1 5 0 0 49 56 0 1 1 5 46 14 0 1 1 5 46 16 0 1 1 15 48 315 0 1 1 15 46
