4/4 64 0 1 0 1 29 55 0 1 0 1 31 24 0 1 0 1 31 56 3 333 2 275 37 56 2 25 2 375 56
4/4 64 0 1 0 0 29 55 0 1 0 0 31 24 0 1 0 0 31 56 3 83 0 0 56 56 3 333 3 667 65 56 0 1 1 15 74 46 0 1 3 2333 65 56 2 75 2 325 67
4/4 16 0 4 0 0 59 56 2 25 0 0 67 56 2 75 0 1 50 46 2 25 0 2 40 46 1 15 1 25 46
4/4 16 3 2333 0 0 59 46 1 25 0 0 46
4/4 45 1 35 1 5 32 75 0 1 3 667 37 14 0 1 3 667 36 46 3 333 0 2 35 46 3 333 2 275 60 46 3 333 3 3667 67
4/4 45 1 95 0 0 32 75 0 1 0 0 37 14 0 1 0 0 36 46 0 1 1 5 72 36 0 1 2 125 68 46 1 5 0 2 70 76 3 333 0 3 74 46 2 25 2 375 62
4/4 46 2 25 0 0 62 36 2 75 3 667 53 25 0 1 1 15 35 36 1 15 1 25 32
4/4 36 1 15 0 0 32 15 3 1333 3 2667 49 25 3 667 0 3 55 65 0 1 1 35 27 35 0 1 1 35 38 74 0 1 1 35 34 36 3 333 3 3667 46
4/4 15 3 5917 0 0 49 36 3 333 0 0 46 65 0 1 0 0 27 35 0 1 0 0 38 74 0 1 0 0 34 36 1 5 3 667 52 36 1 5 1 15 62 36 0 1 1 25 65 25 3 667 3 3333 45
4/4 25 3 333 0 0 45 36 0 2 3 333 48 15 3 1667 3 2333 48 25 2 75 2 275 64 64 0 1 1 35 35 24 0 1 1 35 33 55 0 1 1 35 32 36 1 5 1 35 45
4/4 15 0 4 0 0 48 64 0 1 0 0 35 24 0 1 0 0 33 55 0 1 0 0 32 36 2 25 0 0 45 36 1 5 1 5 54 36 1 5 1 15 57 36 3 667 3 2333 53 25 2 75 2 325 43
4/4 15 3 1333 0 0 48 64 0 1 0 0 35 24 0 1 0 0 33 55 0 1 0 0 32 25 2 25 0 0 43 36 0 2 2 25 45 15 3 667 2 225 49 25 2 25 2 275 59 54 2 75 2 325 33 14 0 1 3 3333 38 45 0 1 3 3333 34 75 0 1 3 3333 43 36 3 667 3 3333 43
4/4 54 0 4 0 0 33 14 0 1 0 0 38 45 0 1 0 0 34 75 0 1 0 0 43 36 3 83 0 0 43 36 3 333 1 5 58 36 3 333 3 1333 62 36 3 333 2 225 60 36 0 1 0 3 59
4/4 76 3 667 0 0 49 54 3 917 0 0 33 14 0 1 0 0 38 45 0 1 0 0 34 75 0 1 0 0 43 36 2 25 0 2 46 74 0 1 2 275 32 44 0 1 2 275 28 35 0 1 2 275 30 65 0 1 0 3 35 15 0 1 0 3 37 46 3 667 3 3333 38
4/4 74 0 1 0 0 32 44 0 1 0 0 28 35 0 1 0 0 30 65 0 1 0 0 35 15 0 1 0 0 37 46 3 2583 0 0 38 14 0 1 2 325 35 45 0 1 2 325 30 54 2 75 2 325 37
4/4 14 0 1 0 0 35 45 0 1 0 0 30 54 1 15 0 0 37 75 0 1 2 125 39 64 0 1 0 3 51
4/4 14 2 75 0 0 43 64 2 25 0 0 51 15 1 35 1 5 38 36 0 1 3 667 48 56 0 1 3 667 62 55 0 1 2 75 39 56 3 333 3 1667 52 45 0 1 2 175 36 56 0 1 3 2667 52 35 3 1333 3 2667 35 46 1 5 1 35 60
4/4 46 1 5 0 0 60 15 1 5 0 0 38 35 3 1667 0 0 35 56 0 1 1 5 70 16 1 5 3 1333 70 56 0 1 2 225 64 74 0 1 2 225 47 25 2 175 2 225 58 14 0 1 0 3 44 46 2 25 2 325 51 46 1 5 1 35 57
4/4 55 0 1 0 0 42 46 0 4 0 0 57 25 0 4 0 0 58 45 0 1 0 1 39 24 0 2 0 2 32
4/4 46 2 75 0 0 57 25 3 917 0 0 58 24 3 667 0 0 32 54 0 1 2 175 49 74 2 75 3 2667 51 75 2 75 2 325 45 25 0 1 3 3333 50 46 0 1 3 3333 63 45 3 333 3 3667 39
4/4 75 3 583 0 0 45 45 3 417 0 0 39 46 1 5 3 333 67 35 0 1 3 333 46 46 0 1 3 1333 68 24 3 2667 3 1333 37 36 2 125 2 225 70 46 0 1 0 3 68
4/4 76 3 333 0 0 70 24 3 83 0 0 37 75 0 1 3 667 38 25 0 1 3 667 52 14 0 1 3 667 40 46 0 1 2 75 58 35 0 1 3 1667 40 36 0 1 3 1667 59 25 0 1 3 2667 44 75 0 1 3 2667 39 36 1 5 1 35 48 65 1 5 1 35 38
4/4 36 1 25 0 0 48 65 1 5 0 0 38 55 0 1 1 5 38 15 3 667 3 3333 57 25 2 25 2 375 60
4/4 25 2 25 0 0 60 65 2 375 2 25 36 15 2 325 3 333 32 44 0 1 3 333 39 36 1 5 1 5 52 36 1 5 3 1333 65 64 2 75 3 1333 48 35 0 1 2 225 47 36 1 5 2 225 68 24 0 1 0 3 38 36 0 1 0 3 57
4/4 14 2 375 0 0 29 25 0 1 0 0 51 65 3 2583 0 0 36 36 2 125 2 125 41 15 3 667 0 3 58 25 1 5 1 35 65
4/4 45 0 1 0 0 43 75 0 1 0 0 55 36 0 1 0 0 62 54 0 1 0 0 48 36 1 5 0 1 74 74 2 75 0 1 44 36 1 5 2 175 74 45 0 1 0 2 45 35 0 1 2 275 41 36 0 1 2 275 58 75 2 25 2 375 43 25 2 25 2 375 49 24 2 25 2 375 32
4/4 75 3 1083 0 0 43 25 2 75 0 0 49 24 0 3 0 0 32 36 1 15 2 75 51 15 1 5 2 275 70 25 3 333 2 325 68 75 0 1 3 3667 54 715 0 1 3 3667 59 36 0 1 3 3667 70
4/4 64 0 1 0 0 57 75 0 1 0 0 54 715 0 1 0 0 59 36 0 1 0 0 70 714 0 1 2 75 53 36 1 5 2 75 80 36 1 5 3 1667 77 65 0 1 3 1667 47 525 0 1 1 25 45 36 3 333 1 25 55 35 1 5 1 35 36 36 3 333 1 35 48
4/4 35 1 5 0 0 36 76 0 1 1 5 67 64 3 667 3 1333 35 66 1 5 2 225 51 526 2 25 2 275 48 74 0 1 3 3333 35 45 0 1 3 3333 29 65 0 1 3 3333 32 36 0 1 3 3667 37 46 0 1 3 3667 38
4/4 74 0 1 0 0 35 45 0 1 0 0 29 65 0 1 0 0 32 36 0 1 0 0 37 46 0 1 0 0 38 74 0 1 2 375 46 55 0 1 2 375 47 715 0 1 2 375 44
4/4 74 0 1 0 0 46 55 0 1 0 0 47 715 0 1 0 0 44 25 0 1 2 25 57 56 0 1 2 25 70 715 0 1 2 225 33 45 0 1 2 225 30 54 0 1 2 225 36 36 0 1 2 225 39 46 0 1 2 225 42 66 0 1 2 225 42
4/4 15 0 1 2 25 41 36 0 1 2 25 49 64 0 1 2 25 48 56 0 1 2 25 59 76 0 1 2 25 54 35 2 75 0 1 56 76 0 1 2 125 68 56 0 1 2 125 68 55 0 1 0 2 58 75 0 1 0 2 65 35 0 1 2 275 62 76 0 1 2 275 74 76 0 1 3 3667 64 46 0 1 3 3667 59 54 0 1 3 3667 54
4/4 76 0 1 0 0 64 46 0 1 0 0 59 54 0 1 0 0 54 24 0 1 1 5 59 66 0 1 1 5 77 715 0 1 3 1333 67 56 0 1 3 1333 77 25 0 1 3 1333 74 45 0 1 3 1333 48 46 0 1 3 2333 72 24 0 1 3 2333 52 46 0 1 3 3333 51 25 0 1 3 3333 52 75 0 1 3 3333 46 13 0 1 3 3333 45
4/4 46 0 1 0 0 51 25 0 1 0 0 52 75 0 1 0 0 46 13 0 1 0 0 45 56 2 25 2 25 48 54 1 5 2 25 58 36 3 1333 3 667 68 55 0 1 3 667 62 24 3 333 0 1 54 35 1 5 0 2 44 55 0 1 0 3 39 75 0 1 0 3 36 56 0 1 0 3 47 36 0 1 0 3 44
4/4 55 0 1 0 0 39 75 0 1 0 0 36 56 0 1 0 0 47 36 0 1 0 0 44 66 0 1 2 75 70 54 0 1 2 75 51 15 0 1 3 2333 48 36 0 1 3 2333 49 56 0 1 3 2333 56 76 0 1 3 2333 53 63 0 1 1 25 45 34 0 1 3 3333 61 76 0 1 3 3333 80
4/4 34 0 1 0 0 61 76 0 1 0 0 80 74 2 75 2 25 65 14 0 1 0 1 52 76 0 1 0 1 80 16 2 25 1 15 77 714 0 1 2 175 41 45 0 1 2 175 40 715 0 1 2 225 45 25 0 1 2 225 52 46 0 1 2 225 53 76 1 5 1 25 63 66 3 333 3 3333 68
4/4 714 0 1 0 0 41 45 0 1 0 0 40 56 3 333 2 25 65 46 3 333 2 125 56 55 0 1 0 2 39 14 0 1 0 2 37 75 0 1 0 2 42 25 0 1 0 2 46 46 0 1 0 2 47 56 3 333 0 3 49
4/4 26 2 25 0 0 47 55 0 1 0 0 39 14 0 1 0 0 37 76 0 1 0 1 40 46 0 1 0 1 39
4/4 55 0 1 0 0 39 14 0 1 0 0 37 15 1 5 2 25 57 25 3 667 1 5 64 36 1 5 0 1 62 46 1 5 3 1333 60 56 2 225 2 175 62 44 0 1 2 175 57 14 2 75 3 2667 59 35 2 25 1 35 52
4/4 56 3 417 0 0 62 55 0 1 3 333 37 15 0 1 3 333 49 615 0 1 1 15 38 36 0 1 1 15 46 45 0 1 1 15 36
4/4 73 0 1 2 75 31 64 0 1 2 75 34 14 0 1 2 75 31 35 0 1 2 75 40 55 0 1 2 125 43 65 2 25 2 275 49 44 0 1 2 375 34 45 0 1 2 375 33 64 0 1 2 375 35 24 0 1 2 375 36 73 0 1 2 375 28
4/4 44 0 1 0 0 34 45 0 1 0 0 33 64 0 1 0 0 35 24 0 1 0 0 36 73 0 1 0 0 28 16 3 667 1 25 44 26 3 667 2 275 67 37 3 667 3 3333 70 47 2 25 2 375 68
4/4 47 2 25 0 0 68 57 2 275 2 25 62 45 0 1 2 25 42 15 0 1 0 1 47 36 2 25 0 2 42 56 0 1 0 3 39 16 0 1 0 3 50 46 2 25 2 375 40
4/4 37 0 1 0 0 47 616 2 175 0 0 37 46 1 25 0 0 40 47 0 1 2 75 50 37 0 1 3 1667 47 47 1 15 1 25 56 75 1 5 1 35 45
4/4 75 0 2 0 0 45 47 1 15 0 0 56 46 0 2 3 333 39 66 2 125 2 125 46 16 2 75 2 225 41 715 1 5 1 35 32 56 1 5 1 35 29 26 1 5 1 35 36
4/4 715 1 35 0 0 32 56 2 425 0 0 29 26 2 225 0 0 36 16 3 1333 2 225 58 26 1 5 1 35 57
4/4 26 3 167 0 0 57 56 0 1 3 667 23 16 0 1 3 667 34 37 0 1 3 667 41 14 0 1 2 75 37 37 0 1 0 2 58 16 0 1 0 2 60 55 2 75 0 2 44 26 0 1 2 275 63 47 0 1 2 275 58 36 0 1 2 275 47 37 0 1 3 3667 65 16 0 1 3 3667 62 55 3 333 3 3667 43
4/4 55 3 167 0 0 43 26 0 1 1 5 55 56 0 1 1 5 52 74 0 1 1 5 43 55 2 75 3 1333 50 56 0 1 0 2 55 75 0 1 0 2 44 25 0 1 2 225 51 75 0 1 2 225 44 55 0 1 0 3 49 76 0 1 0 3 63 15 0 1 1 35 35 36 0 1 1 35 46 56 0 1 1 35 52 64 2 25 2 375 46 16 2 25 2 375 59
4/4 15 0 1 0 0 35 36 0 1 0 0 46 56 0 1 0 0 52 64 2 75 0 0 46 16 2 25 0 0 59 35 2 25 3 667 46 16 2 75 3 667 67 75 0 1 1 15 44 76 0 1 1 15 59 65 0 1 3 2333 46 66 0 1 3 2333 55 75 0 1 0 3 34 36 0 1 0 3 39 46 0 1 0 3 44 54 0 1 0 3 32 76 3 667 3 3333 45
4/4 76 3 1833 0 0 45 35 2 175 2 25 38 36 0 1 2 125 46 45 0 1 2 125 31 75 0 1 2 275 39 36 0 1 2 275 46 524 0 1 2 275 42 76 2 75 0 3 53
4/4 66 1 5 0 0 67 74 2 75 0 0 53 66 0 1 3 667 68 35 0 1 3 667 47 36 0 1 2 75 68 526 3 333 1 15 65 74 2 75 1 15 51 65 0 1 2 225 48 225 0 1 2 225 50 66 2 125 3 2333 60 44 0 1 3 2333 49 224 3 667 2 325 46
4/4 36 0 1 2 25 53 65 3 333 2 25 43 66 3 333 0 1 62 24 0 1 0 2 35 715 0 1 0 2 34 25 0 1 0 2 44 314 0 1 0 2 32 715 0 1 0 2 34 25 0 1 0 2 44 526 0 1 3 2333 39 76 0 1 3 2333 52
4/4 716 2 25 0 1 65 44 3 2333 3 1667 35 73 2 225 2 175 34 75 0 1 0 2 31 25 0 1 0 2 38 24 0 2 0 2 35 46 0 1 2 225 46 76 0 1 2 225 45
4/4 16 0 1 0 0 74 15 0 1 0 0 70 44 0 1 0 0 35 73 2 75 0 0 34 24 0 1 0 0 35 26 0 1 0 1 62 25 0 1 0 1 72 37 0 1 2 175 62 56 0 1 2 175 57 16 0 1 2 175 56 13 0 1 2 175 52 36 1 5 2 225 57 54 2 75 3 2667 64 56 0 1 3 2667 62 16 0 1 3 2667 60 37 0 1 3 2667 68 36 2 25 0 3 70 47 0 1 1 35 77 26 0 1 1 35 67 35 1 5 1 35 61
4/4 36 3 333 0 0 62 35 2 25 0 0 61 37 0 1 2 25 67 16 0 1 2 25 68 54 2 75 3 333 56 36 3 333 3 667 56 26 0 1 2 125 74 76 0 1 2 125 64 73 2 75 2 125 56 25 1 5 1 15 62 54 0 1 0 2 52 36 1 5 0 2 60 46 2 25 3 2333 68 56 1 5 2 275 74 24 2 75 2 275 54 25 1 5 2 325 67 56 0 1 3 3667 68 54 0 1 3 3667 54 76 0 1 3 3667 70
4/4 25 3 333 0 0 65 56 0 1 0 0 68 54 0 1 0 0 54 76 0 1 0 0 70 16 0 1 3 667 67 56 0 1 3 667 58 63 0 1 3 667 42 15 1 5 0 1 68 56 0 1 1 15 63 36 0 1 1 15 63 16 0 1 1 15 65 34 0 1 1 15 58 15 3 333 0 2 72 76 0 1 3 2333 72 14 0 1 3 2333 56 56 0 1 3 2333 63 36 0 1 3 2333 63 15 1 5 2 275 67 34 2 75 2 325 58 36 0 1 2 325 59 66 0 1 2 325 59 15 2 25 3 3667 52
4/4 76 0 1 0 0 63 46 0 1 0 0 65 53 0 1 0 0 49 56 3 667 3 333 65 46 0 1 2 75 59 34 0 1 2 75 58 36 3 333 2 125 72 75 2 25 3 1667 64 74 3 333 3 1667 44 55 1 5 0 2 63 45 1 5 1 25 56 34 2 25 1 25 46 35 2 25 0 3 52 75 0 1 1 35 65 525 0 1 1 35 57 74 0 1 1 35 54 523 0 1 1 35 50 35 0 1 1 35 59 34 0 1 1 35 52
4/4 65 3 333 3 333 77 74 0 1 2 125 49 524 0 1 2 125 48 65 0 1 2 125 64 35 1 5 2 125 65 525 3 333 0 2 66 64 0 1 0 3 37 223 0 1 0 3 40 43 0 1 0 3 40 224 0 1 0 3 44 45 0 1 0 3 46 65 0 1 0 3 52
4/4 64 0 1 0 0 37 223 0 1 0 0 40 43 0 1 0 0 40 224 0 1 0 0 44 45 0 1 0 0 46 65 0 1 0 0 52 75 0 1 2 75 72 74 0 1 2 75 52 715 3 333 3 1667 76 315 0 1 2 225 54 65 0 1 2 225 55 313 0 1 2 225 55 225 3 667 1 25 76 715 3 333 3 3333 76
4/4 314 0 1 2 25 43 224 0 1 2 25 38 715 0 1 2 25 57 315 0 1 2 25 54 64 0 1 2 25 41 75 2 25 2 125 60 33 2 75 2 225 41 715 0 1 3 2333 47 35 0 1 3 2333 43 55 0 1 3 2333 49
4/4 224 0 1 2 25 51 74 0 1 2 25 49 75 0 1 2 25 67 35 0 1 2 25 63 54 0 1 2 25 52 715 3 333 0 1 79 225 2 25 3 1667 75 35 2 75 2 225 53 65 0 1 3 2333 60 63 0 1 3 2333 61 715 0 1 3 2333 68 36 3 1667 3 2333 70 34 2 25 2 325 68
4/4 525 0 1 0 0 71 74 0 1 0 0 67 714 0 1 0 0 64 36 3 83 0 0 70 65 0 1 0 1 72 75 0 1 2 175 68 35 0 1 2 175 65 523 1 5 2 175 56 65 0 1 3 2667 60 715 0 1 3 2667 71 34 0 1 3 2667 56 35 0 1 3 3667 54 524 0 1 3 3667 52 75 0 1 3 3667 67 36 0 1 3 3667 67 74 0 1 3 3667 46
4/4 76 0 1 3 667 59 525 0 1 3 667 54 75 0 1 3 667 51 526 0 1 3 667 57 65 1 25 1 15 43 36 3 2333 3 1667 54 66 2 225 2 175 60 43 3 667 2 175 46 44 3 333 3 2667 51 64 2 25 1 35 51
4/4 36 3 667 0 0 54 66 2 175 0 0 60 714 2 25 3 333 51 715 1 5 2 125 39 35 0 1 3 1333 38 65 0 1 3 1333 37 37 0 1 3 2333 73 715 0 1 3 3333 42 26 0 1 3 3333 59 36 0 1 3 3333 42
4/4 37 1 5 3 333 64 46 0 1 0 1 32 76 0 1 0 1 38 37 0 1 3 1333 45 47 0 1 3 1333 50 73 0 1 3 1333 38 44 2 75 3 2333 52 14 2 25 2 325 49
4/4 35 2 75 0 0 49 46 0 1 0 0 32 76 0 1 0 0 38 37 0 1 0 0 45 47 0 1 0 0 50 65 2 75 2 75 49 15 2 25 2 175 46 46 3 667 3 2667 44 66 2 25 3 3667 35
4/4 16 1 25 2 75 27 37 2 325 2 75 32 67 0 1 0 1 31 77 0 1 0 1 34 38 0 2 2 125 35
4/4 37 2 275 0 0 32 67 0 1 0 0 31 77 0 1 0 0 34 27 2 175 0 1 35
4/4 57 0 2 3 1667 35 64 1 15 3 1667 20 35 1 5 1 25 34 55 1 5 0 3 38 35 1 5 1 35 48
4/4 64 0 1 0 0 50 57 0 1 0 0 49 35 1 5 3 333 43 57 0 1 0 1 70 55 0 1 0 1 49 35 1 5 2 125 59 57 0 1 2 175 75 64 3 667 2 175 52 35 1 5 2 225 52 47 0 1 1 25 70 55 1 5 1 25 56 35 1 5 0 3 54 57 3 667 3 3333 66 64 1 5 1 35 54 35 2 25 2 375 52
4/4 35 2 25 0 0 52 57 3 333 0 0 66 17 0 1 2 25 63 55 1 5 3 333 47 35 1 5 2 75 55 64 0 1 2 125 44 57 0 1 2 125 54 35 1 5 3 1667 44 47 2 25 2 225 49 55 1 5 2 225 36 35 1 5 3 2667 53 47 3 1333 3 2667 68 64 3 667 0 3 54 35 1 5 1 35 57
4/4 45 1 5 0 0 53 47 3 6167 0 0 68 35 1 5 3 333 50 64 1 5 2 75 55 35 1 5 2 125 53 45 3 333 3 1667 49 35 1 5 0 2 49 64 1 5 1 25 52 35 2 25 0 3 48 25 2 25 1 35 52
4/4 35 1 5 0 0 45 14 3 667 2 75 52 55 1 5 2 125 46 25 1 5 2 175 52 55 3 667 2 225 58 56 0 1 3 2667 49 26 0 1 3 2667 63 14 0 1 3 2667 55 47 0 1 3 2667 59 55 1 5 2 325 53 47 0 1 3 3667 70 25 0 1 3 3667 57
4/4 55 1 5 0 0 61 56 0 1 0 0 68 47 0 1 1 5 68 14 0 1 1 5 56 26 0 1 1 5 60 55 1 5 0 1 58 37 0 1 3 1333 77 25 0 1 3 1333 52 55 3 333 2 175 53 56 0 1 0 2 47 26 0 1 0 2 56 14 0 1 0 2 48 47 0 1 0 2 53 55 1 5 3 2667 44 77 0 1 0 3 57 25 0 1 0 3 45 55 2 25 1 35 46
4/4 76 0 1 0 0 45 26 0 1 0 0 49 74 3 667 0 0 44 47 2 75 2 25 47 55 1 5 3 667 52 37 0 1 2 125 65 25 0 1 2 125 53 55 1 5 1 15 55 26 0 1 0 2 64 46 0 1 0 2 59 74 2 25 0 2 51 55 1 5 1 25 50 56 0 1 0 3 64 37 0 1 0 3 63 25 3 333 0 3 51 55 1 5 3 3333 54 74 2 25 2 375 47
4/4 56 0 1 0 0 64 37 0 1 0 0 63 55 3 333 2 25 44 15 3 333 3 667 46 55 1 5 0 1 49 74 1 5 1 15 40 55 1 5 0 2 48 16 3 667 1 25 67 75 2 25 1 25 45 55 0 1 0 3 41 26 0 1 0 3 56 56 0 1 1 35 39 66 0 1 1 35 40 16 0 1 1 35 50 44 0 1 2 375 48 37 0 1 2 375 52
4/4 56 0 1 0 0 39 66 0 1 0 0 40 16 0 1 0 0 50 44 0 1 0 0 48 37 0 1 0 0 52 14 1 5 3 333 46 37 0 1 2 75 68 65 0 1 2 75 48 14 0 1 2 125 55 56 0 1 2 125 67 44 0 1 3 1667 56 37 0 1 3 1667 72 66 0 1 3 1667 64 14 1 5 0 2 58 65 0 1 1 25 59 37 0 1 1 25 74 14 1 5 0 3 63 46 0 1 3 3333 53 76 0 1 3 3333 62 26 0 1 3 3333 68 44 0 1 3 3333 57 14 2 25 2 375 56
4/4 14 2 25 0 0 56 56 0 1 2 25 72 37 0 1 2 25 74 65 2 25 3 333 54 14 1 5 2 75 56 44 3 333 2 125 55 14 3 333 3 1667 54 65 2 25 0 2 47 16 1 5 0 2 72 14 0 1 1 25 50 26 0 1 1 25 64 36 0 1 0 3 51 76 0 1 0 3 55 54 0 1 0 3 56 37 0 1 0 3 67 35 1 5 1 35 56
4/4 37 0 1 0 0 77 75 0 1 0 0 56 35 2 25 3 333 61 54 3 333 2 75 61 37 0 1 2 75 74 76 0 1 2 75 68 35 1 5 2 125 52 75 0 1 3 1667 49 37 0 1 3 1667 77 35 2 25 0 2 52 26 0 1 1 25 60 46 0 1 1 25 63 54 0 1 1 25 55 35 1 5 0 3 51 37 0 1 3 3333 63 56 0 1 3 3333 64 75 2 25 3 3333 48 35 2 25 2 375 54
4/4 37 0 1 0 0 63 56 0 1 0 0 64 54 2 25 3 333 50 35 1 5 2 75 48 16 0 1 2 125 70 75 0 1 2 125 45 26 0 1 3 1667 67 35 0 1 3 1667 48 56 3 1333 0 2 55 16 0 1 2 225 57 37 0 1 2 225 64 64 0 1 2 225 53 37 0 1 2 225 64 35 1 5 2 275 50 37 3 667 2 325 64 15 2 25 2 325 46 35 2 25 2 375 52
4/4 37 0 1 0 0 74 64 0 1 0 0 56 35 2 25 0 0 52 35 1 5 1 5 58 37 0 1 0 1 74 15 0 1 0 1 53 35 3 333 1 15 55 37 0 1 2 175 63 76 0 1 2 175 59 64 3 333 2 175 52 35 1 5 3 2333 46 77 0 1 2 275 63 15 2 25 2 275 46 35 1 5 2 325 48 64 2 25 2 375 46
4/4 64 2 25 0 0 46 35 1 5 2 25 43 15 0 1 3 667 42 67 0 1 3 667 50 57 0 1 2 125 55 35 0 1 2 125 46 46 0 1 2 175 39 56 0 1 2 175 39 16 0 1 2 175 47 47 0 1 2 175 60 54 3 333 0 2 50 24 2 75 3 2333 48 15 2 25 2 275 55 55 3 333 2 325 58 54 2 25 3 3667 51
4/4 24 2 75 0 0 49 46 0 1 0 0 39 56 0 1 0 0 39 16 0 1 0 0 47 47 0 1 0 0 60 15 2 25 1 5 46 55 2 25 0 1 48 54 2 25 1 15 49 24 1 5 0 2 46 715 1 5 1 25 51 55 3 333 0 3 40 54 2 25 3 3333 46
4/4 24 3 333 0 0 49 715 1 5 3 333 42 55 2 25 0 1 37 63 3 667 2 175 53 34 1 5 2 225 65 56 0 1 2 275 65 16 0 1 2 275 65 74 0 1 2 275 64 57 0 1 2 275 68 14 1 5 2 325 74 57 0 1 3 3667 78 55 0 1 3 3667 67
4/4 14 2 25 0 0 48 57 0 1 0 0 78 55 0 1 0 0 67 74 0 1 1 5 51 57 0 1 1 5 60 14 2 25 0 1 58 57 0 1 1 15 57 63 1 5 1 15 59 34 3 333 0 2 65 47 0 1 3 2333 70 74 1 5 3 2333 65 14 3 333 2 275 72 57 3 667 3 3333 70 55 2 25 3 3333 59 14 2 25 2 375 49
4/4 57 3 333 0 0 70 14 2 25 0 0 49 17 2 75 2 25 59 74 3 333 2 25 47 14 2 25 3 667 57 73 1 5 0 1 67 57 0 1 0 1 68 44 2 25 1 15 58 47 2 25 0 2 59 74 3 333 0 2 53 14 1 5 3 2333 68 47 1 15 1 25 74 45 1 5 0 3 62 14 1 5 3 3333 52 24 2 25 2 375 50
4/4 47 0 4 0 0 74 14 2 25 2 25 53 73 1 5 3 667 62 44 1 5 0 1 68 14 1 5 1 15 68 24 1 5 0 2 65 45 1 5 1 25 57 24 1 5 0 3 55 14 2 25 3 3333 51 24 2 25 2 375 64
4/4 53 1 5 2 25 68 23 0 1 3 667 67 46 0 1 3 667 56 76 0 1 0 1 57 44 0 1 0 1 62 16 0 1 0 1 63 47 0 1 0 1 63 74 1 5 1 15 65 47 0 1 0 2 77 24 0 1 0 2 61 74 1 5 1 25 56 44 0 1 0 3 54 47 0 1 0 3 62 74 2 25 3 3333 59 47 2 25 2 375 77 53 2 25 2 375 57
4/4 47 1 5 0 0 77 53 2 25 0 0 57 23 1 5 2 25 68 44 3 333 3 667 68 37 2 75 2 75 77 74 3 333 2 125 62 24 2 25 3 1667 62 47 2 75 3 1667 77 74 1 5 0 2 55 77 0 1 1 25 66 44 0 1 1 25 57 74 3 333 0 3 55 56 0 1 3 3333 57 76 0 1 3 3333 54 47 0 1 3 3333 68 13 0 1 1 35 68 47 0 1 1 35 68
4/4 54 3 333 0 0 62 13 0 1 0 0 68 47 0 1 0 0 68 24 1 5 3 333 67 37 2 75 3 333 74 35 1 5 2 75 72 26 0 1 2 125 70 75 3 333 2 125 60 35 3 333 3 1667 46 24 3 333 0 2 49 37 0 2 0 2 67 35 2 25 1 25 64 13 1 5 0 3 61 54 2 25 1 35 57
4/4 24 3 333 0 0 57 37 2 125 0 0 67 35 1 5 3 333 59 75 3 333 2 75 56 35 1 5 3 1333 52 16 0 1 2 175 74 24 0 1 2 175 49 35 2 25 2 225 62 26 3 333 3 2333 58 36 0 1 3 2667 53 66 0 1 3 2667 56 16 0 1 3 2667 64 43 0 1 3 2667 55 37 0 1 3 2667 74 13 2 25 3 3333 64 37 0 1 2 375 77 54 0 1 2 375 63
4/4 37 0 1 0 0 77 54 0 1 0 0 63 64 1 5 2 25 67 35 0 1 3 667 63 37 0 1 3 667 77 64 1 5 0 1 61 37 0 1 1 15 84 54 1 5 1 15 56 64 2 25 0 2 61 43 0 1 3 2333 55 26 0 1 3 2333 77 13 2 25 2 275 61 37 2 75 2 325 74 54 1 5 2 325 49 64 2 25 2 375 57
4/4 37 2 75 0 0 74 64 2 25 0 0 57 35 3 333 2 25 53 64 3 333 3 667 54 54 2 25 0 1 52 16 1 5 0 1 77 64 2 25 1 15 55 26 2 25 1 15 72 36 2 25 0 2 67 36 0 1 0 2 57 76 0 1 0 2 63 53 0 1 0 2 61 37 0 1 0 2 68 34 1 5 1 25 62 37 0 1 0 3 74 54 0 1 0 3 63 74 1 5 1 35 65
4/4 35 0 1 0 0 58 37 0 1 0 0 74 74 1 5 3 333 59 37 3 667 2 75 74 54 2 25 2 75 55 74 2 25 2 125 62 26 2 75 3 1667 72 53 1 5 2 175 57 34 3 333 2 225 59 37 3 1333 3 2667 74 54 3 333 3 2667 61 74 1 5 0 3 57 35 1 5 1 35 61
4/4 74 1 5 0 0 52 37 3 167 0 0 74 16 0 1 3 333 80 54 0 1 3 333 48 74 2 25 0 1 64 26 1 5 0 1 70 36 0 1 3 1333 60 66 0 1 3 1333 62 63 0 1 3 1333 62 716 0 1 3 1333 65 37 0 1 3 1333 68 34 2 25 0 2 63 37 0 1 1 25 80 74 0 1 1 25 65 714 1 5 0 3 68 525 2 25 1 35 68 37 1 5 1 35 74 714 2 25 2 375 41
4/4 714 3 83 0 0 41 74 0 1 3 333 49 37 0 1 3 333 74 714 2 25 2 75 61 37 2 75 2 125 72 63 1 5 2 125 58 34 3 333 3 1667 56 74 3 333 0 2 61 77 1 15 0 2 72 714 2 25 1 25 51 525 3 333 0 3 56 714 2 25 3 3333 55 67 2 25 2 375 63 74 2 25 2 375 48
4/4 67 2 25 0 0 63 714 0 1 2 25 55 527 0 1 2 25 61 66 0 1 2 75 60 37 0 1 2 75 68 47 0 1 2 75 65 73 3 667 0 1 64 44 1 5 3 1333 65 74 1 5 2 175 72 35 1 5 2 225 74 45 1 5 3 2667 74 35 1 5 0 3 59 74 1 5 1 35 52
4/4 35 2 25 0 0 44 74 0 1 1 5 48 45 0 1 1 5 44 65 0 1 2 75 49 15 0 1 2 75 53 36 0 1 2 125 63 56 0 1 2 125 67 715 0 1 0 3 40 54 0 1 0 3 40 45 0 1 0 3 38 25 0 1 0 3 48 46 0 1 0 3 48 66 3 667 3 3333 56
4/4 715 0 1 0 0 40 54 0 1 0 0 40 45 0 1 0 0 38 25 0 1 0 0 48 46 0 1 0 0 48 66 3 333 0 0 56 15 0 1 0 1 51 36 0 1 0 1 56 56 0 1 0 1 60 63 0 1 0 1 55 76 1 5 2 125 64 34 2 25 2 175 57 76 0 1 2 225 80 64 1 5 2 225 61 74 1 5 1 25 68 14 3 667 0 3 70 35 1 5 1 35 67
4/4 76 0 1 0 0 72 55 0 1 0 0 62 75 2 25 3 333 62 715 0 1 2 75 53 25 0 1 2 75 58 53 0 1 2 75 58 46 0 1 2 75 60 76 0 1 2 75 70 23 2 25 3 1333 61 54 0 1 2 175 64 66 0 1 2 175 72 714 3 333 2 225 55 24 3 333 3 2667 58 56 2 75 3 2667 74 45 2 25 0 3 51 55 0 1 3 3667 53 46 0 1 3 3667 67
4/4 715 2 25 0 0 64 55 0 1 0 0 53 46 0 1 0 0 67 55 0 1 1 5 59 75 0 1 1 5 62 13 0 1 1 5 68 25 0 1 1 5 60 46 0 1 1 5 70 54 2 25 0 1 58 74 0 1 1 15 61 56 0 1 1 15 70 14 1 5 0 2 57 36 3 667 0 2 77 24 1 5 3 2333 64 35 2 25 2 275 56 55 2 25 2 325 57 75 2 25 2 375 56
4/4 65 0 1 3 333 51 74 0 1 3 333 42 46 0 1 3 333 51 16 0 1 3 333 59 225 0 1 3 333 53 66 0 1 3 333 50 75 0 1 0 2 42 225 0 1 0 2 43 46 0 1 0 2 55 34 0 1 0 2 43 224 0 1 0 2 42 76 0 1 0 2 54 56 3 333 2 325 84 66 3 333 3 3667 77
4/4 15 0 1 0 0 51 36 0 1 0 0 55 56 0 1 0 0 62 63 0 1 0 0 58 76 1 5 3 333 63 34 2 25 2 75 57 64 1 5 2 125 63 76 3 1333 2 125 77 74 1 5 3 1667 62 14 3 667 2 225 67 35 1 5 1 25 70 76 0 1 0 3 80 55 0 1 0 3 65 14 2 25 1 35 67
4/4 715 0 1 0 0 55 36 0 1 0 0 57 53 0 1 0 0 61 56 0 1 0 0 62 76 0 1 0 0 70 23 2 25 1 5 61 54 0 1 0 1 59 66 0 1 0 1 77 714 2 25 3 1333 58 56 3 667 2 175 77 24 2 25 2 175 59 45 1 5 2 225 56 715 2 25 2 275 58 46 1 5 2 275 72 55 2 75 2 325 59 75 0 1 3 3667 60 13 0 1 3 3667 58 46 0 1 3 3667 67 25 0 1 3 3667 62
4/4 55 2 25 0 0 59 75 0 1 0 0 60 13 0 1 0 0 58 46 0 1 0 0 67 25 0 1 0 0 62 54 3 333 2 25 49 14 3 333 3 667 50 56 2 25 3 667 62 24 1 5 0 1 56 56 2 25 0 1 72 35 1 5 3 1667 49 55 2 25 0 2 49 15 1 5 1 25 51 25 2 25 0 3 51 56 0 1 3 3667 45 27 0 1 3 3667 46 36 0 1 3 3667 43 26 0 1 3 3667 40
4/4 56 0 1 0 0 45 27 0 1 0 0 46 36 0 1 0 0 43 26 0 1 0 0 40 15 2 75 0 2 45 25 3 667 3 2667 74 36 3 667 0 3 80 46 2 25 1 35 77
4/4 615 0 1 0 0 46 15 0 1 0 0 54 56 0 1 0 0 63 43 0 1 2 25 47 13 3 667 0 1 48 54 2 25 0 2 55 15 0 1 2 275 56 614 0 1 2 275 44 36 0 1 2 375 48 14 0 1 2 375 37 615 0 1 2 375 41 35 0 1 2 375 44
4/4 36 0 1 2 175 38 615 0 1 2 175 38 16 0 1 2 175 59 56 0 1 2 175 44 26 3 667 2 225 67 37 1 5 3 2667 67 47 3 333 2 325 59 75 3 333 3 3667 41 36 3 333 3 3667 35 56 0 1 2 375 42 16 0 1 2 375 49
4/4 75 3 1917 0 0 41 36 3 1667 0 0 35 56 0 1 0 0 42 16 0 1 0 0 49 57 2 75 2 25 59 67 2 25 2 175 55 75 0 1 3 2667 38 25 0 1 3 2667 34 66 0 1 3 2667 40 47 0 1 3 2667 43
4/4 15 3 2667 3 1333 47 56 0 1 0 3 49 44 2 75 2 325 46
4/4 14 3 667 0 0 44 15 3 1333 0 0 47 56 1 15 0 0 49 44 1 5 0 0 46 55 0 1 0 1 50 45 0 1 2 175 43 15 0 1 2 175 49 35 0 1 2 275 35 615 0 1 2 275 40 36 0 1 2 275 45 46 2 25 2 375 63
4/4 35 0 1 0 0 35 615 0 1 0 0 40 46 2 75 0 0 63 36 0 1 3 667 51 14 0 1 3 667 37 46 3 2333 3 1667 63 45 0 1 3 2667 30 74 0 1 3 2667 30 65 0 1 3 2667 36 15 0 1 3 2667 38
4/4 46 3 333 0 0 63 45 0 1 0 0 30 74 0 1 0 0 30 65 0 1 0 0 36 15 0 1 0 0 38 36 3 333 2 75 51 76 3 667 2 175 47 55 0 1 0 3 29 714 0 1 0 3 20 25 0 1 0 3 35 56 0 1 0 3 42 716 3 333 3 3667 44
4/4 55 2 375 0 0 29 714 0 1 0 0 20 25 0 1 0 0 35 56 0 1 0 0 42 716 3 2917 0 0 44
4/4 16 3 1333 0 0 63 26 2 75 2 125 55 37 1 5 3 2333 48 14 3 1667 3 2333 34 55 0 1 1 35 44 37 0 1 1 35 56 35 0 1 1 35 46
4/4 14 3 1333 0 0 34 55 0 1 2 25 56 47 0 1 2 25 65 35 0 1 2 25 51 55 2 75 0 1 54 35 0 1 0 1 48 37 0 1 0 1 72 74 0 2 0 2 52 26 2 75 0 2 70 55 0 1 2 275 42 24 0 1 2 275 41 56 0 1 1 35 59 24 0 1 1 35 38 55 0 1 1 35 47
4/4 74 3 667 0 0 52 24 0 1 3 333 41 55 0 1 3 333 48 76 0 1 3 333 64 15 0 1 0 1 38 36 0 1 0 1 43 56 0 1 0 1 48 16 0 1 0 1 58 64 2 275 2 125 43 55 0 1 2 225 42 35 0 1 2 225 44 16 0 1 2 225 63 55 0 1 0 3 48 76 0 1 0 3 67 35 0 1 0 3 52 66 0 1 2 375 67 55 0 1 2 375 51
4/4 35 3 667 0 0 52 66 0 1 0 0 67 55 0 1 0 0 51 64 2 25 0 0 43 75 0 1 3 667 40 54 0 1 3 667 44 46 0 1 3 667 51 76 0 1 3 667 60 36 1 25 2 75 47 35 0 1 2 175 38 74 0 1 2 175 40 35 0 1 1 25 47 74 0 1 1 25 43 35 0 1 1 35 52 74 0 1 1 35 38
4/4 75 0 1 2 25 38 36 0 1 2 25 42 524 2 275 1 5 47 76 2 75 1 5 49 66 0 1 1 15 60 35 0 1 1 15 48 74 0 1 1 15 44 35 0 1 2 225 55 66 0 1 2 225 70 74 0 1 2 225 49 526 0 1 0 3 76 35 0 1 0 3 58 74 0 1 0 3 52 65 0 1 3 3667 45 225 0 1 3 3667 46
4/4 44 2 275 0 0 59 66 2 125 0 0 67 65 0 1 0 0 45 225 0 1 0 0 46 224 0 1 2 75 51 64 0 1 2 75 44 225 0 1 3 1667 68 224 0 1 3 1667 51 64 0 1 3 1667 47 224 0 1 1 25 53 66 0 1 1 25 68 64 0 1 1 25 41 715 0 1 3 3333 34 25 0 1 3 3333 45 526 0 1 3 3333 49 314 1 5 1 35 47 76 3 333 3 3667 55
4/4 715 0 1 0 0 34 25 0 1 0 0 45 526 0 1 0 0 49 314 1 25 0 0 47 76 3 667 0 0 55 714 0 1 1 5 50 24 0 1 1 5 49 76 0 1 3 1333 62 714 0 1 3 1333 46 24 0 1 3 1333 49 25 0 1 3 1333 57 526 0 1 3 1333 58 716 0 1 3 2333 65 714 0 1 3 2333 46 24 0 1 3 2333 49 75 0 1 3 3333 30 25 0 1 3 3333 42 23 0 1 3 3333 43 46 0 1 3 3333 46 76 0 1 3 3333 49
4/4 75 0 1 0 0 30 25 0 1 0 0 42 23 0 1 0 0 43 46 0 1 0 0 46 76 0 1 0 0 49 74 2 25 3 667 52 15 0 1 1 15 40 75 0 1 1 15 51 24 0 1 1 15 46 45 0 1 1 15 48 46 0 1 1 15 62 16 0 1 1 15 80 25 0 1 1 25 64 26 0 1 1 25 68 23 0 1 1 25 54 13 1 5 1 35 44 37 0 1 3 3667 62 16 0 1 3 3667 60
4/4 36 1 5 0 0 63 13 1 5 0 0 44 37 0 1 0 0 62 16 0 1 0 0 60 54 2 75 1 5 57 16 0 1 1 5 64 37 0 1 1 5 65 36 3 333 0 1 67 35 2 75 3 1333 52 47 0 1 3 1333 64 26 0 1 3 1333 55 46 1 5 2 175 68 37 0 1 2 225 58 16 0 1 2 225 57 54 2 75 2 225 51 36 1 5 3 2667 57 76 0 1 0 3 64 26 0 1 0 3 65 73 2 75 0 3 49 25 1 5 1 35 52
4/4 54 0 1 0 0 49 36 1 5 0 0 57 46 2 25 3 333 63 24 0 1 2 75 51 56 2 25 2 75 72 25 1 5 2 125 67 76 0 1 3 1667 60 56 0 1 3 1667 62 54 0 1 3 1667 49 25 3 333 2 225 53 16 0 1 3 2667 62 56 0 1 3 2667 52 63 0 1 3 2667 49 15 1 5 0 3 57 34 1 5 1 35 49 16 0 1 3 3667 64 56 0 1 3 3667 53
4/4 15 1 5 0 0 63 34 1 5 0 0 49 16 0 1 0 0 64 56 0 1 0 0 53 76 0 1 3 333 65 56 0 1 3 333 57 14 0 1 3 333 51 15 2 25 2 75 62 34 0 1 2 125 51 66 0 1 2 125 58 46 0 1 2 125 53 15 2 25 2 175 57 76 0 1 2 225 63 46 0 1 2 225 55 53 0 1 2 225 51 75 1 5 3 2667 52 34 0 1 0 3 48 36 0 1 0 3 57 46 1 5 1 35 56
4/4 36 0 1 0 0 52 74 0 1 0 0 38 25 1 5 1 5 50 75 0 1 0 1 51 35 0 1 0 1 38 55 2 25 3 1667 52 524 0 1 1 25 39 74 0 1 1 25 42 35 0 1 2 275 46 45 0 1 2 275 50 75 1 5 0 3 57
4/4 65 1 5 0 0 74 74 2 125 1 5 52 65 1 5 0 1 53 523 0 1 0 1 41 35 0 1 0 1 50 525 2 25 2 175 51 43 0 1 3 2667 31 223 0 1 3 2667 35 64 0 1 2 275 25 224 0 1 2 275 39 65 0 1 2 275 49
4/4 43 0 1 0 0 31 223 0 1 0 0 35 64 0 1 0 0 25 224 0 1 0 0 39 65 0 1 0 0 49 75 1 5 0 1 70 715 1 5 0 2 73 314 0 1 0 3 38 224 3 667 0 3 43 315 0 1 2 325 42 65 0 1 2 325 47 225 0 1 2 325 62
4/4 315 0 1 0 0 42 65 0 1 0 0 47 225 0 1 0 0 62 715 3 333 2 25 67 313 0 1 0 1 39 715 0 1 0 1 54 75 2 25 0 2 51 33 2 75 2 325 35 35 0 1 2 325 35 715 0 1 2 325 42 55 0 1 2 325 44
4/4 33 2 25 0 0 35 35 0 1 0 0 35 715 0 1 0 0 42 55 0 1 0 0 44 54 0 1 0 1 44 224 0 1 0 1 48 35 0 1 3 1333 48 55 0 1 3 1333 53 75 0 1 3 1333 68 715 3 333 2 225 73 225 3 333 0 3 62 75 3 667 3 3333 42 715 1 5 1 35 46 64 3 333 3 3667 42 36 3 333 3 3667 55
4/4 75 3 2333 0 0 42 715 2 275 0 0 46 64 3 1333 0 0 42 36 3 4667 0 0 55 74 2 75 3 667 43 714 2 75 1 15 43 35 2 25 1 25 44 525 0 1 1 35 33 75 0 1 1 35 37 35 0 1 1 35 34 74 0 1 1 35 33 524 1 5 1 35 27
4/4 525 0 1 0 0 33 75 0 1 0 0 37 35 0 1 0 0 34 74 0 1 0 0 33 524 1 25 0 0 27 715 1 5 1 15 68 225 1 5 3 2333 73 65 0 1 0 3 39 715 0 1 0 3 38 36 3 667 3 3333 57 44 1 5 1 35 43
4/4 65 0 1 0 0 39 715 0 1 0 0 38 36 3 833 0 0 57 44 3 833 0 0 43 714 2 75 3 333 45 35 2 25 2 125 46 65 2 175 2 225 43 715 0 1 0 3 31 36 0 1 0 3 37 66 0 1 0 3 40
4/4 37 2 125 0 0 68 65 3 917 0 0 43 715 0 1 0 0 31 36 0 1 0 0 37 66 0 2 0 0 40 26 0 1 2 125 57 37 3 333 2 225 49 46 0 1 0 3 30 66 0 1 0 3 33 73 3 667 3 3333 31 47 3 667 3 3333 44
4/4 46 0 1 0 0 30 66 0 1 0 0 33 73 3 583 0 0 31 47 0 4 0 0 44 44 3 667 3 333 39 14 2 25 3 1333 42 35 0 1 2 225 42 45 2 75 2 325 46
4/4 65 2 25 0 0 45 46 0 1 0 0 30 66 0 1 0 0 33 47 3 1583 0 0 44 45 2 25 0 0 46 15 2 225 2 125 41 36 3 1667 3 2333 37 25 2 25 2 375 34
4/4 76 0 4 0 0 20 25 2 575 0 0 34 36 3 83 0 0 37 77 2 375 2 25 26
4/4 76 1 5 0 0 20 77 1 15 0 0 26 25 0 1 2 375 30 65 0 1 2 375 33 56 0 1 2 375 26
4/4 16 0 4 0 0 33 25 0 1 0 0 30 65 0 1 0 0 33 56 0 1 0 0 26 57 1 5 2 125 41 57 1 5 0 2 62 57 1 5 0 3 68
4/4 57 0 1 0 0 66 16 2 1025 0 0 33 47 2 125 0 1 47 57 2 125 0 2 45 17 0 1 0 3 41
4/4 57 0 1 0 0 41 17 0 4 0 0 41 47 2 25 0 1 38 47 3 2333 3 1667 41
4/4 17 3 1667 0 0 41 47 3 2167 0 0 41
4/4 76 0 1 2 75 35 15 0 1 2 75 30 46 0 1 2 75 41 47 3 333 2 175 44 47 3 333 2 275 50 47 3 333 3 3667 58
4/4 76 0 1 0 0 35 15 0 1 0 0 30 46 0 1 0 0 41 47 0 1 1 5 67 37 0 1 1 15 51 47 0 1 3 2333 47 77 3 667 3 3333 36
4/4 77 3 333 0 0 36 47 2 75 3 333 37 47 0 1 3 1667 31 57 0 1 3 1667 42 47 0 1 0 2 38 37 0 1 0 2 40 26 0 1 3 2333 39 37 3 667 3 3333 38
4/4 37 3 2583 0 0 38 16 2 25 2 375 47
4/4 16 3 417 0 0 47 26 3 333 3 333 52 36 0 1 0 1 34 75 0 1 0 1 31 66 0 3 0 1 31 76 2 125 0 1 36 37 3 667 2 125 38 37 3 333 2 225 44 37 3 333 0 3 47
4/4 36 0 1 0 0 34 75 0 1 0 0 31 66 0 4 0 0 31 37 2 75 2 25 47 26 0 1 2 125 39 37 3 1667 3 2333 38
4/4 36 0 1 0 0 34 75 0 1 0 0 31 66 0 1 0 0 31 37 3 583 0 0 38 16 3 667 1 5 41 26 3 333 0 1 52 65 0 1 3 1667 31 56 0 1 3 1667 26 25 0 1 3 1667 25 37 2 75 2 175 39 76 2 225 2 175 40 37 1 5 2 275 46 37 2 25 2 375 39
4/4 65 0 1 0 0 31 56 0 1 0 0 26 25 0 1 0 0 25 37 2 25 0 0 39 76 0 4 0 0 40 37 0 1 2 75 46 26 2 125 2 175 37 37 0 1 0 3 46
4/4 65 0 1 0 0 31 56 0 1 0 0 26 25 0 1 0 0 25 76 0 10 0 0 40 37 1 5 0 0 46 16 3 667 1 15 47 26 3 667 0 2 45 46 0 1 3 2667 35 55 0 1 3 2667 36 15 0 1 3 2667 34 37 3 667 3 2667 47
4/4 37 3 333 0 0 53 46 0 1 0 0 35 55 0 1 0 0 36 15 0 1 0 0 34 37 3 333 0 1 47 37 3 333 0 2 42 37 0 1 0 3 43
4/4 46 0 1 0 0 35 55 0 1 0 0 36 15 0 1 0 0 34 37 2 25 0 0 43 77 2 75 2 25 32 37 1 5 3 2667 40 75 0 1 2 375 15 45 0 1 2 375 21 36 0 1 2 375 23
4/4 66 0 1 0 0 22 76 0 1 0 0 26 75 0 1 0 0 15 45 0 1 0 0 21 36 0 1 0 0 23 47 3 3667 3 333 30
4/4 66 0 1 0 0 22 76 0 1 0 0 26 47 3 1667 0 0 30
4/4
4/4
