4/4 12 0 1 2 25 81 35 0 1 2 75 49 55 0 1 2 75 65 75 0 1 0 1 51 25 0 1 0 1 76 53 2 75 0 1 64 15 3 333 2 175 91 23 2 75 2 175 57 34 0 1 1 25 73 75 2 25 1 25 77 75 0 1 0 3 76 35 0 1 0 3 83 74 0 1 0 3 80 615 3 333 3 3667 86
4/4 12 0 1 2 25 70 55 0 1 2 25 89 615 2 25 2 75 93 14 0 1 2 125 77 45 0 1 2 125 61 615 0 1 2 125 71 22 0 1 2 125 78 15 1 5 1 15 76 73 0 1 2 225 79 75 0 1 2 225 77 615 2 25 2 275 92 44 3 667 2 275 77 75 0 1 3 3333 94 23 0 1 3 3333 75 45 0 1 2 375 74 75 0 1 2 375 44 25 0 1 2 375 63
4/4 33 2 75 0 0 71 46 2 125 0 0 82 45 0 1 0 0 62 75 0 1 0 0 48 25 0 1 0 0 80 73 3 667 2 75 74 44 1 5 3 1333 61 54 0 1 0 2 50 36 0 1 0 2 70 24 0 1 3 2333 53 55 0 1 3 2333 54 75 0 1 3 2333 61 313 2 75 3 2667 63 25 3 1333 3 2667 74 73 3 667 3 3333 65
4/4 23 3 667 0 0 53 25 3 167 0 0 74 73 3 83 0 0 62 54 2 25 3 667 45 15 0 1 3 667 81 74 3 667 3 1333 46 54 2 25 0 2 58 75 1 5 3 2667 73 23 0 1 3 2667 54 313 2 25 3 3333 52 14 0 1 2 375 30 45 0 1 2 375 48 615 0 1 2 375 49
4/4 43 0 1 0 0 60 14 0 1 0 0 32 45 0 1 0 0 37 615 0 1 0 0 52 15 2 175 2 25 63 13 0 1 0 1 47 54 2 25 3 1667 56 614 3 333 1 25 44 523 0 1 1 35 34 23 0 1 1 35 25 614 0 1 1 35 39 24 0 1 2 375 35 525 0 1 2 375 38 615 0 1 2 375 27
4/4 523 0 1 0 0 25 23 0 1 0 0 39 614 0 1 0 0 33 24 0 1 0 0 37 525 0 1 0 0 30 615 0 1 0 0 30 25 2 375 2 25 46
4/4 523 0 1 0 0 27 23 0 1 0 0 34 614 0 1 0 0 23 24 0 1 0 0 18 525 0 1 0 0 25 615 0 1 0 0 27 25 0 1 0 0 34 24 2 25 2 375 45
4/4 53 2 25 0 1 39 75 1 5 0 1 72 74 0 1 2 225 46 23 0 1 2 225 38 24 1 5 3 3333 66
4/4 43 2 25 3 333 44 615 2 125 3 333 71 614 0 1 1 15 40 23 0 1 1 15 49 24 0 1 1 25 62 55 0 1 1 35 65 33 0 1 1 35 61
4/4 54 0 1 3 667 52 73 0 1 3 667 43 55 3 667 2 125 79 45 3 667 3 1667 67 35 3 667 2 225 78 45 0 1 2 275 69 22 2 25 2 275 43 44 0 1 2 375 48 73 0 1 2 375 45
4/4 44 0 1 0 0 48 73 0 1 0 0 50 24 1 5 2 75 65 14 2 125 2 175 74 12 2 25 2 175 57 34 0 1 2 275 51 53 0 1 2 275 54 35 2 25 3 3333 74 55 2 25 2 375 81
4/4 55 3 83 0 0 78 75 2 25 3 333 81 43 1 5 0 1 67 615 3 667 0 1 84 614 0 1 0 2 50 13 0 1 0 2 43 45 1 5 1 25 75 24 3 667 0 3 70 14 1 5 1 35 71
4/4 24 2 225 0 0 79 72 2 25 0 0 39 14 3 167 0 0 54 43 0 1 0 1 52 73 0 1 0 1 42 23 0 1 0 2 56 73 0 1 0 2 55 53 0 1 0 3 42 14 0 1 0 3 63 612 0 1 0 3 50 34 0 1 0 3 64 54 0 1 0 3 52
4/4 614 0 1 3 333 54 22 0 1 3 333 42 24 0 1 3 333 40 13 0 1 3 333 47 524 0 1 3 333 36 24 3 667 2 225 81 75 0 1 2 275 68 53 3 333 2 275 45 74 0 1 2 375 48 23 0 1 2 375 54
4/4 24 0 1 0 1 65 613 2 25 2 175 45 615 2 125 2 175 92 614 0 1 0 3 67 23 0 1 0 3 57 524 0 1 0 3 40
4/4 24 0 1 0 0 85 55 0 1 0 1 94 73 3 667 0 1 60 54 0 1 0 2 74 23 0 1 0 2 58 55 3 667 1 25 89 45 1 5 0 3 90 35 1 5 1 35 82
4/4 45 2 125 0 0 80 712 1 5 0 0 55 23 0 1 0 1 52 53 0 1 0 1 62 24 0 1 0 2 82 54 0 1 0 2 68 14 0 1 0 3 90 12 3 333 0 3 68
4/4 34 3 667 2 25 57 53 0 1 2 25 54 35 3 333 3 667 95 55 3 333 2 125 90 75 3 333 3 1667 85 14 0 1 0 2 53 45 0 1 0 2 63 15 0 1 0 2 74 22 1 5 2 225 68 44 0 1 3 3333 55 13 0 1 3 3333 57 613 0 1 3 3333 42 25 2 25 2 375 77
4/4 615 3 333 3 333 72 45 2 25 0 1 63 14 0 1 2 125 39 24 0 1 2 125 56 53 0 1 2 125 55 55 1 25 1 15 58 23 1 5 1 25 51 614 0 1 3 3667 34 14 0 1 3 3667 49
4/4 55 2 125 0 0 52 53 0 1 2 75 45 74 0 1 2 75 29 24 0 1 2 75 50 23 0 1 2 75 38 54 0 1 2 75 32 25 0 1 0 3 66
4/4 54 2 25 0 0 47 76 0 1 0 0 67 25 2 25 0 0 63 75 0 1 0 1 59 24 0 1 0 1 43 75 0 1 2 225 52 25 0 1 2 225 73 24 0 1 2 225 45 616 2 75 2 325 66 44 2 25 2 325 63
4/4 616 1 5 0 0 72 615 0 1 2 25 54 24 0 1 2 25 40 615 0 1 2 125 50 25 0 1 2 125 68 24 0 1 2 125 58 56 0 1 3 2333 59 34 2 25 3 2333 62 55 0 1 3 3333 46 74 0 1 3 3333 57
4/4 56 3 667 0 0 56 55 0 1 3 333 59 74 0 1 3 333 58 46 3 667 1 5 59 36 3 667 0 1 57 23 2 25 1 15 61 46 2 125 1 15 75 45 0 1 1 25 40 74 0 1 1 25 38 45 0 1 1 35 62 25 0 1 1 35 74 74 0 1 1 35 45
4/4 15 3 1667 1 5 65 13 2 25 1 5 40 35 0 1 1 15 49 54 0 1 1 15 42 36 1 5 0 2 78 56 0 1 1 25 69 54 0 1 1 25 50 35 0 1 1 25 51 76 2 25 0 3 74 616 1 5 1 35 72 44 2 25 1 35 46
4/4 616 1 5 0 0 74 14 0 1 3 667 43 615 0 1 3 667 49 46 2 75 0 1 67 25 1 5 3 1667 58 615 0 1 3 1667 58 14 0 1 3 1667 59 15 3 667 0 2 78 73 2 25 3 2667 53 25 3 1333 3 2667 78 24 0 1 3 3667 41 44 0 1 3 3667 59
4/4 74 0 1 3 667 60 75 0 1 3 667 70 44 0 1 3 667 49 15 3 333 2 125 77 14 0 1 3 1667 57 615 0 1 3 1667 61 23 0 1 3 1667 45 25 0 1 3 1667 68 55 0 1 3 1667 67 525 0 1 2 275 60 14 0 1 2 275 56 615 0 1 2 275 40 25 0 1 2 275 53 23 0 1 2 275 38
4/4 25 3 667 1 5 77 76 0 1 0 1 63 54 0 1 0 1 57 75 0 1 2 225 60 24 0 1 2 225 57 75 0 1 2 325 63 24 0 1 2 325 44 25 2 75 2 325 70
4/4 25 2 25 0 0 61 614 3 333 2 25 48 616 2 125 2 25 69 615 0 1 2 125 61 525 0 1 2 125 53 615 0 1 3 2333 60 25 0 1 3 2333 68 525 0 1 3 2333 49 74 2 25 3 3333 40 56 3 667 3 3333 62
4/4 56 3 333 0 0 62 24 0 1 3 333 50 55 0 1 3 333 47 56 1 5 0 1 76 24 0 1 1 15 46 55 0 1 1 15 53 46 0 1 1 15 62 36 3 333 0 2 79 713 2 25 3 2333 61 46 2 125 1 25 82 24 0 1 1 35 44 54 0 1 1 35 50
4/4 24 0 1 1 5 67 54 0 1 1 5 37 25 0 1 1 5 60 55 0 1 1 5 68 13 2 25 1 15 57 15 2 175 1 15 72 54 0 1 1 25 49 35 0 1 1 25 32 36 1 5 0 3 87 35 0 1 1 35 55 56 0 1 1 35 85 54 0 1 1 35 53
4/4 76 3 333 0 0 82 15 0 1 3 333 58 46 0 1 3 333 68 16 0 1 3 333 78 23 2 25 1 5 63 614 0 1 1 15 50 45 0 1 1 15 48 26 2 25 0 2 58 45 0 1 1 25 54 616 0 1 1 25 60 614 0 1 1 25 60 46 2 25 0 3 57 15 0 1 3 3333 48 25 0 1 3 3333 58 56 0 1 3 3333 51 53 2 25 1 35 50
4/4 15 0 1 0 0 55 25 0 1 0 0 68 56 0 1 0 0 58 23 2 25 3 667 52 14 0 1 3 1667 57 615 0 1 3 1667 60 15 0 1 3 1667 54 54 0 1 2 275 48 75 0 1 2 275 38 24 0 1 2 275 42 55 0 1 2 275 44 25 0 1 2 275 52
4/4 55 2 25 2 75 78 615 2 25 2 125 90 74 0 1 2 175 67 35 0 1 2 175 55 55 0 1 2 175 72 75 0 1 2 175 75 12 0 1 0 2 65 53 1 5 3 2667 62 23 1 5 2 325 62 75 2 25 3 3667 83 34 3 333 3 3667 57
4/4 34 3 167 0 0 58 74 0 1 2 25 57 75 0 1 2 25 75 75 0 1 3 667 71 34 0 1 3 667 49 74 0 1 2 125 68 12 0 1 2 125 65 75 0 1 2 125 82 35 3 1333 2 125 55 53 1 5 2 175 62 23 1 5 2 225 55 34 0 1 3 2667 46 615 0 1 3 2667 81 55 0 1 2 325 90 74 0 1 2 325 53 34 2 25 3 3667 45 615 3 333 3 3667 76
4/4 14 0 3 2 25 61 45 1 35 2 25 71 22 2 75 2 25 57 73 1 5 3 667 42 13 1 5 2 125 57 73 1 5 2 175 62 44 1 5 2 225 73 73 1 5 2 275 64 22 3 667 2 325 55 73 2 25 2 375 44
4/4 73 2 25 0 0 44 13 1 5 2 25 31 24 0 1 2 75 73 73 0 1 2 75 42 35 0 1 3 1333 82 44 0 1 3 1333 54 45 0 1 2 175 81 73 0 1 2 175 50 54 0 1 2 225 54 74 0 1 2 225 61 24 0 1 2 225 74 55 0 1 2 225 75 32 2 75 3 2333 61 72 1 5 0 3 65 33 1 5 1 35 76
4/4 55 2 25 0 0 64 53 3 667 0 0 76 73 1 5 3 333 76 55 2 25 1 5 77 55 2 25 0 1 72 23 1 5 0 1 81 614 0 1 3 1333 65 33 0 1 3 1333 73 55 0 1 3 1333 70 14 3 1333 1 15 60 13 1 5 0 2 69 44 1 5 1 25 76 45 0 1 0 3 78 614 0 1 0 3 57 35 0 1 1 35 86 44 0 1 1 35 63
4/4 13 0 1 0 0 80 45 0 1 0 0 84 44 0 1 1 5 73 614 0 1 1 5 73 24 0 1 1 5 77 72 3 667 3 667 69 43 3 333 2 125 60 73 1 5 3 1667 63 13 1 5 2 225 52 23 1 5 2 275 65 44 2 75 2 325 58 15 0 1 2 375 46 24 0 1 2 375 44 45 0 1 2 375 47 615 0 1 2 375 52 614 0 1 2 375 39
4/4 15 0 1 0 0 47 24 0 1 0 0 42 45 0 1 0 0 57 615 0 1 0 0 48 614 0 1 0 0 33 24 3 667 0 2 90 34 0 1 0 3 70 54 0 1 0 3 65 12 0 1 0 3 70 714 0 1 0 3 68 53 3 333 3 3667 54
4/4 13 1 5 0 0 70 53 3 167 0 0 65 14 0 1 1 5 82 34 0 1 1 5 42 35 0 1 0 1 94 54 0 1 0 1 79 34 0 1 1 15 75 55 0 1 1 15 83 42 0 1 2 225 70 45 0 1 2 225 82 14 2 175 2 225 72 614 0 1 2 225 82 12 1 5 3 2667 75 43 3 667 2 325 84 613 3 333 3 3667 71
4/4 613 3 167 0 0 86 13 0 1 2 25 76 35 0 1 2 25 95 44 2 25 3 667 79 44 2 25 0 1 50 44 0 1 0 1 62 614 0 1 0 1 75 22 0 1 0 1 75 224 0 1 2 125 77 22 0 1 2 125 78 613 1 5 3 1667 58 23 1 5 2 225 74 24 0 1 3 2667 79 44 0 1 3 2667 63 614 2 25 2 325 73 45 3 667 2 325 86 615 3 333 3 3667 94
4/4 24 0 1 0 0 68 45 0 1 0 0 64 615 0 1 0 0 64 52 0 1 2 25 77 15 0 1 2 25 88 22 2 25 2 75 81 53 1 5 2 125 84 73 0 1 2 175 72 75 0 1 2 175 91 15 0 1 2 225 90 45 0 1 2 225 79 24 0 1 2 225 78 615 0 1 2 225 73 23 0 1 2 225 74 44 2 25 2 275 49 24 0 1 2 325 64 55 0 1 2 325 60 75 0 1 2 325 80 25 0 1 2 325 71 313 1 5 3 3333 66 73 2 25 2 375 55
4/4 24 0 1 0 0 73 55 0 1 0 0 70 75 0 1 0 0 69 25 0 1 0 0 83 73 3 417 0 0 53 23 1 5 3 333 61 54 2 25 0 1 63 15 0 1 1 15 62 74 0 1 1 15 52 25 0 1 0 2 65 24 2 25 0 2 41 24 0 1 1 25 53 74 0 1 1 25 50 314 0 1 1 25 35 54 0 1 1 25 47 55 0 1 1 25 69
4/4 45 3 333 2 75 88 55 2 25 3 1333 67 12 0 1 2 175 36 73 0 1 2 175 40 34 0 1 0 2 51 54 0 1 0 2 41 74 0 1 0 2 54 24 2 125 2 225 58
4/4 12 0 1 0 0 40 73 0 1 0 0 35 14 1 5 3 333 85 24 2 325 2 75 66 54 1 25 1 15 71 13 0 1 1 15 31 22 0 1 1 15 34
4/4 54 3 1167 0 0 52 24 2 275 0 0 68 13 0 1 0 0 35 22 0 1 0 0 40 524 3 1333 2 125 28
4/4 24 0 3 3 333 70 75 0 2 3 1667 48 53 2 25 3 1667 41 74 0 1 2 225 57 23 0 1 2 225 37 74 0 1 3 2667 71 23 0 1 3 2667 66 74 0 1 2 325 73 23 0 1 2 325 78 24 2 25 2 375 75 53 2 25 2 375 70
4/4 24 3 417 0 0 90 23 2 25 2 25 60 43 2 25 2 75 57 615 1 15 2 75 73 614 0 1 3 1333 52 23 0 1 3 1333 49 614 0 1 2 175 75 23 0 1 2 175 57 614 0 1 2 225 83 23 0 1 2 225 53 24 0 1 2 275 86 43 0 1 2 275 53 23 3 333 3 3333 61 74 0 1 3 3667 69 24 0 1 3 3667 60 55 0 1 3 3667 81 33 2 25 2 375 83
4/4 74 0 1 0 0 72 24 0 1 0 0 70 55 0 1 0 0 81 73 0 1 1 5 62 54 0 1 1 5 46 54 0 1 0 1 70 73 0 1 0 1 71 55 0 1 3 1333 92 54 0 1 3 1333 81 73 0 1 3 1333 59 33 0 1 0 2 59 45 0 1 0 2 88 35 2 25 3 2333 95 45 0 1 0 3 73 74 0 1 0 3 78 22 2 25 0 3 71 73 0 1 1 35 51 44 0 1 1 35 45
4/4 73 0 1 0 0 48 44 0 1 0 0 61 45 0 1 0 0 88 74 0 1 0 0 76 73 0 1 1 5 60 44 0 1 1 5 77 24 3 667 0 1 94 22 2 25 0 1 61 73 2 25 1 15 75 14 3 1667 0 2 64 12 2 25 0 2 59 53 0 1 3 2667 55 34 0 1 3 2667 45 34 0 1 0 3 76 53 0 1 0 3 68 34 0 1 3 3667 71 53 0 1 3 3667 58 35 0 1 3 3667 82 53 0 1 3 3667 53
4/4 12 0 1 2 25 69 55 0 1 2 25 95 53 0 1 3 667 76 75 0 1 3 667 86 615 3 667 2 125 85 43 3 333 2 125 62 614 0 1 3 1667 63 13 0 1 3 1667 48 614 0 1 2 225 66 13 0 1 2 225 68 614 0 1 3 2667 64 13 0 1 3 2667 50 45 2 75 3 2667 78 24 0 1 2 325 74 43 0 1 2 325 67 14 0 1 3 3667 80 13 0 1 3 3667 63
4/4 44 0 1 0 0 69 74 0 1 0 0 70 24 0 1 0 0 70 72 3 667 2 25 86 43 1 5 3 667 69 13 3 667 2 125 77 23 1 5 3 1667 77 44 3 333 2 225 94 14 3 667 3 2667 78 13 0 1 2 325 70 54 0 1 2 325 80 22 0 1 2 325 54 614 0 1 2 325 80 24 0 1 2 325 72
4/4 614 0 1 0 0 70 24 0 1 0 0 82 524 3 333 3 333 45 21 2 75 3 333 39 25 2 25 0 2 78 75 0 1 1 25 53 25 0 1 1 25 48 53 2 75 3 2667 64 76 2 125 2 275 60 23 1 5 2 325 63 54 2 25 2 375 76
4/4 75 0 1 0 0 42 25 0 1 0 0 53 54 3 417 0 0 77 76 1 5 0 0 55 614 2 75 2 25 79 74 0 1 2 75 70 25 0 1 2 75 71 24 2 25 2 125 87 615 0 1 1 15 68 25 0 1 1 15 55 526 0 1 1 15 75 613 3 667 2 175 67 616 2 125 2 175 69 524 1 5 2 225 69 614 2 25 2 275 68 24 1 5 2 325 90 25 0 1 2 375 83 614 0 1 2 375 71
4/4 25 0 1 0 0 83 614 0 1 0 0 77 524 3 333 3 333 67 55 0 1 3 667 67 75 0 1 3 667 62 25 0 1 3 667 67 56 0 1 3 667 65 73 2 75 2 75 69 54 3 667 3 1333 70 74 2 25 2 175 77 24 0 1 3 2333 75 56 0 1 3 2333 93 74 0 1 2 275 72 46 0 1 2 275 87 54 0 1 3 3333 65 36 0 1 3 3333 81 55 0 1 3 3667 58 715 0 1 3 3667 64 46 0 1 3 3667 82 25 2 25 2 375 86 713 2 25 2 375 75
4/4 55 0 1 0 0 61 715 0 1 0 0 60 46 0 1 0 0 81 25 2 125 0 0 73 713 3 417 0 0 64 54 1 5 3 333 64 714 2 25 2 75 69 24 1 5 3 1333 75 714 1 5 0 2 69 25 2 75 0 2 81 54 3 333 3 2333 60 35 0 1 3 2667 86 55 0 1 3 2667 67 15 0 1 3 2667 84 13 0 1 3 2667 85 54 1 5 1 35 76
4/4 14 1 5 0 0 64 24 3 667 3 333 78 36 2 25 3 333 92 35 0 1 0 1 77 56 0 1 0 1 82 55 0 1 3 1333 67 76 0 1 3 1333 86 15 0 1 2 175 82 46 0 1 2 175 65 16 0 1 2 175 88 616 3 1333 0 2 66 23 0 1 0 2 65 16 0 1 0 2 73 614 1 5 1 25 79 24 1 5 0 3 85 45 1 5 1 35 76 26 2 25 1 35 81
4/4 615 0 1 0 0 75 616 0 1 0 0 73 15 0 1 0 0 71 45 3 167 0 0 75 46 2 25 1 5 73 15 0 1 2 75 63 25 0 1 2 75 74 56 0 1 2 75 81 53 2 75 0 1 68 23 1 5 1 15 56 54 3 333 0 2 53 14 3 667 3 2667 57 15 0 1 2 325 57 615 0 1 2 325 50 24 0 1 2 325 57 55 2 25 2 375 56
4/4 55 0 1 2 25 50 75 0 1 2 25 38 54 0 1 3 333 40 24 0 1 3 333 37 25 0 1 1 5 44 56 0 1 1 5 44 22 2 75 2 325 70
4/4 22 2 25 0 0 75 52 2 75 3 333 75 22 1 5 0 1 74 56 0 1 3 1333 76 55 0 1 3 1333 80 53 1 5 1 15 64 73 0 1 0 2 73 525 0 1 0 2 91 526 0 1 0 2 80 53 0 1 1 25 64 44 0 1 1 25 75 25 0 1 1 25 93 23 0 1 1 25 65 56 0 1 1 25 79 75 0 1 1 25 76 55 0 1 1 25 80 35 0 1 3 3333 69 55 0 1 3 3333 61 36 0 1 3 3333 94 12 0 1 1 35 79 36 0 1 1 35 77
4/4 53 0 1 0 0 64 46 0 1 0 0 75 45 0 1 0 0 85 23 0 1 1 5 58 36 0 1 1 5 70 35 0 1 1 5 57 34 0 1 0 1 71 25 0 1 0 1 69 24 0 1 0 1 82 55 0 1 1 15 80 35 0 1 1 15 88 54 0 1 1 15 66 74 0 1 1 15 76 36 2 125 1 15 94 45 0 1 3 2667 75 42 0 1 3 2667 93 12 2 25 0 3 60 45 0 1 3 3667 84 46 0 1 3 3667 71 615 0 1 3 3667 75 15 0 1 3 3667 77 613 0 1 3 3667 67
4/4 315 0 1 2 25 76 316 0 1 2 25 77 13 0 1 2 25 65 44 0 1 3 667 65 613 0 1 3 667 65 46 0 1 3 667 85 45 0 1 3 667 88 13 0 1 3 667 60 24 0 1 3 1333 79 45 0 1 3 1333 57 75 0 1 3 1333 67 25 0 1 3 1333 76 72 3 667 1 15 83 43 0 1 0 2 65 35 0 1 0 2 68 36 0 1 0 2 79 13 0 1 3 2667 69 24 0 1 3 2667 68 25 0 1 3 2667 72 23 0 1 0 3 65 14 0 1 0 3 67 15 0 1 0 3 83 45 0 1 3 3667 70 25 0 1 3 3667 102 75 0 1 3 3667 64 74 0 1 3 3667 68 44 0 1 3 3667 62 24 3 333 3 3667 86
4/4 45 0 1 0 0 76 25 0 1 0 0 100 75 0 1 0 0 75 24 3 917 0 0 89 32 0 1 3 667 90 55 0 1 3 667 84 72 2 25 0 1 59 53 0 1 3 1667 56 35 0 1 3 1667 73 36 0 1 3 1667 81 24 0 1 0 2 89 25 0 1 0 2 68 73 0 1 0 2 56 23 0 1 3 2667 63 33 0 1 3 2667 74 73 0 1 3 2667 60 36 0 1 3 2667 100 53 0 1 3 2667 63 35 0 1 3 2667 89 14 0 1 1 35 60 35 0 1 1 35 62 55 0 1 1 35 69 612 0 1 1 35 74 15 0 1 1 35 76
4/4 53 0 1 0 0 55 24 0 1 0 0 82 25 2 25 2 25 78 15 0 1 3 667 83 14 0 1 3 667 80 13 0 1 3 667 60 74 0 1 2 125 63 75 0 1 2 125 68 34 3 333 2 125 54 14 0 1 3 1667 72 613 0 1 3 1667 60 55 0 1 3 1667 67 54 0 1 3 1667 60 613 0 1 3 1667 53 15 3 667 2 175 76 22 1 5 3 2667 81 613 3 333 2 325 76 25 0 1 3 3667 79 24 0 1 3 3667 69 23 0 1 3 3667 74
4/4 54 0 1 2 25 68 15 0 1 2 25 84 14 0 1 2 25 75 614 0 1 2 75 74 23 0 1 2 75 65 524 0 1 2 75 57 75 0 1 2 75 87 74 0 1 2 75 65 14 0 1 3 1333 73 15 0 1 3 1333 91 24 0 1 2 175 70 55 0 1 2 175 79 75 0 1 2 175 83 25 0 1 2 175 85 52 2 75 2 175 75 22 1 5 3 2333 72 53 3 667 2 275 78 73 3 667 3 3333 63 23 2 25 2 375 71
4/4 23 3 83 0 0 73 54 3 667 3 333 61 53 2 25 0 1 66 55 0 1 0 2 49 74 0 1 0 2 47 24 0 1 0 2 51 56 0 1 0 2 71 74 0 1 0 2 45 24 0 1 0 2 59 526 1 5 3 2333 68 54 0 1 0 3 64 56 0 1 0 3 70 55 0 1 2 375 55 75 0 1 2 375 60 13 0 1 2 375 45 36 0 1 2 375 73
4/4 55 0 1 0 0 68 75 0 1 0 0 68 13 0 1 0 0 44 36 0 1 0 0 74 46 2 25 3 333 69 54 0 1 2 75 53 35 0 1 2 75 66 36 3 333 2 75 74 25 2 25 3 1333 52 14 2 25 2 175 65 55 3 333 2 175 74 36 0 1 0 2 72 615 0 1 2 275 51 45 0 1 2 275 50 43 0 1 2 275 65 45 0 1 2 275 66 14 0 1 3 3667 65 46 0 1 3 3667 75 614 0 1 3 3667 73
4/4 316 3 333 2 25 74 614 0 1 3 667 78 46 0 1 3 667 67 13 0 1 3 667 67 45 0 1 3 667 76 44 0 1 3 667 60 45 0 1 1 15 70 75 0 1 1 15 62 72 0 1 1 15 75 25 0 1 1 15 88 36 2 25 0 2 72 43 0 1 1 25 57 25 0 1 1 25 68 23 0 1 1 25 47 15 2 25 0 3 68 44 0 1 1 35 61 73 0 1 1 35 67 23 0 1 1 35 43 25 1 5 1 35 79 45 0 1 1 35 65 23 0 1 1 35 46 75 1 5 1 35 74
4/4 25 2 75 0 0 80 75 2 25 0 0 67 33 0 1 1 5 77 55 0 1 1 5 74 73 0 1 3 1333 68 54 0 1 3 1333 65 36 0 1 3 1333 78 55 0 1 3 1333 70 23 0 1 3 1333 56 25 2 25 2 175 74 24 0 1 3 2333 78 34 0 1 3 2333 71 54 0 1 3 2333 57 36 0 1 3 2333 96 74 0 1 3 2333 52 55 0 1 3 2333 57 35 0 1 2 325 64 55 0 1 2 325 72 612 0 1 2 325 67 15 0 1 2 325 80 25 2 25 2 375 75
4/4 33 0 1 2 25 57 13 0 1 2 25 57 15 0 1 2 25 80 75 2 25 3 667 64 54 0 1 2 125 50 34 0 1 2 125 59 35 0 1 2 125 76 13 0 1 2 125 59 15 0 1 2 125 68 55 3 667 2 125 67 22 0 1 2 225 72 24 0 1 2 225 84 24 0 1 0 3 63 525 0 1 0 3 48 615 0 1 2 325 54 613 0 1 2 325 74 524 0 1 2 325 64 25 0 1 2 325 89 23 0 1 2 325 48 15 0 1 3 3667 86 14 0 1 3 3667 67
4/4 614 0 1 2 25 75 75 0 1 2 25 72 74 0 1 2 25 92 524 0 1 2 25 55 23 0 1 2 25 59 615 0 1 3 667 72 614 0 1 3 667 68 52 3 667 2 125 76 55 3 1667 2 125 78 24 2 125 2 125 77 22 3 333 3 1667 54 53 3 333 2 225 59 13 3 667 3 2667 74 23 3 333 0 3 87 54 3 333 3 3667 98
4/4 56 3 1333 0 0 78 14 1 5 0 0 60 54 3 167 0 0 84 24 2 25 1 5 64 55 2 25 0 1 70 15 2 25 1 15 85 25 2 25 0 2 100 46 3 333 1 25 92 54 2 125 2 275 60 55 0 1 2 275 53 715 0 1 2 275 48 24 0 1 2 275 71 25 0 1 2 275 78 56 0 1 2 275 80
4/4 46 0 1 0 0 89 45 0 1 0 0 77 54 2 175 0 0 62 55 1 5 3 333 82 315 0 1 0 1 93 316 0 1 0 1 97 15 0 1 0 1 73 715 0 1 2 175 70 24 0 1 2 175 54 54 0 1 2 175 60 25 0 1 2 175 82 14 0 1 2 275 47 54 0 1 2 275 65 15 0 1 2 275 88 615 0 1 2 275 67 714 0 1 2 375 68 54 0 1 2 375 67 715 0 1 2 375 84 55 0 1 2 375 76
4/4 714 0 1 0 0 63 54 0 1 0 0 65 715 0 1 0 0 87 55 0 1 0 0 71 74 0 1 3 667 69 13 0 1 3 667 61 15 0 1 3 667 89 45 0 1 3 667 55 15 0 1 0 2 71 74 0 1 0 2 72 45 0 1 0 2 58 13 0 1 0 2 44 55 0 1 0 2 67 74 0 1 1 25 75 15 0 1 1 25 76 55 0 1 1 25 71 45 0 1 1 25 70 13 0 1 1 25 55 13 0 1 1 35 43 14 0 1 1 35 63 15 0 1 1 35 56 314 0 1 1 35 53 315 0 1 1 35 47 55 0 1 1 35 58 54 0 1 1 35 50
4/4 14 0 1 3 333 42 55 0 1 3 333 57 315 0 1 3 333 50 16 0 1 3 333 41 17 2 25 3 667 65
4/4 44 3 667 0 3 43 45 0 1 0 3 53 615 0 1 2 375 67 14 0 1 2 375 40 614 0 1 2 375 57
4/4 15 2 25 1 5 68 44 2 25 3 1333 60 25 2 75 3 1333 76 24 0 1 0 2 40 74 0 1 0 2 49 15 1 5 3 2333 82 75 2 25 2 275 61 44 3 333 1 35 54 15 1 5 1 35 71
4/4 15 3 167 0 0 79 14 0 1 3 333 45 614 0 1 3 333 40 75 1 5 3 667 70 615 2 25 0 1 62 44 2 25 2 175 55 75 3 1333 2 175 78 24 0 1 1 25 47 74 0 1 1 25 52 615 1 5 2 275 63 55 2 25 2 325 58
4/4 45 1 5 0 0 64 44 2 25 0 0 58 75 2 25 2 75 61 24 0 1 2 75 55 74 0 1 2 75 47 25 2 25 1 15 77 36 2 75 2 225 84 44 2 25 2 225 42 35 1 5 0 3 52 14 0 1 0 3 58 25 1 5 3 3333 71 15 2 25 2 375 66
4/4 25 3 667 1 5 77 44 2 25 1 5 51 24 0 1 2 125 47 74 0 1 2 125 45 15 1 5 1 15 66 75 2 25 0 2 69 15 3 1333 3 2667 65 314 0 1 3 2667 44 13 0 1 3 2667 49 23 0 1 3 3333 37 44 0 1 3 3333 56
4/4 314 0 1 0 0 56 54 0 1 0 0 61 15 3 917 0 0 67 45 0 1 2 75 61 44 0 1 2 75 62 615 2 25 3 1667 68 14 0 1 3 1667 44 614 0 1 3 1667 58 15 2 25 3 2333 75 46 2 75 0 3 76 54 0 1 0 3 48 74 0 1 2 375 46 24 0 1 2 375 50
4/4 74 0 1 0 0 51 24 0 1 0 0 58 54 2 25 0 0 50 46 2 25 1 5 70 614 0 1 2 125 37 46 0 1 2 125 72 14 0 1 0 2 44 45 0 1 0 2 43 316 2 25 2 225 63 25 2 25 2 275 64 15 3 667 3 3333 69 614 2 25 1 35 55
4/4 15 3 833 0 0 77 45 0 1 2 25 57 14 0 1 2 25 50 45 2 25 0 1 58 24 0 1 1 15 62 45 0 1 1 15 74 75 0 1 1 15 74 73 3 333 3 1667 55 44 2 25 3 2333 55 14 0 1 0 3 53 75 0 1 0 3 68 45 0 1 0 3 64 24 0 1 0 3 56 14 0 1 2 375 48 64 0 1 2 375 38 45 0 1 2 375 46 13 0 1 2 375 44 65 0 1 2 375 56
4/4 55 2 25 3 667 73 45 2 25 3 1333 62 614 2 75 0 2 60 43 2 25 0 2 39 45 0 2 0 2 66 13 1 5 0 3 39 614 3 333 2 325 66 44 0 1 1 35 42 14 0 1 1 35 62
4/4 614 2 25 0 0 52 45 1 5 0 0 59 43 0 1 2 25 41 23 0 1 2 25 40 74 0 1 2 25 64 24 0 1 0 1 55 45 0 1 0 1 56 614 0 1 2 275 55 44 0 1 2 275 58 43 2 125 2 275 51 13 1 5 1 35 52 44 2 25 2 375 68
4/4 13 1 5 0 0 46 43 3 417 0 0 50 44 2 25 0 0 73 614 3 333 2 25 57 44 0 2 1 5 44 43 0 1 0 1 45 73 0 1 0 1 35 23 0 1 0 1 37 54 0 1 0 1 59 74 3 667 2 175 49 13 0 1 2 325 47 44 0 1 2 325 52 42 0 1 1 35 46 614 0 1 1 35 84
4/4 42 0 1 0 0 48 614 0 1 0 0 91 12 1 5 2 25 50 54 1 5 1 5 69 613 0 1 0 1 59 614 0 1 0 1 62 54 2 25 3 1333 52 74 0 1 2 175 59 44 0 1 2 175 62 23 0 1 2 175 43 43 0 1 2 175 51 73 0 1 2 175 56 45 1 5 3 2667 71
4/4 614 0 1 2 25 57 44 3 667 2 25 63 43 1 15 2 25 51 13 2 75 0 1 41 44 3 333 2 125 49 614 3 333 3 1667 57 44 0 2 0 2 40 43 0 1 1 25 46 23 0 1 1 25 24 73 0 1 1 25 29 54 0 1 1 25 37
4/4 42 2 25 0 1 67 44 2 75 0 1 78 614 2 25 3 1667 79 13 0 1 2 175 64 613 0 1 2 175 57 14 0 1 1 25 83 43 0 1 1 25 56 24 2 75 2 325 80 43 3 333 2 325 57
4/4 23 0 1 0 0 47 73 0 1 0 0 50 14 1 5 2 25 76 74 2 25 3 667 66 44 0 1 2 125 59 614 0 1 2 125 66 14 0 1 2 125 72 43 2 25 3 1333 49 613 0 1 0 2 39 13 0 1 0 2 48 74 2 25 3 2333 78 614 2 25 2 275 67 74 1 5 1 35 85 43 3 333 1 35 55
4/4 74 3 833 0 0 81 23 0 1 2 25 49 73 0 1 2 25 55 614 1 5 1 5 61 54 2 25 0 1 70 44 0 1 3 1667 74 43 0 1 3 1667 58 74 0 1 3 2333 75 23 0 1 3 2333 70 73 0 1 3 2333 69 24 2 25 0 3 86 35 2 25 2 375 84 43 2 25 2 375 51
4/4 35 2 75 0 0 86 43 3 83 0 0 65 34 0 1 3 667 58 13 0 1 3 667 55 24 3 667 0 1 71 14 3 333 3 1333 61 44 0 1 0 2 66 74 0 1 0 2 71 43 0 1 0 2 50 24 0 1 0 2 80 23 0 1 2 275 49 73 0 1 2 275 58 14 3 333 2 325 80 74 3 333 3 3667 77
4/4 14 0 1 2 25 73 314 0 1 2 25 55 54 0 1 2 25 71 12 2 25 2 25 60 22 2 25 0 1 73 313 3 333 3 1667 87 42 0 1 1 25 57 43 0 1 1 25 63 44 2 75 1 25 73 13 0 1 2 325 57 614 0 1 2 325 80 613 0 1 2 325 52
4/4 14 3 333 0 0 98 44 0 1 3 333 68 74 0 1 3 333 68 14 0 1 3 333 85 52 2 25 3 667 81 45 2 75 3 667 84 53 0 1 3 1333 73 23 0 1 3 1333 70 73 0 1 3 1333 68 44 0 1 0 2 86 14 0 1 0 2 86 45 0 1 0 2 79 44 0 1 3 2667 67 614 0 1 3 2667 76 14 0 1 3 2667 86 45 0 1 3 2667 80 612 2 25 2 275 92 43 0 1 1 35 50 13 0 1 1 35 60 315 2 25 2 375 83
4/4 43 0 1 0 0 50 13 0 1 0 0 70 24 2 25 2 25 93 14 3 1667 0 1 87 44 0 1 0 1 72 612 2 25 0 1 54 43 0 1 2 175 63 13 0 1 2 175 76 44 2 25 1 25 79 43 3 667 1 25 58 23 0 1 0 3 62 44 0 1 0 3 77 74 0 1 0 3 78 72 0 1 0 3 74
4/4 43 0 1 0 0 71 13 0 1 3 667 62 74 0 1 3 667 72 44 0 1 3 667 58 13 0 1 2 125 54 44 0 1 2 125 56 64 0 1 2 125 59 12 0 1 3 1333 47 63 0 1 3 1333 39 54 2 25 2 225 49 44 2 25 0 3 65 613 0 1 1 35 43 13 0 1 1 35 65 42 2 25 2 375 38 44 2 25 2 375 59
4/4 613 0 1 0 0 49 13 0 1 0 0 60 42 3 1417 0 0 45 44 2 225 0 0 57 12 0 1 3 667 43 613 3 333 0 1 63 13 3 333 3 1333 69 613 2 25 3 1667 58 22 0 1 0 2 43 42 0 1 0 2 35 73 0 1 0 2 64 44 0 1 2 275 59 13 0 1 2 275 51
4/4 614 0 1 1 5 76 44 0 1 1 5 63 43 2 175 1 5 67 13 0 1 2 125 62 44 1 5 1 15 83 614 3 333 0 2 81 44 1 15 3 2333 71 43 0 1 2 275 42 23 0 1 2 275 42 54 0 1 2 275 64 74 3 333 3 3667 55
4/4 43 0 1 0 0 43 23 0 1 0 0 52 14 0 1 0 1 65 45 0 1 0 1 58 42 0 1 2 125 67 615 0 1 2 125 75 12 0 1 0 2 72 55 0 1 0 2 74 615 0 1 2 275 86 613 0 1 2 275 57 55 2 25 2 325 86 42 0 1 1 35 53 24 0 1 1 35 73 75 0 1 1 35 85 45 0 1 1 35 69
4/4 45 0 1 2 25 60 46 0 1 2 25 78 22 0 1 2 25 71 73 2 25 0 1 60 14 3 1333 1 15 45 45 0 1 2 175 48 615 0 1 2 175 79 43 3 667 2 175 61 13 3 333 3 2667 45 614 2 25 3 3333 43
4/4 14 3 1667 0 0 58 15 0 1 0 0 62 25 0 1 2 75 84 36 3 333 3 1667 69 65 0 1 3 2333 32 44 0 1 3 2333 40 15 0 1 3 2333 49 46 0 1 3 2333 54 14 0 1 3 2333 37 44 0 1 3 2333 33
4/4 46 0 1 2 25 68 74 0 1 0 1 55 75 0 1 0 1 58 45 0 1 3 1667 41 56 0 1 3 1667 63 24 0 1 3 1667 51 25 2 25 1 25 58 55 0 1 0 3 50 34 0 1 0 3 40 24 0 1 0 3 29 75 0 1 0 3 45 36 3 667 3 3333 50
4/4 55 0 1 0 0 41 34 0 1 0 0 46 24 0 1 0 0 38 75 0 1 0 0 40 36 3 833 0 0 43 74 0 1 0 2 54 13 0 1 0 2 43 55 0 1 0 2 63 35 0 1 0 2 55 36 0 1 0 2 72 25 3 333 2 275 101 75 1 5 1 35 101
4/4 35 0 1 0 0 58 65 0 1 0 0 59 15 0 1 0 0 84 43 3 333 2 25 55 13 1 5 0 1 67 15 2 175 2 175 82 64 2 25 2 175 49 45 1 15 1 25 69 73 1 5 1 25 62 25 2 75 1 25 60 36 3 667 2 325 64 44 2 25 2 325 48
4/4 24 0 1 0 0 53 46 0 1 0 0 74 55 0 3 2 75 60 33 2 75 2 75 52 73 1 5 1 15 42 54 2 25 3 2333 39 74 2 75 2 325 54 24 3 333 2 325 49
4/4 65 1 5 0 0 91 74 0 1 0 0 49 55 1 5 3 333 86 525 2 25 2 75 76 55 2 25 0 1 64 54 0 1 1 15 34 24 0 1 1 15 53 55 3 2333 3 1667 70 715 2 225 2 175 61 36 0 1 2 175 66 25 2 75 2 325 80
4/4 53 2 75 0 0 59 25 2 75 0 0 76 55 3 167 0 0 65 715 3 417 0 0 73 55 0 1 2 75 80 23 0 1 2 75 61 714 2 25 1 15 69 35 0 2 2 175 60 75 2 125 0 2 79 25 0 1 2 225 84 63 0 1 2 225 73 34 3 333 0 3 50 14 0 1 3 3667 61 15 0 1 3 3667 68 55 0 1 3 3667 73
4/4 14 0 1 0 0 54 15 0 1 0 0 78 55 0 1 0 0 60 35 1 5 1 5 54 64 2 125 1 5 41 25 3 333 2 125 79 36 1 5 0 2 84 45 1 15 1 25 61 75 0 1 1 25 60 46 0 1 1 25 73 25 2 125 2 275 71 73 3 667 2 275 52 44 3 333 3 3667 39
4/4 45 2 25 0 0 47 75 0 1 0 0 49 46 0 1 0 0 78 25 2 25 0 0 73 14 0 1 1 5 42 36 0 1 1 5 63 25 0 1 2 125 53 45 0 1 2 125 58 24 0 1 2 125 43 75 3 333 0 3 62 45 0 1 3 3333 47 55 0 1 3 3333 52 13 0 1 1 35 44 15 0 1 1 35 59
4/4 54 3 333 1 5 40 56 0 1 3 667 50 15 0 1 3 667 52 14 0 1 0 1 48 15 0 1 0 1 45 56 0 1 0 1 55 16 2 175 0 2 61 46 0 1 0 2 60 45 0 1 0 2 42 55 1 5 2 275 41 46 1 5 1 35 60
4/4 46 1 5 0 0 52 316 0 1 3 333 62 13 0 1 3 333 60 15 0 1 0 1 61 54 1 5 2 125 53 24 2 25 2 175 43 316 3 667 2 175 55 56 0 1 3 2667 48 315 0 1 3 2667 54 55 1 5 1 35 46 16 2 25 1 35 44
4/4 55 1 5 0 0 42 57 0 1 1 5 37 15 0 1 1 5 50 17 0 1 1 15 38 316 0 1 1 15 50
