4/4 56 2 75 2 75 47 616 2 75 1 15 48 716 0 1 2 225 51 55 0 1 2 225 39 25 0 1 2 225 38 56 2 125 2 275 45 26 1 5 1 35 53
4/4 26 2 75 0 0 53 55 0 1 0 0 39 25 0 1 0 0 38 56 0 1 0 0 45 716 1 5 1 15 44 525 0 1 2 225 41 25 0 1 2 225 43 616 1 15 2 225 47 26 1 5 1 35 52
4/4 525 0 1 0 0 41 25 0 1 0 0 43 26 3 167 0 0 52 616 2 25 0 1 55 315 0 2 0 2 31 715 0 1 0 2 46 56 0 1 0 2 50 55 2 175 2 225 35 316 2 25 2 275 46 316 1 5 1 35 54
4/4 315 2 75 0 0 31 316 3 167 0 0 54 55 2 75 0 0 35 526 1 5 2 75 53 56 1 25 1 15 49 615 2 175 2 225 36 525 0 1 2 225 35 714 0 1 2 225 30 25 2 175 2 225 44
4/4 615 1 5 0 0 36 525 0 1 0 0 35 714 0 1 0 0 30 25 3 333 0 1 58 316 3 1667 2 225 55 15 0 1 2 225 51 14 0 1 2 225 38 55 2 175 2 225 36 526 1 5 1 35 55
4/4 15 0 1 0 0 51 14 0 1 0 0 38 55 1 15 0 0 36 56 1 5 2 75 52 616 2 25 1 15 53 55 0 1 0 2 35 714 0 1 0 2 36 615 0 1 0 2 41 25 0 1 0 2 49 56 3 333 1 35 50
4/4 55 0 1 0 0 35 714 0 1 0 0 36 616 3 333 2 75 58 716 2 25 1 15 57 15 0 1 0 2 38 316 0 1 0 2 42 16 0 1 0 2 49 614 0 1 0 2 38 55 0 1 0 2 38 16 2 25 3 3333 60
4/4 716 2 25 0 0 54 614 0 1 0 0 38 55 0 1 0 0 38 616 2 25 3 667 57 56 2 25 2 125 56 616 0 1 0 2 44 316 0 1 0 2 43 15 0 1 0 2 37 55 0 1 0 2 33 24 0 1 0 2 37
4/4 55 0 1 0 0 33 24 0 1 0 0 37 56 2 75 2 75 62 616 2 25 1 15 68 55 0 2 0 2 41 716 0 1 0 2 65 25 0 1 0 2 51 56 2 125 2 275 48 26 3 667 3 3333 54
4/4 55 3 1333 0 0 41 716 0 1 0 0 65 25 0 1 0 0 51 56 2 75 0 0 48 26 3 333 0 0 54 716 1 5 3 1333 61 616 3 1667 0 2 55 25 0 2 0 2 51 525 0 2 0 2 40 26 1 5 3 3333 52
4/4 25 2 25 0 0 51 525 2 75 0 0 40 616 3 333 3 667 59 56 1 15 2 175 54 715 0 1 0 2 47 55 0 1 0 2 39 315 0 2 0 2 42 316 2 25 1 25 46 316 1 5 2 325 57
4/4 315 2 25 0 0 42 526 1 5 1 5 55 56 1 25 0 1 59 714 0 1 2 175 35 525 0 1 2 175 36 25 0 1 2 175 47 615 0 1 2 175 39
4/4 714 0 1 0 0 35 525 0 1 0 0 36 25 1 5 1 5 59 55 0 1 2 175 37 14 0 1 2 175 43 316 1 15 2 175 58 15 2 175 2 175 48 526 1 5 2 325 64
4/4 55 0 1 0 0 37 14 0 1 0 0 43 56 1 5 3 333 60 616 2 25 0 1 57 55 0 1 3 1667 37 714 0 1 3 1667 41 615 0 1 3 1667 44 25 0 1 3 1667 53 56 3 333 2 325 54
4/4 55 0 1 0 0 37 714 0 1 0 0 41 616 2 25 3 333 62 716 2 25 0 1 58 15 0 1 3 1667 44 316 0 1 3 1667 45 616 0 1 3 1667 45 55 0 1 3 1667 36 614 0 1 3 1667 29 616 2 25 3 3667 52
4/4 616 0 1 3 333 47 24 0 1 3 333 42 526 0 1 3 333 48 55 0 1 3 333 37 24 0 1 3 333 42 25 0 1 3 333 47 526 0 1 3 333 48 56 2 25 0 1 58 54 0 1 3 1667 46 56 3 2333 3 1667 60 24 1 15 1 25 34 715 0 1 0 3 39 55 0 1 0 3 27
4/4 715 0 1 0 0 39 55 0 1 0 0 27 56 3 3917 0 0 60 24 1 15 0 0 34 25 3 2333 1 5 49 54 0 1 3 1667 50 24 3 1667 3 2333 42 715 3 667 0 3 47 55 0 1 0 3 38
4/4 55 3 333 0 0 38 24 3 583 0 0 42 15 1 5 3 333 56 25 1 5 0 1 60 55 0 1 1 15 45 615 0 1 1 15 48 23 2 75 1 15 51 614 2 175 2 225 41 24 0 1 0 3 43 55 1 5 1 35 48
4/4 615 1 5 0 0 52 24 3 333 0 0 43 614 1 5 0 0 41 55 3 167 0 0 48 55 3 2333 2 75 49 23 3 2667 3 1333 33 614 1 25 1 15 33 525 3 1667 1 15 44
4/4 23 3 83 0 0 33 614 3 833 0 0 33 716 1 5 2 25 67 16 3 333 2 75 77 25 0 1 3 1333 38 56 0 1 3 1333 54 54 0 1 3 1333 51 26 0 1 3 1333 64 716 2 25 1 15 43 24 1 5 0 2 48 26 0 1 2 275 74 55 0 1 2 275 48 715 3 667 3 3333 48
4/4 25 2 25 0 0 50 26 3 667 0 0 72 25 2 25 3 667 57 25 0 1 0 1 51 526 0 1 0 1 54 26 0 1 0 1 70 23 0 1 0 1 52 614 1 5 0 2 48 26 0 1 1 25 62 525 0 1 1 25 50 317 0 1 0 3 68 615 0 1 0 3 48 26 0 1 2 375 63 526 0 1 2 375 67 25 0 1 2 375 47
4/4 16 3 333 3 333 80 25 0 1 0 1 51 56 0 1 0 1 59 314 0 1 0 1 50 716 0 1 0 1 73 714 3 667 3 1667 49 716 0 1 3 2333 64 56 0 1 3 2333 59 525 2 25 3 2333 48 55 3 667 0 3 52 716 0 1 3 3667 51 56 0 1 3 3667 51 715 0 1 3 3667 42
4/4 25 0 1 3 667 48 526 0 1 3 667 47 716 0 1 3 667 67 713 0 1 3 667 56 16 3 333 1 15 68 524 2 75 1 15 51 716 0 1 2 225 57 614 0 1 2 225 51 25 0 1 2 225 52 616 2 25 2 275 71 24 3 667 2 275 44 56 0 1 3 3333 57 715 0 1 3 3333 55 525 0 1 3 3333 35
4/4 526 0 1 0 0 62 615 0 1 0 0 67 55 0 1 3 667 64 316 0 1 3 667 68 13 0 1 3 667 54 15 0 1 3 667 58 54 1 5 3 1333 47 316 0 1 0 2 68 24 0 1 0 2 48 526 0 1 3 2667 62 315 0 1 3 2667 47 56 0 1 2 325 63 55 0 1 2 325 47 616 2 25 2 375 67
4/4 713 0 1 1 5 48 25 0 1 1 5 60 55 0 1 1 5 57 54 2 25 2 125 46 56 0 1 2 175 60 24 0 1 2 175 48 715 0 1 2 175 53 55 2 25 1 25 48 616 2 25 0 3 70 716 2 25 2 375 65
4/4 15 0 1 2 25 50 316 0 1 2 25 61 613 0 1 2 25 48 16 0 1 2 25 67 314 3 333 0 1 49 316 0 1 3 1667 59 16 0 1 3 1667 60 14 0 1 3 1667 44 716 0 1 2 225 58 315 0 1 2 225 47 715 0 1 2 275 43 15 0 1 2 275 57 616 0 1 2 275 58 316 0 1 2 275 51 56 2 25 1 35 63
4/4 15 0 1 0 0 43 23 0 1 0 0 50 316 2 125 0 0 54 616 2 175 2 25 62 614 2 25 2 75 46 25 0 1 1 15 41 525 0 1 1 15 36 716 2 25 2 275 70 16 2 25 3 3333 74
4/4 26 0 1 0 0 77 54 0 1 0 0 52 24 0 1 2 75 49 25 0 1 2 75 55 26 0 1 3 1333 70 55 0 1 3 1333 49 25 2 25 0 2 54 715 3 667 0 2 39 26 0 1 3 2667 62 716 0 1 3 2667 64 25 0 1 3 2667 46 25 0 1 1 35 51 526 0 1 1 35 57 616 0 1 1 35 59 23 0 1 2 375 57 26 0 1 2 375 70
4/4 25 0 1 0 0 51 526 0 1 0 0 57 616 0 1 0 0 59 23 0 1 0 0 57 26 0 1 0 0 70 614 1 5 1 5 59 26 0 1 0 1 65 25 0 1 0 1 64 24 3 667 0 1 49 317 0 1 3 1667 67 316 0 1 3 1667 68 525 3 667 3 1667 47 26 0 1 3 2333 64 615 0 1 3 2333 42 25 0 1 3 2333 57 16 0 1 0 3 70 15 0 1 0 3 65 716 0 1 1 35 71 56 0 1 1 35 63 25 0 1 1 35 65 314 0 1 1 35 50
4/4 716 0 1 0 0 71 56 0 1 0 0 63 25 0 1 0 0 65 314 0 1 0 0 50 714 1 5 2 25 51 525 2 25 2 75 50 716 0 1 2 75 64 56 0 1 2 75 58 55 3 667 1 15 48 716 0 1 0 2 54 56 0 1 0 2 49 715 0 1 0 2 41 25 0 1 0 3 51 526 0 1 0 3 61 713 0 1 0 3 56 716 0 1 0 3 71 16 2 25 2 375 68
4/4 524 3 667 0 0 56 16 3 83 0 0 68 716 0 1 1 5 65 614 0 1 1 5 54 616 2 25 0 1 73 24 1 5 0 1 48 525 0 1 2 175 51 56 0 1 2 175 63 25 0 1 2 175 63 526 0 1 3 2333 64 615 0 1 3 2333 67 316 0 1 0 3 71 13 0 1 0 3 55 55 0 1 0 3 62 54 3 333 3 3667 48
4/4 54 3 167 0 0 48 316 0 1 2 25 68 24 0 1 2 25 48 315 0 1 2 75 47 526 0 1 2 75 59 56 0 1 1 15 67 55 0 1 1 15 46 616 2 25 0 2 70 713 0 1 2 275 48 615 0 1 2 275 62 25 0 1 2 275 58 54 2 25 1 35 48
4/4 56 0 1 0 0 56 715 0 1 0 0 52 24 2 25 0 0 51 55 2 25 3 667 46 616 3 333 3 1333 64 716 2 25 0 2 53 15 0 1 3 2333 47 316 0 1 3 2333 50 616 0 1 3 2333 59 613 1 5 1 25 45 314 1 5 2 325 45 14 2 25 2 375 40
4/4 616 2 25 1 5 57 615 0 1 0 1 43 616 0 1 0 1 48 24 0 1 0 1 44 526 0 1 0 1 47 25 0 1 0 1 47 56 2 25 2 175 53 56 3 1667 3 2333 51 54 0 1 3 2333 48 715 0 1 3 2333 52 24 0 1 0 3 39 715 0 1 3 3667 43 55 0 1 3 3667 45
4/4 56 3 1083 0 0 51 715 0 1 0 0 43 55 0 1 0 0 45 25 3 333 0 1 49 54 2 175 2 225 52 24 0 1 0 3 41 55 1 5 1 35 61
4/4 615 2 75 0 0 62 54 2 25 0 0 52 24 0 1 0 0 41 55 2 25 0 0 61 714 1 5 2 75 39 715 0 1 2 75 50 55 0 1 2 75 48 15 2 25 3 1333 50 55 0 1 2 175 39 615 0 1 2 175 45 23 2 75 0 2 49 25 1 15 0 2 55 614 3 1333 3 2667 46 24 3 667 3 3333 45
4/4 315 3 667 0 0 47 24 3 667 0 0 45 614 3 667 0 0 46 55 3 667 3 667 44 25 3 1333 2 125 46 614 0 1 0 2 32 24 0 1 0 2 28 23 0 2 0 2 31 525 3 667 0 2 42 26 3 667 3 3333 42
4/4 614 0 1 0 0 32 24 0 1 0 0 28 26 3 833 0 0 42 23 3 333 0 0 31 56 2 75 2 75 74 616 2 75 3 1333 73 716 0 1 0 2 65 53 0 1 0 2 49 56 2 75 2 275 58 23 3 333 2 275 44 54 1 5 3 3333 53 26 3 667 3 3333 68
4/4 714 0 1 0 0 51 26 3 1083 0 0 68 24 1 5 3 667 59 55 2 25 2 125 59 716 2 75 2 125 67 616 3 1333 2 175 71 23 2 75 2 175 58 614 1 5 1 25 47 26 0 1 0 3 65 525 1 5 2 325 48 24 2 25 2 375 46
4/4 24 1 5 0 0 46 26 1 5 0 0 65 616 0 1 1 5 65 615 0 1 1 5 44 56 0 1 2 175 72 314 0 1 2 175 58 316 2 25 3 2333 64 714 3 667 3 2333 47 525 3 667 0 3 49 316 0 1 0 3 68 714 3 333 3 3667 50
4/4 714 3 667 0 0 50 316 2 25 0 0 68 526 0 1 2 25 67 55 0 1 2 25 49 56 3 667 0 1 65 25 0 2 1 15 60 713 2 75 1 15 50 524 2 75 2 225 48 614 1 5 0 3 48 24 1 5 1 35 42
4/4 24 2 25 0 0 42 25 0 1 2 25 68 614 0 1 2 25 48 524 3 333 2 75 55 316 0 1 3 1333 73 13 0 1 3 1333 56 54 3 667 0 2 48 526 0 1 3 2667 76 24 0 1 3 2667 51 315 2 75 2 325 48
4/4 55 0 1 0 0 48 56 0 1 0 0 68 616 2 25 1 5 73 713 3 667 2 125 54 25 2 125 2 125 66 54 1 5 2 175 51 56 0 1 1 25 72 24 0 1 1 25 45 714 0 1 0 3 51 55 0 1 2 375 50 616 0 1 2 375 73
4/4 55 0 1 0 0 50 616 0 1 0 0 73 716 2 25 3 333 76 16 0 1 0 1 68 613 0 1 0 1 54 316 0 1 0 1 67 314 3 667 2 175 51 16 0 1 3 2333 68 714 0 1 3 2333 50 716 2 25 0 3 70 14 1 5 0 3 56 616 0 1 1 35 73 315 0 1 1 35 47
4/4 56 2 25 2 25 72 616 0 2 2 75 65 56 0 1 2 75 65 23 0 1 2 75 52 614 1 5 1 15 46 526 0 1 0 2 52 525 0 1 0 2 42 56 3 667 3 3333 72
4/4 616 2 25 0 0 71 56 3 83 0 0 72 716 0 1 1 5 71 53 0 1 1 5 53 56 3 2333 2 125 67 23 1 5 2 125 52 26 0 1 2 175 70 54 1 5 0 2 57 714 2 75 1 25 57 24 3 667 0 3 61 716 0 1 3 3667 73 55 0 1 3 3667 58
4/4 616 2 125 3 333 73 524 2 75 3 333 63 24 3 667 0 1 51 525 2 25 3 1667 53 26 2 125 3 1667 64 615 1 5 2 225 55 616 0 1 2 275 70 24 0 1 2 275 48 524 2 25 1 35 51
4/4 56 0 1 0 0 70 314 0 1 0 0 59 316 2 25 2 75 65 714 3 667 2 75 45 316 0 1 3 1333 70 315 0 1 3 1333 52 55 3 667 0 2 49 526 0 1 3 2667 71 315 0 1 3 2667 51 714 2 25 2 325 50 56 3 667 2 325 67 713 2 25 2 375 57
4/4 25 0 2 0 0 58 713 3 417 0 0 57 524 3 667 1 5 48 614 2 75 0 1 50 24 3 667 2 175 54 25 0 1 3 2333 74 614 0 1 3 2333 52 524 2 25 0 3 51 13 0 1 3 3667 56 316 0 1 3 3667 78
4/4 13 0 1 0 0 56 316 0 1 0 0 78 54 3 667 2 25 51 526 0 1 2 75 78 24 0 1 2 75 48 54 3 667 1 15 49 56 0 1 0 2 70 315 0 1 0 2 50 616 0 1 3 2667 67 54 0 1 3 2667 48 713 3 667 3 3333 51 25 3 667 3 3333 72
4/4 54 1 5 0 0 52 25 3 333 0 0 72 24 0 1 1 5 49 56 0 1 1 5 72 54 2 25 2 125 52 55 0 1 2 175 53 616 0 1 2 175 71 716 2 25 1 25 71 616 0 1 0 3 68 15 0 1 0 3 62 613 3 667 2 325 49 314 2 25 2 375 47
4/4 616 0 1 0 0 68 15 0 1 0 0 62 314 3 417 0 0 47 14 1 5 3 333 46 315 0 1 0 1 49 316 0 1 0 1 68 526 0 1 3 1667 68 25 0 1 3 1667 65 23 0 1 3 1667 50 56 0 1 3 2333 67 614 0 1 3 2333 51 53 0 1 0 3 53 715 0 1 0 3 65 56 0 1 0 3 68 23 3 333 3 3667 48
4/4 715 0 1 0 0 65 56 3 1333 0 0 68 23 3 167 0 0 48 54 3 667 2 25 53 714 2 75 2 75 57 24 2 75 1 15 62 55 3 1667 0 2 63 56 3 1333 3 2667 74 54 3 667 3 2667 59 714 2 75 2 325 56
4/4 616 0 1 0 0 71 24 0 1 0 0 61 25 0 1 1 5 64 55 0 1 1 5 46 715 2 25 0 1 64 716 1 5 0 1 76 25 2 25 2 175 62 25 0 1 0 2 60 56 0 1 0 2 62 616 0 1 0 2 68 23 0 1 0 2 58 26 0 1 0 2 77 614 3 667 0 3 51 24 3 333 3 3667 54
4/4 24 3 167 0 0 54 55 0 1 2 25 48 57 0 1 2 25 60 615 1 25 2 75 47 56 3 333 2 75 54 57 2 25 3 1333 54 25 2 175 1 15 38 525 2 125 0 2 39 616 0 1 0 2 45 617 0 1 0 2 48 26 0 1 2 325 53 27 0 1 2 325 49
4/4 716 2 25 1 5 81 16 3 333 0 1 87 25 0 1 3 1667 50 56 0 1 3 1667 58 716 0 1 3 1667 68 53 0 1 3 1667 64 26 0 1 3 1667 74 23 1 5 3 2333 63 26 0 1 0 3 80 54 0 1 0 3 63 714 0 1 1 35 57 25 0 1 1 35 77
4/4 56 0 1 2 25 74 26 0 1 2 25 80 24 0 1 2 25 64 55 2 25 2 75 67 25 0 1 2 125 64 526 0 1 2 125 55 616 0 1 2 125 76 23 0 1 1 15 68 26 0 1 1 15 77 614 3 667 0 2 59 26 0 1 3 2667 72 25 0 1 3 2667 68 315 1 5 3 2667 52 317 0 1 2 325 71 316 0 1 2 325 81 525 3 667 2 325 54 615 0 1 2 375 62 26 0 1 2 375 74 25 0 1 2 375 72
4/4 16 0 1 1 5 80 15 0 1 1 5 77 716 0 1 0 1 70 56 0 1 0 1 68 314 0 1 0 1 58 714 3 667 3 1667 55 716 0 1 2 225 76 525 0 1 2 225 50 25 0 1 2 275 68 714 0 1 2 275 47 716 0 1 1 35 70 56 0 1 1 35 70 55 0 1 1 35 58
4/4 714 2 25 0 0 52 25 0 1 1 5 62 526 0 1 1 5 61 716 0 1 1 5 70 713 0 1 1 5 63 16 2 25 3 1333 72 524 3 667 3 1333 56 614 0 1 0 2 56 716 0 1 0 2 67 616 0 1 1 25 71 24 0 1 1 25 53 525 0 1 2 325 54 56 0 1 2 325 67 526 0 1 2 375 65 615 0 1 2 375 67
4/4 316 0 1 3 333 78 13 0 1 3 333 64 55 0 1 3 333 70 54 3 333 0 1 54 316 2 25 3 1667 76 24 1 5 3 1667 57 315 3 667 2 225 56 526 2 25 2 225 73 56 0 1 2 275 74 55 0 1 2 275 55 616 2 25 3 3333 78
4/4 713 0 1 0 0 63 25 0 1 0 0 70 55 0 1 0 0 68 54 3 667 2 75 56 56 0 1 3 1333 70 715 0 1 3 1333 73 24 2 25 3 1333 61 55 1 5 0 2 61 616 2 25 1 25 84 24 1 5 1 25 61 54 0 1 2 325 56 716 0 1 2 325 78 15 0 1 3 3667 53 316 0 1 3 3667 57 16 0 1 3 3667 77 613 0 1 3 3667 53
4/4 15 0 1 0 0 53 316 0 1 0 0 57 16 0 1 0 0 77 613 0 1 0 0 53 314 2 75 3 333 61 316 0 1 0 1 70 16 0 1 0 1 72 714 0 1 0 1 57 716 0 1 3 1667 67 25 0 1 3 1667 65 14 0 1 3 1667 55 25 0 1 3 1667 65 315 1 5 2 225 55 616 0 1 2 225 73 15 0 1 2 225 68 56 0 1 2 275 67 55 0 1 2 275 57 316 0 1 2 275 65 616 1 5 1 35 76 526 0 1 1 35 68 23 0 1 1 35 61
4/4 614 1 5 0 0 59 616 0 1 0 0 76 526 0 1 0 0 68 23 0 1 0 0 61 24 3 667 2 75 65 525 0 1 3 1333 54 25 0 1 3 1333 74 716 0 1 0 2 78 55 0 1 0 2 72 56 0 1 0 2 62 616 0 1 1 25 76 16 0 1 1 25 77 716 0 1 2 325 78 26 0 1 2 325 74 53 0 1 2 325 62 23 2 25 2 375 57 25 2 25 2 375 63
4/4 23 2 25 0 0 57 25 1 5 0 0 63 26 0 1 3 333 74 56 0 1 3 333 68 54 0 1 3 333 61 714 0 1 0 1 56 25 0 1 0 1 72 26 0 1 3 1667 80 24 0 1 3 1667 63 716 0 1 3 1667 67 25 0 1 2 225 72 55 0 1 2 225 62 25 0 1 3 2667 56 526 0 1 3 2667 70 616 0 1 3 2667 71 23 0 1 3 2667 62 26 0 1 3 2667 80 614 1 5 1 35 61
4/4 25 0 1 0 0 72 26 0 1 0 0 74 315 3 333 0 0 59 525 2 75 3 667 57 316 0 1 3 667 78 317 0 1 3 667 71 615 0 1 2 125 64 25 0 1 2 125 72 26 0 1 2 125 74 526 0 1 2 125 65 616 0 1 2 125 62 15 0 1 2 175 72 16 0 1 2 175 74 56 0 1 1 25 65 716 0 1 1 25 73 314 0 1 1 25 62 25 2 125 1 25 70 714 1 5 2 325 55 716 0 1 3 3667 71 56 0 1 3 3667 68 525 2 25 2 375 58
4/4 525 3 83 0 0 58 716 0 1 0 0 71 56 0 1 0 0 68 25 0 1 3 333 57 55 0 1 3 333 51 715 2 25 0 1 62 56 0 1 0 1 67 716 0 1 0 1 67 25 2 25 1 15 68 713 0 1 2 225 62 716 0 1 2 225 69 526 1 5 2 225 70 16 2 25 2 275 72 524 2 75 2 275 57 25 0 1 3 3333 57 714 0 1 3 3333 70 716 0 1 3 3333 62
4/4 24 1 5 0 0 58 616 0 1 0 0 65 15 0 1 0 0 51 715 0 1 3 667 65 56 0 1 3 667 57 525 0 1 3 667 52 526 0 1 2 125 61 615 0 1 2 125 64 55 0 1 2 175 58 15 0 1 2 175 63 13 0 1 2 175 58 316 0 1 2 175 71 54 1 5 1 25 55 316 3 333 0 3 73 24 3 667 0 3 61 526 3 333 3 3667 68 315 3 333 3 3667 57
4/4 315 3 333 0 0 57 56 0 1 2 25 74 55 0 1 2 25 57 616 2 25 0 1 73 713 3 667 1 15 55 25 0 1 1 15 67 55 0 1 1 15 62 54 3 333 0 2 52 715 0 1 3 2667 64 56 0 1 3 2667 65 24 2 25 2 275 53 55 2 25 3 3333 51
4/4 616 2 25 0 0 71 716 2 25 1 5 71 15 0 1 0 1 54 316 0 1 0 1 61 616 0 1 0 1 68 613 3 667 2 125 50 314 1 5 2 175 49 14 1 5 1 25 44 315 0 1 0 3 45 616 0 1 0 3 57 615 0 1 3 3667 48 616 0 1 3 3667 58 25 0 1 3 3667 57 24 0 1 3 3667 47 526 0 1 3 3667 53
4/4 615 0 1 0 0 48 616 0 1 0 0 58 25 0 1 0 0 57 24 0 1 0 0 47 526 0 1 0 0 53 56 2 25 3 333 60 53 2 75 0 1 50 56 0 1 0 1 68 715 0 1 0 1 73 23 1 5 1 15 53 54 3 667 2 225 59 714 2 75 2 275 56 24 2 25 1 35 50 715 1 5 1 35 70
4/4 55 3 1667 0 0 68 715 3 167 0 0 70 15 0 1 3 667 68 53 0 1 3 667 53 314 1 5 3 1333 50 316 2 125 0 2 70 14 1 5 0 2 49 315 1 5 1 25 49 55 2 25 2 325 55 55 2 25 2 375 61
4/4 53 0 1 3 333 49 25 0 1 3 333 60 525 0 1 3 333 62 524 2 25 0 1 52 616 0 1 3 1667 58 25 0 1 3 1667 55 614 3 667 3 1667 46 24 3 667 3 2333 50 525 2 25 0 3 42 615 2 25 1 35 42
4/4 315 0 1 0 0 37 55 0 1 0 0 33 15 0 1 2 25 46 25 0 1 2 25 49 56 0 1 2 25 43 54 2 225 2 25 25 56 0 1 1 15 51 57 0 1 1 15 52 716 2 75 0 3 71 16 3 333 3 3667 70
4/4 26 0 1 3 333 67 56 0 1 3 333 64 55 2 275 3 333 52 717 0 1 1 15 58 26 0 1 1 15 62 25 2 125 3 1667 40 617 2 75 2 225 63 717 0 1 2 275 58 26 0 1 2 275 57 715 2 75 2 275 46 17 2 25 1 35 62
4/4 26 0 1 0 0 49 527 0 1 0 0 48 617 0 1 0 0 53 27 0 1 0 0 60 24 3 2333 2 25 49 26 2 25 1 15 65 615 0 2 1 15 47 317 2 25 0 2 70 525 0 1 2 275 48 26 3 333 2 275 70 16 2 25 3 3333 68
4/4 315 3 1667 0 0 51 716 0 1 0 0 64 56 0 1 0 0 56 25 0 1 0 0 58 57 0 1 2 125 55 716 0 1 2 125 64 715 3 1333 2 125 43 616 0 1 2 175 67 527 0 1 2 175 63 716 0 1 1 25 68 55 0 1 1 25 47 57 0 1 1 25 60 617 2 25 0 3 66 26 0 1 3 3667 59 527 0 1 3 3667 57 717 0 1 3 3667 67 714 2 25 2 375 50
4/4 714 3 1083 0 0 50 525 2 225 0 1 46 716 3 667 0 1 70 16 2 25 3 1667 65 716 0 1 2 225 64 25 0 1 2 225 59 615 0 1 2 225 39 25 0 1 2 225 59 616 2 25 2 275 58 14 1 5 1 35 50 56 0 1 1 35 62 316 0 1 1 35 58 15 0 1 1 35 57
4/4 14 2 175 0 0 50 56 0 1 0 0 62 316 0 1 0 0 58 15 0 1 0 0 57 55 2 125 2 75 43 56 2 75 2 75 65 526 3 667 1 15 65 316 0 1 0 2 62 315 0 1 0 2 42 526 3 333 3 2667 61 714 2 75 2 325 43 56 3 667 3 3333 59 25 3 667 3 3333 57
4/4 714 2 175 0 0 43 56 3 583 0 0 59 25 0 1 3 667 45 55 0 1 3 667 34 616 0 1 2 175 68 24 0 1 2 175 43 716 2 25 1 25 67 15 0 1 0 3 48 316 0 1 0 3 54 616 0 1 0 3 65 614 0 1 0 3 44
4/4 614 1 5 0 0 44 315 2 175 1 5 46 616 2 25 0 1 65 616 2 75 3 1667 62 15 3 333 3 1667 38 56 2 25 3 2333 55 25 0 1 2 275 47 24 0 1 2 275 46 616 0 1 2 275 54 56 3 667 0 3 55
4/4 26 0 1 2 25 40 526 0 1 2 25 37 525 0 1 2 25 35 716 3 333 1 15 76 16 3 333 2 225 72 25 0 1 3 2667 46 56 0 1 3 2667 58 26 0 1 3 2667 63 54 2 125 2 275 54
4/4 54 2 25 0 0 54 717 0 1 2 25 71 26 0 1 2 25 60 24 1 15 2 25 48 617 3 333 2 75 67 717 0 1 3 1333 64 26 0 1 3 1333 62 715 0 1 3 1333 45 17 1 5 0 2 68 26 0 1 1 25 49 527 0 1 1 25 49 617 0 1 1 25 56 23 2 125 2 275 53 27 2 25 2 275 63
4/4 614 2 225 0 0 50 26 3 333 0 0 65 317 2 25 3 667 76 26 0 1 2 125 70 525 0 1 2 125 44 16 2 25 2 175 74 25 0 1 3 2333 62 56 0 1 3 2333 60 716 0 1 3 2333 70 314 1 15 1 25 57 57 0 1 3 3667 63 716 0 1 3 3667 67 714 2 25 2 375 52
4/4 714 3 1417 0 0 52 527 0 1 3 333 66 616 0 1 3 333 68 57 0 1 0 1 62 716 0 1 0 1 71 55 0 1 0 1 52 617 0 1 1 15 67 16 0 1 1 15 64 26 0 1 2 225 59 527 0 1 2 225 61 717 0 1 2 225 67 713 0 1 2 225 54 17 2 25 2 275 65 524 3 667 3 3333 51 717 0 1 1 35 66 26 0 1 1 35 60
4/4 617 3 333 0 0 64 524 0 1 0 0 51 57 0 1 3 667 59 716 0 1 3 667 58 614 3 667 2 75 47 527 0 1 3 1333 62 616 0 1 3 1333 65 13 0 1 0 2 57 56 0 1 0 2 62 16 0 1 0 2 56 317 0 1 0 2 61 56 0 1 0 2 62 16 0 1 0 2 56 317 3 333 3 3333 64 54 3 667 3 3333 48
4/4 527 3 333 0 0 62 54 3 333 0 0 48 57 0 1 3 667 60 24 0 1 3 667 43 617 2 25 3 1333 52 55 0 1 0 2 38 24 0 1 0 2 38 56 0 1 0 2 53 714 0 1 0 2 35 26 0 2 0 2 54 57 1 5 1 35 43
4/4 55 0 1 0 0 38 24 0 1 0 0 38 56 0 1 0 0 53 714 0 1 0 0 35 26 0 1 0 0 54 57 3 833 0 0 43 56 1 5 2 175 70 526 1 5 0 2 68 13 3 1333 1 25 56 316 2 75 1 25 70 55 2 75 2 325 56 54 2 25 2 375 56 316 2 25 2 375 76
4/4 54 1 5 0 0 56 316 3 83 0 0 76 526 2 25 1 5 70 56 0 1 0 1 60 24 0 1 0 1 37 616 2 25 2 175 58 25 2 125 1 25 56 55 1 15 1 25 48 54 0 1 1 25 38 713 0 1 1 25 36
4/4 56 0 1 0 0 48 715 0 1 0 0 40 24 2 275 0 0 30 55 3 1167 0 0 48 57 1 5 1 25 61 527 3 333 0 3 66 56 0 1 3 3333 51 16 0 1 3 3333 55 317 0 1 3 3333 62 13 0 1 1 35 53 317 0 1 1 35 62
4/4 56 0 1 0 0 51 16 0 1 0 0 55 317 0 1 0 0 62 13 0 1 0 0 53 317 0 1 0 0 62 54 1 5 2 25 59 24 0 1 2 75 51 317 0 1 2 75 73 315 0 1 3 1333 48 527 2 25 1 15 71 57 3 333 0 2 57 55 2 75 0 2 50 617 0 1 2 275 62 25 0 1 2 275 56 714 3 333 3 3667 50 26 0 1 3 3667 60 56 0 1 3 3667 55
4/4 714 3 333 0 0 50 26 0 1 0 0 60 56 0 1 0 0 55 55 1 5 3 333 48 57 0 1 0 1 54 25 0 1 0 1 49 716 0 1 0 1 55 715 2 125 3 1667 43 56 2 25 1 25 47 617 1 5 1 25 49 717 2 25 2 325 47
4/4 16 0 1 0 0 44 317 0 1 0 0 46 614 2 75 0 0 44 617 3 1333 2 25 49 315 3 333 2 75 45 15 1 5 1 15 43 317 2 25 3 2333 49 15 0 1 2 325 34 527 0 1 2 325 43 24 0 1 2 325 34 616 0 1 2 325 34
4/4 15 0 1 0 0 34 527 0 1 0 0 43 24 0 1 0 0 34 616 0 1 0 0 34 57 2 25 2 75 46 54 2 75 3 1333 46 56 0 1 3 1333 44 57 0 1 3 1333 44 24 1 5 2 225 48 26 0 1 0 3 62 715 0 1 0 3 49 24 3 333 3 3667 45
4/4 24 3 417 0 0 45 55 0 1 2 25 41 716 0 1 2 25 61 36 0 1 1 15 52 56 0 1 1 15 57 54 0 1 1 15 49 16 0 1 1 15 62 35 2 75 3 2333 47 16 0 1 0 3 58 55 0 1 0 3 45 57 0 1 0 3 56 35 3 333 3 3667 49
4/4 35 0 1 0 0 49 57 2 25 0 0 56 16 0 1 3 333 55 15 0 1 3 333 38 54 0 1 2 175 42 716 0 1 2 175 53 25 0 1 2 175 51 24 2 75 1 25 48 57 0 1 2 325 56 715 0 1 2 325 42
4/4 24 2 75 0 0 41 55 0 1 3 667 35 716 0 1 3 667 50 54 0 1 2 225 32 35 0 1 2 225 32 15 0 1 2 225 34 36 0 1 3 2333 40 616 0 1 3 2333 42
4/4 54 0 1 0 0 32 35 0 1 0 0 32 15 0 1 0 0 34 616 2 25 0 1 44 616 2 25 2 175 47 56 2 75 2 275 34
4/4 55 0 1 3 1667 18 715 0 1 3 1667 27 53 3 1333 2 175 36 25 0 2 0 2 43 56 0 2 0 2 30 23 3 667 0 3 36
4/4 714 3 667 0 0 42 55 0 1 0 0 18 715 0 1 0 0 27 25 2 175 0 0 43 56 3 2667 0 0 30 24 0 1 0 1 44 55 2 125 0 2 40 715 2 75 2 325 37
4/4 715 3 1917 0 0 37 25 2 75 0 1 26 56 0 1 2 125 22 57 0 1 2 125 26
