4/4 31 0 1 0 3 44
4/4 71 3 667 0 0 45 42 2 25 0 1 39 52 0 2 0 2 37 22 0 1 0 3 30
4/4 52 3 333 0 0 37 31 0 1 0 3 40
4/4 71 2 75 0 0 41 42 2 25 2 75 46 52 2 225 2 175 48 43 2 125 2 275 39
4/4 52 2 125 0 0 48 73 0 1 3 3667 62 31 0 1 3 3667 42
4/4 73 0 1 0 0 62 31 0 1 0 0 42 71 1 5 3 667 35 42 2 25 3 1667 46 34 2 125 3 1667 68 52 3 1333 3 2667 44 23 1 5 1 35 64 22 3 333 3 3667 38
4/4 52 3 417 0 0 44 23 2 75 0 0 64 22 3 333 0 0 38 73 1 5 3 2667 68 13 3 333 3 3667 63 41 3 333 3 3667 44
4/4 13 0 7 0 0 63 41 3 667 0 0 44 11 3 667 2 75 37 52 2 25 3 1667 44 62 3 1333 3 2667 44 33 3 333 3 3667 39
4/4 62 3 2917 0 0 44 33 3 2667 0 0 39
4/4 13 0 1 0 0 60 63 0 1 0 0 57 42 0 1 0 0 44 12 1 5 0 1 47 53 2 25 2 175 43 64 2 75 2 175 72 63 2 25 2 275 54 63 3 667 3 3333 43 13 0 1 1 35 49 314 0 1 1 35 58 54 0 1 1 35 64 42 3 333 3 3667 44
4/4 63 3 2083 0 0 43 13 0 1 0 0 49 314 0 1 0 0 58 54 0 1 0 0 64 42 3 917 0 0 44 12 0 1 3 667 42 313 1 5 3 1667 42 314 1 5 1 25 76 63 2 75 2 325 45 13 0 1 3 3333 50 44 0 1 3 3333 62 41 1 5 1 35 45
4/4 63 2 425 0 0 45 13 0 1 0 0 50 44 0 1 0 0 62 41 1 5 0 0 45 11 3 667 3 333 44 52 2 25 3 1333 42 62 2 175 2 225 42 33 2 75 2 325 38
4/4 62 1 25 0 0 42 33 3 1917 0 0 38 54 1 5 2 125 74 64 1 5 0 2 70 223 0 1 2 275 52 44 0 1 2 275 57 74 0 1 0 3 72 52 2 75 2 325 52
4/4 72 2 125 0 0 52 223 0 1 0 0 52 44 0 1 0 0 57 74 0 1 0 0 72 52 2 25 0 0 52 222 0 1 0 1 51 43 0 1 2 175 47 74 0 1 2 175 65 223 0 1 2 275 48 74 0 1 2 275 59 73 0 1 2 275 39
4/4 44 3 333 3 667 64 314 1 25 1 15 66 11 0 1 1 25 55 52 3 667 3 3333 52
4/4 314 1 35 0 0 66 52 3 333 0 0 52 12 2 25 3 333 48 43 0 2 3 1333 40 313 0 1 3 2333 38 73 0 1 3 2333 49
4/4 44 0 1 2 25 77 222 0 1 2 25 48 54 1 5 0 1 84 13 0 1 2 175 58 34 0 1 2 175 60 64 2 175 0 2 72 41 0 1 0 2 52 11 1 5 0 3 46 62 2 25 2 375 52
4/4 13 0 1 0 0 58 34 0 1 0 0 60 12 2 175 2 75 46 64 3 333 2 75 64 64 0 1 2 175 56 63 0 1 2 175 42 13 0 1 2 175 52 34 3 333 3 3667 68
4/4 23 3 3333 3 667 68 71 0 1 1 15 54 42 3 667 1 25 44 12 1 5 1 35 49
4/4 23 3 2667 0 0 68 33 0 2 3 333 42 73 0 1 3 1333 43 22 0 1 3 1333 32 34 1 5 3 3333 77
4/4 44 3 333 3 333 77 22 0 1 0 1 50 53 0 1 0 1 58 73 0 1 0 1 65 51 0 1 3 1333 45 21 2 175 2 225 55 72 3 333 0 3 72
4/4 52 3 333 0 0 68 21 2 25 0 0 55 222 3 2333 3 667 59 313 2 325 3 667 57 73 2 225 0 1 72 521 0 1 0 1 68 312 3 1667 2 175 62 72 1 5 2 275 63 222 2 25 2 375 57
4/4 12 0 1 2 25 48 33 0 1 2 25 51 63 0 1 3 667 55 73 0 1 3 667 60 41 0 1 3 667 45 11 1 5 3 1667 46 62 0 1 3 2667 46 12 2 25 3 3667 43
4/4 22 3 3333 3 667 37 312 3 3333 3 667 30 523 0 1 3 667 41 73 0 1 3 667 47 223 3 2333 0 1 49 713 3 667 3 3333 44
4/4 22 3 667 0 0 37 312 3 167 0 0 30 713 3 583 0 0 44 72 0 1 1 15 38 22 0 1 1 15 38 53 0 1 1 15 40 73 0 1 2 175 44 31 0 1 2 175 40 71 1 5 0 3 47
4/4 34 3 1667 0 0 68 52 2 25 0 0 46 72 2 275 2 75 53 23 0 2 0 2 51 53 3 1333 0 2 37
4/4 73 1 5 2 75 77 33 1 25 1 15 47 53 0 1 3 1667 43 63 0 1 3 1667 56 13 0 1 3 1667 63 41 0 1 2 175 45 11 3 667 2 275 57 52 3 333 3 3667 62
4/4 53 0 1 0 0 43 63 0 1 0 0 56 13 0 1 0 0 63 52 3 167 0 0 62 62 0 1 1 5 67 12 3 2667 3 1333 67 33 3 1667 3 2333 62 53 3 333 2 325 59
4/4 12 3 833 0 0 67 63 0 2 2 25 65 13 0 2 2 125 68 42 2 125 2 125 53 12 2 175 2 225 52 64 0 1 2 325 70 53 0 1 2 325 45
4/4 12 2 25 0 0 52 63 3 333 2 25 54 42 0 1 0 1 38 313 0 1 0 1 37 63 0 1 0 1 37 13 0 1 0 1 46 54 2 175 1 15 56
4/4 314 1 5 2 25 76 63 0 1 0 1 40 13 0 1 0 1 46 44 0 1 0 1 57 41 0 1 2 125 45 11 2 75 2 225 49 62 3 667 0 3 54
4/4 12 3 3667 0 0 62 63 0 1 0 0 40 13 0 1 0 0 46 44 0 1 0 0 57 43 1 15 0 1 65 44 0 1 0 2 80 63 0 1 0 2 71 54 0 1 2 275 80 73 0 1 2 275 75 53 0 1 2 275 54 64 2 25 2 375 73 13 2 25 2 375 75
4/4 64 3 417 0 0 73 73 0 1 1 5 59 223 0 1 1 5 62 44 3 2667 2 75 65 51 0 1 2 75 64 74 2 225 0 1 74 42 1 5 2 175 64 72 2 125 3 2667 67 74 3 333 3 3667 72 222 3 333 3 3667 54
4/4 222 3 2917 0 0 54 73 0 1 2 25 39 223 0 1 2 25 43 44 0 1 1 5 52 74 0 1 1 5 65 43 2 125 1 5 38 52 0 1 1 25 40 44 0 1 1 25 57 314 3 667 3 3333 76
4/4 314 0 4 0 0 76 11 0 1 2 25 58 52 2 75 2 125 53 12 0 1 0 2 57 43 0 1 0 3 40
4/4 313 2 125 0 0 51 314 3 1583 0 0 76 43 2 125 0 0 40 44 1 5 0 2 71 54 1 5 0 3 67 13 0 1 1 35 52 34 0 1 1 35 53
4/4 64 2 225 0 0 67 41 0 1 0 0 50 13 0 1 0 0 52 34 0 1 0 0 53 11 3 667 2 75 52 62 2 25 2 175 52 12 0 1 2 275 44 64 3 333 2 275 54 64 0 1 3 3667 56 33 0 1 3 3667 38 13 0 1 3 3667 50 63 2 25 2 375 35
4/4 63 2 75 0 0 35 64 0 1 0 0 56 33 0 1 0 0 38 13 0 1 0 0 50 13 3 2333 3 1667 65 54 1 15 1 25 77 71 1 5 1 35 51
4/4 13 3 1417 0 0 65 54 1 5 0 0 77 71 1 5 0 0 51 42 3 667 1 5 47 44 3 1333 3 1333 65 12 2 25 3 1333 44 33 2 25 3 2333 42 63 0 1 0 3 39 713 0 1 2 325 37 22 0 1 2 325 37 34 0 1 2 325 48
4/4 63 0 2 0 0 39 713 0 1 0 0 37 22 0 1 0 0 37 34 0 1 0 0 48 23 3 667 3 1333 52 63 2 125 2 275 40 73 0 1 0 3 42 34 0 1 0 3 59 32 2 75 2 325 41
4/4 12 0 4 0 0 47 63 2 75 0 0 40 73 0 1 0 0 42 34 0 1 0 0 59 32 2 425 0 0 41 33 0 3 0 1 53 63 2 75 0 2 63 74 2 75 2 275 63 73 2 25 2 375 47
4/4 73 2 25 0 0 47 712 0 1 2 75 36 33 0 1 2 75 35 34 0 1 2 75 37 32 0 1 2 75 21 64 2 75 2 125 49 53 0 1 0 3 33 73 0 1 0 3 44 31 2 75 2 325 39 54 2 75 2 325 49
4/4 53 0 1 0 0 33 73 0 1 0 0 44 31 1 5 0 0 39 54 2 175 0 0 49 71 2 75 2 25 43 52 2 75 2 125 51 72 0 2 0 2 56 33 0 1 0 3 64
4/4 72 1 25 0 0 56 33 2 25 0 0 64 43 3 333 2 25 56 53 2 25 1 5 55 63 3 333 2 75 57 73 0 1 0 1 64 13 0 1 0 1 68 223 2 25 1 15 68 34 0 1 3 1667 72 44 0 1 3 1667 72 54 2 25 0 2 72 64 3 333 3 2333 74 74 0 1 1 25 67 14 0 1 1 25 77 224 0 1 0 3 83 71 2 75 2 325 70
4/4 42 2 75 0 0 63 224 2 75 0 0 83 71 3 583 0 0 70 12 2 75 0 1 64 224 2 25 2 175 81 222 2 175 2 175 56 223 0 1 3 2333 50 44 0 1 3 2333 51 64 0 1 3 2667 57 63 0 1 3 2667 43 224 0 1 3 2667 73
4/4 14 3 667 0 0 80 71 0 1 1 5 52 74 1 5 1 15 74 223 0 1 0 2 44 44 0 1 0 2 51 64 0 1 2 225 53 224 0 1 2 225 70 31 2 75 2 225 55 32 2 25 2 325 58
4/4 62 0 1 0 0 52 223 0 1 0 0 44 44 0 1 0 0 51 64 0 1 0 0 53 224 0 1 0 0 70 222 2 25 0 1 47 44 0 1 0 2 39 63 0 1 0 2 38 43 0 1 0 2 36 223 1 5 0 2 39 44 0 1 0 3 77
4/4 62 0 1 0 0 61 224 0 1 0 0 84 74 2 25 0 1 84 13 0 1 1 15 51 34 0 1 1 15 58 54 0 1 3 1667 60 14 0 1 3 1667 74 61 0 1 2 175 57 32 2 75 3 2667 61 72 3 333 3 3667 57
4/4 12 2 275 1 5 49 14 1 5 1 5 77 13 0 1 2 125 38 34 0 1 2 125 43 54 0 1 2 125 47 53 3 1667 1 15 38 14 3 667 1 15 62 74 2 75 0 3 65
4/4 64 2 25 2 25 63 13 3 2333 2 75 44 314 0 1 2 75 44 54 0 1 2 75 58 14 0 1 2 75 60 61 2 75 0 1 41 312 1 15 0 2 46 12 1 5 0 3 46
4/4 13 2 25 0 0 47 42 0 1 0 1 40 61 0 1 0 1 36 62 0 1 0 1 35 63 0 1 0 1 49 12 0 1 0 1 50 73 1 5 0 2 55 13 3 333 3 2333 60 223 2 25 3 2667 62 34 0 1 0 3 70 44 0 1 0 3 68 54 2 25 3 3333 74 64 0 1 1 35 62 74 0 1 1 35 72
4/4 14 3 333 0 0 80 224 2 25 2 25 73 35 3 333 1 5 78 221 0 1 2 75 74 315 1 15 2 75 76 62 3 667 2 175 65 33 1 5 3 2667 70 313 1 5 1 35 59 315 1 5 1 35 88
4/4 314 0 1 0 0 50 64 0 1 0 0 54 313 0 1 0 0 59 714 0 1 3 333 68 315 0 1 3 333 81 713 3 333 3 333 55 35 2 75 3 1667 80 221 2 175 0 2 62 224 3 667 0 3 84 314 0 1 1 35 54 64 0 1 1 35 57 714 2 25 2 375 68
4/4 521 0 1 0 0 62 315 0 4 0 0 71 714 2 325 0 0 68 314 0 1 0 0 54 64 0 1 0 0 57 221 0 1 2 75 54 62 3 667 2 175 49 712 2 25 3 2667 51 72 0 1 3 3667 47 522 0 1 3 3667 39 524 0 1 3 3667 52 74 0 1 3 3667 50
4/4 72 0 1 0 0 47 522 0 1 0 0 39 315 2 75 0 0 71 524 0 1 0 0 52 74 0 1 0 0 50 524 3 667 3 667 76 222 0 1 3 1333 52 73 0 1 3 1333 51 314 0 1 1 15 62 224 0 1 1 15 53 315 1 5 2 175 78 224 3 333 2 275 73 34 0 1 3 3333 41 524 0 1 3 3333 47 74 0 1 3 3667 54 35 0 1 3 3667 63 711 2 25 2 375 52
4/4 34 0 1 0 0 41 524 0 1 0 0 47 74 0 1 0 0 54 35 0 1 0 0 63 711 2 75 0 0 52 522 0 1 2 75 49 72 0 1 1 15 52 33 0 1 1 25 49 35 0 1 1 25 64 34 0 1 3 3333 43 524 0 1 3 3333 43 523 0 1 1 35 37 73 0 1 1 35 38 35 1 5 1 35 54
4/4 34 0 1 0 0 43 524 0 1 0 0 43 523 0 1 0 0 37 73 0 1 0 0 38 224 1 5 0 1 61 714 2 25 3 2333 54 72 0 1 3 3333 28 63 0 1 3 3333 32 13 0 1 3 3333 39 34 0 1 3 3333 40 74 2 25 2 375 44
4/4 72 0 1 0 0 28 63 0 1 0 0 32 13 0 1 0 0 39 34 0 1 0 0 40 74 2 225 0 0 44
4/4 72 0 1 2 25 27 63 0 1 2 25 30 44 0 1 2 25 37 23 3 3667 3 333 31 64 0 1 1 5 39 224 0 1 1 5 39 714 0 1 2 275 37
4/4 73 0 1 0 1 31 23 0 1 0 1 39 54 0 1 0 1 41 31 0 1 2 125 42 74 0 1 2 125 45 71 3 667 1 25 44 35 0 1 1 35 60 54 0 1 1 35 58 52 2 25 1 35 48
4/4 35 0 1 0 0 60 54 0 1 0 0 58 72 2 325 1 5 58 23 0 1 2 125 37 54 0 1 2 125 38 53 0 1 1 15 35 24 0 1 1 15 53
4/4 74 1 5 2 75 70 13 1 25 1 15 40 34 0 1 1 15 47 54 0 1 1 15 53 14 2 225 2 175 65 41 0 1 2 175 50 11 2 75 3 2667 58 52 1 5 1 35 63
4/4 13 3 2833 0 0 40 34 0 1 0 0 47 54 0 1 0 0 53 14 2 275 0 0 65 52 2 25 0 0 63 62 0 1 1 5 65 33 0 1 1 15 70 12 3 1667 3 2333 54 53 1 5 1 35 49
4/4 53 1 5 0 0 49 12 3 1333 0 0 54 63 0 2 1 5 53 13 3 1667 1 15 67 42 0 1 1 15 53 12 3 1667 3 2333 56 64 0 1 3 3333 77 53 0 1 3 3333 41
4/4 12 3 333 0 0 56 63 3 333 3 333 60 42 0 1 0 1 35 63 0 1 0 1 39 313 0 1 0 1 35 13 0 1 0 1 46 314 0 1 3 1333 47 54 0 1 3 1333 54
4/4 314 3 333 3 667 73 53 0 1 2 125 37 63 0 1 2 125 42 13 0 1 2 125 50 41 0 1 3 1667 42 44 3 2333 3 1667 56 11 2 75 1 25 50 62 3 333 1 35 46
4/4 53 0 1 0 0 37 63 0 1 0 0 42 13 0 1 0 0 50 44 3 1667 0 0 56 12 1 35 1 5 51 43 2 125 1 15 47 44 0 1 1 25 74 63 0 1 1 25 70 54 0 1 3 3333 80 73 0 1 3 3333 78 42 1 5 1 35 50
4/4 12 2 25 0 0 51 42 1 5 0 0 50 64 0 1 3 333 77 13 0 1 3 333 82 73 0 1 0 1 60 223 0 1 0 1 58 44 0 1 0 1 63 51 0 1 3 1333 58 74 3 2333 3 1333 72 52 3 667 3 2333 58 72 2 75 2 325 58
4/4 72 1 5 0 0 58 222 1 25 2 25 51 74 3 333 2 25 63 223 0 1 2 125 41 73 0 1 2 125 45 74 3 667 2 125 55 43 3 1667 2 125 43 44 3 333 2 325 62
4/4 314 2 375 2 25 73 11 2 125 0 1 57 52 0 1 0 2 53 12 2 25 0 3 46
4/4 43 2 175 0 0 39 314 2 225 0 0 73 73 0 1 0 1 51 313 0 1 0 1 37 44 0 1 0 3 77 12 0 1 0 3 49
4/4 54 2 75 0 0 84 13 0 1 2 75 52 34 0 1 2 75 56 41 0 1 0 1 54 64 2 225 0 1 68 11 3 667 0 2 49 62 2 25 0 3 45
4/4 12 0 4 0 0 41 64 3 333 0 0 54 63 0 1 0 1 37 13 0 1 0 1 47 64 1 15 0 1 48 13 0 1 0 3 49
4/4 54 2 225 0 0 64 12 3 333 0 0 41 43 0 1 0 1 33 72 0 1 0 1 36 63 0 3 0 1 39 44 2 75 2 325 49
4/4 72 2 275 2 125 34 63 0 1 2 125 34 713 0 1 2 125 23 34 3 2667 3 1333 41 23 1 5 1 35 40
4/4 72 1 5 0 0 34 63 0 1 0 0 34 713 0 1 0 0 23 23 2 75 0 0 40 34 0 1 0 2 48 713 0 1 0 2 41 73 0 1 0 2 38 61 0 1 0 2 37 32 2 75 2 325 42
4/4 35 0 1 2 25 52 714 0 1 2 25 55 72 0 1 2 25 44 712 2 125 2 125 51 224 0 1 0 2 51 74 0 1 0 2 55 33 0 1 0 2 42 73 0 1 0 3 37
4/4 714 0 1 0 0 48 713 1 5 2 25 38 34 3 333 0 1 44 74 2 175 2 225 51 33 2 175 2 225 37
4/4 74 2 25 0 0 51 33 2 525 0 0 37 64 1 25 1 5 44 34 3 1333 3 2667 42
4/4 34 3 1333 0 0 42 44 3 1333 2 125 38 53 0 1 2 375 26 73 0 1 2 375 23 23 0 1 2 375 26
4/4 54 0 4 0 0 36 53 0 1 0 0 26 73 0 1 0 0 23 23 0 1 0 0 26 31 3 1667 2 25 36 71 0 1 1 15 35 52 0 1 3 2667 35 72 3 333 3 3667 37
4/4 54 1 45 0 0 36 72 3 667 0 0 37 22 1 5 3 667 39 53 2 225 2 175 43 73 0 1 0 3 37
4/4 53 2 25 0 0 43 73 3 333 0 0 37 23 3 2667 3 333 39 24 2 25 3 2667 22
