4/4 63 0 1 0 1 29 54 0 1 0 1 31 22 0 1 0 1 31 55 3 333 2 275 37 55 2 25 2 375 56
4/4 63 0 1 0 0 29 54 0 1 0 0 31 22 0 1 0 0 31 55 3 83 0 0 56 55 3 333 3 667 65 55 0 1 1 15 74 45 0 1 3 2333 65 55 2 75 2 325 67
4/4 15 0 4 0 0 59 55 2 25 0 0 67 55 2 75 0 1 50 45 2 25 0 2 40 45 1 15 1 25 46
4/4 15 3 2333 0 0 59 45 1 25 0 0 46
4/4 44 1 35 1 5 32 74 0 1 3 667 37 12 0 1 3 667 36 45 3 333 0 2 35 45 3 333 2 275 60 45 3 333 3 3667 67
4/4 44 1 95 0 0 32 74 0 1 0 0 37 12 0 1 0 0 36 45 0 1 1 5 72 35 0 1 2 125 68 45 1 5 0 2 70 75 3 333 0 3 74 45 2 25 2 375 62
4/4 45 2 25 0 0 62 35 2 75 3 667 53 24 0 1 1 15 35 35 1 15 1 25 32
4/4 35 1 15 0 0 32 14 3 1333 3 2667 49 24 3 667 0 3 55 64 0 1 1 35 27 34 0 1 1 35 38 72 0 1 1 35 34 35 3 333 3 3667 46
4/4 14 3 5917 0 0 49 35 3 333 0 0 46 64 0 1 0 0 27 34 0 1 0 0 38 72 0 1 0 0 34 35 1 5 3 667 52 35 1 5 1 15 62 35 0 1 1 25 65 24 3 667 3 3333 45
4/4 24 3 333 0 0 45 35 0 2 3 333 48 14 3 1667 3 2333 48 24 2 75 2 275 64 63 0 1 1 35 35 23 0 1 1 35 33 53 0 1 1 35 32 35 1 5 1 35 45
4/4 14 0 4 0 0 48 63 0 1 0 0 35 23 0 1 0 0 33 53 0 1 0 0 32 35 2 25 0 0 45 35 1 5 1 5 54 35 1 5 1 15 57 35 3 667 3 2333 53 24 2 75 2 325 43
4/4 14 3 1333 0 0 48 63 0 1 0 0 35 23 0 1 0 0 33 53 0 1 0 0 32 24 2 25 0 0 43 35 0 2 2 25 45 14 3 667 2 225 49 24 2 25 2 275 59 53 2 75 2 325 33 13 0 1 3 3333 38 44 0 1 3 3333 34 73 0 1 3 3333 43 35 3 667 3 3333 43
4/4 53 0 4 0 0 33 13 0 1 0 0 38 44 0 1 0 0 34 73 0 1 0 0 43 35 3 83 0 0 43 35 3 333 1 5 58 35 3 333 3 1333 62 35 3 333 2 225 60 35 0 1 0 3 59
4/4 75 3 667 0 0 49 53 3 917 0 0 33 13 0 1 0 0 38 44 0 1 0 0 34 73 0 1 0 0 43 35 2 25 0 2 46 73 0 1 2 275 32 43 0 1 2 275 28 33 0 1 2 275 30 64 0 1 0 3 35 13 0 1 0 3 37 45 3 667 3 3333 38
4/4 73 0 1 0 0 32 43 0 1 0 0 28 33 0 1 0 0 30 64 0 1 0 0 35 13 0 1 0 0 37 45 3 2583 0 0 38 13 0 1 2 325 35 43 0 1 2 325 30 53 2 75 2 325 37
4/4 13 0 1 0 0 35 43 0 1 0 0 30 53 1 15 0 0 37 74 0 1 2 125 39 63 0 1 0 3 51
4/4 13 2 75 0 0 43 63 2 25 0 0 51 14 1 35 1 5 38 35 0 1 3 667 48 54 0 1 3 667 62 54 0 1 2 75 39 55 3 333 3 1667 52 44 0 1 2 175 36 55 0 1 3 2667 52 34 3 1333 3 2667 35 45 1 5 1 35 60
4/4 45 1 5 0 0 60 14 1 5 0 0 38 34 3 1667 0 0 35 55 0 1 1 5 70 15 1 5 3 1333 70 55 0 1 2 225 64 72 0 1 2 225 47 24 2 175 2 225 58 13 0 1 0 3 44 45 2 25 2 325 51 45 1 5 1 35 57
4/4 54 0 1 0 0 42 45 0 4 0 0 57 24 0 4 0 0 58 44 0 1 0 1 39 23 0 2 0 2 32
4/4 45 2 75 0 0 57 24 3 917 0 0 58 23 3 667 0 0 32 53 0 1 2 175 49 73 2 75 3 2667 51 74 2 75 2 325 45 24 0 1 3 3333 50 44 0 1 3 3333 63 44 3 333 3 3667 39
4/4 74 3 583 0 0 45 44 3 417 0 0 39 45 1 5 3 333 67 34 0 1 3 333 46 45 0 1 3 1333 68 23 3 2667 3 1333 37 35 2 125 2 225 70 45 0 1 0 3 68
4/4 75 3 333 0 0 70 23 3 83 0 0 37 74 0 1 3 667 38 24 0 1 3 667 52 12 0 1 3 667 40 45 0 1 2 75 58 34 0 1 3 1667 40 34 0 1 3 1667 59 24 0 1 3 2667 44 73 0 1 3 2667 39 35 1 5 1 35 48 64 1 5 1 35 38
4/4 35 1 25 0 0 48 64 1 5 0 0 38 54 0 1 1 5 38 14 3 667 3 3333 57 24 2 25 2 375 60
4/4 24 2 25 0 0 60 64 2 375 2 25 36 14 2 325 3 333 32 43 0 1 3 333 39 35 1 5 1 5 52 35 1 5 3 1333 65 63 2 75 3 1333 48 34 0 1 2 225 47 35 1 5 2 225 68 23 0 1 0 3 38 34 0 1 0 3 57
4/4 13 2 375 0 0 29 24 0 1 0 0 51 64 3 2583 0 0 36 35 2 125 2 125 41 14 3 667 0 3 58 24 1 5 1 35 65
4/4 44 0 1 0 0 43 74 0 1 0 0 55 34 0 1 0 0 62 53 0 1 0 0 48 35 1 5 0 1 74 73 2 75 0 1 44 35 1 5 2 175 74 44 0 1 0 2 45 34 0 1 2 275 41 34 0 1 2 275 58 74 2 25 2 375 43 24 2 25 2 375 49 23 2 25 2 375 32
4/4 74 3 1083 0 0 43 24 2 75 0 0 49 23 0 3 0 0 32 35 1 15 2 75 51 14 1 5 2 275 70 24 3 333 2 325 68 74 0 1 3 3667 54 714 0 1 3 3667 59 34 0 1 3 3667 70
4/4 63 0 1 0 0 57 74 0 1 0 0 54 714 0 1 0 0 59 34 0 1 0 0 70 713 0 1 2 75 53 35 1 5 2 75 80 35 1 5 3 1667 77 64 0 1 3 1667 47 524 0 1 1 25 45 35 3 333 1 25 55 34 1 5 1 35 36 35 3 333 1 35 48
4/4 34 1 5 0 0 36 75 0 1 1 5 67 63 3 667 3 1333 35 65 1 5 2 225 51 525 2 25 2 275 48 73 0 1 3 3333 35 44 0 1 3 3333 29 63 0 1 3 3333 32 35 0 1 3 3667 37 44 0 1 3 3667 38
4/4 73 0 1 0 0 35 44 0 1 0 0 29 63 0 1 0 0 32 35 0 1 0 0 37 44 0 1 0 0 38 73 0 1 2 375 46 54 0 1 2 375 47 713 0 1 2 375 44
4/4 73 0 1 0 0 46 54 0 1 0 0 47 713 0 1 0 0 44 24 0 1 2 25 57 54 0 1 2 25 70 714 0 1 2 225 33 44 0 1 2 225 30 53 0 1 2 225 36 35 0 1 2 225 39 45 0 1 2 225 42 64 0 1 2 225 42
4/4 14 0 1 2 25 41 35 0 1 2 25 49 63 0 1 2 25 48 55 0 1 2 25 59 74 0 1 2 25 54 34 2 75 0 1 56 75 0 1 2 125 68 54 0 1 2 125 68 54 0 1 0 2 58 73 0 1 0 2 65 34 0 1 2 275 62 74 0 1 2 275 74 75 0 1 3 3667 64 45 0 1 3 3667 59 52 0 1 3 3667 54
4/4 75 0 1 0 0 64 45 0 1 0 0 59 52 0 1 0 0 54 23 0 1 1 5 59 64 0 1 1 5 77 714 0 1 3 1333 67 55 0 1 3 1333 77 24 0 1 3 1333 74 43 0 1 3 1333 48 45 0 1 3 2333 72 22 0 1 3 2333 52 45 0 1 3 3333 51 24 0 1 3 3333 52 74 0 1 3 3333 46 11 0 1 3 3333 45
4/4 45 0 1 0 0 51 24 0 1 0 0 52 74 0 1 0 0 46 11 0 1 0 0 45 55 2 25 2 25 48 53 1 5 2 25 58 35 3 1333 3 667 68 54 0 1 3 667 62 23 3 333 0 1 54 34 1 5 0 2 44 54 0 1 0 3 39 73 0 1 0 3 36 55 0 1 0 3 47 34 0 1 0 3 44
4/4 54 0 1 0 0 39 73 0 1 0 0 36 55 0 1 0 0 47 34 0 1 0 0 44 65 0 1 2 75 70 52 0 1 2 75 51 14 0 1 3 2333 48 35 0 1 3 2333 49 55 0 1 3 2333 56 74 0 1 3 2333 53 62 0 1 1 25 45 33 0 1 3 3333 61 74 0 1 3 3333 80
4/4 33 0 1 0 0 61 74 0 1 0 0 80 73 2 75 2 25 65 13 0 1 0 1 52 74 0 1 0 1 80 15 2 25 1 15 77 713 0 1 2 175 41 43 0 1 2 175 40 714 0 1 2 225 45 24 0 1 2 225 52 44 0 1 2 225 53 75 1 5 1 25 63 65 3 333 3 3333 68
4/4 713 0 1 0 0 41 43 0 1 0 0 40 55 3 333 2 25 65 45 3 333 2 125 56 54 0 1 0 2 39 12 0 1 0 2 37 74 0 1 0 2 42 24 0 1 0 2 46 44 0 1 0 2 47 55 3 333 0 3 49
4/4 25 2 25 0 0 47 54 0 1 0 0 39 12 0 1 0 0 37 75 0 1 0 1 40 44 0 1 0 1 39
4/4 54 0 1 0 0 39 12 0 1 0 0 37 14 1 5 2 25 57 24 3 667 1 5 64 35 1 5 0 1 62 45 1 5 3 1333 60 55 2 225 2 175 62 43 0 1 2 175 57 13 2 75 3 2667 59 34 2 25 1 35 52
4/4 55 3 417 0 0 62 54 0 1 3 333 37 13 0 1 3 333 49 614 0 1 1 15 38 35 0 1 1 15 46 43 0 1 1 15 36
4/4 72 0 1 2 75 31 62 0 1 2 75 34 13 0 1 2 75 31 33 0 1 2 75 40 54 0 1 2 125 43 64 2 25 2 275 49 43 0 1 2 375 34 44 0 1 2 375 33 63 0 1 2 375 35 23 0 1 2 375 36 71 0 1 2 375 28
4/4 43 0 1 0 0 34 44 0 1 0 0 33 63 0 1 0 0 35 23 0 1 0 0 36 71 0 1 0 0 28 15 3 667 1 25 44 25 3 667 2 275 67 36 3 667 3 3333 70 46 2 25 2 375 68
4/4 46 2 25 0 0 68 56 2 275 2 25 62 44 0 1 2 25 42 14 0 1 0 1 47 35 2 25 0 2 42 55 0 1 0 3 39 14 0 1 0 3 50 45 2 25 2 375 40
4/4 36 0 1 0 0 47 615 2 175 0 0 37 45 1 25 0 0 40 46 0 1 2 75 50 36 0 1 3 1667 47 46 1 15 1 25 56 74 1 5 1 35 45
4/4 74 0 2 0 0 45 46 1 15 0 0 56 45 0 2 3 333 39 65 2 125 2 125 46 15 2 75 2 225 41 714 1 5 1 35 32 55 1 5 1 35 29 25 1 5 1 35 36
4/4 714 1 35 0 0 32 55 2 425 0 0 29 25 2 225 0 0 36 15 3 1333 2 225 58 25 1 5 1 35 57
4/4 25 3 167 0 0 57 55 0 1 3 667 23 15 0 1 3 667 34 35 0 1 3 667 41 13 0 1 2 75 37 36 0 1 0 2 58 14 0 1 0 2 60 54 2 75 0 2 44 25 0 1 2 275 63 46 0 1 2 275 58 34 0 1 2 275 47 36 0 1 3 3667 65 14 0 1 3 3667 62 54 3 333 3 3667 43
4/4 54 3 167 0 0 43 25 0 1 1 5 55 55 0 1 1 5 52 72 0 1 1 5 43 54 2 75 3 1333 50 55 0 1 0 2 55 73 0 1 0 2 44 24 0 1 2 225 51 73 0 1 2 225 44 54 0 1 0 3 49 74 0 1 0 3 63 14 0 1 1 35 35 35 0 1 1 35 46 54 0 1 1 35 52 63 2 25 2 375 46 15 2 25 2 375 59
4/4 14 0 1 0 0 35 35 0 1 0 0 46 54 0 1 0 0 52 63 2 75 0 0 46 15 2 25 0 0 59 34 2 25 3 667 46 15 2 75 3 667 67 74 0 1 1 15 44 74 0 1 1 15 59 64 0 1 3 2333 46 64 0 1 3 2333 55 74 0 1 0 3 34 35 0 1 0 3 39 45 0 1 0 3 44 52 0 1 0 3 32 75 3 667 3 3333 45
4/4 75 3 1833 0 0 45 34 2 175 2 25 38 35 0 1 2 125 46 43 0 1 2 125 31 74 0 1 2 275 39 35 0 1 2 275 46 522 0 1 2 275 42 75 2 75 0 3 53
4/4 65 1 5 0 0 67 73 2 75 0 0 53 65 0 1 3 667 68 33 0 1 3 667 47 35 0 1 2 75 68 525 3 333 1 15 65 73 2 75 1 15 51 64 0 1 2 225 48 223 0 1 2 225 50 65 2 125 3 2333 60 43 0 1 3 2333 49 223 3 667 2 325 46
4/4 35 0 1 2 25 53 64 3 333 2 25 43 65 3 333 0 1 62 23 0 1 0 2 35 714 0 1 0 2 34 23 0 1 0 2 44 313 0 1 0 2 32 714 0 1 0 2 34 23 0 1 0 2 44 525 0 1 3 2333 39 74 0 1 3 2333 52
4/4 715 2 25 0 1 65 43 3 2333 3 1667 35 72 2 225 2 175 34 74 0 1 0 2 31 23 0 1 0 2 38 23 0 2 0 2 35 45 0 1 2 225 46 74 0 1 2 225 45
4/4 15 0 1 0 0 74 13 0 1 0 0 70 43 0 1 0 0 35 72 2 75 0 0 34 23 0 1 0 0 35 25 0 1 0 1 62 23 0 1 0 1 72 36 0 1 2 175 62 55 0 1 2 175 57 14 0 1 2 175 56 12 0 1 2 175 52 35 1 5 2 225 57 53 2 75 3 2667 64 55 0 1 3 2667 62 15 0 1 3 2667 60 35 0 1 3 2667 68 35 2 25 0 3 70 46 0 1 1 35 77 24 0 1 1 35 67 34 1 5 1 35 61
4/4 35 3 333 0 0 62 34 2 25 0 0 61 36 0 1 2 25 67 14 0 1 2 25 68 53 2 75 3 333 56 35 3 333 3 667 56 25 0 1 2 125 74 74 0 1 2 125 64 72 2 75 2 125 56 24 1 5 1 15 62 53 0 1 0 2 52 35 1 5 0 2 60 45 2 25 3 2333 68 55 1 5 2 275 74 23 2 75 2 275 54 24 1 5 2 325 67 55 0 1 3 3667 68 53 0 1 3 3667 54 74 0 1 3 3667 70
4/4 24 3 333 0 0 65 55 0 1 0 0 68 53 0 1 0 0 54 74 0 1 0 0 70 15 0 1 3 667 67 54 0 1 3 667 58 62 0 1 3 667 42 14 1 5 0 1 68 55 0 1 1 15 63 35 0 1 1 15 63 14 0 1 1 15 65 33 0 1 1 15 58 14 3 333 0 2 72 75 0 1 3 2333 72 13 0 1 3 2333 56 55 0 1 3 2333 63 34 0 1 3 2333 63 14 1 5 2 275 67 33 2 75 2 325 58 35 0 1 2 325 59 64 0 1 2 325 59 14 2 25 3 3667 52
4/4 75 0 1 0 0 63 45 0 1 0 0 65 51 0 1 0 0 49 55 3 667 3 333 65 45 0 1 2 75 59 32 0 1 2 75 58 35 3 333 2 125 72 74 2 25 3 1667 64 73 3 333 3 1667 44 54 1 5 0 2 63 44 1 5 1 25 56 33 2 25 1 25 46 34 2 25 0 3 52 74 0 1 1 35 65 524 0 1 1 35 57 73 0 1 1 35 54 522 0 1 1 35 50 34 0 1 1 35 59 32 0 1 1 35 52
4/4 64 3 333 3 333 77 73 0 1 2 125 49 523 0 1 2 125 48 63 0 1 2 125 64 34 1 5 2 125 65 524 3 333 0 2 66 63 0 1 0 3 37 222 0 1 0 3 40 42 0 1 0 3 40 223 0 1 0 3 44 44 0 1 0 3 46 63 0 1 0 3 52
4/4 63 0 1 0 0 37 222 0 1 0 0 40 42 0 1 0 0 40 223 0 1 0 0 44 44 0 1 0 0 46 63 0 1 0 0 52 74 0 1 2 75 72 72 0 1 2 75 52 714 3 333 3 1667 76 314 0 1 2 225 54 64 0 1 2 225 55 311 0 1 2 225 55 224 3 667 1 25 76 714 3 333 3 3333 76
4/4 313 0 1 2 25 43 223 0 1 2 25 38 714 0 1 2 25 57 314 0 1 2 25 54 62 0 1 2 25 41 74 2 25 2 125 60 32 2 75 2 225 41 714 0 1 3 2333 47 34 0 1 3 2333 43 53 0 1 3 2333 49
4/4 223 0 1 2 25 51 73 0 1 2 25 49 74 0 1 2 25 67 34 0 1 2 25 63 52 0 1 2 25 52 714 3 333 0 1 79 224 2 25 3 1667 75 34 2 75 2 225 53 64 0 1 3 2333 60 62 0 1 3 2333 61 713 0 1 3 2333 68 35 3 1667 3 2333 70 33 2 25 2 325 68
4/4 524 0 1 0 0 71 73 0 1 0 0 67 712 0 1 0 0 64 35 3 83 0 0 70 64 0 1 0 1 72 74 0 1 2 175 68 33 0 1 2 175 65 522 1 5 2 175 56 64 0 1 3 2667 60 714 0 1 3 2667 71 32 0 1 3 2667 56 34 0 1 3 3667 54 523 0 1 3 3667 52 74 0 1 3 3667 67 35 0 1 3 3667 67 72 0 1 3 3667 46
4/4 75 0 1 3 667 59 524 0 1 3 667 54 74 0 1 3 667 51 524 0 1 3 667 57 64 1 25 1 15 43 35 3 2333 3 1667 54 65 2 225 2 175 60 42 3 667 2 175 46 43 3 333 3 2667 51 63 2 25 1 35 51
4/4 35 3 667 0 0 54 65 2 175 0 0 60 713 2 25 3 333 51 714 1 5 2 125 39 34 0 1 3 1333 38 63 0 1 3 1333 37 36 0 1 3 2333 73 714 0 1 3 3333 42 25 0 1 3 3333 59 34 0 1 3 3333 42
4/4 36 1 5 3 333 64 45 0 1 0 1 32 74 0 1 0 1 38 36 0 1 3 1333 45 45 0 1 3 1333 50 72 0 1 3 1333 38 43 2 75 3 2333 52 13 2 25 2 325 49
4/4 34 2 75 0 0 49 45 0 1 0 0 32 74 0 1 0 0 38 36 0 1 0 0 45 45 0 1 0 0 50 64 2 75 2 75 49 14 2 25 2 175 46 45 3 667 3 2667 44 65 2 25 3 3667 35
4/4 15 1 25 2 75 27 36 2 325 2 75 32 66 0 1 0 1 31 75 0 1 0 1 34 37 0 2 2 125 35
4/4 36 2 275 0 0 32 66 0 1 0 0 31 75 0 1 0 0 34 26 2 175 0 1 35
4/4 56 0 2 3 1667 35 63 1 15 3 1667 20 34 1 5 1 25 34 54 1 5 0 3 38 34 1 5 1 35 48
4/4 63 0 1 0 0 50 55 0 1 0 0 49 34 1 5 3 333 43 56 0 1 0 1 70 53 0 1 0 1 49 34 1 5 2 125 59 56 0 1 2 175 75 63 3 667 2 175 52 34 1 5 2 225 52 46 0 1 1 25 70 54 1 5 1 25 56 34 1 5 0 3 54 56 3 667 3 3333 66 63 1 5 1 35 54 34 2 25 2 375 52
4/4 34 2 25 0 0 52 56 3 333 0 0 66 16 0 1 2 25 63 54 1 5 3 333 47 34 1 5 2 75 55 63 0 1 2 125 44 55 0 1 2 125 54 34 1 5 3 1667 44 46 2 25 2 225 49 54 1 5 2 225 36 34 1 5 3 2667 53 46 3 1333 3 2667 68 63 3 667 0 3 54 34 1 5 1 35 57
4/4 44 1 5 0 0 53 46 3 6167 0 0 68 34 1 5 3 333 50 63 1 5 2 75 55 34 1 5 2 125 53 44 3 333 3 1667 49 34 1 5 0 2 49 63 1 5 1 25 52 34 2 25 0 3 48 24 2 25 1 35 52
4/4 34 1 5 0 0 45 13 3 667 2 75 52 54 1 5 2 125 46 24 1 5 2 175 52 54 3 667 2 225 58 55 0 1 3 2667 49 25 0 1 3 2667 63 13 0 1 3 2667 55 45 0 1 3 2667 59 54 1 5 2 325 53 46 0 1 3 3667 70 23 0 1 3 3667 57
4/4 54 1 5 0 0 61 55 0 1 0 0 68 46 0 1 1 5 68 13 0 1 1 5 56 24 0 1 1 5 60 54 1 5 0 1 58 36 0 1 3 1333 77 23 0 1 3 1333 52 54 3 333 2 175 53 55 0 1 0 2 47 25 0 1 0 2 56 13 0 1 0 2 48 45 0 1 0 2 53 54 1 5 3 2667 44 76 0 1 0 3 57 23 0 1 0 3 45 54 2 25 1 35 46
4/4 75 0 1 0 0 45 24 0 1 0 0 49 73 3 667 0 0 44 46 2 75 2 25 47 54 1 5 3 667 52 36 0 1 2 125 65 23 0 1 2 125 53 54 1 5 1 15 55 25 0 1 0 2 64 44 0 1 0 2 59 73 2 25 0 2 51 54 1 5 1 25 50 55 0 1 0 3 64 35 0 1 0 3 63 24 3 333 0 3 51 54 1 5 3 3333 54 73 2 25 2 375 47
4/4 55 0 1 0 0 64 35 0 1 0 0 63 54 3 333 2 25 44 14 3 333 3 667 46 54 1 5 0 1 49 73 1 5 1 15 40 54 1 5 0 2 48 15 3 667 1 25 67 74 2 25 1 25 45 54 0 1 0 3 41 24 0 1 0 3 56 55 0 1 1 35 39 65 0 1 1 35 40 14 0 1 1 35 50 43 0 1 2 375 48 35 0 1 2 375 52
4/4 55 0 1 0 0 39 65 0 1 0 0 40 14 0 1 0 0 50 43 0 1 0 0 48 35 0 1 0 0 52 13 1 5 3 333 46 36 0 1 2 75 68 63 0 1 2 75 48 13 0 1 2 125 55 54 0 1 2 125 67 43 0 1 3 1667 56 36 0 1 3 1667 72 64 0 1 3 1667 64 13 1 5 0 2 58 64 0 1 1 25 59 35 0 1 1 25 74 13 1 5 0 3 63 45 0 1 3 3333 53 75 0 1 3 3333 62 25 0 1 3 3333 68 42 0 1 3 3333 57 13 2 25 2 375 56
4/4 13 2 25 0 0 56 55 0 1 2 25 72 35 0 1 2 25 74 64 2 25 3 333 54 13 1 5 2 75 56 43 3 333 2 125 55 13 3 333 3 1667 54 64 2 25 0 2 47 15 1 5 0 2 72 13 0 1 1 25 50 24 0 1 1 25 64 35 0 1 0 3 51 75 0 1 0 3 55 53 0 1 0 3 56 35 0 1 0 3 67 34 1 5 1 35 56
4/4 36 0 1 0 0 77 73 0 1 0 0 56 34 2 25 3 333 61 53 3 333 2 75 61 36 0 1 2 75 74 74 0 1 2 75 68 34 1 5 2 125 52 74 0 1 3 1667 49 35 0 1 3 1667 77 34 2 25 0 2 52 25 0 1 1 25 60 45 0 1 1 25 63 52 0 1 1 25 55 34 1 5 0 3 51 36 0 1 3 3333 63 54 0 1 3 3333 64 74 2 25 3 3333 48 34 2 25 2 375 54
4/4 36 0 1 0 0 63 54 0 1 0 0 64 53 2 25 3 333 50 34 1 5 2 75 48 15 0 1 2 125 70 73 0 1 2 125 45 25 0 1 3 1667 67 33 0 1 3 1667 48 55 3 1333 0 2 55 15 0 1 2 225 57 35 0 1 2 225 64 63 0 1 2 225 53 35 0 1 2 225 64 34 1 5 2 275 50 36 3 667 2 325 64 14 2 25 2 325 46 34 2 25 2 375 52
4/4 36 0 1 0 0 74 62 0 1 0 0 56 34 2 25 0 0 52 34 1 5 1 5 58 36 0 1 0 1 74 13 0 1 0 1 53 34 3 333 1 15 55 36 0 1 2 175 63 74 0 1 2 175 59 63 3 333 2 175 52 34 1 5 3 2333 46 76 0 1 2 275 63 14 2 25 2 275 46 34 1 5 2 325 48 63 2 25 2 375 46
4/4 63 2 25 0 0 46 34 1 5 2 25 43 14 0 1 3 667 42 65 0 1 3 667 50 56 0 1 2 125 55 33 0 1 2 125 46 45 0 1 2 175 39 55 0 1 2 175 39 15 0 1 2 175 47 45 0 1 2 175 60 53 3 333 0 2 50 23 2 75 3 2333 48 14 2 25 2 275 55 54 3 333 2 325 58 53 2 25 3 3667 51
4/4 23 2 75 0 0 49 45 0 1 0 0 39 55 0 1 0 0 39 15 0 1 0 0 47 45 0 1 0 0 60 14 2 25 1 5 46 54 2 25 0 1 48 53 2 25 1 15 49 23 1 5 0 2 46 714 1 5 1 25 51 54 3 333 0 3 40 53 2 25 3 3333 46
4/4 23 3 333 0 0 49 714 1 5 3 333 42 54 2 25 0 1 37 62 3 667 2 175 53 33 1 5 2 225 65 55 0 1 2 275 65 15 0 1 2 275 65 73 0 1 2 275 64 55 0 1 2 275 68 13 1 5 2 325 74 56 0 1 3 3667 78 53 0 1 3 3667 67
4/4 13 2 25 0 0 48 56 0 1 0 0 78 53 0 1 0 0 67 73 0 1 1 5 51 55 0 1 1 5 60 13 2 25 0 1 58 56 0 1 1 15 57 62 1 5 1 15 59 33 3 333 0 2 65 46 0 1 3 2333 70 73 1 5 3 2333 65 13 3 333 2 275 72 56 3 667 3 3333 70 54 2 25 3 3333 59 13 2 25 2 375 49
4/4 56 3 333 0 0 70 13 2 25 0 0 49 16 2 75 2 25 59 73 3 333 2 25 47 13 2 25 3 667 57 72 1 5 0 1 67 56 0 1 0 1 68 43 2 25 1 15 58 46 2 25 0 2 59 73 3 333 0 2 53 13 1 5 3 2333 68 46 1 15 1 25 74 44 1 5 0 3 62 13 1 5 3 3333 52 23 2 25 2 375 50
4/4 46 0 4 0 0 74 13 2 25 2 25 53 72 1 5 3 667 62 43 1 5 0 1 68 13 1 5 1 15 68 23 1 5 0 2 65 44 1 5 1 25 57 23 1 5 0 3 55 13 2 25 3 3333 51 23 2 25 2 375 64
4/4 52 1 5 2 25 68 22 0 1 3 667 67 44 0 1 3 667 56 75 0 1 0 1 57 43 0 1 0 1 62 15 0 1 0 1 63 45 0 1 0 1 63 73 1 5 1 15 65 46 0 1 0 2 77 22 0 1 0 2 61 73 1 5 1 25 56 43 0 1 0 3 54 45 0 1 0 3 62 73 2 25 3 3333 59 46 2 25 2 375 77 52 2 25 2 375 57
4/4 46 1 5 0 0 77 52 2 25 0 0 57 22 1 5 2 25 68 43 3 333 3 667 68 36 2 75 2 75 77 73 3 333 2 125 62 23 2 25 3 1667 62 46 2 75 3 1667 77 73 1 5 0 2 55 76 0 1 1 25 66 42 0 1 1 25 57 73 3 333 0 3 55 55 0 1 3 3333 57 75 0 1 3 3333 54 45 0 1 3 3333 68 12 0 1 1 35 68 45 0 1 1 35 68
4/4 53 3 333 0 0 62 12 0 1 0 0 68 45 0 1 0 0 68 23 1 5 3 333 67 36 2 75 3 333 74 34 1 5 2 75 72 25 0 1 2 125 70 74 3 333 2 125 60 34 3 333 3 1667 46 23 3 333 0 2 49 36 0 2 0 2 67 34 2 25 1 25 64 12 1 5 0 3 61 53 2 25 1 35 57
4/4 23 3 333 0 0 57 36 2 125 0 0 67 34 1 5 3 333 59 74 3 333 2 75 56 34 1 5 3 1333 52 15 0 1 2 175 74 22 0 1 2 175 49 34 2 25 2 225 62 25 3 333 3 2333 58 35 0 1 3 2667 53 65 0 1 3 2667 56 15 0 1 3 2667 64 42 0 1 3 2667 55 35 0 1 3 2667 74 12 2 25 3 3333 64 36 0 1 2 375 77 52 0 1 2 375 63
4/4 36 0 1 0 0 77 52 0 1 0 0 63 63 1 5 2 25 67 34 0 1 3 667 63 35 0 1 3 667 77 63 1 5 0 1 61 36 0 1 1 15 84 53 1 5 1 15 56 63 2 25 0 2 61 42 0 1 3 2333 55 24 0 1 3 2333 77 12 2 25 2 275 61 36 2 75 2 325 74 53 1 5 2 325 49 63 2 25 2 375 57
4/4 36 2 75 0 0 74 63 2 25 0 0 57 34 3 333 2 25 53 63 3 333 3 667 54 53 2 25 0 1 52 15 1 5 0 1 77 63 2 25 1 15 55 25 2 25 1 15 72 35 2 25 0 2 67 35 0 1 0 2 57 75 0 1 0 2 63 52 0 1 0 2 61 35 0 1 0 2 68 33 1 5 1 25 62 36 0 1 0 3 74 52 0 1 0 3 63 73 1 5 1 35 65
4/4 34 0 1 0 0 58 35 0 1 0 0 74 73 1 5 3 333 59 36 3 667 2 75 74 53 2 25 2 75 55 73 2 25 2 125 62 25 2 75 3 1667 72 52 1 5 2 175 57 33 3 333 2 225 59 36 3 1333 3 2667 74 53 3 333 3 2667 61 73 1 5 0 3 57 34 1 5 1 35 61
4/4 73 1 5 0 0 52 36 3 167 0 0 74 15 0 1 3 333 80 52 0 1 3 333 48 73 2 25 0 1 64 25 1 5 0 1 70 35 0 1 3 1333 60 65 0 1 3 1333 62 62 0 1 3 1333 62 715 0 1 3 1333 65 35 0 1 3 1333 68 33 2 25 0 2 63 36 0 1 1 25 80 72 0 1 1 25 65 713 1 5 0 3 68 524 2 25 1 35 68 36 1 5 1 35 74 713 2 25 2 375 41
4/4 713 3 83 0 0 41 73 0 1 3 333 49 35 0 1 3 333 74 713 2 25 2 75 61 36 2 75 2 125 72 62 1 5 2 125 58 33 3 333 3 1667 56 73 3 333 0 2 61 76 1 15 0 2 72 713 2 25 1 25 51 524 3 333 0 3 56 713 2 25 3 3333 55 66 2 25 2 375 63 73 2 25 2 375 48
4/4 66 2 25 0 0 63 713 0 1 2 25 55 525 0 1 2 25 61 65 0 1 2 75 60 36 0 1 2 75 68 45 0 1 2 75 65 72 3 667 0 1 64 43 1 5 3 1333 65 73 1 5 2 175 72 34 1 5 2 225 74 44 1 5 3 2667 74 34 1 5 0 3 59 73 1 5 1 35 52
4/4 34 2 25 0 0 44 73 0 1 1 5 48 43 0 1 1 5 44 64 0 1 2 75 49 13 0 1 2 75 53 35 0 1 2 125 63 54 0 1 2 125 67 714 0 1 0 3 40 53 0 1 0 3 40 44 0 1 0 3 38 24 0 1 0 3 48 44 0 1 0 3 48 65 3 667 3 3333 56
4/4 714 0 1 0 0 40 53 0 1 0 0 40 44 0 1 0 0 38 24 0 1 0 0 48 44 0 1 0 0 48 65 3 333 0 0 56 14 0 1 0 1 51 35 0 1 0 1 56 55 0 1 0 1 60 61 0 1 0 1 55 75 1 5 2 125 64 33 2 25 2 175 57 75 0 1 2 225 80 63 1 5 2 225 61 73 1 5 1 25 68 13 3 667 0 3 70 34 1 5 1 35 67
4/4 75 0 1 0 0 72 53 0 1 0 0 62 74 2 25 3 333 62 714 0 1 2 75 53 24 0 1 2 75 58 52 0 1 2 75 58 45 0 1 2 75 60 74 0 1 2 75 70 22 2 25 3 1333 61 53 0 1 2 175 64 64 0 1 2 175 72 713 3 333 2 225 55 23 3 333 3 2667 58 55 2 75 3 2667 74 44 2 25 0 3 51 54 0 1 3 3667 53 44 0 1 3 3667 67
4/4 714 2 25 0 0 64 54 0 1 0 0 53 44 0 1 0 0 67 54 0 1 1 5 59 74 0 1 1 5 62 12 0 1 1 5 68 24 0 1 1 5 60 44 0 1 1 5 70 53 2 25 0 1 58 73 0 1 1 15 61 54 0 1 1 15 70 13 1 5 0 2 57 35 3 667 0 2 77 23 1 5 3 2333 64 34 2 25 2 275 56 54 2 25 2 325 57 74 2 25 2 375 56
4/4 64 0 1 3 333 51 73 0 1 3 333 42 45 0 1 3 333 51 15 0 1 3 333 59 224 0 1 3 333 53 64 0 1 3 333 50 74 0 1 0 2 42 224 0 1 0 2 43 45 0 1 0 2 55 33 0 1 0 2 43 223 0 1 0 2 42 74 0 1 0 2 54 55 3 333 2 325 84 65 3 333 3 3667 77
4/4 14 0 1 0 0 51 35 0 1 0 0 55 55 0 1 0 0 62 61 0 1 0 0 58 75 1 5 3 333 63 33 2 25 2 75 57 63 1 5 2 125 63 75 3 1333 2 125 77 73 1 5 3 1667 62 13 3 667 2 225 67 34 1 5 1 25 70 75 0 1 0 3 80 53 0 1 0 3 65 13 2 25 1 35 67
4/4 714 0 1 0 0 55 35 0 1 0 0 57 52 0 1 0 0 61 55 0 1 0 0 62 74 0 1 0 0 70 22 2 25 1 5 61 53 0 1 0 1 59 64 0 1 0 1 77 713 2 25 3 1333 58 55 3 667 2 175 77 23 2 25 2 175 59 44 1 5 2 225 56 714 2 25 2 275 58 45 1 5 2 275 72 54 2 75 2 325 59 74 0 1 3 3667 60 12 0 1 3 3667 58 45 0 1 3 3667 67 23 0 1 3 3667 62
4/4 54 2 25 0 0 59 74 0 1 0 0 60 12 0 1 0 0 58 45 0 1 0 0 67 23 0 1 0 0 62 53 3 333 2 25 49 13 3 333 3 667 50 55 2 25 3 667 62 23 1 5 0 1 56 55 2 25 0 1 72 34 1 5 3 1667 49 54 2 25 0 2 49 14 1 5 1 25 51 24 2 25 0 3 51 55 0 1 3 3667 45 26 0 1 3 3667 46 35 0 1 3 3667 43 24 0 1 3 3667 40
4/4 55 0 1 0 0 45 26 0 1 0 0 46 35 0 1 0 0 43 24 0 1 0 0 40 14 2 75 0 2 45 24 3 667 3 2667 74 35 3 667 0 3 80 45 2 25 1 35 77
4/4 614 0 1 0 0 46 14 0 1 0 0 54 54 0 1 0 0 63 42 0 1 2 25 47 12 3 667 0 1 48 53 2 25 0 2 55 14 0 1 2 275 56 612 0 1 2 275 44 35 0 1 2 375 48 13 0 1 2 375 37 614 0 1 2 375 41 33 0 1 2 375 44
4/4 35 0 1 2 175 38 614 0 1 2 175 38 15 0 1 2 175 59 54 0 1 2 175 44 25 3 667 2 225 67 36 1 5 3 2667 67 46 3 333 2 325 59 74 3 333 3 3667 41 35 3 333 3 3667 35 55 0 1 2 375 42 14 0 1 2 375 49
4/4 74 3 1917 0 0 41 35 3 1667 0 0 35 55 0 1 0 0 42 14 0 1 0 0 49 56 2 75 2 25 59 66 2 25 2 175 55 74 0 1 3 2667 38 24 0 1 3 2667 34 65 0 1 3 2667 40 45 0 1 3 2667 43
4/4 14 3 2667 3 1333 47 55 0 1 0 3 49 43 2 75 2 325 46
4/4 13 3 667 0 0 44 14 3 1333 0 0 47 55 1 15 0 0 49 43 1 5 0 0 46 54 0 1 0 1 50 44 0 1 2 175 43 13 0 1 2 175 49 34 0 1 2 275 35 613 0 1 2 275 40 35 0 1 2 275 45 45 2 25 2 375 63
4/4 34 0 1 0 0 35 613 0 1 0 0 40 45 2 75 0 0 63 35 0 1 3 667 51 12 0 1 3 667 37 45 3 2333 3 1667 63 44 0 1 3 2667 30 72 0 1 3 2667 30 64 0 1 3 2667 36 13 0 1 3 2667 38
4/4 45 3 333 0 0 63 44 0 1 0 0 30 72 0 1 0 0 30 64 0 1 0 0 36 13 0 1 0 0 38 35 3 333 2 75 51 75 3 667 2 175 47 54 0 1 0 3 29 713 0 1 0 3 20 24 0 1 0 3 35 54 0 1 0 3 42 715 3 333 3 3667 44
4/4 54 2 375 0 0 29 713 0 1 0 0 20 24 0 1 0 0 35 54 0 1 0 0 42 715 3 2917 0 0 44
4/4 15 3 1333 0 0 63 25 2 75 2 125 55 36 1 5 3 2333 48 13 3 1667 3 2333 34 54 0 1 1 35 44 36 0 1 1 35 56 33 0 1 1 35 46
4/4 13 3 1333 0 0 34 54 0 1 2 25 56 46 0 1 2 25 65 33 0 1 2 25 51 54 2 75 0 1 54 34 0 1 0 1 48 35 0 1 0 1 72 73 0 2 0 2 52 25 2 75 0 2 70 54 0 1 2 275 42 22 0 1 2 275 41 55 0 1 1 35 59 23 0 1 1 35 38 53 0 1 1 35 47
4/4 73 3 667 0 0 52 23 0 1 3 333 41 54 0 1 3 333 48 74 0 1 3 333 64 14 0 1 0 1 38 35 0 1 0 1 43 55 0 1 0 1 48 14 0 1 0 1 58 63 2 275 2 125 43 54 0 1 2 225 42 34 0 1 2 225 44 14 0 1 2 225 63 54 0 1 0 3 48 75 0 1 0 3 67 33 0 1 0 3 52 65 0 1 2 375 67 53 0 1 2 375 51
4/4 34 3 667 0 0 52 65 0 1 0 0 67 53 0 1 0 0 51 63 2 25 0 0 43 74 0 1 3 667 40 53 0 1 3 667 44 45 0 1 3 667 51 74 0 1 3 667 60 35 1 25 2 75 47 34 0 1 2 175 38 72 0 1 2 175 40 34 0 1 1 25 47 72 0 1 1 25 43 34 0 1 1 35 52 72 0 1 1 35 38
4/4 74 0 1 2 25 38 34 0 1 2 25 42 523 2 275 1 5 47 75 2 75 1 5 49 65 0 1 1 15 60 34 0 1 1 15 48 72 0 1 1 15 44 34 0 1 2 225 55 65 0 1 2 225 70 72 0 1 2 225 49 525 0 1 0 3 76 34 0 1 0 3 58 72 0 1 0 3 52 64 0 1 3 3667 45 223 0 1 3 3667 46
4/4 43 2 275 0 0 59 65 2 125 0 0 67 64 0 1 0 0 45 223 0 1 0 0 46 223 0 1 2 75 51 62 0 1 2 75 44 224 0 1 3 1667 68 223 0 1 3 1667 51 62 0 1 3 1667 47 223 0 1 1 25 53 65 0 1 1 25 68 62 0 1 1 25 41 714 0 1 3 3333 34 24 0 1 3 3333 45 524 0 1 3 3333 49 313 1 5 1 35 47 75 3 333 3 3667 55
4/4 714 0 1 0 0 34 24 0 1 0 0 45 524 0 1 0 0 49 313 1 25 0 0 47 75 3 667 0 0 55 713 0 1 1 5 50 22 0 1 1 5 49 75 0 1 3 1333 62 713 0 1 3 1333 46 23 0 1 3 1333 49 24 0 1 3 1333 57 524 0 1 3 1333 58 715 0 1 3 2333 65 713 0 1 3 2333 46 22 0 1 3 2333 49 74 0 1 3 3333 30 24 0 1 3 3333 42 22 0 1 3 3333 43 45 0 1 3 3333 46 74 0 1 3 3333 49
4/4 74 0 1 0 0 30 24 0 1 0 0 42 22 0 1 0 0 43 45 0 1 0 0 46 74 0 1 0 0 49 73 2 25 3 667 52 14 0 1 1 15 40 74 0 1 1 15 51 23 0 1 1 15 46 44 0 1 1 15 48 45 0 1 1 15 62 14 0 1 1 15 80 24 0 1 1 25 64 24 0 1 1 25 68 22 0 1 1 25 54 12 1 5 1 35 44 36 0 1 3 3667 62 14 0 1 3 3667 60
4/4 35 1 5 0 0 63 12 1 5 0 0 44 36 0 1 0 0 62 14 0 1 0 0 60 53 2 75 1 5 57 15 0 1 1 5 64 35 0 1 1 5 65 35 3 333 0 1 67 34 2 75 3 1333 52 46 0 1 3 1333 64 24 0 1 3 1333 55 45 1 5 2 175 68 36 0 1 2 225 58 14 0 1 2 225 57 53 2 75 2 225 51 35 1 5 3 2667 57 75 0 1 0 3 64 24 0 1 0 3 65 72 2 75 0 3 49 24 1 5 1 35 52
4/4 53 0 1 0 0 49 35 1 5 0 0 57 45 2 25 3 333 63 23 0 1 2 75 51 55 2 25 2 75 72 24 1 5 2 125 67 75 0 1 3 1667 60 55 0 1 3 1667 62 52 0 1 3 1667 49 24 3 333 2 225 53 15 0 1 3 2667 62 54 0 1 3 2667 52 62 0 1 3 2667 49 14 1 5 0 3 57 33 1 5 1 35 49 15 0 1 3 3667 64 54 0 1 3 3667 53
4/4 14 1 5 0 0 63 33 1 5 0 0 49 15 0 1 0 0 64 54 0 1 0 0 53 75 0 1 3 333 65 55 0 1 3 333 57 12 0 1 3 333 51 14 2 25 2 75 62 33 0 1 2 125 51 65 0 1 2 125 58 44 0 1 2 125 53 14 2 25 2 175 57 75 0 1 2 225 63 45 0 1 2 225 55 51 0 1 2 225 51 74 1 5 3 2667 52 33 0 1 0 3 48 34 0 1 0 3 57 45 1 5 1 35 56
4/4 35 0 1 0 0 52 72 0 1 0 0 38 24 1 5 1 5 50 74 0 1 0 1 51 33 0 1 0 1 38 54 2 25 3 1667 52 523 0 1 1 25 39 72 0 1 1 25 42 34 0 1 2 275 46 43 0 1 2 275 50 74 1 5 0 3 57
4/4 64 1 5 0 0 74 73 2 125 1 5 52 64 1 5 0 1 53 522 0 1 0 1 41 33 0 1 0 1 50 524 2 25 2 175 51 42 0 1 3 2667 31 221 0 1 3 2667 35 63 0 1 2 275 25 223 0 1 2 275 39 63 0 1 2 275 49
4/4 42 0 1 0 0 31 221 0 1 0 0 35 63 0 1 0 0 25 223 0 1 0 0 39 63 0 1 0 0 49 74 1 5 0 1 70 714 1 5 0 2 73 313 0 1 0 3 38 223 3 667 0 3 43 314 0 1 2 325 42 64 0 1 2 325 47 223 0 1 2 325 62
4/4 314 0 1 0 0 42 64 0 1 0 0 47 223 0 1 0 0 62 714 3 333 2 25 67 312 0 1 0 1 39 713 0 1 0 1 54 74 2 25 0 2 51 32 2 75 2 325 35 34 0 1 2 325 35 714 0 1 2 325 42 53 0 1 2 325 44
4/4 32 2 25 0 0 35 34 0 1 0 0 35 714 0 1 0 0 42 53 0 1 0 0 44 53 0 1 0 1 44 222 0 1 0 1 48 34 0 1 3 1333 48 54 0 1 3 1333 53 73 0 1 3 1333 68 714 3 333 2 225 73 224 3 333 0 3 62 74 3 667 3 3333 42 714 1 5 1 35 46 63 3 333 3 3667 42 35 3 333 3 3667 55
4/4 74 3 2333 0 0 42 714 2 275 0 0 46 63 3 1333 0 0 42 35 3 4667 0 0 55 73 2 75 3 667 43 713 2 75 1 15 43 34 2 25 1 25 44 524 0 1 1 35 33 73 0 1 1 35 37 34 0 1 1 35 34 72 0 1 1 35 33 523 1 5 1 35 27
4/4 524 0 1 0 0 33 73 0 1 0 0 37 34 0 1 0 0 34 72 0 1 0 0 33 523 1 25 0 0 27 714 1 5 1 15 68 224 1 5 3 2333 73 64 0 1 0 3 39 713 0 1 0 3 38 35 3 667 3 3333 57 43 1 5 1 35 43
4/4 64 0 1 0 0 39 713 0 1 0 0 38 35 3 833 0 0 57 43 3 833 0 0 43 713 2 75 3 333 45 34 2 25 2 125 46 64 2 175 2 225 43 714 0 1 0 3 31 34 0 1 0 3 37 65 0 1 0 3 40
4/4 36 2 125 0 0 68 64 3 917 0 0 43 714 0 1 0 0 31 34 0 1 0 0 37 65 0 2 0 0 40 25 0 1 2 125 57 36 3 333 2 225 49 45 0 1 0 3 30 64 0 1 0 3 33 72 3 667 3 3333 31 46 3 667 3 3333 44
4/4 45 0 1 0 0 30 64 0 1 0 0 33 72 3 583 0 0 31 46 0 4 0 0 44 43 3 667 3 333 39 13 2 25 3 1333 42 34 0 1 2 225 42 44 2 75 2 325 46
4/4 64 2 25 0 0 45 45 0 1 0 0 30 64 0 1 0 0 33 46 3 1583 0 0 44 44 2 25 0 0 46 14 2 225 2 125 41 35 3 1667 3 2333 37 24 2 25 2 375 34
4/4 75 0 4 0 0 20 24 2 575 0 0 34 35 3 83 0 0 37 76 2 375 2 25 26
4/4 75 1 5 0 0 20 76 1 15 0 0 26 24 0 1 2 375 30 64 0 1 2 375 33 54 0 1 2 375 26
4/4 15 0 4 0 0 33 24 0 1 0 0 30 64 0 1 0 0 33 54 0 1 0 0 26 56 1 5 2 125 41 56 1 5 0 2 62 56 1 5 0 3 68
4/4 56 0 1 0 0 66 15 2 1025 0 0 33 46 2 125 0 1 47 56 2 125 0 2 45 16 0 1 0 3 41
4/4 56 0 1 0 0 41 16 0 4 0 0 41 46 2 25 0 1 38 46 3 2333 3 1667 41
4/4 16 3 1667 0 0 41 46 3 2167 0 0 41
4/4 75 0 1 2 75 35 14 0 1 2 75 30 44 0 1 2 75 41 46 3 333 2 175 44 46 3 333 2 275 50 46 3 333 3 3667 58
4/4 75 0 1 0 0 35 14 0 1 0 0 30 44 0 1 0 0 41 46 0 1 1 5 67 36 0 1 1 15 51 46 0 1 3 2333 47 76 3 667 3 3333 36
4/4 76 3 333 0 0 36 46 2 75 3 333 37 46 0 1 3 1667 31 55 0 1 3 1667 42 46 0 1 0 2 38 35 0 1 0 2 40 25 0 1 3 2333 39 36 3 667 3 3333 38
4/4 36 3 2583 0 0 38 15 2 25 2 375 47
4/4 15 3 417 0 0 47 25 3 333 3 333 52 35 0 1 0 1 34 73 0 1 0 1 31 65 0 3 0 1 31 75 2 125 0 1 36 36 3 667 2 125 38 36 3 333 2 225 44 36 3 333 0 3 47
4/4 35 0 1 0 0 34 73 0 1 0 0 31 65 0 4 0 0 31 36 2 75 2 25 47 25 0 1 2 125 39 36 3 1667 3 2333 38
4/4 35 0 1 0 0 34 73 0 1 0 0 31 65 0 1 0 0 31 36 3 583 0 0 38 15 3 667 1 5 41 25 3 333 0 1 52 64 0 1 3 1667 31 55 0 1 3 1667 26 23 0 1 3 1667 25 36 2 75 2 175 39 75 2 225 2 175 40 36 1 5 2 275 46 36 2 25 2 375 39
4/4 64 0 1 0 0 31 55 0 1 0 0 26 23 0 1 0 0 25 36 2 25 0 0 39 75 0 4 0 0 40 36 0 1 2 75 46 25 2 125 2 175 37 36 0 1 0 3 46
4/4 64 0 1 0 0 31 55 0 1 0 0 26 23 0 1 0 0 25 75 0 10 0 0 40 36 1 5 0 0 46 15 3 667 1 15 47 25 3 667 0 2 45 45 0 1 3 2667 35 54 0 1 3 2667 36 13 0 1 3 2667 34 36 3 667 3 2667 47
4/4 36 3 333 0 0 53 45 0 1 0 0 35 54 0 1 0 0 36 13 0 1 0 0 34 36 3 333 0 1 47 36 3 333 0 2 42 36 0 1 0 3 43
4/4 45 0 1 0 0 35 54 0 1 0 0 36 13 0 1 0 0 34 36 2 25 0 0 43 76 2 75 2 25 32 36 1 5 3 2667 40 74 0 1 2 375 15 44 0 1 2 375 21 34 0 1 2 375 23
4/4 65 0 1 0 0 22 74 0 1 0 0 26 74 0 1 0 0 15 44 0 1 0 0 21 34 0 1 0 0 23 46 3 3667 3 333 30
4/4 65 0 1 0 0 22 74 0 1 0 0 26 46 3 1667 0 0 30
4/4
4/4
