4/4 11 0 1 2 25 75 34 0 1 2 75 57 53 0 1 2 75 52 74 0 1 0 1 64 23 0 1 0 1 74 52 2 75 0 1 66 14 3 333 2 175 80 22 2 75 2 175 63 33 0 1 1 25 75 74 2 25 1 25 87 74 0 1 0 3 74 34 0 1 0 3 80 72 0 1 0 3 62 614 3 333 3 3667 80
4/4 11 0 1 2 25 77 53 0 1 2 25 96 614 2 25 2 75 82 13 0 1 2 125 80 44 0 1 2 125 72 614 0 1 2 125 70 21 0 1 2 125 59 14 1 5 1 15 77 72 0 1 2 225 80 73 0 1 2 225 75 614 2 25 2 275 75 43 3 667 2 275 81 74 0 1 3 3333 102 21 0 1 3 3333 58 44 0 1 2 375 72 74 0 1 2 375 51 23 0 1 2 375 71
4/4 32 2 75 0 0 64 45 2 125 0 0 87 44 0 1 0 0 59 74 0 1 0 0 46 23 0 1 0 0 77 72 3 667 2 75 64 43 1 5 3 1333 63 53 0 1 0 2 59 34 0 1 0 2 74 23 0 1 3 2333 65 54 0 1 3 2333 61 73 0 1 3 2333 74 312 2 75 3 2667 58 24 3 1333 3 2667 83 72 3 667 3 3333 59
4/4 22 3 667 0 0 58 24 3 167 0 0 75 72 3 83 0 0 63 53 2 25 3 667 45 14 0 1 3 667 73 73 3 667 3 1333 59 53 2 25 0 2 60 74 1 5 3 2667 66 22 0 1 3 2667 54 312 2 25 3 3333 42 13 0 1 2 375 45 44 0 1 2 375 52 613 0 1 2 375 54
4/4 42 0 1 0 0 60 13 0 1 0 0 49 44 0 1 0 0 48 613 0 1 0 0 41 14 2 175 2 25 67 12 0 1 0 1 40 53 2 25 3 1667 57 613 3 333 1 25 43 522 0 1 1 35 40 22 0 1 1 35 31 612 0 1 1 35 28 23 0 1 2 375 30 524 0 1 2 375 33 613 0 1 2 375 35
4/4 522 0 1 0 0 30 22 0 1 0 0 39 612 0 1 0 0 24 23 0 1 0 0 35 524 0 1 0 0 22 613 0 1 0 0 38 24 2 375 2 25 27
4/4 522 0 1 0 0 37 22 0 1 0 0 32 612 0 1 0 0 36 23 0 1 0 0 24 524 0 1 0 0 32 613 0 1 0 0 44 24 0 1 0 0 33 23 2 25 2 375 39
4/4 52 2 25 0 1 41 74 1 5 0 1 75 73 0 1 2 225 54 21 0 1 2 225 41 23 1 5 3 3333 73
4/4 42 2 25 3 333 50 614 2 125 3 333 62 613 0 1 1 15 41 21 0 1 1 15 60 23 0 1 1 25 62 54 0 1 1 35 64 31 0 1 1 35 47
4/4 53 0 1 3 667 48 71 0 1 3 667 44 54 3 667 2 125 72 44 3 667 3 1667 65 34 3 667 2 225 62 44 0 1 2 275 76 21 2 25 2 275 55 43 0 1 2 375 57 71 0 1 2 375 48
4/4 43 0 1 0 0 52 71 0 1 0 0 39 23 1 5 2 75 53 13 2 125 2 175 74 11 2 25 2 175 48 33 0 1 2 275 59 51 0 1 2 275 48 34 2 25 3 3333 68 54 2 25 2 375 79
4/4 54 3 83 0 0 89 74 2 25 3 333 89 42 1 5 0 1 60 614 3 667 0 1 80 613 0 1 0 2 45 11 0 1 0 2 50 44 1 5 1 25 68 23 3 667 0 3 77 13 1 5 1 35 73
4/4 23 2 225 0 0 80 71 2 25 0 0 43 13 3 167 0 0 71 42 0 1 0 1 47 71 0 1 0 1 54 22 0 1 0 2 58 71 0 1 0 2 71 52 0 1 0 3 54 13 0 1 0 3 63 611 0 1 0 3 53 33 0 1 0 3 60 52 0 1 0 3 65
4/4 613 0 1 3 333 37 21 0 1 3 333 34 23 0 1 3 333 42 12 0 1 3 333 27 522 0 1 3 333 37 23 3 667 2 225 69 74 0 1 2 275 81 52 3 333 2 275 52 73 0 1 2 375 57 21 0 1 2 375 64
4/4 23 0 1 0 1 75 612 2 25 2 175 64 614 2 125 2 175 91 613 0 1 0 3 56 22 0 1 0 3 54 522 0 1 0 3 57
4/4 23 0 1 0 0 79 54 0 1 0 1 77 72 3 667 0 1 62 53 0 1 0 2 67 21 0 1 0 2 55 54 3 667 1 25 79 44 1 5 0 3 87 34 1 5 1 35 71
4/4 44 2 125 0 0 85 711 1 5 0 0 62 22 0 1 0 1 69 51 0 1 0 1 67 23 0 1 0 2 75 52 0 1 0 2 73 13 0 1 0 3 86 11 3 333 0 3 65
4/4 33 3 667 2 25 64 52 0 1 2 25 56 34 3 333 3 667 81 54 3 333 2 125 100 74 3 333 3 1667 90 13 0 1 0 2 69 44 0 1 0 2 59 13 0 1 0 2 81 21 1 5 2 225 61 43 0 1 3 3333 63 12 0 1 3 3333 59 611 0 1 3 3333 43 24 2 25 2 375 81
4/4 614 3 333 3 333 79 44 2 25 0 1 73 13 0 1 2 125 46 23 0 1 2 125 52 51 0 1 2 125 57 54 1 25 1 15 68 22 1 5 1 25 59 613 0 1 3 3667 44 12 0 1 3 3667 55
4/4 54 2 125 0 0 69 52 0 1 2 75 43 73 0 1 2 75 45 23 0 1 2 75 31 22 0 1 2 75 31 52 0 1 2 75 22 24 0 1 0 3 65
4/4 53 2 25 0 0 44 75 0 1 0 0 68 24 2 25 0 0 58 74 0 1 0 1 41 22 0 1 0 1 56 74 0 1 2 225 54 24 0 1 2 225 76 22 0 1 2 225 60 615 2 75 2 325 65 43 2 25 2 325 52
4/4 615 1 5 0 0 69 614 0 1 2 25 62 22 0 1 2 25 53 614 0 1 2 125 67 24 0 1 2 125 60 22 0 1 2 125 55 55 0 1 3 2333 75 33 2 25 3 2333 51 54 0 1 3 3333 40 72 0 1 3 3333 41
4/4 55 3 667 0 0 66 54 0 1 3 333 55 72 0 1 3 333 65 45 3 667 1 5 59 35 3 667 0 1 54 22 2 25 1 15 50 45 2 125 1 15 74 44 0 1 1 25 40 72 0 1 1 25 50 44 0 1 1 35 67 24 0 1 1 35 70 72 0 1 1 35 64
4/4 14 3 1667 1 5 64 12 2 25 1 5 47 34 0 1 1 15 53 52 0 1 1 15 51 35 1 5 0 2 60 55 0 1 1 25 65 53 0 1 1 25 49 33 0 1 1 25 52 75 2 25 0 3 68 615 1 5 1 35 77 43 2 25 1 35 58
4/4 615 1 5 0 0 79 13 0 1 3 667 37 613 0 1 3 667 38 45 2 75 0 1 71 24 1 5 3 1667 67 614 0 1 3 1667 78 12 0 1 3 1667 48 14 3 667 0 2 69 72 2 25 3 2667 60 24 3 1333 3 2667 75 23 0 1 3 3667 57 42 0 1 3 3667 43
4/4 73 0 1 3 667 55 74 0 1 3 667 56 42 0 1 3 667 54 14 3 333 2 125 62 13 0 1 3 1667 53 614 0 1 3 1667 63 22 0 1 3 1667 57 24 0 1 3 1667 64 53 0 1 3 1667 59 524 0 1 2 275 53 13 0 1 2 275 54 614 0 1 2 275 54 24 0 1 2 275 56 21 0 1 2 275 41
4/4 24 3 667 1 5 76 75 0 1 0 1 65 52 0 1 0 1 57 74 0 1 2 225 55 22 0 1 2 225 58 74 0 1 2 325 58 22 0 1 2 325 58 24 2 75 2 325 58
4/4 24 2 25 0 0 73 613 3 333 2 25 67 615 2 125 2 25 80 614 0 1 2 125 45 523 0 1 2 125 52 614 0 1 3 2333 69 24 0 1 3 2333 68 523 0 1 3 2333 52 73 2 25 3 3333 52 55 3 667 3 3333 67
4/4 55 3 333 0 0 65 23 0 1 3 333 61 53 0 1 3 333 56 55 1 5 0 1 60 23 0 1 1 15 49 54 0 1 1 15 43 44 0 1 1 15 59 35 3 333 0 2 64 712 2 25 3 2333 48 45 2 125 1 25 76 23 0 1 1 35 39 52 0 1 1 35 58
4/4 23 0 1 1 5 60 53 0 1 1 5 56 24 0 1 1 5 67 53 0 1 1 5 56 12 2 25 1 15 50 14 2 175 1 15 75 53 0 1 1 25 56 33 0 1 1 25 38 35 1 5 0 3 70 34 0 1 1 35 56 55 0 1 1 35 79 52 0 1 1 35 56
4/4 75 3 333 0 0 81 14 0 1 3 333 60 45 0 1 3 333 71 14 0 1 3 333 75 22 2 25 1 5 45 613 0 1 1 15 58 43 0 1 1 15 53 25 2 25 0 2 58 44 0 1 1 25 65 615 0 1 1 25 59 612 0 1 1 25 47 45 2 25 0 3 68 14 0 1 3 3333 44 24 0 1 3 3333 73 54 0 1 3 3333 50 52 2 25 1 35 52
4/4 14 0 1 0 0 50 24 0 1 0 0 73 54 0 1 0 0 51 22 2 25 3 667 51 13 0 1 3 1667 41 614 0 1 3 1667 46 13 0 1 3 1667 57 53 0 1 2 275 48 74 0 1 2 275 54 23 0 1 2 275 34 54 0 1 2 275 33 23 0 1 2 275 48
4/4 54 2 25 2 75 93 614 2 25 2 125 78 73 0 1 2 175 58 34 0 1 2 175 59 54 0 1 2 175 71 73 0 1 2 175 64 11 0 1 0 2 63 52 1 5 3 2667 65 22 1 5 2 325 78 74 2 25 3 3667 73 33 3 333 3 3667 46
4/4 33 3 167 0 0 56 73 0 1 2 25 66 73 0 1 2 25 85 74 0 1 3 667 63 32 0 1 3 667 55 73 0 1 2 125 57 11 0 1 2 125 49 73 0 1 2 125 86 34 3 1333 2 125 61 52 1 5 2 175 58 22 1 5 2 225 55 33 0 1 3 2667 45 613 0 1 3 2667 72 54 0 1 2 325 83 72 0 1 2 325 52 33 2 25 3 3667 62 614 3 333 3 3667 82
4/4 13 0 3 2 25 57 44 1 35 2 25 70 21 2 75 2 25 62 72 1 5 3 667 45 12 1 5 2 125 66 72 1 5 2 175 55 43 1 5 2 225 55 72 1 5 2 275 55 21 3 667 2 325 42 72 2 25 2 375 35
4/4 72 2 25 0 0 42 12 1 5 2 25 37 23 0 1 2 75 82 71 0 1 2 75 49 34 0 1 3 1333 79 42 0 1 3 1333 54 44 0 1 2 175 75 71 0 1 2 175 39 53 0 1 2 225 69 73 0 1 2 225 55 23 0 1 2 225 64 53 0 1 2 225 78 31 2 75 3 2333 66 71 1 5 0 3 70 32 1 5 1 35 74
4/4 54 2 25 0 0 78 52 3 667 0 0 68 72 1 5 3 333 61 54 2 25 1 5 85 54 2 25 0 1 72 22 1 5 0 1 62 613 0 1 3 1333 66 32 0 1 3 1333 86 53 0 1 3 1333 68 13 3 1333 1 15 73 12 1 5 0 2 71 43 1 5 1 25 64 44 0 1 0 3 87 612 0 1 0 3 57 34 0 1 1 35 93 42 0 1 1 35 68
4/4 12 0 1 0 0 79 43 0 1 0 0 75 43 0 1 1 5 54 613 0 1 1 5 66 22 0 1 1 5 87 71 3 667 3 667 75 42 3 333 2 125 68 72 1 5 3 1667 59 12 1 5 2 225 60 22 1 5 2 275 66 43 2 75 2 325 62 14 0 1 2 375 50 23 0 1 2 375 55 44 0 1 2 375 45 614 0 1 2 375 53 612 0 1 2 375 34
4/4 14 0 1 0 0 48 23 0 1 0 0 38 44 0 1 0 0 49 614 0 1 0 0 49 612 0 1 0 0 31 23 3 667 0 2 93 33 0 1 0 3 60 53 0 1 0 3 64 11 0 1 0 3 58 712 0 1 0 3 75 52 3 333 3 3667 69
4/4 12 1 5 0 0 57 52 3 167 0 0 54 13 0 1 1 5 81 32 0 1 1 5 61 34 0 1 0 1 96 52 0 1 0 1 73 33 0 1 1 15 75 53 0 1 1 15 83 41 0 1 2 225 75 43 0 1 2 225 78 13 2 175 2 225 71 613 0 1 2 225 86 11 1 5 3 2667 65 42 3 667 2 325 83 612 3 333 3 3667 80
4/4 612 3 167 0 0 71 12 0 1 2 25 72 33 0 1 2 25 97 43 2 25 3 667 71 43 2 25 0 1 65 43 0 1 0 1 65 613 0 1 0 1 66 21 0 1 0 1 82 223 0 1 2 125 87 21 0 1 2 125 90 612 1 5 3 1667 61 22 1 5 2 225 78 23 0 1 3 2667 87 42 0 1 3 2667 63 613 2 25 2 325 80 44 3 667 2 325 94 614 3 333 3 3667 78
4/4 23 0 1 0 0 72 44 0 1 0 0 56 613 0 1 0 0 63 51 0 1 2 25 71 13 0 1 2 25 86 21 2 25 2 75 66 52 1 5 2 125 76 72 0 1 2 175 54 73 0 1 2 175 78 14 0 1 2 225 88 44 0 1 2 225 72 23 0 1 2 225 82 614 0 1 2 225 65 21 0 1 2 225 75 43 2 25 2 275 57 23 0 1 2 325 70 54 0 1 2 325 63 74 0 1 2 325 62 23 0 1 2 325 72 312 1 5 3 3333 75 72 2 25 2 375 66
4/4 23 0 1 0 0 61 54 0 1 0 0 58 74 0 1 0 0 77 23 0 1 0 0 70 72 3 417 0 0 64 22 1 5 3 333 61 53 2 25 0 1 49 14 0 1 1 15 70 72 0 1 1 15 58 24 0 1 0 2 73 23 2 25 0 2 51 23 0 1 1 25 39 73 0 1 1 25 48 313 0 1 1 25 36 52 0 1 1 25 48 54 0 1 1 25 66
4/4 44 3 333 2 75 82 54 2 25 3 1333 80 11 0 1 2 175 47 71 0 1 2 175 54 33 0 1 0 2 39 53 0 1 0 2 52 72 0 1 0 2 50 23 2 125 2 225 65
4/4 11 0 1 0 0 31 71 0 1 0 0 36 13 1 5 3 333 71 23 2 325 2 75 67 53 1 25 1 15 57 12 0 1 1 15 35 21 0 1 1 15 29
4/4 53 3 1167 0 0 67 23 2 275 0 0 64 12 0 1 0 0 29 21 0 1 0 0 42 523 3 1333 2 125 38
4/4 23 0 3 3 333 83 74 0 2 3 1667 43 52 2 25 3 1667 32 73 0 1 2 225 50 21 0 1 2 225 55 73 0 1 3 2667 55 21 0 1 3 2667 57 73 0 1 2 325 69 21 0 1 2 325 59 23 2 25 2 375 81 52 2 25 2 375 53
4/4 23 3 417 0 0 82 22 2 25 2 25 61 42 2 25 2 75 71 614 1 15 2 75 80 613 0 1 3 1333 57 21 0 1 3 1333 58 613 0 1 2 175 74 21 0 1 2 175 66 613 0 1 2 225 68 21 0 1 2 225 72 23 0 1 2 275 78 41 0 1 2 275 41 22 3 333 3 3333 79 73 0 1 3 3667 64 23 0 1 3 3667 59 53 0 1 3 3667 84 32 2 25 2 375 65
4/4 73 0 1 0 0 60 23 0 1 0 0 68 53 0 1 0 0 92 72 0 1 1 5 51 52 0 1 1 5 54 53 0 1 0 1 66 71 0 1 0 1 72 54 0 1 3 1333 74 53 0 1 3 1333 78 71 0 1 3 1333 61 32 0 1 0 2 74 43 0 1 0 2 94 34 2 25 3 2333 86 44 0 1 0 3 79 72 0 1 0 3 63 21 2 25 0 3 55 72 0 1 1 35 48 42 0 1 1 35 55
4/4 72 0 1 0 0 46 42 0 1 0 0 60 44 0 1 0 0 71 72 0 1 0 0 80 72 0 1 1 5 58 42 0 1 1 5 73 23 3 667 0 1 89 21 2 25 0 1 51 72 2 25 1 15 70 13 3 1667 0 2 80 11 2 25 0 2 62 52 0 1 3 2667 50 32 0 1 3 2667 55 33 0 1 0 3 77 51 0 1 0 3 66 33 0 1 3 3667 56 51 0 1 3 3667 49 34 0 1 3 3667 77 51 0 1 3 3667 51
4/4 11 0 1 2 25 76 53 0 1 2 25 91 52 0 1 3 667 66 73 0 1 3 667 84 614 3 667 2 125 83 42 3 333 2 125 59 613 0 1 3 1667 61 11 0 1 3 1667 59 613 0 1 2 225 76 11 0 1 2 225 55 613 0 1 3 2667 75 11 0 1 3 2667 63 44 2 75 3 2667 87 23 0 1 2 325 80 41 0 1 2 325 55 13 0 1 3 3667 72 11 0 1 3 3667 59
4/4 43 0 1 0 0 60 73 0 1 0 0 74 22 0 1 0 0 69 71 3 667 2 25 68 42 1 5 3 667 59 12 3 667 2 125 79 22 1 5 3 1667 83 43 3 333 2 225 92 13 3 667 3 2667 85 12 0 1 2 325 54 53 0 1 2 325 68 21 0 1 2 325 63 613 0 1 2 325 67 22 0 1 2 325 64
4/4 613 0 1 0 0 72 22 0 1 0 0 64 523 3 333 3 333 51 21 2 75 3 333 57 24 2 25 0 2 84 74 0 1 1 25 45 23 0 1 1 25 55 52 2 75 3 2667 46 75 2 125 2 275 53 22 1 5 2 325 58 53 2 25 2 375 72
4/4 74 0 1 0 0 46 23 0 1 0 0 52 53 3 417 0 0 70 75 1 5 0 0 51 613 2 75 2 25 78 73 0 1 2 75 76 23 0 1 2 75 87 23 2 25 2 125 78 614 0 1 1 15 77 24 0 1 1 15 47 524 0 1 1 15 67 612 3 667 2 175 64 615 2 125 2 175 81 523 1 5 2 225 67 613 2 25 2 275 79 23 1 5 2 325 75 24 0 1 2 375 86 612 0 1 2 375 79
4/4 24 0 1 0 0 97 612 0 1 0 0 61 523 3 333 3 333 67 54 0 1 3 667 60 74 0 1 3 667 57 24 0 1 3 667 75 54 0 1 3 667 83 72 2 75 2 75 82 53 3 667 3 1333 60 73 2 25 2 175 79 23 0 1 3 2333 76 54 0 1 3 2333 93 73 0 1 2 275 84 44 0 1 2 275 89 53 0 1 3 3333 78 34 0 1 3 3333 92 54 0 1 3 3667 74 714 0 1 3 3667 64 44 0 1 3 3667 80 24 2 25 2 375 76 712 2 25 2 375 68
4/4 54 0 1 0 0 64 714 0 1 0 0 57 44 0 1 0 0 79 24 2 125 0 0 72 712 3 417 0 0 67 53 1 5 3 333 64 713 2 25 2 75 83 23 1 5 3 1333 76 713 1 5 0 2 70 24 2 75 0 2 72 53 3 333 3 2333 72 34 0 1 3 2667 92 54 0 1 3 2667 74 14 0 1 3 2667 71 11 0 1 3 2667 89 53 1 5 1 35 71
4/4 13 1 5 0 0 78 23 3 667 3 333 73 35 2 25 3 333 79 34 0 1 0 1 78 54 0 1 0 1 88 54 0 1 3 1333 79 74 0 1 3 1333 91 14 0 1 2 175 73 45 0 1 2 175 55 14 0 1 2 175 78 615 3 1333 0 2 66 22 0 1 0 2 80 14 0 1 0 2 71 613 1 5 1 25 75 23 1 5 0 3 82 44 1 5 1 35 71 25 2 25 1 35 92
4/4 614 0 1 0 0 66 615 0 1 0 0 80 13 0 1 0 0 69 44 3 167 0 0 65 45 2 25 1 5 82 14 0 1 2 75 55 24 0 1 2 75 78 54 0 1 2 75 79 52 2 75 0 1 73 22 1 5 1 15 53 53 3 333 0 2 63 13 3 667 3 2667 44 14 0 1 2 325 57 614 0 1 2 325 54 22 0 1 2 325 57 54 2 25 2 375 45
4/4 54 0 1 2 25 38 73 0 1 2 25 48 53 0 1 3 333 41 22 0 1 3 333 34 24 0 1 1 5 36 54 0 1 1 5 47 21 2 75 2 325 81
4/4 21 2 25 0 0 89 51 2 75 3 333 79 21 1 5 0 1 78 55 0 1 3 1333 77 53 0 1 3 1333 90 52 1 5 1 15 75 72 0 1 0 2 57 524 0 1 0 2 80 524 0 1 0 2 71 52 0 1 1 25 65 43 0 1 1 25 84 24 0 1 1 25 82 22 0 1 1 25 68 55 0 1 1 25 94 74 0 1 1 25 81 53 0 1 1 25 89 34 0 1 3 3333 72 54 0 1 3 3333 59 34 0 1 3 3333 78 11 0 1 1 35 86 34 0 1 1 35 83
4/4 52 0 1 0 0 66 45 0 1 0 0 89 43 0 1 0 0 85 22 0 1 1 5 77 35 0 1 1 5 83 33 0 1 1 5 65 33 0 1 0 1 63 24 0 1 0 1 63 22 0 1 0 1 66 54 0 1 1 15 75 33 0 1 1 15 89 53 0 1 1 15 62 72 0 1 1 15 81 35 2 125 1 15 87 44 0 1 3 2667 90 41 0 1 3 2667 87 11 2 25 0 3 64 44 0 1 3 3667 74 45 0 1 3 3667 67 614 0 1 3 3667 63 14 0 1 3 3667 67 611 0 1 3 3667 63
4/4 314 0 1 2 25 89 315 0 1 2 25 77 11 0 1 2 25 61 43 0 1 3 667 75 612 0 1 3 667 65 45 0 1 3 667 79 44 0 1 3 667 83 11 0 1 3 667 43 23 0 1 3 1333 65 44 0 1 3 1333 59 74 0 1 3 1333 69 23 0 1 3 1333 60 71 3 667 1 15 84 42 0 1 0 2 63 34 0 1 0 2 68 34 0 1 0 2 87 12 0 1 3 2667 72 23 0 1 3 2667 74 23 0 1 3 2667 81 22 0 1 0 3 64 13 0 1 0 3 74 13 0 1 0 3 81 44 0 1 3 3667 81 24 0 1 3 3667 99 73 0 1 3 3667 70 73 0 1 3 3667 77 42 0 1 3 3667 59 23 3 333 3 3667 86
4/4 44 0 1 0 0 77 24 0 1 0 0 88 73 0 1 0 0 66 23 3 917 0 0 85 31 0 1 3 667 87 53 0 1 3 667 93 71 2 25 0 1 65 52 0 1 3 1667 65 34 0 1 3 1667 76 34 0 1 3 1667 85 23 0 1 0 2 73 24 0 1 0 2 79 71 0 1 0 2 64 22 0 1 3 2667 82 32 0 1 3 2667 71 72 0 1 3 2667 66 35 0 1 3 2667 103 52 0 1 3 2667 56 33 0 1 3 2667 94 13 0 1 1 35 62 34 0 1 1 35 60 54 0 1 1 35 64 611 0 1 1 35 81 13 0 1 1 35 89
4/4 52 0 1 0 0 58 22 0 1 0 0 70 24 2 25 2 25 70 14 0 1 3 667 79 13 0 1 3 667 64 11 0 1 3 667 71 73 0 1 2 125 72 73 0 1 2 125 63 33 3 333 2 125 53 13 0 1 3 1667 72 612 0 1 3 1667 61 53 0 1 3 1667 76 53 0 1 3 1667 65 611 0 1 3 1667 67 14 3 667 2 175 74 21 1 5 3 2667 79 612 3 333 2 325 66 24 0 1 3 3667 79 23 0 1 3 3667 59 21 0 1 3 3667 60
4/4 53 0 1 2 25 62 14 0 1 2 25 89 12 0 1 2 25 73 613 0 1 2 75 70 22 0 1 2 75 51 523 0 1 2 75 61 74 0 1 2 75 92 72 0 1 2 75 74 13 0 1 3 1333 64 13 0 1 3 1333 72 23 0 1 2 175 82 54 0 1 2 175 60 74 0 1 2 175 69 23 0 1 2 175 75 51 2 75 2 175 74 21 1 5 3 2333 57 52 3 667 2 275 81 72 3 667 3 3333 76 22 2 25 2 375 58
4/4 22 3 83 0 0 58 53 3 667 3 333 68 52 2 25 0 1 71 54 0 1 0 2 56 73 0 1 0 2 48 22 0 1 0 2 44 55 0 1 0 2 74 73 0 1 0 2 52 22 0 1 0 2 44 525 1 5 3 2333 69 53 0 1 0 3 59 54 0 1 0 3 65 54 0 1 2 375 60 74 0 1 2 375 54 12 0 1 2 375 56 34 0 1 2 375 87
4/4 54 0 1 0 0 66 74 0 1 0 0 61 12 0 1 0 0 52 34 0 1 0 0 83 45 2 25 3 333 73 53 0 1 2 75 47 33 0 1 2 75 62 35 3 333 2 75 64 24 2 25 3 1333 63 13 2 25 2 175 58 54 3 333 2 175 67 35 0 1 0 2 75 614 0 1 2 275 52 43 0 1 2 275 54 42 0 1 2 275 74 43 0 1 2 275 46 13 0 1 3 3667 57 45 0 1 3 3667 74 612 0 1 3 3667 54
4/4 315 3 333 2 25 73 613 0 1 3 667 65 45 0 1 3 667 69 12 0 1 3 667 55 44 0 1 3 667 78 42 0 1 3 667 54 44 0 1 1 15 71 74 0 1 1 15 63 71 0 1 1 15 73 23 0 1 1 15 84 35 2 25 0 2 80 42 0 1 1 25 52 24 0 1 1 25 72 21 0 1 1 25 57 14 2 25 0 3 75 43 0 1 1 35 71 72 0 1 1 35 60 21 0 1 1 35 52 24 1 5 1 35 83 44 0 1 1 35 60 21 0 1 1 35 58 74 1 5 1 35 63
4/4 24 2 75 0 0 86 74 2 25 0 0 76 32 0 1 1 5 74 53 0 1 1 5 71 72 0 1 3 1333 70 53 0 1 3 1333 52 35 0 1 3 1333 74 54 0 1 3 1333 84 21 0 1 3 1333 53 24 2 25 2 175 86 23 0 1 3 2333 73 33 0 1 3 2333 62 53 0 1 3 2333 74 35 0 1 3 2333 83 73 0 1 3 2333 59 53 0 1 3 2333 68 34 0 1 2 325 72 54 0 1 2 325 61 611 0 1 2 325 55 13 0 1 2 325 79 24 2 25 2 375 68
4/4 32 0 1 2 25 62 12 0 1 2 25 48 13 0 1 2 25 86 74 2 25 3 667 56 53 0 1 2 125 60 33 0 1 2 125 59 34 0 1 2 125 67 11 0 1 2 125 47 14 0 1 2 125 66 54 3 667 2 125 63 21 0 1 2 225 78 22 0 1 2 225 82 23 0 1 0 3 63 523 0 1 0 3 61 614 0 1 2 325 55 612 0 1 2 325 72 523 0 1 2 325 69 24 0 1 2 325 79 21 0 1 2 325 53 14 0 1 3 3667 75 12 0 1 3 3667 83
4/4 613 0 1 2 25 72 74 0 1 2 25 67 73 0 1 2 25 78 523 0 1 2 25 51 21 0 1 2 25 62 614 0 1 3 667 78 612 0 1 3 667 62 51 3 667 2 125 66 54 3 1667 2 125 71 23 2 125 2 125 70 21 3 333 3 1667 48 52 3 333 2 225 55 12 3 667 3 2667 68 22 3 333 0 3 69 53 3 333 3 3667 86
4/4 55 3 1333 0 0 91 13 1 5 0 0 73 53 3 167 0 0 80 23 2 25 1 5 56 54 2 25 0 1 71 14 2 25 1 15 78 24 2 25 0 2 87 45 3 333 1 25 79 53 2 125 2 275 69 54 0 1 2 275 68 714 0 1 2 275 65 23 0 1 2 275 68 24 0 1 2 275 68 54 0 1 2 275 79
4/4 45 0 1 0 0 85 43 0 1 0 0 64 53 2 175 0 0 62 54 1 5 3 333 70 314 0 1 0 1 82 315 0 1 0 1 82 13 0 1 0 1 84 714 0 1 2 175 68 23 0 1 2 175 56 53 0 1 2 175 62 23 0 1 2 175 93 13 0 1 2 275 50 53 0 1 2 275 82 14 0 1 2 275 98 613 0 1 2 275 77 713 0 1 2 375 69 53 0 1 2 375 60 714 0 1 2 375 83 53 0 1 2 375 77
4/4 713 0 1 0 0 58 53 0 1 0 0 67 714 0 1 0 0 84 53 0 1 0 0 66 73 0 1 3 667 67 12 0 1 3 667 60 14 0 1 3 667 94 43 0 1 3 667 69 14 0 1 0 2 70 73 0 1 0 2 63 44 0 1 0 2 55 12 0 1 0 2 56 53 0 1 0 2 59 73 0 1 1 25 64 14 0 1 1 25 82 54 0 1 1 25 59 44 0 1 1 25 62 11 0 1 1 25 49 12 0 1 1 35 58 13 0 1 1 35 51 14 0 1 1 35 65 313 0 1 1 35 54 314 0 1 1 35 56 54 0 1 1 35 62 52 0 1 1 35 40
4/4 13 0 1 3 333 27 54 0 1 3 333 67 314 0 1 3 333 56 14 0 1 3 333 41 16 2 25 3 667 71
4/4 43 3 667 0 3 46 44 0 1 0 3 58 614 0 1 2 375 60 13 0 1 2 375 51 612 0 1 2 375 51
4/4 14 2 25 1 5 64 43 2 25 3 1333 50 24 2 75 3 1333 64 23 0 1 0 2 54 72 0 1 0 2 55 14 1 5 3 2333 80 74 2 25 2 275 61 43 3 333 1 35 51 14 1 5 1 35 65
4/4 14 3 167 0 0 73 13 0 1 3 333 42 612 0 1 3 333 34 74 1 5 3 667 71 614 2 25 0 1 73 43 2 25 2 175 56 74 3 1333 2 175 68 23 0 1 1 25 42 72 0 1 1 25 40 614 1 5 2 275 71 54 2 25 2 325 73
4/4 44 1 5 0 0 73 43 2 25 0 0 56 74 2 25 2 75 76 23 0 1 2 75 38 72 0 1 2 75 56 24 2 25 1 15 79 35 2 75 2 225 77 43 2 25 2 225 42 34 1 5 0 3 46 13 0 1 0 3 50 24 1 5 3 3333 72 14 2 25 2 375 74
4/4 24 3 667 1 5 74 43 2 25 1 5 50 23 0 1 2 125 41 72 0 1 2 125 54 14 1 5 1 15 67 74 2 25 0 2 66 14 3 1333 3 2667 61 313 0 1 3 2667 52 11 0 1 3 2667 54 22 0 1 3 3333 40 42 0 1 3 3333 58
4/4 313 0 1 0 0 54 52 0 1 0 0 59 14 3 917 0 0 57 44 0 1 2 75 63 42 0 1 2 75 50 614 2 25 3 1667 72 13 0 1 3 1667 60 612 0 1 3 1667 53 14 2 25 3 2333 91 45 2 75 0 3 83 53 0 1 0 3 52 73 0 1 2 375 54 22 0 1 2 375 53
4/4 73 0 1 0 0 53 22 0 1 0 0 51 53 2 25 0 0 55 45 2 25 1 5 72 613 0 1 2 125 50 44 0 1 2 125 70 13 0 1 0 2 56 43 0 1 0 2 53 315 2 25 2 225 61 24 2 25 2 275 59 14 3 667 3 3333 74 613 2 25 1 35 38
4/4 14 3 833 0 0 77 44 0 1 2 25 48 12 0 1 2 25 58 44 2 25 0 1 76 23 0 1 1 15 63 44 0 1 1 15 54 73 0 1 1 15 63 72 3 333 3 1667 61 43 2 25 3 2333 64 13 0 1 0 3 56 74 0 1 0 3 68 44 0 1 0 3 66 22 0 1 0 3 61 13 0 1 2 375 59 63 0 1 2 375 52 44 0 1 2 375 47 12 0 1 2 375 39 63 0 1 2 375 69
4/4 54 2 25 3 667 67 44 2 25 3 1333 61 613 2 75 0 2 57 42 2 25 0 2 34 44 0 2 0 2 60 12 1 5 0 3 48 613 3 333 2 325 49 43 0 1 1 35 37 12 0 1 1 35 64
4/4 613 2 25 0 0 59 44 1 5 0 0 69 42 0 1 2 25 45 22 0 1 2 25 35 72 0 1 2 25 61 23 0 1 0 1 46 43 0 1 0 1 54 613 0 1 2 275 60 42 0 1 2 275 61 42 2 125 2 275 40 12 1 5 1 35 59 43 2 25 2 375 67
4/4 12 1 5 0 0 44 42 3 417 0 0 57 43 2 25 0 0 75 613 3 333 2 25 63 43 0 2 1 5 59 42 0 1 0 1 34 72 0 1 0 1 38 22 0 1 0 1 34 52 0 1 0 1 51 73 3 667 2 175 48 12 0 1 2 325 47 42 0 1 2 325 50 41 0 1 1 35 51 612 0 1 1 35 88
4/4 41 0 1 0 0 58 612 0 1 0 0 89 11 1 5 2 25 61 53 1 5 1 5 69 612 0 1 0 1 53 612 0 1 0 1 64 53 2 25 3 1333 57 73 0 1 2 175 61 42 0 1 2 175 56 22 0 1 2 175 38 42 0 1 2 175 48 71 0 1 2 175 44 44 1 5 3 2667 63
4/4 613 0 1 2 25 57 43 3 667 2 25 68 42 1 15 2 25 45 12 2 75 0 1 54 43 3 333 2 125 54 613 3 333 3 1667 56 43 0 2 0 2 45 42 0 1 1 25 44 22 0 1 1 25 36 72 0 1 1 25 38 52 0 1 1 25 48
4/4 41 2 25 0 1 48 43 2 75 0 1 77 613 2 25 3 1667 84 12 0 1 2 175 60 611 0 1 2 175 64 13 0 1 1 25 86 41 0 1 1 25 52 23 2 75 2 325 85 42 3 333 2 325 60
4/4 22 0 1 0 0 47 71 0 1 0 0 46 13 1 5 2 25 75 73 2 25 3 667 67 43 0 1 2 125 67 613 0 1 2 125 68 12 0 1 2 125 81 42 2 25 3 1333 67 612 0 1 0 2 44 11 0 1 0 2 41 73 2 25 3 2333 70 613 2 25 2 275 63 73 1 5 1 35 87 42 3 333 1 35 64
4/4 73 3 833 0 0 86 22 0 1 2 25 48 71 0 1 2 25 62 613 1 5 1 5 76 53 2 25 0 1 77 43 0 1 3 1667 73 41 0 1 3 1667 64 73 0 1 3 2333 86 22 0 1 3 2333 54 71 0 1 3 2333 57 23 2 25 0 3 86 34 2 25 2 375 94 42 2 25 2 375 49
4/4 34 2 75 0 0 88 42 3 83 0 0 55 33 0 1 3 667 59 11 0 1 3 667 58 23 3 667 0 1 72 13 3 333 3 1333 73 43 0 1 0 2 53 73 0 1 0 2 72 42 0 1 0 2 55 22 0 1 0 2 70 22 0 1 2 275 44 71 0 1 2 275 51 13 3 333 2 325 74 73 3 333 3 3667 70
4/4 13 0 1 2 25 60 313 0 1 2 25 61 52 0 1 2 25 59 11 2 25 2 25 70 21 2 25 0 1 79 312 3 333 3 1667 93 41 0 1 1 25 73 41 0 1 1 25 75 43 2 75 1 25 74 12 0 1 2 325 71 613 0 1 2 325 95 611 0 1 2 325 70
4/4 13 3 333 0 0 96 43 0 1 3 333 58 73 0 1 3 333 80 12 0 1 3 333 70 51 2 25 3 667 80 44 2 75 3 667 71 52 0 1 3 1333 61 22 0 1 3 1333 59 71 0 1 3 1333 61 43 0 1 0 2 78 13 0 1 0 2 74 43 0 1 0 2 78 43 0 1 3 2667 70 613 0 1 3 2667 86 13 0 1 3 2667 80 43 0 1 3 2667 81 611 2 25 2 275 92 42 0 1 1 35 58 11 0 1 1 35 64 314 2 25 2 375 88
4/4 42 0 1 0 0 63 11 0 1 0 0 77 23 2 25 2 25 97 13 3 1667 0 1 83 43 0 1 0 1 71 611 2 25 0 1 69 42 0 1 2 175 63 11 0 1 2 175 64 43 2 25 1 25 76 42 3 667 1 25 59 22 0 1 0 3 76 43 0 1 0 3 80 73 0 1 0 3 90 71 0 1 0 3 68
4/4 42 0 1 0 0 65 12 0 1 3 667 64 73 0 1 3 667 74 42 0 1 3 667 50 12 0 1 2 125 66 43 0 1 2 125 52 62 0 1 2 125 75 11 0 1 3 1333 42 61 0 1 3 1333 41 53 2 25 2 225 64 43 2 25 0 3 68 612 0 1 1 35 47 11 0 1 1 35 47 41 2 25 2 375 45 43 2 25 2 375 64
4/4 612 0 1 0 0 45 11 0 1 0 0 61 41 3 1417 0 0 37 43 2 225 0 0 58 11 0 1 3 667 48 612 3 333 0 1 63 12 3 333 3 1333 53 612 2 25 3 1667 57 21 0 1 0 2 45 41 0 1 0 2 41 71 0 1 0 2 60 43 0 1 2 275 54 11 0 1 2 275 46
4/4 613 0 1 1 5 79 42 0 1 1 5 68 42 2 175 1 5 51 12 0 1 2 125 71 43 1 5 1 15 73 613 3 333 0 2 84 43 1 15 3 2333 84 42 0 1 2 275 38 21 0 1 2 275 54 53 0 1 2 275 52 73 3 333 3 3667 49
4/4 42 0 1 0 0 35 21 0 1 0 0 57 13 0 1 0 1 63 43 0 1 0 1 59 41 0 1 2 125 68 613 0 1 2 125 80 11 0 1 0 2 68 53 0 1 0 2 80 614 0 1 2 275 93 611 0 1 2 275 72 54 2 25 2 325 70 41 0 1 1 35 70 23 0 1 1 35 78 74 0 1 1 35 96 43 0 1 1 35 77
4/4 44 0 1 2 25 66 45 0 1 2 25 67 21 0 1 2 25 64 72 2 25 0 1 52 13 3 1333 1 15 62 44 0 1 2 175 53 613 0 1 2 175 67 42 3 667 2 175 68 12 3 333 3 2667 45 613 2 25 3 3333 54
4/4 13 3 1667 0 0 43 14 0 1 0 0 58 24 0 1 2 75 87 35 3 333 3 1667 56 64 0 1 3 2333 38 43 0 1 3 2333 27 14 0 1 3 2333 30 44 0 1 3 2333 40 13 0 1 3 2333 33 42 0 1 3 2333 36
4/4 45 0 1 2 25 68 73 0 1 0 1 48 73 0 1 0 1 58 44 0 1 3 1667 41 55 0 1 3 1667 56 22 0 1 3 1667 50 24 2 25 1 25 74 54 0 1 0 3 51 33 0 1 0 3 46 23 0 1 0 3 35 73 0 1 0 3 37 35 3 667 3 3333 51
4/4 54 0 1 0 0 41 33 0 1 0 0 34 23 0 1 0 0 36 73 0 1 0 0 34 35 3 833 0 0 54 73 0 1 0 2 58 11 0 1 0 2 52 54 0 1 0 2 59 34 0 1 0 2 68 34 0 1 0 2 74 24 3 333 2 275 91 74 1 5 1 35 89
4/4 34 0 1 0 0 51 64 0 1 0 0 55 13 0 1 0 0 87 42 3 333 2 25 65 12 1 5 0 1 64 14 2 175 2 175 80 63 2 25 2 175 49 44 1 15 1 25 71 72 1 5 1 25 51 24 2 75 1 25 71 35 3 667 2 325 77 43 2 25 2 325 57
4/4 23 0 1 0 0 48 44 0 1 0 0 71 54 0 3 2 75 72 32 2 75 2 75 55 72 1 5 1 15 38 53 2 25 3 2333 41 73 2 75 2 325 41 23 3 333 2 325 41
4/4 64 1 5 0 0 79 73 0 1 0 0 34 54 1 5 3 333 87 524 2 25 2 75 85 54 2 25 0 1 72 53 0 1 1 15 54 22 0 1 1 15 53 54 3 2333 3 1667 53 714 2 225 2 175 65 35 0 1 2 175 72 24 2 75 2 325 76
4/4 52 2 75 0 0 65 24 2 75 0 0 77 54 3 167 0 0 62 714 3 417 0 0 65 54 0 1 2 75 77 21 0 1 2 75 53 713 2 25 1 15 77 34 0 2 2 175 67 74 2 125 0 2 85 24 0 1 2 225 67 61 0 1 2 225 58 33 3 333 0 3 61 13 0 1 3 3667 61 14 0 1 3 3667 69 53 0 1 3 3667 59
4/4 13 0 1 0 0 54 14 0 1 0 0 82 53 0 1 0 0 67 34 1 5 1 5 52 63 2 125 1 5 40 24 3 333 2 125 90 35 1 5 0 2 102 44 1 15 1 25 54 74 0 1 1 25 46 44 0 1 1 25 62 24 2 125 2 275 74 72 3 667 2 275 56 43 3 333 3 3667 43
4/4 44 2 25 0 0 53 74 0 1 0 0 61 44 0 1 0 0 74 24 2 25 0 0 78 13 0 1 1 5 32 34 0 1 1 5 61 24 0 1 2 125 49 44 0 1 2 125 59 22 0 1 2 125 37 74 3 333 0 3 60 44 0 1 3 3333 42 53 0 1 3 3333 53 12 0 1 1 35 47 13 0 1 1 35 77
4/4 53 3 333 1 5 42 55 0 1 3 667 50 13 0 1 3 667 58 13 0 1 0 1 54 14 0 1 0 1 54 54 0 1 0 1 67 15 2 175 0 2 69 45 0 1 0 2 46 43 0 1 0 2 47 54 1 5 2 275 55 45 1 5 1 35 63
4/4 45 1 5 0 0 55 315 0 1 3 333 69 11 0 1 3 333 59 14 0 1 0 1 63 53 1 5 2 125 47 23 2 25 2 175 43 315 3 667 2 175 56 55 0 1 3 2667 53 313 0 1 3 2667 40 54 1 5 1 35 52 15 2 25 1 35 56
4/4 54 1 5 0 0 51 56 0 1 1 5 43 13 0 1 1 5 44 16 0 1 1 15 39 314 0 1 1 15 45
