4/4 54 0 1 3 1333 34 74 0 1 3 1333 38 24 0 1 3 1667 42 55 0 1 3 1667 53 25 2 25 3 3667 64
4/4 54 0 1 0 0 34 74 0 1 0 0 38 25 1 5 2 25 67 15 1 5 3 667 64 75 0 1 2 125 46 25 0 1 2 125 51 25 2 25 2 375 65
4/4 25 2 25 0 0 65 24 0 1 2 75 32 614 0 1 2 75 32 44 0 1 2 75 33 45 0 1 2 75 33 615 0 1 2 75 42 46 0 1 2 75 52 15 0 2 0 2 43
4/4 24 0 1 0 0 32 614 0 1 0 0 32 44 0 1 0 0 33 45 0 1 0 0 33 615 0 1 0 0 42 46 0 1 0 0 52 15 0 3 0 0 43
4/4 74 0 1 0 0 37 54 0 1 0 0 42 55 0 1 0 0 52 34 0 1 0 0 37 24 0 1 0 0 33 25 2 25 3 1667 59 25 3 667 2 225 68 15 3 667 3 2667 64 25 2 75 2 325 65
4/4 74 0 1 0 0 37 54 0 1 0 0 42 55 0 1 0 0 52 34 0 1 0 0 37 24 0 1 0 0 33 25 3 917 0 0 65 25 3 333 1 15 74 45 0 1 3 2333 40 15 0 1 3 2333 45 615 0 1 1 25 38 15 0 1 1 25 45 46 0 1 1 25 55 23 1 15 1 25 35 14 3 1333 3 2667 33
4/4 45 0 1 0 0 40 15 0 1 0 0 45 615 0 1 0 0 38 15 0 1 0 0 45 46 0 1 0 0 55 23 0 4 0 0 35 14 0 4 0 0 33 25 1 5 2 325 68
4/4 23 1 5 0 0 35 14 3 1167 0 0 33 46 1 5 3 333 80 75 3 2667 0 1 42 25 0 1 2 125 39 36 0 1 2 125 49 13 0 1 3 1333 50 56 0 1 3 1333 64 54 0 1 1 25 48 56 0 1 1 35 55 24 0 1 1 35 38
4/4 35 0 1 3 667 37 56 0 1 3 667 48 36 0 1 3 667 37 75 0 1 3 667 44 56 2 25 0 3 74 45 2 25 2 375 46
4/4 15 0 1 0 0 54 46 0 1 0 0 64 45 2 125 0 0 46 613 3 667 0 0 48 44 3 2667 3 667 53 14 2 125 2 125 62 45 3 667 3 1667 72 15 2 75 2 225 77 75 0 1 2 325 58 45 0 1 2 325 52 25 0 1 2 325 60 73 2 75 2 325 48
4/4 75 0 1 0 0 58 45 0 1 0 0 52 25 0 1 0 0 60 73 1 5 0 0 48 44 3 1333 3 333 44 24 2 25 1 15 41 34 0 1 1 25 43 63 0 1 1 25 43 14 0 1 3 2667 35 35 0 1 3 2667 39 55 0 1 3 2667 48 15 0 1 0 3 52
4/4 34 0 1 0 0 43 63 0 1 0 0 43 15 2 25 1 5 60 15 3 333 0 1 68 25 2 25 3 1667 63 15 2 175 2 225 64
4/4 15 3 583 0 0 64 55 3 333 3 333 61 523 0 1 2 125 31 614 0 1 2 125 40 23 0 1 2 125 37 24 0 1 1 15 35 615 0 1 1 15 40 25 0 2 2 175 44
4/4 523 0 1 0 0 31 614 0 1 0 0 40 23 0 1 0 0 37 26 2 175 2 125 44 16 2 75 0 3 65 76 1 5 1 35 74
4/4 616 3 667 0 0 76 76 3 167 0 0 74 56 2 175 3 667 60 53 2 75 3 667 49 23 3 333 3 1333 53 74 1 5 0 2 55 26 2 25 3 2333 72 614 1 5 3 2333 56 74 0 1 0 3 65 26 0 1 0 3 84 24 0 1 3 3333 68 16 0 1 3 3333 80
4/4 55 3 667 0 0 59 26 0 1 0 0 80 76 0 1 0 0 74 615 2 75 1 5 55 75 0 1 0 1 57 25 2 25 1 15 62 26 0 1 0 2 80 76 0 1 0 2 68 46 2 125 2 275 52 616 0 1 0 3 58 47 0 1 0 3 68 43 2 75 0 3 54 23 3 333 3 3667 52
4/4 46 2 175 0 0 52 616 2 25 0 0 58 47 2 125 0 0 68 23 3 167 0 0 52 16 3 1333 2 25 68 44 1 5 2 25 56 614 1 5 3 667 48 24 1 5 2 125 54 45 2 75 2 175 50 615 0 1 3 2333 40 76 0 1 3 2333 59 75 0 1 3 2333 43 616 3 333 2 275 55 46 1 5 1 35 51
4/4 46 2 75 0 0 51 25 3 333 3 667 42 75 0 1 1 15 49 25 0 1 1 15 50 33 0 1 1 15 62 56 2 75 2 175 74 73 2 25 3 2333 57 54 3 333 2 275 59 26 0 1 3 3333 72 76 0 1 3 3333 74 74 0 1 3 3333 56 26 0 1 2 375 70 76 0 1 2 375 74 24 0 1 2 375 62
4/4 26 0 1 0 0 70 76 0 1 0 0 74 24 0 1 0 0 62 16 0 1 3 333 65 616 0 1 3 333 70 55 0 1 3 333 52 26 0 1 2 75 72 76 0 1 2 75 72 615 3 667 0 1 49 75 3 1333 1 15 49 25 1 5 0 2 45 26 3 333 3 3667 70
4/4 46 0 3 0 0 53 616 0 1 2 25 54 16 0 1 2 25 64 47 0 1 2 25 67 23 3 667 3 333 57 614 3 667 2 75 51 14 2 25 3 1333 51 45 1 5 0 2 58 615 3 667 1 25 53 25 2 75 0 3 51 46 3 333 3 3667 45
4/4 616 0 1 0 0 54 16 0 1 0 0 64 47 0 1 0 0 67 46 3 417 0 0 45 25 2 25 3 1333 46 25 3 333 0 2 84 46 2 25 3 2333 92 75 0 1 2 275 70 36 0 1 2 275 77 56 0 1 2 275 87 13 3 667 0 3 70 54 1 5 1 35 59
4/4 24 1 5 0 0 68 75 0 1 0 0 70 36 0 1 0 0 77 56 0 1 0 0 87 35 3 667 1 5 67 55 0 1 0 1 57 56 0 1 0 1 74 75 1 5 1 15 55 56 2 25 1 15 58 56 0 1 0 2 67 36 0 1 0 2 62 25 0 1 2 225 62 36 0 1 2 225 62
4/4 56 2 25 3 333 70 45 0 1 2 125 47 15 0 1 2 125 58 46 0 1 2 125 64 613 3 667 1 15 48 44 2 125 0 2 47 14 3 667 1 25 52 45 3 667 0 3 64 15 2 25 3 3667 62
4/4 24 0 1 1 5 38 45 0 1 1 5 36 44 0 1 1 5 38 14 0 1 1 5 44 615 0 1 1 5 42 73 0 1 1 5 37 25 0 1 1 5 46 35 0 1 2 375 62 55 0 1 2 375 65 15 0 1 2 375 74
4/4 13 2 75 0 0 67 35 0 1 0 0 62 55 0 1 0 0 65 15 0 1 0 0 74 54 3 2333 1 5 61 24 1 15 0 1 72 15 2 25 3 1667 68 15 0 1 2 225 70 55 0 1 2 225 74 14 3 333 2 225 37 25 2 25 3 2667 74 35 0 1 2 325 44 15 0 1 2 325 62 14 0 1 2 325 42 44 0 1 2 325 44 55 2 75 2 325 49
4/4 35 0 1 0 0 44 15 0 1 0 0 62 14 0 1 0 0 42 44 0 1 0 0 44 55 1 15 3 333 58 43 2 25 1 15 45 75 2 25 0 2 54 75 0 1 1 25 63 24 0 1 1 25 63 73 2 125 3 2667 47 44 3 333 3 3667 45
4/4 75 0 1 0 0 63 24 0 1 0 0 63 44 0 1 0 0 45 14 2 25 3 667 40 614 0 1 2 175 37 23 0 1 2 175 40 14 0 1 2 175 40 525 0 1 2 175 42
4/4 614 0 1 0 0 37 23 0 1 0 0 40 14 0 1 0 0 40 525 0 1 0 0 42 57 3 1333 0 2 49 54 3 667 0 2 43 24 1 5 3 2667 46 75 3 333 2 325 57 24 0 1 3 3667 57 57 0 1 3 3667 78
4/4 615 0 1 2 25 67 57 0 1 2 25 78 76 0 1 2 25 77 24 3 667 3 667 56 617 0 1 3 667 91 16 0 1 3 667 74 57 0 1 2 125 78 76 0 1 2 125 77 54 1 5 2 125 61 24 3 667 2 175 56 75 1 5 3 2333 60 24 3 333 2 275 54 615 0 1 3 3333 57 57 0 1 3 3333 68 26 0 1 3 3333 68 24 2 25 2 375 51
4/4 16 2 275 2 25 65 47 3 2333 3 333 67 77 2 125 1 5 68 23 1 5 1 5 61 614 3 667 0 1 53 45 1 5 1 15 55 614 3 667 0 2 55 315 0 1 3 2667 54 617 0 1 3 2667 62 614 1 5 2 325 48 46 0 1 1 35 54 616 0 1 1 35 54 26 0 1 1 35 67 23 3 333 3 3667 57
4/4 46 0 1 0 0 54 616 0 1 0 0 54 26 0 1 0 0 67 23 3 167 0 0 57 614 3 667 2 25 48 45 1 5 2 75 48 614 1 5 2 125 48 24 3 333 2 175 47 614 3 333 3 2333 55 36 0 1 3 2667 63 56 0 1 3 2667 60 16 0 1 3 2667 81 13 2 75 2 275 67 54 1 5 1 35 59
4/4 24 1 5 0 0 58 54 3 167 0 0 59 54 3 667 1 5 56 47 0 1 0 1 80 35 0 1 0 1 52 54 2 25 3 1667 49 46 2 125 0 2 56 76 0 1 2 225 60 73 0 1 2 225 63 26 0 1 2 225 74 44 1 5 2 275 65 616 0 1 2 325 78 16 0 1 2 325 80 14 0 1 2 325 59 24 2 25 2 375 74
4/4 24 3 417 0 0 74 26 0 1 3 333 92 45 0 1 3 333 67 76 0 1 3 333 84 75 2 25 2 75 74 616 0 1 2 125 83 617 0 1 2 125 87 23 3 667 1 15 74 614 3 667 0 2 59 24 1 5 3 2667 57 315 0 1 0 3 54 617 0 1 0 3 76 45 0 1 1 35 57 617 0 1 1 35 76
4/4 615 2 25 0 0 67 77 3 667 0 0 68 617 0 1 3 667 71 47 0 1 3 667 68 23 1 5 3 667 56 614 1 5 2 125 54 24 1 5 2 175 52 315 2 25 2 225 47 47 0 1 2 275 72 45 0 1 2 275 50 615 2 25 2 325 61 76 0 1 1 35 59 26 0 1 1 35 58 57 0 1 1 35 66 77 2 25 2 375 75
4/4 54 2 75 0 0 52 76 0 1 0 0 59 26 0 1 0 0 58 57 0 1 0 0 66 77 2 125 0 0 75 24 1 5 1 5 53 55 3 667 0 1 61 615 3 667 1 15 61 617 0 1 0 2 67 75 0 1 0 2 57 26 0 1 0 2 64 25 2 25 3 2667 59 46 0 1 0 3 54 616 0 1 0 3 59 26 0 1 0 3 67 44 2 75 2 325 63 24 3 333 3 3667 59
4/4 46 0 1 0 0 54 616 0 1 0 0 59 26 0 1 0 0 67 24 3 167 0 0 59 45 1 5 2 25 58 615 1 5 2 75 54 25 3 333 2 125 55 26 3 667 3 1333 68 616 3 333 0 2 52 55 0 1 3 2333 36 35 0 1 3 2333 36 75 0 1 3 2333 40 25 0 1 3 2333 45 56 0 1 1 25 39 26 0 1 1 25 50 57 0 1 0 3 48
4/4 55 0 1 0 0 36 35 0 1 0 0 36 75 0 1 0 0 40 25 0 1 0 0 45 57 2 25 1 5 78 47 2 25 0 1 80 37 2 25 1 15 72 75 0 1 0 2 37 45 0 1 0 2 37 24 0 1 0 2 37 15 0 1 0 2 40 46 0 1 0 2 39 76 0 1 0 2 48 16 0 1 0 2 52 47 3 333 3 2333 57 47 0 1 3 3333 30 48 0 1 3 3333 59
4/4 75 0 1 0 0 37 45 0 1 0 0 37 24 0 1 0 0 37 15 0 1 0 0 40 23 0 2 0 2 49 74 0 1 0 3 59 25 0 1 0 3 80 45 0 1 0 3 70
4/4 23 3 667 0 0 49 74 1 5 0 0 59 46 0 1 2 25 84 24 0 1 2 25 57 75 0 1 2 25 80 55 0 1 0 1 58 75 0 1 0 1 55 36 0 1 0 1 72 56 0 1 2 125 77 13 0 1 2 125 70 54 2 25 3 2333 65 75 0 1 2 325 62 36 0 1 2 325 72 55 0 1 2 325 67 35 0 1 2 325 63 24 0 1 2 325 64 76 0 1 2 325 84
4/4 23 0 1 1 5 67 616 0 1 1 5 88 15 0 1 1 5 74 14 0 1 3 1667 43 45 0 1 3 1667 40 615 0 1 3 1667 59 25 0 1 3 1667 59 614 0 1 3 1667 44 46 3 333 2 325 87 55 0 1 3 3667 59 75 0 1 3 3667 60 25 0 1 3 3667 68 56 0 1 3 3667 77 33 2 25 2 375 66
4/4 55 0 1 0 0 59 75 0 1 0 0 60 25 0 1 0 0 68 56 0 1 0 0 77 33 3 417 0 0 66 73 2 25 3 333 56 54 2 25 2 75 51 74 3 333 3 1333 54 24 3 333 0 2 53 55 3 667 3 2333 50 56 0 1 0 3 39 75 0 1 0 3 39 57 0 1 0 3 46
4/4 24 2 25 1 15 68 45 2 25 0 2 84 13 2 75 1 25 68 55 0 1 1 25 84 35 0 1 1 25 77 54 2 75 0 3 67 74 2 25 1 35 74
4/4 24 2 25 0 0 74 55 0 1 0 0 84 35 0 1 0 0 77 75 0 1 3 667 80 74 0 1 3 667 70 35 0 1 3 667 84 55 0 1 3 667 70 54 2 25 0 1 65 14 2 125 1 15 63 45 0 1 3 1667 77 615 0 1 3 1667 76 22 0 1 3 1667 71 613 1 5 2 225 52 24 2 125 2 275 80 44 1 5 2 275 56 614 2 25 2 325 62 44 2 25 2 375 59
4/4 24 3 83 0 0 80 44 2 25 0 0 59 23 0 1 2 25 62 45 0 1 2 25 77 14 0 1 2 75 67 24 0 1 2 75 77 55 0 1 2 75 77 53 3 667 2 75 62 23 3 333 3 1333 53 54 1 5 0 2 54 14 2 75 3 2333 55 24 0 1 0 3 62 55 1 5 1 35 68
4/4 56 0 1 0 0 77 15 0 1 0 0 72 25 0 1 0 0 74 24 2 75 0 0 62 55 2 75 0 0 68 24 1 15 0 1 37 55 3 2333 3 1667 50 15 2 175 2 225 59 615 2 25 3 2667 45 54 0 1 3 3333 42 24 0 1 3 3333 35 75 0 1 3 3333 52
4/4 55 0 2 0 0 50 54 0 1 0 0 42 24 0 1 0 0 35 75 0 1 0 0 52 15 3 1917 0 0 59 22 2 25 0 3 85
4/4 14 0 1 0 0 65 23 0 1 0 0 67 615 0 1 0 0 73 614 0 1 0 0 59 46 0 1 0 0 72 525 0 1 0 0 71 15 0 1 0 0 64 53 2 25 2 325 54 55 2 75 2 325 80
4/4 55 1 5 0 0 80 54 0 1 2 25 52 24 0 1 2 25 43 74 0 1 2 25 46 25 0 1 2 75 74 75 0 1 2 75 77 25 0 1 2 125 84 24 0 1 2 125 62 75 0 1 2 125 87 74 0 1 2 125 48 54 0 1 2 125 49 15 0 1 2 175 70 615 0 1 2 175 71 25 0 1 3 2333 92 75 0 1 3 2333 77 23 2 25 3 2333 62 74 0 1 3 3333 52 24 0 1 3 3333 53 54 0 1 3 3333 51
4/4 74 0 1 0 0 52 24 0 1 0 0 53 54 0 1 0 0 51 55 2 25 2 25 72 25 2 25 2 75 87 15 0 1 2 125 67 46 0 1 2 125 74 615 0 1 2 125 65 44 0 2 2 125 55 15 0 1 2 225 56 45 0 1 2 225 67 615 0 1 2 225 59 614 0 1 2 225 38 14 0 1 2 225 52 614 0 1 3 3333 53 14 0 1 3 3333 54
4/4 13 3 667 2 25 63 76 3 667 3 667 87 614 0 1 2 125 50 44 0 1 2 125 48 616 1 5 2 125 65 14 0 1 2 125 44 44 0 1 2 125 48 56 2 75 3 1667 60 46 2 25 2 225 67 55 2 75 2 325 74 34 3 667 2 325 61
4/4 55 1 5 0 0 74 24 0 1 3 333 53 54 0 1 3 333 47 74 0 1 3 333 48 25 2 25 2 75 77 25 0 1 2 125 84 24 0 1 2 125 58 74 0 1 2 125 51 54 0 1 2 125 50 15 1 5 2 175 84 25 0 1 2 225 84 55 0 1 2 225 74 73 2 25 3 2333 61 54 0 1 3 3333 49 74 0 1 3 3333 46 24 3 667 3 3333 43
4/4 25 0 1 0 0 84 55 0 1 0 0 74 54 0 1 0 0 49 74 0 1 0 0 46 24 3 333 0 0 43 25 0 1 2 75 92 75 0 1 2 75 72 45 0 1 2 125 59 615 0 1 2 125 62 15 0 1 2 125 70 46 0 1 2 125 77 23 1 5 3 1333 54 14 0 1 3 2333 47 614 0 1 3 2333 45 44 0 1 3 2333 48 44 0 1 1 35 65 14 0 1 1 35 61 614 0 1 1 35 54
4/4 45 0 1 0 0 59 615 0 1 0 0 62 15 0 1 0 0 70 46 0 1 0 0 77 613 3 333 1 5 68 614 0 1 1 15 45 14 0 1 1 15 45 44 0 1 1 15 48 45 2 25 0 2 49 25 2 25 1 25 87 46 2 25 0 3 87 75 0 1 1 35 60 25 0 1 1 35 70 36 0 1 1 35 84 56 0 1 1 35 84 13 3 333 3 3667 64
4/4 75 0 1 0 0 60 25 0 1 0 0 70 36 0 1 0 0 84 56 0 1 0 0 84 14 0 1 1 5 52 74 0 1 1 5 47 54 0 1 1 5 51 56 0 1 0 1 68 36 0 1 0 1 70 56 0 1 3 1667 80 14 0 1 3 1667 57 36 0 1 3 1667 74 54 0 1 3 1667 51 74 0 1 3 1667 55 46 0 1 0 2 74 25 0 1 0 2 74 56 0 1 3 2667 72 36 0 1 3 2667 68 34 1 5 3 2667 55 74 0 1 3 3667 36 14 0 1 3 3667 39 54 0 1 3 3667 48
4/4 56 0 1 0 0 72 36 0 1 0 0 68 74 0 1 0 0 36 14 0 1 0 0 39 54 0 1 0 0 48 56 2 25 3 1333 87 46 0 1 2 175 84 613 3 333 2 175 62 15 2 125 0 2 77 14 2 125 2 275 65 44 2 125 2 275 58 45 3 667 3 3333 77 615 0 1 2 375 76 15 0 1 2 375 77
4/4 44 2 25 0 0 58 45 0 1 1 5 56 75 0 1 1 5 77 25 3 2333 2 75 87 73 2 25 2 75 68 24 0 1 2 175 56 44 0 1 2 175 59 74 0 1 0 3 74 23 0 1 0 3 72 35 0 1 2 375 62 55 0 1 2 375 74 15 0 1 2 375 87
4/4 63 2 25 0 0 71 35 0 1 0 0 62 55 0 1 0 0 74 15 0 1 0 0 87 14 0 1 2 75 57 34 0 1 2 75 58 15 0 1 3 1333 77 35 0 1 3 1333 68 55 0 1 3 1333 61 14 0 1 2 175 62 35 0 1 2 175 68 15 0 1 2 175 68 55 0 1 2 175 63 34 0 1 2 175 62 25 2 25 3 2333 77 15 0 1 0 3 74 55 0 1 0 3 64 33 2 25 0 3 55 35 0 1 0 3 68 55 0 1 0 3 64
4/4 14 0 1 0 0 52 34 0 1 0 0 49 35 1 5 3 333 54 15 2 25 1 5 23 55 2 25 0 1 77 523 1 5 0 2 73 615 0 1 0 2 70 24 0 1 0 2 49 25 0 1 0 2 84 23 1 5 1 25 56 524 3 333 0 3 68 614 1 5 3 3333 77
4/4 24 2 25 0 0 88 55 2 25 1 5 98 23 0 1 0 1 63 22 0 1 0 1 61 525 0 1 0 1 84 24 3 333 3 1333 68 614 2 25 3 1667 88 313 0 1 0 2 76 314 0 1 0 2 84 55 0 1 0 2 80 24 3 333 2 225 77 614 2 25 3 2667 98 523 0 1 0 3 64 524 0 1 0 3 77 615 0 1 0 3 88 24 0 1 0 3 63 614 1 5 3 3333 77 24 2 25 2 375 54
4/4 55 0 1 0 0 84 74 0 1 0 0 84 24 0 1 0 0 84 53 0 1 2 25 68 74 0 1 2 25 84 24 0 1 2 25 84 24 0 1 2 125 64 74 0 1 2 125 52 54 0 1 2 125 58 26 0 1 3 1667 84 56 0 1 3 1667 67 25 0 1 3 1667 74 24 0 1 2 225 65 25 0 1 2 225 84 26 0 1 2 225 92 56 0 1 2 225 74 74 0 1 2 225 57 54 0 1 2 225 57 16 2 25 2 275 96 23 3 333 2 325 74 26 0 1 2 325 92 76 0 1 2 325 84 56 0 1 2 325 77 25 0 1 2 325 87
4/4 26 0 1 0 0 92 76 0 1 0 0 84 56 0 1 0 0 77 25 0 1 0 0 87 24 0 1 2 25 63 74 0 1 2 25 59 54 0 1 2 25 59 25 2 25 2 125 84 26 2 25 2 175 84 46 0 1 2 225 63 616 0 1 2 225 68 16 0 1 2 225 87 47 0 1 2 225 87 43 0 1 2 225 71 47 0 1 2 225 87 44 0 1 2 325 59 24 0 1 2 325 58 614 0 1 2 325 55 16 3 667 3 3333 72 46 3 667 3 3333 59
4/4 16 3 667 0 0 72 46 3 833 0 0 59 24 0 1 3 333 64 44 0 1 3 333 62 614 0 1 3 333 55 12 0 1 3 1333 64 13 0 1 3 1333 72 77 1 5 2 175 78 617 1 5 0 2 76 47 2 25 3 2333 72 24 0 1 3 2333 67 614 0 1 3 2333 59 44 0 1 3 2333 52 16 2 25 3 2667 72 76 1 5 0 3 70 616 2 25 3 3333 71 56 2 25 2 375 77
4/4 46 3 333 0 0 87 56 3 83 0 0 77 33 2 25 3 333 74 56 2 75 1 5 96 24 0 1 1 15 62 34 0 1 1 15 58 54 0 1 1 15 61 74 0 1 1 15 56 26 0 1 0 2 77 25 0 1 0 2 77 56 0 1 0 2 67 76 0 1 0 2 68 24 0 1 1 25 70 25 0 1 1 25 87 26 0 1 1 25 87 56 0 1 1 25 70 76 0 1 1 25 72 34 0 1 1 25 58 74 0 1 1 25 57 54 0 1 1 25 58 16 2 25 0 3 92 72 2 25 1 35 74 26 0 1 1 35 92 25 0 1 1 35 84 56 0 1 1 35 74 76 0 1 1 35 74
4/4 26 0 1 0 0 92 25 0 1 0 0 84 56 0 1 0 0 74 76 0 1 0 0 74 24 0 1 1 5 61 34 0 1 1 5 54 54 0 1 1 5 56 74 0 1 1 5 55 25 1 5 1 15 80 26 2 25 0 2 80 46 0 1 3 2333 74 16 0 1 3 2333 87 47 0 1 3 2333 87 76 0 1 1 25 72 22 2 25 1 25 71 14 0 1 1 35 67 74 0 1 1 35 63 23 0 1 1 35 64 44 0 1 1 35 59
4/4 14 0 1 1 5 74 74 0 1 1 5 65 23 0 1 1 5 52 44 0 1 1 5 55 73 1 5 3 1667 76 74 0 1 3 2667 58 44 0 1 3 2667 60 35 3 667 3 2667 58 26 0 1 3 3667 92 25 0 1 3 3667 92 24 3 333 3 3667 49
4/4 74 0 1 0 0 58 44 0 1 0 0 60 24 3 167 0 0 49 47 0 1 2 25 84 46 0 1 2 25 84 56 0 1 1 5 64 16 0 1 1 5 72 37 0 1 1 5 80 13 2 25 2 75 74 57 0 1 2 75 82 54 0 1 2 175 59 35 0 1 2 175 46 14 0 1 2 175 54 56 0 1 2 225 72 57 0 1 2 225 68 16 0 1 2 225 67 37 0 1 2 225 67 35 0 1 2 275 61 56 0 1 2 275 73 57 0 1 2 275 72 37 0 1 2 275 68 14 0 1 2 275 58 54 0 1 2 275 58 16 0 1 2 275 64 47 2 25 2 325 84 57 0 1 2 375 78 16 0 1 2 375 70 56 0 1 2 375 77 37 0 1 2 375 70 34 2 25 2 375 65
4/4 57 0 1 0 0 78 16 0 1 0 0 70 56 0 1 0 0 77 37 0 1 0 0 70 14 0 1 2 75 49 35 0 1 2 75 44 54 0 1 2 75 48 46 0 1 1 25 65 16 0 1 1 25 79 47 0 1 1 25 87 613 3 333 3 2667 73 44 2 25 2 375 67
4/4 45 0 1 3 667 68 15 0 1 3 667 77 16 0 1 3 667 80 46 0 1 3 667 74 614 0 1 3 667 66 14 0 1 3 667 61 25 0 1 1 15 63 26 0 1 1 15 80 76 0 1 1 15 70 46 0 1 3 1667 62 26 0 1 3 1667 80 76 0 1 3 1667 70 73 2 25 2 175 72 74 0 1 2 275 56 45 0 1 2 275 58 24 0 1 2 275 56 44 2 25 2 375 70
4/4 15 0 1 3 667 72 36 0 1 3 667 70 56 0 1 3 667 74 16 0 1 3 667 80 13 2 25 2 75 80 54 0 1 3 1667 70 35 0 1 3 1667 68 14 0 1 3 1667 67 16 0 1 2 225 96 36 0 1 2 225 80 56 0 1 2 225 74 13 0 1 3 2667 70 16 0 1 3 2667 72 56 0 1 3 2667 77 36 0 1 3 2667 84 26 3 333 2 325 87 43 0 1 3 3667 81 16 0 1 3 3667 92 46 0 1 3 3667 77 15 0 1 3 3667 84
4/4 46 0 1 0 0 77 15 0 1 0 0 84 76 3 333 2 25 65 45 0 1 3 667 62 74 0 1 3 667 59 44 0 1 3 667 55 14 0 1 3 667 53 15 0 1 2 75 70 56 0 1 2 75 80 614 2 25 2 175 69 76 2 25 2 225 87 73 1 5 2 275 84 76 0 1 2 275 84 25 0 1 2 275 77 75 0 1 2 275 80 46 0 1 2 275 74 44 2 25 2 325 72 74 2 25 2 375 84
4/4 74 3 417 0 0 84 76 0 1 0 0 84 25 0 1 0 0 77 75 0 1 0 0 80 46 0 1 0 0 74 14 3 667 2 25 88 24 2 25 3 667 88 45 3 333 2 125 93 22 0 1 3 1667 81 23 0 1 3 1667 88 525 0 1 3 1667 84 24 1 5 0 2 80 525 3 333 2 225 59 313 0 1 3 2667 87 314 0 1 3 2667 88 55 3 333 3 2667 93 24 3 333 0 3 93 55 3 333 2 325 93 523 0 1 3 3667 87 524 0 1 3 3667 88 615 0 1 3 3667 97
4/4 24 3 333 0 0 88 615 2 25 3 333 97 55 0 1 2 75 63 75 0 1 2 75 87 56 0 1 2 75 92 25 0 1 2 75 84 53 0 1 2 75 77 54 0 1 2 75 93 54 0 1 0 2 77 24 0 1 0 2 80 74 0 1 0 2 67 56 0 1 1 25 92 75 0 1 1 25 80 25 0 1 1 25 70 24 0 1 0 3 64 56 0 1 0 3 80 74 0 1 0 3 64 25 0 1 0 3 77 75 0 1 0 3 84 54 0 1 0 3 68 616 2 25 3 3333 92 22 0 1 2 375 71 23 0 1 2 375 77
4/4 56 0 1 0 0 101 75 0 1 0 0 80 25 0 1 0 0 80 24 0 1 2 75 80 54 0 1 2 75 74 74 0 1 2 75 68 24 0 1 2 175 84 74 0 1 2 175 70 54 0 1 2 175 68 56 0 1 2 225 92 75 0 1 2 225 87 25 0 1 2 225 74 22 0 1 2 275 71 23 0 1 2 275 84 15 0 1 2 275 92 46 0 1 2 275 87 76 0 1 2 275 84 24 0 1 2 375 80 23 0 1 2 375 70 614 0 1 2 375 64 44 0 1 2 375 65
4/4 24 0 1 3 667 77 614 0 1 3 667 68 23 0 1 3 667 67 616 0 1 3 667 84 615 0 1 3 667 83 25 0 1 3 667 67 613 0 1 3 1667 76 612 0 1 3 1667 73 25 0 1 3 1667 84 615 0 1 3 1667 78 45 0 1 3 1667 84 24 0 1 3 2667 72 614 0 1 3 2667 64 44 0 1 3 2667 65 23 0 1 3 3667 63 45 0 1 3 3667 80 615 0 1 3 3667 78
4/4 12 0 1 1 5 71 13 0 1 1 5 80 15 0 1 1 5 92 35 0 1 1 5 88 55 0 1 1 5 88 13 0 1 1 15 67 14 0 1 1 15 70 54 0 1 1 15 65 46 0 1 3 2667 87 55 0 1 3 2667 84 75 0 1 3 2667 79 72 0 1 3 3667 74 73 0 1 3 3667 88 25 0 1 3 3667 96 45 0 1 3 3667 88 75 0 1 3 3667 87
4/4 25 0 1 0 0 96 45 0 1 0 0 88 75 0 1 0 0 87 74 0 1 3 667 74 44 0 1 3 667 72 15 0 1 3 667 101 45 0 1 3 667 93 74 0 1 3 1667 72 23 0 1 3 1667 77 25 0 1 3 1667 101 45 0 1 3 1667 88 75 0 1 3 1667 74 616 0 1 3 2667 92 15 0 1 3 2667 87 46 0 1 3 2667 74 23 0 1 3 2667 93 22 0 1 3 2667 77 24 0 1 2 375 72 614 0 1 2 375 64 44 0 1 2 375 68
4/4 616 0 1 2 25 84 15 0 1 2 25 77 46 0 1 2 25 65 24 0 1 2 75 72 614 0 1 2 75 64 616 0 1 2 75 92 15 0 1 2 75 77 46 0 1 2 75 68 44 0 1 2 75 55 25 0 1 2 125 92 76 0 1 2 125 87 46 0 1 2 125 77 43 0 1 3 1667 71 44 0 1 3 1667 80 616 0 1 2 175 97 15 0 1 2 175 87 46 0 1 2 175 77 24 0 1 2 275 77 44 0 1 2 275 72 614 0 1 2 275 68 24 0 1 3 3667 74 44 0 1 3 3667 67 614 0 1 3 3667 63 615 0 1 3 3667 97 46 0 1 3 3667 72 25 0 1 3 3667 60
4/4 53 0 1 3 667 77 54 0 1 3 667 88 25 0 1 3 667 87 56 0 1 3 667 80 75 0 1 3 667 92 76 0 1 3 667 92 55 0 1 3 1667 70 54 0 1 3 1667 63 24 0 1 3 1667 61 74 0 1 2 175 65 24 0 1 2 175 61 75 1 5 2 225 87 616 0 1 3 2667 88 25 0 1 3 2667 74 43 0 1 3 3667 64 44 0 1 3 3667 67 25 0 1 3 3667 80 615 0 1 3 3667 76 45 0 1 3 3667 77
4/4 25 0 1 0 0 80 615 0 1 0 0 76 45 0 1 0 0 77 24 0 1 3 667 65 44 0 1 3 667 59 614 0 1 3 667 59 25 0 1 3 1667 84 26 0 1 3 1667 80 56 0 1 1 25 51 76 0 1 1 25 68 26 0 1 1 25 80 57 0 1 1 25 78 34 3 333 3 2667 72 74 0 1 3 3667 58 55 0 1 3 3667 56
4/4 57 3 333 0 0 70 56 2 75 0 0 70 75 0 1 3 667 62 35 0 1 3 667 52 55 0 1 3 667 55 47 3 333 3 667 64 37 2 25 2 125 58 46 0 1 3 1333 58 76 0 1 3 1333 58 23 0 1 3 1333 62 16 0 1 3 1333 68 47 0 1 3 1667 72 74 0 1 1 25 56 45 0 1 1 25 55 46 0 1 1 25 54 76 0 1 1 25 63 76 0 1 3 3667 56 75 0 1 3 3667 52 77 0 1 3 3667 47 24 0 1 3 3667 46
4/4 25 0 1 1 5 48 46 0 1 1 5 51 47 0 1 2 75 40 48 0 1 2 75 47 25 0 1 0 3 84 24 0 1 0 3 77 46 0 1 1 35 87 45 0 1 1 35 84
4/4 13 2 25 0 0 72 56 0 1 0 0 87 75 0 1 0 0 84 55 0 1 0 0 88 36 0 1 0 0 70 54 0 1 0 1 74 35 0 1 0 1 80 14 0 1 0 1 72 36 0 1 0 2 84 76 0 1 0 2 84 75 0 1 0 2 87 616 0 1 0 3 88 15 0 1 0 3 84 23 0 1 0 3 77 46 0 1 0 3 68
4/4 25 0 1 0 0 92 615 0 1 0 0 84 45 0 1 0 0 80 614 0 1 0 0 74 14 0 1 0 0 64 23 2 25 2 75 74 45 0 1 2 125 84 46 0 1 2 125 80 615 0 1 2 125 76 15 0 1 2 125 64 33 2 25 2 175 64 75 0 1 2 175 84 56 0 1 2 175 92 25 0 1 2 175 77 55 0 1 2 175 80 34 0 1 2 275 65 24 0 1 2 275 67 55 0 1 2 275 72 54 0 1 2 275 59 25 0 1 2 275 74 74 0 1 2 275 44 75 0 1 2 375 70 56 0 1 2 375 68 55 0 1 2 375 65 25 0 1 2 375 64
4/4 55 0 1 3 667 43 25 0 1 3 667 56 75 0 1 3 667 52 56 0 1 2 75 37 26 0 1 2 75 64 57 0 1 2 75 66 24 3 333 3 2667 84 45 3 333 2 325 93 74 0 1 3 3667 63 35 0 1 3 3667 72 55 0 1 3 3667 77 12 2 25 2 375 59
4/4 74 0 1 0 0 63 35 0 1 0 0 72 55 0 1 0 0 77 12 2 25 0 0 59 13 2 25 3 667 63 74 0 1 3 1667 65 75 0 1 3 1667 77 35 0 1 3 1667 80 55 0 1 3 1667 70 54 0 1 3 1667 64 22 0 1 3 2667 74 45 0 1 3 2667 74 615 0 1 3 2667 97 14 0 1 3 2667 80 45 0 1 3 2667 74 614 0 1 3 3667 48 24 0 1 3 3667 72 23 0 1 3 3667 48 44 0 1 3 3667 44
4/4 614 0 1 0 0 48 24 0 1 0 0 72 23 0 1 0 0 48 44 0 1 0 0 44 45 3 333 2 125 77 55 0 1 3 1667 88 14 0 1 3 1667 77 24 0 1 3 1667 77 53 3 667 3 1667 64 23 1 5 2 225 52 54 1 5 2 275 57 14 2 75 2 325 70 24 3 333 3 3667 77
4/4 24 3 167 0 0 77 55 3 667 2 25 88 56 0 1 3 667 92 24 0 1 3 667 74 14 0 1 0 1 58 25 0 1 0 1 67 54 0 1 1 15 56 15 0 1 1 15 68 55 2 75 0 2 72 23 2 75 1 25 74 15 2 25 1 25 77 25 0 1 0 3 92 715 0 1 1 35 84 55 0 1 1 35 80 53 1 5 1 35 85
4/4 23 1 5 0 0 70 25 3 333 0 0 92 715 0 1 0 0 84 55 0 1 0 0 80 53 2 25 0 0 85 54 1 5 1 5 84 55 2 25 0 1 88 714 1 5 0 1 84 24 0 1 1 15 98 715 0 1 1 15 97 56 2 25 0 2 101 63 0 1 1 25 89 62 0 1 1 25 89 225 0 1 1 25 84 66 0 1 1 25 84 36 0 1 1 25 80 65 0 1 1 25 87 63 0 1 3 3667 71 64 0 1 3 3667 103
4/4 64 0 1 2 75 70 65 0 1 2 75 84 67 0 1 2 75 91 66 0 1 2 75 96 16 0 1 2 75 88 37 0 1 2 75 84 35 0 1 2 75 68 14 0 1 2 75 71 222 0 1 1 25 83 315 0 1 1 25 80 225 0 1 1 25 78 65 0 1 1 25 64 63 1 5 2 325 54 314 2 25 2 375 77
4/4 66 0 1 2 25 92 64 0 1 2 25 65 224 0 1 3 667 84 66 0 1 3 667 80 64 0 1 2 125 59 526 0 1 2 125 84 65 0 1 3 1667 72 225 0 1 3 1667 73 316 0 1 3 1667 78 66 0 1 3 1667 84 223 0 1 3 1667 80 64 3 333 0 2 59 35 1 5 3 2667 70 315 0 1 0 3 68 65 2 25 3 3667 87
4/4 66 1 5 0 0 87 715 0 1 1 5 73 36 0 1 1 5 57 526 0 1 1 5 76 713 0 1 1 5 77 716 0 1 1 5 84 524 1 5 2 125 71 526 0 1 2 175 84 714 1 5 2 175 71 224 2 25 2 225 64 35 3 667 2 275 74 525 3 667 2 325 77 527 2 25 2 375 87 714 2 25 2 375 71
4/4 714 2 25 0 0 71 35 3 667 2 25 64 317 2 25 2 25 78 525 0 1 2 75 66 37 0 1 2 75 68 225 2 25 2 125 67 226 3 667 2 125 76 716 1 5 2 175 76 36 2 25 2 175 68 526 2 25 3 2333 81 316 0 1 2 275 73 66 0 1 2 275 70 613 0 1 2 275 79 226 0 1 2 275 76 314 1 5 1 35 69
4/4 614 1 5 0 0 80 67 0 1 3 333 86 317 0 1 3 333 81 66 0 1 3 333 80 714 0 1 3 333 68 67 0 1 0 1 62 66 0 1 0 1 80 317 0 1 0 1 76 224 3 667 0 1 64 527 0 1 3 1333 87 315 0 1 3 1333 71 66 0 1 2 175 67 226 0 1 2 175 76 317 0 1 2 175 81 67 0 1 2 175 78 614 3 667 0 2 76 224 3 667 3 2333 64 315 3 667 2 275 69 65 1 5 3 3333 74
4/4 67 0 1 0 0 86 715 0 1 0 0 64 225 2 25 3 333 76 716 0 1 3 667 67 37 0 1 3 667 59 527 0 1 3 667 73 63 0 1 3 667 85 717 0 1 0 1 87 34 3 333 3 1333 68 64 3 667 0 2 80 714 1 5 1 25 71 35 1 5 0 3 74 65 1 5 1 35 70 715 0 1 2 375 58 36 0 1 2 375 53
4/4 526 0 1 0 0 68 716 0 1 0 0 78 65 3 167 0 0 70 715 0 1 0 0 58 36 0 1 0 0 53 63 0 1 0 2 74 66 0 1 0 2 77 716 2 25 3 2667 88 225 0 1 0 3 73 226 0 1 0 3 81 526 0 1 0 3 62 616 0 1 0 3 78 523 3 667 0 3 87 223 3 333 3 3667 64
4/4 64 1 5 0 0 67 223 3 167 0 0 64 614 0 1 1 5 62 225 0 1 1 5 84 226 0 1 1 5 81 616 0 1 1 5 67 224 0 1 0 1 74 226 0 1 0 1 81 616 2 25 2 125 73 525 2 25 1 15 80 226 0 1 0 2 61 225 0 1 0 2 88 526 0 1 0 2 71 616 0 1 0 2 70 524 1 5 0 2 69 224 1 5 1 25 61 65 3 667 0 3 68 615 3 333 3 3667 54
4/4 226 3 333 2 25 84 716 0 1 2 125 76 526 0 1 2 125 73 715 2 175 2 125 81 34 2 75 2 125 70 714 2 75 2 175 66 35 2 25 2 225 74 525 2 25 2 275 84 526 0 1 2 325 97 714 0 1 2 325 63 34 2 25 3 3667 67
4/4 715 0 1 2 25 81 66 0 1 2 25 80 316 0 1 2 25 78 313 2 75 2 25 70 713 1 5 2 75 61 314 2 25 2 125 74 524 2 25 2 175 84 64 2 25 2 225 84 714 2 25 2 275 88 614 0 1 2 325 88 525 0 1 2 325 93 22 0 1 2 325 89 24 0 1 2 325 64 613 2 25 2 375 64
4/4 613 2 25 0 0 64 23 1 5 2 25 77 526 2 25 2 75 84 524 1 5 2 75 69 614 0 1 2 125 71 526 0 1 2 125 81 615 0 1 2 125 84 526 0 1 2 125 81 25 0 1 2 125 49 24 2 125 2 175 84 66 2 25 2 175 80 526 2 175 2 225 88 615 3 1333 2 225 84 23 0 1 2 225 77 25 0 1 2 225 67 524 2 75 2 275 68 614 1 5 2 325 71 24 2 25 2 375 80
4/4 24 3 417 0 0 80 525 2 25 3 333 80 225 1 5 3 333 91 615 2 25 2 75 81 65 0 1 3 1333 74 63 0 1 3 1333 81 66 0 1 3 1333 77 225 0 1 3 1333 73 36 2 125 3 1333 72 34 3 333 2 175 65 64 1 5 3 2333 77 65 0 1 2 275 84 224 0 1 2 275 80 35 3 667 3 3333 74 225 2 25 3 3333 81 36 2 25 2 375 92
4/4 36 1 5 0 0 92 64 0 1 3 333 68 35 0 1 3 333 70 15 0 1 3 333 84 65 3 667 0 1 92 74 0 1 3 1333 80 35 0 1 3 1333 70 225 0 1 3 1333 88 65 0 1 0 2 87 35 0 1 1 25 74 14 0 1 1 25 72 36 3 667 1 25 96 223 3 333 3 3667 86 224 0 1 3 3667 73 315 0 1 3 3667 73 65 0 1 3 3667 67 225 0 1 3 3667 86 65 0 1 3 3667 67
4/4 223 3 333 0 0 86 224 0 1 0 0 73 315 0 1 0 0 73 65 0 1 0 0 67 225 0 1 0 0 86 65 0 1 0 0 67 64 1 5 2 25 62 315 1 5 2 75 77 64 3 667 2 125 59 66 2 25 2 125 80 66 0 1 2 175 70 35 0 1 2 175 77 316 0 1 2 175 78 64 3 667 2 225 62 36 0 1 2 225 74 526 0 1 2 225 84 225 0 1 2 275 78 66 0 1 2 275 72 316 0 1 2 275 70 223 3 667 2 275 77 64 1 5 3 3333 61 315 2 25 2 375 71
4/4 225 0 1 0 0 78 66 0 1 0 0 72 316 0 1 0 0 70 315 2 25 0 0 71 64 0 1 2 25 52 225 0 1 2 25 76 35 0 1 2 75 70 66 0 1 2 75 84 225 0 1 2 125 78 64 0 1 2 125 61 715 3 2333 3 1667 78 36 0 1 2 175 57 526 0 1 2 175 73 716 0 1 2 175 78 713 0 1 2 175 77 526 0 1 2 175 73 716 0 1 2 175 78 524 1 5 3 2333 64 35 3 333 0 3 63 526 0 1 0 3 84 524 1 5 3 3333 62
4/4 224 3 333 0 0 68 715 3 917 0 0 78 526 2 125 0 0 84 524 1 5 3 333 66 713 0 1 2 75 69 316 0 1 2 75 76 524 0 1 3 1333 66 36 0 1 3 1333 74 35 3 333 0 2 58 225 3 667 0 2 76 524 1 5 3 2333 62 715 0 1 0 3 84 224 0 1 0 3 64 524 2 25 1 35 64 315 0 1 2 375 69 65 0 1 2 375 56 225 0 1 2 375 76 613 0 1 2 375 68
4/4 315 0 1 0 0 69 65 0 1 0 0 56 225 0 1 0 0 76 613 0 1 0 0 68 314 1 5 1 5 63 714 1 5 0 1 69 66 2 25 1 15 80 314 1 5 1 15 62 66 0 1 0 2 67 65 0 1 0 2 80 316 0 1 0 2 76 224 0 1 0 2 63 526 0 1 1 25 78 314 0 1 1 25 62 66 0 1 0 3 77 65 0 1 0 3 72 225 0 1 0 3 70 316 0 1 0 3 71 613 3 667 0 3 68 314 3 333 3 3667 66
4/4 714 3 333 0 0 74 66 0 1 0 0 77 65 0 1 0 0 72 225 0 1 0 0 70 316 0 1 0 0 71 314 3 167 0 0 66 314 1 5 3 667 62 66 2 75 0 1 87 224 3 333 2 125 69 314 3 333 3 1667 64 715 0 1 0 2 59 526 0 1 0 2 71 36 0 1 0 2 55 526 0 1 0 2 71 716 0 1 0 2 84 63 3 667 2 225 74 34 1 5 3 2667 62 714 1 5 2 325 69 34 2 25 2 375 64
4/4 715 0 1 0 0 59 526 0 1 0 0 71 36 0 1 0 0 55 526 0 1 0 0 71 716 0 1 0 0 84 34 2 25 0 0 64 64 1 5 2 25 68 34 1 5 2 75 77 63 3 667 2 125 77 34 1 5 2 175 72 65 0 1 2 225 80 66 0 1 2 225 92 714 1 5 2 225 80 34 1 5 2 275 61 715 0 1 2 325 71 716 0 1 2 325 84 64 1 5 3 3333 72 34 2 25 2 375 64
4/4 225 0 1 2 25 70 316 0 1 2 25 68 616 0 1 3 333 71 226 0 1 3 333 88 523 3 667 3 333 68 223 1 5 0 1 66 64 1 5 3 1333 67 223 1 5 0 2 66 226 3 333 0 2 84 226 0 1 3 2333 73 614 0 1 3 2333 68 225 0 1 3 2333 78 316 0 1 3 2333 67 223 0 1 0 3 66 716 0 1 0 3 81 225 0 1 1 35 73 226 0 1 1 35 81 316 0 1 1 35 67 616 0 1 1 35 61 523 1 5 1 35 70
4/4 223 1 5 0 0 61 225 0 1 0 0 73 226 0 1 0 0 81 316 0 1 0 0 67 616 0 1 0 0 61 523 3 167 0 0 70 64 1 5 1 5 57 614 1 5 0 1 56 226 0 1 1 15 78 224 0 1 1 15 58 315 0 1 0 2 64 225 0 1 0 2 73 715 3 1667 3 2333 67 526 1 15 1 25 78 716 3 1333 3 2667 81 33 1 5 3 2667 64 34 1 5 2 325 56 524 3 333 3 3667 61
4/4 715 3 667 0 0 67 716 3 417 0 0 81 524 3 167 0 0 61 714 2 75 2 25 66 35 2 25 2 75 65 526 1 5 2 75 84 715 2 275 2 125 88 316 2 225 2 175 73 66 2 225 2 175 72 313 3 667 2 175 79 713 1 5 2 225 59 64 1 5 2 275 55 714 3 667 2 325 57 315 2 25 2 375 62
4/4 316 2 25 0 0 73 66 1 5 0 0 72 315 3 417 0 0 62 715 3 667 3 333 78 615 0 1 3 667 65 225 0 1 3 667 65 526 0 1 3 667 78 524 2 75 2 75 71 224 3 667 3 1333 58 65 3 333 2 175 64 526 2 25 3 2333 84 224 3 667 3 2333 54 526 0 1 2 275 65 615 0 1 2 275 73 225 0 1 2 275 64 524 0 1 2 275 55 66 2 25 3 3333 70
4/4 526 0 1 0 0 68 715 0 1 0 0 71 713 0 1 0 0 63 36 0 1 0 0 64 524 1 5 3 333 58 224 2 25 0 1 49 225 3 1333 0 1 70 35 1 5 1 15 49 525 2 25 0 2 53 316 2 25 1 25 70 314 3 667 0 3 63 316 0 1 0 3 67 65 0 1 0 3 68 714 1 5 1 35 52
4/4 525 1 5 0 0 61 316 0 1 0 0 67 714 2 125 0 0 52 65 2 75 1 5 62 34 2 25 2 125 48 715 1 5 2 125 64 225 1 5 3 1667 59 223 0 1 2 225 40 714 0 1 2 225 39 65 0 1 2 225 47 315 0 1 2 225 45 65 0 1 2 225 47 36 2 125 2 225 56 225 3 667 3 3333 46
4/4 223 0 1 0 0 40 714 0 1 0 0 39 65 0 1 0 0 47 315 0 1 0 0 45 65 0 1 0 0 47 225 3 583 0 0 46 614 0 1 1 15 61 224 0 1 1 15 62 523 0 1 1 15 70 525 0 1 1 15 74 223 3 667 0 2 51 64 2 25 3 2667 56 525 2 25 2 325 69 614 1 5 2 325 53 525 3 333 3 3667 84
4/4 65 2 25 2 25 72 525 2 175 2 75 62 714 0 1 2 75 61 35 0 1 2 75 56 524 0 1 2 75 44 713 0 1 2 75 46 224 2 75 0 2 61 315 2 25 1 35 58
4/4 315 0 1 0 0 69 64 0 1 0 0 64 313 0 1 0 0 55 64 0 1 0 0 64 713 2 25 1 5 48 64 3 667 0 1 46 714 1 5 3 1667 46 315 2 75 2 225 55 65 2 25 2 275 48 317 0 1 3 3333 65 223 0 1 3 3333 55 316 3 667 3 3333 62
4/4 64 2 25 0 0 52 316 3 333 0 0 62 37 2 125 1 5 67 35 1 5 1 5 51 315 3 333 0 1 45 65 0 1 3 1667 48 716 0 1 3 1667 58 715 2 25 2 225 46 525 0 1 2 275 36 225 0 1 2 275 41 526 0 1 0 3 41 616 0 1 0 3 41 226 0 1 0 3 45 527 3 667 3 3333 57
4/4 525 0 1 0 0 36 225 0 1 0 0 41 527 3 583 0 0 57 527 2 25 0 1 61 527 3 667 3 1667 71 67 1 5 2 225 61 527 0 1 2 275 50 526 0 1 2 275 37 715 0 1 2 275 42 716 2 75 0 3 45 37 0 1 0 3 49
4/4 527 0 1 0 0 50 526 0 1 0 0 37 715 0 1 0 0 42 226 0 1 2 25 45 317 3 667 2 225 81 316 0 1 2 275 65 317 0 1 2 275 65 613 2 75 0 3 52 314 1 5 1 35 46
4/4 67 2 125 2 25 63 614 1 5 2 25 48 714 3 667 2 75 49 224 1 5 3 1333 50 67 2 25 0 2 61 315 1 5 0 2 45 67 1 15 1 25 62 65 3 667 3 2667 48 715 2 75 2 325 46
4/4 225 0 1 0 0 42 67 2 75 0 0 62 316 3 667 2 75 32 527 0 1 2 75 50 66 1 25 1 15 43 67 3 333 1 15 50 616 0 1 1 25 37 227 0 1 1 25 44 67 0 1 2 375 36 226 0 1 2 375 30 716 0 1 2 375 27
4/4 66 0 1 0 0 43 616 0 1 0 0 37 227 0 1 0 0 44 67 0 1 0 0 36 226 0 1 0 0 30 716 0 1 0 0 27
