4/4 13 0 1 2 25 72 36 0 1 2 75 52 56 0 1 2 75 55 76 0 1 0 1 57 26 0 1 0 1 68 54 2 75 0 1 58 16 3 333 2 175 84 24 2 75 2 175 65 35 0 1 1 25 68 76 2 25 1 25 80 76 0 1 0 3 80 36 0 1 0 3 80 75 0 1 0 3 70 616 3 333 3 3667 88
4/4 13 0 1 2 25 70 56 0 1 2 25 87 616 2 25 2 75 84 15 0 1 2 125 70 46 0 1 2 125 63 616 0 1 2 125 73 23 0 1 2 125 68 16 1 5 1 15 80 74 0 1 2 225 72 76 0 1 2 225 80 616 2 25 2 275 84 45 3 667 2 275 77 76 0 1 3 3333 92 24 0 1 3 3333 67 46 0 1 2 375 65 76 0 1 2 375 44 26 0 1 2 375 70
4/4 34 2 75 0 0 68 47 2 125 0 0 80 46 0 1 0 0 65 76 0 1 0 0 44 26 0 1 0 0 70 74 3 667 2 75 65 45 1 5 3 1333 62 55 0 1 0 2 58 37 0 1 0 2 77 25 0 1 3 2333 57 56 0 1 3 2333 57 76 0 1 3 2333 65 314 2 75 3 2667 59 26 3 1333 3 2667 74 74 3 667 3 3333 59
4/4 24 3 667 0 0 57 26 3 167 0 0 74 74 3 83 0 0 59 55 2 25 3 667 49 16 0 1 3 667 80 75 3 667 3 1333 56 55 2 25 0 2 52 76 1 5 3 2667 67 24 0 1 3 2667 48 314 2 25 3 3333 46 15 0 1 2 375 40 46 0 1 2 375 46 616 0 1 2 375 49
4/4 44 0 1 0 0 54 15 0 1 0 0 40 46 0 1 0 0 46 616 0 1 0 0 49 16 2 175 2 25 59 14 0 1 0 1 49 55 2 25 3 1667 52 615 3 333 1 25 46 524 0 1 1 35 35 24 0 1 1 35 35 615 0 1 1 35 33 25 0 1 2 375 27 526 0 1 2 375 30 616 0 1 2 375 35
4/4 524 0 1 0 0 35 24 0 1 0 0 35 615 0 1 0 0 33 25 0 1 0 0 27 526 0 1 0 0 30 616 0 1 0 0 35 26 2 375 2 25 36
4/4 524 0 1 0 0 35 24 0 1 0 0 35 615 0 1 0 0 33 25 0 1 0 0 27 526 0 1 0 0 30 616 0 1 0 0 35 26 0 1 0 0 36 25 2 25 2 375 47
4/4 54 2 25 0 1 46 76 1 5 0 1 67 75 0 1 2 225 54 24 0 1 2 225 44 25 1 5 3 3333 65
4/4 44 2 25 3 333 52 616 2 125 3 333 65 615 0 1 1 15 49 24 0 1 1 15 54 25 0 1 1 25 68 56 0 1 1 35 67 34 0 1 1 35 55
4/4 55 0 1 3 667 54 74 0 1 3 667 52 56 3 667 2 125 70 46 3 667 3 1667 74 36 3 667 2 225 70 46 0 1 2 275 70 23 2 25 2 275 53 45 0 1 2 375 47 74 0 1 2 375 48
4/4 45 0 1 0 0 47 74 0 1 0 0 48 25 1 5 2 75 63 15 2 125 2 175 72 13 2 25 2 175 53 35 0 1 2 275 54 54 0 1 2 275 56 36 2 25 3 3333 77 56 2 25 2 375 87
4/4 56 3 83 0 0 87 76 2 25 3 333 84 44 1 5 0 1 59 616 3 667 0 1 76 615 0 1 0 2 51 14 0 1 0 2 49 46 1 5 1 25 70 25 3 667 0 3 67 15 1 5 1 35 64
4/4 25 2 225 0 0 72 73 2 25 0 0 49 15 3 167 0 0 64 44 0 1 0 1 47 74 0 1 0 1 49 24 0 1 0 2 57 74 0 1 0 2 61 54 0 1 0 3 52 15 0 1 0 3 56 613 0 1 0 3 46 35 0 1 0 3 56 55 0 1 0 3 56
4/4 615 0 1 3 333 44 23 0 1 3 333 38 25 0 1 3 333 49 14 0 1 3 333 37 525 0 1 3 333 43 25 3 667 2 225 72 76 0 1 2 275 77 54 3 333 2 275 52 75 0 1 2 375 57 24 0 1 2 375 56
4/4 25 0 1 0 1 72 614 2 25 2 175 55 616 2 125 2 175 84 615 0 1 0 3 59 24 0 1 0 3 56 525 0 1 0 3 49
4/4 25 0 1 0 0 80 56 0 1 0 1 87 74 3 667 0 1 59 55 0 1 0 2 65 24 0 1 0 2 65 56 3 667 1 25 84 46 1 5 0 3 80 36 1 5 1 35 74
4/4 46 2 125 0 0 80 713 1 5 0 0 63 24 0 1 0 1 61 54 0 1 0 1 58 25 0 1 0 2 77 55 0 1 0 2 68 15 0 1 0 3 84 13 3 333 0 3 63
4/4 35 3 667 2 25 62 54 0 1 2 25 57 36 3 333 3 667 87 56 3 333 2 125 92 76 3 333 3 1667 87 15 0 1 0 2 62 46 0 1 0 2 63 16 0 1 0 2 84 23 1 5 2 225 63 45 0 1 3 3333 55 14 0 1 3 3333 51 614 0 1 3 3333 51 26 2 25 2 375 72
4/4 616 3 333 3 333 71 46 2 25 0 1 64 15 0 1 2 125 47 25 0 1 2 125 59 54 0 1 2 125 48 56 1 25 1 15 59 24 1 5 1 25 51 615 0 1 3 3667 42 15 0 1 3 3667 48
4/4 56 2 125 0 0 59 54 0 1 2 75 38 75 0 1 2 75 39 25 0 1 2 75 41 24 0 1 2 75 36 55 0 1 2 75 32 26 0 1 0 3 65
4/4 55 2 25 0 0 43 77 0 1 0 0 70 26 2 25 0 0 65 76 0 1 0 1 51 25 0 1 0 1 51 76 0 1 2 225 53 26 0 1 2 225 67 25 0 1 2 225 53 617 2 75 2 325 73 45 2 25 2 325 53
4/4 617 1 5 0 0 73 616 0 1 2 25 52 25 0 1 2 25 48 616 0 1 2 125 57 26 0 1 2 125 70 25 0 1 2 125 56 57 0 1 3 2333 66 35 2 25 3 2333 52 56 0 1 3 3333 49 75 0 1 3 3333 48
4/4 57 3 667 0 0 65 56 0 1 3 333 62 75 0 1 3 333 57 47 3 667 1 5 64 37 3 667 0 1 64 24 2 25 1 15 52 47 2 125 1 15 65 46 0 1 1 25 49 75 0 1 1 25 48 46 0 1 1 35 59 26 0 1 1 35 70 75 0 1 1 35 54
4/4 16 3 1667 1 5 70 14 2 25 1 5 46 36 0 1 1 15 50 55 0 1 1 15 50 37 1 5 0 2 70 57 0 1 1 25 68 55 0 1 1 25 52 36 0 1 1 25 53 77 2 25 0 3 65 617 1 5 1 35 73 45 2 25 1 35 53
4/4 617 1 5 0 0 73 15 0 1 3 667 47 616 0 1 3 667 48 47 2 75 0 1 65 26 1 5 3 1667 68 616 0 1 3 1667 68 15 0 1 3 1667 55 16 3 667 0 2 77 74 2 25 3 2667 55 26 3 1333 3 2667 77 25 0 1 3 3667 51 45 0 1 3 3667 50
4/4 75 0 1 3 667 51 76 0 1 3 667 65 45 0 1 3 667 53 16 3 333 2 125 68 15 0 1 3 1667 54 616 0 1 3 1667 62 24 0 1 3 1667 52 26 0 1 3 1667 62 56 0 1 3 1667 63 526 0 1 2 275 50 15 0 1 2 275 47 616 0 1 2 275 46 26 0 1 2 275 51 24 0 1 2 275 46
4/4 26 3 667 1 5 84 77 0 1 0 1 72 55 0 1 0 1 49 76 0 1 2 225 51 25 0 1 2 225 54 76 0 1 2 325 56 25 0 1 2 325 51 26 2 75 2 325 68
4/4 26 2 25 0 0 68 615 3 333 2 25 58 617 2 125 2 25 79 616 0 1 2 125 53 526 0 1 2 125 46 616 0 1 3 2333 59 26 0 1 3 2333 74 526 0 1 3 2333 54 75 2 25 3 3333 50 57 3 667 3 3333 68
4/4 57 3 333 0 0 68 25 0 1 3 333 52 56 0 1 3 333 55 57 1 5 0 1 70 25 0 1 1 15 55 56 0 1 1 15 50 47 0 1 1 15 63 37 3 333 0 2 70 714 2 25 3 2333 54 47 2 125 1 25 74 25 0 1 1 35 49 55 0 1 1 35 49
4/4 25 0 1 1 5 59 55 0 1 1 5 46 26 0 1 1 5 67 56 0 1 1 5 63 14 2 25 1 15 55 16 2 175 1 15 72 55 0 1 1 25 53 36 0 1 1 25 30 37 1 5 0 3 80 36 0 1 1 35 60 57 0 1 1 35 78 55 0 1 1 35 56
4/4 77 3 333 0 0 78 16 0 1 3 333 59 47 0 1 3 333 63 17 0 1 3 333 72 24 2 25 1 5 54 615 0 1 1 15 48 46 0 1 1 15 51 27 2 25 0 2 66 46 0 1 1 25 57 617 0 1 1 25 67 615 0 1 1 25 55 47 2 25 0 3 60 16 0 1 3 3333 51 26 0 1 3 3333 63 57 0 1 3 3333 59 54 2 25 1 35 52
4/4 16 0 1 0 0 51 26 0 1 0 0 63 57 0 1 0 0 59 24 2 25 3 667 52 15 0 1 3 1667 48 616 0 1 3 1667 50 16 0 1 3 1667 57 55 0 1 2 275 38 76 0 1 2 275 44 25 0 1 2 275 38 56 0 1 2 275 39 26 0 1 2 275 44
4/4 56 2 25 2 75 87 616 2 25 2 125 87 75 0 1 2 175 64 36 0 1 2 175 62 56 0 1 2 175 67 76 0 1 2 175 74 13 0 1 0 2 62 54 1 5 3 2667 67 24 1 5 2 325 70 76 2 25 3 3667 77 35 3 333 3 3667 52
4/4 35 3 167 0 0 52 75 0 1 2 25 58 76 0 1 2 25 80 76 0 1 3 667 65 35 0 1 3 667 49 75 0 1 2 125 58 13 0 1 2 125 58 76 0 1 2 125 77 36 3 1333 2 125 63 54 1 5 2 175 54 24 1 5 2 225 61 35 0 1 3 2667 54 616 0 1 3 2667 81 56 0 1 2 325 85 75 0 1 2 325 61 35 2 25 3 3667 52 616 3 333 3 3667 85
4/4 15 0 3 2 25 61 46 1 35 2 25 73 23 2 75 2 25 54 74 1 5 3 667 49 14 1 5 2 125 64 74 1 5 2 175 58 45 1 5 2 225 64 74 1 5 2 275 54 23 3 667 2 325 49 74 2 25 2 375 40
4/4 74 2 25 0 0 40 14 1 5 2 25 41 25 0 1 2 75 78 74 0 1 2 75 47 36 0 1 3 1333 78 45 0 1 3 1333 47 46 0 1 2 175 75 74 0 1 2 175 47 55 0 1 2 225 63 75 0 1 2 225 62 25 0 1 2 225 68 56 0 1 2 225 71 33 2 75 3 2333 71 73 1 5 0 3 68 34 1 5 1 35 67
4/4 56 2 25 0 0 71 54 3 667 0 0 67 74 1 5 3 333 70 56 2 25 1 5 83 56 2 25 0 1 75 24 1 5 0 1 72 615 0 1 3 1333 71 34 0 1 3 1333 79 56 0 1 3 1333 68 15 3 1333 1 15 65 14 1 5 0 2 64 45 1 5 1 25 67 46 0 1 0 3 78 615 0 1 0 3 65 36 0 1 1 35 87 45 0 1 1 35 64
4/4 14 0 1 0 0 70 46 0 1 0 0 78 45 0 1 1 5 64 615 0 1 1 5 68 25 0 1 1 5 78 73 3 667 3 667 77 44 3 333 2 125 65 74 1 5 3 1667 67 14 1 5 2 225 62 24 1 5 2 275 62 45 2 75 2 325 54 16 0 1 2 375 53 25 0 1 2 375 46 46 0 1 2 375 47 616 0 1 2 375 49 615 0 1 2 375 38
4/4 16 0 1 0 0 53 25 0 1 0 0 46 46 0 1 0 0 47 616 0 1 0 0 49 615 0 1 0 0 38 25 3 667 0 2 87 35 0 1 0 3 62 55 0 1 0 3 65 13 0 1 0 3 65 715 0 1 0 3 78 54 3 333 3 3667 64
4/4 14 1 5 0 0 64 54 3 167 0 0 64 15 0 1 1 5 87 35 0 1 1 5 52 36 0 1 0 1 92 55 0 1 0 1 70 35 0 1 1 15 65 56 0 1 1 15 92 43 0 1 2 225 74 46 0 1 2 225 80 15 2 175 2 225 72 615 0 1 2 225 76 13 1 5 3 2667 67 44 3 667 2 325 77 614 3 333 3 3667 77
4/4 614 3 167 0 0 77 14 0 1 2 25 74 36 0 1 2 25 96 45 2 25 3 667 70 45 2 25 0 1 58 45 0 1 0 1 67 615 0 1 0 1 76 23 0 1 0 1 80 225 0 1 2 125 84 23 0 1 2 125 80 614 1 5 3 1667 68 24 1 5 2 225 74 25 0 1 3 2667 87 45 0 1 3 2667 70 615 2 25 2 325 71 46 3 667 2 325 92 616 3 333 3 3667 88
4/4 25 0 1 0 0 74 46 0 1 0 0 62 616 0 1 0 0 62 53 0 1 2 25 77 16 0 1 2 25 84 23 2 25 2 75 72 54 1 5 2 125 74 74 0 1 2 175 64 76 0 1 2 175 87 16 0 1 2 225 84 46 0 1 2 225 72 25 0 1 2 225 80 616 0 1 2 225 70 24 0 1 2 225 67 45 2 25 2 275 58 25 0 1 2 325 70 56 0 1 2 325 67 76 0 1 2 325 72 26 0 1 2 325 77 314 1 5 3 3333 66 74 2 25 2 375 57
4/4 25 0 1 0 0 70 56 0 1 0 0 67 76 0 1 0 0 72 26 0 1 0 0 77 74 3 417 0 0 57 24 1 5 3 333 59 55 2 25 0 1 55 16 0 1 1 15 68 75 0 1 1 15 54 26 0 1 0 2 65 25 2 25 0 2 51 25 0 1 1 25 44 75 0 1 1 25 46 315 0 1 1 25 43 55 0 1 1 25 52 56 0 1 1 25 65
4/4 46 3 333 2 75 84 56 2 25 3 1333 77 13 0 1 2 175 37 74 0 1 2 175 44 35 0 1 0 2 45 55 0 1 0 2 48 75 0 1 0 2 49 25 2 125 2 225 60
4/4 13 0 1 0 0 37 74 0 1 0 0 44 15 1 5 3 333 77 25 2 325 2 75 74 55 1 25 1 15 61 14 0 1 1 15 37 23 0 1 1 15 39
4/4 55 3 1167 0 0 61 25 2 275 0 0 74 14 0 1 0 0 37 23 0 1 0 0 39 525 3 1333 2 125 33
4/4 25 0 3 3 333 80 76 0 2 3 1667 50 54 2 25 3 1667 39 75 0 1 2 225 51 24 0 1 2 225 46 75 0 1 3 2667 63 24 0 1 3 2667 59 75 0 1 2 325 72 24 0 1 2 325 68 25 2 25 2 375 80 54 2 25 2 375 61
4/4 25 3 417 0 0 80 24 2 25 2 25 62 44 2 25 2 75 65 616 1 15 2 75 81 615 0 1 3 1333 49 24 0 1 3 1333 53 615 0 1 2 175 76 24 0 1 2 175 65 615 0 1 2 225 73 24 0 1 2 225 63 25 0 1 2 275 84 44 0 1 2 275 49 24 3 333 3 3333 70 75 0 1 3 3667 68 25 0 1 3 3667 64 56 0 1 3 3667 84 34 2 25 2 375 74
4/4 75 0 1 0 0 68 25 0 1 0 0 64 56 0 1 0 0 84 74 0 1 1 5 55 55 0 1 1 5 50 55 0 1 0 1 63 74 0 1 0 1 64 56 0 1 3 1333 84 55 0 1 3 1333 74 74 0 1 3 1333 63 34 0 1 0 2 67 46 0 1 0 2 87 36 2 25 3 2333 87 46 0 1 0 3 80 75 0 1 0 3 72 23 2 25 0 3 63 74 0 1 1 35 56 45 0 1 1 35 55
4/4 74 0 1 0 0 55 45 0 1 0 0 67 46 0 1 0 0 80 75 0 1 0 0 72 74 0 1 1 5 57 45 0 1 1 5 68 25 3 667 0 1 84 23 2 25 0 1 56 74 2 25 1 15 70 15 3 1667 0 2 70 13 2 25 0 2 56 54 0 1 3 2667 52 35 0 1 3 2667 53 35 0 1 0 3 67 54 0 1 0 3 61 35 0 1 3 3667 61 54 0 1 3 3667 58 36 0 1 3 3667 87 54 0 1 3 3667 58
4/4 13 0 1 2 25 72 56 0 1 2 25 87 54 0 1 3 667 74 76 0 1 3 667 77 616 3 667 2 125 88 44 3 333 2 125 67 615 0 1 3 1667 64 14 0 1 3 1667 55 615 0 1 2 225 70 14 0 1 2 225 62 615 0 1 3 2667 73 14 0 1 3 2667 55 46 2 75 3 2667 84 25 0 1 2 325 84 44 0 1 2 325 63 15 0 1 3 3667 74 14 0 1 3 3667 68
4/4 45 0 1 0 0 68 75 0 1 0 0 72 25 0 1 0 0 68 73 3 667 2 25 77 44 1 5 3 667 67 14 3 667 2 125 74 24 1 5 3 1667 80 45 3 333 2 225 88 15 3 667 3 2667 87 14 0 1 2 325 62 55 0 1 2 325 72 23 0 1 2 325 61 615 0 1 2 325 73 25 0 1 2 325 74
4/4 615 0 1 0 0 73 25 0 1 0 0 74 525 3 333 3 333 49 22 2 75 3 333 47 26 2 25 0 2 84 76 0 1 1 25 51 26 0 1 1 25 46 54 2 75 3 2667 55 77 2 125 2 275 57 24 1 5 2 325 65 55 2 25 2 375 74
4/4 76 0 1 0 0 51 26 0 1 0 0 46 55 3 417 0 0 74 77 1 5 0 0 57 615 2 75 2 25 78 75 0 1 2 75 74 26 0 1 2 75 80 25 2 25 2 125 80 616 0 1 1 15 70 26 0 1 1 15 50 527 0 1 1 15 76 614 3 667 2 175 68 617 2 125 2 175 76 525 1 5 2 225 68 615 2 25 2 275 78 25 1 5 2 325 80 26 0 1 2 375 87 615 0 1 2 375 70
4/4 26 0 1 0 0 87 615 0 1 0 0 70 525 3 333 3 333 71 56 0 1 3 667 67 76 0 1 3 667 60 26 0 1 3 667 77 57 0 1 3 667 75 74 2 75 2 75 74 55 3 667 3 1333 68 75 2 25 2 175 80 25 0 1 3 2333 77 57 0 1 3 2333 86 75 0 1 2 275 74 47 0 1 2 275 84 55 0 1 3 3333 72 37 0 1 3 3333 84 56 0 1 3 3667 64 716 0 1 3 3667 67 47 0 1 3 3667 77 26 2 25 2 375 77 714 2 25 2 375 69
4/4 56 0 1 0 0 64 716 0 1 0 0 67 47 0 1 0 0 77 26 2 125 0 0 77 714 3 417 0 0 69 55 1 5 3 333 68 715 2 25 2 75 76 25 1 5 3 1333 77 715 1 5 0 2 73 26 2 75 0 2 80 55 3 333 3 2333 70 36 0 1 3 2667 82 56 0 1 3 2667 74 16 0 1 3 2667 80 14 0 1 3 2667 80 55 1 5 1 35 70
4/4 15 1 5 0 0 74 25 3 667 3 333 72 37 2 25 3 333 87 36 0 1 0 1 72 57 0 1 0 1 91 56 0 1 3 1333 70 77 0 1 3 1333 91 16 0 1 2 175 72 47 0 1 2 175 62 17 0 1 2 175 78 617 3 1333 0 2 76 24 0 1 0 2 74 17 0 1 0 2 78 615 1 5 1 25 70 25 1 5 0 3 80 46 1 5 1 35 72 27 2 25 1 35 82
4/4 616 0 1 0 0 65 617 0 1 0 0 79 16 0 1 0 0 74 46 3 167 0 0 72 47 2 25 1 5 74 16 0 1 2 75 65 26 0 1 2 75 80 57 0 1 2 75 82 54 2 75 0 1 72 24 1 5 1 15 63 55 3 333 0 2 61 15 3 667 3 2667 54 16 0 1 2 325 60 616 0 1 2 325 59 25 0 1 2 325 49 56 2 25 2 375 54
4/4 56 0 1 2 25 42 76 0 1 2 25 45 55 0 1 3 333 31 25 0 1 3 333 36 26 0 1 1 5 46 57 0 1 1 5 47 23 2 75 2 325 80
4/4 23 2 25 0 0 80 53 2 75 3 333 74 23 1 5 0 1 74 57 0 1 3 1333 78 56 0 1 3 1333 84 54 1 5 1 15 74 74 0 1 0 2 64 526 0 1 0 2 88 527 0 1 0 2 79 54 0 1 1 25 70 45 0 1 1 25 74 26 0 1 1 25 84 24 0 1 1 25 65 57 0 1 1 25 86 76 0 1 1 25 74 56 0 1 1 25 84 36 0 1 3 3333 65 56 0 1 3 3333 62 37 0 1 3 3333 84 13 0 1 1 35 84 37 0 1 1 35 84
4/4 54 0 1 0 0 65 47 0 1 0 0 84 46 0 1 0 0 77 24 0 1 1 5 68 37 0 1 1 5 80 36 0 1 1 5 65 35 0 1 0 1 61 26 0 1 0 1 70 25 0 1 0 1 72 56 0 1 1 15 77 36 0 1 1 15 80 55 0 1 1 15 67 75 0 1 1 15 74 37 2 125 1 15 92 46 0 1 3 2667 84 43 0 1 3 2667 85 13 2 25 0 3 55 46 0 1 3 3667 84 47 0 1 3 3667 74 616 0 1 3 3667 71 16 0 1 3 3667 68 614 0 1 3 3667 66
4/4 316 0 1 2 25 84 317 0 1 2 25 73 14 0 1 2 25 62 45 0 1 3 667 67 614 0 1 3 667 63 47 0 1 3 667 87 46 0 1 3 667 87 14 0 1 3 667 51 25 0 1 3 1333 70 46 0 1 3 1333 64 76 0 1 3 1333 72 26 0 1 3 1333 70 73 3 667 1 15 88 44 0 1 0 2 64 36 0 1 0 2 74 37 0 1 0 2 80 14 0 1 3 2667 63 25 0 1 3 2667 77 26 0 1 3 2667 74 24 0 1 0 3 62 15 0 1 0 3 77 16 0 1 0 3 80 46 0 1 3 3667 80 26 0 1 3 3667 92 76 0 1 3 3667 74 75 0 1 3 3667 72 45 0 1 3 3667 67 25 3 333 3 3667 84
4/4 46 0 1 0 0 80 26 0 1 0 0 92 76 0 1 0 0 74 25 3 917 0 0 84 33 0 1 3 667 81 56 0 1 3 667 87 73 2 25 0 1 63 54 0 1 3 1667 64 36 0 1 3 1667 77 37 0 1 3 1667 87 25 0 1 0 2 80 26 0 1 0 2 74 74 0 1 0 2 63 24 0 1 3 2667 72 34 0 1 3 2667 70 74 0 1 3 2667 56 37 0 1 3 2667 96 54 0 1 3 2667 64 36 0 1 3 2667 87 15 0 1 1 35 56 36 0 1 1 35 65 56 0 1 1 35 72 613 0 1 1 35 73 16 0 1 1 35 84
4/4 54 0 1 0 0 62 25 0 1 0 0 77 26 2 25 2 25 80 16 0 1 3 667 80 15 0 1 3 667 74 14 0 1 3 667 61 75 0 1 2 125 70 76 0 1 2 125 68 35 3 333 2 125 54 15 0 1 3 1667 67 614 0 1 3 1667 62 56 0 1 3 1667 74 55 0 1 3 1667 65 614 0 1 3 1667 62 16 3 667 2 175 78 23 1 5 3 2667 77 614 3 333 2 325 66 26 0 1 3 3667 72 25 0 1 3 3667 67 24 0 1 3 3667 67
4/4 55 0 1 2 25 59 16 0 1 2 25 79 15 0 1 2 25 67 615 0 1 2 75 66 24 0 1 2 75 58 525 0 1 2 75 57 76 0 1 2 75 82 75 0 1 2 75 71 15 0 1 3 1333 71 16 0 1 3 1333 82 25 0 1 2 175 72 56 0 1 2 175 70 76 0 1 2 175 74 26 0 1 2 175 77 53 2 75 2 175 71 23 1 5 3 2333 67 54 3 667 2 275 72 74 3 667 3 3333 70 24 2 25 2 375 67
4/4 24 3 83 0 0 67 55 3 667 3 333 63 54 2 25 0 1 62 56 0 1 0 2 56 75 0 1 0 2 49 25 0 1 0 2 49 57 0 1 0 2 78 75 0 1 0 2 49 25 0 1 0 2 49 527 1 5 3 2333 67 55 0 1 0 3 55 57 0 1 0 3 75 56 0 1 2 375 60 76 0 1 2 375 63 14 0 1 2 375 54 37 0 1 2 375 77
4/4 56 0 1 0 0 60 76 0 1 0 0 63 14 0 1 0 0 54 37 0 1 0 0 77 47 2 25 3 333 67 55 0 1 2 75 53 36 0 1 2 75 57 37 3 333 2 75 70 26 2 25 3 1333 60 15 2 25 2 175 58 56 3 333 2 175 68 37 0 1 0 2 67 616 0 1 2 275 55 46 0 1 2 275 56 44 0 1 2 275 67 46 0 1 2 275 56 15 0 1 3 3667 63 47 0 1 3 3667 80 615 0 1 3 3667 64
4/4 317 3 333 2 25 78 615 0 1 3 667 71 47 0 1 3 667 72 14 0 1 3 667 59 46 0 1 3 667 70 45 0 1 3 667 55 46 0 1 1 15 64 76 0 1 1 15 72 73 0 1 1 15 70 26 0 1 1 15 84 37 2 25 0 2 80 44 0 1 1 25 54 26 0 1 1 25 74 24 0 1 1 25 51 16 2 25 0 3 72 45 0 1 1 35 63 74 0 1 1 35 61 24 0 1 1 35 52 26 1 5 1 35 77 46 0 1 1 35 70 24 0 1 1 35 52 76 1 5 1 35 70
4/4 26 2 75 0 0 77 76 2 25 0 0 70 34 0 1 1 5 72 56 0 1 1 5 80 74 0 1 3 1333 63 55 0 1 3 1333 61 37 0 1 3 1333 80 56 0 1 3 1333 80 24 0 1 3 1333 50 26 2 25 2 175 77 25 0 1 3 2333 70 35 0 1 3 2333 65 55 0 1 3 2333 65 37 0 1 3 2333 87 75 0 1 3 2333 60 56 0 1 3 2333 65 36 0 1 2 325 68 56 0 1 2 325 70 613 0 1 2 325 59 16 0 1 2 325 84 26 2 25 2 375 70
4/4 34 0 1 2 25 59 14 0 1 2 25 56 16 0 1 2 25 77 76 2 25 3 667 64 55 0 1 2 125 59 35 0 1 2 125 51 36 0 1 2 125 70 14 0 1 2 125 52 16 0 1 2 125 74 56 3 667 2 125 68 23 0 1 2 225 72 25 0 1 2 225 83 25 0 1 0 3 62 526 0 1 0 3 55 616 0 1 2 325 62 614 0 1 2 325 64 525 0 1 2 325 68 26 0 1 2 325 80 24 0 1 2 325 51 16 0 1 3 3667 80 15 0 1 3 3667 74
4/4 615 0 1 2 25 70 76 0 1 2 25 74 75 0 1 2 25 84 525 0 1 2 25 46 24 0 1 2 25 53 616 0 1 3 667 71 615 0 1 3 667 68 53 3 667 2 125 71 56 3 1667 2 125 77 25 2 125 2 125 80 23 3 333 3 1667 58 54 3 333 2 225 61 14 3 667 3 2667 68 24 3 333 0 3 77 55 3 333 3 3667 88
4/4 57 3 1333 0 0 82 15 1 5 0 0 67 55 3 167 0 0 88 25 2 25 1 5 65 56 2 25 0 1 72 16 2 25 1 15 87 26 2 25 0 2 92 47 3 333 1 25 84 55 2 125 2 275 61 56 0 1 2 275 63 716 0 1 2 275 58 25 0 1 2 275 67 26 0 1 2 275 77 57 0 1 2 275 75
4/4 47 0 1 0 0 92 46 0 1 0 0 74 55 2 175 0 0 61 56 1 5 3 333 77 316 0 1 0 1 84 317 0 1 0 1 88 16 0 1 0 1 74 716 0 1 2 175 69 25 0 1 2 175 62 55 0 1 2 175 67 26 0 1 2 175 92 15 0 1 2 275 57 55 0 1 2 275 72 16 0 1 2 275 92 616 0 1 2 275 69 715 0 1 2 375 66 55 0 1 2 375 68 716 0 1 2 375 88 56 0 1 2 375 72
4/4 715 0 1 0 0 66 55 0 1 0 0 68 716 0 1 0 0 88 56 0 1 0 0 72 75 0 1 3 667 62 14 0 1 3 667 67 16 0 1 3 667 96 46 0 1 3 667 65 16 0 1 0 2 74 75 0 1 0 2 65 46 0 1 0 2 65 14 0 1 0 2 52 56 0 1 0 2 60 75 0 1 1 25 70 16 0 1 1 25 72 56 0 1 1 25 68 46 0 1 1 25 67 14 0 1 1 25 58 14 0 1 1 35 49 15 0 1 1 35 53 16 0 1 1 35 60 315 0 1 1 35 53 316 0 1 1 35 57 56 0 1 1 35 54 55 0 1 1 35 48
4/4 15 0 1 3 333 33 56 0 1 3 333 57 316 0 1 3 333 48 17 0 1 3 333 50 18 2 25 3 667 62
4/4 45 3 667 0 3 44 46 0 1 0 3 54 616 0 1 2 375 62 15 0 1 2 375 49 615 0 1 2 375 48
4/4 16 2 25 1 5 74 45 2 25 3 1333 50 26 2 75 3 1333 74 25 0 1 0 2 48 75 0 1 0 2 49 16 1 5 3 2333 74 76 2 25 2 275 65 45 3 333 1 35 50 16 1 5 1 35 74
4/4 16 3 167 0 0 74 15 0 1 3 333 50 615 0 1 3 333 44 76 1 5 3 667 70 616 2 25 0 1 67 45 2 25 2 175 52 76 3 1333 2 175 70 25 0 1 1 25 43 75 0 1 1 25 47 616 1 5 2 275 62 56 2 25 2 325 68
4/4 46 1 5 0 0 70 45 2 25 0 0 48 76 2 25 2 75 70 25 0 1 2 75 47 75 0 1 2 75 48 26 2 25 1 15 84 37 2 75 2 225 80 45 2 25 2 225 48 36 1 5 0 3 55 15 0 1 0 3 49 26 1 5 3 3333 68 16 2 25 2 375 68
4/4 26 3 667 1 5 70 45 2 25 1 5 48 25 0 1 2 125 50 75 0 1 2 125 45 16 1 5 1 15 67 76 2 25 0 2 62 16 3 1333 3 2667 63 315 0 1 3 2667 49 14 0 1 3 2667 44 24 0 1 3 3333 43 45 0 1 3 3333 52
4/4 315 0 1 0 0 54 55 0 1 0 0 54 16 3 917 0 0 63 46 0 1 2 75 63 45 0 1 2 75 55 616 2 25 3 1667 76 15 0 1 3 1667 51 615 0 1 3 1667 48 16 2 25 3 2333 84 47 2 75 0 3 74 55 0 1 0 3 56 75 0 1 2 375 49 25 0 1 2 375 53
4/4 75 0 1 0 0 49 25 0 1 0 0 53 55 2 25 0 0 56 47 2 25 1 5 77 615 0 1 2 125 47 47 0 1 2 125 70 15 0 1 0 2 48 46 0 1 0 2 49 317 2 25 2 225 58 26 2 25 2 275 68 16 3 667 3 3333 77 615 2 25 1 35 46
4/4 16 3 833 0 0 77 46 0 1 2 25 57 15 0 1 2 25 50 46 2 25 0 1 67 25 0 1 1 15 53 46 0 1 1 15 64 76 0 1 1 15 67 74 3 333 3 1667 57 45 2 25 3 2333 57 15 0 1 0 3 59 76 0 1 0 3 63 46 0 1 0 3 67 25 0 1 0 3 65 15 0 1 2 375 52 65 0 1 2 375 43 46 0 1 2 375 53 14 0 1 2 375 41 66 0 1 2 375 60
4/4 56 2 25 3 667 67 46 2 25 3 1333 68 615 2 75 0 2 67 44 2 25 0 2 43 46 0 2 0 2 65 14 1 5 0 3 47 615 3 333 2 325 58 45 0 1 1 35 43 15 0 1 1 35 55
4/4 615 2 25 0 0 54 46 1 5 0 0 65 44 0 1 2 25 46 24 0 1 2 25 44 75 0 1 2 25 62 25 0 1 0 1 49 46 0 1 0 1 53 615 0 1 2 275 64 45 0 1 2 275 58 44 2 125 2 275 50 14 1 5 1 35 49 45 2 25 2 375 65
4/4 14 1 5 0 0 49 44 3 417 0 0 50 45 2 25 0 0 65 615 3 333 2 25 65 45 0 2 1 5 52 44 0 1 0 1 36 74 0 1 0 1 37 24 0 1 0 1 42 55 0 1 0 1 52 75 3 667 2 175 57 14 0 1 2 325 48 45 0 1 2 325 50 43 0 1 1 35 54 615 0 1 1 35 81
4/4 43 0 1 0 0 54 615 0 1 0 0 81 13 1 5 2 25 59 55 1 5 1 5 65 614 0 1 0 1 51 615 0 1 0 1 67 55 2 25 3 1333 54 75 0 1 2 175 62 45 0 1 2 175 56 24 0 1 2 175 46 44 0 1 2 175 45 74 0 1 2 175 46 46 1 5 3 2667 64
4/4 615 0 1 2 25 67 45 3 667 2 25 62 44 1 15 2 25 54 14 2 75 0 1 46 45 3 333 2 125 53 615 3 333 3 1667 53 45 0 2 0 2 48 44 0 1 1 25 38 24 0 1 1 25 34 74 0 1 1 25 37 55 0 1 1 25 44
4/4 43 2 25 0 1 57 45 2 75 0 1 77 615 2 25 3 1667 78 14 0 1 2 175 56 614 0 1 2 175 62 15 0 1 1 25 80 44 0 1 1 25 52 25 2 75 2 325 84 44 3 333 2 325 59
4/4 24 0 1 0 0 50 74 0 1 0 0 52 15 1 5 2 25 77 75 2 25 3 667 65 45 0 1 2 125 61 615 0 1 2 125 67 15 0 1 2 125 74 44 2 25 3 1333 58 614 0 1 0 2 48 14 0 1 0 2 46 75 2 25 3 2333 80 615 2 25 2 275 71 75 1 5 1 35 84 44 3 333 1 35 59
4/4 75 3 833 0 0 84 24 0 1 2 25 55 74 0 1 2 25 56 615 1 5 1 5 67 55 2 25 0 1 77 45 0 1 3 1667 80 44 0 1 3 1667 61 75 0 1 3 2333 77 24 0 1 3 2333 64 74 0 1 3 2333 62 25 2 25 0 3 87 36 2 25 2 375 92 44 2 25 2 375 58
4/4 36 2 75 0 0 92 44 3 83 0 0 58 35 0 1 3 667 55 14 0 1 3 667 53 25 3 667 0 1 72 15 3 333 3 1333 70 45 0 1 0 2 58 75 0 1 0 2 62 44 0 1 0 2 59 25 0 1 0 2 70 24 0 1 2 275 54 74 0 1 2 275 54 15 3 333 2 325 74 75 3 333 3 3667 80
4/4 15 0 1 2 25 68 315 0 1 2 25 65 55 0 1 2 25 65 13 2 25 2 25 61 23 2 25 0 1 80 314 3 333 3 1667 84 43 0 1 1 25 64 44 0 1 1 25 72 45 2 75 1 25 80 14 0 1 2 325 65 615 0 1 2 325 88 614 0 1 2 325 62
4/4 15 3 333 0 0 92 45 0 1 3 333 63 75 0 1 3 333 70 15 0 1 3 333 80 53 2 25 3 667 77 46 2 75 3 667 80 54 0 1 3 1333 64 24 0 1 3 1333 64 74 0 1 3 1333 62 45 0 1 0 2 84 15 0 1 0 2 80 46 0 1 0 2 80 45 0 1 3 2667 61 615 0 1 3 2667 81 15 0 1 3 2667 84 46 0 1 3 2667 84 613 2 25 2 275 83 44 0 1 1 35 58 14 0 1 1 35 67 316 2 25 2 375 81
4/4 44 0 1 0 0 58 14 0 1 0 0 67 25 2 25 2 25 87 15 3 1667 0 1 84 45 0 1 0 1 80 613 2 25 0 1 62 44 0 1 2 175 63 14 0 1 2 175 67 45 2 25 1 25 70 44 3 667 1 25 53 24 0 1 0 3 67 45 0 1 0 3 77 75 0 1 0 3 84 73 0 1 0 3 70
4/4 44 0 1 0 0 61 14 0 1 3 667 55 75 0 1 3 667 80 45 0 1 3 667 54 14 0 1 2 125 62 45 0 1 2 125 57 65 0 1 2 125 67 13 0 1 3 1333 46 64 0 1 3 1333 46 55 2 25 2 225 57 45 2 25 0 3 59 614 0 1 1 35 48 14 0 1 1 35 56 43 2 25 2 375 46 45 2 25 2 375 56
4/4 614 0 1 0 0 48 14 0 1 0 0 56 43 3 1417 0 0 46 45 2 225 0 0 56 13 0 1 3 667 49 614 3 333 0 1 63 14 3 333 3 1333 63 614 2 25 3 1667 58 23 0 1 0 2 41 43 0 1 0 2 40 74 0 1 0 2 58 45 0 1 2 275 49 14 0 1 2 275 46
4/4 615 0 1 1 5 70 45 0 1 1 5 64 44 2 175 1 5 61 14 0 1 2 125 67 45 1 5 1 15 80 615 3 333 0 2 84 45 1 15 3 2333 74 44 0 1 2 275 42 24 0 1 2 275 48 55 0 1 2 275 61 75 3 333 3 3667 58
4/4 44 0 1 0 0 42 24 0 1 0 0 48 15 0 1 0 1 62 46 0 1 0 1 51 43 0 1 2 125 68 616 0 1 2 125 84 13 0 1 0 2 64 56 0 1 0 2 74 616 0 1 2 275 88 614 0 1 2 275 66 56 2 25 2 325 77 43 0 1 1 35 62 25 0 1 1 35 77 76 0 1 1 35 87 46 0 1 1 35 77
4/4 46 0 1 2 25 63 47 0 1 2 25 72 23 0 1 2 25 61 74 2 25 0 1 58 15 3 1333 1 15 52 46 0 1 2 175 57 616 0 1 2 175 73 44 3 667 2 175 63 14 3 333 3 2667 53 615 2 25 3 3333 51
4/4 15 3 1667 0 0 51 16 0 1 0 0 64 26 0 1 2 75 77 37 3 333 3 1667 64 66 0 1 3 2333 33 45 0 1 3 2333 32 16 0 1 3 2333 40 47 0 1 3 2333 49 15 0 1 3 2333 35 45 0 1 3 2333 32
4/4 47 0 1 2 25 77 75 0 1 0 1 47 76 0 1 0 1 58 46 0 1 3 1667 50 57 0 1 3 1667 60 25 0 1 3 1667 44 26 2 25 1 25 67 56 0 1 0 3 42 35 0 1 0 3 40 25 0 1 0 3 30 76 0 1 0 3 42 37 3 667 3 3333 47
4/4 56 0 1 0 0 42 35 0 1 0 0 40 25 0 1 0 0 30 76 0 1 0 0 42 37 3 833 0 0 47 75 0 1 0 2 60 14 0 1 0 2 53 56 0 1 0 2 67 36 0 1 0 2 65 37 0 1 0 2 65 26 3 333 2 275 92 76 1 5 1 35 92
4/4 36 0 1 0 0 59 66 0 1 0 0 56 16 0 1 0 0 84 44 3 333 2 25 63 14 1 5 0 1 57 16 2 175 2 175 77 65 2 25 2 175 49 46 1 15 1 25 63 74 1 5 1 25 53 26 2 75 1 25 68 37 3 667 2 325 68 45 2 25 2 325 54
4/4 25 0 1 0 0 49 47 0 1 0 0 65 56 0 3 2 75 64 34 2 75 2 75 56 74 1 5 1 15 48 55 2 25 3 2333 44 75 2 75 2 325 44 25 3 333 2 325 39
4/4 66 1 5 0 0 87 75 0 1 0 0 44 56 1 5 3 333 77 526 2 25 2 75 84 56 2 25 0 1 67 55 0 1 1 15 44 25 0 1 1 15 51 56 3 2333 3 1667 60 716 2 225 2 175 64 37 0 1 2 175 65 26 2 75 2 325 80
4/4 54 2 75 0 0 59 26 2 75 0 0 80 56 3 167 0 0 60 716 3 417 0 0 64 56 0 1 2 75 87 24 0 1 2 75 57 715 2 25 1 15 71 36 0 2 2 175 68 76 2 125 0 2 77 26 0 1 2 225 74 64 0 1 2 225 64 35 3 333 0 3 53 15 0 1 3 3667 51 16 0 1 3 3667 72 56 0 1 3 3667 63
4/4 15 0 1 0 0 51 16 0 1 0 0 72 56 0 1 0 0 63 36 1 5 1 5 52 65 2 125 1 5 46 26 3 333 2 125 87 37 1 5 0 2 92 46 1 15 1 25 56 76 0 1 1 25 51 47 0 1 1 25 68 26 2 125 2 275 72 74 3 667 2 275 55 45 3 333 3 3667 48
4/4 46 2 25 0 0 56 76 0 1 0 0 51 47 0 1 0 0 68 26 2 25 0 0 72 15 0 1 1 5 41 37 0 1 1 5 55 26 0 1 2 125 54 46 0 1 2 125 52 25 0 1 2 125 40 76 3 333 0 3 59 46 0 1 3 3333 49 56 0 1 3 3333 56 14 0 1 1 35 52 16 0 1 1 35 68
4/4 55 3 333 1 5 43 57 0 1 3 667 60 16 0 1 3 667 51 15 0 1 0 1 54 16 0 1 0 1 52 57 0 1 0 1 61 17 2 175 0 2 59 47 0 1 0 2 55 46 0 1 0 2 48 56 1 5 2 275 47 47 1 5 1 35 59
4/4 47 1 5 0 0 59 317 0 1 3 333 62 14 0 1 3 333 57 16 0 1 0 1 57 55 1 5 2 125 46 25 2 25 2 175 48 317 3 667 2 175 54 57 0 1 3 2667 47 316 0 1 3 2667 44 56 1 5 1 35 49 17 2 25 1 35 51
4/4 56 1 5 0 0 49 58 0 1 1 5 46 16 0 1 1 5 46 18 0 1 1 15 48 317 0 1 1 15 46
