4/4 53 0 1 3 1333 35 73 0 1 3 1333 28 23 0 1 3 1667 50 54 0 1 3 1667 49 24 2 25 3 3667 65
4/4 53 0 1 0 0 29 73 0 1 0 0 42 24 1 5 2 25 75 14 1 5 3 667 73 74 0 1 2 125 45 24 0 1 2 125 41 24 2 25 2 375 72
4/4 24 2 25 0 0 58 23 0 1 2 75 25 613 0 1 2 75 41 43 0 1 2 75 38 44 0 1 2 75 31 614 0 1 2 75 42 45 0 1 2 75 49 14 0 2 0 2 43
4/4 23 0 1 0 0 23 613 0 1 0 0 41 43 0 1 0 0 38 44 0 1 0 0 32 614 0 1 0 0 47 45 0 1 0 0 54 14 0 3 0 0 52
4/4 73 0 1 0 0 34 53 0 1 0 0 38 54 0 1 0 0 60 33 0 1 0 0 40 23 0 1 0 0 43 24 2 25 3 1667 56 24 3 667 2 225 67 14 3 667 3 2667 56 24 2 75 2 325 57
4/4 73 0 1 0 0 33 53 0 1 0 0 43 54 0 1 0 0 44 33 0 1 0 0 45 23 0 1 0 0 31 24 3 917 0 0 75 24 3 333 1 15 80 44 0 1 3 2333 50 14 0 1 3 2333 43 614 0 1 1 25 47 14 0 1 1 25 42 45 0 1 1 25 46 22 1 15 1 25 33 13 3 1333 3 2667 43
4/4 44 0 1 0 0 33 14 0 1 0 0 49 614 0 1 0 0 43 14 0 1 0 0 55 45 0 1 0 0 46 22 0 4 0 0 39 13 0 4 0 0 40 24 1 5 2 325 68
4/4 22 1 5 0 0 28 13 3 1167 0 0 34 45 1 5 3 333 81 74 3 2667 0 1 35 24 0 1 2 125 38 35 0 1 2 125 40 12 0 1 3 1333 41 55 0 1 3 1333 74 53 0 1 1 25 54 55 0 1 1 35 58 23 0 1 1 35 28
4/4 34 0 1 3 667 46 55 0 1 3 667 39 35 0 1 3 667 42 74 0 1 3 667 48 55 2 25 0 3 80 44 2 25 2 375 38
4/4 14 0 1 0 0 44 45 0 1 0 0 61 44 2 125 0 0 53 612 3 667 0 0 58 43 3 2667 3 667 59 13 2 125 2 125 69 44 3 667 3 1667 71 14 2 75 2 225 77 74 0 1 2 325 63 44 0 1 2 325 45 24 0 1 2 325 53 72 2 75 2 325 43
4/4 74 0 1 0 0 49 44 0 1 0 0 44 24 0 1 0 0 66 72 1 5 0 0 53 43 3 1333 3 333 46 23 2 25 1 15 35 33 0 1 1 25 46 62 0 1 1 25 40 13 0 1 3 2667 32 34 0 1 3 2667 32 54 0 1 3 2667 51 14 0 1 0 3 62
4/4 33 0 1 0 0 51 62 0 1 0 0 38 14 2 25 1 5 61 14 3 333 0 1 62 24 2 25 3 1667 68 14 2 175 2 225 56
4/4 14 3 583 0 0 60 54 3 333 3 333 58 522 0 1 2 125 37 613 0 1 2 125 32 22 0 1 2 125 35 23 0 1 1 15 42 614 0 1 1 15 40 24 0 2 2 175 40
4/4 522 0 1 0 0 39 613 0 1 0 0 41 22 0 1 0 0 47 25 2 175 2 125 43 15 2 75 0 3 74 75 1 5 1 35 71
4/4 615 3 667 0 0 76 75 3 167 0 0 82 55 2 175 3 667 70 52 2 75 3 667 59 22 3 333 3 1333 47 73 1 5 0 2 46 25 2 25 3 2333 70 613 1 5 3 2333 58 73 0 1 0 3 73 25 0 1 0 3 81 23 0 1 3 3333 62 15 0 1 3 3333 84
4/4 54 3 667 0 0 49 25 0 1 0 0 90 75 0 1 0 0 66 614 2 75 1 5 49 74 0 1 0 1 64 24 2 25 1 15 66 25 0 1 0 2 79 75 0 1 0 2 60 45 2 125 2 275 56 615 0 1 0 3 50 46 0 1 0 3 75 42 2 75 0 3 45 22 3 333 3 3667 58
4/4 45 2 175 0 0 60 615 2 25 0 0 61 46 2 125 0 0 74 22 3 167 0 0 44 15 3 1333 2 25 62 43 1 5 2 25 57 613 1 5 3 667 46 23 1 5 2 125 45 44 2 75 2 175 55 614 0 1 3 2333 39 75 0 1 3 2333 60 74 0 1 3 2333 46 615 3 333 2 275 64 45 1 5 1 35 56
4/4 45 2 75 0 0 55 24 3 333 3 667 32 74 0 1 1 15 59 24 0 1 1 15 45 32 0 1 1 15 57 55 2 75 2 175 66 72 2 25 3 2333 51 53 3 333 2 275 63 25 0 1 3 3333 80 75 0 1 3 3333 69 73 0 1 3 3333 62 25 0 1 2 375 60 75 0 1 2 375 68 23 0 1 2 375 54
4/4 25 0 1 0 0 64 75 0 1 0 0 70 23 0 1 0 0 65 15 0 1 3 333 62 615 0 1 3 333 75 54 0 1 3 333 53 25 0 1 2 75 63 75 0 1 2 75 80 614 3 667 0 1 40 74 3 1333 1 15 44 24 1 5 0 2 50 25 3 333 3 3667 80
4/4 45 0 3 0 0 57 615 0 1 2 25 57 15 0 1 2 25 65 46 0 1 2 25 76 22 3 667 3 333 61 613 3 667 2 75 44 13 2 25 3 1333 47 44 1 5 0 2 58 614 3 667 1 25 46 24 2 75 0 3 54 45 3 333 3 3667 36
4/4 615 0 1 0 0 45 15 0 1 0 0 57 46 0 1 0 0 71 45 3 417 0 0 40 24 2 25 3 1333 42 24 3 333 0 2 86 45 2 25 3 2333 89 74 0 1 2 275 69 35 0 1 2 275 73 55 0 1 2 275 84 12 3 667 0 3 79 53 1 5 1 35 67
4/4 23 1 5 0 0 75 74 0 1 0 0 61 35 0 1 0 0 79 55 0 1 0 0 92 34 3 667 1 5 76 54 0 1 0 1 50 55 0 1 0 1 84 74 1 5 1 15 52 55 2 25 1 15 52 55 0 1 0 2 57 35 0 1 0 2 52 24 0 1 2 225 66 35 0 1 2 225 61
4/4 55 2 25 3 333 75 44 0 1 2 125 52 14 0 1 2 125 51 45 0 1 2 125 64 612 3 667 1 15 53 43 2 125 0 2 57 13 3 667 1 25 57 44 3 667 0 3 68 14 2 25 3 3667 56
4/4 23 0 1 1 5 38 44 0 1 1 5 44 43 0 1 1 5 37 13 0 1 1 5 49 614 0 1 1 5 46 72 0 1 1 5 28 24 0 1 1 5 45 34 0 1 2 375 58 54 0 1 2 375 59 14 0 1 2 375 78
4/4 12 2 75 0 0 72 34 0 1 0 0 64 54 0 1 0 0 70 14 0 1 0 0 84 53 3 2333 1 5 55 23 1 15 0 1 71 14 2 25 3 1667 59 14 0 1 2 225 69 54 0 1 2 225 71 13 3 333 2 225 32 24 2 25 3 2667 74 34 0 1 2 325 43 14 0 1 2 325 56 13 0 1 2 325 43 43 0 1 2 325 44 54 2 75 2 325 50
4/4 34 0 1 0 0 37 14 0 1 0 0 63 13 0 1 0 0 34 43 0 1 0 0 36 54 1 15 3 333 60 42 2 25 1 15 52 74 2 25 0 2 54 74 0 1 1 25 66 23 0 1 1 25 68 72 2 125 3 2667 38 43 3 333 3 3667 50
4/4 74 0 1 0 0 64 23 0 1 0 0 58 43 0 1 0 0 46 13 2 25 3 667 32 613 0 1 2 175 47 22 0 1 2 175 35 13 0 1 2 175 42 524 0 1 2 175 46
4/4 613 0 1 0 0 31 22 0 1 0 0 34 13 0 1 0 0 37 524 0 1 0 0 32 56 3 1333 0 2 59 53 3 667 0 2 47 23 1 5 3 2667 41 74 3 333 2 325 59 23 0 1 3 3667 49 56 0 1 3 3667 75
4/4 614 0 1 2 25 68 56 0 1 2 25 72 75 0 1 2 25 73 23 3 667 3 667 53 616 0 1 3 667 83 15 0 1 3 667 75 56 0 1 2 125 87 75 0 1 2 125 86 53 1 5 2 125 60 23 3 667 2 175 50 74 1 5 3 2333 65 23 3 333 2 275 58 614 0 1 3 3333 50 56 0 1 3 3333 72 25 0 1 3 3333 75 23 2 25 2 375 58
4/4 15 2 275 2 25 73 46 3 2333 3 333 77 76 2 125 1 5 75 22 1 5 1 5 60 613 3 667 0 1 56 44 1 5 1 15 58 613 3 667 0 2 49 314 0 1 3 2667 49 616 0 1 3 2667 60 613 1 5 2 325 39 45 0 1 1 35 56 615 0 1 1 35 51 25 0 1 1 35 59 22 3 333 3 3667 57
4/4 45 0 1 0 0 56 615 0 1 0 0 52 25 0 1 0 0 59 22 3 167 0 0 49 613 3 667 2 25 57 44 1 5 2 75 57 613 1 5 2 125 53 23 3 333 2 175 41 613 3 333 3 2333 47 35 0 1 3 2667 73 55 0 1 3 2667 51 15 0 1 3 2667 91 12 2 75 2 275 69 53 1 5 1 35 54
4/4 23 1 5 0 0 63 53 3 167 0 0 53 53 3 667 1 5 47 46 0 1 0 1 84 34 0 1 0 1 56 53 2 25 3 1667 53 45 2 125 0 2 53 75 0 1 2 225 69 72 0 1 2 225 70 25 0 1 2 225 74 43 1 5 2 275 61 615 0 1 2 325 81 15 0 1 2 325 76 13 0 1 2 325 64 23 2 25 2 375 69
4/4 23 3 417 0 0 71 25 0 1 3 333 95 44 0 1 3 333 60 75 0 1 3 333 91 74 2 25 2 75 80 615 0 1 2 125 80 616 0 1 2 125 83 22 3 667 1 15 79 613 3 667 0 2 52 23 1 5 3 2667 56 314 0 1 0 3 50 616 0 1 0 3 69 44 0 1 1 35 64 616 0 1 1 35 73
4/4 614 2 25 0 0 58 76 3 667 0 0 60 616 0 1 3 667 76 46 0 1 3 667 75 22 1 5 3 667 66 613 1 5 2 125 49 23 1 5 2 175 43 314 2 25 2 225 43 46 0 1 2 275 73 44 0 1 2 275 45 614 2 25 2 325 55 75 0 1 1 35 55 25 0 1 1 35 58 56 0 1 1 35 61 76 2 25 2 375 75
4/4 53 2 75 0 0 55 75 0 1 0 0 65 25 0 1 0 0 55 56 0 1 0 0 66 76 2 125 0 0 81 23 1 5 1 5 47 54 3 667 0 1 62 614 3 667 1 15 53 616 0 1 0 2 71 74 0 1 0 2 61 25 0 1 0 2 58 24 2 25 3 2667 55 45 0 1 0 3 57 615 0 1 0 3 52 25 0 1 0 3 63 43 2 75 2 325 70 23 3 333 3 3667 59
4/4 45 0 1 0 0 51 615 0 1 0 0 68 25 0 1 0 0 69 23 3 167 0 0 56 44 1 5 2 25 60 614 1 5 2 75 60 24 3 333 2 125 49 25 3 667 3 1333 65 615 3 333 0 2 44 54 0 1 3 2333 40 34 0 1 3 2333 36 74 0 1 3 2333 30 24 0 1 3 2333 52 55 0 1 1 25 47 25 0 1 1 25 54 56 0 1 0 3 54
4/4 54 0 1 0 0 36 34 0 1 0 0 38 74 0 1 0 0 45 24 0 1 0 0 47 56 2 25 1 5 81 46 2 25 0 1 90 36 2 25 1 15 76 74 0 1 0 2 37 44 0 1 0 2 43 23 0 1 0 2 42 14 0 1 0 2 48 45 0 1 0 2 34 75 0 1 0 2 41 15 0 1 0 2 45 46 3 333 3 2333 59 46 0 1 3 3333 20 47 0 1 3 3333 58
4/4 74 0 1 0 0 39 44 0 1 0 0 47 23 0 1 0 0 44 14 0 1 0 0 37 22 0 2 0 2 43 73 0 1 0 3 50 24 0 1 0 3 80 44 0 1 0 3 75
4/4 22 3 667 0 0 42 73 1 5 0 0 62 45 0 1 2 25 88 23 0 1 2 25 64 74 0 1 2 25 85 54 0 1 0 1 48 74 0 1 0 1 64 35 0 1 0 1 79 55 0 1 2 125 80 12 0 1 2 125 75 53 2 25 3 2333 55 74 0 1 2 325 57 35 0 1 2 325 70 54 0 1 2 325 72 34 0 1 2 325 58 23 0 1 2 325 70 75 0 1 2 325 81
4/4 22 0 1 1 5 57 615 0 1 1 5 92 14 0 1 1 5 67 13 0 1 3 1667 36 44 0 1 3 1667 46 614 0 1 3 1667 54 24 0 1 3 1667 49 613 0 1 3 1667 45 45 3 333 2 325 87 54 0 1 3 3667 58 74 0 1 3 3667 63 24 0 1 3 3667 68 55 0 1 3 3667 83 32 2 25 2 375 73
4/4 54 0 1 0 0 57 74 0 1 0 0 56 24 0 1 0 0 67 55 0 1 0 0 85 32 3 417 0 0 74 72 2 25 3 333 58 53 2 25 2 75 55 73 3 333 3 1333 53 23 3 333 0 2 45 54 3 667 3 2333 42 55 0 1 0 3 34 74 0 1 0 3 30 56 0 1 0 3 46
4/4 23 2 25 1 15 68 44 2 25 0 2 89 12 2 75 1 25 58 54 0 1 1 25 75 34 0 1 1 25 77 53 2 75 0 3 65 73 2 25 1 35 73
4/4 23 2 25 0 0 82 54 0 1 0 0 92 34 0 1 0 0 72 74 0 1 3 667 84 73 0 1 3 667 62 34 0 1 3 667 83 54 0 1 3 667 70 53 2 25 0 1 68 13 2 125 1 15 64 44 0 1 3 1667 81 614 0 1 3 1667 74 21 0 1 3 1667 71 612 1 5 2 225 55 23 2 125 2 275 79 43 1 5 2 275 66 613 2 25 2 325 69 43 2 25 2 375 52
4/4 23 3 83 0 0 90 43 2 25 0 0 65 22 0 1 2 25 60 44 0 1 2 25 80 13 0 1 2 75 75 23 0 1 2 75 72 54 0 1 2 75 70 52 3 667 2 75 68 22 3 333 3 1333 62 53 1 5 0 2 44 13 2 75 3 2333 51 23 0 1 0 3 69 54 1 5 1 35 74
4/4 55 0 1 0 0 79 14 0 1 0 0 70 24 0 1 0 0 67 23 2 75 0 0 56 54 2 75 0 0 75 23 1 15 0 1 39 54 3 2333 3 1667 59 14 2 175 2 225 62 614 2 25 3 2667 48 53 0 1 3 3333 41 23 0 1 3 3333 31 74 0 1 3 3333 51
4/4 54 0 2 0 0 47 53 0 1 0 0 40 23 0 1 0 0 25 74 0 1 0 0 55 14 3 1917 0 0 65 21 2 25 0 3 90
4/4 13 0 1 0 0 66 22 0 1 0 0 59 614 0 1 0 0 68 613 0 1 0 0 60 45 0 1 0 0 76 524 0 1 0 0 65 14 0 1 0 0 56 52 2 25 2 325 55 54 2 75 2 325 85
4/4 54 1 5 0 0 77 53 0 1 2 25 60 23 0 1 2 25 48 73 0 1 2 25 45 24 0 1 2 75 82 74 0 1 2 75 70 24 0 1 2 125 76 23 0 1 2 125 71 74 0 1 2 125 91 73 0 1 2 125 46 53 0 1 2 125 40 14 0 1 2 175 77 614 0 1 2 175 68 24 0 1 3 2333 100 74 0 1 3 2333 67 22 2 25 3 2333 69 73 0 1 3 3333 52 23 0 1 3 3333 57 53 0 1 3 3333 59
4/4 73 0 1 0 0 54 23 0 1 0 0 48 53 0 1 0 0 54 54 2 25 2 25 65 24 2 25 2 75 90 14 0 1 2 125 68 45 0 1 2 125 79 614 0 1 2 125 56 43 0 2 2 125 57 14 0 1 2 225 64 44 0 1 2 225 74 614 0 1 2 225 52 613 0 1 2 225 30 13 0 1 2 225 62 613 0 1 3 3333 63 13 0 1 3 3333 60
4/4 12 3 667 2 25 56 75 3 667 3 667 82 613 0 1 2 125 43 43 0 1 2 125 48 615 1 5 2 125 59 13 0 1 2 125 36 43 0 1 2 125 53 55 2 75 3 1667 57 45 2 25 2 225 65 54 2 75 2 325 75 33 3 667 2 325 51
4/4 54 1 5 0 0 71 23 0 1 3 333 44 53 0 1 3 333 50 73 0 1 3 333 39 24 2 25 2 75 80 24 0 1 2 125 91 23 0 1 2 125 65 73 0 1 2 125 61 53 0 1 2 125 43 14 1 5 2 175 87 24 0 1 2 225 80 54 0 1 2 225 68 72 2 25 3 2333 53 53 0 1 3 3333 57 73 0 1 3 3333 38 23 3 667 3 3333 33
4/4 24 0 1 0 0 81 54 0 1 0 0 77 53 0 1 0 0 45 73 0 1 0 0 44 23 3 333 0 0 45 24 0 1 2 75 83 74 0 1 2 75 64 44 0 1 2 125 63 614 0 1 2 125 55 14 0 1 2 125 76 45 0 1 2 125 81 22 1 5 3 1333 45 13 0 1 3 2333 49 613 0 1 3 2333 40 43 0 1 3 2333 56 43 0 1 1 35 69 13 0 1 1 35 55 613 0 1 1 35 60
4/4 44 0 1 0 0 62 614 0 1 0 0 70 14 0 1 0 0 79 45 0 1 0 0 72 612 3 333 1 5 76 613 0 1 1 15 54 13 0 1 1 15 40 43 0 1 1 15 38 44 2 25 0 2 57 24 2 25 1 25 81 45 2 25 0 3 96 74 0 1 1 35 60 24 0 1 1 35 80 35 0 1 1 35 80 55 0 1 1 35 87 12 3 333 3 3667 73
4/4 74 0 1 0 0 70 24 0 1 0 0 64 35 0 1 0 0 85 55 0 1 0 0 87 13 0 1 1 5 55 73 0 1 1 5 44 53 0 1 1 5 58 55 0 1 0 1 72 35 0 1 0 1 63 55 0 1 3 1667 83 13 0 1 3 1667 61 35 0 1 3 1667 82 53 0 1 3 1667 49 73 0 1 3 1667 52 45 0 1 0 2 75 24 0 1 0 2 65 55 0 1 3 2667 81 35 0 1 3 2667 65 33 1 5 3 2667 52 73 0 1 3 3667 41 13 0 1 3 3667 36 53 0 1 3 3667 38
4/4 55 0 1 0 0 69 35 0 1 0 0 68 73 0 1 0 0 41 13 0 1 0 0 38 53 0 1 0 0 39 55 2 25 3 1333 79 45 0 1 2 175 90 612 3 333 2 175 61 14 2 125 0 2 82 13 2 125 2 275 75 43 2 125 2 275 51 44 3 667 3 3333 71 614 0 1 2 375 73 14 0 1 2 375 69
4/4 43 2 25 0 0 58 44 0 1 1 5 64 74 0 1 1 5 87 24 3 2333 2 75 96 72 2 25 2 75 69 23 0 1 2 175 60 43 0 1 2 175 68 73 0 1 0 3 79 22 0 1 0 3 68 34 0 1 2 375 52 54 0 1 2 375 73 14 0 1 2 375 93
4/4 62 2 25 0 0 73 34 0 1 0 0 54 54 0 1 0 0 79 14 0 1 0 0 83 13 0 1 2 75 51 33 0 1 2 75 57 14 0 1 3 1333 73 34 0 1 3 1333 71 54 0 1 3 1333 67 13 0 1 2 175 66 34 0 1 2 175 59 14 0 1 2 175 66 54 0 1 2 175 57 33 0 1 2 175 66 24 2 25 3 2333 81 14 0 1 0 3 76 54 0 1 0 3 58 32 2 25 0 3 56 34 0 1 0 3 72 54 0 1 0 3 71
4/4 13 0 1 0 0 43 33 0 1 0 0 53 34 1 5 3 333 44 14 2 25 1 5 17 54 2 25 0 1 78 522 1 5 0 2 70 614 0 1 0 2 71 23 0 1 0 2 57 24 0 1 0 2 77 22 1 5 1 25 49 523 3 333 0 3 73 613 1 5 3 3333 75
4/4 23 2 25 0 0 96 54 2 25 1 5 104 22 0 1 0 1 59 21 0 1 0 1 51 524 0 1 0 1 82 23 3 333 3 1333 65 613 2 25 3 1667 95 312 0 1 0 2 69 313 0 1 0 2 81 54 0 1 0 2 76 23 3 333 2 225 83 613 2 25 3 2667 102 522 0 1 0 3 71 523 0 1 0 3 67 614 0 1 0 3 78 23 0 1 0 3 64 613 1 5 3 3333 84 23 2 25 2 375 52
4/4 54 0 1 0 0 75 73 0 1 0 0 78 23 0 1 0 0 89 52 0 1 2 25 68 73 0 1 2 25 88 23 0 1 2 25 82 23 0 1 2 125 61 73 0 1 2 125 57 53 0 1 2 125 62 25 0 1 3 1667 78 55 0 1 3 1667 65 24 0 1 3 1667 71 23 0 1 2 225 68 24 0 1 2 225 90 25 0 1 2 225 86 55 0 1 2 225 83 73 0 1 2 225 59 53 0 1 2 225 56 15 2 25 2 275 106 22 3 333 2 325 65 25 0 1 2 325 83 75 0 1 2 325 92 55 0 1 2 325 83 24 0 1 2 325 82
4/4 25 0 1 0 0 87 75 0 1 0 0 88 55 0 1 0 0 83 24 0 1 0 0 83 23 0 1 2 25 53 73 0 1 2 25 56 53 0 1 2 25 52 24 2 25 2 125 91 25 2 25 2 175 90 45 0 1 2 225 65 615 0 1 2 225 76 15 0 1 2 225 95 46 0 1 2 225 94 42 0 1 2 225 80 46 0 1 2 225 82 43 0 1 2 325 53 23 0 1 2 325 57 613 0 1 2 325 51 15 3 667 3 3333 71 45 3 667 3 3333 65
4/4 15 3 667 0 0 77 45 3 833 0 0 55 23 0 1 3 333 64 43 0 1 3 333 64 613 0 1 3 333 56 11 0 1 3 1333 61 12 0 1 3 1333 66 76 1 5 2 175 88 616 1 5 0 2 77 46 2 25 3 2333 70 23 0 1 3 2333 62 613 0 1 3 2333 58 43 0 1 3 2333 61 15 2 25 3 2667 76 75 1 5 0 3 79 615 2 25 3 3333 77 55 2 25 2 375 75
4/4 45 3 333 0 0 84 55 3 83 0 0 74 32 2 25 3 333 79 55 2 75 1 5 104 23 0 1 1 15 53 33 0 1 1 15 48 53 0 1 1 15 52 73 0 1 1 15 56 25 0 1 0 2 70 24 0 1 0 2 72 55 0 1 0 2 61 75 0 1 0 2 72 23 0 1 1 25 60 24 0 1 1 25 95 25 0 1 1 25 89 55 0 1 1 25 60 75 0 1 1 25 63 33 0 1 1 25 54 73 0 1 1 25 50 53 0 1 1 25 53 15 2 25 0 3 90 71 2 25 1 35 65 25 0 1 1 35 102 24 0 1 1 35 79 55 0 1 1 35 71 75 0 1 1 35 82
4/4 25 0 1 0 0 92 24 0 1 0 0 79 55 0 1 0 0 82 75 0 1 0 0 68 23 0 1 1 5 60 33 0 1 1 5 64 53 0 1 1 5 48 73 0 1 1 5 52 24 1 5 1 15 90 25 2 25 0 2 70 45 0 1 3 2333 67 15 0 1 3 2333 81 46 0 1 3 2333 96 75 0 1 1 25 78 21 2 25 1 25 64 13 0 1 1 35 62 73 0 1 1 35 59 22 0 1 1 35 55 43 0 1 1 35 66
4/4 13 0 1 1 5 70 73 0 1 1 5 74 22 0 1 1 5 55 43 0 1 1 5 50 72 1 5 3 1667 80 73 0 1 3 2667 59 43 0 1 3 2667 68 34 3 667 3 2667 50 25 0 1 3 3667 102 24 0 1 3 3667 91 23 3 333 3 3667 50
4/4 73 0 1 0 0 60 43 0 1 0 0 54 23 3 167 0 0 39 46 0 1 2 25 77 45 0 1 2 25 83 55 0 1 1 5 69 15 0 1 1 5 76 36 0 1 1 5 89 12 2 25 2 75 78 56 0 1 2 75 88 53 0 1 2 175 61 34 0 1 2 175 42 13 0 1 2 175 55 55 0 1 2 225 78 56 0 1 2 225 68 15 0 1 2 225 75 36 0 1 2 225 62 34 0 1 2 275 65 55 0 1 2 275 66 56 0 1 2 275 62 36 0 1 2 275 66 13 0 1 2 275 68 53 0 1 2 275 59 15 0 1 2 275 54 46 2 25 2 325 84 56 0 1 2 375 82 15 0 1 2 375 67 55 0 1 2 375 82 36 0 1 2 375 76 33 2 25 2 375 67
4/4 56 0 1 0 0 79 15 0 1 0 0 77 55 0 1 0 0 75 36 0 1 0 0 60 13 0 1 2 75 52 34 0 1 2 75 44 53 0 1 2 75 55 45 0 1 1 25 58 15 0 1 1 25 79 46 0 1 1 25 80 612 3 333 3 2667 75 43 2 25 2 375 68
4/4 44 0 1 3 667 69 14 0 1 3 667 72 15 0 1 3 667 74 45 0 1 3 667 80 613 0 1 3 667 66 13 0 1 3 667 56 24 0 1 1 15 54 25 0 1 1 15 83 75 0 1 1 15 76 45 0 1 3 1667 59 25 0 1 3 1667 72 75 0 1 3 1667 70 72 2 25 2 175 62 73 0 1 2 275 62 44 0 1 2 275 55 23 0 1 2 275 51 43 2 25 2 375 80
4/4 14 0 1 3 667 68 35 0 1 3 667 69 55 0 1 3 667 71 15 0 1 3 667 79 12 2 25 2 75 74 53 0 1 3 1667 77 34 0 1 3 1667 66 13 0 1 3 1667 64 15 0 1 2 225 96 35 0 1 2 225 73 55 0 1 2 225 73 12 0 1 3 2667 80 15 0 1 3 2667 62 55 0 1 3 2667 76 35 0 1 3 2667 86 25 3 333 2 325 96 42 0 1 3 3667 89 15 0 1 3 3667 98 45 0 1 3 3667 70 14 0 1 3 3667 89
4/4 45 0 1 0 0 86 14 0 1 0 0 78 75 3 333 2 25 73 44 0 1 3 667 70 73 0 1 3 667 54 43 0 1 3 667 49 13 0 1 3 667 59 14 0 1 2 75 64 55 0 1 2 75 80 613 2 25 2 175 66 75 2 25 2 225 82 72 1 5 2 275 81 75 0 1 2 275 79 24 0 1 2 275 67 74 0 1 2 275 74 45 0 1 2 275 69 43 2 25 2 325 62 73 2 25 2 375 74
4/4 73 3 417 0 0 83 75 0 1 0 0 94 24 0 1 0 0 83 74 0 1 0 0 89 45 0 1 0 0 83 13 3 667 2 25 95 23 2 25 3 667 92 44 3 333 2 125 90 21 0 1 3 1667 79 22 0 1 3 1667 79 524 0 1 3 1667 85 23 1 5 0 2 74 524 3 333 2 225 65 312 0 1 3 2667 77 313 0 1 3 2667 85 54 3 333 3 2667 102 23 3 333 0 3 88 54 3 333 2 325 90 522 0 1 3 3667 96 523 0 1 3 3667 87 614 0 1 3 3667 96
4/4 23 3 333 0 0 90 614 2 25 3 333 92 54 0 1 2 75 58 74 0 1 2 75 84 55 0 1 2 75 83 24 0 1 2 75 84 52 0 1 2 75 76 53 0 1 2 75 85 53 0 1 0 2 86 23 0 1 0 2 74 73 0 1 0 2 75 55 0 1 1 25 85 74 0 1 1 25 90 24 0 1 1 25 70 23 0 1 0 3 57 55 0 1 0 3 81 73 0 1 0 3 56 24 0 1 0 3 78 74 0 1 0 3 80 53 0 1 0 3 64 615 2 25 3 3333 99 21 0 1 2 375 74 22 0 1 2 375 87
4/4 55 0 1 0 0 110 74 0 1 0 0 73 24 0 1 0 0 75 23 0 1 2 75 90 53 0 1 2 75 80 73 0 1 2 75 71 23 0 1 2 175 81 73 0 1 2 175 61 53 0 1 2 175 75 55 0 1 2 225 87 74 0 1 2 225 83 24 0 1 2 225 83 21 0 1 2 275 80 22 0 1 2 275 85 14 0 1 2 275 82 45 0 1 2 275 79 75 0 1 2 275 90 23 0 1 2 375 73 22 0 1 2 375 74 613 0 1 2 375 66 43 0 1 2 375 65
4/4 23 0 1 3 667 76 613 0 1 3 667 74 22 0 1 3 667 59 615 0 1 3 667 90 614 0 1 3 667 88 24 0 1 3 667 67 612 0 1 3 1667 81 611 0 1 3 1667 83 24 0 1 3 1667 94 614 0 1 3 1667 77 44 0 1 3 1667 82 23 0 1 3 2667 72 613 0 1 3 2667 60 43 0 1 3 2667 60 22 0 1 3 3667 63 44 0 1 3 3667 88 614 0 1 3 3667 72
4/4 11 0 1 1 5 65 12 0 1 1 5 82 14 0 1 1 5 101 34 0 1 1 5 81 54 0 1 1 5 85 12 0 1 1 15 71 13 0 1 1 15 62 53 0 1 1 15 59 45 0 1 3 2667 89 54 0 1 3 2667 85 74 0 1 3 2667 76 71 0 1 3 3667 65 72 0 1 3 3667 85 24 0 1 3 3667 101 44 0 1 3 3667 93 74 0 1 3 3667 78
4/4 24 0 1 0 0 89 44 0 1 0 0 87 74 0 1 0 0 92 73 0 1 3 667 75 43 0 1 3 667 65 14 0 1 3 667 107 44 0 1 3 667 89 73 0 1 3 1667 78 22 0 1 3 1667 79 24 0 1 3 1667 111 44 0 1 3 1667 85 74 0 1 3 1667 83 615 0 1 3 2667 94 14 0 1 3 2667 90 45 0 1 3 2667 75 22 0 1 3 2667 97 21 0 1 3 2667 76 23 0 1 2 375 71 613 0 1 2 375 58 43 0 1 2 375 58
4/4 615 0 1 2 25 75 14 0 1 2 25 73 45 0 1 2 25 70 23 0 1 2 75 77 613 0 1 2 75 65 615 0 1 2 75 89 14 0 1 2 75 71 45 0 1 2 75 64 43 0 1 2 75 50 24 0 1 2 125 84 75 0 1 2 125 91 45 0 1 2 125 68 42 0 1 3 1667 67 43 0 1 3 1667 71 615 0 1 2 175 104 14 0 1 2 175 83 45 0 1 2 175 80 23 0 1 2 275 86 43 0 1 2 275 72 613 0 1 2 275 69 23 0 1 3 3667 73 43 0 1 3 3667 57 613 0 1 3 3667 68 614 0 1 3 3667 92 45 0 1 3 3667 67 24 0 1 3 3667 61
4/4 52 0 1 3 667 72 53 0 1 3 667 83 24 0 1 3 667 77 55 0 1 3 667 70 74 0 1 3 667 92 75 0 1 3 667 85 54 0 1 3 1667 76 53 0 1 3 1667 60 23 0 1 3 1667 65 73 0 1 2 175 59 23 0 1 2 175 63 74 1 5 2 225 79 615 0 1 3 2667 90 24 0 1 3 2667 84 42 0 1 3 3667 63 43 0 1 3 3667 66 24 0 1 3 3667 79 614 0 1 3 3667 81 44 0 1 3 3667 82
4/4 24 0 1 0 0 89 614 0 1 0 0 75 44 0 1 0 0 70 23 0 1 3 667 67 43 0 1 3 667 51 613 0 1 3 667 69 24 0 1 3 1667 82 25 0 1 3 1667 70 55 0 1 1 25 61 75 0 1 1 25 78 25 0 1 1 25 79 56 0 1 1 25 73 33 3 333 3 2667 64 73 0 1 3 3667 54 54 0 1 3 3667 57
4/4 56 3 333 0 0 70 55 2 75 0 0 70 74 0 1 3 667 66 34 0 1 3 667 58 54 0 1 3 667 52 46 3 333 3 667 56 36 2 25 2 125 51 45 0 1 3 1333 58 75 0 1 3 1333 56 22 0 1 3 1333 59 15 0 1 3 1333 65 46 0 1 3 1667 78 73 0 1 1 25 57 44 0 1 1 25 62 45 0 1 1 25 52 75 0 1 1 25 58 75 0 1 3 3667 63 74 0 1 3 3667 62 76 0 1 3 3667 48 23 0 1 3 3667 45
4/4 24 0 1 1 5 46 45 0 1 1 5 43 46 0 1 2 75 36 47 0 1 2 75 37 24 0 1 0 3 80 23 0 1 0 3 79 45 0 1 1 35 82 44 0 1 1 35 83
4/4 12 2 25 0 0 67 55 0 1 0 0 91 74 0 1 0 0 87 54 0 1 0 0 80 35 0 1 0 0 65 53 0 1 0 1 80 34 0 1 0 1 83 13 0 1 0 1 81 35 0 1 0 2 92 75 0 1 0 2 76 74 0 1 0 2 83 615 0 1 0 3 88 14 0 1 0 3 79 22 0 1 0 3 81 45 0 1 0 3 60
4/4 24 0 1 0 0 94 614 0 1 0 0 81 44 0 1 0 0 75 613 0 1 0 0 69 13 0 1 0 0 60 22 2 25 2 75 83 44 0 1 2 125 75 45 0 1 2 125 74 614 0 1 2 125 68 14 0 1 2 125 68 32 2 25 2 175 66 74 0 1 2 175 93 55 0 1 2 175 93 24 0 1 2 175 81 54 0 1 2 175 87 33 0 1 2 275 65 23 0 1 2 275 61 54 0 1 2 275 78 53 0 1 2 275 58 24 0 1 2 275 80 73 0 1 2 275 53 74 0 1 2 375 77 55 0 1 2 375 74 54 0 1 2 375 62 24 0 1 2 375 56
4/4 54 0 1 3 667 44 24 0 1 3 667 59 74 0 1 3 667 55 55 0 1 2 75 38 25 0 1 2 75 64 56 0 1 2 75 67 23 3 333 3 2667 78 44 3 333 2 325 87 73 0 1 3 3667 59 34 0 1 3 3667 74 54 0 1 3 3667 68 11 2 25 2 375 60
4/4 73 0 1 0 0 63 34 0 1 0 0 66 54 0 1 0 0 75 11 2 25 0 0 67 12 2 25 3 667 54 73 0 1 3 1667 65 74 0 1 3 1667 83 34 0 1 3 1667 89 54 0 1 3 1667 62 53 0 1 3 1667 74 21 0 1 3 2667 73 44 0 1 3 2667 68 614 0 1 3 2667 101 13 0 1 3 2667 85 44 0 1 3 2667 83 613 0 1 3 3667 47 23 0 1 3 3667 76 22 0 1 3 3667 49 43 0 1 3 3667 53
4/4 613 0 1 0 0 40 23 0 1 0 0 70 22 0 1 0 0 45 43 0 1 0 0 46 44 3 333 2 125 80 54 0 1 3 1667 82 13 0 1 3 1667 68 23 0 1 3 1667 76 52 3 667 3 1667 69 22 1 5 2 225 61 53 1 5 2 275 62 13 2 75 2 325 80 23 3 333 3 3667 85
4/4 23 3 167 0 0 80 54 3 667 2 25 78 55 0 1 3 667 91 23 0 1 3 667 70 13 0 1 0 1 50 24 0 1 0 1 68 53 0 1 1 15 46 14 0 1 1 15 69 54 2 75 0 2 66 22 2 75 1 25 70 14 2 25 1 25 84 24 0 1 0 3 86 714 0 1 1 35 94 54 0 1 1 35 89 52 1 5 1 35 84
4/4 22 1 5 0 0 70 24 3 333 0 0 96 714 0 1 0 0 87 54 0 1 0 0 88 52 2 25 0 0 87 53 1 5 1 5 81 54 2 25 0 1 81 713 1 5 0 1 93 23 0 1 1 15 100 714 0 1 1 15 101 55 2 25 0 2 99 62 0 1 1 25 95 61 0 1 1 25 82 224 0 1 1 25 83 65 0 1 1 25 75 35 0 1 1 25 75 64 0 1 1 25 80 62 0 1 3 3667 66 63 0 1 3 3667 108
4/4 63 0 1 2 75 77 64 0 1 2 75 93 66 0 1 2 75 82 65 0 1 2 75 93 15 0 1 2 75 86 36 0 1 2 75 92 34 0 1 2 75 60 13 0 1 2 75 74 221 0 1 1 25 75 314 0 1 1 25 83 224 0 1 1 25 78 64 0 1 1 25 59 62 1 5 2 325 59 313 2 25 2 375 85
4/4 65 0 1 2 25 84 63 0 1 2 25 72 223 0 1 3 667 80 65 0 1 3 667 84 63 0 1 2 125 53 525 0 1 2 125 85 64 0 1 3 1667 69 224 0 1 3 1667 69 315 0 1 3 1667 71 65 0 1 3 1667 86 222 0 1 3 1667 88 63 3 333 0 2 64 34 1 5 3 2667 67 314 0 1 0 3 61 64 2 25 3 3667 86
4/4 65 1 5 0 0 85 714 0 1 1 5 67 35 0 1 1 5 63 525 0 1 1 5 72 712 0 1 1 5 78 715 0 1 1 5 80 523 1 5 2 125 80 525 0 1 2 175 76 713 1 5 2 175 64 223 2 25 2 225 67 34 3 667 2 275 73 524 3 667 2 325 81 526 2 25 2 375 89 713 2 25 2 375 61
4/4 713 2 25 0 0 73 34 3 667 2 25 59 316 2 25 2 25 86 524 0 1 2 75 63 36 0 1 2 75 60 224 2 25 2 125 69 225 3 667 2 125 79 715 1 5 2 175 77 35 2 25 2 175 75 525 2 25 3 2333 77 315 0 1 2 275 79 65 0 1 2 275 68 612 0 1 2 275 88 225 0 1 2 275 77 313 1 5 1 35 73
4/4 613 1 5 0 0 86 66 0 1 3 333 88 316 0 1 3 333 77 65 0 1 3 333 88 713 0 1 3 333 67 66 0 1 0 1 69 65 0 1 0 1 75 316 0 1 0 1 84 223 3 667 0 1 65 526 0 1 3 1333 77 314 0 1 3 1333 81 65 0 1 2 175 58 225 0 1 2 175 84 316 0 1 2 175 90 66 0 1 2 175 70 613 3 667 0 2 67 223 3 667 3 2333 70 314 3 667 2 275 76 64 1 5 3 3333 66
4/4 66 0 1 0 0 91 714 0 1 0 0 74 224 2 25 3 333 69 715 0 1 3 667 66 36 0 1 3 667 58 526 0 1 3 667 63 62 0 1 3 667 91 716 0 1 0 1 94 33 3 333 3 1333 69 63 3 667 0 2 76 713 1 5 1 25 78 34 1 5 0 3 64 64 1 5 1 35 67 714 0 1 2 375 68 35 0 1 2 375 63
4/4 525 0 1 0 0 70 715 0 1 0 0 78 64 3 167 0 0 73 714 0 1 0 0 67 35 0 1 0 0 61 62 0 1 0 2 78 65 0 1 0 2 70 715 2 25 3 2667 88 224 0 1 0 3 79 225 0 1 0 3 75 525 0 1 0 3 69 615 0 1 0 3 87 522 3 667 0 3 92 222 3 333 3 3667 69
4/4 63 1 5 0 0 63 222 3 167 0 0 60 613 0 1 1 5 54 224 0 1 1 5 88 225 0 1 1 5 77 615 0 1 1 5 72 223 0 1 0 1 79 225 0 1 0 1 84 615 2 25 2 125 64 524 2 25 1 15 79 225 0 1 0 2 64 224 0 1 0 2 97 525 0 1 0 2 66 615 0 1 0 2 70 523 1 5 0 2 71 223 1 5 1 25 61 64 3 667 0 3 76 614 3 333 3 3667 63
4/4 225 3 333 2 25 81 715 0 1 2 125 84 525 0 1 2 125 73 714 2 175 2 125 73 33 2 75 2 125 79 713 2 75 2 175 65 34 2 25 2 225 66 524 2 25 2 275 89 525 0 1 2 325 103 713 0 1 2 325 60 33 2 25 3 3667 58
4/4 714 0 1 2 25 83 65 0 1 2 25 79 315 0 1 2 25 85 312 2 75 2 25 64 712 1 5 2 75 53 313 2 25 2 125 75 523 2 25 2 175 78 63 2 25 2 225 76 713 2 25 2 275 95 613 0 1 2 325 81 524 0 1 2 325 97 21 0 1 2 325 93 23 0 1 2 325 60 612 2 25 2 375 68
4/4 612 2 25 0 0 59 22 1 5 2 25 81 525 2 25 2 75 84 523 1 5 2 75 59 613 0 1 2 125 73 525 0 1 2 125 90 614 0 1 2 125 76 525 0 1 2 125 91 24 0 1 2 125 57 23 2 125 2 175 77 65 2 25 2 175 81 525 2 175 2 225 94 614 3 1333 2 225 74 22 0 1 2 225 87 24 0 1 2 225 76 523 2 75 2 275 68 613 1 5 2 325 62 23 2 25 2 375 79
4/4 23 3 417 0 0 81 524 2 25 3 333 76 224 1 5 3 333 86 614 2 25 2 75 90 64 0 1 3 1333 66 62 0 1 3 1333 79 65 0 1 3 1333 69 224 0 1 3 1333 69 35 2 125 3 1333 69 33 3 333 2 175 73 63 1 5 3 2333 73 64 0 1 2 275 90 223 0 1 2 275 72 34 3 667 3 3333 76 224 2 25 3 3333 80 35 2 25 2 375 91
4/4 35 1 5 0 0 82 63 0 1 3 333 72 34 0 1 3 333 66 14 0 1 3 333 76 64 3 667 0 1 89 73 0 1 3 1333 79 34 0 1 3 1333 79 224 0 1 3 1333 94 64 0 1 0 2 96 34 0 1 1 25 65 13 0 1 1 25 79 35 3 667 1 25 105 222 3 333 3 3667 84 223 0 1 3 3667 63 314 0 1 3 3667 67 64 0 1 3 3667 73 224 0 1 3 3667 93 64 0 1 3 3667 64
4/4 222 3 333 0 0 94 223 0 1 0 0 80 314 0 1 0 0 73 64 0 1 0 0 60 224 0 1 0 0 77 64 0 1 0 0 67 63 1 5 2 25 57 314 1 5 2 75 83 63 3 667 2 125 49 65 2 25 2 125 90 65 0 1 2 175 73 34 0 1 2 175 72 315 0 1 2 175 83 63 3 667 2 225 57 35 0 1 2 225 72 525 0 1 2 225 84 224 0 1 2 275 70 65 0 1 2 275 68 315 0 1 2 275 71 222 3 667 2 275 74 63 1 5 3 3333 53 314 2 25 2 375 65
4/4 224 0 1 0 0 83 65 0 1 0 0 77 315 0 1 0 0 67 314 2 25 0 0 74 63 0 1 2 25 49 224 0 1 2 25 84 34 0 1 2 75 62 65 0 1 2 75 77 224 0 1 2 125 78 63 0 1 2 125 62 714 3 2333 3 1667 83 35 0 1 2 175 52 525 0 1 2 175 79 715 0 1 2 175 82 712 0 1 2 175 81 525 0 1 2 175 67 715 0 1 2 175 74 523 1 5 3 2333 55 34 3 333 0 3 61 525 0 1 0 3 82 523 1 5 3 3333 61
4/4 223 3 333 0 0 78 714 3 917 0 0 77 525 2 125 0 0 81 523 1 5 3 333 60 712 0 1 2 75 59 315 0 1 2 75 73 523 0 1 3 1333 75 35 0 1 3 1333 77 34 3 333 0 2 60 224 3 667 0 2 86 523 1 5 3 2333 63 714 0 1 0 3 85 223 0 1 0 3 62 523 2 25 1 35 57 314 0 1 2 375 60 64 0 1 2 375 54 224 0 1 2 375 82 612 0 1 2 375 73
4/4 314 0 1 0 0 71 64 0 1 0 0 61 224 0 1 0 0 66 612 0 1 0 0 76 313 1 5 1 5 61 713 1 5 0 1 64 65 2 25 1 15 88 313 1 5 1 15 63 65 0 1 0 2 58 64 0 1 0 2 88 315 0 1 0 2 85 223 0 1 0 2 58 525 0 1 1 25 72 313 0 1 1 25 61 65 0 1 0 3 74 64 0 1 0 3 64 224 0 1 0 3 70 315 0 1 0 3 79 612 3 667 0 3 73 313 3 333 3 3667 62
4/4 713 3 333 0 0 68 65 0 1 0 0 70 64 0 1 0 0 66 224 0 1 0 0 66 315 0 1 0 0 80 313 3 167 0 0 66 313 1 5 3 667 53 65 2 75 0 1 95 223 3 333 2 125 68 313 3 333 3 1667 71 714 0 1 0 2 67 525 0 1 0 2 79 35 0 1 0 2 59 525 0 1 0 2 61 715 0 1 0 2 94 62 3 667 2 225 70 33 1 5 3 2667 62 713 1 5 2 325 74 33 2 25 2 375 69
4/4 714 0 1 0 0 61 525 0 1 0 0 75 35 0 1 0 0 59 525 0 1 0 0 68 715 0 1 0 0 94 33 2 25 0 0 68 63 1 5 2 25 64 33 1 5 2 75 81 62 3 667 2 125 75 33 1 5 2 175 77 64 0 1 2 225 86 65 0 1 2 225 92 713 1 5 2 225 74 33 1 5 2 275 66 714 0 1 2 325 80 715 0 1 2 325 84 63 1 5 3 3333 78 33 2 25 2 375 74
4/4 224 0 1 2 25 70 315 0 1 2 25 74 615 0 1 3 333 64 225 0 1 3 333 85 522 3 667 3 333 65 222 1 5 0 1 68 63 1 5 3 1333 65 222 1 5 0 2 68 225 3 333 0 2 75 225 0 1 3 2333 73 613 0 1 3 2333 77 224 0 1 3 2333 70 315 0 1 3 2333 62 222 0 1 0 3 76 715 0 1 0 3 72 224 0 1 1 35 69 225 0 1 1 35 88 315 0 1 1 35 59 615 0 1 1 35 57 522 1 5 1 35 62
4/4 222 1 5 0 0 56 224 0 1 0 0 68 225 0 1 0 0 80 315 0 1 0 0 76 615 0 1 0 0 58 522 3 167 0 0 78 63 1 5 1 5 56 613 1 5 0 1 47 225 0 1 1 15 80 223 0 1 1 15 64 314 0 1 0 2 55 224 0 1 0 2 72 714 3 1667 3 2333 73 525 1 15 1 25 77 715 3 1333 3 2667 89 32 1 5 3 2667 71 33 1 5 2 325 65 523 3 333 3 3667 64
4/4 714 3 667 0 0 57 715 3 417 0 0 77 523 3 167 0 0 67 713 2 75 2 25 68 34 2 25 2 75 62 525 1 5 2 75 80 714 2 275 2 125 88 315 2 225 2 175 64 65 2 225 2 175 67 312 3 667 2 175 88 712 1 5 2 225 52 63 1 5 2 275 65 713 3 667 2 325 67 314 2 25 2 375 62
4/4 315 2 25 0 0 80 65 1 5 0 0 62 314 3 417 0 0 69 714 3 667 3 333 73 614 0 1 3 667 58 224 0 1 3 667 59 525 0 1 3 667 81 523 2 75 2 75 76 223 3 667 3 1333 53 64 3 333 2 175 68 525 2 25 3 2333 89 223 3 667 3 2333 51 525 0 1 2 275 73 614 0 1 2 275 69 224 0 1 2 275 68 523 0 1 2 275 58 65 2 25 3 3333 64
4/4 525 0 1 0 0 72 714 0 1 0 0 72 712 0 1 0 0 59 35 0 1 0 0 61 523 1 5 3 333 52 223 2 25 0 1 43 224 3 1333 0 1 70 34 1 5 1 15 42 524 2 25 0 2 60 315 2 25 1 25 73 313 3 667 0 3 53 315 0 1 0 3 66 64 0 1 0 3 69 713 1 5 1 35 52
4/4 524 1 5 0 0 66 315 0 1 0 0 68 713 2 125 0 0 55 64 2 75 1 5 62 33 2 25 2 125 45 714 1 5 2 125 58 224 1 5 3 1667 49 222 0 1 2 225 36 713 0 1 2 225 42 64 0 1 2 225 51 314 0 1 2 225 42 64 0 1 2 225 56 35 2 125 2 225 60 224 3 667 3 3333 52
4/4 222 0 1 0 0 39 713 0 1 0 0 48 64 0 1 0 0 54 314 0 1 0 0 47 64 0 1 0 0 39 224 3 583 0 0 49 613 0 1 1 15 61 223 0 1 1 15 57 522 0 1 1 15 67 524 0 1 1 15 69 222 3 667 0 2 44 63 2 25 3 2667 50 524 2 25 2 325 75 613 1 5 2 325 63 524 3 333 3 3667 90
4/4 64 2 25 2 25 77 524 2 175 2 75 71 713 0 1 2 75 63 34 0 1 2 75 54 523 0 1 2 75 34 712 0 1 2 75 54 223 2 75 0 2 59 314 2 25 1 35 48
4/4 314 0 1 0 0 66 63 0 1 0 0 69 312 0 1 0 0 61 63 0 1 0 0 63 712 2 25 1 5 48 63 3 667 0 1 38 713 1 5 3 1667 39 314 2 75 2 225 59 64 2 25 2 275 40 316 0 1 3 3333 70 222 0 1 3 3333 63 315 3 667 3 3333 53
4/4 63 2 25 0 0 52 315 3 333 0 0 71 36 2 125 1 5 76 34 1 5 1 5 51 314 3 333 0 1 41 64 0 1 3 1667 51 715 0 1 3 1667 52 714 2 25 2 225 53 524 0 1 2 275 43 224 0 1 2 275 49 525 0 1 0 3 40 615 0 1 0 3 33 225 0 1 0 3 43 526 3 667 3 3333 52
4/4 524 0 1 0 0 35 224 0 1 0 0 38 526 3 583 0 0 63 526 2 25 0 1 63 526 3 667 3 1667 61 66 1 5 2 225 61 526 0 1 2 275 56 525 0 1 2 275 37 714 0 1 2 275 37 715 2 75 0 3 51 36 0 1 0 3 59
4/4 526 0 1 0 0 49 525 0 1 0 0 41 714 0 1 0 0 32 225 0 1 2 25 54 316 3 667 2 225 87 315 0 1 2 275 60 316 0 1 2 275 64 612 2 75 0 3 55 313 1 5 1 35 50
4/4 66 2 125 2 25 55 613 1 5 2 25 48 713 3 667 2 75 51 223 1 5 3 1333 52 66 2 25 0 2 70 314 1 5 0 2 52 66 1 15 1 25 55 64 3 667 3 2667 55 714 2 75 2 325 43
4/4 224 0 1 0 0 33 66 2 75 0 0 61 315 3 667 2 75 25 526 0 1 2 75 50 65 1 25 1 15 45 66 3 333 1 15 40 615 0 1 1 25 33 226 0 1 1 25 53 66 0 1 2 375 41 225 0 1 2 375 27 715 0 1 2 375 35
4/4 65 0 1 0 0 52 615 0 1 0 0 37 226 0 1 0 0 34 66 0 1 0 0 45 225 0 1 0 0 34 715 0 1 0 0 31
