4/4 33 0 1 0 3 44
4/4 73 3 667 0 0 45 44 2 25 0 1 39 54 0 2 0 2 37 24 0 1 0 3 30
4/4 54 3 333 0 0 37 33 0 1 0 3 40
4/4 73 2 75 0 0 41 44 2 25 2 75 46 54 2 225 2 175 48 45 2 125 2 275 39
4/4 54 2 125 0 0 48 75 0 1 3 3667 62 33 0 1 3 3667 42
4/4 75 0 1 0 0 62 33 0 1 0 0 42 73 1 5 3 667 35 44 2 25 3 1667 46 36 2 125 3 1667 68 54 3 1333 3 2667 44 25 1 5 1 35 64 24 3 333 3 3667 38
4/4 54 3 417 0 0 44 25 2 75 0 0 64 24 3 333 0 0 38 75 1 5 3 2667 68 15 3 333 3 3667 63 43 3 333 3 3667 44
4/4 15 0 7 0 0 63 43 3 667 0 0 44 13 3 667 2 75 37 54 2 25 3 1667 44 64 3 1333 3 2667 44 35 3 333 3 3667 39
4/4 64 3 2917 0 0 44 35 3 2667 0 0 39
4/4 15 0 1 0 0 60 65 0 1 0 0 57 44 0 1 0 0 44 14 1 5 0 1 47 55 2 25 2 175 43 66 2 75 2 175 72 65 2 25 2 275 54 65 3 667 3 3333 43 15 0 1 1 35 49 316 0 1 1 35 58 56 0 1 1 35 64 44 3 333 3 3667 44
4/4 65 3 2083 0 0 43 15 0 1 0 0 49 316 0 1 0 0 58 56 0 1 0 0 64 44 3 917 0 0 44 14 0 1 3 667 42 315 1 5 3 1667 42 316 1 5 1 25 76 65 2 75 2 325 45 15 0 1 3 3333 50 46 0 1 3 3333 62 43 1 5 1 35 45
4/4 65 2 425 0 0 45 15 0 1 0 0 50 46 0 1 0 0 62 43 1 5 0 0 45 13 3 667 3 333 44 54 2 25 3 1333 42 64 2 175 2 225 42 35 2 75 2 325 38
4/4 64 1 25 0 0 42 35 3 1917 0 0 38 56 1 5 2 125 74 66 1 5 0 2 70 225 0 1 2 275 52 46 0 1 2 275 57 76 0 1 0 3 72 54 2 75 2 325 52
4/4 74 2 125 0 0 52 225 0 1 0 0 52 46 0 1 0 0 57 76 0 1 0 0 72 54 2 25 0 0 52 224 0 1 0 1 51 45 0 1 2 175 47 76 0 1 2 175 65 225 0 1 2 275 48 76 0 1 2 275 59 75 0 1 2 275 39
4/4 46 3 333 3 667 64 316 1 25 1 15 66 13 0 1 1 25 55 54 3 667 3 3333 52
4/4 316 1 35 0 0 66 54 3 333 0 0 52 14 2 25 3 333 48 45 0 2 3 1333 40 315 0 1 3 2333 38 75 0 1 3 2333 49
4/4 46 0 1 2 25 77 224 0 1 2 25 48 56 1 5 0 1 84 15 0 1 2 175 58 36 0 1 2 175 60 66 2 175 0 2 72 43 0 1 0 2 52 13 1 5 0 3 46 64 2 25 2 375 52
4/4 15 0 1 0 0 58 36 0 1 0 0 60 14 2 175 2 75 46 66 3 333 2 75 64 66 0 1 2 175 56 65 0 1 2 175 42 15 0 1 2 175 52 36 3 333 3 3667 68
4/4 25 3 3333 3 667 68 73 0 1 1 15 54 44 3 667 1 25 44 14 1 5 1 35 49
4/4 25 3 2667 0 0 68 35 0 2 3 333 42 75 0 1 3 1333 43 24 0 1 3 1333 32 36 1 5 3 3333 77
4/4 46 3 333 3 333 77 24 0 1 0 1 50 55 0 1 0 1 58 75 0 1 0 1 65 53 0 1 3 1333 45 23 2 175 2 225 55 74 3 333 0 3 72
4/4 54 3 333 0 0 68 23 2 25 0 0 55 224 3 2333 3 667 59 315 2 325 3 667 57 75 2 225 0 1 72 523 0 1 0 1 68 314 3 1667 2 175 62 74 1 5 2 275 63 224 2 25 2 375 57
4/4 14 0 1 2 25 48 35 0 1 2 25 51 65 0 1 3 667 55 75 0 1 3 667 60 43 0 1 3 667 45 13 1 5 3 1667 46 64 0 1 3 2667 46 14 2 25 3 3667 43
4/4 24 3 3333 3 667 37 314 3 3333 3 667 30 525 0 1 3 667 41 75 0 1 3 667 47 225 3 2333 0 1 49 715 3 667 3 3333 44
4/4 24 3 667 0 0 37 314 3 167 0 0 30 715 3 583 0 0 44 74 0 1 1 15 38 24 0 1 1 15 38 55 0 1 1 15 40 75 0 1 2 175 44 33 0 1 2 175 40 73 1 5 0 3 47
4/4 36 3 1667 0 0 68 54 2 25 0 0 46 74 2 275 2 75 53 25 0 2 0 2 51 55 3 1333 0 2 37
4/4 75 1 5 2 75 77 35 1 25 1 15 47 55 0 1 3 1667 43 65 0 1 3 1667 56 15 0 1 3 1667 63 43 0 1 2 175 45 13 3 667 2 275 57 54 3 333 3 3667 62
4/4 55 0 1 0 0 43 65 0 1 0 0 56 15 0 1 0 0 63 54 3 167 0 0 62 64 0 1 1 5 67 14 3 2667 3 1333 67 35 3 1667 3 2333 62 55 3 333 2 325 59
4/4 14 3 833 0 0 67 65 0 2 2 25 65 15 0 2 2 125 68 44 2 125 2 125 53 14 2 175 2 225 52 66 0 1 2 325 70 55 0 1 2 325 45
4/4 14 2 25 0 0 52 65 3 333 2 25 54 44 0 1 0 1 38 315 0 1 0 1 37 65 0 1 0 1 37 15 0 1 0 1 46 56 2 175 1 15 56
4/4 316 1 5 2 25 76 65 0 1 0 1 40 15 0 1 0 1 46 46 0 1 0 1 57 43 0 1 2 125 45 13 2 75 2 225 49 64 3 667 0 3 54
4/4 14 3 3667 0 0 62 65 0 1 0 0 40 15 0 1 0 0 46 46 0 1 0 0 57 45 1 15 0 1 65 46 0 1 0 2 80 65 0 1 0 2 71 56 0 1 2 275 80 75 0 1 2 275 75 55 0 1 2 275 54 66 2 25 2 375 73 15 2 25 2 375 75
4/4 66 3 417 0 0 73 75 0 1 1 5 59 225 0 1 1 5 62 46 3 2667 2 75 65 53 0 1 2 75 64 76 2 225 0 1 74 44 1 5 2 175 64 74 2 125 3 2667 67 76 3 333 3 3667 72 224 3 333 3 3667 54
4/4 224 3 2917 0 0 54 75 0 1 2 25 39 225 0 1 2 25 43 46 0 1 1 5 52 76 0 1 1 5 65 45 2 125 1 5 38 54 0 1 1 25 40 46 0 1 1 25 57 316 3 667 3 3333 76
4/4 316 0 4 0 0 76 13 0 1 2 25 58 54 2 75 2 125 53 14 0 1 0 2 57 45 0 1 0 3 40
4/4 315 2 125 0 0 51 316 3 1583 0 0 76 45 2 125 0 0 40 46 1 5 0 2 71 56 1 5 0 3 67 15 0 1 1 35 52 36 0 1 1 35 53
4/4 66 2 225 0 0 67 43 0 1 0 0 50 15 0 1 0 0 52 36 0 1 0 0 53 13 3 667 2 75 52 64 2 25 2 175 52 14 0 1 2 275 44 66 3 333 2 275 54 66 0 1 3 3667 56 35 0 1 3 3667 38 15 0 1 3 3667 50 65 2 25 2 375 35
4/4 65 2 75 0 0 35 66 0 1 0 0 56 35 0 1 0 0 38 15 0 1 0 0 50 15 3 2333 3 1667 65 56 1 15 1 25 77 73 1 5 1 35 51
4/4 15 3 1417 0 0 65 56 1 5 0 0 77 73 1 5 0 0 51 44 3 667 1 5 47 46 3 1333 3 1333 65 14 2 25 3 1333 44 35 2 25 3 2333 42 65 0 1 0 3 39 715 0 1 2 325 37 24 0 1 2 325 37 36 0 1 2 325 48
4/4 65 0 2 0 0 39 715 0 1 0 0 37 24 0 1 0 0 37 36 0 1 0 0 48 25 3 667 3 1333 52 65 2 125 2 275 40 75 0 1 0 3 42 36 0 1 0 3 59 34 2 75 2 325 41
4/4 14 0 4 0 0 47 65 2 75 0 0 40 75 0 1 0 0 42 36 0 1 0 0 59 34 2 425 0 0 41 35 0 3 0 1 53 65 2 75 0 2 63 76 2 75 2 275 63 75 2 25 2 375 47
4/4 75 2 25 0 0 47 714 0 1 2 75 36 35 0 1 2 75 35 36 0 1 2 75 37 34 0 1 2 75 21 66 2 75 2 125 49 55 0 1 0 3 33 75 0 1 0 3 44 33 2 75 2 325 39 56 2 75 2 325 49
4/4 55 0 1 0 0 33 75 0 1 0 0 44 33 1 5 0 0 39 56 2 175 0 0 49 73 2 75 2 25 43 54 2 75 2 125 51 74 0 2 0 2 56 35 0 1 0 3 64
4/4 74 1 25 0 0 56 35 2 25 0 0 64 45 3 333 2 25 56 55 2 25 1 5 55 65 3 333 2 75 57 75 0 1 0 1 64 15 0 1 0 1 68 225 2 25 1 15 68 36 0 1 3 1667 72 46 0 1 3 1667 72 56 2 25 0 2 72 66 3 333 3 2333 74 76 0 1 1 25 67 16 0 1 1 25 77 226 0 1 0 3 83 73 2 75 2 325 70
4/4 44 2 75 0 0 63 226 2 75 0 0 83 73 3 583 0 0 70 14 2 75 0 1 64 226 2 25 2 175 81 224 2 175 2 175 56 225 0 1 3 2333 50 46 0 1 3 2333 51 66 0 1 3 2667 57 65 0 1 3 2667 43 226 0 1 3 2667 73
4/4 16 3 667 0 0 80 73 0 1 1 5 52 76 1 5 1 15 74 225 0 1 0 2 44 46 0 1 0 2 51 66 0 1 2 225 53 226 0 1 2 225 70 33 2 75 2 225 55 34 2 25 2 325 58
4/4 64 0 1 0 0 52 225 0 1 0 0 44 46 0 1 0 0 51 66 0 1 0 0 53 226 0 1 0 0 70 224 2 25 0 1 47 46 0 1 0 2 39 65 0 1 0 2 38 45 0 1 0 2 36 225 1 5 0 2 39 46 0 1 0 3 77
4/4 64 0 1 0 0 61 226 0 1 0 0 84 76 2 25 0 1 84 15 0 1 1 15 51 36 0 1 1 15 58 56 0 1 3 1667 60 16 0 1 3 1667 74 63 0 1 2 175 57 34 2 75 3 2667 61 74 3 333 3 3667 57
4/4 14 2 275 1 5 49 16 1 5 1 5 77 15 0 1 2 125 38 36 0 1 2 125 43 56 0 1 2 125 47 55 3 1667 1 15 38 16 3 667 1 15 62 76 2 75 0 3 65
4/4 66 2 25 2 25 63 15 3 2333 2 75 44 316 0 1 2 75 44 56 0 1 2 75 58 16 0 1 2 75 60 63 2 75 0 1 41 314 1 15 0 2 46 14 1 5 0 3 46
4/4 15 2 25 0 0 47 44 0 1 0 1 40 63 0 1 0 1 36 64 0 1 0 1 35 65 0 1 0 1 49 14 0 1 0 1 50 75 1 5 0 2 55 15 3 333 3 2333 60 225 2 25 3 2667 62 36 0 1 0 3 70 46 0 1 0 3 68 56 2 25 3 3333 74 66 0 1 1 35 62 76 0 1 1 35 72
4/4 16 3 333 0 0 80 226 2 25 2 25 73 37 3 333 1 5 78 223 0 1 2 75 74 317 1 15 2 75 76 64 3 667 2 175 65 35 1 5 3 2667 70 315 1 5 1 35 59 317 1 5 1 35 88
4/4 316 0 1 0 0 50 66 0 1 0 0 54 315 0 1 0 0 59 716 0 1 3 333 68 317 0 1 3 333 81 715 3 333 3 333 55 37 2 75 3 1667 80 223 2 175 0 2 62 226 3 667 0 3 84 316 0 1 1 35 54 66 0 1 1 35 57 716 2 25 2 375 68
4/4 523 0 1 0 0 62 317 0 4 0 0 71 716 2 325 0 0 68 316 0 1 0 0 54 66 0 1 0 0 57 223 0 1 2 75 54 64 3 667 2 175 49 714 2 25 3 2667 51 74 0 1 3 3667 47 524 0 1 3 3667 39 526 0 1 3 3667 52 76 0 1 3 3667 50
4/4 74 0 1 0 0 47 524 0 1 0 0 39 317 2 75 0 0 71 526 0 1 0 0 52 76 0 1 0 0 50 526 3 667 3 667 76 224 0 1 3 1333 52 75 0 1 3 1333 51 316 0 1 1 15 62 226 0 1 1 15 53 317 1 5 2 175 78 226 3 333 2 275 73 36 0 1 3 3333 41 526 0 1 3 3333 47 76 0 1 3 3667 54 37 0 1 3 3667 63 713 2 25 2 375 52
4/4 36 0 1 0 0 41 526 0 1 0 0 47 76 0 1 0 0 54 37 0 1 0 0 63 713 2 75 0 0 52 524 0 1 2 75 49 74 0 1 1 15 52 35 0 1 1 25 49 37 0 1 1 25 64 36 0 1 3 3333 43 526 0 1 3 3333 43 525 0 1 1 35 37 75 0 1 1 35 38 37 1 5 1 35 54
4/4 36 0 1 0 0 43 526 0 1 0 0 43 525 0 1 0 0 37 75 0 1 0 0 38 226 1 5 0 1 61 716 2 25 3 2333 54 74 0 1 3 3333 28 65 0 1 3 3333 32 15 0 1 3 3333 39 36 0 1 3 3333 40 76 2 25 2 375 44
4/4 74 0 1 0 0 28 65 0 1 0 0 32 15 0 1 0 0 39 36 0 1 0 0 40 76 2 225 0 0 44
4/4 74 0 1 2 25 27 65 0 1 2 25 30 46 0 1 2 25 37 25 3 3667 3 333 31 66 0 1 1 5 39 226 0 1 1 5 39 716 0 1 2 275 37
4/4 75 0 1 0 1 31 25 0 1 0 1 39 56 0 1 0 1 41 33 0 1 2 125 42 76 0 1 2 125 45 73 3 667 1 25 44 37 0 1 1 35 60 56 0 1 1 35 58 54 2 25 1 35 48
4/4 37 0 1 0 0 60 56 0 1 0 0 58 74 2 325 1 5 58 25 0 1 2 125 37 56 0 1 2 125 38 55 0 1 1 15 35 26 0 1 1 15 53
4/4 76 1 5 2 75 70 15 1 25 1 15 40 36 0 1 1 15 47 56 0 1 1 15 53 16 2 225 2 175 65 43 0 1 2 175 50 13 2 75 3 2667 58 54 1 5 1 35 63
4/4 15 3 2833 0 0 40 36 0 1 0 0 47 56 0 1 0 0 53 16 2 275 0 0 65 54 2 25 0 0 63 64 0 1 1 5 65 35 0 1 1 15 70 14 3 1667 3 2333 54 55 1 5 1 35 49
4/4 55 1 5 0 0 49 14 3 1333 0 0 54 65 0 2 1 5 53 15 3 1667 1 15 67 44 0 1 1 15 53 14 3 1667 3 2333 56 66 0 1 3 3333 77 55 0 1 3 3333 41
4/4 14 3 333 0 0 56 65 3 333 3 333 60 44 0 1 0 1 35 65 0 1 0 1 39 315 0 1 0 1 35 15 0 1 0 1 46 316 0 1 3 1333 47 56 0 1 3 1333 54
4/4 316 3 333 3 667 73 55 0 1 2 125 37 65 0 1 2 125 42 15 0 1 2 125 50 43 0 1 3 1667 42 46 3 2333 3 1667 56 13 2 75 1 25 50 64 3 333 1 35 46
4/4 55 0 1 0 0 37 65 0 1 0 0 42 15 0 1 0 0 50 46 3 1667 0 0 56 14 1 35 1 5 51 45 2 125 1 15 47 46 0 1 1 25 74 65 0 1 1 25 70 56 0 1 3 3333 80 75 0 1 3 3333 78 44 1 5 1 35 50
4/4 14 2 25 0 0 51 44 1 5 0 0 50 66 0 1 3 333 77 15 0 1 3 333 82 75 0 1 0 1 60 225 0 1 0 1 58 46 0 1 0 1 63 53 0 1 3 1333 58 76 3 2333 3 1333 72 54 3 667 3 2333 58 74 2 75 2 325 58
4/4 74 1 5 0 0 58 224 1 25 2 25 51 76 3 333 2 25 63 225 0 1 2 125 41 75 0 1 2 125 45 76 3 667 2 125 55 45 3 1667 2 125 43 46 3 333 2 325 62
4/4 316 2 375 2 25 73 13 2 125 0 1 57 54 0 1 0 2 53 14 2 25 0 3 46
4/4 45 2 175 0 0 39 316 2 225 0 0 73 75 0 1 0 1 51 315 0 1 0 1 37 46 0 1 0 3 77 14 0 1 0 3 49
4/4 56 2 75 0 0 84 15 0 1 2 75 52 36 0 1 2 75 56 43 0 1 0 1 54 66 2 225 0 1 68 13 3 667 0 2 49 64 2 25 0 3 45
4/4 14 0 4 0 0 41 66 3 333 0 0 54 65 0 1 0 1 37 15 0 1 0 1 47 66 1 15 0 1 48 15 0 1 0 3 49
4/4 56 2 225 0 0 64 14 3 333 0 0 41 45 0 1 0 1 33 74 0 1 0 1 36 65 0 3 0 1 39 46 2 75 2 325 49
4/4 74 2 275 2 125 34 65 0 1 2 125 34 715 0 1 2 125 23 36 3 2667 3 1333 41 25 1 5 1 35 40
4/4 74 1 5 0 0 34 65 0 1 0 0 34 715 0 1 0 0 23 25 2 75 0 0 40 36 0 1 0 2 48 715 0 1 0 2 41 75 0 1 0 2 38 63 0 1 0 2 37 34 2 75 2 325 42
4/4 37 0 1 2 25 52 716 0 1 2 25 55 74 0 1 2 25 44 714 2 125 2 125 51 226 0 1 0 2 51 76 0 1 0 2 55 35 0 1 0 2 42 75 0 1 0 3 37
4/4 716 0 1 0 0 48 715 1 5 2 25 38 36 3 333 0 1 44 76 2 175 2 225 51 35 2 175 2 225 37
4/4 76 2 25 0 0 51 35 2 525 0 0 37 66 1 25 1 5 44 36 3 1333 3 2667 42
4/4 36 3 1333 0 0 42 46 3 1333 2 125 38 55 0 1 2 375 26 75 0 1 2 375 23 25 0 1 2 375 26
4/4 56 0 4 0 0 36 55 0 1 0 0 26 75 0 1 0 0 23 25 0 1 0 0 26 33 3 1667 2 25 36 73 0 1 1 15 35 54 0 1 3 2667 35 74 3 333 3 3667 37
4/4 56 1 45 0 0 36 74 3 667 0 0 37 24 1 5 3 667 39 55 2 225 2 175 43 75 0 1 0 3 37
4/4 55 2 25 0 0 43 75 3 333 0 0 37 25 3 2667 3 333 39 26 2 25 3 2667 22
