4/4 65 2 175 3 333 60 63 3 333 3 333 49 14 1 5 3 1333 36 34 0 1 3 1333 28 35 2 25 2 175 58 35 3 1667 3 2333 57 65 3 667 2 275 71 75 3 667 3 3333 64 53 3 333 3 3333 39
4/4 35 3 1333 0 0 62 75 3 1583 0 0 71 74 0 1 3 333 33 34 0 1 3 333 38 75 3 1667 3 2333 64 53 2 25 3 2333 42 74 3 667 3 3333 54 34 3 667 3 3333 31 35 2 25 2 375 50
4/4 75 3 83 0 0 64 74 3 333 0 0 56 34 3 1083 0 0 39 35 3 3333 3 333 79 75 3 667 2 75 57 15 2 225 3 1333 66 63 3 333 3 1333 39 34 0 1 1 25 32 14 0 1 1 25 33
4/4 15 3 1333 3 333 82 63 2 25 3 333 44 34 0 1 3 1333 35 14 1 15 3 1333 37 65 2 25 2 175 60 65 3 1667 3 2333 77 15 3 333 2 275 77 223 0 1 3 3333 46 225 0 1 3 3333 74
4/4 65 3 1583 0 0 66 45 3 667 3 333 47 64 0 1 3 333 48 36 0 1 3 333 69 46 2 25 3 1333 66 45 0 1 2 225 54 65 0 1 2 225 60 36 0 1 2 225 66 34 3 1667 3 2333 55 64 0 1 3 3333 34 224 0 1 3 3333 43
4/4 34 3 333 0 0 53 64 0 1 0 0 36 224 0 1 0 0 31 15 3 667 3 333 71 65 2 25 0 1 57 34 0 1 1 15 35 75 0 1 1 15 52 55 0 1 1 15 43 35 0 1 1 25 33 54 0 1 1 25 22 74 0 1 1 25 45
4/4 65 3 1333 3 667 72 63 2 25 3 667 43 14 1 5 3 1667 55 34 3 1667 3 1667 24 35 2 25 0 2 55 35 3 667 1 25 75 65 2 25 0 3 73 75 1 5 1 35 61 53 3 333 1 35 39
4/4 75 2 175 0 0 66 74 0 1 3 667 30 35 0 1 3 667 53 34 0 1 3 667 28 53 3 333 3 2667 42 75 3 1333 3 2667 76 34 3 333 3 3667 35 74 3 333 3 3667 37
4/4 35 2 25 0 0 62 34 3 1333 0 0 45 75 3 667 0 0 63 74 3 917 0 0 40 35 0 3 3 667 64 75 3 333 0 1 71 15 0 2 3 1667 69 63 2 25 3 1667 42 14 0 1 3 2667 37 34 0 1 3 2667 35
4/4 35 2 75 2 25 46 65 0 1 3 333 46 15 3 1667 1 5 78 13 2 25 1 5 46 64 2 175 1 15 42 35 2 25 1 15 58 65 2 25 0 2 60 65 2 75 1 25 62 15 2 25 0 3 70 225 0 1 1 35 66 45 0 1 1 35 69 223 3 333 1 35 46
4/4 45 0 1 1 5 55 65 0 1 1 5 49 64 0 1 1 5 40 36 0 1 1 5 48 65 0 1 1 5 48 46 2 25 1 15 67 45 0 1 2 225 33 65 0 1 2 225 43 34 0 1 3 2333 61 36 0 1 3 2333 57 64 0 1 3 3333 31 224 0 1 3 3333 40
4/4 15 3 667 3 333 59 35 3 1667 2 75 59 65 2 225 1 15 55 63 0 2 1 15 41 34 0 1 3 2333 47 74 3 333 0 3 43 14 1 5 3 3333 76 35 2 25 2 375 84
4/4 35 2 125 0 0 80 74 0 1 2 25 76 33 3 667 3 333 61 73 0 1 2 125 55 75 0 1 2 125 77 54 0 1 2 225 51 75 0 1 2 225 60 55 0 1 2 225 70 34 0 1 2 225 39 53 2 25 2 325 63 75 0 1 2 325 84 35 0 1 2 325 71
4/4 74 0 1 0 0 46 34 0 1 0 0 41 75 0 1 0 0 78 35 0 1 0 0 60 74 0 1 0 1 66 34 0 1 0 1 52 65 0 1 0 1 77 75 2 25 1 15 63 63 2 25 0 2 57 15 0 1 0 2 93 35 0 1 0 2 64 14 0 1 0 3 65 34 0 1 0 3 46
4/4 14 0 1 0 0 59 34 0 1 0 0 50 15 0 1 0 0 85 35 0 1 0 0 66 35 2 25 3 667 49 65 0 1 2 75 61 75 0 1 2 75 55 36 0 1 2 75 70 13 2 25 2 75 62 64 0 1 2 175 36 35 0 1 2 175 39 35 0 1 2 275 52 64 0 1 2 275 53 33 2 25 2 375 68
4/4 74 0 1 1 5 46 35 0 1 1 5 42 55 0 1 1 5 44 54 0 1 2 75 39 73 0 1 2 75 39 75 0 1 2 75 65 54 0 1 3 1667 64 75 0 1 3 1667 71 73 0 1 3 1667 45 33 3 333 3 2667 50 75 2 125 3 2667 79 35 3 1333 3 2667 79 54 3 333 3 3667 35 65 0 1 3 3667 51 73 0 1 3 3667 50
4/4 35 3 667 0 0 66 65 0 1 0 0 50 73 0 1 0 0 35 33 2 25 3 667 62 45 2 25 0 1 85 62 3 333 1 15 60 35 2 225 3 1667 82 13 0 1 3 2667 52 33 0 1 3 2667 44 13 2 25 1 35 67 33 3 333 3 3667 51
4/4 14 0 1 0 0 61 35 0 1 0 0 57 55 0 1 3 333 62 15 0 1 3 333 79 52 3 333 1 5 50 13 0 1 1 15 58 33 0 1 1 15 62 33 0 1 1 25 71 13 0 1 1 25 54 43 2 25 1 35 62 14 0 1 1 35 63 65 0 1 1 35 71 45 0 1 1 35 68
4/4 14 0 1 0 0 74 65 0 1 0 0 76 45 0 1 0 0 71 64 3 667 1 5 59 13 2 125 1 5 44 65 2 25 0 1 45 65 2 25 1 15 84 65 3 333 0 2 80 55 0 1 3 2333 59 65 0 1 3 2333 48 15 0 1 1 25 76 33 2 25 1 25 46 46 3 667 1 25 56 54 0 1 1 35 32 13 0 1 1 35 46 36 0 1 1 35 70
4/4 64 0 1 0 1 59 14 0 1 0 1 70 222 0 1 0 1 62 45 0 1 0 1 79 44 2 125 3 2333 65 63 0 1 3 2333 61 13 0 1 3 2333 47 45 2 25 2 275 75 45 3 333 2 325 89 45 2 25 3 3667 80
4/4 63 0 1 0 0 59 13 0 1 0 0 43 36 0 1 2 25 95 313 0 1 2 25 64 315 0 1 2 125 52 224 0 1 2 125 53 225 0 1 2 125 66 65 0 1 2 125 58 314 0 1 2 125 37 64 0 1 2 125 49 43 3 667 2 325 64 63 3 333 3 3667 61
4/4 63 3 333 0 0 55 13 3 333 2 25 78 44 1 5 3 667 68 64 2 25 2 125 56 15 0 1 2 125 85 65 0 1 2 125 70 45 2 25 3 1667 83 45 0 2 0 2 68 65 0 1 0 2 75 225 0 1 0 2 86 33 3 667 0 2 62 13 1 5 3 2667 62 34 1 5 0 3 77 64 1 5 1 35 64
4/4 14 2 25 0 0 70 36 3 333 0 0 82 64 2 25 0 0 75 45 2 25 3 667 66 222 1 5 0 1 76 65 0 1 0 1 70 45 0 1 0 1 74 14 0 1 0 1 68 63 2 75 1 15 63 13 1 5 0 2 75 44 1 5 1 25 74 64 0 1 0 3 60 45 0 1 0 3 73 65 0 1 0 3 83 45 0 1 0 3 70 14 2 25 1 35 61
4/4 74 0 1 0 0 71 35 0 1 0 0 74 75 0 1 0 0 76 12 3 667 0 0 82 63 1 5 1 5 54 13 1 5 0 1 61 34 1 5 1 15 79 15 0 1 0 2 102 64 0 1 0 2 73 74 2 25 1 25 57 74 2 125 2 275 67 24 0 1 0 3 76 45 0 1 0 3 82 75 0 1 0 3 82 72 3 667 0 3 60 43 1 5 1 35 72
4/4 73 1 5 0 0 75 74 2 75 0 0 65 24 0 1 0 0 73 45 0 1 0 0 82 75 0 1 0 0 62 23 3 667 3 333 67 44 1 5 2 75 71 64 2 25 2 125 77 64 0 1 2 175 67 73 0 1 2 175 60 44 0 1 2 175 68 23 0 1 2 175 78 24 0 1 2 175 87 45 0 1 2 175 91 74 3 667 2 225 67 55 0 1 2 275 74 24 0 1 2 275 68 63 0 1 2 275 66 74 3 667 2 325 75 72 0 1 3 3667 62 24 0 1 3 3667 87 65 0 1 3 3667 87
4/4 224 0 1 3 667 71 75 0 1 3 667 81 45 0 1 3 667 74 32 3 667 3 667 88 72 3 333 2 125 71 33 3 333 3 1667 72 74 0 1 0 2 65 63 0 1 0 2 49 224 0 1 1 25 60 73 0 1 1 25 64 65 0 1 0 3 54 34 0 1 0 3 42 55 0 1 3 3667 72 35 0 1 3 3667 54 74 0 1 3 3667 57 33 0 1 3 3667 40 53 0 1 3 3667 52 34 0 1 3 3667 43 35 0 1 3 3667 65 74 0 1 3 3667 66 53 0 1 3 3667 52 73 0 1 3 3667 46
4/4 55 0 1 0 0 64 35 0 1 0 0 61 74 0 1 0 0 62 33 0 1 0 0 57 53 0 1 0 0 52 34 0 1 0 0 49 35 0 1 0 0 55 74 0 1 0 0 70 53 0 1 0 0 44 73 0 1 0 0 46 36 1 15 1 25 78 63 3 333 1 25 59 64 3 667 3 3333 43 13 0 1 3 3333 40 34 0 1 3 3333 51
4/4 13 0 1 0 0 40 34 0 1 0 0 48 15 0 1 3 333 77 63 0 1 3 333 55 53 3 333 3 1333 64 65 1 15 3 1333 84 54 1 5 2 225 59 34 0 1 3 2333 49 13 0 1 3 2333 36 35 2 25 3 2667 70 35 0 1 2 325 72 53 0 1 2 325 43 35 2 25 3 3667 75
4/4 45 0 2 2 25 79 43 3 333 2 25 67 64 0 1 2 125 51 223 0 1 2 125 48 44 0 1 2 125 46 65 3 667 3 1667 73 43 0 1 0 2 48 225 0 1 0 2 79 46 2 25 1 25 79 33 2 25 0 3 49 36 0 1 0 3 93
4/4 65 0 1 0 0 43 64 0 1 0 0 40 35 0 1 0 0 54 34 0 1 0 0 30 13 0 1 0 0 44 36 3 333 0 0 86 15 3 333 0 1 88 45 0 1 3 1667 64 65 0 1 3 1667 42 225 0 1 0 2 85 222 2 25 0 2 59 44 0 1 0 3 46 73 0 1 0 3 45 75 1 5 3 3333 89
4/4 45 0 1 0 0 71 222 0 1 0 0 64 225 2 25 3 333 71 12 2 25 2 75 71 15 3 1333 2 75 86 35 0 2 2 75 64 65 0 1 2 175 66 34 0 1 2 175 49 63 0 1 2 175 45 15 2 25 2 325 101 24 0 1 2 375 70 45 0 1 2 375 76 75 0 1 2 375 81 72 2 25 2 375 66
4/4 24 0 1 0 0 70 45 0 1 0 0 80 75 0 1 0 0 79 72 3 83 0 0 63 43 0 1 2 75 57 23 0 1 2 75 65 45 0 1 2 125 77 24 0 1 2 125 75 64 0 1 3 1667 66 73 0 1 3 1667 58 55 0 1 3 1667 83 35 0 1 3 1667 79 23 0 1 3 1667 68 44 0 1 3 1667 63 65 0 1 2 225 94 45 0 1 2 225 77 33 3 333 3 2667 60 75 0 1 3 2667 88 224 0 1 3 2667 75 74 0 1 3 2667 78 45 0 1 3 2667 62 73 2 25 3 3667 63
4/4 55 0 1 1 5 85 54 0 1 1 5 68 74 0 1 1 5 77 35 0 1 1 5 75 34 0 1 1 5 56 35 0 1 1 15 60 15 0 1 1 15 78 36 0 1 1 15 87 65 3 1667 1 15 73 62 2 25 1 15 62 63 0 1 1 25 47 34 0 1 1 25 67 13 0 1 1 25 67 15 0 1 1 35 76 35 0 1 1 35 71
4/4 14 0 1 2 25 59 35 0 1 2 25 72 65 0 1 2 25 74 52 2 25 3 333 71 34 0 1 3 1333 69 13 0 1 3 1333 56 53 0 1 3 1333 51 35 2 25 2 175 74 35 2 25 3 2333 83 35 2 25 2 275 83 42 2 25 3 3333 66 45 0 1 3 3333 81 64 0 1 3 3333 93
4/4 223 0 1 3 333 66 43 0 1 3 333 58 63 0 1 3 333 59 65 1 5 2 75 88 45 0 1 2 125 72 225 0 1 2 125 84 46 2 25 2 175 82 36 0 1 2 225 82 35 0 1 2 225 80 32 2 25 2 225 67 13 0 1 2 325 57 33 0 1 2 325 70 63 0 1 2 325 53
4/4 15 1 5 2 25 96 45 0 1 0 1 57 75 0 1 0 1 75 222 2 25 2 125 69 225 1 5 2 125 83 44 0 1 0 2 62 223 0 1 0 2 57 73 0 1 0 2 68 224 0 1 1 25 80 75 0 1 1 25 70 45 2 25 0 3 81 225 2 25 1 35 92
4/4 12 2 25 0 0 73 15 0 1 0 0 87 35 1 15 0 0 74 34 0 1 0 1 69 13 0 1 0 1 53 63 0 1 0 1 61 65 0 1 0 1 72 63 0 1 0 1 65 15 2 25 3 2333 79 75 0 1 0 3 84 224 0 1 0 3 71 45 0 1 0 3 66 33 2 25 0 3 56
4/4 223 0 1 0 0 39 44 0 1 0 0 45 64 0 1 0 0 46 44 0 1 0 0 33 75 0 1 0 0 70 224 0 1 0 0 63 45 0 1 0 0 60 224 2 25 3 333 41 55 1 5 0 1 81 14 0 1 0 2 76 65 0 1 0 2 73 62 2 25 0 2 51 33 1 5 1 25 60 63 3 333 0 3 56 13 2 25 3 3333 56
4/4 34 3 333 0 0 58 14 1 5 3 333 54 224 2 175 0 1 64 64 3 2333 0 1 63 62 1 5 0 1 61 43 2 25 3 1333 55 223 3 333 0 2 53 44 2 25 3 2333 48 35 1 5 0 3 64 224 2 25 3 3333 58 62 2 25 2 375 45
4/4 14 0 1 0 0 58 34 0 1 0 0 67 62 2 25 0 0 56 33 2 25 3 333 55 13 1 5 0 1 50 34 1 5 1 15 54 64 3 333 0 2 71 223 0 1 2 275 37 62 0 1 2 275 37 313 0 1 2 275 27 63 0 1 2 275 37 314 0 1 0 3 41 74 0 1 0 3 53
4/4 223 0 1 0 0 38 62 0 1 0 0 22 313 0 1 0 0 34 63 0 1 0 0 35 314 0 1 0 0 46 74 0 1 0 0 61 14 2 125 1 15 41 35 3 1333 2 175 56 63 1 5 2 175 52 65 2 175 2 175 65 34 1 5 2 225 53 64 2 25 2 275 58 14 2 25 2 325 53 35 2 25 2 375 82
4/4 35 2 25 0 0 75 14 2 25 2 25 60 224 3 1333 3 667 62 64 0 1 3 667 70 63 0 1 3 667 59 44 0 1 2 125 51 64 2 25 2 175 50 64 3 667 2 225 54 35 1 5 2 275 66 224 2 25 2 325 53 14 2 25 2 375 66 34 2 25 2 375 56 63 2 25 2 375 45
4/4 14 1 15 0 0 57 34 0 1 0 0 58 63 3 2083 0 0 37 34 3 667 1 15 39 64 2 25 0 2 54 63 0 1 0 3 31 314 0 1 0 3 25 74 0 1 0 3 40 223 0 1 0 3 31 314 0 1 0 3 44 74 0 1 0 3 55
4/4 63 0 1 0 0 32 314 0 1 0 0 30 74 0 1 0 0 48 223 0 1 0 0 43 314 0 1 0 0 44 74 0 1 0 0 39 66 3 1667 2 225 64 63 1 5 2 225 44 14 3 333 2 325 53 34 3 667 3 3333 45 36 0 1 2 375 56 36 0 1 2 375 65
4/4 36 1 5 2 25 62 66 1 5 3 667 73 76 2 125 2 125 77 53 3 333 2 125 51 74 0 1 2 225 38 36 0 1 2 225 54 34 0 1 2 225 43
4/4 76 2 75 2 25 71 53 2 25 2 25 63 74 3 333 0 1 44 34 0 1 0 1 31 36 2 25 1 15 58 36 2 25 2 175 80 54 2 25 0 2 40 36 1 5 0 2 72 76 3 667 1 25 74 16 0 1 0 3 69 63 2 25 0 3 50
4/4 14 0 1 0 0 40 36 0 1 0 0 58 34 0 1 0 0 49 16 2 25 0 0 74 13 2 25 2 175 58 16 0 1 2 175 76 64 0 1 2 275 37 35 1 5 2 275 39 66 2 25 2 325 56 66 0 1 1 35 58 14 0 1 1 35 58
4/4 16 3 333 2 25 67 226 0 1 3 667 77 223 0 1 3 667 46 37 3 333 2 125 64 224 0 1 3 1667 55 45 0 1 3 1667 46 47 0 1 3 1667 63 64 0 1 3 1667 49 46 2 25 3 2667 55 36 0 1 1 35 50 66 0 1 1 35 55 37 0 1 1 35 72 34 2 25 3 3667 57
4/4 36 0 1 0 0 44 66 0 1 0 0 67 37 0 1 0 0 62 224 0 1 3 667 32 74 0 1 3 667 38 45 0 1 3 667 36 16 2 25 2 125 44 16 1 5 3 1667 87 66 2 25 0 2 69 34 2 25 1 25 60 76 2 125 3 2667 70 74 0 1 1 35 36 35 0 1 1 35 40 36 0 1 1 35 60 54 0 1 1 35 54
4/4 35 1 15 0 1 51 62 1 5 1 15 63 65 2 125 1 15 79 33 2 25 0 2 61 63 1 5 1 25 62 13 1 5 0 3 55 35 2 25 0 3 74 34 2 25 1 35 71 35 2 25 1 35 67
4/4 64 0 1 0 0 56 65 0 1 0 0 78 52 1 5 1 5 77 75 2 125 1 5 95 33 2 25 0 1 51 35 0 1 1 15 65 74 0 1 1 15 58 73 0 1 1 15 48 54 0 1 0 3 73 64 0 1 0 3 69 52 1 5 3 3333 53 74 3 667 3 3333 85
4/4 33 3 333 0 0 61 74 3 667 0 0 74 73 2 25 3 333 61 34 2 25 2 75 75 53 3 667 2 75 60 73 2 25 3 1333 74 34 1 5 3 1333 92 74 2 25 2 175 85 62 1 5 2 225 65 14 2 125 2 225 86 33 2 25 2 275 52 64 0 1 2 325 53 34 0 1 2 325 53 13 0 1 2 325 52
4/4 12 3 333 2 125 64 14 2 125 2 125 91 63 1 5 3 1667 63 13 2 25 2 225 58 64 0 1 3 2667 77 34 0 1 3 2667 68 13 0 1 0 3 66 64 0 1 0 3 71 63 0 1 1 35 70 14 0 1 1 35 76
4/4 224 0 1 0 0 92 44 0 1 0 0 75 222 1 5 0 0 54 63 1 5 1 5 57 223 2 25 0 1 64 44 0 1 1 15 60 35 0 1 1 15 94 45 2 25 0 2 96 44 0 1 0 3 78 64 0 1 0 3 73 35 0 1 0 3 73 33 2 25 0 3 67
4/4 13 0 1 0 0 56 53 0 1 0 0 55 54 0 1 0 0 68 14 0 1 0 0 91 32 2 25 0 1 52 34 2 25 3 1333 57 34 0 1 2 175 62 64 0 1 2 175 58 13 0 1 2 175 64 62 3 667 2 175 63 33 1 5 3 2333 44 63 2 25 2 275 47 73 2 25 2 325 75 13 2 25 2 375 96
4/4 34 3 333 2 25 87 32 0 1 3 667 59 74 0 1 3 667 101 34 0 1 3 1667 51 75 0 1 3 1667 65 74 0 1 3 1667 82 53 0 1 3 1667 45 73 0 1 3 1667 49 34 0 1 1 25 63 75 0 1 1 25 80 74 0 1 1 25 92 53 0 1 1 25 50 73 0 1 1 25 57 74 0 1 2 325 73 35 0 1 2 325 73 55 0 1 2 325 74 52 2 25 1 35 62 75 1 5 1 35 85
4/4 74 0 1 0 0 68 35 0 1 0 0 71 55 0 1 0 0 76 75 2 75 0 0 85 73 3 333 1 5 57 33 2 75 1 5 55 74 3 333 0 1 80 52 0 1 3 1333 47 65 0 1 3 1333 72 75 2 25 2 175 76 62 2 25 3 2333 63 15 0 1 3 2333 93 65 0 1 3 2333 75 14 0 1 3 2333 81 13 0 1 3 3333 60 33 0 1 3 3333 57 63 0 1 3 3333 48
4/4 13 0 1 2 25 63 33 0 1 2 25 55 63 0 1 2 25 60 35 0 1 2 75 73 65 0 1 2 75 56 75 0 1 0 1 63 36 0 1 0 1 76 12 2 25 2 125 60 34 0 1 0 2 60 63 0 1 0 2 54 63 0 1 0 3 51 34 0 1 0 3 55 33 2 25 2 375 69
4/4 74 0 1 1 5 59 35 0 1 1 5 49 55 0 1 1 5 61 54 0 1 2 75 55 75 0 1 2 75 76 73 0 1 2 75 64 54 0 1 2 175 73 75 0 1 2 175 75 73 3 667 2 175 55 74 0 1 3 2333 68 35 0 1 3 2333 55 55 0 1 3 2667 80 75 0 1 3 2667 70 33 2 25 2 275 60 54 2 25 3 3667 65 73 3 333 3 3667 44 65 3 333 3 3667 90
4/4 73 3 417 0 0 54 65 3 667 0 0 98 33 2 25 3 667 61 45 2 25 0 1 93 62 2 25 1 15 56 35 2 225 1 15 83 34 0 1 1 25 66 63 0 1 1 25 65 13 0 1 1 25 54 34 0 1 1 35 64 63 0 1 1 35 63 13 0 1 1 35 52
4/4 14 0 1 2 25 65 35 0 1 2 25 62 55 0 1 2 25 87 52 2 25 3 333 77 15 2 225 1 5 95 34 0 1 3 1333 73 53 0 1 3 1333 70 13 0 1 3 1333 56 53 0 1 3 2333 77 34 0 1 3 2333 65 13 0 1 3 2333 61 43 1 5 2 325 55 65 2 75 2 325 78 13 3 333 3 3667 48
4/4 65 2 25 0 0 84 13 3 167 0 0 66 64 3 333 2 25 66 65 0 1 3 667 81 13 0 1 3 667 55 65 0 1 2 125 60 44 0 1 2 125 59 13 1 5 1 15 73 65 2 25 3 1667 66 55 0 1 0 2 64 15 0 1 0 2 80 33 0 1 0 2 62 46 0 1 0 2 64 13 1 5 1 25 56 54 0 1 0 3 42 36 0 1 0 3 60
4/4 64 0 1 2 75 61 14 0 1 2 75 60 222 0 1 2 75 74 45 1 5 0 1 91 63 1 5 3 1333 53 13 1 5 2 175 61 45 0 1 2 225 77 44 0 1 2 225 65 13 0 1 2 275 58 45 0 1 2 275 79 45 0 1 2 325 92 63 0 1 2 325 52 313 0 1 3 3667 77 36 0 1 3 3667 92
4/4 313 0 1 0 0 77 36 0 1 0 0 91 13 1 5 2 25 63 315 0 1 3 667 75 225 0 1 3 667 64 65 0 1 3 667 57 314 2 25 3 667 67 43 2 25 1 25 75 44 0 1 1 35 55 14 0 1 1 35 67 64 0 1 1 35 55
4/4 15 0 1 1 5 99 45 0 1 1 5 78 65 0 1 1 5 71 45 0 1 3 1333 63 65 0 1 3 1333 76 225 0 1 3 1333 81 33 2 25 1 15 73 34 0 1 3 2333 60 14 0 1 3 2333 79 64 0 1 3 2333 65 36 2 25 3 3333 89
4/4 14 0 1 0 0 61 45 0 1 0 0 89 65 0 1 0 0 83 222 2 25 3 333 59 64 0 1 2 125 76 223 0 1 2 125 69 44 0 1 2 125 67 222 0 1 2 225 81 65 0 1 2 225 84 14 0 1 2 225 76 45 0 1 2 225 74 74 0 1 0 3 63 35 0 1 0 3 77 75 0 1 0 3 83 12 2 25 2 325 79
4/4 74 0 1 0 0 66 35 0 1 0 0 76 75 0 1 0 0 97 34 0 1 2 25 64 63 0 1 2 25 77 13 0 1 2 25 60 12 0 1 0 1 69 35 0 1 0 1 86 15 0 1 0 1 89 74 0 1 0 2 60 75 0 1 0 2 68 224 0 1 0 2 70 45 0 1 0 2 73 72 3 667 0 2 80 43 1 5 1 25 59 13 3 667 0 3 62 223 1 5 1 35 76
4/4 44 1 5 0 0 69 224 0 1 0 0 70 45 0 1 0 0 64 64 2 25 1 5 88 72 0 1 0 1 71 63 0 1 0 1 67 64 0 1 0 1 93 224 0 1 0 1 81 45 0 1 0 1 73 44 0 1 2 175 67 74 0 1 2 175 82 65 0 1 2 175 75 224 0 1 2 175 88 223 0 1 2 175 74 73 0 1 2 175 69 45 0 1 2 175 68 63 0 1 2 275 70 72 0 1 2 275 65 15 0 1 2 275 75 224 0 1 2 275 75 65 0 1 2 275 72 45 0 1 2 275 70 73 0 1 3 3667 58 223 0 1 3 3667 72 44 0 1 3 3667 76 32 0 1 3 3667 79 31 0 1 3 3667 74 74 0 1 3 3667 90
4/4 223 2 25 3 667 65 34 2 25 0 1 80 44 3 333 2 125 88 54 2 25 1 15 83 64 1 5 2 175 90 74 1 5 2 225 77 223 0 1 1 25 83 33 0 1 1 25 61 63 0 1 1 25 59 14 3 333 1 25 84 224 2 25 2 275 68 35 3 333 0 3 87 45 3 333 3 3333 93 55 2 25 3 3667 93
4/4 65 1 5 0 0 91 75 0 1 3 333 77 32 0 1 3 333 77 15 1 5 3 667 73 225 3 333 0 1 72 62 2 25 3 1333 73 36 0 1 3 1333 96 63 0 1 2 225 65 64 0 1 2 225 61 34 0 1 2 225 68 13 0 1 2 225 70 15 0 1 2 325 94 35 0 1 2 325 78
4/4 14 0 1 0 0 67 35 0 1 0 0 72 65 0 1 0 0 78 52 2 25 0 0 68 53 0 1 0 1 68 34 0 1 0 1 61 13 0 1 0 1 45 35 2 25 1 15 75 64 0 1 0 2 77 35 0 1 0 2 73 34 0 1 0 2 53 13 0 1 0 2 56 35 2 25 1 25 74 45 0 1 0 3 100 42 2 25 0 3 56
4/4 223 0 1 0 0 86 43 0 1 0 0 66 63 0 1 0 0 59 45 1 5 0 0 91 65 1 5 3 333 90 44 0 1 2 75 67 223 0 1 2 75 65 45 0 1 2 75 80 225 0 1 2 75 94 63 0 1 2 75 74 46 2 25 3 1333 86 32 2 25 2 175 62 36 2 125 2 175 86 34 0 1 2 275 60 13 0 1 2 275 44 15 0 1 2 275 61 35 0 1 2 275 48 33 0 1 2 275 59 63 0 1 2 275 40
4/4 15 2 25 2 25 89 221 2 25 2 75 70 225 0 1 2 75 85 45 0 1 2 75 64 224 0 1 2 75 68 223 0 1 2 175 76 222 0 1 2 175 70 63 0 1 2 175 62 43 0 1 2 175 51 75 0 1 2 225 99 63 0 1 2 225 36 222 0 1 3 2667 60 75 0 1 3 2667 72 225 3 333 2 325 94 12 2 25 3 3667 62 15 3 333 3 3667 85 35 3 333 3 3667 83
4/4 15 3 917 0 0 100 35 3 1417 0 0 85 34 0 1 3 667 71 63 0 1 3 667 51 13 0 1 3 667 49 65 0 1 3 667 67 63 0 1 3 667 47 15 2 25 0 2 83 22 2 25 1 25 73 75 0 1 3 2667 97 24 0 1 3 2667 75 45 2 75 3 2667 82 44 0 1 1 35 85 73 0 1 1 35 62 23 0 1 1 35 63
4/4 45 0 1 0 0 85 74 0 1 0 0 97 22 0 1 1 5 83 55 0 1 1 5 99 65 3 333 0 1 81 32 0 1 3 1333 62 45 0 1 3 1333 74 75 0 1 3 1333 77 33 0 1 3 1333 79 224 0 1 3 1333 79 45 0 1 3 1333 79 75 0 1 3 1333 97 74 0 1 3 1333 91 223 0 1 2 225 82 33 0 1 2 225 59 64 0 1 2 225 70 44 0 1 2 225 89 63 0 1 2 225 50 73 0 1 2 325 71 33 0 1 2 325 74 54 0 1 2 325 88 34 0 1 2 325 77 53 0 1 2 325 63
4/4 34 0 1 0 0 67 35 0 1 0 0 80 64 0 1 2 25 66 14 0 1 2 25 82 35 0 1 2 25 90 62 2 25 2 25 61 34 0 1 2 125 68 53 0 1 2 125 52 73 0 1 2 125 45 13 0 1 2 125 44 14 2 25 0 2 86 52 2 25 0 3 53 64 0 1 0 3 86 34 0 1 0 3 68 13 3 333 0 3 66
4/4 13 0 1 0 0 62 33 0 1 0 0 72 53 0 1 0 0 57 34 2 25 1 5 90 34 3 333 0 1 85 34 2 25 3 1333 65 42 2 25 2 175 66 44 1 15 0 2 97 222 0 1 2 275 53 63 0 1 2 275 66 64 3 667 2 325 76 44 0 1 2 375 66 224 0 1 2 375 83 223 0 1 2 375 57
4/4 45 2 25 2 25 66 13 0 1 3 667 58 35 0 1 3 667 78 34 0 1 3 667 73 33 0 1 3 667 46 64 0 1 3 667 56 63 0 1 3 667 53 14 3 667 3 1667 68 14 3 333 2 325 79 222 3 333 3 3667 60 224 0 1 3 3667 75 44 0 1 3 3667 71
4/4 222 3 167 0 0 68 224 0 1 0 0 84 44 0 1 0 0 73 223 0 1 3 667 54 73 0 1 3 667 42 43 0 1 2 75 40 74 2 25 0 1 75 44 1 5 1 15 74 224 2 25 0 2 92 14 3 1333 1 25 72 12 2 25 1 25 65 63 0 1 1 35 47 64 0 1 1 35 59 34 0 1 1 35 61 13 0 1 1 35 30 33 0 1 1 35 46
4/4 63 0 1 0 0 42 64 0 1 0 0 58 34 0 1 0 0 54 13 0 1 0 0 40 33 0 1 0 0 34 14 2 25 0 1 66 33 2 175 3 1667 55 74 2 225 3 1667 76 44 0 1 3 1667 75 63 0 1 1 25 27 34 0 1 1 25 38 54 0 1 1 25 60 223 0 1 1 25 40
4/4 13 1 15 3 333 48 34 0 2 1 5 63 62 0 1 1 5 45 64 1 35 1 5 65 33 2 125 1 15 51 13 2 25 3 2333 45 13 3 667 2 275 61 223 0 1 3 3333 84 62 0 1 3 3333 48 63 2 25 2 375 60
4/4 63 1 15 0 0 51 223 0 1 0 0 70 62 0 1 0 0 62 64 0 2 0 0 75 43 0 1 3 333 37 34 0 1 3 333 53 13 3 1667 3 2333 72 62 1 5 3 2333 52 34 0 1 3 3333 45 64 0 1 3 3333 53 63 0 1 3 3333 32 33 3 667 3 3333 58
4/4 34 0 1 0 0 49 64 0 1 0 0 55 63 0 1 0 0 46 33 0 1 0 0 57 13 3 667 2 75 72 62 0 1 3 1333 41 73 0 1 3 1333 63 34 2 125 2 175 51 74 0 1 3 2333 56 53 0 1 3 2333 40
4/4 62 2 25 3 333 59 14 0 2 3 333 56 33 0 2 3 1333 38 35 0 1 3 1333 42 13 0 1 3 1333 51 64 0 1 3 1333 45 13 0 1 3 1333 36 14 1 5 0 3 63 62 3 333 1 35 56 224 1 5 1 35 59
4/4 44 2 175 0 0 55 224 3 167 0 0 68 64 0 1 1 5 45 35 0 1 1 5 68 43 0 1 1 5 40 223 0 1 1 5 50 35 0 1 1 5 49 62 3 333 3 2667 59 14 3 1333 3 2667 63 33 0 1 3 3667 49 34 0 1 3 3667 58 64 0 1 3 3667 54 13 2 25 2 375 43
4/4 33 0 1 0 0 45 34 0 1 0 0 44 64 0 1 0 0 48 14 3 417 0 0 58 13 1 5 0 0 37 14 2 25 2 125 54 62 1 5 2 175 58 74 2 225 2 175 73 223 3 1667 3 2333 45 314 0 1 2 275 39 313 0 1 2 275 24 73 0 1 0 3 29 313 0 1 0 3 29
4/4 223 3 583 0 0 54 74 3 417 0 0 73 73 0 1 0 0 44 313 0 1 0 0 40 61 0 1 3 1333 25 62 0 1 3 1333 39 63 0 1 3 1333 44 34 0 1 3 1333 41 13 0 1 1 15 30 34 0 1 1 15 30 64 0 1 1 15 43
4/4 61 0 1 0 0 25 62 0 1 0 0 35 63 0 1 0 0 25 34 0 1 0 0 49 13 0 1 0 0 33 34 0 1 0 0 38 64 0 1 0 0 26
