4/4 42 0 2 0 2 28 71 0 1 0 2 29 12 0 1 0 2 32 22 0 1 2 225 32 43 0 1 2 225 37 613 0 1 2 225 46
4/4 42 0 4 0 0 28 71 0 1 0 0 29 12 0 1 0 0 32 613 2 225 2 125 76
4/4 73 2 25 0 0 87 42 3 1333 0 0 28 71 0 1 0 0 29 12 0 1 0 0 32 13 2 25 1 5 84 613 2 25 0 1 84 71 0 1 1 15 43 52 0 1 1 15 46 12 0 1 3 1667 51 313 0 1 3 1667 56 53 0 1 3 1667 70
4/4 71 0 1 0 0 43 52 0 1 0 0 46 13 0 1 1 5 57 223 0 1 1 5 54 23 2 125 2 75 70 13 0 2 0 2 54
4/4 71 0 1 0 0 43 52 0 1 0 0 46 13 3 3667 0 0 54 53 0 1 0 2 42 313 0 1 0 2 44 12 0 1 0 2 39 611 0 1 2 225 39 52 0 1 2 225 36
4/4 611 0 1 0 0 39 52 0 1 0 0 36 314 2 75 1 5 78 23 2 25 1 15 48 44 1 5 0 2 74 314 2 25 1 25 70 54 1 5 2 275 92 44 3 333 2 325 72 614 3 333 3 3667 92
4/4 54 2 25 0 0 77 611 0 1 0 0 39 52 0 1 0 0 36 74 2 75 1 5 88 614 3 333 0 1 76 13 2 175 2 225 54 34 1 15 1 25 59 524 2 75 1 25 59 21 3 1333 1 25 52 14 3 1333 3 2667 68
4/4 13 3 1583 0 0 54 34 1 25 0 0 59 14 3 1917 0 0 68 12 2 25 2 25 45 33 2 25 2 75 48 523 2 225 2 125 49 613 2 225 3 1667 47 13 1 15 0 2 49 524 1 5 1 25 55 714 3 333 0 3 51 74 1 5 3 3333 62 614 2 25 2 375 70
4/4 64 2 25 0 0 68 54 3 333 2 25 63 524 0 1 1 5 65 44 0 1 1 5 67 314 2 25 0 1 68 34 2 25 2 125 68 23 0 1 1 15 62 223 0 1 1 15 61 13 3 333 0 2 64 713 3 333 2 225 62 73 3 667 3 2667 70 52 0 1 0 3 49 72 0 1 0 3 46 22 0 1 0 3 47 43 0 1 0 3 44 613 3 667 3 3333 73
4/4 613 3 83 0 0 73 52 0 1 0 0 49 72 0 1 0 0 46 22 0 1 0 0 47 43 0 1 0 0 44 73 3 333 3 667 80 23 3 333 0 1 84 44 3 333 3 1333 92 614 0 1 0 2 70 51 0 1 0 2 39 614 2 125 2 275 57
4/4 614 3 1417 0 0 57 614 3 333 3 2667 92 74 3 667 3 3333 96 612 0 1 2 375 41 222 0 1 2 375 50 313 0 1 2 375 41
4/4 53 0 4 0 0 50 612 0 1 0 0 41 222 0 1 0 0 50 313 0 1 0 0 41 223 0 1 2 25 57 314 0 1 2 25 58 54 0 1 2 25 63 614 0 1 1 5 84 74 3 667 2 225 92 614 2 25 3 2667 68 54 3 333 0 3 70 314 3 333 3 3333 58
4/4 223 2 25 0 0 46 53 0 4 0 0 50 73 0 3 0 1 31
4/4 53 0 2 0 0 50 73 3 667 0 0 31 74 1 5 0 2 77 614 1 5 3 2333 62 54 1 5 2 275 62 614 0 1 3 3667 50 44 0 1 3 3667 40 314 0 1 3 3667 41 21 0 1 3 3667 36
4/4 614 0 1 0 0 50 44 0 1 0 0 40 314 0 1 0 0 41 21 0 1 0 0 36 612 2 75 0 1 37 22 3 333 2 175 43 313 1 5 3 2333 48 43 1 5 2 275 49 613 1 5 2 325 42
4/4 23 2 75 0 0 46 314 2 125 1 5 42 44 1 5 3 1333 45 614 3 1667 3 2333 34 55 0 1 1 35 29 315 0 1 1 35 28
4/4 614 0 4 0 0 34 55 0 1 0 0 29 315 0 1 0 0 28
4/4 614 3 667 0 0 34 55 0 1 0 0 29 315 0 1 0 0 28 23 3 333 3 3667 64
4/4 614 3 667 0 0 68 23 3 917 0 0 64 54 3 333 0 1 64 23 0 1 2 125 67 44 0 1 2 125 59 72 3 333 3 1333 44 614 1 25 1 15 76 613 0 1 1 25 53 22 0 1 1 25 50 43 0 1 1 25 46 613 0 1 3 3667 65 43 0 1 3 3667 53 22 0 1 3 3667 52
4/4 614 1 5 0 0 76 23 2 175 1 5 66 614 3 1333 0 1 78 42 2 25 0 1 53 613 0 1 0 2 45 43 2 175 0 2 45 22 2 175 2 225 47 74 1 5 0 3 79 54 3 333 3 3333 72
4/4 44 2 25 0 0 79 22 2 25 0 0 47 54 1 35 1 5 77 72 3 2667 1 5 52 53 0 1 3 1667 49 12 0 1 3 1667 39 313 0 1 3 1667 46 53 0 1 2 275 58 12 0 1 2 275 43 313 0 1 2 275 48
4/4 52 3 333 0 0 51 54 2 175 0 0 77 313 0 1 2 125 43 53 0 1 2 125 39 12 0 1 2 125 48 13 2 125 0 2 80 314 1 5 0 3 73 44 3 333 2 325 74 314 0 1 3 3667 48 54 0 1 3 3667 72 13 0 1 3 3667 64 612 0 1 3 3667 51
4/4 314 0 1 0 0 48 54 0 1 0 0 72 13 0 1 0 0 64 612 0 1 0 0 51 54 2 175 1 5 77 313 0 1 0 1 46 12 0 1 0 1 47 53 0 1 0 1 49 53 0 1 0 2 64 313 0 1 0 2 55 12 0 1 0 2 46 13 2 125 2 275 79 54 2 75 2 325 70 312 2 25 2 325 59
4/4 13 2 125 0 0 79 54 3 583 0 0 70 313 0 1 3 333 33 53 0 1 3 333 41 12 0 1 3 333 40 612 0 1 3 333 40 614 1 5 3 333 55 44 2 25 2 175 87 314 3 333 2 225 78 23 0 1 3 2667 77 613 0 1 3 2667 67 43 0 1 3 2667 68 613 0 1 3 2667 67 21 3 333 3 2667 59 612 0 1 2 375 62 22 0 1 2 375 62 42 0 1 2 375 61
4/4 23 0 1 0 0 77 613 0 1 0 0 67 43 0 1 0 0 68 613 0 1 0 0 67 612 0 1 0 0 62 22 0 1 0 0 62 42 0 1 0 0 61 43 2 25 1 5 84 314 2 25 0 1 81 44 3 333 3 1667 68 52 0 1 0 2 42 72 0 1 0 2 50 43 0 1 0 2 49 73 0 1 0 2 57 23 0 1 2 225 65 54 0 1 2 225 74 53 0 1 3 3333 39 11 0 1 3 3333 37 73 0 1 3 3333 47 72 0 1 3 3333 32 314 0 1 3 3333 55
4/4 53 0 1 0 0 39 11 0 1 0 0 37 73 0 1 0 0 47 72 0 1 0 0 32 314 0 1 0 0 55 23 2 25 2 125 77 43 0 1 1 15 53 613 0 1 1 15 59 314 0 1 1 15 78 42 0 1 1 15 58 313 0 1 2 275 57 12 0 1 2 275 58 612 0 1 2 275 47
4/4 313 0 1 0 0 63 612 0 1 0 0 50 12 0 1 0 0 53 43 0 1 0 0 53 613 0 1 0 0 59 314 0 1 0 0 78 42 0 1 0 0 58 612 0 1 0 1 33 42 0 1 0 1 36 33 0 1 0 1 40 43 0 1 2 125 36 613 0 1 2 125 38 13 0 1 3 1333 44 34 2 75 1 15 51 13 2 25 2 325 74 614 2 25 2 375 78
4/4 54 2 25 1 5 70 614 2 275 0 1 74 72 1 5 0 1 54 613 0 1 0 2 65 22 0 1 0 2 57 43 0 1 0 2 54 613 0 1 3 3333 71 22 0 1 3 3333 51 43 0 1 3 3333 51
4/4 23 0 2 0 0 74 42 2 25 1 5 59 614 1 15 1 5 74 613 2 125 3 1667 62 43 0 1 3 1667 49 22 0 1 3 1667 49 74 2 25 1 25 80 54 3 333 0 3 77 44 3 333 3 3667 70
4/4 13 0 1 0 0 59 314 0 1 0 0 58 54 0 4 0 0 73 72 2 275 2 25 53 53 0 1 2 125 56 313 0 1 2 125 52 12 0 1 2 125 46 313 0 1 3 2333 47 53 0 1 3 2333 54 12 0 1 3 2333 36 52 3 333 3 3667 56
4/4 13 0 1 0 0 59 314 0 1 0 0 58 54 1 15 0 0 73 313 2 225 2 75 46 12 0 1 2 75 50 53 0 1 2 75 45 13 0 1 3 1667 74 314 1 5 1 25 78 44 3 333 0 3 74 314 0 1 3 3333 68 54 0 1 3 3333 72 13 0 1 3 3333 72 612 3 667 3 3333 57
4/4 612 0 2 0 0 57 54 0 1 2 25 80 13 0 1 2 25 67 53 0 1 1 5 55 313 0 1 1 5 54 12 0 1 1 5 49 53 0 1 3 1667 72 313 0 1 3 1667 63 12 0 1 3 1667 54 13 3 1667 3 2333 80 312 2 25 2 275 63 54 0 1 2 275 87
4/4 612 0 1 0 0 46 313 0 1 0 0 39 53 0 1 0 0 46 12 0 1 0 0 46 614 1 5 0 0 62 13 3 833 0 0 80 44 2 25 3 1333 84 314 2 25 2 175 76 23 0 1 2 225 72 43 0 1 2 225 62 613 0 1 2 225 61 21 3 333 2 225 61 612 0 1 2 325 64 22 0 1 2 325 65
4/4 43 2 25 0 0 77 612 0 1 0 0 64 22 0 1 0 0 65 314 2 25 1 5 81 44 2 25 0 1 77 43 0 1 1 15 49 72 0 1 1 15 52 52 0 1 1 15 51 54 0 1 1 15 77 73 0 1 1 15 72 23 0 1 1 15 70 53 0 1 3 2667 46 11 0 1 3 2667 38 73 0 1 3 2667 48 314 0 1 3 2667 61 72 3 1333 3 2667 41
4/4 72 3 417 0 0 41 23 2 25 3 333 74 314 0 1 2 75 76 613 0 1 2 75 71 42 3 2667 2 75 58 313 0 1 2 175 64 612 0 1 2 175 62 43 1 5 3 2667 80 313 0 1 0 3 69 613 0 1 0 3 88 612 0 1 0 3 62 13 2 25 2 375 88
4/4 42 0 1 0 0 63 612 0 1 0 0 64 33 0 1 0 0 74 13 3 83 0 0 88 43 0 1 2 25 64 613 0 1 2 25 76 34 0 1 2 25 84 41 2 225 1 15 85 43 2 25 3 2333 65 613 0 1 2 275 94 614 0 1 2 275 78 73 0 1 2 325 84 74 0 1 2 325 84 14 0 1 3 3667 93 13 0 1 3 3667 84
4/4 23 0 1 0 0 56 44 0 1 0 0 77 14 0 1 0 0 96 51 0 1 0 0 74 52 0 1 0 0 77 53 0 1 2 125 70 52 0 1 2 125 63 72 0 1 2 125 62 74 0 1 3 1333 87 23 0 1 3 1333 84 44 0 1 3 1333 80 523 0 1 1 25 71 72 0 1 1 25 51 52 0 1 1 25 61 23 0 1 0 3 70 614 0 1 0 3 76 44 0 1 0 3 49 52 0 1 3 3333 47 72 0 1 3 3333 54 43 0 1 3 3333 54 73 0 1 3 3667 56 23 0 1 3 3667 60 44 0 1 3 3667 62 74 0 1 3 3667 80
4/4 73 0 1 0 0 56 23 0 1 0 0 60 44 0 1 0 0 62 74 0 1 0 0 80 51 3 1333 2 75 72 73 2 25 1 15 84 73 0 1 0 2 68 74 0 1 0 2 87 13 0 1 3 2333 84 14 0 1 3 2333 92 24 0 1 2 275 87 23 0 1 2 275 87 611 0 1 2 325 76 23 0 1 2 325 84 54 0 1 2 325 80 23 0 1 2 325 84 24 0 1 2 325 84
4/4 613 0 1 3 333 70 612 0 1 3 333 61 12 0 1 3 333 53 314 0 1 3 333 88 14 0 1 3 333 80 54 0 1 3 333 74 63 0 1 1 15 68 612 0 1 1 15 57 12 0 1 1 15 55 714 2 25 2 225 78 612 0 1 1 25 46 12 0 1 1 25 50 53 0 1 1 25 52 13 0 1 2 275 51 314 0 1 2 275 62 54 0 1 2 275 70 14 0 1 2 275 84
4/4 611 3 1667 0 0 79 13 2 25 3 667 80 13 0 1 0 1 80 14 0 1 0 1 101 23 0 1 1 15 84 24 0 1 1 15 87 314 0 1 0 2 81 315 0 1 0 2 71 71 0 1 3 2333 74 315 0 1 3 2333 81 314 0 1 3 2333 101 73 0 1 1 35 70 72 0 1 1 35 67 43 0 1 1 35 53 22 0 1 1 35 58 24 0 1 1 35 80 44 0 1 1 35 84 614 0 1 1 35 78
4/4 24 0 1 0 0 80 44 0 1 0 0 84 614 0 1 0 0 78 613 0 1 1 5 73 72 0 1 1 5 63 43 0 1 1 5 51 22 0 1 1 5 47 44 0 1 2 125 74 224 0 1 2 125 81 712 0 1 3 1667 47 22 0 1 3 1667 44 43 0 1 3 1667 44 63 0 1 3 1667 51 23 0 1 2 175 52 44 0 1 2 175 56 24 3 333 2 225 68 54 2 75 2 325 60 55 3 667 3 3333 68
4/4 712 0 1 0 0 47 22 0 1 0 0 44 43 0 1 0 0 44 63 0 1 0 0 51 54 3 583 0 0 60 55 3 83 0 0 68 45 2 25 0 1 52 314 0 1 3 1667 44 222 0 1 3 1667 46 613 0 1 3 1667 50 313 0 1 3 1667 48 24 0 1 3 1667 64 614 2 175 3 1667 48 315 2 225 2 175 61
4/4 314 0 1 0 0 44 222 0 1 0 0 46 613 0 1 0 0 50 313 0 1 0 0 48 24 0 1 0 0 64 315 2 25 0 0 61 614 2 25 2 25 58 614 0 1 2 125 34 615 0 1 2 125 48 223 2 25 2 125 39 23 3 667 3 3333 73 614 2 25 2 375 84
4/4 23 3 333 0 0 73 614 2 25 0 0 84 54 2 25 1 5 84 23 0 1 0 1 72 72 0 1 0 1 63 44 0 1 0 1 70 72 0 1 0 1 63 614 0 1 0 1 84 613 0 1 0 2 58 43 0 1 0 2 51 22 0 1 0 2 52 613 0 1 2 325 67 43 0 1 2 325 56 22 0 1 2 325 52
4/4 23 0 2 0 0 74 42 2 25 3 333 56 54 3 1333 1 5 74 613 3 1667 3 1667 39 614 0 1 3 1667 58 44 0 1 3 1667 55 22 0 1 3 1667 46 43 0 1 3 1667 44 14 3 333 2 275 92 614 2 25 3 3667 84
4/4 612 0 1 0 0 58 54 1 5 0 0 84 13 0 1 2 75 68 44 0 1 2 75 70 53 0 1 2 125 52 44 0 1 2 125 63 13 0 1 2 125 65 43 0 1 2 125 54 12 0 1 2 125 50 53 0 1 3 2333 58 43 0 1 3 2333 58 12 0 1 3 2333 53 45 1 5 2 325 80 42 2 25 3 3667 53 315 3 333 3 3667 70
4/4 24 1 5 0 0 59 14 1 5 1 5 59 43 0 1 2 75 38 612 0 1 2 75 41 53 0 1 2 75 39 54 3 333 0 1 56 12 0 1 0 1 47 53 0 1 0 1 39 23 3 333 3 1667 73 614 3 333 0 2 88 54 2 25 2 275 87 23 0 1 2 325 67 44 0 1 2 325 68 614 0 1 2 325 81 72 3 333 3 3333 62
4/4 23 0 1 0 0 67 44 0 1 0 0 68 614 0 1 0 0 81 613 0 1 1 5 71 43 0 1 1 5 57 22 0 1 1 5 58 613 0 1 3 1667 76 43 0 1 3 1667 45 22 0 1 3 1667 51 23 0 1 3 2333 74 42 2 25 2 275 57 54 2 75 2 275 72
4/4 613 0 1 0 0 50 614 0 1 0 0 58 23 0 1 0 0 53 22 0 1 0 0 46 43 0 1 0 0 41 14 3 333 2 125 87 614 2 25 0 2 76 54 1 5 3 2333 74 612 3 1667 3 2333 55 44 2 25 0 3 64 43 0 1 1 35 48 53 0 1 1 35 50 12 0 1 1 35 49 44 0 1 1 35 72 13 0 1 1 35 72
4/4 612 3 1083 0 0 55 44 0 1 0 0 72 13 0 1 0 0 72 12 0 1 3 667 33 43 0 1 3 667 55 53 0 1 3 667 58 42 3 333 0 2 56 612 0 1 0 3 51 43 0 1 0 3 49 53 0 1 0 3 46 12 0 1 0 3 52 44 2 25 2 375 85
4/4 612 0 1 0 0 51 43 0 1 0 0 49 53 0 1 0 0 46 12 0 1 0 0 52 314 1 5 2 25 85 13 2 25 0 1 80 73 0 1 1 15 74 23 0 1 1 15 80 52 1 25 1 15 61 13 3 333 2 225 84 23 3 1333 3 2667 80 73 2 125 2 275 72 43 0 1 2 275 63 22 0 1 2 275 62 72 0 1 2 275 56 43 0 1 2 375 72 22 0 1 2 375 63 72 0 1 2 375 51
4/4 23 3 2167 0 0 80 73 2 175 0 0 72 21 2 25 2 75 72 52 0 1 0 2 59 22 0 1 0 2 56 72 0 1 0 2 61 43 0 1 0 2 61 23 0 1 2 275 74 73 0 1 2 275 70 13 3 333 2 325 77
4/4 73 3 333 0 0 72 312 0 1 2 25 40 52 0 1 2 25 46 12 0 1 2 25 45 53 0 1 1 5 51 13 0 1 1 5 58 313 3 2333 3 667 54 22 0 1 3 3667 44 43 0 1 3 3667 52 73 0 1 2 375 57 21 0 1 2 375 43
4/4 22 0 1 0 0 44 43 0 1 0 0 52 73 0 1 0 0 57 21 0 1 0 0 43 42 0 1 0 1 42 72 0 1 0 1 38 42 2 75 2 225 39 72 1 5 2 225 48 222 0 1 0 3 38 313 0 1 0 3 41 613 3 667 3 3333 52 221 3 667 3 3333 42
4/4 222 0 1 0 0 38 313 0 1 0 0 41 613 3 1333 0 0 52 221 3 1083 0 0 42 612 0 1 1 5 44 312 0 1 1 5 39 612 0 1 0 2 46 222 0 1 0 2 41 222 0 1 2 325 35 313 0 1 2 325 33 613 0 1 2 325 31 314 0 1 3 3667 37 614 0 1 3 3667 48
4/4 222 0 1 0 0 35 313 0 1 0 0 33 613 0 1 0 0 31 314 0 1 0 0 37 614 0 1 0 0 48 613 2 25 3 2667 71 614 2 25 2 325 92
4/4 54 2 25 0 0 84 73 0 1 1 5 55 23 0 1 1 5 59 614 0 1 1 5 73 44 0 1 3 667 65 614 0 1 3 667 73 71 3 333 3 667 53 42 0 1 2 175 57 22 0 1 2 175 57 22 0 1 0 3 77 42 0 1 0 3 70 73 2 25 2 375 78
4/4 73 1 15 0 0 78 41 2 25 2 25 57 614 0 1 2 25 81 44 0 1 2 25 68 22 0 1 3 1333 48 43 0 1 3 1333 49 72 0 1 3 1333 47 74 3 333 2 225 87 54 2 25 3 2667 92 44 2 25 3 3333 88 53 0 1 2 375 61 13 0 1 2 375 70 314 0 1 2 375 71 54 0 1 2 375 74
4/4 71 2 25 0 0 57 53 0 1 0 0 61 13 0 1 0 0 70 314 0 1 0 0 71 54 0 1 0 0 74 313 0 1 0 1 55 52 0 1 0 1 57 12 0 1 0 1 52 52 0 1 2 225 62 313 0 1 2 225 64 12 0 1 2 225 55 51 2 25 3 3333 62
4/4 53 0 1 0 0 61 13 0 1 0 0 70 314 0 1 0 0 71 54 0 1 0 0 74 52 0 1 1 5 52 313 0 1 1 5 50 12 0 1 1 5 44 13 2 75 2 125 87 314 2 25 1 25 76 44 2 25 2 275 80 54 0 1 2 325 72 314 0 1 2 325 68 611 0 1 2 325 51 613 0 1 2 325 76 13 0 1 2 325 63
4/4 54 0 2 0 0 80 612 0 1 1 5 55 313 0 1 1 5 55 12 0 1 1 5 58 12 0 1 1 15 56 313 0 1 1 15 63 612 0 1 1 15 56 613 3 1667 2 225 73 54 0 1 3 2667 72 314 0 1 3 2667 61 312 2 25 3 2667 54 612 0 1 2 375 47 313 0 1 2 375 45 12 0 1 2 375 43
4/4 612 0 1 0 0 47 313 0 1 0 0 45 12 0 1 0 0 43 614 2 25 3 667 76 44 3 333 0 1 80 314 2 25 2 175 54 43 0 1 2 225 51 613 0 1 2 225 65 23 3 1667 2 225 68 21 2 25 3 2333 56 612 0 1 3 3333 51 22 0 1 3 3333 57 42 0 1 3 3333 52
4/4 612 0 1 0 0 51 22 0 1 0 0 57 42 0 1 0 0 52 43 2 25 2 25 63 314 3 333 3 667 76 44 2 25 3 1333 63 43 0 1 2 175 49 54 0 1 2 175 68 73 0 1 2 175 64 52 0 1 2 175 50 23 0 1 2 175 64 53 0 1 0 3 49 72 0 1 0 3 39 11 0 1 0 3 33 73 0 1 0 3 46 223 0 1 0 3 50 314 2 75 2 325 59
4/4 53 0 1 0 0 49 72 0 1 0 0 39 11 0 1 0 0 33 73 0 1 0 0 46 223 0 1 0 0 50 314 1 5 0 0 59 23 3 333 0 1 72 43 1 15 3 1333 55 613 0 1 1 15 55 13 0 1 1 15 60 41 1 5 1 15 62 314 2 175 1 15 71 11 3 333 0 2 53 52 1 5 3 2333 61 612 1 5 2 275 64 12 1 5 2 325 70 313 1 5 1 35 77
4/4 43 1 5 0 0 88 613 2 25 3 333 78 13 2 25 2 75 84 12 0 1 2 125 50 33 0 1 2 125 56 612 0 1 2 125 50 42 0 1 2 125 53 34 0 1 2 125 72 613 0 1 2 125 68 43 0 1 2 125 63 41 0 1 1 25 74 23 2 25 2 325 87 614 2 25 2 375 88
4/4 54 2 25 1 5 87 73 0 1 0 1 60 23 0 1 0 1 59 44 0 1 0 1 67 614 0 1 0 1 81 71 2 25 0 1 61 43 0 1 2 225 63 72 0 1 2 225 63 22 0 1 2 225 59 72 0 1 3 3333 62 22 0 1 3 3333 62 43 1 5 3 3333 68
4/4 72 0 1 0 0 62 22 0 1 0 0 62 73 2 175 2 25 80 614 0 1 1 5 78 44 0 1 1 5 62 42 1 5 1 5 57 43 0 1 2 175 44 22 0 1 2 175 49 72 0 1 2 175 48 74 2 25 1 25 80 54 3 333 0 3 84 44 2 25 2 375 80
4/4 54 0 1 2 25 74 13 0 1 2 25 68 314 2 375 2 25 70 11 2 25 2 25 57 313 0 1 3 1333 61 52 0 1 3 1333 64 12 0 1 3 1333 52 52 0 1 1 25 59 313 0 1 1 25 62 12 0 1 1 25 52 51 2 25 3 3667 64
4/4 54 0 1 0 0 74 13 0 1 0 0 68 314 3 917 0 0 70 313 0 1 2 75 51 52 0 1 2 75 49 12 0 1 2 75 48 13 0 1 3 1667 80 314 2 25 1 25 81 44 2 25 2 275 96 53 0 1 2 325 67 13 0 1 2 325 62 314 0 1 2 325 76 611 0 1 2 325 57 54 0 1 2 325 74
4/4 54 0 1 2 25 84 13 0 1 2 25 67 53 0 1 2 25 80 313 0 1 1 5 64 612 0 1 1 5 57 12 0 1 1 5 56 313 0 1 3 1667 74 12 0 1 3 1667 56 612 0 1 3 1667 59 12 0 1 3 1667 56 53 1 5 1 25 84 13 0 1 2 275 72 54 0 1 2 275 80 312 0 1 2 275 63 314 0 1 2 275 71
4/4 53 0 1 0 0 48 313 0 1 0 0 42 612 0 1 0 0 39 614 0 1 0 0 62 12 0 1 0 0 49 13 0 1 0 0 60 44 2 25 1 15 74 314 2 25 0 2 71 23 0 1 3 2333 63 613 0 1 3 2333 58 43 0 1 3 2333 62 613 0 1 3 2333 58 21 1 5 3 2333 54 612 0 1 1 35 56 22 0 1 1 35 58 42 0 1 1 35 57
4/4 612 0 1 0 0 56 22 0 1 0 0 58 42 0 1 0 0 57 43 2 25 2 25 70 314 3 333 3 667 84 44 2 25 3 1333 77 43 0 1 2 175 54 72 0 1 2 175 52 52 0 1 2 175 49 54 0 1 2 175 72 73 0 1 2 175 67 23 0 1 2 175 65 11 0 1 2 275 43 53 0 1 2 275 46 72 0 1 2 275 36 73 0 1 2 275 57 314 0 1 0 3 64
4/4 11 0 1 0 0 43 53 0 1 0 0 46 72 0 1 0 0 36 73 0 1 0 0 57 23 2 25 2 75 70 43 0 1 2 125 49 613 0 1 2 125 45 13 3 2667 3 1333 60 41 0 1 3 1333 55 314 3 333 3 1333 57 11 1 5 0 2 62 52 1 5 1 25 64 612 1 5 2 325 51 12 3 333 3 3667 55
4/4 13 3 583 0 0 60 12 3 167 0 0 55 313 2 25 1 5 48 612 0 1 0 1 45 42 0 1 0 1 46 33 0 1 0 1 41 43 0 1 0 1 39 613 0 1 0 1 44 13 0 1 0 1 53 34 2 75 3 1333 58 613 3 333 2 325 81 613 0 1 3 3667 84 614 0 1 3 3667 78
4/4 73 0 1 0 0 84 74 0 1 0 0 77 14 0 1 1 5 87 13 0 1 1 5 84 14 0 1 0 1 80 44 0 1 0 1 72 614 0 1 0 1 71 51 2 25 0 1 64 74 0 1 2 225 87 44 0 1 2 225 75 53 0 1 2 225 64 52 0 1 2 225 64 22 0 1 2 225 62 72 0 1 2 225 63 523 0 1 3 3333 77 52 0 1 3 3333 61 22 0 1 3 3333 54 72 0 1 3 3333 49
4/4 614 2 25 0 0 78 52 0 1 1 5 55 72 0 1 1 5 51 22 0 1 1 5 51 43 0 1 1 5 58 73 0 1 1 5 63 23 0 1 1 5 62 44 0 1 1 5 72 74 0 1 1 5 77 51 0 2 2 175 77 73 2 25 3 2667 80 73 0 1 0 3 72 74 0 1 0 3 92 13 0 1 1 35 80 14 0 1 1 35 92
4/4 23 0 1 0 0 92 24 0 1 0 0 92 611 2 25 3 333 76 23 0 1 3 333 87 24 0 1 3 333 87 54 0 1 3 333 84 613 0 1 1 15 73 612 0 1 1 15 63 313 0 1 1 15 58 12 0 1 1 15 52 14 0 1 1 15 92 54 0 1 1 15 84 314 0 1 1 15 64 63 0 1 3 2667 77 313 0 1 3 2667 63 612 0 1 3 2667 63 12 0 1 3 2667 61 23 0 1 3 3333 74 714 0 1 3 3333 84 612 0 1 3 3667 52 12 0 1 3 3667 47 313 0 1 3 3667 53 53 0 1 3 3667 59
4/4 13 0 1 0 0 62 314 0 1 0 0 65 54 0 1 0 0 74 14 0 1 0 0 84 611 2 175 2 125 73 13 2 25 2 175 72 13 0 1 3 2333 87 14 0 1 3 2333 87 23 0 1 2 275 87 24 0 1 2 275 87 314 0 1 2 325 92 315 0 1 2 325 81 71 2 25 3 3667 77 314 0 1 3 3667 84 315 0 1 3 3667 84 14 0 1 3 3667 60
4/4 314 0 1 0 0 84 315 0 1 0 0 84 14 0 1 0 0 60 73 0 1 2 75 77 72 0 1 2 75 68 22 0 1 2 75 62 43 0 1 2 75 56 24 0 1 2 75 84 614 0 1 2 75 78 44 0 1 2 75 76 613 0 1 0 2 76 72 0 1 0 2 65 22 0 1 0 2 46 43 0 1 0 2 46 22 0 1 0 2 46 44 0 1 3 2667 70 224 0 1 3 2667 76 712 0 1 0 3 47 22 0 1 0 3 39 43 0 1 0 3 39 63 0 1 0 3 43 23 0 1 3 3333 51 44 0 1 3 3333 51 64 0 1 3 3333 64 24 3 333 3 3667 83
4/4 712 0 1 0 0 47 22 0 1 0 0 39 43 0 1 0 0 39 63 0 1 0 0 43 54 0 1 3 667 48 55 0 1 3 667 71 45 2 25 1 25 86 314 0 1 0 3 79 315 0 1 0 3 81 611 0 1 0 3 82 315 0 1 0 3 81 312 3 333 1 35 66 612 2 25 2 375 68
4/4 22 1 5 2 25 77 313 1 5 1 5 74 613 1 5 0 1 88 23 1 5 3 1333 72 314 1 5 3 1667 73 54 1 5 0 2 68 612 0 1 1 25 43 313 0 1 1 25 43 53 0 1 1 25 45 223 0 1 1 25 53 314 0 1 2 275 58 614 0 1 2 275 70
4/4 23 1 5 3 667 80 614 2 25 2 125 88 54 2 25 2 175 84 73 2 125 2 225 58 23 3 1667 3 2333 65 44 3 1667 3 2333 70 71 2 25 3 2333 67 614 1 15 3 2333 78 72 0 1 1 35 65 613 0 1 1 35 70 43 0 1 1 35 59 22 0 1 1 35 57
4/4 23 3 333 0 0 65 44 0 1 0 0 70 613 0 1 1 5 84 72 0 1 1 5 59 43 0 1 1 5 59 22 0 1 1 5 57 54 0 1 2 175 80 613 0 1 2 175 84 23 0 1 2 175 68 41 2 25 2 175 64 613 0 1 0 3 59 72 0 1 0 3 58 614 0 1 0 3 84 23 0 1 0 3 74 44 0 1 0 3 72 43 0 1 0 3 54 22 0 1 0 3 50 43 0 1 0 3 54
4/4 14 0 1 0 0 87 44 0 1 0 0 80 614 0 1 2 75 68 23 0 1 2 75 68 54 0 1 2 125 87 13 0 1 2 125 77 611 0 1 2 125 64 44 3 333 0 2 87 44 0 1 3 2333 67 53 0 1 3 2333 77 13 0 1 3 2333 77 43 0 1 3 2333 63 612 0 1 3 2333 61 12 0 1 3 2333 57 43 0 1 1 35 74 612 0 1 1 35 62 12 0 1 1 35 64
4/4 44 0 1 0 0 67 53 0 1 0 0 77 13 0 1 0 0 77 41 2 25 3 667 74 612 0 1 3 1667 61 43 0 1 3 1667 67 12 0 1 3 1667 62 614 3 333 1 25 88 615 3 333 2 275 83 55 2 25 1 35 78
4/4 74 0 1 0 0 62 24 0 1 0 0 59 45 0 1 0 0 70 71 2 25 0 0 74 615 0 2 0 0 87 613 0 1 2 125 70 72 0 1 2 125 64 22 0 1 2 125 58 43 0 1 2 125 53 613 0 1 3 2333 78 72 0 1 3 2333 57 43 0 1 3 2333 54 22 0 1 3 2333 57 74 0 1 2 325 59 24 0 1 2 325 64 41 0 1 2 325 64 55 0 1 2 325 78
4/4 613 0 1 1 5 62 72 0 1 1 5 61 22 0 1 1 5 51 43 0 1 1 5 55 74 0 1 1 5 74 615 0 1 1 5 73 24 0 1 1 5 67 45 0 1 1 5 60 15 0 1 3 1667 86 55 0 1 3 1667 72 615 0 1 1 25 66 45 0 1 1 25 60 14 0 1 0 3 92 55 0 1 0 3 78 611 0 1 0 3 73 45 2 25 3 3667 77
4/4 43 0 1 0 0 63 612 0 1 0 0 56 12 0 1 0 0 56 45 1 35 0 0 67 54 3 2667 0 0 80 14 2 375 0 0 84 43 0 1 2 125 67 12 0 1 2 125 63 612 0 1 2 125 59 41 2 25 3 2333 71 53 0 1 1 35 55 12 0 1 1 35 51 612 0 1 1 35 47 44 3 333 1 35 56
4/4 53 0 1 0 0 55 12 0 1 0 0 51 612 0 1 0 0 47 45 3 333 2 25 87 315 3 333 3 667 92 14 2 25 1 15 92 44 0 1 2 175 70 74 0 1 2 175 74 52 0 1 2 175 68 24 0 1 2 175 80 14 2 25 3 2667 87 24 0 1 0 3 87 44 0 1 0 3 74 74 0 1 0 3 77 72 0 1 0 3 59 43 0 1 0 3 52 22 0 1 0 3 57
4/4 24 0 1 0 0 87 44 0 1 0 0 74 74 0 1 0 0 77 43 0 1 2 25 74 72 0 1 2 25 70 22 0 1 2 25 67 21 2 25 3 1333 74 43 0 1 1 25 51 72 0 1 1 25 49 22 0 1 1 25 48 24 0 1 2 325 70 44 0 1 2 325 74 74 0 1 2 325 63 14 3 333 3 3667 80
4/4 74 2 25 1 5 68 14 1 25 0 1 87 612 3 667 0 1 54 53 0 1 0 2 46 314 0 1 0 2 55 13 0 1 0 2 53 12 0 1 0 2 48 313 0 1 0 2 41 314 0 1 2 325 54 53 0 1 2 325 48 313 0 1 2 325 40 12 0 1 2 325 44 13 0 1 2 325 49
4/4 73 0 1 2 25 32 52 0 1 2 25 49 23 2 75 3 333 48 44 1 15 1 5 58 74 2 275 1 5 62 43 0 1 3 1667 43 22 0 1 3 1667 43 73 0 1 3 1667 49 72 0 1 3 1667 41 73 0 1 0 3 49 43 0 1 0 3 49 23 0 1 0 3 48 44 0 1 0 3 53
4/4 613 0 1 0 0 39 314 0 1 0 0 48 42 0 1 3 333 49 614 0 1 3 333 64 314 0 1 3 1667 53 315 0 1 3 1667 54 613 0 1 3 1667 44 12 0 1 3 1667 36 313 0 1 3 1667 44 55 0 1 0 3 49 13 0 1 0 3 46 613 0 1 0 3 37 54 0 1 0 3 46
4/4 314 0 1 2 75 34 614 0 1 2 75 23 14 0 1 2 75 34 315 0 1 2 125 34 615 0 1 2 125 41 316 0 1 2 125 43
