4/4 34 0 1 1 25 30 55 0 1 1 25 31 75 0 1 1 25 36 24 1 15 1 25 37 46 2 125 2 275 47
4/4 34 0 1 0 0 30 55 0 1 0 0 31 75 0 1 0 0 36 24 1 5 0 0 37 46 0 1 0 0 47 14 0 1 2 125 44 36 0 1 2 125 56 56 0 1 1 25 59 74 0 1 1 25 43
4/4 614 0 1 0 1 46 46 0 1 0 1 64 64 0 1 0 2 39 15 0 1 0 2 44 55 0 1 0 2 37 16 0 1 0 2 46 56 2 175 2 225 43
4/4 64 0 1 0 0 39 15 0 1 0 0 44 56 2 75 0 0 43 45 0 1 3 667 45 76 3 1333 3 667 50 66 0 2 0 2 54 35 2 125 0 2 43
4/4 24 1 5 1 5 45 75 0 1 1 15 32 25 0 1 1 15 31 46 0 1 1 15 42 54 0 1 1 15 35 45 0 1 3 1667 43 76 0 1 3 1667 48 24 0 1 0 3 39
4/4 24 2 25 0 0 39 45 0 1 2 25 38 56 0 1 2 25 49 55 0 1 3 1667 39 36 0 1 3 1667 47 75 0 1 3 1667 46 14 3 2333 3 1667 37
4/4 14 3 667 0 0 37 75 1 5 2 25 57 75 0 1 3 1333 35 25 0 1 3 1333 42 76 0 1 3 1333 46 45 0 1 1 15 40 54 0 1 1 15 36 24 2 125 2 275 42 56 1 5 3 3333 50
4/4 76 0 1 0 0 48 45 0 1 0 0 42 25 0 1 0 0 55 24 1 5 0 0 42 56 2 25 3 667 51 55 2 225 3 1333 36 14 3 2667 3 1333 42 46 1 25 3 1333 52 75 0 1 3 1333 43 25 0 1 3 1333 44 36 0 1 2 275 46
4/4 14 3 667 0 0 42 25 2 25 0 1 54 614 1 25 1 15 39 15 2 175 1 15 51 55 1 15 1 15 47 45 2 125 2 275 35
4/4 55 1 5 0 0 42 64 1 25 1 15 43 75 0 1 1 15 47 35 0 1 1 15 48 14 2 125 2 275 32
4/4 14 2 25 0 0 32 65 3 333 2 25 49 55 3 1667 1 15 45 14 2 75 1 15 44 23 1 25 1 15 37 614 2 175 2 225 37 14 2 125 2 275 48 45 1 5 1 35 53
4/4 45 1 25 0 0 53 614 3 917 0 0 37 14 2 225 0 0 48 55 0 3 2 25 58 13 0 2 1 15 44 614 2 125 2 225 41 14 2 125 2 275 43 45 1 5 1 35 43
4/4 45 2 25 0 0 43 14 2 25 0 0 43 55 1 5 2 25 48 14 0 1 1 15 23 35 0 1 1 15 37 73 3 2333 3 1667 41 55 2 175 2 175 45 64 1 15 1 25 40 14 2 75 2 325 44
4/4 24 2 75 0 0 40 64 3 1167 0 0 40 73 3 917 0 0 41 14 2 125 0 0 44 35 2 75 2 75 45 55 2 25 1 15 40 44 1 15 1 25 25 73 1 15 1 25 20 64 3 1333 3 2667 31 24 0 1 0 3 23 45 0 1 0 3 34
4/4 44 0 4 0 0 25 73 2 375 0 0 20 64 0 3 0 0 31 24 0 1 0 0 23 45 0 1 0 0 34
4/4 44 3 167 0 0 25 74 0 1 3 2333 45 55 2 25 2 325 63
4/4 33 0 1 0 0 35 34 0 1 0 0 34 55 0 1 0 0 46 74 0 1 0 0 42 73 0 3 0 0 36 45 3 667 0 3 63 35 3 333 3 3667 60
4/4 33 3 2667 3 333 31 23 0 3 1 5 31 55 0 1 1 5 47 54 0 1 1 5 39 24 0 2 1 5 40 75 2 25 3 3333 64
4/4 13 0 1 3 667 34 33 0 1 3 667 27 14 0 1 3 667 32 54 0 1 3 667 32 14 0 1 3 667 32 55 2 325 2 75 39
4/4 55 0 3 0 0 39 74 0 1 2 125 37 54 0 1 2 125 29 73 3 2667 3 1333 30 33 3 2667 3 1333 26
4/4 73 3 583 0 0 30 75 1 5 2 25 72 14 0 1 3 1667 37 35 0 1 3 1667 38 65 0 1 3 1667 48 43 0 1 3 1667 36 34 0 1 3 1667 38
4/4 43 0 1 0 0 36 34 0 1 0 0 38 14 1 5 2 75 59 64 0 1 2 225 39 314 0 1 2 225 38 14 0 1 2 225 46 43 0 1 2 225 35
4/4 64 0 1 0 0 39 314 0 1 0 0 38 14 0 1 0 0 46 43 0 1 0 0 35 55 3 333 2 125 62 45 2 25 0 2 64 73 0 1 3 2667 37 64 0 1 3 2667 41 45 3 1333 3 2667 47 14 3 1333 3 2667 48
4/4 73 0 1 0 0 37 64 0 1 0 0 41 45 3 5167 0 0 47 14 3 333 0 0 48 44 2 175 2 25 33 14 2 75 1 15 43 24 0 1 0 3 37 74 0 1 0 3 33 73 0 1 0 3 27 44 0 1 0 3 29
4/4 24 0 1 0 0 37 74 0 1 0 0 33 73 0 1 0 0 27 44 2 175 0 0 29 74 1 5 2 225 52 55 2 25 0 3 67 34 2 25 2 375 33 55 0 1 2 375 38 74 0 1 2 375 41 54 0 1 2 375 37 73 2 25 2 375 34
4/4 33 2 325 0 0 33 34 3 3417 0 0 33 55 0 1 0 0 38 74 0 1 0 0 41 54 0 1 0 0 37 73 2 375 0 0 34 45 2 75 0 3 65 35 3 333 3 3667 67
4/4 35 3 167 0 0 67 74 0 1 2 25 38 24 0 1 2 25 44 23 2 325 3 333 35 55 0 1 3 333 54 33 0 1 3 333 35 75 3 333 3 3333 59
4/4 24 0 1 0 1 37 74 0 1 0 1 34 45 0 1 0 1 40 44 0 1 0 1 31 75 0 3 0 1 36 53 0 3 0 1 24
4/4 24 0 1 0 0 37 74 0 1 0 0 34 45 0 1 0 0 40 44 0 1 0 0 31 75 2 375 0 0 36 53 0 1 1 15 31 34 0 1 1 15 34 74 0 1 1 15 34 35 3 2333 3 1667 37
4/4 53 0 1 0 0 31 34 0 1 0 0 34 74 0 1 0 0 34 35 3 1333 0 0 37 75 1 5 3 667 65 64 0 1 0 2 34 35 0 1 0 2 45 65 0 1 0 2 57 43 0 1 0 2 36 34 0 1 0 2 36 55 1 5 1 35 62
4/4 55 0 1 0 0 62 43 0 1 0 0 36 34 0 1 0 0 36 14 1 5 0 1 52 44 0 1 1 25 32 14 0 1 1 25 30 73 0 1 1 25 36 64 0 1 1 25 40 55 0 1 1 25 44
4/4 44 0 1 0 0 32 14 0 1 0 0 30 73 0 1 0 0 36 64 0 1 0 0 40 55 0 1 0 0 44 45 1 5 1 15 48 35 2 25 2 225 58 13 0 1 0 3 36 33 0 1 0 3 33 34 0 1 0 3 35 35 0 1 0 3 45 64 0 1 0 3 41
4/4 13 0 1 0 0 36 33 0 1 0 0 33 34 0 1 0 0 35 35 2 325 0 0 45 64 3 1667 0 0 41 33 3 333 3 3667 40 64 3 333 3 3667 49
4/4 33 3 2167 0 0 40 64 3 917 0 0 49 713 2 275 3 333 38 74 2 75 0 1 51 44 2 75 1 25 36 64 3 333 2 325 42
4/4 54 1 15 0 0 39 34 0 1 0 0 36 33 1 25 0 0 35 73 3 2667 2 75 36 34 2 125 1 15 49 44 2 75 2 225 52 54 2 75 0 3 62 64 3 333 3 3667 64
4/4 64 3 417 0 0 64 12 0 1 1 5 31 34 0 1 1 5 36 63 0 1 1 5 34 73 0 1 1 5 38 44 0 1 2 225 31 34 0 1 2 225 35 63 0 1 2 225 32 43 0 1 2 225 29 72 0 1 2 225 27
4/4 43 0 1 0 0 29 72 0 1 0 0 27 74 3 2333 3 1667 50 55 3 333 3 2333 68 33 2 75 0 3 52 55 0 1 0 3 67 73 2 25 2 375 38
4/4 74 3 667 0 0 50 73 2 325 0 0 38 55 2 125 0 0 67 54 0 1 3 667 36 74 1 15 3 1333 60 45 2 75 0 2 64 35 1 5 3 2667 64 74 0 1 0 3 37 24 0 1 0 3 42 33 3 667 3 3333 46 55 3 667 3 3333 62
4/4 23 2 25 0 0 38 74 0 1 0 0 37 24 0 1 0 0 42 33 3 83 0 0 46 55 3 833 0 0 62 54 3 333 0 1 39 75 3 333 3 2333 50 74 0 1 1 35 29 14 0 1 1 35 34 33 2 25 2 375 42 55 2 25 2 375 51
4/4 74 0 1 0 0 29 14 0 1 0 0 34 33 2 75 0 0 42 55 2 175 0 0 51 13 2 275 1 5 43 54 3 1333 2 125 49 14 2 75 3 2667 43
4/4 74 3 1667 0 0 41 33 0 1 2 25 40 73 3 667 0 1 46 23 3 667 3 1667 55 54 1 5 3 2333 59 74 2 75 0 3 70 23 0 1 0 3 54 33 0 1 3 3667 52 75 0 1 3 3667 60
4/4 14 0 1 2 25 49 35 0 1 2 25 51 43 2 75 1 5 54 65 2 175 1 5 63 13 2 275 2 125 43 64 0 1 0 2 47 14 3 667 2 325 62
4/4 13 2 25 0 0 43 64 0 1 3 667 51 14 0 1 3 667 55 43 0 1 2 75 39 13 0 2 1 15 43 314 3 1333 2 225 43 64 0 1 0 3 53 55 3 333 3 3667 63
4/4 45 2 25 3 333 58 64 0 1 2 75 39 14 0 1 2 75 45 45 1 15 0 1 54 73 3 2333 0 1 42 44 0 2 2 175 38 64 1 15 1 25 49
4/4 14 3 667 0 0 51 224 3 333 3 667 57 44 0 1 2 125 37 64 0 1 2 125 43 72 0 1 1 15 38 24 0 1 1 15 50 43 1 5 2 225 47 23 3 667 0 3 52 44 3 333 3 3667 51
4/4 44 3 417 0 0 51 74 1 5 1 5 50 75 0 1 1 5 58 56 1 5 2 125 65 55 0 2 2 175 45 75 0 2 0 2 52 33 0 1 0 2 52 56 1 15 0 2 59 73 0 1 2 275 47 44 3 333 1 35 40
4/4 75 3 333 0 0 52 54 0 1 2 25 42 46 3 667 0 1 67 36 3 667 3 1667 70 55 2 175 0 2 53 25 2 175 2 225 54 56 3 1667 3 2333 62 33 3 667 3 2333 50 23 3 667 2 325 52 54 2 25 2 375 57
4/4 56 3 667 0 0 62 54 1 5 0 0 57 25 2 125 0 0 54 74 0 1 1 5 60 76 2 75 2 125 70 24 3 333 2 125 54 75 3 333 0 2 60 75 0 1 3 2333 51 25 0 1 3 2333 51 46 0 1 3 2667 57 76 0 1 3 2667 68 53 2 75 2 275 54 23 1 5 1 35 47
4/4 75 0 1 0 0 51 25 0 1 0 0 51 46 0 1 0 0 57 76 0 1 0 0 68 74 1 5 2 25 48 24 2 75 0 1 46 45 3 333 3 1667 42 75 2 25 3 2333 50 45 0 1 0 3 44 75 0 1 0 3 44 36 0 1 0 3 49 53 2 75 2 325 41
4/4 34 2 75 0 0 42 45 0 1 0 0 44 75 0 1 0 0 44 36 0 1 0 0 49 74 3 1333 3 667 38 25 0 1 3 667 45 75 2 75 2 225 61 14 0 1 3 3333 43 35 0 1 3 3333 46 43 3 333 3 3667 49 65 3 333 3 3667 64
4/4 14 0 1 0 0 43 35 0 1 0 0 46 43 3 417 0 0 49 65 0 1 0 0 64 13 3 333 1 5 49 55 0 1 2 125 58 64 0 1 2 125 51 14 0 1 1 25 52 13 0 1 1 25 49 43 2 75 2 325 52 64 3 333 3 3667 47 14 0 1 2 375 47 35 0 1 2 375 54 55 0 1 2 375 60
4/4 72 2 75 0 0 56 64 3 1917 0 0 47 14 0 1 0 0 47 35 0 1 0 0 54 55 0 1 0 0 60 43 2 25 2 75 43 34 1 15 1 15 44 64 1 15 2 225 55 45 0 1 0 3 57 23 0 1 0 3 40 35 2 25 2 375 49
4/4 64 1 15 1 5 49 33 2 125 1 5 43 35 2 225 1 5 49 13 0 2 2 125 44 34 2 125 0 2 56 64 2 75 3 2667 64 74 3 667 3 3333 70
4/4 35 0 3 0 0 59 74 3 83 0 0 70 73 0 1 2 75 35 54 0 1 2 75 46 33 0 1 2 75 37 64 0 1 3 2333 65 34 0 1 3 2333 65 13 0 1 3 2333 53 43 0 1 3 2333 52 74 0 1 2 375 72 44 0 1 2 375 64 34 0 1 2 375 64
4/4 53 3 1333 0 0 52 74 0 1 0 0 72 44 0 1 0 0 64 34 0 1 0 0 64 13 0 1 2 125 52 34 0 1 2 125 49 54 0 1 2 125 59 62 2 75 1 15 54 14 3 1333 1 15 68 33 1 5 2 225 48 13 3 667 0 3 53 34 3 333 3 3667 49
4/4 34 3 917 0 0 49 64 3 333 3 333 46 15 2 75 3 333 67 14 2 25 2 125 53 24 0 1 2 175 54 45 0 1 2 175 62 62 0 1 2 175 53 15 2 175 0 2 72 43 3 333 3 2667 49 24 3 667 3 3333 72 23 1 5 3 3333 49
4/4 24 3 833 0 0 72 44 2 25 2 25 49 35 3 667 2 75 74 74 2 25 0 1 53 74 0 2 0 2 47 24 0 1 0 2 53 45 0 1 0 2 53 52 2 75 3 2333 53 75 3 1667 3 2333 60 22 1 5 0 3 51 73 2 25 2 375 45
4/4 74 2 125 0 0 47 24 0 1 0 0 53 45 0 1 0 0 53 73 2 25 0 0 45 75 3 1583 0 0 60 23 2 75 1 5 48 44 3 333 2 125 48 74 0 2 0 2 56 34 0 1 2 275 38 53 0 1 2 275 33 73 0 1 2 275 39 35 0 1 2 275 50 44 0 1 2 275 33
4/4 74 2 25 0 0 56 74 0 1 1 15 68 52 0 1 1 15 49 73 2 25 3 2333 65 13 0 1 2 275 56 34 0 1 2 275 57 42 0 1 0 3 61 74 0 1 0 3 74 12 2 25 2 375 50
4/4 12 3 83 0 0 50 64 2 75 1 5 74 63 2 25 1 5 54 13 1 5 2 125 52 54 2 75 0 2 72 34 3 333 0 2 70 42 1 5 3 2667 48 63 0 1 0 3 53 13 0 1 0 3 53 44 3 667 3 3333 68 72 3 667 3 3333 62
4/4 43 3 1333 0 0 55 63 0 1 0 0 53 13 0 1 0 0 53 44 3 333 0 0 68 72 3 1583 0 0 62 54 0 1 2 75 70 34 0 1 2 75 67 63 2 25 1 15 53 63 0 1 2 225 32 713 0 1 2 225 43 23 0 1 2 225 52 72 0 1 2 225 36 64 0 1 2 225 52 73 0 1 3 3667 52 34 0 1 3 3667 55 44 0 1 3 3667 62 52 0 1 3 3667 53 74 2 25 2 375 65
4/4 73 0 1 0 0 52 34 0 1 0 0 55 44 0 1 0 0 62 52 0 1 0 0 53 74 2 75 0 0 65 33 3 667 3 667 62 73 1 5 2 125 65 34 0 1 0 2 61 74 0 1 0 2 72 35 3 333 2 275 84 24 3 333 3 3333 84
4/4 54 0 1 0 0 59 74 0 1 0 0 62 224 0 1 0 0 73 32 2 75 2 25 64 33 3 333 0 1 65 53 2 75 3 1667 67 73 3 667 3 2333 68 35 2 75 2 325 84 34 1 5 2 325 63
4/4 54 2 25 0 0 57 15 3 333 0 0 72 35 2 25 0 0 84 14 0 1 3 333 46 35 0 1 3 333 51 55 0 1 3 333 67 15 2 325 3 667 77 62 2 75 3 667 58 33 1 5 3 1333 50 13 1 5 0 2 43 34 3 333 2 275 48 35 3 333 3 3667 77 74 2 25 3 3667 55
4/4 35 3 417 0 0 77 14 2 25 2 25 64 24 3 1667 2 75 65 45 2 175 0 1 64 62 0 1 0 1 59 15 0 1 0 1 78 43 3 333 2 175 53 25 0 1 3 2333 74 23 0 1 3 2333 54 24 2 75 0 3 56 44 1 5 2 325 47 15 2 25 2 375 72 74 2 25 2 375 51
4/4 15 2 25 0 0 72 74 0 2 0 1 49 24 0 1 0 1 57 45 0 1 0 1 57 52 0 1 0 1 54 75 0 2 3 1333 72 22 1 5 0 2 54 24 2 125 2 275 70 73 1 5 2 275 52 23 1 5 1 35 44
4/4 23 2 25 0 0 44 24 3 417 0 0 70 35 0 1 2 25 64 44 0 1 2 25 41 74 2 25 0 1 47 74 0 1 3 1667 28 35 0 1 3 1667 49 13 0 1 2 175 33 54 0 1 2 175 35 35 0 1 2 175 49 75 0 1 2 175 55
4/4 224 0 1 2 75 51 15 0 1 2 75 57 315 0 1 2 75 51 314 0 1 2 75 37 55 0 1 2 75 51 14 0 1 2 225 46 35 0 1 2 225 53 44 1 15 1 25 41 65 1 15 1 25 65
4/4 75 3 667 0 0 72 44 3 1833 0 0 41 15 1 5 1 15 64 43 0 1 3 2667 32 314 0 1 3 2667 33 14 0 1 0 3 45 315 0 1 0 3 46 65 2 75 2 325 46 15 2 75 2 325 64
4/4 43 0 1 0 0 32 314 0 1 0 0 33 14 0 1 0 0 45 315 0 1 0 0 46 65 3 917 0 0 46 75 3 333 2 75 58 65 3 333 3 2333 53
4/4 64 0 1 0 0 36 73 0 1 0 0 35 24 0 1 0 0 42 55 0 1 0 0 46 73 0 1 0 0 35 525 1 5 3 3333 43
4/4 44 0 3 0 1 26 73 0 3 0 1 22 64 0 1 0 1 29 14 0 1 0 1 23 45 0 1 0 1 39 75 3 333 2 275 36 76 2 25 0 3 49
4/4 44 2 225 0 0 26 73 2 175 0 0 22 74 1 15 1 25 38 55 3 333 3 3333 44
4/4 33 2 125 0 0 43 74 3 1833 0 0 38 55 2 225 2 25 48 73 3 1667 0 1 36 54 2 75 2 175 39 74 2 75 1 25 59 45 2 75 2 325 70
4/4 35 1 5 0 0 67 54 0 1 1 5 41 74 0 1 1 5 51 24 0 1 3 667 51 55 0 1 3 667 64 33 0 1 2 75 48 23 3 333 1 15 46 54 3 1333 2 225 56 75 3 333 3 3667 63
4/4 54 0 1 0 1 35 33 0 1 0 1 39 14 3 1667 0 1 46 55 2 225 2 125 42 13 2 225 2 175 41 54 3 1333 3 2667 44
4/4 14 2 75 0 0 43 54 3 167 0 0 44 13 2 25 0 0 41 74 3 2333 3 1667 45 33 0 1 3 1667 38 73 3 1667 3 2333 44 44 1 5 0 3 54 54 2 25 2 375 62
4/4 74 3 667 0 0 45 54 3 417 0 0 62 73 3 83 0 0 44 35 0 1 3 667 70 73 0 1 3 667 59 75 0 1 3 1333 77 33 0 1 3 1333 50 64 2 225 2 175 55 35 0 1 0 2 65 65 0 1 0 2 70 42 2 75 0 2 55 12 1 5 2 275 52 63 1 5 1 35 40
4/4 64 2 75 0 0 55 13 2 75 2 25 45 14 0 1 0 1 58 34 0 1 0 1 40 54 2 25 2 175 45 314 0 1 1 25 38 43 0 1 1 25 38 14 0 1 1 25 47 64 0 1 1 25 44
4/4 314 0 1 0 0 38 43 0 1 0 0 38 14 0 1 0 0 47 64 0 1 0 0 44 64 0 1 2 75 63 13 0 1 1 15 44 55 0 1 1 15 70 45 3 333 2 225 68 64 0 1 3 2667 49 14 0 1 3 2667 51 45 0 1 0 3 60 72 2 75 0 3 47 43 3 333 3 3667 46
4/4 64 0 1 0 0 49 14 0 1 0 0 51 45 2 225 0 0 60 43 3 167 0 0 46 13 3 333 1 5 43 34 1 15 2 125 44 14 2 75 0 2 52 64 2 25 3 2667 47 64 0 1 1 35 35 44 0 1 1 35 38 24 0 1 1 35 42 73 1 5 1 35 34
4/4 64 0 1 0 0 35 44 0 1 0 0 38 24 0 1 0 0 42 73 1 5 0 0 34 72 2 175 0 1 40 73 0 1 1 25 53 54 3 333 3 3333 64
4/4 73 3 1333 0 0 36 54 0 3 0 0 49 32 0 1 0 0 46 72 3 667 0 1 44 53 2 75 3 1667 49 73 3 667 3 2333 61 53 1 5 0 3 55 44 2 75 0 3 61 72 2 25 2 375 55 34 2 25 2 375 58
4/4 72 2 25 0 0 55 73 3 1333 2 25 56 23 0 1 3 333 59 54 0 1 3 333 70 32 2 75 1 5 57 22 2 75 2 125 54 53 1 5 0 2 49 73 2 75 2 275 46 23 2 25 1 35 44 74 1 5 1 35 65
4/4 74 2 25 0 0 65 23 2 25 2 25 49 73 0 1 2 75 42 23 0 1 2 75 49 52 0 1 2 75 49 44 0 1 0 1 53 74 0 1 0 1 62 22 3 333 3 1667 51 73 3 667 3 2333 50 23 2 75 2 325 39
4/4 44 3 667 0 0 41 23 2 25 0 0 39 74 2 25 3 667 46 53 3 2667 3 1333 32 34 0 1 1 15 33 74 0 1 1 15 34 44 0 1 1 15 31 74 0 1 1 15 34 35 2 175 2 175 47
4/4 53 3 1333 0 0 32 75 1 5 2 75 70 23 2 125 2 75 49 64 0 1 2 225 36 35 0 1 2 225 51 43 0 1 2 225 58 65 2 125 1 25 64 13 2 75 2 325 52
4/4 55 1 15 0 0 80 64 3 667 0 0 53 13 2 75 3 667 43 43 1 5 1 15 48 14 2 75 1 15 53 13 0 1 2 225 36 64 0 1 2 225 44 64 0 1 0 3 32 55 0 1 0 3 52 14 0 1 0 3 36 44 0 1 0 3 35 73 0 1 0 3 39
4/4 64 0 1 0 0 32 55 0 1 0 0 52 14 1 15 0 0 36 72 2 225 3 667 36 45 3 667 2 225 40 35 0 1 3 3667 39 65 0 1 3 3667 39 715 0 1 3 3667 34
4/4 62 0 1 0 0 42 36 0 1 0 0 53 35 0 1 0 0 39 65 0 1 0 0 39 715 0 1 0 0 34 33 1 5 2 75 49 225 0 1 1 15 70 75 0 1 1 15 68 73 0 1 1 15 46 713 0 1 2 225 63 35 0 1 2 225 68 715 0 1 0 3 78 65 0 1 0 3 70 34 0 1 0 3 63 713 3 333 3 3667 63
4/4 713 3 417 0 0 63 34 0 1 3 333 50 75 0 1 3 333 65 525 0 1 3 333 67 74 2 75 0 1 45 65 0 1 0 2 55 45 0 1 0 2 52 714 3 333 0 2 41 713 0 1 1 35 34 75 0 1 1 35 54 34 0 1 1 35 37
4/4 33 0 1 2 125 31 73 0 1 2 125 35 34 0 1 2 125 33 54 0 1 1 15 32 74 0 1 1 15 36 55 0 1 1 15 38
4/4 33 0 1 0 0 31 73 0 1 0 0 35 34 0 1 0 0 33 54 0 1 0 0 32 74 0 1 0 0 36 55 0 1 0 0 38 14 3 667 0 3 65
4/4 24 2 75 3 333 72 35 2 75 3 1667 74 55 0 1 0 3 74 43 0 1 0 3 58
4/4 55 0 1 0 0 74 43 0 1 0 0 58 14 0 1 3 333 60 64 0 1 3 333 59 34 0 1 3 333 48 13 3 1667 3 333 48 55 0 1 2 175 78 43 0 1 2 175 55 54 0 1 2 275 55 714 0 1 2 275 54 45 0 1 2 275 74 53 0 1 0 3 59
4/4 35 0 1 3 333 64 714 0 1 3 333 65 44 0 1 3 333 49 54 0 1 3 333 64 23 0 1 3 333 47 24 0 1 2 175 68 53 0 1 2 175 44 54 0 1 0 3 62 34 0 1 0 3 50 23 0 1 0 3 41 12 0 1 0 3 47 23 0 1 0 3 41
4/4 54 0 1 0 0 62 34 0 1 0 0 50 23 0 1 0 0 41 12 0 1 0 0 47 23 0 1 0 0 41 53 0 1 1 5 47 23 2 25 2 175 52 14 0 1 2 325 47 34 0 1 2 325 38 54 0 1 2 325 36 34 0 1 2 325 38 23 2 25 3 3333 39
4/4 14 0 1 0 0 47 34 0 1 0 0 38 54 0 1 0 0 36 34 0 1 0 0 38 14 2 125 3 1333 68 223 0 1 0 2 54 54 0 1 0 2 55 73 0 1 0 2 53 34 0 1 0 2 52 35 0 1 0 2 68 45 1 5 2 275 70 14 2 75 2 325 65 35 0 1 3 3333 64 55 0 1 3 3333 70 63 1 5 1 35 64
4/4 14 0 2 0 0 65 35 0 1 0 0 64 55 0 1 0 0 70 63 2 25 0 0 64 13 2 75 2 25 62 34 0 2 2 75 55 74 2 75 1 15 45 75 3 667 2 225 64 75 1 5 1 35 61 24 1 5 1 35 70 73 1 5 1 35 63
4/4 75 1 15 0 0 61 24 0 1 0 0 70 73 1 5 0 0 63 44 0 2 2 25 64 14 2 75 0 1 65 24 1 15 1 15 72 15 2 75 2 225 64 73 1 5 2 225 48 74 0 1 3 3667 63 24 0 1 3 3667 53 45 0 1 3 3667 60 53 3 333 3 3667 49
4/4 74 0 1 0 0 63 24 0 1 0 0 53 45 0 1 0 0 60 53 3 1167 0 0 49 73 2 75 2 25 62 23 2 75 0 1 74 44 2 75 1 15 73 24 0 1 2 225 61 23 0 1 2 225 67 73 2 25 2 275 61 74 1 5 2 275 64 14 0 1 1 35 64 12 0 1 1 35 70 54 0 1 1 35 56 34 0 1 1 35 56
4/4 53 1 5 2 25 67 24 0 1 0 1 77 13 0 1 0 1 63 35 1 5 1 15 83 55 1 5 2 225 78 75 1 5 0 3 78 35 0 1 3 3333 57 55 0 1 3 3333 65 612 1 5 1 35 61 25 1 5 1 35 65
4/4 612 3 167 0 0 61 35 0 1 0 0 57 55 0 1 0 0 65 25 1 15 0 0 65 53 2 75 2 25 55 13 1 5 0 1 61 34 2 75 1 15 54 54 3 333 2 225 54 15 2 75 2 225 68 35 2 25 0 3 48 714 0 1 1 35 62 35 0 1 1 35 55 525 0 1 1 35 67 75 0 1 1 35 68 62 3 333 3 3667 61
4/4 714 0 1 0 0 62 35 0 1 0 0 55 525 0 1 0 0 67 75 0 1 0 0 68 62 3 417 0 0 61 33 1 5 3 333 65 73 3 333 0 1 62 713 2 125 3 1667 64 714 2 75 3 1667 66 615 0 1 3 2333 75 524 0 1 3 2333 59 75 1 5 0 3 83 24 0 1 1 35 63 45 0 1 1 35 62 52 2 25 2 375 71 15 2 25 2 375 74
4/4 24 0 1 0 0 63 45 0 1 0 0 62 52 1 5 0 0 71 15 0 1 0 0 74 22 1 5 3 333 62 73 3 333 0 1 61 23 1 5 2 175 44 75 0 1 1 25 60 44 0 1 1 25 44 24 2 75 1 25 59 74 2 25 2 325 48 523 0 1 2 375 42 13 0 1 2 375 37
4/4 34 0 1 0 0 44 64 0 1 0 0 57 523 0 1 0 0 42 13 0 1 0 0 37 65 3 2333 1 5 70 55 2 75 2 325 70
4/4 64 1 25 1 5 40 714 0 1 3 667 41 35 0 1 3 667 47 525 0 1 3 667 61 43 1 15 2 75 48 713 1 15 2 225 38 34 2 25 3 3667 42
4/4 714 0 1 2 75 36 64 0 1 2 75 32 35 0 1 2 75 38 65 0 1 2 125 34 715 0 1 2 125 43 46 1 25 1 15 43
4/4 65 0 1 0 0 34 715 0 1 0 0 43 46 3 167 0 0 43 64 1 5 1 35 43 714 0 1 2 375 42 525 0 1 2 375 58 24 2 25 2 375 44
4/4 72 0 1 0 0 44 64 2 275 0 0 43 714 0 1 0 0 42 525 0 1 0 0 58 24 2 375 0 0 44 43 3 667 2 75 48 713 2 25 3 1333 48 23 0 1 0 2 57 44 0 1 0 3 42 64 2 25 2 375 40
4/4 64 2 25 0 0 40 73 3 3333 3 667 27 44 3 3333 3 667 32 64 0 1 2 75 36 714 0 1 2 75 36 45 0 1 2 75 38 75 3 1333 3 2667 34 76 2 125 2 275 33
4/4 73 3 3417 0 0 27 44 0 4 0 0 32 75 3 1417 0 0 34 76 2 75 0 0 33 75 1 5 1 35 47
4/4 75 1 5 0 0 47 56 3 333 2 25 63 74 0 1 0 1 34 34 0 1 0 1 25 45 0 2 2 125 25 55 2 275 2 125 38 56 3 2667 3 1333 41
4/4 55 3 583 0 0 38 56 3 333 0 0 41 46 2 75 2 25 64 36 3 333 2 75 72 55 0 1 3 1333 30 34 0 1 3 1333 27 25 0 1 3 1333 42 24 0 1 1 15 34 25 0 1 1 15 42 56 1 15 3 1667 42
4/4 76 2 25 1 5 59 14 0 1 0 2 27 15 0 1 0 2 40 55 0 1 0 2 30 56 0 1 0 2 30 34 0 1 0 2 25 15 0 1 0 2 40
4/4 14 0 1 0 0 27 15 0 1 0 0 40 55 0 1 0 0 30 56 0 1 0 0 30 34 0 1 0 0 25 15 0 1 0 0 40 74 1 15 1 25 31 34 3 1333 3 2667 25 75 3 1333 3 2667 29
4/4 74 0 1 0 0 31 34 3 667 0 0 25 75 3 333 0 0 29 76 3 333 1 15 66 66 0 1 0 3 40 65 0 1 0 3 37 35 0 1 0 3 34 44 0 1 0 3 34
4/4 66 2 75 0 0 40 65 0 1 0 0 37 35 0 1 0 0 34 44 0 1 0 0 34 15 1 5 0 2 64 315 0 1 2 325 30 44 0 1 2 325 34 15 0 1 2 325 45 65 3 667 3 3333 35
4/4 315 0 1 0 0 30 44 0 1 0 0 34 15 0 1 0 0 45 65 3 1333 0 0 35 56 3 333 0 2 59 46 3 333 2 275 63 65 0 1 1 35 32 74 0 1 1 35 35 45 0 1 1 35 30 15 3 333 3 3667 38 46 2 25 2 375 44
4/4 65 0 1 0 0 32 74 0 1 0 0 35 45 0 1 0 0 30 15 3 1667 0 0 38 46 2 275 0 0 44 15 3 667 1 25 45 225 2 25 3 3333 45
4/4 45 0 1 0 0 33 65 0 1 0 0 37 74 3 3667 2 25 32 25 2 75 2 25 40 75 2 75 3 1667 40 75 1 5 2 325 53
4/4 56 3 333 0 0 55 56 3 2333 0 1 41 34 0 1 0 1 33 55 1 15 0 1 37 74 2 25 2 175 39 45 2 75 1 25 47 55 1 5 2 325 62 46 2 25 2 375 65
4/4 46 1 5 0 0 65 36 1 5 1 5 63 75 3 1667 0 1 35 25 2 275 2 125 45 34 2 75 2 125 35 56 2 175 2 125 56 24 2 25 0 2 42 55 0 1 3 2667 45
4/4 76 3 333 0 0 41 25 2 25 0 0 45 75 2 175 2 125 37 25 3 2667 3 1333 38 76 0 2 1 15 45 54 0 1 1 15 38 24 2 175 2 225 41 45 0 1 0 3 42
4/4 45 2 25 0 0 42 25 3 333 0 0 38 24 2 75 0 0 41 75 3 333 1 5 48 45 0 1 3 1667 34 75 0 1 2 175 31 36 0 1 2 175 39 54 0 2 0 2 36 35 3 1333 3 2667 39 25 0 1 3 3333 53 45 0 1 3 3333 58
4/4 36 2 25 2 75 65 76 2 25 1 15 51 15 0 1 0 2 36 36 0 1 0 2 39 44 0 1 2 225 39 66 0 1 2 225 45 14 2 25 0 3 41 56 2 25 2 375 50 65 2 25 2 375 38
4/4 56 3 1083 0 0 50 15 3 333 3 1333 36 65 1 15 1 25 31 15 0 1 1 25 37 56 0 1 1 25 43 73 2 75 3 2667 37 44 2 25 1 35 38
4/4 65 1 5 0 0 31 15 0 1 0 0 37 56 0 1 0 0 43 14 1 5 2 25 47 35 3 667 0 1 47 46 0 1 3 1667 57 24 0 1 3 1667 41 36 2 25 3 2333 52 36 0 1 0 3 49 55 0 1 0 3 45 33 2 75 2 325 41 73 2 25 2 375 43
4/4 36 0 1 0 0 49 55 0 1 0 0 45 73 2 25 0 0 43 44 3 667 3 667 41 54 2 75 2 125 44 74 2 75 0 2 42 35 2 25 2 275 40 55 0 1 1 35 33 34 0 1 1 35 36 74 0 1 1 35 38 75 0 1 1 35 37 56 0 1 1 35 40
4/4 55 0 1 0 0 33 34 0 1 0 0 36 74 0 1 0 0 38 75 0 1 0 0 37 56 0 1 0 0 40 65 0 1 0 1 38 15 0 1 0 1 50 35 0 1 0 1 42 44 0 1 0 1 42 66 0 1 0 1 59 75 0 1 1 25 39 45 0 1 1 25 38 54 0 1 1 25 39 36 0 1 1 25 40 76 0 1 1 25 45
4/4 15 0 1 0 0 46 36 0 1 0 0 48 56 0 1 2 25 50 16 0 1 2 25 52 63 2 75 2 25 49 34 3 667 0 1 44 14 2 75 3 1667 40 36 1 5 2 325 68
4/4 45 0 1 2 25 39 75 0 1 2 25 46 36 1 15 1 5 58 63 2 75 1 5 40 44 2 25 2 125 43 25 1 5 0 2 53 24 2 25 0 2 44 36 1 5 1 35 58
4/4 75 2 225 2 75 35 25 0 1 2 75 37 46 0 1 2 75 44 76 0 1 2 75 41 53 2 75 0 1 42 23 3 333 2 175 39 74 1 15 1 25 40
4/4 75 3 333 0 0 41 45 0 1 2 125 34 75 0 1 2 125 34 53 2 75 1 15 37 36 3 1333 1 15 47 34 1 5 2 225 45 74 3 667 0 3 51 35 3 333 3 3667 47
4/4 35 3 167 0 0 47 76 0 1 1 5 56 55 0 1 1 5 46 15 1 15 2 175 39 36 3 1667 0 2 42 43 0 1 0 2 43 76 0 1 0 2 54 13 3 333 2 275 48 66 0 1 1 35 62 64 0 1 1 35 46
4/4 14 1 5 2 25 43 56 0 1 0 1 53 15 0 1 0 1 54 65 0 1 2 225 36 15 0 1 2 225 40 73 0 1 3 2333 44 46 0 1 3 2333 54 44 2 25 2 325 41
4/4 24 2 25 0 0 42 56 2 75 0 0 51 65 3 667 3 667 45 66 3 333 3 1333 51 75 0 1 3 2667 30 25 0 1 3 2667 37 53 0 1 2 275 39 46 0 1 2 275 45 76 0 1 2 275 45 34 3 333 3 3667 46
4/4 36 2 75 3 333 60 74 2 25 3 333 50 35 1 5 0 1 45 45 2 75 2 175 48 25 2 25 1 25 51 35 0 1 0 3 39 55 0 1 0 3 47 33 3 667 3 3333 40 225 3 667 3 3333 45
4/4 73 3 333 0 0 45 35 0 1 0 0 39 55 0 1 0 0 47 33 3 83 0 0 40 225 3 333 0 0 45 54 2 75 2 75 43 74 2 75 1 15 49 35 0 1 2 225 53 34 0 1 2 225 38 14 1 5 1 35 36 35 0 1 3 3667 40 55 0 1 3 3667 47 62 2 25 2 375 44
4/4 15 2 325 0 0 55 14 2 225 0 0 36 35 0 1 0 0 40 55 0 1 0 0 47 62 2 75 0 0 44 33 3 667 3 667 47 13 1 5 3 1333 41 34 2 75 2 225 35 74 0 1 0 3 35 35 0 1 0 3 48
4/4 45 2 175 3 333 58 15 0 1 3 333 60 63 0 1 3 333 48 44 1 5 2 125 42 14 2 25 0 2 39 25 3 667 0 2 60 24 1 5 3 2667 44 45 0 1 1 35 49 15 0 1 1 35 52
4/4 74 0 1 3 667 37 24 0 1 3 667 40 45 0 1 3 667 48 52 2 75 0 1 44 75 2 175 0 1 51 22 1 5 2 175 49 73 1 5 1 25 40 24 2 75 1 25 55 23 2 75 2 325 45
4/4 44 0 1 0 0 38 35 0 1 0 0 53 54 0 1 1 15 34 75 0 1 1 15 41 35 0 1 1 15 40 13 0 1 1 15 35 74 0 1 1 15 39
4/4 224 0 1 1 5 37 315 0 1 1 5 37 55 0 1 1 5 45 314 0 1 1 5 40 15 0 1 1 5 51 14 0 1 0 2 38 35 0 1 0 2 45 43 0 1 3 2333 38 65 0 1 3 2333 53 13 2 25 2 375 39 75 2 25 2 375 52
4/4 13 1 5 0 0 39 75 3 83 0 0 52 15 0 1 2 125 53 64 0 1 2 125 45 44 0 1 1 25 33 14 0 1 1 25 34 315 2 125 2 275 41 65 0 1 2 275 43 36 0 1 2 275 51
4/4 44 0 1 0 0 33 14 0 1 0 0 34 315 2 175 0 0 41 15 0 1 1 5 55 65 3 667 2 225 46
4/4 35 2 375 0 0 44 64 0 1 0 0 34 55 0 1 0 0 38 73 0 1 0 0 27 525 1 5 1 35 40
4/4 44 0 3 0 1 24 73 0 1 0 1 22 64 0 1 0 1 22 45 0 1 0 1 40 14 2 275 2 125 18
4/4 44 3 1667 0 0 24 73 0 1 0 0 22 64 0 1 0 0 22 45 0 1 0 0 40 14 1 5 0 0 18 74 0 1 0 2 48 55 2 25 2 275 58 55 3 333 3 3667 51 33 2 25 2 375 37
4/4 55 3 2917 0 0 51 33 1 5 0 0 37 73 1 35 1 5 38 54 0 1 2 125 40 74 3 1667 0 2 49 45 0 1 2 275 56 35 1 5 1 35 58
4/4 74 2 325 0 0 34 24 3 3333 2 25 42 55 0 2 2 25 55 33 0 1 2 25 38 23 2 25 0 1 38 54 2 125 2 175 40 75 3 333 1 35 57
4/4 74 3 2333 2 75 35 14 2 325 2 75 37 33 2 75 0 1 33 55 0 3 0 1 48 13 2 225 2 175 33 54 3 1333 3 2667 41
4/4 14 2 25 0 0 37 13 3 417 0 0 33 55 2 375 0 0 48 54 3 333 0 0 41 74 2 175 2 175 41 33 0 1 2 175 38 73 1 15 1 25 38 54 3 667 3 3333 48
4/4 54 3 667 0 0 48 73 3 1833 0 0 38 74 0 1 0 1 62 75 2 25 2 175 64 64 0 1 3 2333 44 43 0 1 3 2333 40 35 0 1 1 25 48 65 0 1 1 25 54 13 3 667 3 3333 38
4/4 13 3 2667 0 0 38 35 0 1 0 0 48 65 0 1 0 0 54 64 0 1 2 25 37 14 2 75 2 175 49 14 3 667 3 3333 47 64 3 667 3 3333 46 43 1 5 1 35 37
4/4 14 3 2583 0 0 47 64 3 833 0 0 46 43 1 5 0 0 37 13 0 3 2 25 38 314 1 15 0 1 42 64 1 15 3 1667 60 55 2 75 1 25 62 45 2 25 2 325 55
4/4 45 0 2 0 0 49 14 3 1667 0 0 41 64 0 1 0 0 46 73 1 35 0 0 39 44 3 2333 2 75 38 64 2 175 2 175 38 14 1 5 1 35 41
4/4 44 0 1 2 75 31 64 0 1 2 75 36 72 2 75 0 1 37 24 2 125 2 125 46 43 2 75 0 2 38 23 2 75 2 275 41 44 1 5 1 35 38
4/4 44 2 25 0 0 38 75 2 75 2 25 51 74 1 5 3 333 38 56 3 333 0 1 61 55 2 225 2 175 43 33 0 1 2 175 43 56 0 2 0 2 45 73 3 667 3 2667 43 54 3 667 3 3333 37
4/4 55 1 5 0 0 43 54 3 83 0 0 37 56 3 333 0 0 45 46 1 5 0 1 59 36 1 5 2 175 68 55 2 175 2 225 44 25 0 1 1 25 51 56 0 1 1 25 59 33 3 667 1 25 43 23 2 25 3 3333 43
4/4 74 2 125 0 0 42 55 2 25 0 0 44 25 0 1 0 0 51 56 0 1 0 0 59 76 1 5 2 175 59 75 0 1 0 3 29 25 0 1 0 3 36 46 0 1 0 3 47 76 3 667 3 3333 44 53 3 667 3 3333 38
4/4 23 1 5 0 0 41 75 0 1 0 0 29 25 0 1 0 0 36 46 0 1 0 0 47 76 3 1333 0 0 44 74 3 1667 0 1 33 45 2 75 1 25 40 45 0 1 2 375 32 75 0 1 2 375 36
4/4 53 0 1 0 0 37 36 0 1 0 0 45 45 0 1 0 0 32 75 0 1 0 0 36 34 1 25 0 1 39 25 0 1 3 1667 41 74 0 1 3 1667 34 75 1 5 1 35 41
4/4 75 1 5 0 0 41 64 0 1 2 75 44 14 0 1 2 75 49 43 0 1 0 1 46 65 0 1 0 1 53 13 2 75 0 2 40 34 2 25 2 275 41 55 2 125 2 275 59
4/4 55 3 417 0 0 59 14 1 5 3 333 56 64 2 225 2 175 39 14 2 225 2 175 39 55 3 1333 0 2 53 72 2 75 0 2 38 43 3 333 0 3 38 45 2 25 2 375 39
4/4 23 1 25 0 0 27 14 3 83 0 0 39 45 2 125 0 0 39 75 1 5 1 25 74 14 0 1 0 3 40 35 0 1 0 3 48 55 0 1 0 3 56 62 3 667 3 3333 45 15 1 5 1 35 68
4/4 62 3 83 0 0 45 15 2 75 0 0 68 33 1 5 2 25 49 65 3 667 0 1 67 13 3 333 0 1 41 55 0 1 3 2667 59 34 0 1 3 2667 41 14 2 25 3 3333 51
4/4 64 0 1 0 0 36 14 0 1 0 0 42 55 0 1 0 0 49 72 2 75 2 25 43 43 3 333 0 1 39 45 2 175 0 2 44 23 2 75 0 2 35
4/4 35 1 25 0 1 44 36 0 1 0 2 43 63 0 1 0 2 36 715 0 1 0 2 47 34 2 75 0 3 46 225 0 1 3 3667 57 75 0 1 3 3667 55 74 0 1 3 3667 45
4/4 225 0 1 0 0 57 75 0 1 0 0 55 74 0 1 0 0 45 35 0 1 1 5 50 715 1 5 2 125 64 714 0 1 2 275 25 35 0 1 2 275 38 525 0 1 2 275 40 62 0 1 2 275 36 75 1 5 0 3 46 33 2 25 2 375 37
4/4 33 3 83 0 0 37 713 1 5 2 75 38 65 0 1 2 75 40 35 0 1 2 75 43 75 0 1 2 275 34 34 0 1 2 275 32 35 0 1 2 275 37
4/4 54 0 1 3 2667 23 24 0 1 3 2667 34 55 0 1 3 2667 34 32 3 1333 3 2667 37
4/4 72 2 75 0 0 32 54 0 1 0 0 23 24 0 1 0 0 34 55 0 1 0 0 34 32 3 167 0 0 37 53 2 75 0 1 34 73 3 667 2 175 41 44 2 75 3 2667 42 34 1 5 1 35 35
4/4 34 2 25 0 0 35 74 0 1 1 5 36 54 3 1667 3 1333 34 24 0 1 3 2333 30 74 3 667 3 3333 36
4/4 74 3 333 0 0 36 45 2 175 1 5 37 24 2 225 2 175 35
4/4 25 0 1 0 0 31 55 0 1 0 0 22 24 2 75 0 0 35
