4/4 35 3 3333 3 667 59 65 2 125 2 275 68
4/4 35 3 2667 0 0 59 65 3 3083 0 0 68 36 1 15 2 125 68
4/4 36 3 1333 1 5 68 314 3 333 1 5 48 35 0 1 1 15 43 64 0 1 1 15 48 714 0 1 1 15 45 225 2 25 3 2667 78 524 1 5 1 35 61
4/4 524 3 1167 0 0 61 525 0 1 1 5 51 224 0 1 1 5 41 74 0 1 1 5 49 715 0 1 1 5 64 74 0 1 1 5 49 75 3 667 0 2 80 35 1 5 1 25 62 64 3 1333 3 2667 47 525 3 667 0 3 62 714 0 1 1 35 39 35 0 1 1 35 39 65 1 5 1 35 56
4/4 64 3 667 0 0 47 714 0 1 0 0 39 35 0 1 0 0 39 65 2 225 0 0 56 34 1 5 1 15 63 714 0 1 1 25 57 35 0 1 1 25 64 65 3 667 0 3 87 715 2 25 3 3333 78 36 2 25 2 375 84
4/4 526 0 1 3 333 84 34 0 1 3 333 55 224 0 1 3 1333 38 74 0 1 3 1333 43 525 0 1 3 1333 48 36 3 333 3 2667 70 46 2 75 2 325 77 73 1 5 2 325 56
4/4 46 0 1 0 0 77 45 0 1 2 25 47 75 0 1 2 25 52 44 0 1 2 25 40 224 0 1 2 25 43 225 2 25 1 15 70 65 0 1 0 2 59 75 0 1 0 2 63 34 0 2 0 2 55 36 0 2 0 2 72 74 0 1 0 3 52 35 0 1 0 3 51
4/4 64 2 25 0 0 39 65 0 1 0 0 54 45 0 1 0 0 46 34 2 25 0 0 55 36 0 2 0 0 72 74 0 1 2 125 36 34 0 1 2 125 39 55 0 1 2 125 41 35 0 1 2 125 38 35 3 667 2 275 80 65 3 667 3 3333 74 36 2 25 2 375 84
4/4 314 3 333 2 25 57 36 2 125 2 25 70 35 0 1 2 125 49 714 0 1 2 125 47 64 0 1 2 125 50 225 3 333 2 225 71 524 0 1 0 3 62
4/4 525 0 1 0 0 48 224 0 1 0 0 45 715 0 1 0 0 64 74 0 1 0 0 47 75 3 667 1 15 80 35 1 5 0 2 64 64 2 175 0 2 53 525 3 667 1 25 63 714 0 1 0 3 43 35 0 1 0 3 42 65 0 1 0 3 63
4/4 65 0 2 0 0 63 34 0 2 2 75 63 714 0 1 2 175 62 35 0 1 2 175 65 65 3 667 2 225 84 715 2 25 3 2667 78 36 2 25 0 3 84 34 0 1 3 3667 58 526 0 1 3 3667 84
4/4 34 0 1 0 0 58 526 0 1 0 0 84 74 0 1 1 5 40 525 0 1 1 5 56 224 0 1 1 5 47 315 0 1 2 225 55 65 0 1 2 225 58 714 0 1 2 225 49 225 0 1 2 225 76 223 0 1 2 225 44 36 0 1 3 3333 70 525 0 1 3 3333 66 75 0 1 3 3333 67 224 0 1 3 3333 48 34 0 1 3 3333 52
4/4 36 0 1 0 0 70 525 0 1 0 0 66 75 0 1 0 0 67 224 0 1 0 0 48 34 0 1 0 0 52 526 2 25 0 1 76 714 0 1 1 15 52 225 0 1 1 15 70 315 0 1 1 15 74 223 0 1 1 15 49 65 0 1 1 15 63 36 0 1 3 2333 74 525 0 1 3 2333 74 75 0 1 3 2333 72 224 0 1 3 2333 59 34 0 1 3 2333 55
4/4 526 2 25 0 0 73 224 0 1 1 5 46 525 0 1 1 5 66 715 0 1 1 5 68 524 0 1 1 5 48 75 2 25 1 15 70 224 0 1 3 2333 52 35 0 1 3 2333 53 74 0 1 3 2333 45 34 0 1 3 2333 42 525 3 333 0 3 58 224 0 1 2 325 48 35 0 1 2 325 51 65 1 5 1 35 64 63 1 5 1 35 48
4/4 65 2 375 0 0 64 224 0 1 0 0 48 35 0 1 0 0 51 63 1 15 0 0 48 34 0 1 3 333 49 74 0 1 3 1333 46 224 0 1 3 1333 46 714 0 1 3 2333 39 34 0 1 3 2333 31 64 0 1 3 2333 33 63 0 1 3 2333 35
4/4 314 3 667 1 15 54 36 2 125 1 15 78 35 0 1 1 25 51 714 0 1 1 25 49 64 0 1 1 25 47 225 0 1 1 25 73 35 0 1 3 3333 62 714 0 1 3 3333 54 64 0 1 3 3333 51 36 3 667 3 3333 77
4/4 36 3 583 0 0 77 65 2 125 3 333 72 713 2 25 3 333 56 35 0 1 3 1333 40 225 0 1 3 1333 71 714 0 1 3 1333 42 64 0 1 3 1333 46 715 0 1 2 275 57 225 0 1 2 275 71 715 2 25 0 3 73 713 0 1 2 325 58 75 0 1 2 325 80
4/4 713 0 1 0 0 58 75 0 1 0 0 80 74 0 1 2 25 50 524 0 1 2 25 46 34 0 1 2 25 47 65 0 1 2 25 72 74 0 1 0 1 57 34 0 1 0 1 52 524 0 1 0 1 47 75 0 1 2 125 70 523 1 5 0 2 54 35 0 2 0 2 63 524 0 1 2 325 41 74 0 1 2 325 35 34 0 1 2 325 40
4/4 35 2 25 3 667 80 314 3 667 2 125 58 36 0 1 2 125 77 35 0 1 0 2 48 64 0 1 0 2 48 714 0 1 0 2 48 225 2 75 2 225 76 35 0 1 0 3 63 714 0 1 0 3 55 64 0 1 0 3 47 36 0 1 0 3 77
4/4 65 0 2 0 0 74 713 2 25 0 0 55 35 0 1 0 1 45 714 0 1 0 1 45 225 0 1 0 1 62 64 0 1 0 1 52 715 2 25 1 25 50 225 0 1 3 2667 71 715 0 1 3 2667 64 75 0 1 0 3 77 34 0 1 0 3 59
4/4 524 0 1 0 0 51 224 0 1 0 0 47 74 0 1 0 0 49 75 0 1 0 0 77 34 0 1 0 0 59 224 0 1 0 1 64 74 0 1 0 1 55 524 0 1 0 1 59 715 0 1 2 175 76 716 0 1 2 175 81 73 3 333 0 2 63 34 0 1 0 3 48 224 0 1 0 3 46 524 0 1 0 3 50 74 0 1 0 3 48
4/4 225 0 1 0 0 84 226 0 1 0 0 81 36 0 1 3 667 70 66 0 1 3 667 63 716 0 1 3 667 78 37 0 1 3 667 77 314 1 5 2 75 66 35 0 1 2 175 55 64 0 1 2 175 54 714 0 1 2 175 51 714 0 1 2 275 58 64 0 1 2 275 62 35 0 1 2 275 63 524 0 1 3 3667 63 226 0 1 3 3667 84
4/4 524 0 1 0 0 63 226 0 1 0 0 84 37 1 5 2 25 67 525 0 1 3 667 48 527 0 1 3 667 67 526 0 1 3 667 62 224 0 1 3 667 45 74 0 1 3 667 46 37 2 25 0 2 87 36 0 1 1 25 64 526 0 1 1 25 70 64 0 1 1 25 65 226 0 1 1 25 81 716 1 5 1 35 92 65 0 1 1 35 47 714 0 1 1 35 49 35 0 1 1 35 48
4/4 716 2 75 0 0 92 65 0 1 1 5 67 714 0 1 1 5 55 35 0 1 1 5 50 66 1 5 0 1 74 34 3 333 1 15 58 716 0 1 1 15 76 36 0 1 1 15 62 65 0 1 1 25 56 714 0 1 1 25 50 35 0 1 1 25 49 716 1 5 1 35 92
4/4 226 3 333 0 0 84 716 3 167 0 0 92 36 0 1 3 333 72 66 0 1 3 333 64 716 0 1 3 333 81 37 0 1 3 333 77 314 3 333 1 5 71 35 0 1 3 1333 59 714 0 1 3 1333 56 64 0 1 3 1333 56 714 0 1 3 2333 57 35 0 1 3 2333 63 64 0 1 3 2333 55 524 0 1 2 325 66 226 0 1 2 325 88 37 3 333 3 3667 72
4/4 37 3 167 0 0 72 525 0 1 2 25 56 527 0 1 2 25 71 76 0 1 2 25 60 526 0 1 2 25 65 224 0 1 2 25 48 74 0 1 2 25 51 37 1 5 3 1667 87 64 2 25 0 2 62 64 3 667 2 225 65 716 0 1 2 225 81 36 0 1 2 225 77 65 0 1 0 3 64 714 0 1 0 3 58 35 0 1 0 3 52
4/4 34 2 25 0 0 55 716 0 1 0 0 81 36 0 1 0 0 77 63 2 25 2 125 41 716 2 25 3 2667 92 76 2 25 0 3 96 36 1 5 1 35 84
4/4 526 1 15 0 0 88 614 1 5 0 0 68 36 3 167 0 0 84 65 0 1 0 1 56 224 0 1 0 1 51 315 0 1 0 1 53 65 0 1 0 2 63 66 0 1 0 2 70 225 0 1 0 2 76 315 0 1 0 2 52 224 0 1 0 2 53 225 0 1 2 275 81 66 0 1 2 275 77 316 0 1 2 275 73 314 3 333 0 3 68
4/4 65 0 1 0 0 57 315 0 1 0 0 51 224 0 1 0 0 51 66 2 25 2 75 87 716 2 25 3 1333 97 226 0 1 2 175 84 66 0 1 2 175 68 36 0 1 2 175 77 64 1 5 2 175 63 65 0 1 2 275 65 714 0 1 2 275 58 35 0 1 2 275 58 716 1 5 2 325 84 36 0 1 3 3667 80 226 0 1 3 3667 88 66 0 1 3 3667 70
4/4 36 0 1 3 333 56 66 0 1 3 333 64 76 0 1 3 667 87 37 0 1 3 667 84 33 2 25 3 667 71 66 0 1 1 15 64 74 0 1 1 15 61 64 0 1 1 15 57 36 2 25 3 1667 70 76 0 1 1 25 74 35 0 1 1 25 58 37 0 1 1 35 67 66 0 1 1 35 64 65 0 1 1 35 51 75 0 1 1 35 51
4/4 65 0 1 0 0 51 75 0 1 0 0 51 67 0 1 1 5 56 76 1 5 1 5 58 36 2 25 1 5 56 37 0 1 3 1333 51 77 0 1 3 1333 59 66 2 125 3 1333 43 37 0 1 3 2333 47 56 0 1 3 2333 37 76 0 1 3 2333 46 38 0 1 3 2333 56
4/4 35 2 25 3 1333 80 65 3 333 2 225 87 36 2 25 2 325 92
4/4 36 3 1333 0 0 92 313 2 25 2 25 64 714 0 1 0 1 48 35 0 1 0 1 50 64 0 1 0 1 49 314 0 1 0 1 47 225 2 25 0 2 78 523 2 25 0 3 70
4/4 525 0 1 0 0 55 524 0 1 0 0 55 224 0 1 0 0 48 74 0 1 0 0 49 715 0 1 0 0 84 524 0 1 0 0 55 224 0 1 0 0 48 74 0 1 0 0 49 75 3 667 1 15 92 63 0 1 0 2 64 35 0 1 0 2 77 525 1 5 3 2333 77 714 0 1 2 275 56 34 0 1 2 275 49 35 0 1 0 3 70 65 0 1 0 3 72
4/4 35 0 1 0 0 70 65 0 1 0 0 72 33 2 25 3 667 77 35 0 1 3 1667 65 714 0 1 3 1667 63 64 0 1 3 1667 62 65 3 667 0 2 84 715 2 25 1 25 88 36 2 25 0 3 96 526 0 1 1 35 88 34 0 1 1 35 70
4/4 526 0 1 0 0 88 34 0 1 0 0 70 525 0 1 3 333 61 75 0 1 3 333 60 74 0 1 3 333 48 224 0 1 3 333 50 315 0 1 2 225 59 65 0 1 2 225 63 225 0 1 2 225 68 714 0 1 2 225 51 223 0 1 2 225 52 36 0 1 2 325 80 525 0 1 2 325 80 75 0 1 2 325 74 224 0 1 2 325 68 75 0 1 2 325 74 34 0 1 2 325 63
4/4 36 0 1 0 0 80 525 0 1 0 0 80 75 0 1 0 0 74 224 0 1 0 0 68 75 0 1 0 0 74 34 0 1 0 0 63 526 2 25 3 667 84 225 0 1 2 125 76 714 0 1 2 125 74 315 0 1 2 125 78 65 0 1 2 125 70 223 0 1 2 125 66 36 0 1 2 225 87 525 0 1 2 225 83 224 0 1 2 225 74 75 0 1 2 225 77 34 0 1 2 225 64 526 2 25 3 3667 84
4/4 715 0 1 2 25 73 525 0 1 2 25 63 224 0 1 2 25 68 523 0 1 2 25 49 524 0 1 2 25 50 523 0 1 2 25 49 75 2 25 2 125 74 224 0 1 0 2 53 34 0 1 0 2 46 74 0 1 0 2 49 35 0 1 0 2 57 525 3 333 3 2667 59 65 0 1 0 3 74 224 0 1 0 3 64 35 0 1 0 3 72 63 0 1 0 3 62
4/4 34 0 1 0 0 55 65 3 3333 0 0 74 63 3 667 0 0 62 224 0 1 0 1 48 74 0 1 0 1 51 64 0 1 0 2 33 714 0 1 0 2 42 35 0 1 0 2 44 34 0 1 0 2 37 63 0 1 0 2 34
4/4 314 1 5 3 1333 51 37 0 1 2 225 80 35 0 1 2 225 45 64 0 1 2 225 48 714 0 1 2 225 47 35 0 1 2 325 61 64 0 1 2 325 54 714 0 1 2 325 40 37 2 25 3 3667 84
4/4 37 3 1333 0 0 74 713 2 25 0 0 63 714 0 1 0 1 45 64 0 1 0 1 51 35 0 1 0 1 41 226 2 25 1 15 76 37 3 333 0 2 84 67 2 25 3 2333 86 524 1 5 2 275 61 37 0 1 0 3 84 525 0 1 2 375 47 224 0 1 2 375 47 74 0 1 2 375 52 226 2 25 2 375 71
4/4 525 0 1 0 0 47 224 0 1 0 0 47 74 0 1 0 0 52 226 2 125 0 0 71 525 0 1 2 75 59 224 0 1 2 75 44 74 0 1 2 75 48 16 3 667 2 125 72 226 0 2 3 1667 67 223 2 25 2 175 58 224 0 1 3 2667 44 525 0 1 3 2667 42 74 0 1 3 2667 45
4/4 34 1 5 1 5 67 225 0 1 0 1 65 526 0 1 0 1 57 76 0 1 3 1333 67 224 0 1 3 1333 59 525 0 1 3 1333 64 74 0 1 3 1333 57 226 2 75 3 1333 88 525 0 1 2 225 74 224 0 1 2 225 59 74 0 1 2 225 57 226 2 25 2 275 88 226 2 75 2 325 76 73 2 25 2 325 70
4/4 226 3 583 0 0 76 525 0 1 2 25 59 224 0 1 2 25 55 74 0 1 2 25 51 716 3 667 3 667 81 226 1 5 2 125 88 527 1 5 1 15 79 226 0 1 0 2 81 64 0 1 0 2 62 525 0 1 0 3 46 714 0 1 0 3 50 35 0 1 0 3 48 716 0 1 0 3 71 36 0 1 0 3 64 525 0 1 2 375 59 714 0 1 2 375 54 35 0 1 2 375 42
4/4 716 0 1 0 0 71 36 0 1 0 0 64 76 2 25 3 333 68 34 2 25 2 75 54 716 0 1 2 75 65 36 0 1 2 75 60 525 0 1 2 175 44 35 0 1 2 175 44 714 0 1 2 175 45 66 2 25 2 275 84 76 3 333 2 325 87 715 0 1 3 3667 50 316 0 1 3 3667 64 66 0 1 3 3667 67 716 0 1 3 3667 73 223 2 25 2 375 63
4/4 715 0 1 0 0 50 316 0 1 0 0 64 66 0 1 0 0 67 716 0 1 0 0 73 315 0 1 3 667 56 714 0 1 3 667 48 64 0 1 3 667 48 716 3 333 2 125 92 315 0 1 3 1667 66 716 0 1 3 1667 97 714 0 1 3 1667 51 64 0 1 3 1667 48 716 2 25 0 2 81 63 2 25 1 25 59 76 3 667 1 25 74 315 0 1 1 35 52 716 0 1 1 35 71 64 0 1 1 35 46 316 0 1 1 35 64 714 0 1 1 35 53
4/4 66 2 25 1 5 92 76 3 333 0 1 87 716 0 1 3 1333 84 36 0 1 3 1333 80 526 0 1 3 1333 73 34 2 25 3 1333 68 525 0 1 3 2333 66 714 0 1 3 2333 56 224 0 1 3 2333 56 716 2 25 2 275 97 525 0 1 2 325 74 224 0 1 2 325 59 716 0 1 2 325 84 714 0 1 2 325 56 716 3 333 3 3667 76
4/4 713 2 25 2 25 67 76 3 667 2 25 84 225 0 1 2 75 62 526 0 1 2 75 55 716 0 1 0 1 78 525 0 1 0 1 56 224 0 1 0 1 53 714 0 1 0 1 53 66 2 25 0 2 92 76 2 25 1 25 96 316 0 1 0 3 52 66 0 1 0 3 80 716 0 1 0 3 84 613 2 25 0 3 68
4/4 65 0 1 0 0 65 614 0 1 0 0 58 315 0 1 0 0 56 224 0 1 0 0 52 716 0 1 3 333 84 316 0 1 3 333 76 66 0 1 3 333 64 716 0 1 0 1 92 614 0 1 0 1 68 716 2 25 3 1333 81 314 0 1 2 175 80 716 0 1 2 175 81 66 0 1 3 2667 53 226 0 1 3 2667 67 315 0 1 3 2667 52 224 0 1 3 2667 48 527 0 1 3 2667 79 65 0 1 2 275 55 315 0 1 2 275 52 224 0 1 2 275 48 527 0 1 2 275 79 614 2 25 3 3667 57
4/4 716 2 25 0 0 81 66 0 1 1 5 77 74 0 1 1 5 64 226 0 1 1 5 84 74 0 1 1 5 64 65 0 1 1 15 51 315 0 1 1 15 48 224 0 1 1 15 51 316 1 5 0 2 61 66 1 5 3 2333 55 226 3 333 2 275 55 35 0 1 3 3333 28 75 0 1 3 3333 36 56 0 1 3 3333 43 36 1 5 1 35 32 76 0 1 3 3667 44 37 0 1 3 3667 49
4/4 35 0 1 0 0 28 75 0 1 0 0 36 56 0 1 0 0 43 36 3 1167 0 0 32 76 0 1 0 0 44 37 0 1 0 0 49 35 0 1 0 3 84 36 0 1 0 3 80
4/4 65 0 1 0 0 72 66 0 1 0 0 84 36 0 1 0 1 77 37 0 1 0 1 84 37 0 1 2 175 87 66 0 1 2 175 84 314 2 25 2 175 66 35 0 1 2 275 56 714 0 1 2 275 55 64 0 1 2 275 55 35 0 1 3 3667 67 226 0 1 3 3667 97 64 0 1 3 3667 58 714 0 1 3 3667 58
4/4 524 3 333 3 667 77 525 0 1 1 15 61 224 0 1 1 15 53 74 0 1 1 15 52 716 0 1 1 15 81 526 0 1 1 15 76 225 0 1 1 15 78 524 2 25 1 25 68 76 3 333 0 3 84 64 0 1 3 3333 72 36 0 1 3 3333 87
4/4 526 3 333 0 0 71 65 0 1 3 333 62 714 0 1 3 333 59 35 0 1 3 333 57 66 0 1 3 333 74 715 0 1 3 333 84 65 0 1 3 1333 74 35 0 1 3 1333 65 714 0 1 3 1333 64 34 2 25 2 225 80 65 0 1 2 325 74 714 0 1 2 325 66 35 0 1 2 325 64 66 3 333 3 3667 84
4/4 716 2 25 0 0 88 37 2 25 1 5 87 527 2 175 0 1 91 34 3 333 0 1 70 224 0 1 0 2 50 524 0 1 0 2 55 74 0 1 0 2 52 224 0 1 0 3 77 524 0 1 0 3 69 74 0 1 0 3 57 37 2 25 3 3333 96 73 2 25 2 375 72
4/4 47 0 2 0 0 92 75 0 1 2 75 54 224 0 1 2 75 54 45 0 1 2 75 52 74 2 25 2 175 58 226 0 1 2 225 76 46 0 1 2 225 72 34 2 25 3 2667 67 37 0 1 3 2667 84 36 0 1 3 2667 84 76 0 1 3 2667 80 66 0 1 3 2667 72 64 0 1 3 3667 65 35 0 1 3 3667 65 74 0 1 3 3667 59
4/4 66 0 1 1 5 67 36 0 1 1 5 65 65 0 1 1 5 60 75 0 1 1 5 64 56 0 1 1 15 54 75 0 1 1 15 47 55 0 1 1 15 40 35 0 1 1 15 50 35 3 333 2 325 84 65 2 25 3 3667 92
4/4 36 2 25 0 0 96 314 3 333 1 5 77 36 2 125 1 5 80 35 0 1 1 15 57 714 0 1 1 15 54 64 0 1 1 15 59 35 0 1 3 2333 64 225 0 1 3 2333 92 64 0 1 3 2333 59 714 0 1 3 2333 57 524 3 667 3 3333 80
4/4 525 0 1 2 25 69 224 0 1 2 25 59 74 0 1 2 25 56 715 0 1 2 25 88 223 3 333 2 125 77 75 3 333 3 1667 96 63 2 25 0 2 71 35 1 5 2 225 88 525 2 25 3 2667 77 714 0 1 0 3 66 34 0 1 0 3 61 65 0 1 0 3 84 35 0 1 0 3 84
4/4 714 0 1 0 0 80 34 0 1 0 0 70 65 0 1 0 0 84 35 0 1 0 0 84 33 2 25 0 1 81 35 0 1 2 175 77 714 0 1 2 175 68 64 0 1 2 175 70 65 2 25 3 2333 87 715 2 25 2 275 84 36 2 25 2 325 96 34 0 1 2 375 74 526 0 1 2 375 92
4/4 34 0 1 0 0 74 526 0 1 0 0 92 224 0 1 3 667 56 74 0 1 3 667 55 525 0 1 3 667 66 75 0 1 3 667 62 315 0 1 1 25 88 714 0 1 1 25 71 225 0 1 1 25 88 223 0 1 1 25 66 65 0 1 1 25 70 224 0 1 1 35 69 36 0 1 1 35 84 525 0 1 1 35 84 34 0 1 1 35 64 75 0 1 1 35 72
4/4 224 0 1 0 0 69 36 0 1 0 0 84 525 0 1 0 0 84 34 0 1 0 0 64 75 0 1 0 0 72 526 2 25 0 1 88 315 0 1 1 15 84 225 0 1 1 15 78 714 0 1 1 15 71 65 0 1 1 15 67 223 0 1 1 15 68 224 0 1 1 25 69 36 0 1 1 25 84 525 0 1 1 25 80 34 0 1 1 25 64 75 0 1 1 25 72
4/4 526 2 25 0 0 84 224 0 1 1 5 59 524 0 1 1 5 55 715 0 1 1 5 84 525 0 1 1 5 77 75 2 25 1 15 87 74 0 1 3 2333 67 224 0 1 3 2333 80 34 0 1 3 2333 63 35 0 1 3 2333 68 525 2 25 2 275 80 63 0 1 3 3333 68 224 0 1 3 3333 84 65 3 667 3 3333 72 35 3 667 3 3333 65
4/4 63 0 1 0 0 68 224 0 1 0 0 84 65 3 1083 0 0 72 35 3 833 0 0 65 34 2 125 3 333 62 74 1 5 2 75 80 224 3 333 2 125 88 35 2 125 3 1667 72 714 1 5 2 225 59 34 0 1 2 225 46 63 0 1 2 225 45
4/4 34 0 1 0 0 46 63 0 1 0 0 45 37 2 25 2 25 96 36 0 1 0 1 72 66 0 1 0 1 77 716 0 1 0 1 88 37 0 1 0 1 87 314 0 1 2 125 74 313 0 1 2 125 76 35 0 1 0 2 67 314 0 1 0 2 55 714 0 1 0 2 59 226 0 1 0 2 88 64 0 1 0 2 48 35 0 1 0 3 63 714 0 1 0 3 58 314 0 1 0 3 56 37 0 1 0 3 92
4/4 712 0 1 0 0 60 713 0 1 0 0 71 66 0 1 0 0 84 35 0 1 2 75 70 714 0 1 2 75 62 64 0 1 2 75 59 226 0 1 2 75 92 716 0 1 3 2333 59 226 0 1 3 2333 78 716 0 1 3 2667 91 713 0 1 3 2667 80 712 0 1 3 2667 70 76 0 1 2 275 68 74 0 1 3 3667 70 66 0 1 3 3667 87 524 0 1 3 3667 62 34 0 1 3 3667 64
4/4 74 0 1 1 5 68 524 0 1 1 5 68 34 0 1 1 5 52 76 2 225 3 667 87 522 0 1 1 15 64 523 0 1 1 15 68 36 0 1 1 15 74 75 0 1 1 15 74 74 0 1 1 25 52 524 0 1 1 25 48 34 0 1 1 25 50
4/4 36 2 175 0 0 92 313 2 25 1 5 66 37 0 1 1 5 92 35 0 1 3 1333 67 226 0 1 3 1333 88 714 0 1 3 1333 64 64 0 1 3 1333 61 35 0 1 2 225 68 714 0 1 2 225 64 64 0 1 2 225 55 37 0 1 2 225 96 712 0 1 2 325 68 713 0 1 2 325 74 66 2 75 2 325 80
4/4 66 2 25 0 0 80 35 0 1 2 25 67 226 0 1 2 25 101 714 0 1 2 25 61 64 0 1 2 25 59 716 0 1 1 15 70 226 0 1 1 15 81 716 0 1 2 175 78 33 0 1 2 175 81 76 0 2 0 2 87 224 0 1 0 3 68 34 0 1 0 3 63 524 0 1 0 3 61 74 0 1 0 3 53 224 0 1 2 375 88 34 0 1 2 375 67 524 0 1 2 375 66 74 0 1 2 375 54
4/4 225 0 1 1 5 61 526 0 1 1 5 78 716 0 1 1 5 92 72 0 1 3 667 81 73 0 1 3 667 84 224 0 1 3 1667 69 34 0 1 3 1667 62 524 0 1 3 1667 55 74 0 1 3 1667 52 225 0 1 3 2667 84 526 0 1 3 2667 73 226 0 1 3 2667 84 36 0 1 3 3333 70 66 0 1 3 3333 74 716 0 1 3 3333 84 37 0 1 3 3333 84 313 0 1 1 35 73 314 0 1 1 35 77
4/4 36 0 1 0 0 70 66 0 1 0 0 74 716 0 1 0 0 84 37 0 1 0 0 84 35 0 1 1 5 67 314 0 1 1 5 62 714 0 1 1 5 57 64 0 1 1 5 55 35 0 1 3 1333 70 714 0 1 3 1333 64 314 0 1 3 1333 62 64 0 1 3 1333 56 523 0 1 3 2333 76 524 0 1 3 2333 84 225 0 1 3 2333 81 226 0 1 3 2333 88 37 0 1 2 275 80 36 0 1 2 275 77 525 0 1 2 325 74 524 0 1 2 325 66 224 0 1 2 325 54 74 0 1 2 325 55 526 0 1 3 3333 97 527 0 1 3 3333 87
4/4 524 0 1 2 25 77 523 0 1 2 25 83 36 0 1 3 667 77 37 0 1 3 667 84 63 0 1 0 1 74 64 0 1 0 1 84 226 0 1 0 1 88 36 0 1 0 1 72 526 0 1 0 1 84 36 0 1 0 1 72 525 0 1 0 2 69 64 0 1 0 2 58 35 0 1 0 2 53 714 0 1 0 2 50 716 0 1 0 2 88 526 0 1 0 2 88 36 0 1 0 2 80 64 0 1 0 3 58 714 0 1 0 3 54 525 0 1 0 3 68 35 0 1 0 3 50 66 2 25 3 3333 92 33 0 1 2 375 80 34 0 1 2 375 74
4/4 716 0 1 0 0 101 36 0 1 0 0 80 525 0 1 0 1 69 35 0 1 0 1 57 714 0 1 0 1 59 36 1 5 3 1333 87 716 0 1 2 175 97 64 0 1 2 175 65 226 2 25 2 225 101 36 0 1 2 275 87 716 0 1 2 275 88 66 0 1 2 275 77 37 0 1 2 275 87 313 0 1 2 275 73 314 0 1 2 275 77 35 0 1 3 3667 70 314 0 1 3 3667 68 64 0 1 3 3667 62 714 0 1 3 3667 58
4/4 36 0 1 0 0 87 716 0 1 0 0 88 66 0 1 0 0 77 37 0 1 0 0 87 35 0 1 1 5 77 714 0 1 1 5 64 314 0 1 1 5 59 64 0 1 1 5 62 37 2 25 0 1 101 523 0 1 1 15 73 524 0 1 1 15 84 226 0 1 1 15 92 37 2 25 0 2 87 524 0 1 1 25 68 525 0 1 1 25 74 74 0 1 1 25 84 76 0 1 1 25 74 527 0 1 1 25 87 226 0 1 1 25 78 224 0 1 1 25 57 526 0 1 1 25 74 76 0 1 1 25 74 527 0 1 1 25 87 226 0 1 1 25 78 524 0 1 3 3333 84 523 0 1 3 3333 70 37 2 25 2 375 84
4/4 63 0 1 2 25 84 64 0 1 2 25 72 36 0 1 2 25 87 716 0 1 2 25 88 66 0 1 2 25 77 715 0 1 2 125 84 35 0 1 2 125 62 65 0 1 2 225 65 714 0 1 2 225 63 35 0 1 2 325 50 714 0 1 2 325 50 64 0 1 2 325 43
4/4 716 2 25 1 5 97 76 2 25 0 1 101 36 2 25 1 15 92 613 2 25 0 2 83 526 0 1 0 2 97 225 0 1 0 2 97 65 0 1 0 3 62 614 0 1 0 3 56 315 0 1 0 3 56 224 0 1 0 3 57 65 0 1 2 375 68 66 0 1 2 375 77 225 0 1 2 375 88 614 0 1 2 375 61 315 0 1 2 375 66 316 0 1 2 375 73 224 0 1 2 375 58
4/4 313 0 1 2 75 76 314 0 1 2 75 80 225 0 1 2 75 88 66 0 1 2 75 80 316 0 1 2 75 81 65 0 1 2 175 68 315 0 1 2 175 49 614 0 1 2 175 62 224 0 1 2 175 46 65 0 1 3 2667 72 614 0 1 3 2667 59 315 0 1 3 2667 59 224 0 1 3 2667 57 66 0 1 3 2667 84 614 0 1 3 2667 59 315 0 1 3 2667 59 224 0 1 3 2667 57 716 3 333 0 3 101 226 3 333 3 3667 101 64 3 333 3 3667 65
4/4 226 3 917 0 0 101 65 3 333 3 667 72 35 0 1 3 667 64 714 0 1 3 667 62 716 2 25 0 1 92 64 0 1 1 15 64 36 0 1 1 15 80 66 0 1 1 15 74 226 0 1 1 15 101 36 0 1 1 25 60 66 0 1 1 25 77 76 0 1 1 25 87 37 0 1 1 25 87 33 2 25 1 25 77 65 0 1 1 35 84 74 0 1 1 35 70 64 0 1 1 35 72 35 0 1 1 35 62
4/4 36 0 1 1 5 87 65 0 1 1 5 77 75 0 1 1 5 74 35 0 1 1 5 74 36 0 1 3 1333 74 66 0 1 3 1333 80 75 0 1 3 1333 77 65 0 1 3 1333 74 37 0 1 2 225 74 66 0 1 2 225 65 76 0 1 2 225 64 36 0 1 2 225 74 66 0 1 2 325 70 67 0 1 2 325 72 37 0 1 2 325 70
4/4 36 0 1 2 25 44 56 0 1 2 25 48 76 0 1 2 25 41 37 0 1 3 333 44 77 0 1 3 333 53 38 0 1 3 333 66 32 0 1 3 3333 89 33 0 1 3 3333 62 35 0 1 3 3333 88 36 0 1 3 3333 87 33 0 1 3 3333 62
4/4 32 0 1 0 0 46 33 0 1 0 0 52 32 0 1 2 25 57 33 0 1 2 25 62 66 0 1 1 5 96 65 0 1 1 5 101 32 0 1 1 5 64 33 0 1 2 75 64 32 0 1 2 75 81 33 0 1 0 1 77 32 0 1 0 1 74 37 0 1 3 1333 101 36 0 1 3 1333 101 33 0 1 3 1333 74 32 0 1 3 1667 59 33 0 1 3 1667 66 66 0 1 3 2333 84 36 0 1 3 2333 92 37 0 1 3 2333 101 312 0 1 3 2333 83 313 0 1 3 2333 96 35 0 1 3 3333 77 314 0 1 3 3333 68 714 0 1 3 3333 68 64 0 1 3 3333 61
4/4 35 0 1 2 25 84 226 0 1 2 25 101 314 0 1 2 25 69 714 0 1 2 25 68 66 0 1 2 25 80 36 0 1 2 25 92 64 0 1 2 25 59 522 0 1 2 125 92 523 0 1 2 125 92 224 0 1 0 2 71 223 0 1 0 2 66 524 0 1 0 2 62 74 0 1 0 2 55 716 0 1 2 225 88 225 0 1 2 225 92 223 0 1 2 225 66 524 0 1 2 225 62 526 0 1 2 225 81 74 0 1 2 225 55 74 0 1 0 3 74 224 0 1 0 3 74 524 0 1 0 3 74 223 0 1 0 3 70 225 0 1 1 35 84 76 0 1 1 35 74
4/4 62 0 1 0 0 81 63 0 1 0 0 81 75 0 1 0 0 92 36 3 667 0 0 84 526 1 5 1 5 88 714 0 1 0 1 68 64 0 1 0 1 80 34 0 1 0 1 77 66 0 1 0 1 80 36 0 1 0 1 65 715 0 1 0 1 88 714 0 1 2 175 68 64 0 1 2 175 84 34 0 1 2 175 84 32 0 1 2 275 85 33 0 1 2 275 89 35 0 1 2 375 70 34 0 1 2 375 64 714 0 1 2 375 66 64 0 1 2 375 67
4/4 35 0 1 0 0 70 34 0 1 0 0 64 714 0 1 0 0 66 64 0 1 0 0 67 65 0 1 2 25 87 36 0 1 2 25 84 66 0 1 2 25 77 715 0 1 3 667 88 716 0 1 3 667 92 37 0 1 0 1 87 36 0 1 0 1 87 34 0 1 3 1667 84 33 0 1 3 1667 77 76 0 1 3 1667 33 527 0 1 3 1667 91 526 0 1 3 1667 88 226 0 1 3 1667 76 34 0 1 1 25 63 224 0 1 1 25 69 74 0 1 1 25 55 524 0 1 1 25 55 224 0 1 1 35 88 34 0 1 1 35 68 524 0 1 1 35 66 74 0 1 1 35 52
4/4 222 0 1 1 5 68 223 0 1 1 5 84 316 0 1 1 5 84 226 0 1 1 5 81 66 0 1 1 5 70 34 0 1 3 1333 84 33 0 1 3 1333 77 526 0 1 1 15 92 37 0 1 1 15 84 76 0 1 1 15 74 224 0 1 3 2333 88 34 0 1 3 2333 64 74 0 1 3 2333 62 524 0 1 3 2333 61 527 0 1 0 3 83 526 0 1 0 3 92 76 0 1 0 3 60 223 0 1 1 35 93 316 0 1 1 35 92 222 0 1 1 35 76 226 0 1 1 35 84 66 0 1 1 35 67
4/4 33 0 1 1 5 77 34 0 1 1 5 88 526 0 1 1 5 92 37 0 1 1 5 80 76 0 1 1 5 74 224 0 1 3 1333 88 34 0 1 3 1333 70 524 0 1 3 1333 64 74 0 1 3 1333 53 527 0 1 2 175 76 526 0 1 2 175 92 76 0 1 2 175 68 523 0 1 3 2333 87 522 0 1 3 2333 76 225 0 1 3 2333 88 526 0 1 3 2333 73 716 0 1 1 25 78 526 0 1 1 25 73 76 2 25 1 35 101
4/4 33 0 1 3 333 81 32 0 1 3 333 77 36 0 1 3 333 84 75 0 1 3 333 84 526 2 25 2 75 76 65 0 1 2 125 49 225 0 1 2 125 76 62 0 1 2 125 74 63 0 1 2 125 74 36 0 1 2 125 80 66 0 1 2 125 87 35 0 1 3 2333 77 64 0 1 3 2333 80 65 0 1 3 2333 74 225 0 1 3 2333 84 223 0 1 3 2333 71 34 0 1 3 2333 62 65 0 1 3 3333 84 35 0 1 3 3333 77 36 0 1 3 3333 80 225 0 1 3 3333 78 224 0 1 3 3333 77
4/4 225 0 1 2 25 92 66 0 1 2 25 80 65 0 1 2 25 84 36 0 1 2 25 72 35 0 1 2 25 74 36 0 1 2 125 77 66 0 1 2 125 77 37 0 1 2 125 87 225 0 1 2 125 84 226 0 1 2 125 76 67 0 1 3 2333 86 66 0 1 3 2333 80 36 0 1 3 2333 84 226 0 1 3 2333 81 225 0 1 3 2333 78 37 0 1 3 2333 74 65 0 1 2 375 45 15 0 1 2 375 50 36 0 1 2 375 52 66 0 1 2 375 57
4/4 67 0 1 0 0 40 17 0 1 0 0 44 38 0 1 0 0 50 65 0 1 0 0 45 15 0 1 0 0 50 36 0 1 0 0 52 66 0 1 0 0 57 68 2 175 1 5 61
