4/4 74 0 1 2 25 53 35 0 1 0 1 58 45 2 75 3 1667 76 34 0 1 3 2333 37 74 0 1 3 2333 54 525 3 1667 3 2333 65
4/4 34 0 1 0 0 44 74 0 1 0 0 55 525 3 667 0 0 56 45 0 1 3 667 72 525 0 1 1 15 61 75 3 333 0 3 59
4/4 74 0 1 3 333 35 224 0 1 3 333 28 44 0 1 3 333 23 223 0 1 1 5 32 224 0 1 1 5 39 44 0 1 1 5 35 45 0 1 1 5 56
4/4 74 0 1 0 0 35 224 0 1 0 0 28 44 0 1 0 0 36 223 0 1 0 0 24 224 0 1 0 0 43 44 0 1 0 0 26 45 0 1 0 0 56 74 3 333 2 125 62 74 2 25 0 2 75 34 3 1333 3 2667 49 74 2 125 2 275 53 713 2 125 2 275 31 35 0 1 0 3 63
4/4 34 3 667 0 0 38 74 3 1083 0 0 43 713 1 35 0 0 49 35 2 75 0 0 56 224 0 1 0 1 66 35 1 15 0 2 66 525 2 25 1 35 73
4/4 224 0 1 0 1 49 524 0 1 0 1 39 44 0 1 0 1 33 73 0 3 0 1 49
4/4 224 0 1 0 0 39 524 0 1 0 0 42 44 0 1 0 0 35 73 3 2333 0 0 45 74 3 333 0 2 64 714 0 1 1 35 64 524 0 1 1 35 35 63 0 1 1 35 45 34 0 1 1 35 45
4/4 714 0 1 0 0 51 524 0 1 0 0 54 63 0 1 0 0 38 34 0 1 0 0 43 74 0 1 3 1667 54 714 1 5 3 2333 79 525 2 25 2 375 77
4/4 525 3 83 0 0 61 64 3 2333 3 1333 47 74 0 1 3 1333 42 523 0 1 3 1333 38 23 3 1667 3 1333 35
4/4 74 0 1 0 0 49 523 0 1 0 0 39 34 1 25 2 25 40 525 2 25 0 1 59 525 2 25 3 1667 74 525 3 333 3 2333 88 34 0 1 0 3 31 43 0 1 0 3 34 614 0 1 0 3 45 14 2 75 2 325 54 45 3 667 3 3333 68
4/4 34 0 1 0 0 41 43 0 1 0 0 46 614 3 3667 0 0 31 14 3 583 0 0 54 45 3 2083 0 0 71 14 3 333 3 1333 48 14 2 175 0 2 61 45 1 5 1 35 55
4/4 44 0 1 2 125 37 73 0 1 2 125 36 35 0 1 2 125 42 45 0 1 2 125 50 14 2 275 2 125 32
4/4 44 0 1 0 0 26 73 0 1 0 0 32 35 0 1 0 0 36 45 0 1 0 0 42 14 2 25 0 0 39 24 3 1333 3 333 40 35 3 333 2 225 67 45 3 333 0 3 68 74 3 333 3 3667 42
4/4 525 0 2 0 0 70 33 0 1 0 0 53 74 3 2417 0 0 51 73 2 75 0 1 47 44 2 75 3 1667 56 45 0 1 3 2333 74 73 0 1 3 2333 69 525 0 1 0 3 84 524 0 1 0 3 49 73 3 333 3 3667 48
4/4 73 3 333 0 0 47 33 0 1 2 25 55 75 0 1 2 25 75 73 3 333 2 75 45 74 0 1 0 1 45 224 0 1 0 1 65 45 0 2 3 1333 70 222 2 75 1 15 54 73 1 5 2 225 53 44 1 5 2 275 43 524 1 5 1 35 45
4/4 524 2 175 0 0 53 74 0 1 1 5 45 225 0 1 1 5 49 224 3 333 2 275 62 34 3 667 3 3333 41 74 0 1 1 35 51 35 0 1 1 35 66 712 1 5 1 35 43
4/4 34 3 1083 0 0 36 74 0 1 0 0 44 35 0 1 0 0 66 712 1 5 0 0 59 523 2 75 3 333 49 223 2 75 0 1 58 523 2 75 3 1667 64 224 1 5 3 1667 75 74 2 25 3 1667 34 35 0 1 2 225 80 524 2 175 2 225 70 34 1 5 2 225 59 523 3 667 0 3 63 712 1 5 1 35 67 525 3 333 1 35 66
4/4 712 2 25 0 0 47 523 3 667 2 25 46 524 0 1 1 5 48 64 0 1 1 5 51 224 2 325 2 75 70 72 3 667 0 1 57 523 1 5 1 15 56 223 2 175 2 225 42 524 0 1 0 3 47 73 2 25 2 375 37
4/4 223 1 15 0 0 36 524 2 175 0 0 50 224 0 2 0 0 57 73 1 15 0 0 44 34 0 1 2 275 40 524 0 1 2 275 57 62 0 1 0 3 47 714 0 1 0 3 74 33 3 333 3 3667 50
4/4 73 1 5 3 333 71 525 3 333 0 1 81 713 2 125 0 1 55 45 1 15 1 15 76 524 3 667 3 1667 56 34 2 75 2 225 55 63 2 75 2 275 50 525 3 333 1 35 72
4/4 74 1 15 2 25 50 224 0 1 3 333 60 45 0 1 3 333 69 32 0 1 3 333 63 65 0 1 3 333 78 72 1 5 0 1 37 65 1 5 3 1333 75 33 3 333 3 1667 57 75 1 5 3 2333 61 523 2 75 3 2333 63 525 0 1 0 3 63 73 0 1 0 3 52 74 0 1 0 3 66 44 2 25 2 375 42
4/4 525 0 1 0 0 74 73 2 25 0 0 56 74 1 5 0 0 64 524 1 5 1 5 48 74 2 25 0 1 53 63 2 225 2 175 31 524 0 1 2 175 37 74 0 1 2 175 52 714 3 1667 0 2 60 525 3 667 2 225 52 45 2 75 2 275 69 35 1 5 1 35 70
4/4 63 3 417 0 0 31 35 0 1 0 1 55 45 0 1 0 1 39 73 0 1 0 1 48 44 0 1 0 1 40 74 0 1 0 1 54 74 3 333 1 25 32 34 2 25 2 375 22
4/4 64 3 3667 0 0 42 74 0 4 0 0 42 34 2 275 0 0 25 35 2 375 2 25 45 32 2 75 2 25 39 72 3 667 0 1 47 33 2 25 1 15 65 63 0 1 2 225 51 73 0 1 0 3 56 34 2 25 2 375 40
4/4 34 2 75 0 0 58 74 3 667 0 0 49 35 1 65 0 0 55 73 1 15 0 0 55 44 0 1 1 5 47 64 3 333 1 15 56 73 2 125 2 275 16 524 0 1 2 275 19 34 0 1 2 275 37 33 0 1 0 3 31
4/4 73 0 4 0 0 25 524 0 1 0 0 21 34 0 1 0 0 31 33 0 4 0 0 32
4/4 35 0 1 0 0 58 73 3 1083 0 0 17 33 2 75 0 0 27 45 2 75 2 75 80 525 3 2333 1 15 64 33 3 667 1 15 51 524 0 1 0 3 37 73 0 1 0 3 51 45 2 25 2 375 86
4/4 45 1 5 0 0 87 524 0 1 1 5 63 525 0 1 1 5 80 73 2 75 1 5 43 75 3 2333 2 125 79 74 0 2 3 1667 64 45 2 225 2 175 75 222 1 5 2 175 54 73 2 75 2 325 42 44 3 667 3 3333 30
4/4 45 3 83 0 0 63 73 2 125 0 0 38 44 3 833 0 0 34 74 1 5 0 1 55 34 0 1 3 2333 45 712 0 1 3 2333 52 74 2 125 1 25 48 35 3 1333 3 2667 54
4/4 34 0 1 0 0 53 523 0 1 0 0 56 35 3 167 0 0 54 224 1 5 3 667 81 34 0 1 2 125 63 35 0 1 2 125 76 524 0 1 2 125 81 523 0 1 2 125 63 525 2 25 0 2 72 224 3 1333 3 2667 74 524 3 1333 3 2667 63 72 1 5 3 2667 47
4/4 223 0 1 0 0 45 523 0 1 0 0 41 44 0 1 0 0 33 224 3 2167 0 0 74 74 2 25 1 25 69 34 0 1 0 3 31 524 0 1 0 3 42 714 3 667 3 3333 62 62 1 5 1 35 49
4/4 34 0 1 0 0 37 524 0 1 0 0 36 714 3 833 0 0 52 62 3 167 0 0 37 713 0 1 2 75 49 33 0 1 2 75 42 74 1 5 1 15 87 713 0 1 0 2 64 714 0 1 0 2 79 33 0 1 2 225 51 525 2 25 2 275 86 23 1 5 1 35 44 522 3 333 3 3667 55 74 3 333 3 3667 72
4/4 23 3 1167 0 0 63 522 3 333 0 0 57 74 3 2167 0 0 73 34 2 75 2 125 44 33 0 1 2 125 45 73 0 1 2 125 37 525 3 333 0 3 72
4/4 44 0 1 0 0 47 614 0 1 0 0 36 14 0 1 2 25 53 45 0 1 2 25 56 42 2 75 3 333 58 12 3 667 0 1 61 613 2 25 3 1667 72 14 0 1 2 225 86 13 0 1 2 225 83 14 0 1 0 3 84 44 0 1 0 3 84 614 0 1 0 3 67 13 0 1 1 35 71 45 0 1 1 35 75
4/4 35 0 2 2 25 67 45 2 175 2 25 68 74 0 1 2 25 77 44 0 1 2 25 64 72 2 75 2 25 77 43 1 5 0 1 58 24 0 1 1 15 74 23 0 1 1 15 69 73 0 1 2 225 81 44 2 25 0 3 81 35 2 75 0 3 91 45 3 333 3 3667 80 72 3 333 3 3667 73
4/4 45 3 167 0 0 91 72 3 417 0 0 68 74 0 1 2 25 66 35 0 1 2 25 79 32 2 75 3 333 81 525 3 1333 1 5 85 72 1 5 2 125 70 523 2 25 2 175 76 73 0 1 1 25 63 45 0 1 1 25 80 524 0 1 0 3 58 525 0 1 0 3 94 74 0 1 0 3 74 75 2 25 2 375 80
4/4 74 0 1 2 25 51 224 0 1 2 25 77 45 0 1 2 25 58 221 0 1 3 333 73 45 0 1 3 333 62 222 2 25 0 1 61 46 0 1 2 175 59 45 0 1 2 175 62 223 0 1 2 175 51 75 1 15 2 175 61 44 0 1 2 175 62 223 0 1 2 175 43 225 0 1 2 325 50 45 0 1 2 325 53 223 0 1 2 325 48 44 0 1 2 325 44 74 0 1 2 325 32 44 0 1 2 325 38
4/4 35 0 1 1 5 53 525 0 1 1 5 50 75 0 1 2 75 59 711 0 1 2 75 51 36 0 1 2 75 66 522 1 5 1 15 54 33 1 5 2 225 77 523 3 667 2 275 65 224 3 333 2 275 89 35 0 1 1 35 83 34 0 1 1 35 77 524 0 1 1 35 75 73 0 1 1 35 61
4/4 525 2 25 0 0 91 223 0 1 3 667 47 524 0 1 3 667 59 71 0 1 3 667 72 224 0 1 3 667 66 64 0 1 3 667 64 72 1 5 1 15 54 225 0 1 0 2 77 224 0 1 0 2 62 222 0 1 0 2 42 525 0 1 0 2 56 523 1 5 2 275 60 75 0 1 1 35 55 224 0 1 1 35 51 223 2 25 1 35 40
4/4 75 0 1 0 0 49 224 0 1 0 0 52 34 2 25 3 333 61 714 0 1 2 75 63 35 0 1 2 75 57 525 0 1 0 1 68 62 0 1 0 1 53 715 0 1 0 1 60 33 3 333 3 1667 68 73 1 5 3 2333 75 525 0 1 0 3 100 713 0 1 0 3 59 526 0 1 0 3 91 524 3 333 3 3667 75 46 0 1 3 3667 92 45 0 1 3 3667 70
4/4 524 3 333 0 0 61 525 0 1 3 333 87 526 0 1 3 333 84 65 0 1 2 75 60 225 0 1 2 75 83 46 0 1 2 75 66 32 0 1 2 75 68 66 0 1 2 75 81 72 3 333 3 1667 65 523 2 25 2 225 49 76 2 75 0 3 56 73 2 25 0 3 61 526 0 1 3 3667 56 75 0 1 3 3667 60 44 0 1 3 3667 38
4/4 526 0 1 0 0 52 75 0 1 0 0 52 44 0 1 0 0 49 524 2 25 1 5 55 63 0 1 2 125 60 34 0 1 2 125 52 714 0 1 2 125 45 525 0 1 2 125 47 715 2 125 1 15 62 526 3 667 3 1667 68 46 1 5 3 2333 74 36 2 75 0 3 77
4/4 73 0 1 1 5 31 44 0 1 1 5 31 24 0 1 1 5 47 45 0 1 3 667 41 46 0 1 3 667 52 75 2 25 1 15 74 35 0 2 0 2 33 65 0 1 2 225 48 75 0 1 2 225 39 36 0 1 2 225 46 33 0 1 3 2333 55 73 3 667 0 3 49 34 2 25 3 3667 45
4/4 35 0 1 0 0 51 65 0 1 0 0 34 75 0 1 0 0 51 36 0 1 0 0 52 64 0 1 3 333 41 74 2 75 0 1 36 65 0 1 2 175 37 45 0 1 2 175 52 35 0 1 2 275 31 34 0 1 2 275 33 74 0 1 2 275 29 525 0 1 2 275 44
4/4 35 0 1 0 0 23 34 0 1 0 0 35 74 0 1 0 0 23 525 0 1 0 0 42 64 0 1 2 275 38 224 0 1 2 275 48 525 0 1 2 275 55 44 0 1 0 3 48 525 0 1 0 3 56 65 2 25 2 375 70
4/4 65 3 417 0 0 79 74 0 1 3 333 44 224 0 1 3 333 45 525 0 1 3 667 40 75 0 1 3 667 57 522 0 1 3 667 37 222 3 667 3 1667 63 73 1 5 3 2333 66 223 0 1 0 3 71 65 3 333 0 3 81 74 3 333 3 3667 70 75 3 333 3 3667 92
4/4 223 1 5 0 0 53 74 3 333 0 0 66 524 0 1 2 25 71 225 0 1 2 25 93 224 0 1 2 75 61 65 0 1 2 75 71 43 2 75 0 1 73 223 2 75 1 15 77 64 3 667 2 225 78 223 2 75 2 275 69 224 0 1 3 3333 79 44 0 1 3 3333 51
4/4 223 3 667 0 0 70 74 0 1 3 333 61 224 0 1 3 333 66 525 1 15 3 667 75 33 2 75 3 667 72 73 3 667 3 1333 68 524 1 5 0 2 78 73 2 75 1 25 69 45 3 333 1 25 95 525 0 1 2 325 97 74 0 1 2 325 70 44 0 1 2 325 71 73 0 1 2 375 59 75 0 1 2 375 71
4/4 64 0 1 3 333 57 224 0 1 3 333 58 45 0 1 3 333 81 72 2 75 1 5 64 43 3 667 2 125 57 223 3 667 2 175 63 43 2 25 3 2333 78 224 0 1 0 3 75 73 0 1 0 3 63 44 0 1 0 3 74 43 2 25 3 3667 77
4/4 34 0 1 2 25 45 524 0 1 2 25 59 74 0 1 2 25 56 35 0 1 2 25 71 712 2 75 1 5 77 523 0 1 2 125 47 45 0 1 2 125 63 525 0 1 2 175 88 34 0 1 2 175 54 64 2 125 3 2333 75 712 0 1 0 3 80 45 0 1 0 3 76 224 0 1 0 3 69 65 3 333 3 3667 83 63 2 25 3 3667 57
4/4 74 0 1 0 0 65 224 0 1 0 0 64 525 0 1 0 0 74 65 3 167 0 0 78 72 2 75 2 25 71 523 3 667 0 1 62 223 3 333 1 15 68 523 2 75 2 225 59 224 2 25 2 225 85 224 0 1 2 275 91 524 0 1 2 275 78 73 2 75 2 275 54 523 2 25 1 35 68 714 0 1 2 375 66 35 0 1 2 375 44
4/4 525 0 1 0 0 64 715 0 1 0 0 79 62 0 1 0 0 63 714 0 1 0 0 65 35 0 1 0 0 44 33 3 667 2 75 57 713 2 25 3 1333 64 75 1 5 3 1333 65 714 0 1 0 2 63 34 0 1 0 2 51 524 2 25 3 2667 40 65 0 1 3 2667 72 35 0 1 3 2667 61 525 3 333 3 3333 61 74 0 1 3 3667 47 35 0 1 3 3667 53
4/4 45 0 3 0 0 54 72 3 667 0 0 59 75 0 4 0 0 61 74 0 1 0 0 46 35 0 1 0 0 56 43 1 5 3 667 46 73 2 25 2 125 49 34 2 75 0 2 56 35 0 1 1 25 47 44 0 1 1 25 39 14 2 25 2 325 52
4/4 74 0 1 0 0 38 24 0 1 0 0 51 73 0 1 0 0 34 44 0 1 0 0 28 75 2 75 0 0 71 75 0 1 1 15 30 76 0 1 1 15 54 75 3 667 3 3333 85
4/4 75 0 3 0 0 79 525 1 15 0 1 52 36 0 2 0 1 57 34 0 1 0 1 34 74 3 333 2 175 59 45 1 5 3 2333 74 525 2 25 0 3 76 45 0 1 1 35 53 44 0 1 1 35 24 224 0 1 1 35 34 65 0 1 1 35 47 225 2 25 2 375 49
4/4 225 3 83 0 0 58 524 2 275 2 125 39 224 2 275 2 125 47 75 0 1 2 125 58 65 0 1 0 2 38 525 2 125 2 275 37
4/4 524 1 15 0 0 46 224 2 75 0 0 40 525 1 5 0 0 48 525 1 5 3 1333 85 223 2 225 2 175 61 64 0 2 0 2 51 224 0 1 0 2 47 45 0 1 0 2 69 65 0 1 0 2 78 525 1 5 1 35 74
4/4 65 1 5 0 0 74 224 0 1 0 0 77 64 0 1 0 0 63 223 3 417 0 0 51 525 3 167 0 0 57 225 1 5 1 15 62 224 0 1 0 2 47 525 0 1 0 2 61 75 0 1 0 2 57 523 2 75 2 225 62 223 1 5 2 275 68 74 1 5 1 35 69
4/4 74 2 25 0 0 67 224 2 25 2 25 89 73 0 1 1 5 66 64 0 1 1 5 76 24 0 1 2 75 80 45 0 1 2 75 86 75 0 1 2 75 78 45 3 1333 0 2 59 525 0 1 0 2 55 75 0 1 0 2 71 33 2 75 2 225 79 36 1 15 2 225 69 73 2 75 2 275 62 524 2 25 1 35 51
4/4 35 2 25 0 0 62 224 0 1 3 667 53 45 0 1 3 667 49 43 0 1 3 667 52 65 0 1 3 667 64 225 0 1 3 667 76 223 2 25 3 1333 54 224 2 225 2 175 40 525 0 1 0 2 56 523 0 1 0 2 58 75 0 1 0 2 49 223 1 5 2 275 52 65 2 75 2 275 67 74 1 5 1 35 48 525 1 5 1 35 50
4/4 64 2 75 0 0 46 224 2 75 0 0 35 74 3 167 0 0 59 525 3 833 0 0 67 524 3 667 2 75 43 525 1 5 3 1333 57 224 0 1 0 2 44 223 0 1 0 2 21 45 0 2 0 2 44 64 0 2 0 2 31 65 2 125 2 225 42 525 1 5 1 35 50
4/4 224 0 1 0 0 41 223 0 1 0 0 30 45 2 25 0 0 50 64 2 75 0 0 36 525 2 25 0 0 47 65 1 5 2 25 39 45 2 25 1 15 51 35 2 175 2 225 56 713 2 175 2 225 45 34 3 667 0 3 50 524 1 5 1 35 55
4/4 35 2 475 0 0 67 713 2 25 0 0 50 34 2 75 2 25 47 524 3 667 2 75 56 34 3 667 3 1333 50 713 3 1333 0 2 47 34 2 75 3 2667 39 74 2 75 2 325 66
4/4 34 3 667 0 0 34 74 3 917 0 0 61 224 2 125 1 5 59 524 1 5 1 5 39 34 1 5 2 125 48 35 2 225 2 175 52 714 2 225 2 175 61 63 0 2 0 2 33 713 2 75 1 25 37 34 2 75 2 325 48 713 2 25 2 375 52
4/4 35 2 475 0 0 68 714 3 2417 0 0 59 63 2 125 0 0 33 713 1 5 0 0 37 34 3 667 1 5 34 713 2 75 0 1 42 63 2 225 2 175 40 713 2 75 1 25 39 74 2 75 2 325 52 34 2 75 2 325 34 713 2 25 2 375 51
4/4 63 2 125 0 0 36 74 3 917 0 0 62 713 3 417 0 0 36 224 0 1 3 667 59 34 0 1 3 667 45 713 2 25 3 1333 40 34 0 2 0 2 26 64 0 1 0 2 43 74 0 1 0 2 46 35 3 1667 3 2333 50 32 0 1 3 2333 35 72 1 5 2 325 32 33 2 25 2 375 61
4/4 34 1 5 0 0 33 64 0 1 0 0 38 74 0 1 0 0 41 35 3 1833 0 0 37 63 2 75 2 25 42 73 0 3 0 1 49 34 1 25 1 15 58 44 2 75 0 2 52 64 2 75 3 2667 51 74 3 667 3 3333 48
4/4 64 2 75 0 0 34 73 2 125 0 0 53 34 2 75 0 0 42 74 3 333 0 0 40 44 2 75 2 75 45 64 2 25 1 15 31 524 3 1667 3 2333 32 73 1 15 1 25 20 33 1 15 1 25 33
4/4 524 3 2083 0 0 47 73 0 3 0 0 28 33 1 25 0 0 31
4/4 35 0 1 0 0 67 45 2 75 2 125 77 74 0 1 0 2 36 35 0 1 0 2 45 525 3 1667 3 2333 46 33 0 1 3 2333 43 73 3 667 0 3 43 524 3 333 3 3667 73
4/4 74 0 1 0 0 38 35 0 1 0 0 46 525 3 833 0 0 54 524 3 167 0 0 70 73 3 667 2 25 68 44 3 667 2 75 72 73 0 1 3 1333 79 45 0 1 3 1333 90 74 0 1 2 175 76 35 0 1 2 175 55 32 3 667 0 2 76 525 0 2 0 2 77 72 1 5 1 25 55 523 2 25 0 3 54 73 2 25 2 375 72
4/4 73 2 25 0 0 80 74 0 1 0 0 81 35 0 1 0 0 59 525 2 25 0 0 80 34 2 25 2 25 82 44 0 1 2 75 76 75 0 1 2 75 76 74 0 1 2 125 48 224 0 1 2 125 68 45 0 1 2 125 72 222 3 667 1 15 68 73 3 667 0 2 63 44 1 5 3 2667 59 73 3 667 2 325 73 223 2 25 2 375 74
4/4 74 0 1 0 0 63 224 0 1 0 0 63 45 0 1 0 0 72 223 2 25 0 0 75 73 2 25 2 25 55 221 3 667 2 75 78 222 2 25 3 1333 59 43 1 5 0 2 54 73 1 5 1 25 50 223 3 333 2 325 52 224 0 1 3 3667 77 44 0 1 3 3667 71
4/4 34 0 1 0 0 64 712 0 1 0 0 59 524 0 1 2 25 48 74 0 1 2 25 64 35 0 1 2 25 64 523 1 5 2 75 57 34 1 5 1 15 59 523 1 5 0 2 77 223 1 5 1 25 83 523 2 25 0 3 66 224 3 333 2 325 78 524 0 1 1 35 58 74 0 1 1 35 61 35 2 25 2 375 73 711 2 25 2 375 69
4/4 35 3 2083 0 0 75 524 0 1 0 0 56 74 0 1 0 0 52 711 3 417 0 0 63 522 1 5 3 333 61 33 1 5 0 1 72 523 1 5 1 15 62 73 3 333 0 2 62 525 1 5 3 2667 70 34 2 25 3 2667 48 524 0 1 2 325 63 74 0 1 2 325 53 72 0 1 2 325 65 224 3 667 3 3333 62
4/4 523 1 5 0 0 60 224 3 333 0 0 71 73 1 5 1 5 69 224 0 1 0 1 51 223 0 1 0 1 52 525 0 1 3 1667 62 524 0 1 3 1667 63 64 0 1 2 225 51 65 0 1 2 225 66 225 0 1 2 275 54 73 0 1 2 275 57 224 0 1 2 275 67 524 2 25 2 275 53 65 3 667 3 3333 65 72 2 25 2 375 56 525 2 25 2 375 59
4/4 72 2 175 0 0 44 525 2 25 0 0 69 224 2 25 1 5 52 64 2 75 0 1 67 524 2 25 2 175 52 713 0 1 2 225 63 62 0 1 2 225 54 524 3 1667 3 2333 61 714 3 1667 3 2333 81 33 3 667 0 3 54 713 1 5 1 35 64
4/4 33 3 667 0 0 53 524 3 833 0 0 63 714 3 83 0 0 78 713 3 333 3 667 69 74 0 1 0 1 91 33 0 1 0 1 57 23 1 15 1 15 69 524 0 1 1 15 55 714 0 1 1 15 75 62 3 667 2 175 63 22 3 667 3 2333 61 713 1 5 0 3 60 22 1 5 1 35 41
4/4 713 3 333 0 0 58 22 3 167 0 0 46 525 2 25 3 667 79 23 3 1333 1 15 56 74 2 175 1 15 62 522 2 75 1 15 56 22 3 1333 2 225 43 73 3 667 2 275 58 23 2 75 2 325 48
4/4 524 3 667 0 0 60 23 1 5 0 0 52 74 2 175 1 5 60 34 0 1 2 125 40 33 0 1 2 125 44 522 0 1 2 125 24 525 2 25 2 325 89 525 2 25 2 375 81
4/4 525 2 25 3 333 85 614 0 1 2 75 56 14 0 1 2 75 62 45 0 1 2 75 60 42 2 75 0 1 70 12 1 5 1 15 68 43 3 667 0 2 78 613 0 1 1 25 70 13 3 333 0 3 71 14 2 25 3 3667 79
4/4 612 3 667 2 25 51 14 0 1 2 25 86 44 0 1 2 25 71 614 0 1 2 25 63 523 2 175 2 75 68 13 2 125 3 1333 57 44 2 75 0 2 60 614 2 25 1 25 74 45 3 333 0 3 55 72 3 333 3 3667 61 44 3 333 3 3667 67 35 3 333 3 3667 63 45 3 333 3 3667 60 74 3 333 3 3667 76
4/4 72 3 333 0 0 71 44 3 917 0 0 76 35 3 3333 0 0 58 45 3 4667 0 0 64 74 3 1667 0 0 77 43 1 5 2 25 52 13 2 25 2 75 52 34 3 667 3 1333 43 44 3 667 0 2 29 74 3 1333 3 2667 43 44 0 1 3 3333 21 73 0 1 3 3333 28 24 3 667 3 3333 51
4/4 74 3 667 0 0 42 44 0 1 0 0 38 73 0 1 0 0 37 24 3 667 0 0 52 75 0 1 1 15 62 74 0 1 1 15 49 35 0 1 0 2 67 36 0 1 0 2 70 46 0 1 3 2667 70 45 0 1 3 2667 72 525 0 1 2 325 68 526 0 1 2 325 63 33 2 25 2 325 61 524 0 1 2 375 58 73 0 1 2 375 36
4/4 525 0 1 0 0 67 526 0 1 0 0 65 524 0 1 1 5 76 73 0 1 1 5 54 524 0 1 0 1 60 73 0 1 0 1 45 524 0 1 3 1667 67 73 0 1 3 1667 41 73 0 1 0 2 34 45 0 1 0 2 87 46 0 1 0 2 62 525 0 1 2 275 71 225 0 1 2 275 58 526 0 1 2 275 69 75 0 1 2 275 61 33 3 333 2 275 72 524 0 1 3 3333 63 73 0 1 3 3333 46
4/4 73 0 1 0 0 61 524 0 1 0 0 76 524 0 1 1 5 65 73 0 1 1 5 56 524 0 1 0 1 83 73 0 1 0 1 60 76 2 225 1 15 85 75 3 2333 3 1667 79 222 3 333 2 225 58 46 2 175 2 225 63 44 0 1 2 275 45 73 0 1 2 275 53 73 0 1 3 3333 57 44 0 1 3 3333 69
4/4 44 0 1 0 0 65 73 0 1 0 0 69 75 3 333 0 0 75 44 3 333 1 5 68 73 2 75 1 5 65 45 3 1333 0 1 93 222 2 25 3 1667 68 36 3 667 3 1667 81 44 0 1 2 225 62 225 0 1 2 225 57 73 0 1 2 225 45 73 0 1 2 275 52 75 0 1 2 275 52 44 0 1 2 275 56 45 0 1 3 3333 49 73 0 1 3 3333 33 44 0 1 3 3333 33
4/4 44 0 1 0 0 50 73 0 1 0 0 53 35 3 667 0 0 57 224 3 333 3 667 64 34 0 1 0 1 48 712 0 1 0 1 56 74 0 1 0 1 69 35 0 1 0 1 70 523 2 25 2 175 51 34 0 1 1 25 63 523 0 1 1 25 72 523 0 1 0 3 65 34 0 1 0 3 64 34 2 25 3 3667 64 523 3 333 3 3667 82
4/4 523 3 167 0 0 63 224 3 333 2 25 75 64 0 1 3 667 64 74 0 1 3 667 75 35 0 1 3 667 83 712 3 333 2 75 74 63 0 1 3 1333 51 34 0 1 3 1333 42 34 0 1 0 2 49 63 0 1 0 2 72 63 0 1 3 2667 63 34 0 1 3 2667 61 34 0 1 2 325 52 63 0 1 2 325 43 525 2 25 2 375 70
4/4 224 0 1 3 333 88 524 0 1 3 333 79 72 3 333 3 333 63 523 0 1 0 1 42 223 0 1 0 1 54 223 0 1 1 15 63 523 0 1 1 15 57 223 0 1 2 225 70 523 0 1 2 225 69 223 1 5 2 275 72 523 0 1 2 275 64 225 3 667 2 325 91 65 2 25 2 375 60 72 2 25 2 375 50
4/4 65 3 417 0 0 80 523 0 1 3 333 66 223 0 1 3 333 48 525 3 667 3 333 58 224 0 1 0 1 54 223 0 1 0 1 52 523 0 1 0 1 44 64 3 667 3 1667 63 223 0 1 3 1667 57 523 0 1 3 1667 32 524 0 1 2 225 62 72 0 1 2 225 47 223 3 333 0 3 40 713 0 1 3 3333 59 34 0 1 3 3333 57 62 0 1 3 3333 62 524 0 1 1 35 64 62 0 1 1 35 71 714 1 5 1 35 72
4/4 714 2 175 0 0 86 713 0 1 2 25 48 33 0 1 2 25 38 713 0 1 2 75 57 33 0 1 2 75 52 713 0 1 3 1333 75 33 0 1 3 1333 52 713 3 333 0 2 83 33 2 75 0 2 61 525 0 1 1 25 82 714 0 1 1 25 87 45 0 1 0 3 93 64 0 1 0 3 82 62 3 333 0 3 68 713 0 1 3 3667 73 33 0 1 3 3667 61
4/4 45 0 1 0 0 82 64 0 1 0 0 73 713 0 1 2 25 84 33 0 1 2 25 51 713 0 1 2 75 63 33 0 1 2 75 67 713 0 1 1 15 75 33 0 1 1 15 56 714 0 1 0 2 85 525 0 1 0 2 89 74 0 1 1 25 57 45 0 1 1 25 75 224 0 1 3 2667 81 45 0 1 3 2667 86 65 0 1 3 2667 82 32 2 25 3 2667 73 34 0 1 2 325 56 523 0 1 2 325 61 73 0 1 2 325 44 34 0 1 2 375 82 523 0 1 2 375 62 73 0 1 2 375 71
4/4 74 0 1 0 0 63 45 0 1 0 0 85 224 0 1 0 0 61 45 0 1 0 0 84 65 0 1 0 0 79 523 0 1 3 333 67 34 0 1 3 333 79 73 0 1 3 333 74 34 0 1 0 1 86 523 0 1 0 1 66 73 0 1 0 1 72 75 0 1 1 15 67 224 0 1 1 15 70 32 2 25 0 2 65 525 0 1 2 225 84 74 0 1 2 225 76 523 0 1 2 275 51 72 0 1 2 275 48 523 0 1 3 3333 66 72 0 1 3 3333 64
4/4 523 0 1 0 0 68 72 0 1 0 0 49 525 0 1 0 0 90 74 0 1 0 0 69 523 0 1 1 5 74 72 0 1 1 5 55 64 0 1 1 15 63 714 0 1 1 15 54 35 0 1 1 15 67 62 3 667 2 175 60 525 2 75 2 175 77 33 2 25 2 225 46 73 1 5 2 275 47 45 0 1 1 35 70 713 0 1 1 35 41
4/4 35 3 667 0 0 63 34 2 25 0 0 51 45 0 1 0 0 60 713 0 1 0 0 51 64 2 25 3 667 49 44 0 1 0 1 47 45 0 1 0 1 71 74 0 2 2 125 50 72 1 5 2 125 43 43 2 25 0 2 36 73 2 25 1 25 36 34 2 75 0 3 48 74 0 1 3 3667 62 23 0 1 3 3667 55
4/4 34 0 1 3 667 56 35 0 1 3 667 75 64 0 1 2 75 68 74 0 1 2 75 69 35 0 1 2 75 76 32 3 667 0 1 67 72 1 5 1 15 59 33 3 333 0 2 69 63 2 75 3 2667 60 73 1 5 2 325 74 34 2 25 2 375 66
4/4 34 3 417 0 0 65 64 2 75 3 333 57 74 2 125 0 1 59 35 3 667 1 15 66 74 2 75 0 2 65 64 1 5 2 275 60 74 1 5 1 35 42
4/4 74 1 25 0 0 43 524 0 1 2 25 45 73 0 1 2 25 37 33 0 1 2 25 30 64 1 5 1 35 62 224 0 1 3 3667 70 525 0 1 3 3667 82 43 2 25 2 375 59
4/4 224 0 1 0 0 64 525 0 1 0 0 85 43 3 417 0 0 54 223 1 5 3 333 69 64 2 75 0 1 81 524 0 1 1 15 77 65 0 1 2 225 82 44 1 5 2 225 70 64 2 25 0 3 54 74 2 25 3 3667 67 74 0 1 2 375 39 224 0 1 2 375 60
4/4 525 0 1 0 0 61 75 0 1 0 0 56 522 2 75 0 0 62 74 0 1 0 0 41 224 0 1 0 0 49 222 1 5 2 75 54 73 1 5 1 15 55 223 3 1333 0 2 69 44 3 667 1 25 76 65 0 1 0 3 82 524 0 1 0 3 53 74 0 1 1 35 60 224 0 1 1 35 59 75 0 1 1 35 70 523 2 25 2 375 61
4/4 74 0 1 0 0 58 224 0 1 0 0 60 75 0 1 0 0 89 523 3 417 0 0 65 223 2 75 2 25 49 524 3 1333 2 75 51 64 2 25 3 1333 63 74 2 25 0 2 64 225 1 15 1 25 80 224 0 1 0 3 63 525 0 1 0 3 49 65 0 1 0 3 62 222 3 667 2 325 62 63 2 25 2 375 54
4/4 225 2 425 0 0 84 224 0 2 0 0 53 525 0 1 0 0 58 65 0 1 0 0 64 63 3 417 0 0 56 223 1 5 3 333 47 34 1 5 0 1 40 524 1 25 1 15 45 64 0 2 0 2 39 224 0 1 2 275 38 44 0 1 2 275 46
4/4 524 2 25 0 0 48 64 2 25 0 0 33 224 0 1 0 0 33 44 0 1 0 0 33 224 2 25 1 5 61 224 2 25 2 125 83 224 2 25 2 175 73 74 0 1 2 225 57 224 0 1 2 225 62 525 1 15 1 25 67 33 2 75 1 25 53 73 1 5 2 325 57 44 2 25 2 375 76
4/4 44 3 417 0 0 73 524 3 333 3 333 61 74 2 25 0 1 76 224 0 1 1 15 76 46 0 1 1 15 80 526 0 2 0 2 84 75 0 2 0 2 60 34 3 667 0 2 74 524 3 667 3 2667 61 74 1 5 2 325 66 45 2 25 2 375 55
4/4 526 2 25 0 0 89 75 2 75 0 0 61 45 2 25 0 0 68 525 2 25 1 5 77 76 2 25 0 1 78 65 0 1 1 15 63 225 0 1 1 15 57 46 0 1 1 15 64 72 3 667 3 1667 62 43 1 5 2 225 46 223 2 25 2 275 65 44 1 5 3 3333 49
4/4 64 0 1 0 0 58 65 0 1 0 0 59 225 0 1 0 0 58 46 0 1 0 0 63 224 2 25 1 5 50 225 0 1 0 1 57 45 0 1 0 1 54 224 1 15 3 2333 50 75 3 333 3 2333 50 45 0 1 3 3667 39 64 0 1 3 3667 45
4/4 524 0 1 1 5 59 74 0 1 1 5 57 712 0 1 2 75 69 35 0 1 2 75 65 45 2 25 1 15 87 34 0 1 0 2 71 523 0 1 0 2 50 73 0 1 0 2 68 525 2 175 0 2 91 74 1 15 0 2 69 34 0 1 2 325 73 73 0 1 2 325 58 523 0 1 2 325 66 74 2 25 2 375 89
4/4 64 0 1 2 25 69 224 0 1 2 25 68 712 0 1 2 25 70 45 0 1 2 25 76 525 3 333 0 1 82 44 0 1 3 1667 68 63 0 1 3 1667 66 223 0 1 3 1667 59 224 0 1 3 1667 62 64 0 1 3 1667 80 65 0 1 3 1667 64 44 0 1 2 275 66 63 0 1 2 275 71 223 0 1 2 275 59 524 0 1 2 375 60 224 0 1 2 375 70
4/4 525 3 2333 0 0 72 72 1 5 0 0 65 524 0 1 0 0 67 224 0 1 0 0 56 523 0 1 2 125 52 223 0 1 2 125 52 223 0 1 1 25 65 523 0 1 1 25 59 224 2 25 0 3 89 224 3 333 3 3667 81 524 3 333 3 3667 69 32 3 333 3 3667 63
4/4 224 3 2333 0 0 82 524 3 1917 0 0 65 32 3 333 0 0 74 72 1 5 2 25 65 523 2 25 2 75 82 73 3 333 3 1333 80 44 2 25 0 2 84 524 2 25 1 25 68 714 0 1 2 325 69 35 0 1 2 325 58 525 0 1 2 325 67 715 2 75 2 325 83 62 2 75 2 325 89 33 2 25 2 375 75
4/4 714 0 1 0 0 88 35 0 1 0 0 58 525 0 1 0 0 64 715 2 25 0 0 69 33 3 83 0 0 68 73 3 667 3 333 78 713 1 5 0 1 65 34 0 1 1 15 67 35 0 1 1 15 67 75 0 1 1 15 70 714 0 1 1 15 98 35 0 1 1 15 86 75 0 1 1 15 82 524 2 25 0 2 72 65 0 1 3 2667 73 714 0 1 3 2667 76 62 0 1 3 2667 81 35 3 1333 3 2667 75 33 1 5 2 325 60 73 2 25 2 375 75
4/4 65 0 1 0 0 77 714 0 1 0 0 78 73 1 5 0 0 73 713 1 5 3 333 72 34 0 1 0 1 63 74 0 1 0 1 82 525 0 1 0 1 94 714 0 1 0 1 74 524 2 25 1 15 71 74 0 2 0 2 79 35 0 2 0 2 58 45 0 1 0 2 65 75 0 1 0 2 78 72 2 75 2 225 82 43 1 5 3 2667 64 73 1 5 2 325 65 34 2 25 2 375 79
4/4 74 3 333 0 0 76 35 0 1 0 0 70 45 0 1 0 0 77 75 0 1 0 0 73 34 1 5 0 0 65 44 1 35 1 5 72 74 2 75 0 1 77 35 2 75 1 15 79 14 3 333 0 2 48 75 2 75 2 275 77 35 2 25 3 3333 54
4/4 36 2 75 0 0 52 75 0 3 1 5 63 45 0 2 0 1 61 72 2 75 0 1 60 25 3 2333 0 1 65 43 1 5 3 1667 53 73 2 25 2 225 62 23 1 5 2 275 56 44 1 5 1 35 45
4/4 74 2 25 0 0 50 75 0 1 2 75 30 24 0 1 2 75 42 76 0 1 2 75 36
4/4 75 0 1 2 25 55 76 0 1 2 25 74 36 0 1 3 1667 44 37 0 1 3 1667 55 34 3 333 2 175 28 525 0 1 0 3 53 74 0 1 0 3 43
4/4 36 0 1 0 0 49 37 0 1 0 0 67 525 0 1 2 25 57 74 0 1 2 25 41 226 0 1 2 125 70 225 0 1 2 125 55 44 2 25 3 1333 40 65 0 1 1 25 39 224 0 1 1 25 42 65 0 1 3 3667 67 224 0 1 3 3667 39
4/4 75 0 1 1 5 28 225 0 1 1 5 38 524 0 1 2 75 31 76 0 1 2 75 57 66 2 75 3 1333 60 526 0 2 0 2 62 224 0 1 0 2 40 75 0 1 0 2 35 75 1 5 0 3 53 224 0 1 0 3 43
4/4 526 2 325 0 0 59 74 1 5 3 333 51 224 0 1 3 1667 31 525 0 1 3 1667 40 75 0 1 3 1667 36 526 1 5 1 35 77
4/4 66 2 325 0 0 74 223 1 5 0 0 49 45 0 1 3 1333 40 64 0 1 3 1333 57 45 0 1 1 25 51 64 0 1 1 25 60 526 1 5 0 3 62 65 0 1 1 35 52 225 0 1 1 35 67 66 0 1 1 35 58 223 3 333 3 3667 57
4/4 65 0 1 0 0 56 225 0 1 0 0 55 66 0 1 0 0 68 224 0 1 2 75 45 64 0 1 2 75 36 45 0 1 0 1 30 225 0 1 0 2 47 226 0 1 0 2 49 75 0 1 0 3 42 225 0 1 0 3 52 76 3 667 3 3333 49 523 3 333 3 3333 57
4/4 75 0 1 0 0 47 225 0 1 0 0 60 76 3 1583 0 0 45 74 1 5 1 5 51 223 3 1667 1 5 51 526 0 1 3 1667 68 524 0 1 3 1667 34 66 2 25 2 225 67 75 0 1 2 275 47 76 0 1 2 275 46 36 0 1 2 275 51 64 0 1 2 275 35 73 2 125 2 275 45
4/4 75 0 1 0 0 45 76 0 1 0 0 65 73 2 175 0 0 53 74 0 1 2 25 28 45 0 1 2 25 30 25 0 1 2 25 35 46 0 1 2 25 58 75 1 5 1 15 90 45 0 1 2 225 63 525 0 1 2 225 58 75 0 1 1 25 66 36 0 1 1 25 71 33 1 5 1 25 63 73 1 5 2 325 49 44 2 25 2 375 62
4/4 45 0 1 0 0 50 525 0 1 0 0 59 75 0 1 0 0 59 36 0 1 0 0 79 524 2 25 3 333 50 224 2 25 0 1 58 224 2 175 0 2 51 65 0 2 0 2 76 43 3 667 0 2 63 225 2 175 2 225 70 223 1 5 3 2667 44 44 2 25 2 325 56 64 2 25 2 375 52
4/4 64 3 83 0 0 54 65 1 5 0 0 64 225 1 5 0 0 80 224 2 25 1 5 48 74 3 2667 3 1333 45 224 3 2667 3 1333 59 525 0 1 1 15 70 522 0 1 1 15 52 75 0 1 1 15 61 65 0 1 2 225 64 222 0 1 2 225 57 523 1 5 2 275 54 525 2 125 2 275 62 73 1 5 3 3333 61 223 2 25 2 375 58
4/4 74 3 333 0 0 42 224 3 3833 0 0 55 223 3 417 0 0 43 525 1 35 0 0 74 524 3 667 3 333 69 74 1 5 0 1 75 524 1 5 1 15 52 223 2 25 0 2 58 73 3 667 3 2667 51 523 3 667 2 325 57 525 0 1 2 375 72 222 0 1 2 375 47
4/4 64 0 1 3 333 60 224 0 1 3 333 53 45 0 1 3 333 60 65 0 1 3 333 57 222 3 667 1 5 64 63 3 333 0 1 41 223 2 25 3 1667 47 34 1 5 2 225 52 44 2 125 2 275 51 525 3 667 3 3333 53
4/4 64 0 1 0 0 53 65 1 15 0 0 48 224 1 25 0 0 59 44 3 1417 0 0 55 223 1 5 2 125 39 45 0 1 3 2333 63 64 0 1 3 2333 49 712 3 333 3 3667 46 524 0 1 3 3667 51 35 0 1 3 3667 51
4/4 712 3 167 0 0 34 524 0 1 0 0 53 35 0 1 0 0 66 34 0 1 0 1 46 523 0 1 0 1 40 34 0 1 0 2 44 523 0 1 0 2 47 712 1 5 3 3333 51
4/4 223 0 1 3 667 48 34 0 1 3 667 48 74 0 1 3 667 46 523 2 125 3 667 47 224 0 1 0 2 73 524 0 1 0 2 54 34 0 1 0 3 37 524 0 1 0 3 45 74 0 1 0 3 68 62 1 5 2 325 40 35 2 75 2 325 71
4/4 34 0 1 0 0 34 524 0 1 0 0 44 74 0 1 0 0 53 35 1 35 0 0 71 713 0 1 1 5 38 33 0 1 1 5 55 713 0 1 3 1667 44 33 0 1 3 1667 48 62 1 5 0 3 38
4/4 74 0 1 3 333 37 223 0 1 3 333 42 524 0 1 3 333 53 73 0 1 3 333 42 33 0 1 3 333 38 224 1 5 3 1667 62 44 0 1 2 275 41 524 0 1 2 275 46 74 0 1 2 275 45 32 0 1 0 3 41 35 0 1 0 3 50
4/4 44 0 1 0 0 34 524 0 1 0 0 48 74 0 1 0 0 49 32 2 25 0 0 36 35 0 4 0 0 59 72 3 667 3 333 51 43 2 25 1 15 38 523 2 125 2 275 54
4/4 73 0 1 0 0 36 35 2 25 0 0 55 523 2 75 0 0 45 44 2 25 3 1333 44 524 1 15 1 25 25 36 3 1333 3 2667 35 525 3 1333 3 2667 34
4/4 524 0 4 0 0 41 36 3 3667 0 0 35 525 3 2667 0 0 33 75 1 5 1 35 51
4/4 524 0 1 0 0 29 75 3 1167 0 0 46 225 1 5 0 1 57 36 2 175 2 225 60 713 3 667 2 225 37 35 0 1 1 35 53 224 0 1 1 35 45 524 0 1 1 35 39
4/4 36 3 2917 0 0 51 224 3 333 3 667 47 35 2 225 2 75 38 524 2 75 2 75 33 713 2 75 0 2 54 525 0 1 2 325 44 75 0 1 2 325 49 524 3 667 3 3333 37 224 3 667 3 3333 43
4/4 525 0 1 0 0 30 75 0 1 0 0 50 524 3 1667 0 0 36 224 3 83 0 0 34 225 3 333 3 667 60 35 3 2333 3 1667 26 525 0 1 2 175 25 715 0 1 2 175 52 36 0 2 0 2 48 63 1 5 0 2 27 34 0 1 2 325 40 714 0 1 2 325 32
4/4 35 3 5667 0 0 22 525 0 1 0 0 43 715 0 1 0 0 50 36 3 3667 0 0 40 714 1 5 1 5 42 34 2 125 1 5 40 63 1 5 2 175 33 75 0 1 2 325 54 34 0 1 2 325 32 525 0 1 2 325 33 714 3 667 3 3333 31
4/4 75 0 1 0 0 47 34 0 1 0 0 45 525 0 1 0 0 40 714 3 833 0 0 44 225 1 5 0 1 48 35 0 1 0 3 21 65 2 75 2 325 24 75 0 1 2 325 43 36 0 1 2 325 51 32 3 667 3 3333 50
4/4 35 2 425 0 0 17 65 0 6 0 0 26 75 0 1 0 0 41 36 0 1 0 0 48 32 3 833 0 0 32 72 1 5 1 5 33 33 2 25 2 125 48 63 2 75 2 175 53 73 1 5 3 2333 47 34 2 25 0 3 53 64 3 333 3 3667 39
4/4 64 3 7667 0 0 42 74 3 3667 3 333 51 35 2 25 0 1 47 45 0 2 0 2 47 65 0 1 0 3 33
4/4 74 3 3667 0 0 35 45 2 75 0 0 35 65 0 1 0 0 28 75 1 5 3 333 25 36 3 333 3 3333 12
