4/4 33 0 1 1 25 30 54 0 1 1 25 31 74 0 1 1 25 36 23 1 15 1 25 37 45 2 125 2 275 47
4/4 33 0 1 0 0 30 54 0 1 0 0 31 74 0 1 0 0 36 23 1 5 0 0 37 45 0 1 0 0 47 13 0 1 2 125 44 35 0 1 2 125 56 55 0 1 1 25 59 73 0 1 1 25 43
4/4 613 0 1 0 1 46 45 0 1 0 1 64 63 0 1 0 2 39 14 0 1 0 2 44 54 0 1 0 2 37 15 0 1 0 2 46 55 2 175 2 225 43
4/4 63 0 1 0 0 39 14 0 1 0 0 44 55 2 75 0 0 43 44 0 1 3 667 45 75 3 1333 3 667 50 65 0 2 0 2 54 34 2 125 0 2 43
4/4 23 1 5 1 5 45 74 0 1 1 15 32 24 0 1 1 15 31 45 0 1 1 15 42 53 0 1 1 15 35 44 0 1 3 1667 43 75 0 1 3 1667 48 23 0 1 0 3 39
4/4 23 2 25 0 0 39 44 0 1 2 25 38 55 0 1 2 25 49 54 0 1 3 1667 39 35 0 1 3 1667 47 74 0 1 3 1667 46 13 3 2333 3 1667 37
4/4 13 3 667 0 0 37 74 1 5 2 25 57 74 0 1 3 1333 35 24 0 1 3 1333 42 75 0 1 3 1333 46 44 0 1 1 15 40 53 0 1 1 15 36 23 2 125 2 275 42 55 1 5 3 3333 50
4/4 75 0 1 0 0 48 44 0 1 0 0 42 24 0 1 0 0 55 23 1 5 0 0 42 55 2 25 3 667 51 54 2 225 3 1333 36 13 3 2667 3 1333 42 45 1 25 3 1333 52 74 0 1 3 1333 43 24 0 1 3 1333 44 35 0 1 2 275 46
4/4 13 3 667 0 0 42 24 2 25 0 1 54 613 1 25 1 15 39 14 2 175 1 15 51 54 1 15 1 15 47 44 2 125 2 275 35
4/4 54 1 5 0 0 42 63 1 25 1 15 43 74 0 1 1 15 47 34 0 1 1 15 48 13 2 125 2 275 32
4/4 13 2 25 0 0 32 64 3 333 2 25 49 54 3 1667 1 15 45 13 2 75 1 15 44 22 1 25 1 15 37 613 2 175 2 225 37 13 2 125 2 275 48 44 1 5 1 35 53
4/4 44 1 25 0 0 53 613 3 917 0 0 37 13 2 225 0 0 48 54 0 3 2 25 58 12 0 2 1 15 44 613 2 125 2 225 41 13 2 125 2 275 43 44 1 5 1 35 43
4/4 44 2 25 0 0 43 13 2 25 0 0 43 54 1 5 2 25 48 13 0 1 1 15 23 34 0 1 1 15 37 72 3 2333 3 1667 41 54 2 175 2 175 45 63 1 15 1 25 40 13 2 75 2 325 44
4/4 23 2 75 0 0 40 63 3 1167 0 0 40 72 3 917 0 0 41 13 2 125 0 0 44 34 2 75 2 75 45 54 2 25 1 15 40 43 1 15 1 25 25 72 1 15 1 25 20 63 3 1333 3 2667 31 23 0 1 0 3 23 44 0 1 0 3 34
4/4 43 0 4 0 0 25 72 2 375 0 0 20 63 0 3 0 0 31 23 0 1 0 0 23 44 0 1 0 0 34
4/4 43 3 167 0 0 25 73 0 1 3 2333 45 54 2 25 2 325 63
4/4 32 0 1 0 0 35 33 0 1 0 0 34 54 0 1 0 0 46 73 0 1 0 0 42 72 0 3 0 0 36 44 3 667 0 3 63 34 3 333 3 3667 60
4/4 32 3 2667 3 333 31 22 0 3 1 5 31 54 0 1 1 5 47 53 0 1 1 5 39 23 0 2 1 5 40 74 2 25 3 3333 64
4/4 12 0 1 3 667 34 32 0 1 3 667 27 13 0 1 3 667 32 53 0 1 3 667 32 13 0 1 3 667 32 54 2 325 2 75 39
4/4 54 0 3 0 0 39 73 0 1 2 125 37 53 0 1 2 125 29 72 3 2667 3 1333 30 32 3 2667 3 1333 26
4/4 72 3 583 0 0 30 74 1 5 2 25 72 13 0 1 3 1667 37 34 0 1 3 1667 38 64 0 1 3 1667 48 42 0 1 3 1667 36 33 0 1 3 1667 38
4/4 42 0 1 0 0 36 33 0 1 0 0 38 13 1 5 2 75 59 63 0 1 2 225 39 313 0 1 2 225 38 13 0 1 2 225 46 42 0 1 2 225 35
4/4 63 0 1 0 0 39 313 0 1 0 0 38 13 0 1 0 0 46 42 0 1 0 0 35 54 3 333 2 125 62 44 2 25 0 2 64 72 0 1 3 2667 37 63 0 1 3 2667 41 44 3 1333 3 2667 47 13 3 1333 3 2667 48
4/4 72 0 1 0 0 37 63 0 1 0 0 41 44 3 5167 0 0 47 13 3 333 0 0 48 43 2 175 2 25 33 13 2 75 1 15 43 23 0 1 0 3 37 73 0 1 0 3 33 72 0 1 0 3 27 43 0 1 0 3 29
4/4 23 0 1 0 0 37 73 0 1 0 0 33 72 0 1 0 0 27 43 2 175 0 0 29 73 1 5 2 225 52 54 2 25 0 3 67 33 2 25 2 375 33 54 0 1 2 375 38 73 0 1 2 375 41 53 0 1 2 375 37 72 2 25 2 375 34
4/4 32 2 325 0 0 33 33 3 3417 0 0 33 54 0 1 0 0 38 73 0 1 0 0 41 53 0 1 0 0 37 72 2 375 0 0 34 44 2 75 0 3 65 34 3 333 3 3667 67
4/4 34 3 167 0 0 67 73 0 1 2 25 38 23 0 1 2 25 44 22 2 325 3 333 35 54 0 1 3 333 54 32 0 1 3 333 35 74 3 333 3 3333 59
4/4 23 0 1 0 1 37 73 0 1 0 1 34 44 0 1 0 1 40 43 0 1 0 1 31 74 0 3 0 1 36 52 0 3 0 1 24
4/4 23 0 1 0 0 37 73 0 1 0 0 34 44 0 1 0 0 40 43 0 1 0 0 31 74 2 375 0 0 36 52 0 1 1 15 31 33 0 1 1 15 34 73 0 1 1 15 34 34 3 2333 3 1667 37
4/4 52 0 1 0 0 31 33 0 1 0 0 34 73 0 1 0 0 34 34 3 1333 0 0 37 74 1 5 3 667 65 63 0 1 0 2 34 34 0 1 0 2 45 64 0 1 0 2 57 42 0 1 0 2 36 33 0 1 0 2 36 54 1 5 1 35 62
4/4 54 0 1 0 0 62 42 0 1 0 0 36 33 0 1 0 0 36 13 1 5 0 1 52 43 0 1 1 25 32 13 0 1 1 25 30 72 0 1 1 25 36 63 0 1 1 25 40 54 0 1 1 25 44
4/4 43 0 1 0 0 32 13 0 1 0 0 30 72 0 1 0 0 36 63 0 1 0 0 40 54 0 1 0 0 44 44 1 5 1 15 48 34 2 25 2 225 58 12 0 1 0 3 36 32 0 1 0 3 33 33 0 1 0 3 35 34 0 1 0 3 45 63 0 1 0 3 41
4/4 12 0 1 0 0 36 32 0 1 0 0 33 33 0 1 0 0 35 34 2 325 0 0 45 63 3 1667 0 0 41 32 3 333 3 3667 40 63 3 333 3 3667 49
4/4 32 3 2167 0 0 40 63 3 917 0 0 49 712 2 275 3 333 38 73 2 75 0 1 51 43 2 75 1 25 36 63 3 333 2 325 42
4/4 53 1 15 0 0 39 33 0 1 0 0 36 32 1 25 0 0 35 72 3 2667 2 75 36 33 2 125 1 15 49 43 2 75 2 225 52 53 2 75 0 3 62 63 3 333 3 3667 64
4/4 63 3 417 0 0 64 11 0 1 1 5 31 33 0 1 1 5 36 62 0 1 1 5 34 72 0 1 1 5 38 43 0 1 2 225 31 33 0 1 2 225 35 62 0 1 2 225 32 42 0 1 2 225 29 71 0 1 2 225 27
4/4 42 0 1 0 0 29 71 0 1 0 0 27 73 3 2333 3 1667 50 54 3 333 3 2333 68 32 2 75 0 3 52 54 0 1 0 3 67 72 2 25 2 375 38
4/4 73 3 667 0 0 50 72 2 325 0 0 38 54 2 125 0 0 67 53 0 1 3 667 36 73 1 15 3 1333 60 44 2 75 0 2 64 34 1 5 3 2667 64 73 0 1 0 3 37 23 0 1 0 3 42 32 3 667 3 3333 46 54 3 667 3 3333 62
4/4 22 2 25 0 0 38 73 0 1 0 0 37 23 0 1 0 0 42 32 3 83 0 0 46 54 3 833 0 0 62 53 3 333 0 1 39 74 3 333 3 2333 50 73 0 1 1 35 29 13 0 1 1 35 34 32 2 25 2 375 42 54 2 25 2 375 51
4/4 73 0 1 0 0 29 13 0 1 0 0 34 32 2 75 0 0 42 54 2 175 0 0 51 12 2 275 1 5 43 53 3 1333 2 125 49 13 2 75 3 2667 43
4/4 73 3 1667 0 0 41 32 0 1 2 25 40 72 3 667 0 1 46 22 3 667 3 1667 55 53 1 5 3 2333 59 73 2 75 0 3 70 22 0 1 0 3 54 32 0 1 3 3667 52 74 0 1 3 3667 60
4/4 13 0 1 2 25 49 34 0 1 2 25 51 42 2 75 1 5 54 64 2 175 1 5 63 12 2 275 2 125 43 63 0 1 0 2 47 13 3 667 2 325 62
4/4 12 2 25 0 0 43 63 0 1 3 667 51 13 0 1 3 667 55 42 0 1 2 75 39 12 0 2 1 15 43 313 3 1333 2 225 43 63 0 1 0 3 53 54 3 333 3 3667 63
4/4 44 2 25 3 333 58 63 0 1 2 75 39 13 0 1 2 75 45 44 1 15 0 1 54 72 3 2333 0 1 42 43 0 2 2 175 38 63 1 15 1 25 49
4/4 13 3 667 0 0 51 223 3 333 3 667 57 43 0 1 2 125 37 63 0 1 2 125 43 71 0 1 1 15 38 23 0 1 1 15 50 42 1 5 2 225 47 22 3 667 0 3 52 43 3 333 3 3667 51
4/4 43 3 417 0 0 51 73 1 5 1 5 50 74 0 1 1 5 58 55 1 5 2 125 65 54 0 2 2 175 45 74 0 2 0 2 52 32 0 1 0 2 52 55 1 15 0 2 59 72 0 1 2 275 47 43 3 333 1 35 40
4/4 74 3 333 0 0 52 53 0 1 2 25 42 45 3 667 0 1 67 35 3 667 3 1667 70 54 2 175 0 2 53 24 2 175 2 225 54 55 3 1667 3 2333 62 32 3 667 3 2333 50 22 3 667 2 325 52 53 2 25 2 375 57
4/4 55 3 667 0 0 62 53 1 5 0 0 57 24 2 125 0 0 54 73 0 1 1 5 60 75 2 75 2 125 70 23 3 333 2 125 54 74 3 333 0 2 60 74 0 1 3 2333 51 24 0 1 3 2333 51 45 0 1 3 2667 57 75 0 1 3 2667 68 52 2 75 2 275 54 22 1 5 1 35 47
4/4 74 0 1 0 0 51 24 0 1 0 0 51 45 0 1 0 0 57 75 0 1 0 0 68 73 1 5 2 25 48 23 2 75 0 1 46 44 3 333 3 1667 42 74 2 25 3 2333 50 44 0 1 0 3 44 74 0 1 0 3 44 35 0 1 0 3 49 52 2 75 2 325 41
4/4 33 2 75 0 0 42 44 0 1 0 0 44 74 0 1 0 0 44 35 0 1 0 0 49 73 3 1333 3 667 38 24 0 1 3 667 45 74 2 75 2 225 61 13 0 1 3 3333 43 34 0 1 3 3333 46 42 3 333 3 3667 49 64 3 333 3 3667 64
4/4 13 0 1 0 0 43 34 0 1 0 0 46 42 3 417 0 0 49 64 0 1 0 0 64 12 3 333 1 5 49 54 0 1 2 125 58 63 0 1 2 125 51 13 0 1 1 25 52 12 0 1 1 25 49 42 2 75 2 325 52 63 3 333 3 3667 47 13 0 1 2 375 47 34 0 1 2 375 54 54 0 1 2 375 60
4/4 71 2 75 0 0 56 63 3 1917 0 0 47 13 0 1 0 0 47 34 0 1 0 0 54 54 0 1 0 0 60 42 2 25 2 75 43 33 1 15 1 15 44 63 1 15 2 225 55 44 0 1 0 3 57 22 0 1 0 3 40 34 2 25 2 375 49
4/4 63 1 15 1 5 49 32 2 125 1 5 43 34 2 225 1 5 49 12 0 2 2 125 44 33 2 125 0 2 56 63 2 75 3 2667 64 73 3 667 3 3333 70
4/4 34 0 3 0 0 59 73 3 83 0 0 70 72 0 1 2 75 35 53 0 1 2 75 46 32 0 1 2 75 37 63 0 1 3 2333 65 33 0 1 3 2333 65 12 0 1 3 2333 53 42 0 1 3 2333 52 73 0 1 2 375 72 43 0 1 2 375 64 33 0 1 2 375 64
4/4 52 3 1333 0 0 52 73 0 1 0 0 72 43 0 1 0 0 64 33 0 1 0 0 64 12 0 1 2 125 52 33 0 1 2 125 49 53 0 1 2 125 59 61 2 75 1 15 54 13 3 1333 1 15 68 32 1 5 2 225 48 12 3 667 0 3 53 33 3 333 3 3667 49
4/4 33 3 917 0 0 49 63 3 333 3 333 46 14 2 75 3 333 67 13 2 25 2 125 53 23 0 1 2 175 54 44 0 1 2 175 62 61 0 1 2 175 53 14 2 175 0 2 72 42 3 333 3 2667 49 23 3 667 3 3333 72 22 1 5 3 3333 49
4/4 23 3 833 0 0 72 43 2 25 2 25 49 34 3 667 2 75 74 73 2 25 0 1 53 73 0 2 0 2 47 23 0 1 0 2 53 44 0 1 0 2 53 51 2 75 3 2333 53 74 3 1667 3 2333 60 21 1 5 0 3 51 72 2 25 2 375 45
4/4 73 2 125 0 0 47 23 0 1 0 0 53 44 0 1 0 0 53 72 2 25 0 0 45 74 3 1583 0 0 60 22 2 75 1 5 48 43 3 333 2 125 48 73 0 2 0 2 56 33 0 1 2 275 38 52 0 1 2 275 33 72 0 1 2 275 39 34 0 1 2 275 50 43 0 1 2 275 33
4/4 73 2 25 0 0 56 73 0 1 1 15 68 51 0 1 1 15 49 72 2 25 3 2333 65 12 0 1 2 275 56 33 0 1 2 275 57 41 0 1 0 3 61 73 0 1 0 3 74 11 2 25 2 375 50
4/4 11 3 83 0 0 50 63 2 75 1 5 74 62 2 25 1 5 54 12 1 5 2 125 52 53 2 75 0 2 72 33 3 333 0 2 70 41 1 5 3 2667 48 62 0 1 0 3 53 12 0 1 0 3 53 43 3 667 3 3333 68 71 3 667 3 3333 62
4/4 42 3 1333 0 0 55 62 0 1 0 0 53 12 0 1 0 0 53 43 3 333 0 0 68 71 3 1583 0 0 62 53 0 1 2 75 70 33 0 1 2 75 67 62 2 25 1 15 53 62 0 1 2 225 32 712 0 1 2 225 43 22 0 1 2 225 52 71 0 1 2 225 36 63 0 1 2 225 52 72 0 1 3 3667 52 33 0 1 3 3667 55 43 0 1 3 3667 62 51 0 1 3 3667 53 73 2 25 2 375 65
4/4 72 0 1 0 0 52 33 0 1 0 0 55 43 0 1 0 0 62 51 0 1 0 0 53 73 2 75 0 0 65 32 3 667 3 667 62 72 1 5 2 125 65 33 0 1 0 2 61 73 0 1 0 2 72 34 3 333 2 275 84 23 3 333 3 3333 84
4/4 53 0 1 0 0 59 73 0 1 0 0 62 223 0 1 0 0 73 31 2 75 2 25 64 32 3 333 0 1 65 52 2 75 3 1667 67 72 3 667 3 2333 68 34 2 75 2 325 84 33 1 5 2 325 63
4/4 53 2 25 0 0 57 14 3 333 0 0 72 34 2 25 0 0 84 13 0 1 3 333 46 34 0 1 3 333 51 54 0 1 3 333 67 14 2 325 3 667 77 61 2 75 3 667 58 32 1 5 3 1333 50 12 1 5 0 2 43 33 3 333 2 275 48 34 3 333 3 3667 77 73 2 25 3 3667 55
4/4 34 3 417 0 0 77 13 2 25 2 25 64 23 3 1667 2 75 65 44 2 175 0 1 64 61 0 1 0 1 59 14 0 1 0 1 78 42 3 333 2 175 53 24 0 1 3 2333 74 22 0 1 3 2333 54 23 2 75 0 3 56 43 1 5 2 325 47 14 2 25 2 375 72 73 2 25 2 375 51
4/4 14 2 25 0 0 72 73 0 2 0 1 49 23 0 1 0 1 57 44 0 1 0 1 57 51 0 1 0 1 54 74 0 2 3 1333 72 21 1 5 0 2 54 23 2 125 2 275 70 72 1 5 2 275 52 22 1 5 1 35 44
4/4 22 2 25 0 0 44 23 3 417 0 0 70 34 0 1 2 25 64 43 0 1 2 25 41 73 2 25 0 1 47 73 0 1 3 1667 28 34 0 1 3 1667 49 12 0 1 2 175 33 53 0 1 2 175 35 34 0 1 2 175 49 74 0 1 2 175 55
4/4 223 0 1 2 75 51 14 0 1 2 75 57 314 0 1 2 75 51 313 0 1 2 75 37 54 0 1 2 75 51 13 0 1 2 225 46 34 0 1 2 225 53 43 1 15 1 25 41 64 1 15 1 25 65
4/4 74 3 667 0 0 72 43 3 1833 0 0 41 14 1 5 1 15 64 42 0 1 3 2667 32 313 0 1 3 2667 33 13 0 1 0 3 45 314 0 1 0 3 46 64 2 75 2 325 46 14 2 75 2 325 64
4/4 42 0 1 0 0 32 313 0 1 0 0 33 13 0 1 0 0 45 314 0 1 0 0 46 64 3 917 0 0 46 74 3 333 2 75 58 64 3 333 3 2333 53
4/4 63 0 1 0 0 36 72 0 1 0 0 35 23 0 1 0 0 42 54 0 1 0 0 46 72 0 1 0 0 35 524 1 5 3 3333 43
4/4 43 0 3 0 1 26 72 0 3 0 1 22 63 0 1 0 1 29 13 0 1 0 1 23 44 0 1 0 1 39 74 3 333 2 275 36 75 2 25 0 3 49
4/4 43 2 225 0 0 26 72 2 175 0 0 22 73 1 15 1 25 38 54 3 333 3 3333 44
4/4 32 2 125 0 0 43 73 3 1833 0 0 38 54 2 225 2 25 48 72 3 1667 0 1 36 53 2 75 2 175 39 73 2 75 1 25 59 44 2 75 2 325 70
4/4 34 1 5 0 0 67 53 0 1 1 5 41 73 0 1 1 5 51 23 0 1 3 667 51 54 0 1 3 667 64 32 0 1 2 75 48 22 3 333 1 15 46 53 3 1333 2 225 56 74 3 333 3 3667 63
4/4 53 0 1 0 1 35 32 0 1 0 1 39 13 3 1667 0 1 46 54 2 225 2 125 42 12 2 225 2 175 41 53 3 1333 3 2667 44
4/4 13 2 75 0 0 43 53 3 167 0 0 44 12 2 25 0 0 41 73 3 2333 3 1667 45 32 0 1 3 1667 38 72 3 1667 3 2333 44 43 1 5 0 3 54 53 2 25 2 375 62
4/4 73 3 667 0 0 45 53 3 417 0 0 62 72 3 83 0 0 44 34 0 1 3 667 70 72 0 1 3 667 59 74 0 1 3 1333 77 32 0 1 3 1333 50 63 2 225 2 175 55 34 0 1 0 2 65 64 0 1 0 2 70 41 2 75 0 2 55 11 1 5 2 275 52 62 1 5 1 35 40
4/4 63 2 75 0 0 55 12 2 75 2 25 45 13 0 1 0 1 58 33 0 1 0 1 40 53 2 25 2 175 45 313 0 1 1 25 38 42 0 1 1 25 38 13 0 1 1 25 47 63 0 1 1 25 44
4/4 313 0 1 0 0 38 42 0 1 0 0 38 13 0 1 0 0 47 63 0 1 0 0 44 63 0 1 2 75 63 12 0 1 1 15 44 54 0 1 1 15 70 44 3 333 2 225 68 63 0 1 3 2667 49 13 0 1 3 2667 51 44 0 1 0 3 60 71 2 75 0 3 47 42 3 333 3 3667 46
4/4 63 0 1 0 0 49 13 0 1 0 0 51 44 2 225 0 0 60 42 3 167 0 0 46 12 3 333 1 5 43 33 1 15 2 125 44 13 2 75 0 2 52 63 2 25 3 2667 47 63 0 1 1 35 35 43 0 1 1 35 38 23 0 1 1 35 42 72 1 5 1 35 34
4/4 63 0 1 0 0 35 43 0 1 0 0 38 23 0 1 0 0 42 72 1 5 0 0 34 71 2 175 0 1 40 72 0 1 1 25 53 53 3 333 3 3333 64
4/4 72 3 1333 0 0 36 53 0 3 0 0 49 31 0 1 0 0 46 71 3 667 0 1 44 52 2 75 3 1667 49 72 3 667 3 2333 61 52 1 5 0 3 55 43 2 75 0 3 61 71 2 25 2 375 55 33 2 25 2 375 58
4/4 71 2 25 0 0 55 72 3 1333 2 25 56 22 0 1 3 333 59 53 0 1 3 333 70 31 2 75 1 5 57 21 2 75 2 125 54 52 1 5 0 2 49 72 2 75 2 275 46 22 2 25 1 35 44 73 1 5 1 35 65
4/4 73 2 25 0 0 65 22 2 25 2 25 49 72 0 1 2 75 42 22 0 1 2 75 49 51 0 1 2 75 49 43 0 1 0 1 53 73 0 1 0 1 62 21 3 333 3 1667 51 72 3 667 3 2333 50 22 2 75 2 325 39
4/4 43 3 667 0 0 41 22 2 25 0 0 39 73 2 25 3 667 46 52 3 2667 3 1333 32 33 0 1 1 15 33 73 0 1 1 15 34 43 0 1 1 15 31 73 0 1 1 15 34 34 2 175 2 175 47
4/4 52 3 1333 0 0 32 74 1 5 2 75 70 22 2 125 2 75 49 63 0 1 2 225 36 34 0 1 2 225 51 42 0 1 2 225 58 64 2 125 1 25 64 12 2 75 2 325 52
4/4 54 1 15 0 0 80 63 3 667 0 0 53 12 2 75 3 667 43 42 1 5 1 15 48 13 2 75 1 15 53 12 0 1 2 225 36 63 0 1 2 225 44 63 0 1 0 3 32 54 0 1 0 3 52 13 0 1 0 3 36 43 0 1 0 3 35 72 0 1 0 3 39
4/4 63 0 1 0 0 32 54 0 1 0 0 52 13 1 15 0 0 36 71 2 225 3 667 36 44 3 667 2 225 40 34 0 1 3 3667 39 64 0 1 3 3667 39 714 0 1 3 3667 34
4/4 61 0 1 0 0 42 35 0 1 0 0 53 34 0 1 0 0 39 64 0 1 0 0 39 714 0 1 0 0 34 32 1 5 2 75 49 224 0 1 1 15 70 74 0 1 1 15 68 72 0 1 1 15 46 712 0 1 2 225 63 34 0 1 2 225 68 714 0 1 0 3 78 64 0 1 0 3 70 33 0 1 0 3 63 712 3 333 3 3667 63
4/4 712 3 417 0 0 63 33 0 1 3 333 50 74 0 1 3 333 65 524 0 1 3 333 67 73 2 75 0 1 45 64 0 1 0 2 55 44 0 1 0 2 52 713 3 333 0 2 41 712 0 1 1 35 34 74 0 1 1 35 54 33 0 1 1 35 37
4/4 32 0 1 2 125 31 72 0 1 2 125 35 33 0 1 2 125 33 53 0 1 1 15 32 73 0 1 1 15 36 54 0 1 1 15 38
4/4 32 0 1 0 0 31 72 0 1 0 0 35 33 0 1 0 0 33 53 0 1 0 0 32 73 0 1 0 0 36 54 0 1 0 0 38 13 3 667 0 3 65
4/4 23 2 75 3 333 72 34 2 75 3 1667 74 54 0 1 0 3 74 42 0 1 0 3 58
4/4 54 0 1 0 0 74 42 0 1 0 0 58 13 0 1 3 333 60 63 0 1 3 333 59 33 0 1 3 333 48 12 3 1667 3 333 48 54 0 1 2 175 78 42 0 1 2 175 55 53 0 1 2 275 55 713 0 1 2 275 54 44 0 1 2 275 74 52 0 1 0 3 59
4/4 34 0 1 3 333 64 713 0 1 3 333 65 43 0 1 3 333 49 53 0 1 3 333 64 22 0 1 3 333 47 23 0 1 2 175 68 52 0 1 2 175 44 53 0 1 0 3 62 33 0 1 0 3 50 22 0 1 0 3 41 11 0 1 0 3 47 22 0 1 0 3 41
4/4 53 0 1 0 0 62 33 0 1 0 0 50 22 0 1 0 0 41 11 0 1 0 0 47 22 0 1 0 0 41 52 0 1 1 5 47 22 2 25 2 175 52 13 0 1 2 325 47 33 0 1 2 325 38 53 0 1 2 325 36 33 0 1 2 325 38 22 2 25 3 3333 39
4/4 13 0 1 0 0 47 33 0 1 0 0 38 53 0 1 0 0 36 33 0 1 0 0 38 13 2 125 3 1333 68 222 0 1 0 2 54 53 0 1 0 2 55 72 0 1 0 2 53 33 0 1 0 2 52 34 0 1 0 2 68 44 1 5 2 275 70 13 2 75 2 325 65 34 0 1 3 3333 64 54 0 1 3 3333 70 62 1 5 1 35 64
4/4 13 0 2 0 0 65 34 0 1 0 0 64 54 0 1 0 0 70 62 2 25 0 0 64 12 2 75 2 25 62 33 0 2 2 75 55 73 2 75 1 15 45 74 3 667 2 225 64 74 1 5 1 35 61 23 1 5 1 35 70 72 1 5 1 35 63
4/4 74 1 15 0 0 61 23 0 1 0 0 70 72 1 5 0 0 63 43 0 2 2 25 64 13 2 75 0 1 65 23 1 15 1 15 72 14 2 75 2 225 64 72 1 5 2 225 48 73 0 1 3 3667 63 23 0 1 3 3667 53 44 0 1 3 3667 60 52 3 333 3 3667 49
4/4 73 0 1 0 0 63 23 0 1 0 0 53 44 0 1 0 0 60 52 3 1167 0 0 49 72 2 75 2 25 62 22 2 75 0 1 74 43 2 75 1 15 73 23 0 1 2 225 61 22 0 1 2 225 67 72 2 25 2 275 61 73 1 5 2 275 64 13 0 1 1 35 64 11 0 1 1 35 70 53 0 1 1 35 56 33 0 1 1 35 56
4/4 52 1 5 2 25 67 23 0 1 0 1 77 12 0 1 0 1 63 34 1 5 1 15 83 54 1 5 2 225 78 74 1 5 0 3 78 34 0 1 3 3333 57 54 0 1 3 3333 65 611 1 5 1 35 61 24 1 5 1 35 65
4/4 611 3 167 0 0 61 34 0 1 0 0 57 54 0 1 0 0 65 24 1 15 0 0 65 52 2 75 2 25 55 12 1 5 0 1 61 33 2 75 1 15 54 53 3 333 2 225 54 14 2 75 2 225 68 34 2 25 0 3 48 713 0 1 1 35 62 34 0 1 1 35 55 524 0 1 1 35 67 74 0 1 1 35 68 61 3 333 3 3667 61
4/4 713 0 1 0 0 62 34 0 1 0 0 55 524 0 1 0 0 67 74 0 1 0 0 68 61 3 417 0 0 61 32 1 5 3 333 65 72 3 333 0 1 62 712 2 125 3 1667 64 713 2 75 3 1667 66 614 0 1 3 2333 75 523 0 1 3 2333 59 74 1 5 0 3 83 23 0 1 1 35 63 44 0 1 1 35 62 51 2 25 2 375 71 14 2 25 2 375 74
4/4 23 0 1 0 0 63 44 0 1 0 0 62 51 1 5 0 0 71 14 0 1 0 0 74 21 1 5 3 333 62 72 3 333 0 1 61 22 1 5 2 175 44 74 0 1 1 25 60 43 0 1 1 25 44 23 2 75 1 25 59 73 2 25 2 325 48 522 0 1 2 375 42 12 0 1 2 375 37
4/4 33 0 1 0 0 44 63 0 1 0 0 57 522 0 1 0 0 42 12 0 1 0 0 37 64 3 2333 1 5 70 54 2 75 2 325 70
4/4 63 1 25 1 5 40 713 0 1 3 667 41 34 0 1 3 667 47 524 0 1 3 667 61 42 1 15 2 75 48 712 1 15 2 225 38 33 2 25 3 3667 42
4/4 713 0 1 2 75 36 63 0 1 2 75 32 34 0 1 2 75 38 64 0 1 2 125 34 714 0 1 2 125 43 45 1 25 1 15 43
4/4 64 0 1 0 0 34 714 0 1 0 0 43 45 3 167 0 0 43 63 1 5 1 35 43 713 0 1 2 375 42 524 0 1 2 375 58 23 2 25 2 375 44
4/4 71 0 1 0 0 44 63 2 275 0 0 43 713 0 1 0 0 42 524 0 1 0 0 58 23 2 375 0 0 44 42 3 667 2 75 48 712 2 25 3 1333 48 22 0 1 0 2 57 43 0 1 0 3 42 63 2 25 2 375 40
4/4 63 2 25 0 0 40 72 3 3333 3 667 27 43 3 3333 3 667 32 63 0 1 2 75 36 713 0 1 2 75 36 44 0 1 2 75 38 74 3 1333 3 2667 34 75 2 125 2 275 33
4/4 72 3 3417 0 0 27 43 0 4 0 0 32 74 3 1417 0 0 34 75 2 75 0 0 33 74 1 5 1 35 47
4/4 74 1 5 0 0 47 55 3 333 2 25 63 73 0 1 0 1 34 33 0 1 0 1 25 44 0 2 2 125 25 54 2 275 2 125 38 55 3 2667 3 1333 41
4/4 54 3 583 0 0 38 55 3 333 0 0 41 45 2 75 2 25 64 35 3 333 2 75 72 54 0 1 3 1333 30 33 0 1 3 1333 27 24 0 1 3 1333 42 23 0 1 1 15 34 24 0 1 1 15 42 55 1 15 3 1667 42
4/4 75 2 25 1 5 59 13 0 1 0 2 27 14 0 1 0 2 40 54 0 1 0 2 30 55 0 1 0 2 30 33 0 1 0 2 25 14 0 1 0 2 40
4/4 13 0 1 0 0 27 14 0 1 0 0 40 54 0 1 0 0 30 55 0 1 0 0 30 33 0 1 0 0 25 14 0 1 0 0 40 73 1 15 1 25 31 33 3 1333 3 2667 25 74 3 1333 3 2667 29
4/4 73 0 1 0 0 31 33 3 667 0 0 25 74 3 333 0 0 29 75 3 333 1 15 66 65 0 1 0 3 40 64 0 1 0 3 37 34 0 1 0 3 34 43 0 1 0 3 34
4/4 65 2 75 0 0 40 64 0 1 0 0 37 34 0 1 0 0 34 43 0 1 0 0 34 14 1 5 0 2 64 314 0 1 2 325 30 43 0 1 2 325 34 14 0 1 2 325 45 64 3 667 3 3333 35
4/4 314 0 1 0 0 30 43 0 1 0 0 34 14 0 1 0 0 45 64 3 1333 0 0 35 55 3 333 0 2 59 45 3 333 2 275 63 64 0 1 1 35 32 73 0 1 1 35 35 44 0 1 1 35 30 14 3 333 3 3667 38 45 2 25 2 375 44
4/4 64 0 1 0 0 32 73 0 1 0 0 35 44 0 1 0 0 30 14 3 1667 0 0 38 45 2 275 0 0 44 14 3 667 1 25 45 224 2 25 3 3333 45
4/4 44 0 1 0 0 33 64 0 1 0 0 37 73 3 3667 2 25 32 24 2 75 2 25 40 74 2 75 3 1667 40 74 1 5 2 325 53
4/4 55 3 333 0 0 55 55 3 2333 0 1 41 33 0 1 0 1 33 54 1 15 0 1 37 73 2 25 2 175 39 44 2 75 1 25 47 54 1 5 2 325 62 45 2 25 2 375 65
4/4 45 1 5 0 0 65 35 1 5 1 5 63 74 3 1667 0 1 35 24 2 275 2 125 45 33 2 75 2 125 35 55 2 175 2 125 56 23 2 25 0 2 42 54 0 1 3 2667 45
4/4 75 3 333 0 0 41 24 2 25 0 0 45 74 2 175 2 125 37 24 3 2667 3 1333 38 75 0 2 1 15 45 53 0 1 1 15 38 23 2 175 2 225 41 44 0 1 0 3 42
4/4 44 2 25 0 0 42 24 3 333 0 0 38 23 2 75 0 0 41 74 3 333 1 5 48 44 0 1 3 1667 34 74 0 1 2 175 31 35 0 1 2 175 39 53 0 2 0 2 36 34 3 1333 3 2667 39 24 0 1 3 3333 53 44 0 1 3 3333 58
4/4 35 2 25 2 75 65 75 2 25 1 15 51 14 0 1 0 2 36 35 0 1 0 2 39 43 0 1 2 225 39 65 0 1 2 225 45 13 2 25 0 3 41 55 2 25 2 375 50 64 2 25 2 375 38
4/4 55 3 1083 0 0 50 14 3 333 3 1333 36 64 1 15 1 25 31 14 0 1 1 25 37 55 0 1 1 25 43 72 2 75 3 2667 37 43 2 25 1 35 38
4/4 64 1 5 0 0 31 14 0 1 0 0 37 55 0 1 0 0 43 13 1 5 2 25 47 34 3 667 0 1 47 45 0 1 3 1667 57 23 0 1 3 1667 41 35 2 25 3 2333 52 35 0 1 0 3 49 54 0 1 0 3 45 32 2 75 2 325 41 72 2 25 2 375 43
4/4 35 0 1 0 0 49 54 0 1 0 0 45 72 2 25 0 0 43 43 3 667 3 667 41 53 2 75 2 125 44 73 2 75 0 2 42 34 2 25 2 275 40 54 0 1 1 35 33 33 0 1 1 35 36 73 0 1 1 35 38 74 0 1 1 35 37 55 0 1 1 35 40
4/4 54 0 1 0 0 33 33 0 1 0 0 36 73 0 1 0 0 38 74 0 1 0 0 37 55 0 1 0 0 40 64 0 1 0 1 38 14 0 1 0 1 50 34 0 1 0 1 42 43 0 1 0 1 42 65 0 1 0 1 59 74 0 1 1 25 39 44 0 1 1 25 38 53 0 1 1 25 39 35 0 1 1 25 40 75 0 1 1 25 45
4/4 14 0 1 0 0 46 35 0 1 0 0 48 55 0 1 2 25 50 15 0 1 2 25 52 62 2 75 2 25 49 33 3 667 0 1 44 13 2 75 3 1667 40 35 1 5 2 325 68
4/4 44 0 1 2 25 39 74 0 1 2 25 46 35 1 15 1 5 58 62 2 75 1 5 40 43 2 25 2 125 43 24 1 5 0 2 53 23 2 25 0 2 44 35 1 5 1 35 58
4/4 74 2 225 2 75 35 24 0 1 2 75 37 45 0 1 2 75 44 75 0 1 2 75 41 52 2 75 0 1 42 22 3 333 2 175 39 73 1 15 1 25 40
4/4 74 3 333 0 0 41 44 0 1 2 125 34 74 0 1 2 125 34 52 2 75 1 15 37 35 3 1333 1 15 47 33 1 5 2 225 45 73 3 667 0 3 51 34 3 333 3 3667 47
4/4 34 3 167 0 0 47 75 0 1 1 5 56 54 0 1 1 5 46 14 1 15 2 175 39 35 3 1667 0 2 42 42 0 1 0 2 43 75 0 1 0 2 54 12 3 333 2 275 48 65 0 1 1 35 62 63 0 1 1 35 46
4/4 13 1 5 2 25 43 55 0 1 0 1 53 14 0 1 0 1 54 64 0 1 2 225 36 14 0 1 2 225 40 72 0 1 3 2333 44 45 0 1 3 2333 54 43 2 25 2 325 41
4/4 23 2 25 0 0 42 55 2 75 0 0 51 64 3 667 3 667 45 65 3 333 3 1333 51 74 0 1 3 2667 30 24 0 1 3 2667 37 52 0 1 2 275 39 45 0 1 2 275 45 75 0 1 2 275 45 33 3 333 3 3667 46
4/4 35 2 75 3 333 60 73 2 25 3 333 50 34 1 5 0 1 45 44 2 75 2 175 48 24 2 25 1 25 51 34 0 1 0 3 39 54 0 1 0 3 47 32 3 667 3 3333 40 224 3 667 3 3333 45
4/4 72 3 333 0 0 45 34 0 1 0 0 39 54 0 1 0 0 47 32 3 83 0 0 40 224 3 333 0 0 45 53 2 75 2 75 43 73 2 75 1 15 49 34 0 1 2 225 53 33 0 1 2 225 38 13 1 5 1 35 36 34 0 1 3 3667 40 54 0 1 3 3667 47 61 2 25 2 375 44
4/4 14 2 325 0 0 55 13 2 225 0 0 36 34 0 1 0 0 40 54 0 1 0 0 47 61 2 75 0 0 44 32 3 667 3 667 47 12 1 5 3 1333 41 33 2 75 2 225 35 73 0 1 0 3 35 34 0 1 0 3 48
4/4 44 2 175 3 333 58 14 0 1 3 333 60 62 0 1 3 333 48 43 1 5 2 125 42 13 2 25 0 2 39 24 3 667 0 2 60 23 1 5 3 2667 44 44 0 1 1 35 49 14 0 1 1 35 52
4/4 73 0 1 3 667 37 23 0 1 3 667 40 44 0 1 3 667 48 51 2 75 0 1 44 74 2 175 0 1 51 21 1 5 2 175 49 72 1 5 1 25 40 23 2 75 1 25 55 22 2 75 2 325 45
4/4 43 0 1 0 0 38 34 0 1 0 0 53 53 0 1 1 15 34 74 0 1 1 15 41 34 0 1 1 15 40 12 0 1 1 15 35 73 0 1 1 15 39
4/4 223 0 1 1 5 37 314 0 1 1 5 37 54 0 1 1 5 45 313 0 1 1 5 40 14 0 1 1 5 51 13 0 1 0 2 38 34 0 1 0 2 45 42 0 1 3 2333 38 64 0 1 3 2333 53 12 2 25 2 375 39 74 2 25 2 375 52
4/4 12 1 5 0 0 39 74 3 83 0 0 52 14 0 1 2 125 53 63 0 1 2 125 45 43 0 1 1 25 33 13 0 1 1 25 34 314 2 125 2 275 41 64 0 1 2 275 43 35 0 1 2 275 51
4/4 43 0 1 0 0 33 13 0 1 0 0 34 314 2 175 0 0 41 14 0 1 1 5 55 64 3 667 2 225 46
4/4 34 2 375 0 0 44 63 0 1 0 0 34 54 0 1 0 0 38 72 0 1 0 0 27 524 1 5 1 35 40
4/4 43 0 3 0 1 24 72 0 1 0 1 22 63 0 1 0 1 22 44 0 1 0 1 40 13 2 275 2 125 18
4/4 43 3 1667 0 0 24 72 0 1 0 0 22 63 0 1 0 0 22 44 0 1 0 0 40 13 1 5 0 0 18 73 0 1 0 2 48 54 2 25 2 275 58 54 3 333 3 3667 51 32 2 25 2 375 37
4/4 54 3 2917 0 0 51 32 1 5 0 0 37 72 1 35 1 5 38 53 0 1 2 125 40 73 3 1667 0 2 49 44 0 1 2 275 56 34 1 5 1 35 58
4/4 73 2 325 0 0 34 23 3 3333 2 25 42 54 0 2 2 25 55 32 0 1 2 25 38 22 2 25 0 1 38 53 2 125 2 175 40 74 3 333 1 35 57
4/4 73 3 2333 2 75 35 13 2 325 2 75 37 32 2 75 0 1 33 54 0 3 0 1 48 12 2 225 2 175 33 53 3 1333 3 2667 41
4/4 13 2 25 0 0 37 12 3 417 0 0 33 54 2 375 0 0 48 53 3 333 0 0 41 73 2 175 2 175 41 32 0 1 2 175 38 72 1 15 1 25 38 53 3 667 3 3333 48
4/4 53 3 667 0 0 48 72 3 1833 0 0 38 73 0 1 0 1 62 74 2 25 2 175 64 63 0 1 3 2333 44 42 0 1 3 2333 40 34 0 1 1 25 48 64 0 1 1 25 54 12 3 667 3 3333 38
4/4 12 3 2667 0 0 38 34 0 1 0 0 48 64 0 1 0 0 54 63 0 1 2 25 37 13 2 75 2 175 49 13 3 667 3 3333 47 63 3 667 3 3333 46 42 1 5 1 35 37
4/4 13 3 2583 0 0 47 63 3 833 0 0 46 42 1 5 0 0 37 12 0 3 2 25 38 313 1 15 0 1 42 63 1 15 3 1667 60 54 2 75 1 25 62 44 2 25 2 325 55
4/4 44 0 2 0 0 49 13 3 1667 0 0 41 63 0 1 0 0 46 72 1 35 0 0 39 43 3 2333 2 75 38 63 2 175 2 175 38 13 1 5 1 35 41
4/4 43 0 1 2 75 31 63 0 1 2 75 36 71 2 75 0 1 37 23 2 125 2 125 46 42 2 75 0 2 38 22 2 75 2 275 41 43 1 5 1 35 38
4/4 43 2 25 0 0 38 74 2 75 2 25 51 73 1 5 3 333 38 55 3 333 0 1 61 54 2 225 2 175 43 32 0 1 2 175 43 55 0 2 0 2 45 72 3 667 3 2667 43 53 3 667 3 3333 37
4/4 54 1 5 0 0 43 53 3 83 0 0 37 55 3 333 0 0 45 45 1 5 0 1 59 35 1 5 2 175 68 54 2 175 2 225 44 24 0 1 1 25 51 55 0 1 1 25 59 32 3 667 1 25 43 22 2 25 3 3333 43
4/4 73 2 125 0 0 42 54 2 25 0 0 44 24 0 1 0 0 51 55 0 1 0 0 59 75 1 5 2 175 59 74 0 1 0 3 29 24 0 1 0 3 36 45 0 1 0 3 47 75 3 667 3 3333 44 52 3 667 3 3333 38
4/4 22 1 5 0 0 41 74 0 1 0 0 29 24 0 1 0 0 36 45 0 1 0 0 47 75 3 1333 0 0 44 73 3 1667 0 1 33 44 2 75 1 25 40 44 0 1 2 375 32 74 0 1 2 375 36
4/4 52 0 1 0 0 37 35 0 1 0 0 45 44 0 1 0 0 32 74 0 1 0 0 36 33 1 25 0 1 39 24 0 1 3 1667 41 73 0 1 3 1667 34 74 1 5 1 35 41
4/4 74 1 5 0 0 41 63 0 1 2 75 44 13 0 1 2 75 49 42 0 1 0 1 46 64 0 1 0 1 53 12 2 75 0 2 40 33 2 25 2 275 41 54 2 125 2 275 59
4/4 54 3 417 0 0 59 13 1 5 3 333 56 63 2 225 2 175 39 13 2 225 2 175 39 54 3 1333 0 2 53 71 2 75 0 2 38 42 3 333 0 3 38 44 2 25 2 375 39
4/4 22 1 25 0 0 27 13 3 83 0 0 39 44 2 125 0 0 39 74 1 5 1 25 74 13 0 1 0 3 40 34 0 1 0 3 48 54 0 1 0 3 56 61 3 667 3 3333 45 14 1 5 1 35 68
4/4 61 3 83 0 0 45 14 2 75 0 0 68 32 1 5 2 25 49 64 3 667 0 1 67 12 3 333 0 1 41 54 0 1 3 2667 59 33 0 1 3 2667 41 13 2 25 3 3333 51
4/4 63 0 1 0 0 36 13 0 1 0 0 42 54 0 1 0 0 49 71 2 75 2 25 43 42 3 333 0 1 39 44 2 175 0 2 44 22 2 75 0 2 35
4/4 34 1 25 0 1 44 35 0 1 0 2 43 62 0 1 0 2 36 714 0 1 0 2 47 33 2 75 0 3 46 224 0 1 3 3667 57 74 0 1 3 3667 55 73 0 1 3 3667 45
4/4 224 0 1 0 0 57 74 0 1 0 0 55 73 0 1 0 0 45 34 0 1 1 5 50 714 1 5 2 125 64 713 0 1 2 275 25 34 0 1 2 275 38 524 0 1 2 275 40 61 0 1 2 275 36 74 1 5 0 3 46 32 2 25 2 375 37
4/4 32 3 83 0 0 37 712 1 5 2 75 38 64 0 1 2 75 40 34 0 1 2 75 43 74 0 1 2 275 34 33 0 1 2 275 32 34 0 1 2 275 37
4/4 53 0 1 3 2667 23 23 0 1 3 2667 34 54 0 1 3 2667 34 31 3 1333 3 2667 37
4/4 71 2 75 0 0 32 53 0 1 0 0 23 23 0 1 0 0 34 54 0 1 0 0 34 31 3 167 0 0 37 52 2 75 0 1 34 72 3 667 2 175 41 43 2 75 3 2667 42 33 1 5 1 35 35
4/4 33 2 25 0 0 35 73 0 1 1 5 36 53 3 1667 3 1333 34 23 0 1 3 2333 30 73 3 667 3 3333 36
4/4 73 3 333 0 0 36 44 2 175 1 5 37 23 2 225 2 175 35
4/4 24 0 1 0 0 31 54 0 1 0 0 22 23 2 75 0 0 35
