4/4 45 2 25 0 1 62 75 2 125 0 2 61 225 3 333 2 325 49
4/4 224 0 1 3 333 17 34 0 1 3 333 28 525 0 1 3 333 30 75 0 1 3 333 33 46 2 125 2 75 34 46 2 25 2 275 71 35 0 1 3 3667 42 44 0 1 3 3667 32 525 0 1 2 375 34 615 0 1 2 375 44
4/4 36 0 1 0 0 63 35 0 1 0 0 44 44 0 1 0 0 33 525 0 1 0 0 45 615 0 1 0 0 45 225 1 5 0 1 62 15 2 25 0 2 54 225 0 1 0 3 34 45 0 1 0 3 45 74 0 1 0 3 34
4/4 225 0 1 0 0 31 45 0 1 0 0 30 74 1 45 0 0 29 75 3 1333 3 2333 59 225 1 5 1 35 68
4/4 46 1 5 1 5 68 524 0 1 3 1333 20 75 0 1 3 1333 31 224 3 2667 3 1333 18 45 1 25 1 15 38 46 0 1 2 175 50 76 0 1 2 175 36
4/4 76 3 333 0 0 70 224 3 83 0 0 23 64 0 1 2 75 25 525 0 1 2 75 28 36 0 1 2 75 40 15 0 2 0 1 34 76 0 1 0 1 50 66 0 1 0 2 54 526 2 25 2 325 65
4/4 223 2 375 2 25 23 14 2 375 2 25 30 65 0 1 3 333 21 15 0 1 3 333 34 66 3 3333 3 667 41
4/4 15 2 125 0 0 84 223 2 75 0 0 26 14 2 125 0 0 45 66 3 333 0 0 34 46 2 125 2 125 61 66 0 1 2 225 73 225 0 1 0 3 21 46 0 1 0 3 34 54 0 1 0 3 38 16 0 1 0 3 55
4/4 224 2 125 3 333 42 45 2 25 3 1333 44 76 1 15 1 15 53 314 0 1 1 25 42 14 0 1 1 25 34 15 0 1 1 25 41 66 3 333 3 3667 62
4/4 66 3 333 0 0 66 56 1 5 2 25 65 526 1 5 3 667 72 56 3 333 2 125 64 15 0 1 1 15 37 36 0 1 1 15 42 44 0 1 2 175 47 76 0 1 2 175 52 14 2 25 2 275 39 66 2 25 2 375 57 65 2 25 2 375 31
4/4 66 3 1417 0 0 48 34 1 15 2 75 30 55 0 1 2 75 32 15 0 1 2 75 52 14 2 175 0 1 27 56 3 667 0 2 61 46 3 667 1 25 64 316 1 5 0 3 58 46 2 25 1 35 62
4/4 223 0 1 0 0 37 14 0 1 0 0 26 45 0 1 2 25 45 15 0 1 2 25 43 46 2 125 1 5 46 46 3 333 0 3 62 13 0 1 3 3333 26 74 0 1 3 3333 35 35 0 1 1 35 30 55 0 1 1 35 39 36 2 25 2 375 43
4/4 13 0 1 0 0 33 74 0 1 0 0 41 35 0 1 0 0 47 55 0 1 0 0 56 36 3 417 0 0 61 225 3 333 2 75 60 75 2 25 0 2 48 44 0 1 0 3 30 613 0 1 2 325 22 45 0 1 2 325 47 14 0 1 2 325 25 15 0 1 2 325 18
4/4 44 0 2 0 0 37 613 0 1 0 0 23 45 0 1 0 0 27 14 0 1 0 0 33 15 0 1 0 0 22 44 0 1 0 3 59
4/4 44 1 5 0 0 55 74 0 1 2 25 71 224 0 1 2 125 50 45 3 1667 3 2333 48 33 3 667 3 2333 41 73 3 667 0 3 31 223 1 5 1 35 55
4/4 44 3 667 0 0 61 223 3 167 0 0 45 223 0 1 1 5 45 45 0 1 1 5 75 73 1 5 0 1 63 35 3 1333 1 15 70 43 3 667 1 15 51 613 2 75 0 2 40 224 3 1333 3 2667 60 13 1 5 3 2667 42 524 1 5 2 325 38 14 2 25 2 375 54 13 2 25 2 375 42
4/4 14 3 1083 0 0 65 13 3 417 0 0 47 613 2 25 3 333 43 224 0 3 0 1 71 72 3 667 0 1 53 43 1 5 1 15 48 13 3 667 0 2 61 223 1 5 3 2667 53 13 1 5 2 325 72 43 3 333 3 3667 71
4/4 224 2 25 0 0 69 43 3 333 0 0 80 72 1 5 2 25 59 74 0 1 2 25 89 43 3 333 3 667 68 224 0 1 0 1 92 13 3 667 2 125 65 223 1 5 2 175 71 13 0 1 2 225 66 45 0 1 2 225 79 43 2 25 2 275 60 74 0 1 0 3 50 224 0 1 0 3 50 45 0 1 0 3 75 75 3 667 3 3333 64 522 3 667 3 3333 64
4/4 222 2 75 0 0 48 74 0 1 0 0 67 224 0 1 0 0 45 45 0 1 0 0 55 75 3 667 0 0 75 43 1 5 3 333 63 73 3 667 2 75 74 75 0 1 3 1333 80 43 0 1 3 1333 51 222 3 333 2 175 53 14 0 1 0 2 72 35 0 1 0 2 69 62 0 1 0 2 58 75 0 1 0 2 67 33 3 333 0 3 48 15 0 1 3 3333 74 13 0 1 3 3333 56
4/4 14 2 125 0 0 49 63 3 667 0 0 54 65 0 1 1 5 62 44 0 1 1 5 57 525 3 667 0 1 68 13 2 25 0 1 49 65 3 2333 3 1667 73 14 3 2333 3 1667 55 222 1 5 3 1667 56 63 3 667 2 225 70 13 1 5 3 2667 58 44 1 5 2 325 62 223 2 25 2 375 52
4/4 65 0 1 0 0 55 14 3 167 0 0 71 223 2 75 0 0 57 64 1 5 2 25 55 44 2 225 0 1 39 14 2 125 0 1 60 45 0 1 0 2 77 14 1 5 1 25 61 65 3 667 0 3 91
4/4 224 0 1 0 0 57 45 0 1 0 0 58 53 2 75 2 25 69 15 3 1333 2 25 77 223 3 667 2 75 61 44 2 25 2 125 71 74 1 5 2 175 74 44 0 1 2 225 61 75 0 1 2 225 85 223 2 25 2 275 62 14 0 1 0 3 58 315 0 1 0 3 63 65 0 1 0 3 71 313 3 667 2 325 60 13 2 25 2 375 56
4/4 14 0 1 0 0 62 315 0 1 0 0 55 65 0 1 0 0 63 13 3 417 0 0 63 314 2 25 3 333 59 55 0 1 3 333 71 54 3 333 0 1 44 65 3 667 3 1333 67 13 2 25 3 1333 49 313 2 25 0 2 46 14 0 1 2 225 45 35 0 1 2 225 58 43 3 667 1 25 46 75 1 15 1 25 77 13 0 1 0 3 51 54 2 25 1 35 42
4/4 64 2 25 0 0 41 14 0 1 0 0 43 35 0 1 0 0 61 13 2 25 0 0 42 13 0 1 1 5 44 65 0 1 1 5 71 43 2 25 0 1 48 13 2 225 2 175 45 55 0 1 2 175 55 14 0 1 2 175 48 54 0 1 2 175 40 33 0 1 2 175 38 54 0 1 2 175 40
4/4 13 2 25 0 0 45 45 1 5 2 25 74 222 3 2667 0 1 45 44 0 1 2 125 35 14 0 1 2 125 45 45 0 1 2 125 65 13 2 225 2 125 40 35 3 667 0 3 60 224 2 25 3 3667 50
4/4 73 0 1 3 667 47 12 0 1 3 667 35 314 0 2 3 667 36 14 2 125 3 667 39 24 3 333 2 175 52 315 2 25 0 3 38
4/4 44 0 1 0 0 31 74 0 1 0 0 45 42 2 125 0 0 33 14 1 25 0 0 53 45 0 4 0 0 43 12 0 1 0 1 42 43 2 25 2 225 45 54 0 1 2 325 37 74 0 1 2 325 45 73 3 667 3 3333 48
4/4 54 0 1 0 0 34 74 0 1 0 0 50 73 3 583 0 0 33 45 3 333 0 0 41 13 1 15 3 333 43 14 1 25 1 15 53 74 2 25 0 2 52 43 0 1 2 275 34 13 0 1 2 275 32 614 0 1 2 275 28 44 0 1 2 275 42
4/4 43 0 1 0 0 21 13 0 1 0 0 25 14 0 1 0 0 47 614 0 1 0 0 18 44 0 1 0 0 40 46 2 125 2 275 20
4/4 43 0 1 0 0 33 13 0 1 0 0 24 46 1 5 0 0 24 45 1 15 1 15 53 525 0 1 0 3 54 63 2 75 0 3 32 34 2 25 2 375 29
4/4 525 0 1 0 0 54 34 3 417 0 0 35 524 3 667 3 333 42 14 1 5 0 1 53 524 1 5 3 1333 52 45 0 1 3 1333 72 34 1 5 0 2 64 63 1 5 3 2333 46 35 2 75 3 2333 69 34 2 75 2 275 66 224 3 667 3 3333 69 524 3 667 3 3333 53
4/4 14 1 5 0 0 47 224 3 333 0 0 61 524 1 5 3 333 57 14 2 125 1 5 61 34 2 25 0 1 60 224 0 1 1 15 65 222 1 5 1 15 60 63 3 667 0 2 45 13 1 5 1 25 62 35 0 1 1 25 60 44 1 5 0 3 40 45 1 5 1 35 62 13 2 25 1 35 45
4/4 63 2 25 0 0 56 45 1 5 0 0 61 64 3 1667 1 5 58 222 1 5 1 5 53 63 3 667 0 1 57 13 1 5 3 1667 55 44 1 5 2 225 49 64 0 1 3 2667 65 13 0 1 3 2667 44 63 2 25 2 325 67 525 2 25 2 375 70 62 2 25 2 375 52
4/4 525 1 15 0 0 61 62 2 25 0 0 39 33 3 667 2 25 40 523 1 5 2 75 64 13 1 5 2 125 47 523 0 1 2 175 66 45 0 1 2 175 81 33 1 5 3 2333 53 35 2 125 2 275 80 62 3 667 2 275 46 33 3 667 3 3333 61 224 2 25 2 375 71 523 2 25 2 375 54
4/4 33 3 83 0 0 48 224 2 75 0 0 68 523 3 417 0 0 61 13 1 5 3 333 55 523 1 5 2 75 43 35 2 75 0 1 63 33 2 25 1 15 35 222 1 5 2 175 47 45 2 225 2 175 81 63 3 667 1 25 54 13 1 5 0 3 42 44 1 5 1 35 41
4/4 13 1 5 0 0 52 45 1 25 0 0 68 63 2 25 1 5 38 222 1 5 0 1 43 63 1 5 1 15 37 13 1 5 0 2 34 44 1 5 1 25 49 45 0 1 0 3 78 13 0 1 0 3 45 63 3 333 3 3667 53
4/4 63 3 167 0 0 45 45 0 1 2 25 73 43 0 1 2 25 67 55 1 5 1 5 74 13 0 1 3 667 47 45 0 1 3 667 72 315 0 1 2 125 87 54 0 1 2 125 51 13 1 5 3 1667 63 45 0 1 2 225 92 64 0 1 2 225 51 13 1 5 3 2667 45 14 0 1 0 3 72 45 0 1 0 3 78 43 0 1 0 3 54 65 0 1 0 3 82 13 2 25 2 375 43
4/4 13 2 25 0 0 61 55 0 1 2 25 90 54 0 1 2 25 52 14 0 1 2 75 69 13 0 1 2 75 49 45 0 1 2 125 80 64 0 1 2 125 42 13 2 25 2 175 54 54 0 1 0 2 52 14 0 1 0 2 55 313 3 667 2 225 60 315 1 15 3 2333 63 13 3 667 2 275 50 314 1 5 3 3333 56 13 2 25 2 375 48
4/4 13 3 417 0 0 47 55 2 275 3 333 76 54 1 5 3 333 51 13 3 333 2 75 32 14 3 1667 3 1333 75 313 1 5 3 1333 49 13 3 667 2 175 51 314 1 5 3 2333 51 13 1 5 2 275 36 14 1 5 1 35 80 54 1 5 1 35 53
4/4 13 1 5 0 0 42 14 2 25 0 0 65 65 3 1667 1 5 84 43 1 5 1 5 55 13 3 667 0 1 57 64 1 5 1 15 39 13 1 5 0 2 53 54 0 1 1 25 55 65 0 1 1 25 65 13 1 5 0 3 62 43 0 1 1 35 50 65 0 1 1 35 79
4/4 13 3 667 0 0 51 43 0 1 0 0 50 65 0 1 0 0 77 55 0 1 1 5 73 64 0 1 1 5 55 13 3 333 0 1 47 45 0 1 3 1667 68 43 0 1 3 1667 46 13 3 667 0 2 45 315 0 1 3 2667 61 14 0 1 3 2667 69 12 1 5 3 2667 58 53 1 5 2 325 60 23 3 333 3 3667 62
4/4 315 0 1 0 0 58 14 0 1 0 0 57 23 3 167 0 0 48 53 1 5 2 25 58 314 1 5 2 75 63 53 3 667 2 125 70 54 0 1 2 175 64 315 0 1 2 175 86 12 0 1 2 175 64 53 1 5 2 225 74 13 1 5 2 275 65 14 2 75 2 275 70 53 1 5 2 325 78 55 0 1 2 375 85 314 0 1 2 375 69
4/4 53 2 25 2 25 72 42 0 1 2 75 80 615 2 125 2 75 77 12 1 5 3 1333 75 43 3 667 2 175 75 613 3 667 3 2333 63 615 0 1 2 275 92 13 0 1 2 275 61 44 2 75 2 325 68 14 3 667 2 325 68 615 0 1 2 375 82 43 0 1 2 375 58 45 0 1 2 375 75
4/4 44 2 75 0 0 79 615 0 1 0 0 83 43 0 1 0 0 75 45 0 1 0 0 82 613 3 667 2 25 58 75 0 1 2 75 78 13 0 1 2 75 46 55 0 1 2 75 66 44 1 5 3 1333 54 15 0 1 2 175 73 615 0 1 2 175 72 614 0 1 2 175 47 14 2 25 2 225 63 224 0 1 3 2667 65 45 0 1 3 2667 44 75 0 1 3 2667 74 225 0 1 3 2667 73 72 3 667 2 275 83 43 1 5 2 325 53 13 2 25 2 375 55
4/4 13 3 417 0 0 74 223 1 5 2 25 55 44 2 25 2 75 45 14 1 5 2 125 40 76 0 1 2 175 41 225 0 1 2 175 36 224 0 1 2 175 42
4/4 44 2 25 0 0 38 74 2 225 2 75 57 35 0 1 0 1 56 55 0 1 0 1 56 32 3 667 0 1 64 72 2 25 1 15 51 53 1 5 0 2 55 73 3 667 1 25 74 55 0 1 0 3 83 35 0 1 0 3 89 34 0 1 0 3 58 73 1 5 1 35 84
4/4 55 0 1 0 0 87 33 0 1 0 0 57 35 0 1 0 0 68 73 1 5 1 5 59 44 0 1 0 1 47 65 0 1 0 1 79 45 0 1 0 1 62 54 1 5 1 15 54 55 0 1 0 2 58 75 0 1 0 2 65 74 0 1 0 2 67 14 0 1 2 275 58 35 0 1 2 275 60 55 0 1 2 275 41 62 3 667 0 3 43 15 0 1 0 3 82 33 2 25 1 35 42
4/4 13 1 5 0 0 45 14 0 1 0 0 50 35 0 1 0 0 53 55 0 1 0 0 61 15 2 75 0 0 68 34 2 25 1 5 43 64 1 5 0 1 59 14 2 75 1 15 51 35 3 333 2 225 32 15 0 1 2 225 46 36 0 1 2 225 37 16 0 1 2 225 50
4/4 65 1 5 3 333 74 53 0 1 0 1 30 44 0 1 0 1 44 74 0 1 3 1333 49 224 0 1 3 1333 43 55 0 1 3 1333 49 525 1 5 1 25 60 74 3 667 0 3 55 55 1 5 1 35 62
4/4 74 2 175 0 0 53 53 0 1 0 0 35 44 0 1 0 0 26 224 2 125 1 5 43 75 2 75 1 5 67 65 3 333 3 1667 65 55 2 25 2 275 52 12 1 5 1 35 28 44 0 1 3 3667 47 74 0 1 3 3667 44 73 3 333 3 3667 25
4/4 45 0 1 0 0 61 12 2 175 0 0 44 44 0 1 0 0 39 74 0 1 0 0 47 73 0 2 0 0 39 315 1 5 0 1 69 45 2 25 0 2 68 55 0 1 2 325 27 14 0 1 2 325 38 54 0 1 2 325 32 13 2 75 2 325 33 313 2 75 2 325 25
4/4 55 0 1 0 0 33 14 0 1 0 0 41 54 0 1 0 0 45 13 2 225 0 0 27 313 2 175 0 0 36 15 3 667 1 15 70 35 0 1 3 2333 28 525 0 1 3 2333 36 33 0 1 1 25 44 75 0 1 1 25 44 36 0 1 1 25 52 73 3 333 3 3667 38
4/4 73 3 333 0 0 55 225 0 1 3 667 59 524 0 1 3 667 41 525 0 1 3 667 42 14 0 1 2 175 27 525 0 1 2 175 46 35 0 1 2 175 47 15 2 225 2 175 44
4/4 74 0 1 0 0 40 75 0 1 0 0 37 14 0 1 0 0 26 525 0 1 0 0 35 35 0 1 0 0 41 14 0 1 3 1333 25 614 0 1 3 1333 45 45 3 667 3 1333 34 615 0 1 3 1333 43 526 2 25 1 25 70 45 1 5 0 3 49 46 1 5 1 35 56
4/4 46 0 1 0 0 55 615 0 2 1 5 45 45 0 1 3 667 37 14 0 1 3 667 38 614 0 1 3 667 32 44 0 1 3 667 31 36 1 5 3 1667 63 45 3 667 2 225 39 225 2 25 2 275 57 614 0 1 2 375 28 44 0 1 2 375 27 13 0 1 2 375 26 14 2 25 2 375 42 45 0 1 2 375 37 44 0 1 2 375 35 13 0 1 2 375 37
4/4 614 0 1 0 0 29 44 0 1 0 0 28 13 0 1 0 0 44 14 0 1 0 0 50 45 0 1 0 0 47 44 0 1 0 0 39 13 0 1 0 0 32 15 1 5 0 1 56 14 0 1 1 15 37 75 2 25 3 2333 57 613 0 1 3 3667 33 13 0 1 3 3667 27 44 0 1 3 3667 33 614 0 1 3 3667 37
4/4 613 0 1 0 0 32 13 0 1 0 0 31 44 0 1 0 0 35 614 0 1 0 0 33 615 2 325 2 25 36
4/4 44 2 25 1 5 78 74 3 333 1 15 82 224 2 25 1 25 82 45 1 5 1 35 87 33 1 5 1 35 54
4/4 45 2 75 0 0 76 33 1 15 0 0 52 223 0 1 1 5 38 524 0 1 1 5 55 73 0 1 1 5 39 74 0 1 1 5 54 45 0 1 1 15 64 74 0 1 1 15 63 223 0 1 1 15 43 73 0 1 1 15 55 35 0 1 1 25 64 614 0 1 1 25 77 43 1 15 1 25 72 224 1 5 1 35 72 34 0 1 1 35 51 13 0 1 1 35 59
4/4 43 2 75 0 0 71 14 0 1 1 5 76 34 0 1 1 5 56 13 0 1 1 5 51 224 0 1 1 15 60 44 0 1 1 15 66 72 1 5 1 15 50 223 0 1 1 25 47 43 0 1 1 25 53 223 2 25 1 35 61 43 1 5 1 35 60
4/4 43 3 167 0 0 45 72 3 667 1 5 60 74 3 1333 1 5 71 223 0 1 1 15 65 224 0 1 1 15 74 43 0 1 1 15 44 62 0 1 1 25 61 45 0 1 1 25 92 74 0 1 3 3333 67 45 0 1 3 3333 62 75 0 1 3 3333 84 522 3 333 1 35 54
4/4 74 0 1 0 0 65 45 0 1 0 0 69 75 0 1 0 0 82 73 0 1 1 5 58 222 0 1 1 5 51 75 0 1 1 15 86 73 0 1 1 15 54 222 0 1 1 15 55 14 0 1 3 2333 58 35 0 1 3 2333 67 75 0 1 3 2333 79 62 3 333 1 25 58 13 0 1 1 35 56 33 0 1 1 35 50 65 0 1 1 35 75 14 0 1 1 35 66
4/4 65 0 1 0 0 63 14 0 1 0 0 62 525 0 1 1 5 69 13 0 1 1 5 61 33 0 1 1 5 49 14 0 1 2 125 52 45 0 1 2 125 60 222 3 333 1 15 61 65 3 2333 1 15 72 44 0 1 1 25 55 13 0 1 1 25 33 63 0 1 1 25 48 44 0 1 1 35 69 13 0 1 1 35 66 63 0 1 1 35 55
4/4 222 1 5 1 5 66 14 1 15 1 5 80 44 0 1 1 15 71 13 0 1 1 15 62 45 0 1 1 15 92 63 0 1 1 15 68 44 0 1 1 25 59 13 0 1 1 25 63 63 0 1 1 25 51 65 0 1 1 25 85 224 0 1 3 3333 59 45 0 1 3 3333 70 15 0 1 3 3333 87 53 3 333 1 35 79
4/4 224 0 1 0 0 65 45 0 1 0 0 58 15 0 1 0 0 94 74 0 1 1 5 64 223 0 1 1 5 62 44 0 1 1 5 55 74 0 1 1 15 61 75 0 1 1 15 80 224 0 1 1 15 76 223 0 1 1 15 55 45 0 1 1 15 79 12 3 667 3 2333 72 13 0 1 3 3333 46 65 0 1 3 3333 64 313 0 1 3 3333 60 14 0 1 3 3333 68 315 0 1 3 3333 66
4/4 55 1 5 0 0 69 525 0 1 3 333 77 313 0 1 3 333 59 13 0 1 3 333 61 55 3 333 0 1 79 43 3 333 3 1333 75 14 0 1 3 1333 62 75 0 1 3 1333 67 35 0 1 3 1333 76 13 0 1 3 2333 43 64 0 1 3 2333 50 64 0 1 3 3333 61 13 0 1 3 3333 43 65 3 667 3 3333 84
4/4 33 1 5 2 25 78 14 0 1 0 1 56 35 0 1 0 1 51 54 0 1 0 1 67 13 0 1 0 1 63 55 0 1 0 1 78 45 2 25 3 1667 63 315 0 1 0 2 94 54 0 1 0 2 57 13 0 1 0 2 67 45 2 25 3 2667 84 222 3 333 0 3 71 45 0 1 2 325 67 64 0 1 2 325 68 14 0 1 2 325 67
4/4 45 0 1 0 0 70 64 0 1 0 0 78 14 0 1 0 0 72 44 0 1 2 25 60 13 0 1 2 25 52 63 0 1 2 25 63 64 2 25 1 5 76 44 0 1 0 1 77 14 0 1 0 1 85 13 0 1 0 1 61 63 0 1 0 1 43 45 2 25 1 15 83 12 0 1 0 2 65 35 0 1 0 2 76 74 0 1 0 2 84 54 0 1 0 2 72 74 0 1 0 2 79 34 0 1 0 3 67 224 0 1 0 3 98 53 0 1 0 3 55 73 0 1 0 3 72
4/4 73 0 1 0 0 83 12 0 1 0 0 60 74 0 1 0 0 79 34 0 1 0 0 84 54 0 1 0 0 73 13 0 1 2 75 69 42 0 1 2 75 78 74 0 1 2 75 79 14 0 1 2 75 65 44 0 1 0 1 66 74 0 1 0 1 73 14 0 1 0 1 66 12 1 5 1 15 52 43 1 5 0 2 74 73 3 667 3 2333 79 13 1 5 0 3 83 44 2 25 1 35 92
4/4 44 0 1 0 0 55 13 0 1 0 0 60 613 0 1 0 0 64 43 0 1 0 0 60 45 2 125 0 0 83 75 1 5 0 1 105 45 2 75 1 15 87 42 0 1 0 2 83 43 0 1 0 2 82 225 0 1 0 2 102 525 0 1 0 3 60 75 0 1 0 3 58 225 0 1 0 3 97 46 0 1 0 3 80 32 2 25 0 3 93
4/4 223 0 1 2 25 78 33 0 1 2 25 72 523 0 1 2 25 61 73 0 1 2 25 64 223 0 1 2 125 67 525 0 1 2 125 93 46 0 1 2 125 71 33 0 1 2 125 61 75 0 1 2 125 87 523 0 1 2 125 55 42 2 25 0 2 82 615 0 1 0 2 88 45 0 1 0 2 80 36 2 75 0 2 88 34 0 1 0 3 71 43 0 1 0 3 66 613 0 1 0 3 65 225 0 1 0 3 98 13 0 1 0 3 60
4/4 34 0 1 0 0 71 43 0 1 0 0 71 15 0 1 0 0 90 45 0 1 0 0 92 613 0 1 0 0 49 13 0 1 0 0 46 72 0 1 0 1 68 71 0 1 0 1 88 225 0 1 0 1 72 224 0 1 0 1 78 45 0 1 0 1 72 75 0 1 0 1 66 73 0 1 0 2 60 74 0 1 0 2 62 223 0 1 0 2 66 44 0 1 0 2 51 74 0 1 0 3 79 73 0 1 0 3 60 223 0 1 0 3 57 44 0 1 0 3 52
4/4 72 0 1 0 0 77 224 0 1 0 0 76 74 0 1 0 0 92 45 0 1 0 0 65 75 0 1 0 0 75 224 0 1 0 1 94 44 0 1 0 1 72 73 0 1 0 1 61 223 0 1 0 1 73 225 0 1 0 1 80 72 0 1 0 2 74 45 0 1 0 2 89 46 0 1 0 2 89 225 0 1 0 2 87 75 0 1 0 2 81 75 0 1 2 275 68 225 0 1 2 275 58 46 0 1 2 275 72 76 0 1 2 275 77 522 2 25 0 3 85
4/4 44 0 1 0 0 61 523 0 1 0 0 57 223 0 1 0 0 63 73 0 1 0 0 62 44 0 1 0 1 72 523 0 1 0 1 54 223 0 1 0 1 67 75 0 1 0 1 76 76 0 1 0 1 91 73 0 1 0 1 37 15 0 1 2 175 70 36 0 1 2 175 70 76 0 1 2 175 77 62 3 333 0 2 85 34 0 1 0 3 56 13 0 1 0 3 50 33 0 1 0 3 60 16 0 1 0 3 86 15 0 1 0 3 72 63 0 1 0 3 57
4/4 34 0 1 0 0 64 33 0 1 0 0 49 13 0 1 0 0 60 63 0 1 0 0 67 66 0 1 0 0 69 15 0 1 0 0 75 526 2 25 1 5 73 221 2 25 0 1 71 66 0 1 0 1 80 46 0 1 0 1 85 15 0 1 0 1 80 13 0 1 0 2 53 222 0 1 0 2 48 63 0 1 0 2 52 43 0 1 0 2 60 13 0 1 0 3 67 222 0 1 0 3 69 63 0 1 0 3 51 43 0 1 0 3 46 222 2 25 2 375 69 14 2 25 2 375 91
4/4 14 1 5 0 0 98 44 0 1 2 75 74 13 0 1 2 75 54 63 0 1 2 75 71 45 1 5 2 75 95 14 3 333 2 125 87 45 3 333 1 15 67 222 0 1 2 175 88 65 0 1 2 175 96 45 0 1 2 225 84 65 0 1 2 225 78 52 2 25 2 275 86 15 0 1 0 3 91 44 0 1 2 375 66 53 0 1 2 375 56 223 0 1 2 375 68 73 0 1 2 375 55 224 2 25 2 375 72
4/4 224 1 5 0 0 82 52 0 1 2 75 70 75 0 1 2 75 84 45 0 1 2 75 73 11 3 333 3 1667 87 74 0 1 3 2333 58 315 0 1 3 2333 60 13 0 1 3 2333 58 313 0 1 3 2333 54 53 0 1 3 2333 58 65 0 1 3 2333 80 55 1 5 2 325 71 12 0 1 3 3667 66 525 0 1 3 3667 87 14 0 1 3 3667 43
4/4 55 2 25 0 0 80 42 3 333 1 5 68 14 0 1 3 667 68 75 0 1 3 667 84 35 0 1 3 667 82 44 0 1 1 15 70 13 0 1 1 15 63 63 0 1 1 15 64 43 0 1 1 25 58 65 0 1 1 25 68 14 0 1 1 25 71 35 0 1 1 25 71 32 2 25 3 3333 82
4/4 54 0 1 0 0 49 14 0 1 0 0 70 35 0 1 0 0 67 13 0 1 0 0 67 33 0 1 0 0 66 53 0 1 0 0 54 55 2 25 3 333 70 45 2 25 2 75 70 315 0 1 2 125 83 32 0 1 2 125 68 45 2 25 2 175 86 45 2 75 2 225 51 221 2 25 2 225 83 14 0 1 2 225 64 64 0 1 2 225 70 44 0 1 2 225 71 13 0 1 2 325 61 222 0 1 2 325 60 63 0 1 2 325 38 43 0 1 2 325 38 35 3 333 3 3667 74
4/4 221 0 1 2 25 53 224 0 1 2 25 60 44 0 1 2 25 64 11 0 1 2 125 79 314 0 1 2 125 59 12 0 1 2 125 63 14 0 1 2 125 79 54 0 1 2 125 75 21 0 1 2 225 69 22 0 1 2 225 60 24 0 1 2 225 81 44 0 1 2 225 61 74 0 1 2 225 62 313 0 1 2 325 75 312 0 1 2 325 68 14 0 1 2 325 60 54 0 1 2 325 67 315 0 1 2 325 87
4/4 44 0 1 2 25 67 74 0 1 2 25 73 14 0 1 2 25 83 42 0 1 2 25 71 45 0 1 2 25 85 12 1 5 2 75 54 43 1 5 2 125 59 73 3 667 2 175 56 13 1 5 2 225 71 44 1 5 2 275 75 46 2 75 2 325 83 74 3 667 2 325 61 14 2 25 2 375 64
4/4 46 0 7 0 0 87 45 2 25 2 25 58 55 2 75 2 75 49 75 3 667 2 125 47 15 2 225 2 175 65 14 1 15 1 25 41 615 1 15 1 25 51 44 3 1333 3 2667 35
4/4 15 0 3 0 0 47 14 0 4 0 0 31 615 0 3 0 0 35 44 0 4 0 0 44 45 0 1 0 2 32
4/4 14 1 5 0 0 36 44 3 333 0 0 45 46 2 25 3 333 34 64 3 2333 3 1667 40 526 1 15 3 1667 41 525 0 1 2 275 23 35 0 1 2 275 34 525 0 1 2 375 50 35 0 1 2 375 48 46 2 25 2 375 53
4/4 525 0 1 0 0 55 35 0 1 0 0 45 64 2 225 2 75 45 36 2 125 2 75 71 225 0 1 0 2 56 525 0 1 0 2 40 35 0 1 0 2 44 15 0 1 0 3 52 525 0 1 0 3 38 35 0 1 0 3 49
4/4 223 0 2 0 0 51 225 2 125 0 0 67 14 0 1 0 1 36 64 0 1 0 1 33 36 0 1 0 1 42 14 0 1 0 2 53 64 0 1 0 2 32 46 0 2 0 2 63 223 0 1 0 3 55 65 0 1 0 3 46
4/4 223 0 1 0 0 42 46 1 5 0 0 46 65 2 25 0 0 40 64 0 1 2 25 36 14 0 1 2 25 41 65 1 5 2 125 54 526 3 1333 2 225 59 64 2 175 2 225 51 525 0 1 3 3333 32 35 0 1 3 3333 34
4/4 64 3 583 0 0 51 35 0 1 3 333 38 525 0 1 3 333 38 46 0 1 3 333 50 36 2 125 1 15 56 64 2 225 1 15 39 225 2 125 1 25 50 525 0 1 1 25 46 35 0 1 1 25 52 525 0 1 1 35 48 35 0 1 1 35 40 36 1 5 1 35 54
4/4 36 1 5 0 0 48 46 1 35 1 5 52 223 3 2333 3 667 40 64 0 1 3 1667 33 44 0 1 3 1667 42 64 0 1 2 275 49 44 0 1 2 275 44 223 0 1 2 375 20 15 0 1 2 375 39 45 0 1 2 375 48 64 2 25 2 375 29
4/4 46 3 833 0 0 58 223 0 1 0 0 24 15 0 1 0 0 36 45 0 1 0 0 34 64 0 2 0 0 45 46 3 333 3 2333 58 44 0 1 2 325 49 65 0 1 2 325 55 46 3 333 3 3333 70 56 2 25 3 3667 56
4/4 46 3 333 0 0 44 44 0 1 0 0 53 65 0 1 0 0 67 14 0 1 2 25 49 64 0 1 2 25 40 316 0 1 2 25 68 46 0 1 2 125 68 14 0 1 2 125 54 64 0 1 2 125 47 44 0 1 2 225 61 66 0 1 2 225 57 15 0 1 2 225 50 46 0 1 2 225 57 54 0 1 2 325 57 315 0 1 2 325 53 56 0 1 2 325 57 15 0 1 2 325 63 14 0 1 2 325 38
4/4 64 0 1 2 25 50 14 0 1 2 25 51 45 0 1 2 25 57 46 0 1 2 25 54 65 0 1 2 25 51 14 1 25 2 125 61 316 0 1 2 125 68 15 0 1 2 125 59 55 0 1 2 225 54 315 0 1 2 225 36 56 3 667 3 3333 66 55 0 1 3 3333 49 315 0 1 3 3333 41
4/4 56 3 2583 0 0 56 15 3 1667 2 25 62 14 2 125 2 25 51 55 0 1 2 125 56 315 0 1 2 125 57 14 0 1 2 225 51 15 0 1 2 225 59 54 0 1 2 225 44 314 0 1 2 225 34 66 2 75 2 325 68 44 2 75 2 325 52
4/4 66 1 5 0 0 77 44 2 125 0 0 44 14 0 1 2 25 51 64 0 1 2 25 44 64 0 1 2 125 50 66 0 1 2 125 55 14 0 1 2 125 57 15 0 1 2 125 61 44 0 1 2 225 40 66 0 1 2 225 58 46 0 1 2 225 56 315 0 1 2 325 58 54 0 1 2 325 47 56 0 1 2 325 45 15 0 1 2 325 49 14 0 1 2 325 48
4/4 45 0 1 2 25 58 64 0 1 2 25 57 46 0 1 2 25 51 14 0 1 2 25 38 65 0 1 2 25 59 13 1 5 2 125 49 55 0 1 2 125 44 316 0 1 2 125 51 314 0 1 2 225 45 14 0 1 2 225 47 315 0 1 2 325 48 54 0 1 2 325 40
4/4 14 0 1 2 25 42 55 0 1 2 25 38 15 0 1 2 25 36 16 2 25 1 5 53 615 0 1 1 35 61 45 0 1 1 35 75 43 1 5 1 35 61
4/4 13 1 5 0 0 64 615 0 1 0 0 76 45 0 1 0 0 75 614 2 25 1 5 58 13 1 5 0 1 64 615 0 1 3 1333 74 45 0 1 3 1333 71 44 0 1 3 1333 61 13 0 1 2 175 69 14 0 1 2 175 75 44 0 1 3 2333 55 43 0 1 3 2333 56 45 0 1 3 2333 76 615 0 1 3 2333 72 14 1 5 2 275 71 44 0 1 2 325 64 53 0 1 2 325 74 75 0 1 2 325 84 45 0 1 2 325 80 14 2 25 2 375 85
4/4 44 0 1 2 25 84 613 0 1 2 25 94 15 0 1 2 25 90 45 0 1 2 25 72 613 0 1 2 25 74 15 0 1 2 25 89 615 0 1 2 25 67 14 2 25 3 667 74 225 0 1 2 125 72 224 0 1 2 125 76 72 0 1 2 125 85 45 0 1 2 125 55 75 0 1 2 125 67 43 1 5 3 1667 67 46 0 1 2 225 82 225 0 1 2 225 82 223 0 1 2 225 59 43 0 1 3 2667 54 36 0 1 3 2667 81 15 0 1 3 2667 78 225 0 1 0 3 77 75 0 1 0 3 76 13 0 1 0 3 67 43 0 1 1 35 69 36 0 1 1 35 76 15 0 1 1 35 60
4/4 225 0 1 0 0 84 75 0 1 0 0 78 72 0 1 0 0 64 43 2 25 1 5 62 223 0 1 0 1 50 15 0 1 0 1 68 45 0 1 0 1 64 43 1 5 1 15 52 75 0 1 0 2 58 224 0 1 0 2 49 45 0 1 0 2 59 73 0 1 0 2 46 43 2 25 1 25 53 74 0 1 0 3 52 35 0 1 0 3 72 55 0 1 0 3 80 32 3 667 0 3 50 72 3 333 3 3667 59
4/4 74 0 1 0 0 55 35 0 1 0 0 65 55 0 1 0 0 65 53 1 5 2 25 74 73 1 5 3 667 62 55 0 1 0 1 68 35 0 1 0 1 78 34 0 1 0 1 77 73 0 1 1 15 61 74 0 1 1 15 92 55 0 1 0 2 86 35 0 1 0 2 90 33 0 1 0 2 65 73 0 1 1 25 60 74 0 1 1 25 81 65 0 1 0 3 96 54 0 1 0 3 66 35 0 1 0 3 81 73 0 1 3 3333 67 74 0 1 3 3333 95
4/4 53 0 1 0 0 69 34 0 1 0 0 73 35 0 1 0 0 75 75 0 1 0 0 87 74 2 25 3 333 67 62 0 1 2 75 88 15 0 1 2 75 94 65 0 1 2 75 65 35 0 1 2 75 73 15 0 1 2 75 78 14 0 1 2 75 68 65 0 1 2 75 68 33 1 5 3 1333 55 36 0 1 2 175 77 15 0 1 2 175 72 63 0 1 2 175 62 13 1 5 3 2333 58 225 0 1 3 2333 76 75 0 1 3 2333 52 36 0 1 2 275 72 34 0 1 2 275 51 15 0 1 2 275 70 64 3 667 3 3333 52 225 0 1 3 3333 65 75 0 1 3 3333 71 63 0 1 2 375 52 15 0 1 2 375 76 65 0 1 2 375 69
4/4 64 3 83 0 0 59 63 0 1 0 0 67 15 0 1 0 0 75 65 0 1 0 0 75 34 1 5 2 25 53 65 0 1 2 75 57 35 0 1 2 75 66 74 0 1 2 75 44 34 3 667 3 1333 47 63 0 1 0 2 45 14 0 1 0 2 62 35 0 1 0 2 56 53 0 1 2 275 48 44 0 1 2 275 42 74 0 1 0 3 40 224 0 1 0 3 46 55 2 75 2 325 59
4/4 53 0 1 0 0 35 44 0 1 0 0 39 74 0 1 0 0 51 224 0 1 0 0 45 55 2 25 0 0 62 525 1 5 2 25 72 74 3 667 3 667 79 55 1 5 2 125 85 74 2 25 3 1667 86 74 0 1 0 2 65 224 0 1 0 2 59 45 0 1 0 2 64 52 0 1 2 225 52 75 0 1 2 225 82 222 3 333 3 2667 68 73 0 1 0 3 53 65 0 1 0 3 66 53 3 333 3 3667 64 74 3 333 3 3667 86
4/4 55 0 1 0 0 66 224 0 1 0 0 72 44 0 1 0 0 60 53 3 667 0 0 62 74 3 333 0 0 67 223 2 25 1 5 64 54 0 1 0 1 64 74 0 1 0 1 62 12 0 1 0 1 82 45 0 1 0 1 87 53 1 5 1 15 71 315 0 1 0 2 92 13 0 1 0 2 67 44 0 1 1 25 71 54 0 1 1 25 75 45 0 1 0 3 84 74 0 1 0 3 76 73 0 1 0 3 74 53 1 5 1 35 74 54 0 1 2 375 69 14 0 1 2 375 78 12 0 1 2 375 80 315 0 1 2 375 76 55 0 1 2 375 85
4/4 54 0 1 0 0 72 14 0 1 0 0 66 12 0 1 0 0 72 315 0 1 0 0 83 55 0 1 0 0 75 53 1 5 1 5 67 13 1 5 0 1 80 314 1 5 1 15 81 14 0 1 2 175 59 315 0 1 2 175 54 55 0 1 2 175 65 15 0 1 2 175 78 54 3 667 0 2 87 13 2 25 1 25 62 35 0 1 0 3 63 525 0 1 0 3 56 75 0 1 0 3 68 32 2 75 2 325 87 36 2 75 2 325 80 72 2 25 2 375 77
4/4 35 0 1 0 0 67 525 0 1 0 0 69 75 0 1 0 0 67 32 2 25 0 0 89 36 1 5 0 0 72 72 2 25 0 0 60 33 1 5 2 25 71 523 1 5 3 667 81 225 0 1 2 125 75 73 0 1 2 125 71 525 0 1 2 125 81 35 0 1 2 125 82 523 1 5 3 1667 80 35 0 2 0 2 62 525 0 1 0 2 61 15 0 1 0 2 80 33 3 667 2 225 70 523 3 667 3 2667 77 73 3 333 2 325 68 44 3 333 3 3667 55
4/4 44 3 167 0 0 56 75 0 1 2 25 80 525 0 1 2 25 61 524 0 1 2 25 50 14 2 25 2 75 60 14 0 1 3 1333 53 614 0 1 3 1333 33 44 0 1 3 1333 46 615 0 1 1 15 54 45 0 1 1 15 51 526 1 5 1 25 59 525 3 333 0 3 48 46 3 333 3 3667 59
4/4 46 3 1333 0 0 58 614 0 1 3 667 42 13 0 1 3 667 37 44 0 1 3 667 43 45 0 1 3 667 35 36 3 667 2 175 47 45 1 5 3 2333 58 225 1 5 0 3 48
4/4 13 0 1 2 25 32 44 0 1 2 25 31 613 0 1 2 25 34 14 2 125 2 25 51 15 1 5 3 1333 48 14 0 1 0 2 51 75 3 333 2 275 36
4/4 13 0 1 0 1 43 43 0 1 0 1 33 44 0 1 0 1 30 614 0 1 2 125 30 14 0 1 2 125 45 35 0 1 1 15 42 525 0 1 1 15 59 615 0 1 1 15 54
4/4 13 0 1 0 0 39 43 0 1 0 0 36 44 0 1 0 0 46 614 0 1 0 0 40 14 0 1 0 0 46 35 0 1 0 0 47 525 0 1 0 0 46 615 0 1 0 0 48
4/4 13 0 1 0 0 29 43 0 1 0 0 32 44 0 1 0 0 40 614 0 1 0 0 39 14 0 1 0 0 47 35 0 1 0 0 40 525 0 1 0 0 46 615 0 1 0 0 58 45 2 25 0 3 40
4/4 13 0 1 0 0 35 43 0 1 0 0 45 44 0 1 0 0 48 75 3 1333 3 333 57 225 2 125 1 15 42 46 2 125 2 275 52 34 1 5 2 275 29
4/4 224 0 1 0 0 35 45 0 1 0 0 33 74 0 1 0 0 48 46 1 5 0 1 55 44 0 1 0 2 40 36 3 1333 2 225 48 614 0 1 2 325 45 35 0 1 2 325 38 225 0 1 2 325 52 14 0 1 2 325 43
4/4 614 0 1 0 0 42 35 0 1 0 0 29 225 0 1 0 0 54 14 0 1 0 0 46 15 0 1 3 333 62 225 1 25 1 15 55 74 1 25 1 15 44 224 0 1 2 275 38 45 0 1 2 275 41
4/4 225 2 125 0 0 45 74 2 25 0 0 46 224 0 1 0 0 27 45 0 1 0 0 26 75 0 3 0 1 48 74 2 175 0 1 47 225 3 667 2 225 60 224 3 1667 2 225 31 45 2 125 2 225 36 46 3 667 3 3333 57
4/4 75 2 275 0 0 54 46 3 583 0 0 75 76 2 175 3 333 53 524 0 1 1 5 41 224 0 1 1 15 36 45 0 1 1 15 40 74 0 1 1 15 38 76 3 333 2 275 62 76 2 25 2 375 46 64 2 25 2 375 33
4/4 76 2 125 0 0 59 64 2 25 0 0 44 35 0 1 0 1 50 14 0 1 0 1 37 65 0 1 0 1 43 66 2 125 0 1 61 526 2 125 2 225 48 66 2 75 2 325 48 223 2 25 2 325 38
4/4 66 0 4 0 0 52 14 0 1 1 5 31 64 0 1 1 5 49 45 0 1 1 5 26 223 1 5 2 275 38 15 2 125 2 275 54
4/4 35 0 1 0 0 41 46 0 1 0 0 42 64 0 1 0 0 37 46 0 1 0 0 50 15 0 1 0 0 52 66 0 1 0 1 60 16 3 1333 2 225 52 54 1 5 2 225 43 224 0 1 3 3333 34 45 0 1 3 3333 45 75 1 5 1 35 40
4/4 224 0 1 0 0 49 45 0 1 0 0 41 75 2 25 0 0 42 76 2 175 1 5 51 314 1 5 1 15 46 66 0 1 1 25 44 55 0 1 1 25 29 14 3 1333 3 2667 46 56 1 5 2 325 50 526 3 333 3 3667 40
4/4 14 3 333 0 0 47 526 3 333 0 0 43 56 3 667 2 25 53 76 3 1333 2 75 56 44 1 5 2 75 50 35 0 1 0 2 34 64 0 1 0 2 37 66 0 1 0 3 41
4/4 66 3 333 0 0 43 34 2 225 2 25 35 56 2 75 2 125 40 54 0 1 3 1333 46 14 0 1 3 1333 37 46 1 5 0 2 35 316 1 5 1 25 51 46 2 25 0 3 53 223 3 333 3 3667 33 46 2 25 2 375 44
4/4 223 3 1917 0 0 41 46 2 75 0 0 49 14 0 1 2 75 42 64 0 1 2 75 33 36 3 667 1 15 55 225 2 25 0 2 43 15 3 667 3 3333 41 74 0 1 3 3333 22 13 0 1 3 3333 26 315 1 5 1 35 33
4/4 15 3 833 0 0 41 74 0 1 0 0 18 13 0 1 0 0 39 315 2 275 0 0 29 25 2 125 2 75 45 316 1 5 3 2333 47 45 3 333 3 3667 19 75 2 25 2 375 34
4/4 15 0 4 0 0 24 43 0 2 0 0 26 46 0 4 0 0 43 45 3 5333 0 0 13 75 3 3083 0 0 32 13 0 1 1 15 34 54 0 1 2 275 33
4/4 74 0 3 0 0 33 15 2 175 0 0 33 46 2 375 0 0 35 14 2 175 1 15 28 55 1 5 2 325 33
4/4 615 0 1 1 15 32 46 0 1 1 15 24 47 3 1667 0 2 33
