4/4 12 0 1 2 25 72 35 0 1 2 75 52 54 0 1 2 75 55 75 0 1 0 1 57 24 0 1 0 1 68 53 2 75 0 1 58 15 3 333 2 175 84 23 2 75 2 175 65 34 0 1 1 25 68 75 2 25 1 25 80 75 0 1 0 3 80 35 0 1 0 3 80 73 0 1 0 3 70 615 3 333 3 3667 88
4/4 12 0 1 2 25 70 54 0 1 2 25 87 615 2 25 2 75 84 14 0 1 2 125 70 45 0 1 2 125 63 615 0 1 2 125 73 21 0 1 2 125 68 15 1 5 1 15 80 73 0 1 2 225 72 74 0 1 2 225 80 615 2 25 2 275 84 44 3 667 2 275 77 75 0 1 3 3333 92 22 0 1 3 3333 67 45 0 1 2 375 65 75 0 1 2 375 44 24 0 1 2 375 70
4/4 33 2 75 0 0 68 46 2 125 0 0 80 45 0 1 0 0 65 75 0 1 0 0 44 24 0 1 0 0 70 73 3 667 2 75 65 44 1 5 3 1333 62 54 0 1 0 2 58 35 0 1 0 2 77 24 0 1 3 2333 57 55 0 1 3 2333 57 74 0 1 3 2333 65 313 2 75 3 2667 59 25 3 1333 3 2667 74 73 3 667 3 3333 59
4/4 23 3 667 0 0 57 25 3 167 0 0 74 73 3 83 0 0 59 54 2 25 3 667 49 15 0 1 3 667 80 74 3 667 3 1333 56 54 2 25 0 2 52 75 1 5 3 2667 67 23 0 1 3 2667 48 313 2 25 3 3333 46 14 0 1 2 375 40 45 0 1 2 375 46 614 0 1 2 375 49
4/4 43 0 1 0 0 54 14 0 1 0 0 40 45 0 1 0 0 46 614 0 1 0 0 49 15 2 175 2 25 59 13 0 1 0 1 49 54 2 25 3 1667 52 614 3 333 1 25 46 523 0 1 1 35 35 23 0 1 1 35 35 613 0 1 1 35 33 24 0 1 2 375 27 525 0 1 2 375 30 614 0 1 2 375 35
4/4 523 0 1 0 0 35 23 0 1 0 0 35 613 0 1 0 0 33 24 0 1 0 0 27 525 0 1 0 0 30 614 0 1 0 0 35 25 2 375 2 25 36
4/4 523 0 1 0 0 35 23 0 1 0 0 35 613 0 1 0 0 33 24 0 1 0 0 27 525 0 1 0 0 30 614 0 1 0 0 35 25 0 1 0 0 36 24 2 25 2 375 47
4/4 53 2 25 0 1 46 75 1 5 0 1 67 74 0 1 2 225 54 22 0 1 2 225 44 24 1 5 3 3333 65
4/4 43 2 25 3 333 52 615 2 125 3 333 65 614 0 1 1 15 49 22 0 1 1 15 54 24 0 1 1 25 68 55 0 1 1 35 67 32 0 1 1 35 55
4/4 54 0 1 3 667 54 72 0 1 3 667 52 55 3 667 2 125 70 45 3 667 3 1667 74 35 3 667 2 225 70 45 0 1 2 275 70 22 2 25 2 275 53 44 0 1 2 375 47 72 0 1 2 375 48
4/4 44 0 1 0 0 47 72 0 1 0 0 48 24 1 5 2 75 63 14 2 125 2 175 72 12 2 25 2 175 53 34 0 1 2 275 54 52 0 1 2 275 56 35 2 25 3 3333 77 55 2 25 2 375 87
4/4 55 3 83 0 0 87 75 2 25 3 333 84 43 1 5 0 1 59 615 3 667 0 1 76 614 0 1 0 2 51 12 0 1 0 2 49 45 1 5 1 25 70 24 3 667 0 3 67 14 1 5 1 35 64
4/4 24 2 225 0 0 72 72 2 25 0 0 49 14 3 167 0 0 64 43 0 1 0 1 47 72 0 1 0 1 49 23 0 1 0 2 57 72 0 1 0 2 61 53 0 1 0 3 52 14 0 1 0 3 56 612 0 1 0 3 46 34 0 1 0 3 56 53 0 1 0 3 56
4/4 614 0 1 3 333 44 22 0 1 3 333 38 24 0 1 3 333 49 13 0 1 3 333 37 523 0 1 3 333 43 24 3 667 2 225 72 75 0 1 2 275 77 53 3 333 2 275 52 74 0 1 2 375 57 22 0 1 2 375 56
4/4 24 0 1 0 1 72 613 2 25 2 175 55 615 2 125 2 175 84 614 0 1 0 3 59 23 0 1 0 3 56 523 0 1 0 3 49
4/4 24 0 1 0 0 80 55 0 1 0 1 87 73 3 667 0 1 59 54 0 1 0 2 65 22 0 1 0 2 65 55 3 667 1 25 84 45 1 5 0 3 80 35 1 5 1 35 74
4/4 45 2 125 0 0 80 712 1 5 0 0 63 23 0 1 0 1 61 52 0 1 0 1 58 24 0 1 0 2 77 53 0 1 0 2 68 14 0 1 0 3 84 12 3 333 0 3 63
4/4 34 3 667 2 25 62 53 0 1 2 25 57 35 3 333 3 667 87 55 3 333 2 125 92 75 3 333 3 1667 87 14 0 1 0 2 62 45 0 1 0 2 63 14 0 1 0 2 84 22 1 5 2 225 63 44 0 1 3 3333 55 13 0 1 3 3333 51 612 0 1 3 3333 51 25 2 25 2 375 72
4/4 615 3 333 3 333 71 45 2 25 0 1 64 14 0 1 2 125 47 24 0 1 2 125 59 52 0 1 2 125 48 55 1 25 1 15 59 23 1 5 1 25 51 614 0 1 3 3667 42 13 0 1 3 3667 48
4/4 55 2 125 0 0 59 53 0 1 2 75 38 74 0 1 2 75 39 24 0 1 2 75 41 23 0 1 2 75 36 53 0 1 2 75 32 25 0 1 0 3 65
4/4 54 2 25 0 0 43 76 0 1 0 0 70 25 2 25 0 0 65 75 0 1 0 1 51 23 0 1 0 1 51 75 0 1 2 225 53 25 0 1 2 225 67 23 0 1 2 225 53 616 2 75 2 325 73 44 2 25 2 325 53
4/4 616 1 5 0 0 73 615 0 1 2 25 52 23 0 1 2 25 48 615 0 1 2 125 57 25 0 1 2 125 70 23 0 1 2 125 56 56 0 1 3 2333 66 34 2 25 3 2333 52 55 0 1 3 3333 49 73 0 1 3 3333 48
4/4 56 3 667 0 0 65 55 0 1 3 333 62 73 0 1 3 333 57 46 3 667 1 5 64 36 3 667 0 1 64 23 2 25 1 15 52 46 2 125 1 15 65 45 0 1 1 25 49 73 0 1 1 25 48 45 0 1 1 35 59 25 0 1 1 35 70 73 0 1 1 35 54
4/4 15 3 1667 1 5 70 13 2 25 1 5 46 35 0 1 1 15 50 53 0 1 1 15 50 36 1 5 0 2 70 56 0 1 1 25 68 54 0 1 1 25 52 34 0 1 1 25 53 76 2 25 0 3 65 616 1 5 1 35 73 44 2 25 1 35 53
4/4 616 1 5 0 0 73 14 0 1 3 667 47 614 0 1 3 667 48 46 2 75 0 1 65 25 1 5 3 1667 68 615 0 1 3 1667 68 13 0 1 3 1667 55 15 3 667 0 2 77 73 2 25 3 2667 55 25 3 1333 3 2667 77 24 0 1 3 3667 51 43 0 1 3 3667 50
4/4 74 0 1 3 667 51 75 0 1 3 667 65 43 0 1 3 667 53 15 3 333 2 125 68 14 0 1 3 1667 54 615 0 1 3 1667 62 23 0 1 3 1667 52 25 0 1 3 1667 62 54 0 1 3 1667 63 525 0 1 2 275 50 14 0 1 2 275 47 615 0 1 2 275 46 25 0 1 2 275 51 22 0 1 2 275 46
4/4 25 3 667 1 5 84 76 0 1 0 1 72 53 0 1 0 1 49 75 0 1 2 225 51 23 0 1 2 225 54 75 0 1 2 325 56 23 0 1 2 325 51 25 2 75 2 325 68
4/4 25 2 25 0 0 68 614 3 333 2 25 58 616 2 125 2 25 79 615 0 1 2 125 53 524 0 1 2 125 46 615 0 1 3 2333 59 25 0 1 3 2333 74 524 0 1 3 2333 54 74 2 25 3 3333 50 56 3 667 3 3333 68
4/4 56 3 333 0 0 68 24 0 1 3 333 52 54 0 1 3 333 55 56 1 5 0 1 70 24 0 1 1 15 55 55 0 1 1 15 50 45 0 1 1 15 63 36 3 333 0 2 70 713 2 25 3 2333 54 46 2 125 1 25 74 24 0 1 1 35 49 53 0 1 1 35 49
4/4 24 0 1 1 5 59 54 0 1 1 5 46 25 0 1 1 5 67 54 0 1 1 5 63 13 2 25 1 15 55 15 2 175 1 15 72 54 0 1 1 25 53 34 0 1 1 25 30 36 1 5 0 3 80 35 0 1 1 35 60 56 0 1 1 35 78 53 0 1 1 35 56
4/4 76 3 333 0 0 78 15 0 1 3 333 59 46 0 1 3 333 63 15 0 1 3 333 72 23 2 25 1 5 54 614 0 1 1 15 48 44 0 1 1 15 51 26 2 25 0 2 66 45 0 1 1 25 57 616 0 1 1 25 67 613 0 1 1 25 55 46 2 25 0 3 60 15 0 1 3 3333 51 25 0 1 3 3333 63 55 0 1 3 3333 59 53 2 25 1 35 52
4/4 15 0 1 0 0 51 25 0 1 0 0 63 55 0 1 0 0 59 23 2 25 3 667 52 14 0 1 3 1667 48 615 0 1 3 1667 50 14 0 1 3 1667 57 54 0 1 2 275 38 75 0 1 2 275 44 24 0 1 2 275 38 55 0 1 2 275 39 24 0 1 2 275 44
4/4 55 2 25 2 75 87 615 2 25 2 125 87 74 0 1 2 175 64 35 0 1 2 175 62 55 0 1 2 175 67 74 0 1 2 175 74 12 0 1 0 2 62 53 1 5 3 2667 67 23 1 5 2 325 70 75 2 25 3 3667 77 34 3 333 3 3667 52
4/4 34 3 167 0 0 52 74 0 1 2 25 58 74 0 1 2 25 80 75 0 1 3 667 65 33 0 1 3 667 49 74 0 1 2 125 58 12 0 1 2 125 58 74 0 1 2 125 77 35 3 1333 2 125 63 53 1 5 2 175 54 23 1 5 2 225 61 34 0 1 3 2667 54 614 0 1 3 2667 81 55 0 1 2 325 85 73 0 1 2 325 61 34 2 25 3 3667 52 615 3 333 3 3667 85
4/4 14 0 3 2 25 61 45 1 35 2 25 73 22 2 75 2 25 54 73 1 5 3 667 49 13 1 5 2 125 64 73 1 5 2 175 58 44 1 5 2 225 64 73 1 5 2 275 54 22 3 667 2 325 49 73 2 25 2 375 40
4/4 73 2 25 0 0 40 13 1 5 2 25 41 24 0 1 2 75 78 72 0 1 2 75 47 35 0 1 3 1333 78 43 0 1 3 1333 47 45 0 1 2 175 75 72 0 1 2 175 47 54 0 1 2 225 63 74 0 1 2 225 62 24 0 1 2 225 68 54 0 1 2 225 71 32 2 75 3 2333 71 72 1 5 0 3 68 33 1 5 1 35 67
4/4 55 2 25 0 0 71 53 3 667 0 0 67 73 1 5 3 333 70 55 2 25 1 5 83 55 2 25 0 1 75 23 1 5 0 1 72 614 0 1 3 1333 71 33 0 1 3 1333 79 54 0 1 3 1333 68 14 3 1333 1 15 65 13 1 5 0 2 64 44 1 5 1 25 67 45 0 1 0 3 78 613 0 1 0 3 65 35 0 1 1 35 87 43 0 1 1 35 64
4/4 13 0 1 0 0 70 44 0 1 0 0 78 44 0 1 1 5 64 614 0 1 1 5 68 23 0 1 1 5 78 72 3 667 3 667 77 43 3 333 2 125 65 73 1 5 3 1667 67 13 1 5 2 225 62 23 1 5 2 275 62 44 2 75 2 325 54 15 0 1 2 375 53 24 0 1 2 375 46 45 0 1 2 375 47 615 0 1 2 375 49 613 0 1 2 375 38
4/4 15 0 1 0 0 53 24 0 1 0 0 46 45 0 1 0 0 47 615 0 1 0 0 49 613 0 1 0 0 38 24 3 667 0 2 87 34 0 1 0 3 62 54 0 1 0 3 65 12 0 1 0 3 65 713 0 1 0 3 78 53 3 333 3 3667 64
4/4 13 1 5 0 0 64 53 3 167 0 0 64 14 0 1 1 5 87 33 0 1 1 5 52 35 0 1 0 1 92 53 0 1 0 1 70 34 0 1 1 15 65 54 0 1 1 15 92 42 0 1 2 225 74 44 0 1 2 225 80 14 2 175 2 225 72 614 0 1 2 225 76 12 1 5 3 2667 67 43 3 667 2 325 77 613 3 333 3 3667 77
4/4 613 3 167 0 0 77 13 0 1 2 25 74 34 0 1 2 25 96 44 2 25 3 667 70 44 2 25 0 1 58 44 0 1 0 1 67 614 0 1 0 1 76 21 0 1 0 1 80 224 0 1 2 125 84 21 0 1 2 125 80 613 1 5 3 1667 68 23 1 5 2 225 74 24 0 1 3 2667 87 43 0 1 3 2667 70 614 2 25 2 325 71 45 3 667 2 325 92 615 3 333 3 3667 88
4/4 24 0 1 0 0 74 45 0 1 0 0 62 614 0 1 0 0 62 52 0 1 2 25 77 14 0 1 2 25 84 22 2 25 2 75 72 53 1 5 2 125 74 73 0 1 2 175 64 74 0 1 2 175 87 15 0 1 2 225 84 45 0 1 2 225 72 24 0 1 2 225 80 615 0 1 2 225 70 22 0 1 2 225 67 44 2 25 2 275 58 24 0 1 2 325 70 55 0 1 2 325 67 75 0 1 2 325 72 24 0 1 2 325 77 313 1 5 3 3333 66 73 2 25 2 375 57
4/4 24 0 1 0 0 70 55 0 1 0 0 67 75 0 1 0 0 72 24 0 1 0 0 77 73 3 417 0 0 57 23 1 5 3 333 59 54 2 25 0 1 55 15 0 1 1 15 68 73 0 1 1 15 54 25 0 1 0 2 65 24 2 25 0 2 51 24 0 1 1 25 44 74 0 1 1 25 46 314 0 1 1 25 43 53 0 1 1 25 52 55 0 1 1 25 65
4/4 45 3 333 2 75 84 55 2 25 3 1333 77 12 0 1 2 175 37 72 0 1 2 175 44 34 0 1 0 2 45 54 0 1 0 2 48 73 0 1 0 2 49 24 2 125 2 225 60
4/4 12 0 1 0 0 37 72 0 1 0 0 44 14 1 5 3 333 77 24 2 325 2 75 74 54 1 25 1 15 61 13 0 1 1 15 37 21 0 1 1 15 39
4/4 54 3 1167 0 0 61 24 2 275 0 0 74 13 0 1 0 0 37 21 0 1 0 0 39 524 3 1333 2 125 33
4/4 24 0 3 3 333 80 75 0 2 3 1667 50 53 2 25 3 1667 39 74 0 1 2 225 51 22 0 1 2 225 46 74 0 1 3 2667 63 22 0 1 3 2667 59 74 0 1 2 325 72 22 0 1 2 325 68 24 2 25 2 375 80 53 2 25 2 375 61
4/4 24 3 417 0 0 80 23 2 25 2 25 62 43 2 25 2 75 65 615 1 15 2 75 81 614 0 1 3 1333 49 22 0 1 3 1333 53 614 0 1 2 175 76 22 0 1 2 175 65 614 0 1 2 225 73 22 0 1 2 225 63 24 0 1 2 275 84 42 0 1 2 275 49 23 3 333 3 3333 70 74 0 1 3 3667 68 24 0 1 3 3667 64 54 0 1 3 3667 84 33 2 25 2 375 74
4/4 74 0 1 0 0 68 24 0 1 0 0 64 54 0 1 0 0 84 73 0 1 1 5 55 53 0 1 1 5 50 54 0 1 0 1 63 72 0 1 0 1 64 55 0 1 3 1333 84 54 0 1 3 1333 74 72 0 1 3 1333 63 33 0 1 0 2 67 44 0 1 0 2 87 35 2 25 3 2333 87 45 0 1 0 3 80 73 0 1 0 3 72 22 2 25 0 3 63 73 0 1 1 35 56 43 0 1 1 35 55
4/4 73 0 1 0 0 55 43 0 1 0 0 67 45 0 1 0 0 80 73 0 1 0 0 72 73 0 1 1 5 57 43 0 1 1 5 68 24 3 667 0 1 84 22 2 25 0 1 56 73 2 25 1 15 70 14 3 1667 0 2 70 12 2 25 0 2 56 53 0 1 3 2667 52 33 0 1 3 2667 53 34 0 1 0 3 67 52 0 1 0 3 61 34 0 1 3 3667 61 52 0 1 3 3667 58 35 0 1 3 3667 87 52 0 1 3 3667 58
4/4 12 0 1 2 25 72 54 0 1 2 25 87 53 0 1 3 667 74 74 0 1 3 667 77 615 3 667 2 125 88 43 3 333 2 125 67 614 0 1 3 1667 64 12 0 1 3 1667 55 614 0 1 2 225 70 12 0 1 2 225 62 614 0 1 3 2667 73 12 0 1 3 2667 55 45 2 75 3 2667 84 24 0 1 2 325 84 42 0 1 2 325 63 14 0 1 3 3667 74 12 0 1 3 3667 68
4/4 44 0 1 0 0 68 74 0 1 0 0 72 23 0 1 0 0 68 72 3 667 2 25 77 43 1 5 3 667 67 13 3 667 2 125 74 23 1 5 3 1667 80 44 3 333 2 225 88 14 3 667 3 2667 87 13 0 1 2 325 62 54 0 1 2 325 72 21 0 1 2 325 61 614 0 1 2 325 73 23 0 1 2 325 74
4/4 614 0 1 0 0 73 23 0 1 0 0 74 524 3 333 3 333 49 21 2 75 3 333 47 25 2 25 0 2 84 75 0 1 1 25 51 24 0 1 1 25 46 53 2 75 3 2667 55 76 2 125 2 275 57 23 1 5 2 325 65 54 2 25 2 375 74
4/4 75 0 1 0 0 51 24 0 1 0 0 46 54 3 417 0 0 74 76 1 5 0 0 57 614 2 75 2 25 78 74 0 1 2 75 74 24 0 1 2 75 80 24 2 25 2 125 80 615 0 1 1 15 70 25 0 1 1 15 50 525 0 1 1 15 76 613 3 667 2 175 68 616 2 125 2 175 76 524 1 5 2 225 68 614 2 25 2 275 78 24 1 5 2 325 80 25 0 1 2 375 87 613 0 1 2 375 70
4/4 25 0 1 0 0 87 613 0 1 0 0 70 524 3 333 3 333 71 55 0 1 3 667 67 75 0 1 3 667 60 25 0 1 3 667 77 55 0 1 3 667 75 73 2 75 2 75 74 54 3 667 3 1333 68 74 2 25 2 175 80 24 0 1 3 2333 77 55 0 1 3 2333 86 74 0 1 2 275 74 45 0 1 2 275 84 54 0 1 3 3333 72 35 0 1 3 3333 84 55 0 1 3 3667 64 715 0 1 3 3667 67 45 0 1 3 3667 77 25 2 25 2 375 77 713 2 25 2 375 69
4/4 55 0 1 0 0 64 715 0 1 0 0 67 45 0 1 0 0 77 25 2 125 0 0 77 713 3 417 0 0 69 54 1 5 3 333 68 714 2 25 2 75 76 24 1 5 3 1333 77 714 1 5 0 2 73 25 2 75 0 2 80 54 3 333 3 2333 70 35 0 1 3 2667 82 55 0 1 3 2667 74 15 0 1 3 2667 80 12 0 1 3 2667 80 54 1 5 1 35 70
4/4 14 1 5 0 0 74 24 3 667 3 333 72 36 2 25 3 333 87 35 0 1 0 1 72 55 0 1 0 1 91 55 0 1 3 1333 70 75 0 1 3 1333 91 15 0 1 2 175 72 46 0 1 2 175 62 15 0 1 2 175 78 616 3 1333 0 2 76 23 0 1 0 2 74 15 0 1 0 2 78 614 1 5 1 25 70 24 1 5 0 3 80 45 1 5 1 35 72 26 2 25 1 35 82
4/4 615 0 1 0 0 65 616 0 1 0 0 79 14 0 1 0 0 74 45 3 167 0 0 72 46 2 25 1 5 74 15 0 1 2 75 65 25 0 1 2 75 80 55 0 1 2 75 82 53 2 75 0 1 72 23 1 5 1 15 63 54 3 333 0 2 61 14 3 667 3 2667 54 15 0 1 2 325 60 615 0 1 2 325 59 23 0 1 2 325 49 55 2 25 2 375 54
4/4 55 0 1 2 25 42 74 0 1 2 25 45 54 0 1 3 333 31 23 0 1 3 333 36 25 0 1 1 5 46 55 0 1 1 5 47 22 2 75 2 325 80
4/4 22 2 25 0 0 80 52 2 75 3 333 74 22 1 5 0 1 74 56 0 1 3 1333 78 54 0 1 3 1333 84 53 1 5 1 15 74 73 0 1 0 2 64 525 0 1 0 2 88 525 0 1 0 2 79 53 0 1 1 25 70 44 0 1 1 25 74 25 0 1 1 25 84 23 0 1 1 25 65 56 0 1 1 25 86 75 0 1 1 25 74 54 0 1 1 25 84 35 0 1 3 3333 65 55 0 1 3 3333 62 35 0 1 3 3333 84 12 0 1 1 35 84 35 0 1 1 35 84
4/4 53 0 1 0 0 65 46 0 1 0 0 84 44 0 1 0 0 77 23 0 1 1 5 68 36 0 1 1 5 80 34 0 1 1 5 65 34 0 1 0 1 61 25 0 1 0 1 70 23 0 1 0 1 72 55 0 1 1 15 77 34 0 1 1 15 80 54 0 1 1 15 67 73 0 1 1 15 74 36 2 125 1 15 92 45 0 1 3 2667 84 41 0 1 3 2667 85 12 2 25 0 3 55 45 0 1 3 3667 84 46 0 1 3 3667 74 615 0 1 3 3667 71 15 0 1 3 3667 68 612 0 1 3 3667 66
4/4 315 0 1 2 25 84 316 0 1 2 25 73 12 0 1 2 25 62 44 0 1 3 667 67 613 0 1 3 667 63 46 0 1 3 667 87 45 0 1 3 667 87 12 0 1 3 667 51 24 0 1 3 1333 70 45 0 1 3 1333 64 75 0 1 3 1333 72 24 0 1 3 1333 70 72 3 667 1 15 88 43 0 1 0 2 64 35 0 1 0 2 74 35 0 1 0 2 80 13 0 1 3 2667 63 24 0 1 3 2667 77 24 0 1 3 2667 74 23 0 1 0 3 62 14 0 1 0 3 77 14 0 1 0 3 80 45 0 1 3 3667 80 25 0 1 3 3667 92 74 0 1 3 3667 74 74 0 1 3 3667 72 43 0 1 3 3667 67 24 3 333 3 3667 84
4/4 45 0 1 0 0 80 25 0 1 0 0 92 74 0 1 0 0 74 24 3 917 0 0 84 32 0 1 3 667 81 54 0 1 3 667 87 72 2 25 0 1 63 53 0 1 3 1667 64 35 0 1 3 1667 77 35 0 1 3 1667 87 24 0 1 0 2 80 25 0 1 0 2 74 72 0 1 0 2 63 23 0 1 3 2667 72 33 0 1 3 2667 70 73 0 1 3 2667 56 36 0 1 3 2667 96 53 0 1 3 2667 64 34 0 1 3 2667 87 14 0 1 1 35 56 35 0 1 1 35 65 55 0 1 1 35 72 612 0 1 1 35 73 14 0 1 1 35 84
4/4 53 0 1 0 0 62 23 0 1 0 0 77 25 2 25 2 25 80 15 0 1 3 667 80 14 0 1 3 667 74 12 0 1 3 667 61 74 0 1 2 125 70 74 0 1 2 125 68 34 3 333 2 125 54 14 0 1 3 1667 67 613 0 1 3 1667 62 54 0 1 3 1667 74 54 0 1 3 1667 65 612 0 1 3 1667 62 15 3 667 2 175 78 22 1 5 3 2667 77 613 3 333 2 325 66 25 0 1 3 3667 72 24 0 1 3 3667 67 22 0 1 3 3667 67
4/4 54 0 1 2 25 59 15 0 1 2 25 79 13 0 1 2 25 67 614 0 1 2 75 66 23 0 1 2 75 58 524 0 1 2 75 57 75 0 1 2 75 82 73 0 1 2 75 71 14 0 1 3 1333 71 14 0 1 3 1333 82 24 0 1 2 175 72 55 0 1 2 175 70 75 0 1 2 175 74 24 0 1 2 175 77 52 2 75 2 175 71 22 1 5 3 2333 67 53 3 667 2 275 72 73 3 667 3 3333 70 23 2 25 2 375 67
4/4 23 3 83 0 0 67 54 3 667 3 333 63 53 2 25 0 1 62 55 0 1 0 2 56 74 0 1 0 2 49 23 0 1 0 2 49 56 0 1 0 2 78 74 0 1 0 2 49 23 0 1 0 2 49 526 1 5 3 2333 67 54 0 1 0 3 55 55 0 1 0 3 75 55 0 1 2 375 60 75 0 1 2 375 63 13 0 1 2 375 54 35 0 1 2 375 77
4/4 55 0 1 0 0 60 75 0 1 0 0 63 13 0 1 0 0 54 35 0 1 0 0 77 46 2 25 3 333 67 54 0 1 2 75 53 34 0 1 2 75 57 36 3 333 2 75 70 25 2 25 3 1333 60 14 2 25 2 175 58 55 3 333 2 175 68 36 0 1 0 2 67 615 0 1 2 275 55 44 0 1 2 275 56 43 0 1 2 275 67 44 0 1 2 275 56 14 0 1 3 3667 63 46 0 1 3 3667 80 613 0 1 3 3667 64
4/4 316 3 333 2 25 78 614 0 1 3 667 71 46 0 1 3 667 72 13 0 1 3 667 59 45 0 1 3 667 70 43 0 1 3 667 55 45 0 1 1 15 64 75 0 1 1 15 72 72 0 1 1 15 70 24 0 1 1 15 84 36 2 25 0 2 80 43 0 1 1 25 54 25 0 1 1 25 74 22 0 1 1 25 51 15 2 25 0 3 72 44 0 1 1 35 63 73 0 1 1 35 61 22 0 1 1 35 52 25 1 5 1 35 77 45 0 1 1 35 70 22 0 1 1 35 52 75 1 5 1 35 70
4/4 25 2 75 0 0 77 75 2 25 0 0 70 33 0 1 1 5 72 54 0 1 1 5 80 73 0 1 3 1333 63 54 0 1 3 1333 61 36 0 1 3 1333 80 55 0 1 3 1333 80 22 0 1 3 1333 50 25 2 25 2 175 77 24 0 1 3 2333 70 34 0 1 3 2333 65 54 0 1 3 2333 65 36 0 1 3 2333 87 74 0 1 3 2333 60 54 0 1 3 2333 65 35 0 1 2 325 68 55 0 1 2 325 70 612 0 1 2 325 59 14 0 1 2 325 84 25 2 25 2 375 70
4/4 33 0 1 2 25 59 13 0 1 2 25 56 14 0 1 2 25 77 75 2 25 3 667 64 54 0 1 2 125 59 34 0 1 2 125 51 35 0 1 2 125 70 12 0 1 2 125 52 15 0 1 2 125 74 55 3 667 2 125 68 22 0 1 2 225 72 23 0 1 2 225 83 24 0 1 0 3 62 524 0 1 0 3 55 615 0 1 2 325 62 613 0 1 2 325 64 524 0 1 2 325 68 25 0 1 2 325 80 22 0 1 2 325 51 15 0 1 3 3667 80 13 0 1 3 3667 74
4/4 614 0 1 2 25 70 75 0 1 2 25 74 74 0 1 2 25 84 524 0 1 2 25 46 22 0 1 2 25 53 615 0 1 3 667 71 613 0 1 3 667 68 52 3 667 2 125 71 55 3 1667 2 125 77 24 2 125 2 125 80 22 3 333 3 1667 58 53 3 333 2 225 61 13 3 667 3 2667 68 23 3 333 0 3 77 54 3 333 3 3667 88
4/4 56 3 1333 0 0 82 14 1 5 0 0 67 54 3 167 0 0 88 24 2 25 1 5 65 55 2 25 0 1 72 15 2 25 1 15 87 25 2 25 0 2 92 46 3 333 1 25 84 54 2 125 2 275 61 55 0 1 2 275 63 715 0 1 2 275 58 24 0 1 2 275 67 25 0 1 2 275 77 55 0 1 2 275 75
4/4 46 0 1 0 0 92 44 0 1 0 0 74 54 2 175 0 0 61 55 1 5 3 333 77 315 0 1 0 1 84 316 0 1 0 1 88 14 0 1 0 1 74 715 0 1 2 175 69 24 0 1 2 175 62 54 0 1 2 175 67 24 0 1 2 175 92 14 0 1 2 275 57 54 0 1 2 275 72 15 0 1 2 275 92 614 0 1 2 275 69 714 0 1 2 375 66 54 0 1 2 375 68 715 0 1 2 375 88 54 0 1 2 375 72
4/4 714 0 1 0 0 66 54 0 1 0 0 68 715 0 1 0 0 88 54 0 1 0 0 72 74 0 1 3 667 62 13 0 1 3 667 67 15 0 1 3 667 96 44 0 1 3 667 65 15 0 1 0 2 74 74 0 1 0 2 65 45 0 1 0 2 65 13 0 1 0 2 52 54 0 1 0 2 60 74 0 1 1 25 70 15 0 1 1 25 72 55 0 1 1 25 68 45 0 1 1 25 67 12 0 1 1 25 58 13 0 1 1 35 49 14 0 1 1 35 53 15 0 1 1 35 60 314 0 1 1 35 53 315 0 1 1 35 57 55 0 1 1 35 54 53 0 1 1 35 48
4/4 14 0 1 3 333 33 55 0 1 3 333 57 315 0 1 3 333 48 15 0 1 3 333 50 17 2 25 3 667 62
4/4 44 3 667 0 3 44 45 0 1 0 3 54 615 0 1 2 375 62 14 0 1 2 375 49 613 0 1 2 375 48
4/4 15 2 25 1 5 74 44 2 25 3 1333 50 25 2 75 3 1333 74 24 0 1 0 2 48 73 0 1 0 2 49 15 1 5 3 2333 74 75 2 25 2 275 65 44 3 333 1 35 50 15 1 5 1 35 74
4/4 15 3 167 0 0 74 14 0 1 3 333 50 613 0 1 3 333 44 75 1 5 3 667 70 615 2 25 0 1 67 44 2 25 2 175 52 75 3 1333 2 175 70 24 0 1 1 25 43 73 0 1 1 25 47 615 1 5 2 275 62 55 2 25 2 325 68
4/4 45 1 5 0 0 70 44 2 25 0 0 48 75 2 25 2 75 70 24 0 1 2 75 47 73 0 1 2 75 48 25 2 25 1 15 84 36 2 75 2 225 80 44 2 25 2 225 48 35 1 5 0 3 55 14 0 1 0 3 49 25 1 5 3 3333 68 15 2 25 2 375 68
4/4 25 3 667 1 5 70 44 2 25 1 5 48 24 0 1 2 125 50 73 0 1 2 125 45 15 1 5 1 15 67 75 2 25 0 2 62 15 3 1333 3 2667 63 314 0 1 3 2667 49 12 0 1 3 2667 44 23 0 1 3 3333 43 43 0 1 3 3333 52
4/4 314 0 1 0 0 54 53 0 1 0 0 54 15 3 917 0 0 63 45 0 1 2 75 63 43 0 1 2 75 55 615 2 25 3 1667 76 14 0 1 3 1667 51 613 0 1 3 1667 48 15 2 25 3 2333 84 46 2 75 0 3 74 54 0 1 0 3 56 74 0 1 2 375 49 23 0 1 2 375 53
4/4 74 0 1 0 0 49 23 0 1 0 0 53 54 2 25 0 0 56 46 2 25 1 5 77 614 0 1 2 125 47 45 0 1 2 125 70 14 0 1 0 2 48 44 0 1 0 2 49 316 2 25 2 225 58 25 2 25 2 275 68 15 3 667 3 3333 77 614 2 25 1 35 46
4/4 15 3 833 0 0 77 45 0 1 2 25 57 13 0 1 2 25 50 45 2 25 0 1 67 24 0 1 1 15 53 45 0 1 1 15 64 74 0 1 1 15 67 73 3 333 3 1667 57 44 2 25 3 2333 57 14 0 1 0 3 59 75 0 1 0 3 63 45 0 1 0 3 67 23 0 1 0 3 65 14 0 1 2 375 52 64 0 1 2 375 43 45 0 1 2 375 53 13 0 1 2 375 41 64 0 1 2 375 60
4/4 55 2 25 3 667 67 45 2 25 3 1333 68 614 2 75 0 2 67 43 2 25 0 2 43 45 0 2 0 2 65 13 1 5 0 3 47 614 3 333 2 325 58 44 0 1 1 35 43 13 0 1 1 35 55
4/4 614 2 25 0 0 54 45 1 5 0 0 65 43 0 1 2 25 46 23 0 1 2 25 44 73 0 1 2 25 62 24 0 1 0 1 49 44 0 1 0 1 53 614 0 1 2 275 64 43 0 1 2 275 58 43 2 125 2 275 50 13 1 5 1 35 49 44 2 25 2 375 65
4/4 13 1 5 0 0 49 43 3 417 0 0 50 44 2 25 0 0 65 614 3 333 2 25 65 44 0 2 1 5 52 43 0 1 0 1 36 73 0 1 0 1 37 23 0 1 0 1 42 53 0 1 0 1 52 74 3 667 2 175 57 13 0 1 2 325 48 43 0 1 2 325 50 42 0 1 1 35 54 613 0 1 1 35 81
4/4 42 0 1 0 0 54 613 0 1 0 0 81 12 1 5 2 25 59 54 1 5 1 5 65 613 0 1 0 1 51 613 0 1 0 1 67 54 2 25 3 1333 54 74 0 1 2 175 62 43 0 1 2 175 56 23 0 1 2 175 46 43 0 1 2 175 45 72 0 1 2 175 46 45 1 5 3 2667 64
4/4 614 0 1 2 25 67 44 3 667 2 25 62 43 1 15 2 25 54 13 2 75 0 1 46 44 3 333 2 125 53 614 3 333 3 1667 53 44 0 2 0 2 48 43 0 1 1 25 38 23 0 1 1 25 34 73 0 1 1 25 37 53 0 1 1 25 44
4/4 42 2 25 0 1 57 44 2 75 0 1 77 614 2 25 3 1667 78 13 0 1 2 175 56 612 0 1 2 175 62 14 0 1 1 25 80 42 0 1 1 25 52 24 2 75 2 325 84 43 3 333 2 325 59
4/4 23 0 1 0 0 50 72 0 1 0 0 52 14 1 5 2 25 77 74 2 25 3 667 65 44 0 1 2 125 61 614 0 1 2 125 67 13 0 1 2 125 74 43 2 25 3 1333 58 613 0 1 0 2 48 12 0 1 0 2 46 74 2 25 3 2333 80 614 2 25 2 275 71 74 1 5 1 35 84 43 3 333 1 35 59
4/4 74 3 833 0 0 84 23 0 1 2 25 55 72 0 1 2 25 56 614 1 5 1 5 67 54 2 25 0 1 77 44 0 1 3 1667 80 42 0 1 3 1667 61 74 0 1 3 2333 77 23 0 1 3 2333 64 72 0 1 3 2333 62 24 2 25 0 3 87 35 2 25 2 375 92 43 2 25 2 375 58
4/4 35 2 75 0 0 92 43 3 83 0 0 58 34 0 1 3 667 55 12 0 1 3 667 53 24 3 667 0 1 72 14 3 333 3 1333 70 44 0 1 0 2 58 74 0 1 0 2 62 43 0 1 0 2 59 23 0 1 0 2 70 23 0 1 2 275 54 72 0 1 2 275 54 14 3 333 2 325 74 74 3 333 3 3667 80
4/4 14 0 1 2 25 68 314 0 1 2 25 65 53 0 1 2 25 65 12 2 25 2 25 61 22 2 25 0 1 80 313 3 333 3 1667 84 42 0 1 1 25 64 42 0 1 1 25 72 44 2 75 1 25 80 13 0 1 2 325 65 614 0 1 2 325 88 612 0 1 2 325 62
4/4 14 3 333 0 0 92 44 0 1 3 333 63 74 0 1 3 333 70 13 0 1 3 333 80 52 2 25 3 667 77 45 2 75 3 667 80 53 0 1 3 1333 64 23 0 1 3 1333 64 72 0 1 3 1333 62 44 0 1 0 2 84 14 0 1 0 2 80 44 0 1 0 2 80 44 0 1 3 2667 61 614 0 1 3 2667 81 14 0 1 3 2667 84 44 0 1 3 2667 84 612 2 25 2 275 83 43 0 1 1 35 58 12 0 1 1 35 67 315 2 25 2 375 81
4/4 43 0 1 0 0 58 12 0 1 0 0 67 24 2 25 2 25 87 14 3 1667 0 1 84 44 0 1 0 1 80 612 2 25 0 1 62 43 0 1 2 175 63 12 0 1 2 175 67 44 2 25 1 25 70 43 3 667 1 25 53 23 0 1 0 3 67 44 0 1 0 3 77 74 0 1 0 3 84 71 0 1 0 3 70
4/4 43 0 1 0 0 61 13 0 1 3 667 55 74 0 1 3 667 80 43 0 1 3 667 54 13 0 1 2 125 62 44 0 1 2 125 57 63 0 1 2 125 67 12 0 1 3 1333 46 62 0 1 3 1333 46 54 2 25 2 225 57 44 2 25 0 3 59 613 0 1 1 35 48 12 0 1 1 35 56 42 2 25 2 375 46 44 2 25 2 375 56
4/4 613 0 1 0 0 48 12 0 1 0 0 56 42 3 1417 0 0 46 44 2 225 0 0 56 12 0 1 3 667 49 613 3 333 0 1 63 13 3 333 3 1333 63 613 2 25 3 1667 58 22 0 1 0 2 41 42 0 1 0 2 40 72 0 1 0 2 58 44 0 1 2 275 49 12 0 1 2 275 46
4/4 614 0 1 1 5 70 43 0 1 1 5 64 43 2 175 1 5 61 13 0 1 2 125 67 44 1 5 1 15 80 614 3 333 0 2 84 44 1 15 3 2333 74 43 0 1 2 275 42 22 0 1 2 275 48 54 0 1 2 275 61 74 3 333 3 3667 58
4/4 43 0 1 0 0 42 22 0 1 0 0 48 14 0 1 0 1 62 44 0 1 0 1 51 42 0 1 2 125 68 614 0 1 2 125 84 12 0 1 0 2 64 54 0 1 0 2 74 615 0 1 2 275 88 612 0 1 2 275 66 55 2 25 2 325 77 42 0 1 1 35 62 24 0 1 1 35 77 75 0 1 1 35 87 44 0 1 1 35 77
4/4 45 0 1 2 25 63 46 0 1 2 25 72 21 0 1 2 25 61 73 2 25 0 1 58 14 3 1333 1 15 52 45 0 1 2 175 57 614 0 1 2 175 73 43 3 667 2 175 63 13 3 333 3 2667 53 614 2 25 3 3333 51
4/4 14 3 1667 0 0 51 15 0 1 0 0 64 25 0 1 2 75 77 36 3 333 3 1667 64 65 0 1 3 2333 33 44 0 1 3 2333 32 15 0 1 3 2333 40 45 0 1 3 2333 49 14 0 1 3 2333 35 43 0 1 3 2333 32
4/4 46 0 1 2 25 77 74 0 1 0 1 47 74 0 1 0 1 58 45 0 1 3 1667 50 56 0 1 3 1667 60 23 0 1 3 1667 44 25 2 25 1 25 67 55 0 1 0 3 42 34 0 1 0 3 40 24 0 1 0 3 30 74 0 1 0 3 42 36 3 667 3 3333 47
4/4 55 0 1 0 0 42 34 0 1 0 0 40 24 0 1 0 0 30 74 0 1 0 0 42 36 3 833 0 0 47 74 0 1 0 2 60 12 0 1 0 2 53 55 0 1 0 2 67 35 0 1 0 2 65 35 0 1 0 2 65 25 3 333 2 275 92 75 1 5 1 35 92
4/4 35 0 1 0 0 59 65 0 1 0 0 56 14 0 1 0 0 84 43 3 333 2 25 63 13 1 5 0 1 57 15 2 175 2 175 77 64 2 25 2 175 49 45 1 15 1 25 63 73 1 5 1 25 53 25 2 75 1 25 68 36 3 667 2 325 68 44 2 25 2 325 54
4/4 24 0 1 0 0 49 45 0 1 0 0 65 55 0 3 2 75 64 33 2 75 2 75 56 73 1 5 1 15 48 54 2 25 3 2333 44 74 2 75 2 325 44 24 3 333 2 325 39
4/4 65 1 5 0 0 87 74 0 1 0 0 44 55 1 5 3 333 77 525 2 25 2 75 84 55 2 25 0 1 67 54 0 1 1 15 44 23 0 1 1 15 51 55 3 2333 3 1667 60 715 2 225 2 175 64 36 0 1 2 175 65 25 2 75 2 325 80
4/4 53 2 75 0 0 59 25 2 75 0 0 80 55 3 167 0 0 60 715 3 417 0 0 64 55 0 1 2 75 87 22 0 1 2 75 57 714 2 25 1 15 71 35 0 2 2 175 68 75 2 125 0 2 77 25 0 1 2 225 74 62 0 1 2 225 64 34 3 333 0 3 53 14 0 1 3 3667 51 15 0 1 3 3667 72 54 0 1 3 3667 63
4/4 14 0 1 0 0 51 15 0 1 0 0 72 54 0 1 0 0 63 35 1 5 1 5 52 64 2 125 1 5 46 25 3 333 2 125 87 36 1 5 0 2 92 45 1 15 1 25 56 75 0 1 1 25 51 45 0 1 1 25 68 25 2 125 2 275 72 73 3 667 2 275 55 44 3 333 3 3667 48
4/4 45 2 25 0 0 56 75 0 1 0 0 51 45 0 1 0 0 68 25 2 25 0 0 72 14 0 1 1 5 41 35 0 1 1 5 55 25 0 1 2 125 54 45 0 1 2 125 52 23 0 1 2 125 40 75 3 333 0 3 59 45 0 1 3 3333 49 54 0 1 3 3333 56 13 0 1 1 35 52 14 0 1 1 35 68
4/4 54 3 333 1 5 43 56 0 1 3 667 60 14 0 1 3 667 51 14 0 1 0 1 54 15 0 1 0 1 52 55 0 1 0 1 61 16 2 175 0 2 59 46 0 1 0 2 55 44 0 1 0 2 48 55 1 5 2 275 47 46 1 5 1 35 59
4/4 46 1 5 0 0 59 316 0 1 3 333 62 12 0 1 3 333 57 15 0 1 0 1 57 54 1 5 2 125 46 24 2 25 2 175 48 316 3 667 2 175 54 56 0 1 3 2667 47 314 0 1 3 2667 44 55 1 5 1 35 49 16 2 25 1 35 51
4/4 55 1 5 0 0 49 57 0 1 1 5 46 14 0 1 1 5 46 17 0 1 1 15 48 315 0 1 1 15 46
