4/4 45 2 25 0 1 52 75 2 125 0 2 57 225 3 333 2 325 50
4/4 224 0 1 3 333 23 34 0 1 3 333 34 525 0 1 3 333 28 75 0 1 3 333 36 46 2 125 2 75 40 46 2 25 2 275 67 35 0 1 3 3667 37 44 0 1 3 3667 35 525 0 1 2 375 36 615 0 1 2 375 41
4/4 36 0 1 0 0 59 35 0 1 0 0 37 44 0 1 0 0 35 525 0 1 0 0 36 615 0 1 0 0 41 225 1 5 0 1 64 15 2 25 0 2 53 225 0 1 0 3 39 45 0 1 0 3 37 74 0 1 0 3 36
4/4 225 0 1 0 0 39 45 0 1 0 0 37 74 1 45 0 0 36 75 3 1333 3 2333 68 225 1 5 1 35 76
4/4 46 1 5 1 5 74 524 0 1 3 1333 24 75 0 1 3 1333 37 224 3 2667 3 1333 25 45 1 25 1 15 32 46 0 1 2 175 44 76 0 1 2 175 41
4/4 76 3 333 0 0 66 224 3 83 0 0 25 64 0 1 2 75 30 525 0 1 2 75 31 36 0 1 2 75 38 15 0 2 0 1 36 76 0 1 0 1 48 66 0 1 0 2 59 526 2 25 2 325 60
4/4 223 2 375 2 25 30 14 2 375 2 25 37 65 0 1 3 333 23 15 0 1 3 333 28 66 3 3333 3 667 35
4/4 15 2 125 0 0 74 223 2 75 0 0 30 14 2 125 0 0 37 66 3 333 0 0 35 46 2 125 2 125 70 66 0 1 2 225 70 225 0 1 0 3 22 46 0 1 0 3 37 54 0 1 0 3 37 16 0 1 0 3 53
4/4 224 2 125 3 333 37 45 2 25 3 1333 43 76 1 15 1 15 54 314 0 1 1 25 36 14 0 1 1 25 39 15 0 1 1 25 41 66 3 333 3 3667 68
4/4 66 3 333 0 0 68 56 1 5 2 25 70 526 1 5 3 667 69 56 3 333 2 125 61 15 0 1 1 15 46 36 0 1 1 15 49 44 0 1 2 175 42 76 0 1 2 175 55 14 2 25 2 275 45 66 2 25 2 375 57 65 2 25 2 375 39
4/4 66 3 1417 0 0 57 34 1 15 2 75 36 55 0 1 2 75 39 15 0 1 2 75 47 14 2 175 0 1 37 56 3 667 0 2 62 46 3 667 1 25 60 316 1 5 0 3 58 46 2 25 1 35 55
4/4 223 0 1 0 0 31 14 0 1 0 0 22 45 0 1 2 25 36 15 0 1 2 25 39 46 2 125 1 5 40 46 3 333 0 3 64 13 0 1 3 3333 35 74 0 1 3 3333 36 35 0 1 1 35 40 55 0 1 1 35 47 36 2 25 2 375 51
4/4 13 0 1 0 0 35 74 0 1 0 0 36 35 0 1 0 0 40 55 0 1 0 0 47 36 3 417 0 0 51 225 3 333 2 75 54 75 2 25 0 2 52 44 0 1 0 3 29 613 0 1 2 325 21 45 0 1 2 325 37 14 0 1 2 325 33 15 0 1 2 325 28
4/4 44 0 2 0 0 29 613 0 1 0 0 21 45 0 1 0 0 37 14 0 1 0 0 33 15 0 1 0 0 28 44 0 1 0 3 52
4/4 44 1 5 0 0 52 74 0 1 2 25 63 224 0 1 2 125 59 45 3 1667 3 2333 56 33 3 667 3 2333 45 73 3 667 0 3 40 223 1 5 1 35 53
4/4 44 3 667 0 0 61 223 3 167 0 0 53 223 0 1 1 5 55 45 0 1 1 5 68 73 1 5 0 1 59 35 3 1333 1 15 72 43 3 667 1 15 55 613 2 75 0 2 50 224 3 1333 3 2667 64 13 1 5 3 2667 48 524 1 5 2 325 48 14 2 25 2 375 59 13 2 25 2 375 46
4/4 14 3 1083 0 0 59 13 3 417 0 0 46 613 2 25 3 333 51 224 0 3 0 1 61 72 3 667 0 1 50 43 1 5 1 15 49 13 3 667 0 2 51 223 1 5 3 2667 61 13 1 5 2 325 64 43 3 333 3 3667 72
4/4 224 2 25 0 0 61 43 3 333 0 0 72 72 1 5 2 25 65 74 0 1 2 25 80 43 3 333 3 667 61 224 0 1 0 1 84 13 3 667 2 125 59 223 1 5 2 175 63 13 0 1 2 225 59 45 0 1 2 225 74 43 2 25 2 275 65 74 0 1 0 3 57 224 0 1 0 3 55 45 0 1 0 3 65 75 3 667 3 3333 72 522 3 667 3 3333 73
4/4 222 2 75 0 0 57 74 0 1 0 0 57 224 0 1 0 0 55 45 0 1 0 0 65 75 3 667 0 0 72 43 1 5 3 333 68 73 3 667 2 75 72 75 0 1 3 1333 87 43 0 1 3 1333 61 222 3 333 2 175 63 14 0 1 0 2 62 35 0 1 0 2 63 62 0 1 0 2 64 75 0 1 0 2 77 33 3 333 0 3 58 15 0 1 3 3333 72 13 0 1 3 3333 54
4/4 14 2 125 0 0 58 63 3 667 0 0 51 65 0 1 1 5 58 44 0 1 1 5 52 525 3 667 0 1 62 13 2 25 0 1 52 65 3 2333 3 1667 63 14 3 2333 3 1667 62 222 1 5 3 1667 55 63 3 667 2 225 61 13 1 5 3 2667 67 44 1 5 2 325 59 223 2 25 2 375 52
4/4 65 0 1 0 0 63 14 3 167 0 0 62 223 2 75 0 0 52 64 1 5 2 25 47 44 2 225 0 1 41 14 2 125 0 1 51 45 0 1 0 2 77 14 1 5 1 25 65 65 3 667 0 3 84
4/4 224 0 1 0 0 50 45 0 1 0 0 56 53 2 75 2 25 64 15 3 1333 2 25 72 223 3 667 2 75 68 44 2 25 2 125 70 74 1 5 2 175 70 44 0 1 2 225 59 75 0 1 2 225 80 223 2 25 2 275 53 14 0 1 0 3 55 315 0 1 0 3 62 65 0 1 0 3 70 313 3 667 2 325 58 13 2 25 2 375 54
4/4 14 0 1 0 0 55 315 0 1 0 0 62 65 0 1 0 0 70 13 3 417 0 0 54 314 2 25 3 333 53 55 0 1 3 333 67 54 3 333 0 1 49 65 3 667 3 1333 65 13 2 25 3 1333 47 313 2 25 0 2 42 14 0 1 2 225 39 35 0 1 2 225 57 43 3 667 1 25 56 75 1 15 1 25 67 13 0 1 0 3 51 54 2 25 1 35 51
4/4 64 2 25 0 0 51 14 0 1 0 0 39 35 0 1 0 0 57 13 2 25 0 0 51 13 0 1 1 5 52 65 0 1 1 5 65 43 2 25 0 1 44 13 2 225 2 175 35 55 0 1 2 175 46 14 0 1 2 175 42 54 0 1 2 175 43 33 0 1 2 175 33 54 0 1 2 175 43
4/4 13 2 25 0 0 35 45 1 5 2 25 80 222 3 2667 0 1 40 44 0 1 2 125 45 14 0 1 2 125 55 45 0 1 2 125 64 13 2 225 2 125 41 35 3 667 0 3 51 224 2 25 3 3667 48
4/4 73 0 1 3 667 39 12 0 1 3 667 38 314 0 2 3 667 41 14 2 125 3 667 47 24 3 333 2 175 53 315 2 25 0 3 47
4/4 44 0 1 0 0 32 74 0 1 0 0 41 42 2 125 0 0 40 14 1 25 0 0 44 45 0 4 0 0 48 12 0 1 0 1 48 43 2 25 2 225 48 54 0 1 2 325 44 74 0 1 2 325 51 73 3 667 3 3333 38
4/4 54 0 1 0 0 44 74 0 1 0 0 51 73 3 583 0 0 38 45 3 333 0 0 48 13 1 15 3 333 38 14 1 25 1 15 47 74 2 25 0 2 48 43 0 1 2 275 30 13 0 1 2 275 30 614 0 1 2 275 28 44 0 1 2 275 32
4/4 43 0 1 0 0 30 13 0 1 0 0 30 14 0 1 0 0 47 614 0 1 0 0 28 44 0 1 0 0 32 46 2 125 2 275 30
4/4 43 0 1 0 0 30 13 0 1 0 0 30 46 1 5 0 0 30 45 1 15 1 15 51 525 0 1 0 3 44 63 2 75 0 3 35 34 2 25 2 375 38
4/4 525 0 1 0 0 44 34 3 417 0 0 38 524 3 667 3 333 52 14 1 5 0 1 56 524 1 5 3 1333 58 45 0 1 3 1333 70 34 1 5 0 2 64 63 1 5 3 2333 55 35 2 75 3 2333 77 34 2 75 2 275 61 224 3 667 3 3333 70 524 3 667 3 3333 63
4/4 14 1 5 0 0 55 224 3 333 0 0 70 524 1 5 3 333 58 14 2 125 1 5 70 34 2 25 0 1 61 224 0 1 1 15 67 222 1 5 1 15 56 63 3 667 0 2 53 13 1 5 1 25 56 35 0 1 1 25 68 44 1 5 0 3 49 45 1 5 1 35 65 13 2 25 1 35 49
4/4 63 2 25 0 0 56 45 1 5 0 0 65 64 3 1667 1 5 62 222 1 5 1 5 51 63 3 667 0 1 49 13 1 5 3 1667 45 44 1 5 2 225 41 64 0 1 3 2667 62 13 0 1 3 2667 49 63 2 25 2 325 57 525 2 25 2 375 71 62 2 25 2 375 48
4/4 525 1 15 0 0 71 62 2 25 0 0 48 33 3 667 2 25 49 523 1 5 2 75 56 13 1 5 2 125 56 523 0 1 2 175 58 45 0 1 2 175 77 33 1 5 3 2333 56 35 2 125 2 275 72 62 3 667 2 275 50 33 3 667 3 3333 53 224 2 25 2 375 68 523 2 25 2 375 58
4/4 33 3 83 0 0 53 224 2 75 0 0 68 523 3 417 0 0 58 13 1 5 3 333 47 523 1 5 2 75 53 35 2 75 0 1 70 33 2 25 1 15 44 222 1 5 2 175 54 45 2 225 2 175 72 63 3 667 1 25 51 13 1 5 0 3 50 44 1 5 1 35 47
4/4 13 1 5 0 0 46 45 1 25 0 0 72 63 2 25 1 5 48 222 1 5 0 1 47 63 1 5 1 15 46 13 1 5 0 2 44 44 1 5 1 25 46 45 0 1 0 3 72 13 0 1 0 3 52 63 3 333 3 3667 54
4/4 63 3 167 0 0 54 45 0 1 2 25 71 43 0 1 2 25 63 55 1 5 1 5 70 13 0 1 3 667 49 45 0 1 3 667 68 315 0 1 2 125 81 54 0 1 2 125 52 13 1 5 3 1667 62 45 0 1 2 225 84 64 0 1 2 225 53 13 1 5 3 2667 55 14 0 1 0 3 65 45 0 1 0 3 77 43 0 1 0 3 64 65 0 1 0 3 74 13 2 25 2 375 53
4/4 13 2 25 0 0 53 55 0 1 2 25 84 54 0 1 2 25 54 14 0 1 2 75 72 13 0 1 2 75 50 45 0 1 2 125 80 64 0 1 2 125 51 13 2 25 2 175 53 54 0 1 0 2 54 14 0 1 0 2 60 313 3 667 2 225 57 315 1 15 3 2333 71 13 3 667 2 275 52 314 1 5 3 3333 52 13 2 25 2 375 51
4/4 13 3 417 0 0 51 55 2 275 3 333 67 54 1 5 3 333 50 13 3 333 2 75 41 14 3 1667 3 1333 68 313 1 5 3 1333 51 13 3 667 2 175 46 314 1 5 3 2333 48 13 1 5 2 275 41 14 1 5 1 35 74 54 1 5 1 35 52
4/4 13 1 5 0 0 51 14 2 25 0 0 74 65 3 1667 1 5 80 43 1 5 1 5 58 13 3 667 0 1 49 64 1 5 1 15 46 13 1 5 0 2 44 54 0 1 1 25 48 65 0 1 1 25 73 13 1 5 0 3 59 43 0 1 1 35 55 65 0 1 1 35 74
4/4 13 3 667 0 0 56 43 0 1 0 0 55 65 0 1 0 0 74 55 0 1 1 5 77 64 0 1 1 5 53 13 3 333 0 1 48 45 0 1 3 1667 68 43 0 1 3 1667 47 13 3 667 0 2 49 315 0 1 3 2667 65 14 0 1 3 2667 60 12 1 5 3 2667 55 53 1 5 2 325 52 23 3 333 3 3667 52
4/4 315 0 1 0 0 65 14 0 1 0 0 60 23 3 167 0 0 52 53 1 5 2 25 61 314 1 5 2 75 63 53 3 667 2 125 65 54 0 1 2 175 74 315 0 1 2 175 81 12 0 1 2 175 64 53 1 5 2 225 67 13 1 5 2 275 70 14 2 75 2 275 77 53 1 5 2 325 68 55 0 1 2 375 86 314 0 1 2 375 71
4/4 53 2 25 2 25 64 42 0 1 2 75 77 615 2 125 2 75 78 12 1 5 3 1333 65 43 3 667 2 175 72 613 3 667 3 2333 69 615 0 1 2 275 82 13 0 1 2 275 67 44 2 75 2 325 70 14 3 667 2 325 69 615 0 1 2 375 82 43 0 1 2 375 68 45 0 1 2 375 74
4/4 44 2 75 0 0 70 615 0 1 0 0 82 43 0 1 0 0 68 45 0 1 0 0 74 613 3 667 2 25 59 75 0 1 2 75 80 13 0 1 2 75 55 55 0 1 2 75 74 44 1 5 3 1333 50 15 0 1 2 175 63 615 0 1 2 175 65 614 0 1 2 175 55 14 2 25 2 225 56 224 0 1 3 2667 58 45 0 1 3 2667 51 75 0 1 3 2667 64 225 0 1 3 2667 76 72 3 667 2 275 74 43 1 5 2 325 63 13 2 25 2 375 65
4/4 13 3 417 0 0 65 223 1 5 2 25 58 44 2 25 2 75 55 14 1 5 2 125 49 76 0 1 2 175 44 225 0 1 2 175 42 224 0 1 2 175 39
4/4 44 2 25 0 0 37 74 2 225 2 75 48 35 0 1 0 1 51 55 0 1 0 1 60 32 3 667 0 1 55 72 2 25 1 15 57 53 1 5 0 2 65 73 3 667 1 25 77 55 0 1 0 3 87 35 0 1 0 3 84 34 0 1 0 3 68 73 1 5 1 35 74
4/4 55 0 1 0 0 87 33 0 1 0 0 64 35 0 1 0 0 77 73 1 5 1 5 53 44 0 1 0 1 51 65 0 1 0 1 74 45 0 1 0 1 68 54 1 5 1 15 53 55 0 1 0 2 68 75 0 1 0 2 68 74 0 1 0 2 58 14 0 1 2 275 48 35 0 1 2 275 53 55 0 1 2 275 51 62 3 667 0 3 52 15 0 1 0 3 72 33 2 25 1 35 52
4/4 13 1 5 0 0 45 14 0 1 0 0 48 35 0 1 0 0 53 55 0 1 0 0 51 15 2 75 0 0 72 34 2 25 1 5 46 64 1 5 0 1 49 14 2 75 1 15 46 35 3 333 2 225 40 15 0 1 2 225 37 36 0 1 2 225 42 16 0 1 2 225 42
4/4 65 1 5 3 333 77 53 0 1 0 1 39 44 0 1 0 1 34 74 0 1 3 1333 44 224 0 1 3 1333 44 55 0 1 3 1333 59 525 1 5 1 25 70 74 3 667 0 3 65 55 1 5 1 35 72
4/4 74 2 175 0 0 60 53 0 1 0 0 39 44 0 1 0 0 34 224 2 125 1 5 52 75 2 75 1 5 60 65 3 333 3 1667 62 55 2 25 2 275 54 12 1 5 1 35 38 44 0 1 3 3667 40 74 0 1 3 3667 49 73 3 333 3 3667 33
4/4 45 0 1 0 0 60 12 2 175 0 0 38 44 0 1 0 0 40 74 0 1 0 0 49 73 0 2 0 0 33 315 1 5 0 1 59 45 2 25 0 2 59 55 0 1 2 325 37 14 0 1 2 325 40 54 0 1 2 325 38 13 2 75 2 325 33 313 2 75 2 325 34
4/4 55 0 1 0 0 37 14 0 1 0 0 40 54 0 1 0 0 38 13 2 225 0 0 33 313 2 175 0 0 34 15 3 667 1 15 80 35 0 1 3 2333 28 525 0 1 3 2333 40 33 0 1 1 25 48 75 0 1 1 25 50 36 0 1 1 25 54 73 3 333 3 3667 48
4/4 73 3 333 0 0 48 225 0 1 3 667 54 524 0 1 3 667 43 525 0 1 3 667 49 14 0 1 2 175 35 525 0 1 2 175 40 35 0 1 2 175 40 15 2 225 2 175 42
4/4 74 0 1 0 0 38 75 0 1 0 0 46 14 0 1 0 0 35 525 0 1 0 0 40 35 0 1 0 0 40 14 0 1 3 1333 35 614 0 1 3 1333 38 45 3 667 3 1333 44 615 0 1 3 1333 39 526 2 25 1 25 66 45 1 5 0 3 54 46 1 5 1 35 65
4/4 46 0 1 0 0 65 615 0 2 1 5 40 45 0 1 3 667 41 14 0 1 3 667 34 614 0 1 3 667 34 44 0 1 3 667 33 36 1 5 3 1667 58 45 3 667 2 225 42 225 2 25 2 275 55 614 0 1 2 375 32 44 0 1 2 375 36 13 0 1 2 375 35 14 2 25 2 375 40 45 0 1 2 375 41 44 0 1 2 375 36 13 0 1 2 375 35
4/4 614 0 1 0 0 32 44 0 1 0 0 36 13 0 1 0 0 35 14 0 1 0 0 40 45 0 1 0 0 41 44 0 1 0 0 36 13 0 1 0 0 35 15 1 5 0 1 55 14 0 1 1 15 42 75 2 25 3 2333 47 613 0 1 3 3667 25 13 0 1 3 3667 31 44 0 1 3 3667 27 614 0 1 3 3667 30
4/4 613 0 1 0 0 25 13 0 1 0 0 31 44 0 1 0 0 27 614 0 1 0 0 30 615 2 325 2 25 45
4/4 44 2 25 1 5 74 74 3 333 1 15 72 224 2 25 1 25 79 45 1 5 1 35 79 33 1 5 1 35 61
4/4 45 2 75 0 0 79 33 1 15 0 0 61 223 0 1 1 5 45 524 0 1 1 5 47 73 0 1 1 5 46 74 0 1 1 5 49 45 0 1 1 15 70 74 0 1 1 15 71 223 0 1 1 15 53 73 0 1 1 15 56 35 0 1 1 25 70 614 0 1 1 25 67 43 1 15 1 25 63 224 1 5 1 35 73 34 0 1 1 35 55 13 0 1 1 35 56
4/4 43 2 75 0 0 63 14 0 1 1 5 74 34 0 1 1 5 54 13 0 1 1 5 56 224 0 1 1 15 67 44 0 1 1 15 63 72 1 5 1 15 55 223 0 1 1 25 47 43 0 1 1 25 48 223 2 25 1 35 61 43 1 5 1 35 55
4/4 43 3 167 0 0 55 72 3 667 1 5 65 74 3 1333 1 5 74 223 0 1 1 15 63 224 0 1 1 15 79 43 0 1 1 15 52 62 0 1 1 25 61 45 0 1 1 25 91 74 0 1 3 3333 62 45 0 1 3 3333 70 75 0 1 3 3333 80 522 3 333 1 35 62
4/4 74 0 1 0 0 62 45 0 1 0 0 70 75 0 1 0 0 80 73 0 1 1 5 48 222 0 1 1 5 47 75 0 1 1 15 77 73 0 1 1 15 59 222 0 1 1 15 56 14 0 1 3 2333 59 35 0 1 3 2333 65 75 0 1 3 2333 74 62 3 333 1 25 58 13 0 1 1 35 50 33 0 1 1 35 52 65 0 1 1 35 67 14 0 1 1 35 64
4/4 65 0 1 0 0 67 14 0 1 0 0 64 525 0 1 1 5 71 13 0 1 1 5 57 33 0 1 1 5 56 14 0 1 2 125 57 45 0 1 2 125 62 222 3 333 1 15 63 65 3 2333 1 15 74 44 0 1 1 25 45 13 0 1 1 25 43 63 0 1 1 25 44 44 0 1 1 35 70 13 0 1 1 35 57 63 0 1 1 35 53
4/4 222 1 5 1 5 68 14 1 15 1 5 76 44 0 1 1 15 67 13 0 1 1 15 58 45 0 1 1 15 84 63 0 1 1 15 59 44 0 1 1 25 63 13 0 1 1 25 54 63 0 1 1 25 56 65 0 1 1 25 84 224 0 1 3 3333 62 45 0 1 3 3333 63 15 0 1 3 3333 84 53 3 333 1 35 70
4/4 224 0 1 0 0 62 45 0 1 0 0 63 15 0 1 0 0 84 74 0 1 1 5 57 223 0 1 1 5 52 44 0 1 1 5 49 74 0 1 1 15 64 75 0 1 1 15 77 224 0 1 1 15 76 223 0 1 1 15 61 45 0 1 1 15 70 12 3 667 3 2333 80 13 0 1 3 3333 55 65 0 1 3 3333 72 313 0 1 3 3333 53 14 0 1 3 3333 70 315 0 1 3 3333 71
4/4 55 1 5 0 0 77 525 0 1 3 333 78 313 0 1 3 333 63 13 0 1 3 333 68 55 3 333 0 1 84 43 3 333 3 1333 67 14 0 1 3 1333 67 75 0 1 3 1333 77 35 0 1 3 1333 74 13 0 1 3 2333 52 64 0 1 3 2333 56 64 0 1 3 3333 59 13 0 1 3 3333 48 65 3 667 3 3333 74
4/4 33 1 5 2 25 72 14 0 1 0 1 62 35 0 1 0 1 56 54 0 1 0 1 63 13 0 1 0 1 56 55 0 1 0 1 80 45 2 25 3 1667 72 315 0 1 0 2 84 54 0 1 0 2 67 13 0 1 0 2 58 45 2 25 3 2667 92 222 3 333 0 3 71 45 0 1 2 325 72 64 0 1 2 325 70 14 0 1 2 325 70
4/4 45 0 1 0 0 72 64 0 1 0 0 70 14 0 1 0 0 70 44 0 1 2 25 65 13 0 1 2 25 58 63 0 1 2 25 56 64 2 25 1 5 73 44 0 1 0 1 68 14 0 1 0 1 80 13 0 1 0 1 52 63 0 1 0 1 52 45 2 25 1 15 84 12 0 1 0 2 67 35 0 1 0 2 77 74 0 1 0 2 77 54 0 1 0 2 77 74 0 1 0 2 77 34 0 1 0 3 70 224 0 1 0 3 88 53 0 1 0 3 65 73 0 1 0 3 62
4/4 73 0 1 0 0 77 12 0 1 0 0 68 74 0 1 0 0 80 34 0 1 0 0 80 54 0 1 0 0 70 13 0 1 2 75 63 42 0 1 2 75 77 74 0 1 2 75 77 14 0 1 2 75 74 44 0 1 0 1 67 74 0 1 0 1 77 14 0 1 0 1 74 12 1 5 1 15 58 43 1 5 0 2 65 73 3 667 3 2333 70 13 1 5 0 3 74 44 2 25 1 35 84
4/4 44 0 1 0 0 63 13 0 1 0 0 65 613 0 1 0 0 66 43 0 1 0 0 68 45 2 125 0 0 92 75 1 5 0 1 101 45 2 75 1 15 77 42 0 1 0 2 77 43 0 1 0 2 84 225 0 1 0 2 92 525 0 1 0 3 65 75 0 1 0 3 60 225 0 1 0 3 88 46 0 1 0 3 80 32 2 25 0 3 85
4/4 223 0 1 2 25 74 33 0 1 2 25 64 523 0 1 2 25 61 73 0 1 2 25 56 223 0 1 2 125 74 525 0 1 2 125 92 46 0 1 2 125 77 33 0 1 2 125 61 75 0 1 2 125 77 523 0 1 2 125 58 42 2 25 0 2 77 615 0 1 0 2 81 45 0 1 0 2 80 36 2 75 0 2 80 34 0 1 0 3 68 43 0 1 0 3 67 613 0 1 0 3 64 225 0 1 0 3 88 13 0 1 0 3 59
4/4 34 0 1 0 0 72 43 0 1 0 0 62 15 0 1 0 0 87 45 0 1 0 0 84 613 0 1 0 0 59 13 0 1 0 0 56 72 0 1 0 1 77 71 0 1 0 1 81 225 0 1 0 1 81 224 0 1 0 1 81 45 0 1 0 1 74 75 0 1 0 1 72 73 0 1 0 2 62 74 0 1 0 2 67 223 0 1 0 2 59 44 0 1 0 2 56 74 0 1 0 3 80 73 0 1 0 3 68 223 0 1 0 3 58 44 0 1 0 3 62
4/4 72 0 1 0 0 84 224 0 1 0 0 76 74 0 1 0 0 84 45 0 1 0 0 70 75 0 1 0 0 77 224 0 1 0 1 88 44 0 1 0 1 74 73 0 1 0 1 70 223 0 1 0 1 71 225 0 1 0 1 88 72 0 1 0 2 80 45 0 1 0 2 84 46 0 1 0 2 84 225 0 1 0 2 78 75 0 1 0 2 80 75 0 1 2 275 59 225 0 1 2 275 64 46 0 1 2 275 77 76 0 1 2 275 82 522 2 25 0 3 83
4/4 44 0 1 0 0 67 523 0 1 0 0 63 223 0 1 0 0 58 73 0 1 0 0 59 44 0 1 0 1 70 523 0 1 0 1 61 223 0 1 0 1 59 75 0 1 0 1 80 76 0 1 0 1 86 73 0 1 0 1 39 15 0 1 2 175 74 36 0 1 2 175 72 76 0 1 2 175 78 62 3 333 0 2 77 34 0 1 0 3 64 13 0 1 0 3 54 33 0 1 0 3 64 16 0 1 0 3 78 15 0 1 0 3 77 63 0 1 0 3 52
4/4 34 0 1 0 0 68 33 0 1 0 0 49 13 0 1 0 0 52 63 0 1 0 0 58 66 0 1 0 0 78 15 0 1 0 0 77 526 2 25 1 5 76 221 2 25 0 1 76 66 0 1 0 1 82 46 0 1 0 1 77 15 0 1 0 1 80 13 0 1 0 2 58 222 0 1 0 2 55 63 0 1 0 2 49 43 0 1 0 2 52 13 0 1 0 3 74 222 0 1 0 3 63 63 0 1 0 3 61 43 0 1 0 3 56 222 2 25 2 375 77 14 2 25 2 375 96
4/4 14 1 5 0 0 96 44 0 1 2 75 74 13 0 1 2 75 64 63 0 1 2 75 68 45 1 5 2 75 87 14 3 333 2 125 84 45 3 333 1 15 60 222 0 1 2 175 84 65 0 1 2 175 87 45 0 1 2 225 87 65 0 1 2 225 68 52 2 25 2 275 77 15 0 1 0 3 96 44 0 1 2 375 68 53 0 1 2 375 65 223 0 1 2 375 62 73 0 1 2 375 62 224 2 25 2 375 81
4/4 224 1 5 0 0 81 52 0 1 2 75 66 75 0 1 2 75 87 45 0 1 2 75 80 11 3 333 3 1667 89 74 0 1 3 2333 64 315 0 1 3 2333 64 13 0 1 3 2333 65 313 0 1 3 2333 63 53 0 1 3 2333 64 65 0 1 3 2333 87 55 1 5 2 325 80 12 0 1 3 3667 72 525 0 1 3 3667 84 14 0 1 3 3667 40
4/4 55 2 25 0 0 87 42 3 333 1 5 71 14 0 1 3 667 74 75 0 1 3 667 87 35 0 1 3 667 74 44 0 1 1 15 62 13 0 1 1 15 61 63 0 1 1 15 63 43 0 1 1 25 58 65 0 1 1 25 77 14 0 1 1 25 72 35 0 1 1 25 70 32 2 25 3 3333 75
4/4 54 0 1 0 0 57 14 0 1 0 0 62 35 0 1 0 0 70 13 0 1 0 0 59 33 0 1 0 0 57 53 0 1 0 0 59 55 2 25 3 333 74 45 2 25 2 75 80 315 0 1 2 125 73 32 0 1 2 125 59 45 2 25 2 175 77 45 2 75 2 225 60 221 2 25 2 225 73 14 0 1 2 225 68 64 0 1 2 225 68 44 0 1 2 225 72 13 0 1 2 325 56 222 0 1 2 325 50 63 0 1 2 325 46 43 0 1 2 325 46 35 3 333 3 3667 74
4/4 221 0 1 2 25 50 224 0 1 2 25 62 44 0 1 2 25 63 11 0 1 2 125 71 314 0 1 2 125 69 12 0 1 2 125 64 14 0 1 2 125 72 54 0 1 2 125 67 21 0 1 2 225 71 22 0 1 2 225 66 24 0 1 2 225 84 44 0 1 2 225 69 74 0 1 2 225 69 313 0 1 2 325 66 312 0 1 2 325 68 14 0 1 2 325 66 54 0 1 2 325 69 315 0 1 2 325 84
4/4 44 0 1 2 25 65 74 0 1 2 25 68 14 0 1 2 25 77 42 0 1 2 25 77 45 0 1 2 25 77 12 1 5 2 75 61 43 1 5 2 125 64 73 3 667 2 175 63 13 1 5 2 225 74 44 1 5 2 275 74 46 2 75 2 325 84 74 3 667 2 325 68 14 2 25 2 375 59
4/4 46 0 7 0 0 84 45 2 25 2 25 63 55 2 75 2 75 59 75 3 667 2 125 57 15 2 225 2 175 55 14 1 15 1 25 32 615 1 15 1 25 41 44 3 1333 3 2667 37
4/4 15 0 3 0 0 55 14 0 4 0 0 32 615 0 3 0 0 41 44 0 4 0 0 37 45 0 1 0 2 28
4/4 14 1 5 0 0 32 44 3 333 0 0 37 46 2 25 3 333 43 64 3 2333 3 1667 45 526 1 15 3 1667 44 525 0 1 2 275 33 35 0 1 2 275 42 525 0 1 2 375 45 35 0 1 2 375 40 46 2 25 2 375 62
4/4 525 0 1 0 0 45 35 0 1 0 0 40 64 2 225 2 75 47 36 2 125 2 75 67 225 0 1 0 2 53 525 0 1 0 2 37 35 0 1 0 2 40 15 0 1 0 3 59 525 0 1 0 3 46 35 0 1 0 3 44
4/4 223 0 2 0 0 42 225 2 125 0 0 58 14 0 1 0 1 38 64 0 1 0 1 39 36 0 1 0 1 50 14 0 1 0 2 43 64 0 1 0 2 41 46 0 2 0 2 54 223 0 1 0 3 48 65 0 1 0 3 50
4/4 223 0 1 0 0 48 46 1 5 0 0 54 65 2 25 0 0 50 64 0 1 2 25 42 14 0 1 2 25 40 65 1 5 2 125 53 526 3 1333 2 225 61 64 2 175 2 225 47 525 0 1 3 3333 42 35 0 1 3 3333 44
4/4 64 3 583 0 0 47 35 0 1 3 333 43 525 0 1 3 333 43 46 0 1 3 333 60 36 2 125 1 15 57 64 2 225 1 15 46 225 2 125 1 25 58 525 0 1 1 25 36 35 0 1 1 25 43 525 0 1 1 35 48 35 0 1 1 35 41 36 1 5 1 35 58
4/4 36 1 5 0 0 58 46 1 35 1 5 53 223 3 2333 3 667 48 64 0 1 3 1667 39 44 0 1 3 1667 39 64 0 1 2 275 48 44 0 1 2 275 47 223 0 1 2 375 30 15 0 1 2 375 41 45 0 1 2 375 38 64 2 25 2 375 35
4/4 46 3 833 0 0 53 223 0 1 0 0 30 15 0 1 0 0 41 45 0 1 0 0 38 64 0 2 0 0 35 46 3 333 3 2333 50 44 0 1 2 325 52 65 0 1 2 325 59 46 3 333 3 3333 65 56 2 25 3 3667 53
4/4 46 3 333 0 0 54 44 0 1 0 0 52 65 0 1 0 0 59 14 0 1 2 25 46 64 0 1 2 25 50 316 0 1 2 25 61 46 0 1 2 125 64 14 0 1 2 125 48 64 0 1 2 125 48 44 0 1 2 225 53 66 0 1 2 225 53 15 0 1 2 225 57 46 0 1 2 225 53 54 0 1 2 325 48 315 0 1 2 325 49 56 0 1 2 325 61 15 0 1 2 325 64 14 0 1 2 325 48
4/4 64 0 1 2 25 44 14 0 1 2 25 50 45 0 1 2 25 50 46 0 1 2 25 58 65 0 1 2 25 59 14 1 25 2 125 52 316 0 1 2 125 62 15 0 1 2 125 63 55 0 1 2 225 44 315 0 1 2 225 46 56 3 667 3 3333 66 55 0 1 3 3333 48 315 0 1 3 3333 48
4/4 56 3 2583 0 0 66 15 3 1667 2 25 68 14 2 125 2 25 58 55 0 1 2 125 55 315 0 1 2 125 50 14 0 1 2 225 52 15 0 1 2 225 65 54 0 1 2 225 47 314 0 1 2 225 41 66 2 75 2 325 68 44 2 75 2 325 53
4/4 66 1 5 0 0 68 44 2 125 0 0 53 14 0 1 2 25 46 64 0 1 2 25 47 64 0 1 2 125 48 66 0 1 2 125 59 14 0 1 2 125 50 15 0 1 2 125 60 44 0 1 2 225 48 66 0 1 2 225 56 46 0 1 2 225 55 315 0 1 2 325 51 54 0 1 2 325 48 56 0 1 2 325 52 15 0 1 2 325 55 14 0 1 2 325 48
4/4 45 0 1 2 25 51 64 0 1 2 25 49 46 0 1 2 25 55 14 0 1 2 25 46 65 0 1 2 25 51 13 1 5 2 125 49 55 0 1 2 125 53 316 0 1 2 125 53 314 0 1 2 225 47 14 0 1 2 225 41 315 0 1 2 325 54 54 0 1 2 325 48
4/4 14 0 1 2 25 35 55 0 1 2 25 38 15 0 1 2 25 41 16 2 25 1 5 54 615 0 1 1 35 68 45 0 1 1 35 67 43 1 5 1 35 62
4/4 13 1 5 0 0 57 615 0 1 0 0 68 45 0 1 0 0 67 614 2 25 1 5 62 13 1 5 0 1 58 615 0 1 3 1333 78 45 0 1 3 1333 70 44 0 1 3 1333 65 13 0 1 2 175 63 14 0 1 2 175 72 44 0 1 3 2333 64 43 0 1 3 2333 63 45 0 1 3 2333 74 615 0 1 3 2333 78 14 1 5 2 275 77 44 0 1 2 325 72 53 0 1 2 325 74 75 0 1 2 325 92 45 0 1 2 325 80 14 2 25 2 375 84
4/4 44 0 1 2 25 88 613 0 1 2 25 84 15 0 1 2 25 87 45 0 1 2 25 72 613 0 1 2 25 84 15 0 1 2 25 87 615 0 1 2 25 73 14 2 25 3 667 70 225 0 1 2 125 78 224 0 1 2 125 84 72 0 1 2 125 80 45 0 1 2 125 65 75 0 1 2 125 68 43 1 5 3 1667 64 46 0 1 2 225 72 225 0 1 2 225 73 223 0 1 2 225 68 43 0 1 3 2667 58 36 0 1 3 2667 74 15 0 1 3 2667 77 225 0 1 0 3 73 75 0 1 0 3 68 13 0 1 0 3 67 43 0 1 1 35 59 36 0 1 1 35 74 15 0 1 1 35 70
4/4 225 0 1 0 0 78 75 0 1 0 0 70 72 0 1 0 0 67 43 2 25 1 5 59 223 0 1 0 1 58 15 0 1 0 1 68 45 0 1 0 1 68 43 1 5 1 15 52 75 0 1 0 2 62 224 0 1 0 2 57 45 0 1 0 2 58 73 0 1 0 2 50 43 2 25 1 25 58 74 0 1 0 3 58 35 0 1 0 3 64 55 0 1 0 3 72 32 3 667 0 3 57 72 3 333 3 3667 62
4/4 74 0 1 0 0 58 35 0 1 0 0 64 55 0 1 0 0 72 53 1 5 2 25 70 73 1 5 3 667 68 55 0 1 0 1 77 35 0 1 0 1 84 34 0 1 0 1 70 73 0 1 1 15 68 74 0 1 1 15 84 55 0 1 0 2 87 35 0 1 0 2 80 33 0 1 0 2 72 73 0 1 1 25 70 74 0 1 1 25 80 65 0 1 0 3 87 54 0 1 0 3 68 35 0 1 0 3 80 73 0 1 3 3333 68 74 0 1 3 3333 87
4/4 53 0 1 0 0 70 34 0 1 0 0 72 35 0 1 0 0 84 75 0 1 0 0 87 74 2 25 3 333 68 62 0 1 2 75 81 15 0 1 2 75 87 65 0 1 2 75 70 35 0 1 2 75 74 15 0 1 2 75 87 14 0 1 2 75 77 65 0 1 2 75 70 33 1 5 3 1333 64 36 0 1 2 175 67 15 0 1 2 175 72 63 0 1 2 175 61 13 1 5 3 2333 61 225 0 1 3 2333 68 75 0 1 3 2333 62 36 0 1 2 275 67 34 0 1 2 275 61 15 0 1 2 275 67 64 3 667 3 3333 57 225 0 1 3 3333 62 75 0 1 3 3333 62 63 0 1 2 375 61 15 0 1 2 375 70 65 0 1 2 375 65
4/4 64 3 83 0 0 57 63 0 1 0 0 61 15 0 1 0 0 70 65 0 1 0 0 65 34 1 5 2 25 52 65 0 1 2 75 60 35 0 1 2 75 62 74 0 1 2 75 50 34 3 667 3 1333 48 63 0 1 0 2 44 14 0 1 0 2 54 35 0 1 0 2 51 53 0 1 2 275 43 44 0 1 2 275 40 74 0 1 0 3 48 224 0 1 0 3 52 55 2 75 2 325 67
4/4 53 0 1 0 0 43 44 0 1 0 0 40 74 0 1 0 0 48 224 0 1 0 0 52 55 2 25 0 0 67 525 1 5 2 25 73 74 3 667 3 667 74 55 1 5 2 125 87 74 2 25 3 1667 77 74 0 1 0 2 67 224 0 1 0 2 65 45 0 1 0 2 74 52 0 1 2 225 59 75 0 1 2 225 77 222 3 333 3 2667 61 73 0 1 0 3 63 65 0 1 0 3 74 53 3 333 3 3667 55 74 3 333 3 3667 77
4/4 55 0 1 0 0 74 224 0 1 0 0 76 44 0 1 0 0 53 53 3 667 0 0 55 74 3 333 0 0 77 223 2 25 1 5 62 54 0 1 0 1 54 74 0 1 0 1 64 12 0 1 0 1 74 45 0 1 0 1 80 53 1 5 1 15 67 315 0 1 0 2 84 13 0 1 0 2 70 44 0 1 1 25 65 54 0 1 1 25 77 45 0 1 0 3 87 74 0 1 0 3 84 73 0 1 0 3 74 53 1 5 1 35 70 54 0 1 2 375 67 14 0 1 2 375 72 12 0 1 2 375 80 315 0 1 2 375 76 55 0 1 2 375 77
4/4 54 0 1 0 0 67 14 0 1 0 0 72 12 0 1 0 0 80 315 0 1 0 0 76 55 0 1 0 0 77 53 1 5 1 5 70 13 1 5 0 1 84 314 1 5 1 15 88 14 0 1 2 175 63 315 0 1 2 175 64 55 0 1 2 175 72 15 0 1 2 175 87 54 3 667 0 2 88 13 2 25 1 25 72 35 0 1 0 3 64 525 0 1 0 3 65 75 0 1 0 3 70 32 2 75 2 325 89 36 2 75 2 325 80 72 2 25 2 375 68
4/4 35 0 1 0 0 64 525 0 1 0 0 65 75 0 1 0 0 70 32 2 25 0 0 89 36 1 5 0 0 80 72 2 25 0 0 68 33 1 5 2 25 80 523 1 5 3 667 88 225 0 1 2 125 81 73 0 1 2 125 77 525 0 1 2 125 78 35 0 1 2 125 80 523 1 5 3 1667 77 35 0 2 0 2 62 525 0 1 0 2 68 15 0 1 0 2 87 33 3 667 2 225 77 523 3 667 3 2667 68 73 3 333 2 325 62 44 3 333 3 3667 58
4/4 44 3 167 0 0 58 75 0 1 2 25 70 525 0 1 2 25 68 524 0 1 2 25 53 14 2 25 2 75 52 14 0 1 3 1333 46 614 0 1 3 1333 42 44 0 1 3 1333 46 615 0 1 1 15 64 45 0 1 1 15 58 526 1 5 1 25 67 525 3 333 0 3 58 46 3 333 3 3667 64
4/4 46 3 1333 0 0 64 614 0 1 3 667 35 13 0 1 3 667 42 44 0 1 3 667 38 45 0 1 3 667 45 36 3 667 2 175 51 45 1 5 3 2333 49 225 1 5 0 3 51
4/4 13 0 1 2 25 33 44 0 1 2 25 33 613 0 1 2 25 36 14 2 125 2 25 42 15 1 5 3 1333 52 14 0 1 0 2 42 75 3 333 2 275 45
4/4 13 0 1 0 1 34 43 0 1 0 1 36 44 0 1 0 1 38 614 0 1 2 125 39 14 0 1 2 125 47 35 0 1 1 15 46 525 0 1 1 15 51 615 0 1 1 15 51
4/4 13 0 1 0 0 34 43 0 1 0 0 36 44 0 1 0 0 38 614 0 1 0 0 39 14 0 1 0 0 47 35 0 1 0 0 46 525 0 1 0 0 51 615 0 1 0 0 51
4/4 13 0 1 0 0 34 43 0 1 0 0 36 44 0 1 0 0 38 614 0 1 0 0 39 14 0 1 0 0 47 35 0 1 0 0 46 525 0 1 0 0 51 615 0 1 0 0 51 45 2 25 0 3 50
4/4 13 0 1 0 0 34 43 0 1 0 0 36 44 0 1 0 0 38 75 3 1333 3 333 63 225 2 125 1 15 47 46 2 125 2 275 44 34 1 5 2 275 34
4/4 224 0 1 0 0 33 45 0 1 0 0 35 74 0 1 0 0 39 46 1 5 0 1 56 44 0 1 0 2 40 36 3 1333 2 225 53 614 0 1 2 325 36 35 0 1 2 325 36 225 0 1 2 325 47 14 0 1 2 325 39
4/4 614 0 1 0 0 36 35 0 1 0 0 36 225 0 1 0 0 47 14 0 1 0 0 39 15 0 1 3 333 54 225 1 25 1 15 46 74 1 25 1 15 39 224 0 1 2 275 30 45 0 1 2 275 32
4/4 225 2 125 0 0 46 74 2 25 0 0 39 224 0 1 0 0 30 45 0 1 0 0 32 75 0 3 0 1 52 74 2 175 0 1 45 225 3 667 2 225 62 224 3 1667 2 225 37 45 2 125 2 225 43 46 3 667 3 3333 65
4/4 75 2 275 0 0 52 46 3 583 0 0 65 76 2 175 3 333 54 524 0 1 1 5 38 224 0 1 1 15 36 45 0 1 1 15 35 74 0 1 1 15 40 76 3 333 2 275 54 76 2 25 2 375 53 64 2 25 2 375 39
4/4 76 2 125 0 0 53 64 2 25 0 0 39 35 0 1 0 1 40 14 0 1 0 1 39 65 0 1 0 1 34 66 2 125 0 1 51 526 2 125 2 225 54 66 2 75 2 325 48 223 2 25 2 325 40
4/4 66 0 4 0 0 48 14 0 1 1 5 38 64 0 1 1 5 42 45 0 1 1 5 31 223 1 5 2 275 46 15 2 125 2 275 54
4/4 35 0 1 0 0 37 46 0 1 0 0 51 64 0 1 0 0 41 46 0 1 0 0 51 15 0 1 0 0 54 66 0 1 0 1 56 16 3 1333 2 225 52 54 1 5 2 225 46 224 0 1 3 3333 39 45 0 1 3 3333 41 75 1 5 1 35 33
4/4 224 0 1 0 0 39 45 0 1 0 0 41 75 2 25 0 0 33 76 2 175 1 5 53 314 1 5 1 15 51 66 0 1 1 25 46 55 0 1 1 25 39 14 3 1333 3 2667 39 56 1 5 2 325 45 526 3 333 3 3667 44
4/4 14 3 333 0 0 39 526 3 333 0 0 44 56 3 667 2 25 52 76 3 1333 2 75 50 44 1 5 2 75 42 35 0 1 0 2 39 64 0 1 0 2 37 66 0 1 0 3 42
4/4 66 3 333 0 0 42 34 2 225 2 25 39 56 2 75 2 125 43 54 0 1 3 1333 36 14 0 1 3 1333 31 46 1 5 0 2 43 316 1 5 1 25 45 46 2 25 0 3 48 223 3 333 3 3667 39 46 2 25 2 375 48
4/4 223 3 1917 0 0 39 46 2 75 0 0 48 14 0 1 2 75 36 64 0 1 2 75 37 36 3 667 1 15 49 225 2 25 0 2 48 15 3 667 3 3333 40 74 0 1 3 3333 28 13 0 1 3 3333 32 315 1 5 1 35 35
4/4 15 3 833 0 0 40 74 0 1 0 0 28 13 0 1 0 0 32 315 2 275 0 0 35 25 2 125 2 75 46 316 1 5 3 2333 37 45 3 333 3 3667 23 75 2 25 2 375 30
4/4 15 0 4 0 0 31 43 0 2 0 0 35 46 0 4 0 0 38 45 3 5333 0 0 23 75 3 3083 0 0 30 13 0 1 1 15 36 54 0 1 2 275 36
4/4 74 0 3 0 0 43 15 2 175 0 0 31 46 2 375 0 0 38 14 2 175 1 15 37 55 1 5 2 325 38
4/4 615 0 1 1 15 27 46 0 1 1 15 31 47 3 1667 0 2 24
