4/4 33 3 3333 3 667 59 63 2 125 2 275 68
4/4 33 3 2667 0 0 59 63 3 3083 0 0 68 34 1 15 2 125 68
4/4 34 3 1333 1 5 68 312 3 333 1 5 48 33 0 1 1 15 43 62 0 1 1 15 48 712 0 1 1 15 45 223 2 25 3 2667 78 522 1 5 1 35 61
4/4 522 3 1167 0 0 61 523 0 1 1 5 51 222 0 1 1 5 41 72 0 1 1 5 49 713 0 1 1 5 64 72 0 1 1 5 49 73 3 667 0 2 80 33 1 5 1 25 62 62 3 1333 3 2667 47 523 3 667 0 3 62 712 0 1 1 35 39 33 0 1 1 35 39 63 1 5 1 35 56
4/4 62 3 667 0 0 47 712 0 1 0 0 39 33 0 1 0 0 39 63 2 225 0 0 56 32 1 5 1 15 63 712 0 1 1 25 57 33 0 1 1 25 64 63 3 667 0 3 87 713 2 25 3 3333 78 34 2 25 2 375 84
4/4 524 0 1 3 333 84 32 0 1 3 333 55 222 0 1 3 1333 38 72 0 1 3 1333 43 523 0 1 3 1333 48 34 3 333 3 2667 70 44 2 75 2 325 77 71 1 5 2 325 56
4/4 44 0 1 0 0 77 43 0 1 2 25 47 73 0 1 2 25 52 42 0 1 2 25 40 222 0 1 2 25 43 223 2 25 1 15 70 63 0 1 0 2 59 73 0 1 0 2 63 32 0 2 0 2 55 34 0 2 0 2 72 72 0 1 0 3 52 33 0 1 0 3 51
4/4 62 2 25 0 0 39 63 0 1 0 0 54 43 0 1 0 0 46 32 2 25 0 0 55 34 0 2 0 0 72 72 0 1 2 125 36 32 0 1 2 125 39 53 0 1 2 125 41 33 0 1 2 125 38 33 3 667 2 275 80 63 3 667 3 3333 74 34 2 25 2 375 84
4/4 312 3 333 2 25 57 34 2 125 2 25 70 33 0 1 2 125 49 712 0 1 2 125 47 62 0 1 2 125 50 223 3 333 2 225 71 522 0 1 0 3 62
4/4 523 0 1 0 0 48 222 0 1 0 0 45 713 0 1 0 0 64 72 0 1 0 0 47 73 3 667 1 15 80 33 1 5 0 2 64 62 2 175 0 2 53 523 3 667 1 25 63 712 0 1 0 3 43 33 0 1 0 3 42 63 0 1 0 3 63
4/4 63 0 2 0 0 63 32 0 2 2 75 63 712 0 1 2 175 62 33 0 1 2 175 65 63 3 667 2 225 84 713 2 25 3 2667 78 34 2 25 0 3 84 32 0 1 3 3667 58 524 0 1 3 3667 84
4/4 32 0 1 0 0 58 524 0 1 0 0 84 72 0 1 1 5 40 523 0 1 1 5 56 222 0 1 1 5 47 313 0 1 2 225 55 63 0 1 2 225 58 712 0 1 2 225 49 223 0 1 2 225 76 221 0 1 2 225 44 34 0 1 3 3333 70 523 0 1 3 3333 66 73 0 1 3 3333 67 222 0 1 3 3333 48 32 0 1 3 3333 52
4/4 34 0 1 0 0 70 523 0 1 0 0 66 73 0 1 0 0 67 222 0 1 0 0 48 32 0 1 0 0 52 524 2 25 0 1 76 712 0 1 1 15 52 223 0 1 1 15 70 313 0 1 1 15 74 221 0 1 1 15 49 63 0 1 1 15 63 34 0 1 3 2333 74 523 0 1 3 2333 74 73 0 1 3 2333 72 222 0 1 3 2333 59 32 0 1 3 2333 55
4/4 524 2 25 0 0 73 222 0 1 1 5 46 523 0 1 1 5 66 713 0 1 1 5 68 522 0 1 1 5 48 73 2 25 1 15 70 222 0 1 3 2333 52 33 0 1 3 2333 53 72 0 1 3 2333 45 32 0 1 3 2333 42 523 3 333 0 3 58 222 0 1 2 325 48 33 0 1 2 325 51 63 1 5 1 35 64 61 1 5 1 35 48
4/4 63 2 375 0 0 64 222 0 1 0 0 48 33 0 1 0 0 51 61 1 15 0 0 48 32 0 1 3 333 49 72 0 1 3 1333 46 222 0 1 3 1333 46 712 0 1 3 2333 39 32 0 1 3 2333 31 62 0 1 3 2333 33 61 0 1 3 2333 35
4/4 312 3 667 1 15 54 34 2 125 1 15 78 33 0 1 1 25 51 712 0 1 1 25 49 62 0 1 1 25 47 223 0 1 1 25 73 33 0 1 3 3333 62 712 0 1 3 3333 54 62 0 1 3 3333 51 34 3 667 3 3333 77
4/4 34 3 583 0 0 77 63 2 125 3 333 72 711 2 25 3 333 56 33 0 1 3 1333 40 223 0 1 3 1333 71 712 0 1 3 1333 42 62 0 1 3 1333 46 713 0 1 2 275 57 223 0 1 2 275 71 713 2 25 0 3 73 711 0 1 2 325 58 73 0 1 2 325 80
4/4 711 0 1 0 0 58 73 0 1 0 0 80 72 0 1 2 25 50 522 0 1 2 25 46 32 0 1 2 25 47 63 0 1 2 25 72 72 0 1 0 1 57 32 0 1 0 1 52 522 0 1 0 1 47 73 0 1 2 125 70 521 1 5 0 2 54 33 0 2 0 2 63 522 0 1 2 325 41 72 0 1 2 325 35 32 0 1 2 325 40
4/4 33 2 25 3 667 80 312 3 667 2 125 58 34 0 1 2 125 77 33 0 1 0 2 48 62 0 1 0 2 48 712 0 1 0 2 48 223 2 75 2 225 76 33 0 1 0 3 63 712 0 1 0 3 55 62 0 1 0 3 47 34 0 1 0 3 77
4/4 63 0 2 0 0 74 711 2 25 0 0 55 33 0 1 0 1 45 712 0 1 0 1 45 223 0 1 0 1 62 62 0 1 0 1 52 713 2 25 1 25 50 223 0 1 3 2667 71 713 0 1 3 2667 64 73 0 1 0 3 77 32 0 1 0 3 59
4/4 522 0 1 0 0 51 222 0 1 0 0 47 72 0 1 0 0 49 73 0 1 0 0 77 32 0 1 0 0 59 222 0 1 0 1 64 72 0 1 0 1 55 522 0 1 0 1 59 713 0 1 2 175 76 714 0 1 2 175 81 71 3 333 0 2 63 32 0 1 0 3 48 222 0 1 0 3 46 522 0 1 0 3 50 72 0 1 0 3 48
4/4 223 0 1 0 0 84 224 0 1 0 0 81 34 0 1 3 667 70 64 0 1 3 667 63 714 0 1 3 667 78 35 0 1 3 667 77 312 1 5 2 75 66 33 0 1 2 175 55 62 0 1 2 175 54 712 0 1 2 175 51 712 0 1 2 275 58 62 0 1 2 275 62 33 0 1 2 275 63 522 0 1 3 3667 63 224 0 1 3 3667 84
4/4 522 0 1 0 0 63 224 0 1 0 0 84 35 1 5 2 25 67 523 0 1 3 667 48 525 0 1 3 667 67 524 0 1 3 667 62 222 0 1 3 667 45 72 0 1 3 667 46 35 2 25 0 2 87 34 0 1 1 25 64 524 0 1 1 25 70 62 0 1 1 25 65 224 0 1 1 25 81 714 1 5 1 35 92 63 0 1 1 35 47 712 0 1 1 35 49 33 0 1 1 35 48
4/4 714 2 75 0 0 92 63 0 1 1 5 67 712 0 1 1 5 55 33 0 1 1 5 50 64 1 5 0 1 74 32 3 333 1 15 58 714 0 1 1 15 76 34 0 1 1 15 62 63 0 1 1 25 56 712 0 1 1 25 50 33 0 1 1 25 49 714 1 5 1 35 92
4/4 224 3 333 0 0 84 714 3 167 0 0 92 34 0 1 3 333 72 64 0 1 3 333 64 714 0 1 3 333 81 35 0 1 3 333 77 312 3 333 1 5 71 33 0 1 3 1333 59 712 0 1 3 1333 56 62 0 1 3 1333 56 712 0 1 3 2333 57 33 0 1 3 2333 63 62 0 1 3 2333 55 522 0 1 2 325 66 224 0 1 2 325 88 35 3 333 3 3667 72
4/4 35 3 167 0 0 72 523 0 1 2 25 56 525 0 1 2 25 71 74 0 1 2 25 60 524 0 1 2 25 65 222 0 1 2 25 48 72 0 1 2 25 51 35 1 5 3 1667 87 62 2 25 0 2 62 62 3 667 2 225 65 714 0 1 2 225 81 34 0 1 2 225 77 63 0 1 0 3 64 712 0 1 0 3 58 33 0 1 0 3 52
4/4 32 2 25 0 0 55 714 0 1 0 0 81 34 0 1 0 0 77 61 2 25 2 125 41 714 2 25 3 2667 92 74 2 25 0 3 96 34 1 5 1 35 84
4/4 524 1 15 0 0 88 612 1 5 0 0 68 34 3 167 0 0 84 63 0 1 0 1 56 222 0 1 0 1 51 313 0 1 0 1 53 63 0 1 0 2 63 64 0 1 0 2 70 223 0 1 0 2 76 313 0 1 0 2 52 222 0 1 0 2 53 223 0 1 2 275 81 64 0 1 2 275 77 314 0 1 2 275 73 312 3 333 0 3 68
4/4 63 0 1 0 0 57 313 0 1 0 0 51 222 0 1 0 0 51 64 2 25 2 75 87 714 2 25 3 1333 97 224 0 1 2 175 84 64 0 1 2 175 68 34 0 1 2 175 77 62 1 5 2 175 63 63 0 1 2 275 65 712 0 1 2 275 58 33 0 1 2 275 58 714 1 5 2 325 84 34 0 1 3 3667 80 224 0 1 3 3667 88 64 0 1 3 3667 70
4/4 34 0 1 3 333 56 64 0 1 3 333 64 74 0 1 3 667 87 35 0 1 3 667 84 31 2 25 3 667 71 64 0 1 1 15 64 72 0 1 1 15 61 62 0 1 1 15 57 34 2 25 3 1667 70 74 0 1 1 25 74 33 0 1 1 25 58 35 0 1 1 35 67 64 0 1 1 35 64 63 0 1 1 35 51 73 0 1 1 35 51
4/4 63 0 1 0 0 51 73 0 1 0 0 51 65 0 1 1 5 56 74 1 5 1 5 58 34 2 25 1 5 56 35 0 1 3 1333 51 75 0 1 3 1333 59 64 2 125 3 1333 43 35 0 1 3 2333 47 54 0 1 3 2333 37 74 0 1 3 2333 46 36 0 1 3 2333 56
4/4 33 2 25 3 1333 80 63 3 333 2 225 87 34 2 25 2 325 92
4/4 34 3 1333 0 0 92 311 2 25 2 25 64 712 0 1 0 1 48 33 0 1 0 1 50 62 0 1 0 1 49 312 0 1 0 1 47 223 2 25 0 2 78 521 2 25 0 3 70
4/4 523 0 1 0 0 55 522 0 1 0 0 55 222 0 1 0 0 48 72 0 1 0 0 49 713 0 1 0 0 84 522 0 1 0 0 55 222 0 1 0 0 48 72 0 1 0 0 49 73 3 667 1 15 92 61 0 1 0 2 64 33 0 1 0 2 77 523 1 5 3 2333 77 712 0 1 2 275 56 32 0 1 2 275 49 33 0 1 0 3 70 63 0 1 0 3 72
4/4 33 0 1 0 0 70 63 0 1 0 0 72 31 2 25 3 667 77 33 0 1 3 1667 65 712 0 1 3 1667 63 62 0 1 3 1667 62 63 3 667 0 2 84 713 2 25 1 25 88 34 2 25 0 3 96 524 0 1 1 35 88 32 0 1 1 35 70
4/4 524 0 1 0 0 88 32 0 1 0 0 70 523 0 1 3 333 61 73 0 1 3 333 60 72 0 1 3 333 48 222 0 1 3 333 50 313 0 1 2 225 59 63 0 1 2 225 63 223 0 1 2 225 68 712 0 1 2 225 51 221 0 1 2 225 52 34 0 1 2 325 80 523 0 1 2 325 80 73 0 1 2 325 74 222 0 1 2 325 68 73 0 1 2 325 74 32 0 1 2 325 63
4/4 34 0 1 0 0 80 523 0 1 0 0 80 73 0 1 0 0 74 222 0 1 0 0 68 73 0 1 0 0 74 32 0 1 0 0 63 524 2 25 3 667 84 223 0 1 2 125 76 712 0 1 2 125 74 313 0 1 2 125 78 63 0 1 2 125 70 221 0 1 2 125 66 34 0 1 2 225 87 523 0 1 2 225 83 222 0 1 2 225 74 73 0 1 2 225 77 32 0 1 2 225 64 524 2 25 3 3667 84
4/4 713 0 1 2 25 73 523 0 1 2 25 63 222 0 1 2 25 68 521 0 1 2 25 49 522 0 1 2 25 50 521 0 1 2 25 49 73 2 25 2 125 74 222 0 1 0 2 53 32 0 1 0 2 46 72 0 1 0 2 49 33 0 1 0 2 57 523 3 333 3 2667 59 63 0 1 0 3 74 222 0 1 0 3 64 33 0 1 0 3 72 61 0 1 0 3 62
4/4 32 0 1 0 0 55 63 3 3333 0 0 74 61 3 667 0 0 62 222 0 1 0 1 48 72 0 1 0 1 51 62 0 1 0 2 33 712 0 1 0 2 42 33 0 1 0 2 44 32 0 1 0 2 37 61 0 1 0 2 34
4/4 312 1 5 3 1333 51 35 0 1 2 225 80 33 0 1 2 225 45 62 0 1 2 225 48 712 0 1 2 225 47 33 0 1 2 325 61 62 0 1 2 325 54 712 0 1 2 325 40 35 2 25 3 3667 84
4/4 35 3 1333 0 0 74 711 2 25 0 0 63 712 0 1 0 1 45 62 0 1 0 1 51 33 0 1 0 1 41 224 2 25 1 15 76 35 3 333 0 2 84 65 2 25 3 2333 86 522 1 5 2 275 61 35 0 1 0 3 84 523 0 1 2 375 47 222 0 1 2 375 47 72 0 1 2 375 52 224 2 25 2 375 71
4/4 523 0 1 0 0 47 222 0 1 0 0 47 72 0 1 0 0 52 224 2 125 0 0 71 523 0 1 2 75 59 222 0 1 2 75 44 72 0 1 2 75 48 14 3 667 2 125 72 224 0 2 3 1667 67 221 2 25 2 175 58 222 0 1 3 2667 44 523 0 1 3 2667 42 72 0 1 3 2667 45
4/4 32 1 5 1 5 67 223 0 1 0 1 65 524 0 1 0 1 57 74 0 1 3 1333 67 222 0 1 3 1333 59 523 0 1 3 1333 64 72 0 1 3 1333 57 224 2 75 3 1333 88 523 0 1 2 225 74 222 0 1 2 225 59 72 0 1 2 225 57 224 2 25 2 275 88 224 2 75 2 325 76 71 2 25 2 325 70
4/4 224 3 583 0 0 76 523 0 1 2 25 59 222 0 1 2 25 55 72 0 1 2 25 51 714 3 667 3 667 81 224 1 5 2 125 88 525 1 5 1 15 79 224 0 1 0 2 81 62 0 1 0 2 62 523 0 1 0 3 46 712 0 1 0 3 50 33 0 1 0 3 48 714 0 1 0 3 71 34 0 1 0 3 64 523 0 1 2 375 59 712 0 1 2 375 54 33 0 1 2 375 42
4/4 714 0 1 0 0 71 34 0 1 0 0 64 74 2 25 3 333 68 32 2 25 2 75 54 714 0 1 2 75 65 34 0 1 2 75 60 523 0 1 2 175 44 33 0 1 2 175 44 712 0 1 2 175 45 64 2 25 2 275 84 74 3 333 2 325 87 713 0 1 3 3667 50 314 0 1 3 3667 64 64 0 1 3 3667 67 714 0 1 3 3667 73 221 2 25 2 375 63
4/4 713 0 1 0 0 50 314 0 1 0 0 64 64 0 1 0 0 67 714 0 1 0 0 73 313 0 1 3 667 56 712 0 1 3 667 48 62 0 1 3 667 48 714 3 333 2 125 92 313 0 1 3 1667 66 714 0 1 3 1667 97 712 0 1 3 1667 51 62 0 1 3 1667 48 714 2 25 0 2 81 61 2 25 1 25 59 74 3 667 1 25 74 313 0 1 1 35 52 714 0 1 1 35 71 62 0 1 1 35 46 314 0 1 1 35 64 712 0 1 1 35 53
4/4 64 2 25 1 5 92 74 3 333 0 1 87 714 0 1 3 1333 84 34 0 1 3 1333 80 524 0 1 3 1333 73 32 2 25 3 1333 68 523 0 1 3 2333 66 712 0 1 3 2333 56 222 0 1 3 2333 56 714 2 25 2 275 97 523 0 1 2 325 74 222 0 1 2 325 59 714 0 1 2 325 84 712 0 1 2 325 56 714 3 333 3 3667 76
4/4 711 2 25 2 25 67 74 3 667 2 25 84 223 0 1 2 75 62 524 0 1 2 75 55 714 0 1 0 1 78 523 0 1 0 1 56 222 0 1 0 1 53 712 0 1 0 1 53 64 2 25 0 2 92 74 2 25 1 25 96 314 0 1 0 3 52 64 0 1 0 3 80 714 0 1 0 3 84 611 2 25 0 3 68
4/4 63 0 1 0 0 65 612 0 1 0 0 58 313 0 1 0 0 56 222 0 1 0 0 52 714 0 1 3 333 84 314 0 1 3 333 76 64 0 1 3 333 64 714 0 1 0 1 92 612 0 1 0 1 68 714 2 25 3 1333 81 312 0 1 2 175 80 714 0 1 2 175 81 64 0 1 3 2667 53 224 0 1 3 2667 67 313 0 1 3 2667 52 222 0 1 3 2667 48 525 0 1 3 2667 79 63 0 1 2 275 55 313 0 1 2 275 52 222 0 1 2 275 48 525 0 1 2 275 79 612 2 25 3 3667 57
4/4 714 2 25 0 0 81 64 0 1 1 5 77 72 0 1 1 5 64 224 0 1 1 5 84 72 0 1 1 5 64 63 0 1 1 15 51 313 0 1 1 15 48 222 0 1 1 15 51 314 1 5 0 2 61 64 1 5 3 2333 55 224 3 333 2 275 55 33 0 1 3 3333 28 73 0 1 3 3333 36 54 0 1 3 3333 43 34 1 5 1 35 32 74 0 1 3 3667 44 35 0 1 3 3667 49
4/4 33 0 1 0 0 28 73 0 1 0 0 36 54 0 1 0 0 43 34 3 1167 0 0 32 74 0 1 0 0 44 35 0 1 0 0 49 33 0 1 0 3 84 34 0 1 0 3 80
4/4 63 0 1 0 0 72 64 0 1 0 0 84 34 0 1 0 1 77 35 0 1 0 1 84 35 0 1 2 175 87 64 0 1 2 175 84 312 2 25 2 175 66 33 0 1 2 275 56 712 0 1 2 275 55 62 0 1 2 275 55 33 0 1 3 3667 67 224 0 1 3 3667 97 62 0 1 3 3667 58 712 0 1 3 3667 58
4/4 522 3 333 3 667 77 523 0 1 1 15 61 222 0 1 1 15 53 72 0 1 1 15 52 714 0 1 1 15 81 524 0 1 1 15 76 223 0 1 1 15 78 522 2 25 1 25 68 74 3 333 0 3 84 62 0 1 3 3333 72 34 0 1 3 3333 87
4/4 524 3 333 0 0 71 63 0 1 3 333 62 712 0 1 3 333 59 33 0 1 3 333 57 64 0 1 3 333 74 713 0 1 3 333 84 63 0 1 3 1333 74 33 0 1 3 1333 65 712 0 1 3 1333 64 32 2 25 2 225 80 63 0 1 2 325 74 712 0 1 2 325 66 33 0 1 2 325 64 64 3 333 3 3667 84
4/4 714 2 25 0 0 88 35 2 25 1 5 87 525 2 175 0 1 91 32 3 333 0 1 70 222 0 1 0 2 50 522 0 1 0 2 55 72 0 1 0 2 52 222 0 1 0 3 77 522 0 1 0 3 69 72 0 1 0 3 57 35 2 25 3 3333 96 71 2 25 2 375 72
4/4 45 0 2 0 0 92 73 0 1 2 75 54 222 0 1 2 75 54 43 0 1 2 75 52 72 2 25 2 175 58 224 0 1 2 225 76 44 0 1 2 225 72 32 2 25 3 2667 67 35 0 1 3 2667 84 34 0 1 3 2667 84 74 0 1 3 2667 80 64 0 1 3 2667 72 62 0 1 3 3667 65 33 0 1 3 3667 65 72 0 1 3 3667 59
4/4 64 0 1 1 5 67 34 0 1 1 5 65 63 0 1 1 5 60 73 0 1 1 5 64 54 0 1 1 15 54 73 0 1 1 15 47 53 0 1 1 15 40 33 0 1 1 15 50 33 3 333 2 325 84 63 2 25 3 3667 92
4/4 34 2 25 0 0 96 312 3 333 1 5 77 34 2 125 1 5 80 33 0 1 1 15 57 712 0 1 1 15 54 62 0 1 1 15 59 33 0 1 3 2333 64 223 0 1 3 2333 92 62 0 1 3 2333 59 712 0 1 3 2333 57 522 3 667 3 3333 80
4/4 523 0 1 2 25 69 222 0 1 2 25 59 72 0 1 2 25 56 713 0 1 2 25 88 221 3 333 2 125 77 73 3 333 3 1667 96 61 2 25 0 2 71 33 1 5 2 225 88 523 2 25 3 2667 77 712 0 1 0 3 66 32 0 1 0 3 61 63 0 1 0 3 84 33 0 1 0 3 84
4/4 712 0 1 0 0 80 32 0 1 0 0 70 63 0 1 0 0 84 33 0 1 0 0 84 31 2 25 0 1 81 33 0 1 2 175 77 712 0 1 2 175 68 62 0 1 2 175 70 63 2 25 3 2333 87 713 2 25 2 275 84 34 2 25 2 325 96 32 0 1 2 375 74 524 0 1 2 375 92
4/4 32 0 1 0 0 74 524 0 1 0 0 92 222 0 1 3 667 56 72 0 1 3 667 55 523 0 1 3 667 66 73 0 1 3 667 62 313 0 1 1 25 88 712 0 1 1 25 71 223 0 1 1 25 88 221 0 1 1 25 66 63 0 1 1 25 70 222 0 1 1 35 69 34 0 1 1 35 84 523 0 1 1 35 84 32 0 1 1 35 64 73 0 1 1 35 72
4/4 222 0 1 0 0 69 34 0 1 0 0 84 523 0 1 0 0 84 32 0 1 0 0 64 73 0 1 0 0 72 524 2 25 0 1 88 313 0 1 1 15 84 223 0 1 1 15 78 712 0 1 1 15 71 63 0 1 1 15 67 221 0 1 1 15 68 222 0 1 1 25 69 34 0 1 1 25 84 523 0 1 1 25 80 32 0 1 1 25 64 73 0 1 1 25 72
4/4 524 2 25 0 0 84 222 0 1 1 5 59 522 0 1 1 5 55 713 0 1 1 5 84 523 0 1 1 5 77 73 2 25 1 15 87 72 0 1 3 2333 67 222 0 1 3 2333 80 32 0 1 3 2333 63 33 0 1 3 2333 68 523 2 25 2 275 80 61 0 1 3 3333 68 222 0 1 3 3333 84 63 3 667 3 3333 72 33 3 667 3 3333 65
4/4 61 0 1 0 0 68 222 0 1 0 0 84 63 3 1083 0 0 72 33 3 833 0 0 65 32 2 125 3 333 62 72 1 5 2 75 80 222 3 333 2 125 88 33 2 125 3 1667 72 712 1 5 2 225 59 32 0 1 2 225 46 61 0 1 2 225 45
4/4 32 0 1 0 0 46 61 0 1 0 0 45 35 2 25 2 25 96 34 0 1 0 1 72 64 0 1 0 1 77 714 0 1 0 1 88 35 0 1 0 1 87 312 0 1 2 125 74 311 0 1 2 125 76 33 0 1 0 2 67 312 0 1 0 2 55 712 0 1 0 2 59 224 0 1 0 2 88 62 0 1 0 2 48 33 0 1 0 3 63 712 0 1 0 3 58 312 0 1 0 3 56 35 0 1 0 3 92
4/4 711 0 1 0 0 60 711 0 1 0 0 71 64 0 1 0 0 84 33 0 1 2 75 70 712 0 1 2 75 62 62 0 1 2 75 59 224 0 1 2 75 92 714 0 1 3 2333 59 224 0 1 3 2333 78 714 0 1 3 2667 91 711 0 1 3 2667 80 711 0 1 3 2667 70 74 0 1 2 275 68 72 0 1 3 3667 70 64 0 1 3 3667 87 522 0 1 3 3667 62 32 0 1 3 3667 64
4/4 72 0 1 1 5 68 522 0 1 1 5 68 32 0 1 1 5 52 74 2 225 3 667 87 521 0 1 1 15 64 521 0 1 1 15 68 34 0 1 1 15 74 73 0 1 1 15 74 72 0 1 1 25 52 522 0 1 1 25 48 32 0 1 1 25 50
4/4 34 2 175 0 0 92 311 2 25 1 5 66 35 0 1 1 5 92 33 0 1 3 1333 67 224 0 1 3 1333 88 712 0 1 3 1333 64 62 0 1 3 1333 61 33 0 1 2 225 68 712 0 1 2 225 64 62 0 1 2 225 55 35 0 1 2 225 96 711 0 1 2 325 68 711 0 1 2 325 74 64 2 75 2 325 80
4/4 64 2 25 0 0 80 33 0 1 2 25 67 224 0 1 2 25 101 712 0 1 2 25 61 62 0 1 2 25 59 714 0 1 1 15 70 224 0 1 1 15 81 714 0 1 2 175 78 31 0 1 2 175 81 74 0 2 0 2 87 222 0 1 0 3 68 32 0 1 0 3 63 522 0 1 0 3 61 72 0 1 0 3 53 222 0 1 2 375 88 32 0 1 2 375 67 522 0 1 2 375 66 72 0 1 2 375 54
4/4 223 0 1 1 5 61 524 0 1 1 5 78 714 0 1 1 5 92 71 0 1 3 667 81 71 0 1 3 667 84 222 0 1 3 1667 69 32 0 1 3 1667 62 522 0 1 3 1667 55 72 0 1 3 1667 52 223 0 1 3 2667 84 524 0 1 3 2667 73 224 0 1 3 2667 84 34 0 1 3 3333 70 64 0 1 3 3333 74 714 0 1 3 3333 84 35 0 1 3 3333 84 311 0 1 1 35 73 312 0 1 1 35 77
4/4 34 0 1 0 0 70 64 0 1 0 0 74 714 0 1 0 0 84 35 0 1 0 0 84 33 0 1 1 5 67 312 0 1 1 5 62 712 0 1 1 5 57 62 0 1 1 5 55 33 0 1 3 1333 70 712 0 1 3 1333 64 312 0 1 3 1333 62 62 0 1 3 1333 56 521 0 1 3 2333 76 522 0 1 3 2333 84 223 0 1 3 2333 81 224 0 1 3 2333 88 35 0 1 2 275 80 34 0 1 2 275 77 523 0 1 2 325 74 522 0 1 2 325 66 222 0 1 2 325 54 72 0 1 2 325 55 524 0 1 3 3333 97 525 0 1 3 3333 87
4/4 522 0 1 2 25 77 521 0 1 2 25 83 34 0 1 3 667 77 35 0 1 3 667 84 61 0 1 0 1 74 62 0 1 0 1 84 224 0 1 0 1 88 34 0 1 0 1 72 524 0 1 0 1 84 34 0 1 0 1 72 523 0 1 0 2 69 62 0 1 0 2 58 33 0 1 0 2 53 712 0 1 0 2 50 714 0 1 0 2 88 524 0 1 0 2 88 34 0 1 0 2 80 62 0 1 0 3 58 712 0 1 0 3 54 523 0 1 0 3 68 33 0 1 0 3 50 64 2 25 3 3333 92 31 0 1 2 375 80 32 0 1 2 375 74
4/4 714 0 1 0 0 101 34 0 1 0 0 80 523 0 1 0 1 69 33 0 1 0 1 57 712 0 1 0 1 59 34 1 5 3 1333 87 714 0 1 2 175 97 62 0 1 2 175 65 224 2 25 2 225 101 34 0 1 2 275 87 714 0 1 2 275 88 64 0 1 2 275 77 35 0 1 2 275 87 311 0 1 2 275 73 312 0 1 2 275 77 33 0 1 3 3667 70 312 0 1 3 3667 68 62 0 1 3 3667 62 712 0 1 3 3667 58
4/4 34 0 1 0 0 87 714 0 1 0 0 88 64 0 1 0 0 77 35 0 1 0 0 87 33 0 1 1 5 77 712 0 1 1 5 64 312 0 1 1 5 59 62 0 1 1 5 62 35 2 25 0 1 101 521 0 1 1 15 73 522 0 1 1 15 84 224 0 1 1 15 92 35 2 25 0 2 87 522 0 1 1 25 68 523 0 1 1 25 74 72 0 1 1 25 84 74 0 1 1 25 74 525 0 1 1 25 87 224 0 1 1 25 78 222 0 1 1 25 57 524 0 1 1 25 74 74 0 1 1 25 74 525 0 1 1 25 87 224 0 1 1 25 78 522 0 1 3 3333 84 521 0 1 3 3333 70 35 2 25 2 375 84
4/4 61 0 1 2 25 84 62 0 1 2 25 72 34 0 1 2 25 87 714 0 1 2 25 88 64 0 1 2 25 77 713 0 1 2 125 84 33 0 1 2 125 62 63 0 1 2 225 65 712 0 1 2 225 63 33 0 1 2 325 50 712 0 1 2 325 50 62 0 1 2 325 43
4/4 714 2 25 1 5 97 74 2 25 0 1 101 34 2 25 1 15 92 611 2 25 0 2 83 524 0 1 0 2 97 223 0 1 0 2 97 63 0 1 0 3 62 612 0 1 0 3 56 313 0 1 0 3 56 222 0 1 0 3 57 63 0 1 2 375 68 64 0 1 2 375 77 223 0 1 2 375 88 612 0 1 2 375 61 313 0 1 2 375 66 314 0 1 2 375 73 222 0 1 2 375 58
4/4 311 0 1 2 75 76 312 0 1 2 75 80 223 0 1 2 75 88 64 0 1 2 75 80 314 0 1 2 75 81 63 0 1 2 175 68 313 0 1 2 175 49 612 0 1 2 175 62 222 0 1 2 175 46 63 0 1 3 2667 72 612 0 1 3 2667 59 313 0 1 3 2667 59 222 0 1 3 2667 57 64 0 1 3 2667 84 612 0 1 3 2667 59 313 0 1 3 2667 59 222 0 1 3 2667 57 714 3 333 0 3 101 224 3 333 3 3667 101 62 3 333 3 3667 65
4/4 224 3 917 0 0 101 63 3 333 3 667 72 33 0 1 3 667 64 712 0 1 3 667 62 714 2 25 0 1 92 62 0 1 1 15 64 34 0 1 1 15 80 64 0 1 1 15 74 224 0 1 1 15 101 34 0 1 1 25 60 64 0 1 1 25 77 74 0 1 1 25 87 35 0 1 1 25 87 31 2 25 1 25 77 63 0 1 1 35 84 72 0 1 1 35 70 62 0 1 1 35 72 33 0 1 1 35 62
4/4 34 0 1 1 5 87 63 0 1 1 5 77 73 0 1 1 5 74 33 0 1 1 5 74 34 0 1 3 1333 74 64 0 1 3 1333 80 73 0 1 3 1333 77 63 0 1 3 1333 74 35 0 1 2 225 74 64 0 1 2 225 65 74 0 1 2 225 64 34 0 1 2 225 74 64 0 1 2 325 70 65 0 1 2 325 72 35 0 1 2 325 70
4/4 34 0 1 2 25 44 54 0 1 2 25 48 74 0 1 2 25 41 35 0 1 3 333 44 75 0 1 3 333 53 36 0 1 3 333 66 31 0 1 3 3333 89 31 0 1 3 3333 62 33 0 1 3 3333 88 34 0 1 3 3333 87 31 0 1 3 3333 62
4/4 31 0 1 0 0 46 31 0 1 0 0 52 31 0 1 2 25 57 31 0 1 2 25 62 64 0 1 1 5 96 63 0 1 1 5 101 31 0 1 1 5 64 31 0 1 2 75 64 31 0 1 2 75 81 31 0 1 0 1 77 31 0 1 0 1 74 35 0 1 3 1333 101 34 0 1 3 1333 101 31 0 1 3 1333 74 31 0 1 3 1667 59 31 0 1 3 1667 66 64 0 1 3 2333 84 34 0 1 3 2333 92 35 0 1 3 2333 101 311 0 1 3 2333 83 311 0 1 3 2333 96 33 0 1 3 3333 77 312 0 1 3 3333 68 712 0 1 3 3333 68 62 0 1 3 3333 61
4/4 33 0 1 2 25 84 224 0 1 2 25 101 312 0 1 2 25 69 712 0 1 2 25 68 64 0 1 2 25 80 34 0 1 2 25 92 62 0 1 2 25 59 521 0 1 2 125 92 521 0 1 2 125 92 222 0 1 0 2 71 221 0 1 0 2 66 522 0 1 0 2 62 72 0 1 0 2 55 714 0 1 2 225 88 223 0 1 2 225 92 221 0 1 2 225 66 522 0 1 2 225 62 524 0 1 2 225 81 72 0 1 2 225 55 72 0 1 0 3 74 222 0 1 0 3 74 522 0 1 0 3 74 221 0 1 0 3 70 223 0 1 1 35 84 74 0 1 1 35 74
4/4 61 0 1 0 0 81 61 0 1 0 0 81 73 0 1 0 0 92 34 3 667 0 0 84 524 1 5 1 5 88 712 0 1 0 1 68 62 0 1 0 1 80 32 0 1 0 1 77 64 0 1 0 1 80 34 0 1 0 1 65 713 0 1 0 1 88 712 0 1 2 175 68 62 0 1 2 175 84 32 0 1 2 175 84 31 0 1 2 275 85 31 0 1 2 275 89 33 0 1 2 375 70 32 0 1 2 375 64 712 0 1 2 375 66 62 0 1 2 375 67
4/4 33 0 1 0 0 70 32 0 1 0 0 64 712 0 1 0 0 66 62 0 1 0 0 67 63 0 1 2 25 87 34 0 1 2 25 84 64 0 1 2 25 77 713 0 1 3 667 88 714 0 1 3 667 92 35 0 1 0 1 87 34 0 1 0 1 87 32 0 1 3 1667 84 31 0 1 3 1667 77 74 0 1 3 1667 33 525 0 1 3 1667 91 524 0 1 3 1667 88 224 0 1 3 1667 76 32 0 1 1 25 63 222 0 1 1 25 69 72 0 1 1 25 55 522 0 1 1 25 55 222 0 1 1 35 88 32 0 1 1 35 68 522 0 1 1 35 66 72 0 1 1 35 52
4/4 221 0 1 1 5 68 221 0 1 1 5 84 314 0 1 1 5 84 224 0 1 1 5 81 64 0 1 1 5 70 32 0 1 3 1333 84 31 0 1 3 1333 77 524 0 1 1 15 92 35 0 1 1 15 84 74 0 1 1 15 74 222 0 1 3 2333 88 32 0 1 3 2333 64 72 0 1 3 2333 62 522 0 1 3 2333 61 525 0 1 0 3 83 524 0 1 0 3 92 74 0 1 0 3 60 221 0 1 1 35 93 314 0 1 1 35 92 221 0 1 1 35 76 224 0 1 1 35 84 64 0 1 1 35 67
4/4 31 0 1 1 5 77 32 0 1 1 5 88 524 0 1 1 5 92 35 0 1 1 5 80 74 0 1 1 5 74 222 0 1 3 1333 88 32 0 1 3 1333 70 522 0 1 3 1333 64 72 0 1 3 1333 53 525 0 1 2 175 76 524 0 1 2 175 92 74 0 1 2 175 68 521 0 1 3 2333 87 521 0 1 3 2333 76 223 0 1 3 2333 88 524 0 1 3 2333 73 714 0 1 1 25 78 524 0 1 1 25 73 74 2 25 1 35 101
4/4 31 0 1 3 333 81 31 0 1 3 333 77 34 0 1 3 333 84 73 0 1 3 333 84 524 2 25 2 75 76 63 0 1 2 125 49 223 0 1 2 125 76 61 0 1 2 125 74 61 0 1 2 125 74 34 0 1 2 125 80 64 0 1 2 125 87 33 0 1 3 2333 77 62 0 1 3 2333 80 63 0 1 3 2333 74 223 0 1 3 2333 84 221 0 1 3 2333 71 32 0 1 3 2333 62 63 0 1 3 3333 84 33 0 1 3 3333 77 34 0 1 3 3333 80 223 0 1 3 3333 78 222 0 1 3 3333 77
4/4 223 0 1 2 25 92 64 0 1 2 25 80 63 0 1 2 25 84 34 0 1 2 25 72 33 0 1 2 25 74 34 0 1 2 125 77 64 0 1 2 125 77 35 0 1 2 125 87 223 0 1 2 125 84 224 0 1 2 125 76 65 0 1 3 2333 86 64 0 1 3 2333 80 34 0 1 3 2333 84 224 0 1 3 2333 81 223 0 1 3 2333 78 35 0 1 3 2333 74 63 0 1 2 375 45 13 0 1 2 375 50 34 0 1 2 375 52 64 0 1 2 375 57
4/4 65 0 1 0 0 40 15 0 1 0 0 44 36 0 1 0 0 50 63 0 1 0 0 45 13 0 1 0 0 50 34 0 1 0 0 52 64 0 1 0 0 57 66 2 175 1 5 61
