4/4 33 0 1 2 175 40 73 3 667 2 275 43 44 3 333 3 3667 44
4/4 524 0 1 1 5 43 224 3 333 1 15 38
4/4 33 0 1 1 15 50 73 3 667 1 25 45 44 3 333 3 3333 51
4/4 524 0 1 3 333 45 224 3 667 3 1333 41
4/4 525 0 1 0 0 58 65 3 667 3 667 59 75 3 2667 3 1333 54 33 0 1 3 1333 43 73 2 75 2 225 38 44 3 333 2 325 42
4/4 75 3 1833 0 0 54 524 0 1 2 25 40 224 1 5 0 1 42
4/4 225 1 5 0 0 73 15 2 225 2 75 74 33 0 1 0 1 46 73 3 667 2 175 42 44 2 25 2 275 42 524 3 333 3 3667 40 75 3 333 3 3667 52
4/4 524 0 1 0 0 40 75 3 667 0 0 52 65 2 225 1 5 44 14 0 1 1 5 31 75 1 5 1 35 64
4/4 75 2 325 1 5 63 33 0 1 1 5 46 73 3 667 1 15 40 44 2 25 3 2333 40 524 3 667 3 3333 40
4/4 524 3 1333 0 0 40 224 2 75 2 25 38
4/4 33 0 1 2 25 48 73 1 5 2 125 42 44 2 25 0 2 42 524 0 1 0 3 44
4/4 224 3 667 0 0 37 524 3 667 0 0 44 525 2 75 1 25 59 65 2 75 2 325 65 75 2 25 2 375 65 33 2 25 2 375 48
4/4 75 2 475 0 0 65 33 2 75 0 0 48 73 2 75 3 667 44 44 2 25 3 1667 51 524 1 15 1 25 46 224 1 5 1 35 39
4/4 524 3 167 0 0 46 224 3 167 0 0 39 225 3 667 3 2333 76 36 2 75 2 325 70 33 3 667 3 3333 49
4/4 36 3 1583 0 0 70 33 3 333 0 0 49 73 2 75 2 25 44 44 3 333 2 125 36 524 0 2 0 2 43 225 3 333 0 2 52 15 0 1 0 3 49 14 0 1 0 3 39
4/4 524 0 1 0 0 43 15 2 125 0 0 49 14 2 75 0 0 39 225 1 5 2 225 71 45 0 1 0 3 38 75 0 1 0 3 48 525 0 1 0 3 45 33 2 75 2 325 44
4/4 73 1 5 0 0 40 45 0 1 0 0 38 75 0 1 0 0 48 525 0 1 0 0 45 33 2 25 0 0 44 44 2 25 0 1 44 524 0 2 0 2 45 224 0 1 0 3 39
4/4 524 3 333 0 0 45 224 2 25 0 0 39 33 0 1 0 3 49
4/4 73 2 75 0 0 39 44 2 25 2 75 46 524 2 225 2 175 46 224 0 1 2 275 35
4/4 524 1 5 0 0 46 225 2 225 2 175 73 65 2 125 2 275 72 33 0 1 2 275 49 223 2 25 2 375 45
4/4 225 3 6083 0 0 73 65 0 5 0 0 72 223 3 417 0 0 45 44 3 333 3 667 46 64 0 2 1 15 47 224 0 1 1 25 36
4/4 525 1 5 1 15 70 45 1 15 1 25 77 33 3 667 1 25 50 223 1 5 1 35 52
4/4 45 1 15 0 0 77 223 1 5 0 0 52 44 1 5 3 333 40 525 0 1 2 125 59 64 1 25 3 1333 45 45 0 1 2 225 50 65 0 1 2 225 54 224 2 125 2 225 38
4/4 45 0 1 0 0 50 65 0 1 0 0 54 75 3 667 3 1333 74 35 0 1 0 2 49 65 0 1 0 2 56 33 0 1 2 225 47 15 2 175 2 225 64 13 2 75 2 325 46
4/4 34 2 25 0 0 45 35 0 1 0 0 49 65 0 1 0 0 56 15 2 825 0 0 64 64 0 3 0 1 41 14 2 175 0 2 37
4/4 33 2 125 2 175 51 13 0 1 2 275 55 34 2 25 3 3667 54
4/4 64 0 3 3 667 46 35 0 1 3 1333 40 65 0 1 3 1333 46 14 0 2 1 15 39 225 3 1667 1 15 68 36 1 5 1 35 84
4/4 36 0 1 0 0 84 525 0 1 2 125 52 75 0 1 2 125 58 225 0 1 1 15 70 46 0 1 1 15 72 32 0 1 1 15 62 33 0 1 1 15 56 73 2 75 1 25 46 44 1 5 1 35 52
4/4 525 0 1 0 0 52 75 0 1 0 0 58 225 0 1 0 0 70 46 0 1 0 0 72 524 0 3 3 333 46 224 2 125 3 1333 42 75 0 1 2 225 68 46 1 5 2 325 67
4/4 36 2 75 0 0 87 525 0 1 2 75 49 75 0 1 2 75 56 225 0 1 2 75 70 32 0 1 0 1 58 33 0 1 0 1 57 46 0 3 0 1 72 73 2 75 0 2 53 44 2 25 0 3 56 524 2 25 2 375 45
4/4 525 0 1 0 0 49 75 0 1 0 0 56 225 0 1 0 0 70 524 3 3083 0 0 45 46 3 1333 0 0 72 224 2 125 2 75 40 225 0 1 2 275 78 45 0 1 2 275 72 36 0 1 3 3667 74 525 0 1 3 3667 81
4/4 525 0 1 1 5 61 75 0 1 1 5 55 225 0 1 1 5 76 46 0 1 1 5 72 32 0 1 3 667 58 33 0 1 3 667 52 73 2 75 3 1667 55 44 2 25 1 25 55 524 3 667 3 3333 49
4/4 524 3 1083 0 0 49 224 0 1 3 333 39 525 0 1 3 333 65 225 0 1 3 333 61 46 0 1 3 333 62 526 1 5 2 175 87 66 2 25 0 3 75 525 0 1 2 375 51 225 0 1 2 375 68 46 0 1 2 375 68
4/4 75 0 1 0 0 53 225 0 1 0 0 68 32 0 1 0 0 54 33 0 1 0 0 55 525 0 1 0 0 51 225 0 1 0 0 68 46 0 1 0 0 68 73 2 75 0 1 46 44 2 25 2 175 50 524 2 125 2 275 46 224 3 333 3 3667 41
4/4 75 0 1 0 0 53 225 0 1 0 0 68 524 3 1083 0 0 46 224 3 667 0 0 41 225 3 667 1 15 71 35 0 1 0 3 48 75 0 1 0 3 58 711 0 1 2 325 49 712 0 1 2 325 53 36 2 75 2 325 70
4/4 35 0 1 0 0 48 75 0 1 0 0 58 523 0 1 2 25 53 46 3 333 1 5 64 36 3 333 2 75 60 225 1 5 0 1 67 73 3 667 2 125 42 36 3 2667 3 1333 68 34 2 25 0 2 44 524 0 1 0 3 40
4/4 524 2 125 0 0 40 36 3 6333 0 0 68 712 0 1 2 275 57 523 3 333 3 3667 53
4/4 523 3 667 0 0 53 73 0 1 1 5 52 34 3 667 1 15 49 524 1 15 1 25 44 36 3 667 3 3333 74
4/4 524 2 75 0 0 44 36 3 333 0 0 74 225 0 1 3 333 68 74 1 5 3 333 43 715 2 25 2 125 67 224 2 225 2 175 42 45 0 1 0 2 51 225 0 1 0 2 62 75 0 1 2 225 59 225 0 1 2 225 62 522 0 1 2 225 49 222 2 75 2 325 50
4/4 224 2 175 0 0 42 45 0 1 0 0 51 225 0 1 0 0 62 75 0 1 0 0 59 225 0 1 0 0 62 63 2 75 2 25 41 73 0 1 0 1 52 75 0 2 0 2 67 223 2 75 0 2 51 44 0 1 2 275 49 524 2 25 2 375 51
4/4 75 3 667 0 0 67 524 3 417 0 0 51 74 3 3333 3 667 64 224 0 1 1 15 54 65 0 1 1 15 55 522 0 1 1 15 51 222 3 667 1 25 50 73 3 667 3 3333 38
4/4 74 3 1417 0 0 64 224 0 1 0 0 54 65 0 1 0 0 55 223 2 325 3 333 42 45 3 333 2 125 46 44 0 2 3 1333 36 225 1 5 2 225 73 715 3 333 0 3 63
4/4 75 2 25 0 0 71 714 0 1 3 667 57 65 0 1 3 667 64 35 0 1 2 75 54 65 0 1 2 75 64 312 0 1 0 1 57 715 1 25 0 1 70 712 2 75 2 175 54 63 3 667 2 275 49 713 3 333 3 3667 48
4/4 713 3 417 0 0 48 714 2 225 2 25 46 35 0 1 1 5 50 65 0 1 1 5 62 34 0 1 1 5 49 314 0 2 1 15 52 64 3 667 1 25 58 714 3 667 3 3333 71
4/4 714 3 2083 0 0 71 525 0 2 2 25 70 313 0 1 2 25 53 713 1 5 2 125 45 315 2 175 2 225 52 34 2 75 2 225 45 714 0 1 0 3 48 64 0 1 0 3 39
4/4 314 3 667 0 0 41 35 3 333 0 0 48 315 2 25 0 0 52 714 0 1 0 0 48 64 0 1 0 0 39 715 1 5 0 1 80 75 1 5 0 2 77 65 2 25 0 3 77 35 1 5 1 35 63 65 0 1 2 375 57 32 0 1 2 375 61 75 0 1 2 375 81
4/4 35 2 625 0 0 63 65 0 1 0 0 57 32 0 1 0 0 61 75 0 1 0 0 81 72 0 1 2 75 52 715 0 1 2 75 67 75 3 333 3 1333 64 65 0 1 3 1667 68 33 0 1 3 1667 56 75 0 2 0 2 72 63 0 1 3 2667 64 73 3 333 3 3667 70
4/4 75 2 225 0 0 72 73 3 667 0 0 70 34 0 1 3 667 68 64 0 1 1 15 67 74 2 25 3 2333 77 74 0 1 0 3 58 35 0 1 2 325 59 55 0 1 2 325 77 33 3 667 3 3333 74
4/4 74 3 1333 0 0 58 35 0 1 0 0 59 55 0 1 0 0 77 33 3 583 0 0 74 73 0 1 3 333 67 44 2 75 2 125 68 54 3 1667 2 225 68 714 0 1 2 275 74 35 0 1 2 275 68 55 0 1 2 275 60 34 2 75 0 3 63 715 2 75 2 325 88
4/4 715 2 25 0 0 88 224 0 1 0 1 74 315 0 1 0 1 70 55 0 1 0 1 64 32 0 1 0 1 77 225 0 1 2 125 88 35 0 1 0 3 67 65 0 1 0 3 59 715 0 1 0 3 78 61 0 1 2 325 64 62 0 1 2 325 68 36 2 75 2 325 87
4/4 35 0 1 0 0 67 65 0 1 0 0 59 715 0 1 0 0 78 36 2 375 0 0 87 33 0 1 2 25 64 73 2 75 0 1 67 713 0 2 0 2 56 524 0 1 0 3 52
4/4 713 2 75 0 0 56 524 1 5 0 0 52 525 0 1 2 175 81 526 0 1 2 175 76 45 0 1 3 2667 70 225 0 1 3 2667 78 46 0 1 3 2667 77 65 2 125 2 275 68 61 0 1 2 275 59 62 0 1 2 275 53 43 2 25 2 375 62
4/4 45 0 1 0 0 70 225 0 1 0 0 78 46 0 1 0 0 77 65 3 417 0 0 68 43 2 75 0 0 62 63 3 333 3 667 64 223 2 125 3 1667 61 36 2 25 3 1667 80 224 0 1 1 25 45 45 0 1 1 25 51 64 0 1 1 25 41 44 0 1 1 25 44 225 0 1 1 25 67
4/4 35 0 1 1 15 77 36 0 1 1 15 77 35 0 1 2 225 63 65 0 1 2 225 59 715 0 1 2 225 78 36 0 1 2 225 84 61 0 1 1 25 62 62 0 1 1 25 59 33 2 25 1 35 58
4/4 35 0 1 0 0 63 65 0 1 0 0 59 715 0 1 0 0 78 36 0 1 0 0 84 73 0 1 3 333 64 713 2 275 2 125 61 524 2 175 2 225 47
4/4 713 1 5 0 0 61 65 1 5 2 25 80 715 1 5 0 1 92 525 0 1 2 175 62 75 0 1 2 175 68 225 0 1 2 175 84 62 0 1 2 175 59 33 0 1 2 275 56 36 0 1 2 275 74 36 2 25 2 375 84 73 2 25 2 375 51
4/4 36 2 25 0 0 84 713 0 1 2 75 40 225 0 1 2 75 71 524 0 1 2 175 35 65 0 1 2 175 49 714 2 25 2 375 84
4/4 714 3 417 0 0 84 224 3 667 3 667 88 524 1 15 3 1333 58 714 0 1 1 15 68 35 0 1 1 15 68 62 0 1 1 15 62 33 3 667 1 25 58 73 2 25 3 3333 56
4/4 714 0 1 0 0 68 35 0 1 0 0 68 713 0 3 2 25 51 74 0 1 2 125 45 524 0 1 2 125 33
4/4 525 3 667 2 25 90 64 0 1 2 75 62 224 0 1 2 75 57 45 0 1 2 75 72 65 0 1 2 75 72 62 2 75 0 1 57 43 2 75 0 2 59 63 2 25 0 3 57 525 2 25 2 375 84 223 2 25 2 375 52
4/4 525 2 25 0 0 84 223 2 75 0 0 52 45 0 1 2 75 68 64 0 1 2 75 63 44 0 1 2 75 46 525 2 25 2 375 88
4/4 525 2 25 0 0 88 74 0 1 1 5 58 714 0 1 1 5 65 35 0 1 1 5 67 62 0 1 3 667 59 33 2 75 1 15 55 73 2 25 1 25 47 713 3 667 3 3333 46
4/4 74 0 1 0 0 58 714 0 1 0 0 65 35 0 1 0 0 67 713 3 2583 0 0 46 524 1 15 3 333 41 65 2 75 2 225 72 715 1 5 0 3 81 525 0 1 2 375 53 75 0 1 2 375 49 225 0 1 2 375 67 62 0 1 2 375 49
4/4 525 0 1 0 0 53 75 0 1 0 0 49 225 0 1 0 0 67 62 0 1 0 0 49 36 3 333 0 1 63 33 2 75 0 1 50 73 2 25 2 175 43 713 0 1 2 275 47 225 0 1 2 275 65 65 2 25 2 375 49 524 2 25 2 375 36
4/4 713 0 1 0 0 47 225 0 1 0 0 65 65 2 175 0 0 49 524 1 15 0 0 36 526 2 25 1 25 83 224 0 1 1 35 57 525 0 1 1 35 57 75 3 333 3 3667 62 225 3 333 3 3667 64 62 3 333 3 3667 47
4/4 224 0 1 0 0 57 525 0 1 0 0 57 75 3 3667 0 0 62 225 3 4667 0 0 64 62 3 417 0 0 47 523 0 1 1 5 58 73 2 25 1 15 54 223 3 1667 3 2333 50 524 3 667 3 3333 43
4/4 223 3 833 0 0 50 524 3 333 0 0 43 715 3 333 3 2333 88 224 0 1 0 3 52 525 0 1 0 3 46 75 3 667 3 3333 72 62 3 667 3 3333 57
4/4 224 0 1 0 0 52 525 0 1 0 0 46 75 3 1333 0 0 72 62 3 333 0 0 57 523 2 75 2 25 53 73 2 25 2 125 52 715 0 1 2 225 78 223 0 1 2 225 37 225 2 75 2 325 76 525 2 75 2 325 62 524 0 1 2 325 48 74 0 1 2 325 46
4/4 225 1 15 0 0 76 525 2 125 0 0 62 524 0 1 0 0 48 74 0 1 0 0 46 36 3 667 2 175 77 45 0 1 3 2667 59 65 0 1 3 2667 57 225 0 1 3 2667 73 62 0 1 0 3 59 46 0 1 0 3 72 43 2 25 2 375 63
4/4 45 0 1 0 0 59 65 0 1 0 0 57 225 0 1 0 0 73 46 3 8667 0 0 72 43 2 75 0 0 63 63 2 25 3 667 61 223 0 1 3 1667 56 44 3 1333 3 2667 38 64 3 1333 3 2667 39
4/4 44 3 917 0 0 38 64 3 417 0 0 39 62 0 1 2 225 55 43 2 75 2 325 63
4/4 63 1 5 0 0 66 43 2 25 0 0 63 223 1 5 0 1 69 525 0 1 2 175 76 44 0 1 2 175 61 64 0 1 2 175 60 526 0 1 2 175 82 65 0 1 2 375 72 33 0 1 2 375 68 66 0 1 2 375 81
4/4 65 0 1 0 0 72 33 0 1 0 0 68 66 0 1 0 0 81 75 0 1 3 1667 72 36 0 1 3 1667 68 526 0 1 3 1667 79 76 0 1 3 1667 78 61 0 1 2 175 74 62 0 1 2 175 68 33 0 1 3 2667 67 73 1 5 1 35 74
4/4 75 0 1 0 0 72 36 0 1 0 0 68 526 0 1 0 0 79 76 0 1 0 0 78 713 3 3333 1 5 68 524 0 2 1 15 63 35 0 1 3 2333 80 36 0 1 3 2333 92 76 0 1 2 325 91 75 0 1 2 325 85
4/4 65 0 1 0 0 77 66 0 1 0 0 78 75 0 1 2 75 63 36 0 1 2 75 63 526 0 1 2 75 79 76 0 1 2 75 75 61 0 1 0 1 71 62 0 1 0 1 62 33 0 1 0 2 70 73 2 25 0 3 72 713 2 25 2 375 63
4/4 75 0 1 0 0 63 36 0 1 0 0 63 526 0 1 0 0 79 76 0 1 0 0 75 713 2 175 0 0 63 524 2 75 2 75 64 525 0 1 3 2667 88 526 0 1 3 2667 83 66 0 1 1 35 82 65 0 1 1 35 84
4/4 75 0 1 3 333 68 36 0 1 3 333 70 526 0 1 3 333 76 76 0 1 3 333 75 61 0 1 1 5 64 62 0 1 1 5 62 33 2 75 3 1333 67 73 3 333 2 225 74 713 2 25 2 325 71
4/4 76 0 1 2 25 78 75 0 1 2 25 74 524 0 1 2 25 50 526 0 1 2 25 71 36 0 1 2 25 67 74 0 1 2 25 60 716 0 1 1 15 76 715 0 1 1 15 84 226 0 1 2 275 76 225 0 1 2 275 88 75 0 1 1 35 63 36 0 1 1 35 70 526 0 1 1 35 79 76 0 1 1 35 75 61 0 1 3 3667 64 62 0 1 3 3667 62
4/4 75 0 1 0 0 63 36 0 1 0 0 70 526 0 1 0 0 79 76 0 1 0 0 75 33 2 75 3 667 65 73 2 25 1 15 65 713 2 25 3 2333 62 74 0 1 3 3333 60 524 0 1 3 3333 52
4/4 74 0 1 0 0 60 524 0 1 0 0 52 525 0 1 2 125 81 526 0 1 2 125 79 65 0 1 2 275 72 36 0 1 2 275 67 312 0 1 2 275 73 66 0 1 2 275 86 712 2 25 2 375 57
4/4 76 3 333 0 0 75 712 1 5 0 0 57 66 3 333 3 333 66 526 1 5 3 667 76 63 2 75 2 75 52 66 0 3 0 1 65 713 1 5 3 1667 61 34 0 1 1 25 52 314 1 5 1 35 56
4/4 314 1 5 0 0 56 66 2 125 0 0 65 64 0 1 3 333 62 714 2 25 2 125 70 65 2 175 2 225 77 313 0 1 2 225 66 713 0 1 0 3 57
4/4 34 2 75 0 0 50 65 2 225 0 0 77 64 0 1 0 1 45 35 2 25 2 175 46 314 2 225 2 175 44 66 0 1 2 275 75 65 0 1 2 275 74 525 0 1 3 3667 88 526 0 1 3 3667 76
4/4 314 1 5 0 0 44 315 0 1 3 667 88 316 0 1 3 667 78 525 0 1 2 125 62 36 0 1 2 125 70 75 0 1 3 1333 59 36 0 1 3 1333 70 526 0 1 3 1333 73 711 0 1 1 15 70 522 2 75 3 2333 55 33 2 75 2 325 63
4/4 523 0 1 0 0 52 35 0 1 2 75 40 525 0 1 2 75 48 75 0 3 0 1 56 73 2 75 0 1 52 36 0 3 0 1 63 34 0 1 0 2 54 524 0 1 2 275 56 74 2 25 2 375 57
4/4 75 2 25 0 0 56 35 0 1 0 0 40 525 0 1 0 0 48 36 1 15 0 0 63 75 0 2 3 667 65 712 0 1 3 667 58 523 0 1 1 15 51 73 2 75 1 25 46 34 1 5 1 35 44
4/4 34 1 5 0 0 44 525 0 1 3 333 55 74 0 1 3 333 60 524 3 2333 3 333 42 526 0 1 2 125 69 525 0 1 2 125 70 315 0 1 2 225 76 316 0 1 2 225 71 36 0 1 0 3 65 35 0 1 0 3 70 315 0 1 2 375 59 65 0 1 2 375 50 225 0 1 2 375 68
4/4 612 0 1 0 0 57 316 3 2667 0 0 64 315 0 1 0 0 59 65 0 1 0 0 50 225 0 1 0 0 68 313 2 75 0 1 51 713 1 5 0 2 46 223 3 667 2 275 51 225 2 25 2 375 46 314 0 1 2 375 38 64 0 1 2 375 36 315 2 25 2 375 39
4/4 225 0 4 0 0 46 314 0 1 0 0 38 64 0 1 0 0 36 315 0 4 0 0 39 612 3 333 3 3667 55
4/4 225 1 35 0 0 46 315 0 3 0 0 39 612 3 667 0 0 55 313 2 75 1 5 48 713 2 25 1 15 49 223 3 1667 3 2333 48 314 0 1 3 3333 43 64 0 1 3 3333 39
4/4 223 3 583 0 0 48 314 0 1 0 0 43 64 0 1 0 0 39 316 1 5 2 25 73 36 1 5 0 1 77 225 3 667 0 2 78 65 3 1333 3 2667 54 75 2 125 2 275 57 36 0 1 0 3 72 32 0 1 0 3 54 72 2 25 2 375 46
4/4 65 3 3417 0 0 54 75 2 25 0 0 57 72 1 5 0 0 46 316 2 25 2 25 57 36 2 25 1 5 60 225 0 1 3 667 70 33 0 1 3 667 45 36 0 3 0 1 67 63 0 1 1 15 53 73 3 667 1 25 52 34 2 25 3 3333 42
4/4 36 1 105 0 0 67 65 0 1 3 333 53 64 0 1 3 333 45 74 1 5 3 1333 39 74 0 1 1 25 27 35 0 1 1 25 34 55 1 15 1 25 41 34 1 15 1 25 30
4/4 74 0 1 0 0 27 35 0 1 0 0 34 55 0 4 0 0 41 34 0 4 0 0 30
4/4 74 0 1 0 0 27 35 0 1 0 0 34 55 1 25 0 0 41 34 2 75 0 0 30 65 0 1 1 35 51 714 0 1 1 35 45 63 0 1 1 35 38
4/4 65 0 1 0 0 51 714 0 1 0 0 45 63 0 1 0 0 38 34 0 1 1 5 44 74 0 1 3 1333 45 34 2 75 3 2333 41 526 0 1 2 325 58 714 0 1 2 325 45
4/4 316 0 1 0 0 57 34 0 1 0 0 43 75 0 1 0 1 54 74 0 1 0 1 44 34 0 1 0 2 44 715 0 1 0 2 58 316 0 1 2 275 58 63 0 1 2 275 44 36 0 1 2 375 55 34 0 1 2 375 42
4/4 36 0 1 0 0 55 34 0 1 0 0 42 65 0 1 3 667 49 74 0 1 3 667 40 75 0 1 3 1667 52 34 0 1 3 1667 36 225 0 1 3 2667 52 714 0 1 3 2667 40 715 1 5 1 35 52 34 1 5 1 35 38
4/4 715 2 125 0 0 52 34 1 5 0 0 38 74 3 667 1 5 42 34 3 667 1 15 46 714 0 1 3 2333 47 65 0 1 3 2333 51 523 0 1 1 25 44 34 3 667 3 3333 43
4/4 714 0 1 0 0 47 65 0 1 0 0 51 34 3 333 0 0 43 74 2 75 2 25 37 34 0 1 2 125 43 714 0 1 0 2 44 526 0 1 0 2 63 34 0 1 0 3 42 316 0 1 0 3 58
4/4 75 0 1 0 0 62 74 0 1 0 0 41 34 0 1 2 75 43 715 0 1 2 75 59 316 0 1 2 175 62 523 0 1 2 175 46 36 0 1 3 2667 54 34 0 1 3 2667 39 65 0 1 3 3667 48 74 0 1 3 3667 43
4/4 65 0 1 0 0 48 74 0 1 0 0 43 34 0 1 1 5 43 75 0 1 1 5 53 225 0 1 1 15 51 714 0 1 1 15 39 34 0 1 3 2333 37 715 1 15 1 25 48 74 3 667 3 3333 45
4/4 715 3 167 0 0 48 34 2 25 3 333 42 313 0 1 2 125 48 65 0 1 2 125 54 714 0 1 2 125 52 34 0 1 2 225 49 64 2 75 2 325 45
4/4 34 2 75 0 0 43 714 0 1 0 1 45 526 0 1 0 1 56 316 0 1 0 2 59 34 0 1 0 2 41 75 0 1 2 275 51 74 2 75 0 3 42 715 2 25 2 375 58 34 2 25 2 375 43
4/4 715 0 1 0 0 58 313 0 1 2 75 51 316 0 1 2 75 57 34 0 1 3 1667 45 36 0 1 3 1667 55 65 0 1 1 25 51 74 0 1 1 25 41 75 0 1 1 35 56 34 0 1 1 35 39
4/4 75 0 1 0 0 56 34 0 1 0 0 39 225 0 1 3 333 52 714 0 1 3 333 41 715 1 15 3 1333 52 34 3 333 3 1333 41 313 2 75 3 2333 30 34 2 75 2 325 37
4/4 74 0 1 0 0 36 35 0 1 0 0 43 65 1 35 0 0 41 33 2 125 2 25 41 75 2 375 2 25 44 73 2 75 0 1 42 34 2 25 0 2 43 64 2 125 2 275 43 74 2 25 2 375 47
4/4 64 3 4417 0 0 43 74 2 425 0 0 47 75 0 1 0 0 44 35 0 1 2 75 44 65 3 1333 2 175 40 75 2 25 0 3 46
4/4 36 0 1 1 15 22 37 0 1 1 15 34
