4/4 64 2 175 3 333 72 62 3 333 3 333 46 13 1 5 3 1333 38 33 0 1 3 1333 43 34 2 25 2 175 58 34 3 1667 3 2333 58 64 3 667 2 275 65 74 3 667 3 3333 72 52 3 333 3 3333 46
4/4 34 3 1333 0 0 70 74 3 1583 0 0 67 73 0 1 3 333 34 32 0 1 3 333 35 74 3 1667 3 2333 67 52 2 25 3 2333 42 73 3 667 3 3333 51 33 3 667 3 3333 40 34 2 25 2 375 54
4/4 74 3 83 0 0 76 73 3 333 0 0 41 33 3 1083 0 0 47 34 3 3333 3 333 63 74 3 667 2 75 61 14 2 225 3 1333 65 62 3 333 3 1333 54 33 0 1 1 25 37 12 0 1 1 25 35
4/4 14 3 1333 3 333 87 62 2 25 3 333 55 33 0 1 3 1333 46 13 1 15 3 1333 36 64 2 25 2 175 52 64 3 1667 3 2333 63 14 3 333 2 275 62 222 0 1 3 3333 49 223 0 1 3 3333 72
4/4 64 3 1583 0 0 79 44 3 667 3 333 37 63 0 1 3 333 36 34 0 1 3 333 55 45 2 25 3 1333 68 44 0 1 2 225 55 64 0 1 2 225 56 34 0 1 2 225 73 33 3 1667 3 2333 48 63 0 1 3 3333 48 222 0 1 3 3333 51
4/4 33 3 333 0 0 55 63 0 1 0 0 41 222 0 1 0 0 36 14 3 667 3 333 73 64 2 25 0 1 59 33 0 1 1 15 45 74 0 1 1 15 46 53 0 1 1 15 41 34 0 1 1 25 31 53 0 1 1 25 31 72 0 1 1 25 44
4/4 64 3 1333 3 667 68 62 2 25 3 667 39 13 1 5 3 1667 61 33 3 1667 3 1667 31 34 2 25 0 2 58 34 3 667 1 25 66 64 2 25 0 3 72 74 1 5 1 35 60 52 3 333 1 35 45
4/4 74 2 175 0 0 63 73 0 1 3 667 33 34 0 1 3 667 40 32 0 1 3 667 28 52 3 333 3 2667 60 74 3 1333 3 2667 78 33 3 333 3 3667 33 73 3 333 3 3667 41
4/4 34 2 25 0 0 56 33 3 1333 0 0 51 74 3 667 0 0 79 73 3 917 0 0 51 34 0 3 3 667 84 74 3 333 0 1 71 14 0 2 3 1667 73 62 2 25 3 1667 41 13 0 1 3 2667 32 32 0 1 3 2667 38
4/4 34 2 75 2 25 47 64 0 1 3 333 48 14 3 1667 1 5 79 12 2 25 1 5 40 63 2 175 1 15 27 34 2 25 1 15 59 64 2 25 0 2 63 64 2 75 1 25 65 14 2 25 0 3 60 224 0 1 1 35 60 43 0 1 1 35 70 222 3 333 1 35 41
4/4 44 0 1 1 5 37 63 0 1 1 5 59 63 0 1 1 5 41 35 0 1 1 5 63 63 0 1 1 5 67 45 2 25 1 15 70 44 0 1 2 225 44 63 0 1 2 225 46 33 0 1 3 2333 58 34 0 1 3 2333 64 63 0 1 3 3333 38 222 0 1 3 3333 49
4/4 14 3 667 3 333 59 34 3 1667 2 75 62 64 2 225 1 15 54 62 0 2 1 15 39 33 0 1 3 2333 36 73 3 333 0 3 49 13 1 5 3 3333 86 34 2 25 2 375 83
4/4 34 2 125 0 0 74 73 0 1 2 25 74 32 3 667 3 333 56 72 0 1 2 125 54 73 0 1 2 125 70 53 0 1 2 225 53 74 0 1 2 225 60 54 0 1 2 225 61 32 0 1 2 225 39 52 2 25 2 325 58 74 0 1 2 325 69 33 0 1 2 325 75
4/4 73 0 1 0 0 55 32 0 1 0 0 51 74 0 1 0 0 68 33 0 1 0 0 76 73 0 1 0 1 59 33 0 1 0 1 44 63 0 1 0 1 72 74 2 25 1 15 61 62 2 25 0 2 49 14 0 1 0 2 81 33 0 1 0 2 74 13 0 1 0 3 63 32 0 1 0 3 45
4/4 13 0 1 0 0 56 32 0 1 0 0 60 14 0 1 0 0 78 33 0 1 0 0 70 34 2 25 3 667 50 64 0 1 2 75 65 74 0 1 2 75 68 34 0 1 2 75 72 12 2 25 2 75 47 63 0 1 2 175 37 33 0 1 2 175 41 34 0 1 2 275 49 62 0 1 2 275 41 32 2 25 2 375 62
4/4 73 0 1 1 5 36 34 0 1 1 5 50 53 0 1 1 5 57 53 0 1 2 75 37 72 0 1 2 75 58 73 0 1 2 75 65 53 0 1 3 1667 52 73 0 1 3 1667 67 72 0 1 3 1667 62 32 3 333 3 2667 55 74 2 125 3 2667 65 34 3 1333 3 2667 74 53 3 333 3 3667 47 64 0 1 3 3667 55 71 0 1 3 3667 52
4/4 34 3 667 0 0 82 64 0 1 0 0 59 71 0 1 0 0 51 32 2 25 3 667 61 44 2 25 0 1 81 61 3 333 1 15 48 34 2 225 3 1667 90 12 0 1 3 2667 42 31 0 1 3 2667 54 12 2 25 1 35 47 32 3 333 3 3667 49
4/4 13 0 1 0 0 42 33 0 1 0 0 45 54 0 1 3 333 67 13 0 1 3 333 77 51 3 333 1 5 58 12 0 1 1 15 59 31 0 1 1 15 61 32 0 1 1 25 51 11 0 1 1 25 71 42 2 25 1 35 66 13 0 1 1 35 76 64 0 1 1 35 87 43 0 1 1 35 54
4/4 13 0 1 0 0 59 64 0 1 0 0 72 43 0 1 0 0 51 63 3 667 1 5 54 12 2 125 1 5 56 64 2 25 0 1 52 64 2 25 1 15 64 64 3 333 0 2 69 54 0 1 3 2333 69 63 0 1 3 2333 33 14 0 1 1 25 63 32 2 25 1 25 49 45 3 667 1 25 72 53 0 1 1 35 44 12 0 1 1 35 38 34 0 1 1 35 61
4/4 63 0 1 0 1 51 13 0 1 0 1 64 221 0 1 0 1 59 43 0 1 0 1 83 43 2 125 3 2333 55 62 0 1 3 2333 43 11 0 1 3 2333 41 44 2 25 2 275 67 44 3 333 2 325 88 44 2 25 3 3667 79
4/4 62 0 1 0 0 49 11 0 1 0 0 51 35 0 1 2 25 85 311 0 1 2 25 53 314 0 1 2 125 62 223 0 1 2 125 45 224 0 1 2 125 52 64 0 1 2 125 59 313 0 1 2 125 35 62 0 1 2 125 35 42 3 667 2 325 72 62 3 333 3 3667 71
4/4 62 3 333 0 0 54 12 3 333 2 25 65 43 1 5 3 667 66 63 2 25 2 125 63 14 0 1 2 125 76 63 0 1 2 125 78 44 2 25 3 1667 68 44 0 2 0 2 78 64 0 1 0 2 75 223 0 1 0 2 89 32 3 667 0 2 56 12 1 5 3 2667 63 33 1 5 0 3 61 63 1 5 1 35 67
4/4 13 2 25 0 0 74 35 3 333 0 0 71 63 2 25 0 0 77 44 2 25 3 667 65 221 1 5 0 1 70 64 0 1 0 1 79 44 0 1 0 1 77 12 0 1 0 1 78 62 2 75 1 15 55 12 1 5 0 2 61 43 1 5 1 25 67 63 0 1 0 3 60 43 0 1 0 3 77 64 0 1 0 3 90 43 0 1 0 3 67 13 2 25 1 35 76
4/4 73 0 1 0 0 71 34 0 1 0 0 77 73 0 1 0 0 70 11 3 667 0 0 65 62 1 5 1 5 53 12 1 5 0 1 69 33 1 5 1 15 71 14 0 1 0 2 91 62 0 1 0 2 71 73 2 25 1 25 54 73 2 125 2 275 66 23 0 1 0 3 74 44 0 1 0 3 74 73 0 1 0 3 71 71 3 667 0 3 80 42 1 5 1 35 70
4/4 72 1 5 0 0 80 73 2 75 0 0 61 23 0 1 0 0 67 44 0 1 0 0 69 73 0 1 0 0 74 22 3 667 3 333 80 43 1 5 2 75 69 63 2 25 2 125 83 63 0 1 2 175 56 72 0 1 2 175 75 43 0 1 2 175 67 21 0 1 2 175 77 23 0 1 2 175 91 43 0 1 2 175 88 73 3 667 2 225 79 54 0 1 2 275 89 22 0 1 2 275 71 62 0 1 2 275 72 73 3 667 2 325 77 71 0 1 3 3667 69 23 0 1 3 3667 84 63 0 1 3 3667 80
4/4 223 0 1 3 667 83 74 0 1 3 667 78 43 0 1 3 667 75 31 3 667 3 667 76 71 3 333 2 125 73 32 3 333 3 1667 72 73 0 1 0 2 78 61 0 1 0 2 55 223 0 1 1 25 61 71 0 1 1 25 57 64 0 1 0 3 53 32 0 1 0 3 46 54 0 1 3 3667 61 34 0 1 3 3667 64 72 0 1 3 3667 70 32 0 1 3 3667 55 51 0 1 3 3667 58 33 0 1 3 3667 58 34 0 1 3 3667 61 73 0 1 3 3667 68 52 0 1 3 3667 46 71 0 1 3 3667 41
4/4 54 0 1 0 0 67 34 0 1 0 0 56 72 0 1 0 0 50 32 0 1 0 0 58 51 0 1 0 0 42 33 0 1 0 0 47 34 0 1 0 0 69 73 0 1 0 0 56 52 0 1 0 0 53 71 0 1 0 0 51 35 1 15 1 25 86 62 3 333 1 25 49 63 3 667 3 3333 53 12 0 1 3 3333 53 32 0 1 3 3333 35
4/4 12 0 1 0 0 40 32 0 1 0 0 50 14 0 1 3 333 80 61 0 1 3 333 60 52 3 333 3 1333 49 64 1 15 3 1333 94 53 1 5 2 225 50 33 0 1 3 2333 48 11 0 1 3 2333 53 34 2 25 3 2667 57 34 0 1 2 325 71 51 0 1 2 325 47 34 2 25 3 3667 75
4/4 44 0 2 2 25 90 42 3 333 2 25 53 63 0 1 2 125 54 222 0 1 2 125 51 42 0 1 2 125 54 64 3 667 3 1667 76 42 0 1 0 2 55 223 0 1 0 2 87 45 2 25 1 25 79 32 2 25 0 3 53 35 0 1 0 3 94
4/4 64 0 1 0 0 47 63 0 1 0 0 42 34 0 1 0 0 58 33 0 1 0 0 45 11 0 1 0 0 33 35 3 333 0 0 101 14 3 333 0 1 88 44 0 1 3 1667 58 63 0 1 3 1667 37 224 0 1 0 2 77 221 2 25 0 2 73 43 0 1 0 3 51 71 0 1 0 3 50 74 1 5 3 3333 88
4/4 44 0 1 0 0 79 221 0 1 0 0 51 224 2 25 3 333 71 11 2 25 2 75 66 14 3 1333 2 75 88 34 0 2 2 75 79 64 0 1 2 175 55 33 0 1 2 175 47 61 0 1 2 175 41 14 2 25 2 325 92 23 0 1 2 375 58 44 0 1 2 375 75 73 0 1 2 375 73 71 2 25 2 375 66
4/4 23 0 1 0 0 69 44 0 1 0 0 69 73 0 1 0 0 81 71 3 83 0 0 65 42 0 1 2 75 66 21 0 1 2 75 74 44 0 1 2 125 79 22 0 1 2 125 80 63 0 1 3 1667 72 72 0 1 3 1667 59 54 0 1 3 1667 95 34 0 1 3 1667 74 22 0 1 3 1667 72 42 0 1 3 1667 55 64 0 1 2 225 84 43 0 1 2 225 66 32 3 333 3 2667 62 74 0 1 3 2667 80 223 0 1 3 2667 80 73 0 1 3 2667 77 43 0 1 3 2667 71 72 2 25 3 3667 61
4/4 54 0 1 1 5 83 53 0 1 1 5 69 73 0 1 1 5 79 34 0 1 1 5 64 32 0 1 1 5 71 34 0 1 1 15 61 14 0 1 1 15 80 34 0 1 1 15 84 64 3 1667 1 15 82 61 2 25 1 15 69 62 0 1 1 25 64 33 0 1 1 25 57 11 0 1 1 25 49 14 0 1 1 35 77 33 0 1 1 35 80
4/4 13 0 1 2 25 74 34 0 1 2 25 74 63 0 1 2 25 84 51 2 25 3 333 68 33 0 1 3 1333 61 12 0 1 3 1333 63 51 0 1 3 1333 65 34 2 25 2 175 82 34 2 25 3 2333 71 34 2 25 2 275 69 41 2 25 3 3333 58 44 0 1 3 3333 97 62 0 1 3 3333 84
4/4 222 0 1 3 333 77 42 0 1 3 333 52 61 0 1 3 333 60 64 1 5 2 75 79 44 0 1 2 125 78 223 0 1 2 125 86 45 2 25 2 175 87 35 0 1 2 225 84 33 0 1 2 225 78 31 2 25 2 225 74 12 0 1 2 325 69 32 0 1 2 325 64 61 0 1 2 325 62
4/4 14 1 5 2 25 97 44 0 1 0 1 59 73 0 1 0 1 74 221 2 25 2 125 79 224 1 5 2 125 69 43 0 1 0 2 67 222 0 1 0 2 55 71 0 1 0 2 71 223 0 1 1 25 82 73 0 1 1 25 76 44 2 25 0 3 72 224 2 25 1 35 79
4/4 11 2 25 0 0 76 14 0 1 0 0 82 34 1 15 0 0 75 33 0 1 0 1 61 12 0 1 0 1 55 61 0 1 0 1 53 64 0 1 0 1 74 61 0 1 0 1 49 14 2 25 3 2333 87 74 0 1 0 3 85 223 0 1 0 3 60 43 0 1 0 3 66 32 2 25 0 3 54
4/4 222 0 1 0 0 57 42 0 1 0 0 48 63 0 1 0 0 45 42 0 1 0 0 33 74 0 1 0 0 75 223 0 1 0 0 56 43 0 1 0 0 63 223 2 25 3 333 39 54 1 5 0 1 72 13 0 1 0 2 65 63 0 1 0 2 66 61 2 25 0 2 51 32 1 5 1 25 61 62 3 333 0 3 55 12 2 25 3 3333 46
4/4 33 3 333 0 0 49 13 1 5 3 333 67 223 2 175 0 1 71 63 3 2333 0 1 77 61 1 5 0 1 50 42 2 25 3 1333 53 222 3 333 0 2 43 43 2 25 3 2333 51 34 1 5 0 3 57 223 2 25 3 3333 63 61 2 25 2 375 51
4/4 13 0 1 0 0 64 32 0 1 0 0 70 61 2 25 0 0 52 32 2 25 3 333 49 12 1 5 0 1 60 33 1 5 1 15 66 63 3 333 0 2 70 222 0 1 2 275 30 61 0 1 2 275 38 312 0 1 2 275 37 61 0 1 2 275 28 313 0 1 0 3 42 72 0 1 0 3 47
4/4 222 0 1 0 0 37 61 0 1 0 0 39 312 0 1 0 0 47 61 0 1 0 0 37 313 0 1 0 0 36 72 0 1 0 0 50 13 2 125 1 15 37 34 3 1333 2 175 60 62 1 5 2 175 70 64 2 175 2 175 81 33 1 5 2 225 49 63 2 25 2 275 56 13 2 25 2 325 59 34 2 25 2 375 73
4/4 34 2 25 0 0 64 13 2 25 2 25 53 223 3 1333 3 667 64 63 0 1 3 667 69 61 0 1 3 667 57 43 0 1 2 125 57 63 2 25 2 175 44 63 3 667 2 225 44 34 1 5 2 275 56 223 2 25 2 325 44 13 2 25 2 375 48 33 2 25 2 375 60 62 2 25 2 375 55
4/4 13 1 15 0 0 65 33 0 1 0 0 61 62 3 2083 0 0 46 33 3 667 1 15 40 63 2 25 0 2 59 62 0 1 0 3 45 313 0 1 0 3 30 72 0 1 0 3 54 222 0 1 0 3 38 313 0 1 0 3 33 72 0 1 0 3 36
4/4 62 0 1 0 0 32 313 0 1 0 0 44 72 0 1 0 0 45 222 0 1 0 0 24 313 0 1 0 0 31 72 0 1 0 0 46 65 3 1667 2 225 55 62 1 5 2 225 46 13 3 333 2 325 50 33 3 667 3 3333 33 35 0 1 2 375 47 34 0 1 2 375 57
4/4 35 1 5 2 25 62 65 1 5 3 667 75 75 2 125 2 125 65 52 3 333 2 125 42 73 0 1 2 225 31 35 0 1 2 225 48 32 0 1 2 225 45
4/4 75 2 75 2 25 86 52 2 25 2 25 58 73 3 333 0 1 42 33 0 1 0 1 35 35 2 25 1 15 69 35 2 25 2 175 70 53 2 25 0 2 50 35 1 5 0 2 63 75 3 667 1 25 63 15 0 1 0 3 59 62 2 25 0 3 45
4/4 13 0 1 0 0 36 35 0 1 0 0 56 32 0 1 0 0 38 15 2 25 0 0 67 12 2 25 2 175 46 15 0 1 2 175 81 63 0 1 2 275 37 34 1 5 2 275 43 65 2 25 2 325 64 65 0 1 1 35 69 12 0 1 1 35 57
4/4 15 3 333 2 25 80 225 0 1 3 667 70 221 0 1 3 667 63 36 3 333 2 125 75 223 0 1 3 1667 38 44 0 1 3 1667 53 46 0 1 3 1667 64 62 0 1 3 1667 47 45 2 25 3 2667 35 35 0 1 1 35 44 65 0 1 1 35 57 35 0 1 1 35 67 33 2 25 3 3667 41
4/4 35 0 1 0 0 50 65 0 1 0 0 55 35 0 1 0 0 64 223 0 1 3 667 34 73 0 1 3 667 43 43 0 1 3 667 37 15 2 25 2 125 42 15 1 5 3 1667 83 65 2 25 0 2 75 33 2 25 1 25 50 75 2 125 3 2667 68 73 0 1 1 35 35 34 0 1 1 35 36 35 0 1 1 35 65 52 0 1 1 35 45
4/4 34 1 15 0 1 67 61 1 5 1 15 60 64 2 125 1 15 93 32 2 25 0 2 46 62 1 5 1 25 52 12 1 5 0 3 60 34 2 25 0 3 74 33 2 25 1 35 63 34 2 25 1 35 69
4/4 63 0 1 0 0 55 63 0 1 0 0 95 51 1 5 1 5 67 74 2 125 1 5 87 32 2 25 0 1 37 34 0 1 1 15 54 73 0 1 1 15 67 71 0 1 1 15 58 53 0 1 0 3 66 62 0 1 0 3 82 51 1 5 3 3333 63 73 3 667 3 3333 80
4/4 32 3 333 0 0 47 73 3 667 0 0 78 72 2 25 3 333 58 33 2 25 2 75 61 52 3 667 2 75 58 72 2 25 3 1333 59 33 1 5 3 1333 86 73 2 25 2 175 82 61 1 5 2 225 65 13 2 125 2 225 89 32 2 25 2 275 58 63 0 1 2 325 68 33 0 1 2 325 64 11 0 1 2 325 41
4/4 11 3 333 2 125 66 13 2 125 2 125 88 62 1 5 3 1667 58 12 2 25 2 225 58 63 0 1 3 2667 78 32 0 1 3 2667 62 12 0 1 0 3 57 62 0 1 0 3 86 62 0 1 1 35 54 12 0 1 1 35 85
4/4 223 0 1 0 0 80 42 0 1 0 0 76 221 1 5 0 0 54 62 1 5 1 5 60 222 2 25 0 1 64 43 0 1 1 15 53 33 0 1 1 15 89 44 2 25 0 2 83 43 0 1 0 3 70 63 0 1 0 3 75 33 0 1 0 3 82 32 2 25 0 3 60
4/4 12 0 1 0 0 53 51 0 1 0 0 54 53 0 1 0 0 83 12 0 1 0 0 90 31 2 25 0 1 44 33 2 25 3 1333 49 33 0 1 2 175 80 63 0 1 2 175 64 11 0 1 2 175 61 61 3 667 2 175 52 32 1 5 3 2333 39 62 2 25 2 275 40 72 2 25 2 325 67 12 2 25 2 375 85
4/4 33 3 333 2 25 91 31 0 1 3 667 48 72 0 1 3 667 91 33 0 1 3 1667 55 74 0 1 3 1667 70 73 0 1 3 1667 62 52 0 1 3 1667 44 71 0 1 3 1667 40 33 0 1 1 25 73 74 0 1 1 25 75 73 0 1 1 25 74 52 0 1 1 25 56 71 0 1 1 25 55 73 0 1 2 325 73 34 0 1 2 325 66 53 0 1 2 325 88 51 2 25 1 35 70 74 1 5 1 35 92
4/4 73 0 1 0 0 74 34 0 1 0 0 63 53 0 1 0 0 78 74 2 75 0 0 91 72 3 333 1 5 60 32 2 75 1 5 69 73 3 333 0 1 80 51 0 1 3 1333 45 63 0 1 3 1333 81 74 2 25 2 175 72 61 2 25 3 2333 71 14 0 1 3 2333 87 64 0 1 3 2333 74 12 0 1 3 2333 75 12 0 1 3 3333 58 32 0 1 3 3333 55 61 0 1 3 3333 51
4/4 12 0 1 2 25 60 32 0 1 2 25 61 61 0 1 2 25 52 34 0 1 2 75 66 63 0 1 2 75 65 74 0 1 0 1 80 34 0 1 0 1 93 11 2 25 2 125 59 33 0 1 0 2 57 61 0 1 0 2 65 62 0 1 0 3 51 32 0 1 0 3 49 32 2 25 2 375 62
4/4 73 0 1 1 5 60 34 0 1 1 5 57 53 0 1 1 5 73 53 0 1 2 75 50 74 0 1 2 75 80 71 0 1 2 75 52 53 0 1 2 175 72 73 0 1 2 175 75 72 3 667 2 175 65 73 0 1 3 2333 49 33 0 1 3 2333 56 54 0 1 3 2667 70 73 0 1 3 2667 80 32 2 25 2 275 52 53 2 25 3 3667 69 72 3 333 3 3667 64 64 3 333 3 3667 93
4/4 72 3 417 0 0 46 64 3 667 0 0 92 32 2 25 3 667 59 44 2 25 0 1 92 61 2 25 1 15 74 34 2 225 1 15 99 33 0 1 1 25 56 62 0 1 1 25 61 11 0 1 1 25 70 33 0 1 1 35 66 62 0 1 1 35 58 11 0 1 1 35 69
4/4 13 0 1 2 25 66 34 0 1 2 25 61 53 0 1 2 25 85 51 2 25 3 333 62 14 2 225 1 5 91 33 0 1 3 1333 61 52 0 1 3 1333 57 11 0 1 3 1333 71 52 0 1 3 2333 62 33 0 1 3 2333 60 11 0 1 3 2333 58 42 1 5 2 325 68 64 2 75 2 325 82 12 3 333 3 3667 49
4/4 64 2 25 0 0 95 12 3 167 0 0 53 63 3 333 2 25 67 64 0 1 3 667 79 11 0 1 3 667 60 64 0 1 2 125 76 42 0 1 2 125 58 12 1 5 1 15 70 64 2 25 3 1667 74 54 0 1 0 2 60 14 0 1 0 2 83 32 0 1 0 2 62 44 0 1 0 2 70 12 1 5 1 25 50 53 0 1 0 3 46 34 0 1 0 3 64
4/4 63 0 1 2 75 63 13 0 1 2 75 65 221 0 1 2 75 73 44 1 5 0 1 83 62 1 5 3 1333 55 12 1 5 2 175 70 44 0 1 2 225 70 42 0 1 2 225 65 12 0 1 2 275 70 43 0 1 2 275 86 44 0 1 2 325 82 61 0 1 2 325 56 312 0 1 3 3667 77 34 0 1 3 3667 107
4/4 312 0 1 0 0 74 34 0 1 0 0 110 12 1 5 2 25 53 314 0 1 3 667 72 224 0 1 3 667 82 63 0 1 3 667 71 313 2 25 3 667 55 42 2 25 1 25 85 43 0 1 1 35 74 13 0 1 1 35 73 62 0 1 1 35 59
4/4 14 0 1 1 5 95 44 0 1 1 5 78 63 0 1 1 5 72 44 0 1 3 1333 63 64 0 1 3 1333 67 223 0 1 3 1333 93 32 2 25 1 15 61 33 0 1 3 2333 63 13 0 1 3 2333 75 62 0 1 3 2333 69 35 2 25 3 3333 84
4/4 13 0 1 0 0 69 44 0 1 0 0 84 63 0 1 0 0 80 221 2 25 3 333 75 63 0 1 2 125 67 222 0 1 2 125 77 42 0 1 2 125 63 221 0 1 2 225 81 64 0 1 2 225 87 13 0 1 2 225 82 43 0 1 2 225 66 73 0 1 0 3 65 34 0 1 0 3 77 73 0 1 0 3 102 11 2 25 2 325 79
4/4 73 0 1 0 0 62 34 0 1 0 0 70 73 0 1 0 0 88 33 0 1 2 25 62 62 0 1 2 25 72 11 0 1 2 25 68 11 0 1 0 1 67 34 0 1 0 1 79 13 0 1 0 1 77 73 0 1 0 2 69 73 0 1 0 2 84 223 0 1 0 2 61 43 0 1 0 2 72 71 3 667 0 2 79 42 1 5 1 25 55 12 3 667 0 3 80 222 1 5 1 35 79
4/4 43 1 5 0 0 83 223 0 1 0 0 60 43 0 1 0 0 79 63 2 25 1 5 83 71 0 1 0 1 70 62 0 1 0 1 66 62 0 1 0 1 92 223 0 1 0 1 76 43 0 1 0 1 89 43 0 1 2 175 81 73 0 1 2 175 90 64 0 1 2 175 88 223 0 1 2 175 83 222 0 1 2 175 68 72 0 1 2 175 68 43 0 1 2 175 80 62 0 1 2 275 72 71 0 1 2 275 70 14 0 1 2 275 79 223 0 1 2 275 94 64 0 1 2 275 61 43 0 1 2 275 66 72 0 1 3 3667 49 222 0 1 3 3667 60 43 0 1 3 3667 63 31 0 1 3 3667 80 31 0 1 3 3667 82 72 0 1 3 3667 74
4/4 222 2 25 3 667 72 33 2 25 0 1 80 43 3 333 2 125 97 53 2 25 1 15 78 63 1 5 2 175 93 73 1 5 2 225 79 222 0 1 1 25 68 32 0 1 1 25 58 61 0 1 1 25 55 13 3 333 1 25 86 223 2 25 2 275 81 34 3 333 0 3 80 44 3 333 3 3333 86 54 2 25 3 3667 86
4/4 64 1 5 0 0 78 74 0 1 3 333 71 31 0 1 3 333 73 14 1 5 3 667 69 224 3 333 0 1 80 61 2 25 3 1333 83 35 0 1 3 1333 87 62 0 1 2 225 67 63 0 1 2 225 72 33 0 1 2 225 69 11 0 1 2 225 70 14 0 1 2 325 94 33 0 1 2 325 84
4/4 13 0 1 0 0 62 34 0 1 0 0 77 63 0 1 0 0 83 51 2 25 0 0 57 52 0 1 0 1 66 33 0 1 0 1 62 11 0 1 0 1 53 34 2 25 1 15 86 63 0 1 0 2 67 34 0 1 0 2 67 33 0 1 0 2 54 11 0 1 0 2 65 34 2 25 1 25 81 44 0 1 0 3 99 41 2 25 0 3 59
4/4 222 0 1 0 0 81 42 0 1 0 0 62 61 0 1 0 0 68 44 1 5 0 0 91 64 1 5 3 333 79 43 0 1 2 75 76 222 0 1 2 75 59 44 0 1 2 75 85 224 0 1 2 75 93 61 0 1 2 75 60 45 2 25 3 1333 91 31 2 25 2 175 51 35 2 125 2 175 97 33 0 1 2 275 44 12 0 1 2 275 56 14 0 1 2 275 75 34 0 1 2 275 55 32 0 1 2 275 58 61 0 1 2 275 43
4/4 14 2 25 2 25 88 221 2 25 2 75 69 224 0 1 2 75 79 44 0 1 2 75 71 222 0 1 2 75 60 222 0 1 2 175 84 221 0 1 2 175 71 62 0 1 2 175 48 41 0 1 2 175 46 74 0 1 2 225 99 61 0 1 2 225 37 221 0 1 3 2667 63 73 0 1 3 2667 86 224 3 333 2 325 94 11 2 25 3 3667 80 14 3 333 3 3667 90 34 3 333 3 3667 84
4/4 14 3 917 0 0 94 34 3 1417 0 0 76 33 0 1 3 667 67 62 0 1 3 667 65 11 0 1 3 667 61 64 0 1 3 667 76 61 0 1 3 667 58 14 2 25 0 2 89 21 2 25 1 25 80 74 0 1 3 2667 93 22 0 1 3 2667 74 44 2 75 3 2667 80 43 0 1 1 35 73 72 0 1 1 35 68 21 0 1 1 35 74
4/4 44 0 1 0 0 82 72 0 1 0 0 97 21 0 1 1 5 66 53 0 1 1 5 83 64 3 333 0 1 85 31 0 1 3 1333 65 44 0 1 3 1333 70 74 0 1 3 1333 82 31 0 1 3 1333 74 223 0 1 3 1333 85 44 0 1 3 1333 83 74 0 1 3 1333 80 72 0 1 3 1333 76 222 0 1 2 225 86 32 0 1 2 225 63 63 0 1 2 225 70 43 0 1 2 225 76 61 0 1 2 225 53 72 0 1 2 325 71 32 0 1 2 325 66 53 0 1 2 325 81 33 0 1 2 325 76 51 0 1 2 325 76
4/4 33 0 1 0 0 55 33 0 1 0 0 80 63 0 1 2 25 73 13 0 1 2 25 92 33 0 1 2 25 90 61 2 25 2 25 78 33 0 1 2 125 64 52 0 1 2 125 68 72 0 1 2 125 53 11 0 1 2 125 44 13 2 25 0 2 92 51 2 25 0 3 55 63 0 1 0 3 72 32 0 1 0 3 78 12 3 333 0 3 74
4/4 12 0 1 0 0 57 32 0 1 0 0 58 51 0 1 0 0 68 33 2 25 1 5 75 33 3 333 0 1 91 33 2 25 3 1333 79 41 2 25 2 175 66 43 1 15 0 2 88 221 0 1 2 275 70 61 0 1 2 275 61 63 3 667 2 325 81 43 0 1 2 375 61 223 0 1 2 375 63 221 0 1 2 375 69
4/4 44 2 25 2 25 68 12 0 1 3 667 56 34 0 1 3 667 76 33 0 1 3 667 67 32 0 1 3 667 44 63 0 1 3 667 64 61 0 1 3 667 59 13 3 667 3 1667 57 13 3 333 2 325 76 221 3 333 3 3667 71 223 0 1 3 3667 89 42 0 1 3 3667 77
4/4 221 3 167 0 0 56 223 0 1 0 0 78 42 0 1 0 0 78 222 0 1 3 667 61 71 0 1 3 667 38 42 0 1 2 75 44 73 2 25 0 1 85 43 1 5 1 15 73 223 2 25 0 2 82 13 3 1333 1 25 70 11 2 25 1 25 57 62 0 1 1 35 44 63 0 1 1 35 50 33 0 1 1 35 56 12 0 1 1 35 39 31 0 1 1 35 50
4/4 62 0 1 0 0 37 63 0 1 0 0 60 33 0 1 0 0 60 12 0 1 0 0 33 31 0 1 0 0 31 13 2 25 0 1 70 32 2 175 3 1667 51 73 2 225 3 1667 77 43 0 1 3 1667 72 62 0 1 1 25 39 33 0 1 1 25 58 53 0 1 1 25 52 221 0 1 1 25 30
4/4 12 1 15 3 333 45 33 0 2 1 5 51 61 0 1 1 5 56 63 1 35 1 5 70 32 2 125 1 15 51 12 2 25 3 2333 42 12 3 667 2 275 68 222 0 1 3 3333 69 61 0 1 3 3333 58 62 2 25 2 375 62
4/4 62 1 15 0 0 54 222 0 1 0 0 69 61 0 1 0 0 51 63 0 2 0 0 64 42 0 1 3 333 26 32 0 1 3 333 59 12 3 1667 3 2333 71 61 1 5 3 2333 58 33 0 1 3 3333 46 63 0 1 3 3333 54 61 0 1 3 3333 31 32 3 667 3 3333 38
4/4 33 0 1 0 0 64 63 0 1 0 0 52 61 0 1 0 0 49 32 0 1 0 0 53 12 3 667 2 75 80 61 0 1 3 1333 53 71 0 1 3 1333 63 33 2 125 2 175 61 73 0 1 3 2333 48 51 0 1 3 2333 49
4/4 61 2 25 3 333 63 13 0 2 3 333 59 32 0 2 3 1333 31 34 0 1 3 1333 46 11 0 1 3 1333 42 63 0 1 3 1333 58 11 0 1 3 1333 50 13 1 5 0 3 73 61 3 333 1 35 48 223 1 5 1 35 70
4/4 43 2 175 0 0 48 223 3 167 0 0 59 63 0 1 1 5 49 34 0 1 1 5 56 41 0 1 1 5 40 222 0 1 1 5 38 33 0 1 1 5 55 61 3 333 3 2667 41 13 3 1333 3 2667 59 32 0 1 3 3667 51 33 0 1 3 3667 48 62 0 1 3 3667 48 12 2 25 2 375 25
4/4 32 0 1 0 0 38 33 0 1 0 0 44 62 0 1 0 0 60 13 3 417 0 0 55 12 1 5 0 0 33 13 2 25 2 125 73 61 1 5 2 175 57 73 2 225 2 175 72 222 3 1667 3 2333 55 313 0 1 2 275 55 311 0 1 2 275 33 72 0 1 0 3 26 311 0 1 0 3 38
4/4 222 3 583 0 0 47 73 3 417 0 0 65 72 0 1 0 0 41 311 0 1 0 0 28 61 0 1 3 1333 44 61 0 1 3 1333 36 62 0 1 3 1333 34 32 0 1 3 1333 30 12 0 1 1 15 29 33 0 1 1 15 38 62 0 1 1 15 34
4/4 61 0 1 0 0 32 61 0 1 0 0 27 62 0 1 0 0 36 32 0 1 0 0 42 12 0 1 0 0 36 33 0 1 0 0 30 62 0 1 0 0 31
