4/4 42 0 2 0 2 31 71 0 1 0 2 27 11 0 1 0 2 23 22 0 1 2 225 42 43 0 1 2 225 43 612 0 1 2 225 36
4/4 42 0 4 0 0 29 71 0 1 0 0 26 11 0 1 0 0 26 613 2 225 2 125 72
4/4 73 2 25 0 0 77 42 3 1333 0 0 32 71 0 1 0 0 32 11 0 1 0 0 23 13 2 25 1 5 74 613 2 25 0 1 78 71 0 1 1 15 42 51 0 1 1 15 52 12 0 1 3 1667 59 313 0 1 3 1667 62 52 0 1 3 1667 65
4/4 71 0 1 0 0 39 51 0 1 0 0 46 13 0 1 1 5 52 222 0 1 1 5 46 23 2 125 2 75 75 13 0 2 0 2 61
4/4 71 0 1 0 0 45 51 0 1 0 0 43 13 3 3667 0 0 62 53 0 1 0 2 41 313 0 1 0 2 44 11 0 1 0 2 35 611 0 1 2 225 41 51 0 1 2 225 35
4/4 611 0 1 0 0 43 51 0 1 0 0 27 314 2 75 1 5 82 23 2 25 1 15 52 44 1 5 0 2 67 314 2 25 1 25 71 54 1 5 2 275 102 44 3 333 2 325 71 614 3 333 3 3667 83
4/4 54 2 25 0 0 75 611 0 1 0 0 42 51 0 1 0 0 42 74 2 75 1 5 79 614 3 333 0 1 80 13 2 175 2 225 60 34 1 15 1 25 49 524 2 75 1 25 56 21 3 1333 1 25 52 14 3 1333 3 2667 64
4/4 13 3 1583 0 0 54 34 1 25 0 0 62 14 3 1917 0 0 76 12 2 25 2 25 50 33 2 25 2 75 42 523 2 225 2 125 55 613 2 225 3 1667 53 13 1 15 0 2 48 524 1 5 1 25 47 714 3 333 0 3 56 74 1 5 3 3333 72 614 2 25 2 375 66
4/4 64 2 25 0 0 70 54 3 333 2 25 56 524 0 1 1 5 63 43 0 1 1 5 58 314 2 25 0 1 67 34 2 25 2 125 60 23 0 1 1 15 55 222 0 1 1 15 59 13 3 333 0 2 62 713 3 333 2 225 66 73 3 667 3 2667 78 52 0 1 0 3 48 72 0 1 0 3 55 22 0 1 0 3 54 42 0 1 0 3 45 613 3 667 3 3333 76
4/4 613 3 83 0 0 79 52 0 1 0 0 43 72 0 1 0 0 51 22 0 1 0 0 40 42 0 1 0 0 48 73 3 333 3 667 86 23 3 333 0 1 84 44 3 333 3 1333 93 614 0 1 0 2 64 51 0 1 0 2 43 614 2 125 2 275 59
4/4 614 3 1417 0 0 64 614 3 333 3 2667 82 74 3 667 3 3333 103 612 0 1 2 375 48 222 0 1 2 375 59 312 0 1 2 375 51
4/4 53 0 4 0 0 56 612 0 1 0 0 33 222 0 1 0 0 40 312 0 1 0 0 32 223 0 1 2 25 62 314 0 1 2 25 55 53 0 1 2 25 68 614 0 1 1 5 87 74 3 667 2 225 93 614 2 25 3 2667 65 54 3 333 0 3 69 314 3 333 3 3333 53
4/4 223 2 25 0 0 46 53 0 4 0 0 45 73 0 3 0 1 33
4/4 53 0 2 0 0 43 73 3 667 0 0 34 74 1 5 0 2 83 614 1 5 3 2333 57 54 1 5 2 275 64 614 0 1 3 3667 53 44 0 1 3 3667 37 314 0 1 3 3667 44 21 0 1 3 3667 32
4/4 614 0 1 0 0 46 44 0 1 0 0 36 314 0 1 0 0 38 21 0 1 0 0 40 612 2 75 0 1 33 22 3 333 2 175 50 313 1 5 3 2333 58 43 1 5 2 275 42 613 1 5 2 325 35
4/4 23 2 75 0 0 37 314 2 125 1 5 51 44 1 5 3 1333 41 614 3 1667 3 2333 26 55 0 1 1 35 28 314 0 1 1 35 34
4/4 614 0 4 0 0 37 55 0 1 0 0 33 314 0 1 0 0 31
4/4 614 3 667 0 0 28 55 0 1 0 0 27 314 0 1 0 0 29 23 3 333 3 3667 61
4/4 614 3 667 0 0 70 23 3 917 0 0 64 54 3 333 0 1 65 23 0 1 2 125 68 43 0 1 2 125 63 72 3 333 3 1333 53 614 1 25 1 15 74 613 0 1 1 25 54 22 0 1 1 25 55 42 0 1 1 25 40 613 0 1 3 3667 66 43 0 1 3 3667 43 21 0 1 3 3667 58
4/4 614 1 5 0 0 69 23 2 175 1 5 70 614 3 1333 0 1 86 42 2 25 0 1 51 613 0 1 0 2 50 43 2 175 0 2 36 22 2 175 2 225 54 74 1 5 0 3 77 54 3 333 3 3333 77
4/4 44 2 25 0 0 86 22 2 25 0 0 44 54 1 35 1 5 67 72 3 2667 1 5 61 53 0 1 3 1667 48 12 0 1 3 1667 41 312 0 1 3 1667 49 53 0 1 2 275 67 12 0 1 2 275 52 312 0 1 2 275 52
4/4 52 3 333 0 0 50 54 2 175 0 0 87 313 0 1 2 125 42 53 0 1 2 125 42 11 0 1 2 125 42 13 2 125 0 2 77 314 1 5 0 3 83 44 3 333 2 325 74 314 0 1 3 3667 52 53 0 1 3 3667 77 13 0 1 3 3667 67 611 0 1 3 3667 52
4/4 314 0 1 0 0 52 53 0 1 0 0 71 13 0 1 0 0 60 611 0 1 0 0 43 54 2 175 1 5 70 313 0 1 0 1 53 12 0 1 0 1 37 52 0 1 0 1 48 53 0 1 0 2 65 313 0 1 0 2 53 11 0 1 0 2 50 13 2 125 2 275 74 54 2 75 2 325 80 312 2 25 2 325 60
4/4 13 2 125 0 0 78 54 3 583 0 0 72 313 0 1 3 333 28 53 0 1 3 333 39 12 0 1 3 333 32 611 0 1 3 333 39 614 1 5 3 333 65 44 2 25 2 175 78 314 3 333 2 225 79 23 0 1 3 2667 82 612 0 1 3 2667 65 43 0 1 3 2667 74 612 0 1 3 2667 60 21 3 333 3 2667 56 612 0 1 2 375 69 22 0 1 2 375 65 41 0 1 2 375 61
4/4 23 0 1 0 0 83 612 0 1 0 0 73 43 0 1 0 0 72 612 0 1 0 0 63 612 0 1 0 0 72 22 0 1 0 0 72 41 0 1 0 0 65 43 2 25 1 5 80 314 2 25 0 1 82 44 3 333 3 1667 75 52 0 1 0 2 49 72 0 1 0 2 50 43 0 1 0 2 42 72 0 1 0 2 59 23 0 1 2 225 57 53 0 1 2 225 77 53 0 1 3 3333 46 11 0 1 3 3333 33 73 0 1 3 3333 54 72 0 1 3 3333 24 313 0 1 3 3333 54
4/4 53 0 1 0 0 43 11 0 1 0 0 40 73 0 1 0 0 53 72 0 1 0 0 33 313 0 1 0 0 61 23 2 25 2 125 71 43 0 1 1 15 62 613 0 1 1 15 50 314 0 1 1 15 81 41 0 1 1 15 50 313 0 1 2 275 54 12 0 1 2 275 53 611 0 1 2 275 45
4/4 313 0 1 0 0 73 612 0 1 0 0 57 11 0 1 0 0 63 43 0 1 0 0 47 613 0 1 0 0 69 314 0 1 0 0 82 41 0 1 0 0 66 612 0 1 0 1 23 42 0 1 0 1 37 32 0 1 0 1 41 43 0 1 2 125 43 612 0 1 2 125 40 13 0 1 3 1333 52 34 2 75 1 15 41 13 2 25 2 325 69 614 2 25 2 375 78
4/4 54 2 25 1 5 60 614 2 275 0 1 76 72 1 5 0 1 62 613 0 1 0 2 67 22 0 1 0 2 54 42 0 1 0 2 55 613 0 1 3 3333 68 22 0 1 3 3333 46 42 0 1 3 3333 53
4/4 23 0 2 0 0 65 42 2 25 1 5 60 614 1 15 1 5 70 613 2 125 3 1667 64 43 0 1 3 1667 55 21 0 1 3 1667 51 74 2 25 1 25 77 54 3 333 0 3 83 44 3 333 3 3667 80
4/4 13 0 1 0 0 51 313 0 1 0 0 65 54 0 4 0 0 73 72 2 275 2 25 58 53 0 1 2 125 59 313 0 1 2 125 59 11 0 1 2 125 53 313 0 1 3 2333 37 53 0 1 3 2333 47 11 0 1 3 2333 33 52 3 333 3 3667 63
4/4 13 0 1 0 0 59 313 0 1 0 0 54 54 1 15 0 0 82 313 2 225 2 75 45 12 0 1 2 75 43 52 0 1 2 75 53 13 0 1 3 1667 69 314 1 5 1 25 70 44 3 333 0 3 67 314 0 1 3 3333 77 54 0 1 3 3333 70 12 0 1 3 3333 68 612 3 667 3 3333 65
4/4 612 0 2 0 0 64 54 0 1 2 25 83 12 0 1 2 25 72 53 0 1 1 5 59 313 0 1 1 5 52 11 0 1 1 5 44 53 0 1 3 1667 76 313 0 1 3 1667 67 11 0 1 3 1667 48 13 3 1667 3 2333 71 312 2 25 2 275 66 54 0 1 2 275 94
4/4 612 0 1 0 0 52 313 0 1 0 0 47 53 0 1 0 0 44 11 0 1 0 0 39 614 1 5 0 0 57 13 3 833 0 0 80 44 2 25 3 1333 74 314 2 25 2 175 67 23 0 1 2 225 69 43 0 1 2 225 69 612 0 1 2 225 53 21 3 333 2 225 70 612 0 1 2 325 60 21 0 1 2 325 63
4/4 43 2 25 0 0 67 612 0 1 0 0 59 21 0 1 0 0 68 314 2 25 1 5 90 44 2 25 0 1 73 43 0 1 1 15 55 72 0 1 1 15 46 52 0 1 1 15 49 54 0 1 1 15 82 73 0 1 1 15 76 22 0 1 1 15 77 53 0 1 3 2667 45 11 0 1 3 2667 38 73 0 1 3 2667 38 313 0 1 3 2667 57 72 3 1333 3 2667 32
4/4 72 3 417 0 0 40 23 2 25 3 333 76 314 0 1 2 75 66 612 0 1 2 75 81 42 3 2667 2 75 52 313 0 1 2 175 69 611 0 1 2 175 61 43 1 5 3 2667 77 313 0 1 0 3 61 613 0 1 0 3 81 611 0 1 0 3 56 13 2 25 2 375 91
4/4 42 0 1 0 0 71 612 0 1 0 0 64 32 0 1 0 0 75 13 3 83 0 0 79 43 0 1 2 25 71 613 0 1 2 25 72 33 0 1 2 25 92 41 2 225 1 15 87 43 2 25 3 2333 57 613 0 1 2 275 96 613 0 1 2 275 82 73 0 1 2 325 93 73 0 1 2 325 94 14 0 1 3 3667 99 12 0 1 3 3667 90
4/4 23 0 1 0 0 58 44 0 1 0 0 83 13 0 1 0 0 100 51 0 1 0 0 68 51 0 1 0 0 82 53 0 1 2 125 69 52 0 1 2 125 73 71 0 1 2 125 59 74 0 1 3 1333 90 23 0 1 3 1333 90 43 0 1 3 1333 79 523 0 1 1 25 81 72 0 1 1 25 47 51 0 1 1 25 56 23 0 1 0 3 78 614 0 1 0 3 80 43 0 1 0 3 56 52 0 1 3 3333 38 72 0 1 3 3333 52 42 0 1 3 3333 51 73 0 1 3 3667 57 23 0 1 3 3667 66 44 0 1 3 3667 57 73 0 1 3 3667 88
4/4 73 0 1 0 0 55 23 0 1 0 0 68 44 0 1 0 0 52 73 0 1 0 0 71 51 3 1333 2 75 81 73 2 25 1 15 87 73 0 1 0 2 72 73 0 1 0 2 92 13 0 1 3 2333 84 13 0 1 3 2333 95 24 0 1 2 275 83 22 0 1 2 275 86 611 0 1 2 325 81 22 0 1 2 325 91 54 0 1 2 325 76 23 0 1 2 325 93 23 0 1 2 325 77
4/4 613 0 1 3 333 69 612 0 1 3 333 61 11 0 1 3 333 50 314 0 1 3 333 89 14 0 1 3 333 82 53 0 1 3 333 79 63 0 1 1 15 64 612 0 1 1 15 53 11 0 1 1 15 65 714 2 25 2 225 75 612 0 1 1 25 46 12 0 1 1 25 40 52 0 1 1 25 48 13 0 1 2 275 52 314 0 1 2 275 66 54 0 1 2 275 61 13 0 1 2 275 93
4/4 611 3 1667 0 0 72 13 2 25 3 667 86 13 0 1 0 1 76 13 0 1 0 1 98 23 0 1 1 15 89 23 0 1 1 15 87 314 0 1 0 2 90 314 0 1 0 2 73 71 0 1 3 2333 70 315 0 1 3 2333 87 313 0 1 3 2333 97 73 0 1 1 35 72 72 0 1 1 35 74 43 0 1 1 35 61 21 0 1 1 35 51 24 0 1 1 35 88 44 0 1 1 35 75 613 0 1 1 35 87
4/4 24 0 1 0 0 71 44 0 1 0 0 81 613 0 1 0 0 85 613 0 1 1 5 82 72 0 1 1 5 67 43 0 1 1 5 59 21 0 1 1 5 54 44 0 1 2 125 79 223 0 1 2 125 89 712 0 1 3 1667 42 22 0 1 3 1667 38 43 0 1 3 1667 53 62 0 1 3 1667 58 23 0 1 2 175 59 43 0 1 2 175 48 24 3 333 2 225 72 54 2 75 2 325 61 55 3 667 3 3333 78
4/4 712 0 1 0 0 56 22 0 1 0 0 44 43 0 1 0 0 37 62 0 1 0 0 47 54 3 583 0 0 59 55 3 83 0 0 72 45 2 25 0 1 45 314 0 1 3 1667 47 222 0 1 3 1667 40 613 0 1 3 1667 54 313 0 1 3 1667 39 23 0 1 3 1667 66 614 2 175 3 1667 48 315 2 225 2 175 65
4/4 314 0 1 0 0 39 222 0 1 0 0 39 613 0 1 0 0 57 313 0 1 0 0 55 23 0 1 0 0 63 315 2 25 0 0 54 614 2 25 2 25 50 614 0 1 2 125 44 614 0 1 2 125 52 223 2 25 2 125 29 23 3 667 3 3333 63 614 2 25 2 375 92
4/4 23 3 333 0 0 74 614 2 25 0 0 76 54 2 25 1 5 79 23 0 1 0 1 62 71 0 1 0 1 55 44 0 1 0 1 63 72 0 1 0 1 67 613 0 1 0 1 90 613 0 1 0 2 53 43 0 1 0 2 50 21 0 1 0 2 53 613 0 1 2 325 62 43 0 1 2 325 52 21 0 1 2 325 56
4/4 23 0 2 0 0 78 42 2 25 3 333 51 54 3 1333 1 5 77 613 3 1667 3 1667 49 614 0 1 3 1667 64 43 0 1 3 1667 57 22 0 1 3 1667 37 42 0 1 3 1667 37 14 3 333 2 275 92 614 2 25 3 3667 79
4/4 612 0 1 0 0 50 54 1 5 0 0 84 13 0 1 2 75 75 43 0 1 2 75 69 53 0 1 2 125 51 44 0 1 2 125 63 13 0 1 2 125 59 43 0 1 2 125 61 11 0 1 2 125 43 53 0 1 3 2333 59 43 0 1 3 2333 62 11 0 1 3 2333 63 45 1 5 2 325 74 42 2 25 3 3667 61 315 3 333 3 3667 64
4/4 24 1 5 0 0 65 14 1 5 1 5 50 43 0 1 2 75 34 612 0 1 2 75 50 52 0 1 2 75 46 54 3 333 0 1 59 12 0 1 0 1 53 52 0 1 0 1 32 23 3 333 3 1667 71 614 3 333 0 2 90 54 2 25 2 275 90 23 0 1 2 325 77 44 0 1 2 325 58 613 0 1 2 325 86 72 3 333 3 3333 67
4/4 23 0 1 0 0 69 44 0 1 0 0 61 613 0 1 0 0 86 613 0 1 1 5 68 43 0 1 1 5 61 21 0 1 1 5 48 613 0 1 3 1667 82 43 0 1 3 1667 49 21 0 1 3 1667 59 23 0 1 3 2333 78 42 2 25 2 275 49 54 2 75 2 275 75
4/4 613 0 1 0 0 48 614 0 1 0 0 63 22 0 1 0 0 58 22 0 1 0 0 45 42 0 1 0 0 40 14 3 333 2 125 87 614 2 25 0 2 68 54 1 5 3 2333 75 612 3 1667 3 2333 55 44 2 25 0 3 64 43 0 1 1 35 58 53 0 1 1 35 60 11 0 1 1 35 50 44 0 1 1 35 78 12 0 1 1 35 65
4/4 612 3 1083 0 0 52 44 0 1 0 0 63 12 0 1 0 0 76 12 0 1 3 667 25 43 0 1 3 667 65 52 0 1 3 667 57 42 3 333 0 2 62 612 0 1 0 3 53 43 0 1 0 3 43 53 0 1 0 3 50 11 0 1 0 3 46 44 2 25 2 375 90
4/4 612 0 1 0 0 58 43 0 1 0 0 45 53 0 1 0 0 44 11 0 1 0 0 56 314 1 5 2 25 79 13 2 25 0 1 85 73 0 1 1 15 67 22 0 1 1 15 78 52 1 25 1 15 53 13 3 333 2 225 75 23 3 1333 3 2667 83 73 2 125 2 275 68 43 0 1 2 275 67 22 0 1 2 275 55 71 0 1 2 275 61 43 0 1 2 375 67 22 0 1 2 375 63 71 0 1 2 375 48
4/4 23 3 2167 0 0 85 73 2 175 0 0 72 21 2 25 2 75 64 52 0 1 0 2 54 22 0 1 0 2 61 72 0 1 0 2 66 42 0 1 0 2 67 23 0 1 2 275 75 72 0 1 2 275 60 13 3 333 2 325 69
4/4 73 3 333 0 0 76 312 0 1 2 25 45 52 0 1 2 25 49 11 0 1 2 25 42 53 0 1 1 5 53 12 0 1 1 5 65 313 3 2333 3 667 49 22 0 1 3 3667 34 42 0 1 3 3667 60 73 0 1 2 375 65 21 0 1 2 375 34
4/4 22 0 1 0 0 43 42 0 1 0 0 53 73 0 1 0 0 51 21 0 1 0 0 39 42 0 1 0 1 32 71 0 1 0 1 31 42 2 75 2 225 49 72 1 5 2 225 45 222 0 1 0 3 29 312 0 1 0 3 31 613 3 667 3 3333 56 221 3 667 3 3333 35
4/4 222 0 1 0 0 40 312 0 1 0 0 38 613 3 1333 0 0 45 221 3 1083 0 0 48 612 0 1 1 5 38 311 0 1 1 5 34 612 0 1 0 2 38 221 0 1 0 2 40 222 0 1 2 325 45 313 0 1 2 325 32 612 0 1 2 325 25 314 0 1 3 3667 35 613 0 1 3 3667 49
4/4 222 0 1 0 0 25 313 0 1 0 0 25 612 0 1 0 0 30 314 0 1 0 0 37 613 0 1 0 0 38 613 2 25 3 2667 63 614 2 25 2 325 88
4/4 54 2 25 0 0 91 73 0 1 1 5 53 23 0 1 1 5 62 613 0 1 1 5 73 44 0 1 3 667 65 613 0 1 3 667 83 71 3 333 3 667 61 42 0 1 2 175 61 21 0 1 2 175 47 22 0 1 0 3 72 41 0 1 0 3 62 73 2 25 2 375 86
4/4 73 1 15 0 0 70 41 2 25 2 25 57 614 0 1 2 25 91 43 0 1 2 25 66 22 0 1 3 1333 52 43 0 1 3 1333 48 71 0 1 3 1333 54 74 3 333 2 225 82 54 2 25 3 2667 98 44 2 25 3 3333 90 53 0 1 2 375 70 13 0 1 2 375 73 314 0 1 2 375 77 53 0 1 2 375 82
4/4 71 2 25 0 0 61 53 0 1 0 0 66 13 0 1 0 0 79 314 0 1 0 0 66 53 0 1 0 0 81 313 0 1 0 1 52 52 0 1 0 1 53 11 0 1 0 1 58 52 0 1 2 225 55 313 0 1 2 225 65 11 0 1 2 225 59 51 2 25 3 3333 71
4/4 53 0 1 0 0 70 13 0 1 0 0 60 314 0 1 0 0 81 53 0 1 0 0 80 52 0 1 1 5 48 313 0 1 1 5 59 11 0 1 1 5 47 13 2 75 2 125 89 314 2 25 1 25 84 44 2 25 2 275 71 54 0 1 2 325 68 314 0 1 2 325 65 611 0 1 2 325 59 613 0 1 2 325 79 12 0 1 2 325 59
4/4 54 0 2 0 0 72 612 0 1 1 5 48 313 0 1 1 5 50 11 0 1 1 5 60 12 0 1 1 15 66 313 0 1 1 15 69 611 0 1 1 15 51 613 3 1667 2 225 74 54 0 1 3 2667 72 313 0 1 3 2667 69 312 2 25 3 2667 62 612 0 1 2 375 54 313 0 1 2 375 48 11 0 1 2 375 45
4/4 612 0 1 0 0 41 313 0 1 0 0 53 11 0 1 0 0 40 614 2 25 3 667 66 44 3 333 0 1 87 314 2 25 2 175 55 43 0 1 2 225 53 612 0 1 2 225 55 23 3 1667 2 225 65 21 2 25 3 2333 48 612 0 1 3 3333 51 22 0 1 3 3333 63 41 0 1 3 3333 49
4/4 612 0 1 0 0 61 22 0 1 0 0 51 41 0 1 0 0 46 43 2 25 2 25 59 314 3 333 3 667 84 44 2 25 3 1333 63 43 0 1 2 175 45 54 0 1 2 175 75 73 0 1 2 175 54 52 0 1 2 175 60 22 0 1 2 175 69 53 0 1 0 3 48 72 0 1 0 3 43 11 0 1 0 3 28 73 0 1 0 3 37 222 0 1 0 3 45 314 2 75 2 325 53
4/4 53 0 1 0 0 58 72 0 1 0 0 37 11 0 1 0 0 23 73 0 1 0 0 56 222 0 1 0 0 42 314 1 5 0 0 62 23 3 333 0 1 69 43 1 15 3 1333 61 613 0 1 1 15 52 12 0 1 1 15 58 41 1 5 1 15 64 314 2 175 1 15 68 11 3 333 0 2 62 52 1 5 3 2333 51 612 1 5 2 275 70 12 1 5 2 325 74 313 1 5 1 35 77
4/4 43 1 5 0 0 89 613 2 25 3 333 83 13 2 25 2 75 75 12 0 1 2 125 47 33 0 1 2 125 63 612 0 1 2 125 60 41 0 1 2 125 54 34 0 1 2 125 82 613 0 1 2 125 73 42 0 1 2 125 70 41 0 1 1 25 84 23 2 25 2 325 79 614 2 25 2 375 97
4/4 54 2 25 1 5 91 73 0 1 0 1 57 23 0 1 0 1 59 44 0 1 0 1 71 613 0 1 0 1 88 71 2 25 0 1 51 43 0 1 2 225 71 72 0 1 2 225 55 21 0 1 2 225 56 72 0 1 3 3333 72 21 0 1 3 3333 61 43 1 5 3 3333 63
4/4 72 0 1 0 0 59 21 0 1 0 0 64 73 2 175 2 25 88 614 0 1 1 5 77 43 0 1 1 5 58 42 1 5 1 5 53 43 0 1 2 175 41 22 0 1 2 175 44 71 0 1 2 175 49 74 2 25 1 25 77 54 3 333 0 3 74 44 2 25 2 375 70
4/4 54 0 1 2 25 68 12 0 1 2 25 63 314 2 375 2 25 68 11 2 25 2 25 53 313 0 1 3 1333 68 52 0 1 3 1333 65 11 0 1 3 1333 42 52 0 1 1 25 65 313 0 1 1 25 57 11 0 1 1 25 43 51 2 25 3 3667 69
4/4 54 0 1 0 0 66 12 0 1 0 0 76 314 3 917 0 0 62 313 0 1 2 75 61 52 0 1 2 75 43 11 0 1 2 75 47 13 0 1 3 1667 88 314 2 25 1 25 90 44 2 25 2 275 101 53 0 1 2 325 76 13 0 1 2 325 56 314 0 1 2 325 68 611 0 1 2 325 50 53 0 1 2 325 82
4/4 54 0 1 2 25 93 13 0 1 2 25 61 52 0 1 2 25 74 313 0 1 1 5 72 612 0 1 1 5 67 11 0 1 1 5 52 313 0 1 3 1667 81 11 0 1 3 1667 53 612 0 1 3 1667 56 11 0 1 3 1667 56 53 1 5 1 25 76 13 0 1 2 275 66 54 0 1 2 275 80 312 0 1 2 275 68 313 0 1 2 275 71
4/4 53 0 1 0 0 51 313 0 1 0 0 46 612 0 1 0 0 44 614 0 1 0 0 70 12 0 1 0 0 41 12 0 1 0 0 53 44 2 25 1 15 74 314 2 25 0 2 61 23 0 1 3 2333 67 612 0 1 3 2333 48 43 0 1 3 2333 60 612 0 1 3 2333 68 21 1 5 3 2333 47 612 0 1 1 35 66 22 0 1 1 35 62 41 0 1 1 35 64
4/4 612 0 1 0 0 55 22 0 1 0 0 68 41 0 1 0 0 63 43 2 25 2 25 68 314 3 333 3 667 91 44 2 25 3 1333 81 43 0 1 2 175 49 72 0 1 2 175 51 52 0 1 2 175 52 54 0 1 2 175 72 73 0 1 2 175 60 22 0 1 2 175 60 11 0 1 2 275 38 53 0 1 2 275 40 72 0 1 2 275 40 72 0 1 2 275 55 314 0 1 0 3 62
4/4 11 0 1 0 0 44 53 0 1 0 0 39 72 0 1 0 0 26 72 0 1 0 0 51 23 2 25 2 75 63 43 0 1 2 125 41 612 0 1 2 125 40 13 3 2667 3 1333 65 41 0 1 3 1333 46 314 3 333 3 1333 62 11 1 5 0 2 72 52 1 5 1 25 69 612 1 5 2 325 60 12 3 333 3 3667 57
4/4 13 3 583 0 0 67 12 3 167 0 0 51 313 2 25 1 5 51 612 0 1 0 1 48 42 0 1 0 1 55 32 0 1 0 1 31 43 0 1 0 1 34 613 0 1 0 1 37 12 0 1 0 1 43 34 2 75 3 1333 48 613 3 333 2 325 86 613 0 1 3 3667 76 613 0 1 3 3667 82
4/4 73 0 1 0 0 86 73 0 1 0 0 87 14 0 1 1 5 91 12 0 1 1 5 84 14 0 1 0 1 75 44 0 1 0 1 62 613 0 1 0 1 81 51 2 25 0 1 58 74 0 1 2 225 90 43 0 1 2 225 70 53 0 1 2 225 61 52 0 1 2 225 58 22 0 1 2 225 55 71 0 1 2 225 56 523 0 1 3 3333 71 52 0 1 3 3333 59 22 0 1 3 3333 50 71 0 1 3 3333 44
4/4 614 2 25 0 0 76 52 0 1 1 5 65 72 0 1 1 5 53 22 0 1 1 5 53 42 0 1 1 5 51 73 0 1 1 5 53 23 0 1 1 5 72 44 0 1 1 5 72 73 0 1 1 5 83 51 0 2 2 175 74 73 2 25 3 2667 78 73 0 1 0 3 65 73 0 1 0 3 84 13 0 1 1 35 71 13 0 1 1 35 89
4/4 23 0 1 0 0 90 23 0 1 0 0 96 611 2 25 3 333 83 23 0 1 3 333 96 24 0 1 3 333 78 53 0 1 3 333 85 613 0 1 1 15 68 612 0 1 1 15 55 313 0 1 1 15 58 11 0 1 1 15 50 14 0 1 1 15 91 53 0 1 1 15 92 314 0 1 1 15 58 63 0 1 3 2667 69 313 0 1 3 2667 72 612 0 1 3 2667 68 11 0 1 3 2667 67 23 0 1 3 3333 80 713 0 1 3 3333 81 612 0 1 3 3667 47 12 0 1 3 3667 42 313 0 1 3 3667 51 52 0 1 3 3667 67
4/4 13 0 1 0 0 55 314 0 1 0 0 62 54 0 1 0 0 64 13 0 1 0 0 86 611 2 175 2 125 68 13 2 25 2 175 66 13 0 1 3 2333 79 13 0 1 3 2333 97 23 0 1 2 275 81 23 0 1 2 275 91 314 0 1 2 325 102 314 0 1 2 325 72 71 2 25 3 3667 70 314 0 1 3 3667 88 315 0 1 3 3667 87 13 0 1 3 3667 58
4/4 314 0 1 0 0 88 315 0 1 0 0 90 13 0 1 0 0 58 73 0 1 2 75 85 72 0 1 2 75 77 22 0 1 2 75 57 42 0 1 2 75 63 24 0 1 2 75 80 614 0 1 2 75 77 43 0 1 2 75 75 613 0 1 0 2 74 72 0 1 0 2 62 21 0 1 0 2 55 43 0 1 0 2 53 21 0 1 0 2 47 44 0 1 3 2667 61 223 0 1 3 2667 68 712 0 1 0 3 53 22 0 1 0 3 48 43 0 1 0 3 43 62 0 1 0 3 50 23 0 1 3 3333 47 44 0 1 3 3333 43 63 0 1 3 3333 54 24 3 333 3 3667 91
4/4 712 0 1 0 0 39 22 0 1 0 0 46 43 0 1 0 0 31 62 0 1 0 0 46 54 0 1 3 667 57 54 0 1 3 667 75 45 2 25 1 25 76 314 0 1 0 3 89 314 0 1 0 3 79 611 0 1 0 3 88 314 0 1 0 3 80 312 3 333 1 35 64 612 2 25 2 375 69
4/4 22 1 5 2 25 71 313 1 5 1 5 79 613 1 5 0 1 86 23 1 5 3 1333 71 314 1 5 3 1667 74 54 1 5 0 2 67 612 0 1 1 25 46 313 0 1 1 25 43 53 0 1 1 25 54 222 0 1 1 25 62 314 0 1 2 275 64 613 0 1 2 275 78
4/4 23 1 5 3 667 73 614 2 25 2 125 86 54 2 25 2 175 82 73 2 125 2 225 56 23 3 1667 3 2333 63 44 3 1667 3 2333 79 71 2 25 3 2333 64 614 1 15 3 2333 76 72 0 1 1 35 63 613 0 1 1 35 60 43 0 1 1 35 69 21 0 1 1 35 57
4/4 23 3 333 0 0 69 44 0 1 0 0 73 613 0 1 1 5 89 72 0 1 1 5 62 43 0 1 1 5 66 21 0 1 1 5 58 54 0 1 2 175 82 613 0 1 2 175 84 22 0 1 2 175 63 41 2 25 2 175 61 613 0 1 0 3 60 72 0 1 0 3 68 614 0 1 0 3 82 23 0 1 0 3 77 44 0 1 0 3 81 42 0 1 0 3 54 22 0 1 0 3 52 42 0 1 0 3 52
4/4 14 0 1 0 0 90 43 0 1 0 0 87 614 0 1 2 75 70 22 0 1 2 75 69 54 0 1 2 125 88 13 0 1 2 125 85 611 0 1 2 125 69 44 3 333 0 2 94 44 0 1 3 2333 76 53 0 1 3 2333 83 12 0 1 3 2333 76 43 0 1 3 2333 53 612 0 1 3 2333 52 11 0 1 3 2333 49 43 0 1 1 35 84 612 0 1 1 35 68 11 0 1 1 35 54
4/4 44 0 1 0 0 75 53 0 1 0 0 85 12 0 1 0 0 85 41 2 25 3 667 67 612 0 1 3 1667 62 43 0 1 3 1667 70 11 0 1 3 1667 57 614 3 333 1 25 88 615 3 333 2 275 92 55 2 25 1 35 79
4/4 74 0 1 0 0 59 24 0 1 0 0 53 44 0 1 0 0 67 71 2 25 0 0 79 615 0 2 0 0 86 613 0 1 2 125 63 72 0 1 2 125 72 22 0 1 2 125 50 42 0 1 2 125 56 613 0 1 3 2333 75 72 0 1 3 2333 61 43 0 1 3 2333 51 21 0 1 3 2333 53 74 0 1 2 325 69 24 0 1 2 325 69 41 0 1 2 325 57 54 0 1 2 325 81
4/4 613 0 1 1 5 54 72 0 1 1 5 71 22 0 1 1 5 45 42 0 1 1 5 50 74 0 1 1 5 69 615 0 1 1 5 70 24 0 1 1 5 59 44 0 1 1 5 54 15 0 1 3 1667 82 54 0 1 3 1667 82 615 0 1 1 25 56 44 0 1 1 25 57 14 0 1 0 3 102 55 0 1 0 3 75 611 0 1 0 3 73 45 2 25 3 3667 80
4/4 43 0 1 0 0 70 612 0 1 0 0 51 11 0 1 0 0 65 45 1 35 0 0 63 54 3 2667 0 0 88 14 2 375 0 0 90 43 0 1 2 125 72 12 0 1 2 125 69 611 0 1 2 125 64 41 2 25 3 2333 70 53 0 1 1 35 47 12 0 1 1 35 53 611 0 1 1 35 53 44 3 333 1 35 55
4/4 53 0 1 0 0 58 12 0 1 0 0 55 611 0 1 0 0 54 45 3 333 2 25 94 315 3 333 3 667 99 14 2 25 1 15 89 44 0 1 2 175 77 74 0 1 2 175 81 52 0 1 2 175 76 23 0 1 2 175 70 14 2 25 3 2667 79 24 0 1 0 3 86 44 0 1 0 3 74 73 0 1 0 3 73 72 0 1 0 3 49 43 0 1 0 3 42 21 0 1 0 3 64
4/4 24 0 1 0 0 94 44 0 1 0 0 73 73 0 1 0 0 82 43 0 1 2 25 64 72 0 1 2 25 64 21 0 1 2 25 57 21 2 25 3 1333 67 43 0 1 1 25 53 72 0 1 1 25 53 21 0 1 1 25 48 24 0 1 2 325 62 44 0 1 2 325 80 73 0 1 2 325 54 14 3 333 3 3667 75
4/4 74 2 25 1 5 72 14 1 25 0 1 88 612 3 667 0 1 52 53 0 1 0 2 48 314 0 1 0 2 63 13 0 1 0 2 61 12 0 1 0 2 42 312 0 1 0 2 42 314 0 1 2 325 49 53 0 1 2 325 57 313 0 1 2 325 45 12 0 1 2 325 34 12 0 1 2 325 42
4/4 73 0 1 2 25 37 51 0 1 2 25 58 23 2 75 3 333 47 44 1 15 1 5 53 74 2 275 1 5 71 43 0 1 3 1667 50 22 0 1 3 1667 49 73 0 1 3 1667 40 71 0 1 3 1667 37 73 0 1 0 3 46 43 0 1 0 3 49 23 0 1 0 3 45 43 0 1 0 3 55
4/4 613 0 1 0 0 30 313 0 1 0 0 42 42 0 1 3 333 45 613 0 1 3 333 71 314 0 1 3 1667 52 315 0 1 3 1667 60 613 0 1 3 1667 36 12 0 1 3 1667 26 312 0 1 3 1667 39 55 0 1 0 3 57 13 0 1 0 3 56 613 0 1 0 3 45 53 0 1 0 3 43
4/4 314 0 1 2 75 40 614 0 1 2 75 22 13 0 1 2 75 24 315 0 1 2 125 24 615 0 1 2 125 39 315 0 1 2 125 45
