4/4 35 0 1 1 25 30 56 0 1 1 25 31 76 0 1 1 25 36 25 1 15 1 25 37 47 2 125 2 275 47
4/4 35 0 1 0 0 30 56 0 1 0 0 31 76 0 1 0 0 36 25 1 5 0 0 37 47 0 1 0 0 47 15 0 1 2 125 44 37 0 1 2 125 56 57 0 1 1 25 59 75 0 1 1 25 43
4/4 615 0 1 0 1 46 47 0 1 0 1 64 65 0 1 0 2 39 16 0 1 0 2 44 56 0 1 0 2 37 17 0 1 0 2 46 57 2 175 2 225 43
4/4 65 0 1 0 0 39 16 0 1 0 0 44 57 2 75 0 0 43 46 0 1 3 667 45 77 3 1333 3 667 50 67 0 2 0 2 54 36 2 125 0 2 43
4/4 25 1 5 1 5 45 76 0 1 1 15 32 26 0 1 1 15 31 47 0 1 1 15 42 55 0 1 1 15 35 46 0 1 3 1667 43 77 0 1 3 1667 48 25 0 1 0 3 39
4/4 25 2 25 0 0 39 46 0 1 2 25 38 57 0 1 2 25 49 56 0 1 3 1667 39 37 0 1 3 1667 47 76 0 1 3 1667 46 15 3 2333 3 1667 37
4/4 15 3 667 0 0 37 76 1 5 2 25 57 76 0 1 3 1333 35 26 0 1 3 1333 42 77 0 1 3 1333 46 46 0 1 1 15 40 55 0 1 1 15 36 25 2 125 2 275 42 57 1 5 3 3333 50
4/4 77 0 1 0 0 48 46 0 1 0 0 42 26 0 1 0 0 55 25 1 5 0 0 42 57 2 25 3 667 51 56 2 225 3 1333 36 15 3 2667 3 1333 42 47 1 25 3 1333 52 76 0 1 3 1333 43 26 0 1 3 1333 44 37 0 1 2 275 46
4/4 15 3 667 0 0 42 26 2 25 0 1 54 615 1 25 1 15 39 16 2 175 1 15 51 56 1 15 1 15 47 46 2 125 2 275 35
4/4 56 1 5 0 0 42 65 1 25 1 15 43 76 0 1 1 15 47 36 0 1 1 15 48 15 2 125 2 275 32
4/4 15 2 25 0 0 32 66 3 333 2 25 49 56 3 1667 1 15 45 15 2 75 1 15 44 24 1 25 1 15 37 615 2 175 2 225 37 15 2 125 2 275 48 46 1 5 1 35 53
4/4 46 1 25 0 0 53 615 3 917 0 0 37 15 2 225 0 0 48 56 0 3 2 25 58 14 0 2 1 15 44 615 2 125 2 225 41 15 2 125 2 275 43 46 1 5 1 35 43
4/4 46 2 25 0 0 43 15 2 25 0 0 43 56 1 5 2 25 48 15 0 1 1 15 23 36 0 1 1 15 37 74 3 2333 3 1667 41 56 2 175 2 175 45 65 1 15 1 25 40 15 2 75 2 325 44
4/4 25 2 75 0 0 40 65 3 1167 0 0 40 74 3 917 0 0 41 15 2 125 0 0 44 36 2 75 2 75 45 56 2 25 1 15 40 45 1 15 1 25 25 74 1 15 1 25 20 65 3 1333 3 2667 31 25 0 1 0 3 23 46 0 1 0 3 34
4/4 45 0 4 0 0 25 74 2 375 0 0 20 65 0 3 0 0 31 25 0 1 0 0 23 46 0 1 0 0 34
4/4 45 3 167 0 0 25 75 0 1 3 2333 45 56 2 25 2 325 63
4/4 34 0 1 0 0 35 35 0 1 0 0 34 56 0 1 0 0 46 75 0 1 0 0 42 74 0 3 0 0 36 46 3 667 0 3 63 36 3 333 3 3667 60
4/4 34 3 2667 3 333 31 24 0 3 1 5 31 56 0 1 1 5 47 55 0 1 1 5 39 25 0 2 1 5 40 76 2 25 3 3333 64
4/4 14 0 1 3 667 34 34 0 1 3 667 27 15 0 1 3 667 32 55 0 1 3 667 32 15 0 1 3 667 32 56 2 325 2 75 39
4/4 56 0 3 0 0 39 75 0 1 2 125 37 55 0 1 2 125 29 74 3 2667 3 1333 30 34 3 2667 3 1333 26
4/4 74 3 583 0 0 30 76 1 5 2 25 72 15 0 1 3 1667 37 36 0 1 3 1667 38 66 0 1 3 1667 48 44 0 1 3 1667 36 35 0 1 3 1667 38
4/4 44 0 1 0 0 36 35 0 1 0 0 38 15 1 5 2 75 59 65 0 1 2 225 39 315 0 1 2 225 38 15 0 1 2 225 46 44 0 1 2 225 35
4/4 65 0 1 0 0 39 315 0 1 0 0 38 15 0 1 0 0 46 44 0 1 0 0 35 56 3 333 2 125 62 46 2 25 0 2 64 74 0 1 3 2667 37 65 0 1 3 2667 41 46 3 1333 3 2667 47 15 3 1333 3 2667 48
4/4 74 0 1 0 0 37 65 0 1 0 0 41 46 3 5167 0 0 47 15 3 333 0 0 48 45 2 175 2 25 33 15 2 75 1 15 43 25 0 1 0 3 37 75 0 1 0 3 33 74 0 1 0 3 27 45 0 1 0 3 29
4/4 25 0 1 0 0 37 75 0 1 0 0 33 74 0 1 0 0 27 45 2 175 0 0 29 75 1 5 2 225 52 56 2 25 0 3 67 35 2 25 2 375 33 56 0 1 2 375 38 75 0 1 2 375 41 55 0 1 2 375 37 74 2 25 2 375 34
4/4 34 2 325 0 0 33 35 3 3417 0 0 33 56 0 1 0 0 38 75 0 1 0 0 41 55 0 1 0 0 37 74 2 375 0 0 34 46 2 75 0 3 65 36 3 333 3 3667 67
4/4 36 3 167 0 0 67 75 0 1 2 25 38 25 0 1 2 25 44 24 2 325 3 333 35 56 0 1 3 333 54 34 0 1 3 333 35 76 3 333 3 3333 59
4/4 25 0 1 0 1 37 75 0 1 0 1 34 46 0 1 0 1 40 45 0 1 0 1 31 76 0 3 0 1 36 54 0 3 0 1 24
4/4 25 0 1 0 0 37 75 0 1 0 0 34 46 0 1 0 0 40 45 0 1 0 0 31 76 2 375 0 0 36 54 0 1 1 15 31 35 0 1 1 15 34 75 0 1 1 15 34 36 3 2333 3 1667 37
4/4 54 0 1 0 0 31 35 0 1 0 0 34 75 0 1 0 0 34 36 3 1333 0 0 37 76 1 5 3 667 65 65 0 1 0 2 34 36 0 1 0 2 45 66 0 1 0 2 57 44 0 1 0 2 36 35 0 1 0 2 36 56 1 5 1 35 62
4/4 56 0 1 0 0 62 44 0 1 0 0 36 35 0 1 0 0 36 15 1 5 0 1 52 45 0 1 1 25 32 15 0 1 1 25 30 74 0 1 1 25 36 65 0 1 1 25 40 56 0 1 1 25 44
4/4 45 0 1 0 0 32 15 0 1 0 0 30 74 0 1 0 0 36 65 0 1 0 0 40 56 0 1 0 0 44 46 1 5 1 15 48 36 2 25 2 225 58 14 0 1 0 3 36 34 0 1 0 3 33 35 0 1 0 3 35 36 0 1 0 3 45 65 0 1 0 3 41
4/4 14 0 1 0 0 36 34 0 1 0 0 33 35 0 1 0 0 35 36 2 325 0 0 45 65 3 1667 0 0 41 34 3 333 3 3667 40 65 3 333 3 3667 49
4/4 34 3 2167 0 0 40 65 3 917 0 0 49 714 2 275 3 333 38 75 2 75 0 1 51 45 2 75 1 25 36 65 3 333 2 325 42
4/4 55 1 15 0 0 39 35 0 1 0 0 36 34 1 25 0 0 35 74 3 2667 2 75 36 35 2 125 1 15 49 45 2 75 2 225 52 55 2 75 0 3 62 65 3 333 3 3667 64
4/4 65 3 417 0 0 64 13 0 1 1 5 31 35 0 1 1 5 36 64 0 1 1 5 34 74 0 1 1 5 38 45 0 1 2 225 31 35 0 1 2 225 35 64 0 1 2 225 32 44 0 1 2 225 29 73 0 1 2 225 27
4/4 44 0 1 0 0 29 73 0 1 0 0 27 75 3 2333 3 1667 50 56 3 333 3 2333 68 34 2 75 0 3 52 56 0 1 0 3 67 74 2 25 2 375 38
4/4 75 3 667 0 0 50 74 2 325 0 0 38 56 2 125 0 0 67 55 0 1 3 667 36 75 1 15 3 1333 60 46 2 75 0 2 64 36 1 5 3 2667 64 75 0 1 0 3 37 25 0 1 0 3 42 34 3 667 3 3333 46 56 3 667 3 3333 62
4/4 24 2 25 0 0 38 75 0 1 0 0 37 25 0 1 0 0 42 34 3 83 0 0 46 56 3 833 0 0 62 55 3 333 0 1 39 76 3 333 3 2333 50 75 0 1 1 35 29 15 0 1 1 35 34 34 2 25 2 375 42 56 2 25 2 375 51
4/4 75 0 1 0 0 29 15 0 1 0 0 34 34 2 75 0 0 42 56 2 175 0 0 51 14 2 275 1 5 43 55 3 1333 2 125 49 15 2 75 3 2667 43
4/4 75 3 1667 0 0 41 34 0 1 2 25 40 74 3 667 0 1 46 24 3 667 3 1667 55 55 1 5 3 2333 59 75 2 75 0 3 70 24 0 1 0 3 54 34 0 1 3 3667 52 76 0 1 3 3667 60
4/4 15 0 1 2 25 49 36 0 1 2 25 51 44 2 75 1 5 54 66 2 175 1 5 63 14 2 275 2 125 43 65 0 1 0 2 47 15 3 667 2 325 62
4/4 14 2 25 0 0 43 65 0 1 3 667 51 15 0 1 3 667 55 44 0 1 2 75 39 14 0 2 1 15 43 315 3 1333 2 225 43 65 0 1 0 3 53 56 3 333 3 3667 63
4/4 46 2 25 3 333 58 65 0 1 2 75 39 15 0 1 2 75 45 46 1 15 0 1 54 74 3 2333 0 1 42 45 0 2 2 175 38 65 1 15 1 25 49
4/4 15 3 667 0 0 51 225 3 333 3 667 57 45 0 1 2 125 37 65 0 1 2 125 43 73 0 1 1 15 38 25 0 1 1 15 50 44 1 5 2 225 47 24 3 667 0 3 52 45 3 333 3 3667 51
4/4 45 3 417 0 0 51 75 1 5 1 5 50 76 0 1 1 5 58 57 1 5 2 125 65 56 0 2 2 175 45 76 0 2 0 2 52 34 0 1 0 2 52 57 1 15 0 2 59 74 0 1 2 275 47 45 3 333 1 35 40
4/4 76 3 333 0 0 52 55 0 1 2 25 42 47 3 667 0 1 67 37 3 667 3 1667 70 56 2 175 0 2 53 26 2 175 2 225 54 57 3 1667 3 2333 62 34 3 667 3 2333 50 24 3 667 2 325 52 55 2 25 2 375 57
4/4 57 3 667 0 0 62 55 1 5 0 0 57 26 2 125 0 0 54 75 0 1 1 5 60 77 2 75 2 125 70 25 3 333 2 125 54 76 3 333 0 2 60 76 0 1 3 2333 51 26 0 1 3 2333 51 47 0 1 3 2667 57 77 0 1 3 2667 68 54 2 75 2 275 54 24 1 5 1 35 47
4/4 76 0 1 0 0 51 26 0 1 0 0 51 47 0 1 0 0 57 77 0 1 0 0 68 75 1 5 2 25 48 25 2 75 0 1 46 46 3 333 3 1667 42 76 2 25 3 2333 50 46 0 1 0 3 44 76 0 1 0 3 44 37 0 1 0 3 49 54 2 75 2 325 41
4/4 35 2 75 0 0 42 46 0 1 0 0 44 76 0 1 0 0 44 37 0 1 0 0 49 75 3 1333 3 667 38 26 0 1 3 667 45 76 2 75 2 225 61 15 0 1 3 3333 43 36 0 1 3 3333 46 44 3 333 3 3667 49 66 3 333 3 3667 64
4/4 15 0 1 0 0 43 36 0 1 0 0 46 44 3 417 0 0 49 66 0 1 0 0 64 14 3 333 1 5 49 56 0 1 2 125 58 65 0 1 2 125 51 15 0 1 1 25 52 14 0 1 1 25 49 44 2 75 2 325 52 65 3 333 3 3667 47 15 0 1 2 375 47 36 0 1 2 375 54 56 0 1 2 375 60
4/4 73 2 75 0 0 56 65 3 1917 0 0 47 15 0 1 0 0 47 36 0 1 0 0 54 56 0 1 0 0 60 44 2 25 2 75 43 35 1 15 1 15 44 65 1 15 2 225 55 46 0 1 0 3 57 24 0 1 0 3 40 36 2 25 2 375 49
4/4 65 1 15 1 5 49 34 2 125 1 5 43 36 2 225 1 5 49 14 0 2 2 125 44 35 2 125 0 2 56 65 2 75 3 2667 64 75 3 667 3 3333 70
4/4 36 0 3 0 0 59 75 3 83 0 0 70 74 0 1 2 75 35 55 0 1 2 75 46 34 0 1 2 75 37 65 0 1 3 2333 65 35 0 1 3 2333 65 14 0 1 3 2333 53 44 0 1 3 2333 52 75 0 1 2 375 72 45 0 1 2 375 64 35 0 1 2 375 64
4/4 54 3 1333 0 0 52 75 0 1 0 0 72 45 0 1 0 0 64 35 0 1 0 0 64 14 0 1 2 125 52 35 0 1 2 125 49 55 0 1 2 125 59 63 2 75 1 15 54 15 3 1333 1 15 68 34 1 5 2 225 48 14 3 667 0 3 53 35 3 333 3 3667 49
4/4 35 3 917 0 0 49 65 3 333 3 333 46 16 2 75 3 333 67 15 2 25 2 125 53 25 0 1 2 175 54 46 0 1 2 175 62 63 0 1 2 175 53 16 2 175 0 2 72 44 3 333 3 2667 49 25 3 667 3 3333 72 24 1 5 3 3333 49
4/4 25 3 833 0 0 72 45 2 25 2 25 49 36 3 667 2 75 74 75 2 25 0 1 53 75 0 2 0 2 47 25 0 1 0 2 53 46 0 1 0 2 53 53 2 75 3 2333 53 76 3 1667 3 2333 60 23 1 5 0 3 51 74 2 25 2 375 45
4/4 75 2 125 0 0 47 25 0 1 0 0 53 46 0 1 0 0 53 74 2 25 0 0 45 76 3 1583 0 0 60 24 2 75 1 5 48 45 3 333 2 125 48 75 0 2 0 2 56 35 0 1 2 275 38 54 0 1 2 275 33 74 0 1 2 275 39 36 0 1 2 275 50 45 0 1 2 275 33
4/4 75 2 25 0 0 56 75 0 1 1 15 68 53 0 1 1 15 49 74 2 25 3 2333 65 14 0 1 2 275 56 35 0 1 2 275 57 43 0 1 0 3 61 75 0 1 0 3 74 13 2 25 2 375 50
4/4 13 3 83 0 0 50 65 2 75 1 5 74 64 2 25 1 5 54 14 1 5 2 125 52 55 2 75 0 2 72 35 3 333 0 2 70 43 1 5 3 2667 48 64 0 1 0 3 53 14 0 1 0 3 53 45 3 667 3 3333 68 73 3 667 3 3333 62
4/4 44 3 1333 0 0 55 64 0 1 0 0 53 14 0 1 0 0 53 45 3 333 0 0 68 73 3 1583 0 0 62 55 0 1 2 75 70 35 0 1 2 75 67 64 2 25 1 15 53 64 0 1 2 225 32 714 0 1 2 225 43 24 0 1 2 225 52 73 0 1 2 225 36 65 0 1 2 225 52 74 0 1 3 3667 52 35 0 1 3 3667 55 45 0 1 3 3667 62 53 0 1 3 3667 53 75 2 25 2 375 65
4/4 74 0 1 0 0 52 35 0 1 0 0 55 45 0 1 0 0 62 53 0 1 0 0 53 75 2 75 0 0 65 34 3 667 3 667 62 74 1 5 2 125 65 35 0 1 0 2 61 75 0 1 0 2 72 36 3 333 2 275 84 25 3 333 3 3333 84
4/4 55 0 1 0 0 59 75 0 1 0 0 62 225 0 1 0 0 73 33 2 75 2 25 64 34 3 333 0 1 65 54 2 75 3 1667 67 74 3 667 3 2333 68 36 2 75 2 325 84 35 1 5 2 325 63
4/4 55 2 25 0 0 57 16 3 333 0 0 72 36 2 25 0 0 84 15 0 1 3 333 46 36 0 1 3 333 51 56 0 1 3 333 67 16 2 325 3 667 77 63 2 75 3 667 58 34 1 5 3 1333 50 14 1 5 0 2 43 35 3 333 2 275 48 36 3 333 3 3667 77 75 2 25 3 3667 55
4/4 36 3 417 0 0 77 15 2 25 2 25 64 25 3 1667 2 75 65 46 2 175 0 1 64 63 0 1 0 1 59 16 0 1 0 1 78 44 3 333 2 175 53 26 0 1 3 2333 74 24 0 1 3 2333 54 25 2 75 0 3 56 45 1 5 2 325 47 16 2 25 2 375 72 75 2 25 2 375 51
4/4 16 2 25 0 0 72 75 0 2 0 1 49 25 0 1 0 1 57 46 0 1 0 1 57 53 0 1 0 1 54 76 0 2 3 1333 72 23 1 5 0 2 54 25 2 125 2 275 70 74 1 5 2 275 52 24 1 5 1 35 44
4/4 24 2 25 0 0 44 25 3 417 0 0 70 36 0 1 2 25 64 45 0 1 2 25 41 75 2 25 0 1 47 75 0 1 3 1667 28 36 0 1 3 1667 49 14 0 1 2 175 33 55 0 1 2 175 35 36 0 1 2 175 49 76 0 1 2 175 55
4/4 225 0 1 2 75 51 16 0 1 2 75 57 316 0 1 2 75 51 315 0 1 2 75 37 56 0 1 2 75 51 15 0 1 2 225 46 36 0 1 2 225 53 45 1 15 1 25 41 66 1 15 1 25 65
4/4 76 3 667 0 0 72 45 3 1833 0 0 41 16 1 5 1 15 64 44 0 1 3 2667 32 315 0 1 3 2667 33 15 0 1 0 3 45 316 0 1 0 3 46 66 2 75 2 325 46 16 2 75 2 325 64
4/4 44 0 1 0 0 32 315 0 1 0 0 33 15 0 1 0 0 45 316 0 1 0 0 46 66 3 917 0 0 46 76 3 333 2 75 58 66 3 333 3 2333 53
4/4 65 0 1 0 0 36 74 0 1 0 0 35 25 0 1 0 0 42 56 0 1 0 0 46 74 0 1 0 0 35 526 1 5 3 3333 43
4/4 45 0 3 0 1 26 74 0 3 0 1 22 65 0 1 0 1 29 15 0 1 0 1 23 46 0 1 0 1 39 76 3 333 2 275 36 77 2 25 0 3 49
4/4 45 2 225 0 0 26 74 2 175 0 0 22 75 1 15 1 25 38 56 3 333 3 3333 44
4/4 34 2 125 0 0 43 75 3 1833 0 0 38 56 2 225 2 25 48 74 3 1667 0 1 36 55 2 75 2 175 39 75 2 75 1 25 59 46 2 75 2 325 70
4/4 36 1 5 0 0 67 55 0 1 1 5 41 75 0 1 1 5 51 25 0 1 3 667 51 56 0 1 3 667 64 34 0 1 2 75 48 24 3 333 1 15 46 55 3 1333 2 225 56 76 3 333 3 3667 63
4/4 55 0 1 0 1 35 34 0 1 0 1 39 15 3 1667 0 1 46 56 2 225 2 125 42 14 2 225 2 175 41 55 3 1333 3 2667 44
4/4 15 2 75 0 0 43 55 3 167 0 0 44 14 2 25 0 0 41 75 3 2333 3 1667 45 34 0 1 3 1667 38 74 3 1667 3 2333 44 45 1 5 0 3 54 55 2 25 2 375 62
4/4 75 3 667 0 0 45 55 3 417 0 0 62 74 3 83 0 0 44 36 0 1 3 667 70 74 0 1 3 667 59 76 0 1 3 1333 77 34 0 1 3 1333 50 65 2 225 2 175 55 36 0 1 0 2 65 66 0 1 0 2 70 43 2 75 0 2 55 13 1 5 2 275 52 64 1 5 1 35 40
4/4 65 2 75 0 0 55 14 2 75 2 25 45 15 0 1 0 1 58 35 0 1 0 1 40 55 2 25 2 175 45 315 0 1 1 25 38 44 0 1 1 25 38 15 0 1 1 25 47 65 0 1 1 25 44
4/4 315 0 1 0 0 38 44 0 1 0 0 38 15 0 1 0 0 47 65 0 1 0 0 44 65 0 1 2 75 63 14 0 1 1 15 44 56 0 1 1 15 70 46 3 333 2 225 68 65 0 1 3 2667 49 15 0 1 3 2667 51 46 0 1 0 3 60 73 2 75 0 3 47 44 3 333 3 3667 46
4/4 65 0 1 0 0 49 15 0 1 0 0 51 46 2 225 0 0 60 44 3 167 0 0 46 14 3 333 1 5 43 35 1 15 2 125 44 15 2 75 0 2 52 65 2 25 3 2667 47 65 0 1 1 35 35 45 0 1 1 35 38 25 0 1 1 35 42 74 1 5 1 35 34
4/4 65 0 1 0 0 35 45 0 1 0 0 38 25 0 1 0 0 42 74 1 5 0 0 34 73 2 175 0 1 40 74 0 1 1 25 53 55 3 333 3 3333 64
4/4 74 3 1333 0 0 36 55 0 3 0 0 49 33 0 1 0 0 46 73 3 667 0 1 44 54 2 75 3 1667 49 74 3 667 3 2333 61 54 1 5 0 3 55 45 2 75 0 3 61 73 2 25 2 375 55 35 2 25 2 375 58
4/4 73 2 25 0 0 55 74 3 1333 2 25 56 24 0 1 3 333 59 55 0 1 3 333 70 33 2 75 1 5 57 23 2 75 2 125 54 54 1 5 0 2 49 74 2 75 2 275 46 24 2 25 1 35 44 75 1 5 1 35 65
4/4 75 2 25 0 0 65 24 2 25 2 25 49 74 0 1 2 75 42 24 0 1 2 75 49 53 0 1 2 75 49 45 0 1 0 1 53 75 0 1 0 1 62 23 3 333 3 1667 51 74 3 667 3 2333 50 24 2 75 2 325 39
4/4 45 3 667 0 0 41 24 2 25 0 0 39 75 2 25 3 667 46 54 3 2667 3 1333 32 35 0 1 1 15 33 75 0 1 1 15 34 45 0 1 1 15 31 75 0 1 1 15 34 36 2 175 2 175 47
4/4 54 3 1333 0 0 32 76 1 5 2 75 70 24 2 125 2 75 49 65 0 1 2 225 36 36 0 1 2 225 51 44 0 1 2 225 58 66 2 125 1 25 64 14 2 75 2 325 52
4/4 56 1 15 0 0 80 65 3 667 0 0 53 14 2 75 3 667 43 44 1 5 1 15 48 15 2 75 1 15 53 14 0 1 2 225 36 65 0 1 2 225 44 65 0 1 0 3 32 56 0 1 0 3 52 15 0 1 0 3 36 45 0 1 0 3 35 74 0 1 0 3 39
4/4 65 0 1 0 0 32 56 0 1 0 0 52 15 1 15 0 0 36 73 2 225 3 667 36 46 3 667 2 225 40 36 0 1 3 3667 39 66 0 1 3 3667 39 716 0 1 3 3667 34
4/4 63 0 1 0 0 42 37 0 1 0 0 53 36 0 1 0 0 39 66 0 1 0 0 39 716 0 1 0 0 34 34 1 5 2 75 49 226 0 1 1 15 70 76 0 1 1 15 68 74 0 1 1 15 46 714 0 1 2 225 63 36 0 1 2 225 68 716 0 1 0 3 78 66 0 1 0 3 70 35 0 1 0 3 63 714 3 333 3 3667 63
4/4 714 3 417 0 0 63 35 0 1 3 333 50 76 0 1 3 333 65 526 0 1 3 333 67 75 2 75 0 1 45 66 0 1 0 2 55 46 0 1 0 2 52 715 3 333 0 2 41 714 0 1 1 35 34 76 0 1 1 35 54 35 0 1 1 35 37
4/4 34 0 1 2 125 31 74 0 1 2 125 35 35 0 1 2 125 33 55 0 1 1 15 32 75 0 1 1 15 36 56 0 1 1 15 38
4/4 34 0 1 0 0 31 74 0 1 0 0 35 35 0 1 0 0 33 55 0 1 0 0 32 75 0 1 0 0 36 56 0 1 0 0 38 15 3 667 0 3 65
4/4 25 2 75 3 333 72 36 2 75 3 1667 74 56 0 1 0 3 74 44 0 1 0 3 58
4/4 56 0 1 0 0 74 44 0 1 0 0 58 15 0 1 3 333 60 65 0 1 3 333 59 35 0 1 3 333 48 14 3 1667 3 333 48 56 0 1 2 175 78 44 0 1 2 175 55 55 0 1 2 275 55 715 0 1 2 275 54 46 0 1 2 275 74 54 0 1 0 3 59
4/4 36 0 1 3 333 64 715 0 1 3 333 65 45 0 1 3 333 49 55 0 1 3 333 64 24 0 1 3 333 47 25 0 1 2 175 68 54 0 1 2 175 44 55 0 1 0 3 62 35 0 1 0 3 50 24 0 1 0 3 41 13 0 1 0 3 47 24 0 1 0 3 41
4/4 55 0 1 0 0 62 35 0 1 0 0 50 24 0 1 0 0 41 13 0 1 0 0 47 24 0 1 0 0 41 54 0 1 1 5 47 24 2 25 2 175 52 15 0 1 2 325 47 35 0 1 2 325 38 55 0 1 2 325 36 35 0 1 2 325 38 24 2 25 3 3333 39
4/4 15 0 1 0 0 47 35 0 1 0 0 38 55 0 1 0 0 36 35 0 1 0 0 38 15 2 125 3 1333 68 224 0 1 0 2 54 55 0 1 0 2 55 74 0 1 0 2 53 35 0 1 0 2 52 36 0 1 0 2 68 46 1 5 2 275 70 15 2 75 2 325 65 36 0 1 3 3333 64 56 0 1 3 3333 70 64 1 5 1 35 64
4/4 15 0 2 0 0 65 36 0 1 0 0 64 56 0 1 0 0 70 64 2 25 0 0 64 14 2 75 2 25 62 35 0 2 2 75 55 75 2 75 1 15 45 76 3 667 2 225 64 76 1 5 1 35 61 25 1 5 1 35 70 74 1 5 1 35 63
4/4 76 1 15 0 0 61 25 0 1 0 0 70 74 1 5 0 0 63 45 0 2 2 25 64 15 2 75 0 1 65 25 1 15 1 15 72 16 2 75 2 225 64 74 1 5 2 225 48 75 0 1 3 3667 63 25 0 1 3 3667 53 46 0 1 3 3667 60 54 3 333 3 3667 49
4/4 75 0 1 0 0 63 25 0 1 0 0 53 46 0 1 0 0 60 54 3 1167 0 0 49 74 2 75 2 25 62 24 2 75 0 1 74 45 2 75 1 15 73 25 0 1 2 225 61 24 0 1 2 225 67 74 2 25 2 275 61 75 1 5 2 275 64 15 0 1 1 35 64 13 0 1 1 35 70 55 0 1 1 35 56 35 0 1 1 35 56
4/4 54 1 5 2 25 67 25 0 1 0 1 77 14 0 1 0 1 63 36 1 5 1 15 83 56 1 5 2 225 78 76 1 5 0 3 78 36 0 1 3 3333 57 56 0 1 3 3333 65 613 1 5 1 35 61 26 1 5 1 35 65
4/4 613 3 167 0 0 61 36 0 1 0 0 57 56 0 1 0 0 65 26 1 15 0 0 65 54 2 75 2 25 55 14 1 5 0 1 61 35 2 75 1 15 54 55 3 333 2 225 54 16 2 75 2 225 68 36 2 25 0 3 48 715 0 1 1 35 62 36 0 1 1 35 55 526 0 1 1 35 67 76 0 1 1 35 68 63 3 333 3 3667 61
4/4 715 0 1 0 0 62 36 0 1 0 0 55 526 0 1 0 0 67 76 0 1 0 0 68 63 3 417 0 0 61 34 1 5 3 333 65 74 3 333 0 1 62 714 2 125 3 1667 64 715 2 75 3 1667 66 616 0 1 3 2333 75 525 0 1 3 2333 59 76 1 5 0 3 83 25 0 1 1 35 63 46 0 1 1 35 62 53 2 25 2 375 71 16 2 25 2 375 74
4/4 25 0 1 0 0 63 46 0 1 0 0 62 53 1 5 0 0 71 16 0 1 0 0 74 23 1 5 3 333 62 74 3 333 0 1 61 24 1 5 2 175 44 76 0 1 1 25 60 45 0 1 1 25 44 25 2 75 1 25 59 75 2 25 2 325 48 524 0 1 2 375 42 14 0 1 2 375 37
4/4 35 0 1 0 0 44 65 0 1 0 0 57 524 0 1 0 0 42 14 0 1 0 0 37 66 3 2333 1 5 70 56 2 75 2 325 70
4/4 65 1 25 1 5 40 715 0 1 3 667 41 36 0 1 3 667 47 526 0 1 3 667 61 44 1 15 2 75 48 714 1 15 2 225 38 35 2 25 3 3667 42
4/4 715 0 1 2 75 36 65 0 1 2 75 32 36 0 1 2 75 38 66 0 1 2 125 34 716 0 1 2 125 43 47 1 25 1 15 43
4/4 66 0 1 0 0 34 716 0 1 0 0 43 47 3 167 0 0 43 65 1 5 1 35 43 715 0 1 2 375 42 526 0 1 2 375 58 25 2 25 2 375 44
4/4 73 0 1 0 0 44 65 2 275 0 0 43 715 0 1 0 0 42 526 0 1 0 0 58 25 2 375 0 0 44 44 3 667 2 75 48 714 2 25 3 1333 48 24 0 1 0 2 57 45 0 1 0 3 42 65 2 25 2 375 40
4/4 65 2 25 0 0 40 74 3 3333 3 667 27 45 3 3333 3 667 32 65 0 1 2 75 36 715 0 1 2 75 36 46 0 1 2 75 38 76 3 1333 3 2667 34 77 2 125 2 275 33
4/4 74 3 3417 0 0 27 45 0 4 0 0 32 76 3 1417 0 0 34 77 2 75 0 0 33 76 1 5 1 35 47
4/4 76 1 5 0 0 47 57 3 333 2 25 63 75 0 1 0 1 34 35 0 1 0 1 25 46 0 2 2 125 25 56 2 275 2 125 38 57 3 2667 3 1333 41
4/4 56 3 583 0 0 38 57 3 333 0 0 41 47 2 75 2 25 64 37 3 333 2 75 72 56 0 1 3 1333 30 35 0 1 3 1333 27 26 0 1 3 1333 42 25 0 1 1 15 34 26 0 1 1 15 42 57 1 15 3 1667 42
4/4 77 2 25 1 5 59 15 0 1 0 2 27 16 0 1 0 2 40 56 0 1 0 2 30 57 0 1 0 2 30 35 0 1 0 2 25 16 0 1 0 2 40
4/4 15 0 1 0 0 27 16 0 1 0 0 40 56 0 1 0 0 30 57 0 1 0 0 30 35 0 1 0 0 25 16 0 1 0 0 40 75 1 15 1 25 31 35 3 1333 3 2667 25 76 3 1333 3 2667 29
4/4 75 0 1 0 0 31 35 3 667 0 0 25 76 3 333 0 0 29 77 3 333 1 15 66 67 0 1 0 3 40 66 0 1 0 3 37 36 0 1 0 3 34 45 0 1 0 3 34
4/4 67 2 75 0 0 40 66 0 1 0 0 37 36 0 1 0 0 34 45 0 1 0 0 34 16 1 5 0 2 64 316 0 1 2 325 30 45 0 1 2 325 34 16 0 1 2 325 45 66 3 667 3 3333 35
4/4 316 0 1 0 0 30 45 0 1 0 0 34 16 0 1 0 0 45 66 3 1333 0 0 35 57 3 333 0 2 59 47 3 333 2 275 63 66 0 1 1 35 32 75 0 1 1 35 35 46 0 1 1 35 30 16 3 333 3 3667 38 47 2 25 2 375 44
4/4 66 0 1 0 0 32 75 0 1 0 0 35 46 0 1 0 0 30 16 3 1667 0 0 38 47 2 275 0 0 44 16 3 667 1 25 45 226 2 25 3 3333 45
4/4 46 0 1 0 0 33 66 0 1 0 0 37 75 3 3667 2 25 32 26 2 75 2 25 40 76 2 75 3 1667 40 76 1 5 2 325 53
4/4 57 3 333 0 0 55 57 3 2333 0 1 41 35 0 1 0 1 33 56 1 15 0 1 37 75 2 25 2 175 39 46 2 75 1 25 47 56 1 5 2 325 62 47 2 25 2 375 65
4/4 47 1 5 0 0 65 37 1 5 1 5 63 76 3 1667 0 1 35 26 2 275 2 125 45 35 2 75 2 125 35 57 2 175 2 125 56 25 2 25 0 2 42 56 0 1 3 2667 45
4/4 77 3 333 0 0 41 26 2 25 0 0 45 76 2 175 2 125 37 26 3 2667 3 1333 38 77 0 2 1 15 45 55 0 1 1 15 38 25 2 175 2 225 41 46 0 1 0 3 42
4/4 46 2 25 0 0 42 26 3 333 0 0 38 25 2 75 0 0 41 76 3 333 1 5 48 46 0 1 3 1667 34 76 0 1 2 175 31 37 0 1 2 175 39 55 0 2 0 2 36 36 3 1333 3 2667 39 26 0 1 3 3333 53 46 0 1 3 3333 58
4/4 37 2 25 2 75 65 77 2 25 1 15 51 16 0 1 0 2 36 37 0 1 0 2 39 45 0 1 2 225 39 67 0 1 2 225 45 15 2 25 0 3 41 57 2 25 2 375 50 66 2 25 2 375 38
4/4 57 3 1083 0 0 50 16 3 333 3 1333 36 66 1 15 1 25 31 16 0 1 1 25 37 57 0 1 1 25 43 74 2 75 3 2667 37 45 2 25 1 35 38
4/4 66 1 5 0 0 31 16 0 1 0 0 37 57 0 1 0 0 43 15 1 5 2 25 47 36 3 667 0 1 47 47 0 1 3 1667 57 25 0 1 3 1667 41 37 2 25 3 2333 52 37 0 1 0 3 49 56 0 1 0 3 45 34 2 75 2 325 41 74 2 25 2 375 43
4/4 37 0 1 0 0 49 56 0 1 0 0 45 74 2 25 0 0 43 45 3 667 3 667 41 55 2 75 2 125 44 75 2 75 0 2 42 36 2 25 2 275 40 56 0 1 1 35 33 35 0 1 1 35 36 75 0 1 1 35 38 76 0 1 1 35 37 57 0 1 1 35 40
4/4 56 0 1 0 0 33 35 0 1 0 0 36 75 0 1 0 0 38 76 0 1 0 0 37 57 0 1 0 0 40 66 0 1 0 1 38 16 0 1 0 1 50 36 0 1 0 1 42 45 0 1 0 1 42 67 0 1 0 1 59 76 0 1 1 25 39 46 0 1 1 25 38 55 0 1 1 25 39 37 0 1 1 25 40 77 0 1 1 25 45
4/4 16 0 1 0 0 46 37 0 1 0 0 48 57 0 1 2 25 50 17 0 1 2 25 52 64 2 75 2 25 49 35 3 667 0 1 44 15 2 75 3 1667 40 37 1 5 2 325 68
4/4 46 0 1 2 25 39 76 0 1 2 25 46 37 1 15 1 5 58 64 2 75 1 5 40 45 2 25 2 125 43 26 1 5 0 2 53 25 2 25 0 2 44 37 1 5 1 35 58
4/4 76 2 225 2 75 35 26 0 1 2 75 37 47 0 1 2 75 44 77 0 1 2 75 41 54 2 75 0 1 42 24 3 333 2 175 39 75 1 15 1 25 40
4/4 76 3 333 0 0 41 46 0 1 2 125 34 76 0 1 2 125 34 54 2 75 1 15 37 37 3 1333 1 15 47 35 1 5 2 225 45 75 3 667 0 3 51 36 3 333 3 3667 47
4/4 36 3 167 0 0 47 77 0 1 1 5 56 56 0 1 1 5 46 16 1 15 2 175 39 37 3 1667 0 2 42 44 0 1 0 2 43 77 0 1 0 2 54 14 3 333 2 275 48 67 0 1 1 35 62 65 0 1 1 35 46
4/4 15 1 5 2 25 43 57 0 1 0 1 53 16 0 1 0 1 54 66 0 1 2 225 36 16 0 1 2 225 40 74 0 1 3 2333 44 47 0 1 3 2333 54 45 2 25 2 325 41
4/4 25 2 25 0 0 42 57 2 75 0 0 51 66 3 667 3 667 45 67 3 333 3 1333 51 76 0 1 3 2667 30 26 0 1 3 2667 37 54 0 1 2 275 39 47 0 1 2 275 45 77 0 1 2 275 45 35 3 333 3 3667 46
4/4 37 2 75 3 333 60 75 2 25 3 333 50 36 1 5 0 1 45 46 2 75 2 175 48 26 2 25 1 25 51 36 0 1 0 3 39 56 0 1 0 3 47 34 3 667 3 3333 40 226 3 667 3 3333 45
4/4 74 3 333 0 0 45 36 0 1 0 0 39 56 0 1 0 0 47 34 3 83 0 0 40 226 3 333 0 0 45 55 2 75 2 75 43 75 2 75 1 15 49 36 0 1 2 225 53 35 0 1 2 225 38 15 1 5 1 35 36 36 0 1 3 3667 40 56 0 1 3 3667 47 63 2 25 2 375 44
4/4 16 2 325 0 0 55 15 2 225 0 0 36 36 0 1 0 0 40 56 0 1 0 0 47 63 2 75 0 0 44 34 3 667 3 667 47 14 1 5 3 1333 41 35 2 75 2 225 35 75 0 1 0 3 35 36 0 1 0 3 48
4/4 46 2 175 3 333 58 16 0 1 3 333 60 64 0 1 3 333 48 45 1 5 2 125 42 15 2 25 0 2 39 26 3 667 0 2 60 25 1 5 3 2667 44 46 0 1 1 35 49 16 0 1 1 35 52
4/4 75 0 1 3 667 37 25 0 1 3 667 40 46 0 1 3 667 48 53 2 75 0 1 44 76 2 175 0 1 51 23 1 5 2 175 49 74 1 5 1 25 40 25 2 75 1 25 55 24 2 75 2 325 45
4/4 45 0 1 0 0 38 36 0 1 0 0 53 55 0 1 1 15 34 76 0 1 1 15 41 36 0 1 1 15 40 14 0 1 1 15 35 75 0 1 1 15 39
4/4 225 0 1 1 5 37 316 0 1 1 5 37 56 0 1 1 5 45 315 0 1 1 5 40 16 0 1 1 5 51 15 0 1 0 2 38 36 0 1 0 2 45 44 0 1 3 2333 38 66 0 1 3 2333 53 14 2 25 2 375 39 76 2 25 2 375 52
4/4 14 1 5 0 0 39 76 3 83 0 0 52 16 0 1 2 125 53 65 0 1 2 125 45 45 0 1 1 25 33 15 0 1 1 25 34 316 2 125 2 275 41 66 0 1 2 275 43 37 0 1 2 275 51
4/4 45 0 1 0 0 33 15 0 1 0 0 34 316 2 175 0 0 41 16 0 1 1 5 55 66 3 667 2 225 46
4/4 36 2 375 0 0 44 65 0 1 0 0 34 56 0 1 0 0 38 74 0 1 0 0 27 526 1 5 1 35 40
4/4 45 0 3 0 1 24 74 0 1 0 1 22 65 0 1 0 1 22 46 0 1 0 1 40 15 2 275 2 125 18
4/4 45 3 1667 0 0 24 74 0 1 0 0 22 65 0 1 0 0 22 46 0 1 0 0 40 15 1 5 0 0 18 75 0 1 0 2 48 56 2 25 2 275 58 56 3 333 3 3667 51 34 2 25 2 375 37
4/4 56 3 2917 0 0 51 34 1 5 0 0 37 74 1 35 1 5 38 55 0 1 2 125 40 75 3 1667 0 2 49 46 0 1 2 275 56 36 1 5 1 35 58
4/4 75 2 325 0 0 34 25 3 3333 2 25 42 56 0 2 2 25 55 34 0 1 2 25 38 24 2 25 0 1 38 55 2 125 2 175 40 76 3 333 1 35 57
4/4 75 3 2333 2 75 35 15 2 325 2 75 37 34 2 75 0 1 33 56 0 3 0 1 48 14 2 225 2 175 33 55 3 1333 3 2667 41
4/4 15 2 25 0 0 37 14 3 417 0 0 33 56 2 375 0 0 48 55 3 333 0 0 41 75 2 175 2 175 41 34 0 1 2 175 38 74 1 15 1 25 38 55 3 667 3 3333 48
4/4 55 3 667 0 0 48 74 3 1833 0 0 38 75 0 1 0 1 62 76 2 25 2 175 64 65 0 1 3 2333 44 44 0 1 3 2333 40 36 0 1 1 25 48 66 0 1 1 25 54 14 3 667 3 3333 38
4/4 14 3 2667 0 0 38 36 0 1 0 0 48 66 0 1 0 0 54 65 0 1 2 25 37 15 2 75 2 175 49 15 3 667 3 3333 47 65 3 667 3 3333 46 44 1 5 1 35 37
4/4 15 3 2583 0 0 47 65 3 833 0 0 46 44 1 5 0 0 37 14 0 3 2 25 38 315 1 15 0 1 42 65 1 15 3 1667 60 56 2 75 1 25 62 46 2 25 2 325 55
4/4 46 0 2 0 0 49 15 3 1667 0 0 41 65 0 1 0 0 46 74 1 35 0 0 39 45 3 2333 2 75 38 65 2 175 2 175 38 15 1 5 1 35 41
4/4 45 0 1 2 75 31 65 0 1 2 75 36 73 2 75 0 1 37 25 2 125 2 125 46 44 2 75 0 2 38 24 2 75 2 275 41 45 1 5 1 35 38
4/4 45 2 25 0 0 38 76 2 75 2 25 51 75 1 5 3 333 38 57 3 333 0 1 61 56 2 225 2 175 43 34 0 1 2 175 43 57 0 2 0 2 45 74 3 667 3 2667 43 55 3 667 3 3333 37
4/4 56 1 5 0 0 43 55 3 83 0 0 37 57 3 333 0 0 45 47 1 5 0 1 59 37 1 5 2 175 68 56 2 175 2 225 44 26 0 1 1 25 51 57 0 1 1 25 59 34 3 667 1 25 43 24 2 25 3 3333 43
4/4 75 2 125 0 0 42 56 2 25 0 0 44 26 0 1 0 0 51 57 0 1 0 0 59 77 1 5 2 175 59 76 0 1 0 3 29 26 0 1 0 3 36 47 0 1 0 3 47 77 3 667 3 3333 44 54 3 667 3 3333 38
4/4 24 1 5 0 0 41 76 0 1 0 0 29 26 0 1 0 0 36 47 0 1 0 0 47 77 3 1333 0 0 44 75 3 1667 0 1 33 46 2 75 1 25 40 46 0 1 2 375 32 76 0 1 2 375 36
4/4 54 0 1 0 0 37 37 0 1 0 0 45 46 0 1 0 0 32 76 0 1 0 0 36 35 1 25 0 1 39 26 0 1 3 1667 41 75 0 1 3 1667 34 76 1 5 1 35 41
4/4 76 1 5 0 0 41 65 0 1 2 75 44 15 0 1 2 75 49 44 0 1 0 1 46 66 0 1 0 1 53 14 2 75 0 2 40 35 2 25 2 275 41 56 2 125 2 275 59
4/4 56 3 417 0 0 59 15 1 5 3 333 56 65 2 225 2 175 39 15 2 225 2 175 39 56 3 1333 0 2 53 73 2 75 0 2 38 44 3 333 0 3 38 46 2 25 2 375 39
4/4 24 1 25 0 0 27 15 3 83 0 0 39 46 2 125 0 0 39 76 1 5 1 25 74 15 0 1 0 3 40 36 0 1 0 3 48 56 0 1 0 3 56 63 3 667 3 3333 45 16 1 5 1 35 68
4/4 63 3 83 0 0 45 16 2 75 0 0 68 34 1 5 2 25 49 66 3 667 0 1 67 14 3 333 0 1 41 56 0 1 3 2667 59 35 0 1 3 2667 41 15 2 25 3 3333 51
4/4 65 0 1 0 0 36 15 0 1 0 0 42 56 0 1 0 0 49 73 2 75 2 25 43 44 3 333 0 1 39 46 2 175 0 2 44 24 2 75 0 2 35
4/4 36 1 25 0 1 44 37 0 1 0 2 43 64 0 1 0 2 36 716 0 1 0 2 47 35 2 75 0 3 46 226 0 1 3 3667 57 76 0 1 3 3667 55 75 0 1 3 3667 45
4/4 226 0 1 0 0 57 76 0 1 0 0 55 75 0 1 0 0 45 36 0 1 1 5 50 716 1 5 2 125 64 715 0 1 2 275 25 36 0 1 2 275 38 526 0 1 2 275 40 63 0 1 2 275 36 76 1 5 0 3 46 34 2 25 2 375 37
4/4 34 3 83 0 0 37 714 1 5 2 75 38 66 0 1 2 75 40 36 0 1 2 75 43 76 0 1 2 275 34 35 0 1 2 275 32 36 0 1 2 275 37
4/4 55 0 1 3 2667 23 25 0 1 3 2667 34 56 0 1 3 2667 34 33 3 1333 3 2667 37
4/4 73 2 75 0 0 32 55 0 1 0 0 23 25 0 1 0 0 34 56 0 1 0 0 34 33 3 167 0 0 37 54 2 75 0 1 34 74 3 667 2 175 41 45 2 75 3 2667 42 35 1 5 1 35 35
4/4 35 2 25 0 0 35 75 0 1 1 5 36 55 3 1667 3 1333 34 25 0 1 3 2333 30 75 3 667 3 3333 36
4/4 75 3 333 0 0 36 46 2 175 1 5 37 25 2 225 2 175 35
4/4 26 0 1 0 0 31 56 0 1 0 0 22 25 2 75 0 0 35
