4/4 34 0 1 1 25 25 55 0 1 1 25 31 75 0 1 1 25 44 24 1 15 1 25 40 46 2 125 2 275 37
4/4 34 0 1 0 0 32 55 0 1 0 0 41 75 0 1 0 0 46 24 1 5 0 0 45 46 0 1 0 0 43 14 0 1 2 125 54 36 0 1 2 125 66 56 0 1 1 25 69 74 0 1 1 25 50
4/4 614 0 1 0 1 46 46 0 1 0 1 55 64 0 1 0 2 38 15 0 1 0 2 35 55 0 1 0 2 37 16 0 1 0 2 52 56 2 175 2 225 45
4/4 64 0 1 0 0 29 15 0 1 0 0 37 56 2 75 0 0 40 45 0 1 3 667 36 76 3 1333 3 667 40 66 0 2 0 2 60 35 2 125 0 2 51
4/4 24 1 5 1 5 35 75 0 1 1 15 32 25 0 1 1 15 33 46 0 1 1 15 39 54 0 1 1 15 42 45 0 1 3 1667 36 76 0 1 3 1667 53 24 0 1 0 3 30
4/4 24 2 25 0 0 30 45 0 1 2 25 44 56 0 1 2 25 50 55 0 1 3 1667 34 36 0 1 3 1667 52 75 0 1 3 1667 47 14 3 2333 3 1667 30
4/4 14 3 667 0 0 27 75 1 5 2 25 67 75 0 1 3 1333 41 25 0 1 3 1333 40 76 0 1 3 1333 47 45 0 1 1 15 46 54 0 1 1 15 44 24 2 125 2 275 43 56 1 5 3 3333 46
4/4 76 0 1 0 0 58 45 0 1 0 0 50 25 0 1 0 0 53 24 1 5 0 0 34 56 2 25 3 667 50 55 2 225 3 1333 30 14 3 2667 3 1333 43 46 1 25 3 1333 56 75 0 1 3 1333 42 25 0 1 3 1333 39 36 0 1 2 275 37
4/4 14 3 667 0 0 41 25 2 25 0 1 51 614 1 25 1 15 46 15 2 175 1 15 47 55 1 15 1 15 55 45 2 125 2 275 40
4/4 55 1 5 0 0 33 64 1 25 1 15 51 75 0 1 1 15 46 35 0 1 1 15 48 14 2 125 2 275 37
4/4 14 2 25 0 0 31 65 3 333 2 25 45 55 3 1667 1 15 48 14 2 75 1 15 49 23 1 25 1 15 34 614 2 175 2 225 31 14 2 125 2 275 55 45 1 5 1 35 50
4/4 45 1 25 0 0 54 614 3 917 0 0 46 14 2 225 0 0 44 55 0 3 2 25 56 13 0 2 1 15 48 614 2 125 2 225 43 14 2 125 2 275 39 45 1 5 1 35 33
4/4 45 2 25 0 0 51 14 2 25 0 0 35 55 1 5 2 25 58 14 0 1 1 15 13 35 0 1 1 15 42 73 3 2333 3 1667 51 55 2 175 2 175 51 64 1 15 1 25 36 14 2 75 2 325 45
4/4 24 2 75 0 0 35 64 3 1167 0 0 43 73 3 917 0 0 35 14 2 125 0 0 46 35 2 75 2 75 38 55 2 25 1 15 31 44 1 15 1 25 34 73 1 15 1 25 13 64 3 1333 3 2667 33 24 0 1 0 3 18 45 0 1 0 3 37
4/4 44 0 4 0 0 25 73 2 375 0 0 23 64 0 3 0 0 36 24 0 1 0 0 25 45 0 1 0 0 30
4/4 44 3 167 0 0 15 74 0 1 3 2333 43 55 2 25 2 325 71
4/4 33 0 1 0 0 34 34 0 1 0 0 32 55 0 1 0 0 37 74 0 1 0 0 38 73 0 3 0 0 41 45 3 667 0 3 55 35 3 333 3 3667 62
4/4 33 3 2667 3 333 22 23 0 3 1 5 25 55 0 1 1 5 47 54 0 1 1 5 42 24 0 2 1 5 30 75 2 25 3 3333 65
4/4 13 0 1 3 667 41 33 0 1 3 667 30 14 0 1 3 667 41 54 0 1 3 667 36 14 0 1 3 667 42 55 2 325 2 75 41
4/4 55 0 3 0 0 34 74 0 1 2 125 30 54 0 1 2 125 37 73 3 2667 3 1333 23 33 3 2667 3 1333 21
4/4 73 3 583 0 0 20 75 1 5 2 25 67 14 0 1 3 1667 35 35 0 1 3 1667 41 65 0 1 3 1667 53 43 0 1 3 1667 35 34 0 1 3 1667 32
4/4 43 0 1 0 0 27 34 0 1 0 0 44 14 1 5 2 75 67 64 0 1 2 225 40 314 0 1 2 225 38 14 0 1 2 225 39 43 0 1 2 225 28
4/4 64 0 1 0 0 42 314 0 1 0 0 45 14 0 1 0 0 55 43 0 1 0 0 45 55 3 333 2 125 63 45 2 25 0 2 55 73 0 1 3 2667 36 64 0 1 3 2667 46 45 3 1333 3 2667 40 14 3 1333 3 2667 47
4/4 73 0 1 0 0 31 64 0 1 0 0 47 45 3 5167 0 0 48 14 3 333 0 0 54 44 2 175 2 25 23 14 2 75 1 15 38 24 0 1 0 3 46 74 0 1 0 3 31 73 0 1 0 3 19 44 0 1 0 3 27
4/4 24 0 1 0 0 31 74 0 1 0 0 25 73 0 1 0 0 33 44 2 175 0 0 21 74 1 5 2 225 50 55 2 25 0 3 59 34 2 25 2 375 42 55 0 1 2 375 28 74 0 1 2 375 50 54 0 1 2 375 38 73 2 25 2 375 39
4/4 33 2 325 0 0 28 34 3 3417 0 0 30 55 0 1 0 0 37 74 0 1 0 0 37 54 0 1 0 0 40 73 2 375 0 0 40 45 2 75 0 3 75 35 3 333 3 3667 69
4/4 35 3 167 0 0 72 74 0 1 2 25 31 24 0 1 2 25 41 23 2 325 3 333 27 55 0 1 3 333 63 33 0 1 3 333 44 75 3 333 3 3333 64
4/4 24 0 1 0 1 33 74 0 1 0 1 25 45 0 1 0 1 40 44 0 1 0 1 22 75 0 3 0 1 35 53 0 3 0 1 31
4/4 24 0 1 0 0 35 74 0 1 0 0 35 45 0 1 0 0 47 44 0 1 0 0 39 75 2 375 0 0 35 53 0 1 1 15 39 34 0 1 1 15 44 74 0 1 1 15 24 35 3 2333 3 1667 41
4/4 53 0 1 0 0 22 34 0 1 0 0 29 74 0 1 0 0 28 35 3 1333 0 0 34 75 1 5 3 667 75 64 0 1 0 2 30 35 0 1 0 2 38 65 0 1 0 2 54 43 0 1 0 2 44 34 0 1 0 2 44 55 1 5 1 35 69
4/4 55 0 1 0 0 67 43 0 1 0 0 31 34 0 1 0 0 31 14 1 5 0 1 62 44 0 1 1 25 42 14 0 1 1 25 28 73 0 1 1 25 27 64 0 1 1 25 46 55 0 1 1 25 52
4/4 44 0 1 0 0 37 14 0 1 0 0 30 73 0 1 0 0 29 64 0 1 0 0 46 55 0 1 0 0 49 45 1 5 1 15 46 35 2 25 2 225 48 13 0 1 0 3 26 33 0 1 0 3 23 34 0 1 0 3 45 35 0 1 0 3 39 64 0 1 0 3 46
4/4 13 0 1 0 0 43 33 0 1 0 0 29 34 0 1 0 0 37 35 2 325 0 0 35 64 3 1667 0 0 44 33 3 333 3 3667 35 64 3 333 3 3667 52
4/4 33 3 2167 0 0 40 64 3 917 0 0 54 713 2 275 3 333 37 74 2 75 0 1 41 44 2 75 1 25 28 64 3 333 2 325 51
4/4 54 1 15 0 0 34 34 0 1 0 0 30 33 1 25 0 0 38 73 3 2667 2 75 37 34 2 125 1 15 50 44 2 75 2 225 57 54 2 75 0 3 53 64 3 333 3 3667 74
4/4 64 3 417 0 0 71 12 0 1 1 5 34 34 0 1 1 5 38 63 0 1 1 5 37 73 0 1 1 5 32 44 0 1 2 225 29 34 0 1 2 225 26 63 0 1 2 225 22 43 0 1 2 225 29 72 0 1 2 225 25
4/4 43 0 1 0 0 29 72 0 1 0 0 31 74 3 2333 3 1667 44 55 3 333 3 2333 72 33 2 75 0 3 48 55 0 1 0 3 64 73 2 25 2 375 34
4/4 74 3 667 0 0 54 73 2 325 0 0 39 55 2 125 0 0 74 54 0 1 3 667 26 74 1 15 3 1333 52 45 2 75 0 2 58 35 1 5 3 2667 68 74 0 1 0 3 46 24 0 1 0 3 40 33 3 667 3 3333 47 55 3 667 3 3333 53
4/4 23 2 25 0 0 39 74 0 1 0 0 42 24 0 1 0 0 52 33 3 83 0 0 38 55 3 833 0 0 72 54 3 333 0 1 47 75 3 333 3 2333 40 74 0 1 1 35 38 14 0 1 1 35 42 33 2 25 2 375 41 55 2 25 2 375 54
4/4 74 0 1 0 0 30 14 0 1 0 0 26 33 2 75 0 0 52 55 2 175 0 0 57 13 2 275 1 5 50 54 3 1333 2 125 55 14 2 75 3 2667 38
4/4 74 3 1667 0 0 44 33 0 1 2 25 45 73 3 667 0 1 40 23 3 667 3 1667 58 54 1 5 3 2333 61 74 2 75 0 3 67 23 0 1 0 3 46 33 0 1 3 3667 47 75 0 1 3 3667 64
4/4 14 0 1 2 25 48 35 0 1 2 25 47 43 2 75 1 5 58 65 2 175 1 5 62 13 2 275 2 125 49 64 0 1 0 2 42 14 3 667 2 325 72
4/4 13 2 25 0 0 37 64 0 1 3 667 45 14 0 1 3 667 49 43 0 1 2 75 45 13 0 2 1 15 46 314 3 1333 2 225 46 64 0 1 0 3 59 55 3 333 3 3667 65
4/4 45 2 25 3 333 63 64 0 1 2 75 42 14 0 1 2 75 40 45 1 15 0 1 44 73 3 2333 0 1 40 44 0 2 2 175 34 64 1 15 1 25 59
4/4 14 3 667 0 0 46 224 3 333 3 667 49 44 0 1 2 125 45 64 0 1 2 125 47 72 0 1 1 15 43 24 0 1 1 15 56 43 1 5 2 225 40 23 3 667 0 3 57 44 3 333 3 3667 41
4/4 44 3 417 0 0 41 74 1 5 1 5 56 75 0 1 1 5 58 56 1 5 2 125 55 55 0 2 2 175 48 75 0 2 0 2 61 33 0 1 0 2 52 56 1 15 0 2 65 73 0 1 2 275 48 44 3 333 1 35 37
4/4 75 3 333 0 0 60 54 0 1 2 25 51 46 3 667 0 1 61 36 3 667 3 1667 78 55 2 175 0 2 56 25 2 175 2 225 45 56 3 1667 3 2333 68 33 3 667 3 2333 41 23 3 667 2 325 56 54 2 25 2 375 63
4/4 56 3 667 0 0 55 54 1 5 0 0 57 25 2 125 0 0 46 74 0 1 1 5 50 76 2 75 2 125 74 24 3 333 2 125 59 75 3 333 0 2 50 75 0 1 3 2333 49 25 0 1 3 2333 56 46 0 1 3 2667 63 76 0 1 3 2667 78 53 2 75 2 275 50 23 1 5 1 35 48
4/4 75 0 1 0 0 51 25 0 1 0 0 57 46 0 1 0 0 50 76 0 1 0 0 68 74 1 5 2 25 38 24 2 75 0 1 46 45 3 333 3 1667 51 75 2 25 3 2333 45 45 0 1 0 3 42 75 0 1 0 3 45 36 0 1 0 3 53 53 2 75 2 325 33
4/4 34 2 75 0 0 33 45 0 1 0 0 54 75 0 1 0 0 46 36 0 1 0 0 40 74 3 1333 3 667 37 25 0 1 3 667 42 75 2 75 2 225 52 14 0 1 3 3333 48 35 0 1 3 3333 56 43 3 333 3 3667 50 65 3 333 3 3667 67
4/4 14 0 1 0 0 34 35 0 1 0 0 37 43 3 417 0 0 58 65 0 1 0 0 60 13 3 333 1 5 49 55 0 1 2 125 66 64 0 1 2 125 59 14 0 1 1 25 57 13 0 1 1 25 54 43 2 75 2 325 61 64 3 333 3 3667 57 14 0 1 2 375 49 35 0 1 2 375 54 55 0 1 2 375 56
4/4 72 2 75 0 0 46 64 3 1917 0 0 49 14 0 1 0 0 54 35 0 1 0 0 55 55 0 1 0 0 61 43 2 25 2 75 51 34 1 15 1 15 46 64 1 15 2 225 63 45 0 1 0 3 48 23 0 1 0 3 48 35 2 25 2 375 46
4/4 64 1 15 1 5 48 33 2 125 1 5 44 35 2 225 1 5 41 13 0 2 2 125 43 34 2 125 0 2 65 64 2 75 3 2667 58 74 3 667 3 3333 65
4/4 35 0 3 0 0 60 74 3 83 0 0 68 73 0 1 2 75 37 54 0 1 2 75 50 33 0 1 2 75 28 64 0 1 3 2333 65 34 0 1 3 2333 72 13 0 1 3 2333 53 43 0 1 3 2333 53 74 0 1 2 375 78 44 0 1 2 375 60 34 0 1 2 375 70
4/4 53 3 1333 0 0 53 74 0 1 0 0 72 44 0 1 0 0 54 34 0 1 0 0 73 13 0 1 2 125 60 34 0 1 2 125 45 54 0 1 2 125 50 62 2 75 1 15 54 14 3 1333 1 15 74 33 1 5 2 225 47 13 3 667 0 3 50 34 3 333 3 3667 47
4/4 34 3 917 0 0 53 64 3 333 3 333 48 15 2 75 3 333 57 14 2 25 2 125 48 24 0 1 2 175 52 45 0 1 2 175 72 62 0 1 2 175 49 15 2 175 0 2 64 43 3 333 3 2667 59 24 3 667 3 3333 72 23 1 5 3 3333 52
4/4 24 3 833 0 0 64 44 2 25 2 25 47 35 3 667 2 75 69 74 2 25 0 1 50 74 0 2 0 2 45 24 0 1 0 2 43 45 0 1 0 2 44 52 2 75 3 2333 44 75 3 1667 3 2333 55 22 1 5 0 3 49 73 2 25 2 375 54
4/4 74 2 125 0 0 46 24 0 1 0 0 44 45 0 1 0 0 55 73 2 25 0 0 47 75 3 1583 0 0 62 23 2 75 1 5 42 44 3 333 2 125 53 74 0 2 0 2 59 34 0 1 2 275 36 53 0 1 2 275 29 73 0 1 2 275 43 35 0 1 2 275 51 44 0 1 2 275 40
4/4 74 2 25 0 0 63 74 0 1 1 15 76 52 0 1 1 15 48 73 2 25 3 2333 72 13 0 1 2 275 58 34 0 1 2 275 57 42 0 1 0 3 67 74 0 1 0 3 80 12 2 25 2 375 54
4/4 12 3 83 0 0 43 64 2 75 1 5 76 63 2 25 1 5 62 13 1 5 2 125 59 54 2 75 0 2 73 34 3 333 0 2 77 42 1 5 3 2667 55 63 0 1 0 3 60 13 0 1 0 3 60 44 3 667 3 3333 66 72 3 667 3 3333 70
4/4 43 3 1333 0 0 65 63 0 1 0 0 49 13 0 1 0 0 47 44 3 333 0 0 67 72 3 1583 0 0 65 54 0 1 2 75 64 34 0 1 2 75 75 63 2 25 1 15 61 63 0 1 2 225 33 713 0 1 2 225 43 23 0 1 2 225 60 72 0 1 2 225 36 64 0 1 2 225 50 73 0 1 3 3667 54 34 0 1 3 3667 49 44 0 1 3 3667 53 52 0 1 3 3667 52 74 2 25 2 375 68
4/4 73 0 1 0 0 48 34 0 1 0 0 45 44 0 1 0 0 63 52 0 1 0 0 45 74 2 75 0 0 65 33 3 667 3 667 55 73 1 5 2 125 62 34 0 1 0 2 55 74 0 1 0 2 80 35 3 333 2 275 75 24 3 333 3 3333 79
4/4 54 0 1 0 0 59 74 0 1 0 0 63 224 0 1 0 0 79 32 2 75 2 25 56 33 3 333 0 1 64 53 2 75 3 1667 75 73 3 667 3 2333 71 35 2 75 2 325 89 34 1 5 2 325 66
4/4 54 2 25 0 0 49 15 3 333 0 0 71 35 2 25 0 0 92 14 0 1 3 333 52 35 0 1 3 333 45 55 0 1 3 333 66 15 2 325 3 667 81 62 2 75 3 667 51 33 1 5 3 1333 56 13 1 5 0 2 42 34 3 333 2 275 56 35 3 333 3 3667 72 74 2 25 3 3667 61
4/4 35 3 417 0 0 71 14 2 25 2 25 67 24 3 1667 2 75 67 45 2 175 0 1 69 62 0 1 0 1 58 15 0 1 0 1 72 43 3 333 2 175 45 25 0 1 3 2333 70 23 0 1 3 2333 58 24 2 75 0 3 58 44 1 5 2 325 57 15 2 25 2 375 80 74 2 25 2 375 44
4/4 15 2 25 0 0 64 74 0 2 0 1 52 24 0 1 0 1 49 45 0 1 0 1 55 52 0 1 0 1 54 75 0 2 3 1333 66 22 1 5 0 2 57 24 2 125 2 275 72 73 1 5 2 275 58 23 1 5 1 35 47
4/4 23 2 25 0 0 45 24 3 417 0 0 77 35 0 1 2 25 69 44 0 1 2 25 44 74 2 25 0 1 53 74 0 1 3 1667 24 35 0 1 3 1667 57 13 0 1 2 175 34 54 0 1 2 175 33 35 0 1 2 175 58 75 0 1 2 175 51
4/4 224 0 1 2 75 57 15 0 1 2 75 65 315 0 1 2 75 41 314 0 1 2 75 40 55 0 1 2 75 61 14 0 1 2 225 44 35 0 1 2 225 60 44 1 15 1 25 48 65 1 15 1 25 63
4/4 75 3 667 0 0 70 44 3 1833 0 0 49 15 1 5 1 15 66 43 0 1 3 2667 42 314 0 1 3 2667 25 14 0 1 0 3 49 315 0 1 0 3 40 65 2 75 2 325 36 15 2 75 2 325 59
4/4 43 0 1 0 0 29 314 0 1 0 0 38 14 0 1 0 0 44 315 0 1 0 0 38 65 3 917 0 0 48 75 3 333 2 75 57 65 3 333 3 2333 60
4/4 64 0 1 0 0 29 73 0 1 0 0 42 24 0 1 0 0 32 55 0 1 0 0 55 73 0 1 0 0 37 525 1 5 3 3333 39
4/4 44 0 3 0 1 23 73 0 3 0 1 13 64 0 1 0 1 24 14 0 1 0 1 26 45 0 1 0 1 37 75 3 333 2 275 39 76 2 25 0 3 50
4/4 44 2 225 0 0 35 73 2 175 0 0 20 74 1 15 1 25 28 55 3 333 3 3333 45
4/4 33 2 125 0 0 34 74 3 1833 0 0 47 55 2 225 2 25 53 73 3 1667 0 1 37 54 2 75 2 175 34 74 2 75 1 25 52 45 2 75 2 325 73
4/4 35 1 5 0 0 71 54 0 1 1 5 37 74 0 1 1 5 49 24 0 1 3 667 56 55 0 1 3 667 63 33 0 1 2 75 50 23 3 333 1 15 43 54 3 1333 2 225 57 75 3 333 3 3667 68
4/4 54 0 1 0 1 31 33 0 1 0 1 45 14 3 1667 0 1 54 55 2 225 2 125 33 13 2 225 2 175 36 54 3 1333 3 2667 47
4/4 14 2 75 0 0 40 54 3 167 0 0 53 13 2 25 0 0 36 74 3 2333 3 1667 39 33 0 1 3 1667 35 73 3 1667 3 2333 49 44 1 5 0 3 47 54 2 25 2 375 56
4/4 74 3 667 0 0 37 54 3 417 0 0 57 73 3 83 0 0 41 35 0 1 3 667 79 73 0 1 3 667 68 75 0 1 3 1333 80 33 0 1 3 1333 60 64 2 225 2 175 46 35 0 1 0 2 68 65 0 1 0 2 63 42 2 75 0 2 63 12 1 5 2 275 44 63 1 5 1 35 38
4/4 64 2 75 0 0 49 13 2 75 2 25 44 14 0 1 0 1 62 34 0 1 0 1 46 54 2 25 2 175 52 314 0 1 1 25 34 43 0 1 1 25 28 14 0 1 1 25 43 64 0 1 1 25 53
4/4 314 0 1 0 0 40 43 0 1 0 0 35 14 0 1 0 0 42 64 0 1 0 0 45 64 0 1 2 75 62 13 0 1 1 15 53 55 0 1 1 15 74 45 3 333 2 225 65 64 0 1 3 2667 48 14 0 1 3 2667 47 45 0 1 0 3 64 72 2 75 0 3 55 43 3 333 3 3667 46
4/4 64 0 1 0 0 45 14 0 1 0 0 58 45 2 225 0 0 68 43 3 167 0 0 48 13 3 333 1 5 47 34 1 15 2 125 54 14 2 75 0 2 51 64 2 25 3 2667 53 64 0 1 1 35 29 44 0 1 1 35 32 24 0 1 1 35 50 73 1 5 1 35 26
4/4 64 0 1 0 0 38 44 0 1 0 0 43 24 0 1 0 0 39 73 1 5 0 0 38 72 2 175 0 1 38 73 0 1 1 25 61 54 3 333 3 3333 68
4/4 73 3 1333 0 0 35 54 0 3 0 0 46 32 0 1 0 0 56 72 3 667 0 1 49 53 2 75 3 1667 39 73 3 667 3 2333 68 53 1 5 0 3 56 44 2 75 0 3 53 72 2 25 2 375 55 34 2 25 2 375 62
4/4 72 2 25 0 0 47 73 3 1333 2 25 61 23 0 1 3 333 53 54 0 1 3 333 72 32 2 75 1 5 66 22 2 75 2 125 59 53 1 5 0 2 42 73 2 75 2 275 40 23 2 25 1 35 34 74 1 5 1 35 65
4/4 74 2 25 0 0 70 23 2 25 2 25 56 73 0 1 2 75 47 23 0 1 2 75 44 52 0 1 2 75 59 44 0 1 0 1 60 74 0 1 0 1 60 22 3 333 3 1667 46 73 3 667 3 2333 56 23 2 75 2 325 39
4/4 44 3 667 0 0 43 23 2 25 0 0 44 74 2 25 3 667 43 53 3 2667 3 1333 30 34 0 1 1 15 36 74 0 1 1 15 42 44 0 1 1 15 23 74 0 1 1 15 32 35 2 175 2 175 50
4/4 53 3 1333 0 0 30 75 1 5 2 75 62 23 2 125 2 75 50 64 0 1 2 225 34 35 0 1 2 225 54 43 0 1 2 225 64 65 2 125 1 25 73 13 2 75 2 325 49
4/4 55 1 15 0 0 74 64 3 667 0 0 57 13 2 75 3 667 50 43 1 5 1 15 54 14 2 75 1 15 56 13 0 1 2 225 31 64 0 1 2 225 50 64 0 1 0 3 29 55 0 1 0 3 60 14 0 1 0 3 44 44 0 1 0 3 35 73 0 1 0 3 33
4/4 64 0 1 0 0 23 55 0 1 0 0 44 14 1 15 0 0 34 72 2 225 3 667 38 45 3 667 2 225 40 35 0 1 3 3667 40 65 0 1 3 3667 40 715 0 1 3 3667 44
4/4 62 0 1 0 0 38 36 0 1 0 0 62 35 0 1 0 0 31 65 0 1 0 0 34 715 0 1 0 0 29 33 1 5 2 75 49 225 0 1 1 15 76 75 0 1 1 15 64 73 0 1 1 15 45 713 0 1 2 225 72 35 0 1 2 225 71 715 0 1 0 3 87 65 0 1 0 3 69 34 0 1 0 3 57 713 3 333 3 3667 73
4/4 713 3 417 0 0 59 34 0 1 3 333 60 75 0 1 3 333 75 525 0 1 3 333 72 74 2 75 0 1 49 65 0 1 0 2 59 45 0 1 0 2 55 714 3 333 0 2 32 713 0 1 1 35 36 75 0 1 1 35 48 34 0 1 1 35 46
4/4 33 0 1 2 125 28 73 0 1 2 125 36 34 0 1 2 125 38 54 0 1 1 15 33 74 0 1 1 15 43 55 0 1 1 15 42
4/4 33 0 1 0 0 28 73 0 1 0 0 42 34 0 1 0 0 42 54 0 1 0 0 37 74 0 1 0 0 33 55 0 1 0 0 40 14 3 667 0 3 65
4/4 24 2 75 3 333 77 35 2 75 3 1667 64 55 0 1 0 3 84 43 0 1 0 3 54
4/4 55 0 1 0 0 72 43 0 1 0 0 55 14 0 1 3 333 50 64 0 1 3 333 62 34 0 1 3 333 57 13 3 1667 3 333 53 55 0 1 2 175 83 43 0 1 2 175 50 54 0 1 2 275 52 714 0 1 2 275 44 45 0 1 2 275 71 53 0 1 0 3 66
4/4 35 0 1 3 333 67 714 0 1 3 333 73 44 0 1 3 333 58 54 0 1 3 333 73 23 0 1 3 333 40 24 0 1 2 175 70 53 0 1 2 175 54 54 0 1 0 3 61 34 0 1 0 3 54 23 0 1 0 3 32 12 0 1 0 3 46 23 0 1 0 3 44
4/4 54 0 1 0 0 72 34 0 1 0 0 53 23 0 1 0 0 33 12 0 1 0 0 46 23 0 1 0 0 40 53 0 1 1 5 44 23 2 25 2 175 56 14 0 1 2 325 57 34 0 1 2 325 31 54 0 1 2 325 33 34 0 1 2 325 47 23 2 25 3 3333 34
4/4 14 0 1 0 0 55 34 0 1 0 0 39 54 0 1 0 0 42 34 0 1 0 0 45 14 2 125 3 1333 73 223 0 1 0 2 55 54 0 1 0 2 49 73 0 1 0 2 50 34 0 1 0 2 49 35 0 1 0 2 64 45 1 5 2 275 68 14 2 75 2 325 65 35 0 1 3 3333 73 55 0 1 3 3333 60 63 1 5 1 35 55
4/4 14 0 2 0 0 70 35 0 1 0 0 57 55 0 1 0 0 75 63 2 25 0 0 72 13 2 75 2 25 58 34 0 2 2 75 57 74 2 75 1 15 37 75 3 667 2 225 54 75 1 5 1 35 52 24 1 5 1 35 69 73 1 5 1 35 62
4/4 75 1 15 0 0 55 24 0 1 0 0 79 73 1 5 0 0 70 44 0 2 2 25 69 14 2 75 0 1 63 24 1 15 1 15 72 15 2 75 2 225 62 73 1 5 2 225 49 74 0 1 3 3667 67 24 0 1 3 3667 53 45 0 1 3 3667 63 53 3 333 3 3667 46
4/4 74 0 1 0 0 59 24 0 1 0 0 51 45 0 1 0 0 68 53 3 1167 0 0 43 73 2 75 2 25 67 23 2 75 0 1 76 44 2 75 1 15 81 24 0 1 2 225 62 23 0 1 2 225 67 73 2 25 2 275 65 74 1 5 2 275 57 14 0 1 1 35 71 12 0 1 1 35 60 54 0 1 1 35 46 34 0 1 1 35 62
4/4 53 1 5 2 25 68 24 0 1 0 1 74 13 0 1 0 1 69 35 1 5 1 15 84 55 1 5 2 225 81 75 1 5 0 3 86 35 0 1 3 3333 52 55 0 1 3 3333 65 612 1 5 1 35 70 25 1 5 1 35 57
4/4 612 3 167 0 0 59 35 0 1 0 0 54 55 0 1 0 0 70 25 1 15 0 0 60 53 2 75 2 25 50 13 1 5 0 1 65 34 2 75 1 15 58 54 3 333 2 225 54 15 2 75 2 225 58 35 2 25 0 3 49 714 0 1 1 35 67 35 0 1 1 35 62 525 0 1 1 35 67 75 0 1 1 35 68 62 3 333 3 3667 61
4/4 714 0 1 0 0 63 35 0 1 0 0 58 525 0 1 0 0 57 75 0 1 0 0 75 62 3 417 0 0 62 33 1 5 3 333 56 73 3 333 0 1 60 713 2 125 3 1667 56 714 2 75 3 1667 70 615 0 1 3 2333 82 524 0 1 3 2333 50 75 1 5 0 3 87 24 0 1 1 35 68 45 0 1 1 35 69 52 2 25 2 375 72 15 2 25 2 375 68
4/4 24 0 1 0 0 67 45 0 1 0 0 56 52 1 5 0 0 75 15 0 1 0 0 77 22 1 5 3 333 58 73 3 333 0 1 64 23 1 5 2 175 49 75 0 1 1 25 52 44 0 1 1 25 47 24 2 75 1 25 63 74 2 25 2 325 57 523 0 1 2 375 40 13 0 1 2 375 30
4/4 34 0 1 0 0 42 64 0 1 0 0 67 523 0 1 0 0 36 13 0 1 0 0 27 65 3 2333 1 5 79 55 2 75 2 325 62
4/4 64 1 25 1 5 45 714 0 1 3 667 37 35 0 1 3 667 54 525 0 1 3 667 70 43 1 15 2 75 56 713 1 15 2 225 31 34 2 25 3 3667 44
4/4 714 0 1 2 75 45 64 0 1 2 75 32 35 0 1 2 75 40 65 0 1 2 125 44 715 0 1 2 125 47 46 1 25 1 15 34
4/4 65 0 1 0 0 31 715 0 1 0 0 37 46 3 167 0 0 37 64 1 5 1 35 36 714 0 1 2 375 32 525 0 1 2 375 54 24 2 25 2 375 54
4/4 72 0 1 0 0 40 64 2 275 0 0 43 714 0 1 0 0 42 525 0 1 0 0 60 24 2 375 0 0 43 43 3 667 2 75 39 713 2 25 3 1333 48 23 0 1 0 2 62 44 0 1 0 3 46 64 2 25 2 375 49
4/4 64 2 25 0 0 36 73 3 3333 3 667 26 44 3 3333 3 667 25 64 0 1 2 75 38 714 0 1 2 75 36 45 0 1 2 75 42 75 3 1333 3 2667 41 76 2 125 2 275 36
4/4 73 3 3417 0 0 29 44 0 4 0 0 30 75 3 1417 0 0 35 76 2 75 0 0 28 75 1 5 1 35 46
4/4 75 1 5 0 0 42 56 3 333 2 25 62 74 0 1 0 1 24 34 0 1 0 1 17 45 0 2 2 125 27 55 2 275 2 125 28 56 3 2667 3 1333 51
4/4 55 3 583 0 0 34 56 3 333 0 0 38 46 2 75 2 25 69 36 3 333 2 75 63 55 0 1 3 1333 29 34 0 1 3 1333 28 25 0 1 3 1333 42 24 0 1 1 15 35 25 0 1 1 15 42 56 1 15 3 1667 49
4/4 76 2 25 1 5 55 14 0 1 0 2 25 15 0 1 0 2 35 55 0 1 0 2 20 56 0 1 0 2 22 34 0 1 0 2 30 15 0 1 0 2 39
4/4 14 0 1 0 0 34 15 0 1 0 0 46 55 0 1 0 0 28 56 0 1 0 0 21 34 0 1 0 0 32 15 0 1 0 0 43 74 1 15 1 25 34 34 3 1333 3 2667 27 75 3 1333 3 2667 38
4/4 74 0 1 0 0 21 34 3 667 0 0 17 75 3 333 0 0 20 76 3 333 1 15 62 66 0 1 0 3 34 65 0 1 0 3 31 35 0 1 0 3 37 44 0 1 0 3 35
4/4 66 2 75 0 0 33 65 0 1 0 0 37 35 0 1 0 0 31 44 0 1 0 0 32 15 1 5 0 2 66 315 0 1 2 325 34 44 0 1 2 325 42 15 0 1 2 325 43 65 3 667 3 3333 34
4/4 315 0 1 0 0 33 44 0 1 0 0 31 15 0 1 0 0 38 65 3 1333 0 0 33 56 3 333 0 2 54 46 3 333 2 275 72 65 0 1 1 35 28 74 0 1 1 35 35 45 0 1 1 35 29 15 3 333 3 3667 37 46 2 25 2 375 51
4/4 65 0 1 0 0 34 74 0 1 0 0 43 45 0 1 0 0 30 15 3 1667 0 0 38 46 2 275 0 0 34 15 3 667 1 25 35 225 2 25 3 3333 47
4/4 45 0 1 0 0 39 65 0 1 0 0 44 74 3 3667 2 25 28 25 2 75 2 25 45 75 2 75 3 1667 41 75 1 5 2 325 53
4/4 56 3 333 0 0 60 56 3 2333 0 1 31 34 0 1 0 1 32 55 1 15 0 1 42 74 2 25 2 175 38 45 2 75 1 25 41 55 1 5 2 325 68 46 2 25 2 375 68
4/4 46 1 5 0 0 74 36 1 5 1 5 63 75 3 1667 0 1 25 25 2 275 2 125 39 34 2 75 2 125 26 56 2 175 2 125 63 24 2 25 0 2 52 55 0 1 3 2667 51
4/4 76 3 333 0 0 40 25 2 25 0 0 53 75 2 175 2 125 32 25 3 2667 3 1333 35 76 0 2 1 15 41 54 0 1 1 15 30 24 2 175 2 225 50 45 0 1 0 3 49
4/4 45 2 25 0 0 37 25 3 333 0 0 31 24 2 75 0 0 31 75 3 333 1 5 49 45 0 1 3 1667 32 75 0 1 2 175 38 36 0 1 2 175 39 54 0 2 0 2 42 35 3 1333 3 2667 46 25 0 1 3 3333 44 45 0 1 3 3333 48
4/4 36 2 25 2 75 74 76 2 25 1 15 58 15 0 1 0 2 43 36 0 1 0 2 46 44 0 1 2 225 38 66 0 1 2 225 55 14 2 25 0 3 50 56 2 25 2 375 47 65 2 25 2 375 37
4/4 56 3 1083 0 0 45 15 3 333 3 1333 45 65 1 15 1 25 24 15 0 1 1 25 29 56 0 1 1 25 38 73 2 75 3 2667 41 44 2 25 1 35 32
4/4 65 1 5 0 0 35 15 0 1 0 0 45 56 0 1 0 0 43 14 1 5 2 25 51 35 3 667 0 1 49 46 0 1 3 1667 48 24 0 1 3 1667 31 36 2 25 3 2333 47 36 0 1 0 3 40 55 0 1 0 3 53 33 2 75 2 325 37 73 2 25 2 375 33
4/4 36 0 1 0 0 55 55 0 1 0 0 46 73 2 25 0 0 53 44 3 667 3 667 50 54 2 75 2 125 44 74 2 75 0 2 52 35 2 25 2 275 48 55 0 1 1 35 33 34 0 1 1 35 38 74 0 1 1 35 45 75 0 1 1 35 33 56 0 1 1 35 33
4/4 55 0 1 0 0 25 34 0 1 0 0 35 74 0 1 0 0 35 75 0 1 0 0 36 56 0 1 0 0 32 65 0 1 0 1 46 15 0 1 0 1 53 35 0 1 0 1 41 44 0 1 0 1 47 66 0 1 0 1 58 75 0 1 1 25 31 45 0 1 1 25 33 54 0 1 1 25 38 36 0 1 1 25 47 76 0 1 1 25 39
4/4 15 0 1 0 0 39 36 0 1 0 0 52 56 0 1 2 25 60 16 0 1 2 25 52 63 2 75 2 25 47 34 3 667 0 1 37 14 2 75 3 1667 32 36 1 5 2 325 67
4/4 45 0 1 2 25 42 75 0 1 2 25 43 36 1 15 1 5 56 63 2 75 1 5 38 44 2 25 2 125 41 25 1 5 0 2 62 24 2 25 0 2 49 36 1 5 1 35 67
4/4 75 2 225 2 75 38 25 0 1 2 75 38 46 0 1 2 75 34 76 0 1 2 75 32 53 2 75 0 1 51 23 3 333 2 175 47 74 1 15 1 25 40
4/4 75 3 333 0 0 33 45 0 1 2 125 35 75 0 1 2 125 33 53 2 75 1 15 27 36 3 1333 1 15 45 34 1 5 2 225 39 74 3 667 0 3 48 35 3 333 3 3667 54
4/4 35 3 167 0 0 41 76 0 1 1 5 61 55 0 1 1 5 45 15 1 15 2 175 30 36 3 1667 0 2 35 43 0 1 0 2 41 76 0 1 0 2 45 13 3 333 2 275 45 66 0 1 1 35 53 64 0 1 1 35 54
4/4 14 1 5 2 25 46 56 0 1 0 1 52 15 0 1 0 1 51 65 0 1 2 225 44 15 0 1 2 225 40 73 0 1 3 2333 50 46 0 1 3 2333 52 44 2 25 2 325 42
4/4 24 2 25 0 0 52 56 2 75 0 0 54 65 3 667 3 667 55 66 3 333 3 1333 49 75 0 1 3 2667 25 25 0 1 3 2667 30 53 0 1 2 275 49 46 0 1 2 275 38 76 0 1 2 275 49 34 3 333 3 3667 51
4/4 36 2 75 3 333 57 74 2 25 3 333 57 35 1 5 0 1 44 45 2 75 2 175 45 25 2 25 1 25 43 35 0 1 0 3 33 55 0 1 0 3 53 33 3 667 3 3333 46 225 3 667 3 3333 50
4/4 73 3 333 0 0 37 35 0 1 0 0 39 55 0 1 0 0 38 33 3 83 0 0 41 225 3 333 0 0 43 54 2 75 2 75 40 74 2 75 1 15 57 35 0 1 2 225 60 34 0 1 2 225 48 14 1 5 1 35 28 35 0 1 3 3667 39 55 0 1 3 3667 50 62 2 25 2 375 39
4/4 15 2 325 0 0 47 14 2 225 0 0 33 35 0 1 0 0 38 55 0 1 0 0 55 62 2 75 0 0 36 33 3 667 3 667 39 13 1 5 3 1333 36 34 2 75 2 225 41 74 0 1 0 3 43 35 0 1 0 3 47
4/4 45 2 175 3 333 63 15 0 1 3 333 57 63 0 1 3 333 43 44 1 5 2 125 50 14 2 25 0 2 48 25 3 667 0 2 52 24 1 5 3 2667 48 45 0 1 1 35 52 15 0 1 1 35 57
4/4 74 0 1 3 667 31 24 0 1 3 667 41 45 0 1 3 667 56 52 2 75 0 1 53 75 2 175 0 1 49 22 1 5 2 175 53 73 1 5 1 25 30 24 2 75 1 25 53 23 2 75 2 325 39
4/4 44 0 1 0 0 44 35 0 1 0 0 49 54 0 1 1 15 31 75 0 1 1 15 33 35 0 1 1 15 34 13 0 1 1 15 32 74 0 1 1 15 44
4/4 224 0 1 1 5 30 315 0 1 1 5 42 55 0 1 1 5 54 314 0 1 1 5 36 15 0 1 1 5 56 14 0 1 0 2 31 35 0 1 0 2 37 43 0 1 3 2333 40 65 0 1 3 2333 47 13 2 25 2 375 33 75 2 25 2 375 59
4/4 13 1 5 0 0 40 75 3 83 0 0 57 15 0 1 2 125 59 64 0 1 2 125 42 44 0 1 1 25 38 14 0 1 1 25 41 315 2 125 2 275 39 65 0 1 2 275 44 36 0 1 2 275 48
4/4 44 0 1 0 0 30 14 0 1 0 0 42 315 2 175 0 0 44 15 0 1 1 5 51 65 3 667 2 225 37
4/4 35 2 375 0 0 41 64 0 1 0 0 31 55 0 1 0 0 39 73 0 1 0 0 21 525 1 5 1 35 46
4/4 44 0 3 0 1 22 73 0 1 0 1 29 64 0 1 0 1 21 45 0 1 0 1 33 14 2 275 2 125 27
4/4 44 3 1667 0 0 23 73 0 1 0 0 25 64 0 1 0 0 22 45 0 1 0 0 44 14 1 5 0 0 9 74 0 1 0 2 43 55 2 25 2 275 59 55 3 333 3 3667 48 33 2 25 2 375 30
4/4 55 3 2917 0 0 60 33 1 5 0 0 32 73 1 35 1 5 30 54 0 1 2 125 38 74 3 1667 0 2 42 45 0 1 2 275 51 35 1 5 1 35 65
4/4 74 2 325 0 0 38 24 3 3333 2 25 43 55 0 2 2 25 63 33 0 1 2 25 35 23 2 25 0 1 38 54 2 125 2 175 46 75 3 333 1 35 52
4/4 74 3 2333 2 75 41 14 2 325 2 75 47 33 2 75 0 1 33 55 0 3 0 1 38 13 2 225 2 175 26 54 3 1333 3 2667 51
4/4 14 2 25 0 0 30 13 3 417 0 0 30 55 2 375 0 0 47 54 3 333 0 0 45 74 2 175 2 175 33 33 0 1 2 175 29 73 1 15 1 25 28 54 3 667 3 3333 44
4/4 54 3 667 0 0 48 73 3 1833 0 0 30 74 0 1 0 1 64 75 2 25 2 175 66 64 0 1 3 2333 36 43 0 1 3 2333 45 35 0 1 1 25 53 65 0 1 1 25 60 13 3 667 3 3333 35
4/4 13 3 2667 0 0 44 35 0 1 0 0 58 65 0 1 0 0 58 64 0 1 2 25 47 14 2 75 2 175 44 14 3 667 3 3333 46 64 3 667 3 3333 52 43 1 5 1 35 28
4/4 14 3 2583 0 0 48 64 3 833 0 0 43 43 1 5 0 0 35 13 0 3 2 25 38 314 1 15 0 1 40 64 1 15 3 1667 64 55 2 75 1 25 61 45 2 25 2 325 55
4/4 45 0 2 0 0 39 14 3 1667 0 0 32 64 0 1 0 0 51 73 1 35 0 0 40 44 3 2333 2 75 45 64 2 175 2 175 39 14 1 5 1 35 46
4/4 44 0 1 2 75 38 64 0 1 2 75 45 72 2 75 0 1 29 24 2 125 2 125 51 43 2 75 0 2 48 23 2 75 2 275 34 44 1 5 1 35 38
4/4 44 2 25 0 0 44 75 2 75 2 25 45 74 1 5 3 333 40 56 3 333 0 1 53 55 2 225 2 175 41 33 0 1 2 175 36 56 0 2 0 2 38 73 3 667 3 2667 39 54 3 667 3 3333 44
4/4 55 1 5 0 0 40 54 3 83 0 0 37 56 3 333 0 0 47 46 1 5 0 1 56 36 1 5 2 175 77 55 2 175 2 225 39 25 0 1 1 25 49 56 0 1 1 25 57 33 3 667 1 25 47 23 2 25 3 3333 53
4/4 74 2 125 0 0 50 55 2 25 0 0 39 25 0 1 0 0 60 56 0 1 0 0 59 76 1 5 2 175 68 75 0 1 0 3 30 25 0 1 0 3 29 46 0 1 0 3 41 76 3 667 3 3333 36 53 3 667 3 3333 30
4/4 23 1 5 0 0 40 75 0 1 0 0 33 25 0 1 0 0 34 46 0 1 0 0 47 76 3 1333 0 0 42 74 3 1667 0 1 30 45 2 75 1 25 30 45 0 1 2 375 24 75 0 1 2 375 37
4/4 53 0 1 0 0 31 36 0 1 0 0 38 45 0 1 0 0 39 75 0 1 0 0 32 34 1 25 0 1 35 25 0 1 3 1667 44 74 0 1 3 1667 36 75 1 5 1 35 50
4/4 75 1 5 0 0 48 64 0 1 2 75 35 14 0 1 2 75 56 43 0 1 0 1 51 65 0 1 0 1 51 13 2 75 0 2 33 34 2 25 2 275 42 55 2 125 2 275 52
4/4 55 3 417 0 0 60 14 1 5 3 333 58 64 2 225 2 175 30 14 2 225 2 175 32 55 3 1333 0 2 56 72 2 75 0 2 35 43 3 333 0 3 48 45 2 25 2 375 34
4/4 23 1 25 0 0 30 14 3 83 0 0 49 45 2 125 0 0 49 75 1 5 1 25 78 14 0 1 0 3 50 35 0 1 0 3 51 55 0 1 0 3 51 62 3 667 3 3333 55 15 1 5 1 35 59
4/4 62 3 83 0 0 41 15 2 75 0 0 77 33 1 5 2 25 39 65 3 667 0 1 66 13 3 333 0 1 40 55 0 1 3 2667 50 34 0 1 3 2667 40 14 2 25 3 3333 51
4/4 64 0 1 0 0 45 14 0 1 0 0 43 55 0 1 0 0 52 72 2 75 2 25 43 43 3 333 0 1 31 45 2 175 0 2 40 23 2 75 0 2 43
4/4 35 1 25 0 1 40 36 0 1 0 2 51 63 0 1 0 2 28 715 0 1 0 2 46 34 2 75 0 3 54 225 0 1 3 3667 57 75 0 1 3 3667 50 74 0 1 3 3667 44
4/4 225 0 1 0 0 59 75 0 1 0 0 63 74 0 1 0 0 49 35 0 1 1 5 59 715 1 5 2 125 54 714 0 1 2 275 31 35 0 1 2 275 44 525 0 1 2 275 35 62 0 1 2 275 39 75 1 5 0 3 45 33 2 25 2 375 43
4/4 33 3 83 0 0 43 713 1 5 2 75 32 65 0 1 2 75 40 35 0 1 2 75 49 75 0 1 2 275 24 34 0 1 2 275 24 35 0 1 2 275 33
4/4 54 0 1 3 2667 30 24 0 1 3 2667 40 55 0 1 3 2667 28 32 3 1333 3 2667 38
4/4 72 2 75 0 0 24 54 0 1 0 0 22 24 0 1 0 0 26 55 0 1 0 0 39 32 3 167 0 0 46 53 2 75 0 1 37 73 3 667 2 175 40 44 2 75 3 2667 38 34 1 5 1 35 42
4/4 34 2 25 0 0 44 74 0 1 1 5 29 54 3 1667 3 1333 26 24 0 1 3 2333 23 74 3 667 3 3333 31
4/4 74 3 333 0 0 36 45 2 175 1 5 46 24 2 225 2 175 30
4/4 25 0 1 0 0 31 55 0 1 0 0 28 24 2 75 0 0 43
