4/4 33 3 3333 3 667 57 63 2 125 2 275 72
4/4 33 3 2667 0 0 58 63 3 3083 0 0 75 34 1 15 2 125 62
4/4 34 3 1333 1 5 77 312 3 333 1 5 40 33 0 1 1 15 34 62 0 1 1 15 38 711 0 1 1 15 47 223 2 25 3 2667 77 522 1 5 1 35 61
4/4 522 3 1167 0 0 62 523 0 1 1 5 53 222 0 1 1 5 50 71 0 1 1 5 55 713 0 1 1 5 73 71 0 1 1 5 46 73 3 667 0 2 78 33 1 5 1 25 70 62 3 1333 3 2667 39 523 3 667 0 3 54 712 0 1 1 35 34 32 0 1 1 35 35 63 1 5 1 35 53
4/4 62 3 667 0 0 44 712 0 1 0 0 38 32 0 1 0 0 30 63 2 225 0 0 46 32 1 5 1 15 56 712 0 1 1 25 65 32 0 1 1 25 68 63 3 667 0 3 78 713 2 25 3 3333 82 34 2 25 2 375 83
4/4 524 0 1 3 333 85 31 0 1 3 333 45 222 0 1 3 1333 40 72 0 1 3 1333 43 522 0 1 3 1333 40 34 3 333 3 2667 66 44 2 75 2 325 72 71 1 5 2 325 65
4/4 44 0 1 0 0 74 43 0 1 2 25 37 73 0 1 2 25 42 42 0 1 2 25 34 221 0 1 2 25 53 223 2 25 1 15 69 63 0 1 0 2 50 72 0 1 0 2 67 32 0 2 0 2 57 34 0 2 0 2 67 72 0 1 0 3 45 32 0 1 0 3 51
4/4 62 2 25 0 0 38 63 0 1 0 0 44 42 0 1 0 0 56 32 2 25 0 0 54 34 0 2 0 0 69 72 0 1 2 125 44 31 0 1 2 125 42 53 0 1 2 125 36 32 0 1 2 125 44 33 3 667 2 275 87 63 3 667 3 3333 73 34 2 25 2 375 93
4/4 312 3 333 2 25 56 34 2 125 2 25 60 33 0 1 2 125 59 712 0 1 2 125 53 61 0 1 2 125 42 223 3 333 2 225 63 522 0 1 0 3 53
4/4 523 0 1 0 0 50 222 0 1 0 0 54 713 0 1 0 0 55 71 0 1 0 0 48 73 3 667 1 15 81 33 1 5 0 2 63 62 2 175 0 2 62 523 3 667 1 25 58 712 0 1 0 3 49 32 0 1 0 3 32 63 0 1 0 3 55
4/4 63 0 2 0 0 64 32 0 2 2 75 64 712 0 1 2 175 65 32 0 1 2 175 65 63 3 667 2 225 90 713 2 25 3 2667 83 34 2 25 0 3 80 32 0 1 3 3667 52 523 0 1 3 3667 81
4/4 32 0 1 0 0 50 523 0 1 0 0 75 72 0 1 1 5 44 523 0 1 1 5 55 221 0 1 1 5 48 313 0 1 2 225 64 63 0 1 2 225 53 712 0 1 2 225 45 223 0 1 2 225 74 221 0 1 2 225 53 34 0 1 3 3333 62 523 0 1 3 3333 58 73 0 1 3 3333 72 222 0 1 3 3333 58 31 0 1 3 3333 50
4/4 34 0 1 0 0 60 523 0 1 0 0 68 73 0 1 0 0 65 222 0 1 0 0 38 31 0 1 0 0 59 524 2 25 0 1 67 712 0 1 1 15 50 223 0 1 1 15 73 313 0 1 1 15 69 221 0 1 1 15 50 62 0 1 1 15 53 34 0 1 3 2333 76 523 0 1 3 2333 67 73 0 1 3 2333 81 222 0 1 3 2333 61 31 0 1 3 2333 47
4/4 524 2 25 0 0 67 222 0 1 1 5 41 523 0 1 1 5 72 713 0 1 1 5 65 521 0 1 1 5 42 73 2 25 1 15 62 222 0 1 3 2333 61 33 0 1 3 2333 63 72 0 1 3 2333 45 31 0 1 3 2333 39 523 3 333 0 3 53 222 0 1 2 325 46 32 0 1 2 325 58 63 1 5 1 35 60 61 1 5 1 35 45
4/4 63 2 375 0 0 58 222 0 1 0 0 49 32 0 1 0 0 61 61 1 15 0 0 54 32 0 1 3 333 54 72 0 1 3 1333 47 221 0 1 3 1333 37 712 0 1 3 2333 42 32 0 1 3 2333 32 62 0 1 3 2333 38 61 0 1 3 2333 33
4/4 312 3 667 1 15 56 34 2 125 1 15 88 33 0 1 1 25 50 712 0 1 1 25 58 61 0 1 1 25 38 223 0 1 1 25 72 33 0 1 3 3333 52 712 0 1 3 3333 64 61 0 1 3 3333 55 34 3 667 3 3333 78
4/4 34 3 583 0 0 74 63 2 125 3 333 81 711 2 25 3 333 47 33 0 1 3 1333 36 223 0 1 3 1333 71 712 0 1 3 1333 47 61 0 1 3 1333 46 713 0 1 2 275 54 222 0 1 2 275 69 713 2 25 0 3 81 711 0 1 2 325 55 72 0 1 2 325 86
4/4 711 0 1 0 0 59 72 0 1 0 0 73 72 0 1 2 25 54 522 0 1 2 25 52 31 0 1 2 25 50 63 0 1 2 25 63 72 0 1 0 1 58 32 0 1 0 1 50 521 0 1 0 1 52 73 0 1 2 125 63 521 1 5 0 2 50 33 0 2 0 2 62 522 0 1 2 325 47 72 0 1 2 325 39 31 0 1 2 325 33
4/4 33 2 25 3 667 79 312 3 667 2 125 66 34 0 1 2 125 72 33 0 1 0 2 50 62 0 1 0 2 53 711 0 1 0 2 42 223 2 75 2 225 83 33 0 1 0 3 71 712 0 1 0 3 53 61 0 1 0 3 43 34 0 1 0 3 83
4/4 63 0 2 0 0 70 711 2 25 0 0 53 33 0 1 0 1 45 712 0 1 0 1 53 223 0 1 0 1 58 61 0 1 0 1 43 713 2 25 1 25 58 223 0 1 3 2667 81 712 0 1 3 2667 70 73 0 1 0 3 79 31 0 1 0 3 55
4/4 522 0 1 0 0 47 222 0 1 0 0 56 71 0 1 0 0 55 73 0 1 0 0 87 31 0 1 0 0 53 222 0 1 0 1 63 72 0 1 0 1 65 521 0 1 0 1 58 713 0 1 2 175 79 713 0 1 2 175 86 71 3 333 0 2 66 32 0 1 0 3 45 222 0 1 0 3 54 522 0 1 0 3 60 71 0 1 0 3 53
4/4 223 0 1 0 0 83 223 0 1 0 0 90 34 0 1 3 667 65 64 0 1 3 667 60 714 0 1 3 667 74 34 0 1 3 667 80 312 1 5 2 75 61 33 0 1 2 175 58 62 0 1 2 175 52 711 0 1 2 175 42 712 0 1 2 275 54 62 0 1 2 275 69 32 0 1 2 275 67 522 0 1 3 3667 60 223 0 1 3 3667 89
4/4 522 0 1 0 0 55 223 0 1 0 0 83 35 1 5 2 25 70 523 0 1 3 667 47 525 0 1 3 667 59 524 0 1 3 667 64 222 0 1 3 667 41 71 0 1 3 667 42 35 2 25 0 2 96 34 0 1 1 25 68 524 0 1 1 25 77 62 0 1 1 25 69 223 0 1 1 25 71 714 1 5 1 35 90 63 0 1 1 35 55 712 0 1 1 35 59 32 0 1 1 35 39
4/4 714 2 75 0 0 100 63 0 1 1 5 72 712 0 1 1 5 48 32 0 1 1 5 45 64 1 5 0 1 72 32 3 333 1 15 61 714 0 1 1 15 76 33 0 1 1 15 67 63 0 1 1 25 50 712 0 1 1 25 57 32 0 1 1 25 39 714 1 5 1 35 99
4/4 224 3 333 0 0 82 714 3 167 0 0 102 34 0 1 3 333 73 64 0 1 3 333 62 714 0 1 3 333 86 34 0 1 3 333 67 312 3 333 1 5 77 33 0 1 3 1333 53 712 0 1 3 1333 53 61 0 1 3 1333 53 712 0 1 3 2333 65 33 0 1 3 2333 62 61 0 1 3 2333 52 522 0 1 2 325 59 223 0 1 2 325 84 35 3 333 3 3667 72
4/4 35 3 167 0 0 74 523 0 1 2 25 55 525 0 1 2 25 77 74 0 1 2 25 58 524 0 1 2 25 73 222 0 1 2 25 50 71 0 1 2 25 54 35 1 5 3 1667 86 62 2 25 0 2 60 62 3 667 2 225 61 714 0 1 2 225 86 33 0 1 2 225 84 63 0 1 0 3 62 712 0 1 0 3 52 32 0 1 0 3 59
4/4 32 2 25 0 0 47 714 0 1 0 0 78 33 0 1 0 0 67 61 2 25 2 125 49 714 2 25 3 2667 93 74 2 25 0 3 94 34 1 5 1 35 88
4/4 524 1 15 0 0 94 612 1 5 0 0 64 34 3 167 0 0 75 63 0 1 0 1 64 222 0 1 0 1 57 312 0 1 0 1 63 63 0 1 0 2 53 64 0 1 0 2 73 223 0 1 0 2 71 313 0 1 0 2 55 221 0 1 0 2 58 223 0 1 2 275 78 64 0 1 2 275 70 313 0 1 2 275 69 312 3 333 0 3 76
4/4 63 0 1 0 0 61 313 0 1 0 0 50 221 0 1 0 0 44 64 2 25 2 75 96 714 2 25 3 1333 102 224 0 1 2 175 91 64 0 1 2 175 59 33 0 1 2 175 70 62 1 5 2 175 63 63 0 1 2 275 55 712 0 1 2 275 57 32 0 1 2 275 53 714 1 5 2 325 94 34 0 1 3 3667 78 224 0 1 3 3667 78 63 0 1 3 3667 72
4/4 34 0 1 3 333 61 63 0 1 3 333 62 74 0 1 3 667 79 34 0 1 3 667 78 31 2 25 3 667 75 64 0 1 1 15 63 72 0 1 1 15 71 61 0 1 1 15 65 34 2 25 3 1667 78 74 0 1 1 25 70 32 0 1 1 25 57 35 0 1 1 35 60 63 0 1 1 35 59 63 0 1 1 35 59 72 0 1 1 35 59
4/4 63 0 1 0 0 49 72 0 1 0 0 44 65 0 1 1 5 65 74 1 5 1 5 53 34 2 25 1 5 59 35 0 1 3 1333 45 74 0 1 3 1333 55 64 2 125 3 1333 47 35 0 1 3 2333 54 54 0 1 3 2333 42 74 0 1 3 2333 42 35 0 1 3 2333 61
4/4 33 2 25 3 1333 87 63 3 333 2 225 93 34 2 25 2 325 96
4/4 34 3 1333 0 0 101 311 2 25 2 25 68 712 0 1 0 1 52 33 0 1 0 1 50 62 0 1 0 1 58 311 0 1 0 1 43 223 2 25 0 2 76 521 2 25 0 3 61
4/4 523 0 1 0 0 51 522 0 1 0 0 45 222 0 1 0 0 52 71 0 1 0 0 50 713 0 1 0 0 86 522 0 1 0 0 64 222 0 1 0 0 52 71 0 1 0 0 43 73 3 667 1 15 86 61 0 1 0 2 74 32 0 1 0 2 78 523 1 5 3 2333 73 712 0 1 2 275 57 31 0 1 2 275 46 33 0 1 0 3 70 62 0 1 0 3 77
4/4 33 0 1 0 0 70 62 0 1 0 0 70 31 2 25 3 667 69 33 0 1 3 1667 66 712 0 1 3 1667 63 61 0 1 3 1667 60 63 3 667 0 2 77 713 2 25 1 25 79 34 2 25 0 3 97 524 0 1 1 35 80 31 0 1 1 35 68
4/4 524 0 1 0 0 85 31 0 1 0 0 63 523 0 1 3 333 52 73 0 1 3 333 67 72 0 1 3 333 50 221 0 1 3 333 40 313 0 1 2 225 68 63 0 1 2 225 54 223 0 1 2 225 69 712 0 1 2 225 49 221 0 1 2 225 55 34 0 1 2 325 80 523 0 1 2 325 77 72 0 1 2 325 76 222 0 1 2 325 64 73 0 1 2 325 66 31 0 1 2 325 62
4/4 34 0 1 0 0 77 523 0 1 0 0 73 72 0 1 0 0 78 222 0 1 0 0 72 73 0 1 0 0 67 31 0 1 0 0 60 524 2 25 3 667 91 223 0 1 2 125 86 712 0 1 2 125 77 313 0 1 2 125 84 63 0 1 2 125 79 221 0 1 2 125 66 34 0 1 2 225 88 523 0 1 2 225 80 222 0 1 2 225 74 73 0 1 2 225 71 31 0 1 2 225 71 524 2 25 3 3667 93
4/4 713 0 1 2 25 65 523 0 1 2 25 66 222 0 1 2 25 67 521 0 1 2 25 50 522 0 1 2 25 50 521 0 1 2 25 49 73 2 25 2 125 70 222 0 1 0 2 61 32 0 1 0 2 49 72 0 1 0 2 53 32 0 1 0 2 58 523 3 333 3 2667 63 63 0 1 0 3 64 222 0 1 0 3 61 32 0 1 0 3 80 61 0 1 0 3 60
4/4 32 0 1 0 0 50 63 3 3333 0 0 70 61 3 667 0 0 72 222 0 1 0 1 39 71 0 1 0 1 51 62 0 1 0 2 35 712 0 1 0 2 50 32 0 1 0 2 44 32 0 1 0 2 40 61 0 1 0 2 36
4/4 312 1 5 3 1333 55 35 0 1 2 225 84 33 0 1 2 225 54 62 0 1 2 225 56 711 0 1 2 225 55 33 0 1 2 325 60 62 0 1 2 325 58 711 0 1 2 325 47 35 2 25 3 3667 89
4/4 35 3 1333 0 0 81 711 2 25 0 0 66 712 0 1 0 1 40 62 0 1 0 1 61 32 0 1 0 1 32 224 2 25 1 15 73 35 3 333 0 2 78 65 2 25 3 2333 82 522 1 5 2 275 63 35 0 1 0 3 79 523 0 1 2 375 54 222 0 1 2 375 56 71 0 1 2 375 59 224 2 25 2 375 72
4/4 523 0 1 0 0 51 222 0 1 0 0 39 71 0 1 0 0 49 224 2 125 0 0 71 523 0 1 2 75 65 222 0 1 2 75 53 71 0 1 2 75 38 14 3 667 2 125 69 224 0 2 3 1667 72 221 2 25 2 175 61 222 0 1 3 2667 54 523 0 1 3 2667 41 71 0 1 3 2667 37
4/4 32 1 5 1 5 71 223 0 1 0 1 64 523 0 1 0 1 54 74 0 1 3 1333 66 222 0 1 3 1333 57 523 0 1 3 1333 56 71 0 1 3 1333 47 224 2 75 3 1333 98 523 0 1 2 225 78 222 0 1 2 225 58 71 0 1 2 225 54 224 2 25 2 275 79 224 2 75 2 325 85 71 2 25 2 325 61
4/4 224 3 583 0 0 71 523 0 1 2 25 57 222 0 1 2 25 65 71 0 1 2 25 45 714 3 667 3 667 85 224 1 5 2 125 81 525 1 5 1 15 81 224 0 1 0 2 75 61 0 1 0 2 53 523 0 1 0 3 52 712 0 1 0 3 58 32 0 1 0 3 47 714 0 1 0 3 80 33 0 1 0 3 64 523 0 1 2 375 59 712 0 1 2 375 58 32 0 1 2 375 36
4/4 714 0 1 0 0 62 33 0 1 0 0 58 74 2 25 3 333 65 32 2 25 2 75 59 714 0 1 2 75 57 33 0 1 2 75 70 523 0 1 2 175 46 33 0 1 2 175 38 711 0 1 2 175 38 64 2 25 2 275 81 74 3 333 2 325 97 713 0 1 3 3667 57 314 0 1 3 3667 61 64 0 1 3 3667 66 713 0 1 3 3667 67 221 2 25 2 375 62
4/4 713 0 1 0 0 53 314 0 1 0 0 70 64 0 1 0 0 69 713 0 1 0 0 83 313 0 1 3 667 60 712 0 1 3 667 48 61 0 1 3 667 47 714 3 333 2 125 101 313 0 1 3 1667 57 714 0 1 3 1667 90 712 0 1 3 1667 48 61 0 1 3 1667 52 714 2 25 0 2 73 61 2 25 1 25 68 74 3 667 1 25 83 313 0 1 1 35 46 714 0 1 1 35 67 62 0 1 1 35 54 314 0 1 1 35 57 711 0 1 1 35 60
4/4 64 2 25 1 5 93 74 3 333 0 1 86 714 0 1 3 1333 75 34 0 1 3 1333 76 523 0 1 3 1333 72 32 2 25 3 1333 58 523 0 1 3 2333 73 712 0 1 3 2333 52 221 0 1 3 2333 57 714 2 25 2 275 107 523 0 1 2 325 82 222 0 1 2 325 57 714 0 1 2 325 88 711 0 1 2 325 50 714 3 333 3 3667 66
4/4 711 2 25 2 25 65 74 3 667 2 25 78 223 0 1 2 75 66 523 0 1 2 75 59 714 0 1 0 1 87 523 0 1 0 1 65 222 0 1 0 1 46 711 0 1 0 1 44 64 2 25 0 2 102 74 2 25 1 25 92 314 0 1 0 3 49 64 0 1 0 3 76 713 0 1 0 3 76 611 2 25 0 3 66
4/4 63 0 1 0 0 74 612 0 1 0 0 49 313 0 1 0 0 59 221 0 1 0 0 56 714 0 1 3 333 85 314 0 1 3 333 81 63 0 1 3 333 64 714 0 1 0 1 89 611 0 1 0 1 58 714 2 25 3 1333 88 312 0 1 2 175 70 713 0 1 2 175 90 64 0 1 3 2667 59 224 0 1 3 2667 72 313 0 1 3 2667 57 222 0 1 3 2667 41 524 0 1 3 2667 82 63 0 1 2 275 62 313 0 1 2 275 61 222 0 1 2 275 58 524 0 1 2 275 78 612 2 25 3 3667 57
4/4 714 2 25 0 0 85 64 0 1 1 5 81 71 0 1 1 5 68 224 0 1 1 5 77 71 0 1 1 5 64 63 0 1 1 15 41 313 0 1 1 15 58 221 0 1 1 15 59 314 1 5 0 2 64 64 1 5 3 2333 65 224 3 333 2 275 58 33 0 1 3 3333 34 73 0 1 3 3333 34 53 0 1 3 3333 33 34 1 5 1 35 24 74 0 1 3 3667 46 34 0 1 3 3667 50
4/4 33 0 1 0 0 28 73 0 1 0 0 41 53 0 1 0 0 39 34 3 1167 0 0 35 74 0 1 0 0 51 34 0 1 0 0 45 33 0 1 0 3 89 33 0 1 0 3 79
4/4 63 0 1 0 0 62 63 0 1 0 0 94 34 0 1 0 1 72 34 0 1 0 1 85 35 0 1 2 175 93 63 0 1 2 175 90 312 2 25 2 175 73 33 0 1 2 275 55 712 0 1 2 275 45 61 0 1 2 275 55 33 0 1 3 3667 77 224 0 1 3 3667 103 62 0 1 3 3667 56 711 0 1 3 3667 59
4/4 522 3 333 3 667 68 523 0 1 1 15 62 222 0 1 1 15 55 71 0 1 1 15 49 714 0 1 1 15 86 524 0 1 1 15 70 222 0 1 1 15 72 522 2 25 1 25 67 74 3 333 0 3 91 62 0 1 3 3333 68 33 0 1 3 3333 87
4/4 524 3 333 0 0 76 63 0 1 3 333 70 712 0 1 3 333 57 32 0 1 3 333 48 64 0 1 3 333 67 712 0 1 3 333 85 63 0 1 3 1333 64 33 0 1 3 1333 69 711 0 1 3 1333 55 32 2 25 2 225 75 63 0 1 2 325 66 712 0 1 2 325 71 32 0 1 2 325 70 64 3 333 3 3667 75
4/4 714 2 25 0 0 90 35 2 25 1 5 77 525 2 175 0 1 98 32 3 333 0 1 72 222 0 1 0 2 40 522 0 1 0 2 51 71 0 1 0 2 46 222 0 1 0 3 81 522 0 1 0 3 74 71 0 1 0 3 50 35 2 25 3 3333 94 71 2 25 2 375 69
4/4 45 0 2 0 0 84 73 0 1 2 75 64 222 0 1 2 75 48 42 0 1 2 75 60 72 2 25 2 175 49 224 0 1 2 225 82 43 0 1 2 225 71 32 2 25 3 2667 73 35 0 1 3 2667 83 34 0 1 3 2667 90 74 0 1 3 2667 81 63 0 1 3 2667 74 62 0 1 3 3667 63 33 0 1 3 3667 63 71 0 1 3 3667 54
4/4 64 0 1 1 5 71 34 0 1 1 5 60 63 0 1 1 5 53 72 0 1 1 5 69 54 0 1 1 15 50 73 0 1 1 15 50 53 0 1 1 15 31 32 0 1 1 15 41 33 3 333 2 325 78 63 2 25 3 3667 89
4/4 34 2 25 0 0 90 312 3 333 1 5 84 34 2 125 1 5 89 33 0 1 1 15 54 712 0 1 1 15 49 61 0 1 1 15 59 33 0 1 3 2333 68 223 0 1 3 2333 91 62 0 1 3 2333 65 711 0 1 3 2333 66 522 3 667 3 3333 74
4/4 523 0 1 2 25 66 222 0 1 2 25 64 71 0 1 2 25 51 713 0 1 2 25 81 221 3 333 2 125 69 73 3 333 3 1667 96 61 2 25 0 2 69 33 1 5 2 225 84 523 2 25 3 2667 80 712 0 1 0 3 65 31 0 1 0 3 51 63 0 1 0 3 91 32 0 1 0 3 90
4/4 712 0 1 0 0 79 31 0 1 0 0 79 63 0 1 0 0 77 32 0 1 0 0 74 31 2 25 0 1 85 33 0 1 2 175 83 712 0 1 2 175 77 61 0 1 2 175 67 63 2 25 3 2333 88 713 2 25 2 275 82 34 2 25 2 325 97 32 0 1 2 375 78 523 0 1 2 375 87
4/4 32 0 1 0 0 84 523 0 1 0 0 90 222 0 1 3 667 65 72 0 1 3 667 64 523 0 1 3 667 63 72 0 1 3 667 54 313 0 1 1 25 81 712 0 1 1 25 68 223 0 1 1 25 81 221 0 1 1 25 71 62 0 1 1 25 78 222 0 1 1 35 68 34 0 1 1 35 86 523 0 1 1 35 87 32 0 1 1 35 71 72 0 1 1 35 73
4/4 222 0 1 0 0 60 34 0 1 0 0 90 523 0 1 0 0 83 32 0 1 0 0 72 72 0 1 0 0 74 524 2 25 0 1 95 313 0 1 1 15 74 223 0 1 1 15 76 712 0 1 1 15 79 63 0 1 1 15 64 221 0 1 1 15 76 222 0 1 1 25 68 34 0 1 1 25 89 523 0 1 1 25 73 32 0 1 1 25 66 72 0 1 1 25 74
4/4 524 2 25 0 0 89 222 0 1 1 5 67 522 0 1 1 5 60 713 0 1 1 5 77 522 0 1 1 5 82 73 2 25 1 15 88 72 0 1 3 2333 73 222 0 1 3 2333 88 32 0 1 3 2333 56 32 0 1 3 2333 59 523 2 25 2 275 78 61 0 1 3 3333 60 221 0 1 3 3333 83 63 3 667 3 3333 77 33 3 667 3 3333 60
4/4 61 0 1 0 0 69 221 0 1 0 0 93 63 3 1083 0 0 65 33 3 833 0 0 61 32 2 125 3 333 52 72 1 5 2 75 83 222 3 333 2 125 98 33 2 125 3 1667 71 712 1 5 2 225 58 32 0 1 2 225 46 61 0 1 2 225 52
4/4 32 0 1 0 0 41 61 0 1 0 0 53 35 2 25 2 25 102 34 0 1 0 1 71 64 0 1 0 1 71 714 0 1 0 1 91 34 0 1 0 1 89 312 0 1 2 125 81 311 0 1 2 125 74 33 0 1 0 2 70 312 0 1 0 2 56 712 0 1 0 2 54 224 0 1 0 2 80 61 0 1 0 2 57 33 0 1 0 3 57 712 0 1 0 3 67 311 0 1 0 3 47 35 0 1 0 3 82
4/4 711 0 1 0 0 52 711 0 1 0 0 63 64 0 1 0 0 78 33 0 1 2 75 65 712 0 1 2 75 67 61 0 1 2 75 64 224 0 1 2 75 96 714 0 1 3 2333 49 223 0 1 3 2333 73 714 0 1 3 2667 100 711 0 1 3 2667 70 711 0 1 3 2667 70 74 0 1 2 275 73 72 0 1 3 3667 63 64 0 1 3 3667 78 522 0 1 3 3667 64 31 0 1 3 3667 73
4/4 72 0 1 1 5 77 522 0 1 1 5 61 31 0 1 1 5 53 74 2 225 3 667 92 521 0 1 1 15 66 521 0 1 1 15 61 34 0 1 1 15 76 72 0 1 1 15 82 72 0 1 1 25 47 522 0 1 1 25 47 31 0 1 1 25 48
4/4 34 2 175 0 0 90 311 2 25 1 5 71 35 0 1 1 5 102 33 0 1 3 1333 59 224 0 1 3 1333 80 712 0 1 3 1333 59 61 0 1 3 1333 70 33 0 1 2 225 66 712 0 1 2 225 72 61 0 1 2 225 63 35 0 1 2 225 106 711 0 1 2 325 77 711 0 1 2 325 80 64 2 75 2 325 78
4/4 64 2 25 0 0 74 33 0 1 2 25 69 224 0 1 2 25 93 712 0 1 2 25 58 61 0 1 2 25 54 714 0 1 1 15 66 223 0 1 1 15 75 714 0 1 2 175 70 31 0 1 2 175 77 74 0 2 0 2 93 222 0 1 0 3 76 32 0 1 0 3 72 522 0 1 0 3 68 71 0 1 0 3 60 222 0 1 2 375 80 32 0 1 2 375 70 522 0 1 2 375 74 71 0 1 2 375 58
4/4 223 0 1 1 5 55 524 0 1 1 5 70 713 0 1 1 5 88 71 0 1 3 667 87 71 0 1 3 667 88 222 0 1 3 1667 76 32 0 1 3 1667 54 522 0 1 3 1667 58 71 0 1 3 1667 47 223 0 1 3 2667 92 524 0 1 3 2667 66 223 0 1 3 2667 79 34 0 1 3 3333 66 64 0 1 3 3333 71 714 0 1 3 3333 84 34 0 1 3 3333 88 311 0 1 1 35 66 311 0 1 1 35 82
4/4 34 0 1 0 0 80 64 0 1 0 0 64 714 0 1 0 0 76 34 0 1 0 0 88 33 0 1 1 5 73 312 0 1 1 5 60 712 0 1 1 5 53 61 0 1 1 5 60 33 0 1 3 1333 70 712 0 1 3 1333 60 312 0 1 3 1333 56 61 0 1 3 1333 64 521 0 1 3 2333 83 522 0 1 3 2333 89 223 0 1 3 2333 77 223 0 1 3 2333 92 35 0 1 2 275 71 33 0 1 2 275 71 523 0 1 2 325 75 522 0 1 2 325 70 222 0 1 2 325 60 71 0 1 2 325 45 524 0 1 3 3333 104 524 0 1 3 3333 79
4/4 522 0 1 2 25 70 521 0 1 2 25 84 34 0 1 3 667 81 34 0 1 3 667 86 61 0 1 0 1 72 61 0 1 0 1 74 224 0 1 0 1 94 33 0 1 0 1 75 524 0 1 0 1 78 33 0 1 0 1 71 523 0 1 0 2 76 62 0 1 0 2 65 33 0 1 0 2 54 711 0 1 0 2 41 714 0 1 0 2 87 524 0 1 0 2 79 33 0 1 0 2 78 62 0 1 0 3 49 712 0 1 0 3 58 523 0 1 0 3 58 32 0 1 0 3 52 64 2 25 3 3333 94 31 0 1 2 375 75 31 0 1 2 375 67
4/4 714 0 1 0 0 96 33 0 1 0 0 77 523 0 1 0 1 62 33 0 1 0 1 65 711 0 1 0 1 56 34 1 5 3 1333 92 714 0 1 2 175 91 61 0 1 2 175 61 224 2 25 2 225 100 34 0 1 2 275 87 714 0 1 2 275 95 64 0 1 2 275 72 34 0 1 2 275 85 311 0 1 2 275 76 311 0 1 2 275 87 33 0 1 3 3667 66 312 0 1 3 3667 78 62 0 1 3 3667 53 711 0 1 3 3667 66
4/4 34 0 1 0 0 85 714 0 1 0 0 94 64 0 1 0 0 74 34 0 1 0 0 90 33 0 1 1 5 75 712 0 1 1 5 60 312 0 1 1 5 60 61 0 1 1 5 69 35 2 25 0 1 101 521 0 1 1 15 79 522 0 1 1 15 90 223 0 1 1 15 90 35 2 25 0 2 96 522 0 1 1 25 77 523 0 1 1 25 82 72 0 1 1 25 91 74 0 1 1 25 72 525 0 1 1 25 81 224 0 1 1 25 70 221 0 1 1 25 66 524 0 1 1 25 73 74 0 1 1 25 78 525 0 1 1 25 86 223 0 1 1 25 86 522 0 1 3 3333 94 521 0 1 3 3333 75 35 2 25 2 375 91
4/4 61 0 1 2 25 77 61 0 1 2 25 70 34 0 1 2 25 80 714 0 1 2 25 84 63 0 1 2 25 73 713 0 1 2 125 86 32 0 1 2 125 71 63 0 1 2 225 66 711 0 1 2 225 56 33 0 1 2 325 49 712 0 1 2 325 60 61 0 1 2 325 48
4/4 714 2 25 1 5 89 74 2 25 0 1 104 34 2 25 1 15 94 611 2 25 0 2 88 524 0 1 0 2 92 222 0 1 0 2 89 63 0 1 0 3 67 612 0 1 0 3 65 313 0 1 0 3 56 221 0 1 0 3 56 63 0 1 2 375 63 64 0 1 2 375 82 223 0 1 2 375 96 612 0 1 2 375 66 313 0 1 2 375 67 314 0 1 2 375 82 221 0 1 2 375 63
4/4 311 0 1 2 75 77 311 0 1 2 75 80 223 0 1 2 75 83 64 0 1 2 75 74 313 0 1 2 75 85 63 0 1 2 175 65 313 0 1 2 175 43 612 0 1 2 175 55 221 0 1 2 175 52 63 0 1 3 2667 64 612 0 1 3 2667 66 313 0 1 3 2667 66 221 0 1 3 2667 62 64 0 1 3 2667 85 612 0 1 3 2667 57 313 0 1 3 2667 68 221 0 1 3 2667 65 714 3 333 0 3 111 224 3 333 3 3667 103 62 3 333 3 3667 64
4/4 224 3 917 0 0 106 63 3 333 3 667 82 33 0 1 3 667 54 711 0 1 3 667 68 714 2 25 0 1 101 62 0 1 1 15 59 34 0 1 1 15 76 64 0 1 1 15 76 223 0 1 1 15 91 34 0 1 1 25 59 64 0 1 1 25 77 74 0 1 1 25 92 34 0 1 1 25 80 31 2 25 1 25 69 63 0 1 1 35 91 72 0 1 1 35 64 62 0 1 1 35 64 32 0 1 1 35 70
4/4 34 0 1 1 5 90 63 0 1 1 5 67 73 0 1 1 5 67 32 0 1 1 5 68 34 0 1 3 1333 67 64 0 1 3 1333 70 73 0 1 3 1333 75 62 0 1 3 1333 69 35 0 1 2 225 75 64 0 1 2 225 55 74 0 1 2 225 59 33 0 1 2 225 79 64 0 1 2 325 67 65 0 1 2 325 81 34 0 1 2 325 73
4/4 34 0 1 2 25 47 54 0 1 2 25 45 73 0 1 2 25 49 35 0 1 3 333 46 75 0 1 3 333 53 35 0 1 3 333 57 31 0 1 3 3333 85 31 0 1 3 3333 66 33 0 1 3 3333 90 34 0 1 3 3333 88 31 0 1 3 3333 59
4/4 31 0 1 0 0 46 31 0 1 0 0 54 31 0 1 2 25 66 31 0 1 2 25 56 64 0 1 1 5 102 63 0 1 1 5 111 31 0 1 1 5 70 31 0 1 2 75 55 31 0 1 2 75 71 31 0 1 0 1 80 31 0 1 0 1 74 35 0 1 3 1333 96 34 0 1 3 1333 111 31 0 1 3 1333 82 31 0 1 3 1667 68 31 0 1 3 1667 63 64 0 1 3 2333 74 34 0 1 3 2333 83 34 0 1 3 2333 103 311 0 1 3 2333 88 311 0 1 3 2333 97 33 0 1 3 3333 78 312 0 1 3 3333 61 712 0 1 3 3333 71 61 0 1 3 3333 68
4/4 33 0 1 2 25 86 224 0 1 2 25 91 312 0 1 2 25 78 712 0 1 2 25 65 64 0 1 2 25 85 34 0 1 2 25 92 61 0 1 2 25 52 521 0 1 2 125 93 521 0 1 2 125 85 222 0 1 0 2 75 221 0 1 0 2 64 522 0 1 0 2 57 71 0 1 0 2 56 714 0 1 2 225 87 223 0 1 2 225 91 221 0 1 2 225 68 522 0 1 2 225 62 524 0 1 2 225 80 71 0 1 2 225 57 72 0 1 0 3 74 222 0 1 0 3 65 522 0 1 0 3 81 221 0 1 0 3 71 223 0 1 1 35 80 73 0 1 1 35 70
4/4 61 0 1 0 0 80 61 0 1 0 0 82 72 0 1 0 0 87 34 3 667 0 0 92 524 1 5 1 5 93 712 0 1 0 1 65 62 0 1 0 1 76 31 0 1 0 1 70 64 0 1 0 1 71 34 0 1 0 1 62 712 0 1 0 1 83 712 0 1 2 175 59 62 0 1 2 175 84 31 0 1 2 175 83 31 0 1 2 275 76 31 0 1 2 275 82 33 0 1 2 375 62 32 0 1 2 375 74 712 0 1 2 375 76 61 0 1 2 375 64
4/4 33 0 1 0 0 61 32 0 1 0 0 66 712 0 1 0 0 59 61 0 1 0 0 62 63 0 1 2 25 77 34 0 1 2 25 94 63 0 1 2 25 86 713 0 1 3 667 94 713 0 1 3 667 98 35 0 1 0 1 89 33 0 1 0 1 92 32 0 1 3 1667 88 31 0 1 3 1667 70 74 0 1 3 1667 33 525 0 1 3 1667 98 524 0 1 3 1667 88 223 0 1 3 1667 74 32 0 1 1 25 59 222 0 1 1 25 79 72 0 1 1 25 46 521 0 1 1 25 53 222 0 1 1 35 94 32 0 1 1 35 72 522 0 1 1 35 57 71 0 1 1 35 59
4/4 221 0 1 1 5 69 221 0 1 1 5 78 314 0 1 1 5 75 224 0 1 1 5 80 63 0 1 1 5 62 32 0 1 3 1333 91 31 0 1 3 1333 79 524 0 1 1 15 98 35 0 1 1 15 87 73 0 1 1 15 76 222 0 1 3 2333 86 32 0 1 3 2333 57 72 0 1 3 2333 68 521 0 1 3 2333 62 525 0 1 0 3 79 524 0 1 0 3 91 73 0 1 0 3 58 221 0 1 1 35 102 314 0 1 1 35 94 221 0 1 1 35 78 224 0 1 1 35 93 63 0 1 1 35 75
4/4 31 0 1 1 5 83 31 0 1 1 5 95 524 0 1 1 5 100 35 0 1 1 5 85 73 0 1 1 5 71 222 0 1 3 1333 84 32 0 1 3 1333 67 522 0 1 3 1333 71 71 0 1 3 1333 48 525 0 1 2 175 74 524 0 1 2 175 95 73 0 1 2 175 71 521 0 1 3 2333 96 521 0 1 3 2333 81 223 0 1 3 2333 90 523 0 1 3 2333 74 714 0 1 1 25 84 523 0 1 1 25 63 74 2 25 1 35 91
4/4 31 0 1 3 333 90 31 0 1 3 333 80 34 0 1 3 333 81 72 0 1 3 333 87 524 2 25 2 75 82 63 0 1 2 125 45 223 0 1 2 125 79 61 0 1 2 125 65 61 0 1 2 125 76 34 0 1 2 125 88 63 0 1 2 125 96 33 0 1 3 2333 84 62 0 1 3 2333 70 63 0 1 3 2333 74 223 0 1 3 2333 91 221 0 1 3 2333 69 31 0 1 3 2333 70 63 0 1 3 3333 75 33 0 1 3 3333 86 34 0 1 3 3333 71 223 0 1 3 3333 76 221 0 1 3 3333 84
4/4 223 0 1 2 25 92 64 0 1 2 25 85 63 0 1 2 25 75 34 0 1 2 25 62 32 0 1 2 25 66 34 0 1 2 125 79 64 0 1 2 125 73 35 0 1 2 125 85 223 0 1 2 125 88 223 0 1 2 125 78 65 0 1 3 2333 88 64 0 1 3 2333 89 34 0 1 3 2333 80 224 0 1 3 2333 73 223 0 1 3 2333 75 34 0 1 3 2333 83 63 0 1 2 375 43 13 0 1 2 375 40 34 0 1 2 375 46 63 0 1 2 375 60
4/4 65 0 1 0 0 40 15 0 1 0 0 36 35 0 1 0 0 59 63 0 1 0 0 55 13 0 1 0 0 40 34 0 1 0 0 58 63 0 1 0 0 47 66 2 175 1 5 54
