4/4 44 2 25 0 1 52 74 2 125 0 2 57 224 3 333 2 325 50
4/4 223 0 1 3 333 23 33 0 1 3 333 34 524 0 1 3 333 28 74 0 1 3 333 36 45 2 125 2 75 40 45 2 25 2 275 67 34 0 1 3 3667 37 43 0 1 3 3667 35 524 0 1 2 375 36 614 0 1 2 375 41
4/4 35 0 1 0 0 59 34 0 1 0 0 37 43 0 1 0 0 35 524 0 1 0 0 36 614 0 1 0 0 41 224 1 5 0 1 64 14 2 25 0 2 53 224 0 1 0 3 39 44 0 1 0 3 37 73 0 1 0 3 36
4/4 224 0 1 0 0 39 44 0 1 0 0 37 73 1 45 0 0 36 74 3 1333 3 2333 68 224 1 5 1 35 76
4/4 45 1 5 1 5 74 523 0 1 3 1333 24 74 0 1 3 1333 37 223 3 2667 3 1333 25 44 1 25 1 15 32 45 0 1 2 175 44 75 0 1 2 175 41
4/4 75 3 333 0 0 66 223 3 83 0 0 25 63 0 1 2 75 30 524 0 1 2 75 31 35 0 1 2 75 38 14 0 2 0 1 36 75 0 1 0 1 48 65 0 1 0 2 59 525 2 25 2 325 60
4/4 222 2 375 2 25 30 13 2 375 2 25 37 64 0 1 3 333 23 14 0 1 3 333 28 65 3 3333 3 667 35
4/4 14 2 125 0 0 74 222 2 75 0 0 30 13 2 125 0 0 37 65 3 333 0 0 35 45 2 125 2 125 70 65 0 1 2 225 70 224 0 1 0 3 22 45 0 1 0 3 37 53 0 1 0 3 37 15 0 1 0 3 53
4/4 223 2 125 3 333 37 44 2 25 3 1333 43 75 1 15 1 15 54 313 0 1 1 25 36 13 0 1 1 25 39 14 0 1 1 25 41 65 3 333 3 3667 68
4/4 65 3 333 0 0 68 55 1 5 2 25 70 525 1 5 3 667 69 55 3 333 2 125 61 14 0 1 1 15 46 35 0 1 1 15 49 43 0 1 2 175 42 75 0 1 2 175 55 13 2 25 2 275 45 65 2 25 2 375 57 64 2 25 2 375 39
4/4 65 3 1417 0 0 57 33 1 15 2 75 36 54 0 1 2 75 39 14 0 1 2 75 47 13 2 175 0 1 37 55 3 667 0 2 62 45 3 667 1 25 60 315 1 5 0 3 58 45 2 25 1 35 55
4/4 222 0 1 0 0 31 13 0 1 0 0 22 44 0 1 2 25 36 14 0 1 2 25 39 45 2 125 1 5 40 45 3 333 0 3 64 12 0 1 3 3333 35 73 0 1 3 3333 36 34 0 1 1 35 40 54 0 1 1 35 47 35 2 25 2 375 51
4/4 12 0 1 0 0 35 73 0 1 0 0 36 34 0 1 0 0 40 54 0 1 0 0 47 35 3 417 0 0 51 224 3 333 2 75 54 74 2 25 0 2 52 43 0 1 0 3 29 612 0 1 2 325 21 44 0 1 2 325 37 13 0 1 2 325 33 14 0 1 2 325 28
4/4 43 0 2 0 0 29 612 0 1 0 0 21 44 0 1 0 0 37 13 0 1 0 0 33 14 0 1 0 0 28 43 0 1 0 3 52
4/4 43 1 5 0 0 52 73 0 1 2 25 63 223 0 1 2 125 59 44 3 1667 3 2333 56 32 3 667 3 2333 45 72 3 667 0 3 40 222 1 5 1 35 53
4/4 43 3 667 0 0 61 222 3 167 0 0 53 222 0 1 1 5 55 44 0 1 1 5 68 72 1 5 0 1 59 34 3 1333 1 15 72 42 3 667 1 15 55 612 2 75 0 2 50 223 3 1333 3 2667 64 12 1 5 3 2667 48 523 1 5 2 325 48 13 2 25 2 375 59 12 2 25 2 375 46
4/4 13 3 1083 0 0 59 12 3 417 0 0 46 612 2 25 3 333 51 223 0 3 0 1 61 71 3 667 0 1 50 42 1 5 1 15 49 12 3 667 0 2 51 222 1 5 3 2667 61 12 1 5 2 325 64 42 3 333 3 3667 72
4/4 223 2 25 0 0 61 42 3 333 0 0 72 71 1 5 2 25 65 73 0 1 2 25 80 42 3 333 3 667 61 223 0 1 0 1 84 12 3 667 2 125 59 222 1 5 2 175 63 12 0 1 2 225 59 44 0 1 2 225 74 42 2 25 2 275 65 73 0 1 0 3 57 223 0 1 0 3 55 44 0 1 0 3 65 74 3 667 3 3333 72 521 3 667 3 3333 73
4/4 221 2 75 0 0 57 73 0 1 0 0 57 223 0 1 0 0 55 44 0 1 0 0 65 74 3 667 0 0 72 42 1 5 3 333 68 72 3 667 2 75 72 74 0 1 3 1333 87 42 0 1 3 1333 61 221 3 333 2 175 63 13 0 1 0 2 62 34 0 1 0 2 63 61 0 1 0 2 64 74 0 1 0 2 77 32 3 333 0 3 58 14 0 1 3 3333 72 12 0 1 3 3333 54
4/4 13 2 125 0 0 58 62 3 667 0 0 51 64 0 1 1 5 58 43 0 1 1 5 52 524 3 667 0 1 62 12 2 25 0 1 52 64 3 2333 3 1667 63 13 3 2333 3 1667 62 221 1 5 3 1667 55 62 3 667 2 225 61 12 1 5 3 2667 67 43 1 5 2 325 59 222 2 25 2 375 52
4/4 64 0 1 0 0 63 13 3 167 0 0 62 222 2 75 0 0 52 63 1 5 2 25 47 43 2 225 0 1 41 13 2 125 0 1 51 44 0 1 0 2 77 13 1 5 1 25 65 64 3 667 0 3 84
4/4 223 0 1 0 0 50 44 0 1 0 0 56 52 2 75 2 25 64 14 3 1333 2 25 72 222 3 667 2 75 68 43 2 25 2 125 70 73 1 5 2 175 70 43 0 1 2 225 59 74 0 1 2 225 80 222 2 25 2 275 53 13 0 1 0 3 55 314 0 1 0 3 62 64 0 1 0 3 70 312 3 667 2 325 58 12 2 25 2 375 54
4/4 13 0 1 0 0 55 314 0 1 0 0 62 64 0 1 0 0 70 12 3 417 0 0 54 313 2 25 3 333 53 54 0 1 3 333 67 53 3 333 0 1 49 64 3 667 3 1333 65 12 2 25 3 1333 47 312 2 25 0 2 42 13 0 1 2 225 39 34 0 1 2 225 57 42 3 667 1 25 56 74 1 15 1 25 67 12 0 1 0 3 51 53 2 25 1 35 51
4/4 63 2 25 0 0 51 13 0 1 0 0 39 34 0 1 0 0 57 12 2 25 0 0 51 12 0 1 1 5 52 64 0 1 1 5 65 42 2 25 0 1 44 12 2 225 2 175 35 54 0 1 2 175 46 13 0 1 2 175 42 53 0 1 2 175 43 32 0 1 2 175 33 53 0 1 2 175 43
4/4 12 2 25 0 0 35 44 1 5 2 25 80 221 3 2667 0 1 40 43 0 1 2 125 45 13 0 1 2 125 55 44 0 1 2 125 64 12 2 225 2 125 41 34 3 667 0 3 51 223 2 25 3 3667 48
4/4 72 0 1 3 667 39 11 0 1 3 667 38 313 0 2 3 667 41 13 2 125 3 667 47 23 3 333 2 175 53 314 2 25 0 3 47
4/4 43 0 1 0 0 32 73 0 1 0 0 41 41 2 125 0 0 40 13 1 25 0 0 44 44 0 4 0 0 48 11 0 1 0 1 48 42 2 25 2 225 48 53 0 1 2 325 44 73 0 1 2 325 51 72 3 667 3 3333 38
4/4 53 0 1 0 0 44 73 0 1 0 0 51 72 3 583 0 0 38 44 3 333 0 0 48 12 1 15 3 333 38 13 1 25 1 15 47 73 2 25 0 2 48 42 0 1 2 275 30 12 0 1 2 275 30 613 0 1 2 275 28 43 0 1 2 275 32
4/4 42 0 1 0 0 30 12 0 1 0 0 30 13 0 1 0 0 47 613 0 1 0 0 28 43 0 1 0 0 32 45 2 125 2 275 30
4/4 42 0 1 0 0 30 12 0 1 0 0 30 45 1 5 0 0 30 44 1 15 1 15 51 524 0 1 0 3 44 62 2 75 0 3 35 33 2 25 2 375 38
4/4 524 0 1 0 0 44 33 3 417 0 0 38 523 3 667 3 333 52 13 1 5 0 1 56 523 1 5 3 1333 58 44 0 1 3 1333 70 33 1 5 0 2 64 62 1 5 3 2333 55 34 2 75 3 2333 77 33 2 75 2 275 61 223 3 667 3 3333 70 523 3 667 3 3333 63
4/4 13 1 5 0 0 55 223 3 333 0 0 70 523 1 5 3 333 58 13 2 125 1 5 70 33 2 25 0 1 61 223 0 1 1 15 67 221 1 5 1 15 56 62 3 667 0 2 53 12 1 5 1 25 56 34 0 1 1 25 68 43 1 5 0 3 49 44 1 5 1 35 65 12 2 25 1 35 49
4/4 62 2 25 0 0 56 44 1 5 0 0 65 63 3 1667 1 5 62 221 1 5 1 5 51 62 3 667 0 1 49 12 1 5 3 1667 45 43 1 5 2 225 41 63 0 1 3 2667 62 12 0 1 3 2667 49 62 2 25 2 325 57 524 2 25 2 375 71 61 2 25 2 375 48
4/4 524 1 15 0 0 71 61 2 25 0 0 48 32 3 667 2 25 49 522 1 5 2 75 56 12 1 5 2 125 56 522 0 1 2 175 58 44 0 1 2 175 77 32 1 5 3 2333 56 34 2 125 2 275 72 61 3 667 2 275 50 32 3 667 3 3333 53 223 2 25 2 375 68 522 2 25 2 375 58
4/4 32 3 83 0 0 53 223 2 75 0 0 68 522 3 417 0 0 58 12 1 5 3 333 47 522 1 5 2 75 53 34 2 75 0 1 70 32 2 25 1 15 44 221 1 5 2 175 54 44 2 225 2 175 72 62 3 667 1 25 51 12 1 5 0 3 50 43 1 5 1 35 47
4/4 12 1 5 0 0 46 44 1 25 0 0 72 62 2 25 1 5 48 221 1 5 0 1 47 62 1 5 1 15 46 12 1 5 0 2 44 43 1 5 1 25 46 44 0 1 0 3 72 12 0 1 0 3 52 62 3 333 3 3667 54
4/4 62 3 167 0 0 54 44 0 1 2 25 71 42 0 1 2 25 63 54 1 5 1 5 70 12 0 1 3 667 49 44 0 1 3 667 68 314 0 1 2 125 81 53 0 1 2 125 52 12 1 5 3 1667 62 44 0 1 2 225 84 63 0 1 2 225 53 12 1 5 3 2667 55 13 0 1 0 3 65 44 0 1 0 3 77 42 0 1 0 3 64 64 0 1 0 3 74 12 2 25 2 375 53
4/4 12 2 25 0 0 53 54 0 1 2 25 84 53 0 1 2 25 54 13 0 1 2 75 72 12 0 1 2 75 50 44 0 1 2 125 80 63 0 1 2 125 51 12 2 25 2 175 53 53 0 1 0 2 54 13 0 1 0 2 60 312 3 667 2 225 57 314 1 15 3 2333 71 12 3 667 2 275 52 313 1 5 3 3333 52 12 2 25 2 375 51
4/4 12 3 417 0 0 51 54 2 275 3 333 67 53 1 5 3 333 50 12 3 333 2 75 41 13 3 1667 3 1333 68 312 1 5 3 1333 51 12 3 667 2 175 46 313 1 5 3 2333 48 12 1 5 2 275 41 13 1 5 1 35 74 53 1 5 1 35 52
4/4 12 1 5 0 0 51 13 2 25 0 0 74 64 3 1667 1 5 80 42 1 5 1 5 58 12 3 667 0 1 49 63 1 5 1 15 46 12 1 5 0 2 44 53 0 1 1 25 48 64 0 1 1 25 73 12 1 5 0 3 59 42 0 1 1 35 55 64 0 1 1 35 74
4/4 12 3 667 0 0 56 42 0 1 0 0 55 64 0 1 0 0 74 54 0 1 1 5 77 63 0 1 1 5 53 12 3 333 0 1 48 44 0 1 3 1667 68 42 0 1 3 1667 47 12 3 667 0 2 49 314 0 1 3 2667 65 13 0 1 3 2667 60 11 1 5 3 2667 55 52 1 5 2 325 52 22 3 333 3 3667 52
4/4 314 0 1 0 0 65 13 0 1 0 0 60 22 3 167 0 0 52 52 1 5 2 25 61 313 1 5 2 75 63 52 3 667 2 125 65 53 0 1 2 175 74 314 0 1 2 175 81 11 0 1 2 175 64 52 1 5 2 225 67 12 1 5 2 275 70 13 2 75 2 275 77 52 1 5 2 325 68 54 0 1 2 375 86 313 0 1 2 375 71
4/4 52 2 25 2 25 64 41 0 1 2 75 77 614 2 125 2 75 78 11 1 5 3 1333 65 42 3 667 2 175 72 612 3 667 3 2333 69 614 0 1 2 275 82 12 0 1 2 275 67 43 2 75 2 325 70 13 3 667 2 325 69 614 0 1 2 375 82 42 0 1 2 375 68 44 0 1 2 375 74
4/4 43 2 75 0 0 70 614 0 1 0 0 82 42 0 1 0 0 68 44 0 1 0 0 74 612 3 667 2 25 59 74 0 1 2 75 80 12 0 1 2 75 55 54 0 1 2 75 74 43 1 5 3 1333 50 14 0 1 2 175 63 614 0 1 2 175 65 613 0 1 2 175 55 13 2 25 2 225 56 223 0 1 3 2667 58 44 0 1 3 2667 51 74 0 1 3 2667 64 224 0 1 3 2667 76 71 3 667 2 275 74 42 1 5 2 325 63 12 2 25 2 375 65
4/4 12 3 417 0 0 65 222 1 5 2 25 58 43 2 25 2 75 55 13 1 5 2 125 49 75 0 1 2 175 44 224 0 1 2 175 42 223 0 1 2 175 39
4/4 43 2 25 0 0 37 73 2 225 2 75 48 34 0 1 0 1 51 54 0 1 0 1 60 31 3 667 0 1 55 71 2 25 1 15 57 52 1 5 0 2 65 72 3 667 1 25 77 54 0 1 0 3 87 34 0 1 0 3 84 33 0 1 0 3 68 72 1 5 1 35 74
4/4 54 0 1 0 0 87 32 0 1 0 0 64 34 0 1 0 0 77 72 1 5 1 5 53 43 0 1 0 1 51 64 0 1 0 1 74 44 0 1 0 1 68 53 1 5 1 15 53 54 0 1 0 2 68 74 0 1 0 2 68 73 0 1 0 2 58 13 0 1 2 275 48 34 0 1 2 275 53 54 0 1 2 275 51 61 3 667 0 3 52 14 0 1 0 3 72 32 2 25 1 35 52
4/4 12 1 5 0 0 45 13 0 1 0 0 48 34 0 1 0 0 53 54 0 1 0 0 51 14 2 75 0 0 72 33 2 25 1 5 46 63 1 5 0 1 49 13 2 75 1 15 46 34 3 333 2 225 40 14 0 1 2 225 37 35 0 1 2 225 42 15 0 1 2 225 42
4/4 64 1 5 3 333 77 52 0 1 0 1 39 43 0 1 0 1 34 73 0 1 3 1333 44 223 0 1 3 1333 44 54 0 1 3 1333 59 524 1 5 1 25 70 73 3 667 0 3 65 54 1 5 1 35 72
4/4 73 2 175 0 0 60 52 0 1 0 0 39 43 0 1 0 0 34 223 2 125 1 5 52 74 2 75 1 5 60 64 3 333 3 1667 62 54 2 25 2 275 54 11 1 5 1 35 38 43 0 1 3 3667 40 73 0 1 3 3667 49 72 3 333 3 3667 33
4/4 44 0 1 0 0 60 11 2 175 0 0 38 43 0 1 0 0 40 73 0 1 0 0 49 72 0 2 0 0 33 314 1 5 0 1 59 44 2 25 0 2 59 54 0 1 2 325 37 13 0 1 2 325 40 53 0 1 2 325 38 12 2 75 2 325 33 312 2 75 2 325 34
4/4 54 0 1 0 0 37 13 0 1 0 0 40 53 0 1 0 0 38 12 2 225 0 0 33 312 2 175 0 0 34 14 3 667 1 15 80 34 0 1 3 2333 28 524 0 1 3 2333 40 32 0 1 1 25 48 74 0 1 1 25 50 35 0 1 1 25 54 72 3 333 3 3667 48
4/4 72 3 333 0 0 48 224 0 1 3 667 54 523 0 1 3 667 43 524 0 1 3 667 49 13 0 1 2 175 35 524 0 1 2 175 40 34 0 1 2 175 40 14 2 225 2 175 42
4/4 73 0 1 0 0 38 74 0 1 0 0 46 13 0 1 0 0 35 524 0 1 0 0 40 34 0 1 0 0 40 13 0 1 3 1333 35 613 0 1 3 1333 38 44 3 667 3 1333 44 614 0 1 3 1333 39 525 2 25 1 25 66 44 1 5 0 3 54 45 1 5 1 35 65
4/4 45 0 1 0 0 65 614 0 2 1 5 40 44 0 1 3 667 41 13 0 1 3 667 34 613 0 1 3 667 34 43 0 1 3 667 33 35 1 5 3 1667 58 44 3 667 2 225 42 224 2 25 2 275 55 613 0 1 2 375 32 43 0 1 2 375 36 12 0 1 2 375 35 13 2 25 2 375 40 44 0 1 2 375 41 43 0 1 2 375 36 12 0 1 2 375 35
4/4 613 0 1 0 0 32 43 0 1 0 0 36 12 0 1 0 0 35 13 0 1 0 0 40 44 0 1 0 0 41 43 0 1 0 0 36 12 0 1 0 0 35 14 1 5 0 1 55 13 0 1 1 15 42 74 2 25 3 2333 47 612 0 1 3 3667 25 12 0 1 3 3667 31 43 0 1 3 3667 27 613 0 1 3 3667 30
4/4 612 0 1 0 0 25 12 0 1 0 0 31 43 0 1 0 0 27 613 0 1 0 0 30 614 2 325 2 25 45
4/4 43 2 25 1 5 74 73 3 333 1 15 72 223 2 25 1 25 79 44 1 5 1 35 79 32 1 5 1 35 61
4/4 44 2 75 0 0 79 32 1 15 0 0 61 222 0 1 1 5 45 523 0 1 1 5 47 72 0 1 1 5 46 73 0 1 1 5 49 44 0 1 1 15 70 73 0 1 1 15 71 222 0 1 1 15 53 72 0 1 1 15 56 34 0 1 1 25 70 613 0 1 1 25 67 42 1 15 1 25 63 223 1 5 1 35 73 33 0 1 1 35 55 12 0 1 1 35 56
4/4 42 2 75 0 0 63 13 0 1 1 5 74 33 0 1 1 5 54 12 0 1 1 5 56 223 0 1 1 15 67 43 0 1 1 15 63 71 1 5 1 15 55 222 0 1 1 25 47 42 0 1 1 25 48 222 2 25 1 35 61 42 1 5 1 35 55
4/4 42 3 167 0 0 55 71 3 667 1 5 65 73 3 1333 1 5 74 222 0 1 1 15 63 223 0 1 1 15 79 42 0 1 1 15 52 61 0 1 1 25 61 44 0 1 1 25 91 73 0 1 3 3333 62 44 0 1 3 3333 70 74 0 1 3 3333 80 521 3 333 1 35 62
4/4 73 0 1 0 0 62 44 0 1 0 0 70 74 0 1 0 0 80 72 0 1 1 5 48 221 0 1 1 5 47 74 0 1 1 15 77 72 0 1 1 15 59 221 0 1 1 15 56 13 0 1 3 2333 59 34 0 1 3 2333 65 74 0 1 3 2333 74 61 3 333 1 25 58 12 0 1 1 35 50 32 0 1 1 35 52 64 0 1 1 35 67 13 0 1 1 35 64
4/4 64 0 1 0 0 67 13 0 1 0 0 64 524 0 1 1 5 71 12 0 1 1 5 57 32 0 1 1 5 56 13 0 1 2 125 57 44 0 1 2 125 62 221 3 333 1 15 63 64 3 2333 1 15 74 43 0 1 1 25 45 12 0 1 1 25 43 62 0 1 1 25 44 43 0 1 1 35 70 12 0 1 1 35 57 62 0 1 1 35 53
4/4 221 1 5 1 5 68 13 1 15 1 5 76 43 0 1 1 15 67 12 0 1 1 15 58 44 0 1 1 15 84 62 0 1 1 15 59 43 0 1 1 25 63 12 0 1 1 25 54 62 0 1 1 25 56 64 0 1 1 25 84 223 0 1 3 3333 62 44 0 1 3 3333 63 14 0 1 3 3333 84 52 3 333 1 35 70
4/4 223 0 1 0 0 62 44 0 1 0 0 63 14 0 1 0 0 84 73 0 1 1 5 57 222 0 1 1 5 52 43 0 1 1 5 49 73 0 1 1 15 64 74 0 1 1 15 77 223 0 1 1 15 76 222 0 1 1 15 61 44 0 1 1 15 70 11 3 667 3 2333 80 12 0 1 3 3333 55 64 0 1 3 3333 72 312 0 1 3 3333 53 13 0 1 3 3333 70 314 0 1 3 3333 71
4/4 54 1 5 0 0 77 524 0 1 3 333 78 312 0 1 3 333 63 12 0 1 3 333 68 54 3 333 0 1 84 42 3 333 3 1333 67 13 0 1 3 1333 67 74 0 1 3 1333 77 34 0 1 3 1333 74 12 0 1 3 2333 52 63 0 1 3 2333 56 63 0 1 3 3333 59 12 0 1 3 3333 48 64 3 667 3 3333 74
4/4 32 1 5 2 25 72 13 0 1 0 1 62 34 0 1 0 1 56 53 0 1 0 1 63 12 0 1 0 1 56 54 0 1 0 1 80 44 2 25 3 1667 72 314 0 1 0 2 84 53 0 1 0 2 67 12 0 1 0 2 58 44 2 25 3 2667 92 221 3 333 0 3 71 44 0 1 2 325 72 63 0 1 2 325 70 13 0 1 2 325 70
4/4 44 0 1 0 0 72 63 0 1 0 0 70 13 0 1 0 0 70 43 0 1 2 25 65 12 0 1 2 25 58 62 0 1 2 25 56 63 2 25 1 5 73 43 0 1 0 1 68 13 0 1 0 1 80 12 0 1 0 1 52 62 0 1 0 1 52 44 2 25 1 15 84 11 0 1 0 2 67 34 0 1 0 2 77 73 0 1 0 2 77 53 0 1 0 2 77 73 0 1 0 2 77 33 0 1 0 3 70 223 0 1 0 3 88 52 0 1 0 3 65 72 0 1 0 3 62
4/4 72 0 1 0 0 77 11 0 1 0 0 68 73 0 1 0 0 80 33 0 1 0 0 80 53 0 1 0 0 70 12 0 1 2 75 63 41 0 1 2 75 77 73 0 1 2 75 77 13 0 1 2 75 74 43 0 1 0 1 67 73 0 1 0 1 77 13 0 1 0 1 74 11 1 5 1 15 58 42 1 5 0 2 65 72 3 667 3 2333 70 12 1 5 0 3 74 43 2 25 1 35 84
4/4 43 0 1 0 0 63 12 0 1 0 0 65 612 0 1 0 0 66 42 0 1 0 0 68 44 2 125 0 0 92 74 1 5 0 1 101 44 2 75 1 15 77 41 0 1 0 2 77 42 0 1 0 2 84 224 0 1 0 2 92 524 0 1 0 3 65 74 0 1 0 3 60 224 0 1 0 3 88 45 0 1 0 3 80 31 2 25 0 3 85
4/4 222 0 1 2 25 74 32 0 1 2 25 64 522 0 1 2 25 61 72 0 1 2 25 56 222 0 1 2 125 74 524 0 1 2 125 92 45 0 1 2 125 77 32 0 1 2 125 61 74 0 1 2 125 77 522 0 1 2 125 58 41 2 25 0 2 77 614 0 1 0 2 81 44 0 1 0 2 80 35 2 75 0 2 80 33 0 1 0 3 68 42 0 1 0 3 67 612 0 1 0 3 64 224 0 1 0 3 88 12 0 1 0 3 59
4/4 33 0 1 0 0 72 42 0 1 0 0 62 14 0 1 0 0 87 44 0 1 0 0 84 612 0 1 0 0 59 12 0 1 0 0 56 71 0 1 0 1 77 71 0 1 0 1 81 224 0 1 0 1 81 223 0 1 0 1 81 44 0 1 0 1 74 74 0 1 0 1 72 72 0 1 0 2 62 73 0 1 0 2 67 222 0 1 0 2 59 43 0 1 0 2 56 73 0 1 0 3 80 72 0 1 0 3 68 222 0 1 0 3 58 43 0 1 0 3 62
4/4 71 0 1 0 0 84 223 0 1 0 0 76 73 0 1 0 0 84 44 0 1 0 0 70 74 0 1 0 0 77 223 0 1 0 1 88 43 0 1 0 1 74 72 0 1 0 1 70 222 0 1 0 1 71 224 0 1 0 1 88 71 0 1 0 2 80 44 0 1 0 2 84 45 0 1 0 2 84 224 0 1 0 2 78 74 0 1 0 2 80 74 0 1 2 275 59 224 0 1 2 275 64 45 0 1 2 275 77 75 0 1 2 275 82 521 2 25 0 3 83
4/4 43 0 1 0 0 67 522 0 1 0 0 63 222 0 1 0 0 58 72 0 1 0 0 59 43 0 1 0 1 70 522 0 1 0 1 61 222 0 1 0 1 59 74 0 1 0 1 80 75 0 1 0 1 86 72 0 1 0 1 39 14 0 1 2 175 74 35 0 1 2 175 72 75 0 1 2 175 78 61 3 333 0 2 77 33 0 1 0 3 64 12 0 1 0 3 54 32 0 1 0 3 64 15 0 1 0 3 78 14 0 1 0 3 77 62 0 1 0 3 52
4/4 33 0 1 0 0 68 32 0 1 0 0 49 12 0 1 0 0 52 62 0 1 0 0 58 65 0 1 0 0 78 14 0 1 0 0 77 525 2 25 1 5 76 221 2 25 0 1 76 65 0 1 0 1 82 45 0 1 0 1 77 14 0 1 0 1 80 12 0 1 0 2 58 221 0 1 0 2 55 62 0 1 0 2 49 42 0 1 0 2 52 12 0 1 0 3 74 221 0 1 0 3 63 62 0 1 0 3 61 42 0 1 0 3 56 221 2 25 2 375 77 13 2 25 2 375 96
4/4 13 1 5 0 0 96 43 0 1 2 75 74 12 0 1 2 75 64 62 0 1 2 75 68 44 1 5 2 75 87 13 3 333 2 125 84 44 3 333 1 15 60 221 0 1 2 175 84 64 0 1 2 175 87 44 0 1 2 225 87 64 0 1 2 225 68 51 2 25 2 275 77 14 0 1 0 3 96 43 0 1 2 375 68 52 0 1 2 375 65 222 0 1 2 375 62 72 0 1 2 375 62 223 2 25 2 375 81
4/4 223 1 5 0 0 81 51 0 1 2 75 66 74 0 1 2 75 87 44 0 1 2 75 80 11 3 333 3 1667 89 73 0 1 3 2333 64 314 0 1 3 2333 64 12 0 1 3 2333 65 312 0 1 3 2333 63 52 0 1 3 2333 64 64 0 1 3 2333 87 54 1 5 2 325 80 11 0 1 3 3667 72 524 0 1 3 3667 84 13 0 1 3 3667 40
4/4 54 2 25 0 0 87 41 3 333 1 5 71 13 0 1 3 667 74 74 0 1 3 667 87 34 0 1 3 667 74 43 0 1 1 15 62 12 0 1 1 15 61 62 0 1 1 15 63 42 0 1 1 25 58 64 0 1 1 25 77 13 0 1 1 25 72 34 0 1 1 25 70 31 2 25 3 3333 75
4/4 53 0 1 0 0 57 13 0 1 0 0 62 34 0 1 0 0 70 12 0 1 0 0 59 32 0 1 0 0 57 52 0 1 0 0 59 54 2 25 3 333 74 44 2 25 2 75 80 314 0 1 2 125 73 31 0 1 2 125 59 44 2 25 2 175 77 44 2 75 2 225 60 221 2 25 2 225 73 13 0 1 2 225 68 63 0 1 2 225 68 43 0 1 2 225 72 12 0 1 2 325 56 221 0 1 2 325 50 62 0 1 2 325 46 42 0 1 2 325 46 34 3 333 3 3667 74
4/4 221 0 1 2 25 50 223 0 1 2 25 62 43 0 1 2 25 63 11 0 1 2 125 71 313 0 1 2 125 69 11 0 1 2 125 64 13 0 1 2 125 72 53 0 1 2 125 67 21 0 1 2 225 71 21 0 1 2 225 66 23 0 1 2 225 84 43 0 1 2 225 69 73 0 1 2 225 69 312 0 1 2 325 66 311 0 1 2 325 68 13 0 1 2 325 66 53 0 1 2 325 69 314 0 1 2 325 84
4/4 43 0 1 2 25 65 73 0 1 2 25 68 13 0 1 2 25 77 41 0 1 2 25 77 44 0 1 2 25 77 11 1 5 2 75 61 42 1 5 2 125 64 72 3 667 2 175 63 12 1 5 2 225 74 43 1 5 2 275 74 45 2 75 2 325 84 73 3 667 2 325 68 13 2 25 2 375 59
4/4 45 0 7 0 0 84 44 2 25 2 25 63 54 2 75 2 75 59 74 3 667 2 125 57 14 2 225 2 175 55 13 1 15 1 25 32 614 1 15 1 25 41 43 3 1333 3 2667 37
4/4 14 0 3 0 0 55 13 0 4 0 0 32 614 0 3 0 0 41 43 0 4 0 0 37 44 0 1 0 2 28
4/4 13 1 5 0 0 32 43 3 333 0 0 37 45 2 25 3 333 43 63 3 2333 3 1667 45 525 1 15 3 1667 44 524 0 1 2 275 33 34 0 1 2 275 42 524 0 1 2 375 45 34 0 1 2 375 40 45 2 25 2 375 62
4/4 524 0 1 0 0 45 34 0 1 0 0 40 63 2 225 2 75 47 35 2 125 2 75 67 224 0 1 0 2 53 524 0 1 0 2 37 34 0 1 0 2 40 14 0 1 0 3 59 524 0 1 0 3 46 34 0 1 0 3 44
4/4 222 0 2 0 0 42 224 2 125 0 0 58 13 0 1 0 1 38 63 0 1 0 1 39 35 0 1 0 1 50 13 0 1 0 2 43 63 0 1 0 2 41 45 0 2 0 2 54 222 0 1 0 3 48 64 0 1 0 3 50
4/4 222 0 1 0 0 48 45 1 5 0 0 54 64 2 25 0 0 50 63 0 1 2 25 42 13 0 1 2 25 40 64 1 5 2 125 53 525 3 1333 2 225 61 63 2 175 2 225 47 524 0 1 3 3333 42 34 0 1 3 3333 44
4/4 63 3 583 0 0 47 34 0 1 3 333 43 524 0 1 3 333 43 45 0 1 3 333 60 35 2 125 1 15 57 63 2 225 1 15 46 224 2 125 1 25 58 524 0 1 1 25 36 34 0 1 1 25 43 524 0 1 1 35 48 34 0 1 1 35 41 35 1 5 1 35 58
4/4 35 1 5 0 0 58 45 1 35 1 5 53 222 3 2333 3 667 48 63 0 1 3 1667 39 43 0 1 3 1667 39 63 0 1 2 275 48 43 0 1 2 275 47 222 0 1 2 375 30 14 0 1 2 375 41 44 0 1 2 375 38 63 2 25 2 375 35
4/4 45 3 833 0 0 53 222 0 1 0 0 30 14 0 1 0 0 41 44 0 1 0 0 38 63 0 2 0 0 35 45 3 333 3 2333 50 43 0 1 2 325 52 64 0 1 2 325 59 45 3 333 3 3333 65 55 2 25 3 3667 53
4/4 45 3 333 0 0 54 43 0 1 0 0 52 64 0 1 0 0 59 13 0 1 2 25 46 63 0 1 2 25 50 315 0 1 2 25 61 45 0 1 2 125 64 13 0 1 2 125 48 63 0 1 2 125 48 43 0 1 2 225 53 65 0 1 2 225 53 14 0 1 2 225 57 45 0 1 2 225 53 53 0 1 2 325 48 314 0 1 2 325 49 55 0 1 2 325 61 14 0 1 2 325 64 13 0 1 2 325 48
4/4 63 0 1 2 25 44 13 0 1 2 25 50 44 0 1 2 25 50 45 0 1 2 25 58 64 0 1 2 25 59 13 1 25 2 125 52 315 0 1 2 125 62 14 0 1 2 125 63 54 0 1 2 225 44 314 0 1 2 225 46 55 3 667 3 3333 66 54 0 1 3 3333 48 314 0 1 3 3333 48
4/4 55 3 2583 0 0 66 14 3 1667 2 25 68 13 2 125 2 25 58 54 0 1 2 125 55 314 0 1 2 125 50 13 0 1 2 225 52 14 0 1 2 225 65 53 0 1 2 225 47 313 0 1 2 225 41 65 2 75 2 325 68 43 2 75 2 325 53
4/4 65 1 5 0 0 68 43 2 125 0 0 53 13 0 1 2 25 46 63 0 1 2 25 47 63 0 1 2 125 48 65 0 1 2 125 59 13 0 1 2 125 50 14 0 1 2 125 60 43 0 1 2 225 48 65 0 1 2 225 56 45 0 1 2 225 55 314 0 1 2 325 51 53 0 1 2 325 48 55 0 1 2 325 52 14 0 1 2 325 55 13 0 1 2 325 48
4/4 44 0 1 2 25 51 63 0 1 2 25 49 45 0 1 2 25 55 13 0 1 2 25 46 64 0 1 2 25 51 12 1 5 2 125 49 54 0 1 2 125 53 315 0 1 2 125 53 313 0 1 2 225 47 13 0 1 2 225 41 314 0 1 2 325 54 53 0 1 2 325 48
4/4 13 0 1 2 25 35 54 0 1 2 25 38 14 0 1 2 25 41 15 2 25 1 5 54 614 0 1 1 35 68 44 0 1 1 35 67 42 1 5 1 35 62
4/4 12 1 5 0 0 57 614 0 1 0 0 68 44 0 1 0 0 67 613 2 25 1 5 62 12 1 5 0 1 58 614 0 1 3 1333 78 44 0 1 3 1333 70 43 0 1 3 1333 65 12 0 1 2 175 63 13 0 1 2 175 72 43 0 1 3 2333 64 42 0 1 3 2333 63 44 0 1 3 2333 74 614 0 1 3 2333 78 13 1 5 2 275 77 43 0 1 2 325 72 52 0 1 2 325 74 74 0 1 2 325 92 44 0 1 2 325 80 13 2 25 2 375 84
4/4 43 0 1 2 25 88 612 0 1 2 25 84 14 0 1 2 25 87 44 0 1 2 25 72 612 0 1 2 25 84 14 0 1 2 25 87 614 0 1 2 25 73 13 2 25 3 667 70 224 0 1 2 125 78 223 0 1 2 125 84 71 0 1 2 125 80 44 0 1 2 125 65 74 0 1 2 125 68 42 1 5 3 1667 64 45 0 1 2 225 72 224 0 1 2 225 73 222 0 1 2 225 68 42 0 1 3 2667 58 35 0 1 3 2667 74 14 0 1 3 2667 77 224 0 1 0 3 73 74 0 1 0 3 68 12 0 1 0 3 67 42 0 1 1 35 59 35 0 1 1 35 74 14 0 1 1 35 70
4/4 224 0 1 0 0 78 74 0 1 0 0 70 71 0 1 0 0 67 42 2 25 1 5 59 222 0 1 0 1 58 14 0 1 0 1 68 44 0 1 0 1 68 42 1 5 1 15 52 74 0 1 0 2 62 223 0 1 0 2 57 44 0 1 0 2 58 72 0 1 0 2 50 42 2 25 1 25 58 73 0 1 0 3 58 34 0 1 0 3 64 54 0 1 0 3 72 31 3 667 0 3 57 71 3 333 3 3667 62
4/4 73 0 1 0 0 58 34 0 1 0 0 64 54 0 1 0 0 72 52 1 5 2 25 70 72 1 5 3 667 68 54 0 1 0 1 77 34 0 1 0 1 84 33 0 1 0 1 70 72 0 1 1 15 68 73 0 1 1 15 84 54 0 1 0 2 87 34 0 1 0 2 80 32 0 1 0 2 72 72 0 1 1 25 70 73 0 1 1 25 80 64 0 1 0 3 87 53 0 1 0 3 68 34 0 1 0 3 80 72 0 1 3 3333 68 73 0 1 3 3333 87
4/4 52 0 1 0 0 70 33 0 1 0 0 72 34 0 1 0 0 84 74 0 1 0 0 87 73 2 25 3 333 68 61 0 1 2 75 81 14 0 1 2 75 87 64 0 1 2 75 70 34 0 1 2 75 74 14 0 1 2 75 87 13 0 1 2 75 77 64 0 1 2 75 70 32 1 5 3 1333 64 35 0 1 2 175 67 14 0 1 2 175 72 62 0 1 2 175 61 12 1 5 3 2333 61 224 0 1 3 2333 68 74 0 1 3 2333 62 35 0 1 2 275 67 33 0 1 2 275 61 14 0 1 2 275 67 63 3 667 3 3333 57 224 0 1 3 3333 62 74 0 1 3 3333 62 62 0 1 2 375 61 14 0 1 2 375 70 64 0 1 2 375 65
4/4 63 3 83 0 0 57 62 0 1 0 0 61 14 0 1 0 0 70 64 0 1 0 0 65 33 1 5 2 25 52 64 0 1 2 75 60 34 0 1 2 75 62 73 0 1 2 75 50 33 3 667 3 1333 48 62 0 1 0 2 44 13 0 1 0 2 54 34 0 1 0 2 51 52 0 1 2 275 43 43 0 1 2 275 40 73 0 1 0 3 48 223 0 1 0 3 52 54 2 75 2 325 67
4/4 52 0 1 0 0 43 43 0 1 0 0 40 73 0 1 0 0 48 223 0 1 0 0 52 54 2 25 0 0 67 524 1 5 2 25 73 73 3 667 3 667 74 54 1 5 2 125 87 73 2 25 3 1667 77 73 0 1 0 2 67 223 0 1 0 2 65 44 0 1 0 2 74 51 0 1 2 225 59 74 0 1 2 225 77 221 3 333 3 2667 61 72 0 1 0 3 63 64 0 1 0 3 74 52 3 333 3 3667 55 73 3 333 3 3667 77
4/4 54 0 1 0 0 74 223 0 1 0 0 76 43 0 1 0 0 53 52 3 667 0 0 55 73 3 333 0 0 77 222 2 25 1 5 62 53 0 1 0 1 54 73 0 1 0 1 64 11 0 1 0 1 74 44 0 1 0 1 80 52 1 5 1 15 67 314 0 1 0 2 84 12 0 1 0 2 70 43 0 1 1 25 65 53 0 1 1 25 77 44 0 1 0 3 87 73 0 1 0 3 84 72 0 1 0 3 74 52 1 5 1 35 70 53 0 1 2 375 67 13 0 1 2 375 72 11 0 1 2 375 80 314 0 1 2 375 76 54 0 1 2 375 77
4/4 53 0 1 0 0 67 13 0 1 0 0 72 11 0 1 0 0 80 314 0 1 0 0 76 54 0 1 0 0 77 52 1 5 1 5 70 12 1 5 0 1 84 313 1 5 1 15 88 13 0 1 2 175 63 314 0 1 2 175 64 54 0 1 2 175 72 14 0 1 2 175 87 53 3 667 0 2 88 12 2 25 1 25 72 34 0 1 0 3 64 524 0 1 0 3 65 74 0 1 0 3 70 31 2 75 2 325 89 35 2 75 2 325 80 71 2 25 2 375 68
4/4 34 0 1 0 0 64 524 0 1 0 0 65 74 0 1 0 0 70 31 2 25 0 0 89 35 1 5 0 0 80 71 2 25 0 0 68 32 1 5 2 25 80 522 1 5 3 667 88 224 0 1 2 125 81 72 0 1 2 125 77 524 0 1 2 125 78 34 0 1 2 125 80 522 1 5 3 1667 77 34 0 2 0 2 62 524 0 1 0 2 68 14 0 1 0 2 87 32 3 667 2 225 77 522 3 667 3 2667 68 72 3 333 2 325 62 43 3 333 3 3667 58
4/4 43 3 167 0 0 58 74 0 1 2 25 70 524 0 1 2 25 68 523 0 1 2 25 53 13 2 25 2 75 52 13 0 1 3 1333 46 613 0 1 3 1333 42 43 0 1 3 1333 46 614 0 1 1 15 64 44 0 1 1 15 58 525 1 5 1 25 67 524 3 333 0 3 58 45 3 333 3 3667 64
4/4 45 3 1333 0 0 64 613 0 1 3 667 35 12 0 1 3 667 42 43 0 1 3 667 38 44 0 1 3 667 45 35 3 667 2 175 51 44 1 5 3 2333 49 224 1 5 0 3 51
4/4 12 0 1 2 25 33 43 0 1 2 25 33 612 0 1 2 25 36 13 2 125 2 25 42 14 1 5 3 1333 52 13 0 1 0 2 42 74 3 333 2 275 45
4/4 12 0 1 0 1 34 42 0 1 0 1 36 43 0 1 0 1 38 613 0 1 2 125 39 13 0 1 2 125 47 34 0 1 1 15 46 524 0 1 1 15 51 614 0 1 1 15 51
4/4 12 0 1 0 0 34 42 0 1 0 0 36 43 0 1 0 0 38 613 0 1 0 0 39 13 0 1 0 0 47 34 0 1 0 0 46 524 0 1 0 0 51 614 0 1 0 0 51
4/4 12 0 1 0 0 34 42 0 1 0 0 36 43 0 1 0 0 38 613 0 1 0 0 39 13 0 1 0 0 47 34 0 1 0 0 46 524 0 1 0 0 51 614 0 1 0 0 51 44 2 25 0 3 50
4/4 12 0 1 0 0 34 42 0 1 0 0 36 43 0 1 0 0 38 74 3 1333 3 333 63 224 2 125 1 15 47 45 2 125 2 275 44 33 1 5 2 275 34
4/4 223 0 1 0 0 33 44 0 1 0 0 35 73 0 1 0 0 39 45 1 5 0 1 56 43 0 1 0 2 40 35 3 1333 2 225 53 613 0 1 2 325 36 34 0 1 2 325 36 224 0 1 2 325 47 13 0 1 2 325 39
4/4 613 0 1 0 0 36 34 0 1 0 0 36 224 0 1 0 0 47 13 0 1 0 0 39 14 0 1 3 333 54 224 1 25 1 15 46 73 1 25 1 15 39 223 0 1 2 275 30 44 0 1 2 275 32
4/4 224 2 125 0 0 46 73 2 25 0 0 39 223 0 1 0 0 30 44 0 1 0 0 32 74 0 3 0 1 52 73 2 175 0 1 45 224 3 667 2 225 62 223 3 1667 2 225 37 44 2 125 2 225 43 45 3 667 3 3333 65
4/4 74 2 275 0 0 52 45 3 583 0 0 65 75 2 175 3 333 54 523 0 1 1 5 38 223 0 1 1 15 36 44 0 1 1 15 35 73 0 1 1 15 40 75 3 333 2 275 54 75 2 25 2 375 53 63 2 25 2 375 39
4/4 75 2 125 0 0 53 63 2 25 0 0 39 34 0 1 0 1 40 13 0 1 0 1 39 64 0 1 0 1 34 65 2 125 0 1 51 525 2 125 2 225 54 65 2 75 2 325 48 222 2 25 2 325 40
4/4 65 0 4 0 0 48 13 0 1 1 5 38 63 0 1 1 5 42 44 0 1 1 5 31 222 1 5 2 275 46 14 2 125 2 275 54
4/4 34 0 1 0 0 37 45 0 1 0 0 51 63 0 1 0 0 41 45 0 1 0 0 51 14 0 1 0 0 54 65 0 1 0 1 56 15 3 1333 2 225 52 53 1 5 2 225 46 223 0 1 3 3333 39 44 0 1 3 3333 41 74 1 5 1 35 33
4/4 223 0 1 0 0 39 44 0 1 0 0 41 74 2 25 0 0 33 75 2 175 1 5 53 313 1 5 1 15 51 65 0 1 1 25 46 54 0 1 1 25 39 13 3 1333 3 2667 39 55 1 5 2 325 45 525 3 333 3 3667 44
4/4 13 3 333 0 0 39 525 3 333 0 0 44 55 3 667 2 25 52 75 3 1333 2 75 50 43 1 5 2 75 42 34 0 1 0 2 39 63 0 1 0 2 37 65 0 1 0 3 42
4/4 65 3 333 0 0 42 33 2 225 2 25 39 55 2 75 2 125 43 53 0 1 3 1333 36 13 0 1 3 1333 31 45 1 5 0 2 43 315 1 5 1 25 45 45 2 25 0 3 48 222 3 333 3 3667 39 45 2 25 2 375 48
4/4 222 3 1917 0 0 39 45 2 75 0 0 48 13 0 1 2 75 36 63 0 1 2 75 37 35 3 667 1 15 49 224 2 25 0 2 48 14 3 667 3 3333 40 73 0 1 3 3333 28 12 0 1 3 3333 32 314 1 5 1 35 35
4/4 14 3 833 0 0 40 73 0 1 0 0 28 12 0 1 0 0 32 314 2 275 0 0 35 24 2 125 2 75 46 315 1 5 3 2333 37 44 3 333 3 3667 23 74 2 25 2 375 30
4/4 14 0 4 0 0 31 42 0 2 0 0 35 45 0 4 0 0 38 44 3 5333 0 0 23 74 3 3083 0 0 30 12 0 1 1 15 36 53 0 1 2 275 36
4/4 73 0 3 0 0 43 14 2 175 0 0 31 45 2 375 0 0 38 13 2 175 1 15 37 54 1 5 2 325 38
4/4 614 0 1 1 15 27 45 0 1 1 15 31 46 3 1667 0 2 24
