4/4 55 2 75 2 75 49 615 2 75 1 15 42 715 0 1 2 225 46 54 0 1 2 225 31 24 0 1 2 225 28 55 2 125 2 275 39 25 1 5 1 35 52
4/4 25 2 75 0 0 50 54 0 1 0 0 31 24 0 1 0 0 34 55 0 1 0 0 36 715 1 5 1 15 41 524 0 1 2 225 34 24 0 1 2 225 42 615 1 15 2 225 57 25 1 5 1 35 42
4/4 524 0 1 0 0 31 24 0 1 0 0 44 25 3 167 0 0 61 615 2 25 0 1 58 314 0 2 0 2 24 714 0 1 0 2 36 55 0 1 0 2 41 54 2 175 2 225 29 315 2 25 2 275 46 315 1 5 1 35 56
4/4 314 2 75 0 0 22 315 3 167 0 0 57 54 2 75 0 0 33 525 1 5 2 75 49 55 1 25 1 15 40 614 2 175 2 225 35 524 0 1 2 225 40 713 0 1 2 225 21 24 2 175 2 225 50
4/4 614 1 5 0 0 27 524 0 1 0 0 38 713 0 1 0 0 25 24 3 333 0 1 60 315 3 1667 2 225 51 14 0 1 2 225 46 13 0 1 2 225 29 54 2 175 2 225 44 525 1 5 1 35 49
4/4 14 0 1 0 0 45 13 0 1 0 0 31 54 1 15 0 0 29 55 1 5 2 75 55 615 2 25 1 15 43 54 0 1 0 2 28 713 0 1 0 2 39 614 0 1 0 2 34 24 0 1 0 2 45 55 3 333 1 35 60
4/4 54 0 1 0 0 32 713 0 1 0 0 27 615 3 333 2 75 67 715 2 25 1 15 61 14 0 1 0 2 44 315 0 1 0 2 38 15 0 1 0 2 52 613 0 1 0 2 43 54 0 1 0 2 42 15 2 25 3 3333 55
4/4 715 2 25 0 0 64 613 0 1 0 0 41 54 0 1 0 0 41 615 2 25 3 667 61 55 2 25 2 125 51 615 0 1 0 2 45 315 0 1 0 2 47 14 0 1 0 2 33 54 0 1 0 2 39 23 0 1 0 2 28
4/4 54 0 1 0 0 30 23 0 1 0 0 38 55 2 75 2 75 64 615 2 25 1 15 66 54 0 2 0 2 31 715 0 1 0 2 65 24 0 1 0 2 52 55 2 125 2 275 47 25 3 667 3 3333 58
4/4 54 3 1333 0 0 50 715 0 1 0 0 75 24 0 1 0 0 47 55 2 75 0 0 43 25 3 333 0 0 52 715 1 5 3 1333 63 615 3 1667 0 2 65 24 0 2 0 2 49 524 0 2 0 2 43 25 1 5 3 3333 51
4/4 24 2 25 0 0 46 524 2 75 0 0 44 615 3 333 3 667 57 55 1 15 2 175 63 714 0 1 0 2 54 54 0 1 0 2 36 314 0 2 0 2 44 315 2 25 1 25 48 315 1 5 2 325 50
4/4 314 2 25 0 0 34 525 1 5 1 5 55 55 1 25 0 1 51 713 0 1 2 175 38 524 0 1 2 175 41 24 0 1 2 175 55 614 0 1 2 175 37
4/4 713 0 1 0 0 36 524 0 1 0 0 27 24 1 5 1 5 64 54 0 1 2 175 36 13 0 1 2 175 44 315 1 15 2 175 63 14 2 175 2 175 55 525 1 5 2 325 73
4/4 54 0 1 0 0 39 13 0 1 0 0 35 55 1 5 3 333 69 615 2 25 0 1 57 54 0 1 3 1667 31 713 0 1 3 1667 37 614 0 1 3 1667 42 24 0 1 3 1667 45 55 3 333 2 325 64
4/4 54 0 1 0 0 38 713 0 1 0 0 40 615 2 25 3 333 53 715 2 25 0 1 48 14 0 1 3 1667 52 315 0 1 3 1667 48 615 0 1 3 1667 54 54 0 1 3 1667 35 613 0 1 3 1667 35 615 2 25 3 3667 43
4/4 615 0 1 3 333 49 23 0 1 3 333 37 525 0 1 3 333 54 54 0 1 3 333 36 23 0 1 3 333 36 24 0 1 3 333 53 525 0 1 3 333 57 55 2 25 0 1 58 53 0 1 3 1667 42 55 3 2333 3 1667 54 23 1 15 1 25 39 714 0 1 0 3 46 54 0 1 0 3 18
4/4 714 0 1 0 0 43 54 0 1 0 0 23 55 3 3917 0 0 59 23 1 15 0 0 42 24 3 2333 1 5 41 53 0 1 3 1667 59 23 3 1667 3 2333 48 714 3 667 0 3 50 54 0 1 0 3 32
4/4 54 3 333 0 0 48 23 3 583 0 0 51 14 1 5 3 333 61 24 1 5 0 1 54 54 0 1 1 15 46 614 0 1 1 15 40 22 2 75 1 15 61 613 2 175 2 225 34 23 0 1 0 3 38 54 1 5 1 35 43
4/4 614 1 5 0 0 61 23 3 333 0 0 46 613 1 5 0 0 32 54 3 167 0 0 55 54 3 2333 2 75 48 22 3 2667 3 1333 38 613 1 25 1 15 32 524 3 1667 1 15 36
4/4 22 3 83 0 0 35 613 3 833 0 0 24 715 1 5 2 25 60 15 3 333 2 75 81 24 0 1 3 1333 45 55 0 1 3 1333 52 53 0 1 3 1333 49 25 0 1 3 1333 71 715 2 25 1 15 44 23 1 5 0 2 45 25 0 1 2 275 73 54 0 1 2 275 57 714 3 667 3 3333 42
4/4 24 2 25 0 0 40 25 3 667 0 0 77 24 2 25 3 667 60 24 0 1 0 1 58 525 0 1 0 1 59 25 0 1 0 1 77 22 0 1 0 1 54 613 1 5 0 2 45 25 0 1 1 25 58 524 0 1 1 25 55 316 0 1 0 3 71 614 0 1 0 3 46 25 0 1 2 375 73 525 0 1 2 375 68 24 0 1 2 375 45
4/4 15 3 333 3 333 77 24 0 1 0 1 54 55 0 1 0 1 56 313 0 1 0 1 42 715 0 1 0 1 67 713 3 667 3 1667 57 715 0 1 3 2333 58 55 0 1 3 2333 69 524 2 25 3 2333 43 54 3 667 0 3 43 715 0 1 3 3667 45 55 0 1 3 3667 54 714 0 1 3 3667 46
4/4 24 0 1 3 667 39 525 0 1 3 667 51 715 0 1 3 667 60 712 0 1 3 667 61 15 3 333 1 15 78 523 2 75 1 15 43 715 0 1 2 225 55 613 0 1 2 225 50 24 0 1 2 225 58 615 2 25 2 275 76 23 3 667 2 275 54 55 0 1 3 3333 48 714 0 1 3 3333 65 524 0 1 3 3333 44
4/4 525 0 1 0 0 56 614 0 1 0 0 69 54 0 1 3 667 54 315 0 1 3 667 68 12 0 1 3 667 46 14 0 1 3 667 59 53 1 5 3 1333 54 315 0 1 0 2 71 23 0 1 0 2 43 525 0 1 3 2667 55 314 0 1 3 2667 56 55 0 1 2 325 69 54 0 1 2 325 51 615 2 25 2 375 75
4/4 712 0 1 1 5 38 24 0 1 1 5 54 54 0 1 1 5 66 53 2 25 2 125 49 55 0 1 2 175 59 23 0 1 2 175 46 714 0 1 2 175 61 54 2 25 1 25 56 615 2 25 0 3 75 715 2 25 2 375 57
4/4 14 0 1 2 25 45 315 0 1 2 25 64 612 0 1 2 25 41 15 0 1 2 25 77 313 3 333 0 1 54 315 0 1 3 1667 52 15 0 1 3 1667 69 13 0 1 3 1667 49 715 0 1 2 225 51 314 0 1 2 225 43 714 0 1 2 275 51 14 0 1 2 275 52 615 0 1 2 275 65 315 0 1 2 275 52 55 2 25 1 35 55
4/4 14 0 1 0 0 48 22 0 1 0 0 40 315 2 125 0 0 56 615 2 175 2 25 62 613 2 25 2 75 55 24 0 1 1 15 37 524 0 1 1 15 38 715 2 25 2 275 73 15 2 25 3 3333 73
4/4 25 0 1 0 0 72 53 0 1 0 0 52 23 0 1 2 75 48 24 0 1 2 75 49 25 0 1 3 1333 74 54 0 1 3 1333 52 24 2 25 0 2 60 714 3 667 0 2 30 25 0 1 3 2667 54 715 0 1 3 2667 64 24 0 1 3 2667 53 24 0 1 1 35 41 525 0 1 1 35 66 615 0 1 1 35 62 22 0 1 2 375 56 25 0 1 2 375 74
4/4 24 0 1 0 0 44 525 0 1 0 0 62 615 0 1 0 0 57 22 0 1 0 0 52 25 0 1 0 0 76 613 1 5 1 5 56 25 0 1 0 1 72 24 0 1 0 1 62 23 3 667 0 1 53 316 0 1 3 1667 73 315 0 1 3 1667 66 524 3 667 3 1667 38 25 0 1 3 2333 60 614 0 1 3 2333 40 24 0 1 3 2333 67 15 0 1 0 3 71 14 0 1 0 3 65 715 0 1 1 35 72 55 0 1 1 35 66 24 0 1 1 35 62 313 0 1 1 35 48
4/4 715 0 1 0 0 78 55 0 1 0 0 63 24 0 1 0 0 72 313 0 1 0 0 42 713 1 5 2 25 47 524 2 25 2 75 53 715 0 1 2 75 73 55 0 1 2 75 66 54 3 667 1 15 54 715 0 1 0 2 45 55 0 1 0 2 57 714 0 1 0 2 47 24 0 1 0 3 58 525 0 1 0 3 63 712 0 1 0 3 48 715 0 1 0 3 66 15 2 25 2 375 61
4/4 523 3 667 0 0 46 15 3 83 0 0 61 715 0 1 1 5 67 613 0 1 1 5 63 615 2 25 0 1 65 23 1 5 0 1 45 524 0 1 2 175 60 55 0 1 2 175 57 24 0 1 2 175 57 525 0 1 3 2333 61 614 0 1 3 2333 65 315 0 1 0 3 77 12 0 1 0 3 49 54 0 1 0 3 70 53 3 333 3 3667 57
4/4 53 3 167 0 0 48 315 0 1 2 25 67 23 0 1 2 25 46 314 0 1 2 75 53 525 0 1 2 75 63 55 0 1 1 15 73 54 0 1 1 15 48 615 2 25 0 2 74 712 0 1 2 275 50 614 0 1 2 275 52 24 0 1 2 275 50 53 2 25 1 35 53
4/4 55 0 1 0 0 58 714 0 1 0 0 49 23 2 25 0 0 57 54 2 25 3 667 43 615 3 333 3 1333 70 715 2 25 0 2 61 14 0 1 3 2333 45 315 0 1 3 2333 42 615 0 1 3 2333 51 612 1 5 1 25 48 313 1 5 2 325 42 13 2 25 2 375 33
4/4 615 2 25 1 5 47 614 0 1 0 1 47 615 0 1 0 1 41 23 0 1 0 1 34 525 0 1 0 1 50 24 0 1 0 1 40 55 2 25 2 175 47 55 3 1667 3 2333 53 53 0 1 3 2333 44 714 0 1 3 2333 53 23 0 1 0 3 46 714 0 1 3 3667 43 54 0 1 3 3667 40
4/4 55 3 1083 0 0 58 714 0 1 0 0 34 54 0 1 0 0 40 24 3 333 0 1 42 53 2 175 2 225 55 23 0 1 0 3 48 54 1 5 1 35 60
4/4 614 2 75 0 0 58 53 2 25 0 0 62 23 0 1 0 0 45 54 2 25 0 0 66 713 1 5 2 75 39 714 0 1 2 75 50 54 0 1 2 75 53 14 2 25 3 1333 59 54 0 1 2 175 41 614 0 1 2 175 49 22 2 75 0 2 59 24 1 15 0 2 57 613 3 1333 3 2667 37 23 3 667 3 3333 49
4/4 314 3 667 0 0 54 23 3 667 0 0 50 613 3 667 0 0 45 54 3 667 3 667 51 24 3 1333 2 125 45 613 0 1 0 2 32 23 0 1 0 2 18 22 0 2 0 2 22 524 3 667 0 2 44 25 3 667 3 3333 52
4/4 613 0 1 0 0 38 23 0 1 0 0 21 25 3 833 0 0 42 22 3 333 0 0 30 55 2 75 2 75 68 615 2 75 3 1333 80 715 0 1 0 2 70 52 0 1 0 2 45 55 2 75 2 275 49 22 3 333 2 275 45 53 1 5 3 3333 56 25 3 667 3 3333 63
4/4 713 0 1 0 0 42 25 3 1083 0 0 78 23 1 5 3 667 61 54 2 25 2 125 68 715 2 75 2 125 73 615 3 1333 2 175 69 22 2 75 2 175 62 613 1 5 1 25 52 25 0 1 0 3 72 524 1 5 2 325 53 23 2 25 2 375 51
4/4 23 1 5 0 0 55 25 1 5 0 0 73 615 0 1 1 5 57 614 0 1 1 5 40 55 0 1 2 175 73 313 0 1 2 175 49 315 2 25 3 2333 65 713 3 667 3 2333 42 524 3 667 0 3 41 315 0 1 0 3 73 713 3 333 3 3667 51
4/4 713 3 667 0 0 42 315 2 25 0 0 75 525 0 1 2 25 58 54 0 1 2 25 51 55 3 667 0 1 72 24 0 2 1 15 68 712 2 75 1 15 42 523 2 75 2 225 45 613 1 5 0 3 50 23 1 5 1 35 35
4/4 23 2 25 0 0 45 24 0 1 2 25 72 613 0 1 2 25 42 523 3 333 2 75 56 315 0 1 3 1333 68 12 0 1 3 1333 52 53 3 667 0 2 49 525 0 1 3 2667 78 23 0 1 3 2667 60 314 2 75 2 325 49
4/4 54 0 1 0 0 38 55 0 1 0 0 59 615 2 25 1 5 75 712 3 667 2 125 58 24 2 125 2 125 74 53 1 5 2 175 42 55 0 1 1 25 69 23 0 1 1 25 43 713 0 1 0 3 49 54 0 1 2 375 55 615 0 1 2 375 74
4/4 54 0 1 0 0 46 615 0 1 0 0 82 715 2 25 3 333 78 15 0 1 0 1 60 612 0 1 0 1 48 315 0 1 0 1 59 313 3 667 2 175 44 15 0 1 3 2333 77 713 0 1 3 2333 53 715 2 25 0 3 80 13 1 5 0 3 52 615 0 1 1 35 69 314 0 1 1 35 41
4/4 55 2 25 2 25 67 615 0 2 2 75 56 55 0 1 2 75 55 22 0 1 2 75 54 613 1 5 1 15 50 525 0 1 0 2 58 524 0 1 0 2 34 55 3 667 3 3333 76
4/4 615 2 25 0 0 71 55 3 83 0 0 67 715 0 1 1 5 62 52 0 1 1 5 54 55 3 2333 2 125 67 22 1 5 2 125 47 25 0 1 2 175 63 53 1 5 0 2 48 713 2 75 1 25 64 23 3 667 0 3 65 715 0 1 3 3667 63 54 0 1 3 3667 63
4/4 615 2 125 3 333 82 523 2 75 3 333 60 23 3 667 0 1 41 524 2 25 3 1667 53 25 2 125 3 1667 57 614 1 5 2 225 48 615 0 1 2 275 76 23 0 1 2 275 55 523 2 25 1 35 61
4/4 55 0 1 0 0 71 313 0 1 0 0 61 315 2 25 2 75 65 713 3 667 2 75 46 315 0 1 3 1333 75 314 0 1 3 1333 56 54 3 667 0 2 43 525 0 1 3 2667 66 314 0 1 3 2667 58 713 2 25 2 325 55 55 3 667 2 325 71 712 2 25 2 375 64
4/4 24 0 2 0 0 51 712 3 417 0 0 54 523 3 667 1 5 46 613 2 75 0 1 55 23 3 667 2 175 53 24 0 1 3 2333 83 613 0 1 3 2333 53 523 2 25 0 3 47 12 0 1 3 3667 58 315 0 1 3 3667 81
4/4 12 0 1 0 0 64 315 0 1 0 0 73 53 3 667 2 25 44 525 0 1 2 75 80 23 0 1 2 75 49 53 3 667 1 15 44 55 0 1 0 2 72 314 0 1 0 2 49 615 0 1 3 2667 60 53 0 1 3 2667 54 712 3 667 3 3333 57 24 3 667 3 3333 69
4/4 53 1 5 0 0 43 24 3 333 0 0 78 23 0 1 1 5 41 55 0 1 1 5 73 53 2 25 2 125 56 54 0 1 2 175 44 615 0 1 2 175 68 715 2 25 1 25 65 615 0 1 0 3 76 14 0 1 0 3 65 612 3 667 2 325 52 313 2 25 2 375 43
4/4 615 0 1 0 0 70 14 0 1 0 0 58 313 3 417 0 0 39 13 1 5 3 333 54 314 0 1 0 1 54 315 0 1 0 1 59 525 0 1 3 1667 76 24 0 1 3 1667 63 22 0 1 3 1667 50 55 0 1 3 2333 61 613 0 1 3 2333 47 52 0 1 0 3 56 714 0 1 0 3 75 55 0 1 0 3 71 22 3 333 3 3667 46
4/4 714 0 1 0 0 59 55 3 1333 0 0 75 22 3 167 0 0 51 53 3 667 2 25 56 713 2 75 2 75 62 23 2 75 1 15 70 54 3 1667 0 2 66 55 3 1333 3 2667 82 53 3 667 3 2667 55 713 2 75 2 325 48
4/4 615 0 1 0 0 69 23 0 1 0 0 51 24 0 1 1 5 61 54 0 1 1 5 46 714 2 25 0 1 69 715 1 5 0 1 69 24 2 25 2 175 57 24 0 1 0 2 50 55 0 1 0 2 64 615 0 1 0 2 63 22 0 1 0 2 65 25 0 1 0 2 84 613 3 667 0 3 43 23 3 333 3 3667 57
4/4 23 3 167 0 0 53 54 0 1 2 25 47 56 0 1 2 25 61 614 1 25 2 75 54 55 3 333 2 75 62 56 2 25 3 1333 53 24 2 175 1 15 41 524 2 125 0 2 34 615 0 1 0 2 38 616 0 1 0 2 54 25 0 1 2 325 62 26 0 1 2 325 45
4/4 715 2 25 1 5 86 15 3 333 0 1 86 24 0 1 3 1667 48 55 0 1 3 1667 65 715 0 1 3 1667 60 52 0 1 3 1667 69 25 0 1 3 1667 72 22 1 5 3 2333 54 25 0 1 0 3 73 53 0 1 0 3 73 713 0 1 1 35 59 24 0 1 1 35 67
4/4 55 0 1 2 25 78 25 0 1 2 25 71 23 0 1 2 25 66 54 2 25 2 75 68 24 0 1 2 125 65 525 0 1 2 125 46 615 0 1 2 125 86 22 0 1 1 15 75 25 0 1 1 15 86 613 3 667 0 2 65 25 0 1 3 2667 75 24 0 1 3 2667 59 314 1 5 3 2667 53 316 0 1 2 325 66 315 0 1 2 325 72 524 3 667 2 325 62 614 0 1 2 375 53 25 0 1 2 375 75 24 0 1 2 375 62
4/4 15 0 1 1 5 77 14 0 1 1 5 70 715 0 1 0 1 78 55 0 1 0 1 71 313 0 1 0 1 60 713 3 667 3 1667 56 715 0 1 2 225 73 524 0 1 2 225 47 24 0 1 2 275 78 713 0 1 2 275 52 715 0 1 1 35 64 55 0 1 1 35 76 54 0 1 1 35 59
4/4 713 2 25 0 0 56 24 0 1 1 5 60 525 0 1 1 5 54 715 0 1 1 5 74 712 0 1 1 5 70 15 2 25 3 1333 81 523 3 667 3 1333 50 613 0 1 0 2 63 715 0 1 0 2 76 615 0 1 1 25 71 23 0 1 1 25 63 524 0 1 2 325 57 55 0 1 2 325 67 525 0 1 2 375 66 614 0 1 2 375 71
4/4 315 0 1 3 333 82 12 0 1 3 333 73 54 0 1 3 333 73 53 3 333 0 1 61 315 2 25 3 1667 66 23 1 5 3 1667 52 314 3 667 2 225 56 525 2 25 2 225 67 55 0 1 2 275 74 54 0 1 2 275 45 615 2 25 3 3333 83
4/4 712 0 1 0 0 56 24 0 1 0 0 73 54 0 1 0 0 76 53 3 667 2 75 59 55 0 1 3 1333 63 714 0 1 3 1333 65 23 2 25 3 1333 67 54 1 5 0 2 64 615 2 25 1 25 94 23 1 5 1 25 55 53 0 1 2 325 48 715 0 1 2 325 86 14 0 1 3 3667 50 315 0 1 3 3667 56 15 0 1 3 3667 69 612 0 1 3 3667 61
4/4 14 0 1 0 0 46 315 0 1 0 0 58 15 0 1 0 0 79 612 0 1 0 0 60 313 2 75 3 333 59 315 0 1 0 1 70 15 0 1 0 1 71 713 0 1 0 1 65 715 0 1 3 1667 65 24 0 1 3 1667 67 13 0 1 3 1667 59 24 0 1 3 1667 58 314 1 5 2 225 46 615 0 1 2 225 71 14 0 1 2 225 58 55 0 1 2 275 67 54 0 1 2 275 52 315 0 1 2 275 63 615 1 5 1 35 71 525 0 1 1 35 63 22 0 1 1 35 57
4/4 613 1 5 0 0 65 615 0 1 0 0 66 525 0 1 0 0 64 22 0 1 0 0 68 23 3 667 2 75 64 524 0 1 3 1333 61 24 0 1 3 1333 83 715 0 1 0 2 68 54 0 1 0 2 74 55 0 1 0 2 53 615 0 1 1 25 70 15 0 1 1 25 86 715 0 1 2 325 88 25 0 1 2 325 80 52 0 1 2 325 58 22 2 25 2 375 52 24 2 25 2 375 68
4/4 22 2 25 0 0 55 24 1 5 0 0 72 25 0 1 3 333 64 55 0 1 3 333 65 53 0 1 3 333 68 713 0 1 0 1 46 24 0 1 0 1 79 25 0 1 3 1667 75 23 0 1 3 1667 62 715 0 1 3 1667 66 24 0 1 2 225 78 54 0 1 2 225 60 24 0 1 3 2667 53 525 0 1 3 2667 71 615 0 1 3 2667 61 22 0 1 3 2667 59 25 0 1 3 2667 80 613 1 5 1 35 53
4/4 24 0 1 0 0 79 25 0 1 0 0 76 314 3 333 0 0 50 524 2 75 3 667 51 315 0 1 3 667 71 316 0 1 3 667 62 614 0 1 2 125 66 24 0 1 2 125 63 25 0 1 2 125 71 525 0 1 2 125 65 615 0 1 2 125 70 14 0 1 2 175 74 15 0 1 2 175 75 55 0 1 1 25 61 715 0 1 1 25 72 313 0 1 1 25 64 24 2 125 1 25 72 713 1 5 2 325 46 715 0 1 3 3667 61 55 0 1 3 3667 58 524 2 25 2 375 52
4/4 524 3 83 0 0 55 715 0 1 0 0 68 55 0 1 0 0 65 24 0 1 3 333 56 54 0 1 3 333 45 714 2 25 0 1 65 55 0 1 0 1 68 715 0 1 0 1 61 24 2 25 1 15 71 712 0 1 2 225 66 715 0 1 2 225 59 525 1 5 2 225 71 15 2 25 2 275 71 523 2 75 2 275 54 24 0 1 3 3333 55 713 0 1 3 3333 78 715 0 1 3 3333 69
4/4 23 1 5 0 0 65 615 0 1 0 0 61 14 0 1 0 0 50 714 0 1 3 667 62 55 0 1 3 667 54 524 0 1 3 667 55 525 0 1 2 125 66 614 0 1 2 125 73 54 0 1 2 175 57 14 0 1 2 175 69 12 0 1 2 175 68 315 0 1 2 175 80 53 1 5 1 25 45 315 3 333 0 3 63 23 3 667 0 3 52 525 3 333 3 3667 78 314 3 333 3 3667 62
4/4 314 3 333 0 0 57 55 0 1 2 25 70 54 0 1 2 25 58 615 2 25 0 1 64 712 3 667 1 15 61 24 0 1 1 15 62 54 0 1 1 15 56 53 3 333 0 2 42 714 0 1 3 2667 74 55 0 1 3 2667 62 23 2 25 2 275 63 54 2 25 3 3333 58
4/4 615 2 25 0 0 72 715 2 25 1 5 71 14 0 1 0 1 45 315 0 1 0 1 54 615 0 1 0 1 71 612 3 667 2 125 42 313 1 5 2 175 52 13 1 5 1 25 35 314 0 1 0 3 38 615 0 1 0 3 66 614 0 1 3 3667 38 615 0 1 3 3667 62 24 0 1 3 3667 52 23 0 1 3 3667 47 525 0 1 3 3667 50
4/4 614 0 1 0 0 51 615 0 1 0 0 60 24 0 1 0 0 66 23 0 1 0 0 38 525 0 1 0 0 62 55 2 25 3 333 64 52 2 75 0 1 40 55 0 1 0 1 62 714 0 1 0 1 66 22 1 5 1 15 61 53 3 667 2 225 56 713 2 75 2 275 47 23 2 25 1 35 46 714 1 5 1 35 72
4/4 54 3 1667 0 0 58 714 3 167 0 0 75 14 0 1 3 667 76 52 0 1 3 667 52 313 1 5 3 1333 51 315 2 125 0 2 75 13 1 5 0 2 48 314 1 5 1 25 49 54 2 25 2 325 51 54 2 25 2 375 71
4/4 52 0 1 3 333 58 24 0 1 3 333 64 524 0 1 3 333 52 523 2 25 0 1 61 615 0 1 3 1667 56 24 0 1 3 1667 51 613 3 667 3 1667 49 23 3 667 3 2333 47 524 2 25 0 3 48 614 2 25 1 35 43
4/4 314 0 1 0 0 32 54 0 1 0 0 38 14 0 1 2 25 39 24 0 1 2 25 55 55 0 1 2 25 43 53 2 225 2 25 20 55 0 1 1 15 50 56 0 1 1 15 50 715 2 75 0 3 72 15 3 333 3 3667 76
4/4 25 0 1 3 333 70 55 0 1 3 333 59 54 2 275 3 333 52 716 0 1 1 15 65 25 0 1 1 15 64 24 2 125 3 1667 40 616 2 75 2 225 65 716 0 1 2 275 61 25 0 1 2 275 64 714 2 75 2 275 52 16 2 25 1 35 60
4/4 25 0 1 0 0 52 526 0 1 0 0 43 616 0 1 0 0 57 26 0 1 0 0 52 23 3 2333 2 25 54 25 2 25 1 15 57 614 0 2 1 15 46 316 2 25 0 2 66 524 0 1 2 275 43 25 3 333 2 275 73 15 2 25 3 3333 68
4/4 314 3 1667 0 0 51 715 0 1 0 0 59 55 0 1 0 0 57 24 0 1 0 0 58 56 0 1 2 125 63 715 0 1 2 125 58 714 3 1333 2 125 45 615 0 1 2 175 59 526 0 1 2 175 62 715 0 1 1 25 63 54 0 1 1 25 49 56 0 1 1 25 56 616 2 25 0 3 70 25 0 1 3 3667 51 526 0 1 3 3667 47 716 0 1 3 3667 69 713 2 25 2 375 43
4/4 713 3 1083 0 0 48 524 2 225 0 1 54 715 3 667 0 1 72 15 2 25 3 1667 60 715 0 1 2 225 74 24 0 1 2 225 53 614 0 1 2 225 49 24 0 1 2 225 49 615 2 25 2 275 57 13 1 5 1 35 48 55 0 1 1 35 62 315 0 1 1 35 57 14 0 1 1 35 51
4/4 13 2 175 0 0 46 55 0 1 0 0 67 315 0 1 0 0 54 14 0 1 0 0 66 54 2 125 2 75 37 55 2 75 2 75 75 525 3 667 1 15 66 315 0 1 0 2 55 314 0 1 0 2 34 525 3 333 3 2667 58 713 2 75 2 325 52 55 3 667 3 3333 59 24 3 667 3 3333 57
4/4 713 2 175 0 0 53 55 3 583 0 0 58 24 0 1 3 667 52 54 0 1 3 667 41 615 0 1 2 175 63 23 0 1 2 175 36 715 2 25 1 25 69 14 0 1 0 3 40 315 0 1 0 3 53 615 0 1 0 3 67 613 0 1 0 3 42
4/4 613 1 5 0 0 45 314 2 175 1 5 54 615 2 25 0 1 62 615 2 75 3 1667 67 14 3 333 3 1667 32 55 2 25 3 2333 57 24 0 1 2 275 38 23 0 1 2 275 43 615 0 1 2 275 55 55 3 667 0 3 63
4/4 25 0 1 2 25 50 525 0 1 2 25 31 524 0 1 2 25 38 715 3 333 1 15 70 15 3 333 2 225 70 24 0 1 3 2667 37 55 0 1 3 2667 65 25 0 1 3 2667 71 53 2 125 2 275 60
4/4 53 2 25 0 0 51 716 0 1 2 25 75 25 0 1 2 25 56 23 1 15 2 25 44 616 3 333 2 75 71 716 0 1 3 1333 55 25 0 1 3 1333 63 714 0 1 3 1333 45 16 1 5 0 2 68 25 0 1 1 25 41 526 0 1 1 25 48 616 0 1 1 25 64 22 2 125 2 275 58 26 2 25 2 275 59
4/4 613 2 225 0 0 45 25 3 333 0 0 71 316 2 25 3 667 74 25 0 1 2 125 66 524 0 1 2 125 48 15 2 25 2 175 73 24 0 1 3 2333 67 55 0 1 3 2333 69 715 0 1 3 2333 61 313 1 15 1 25 64 56 0 1 3 3667 63 715 0 1 3 3667 59 713 2 25 2 375 47
4/4 713 3 1417 0 0 60 526 0 1 3 333 58 615 0 1 3 333 58 56 0 1 0 1 58 715 0 1 0 1 81 54 0 1 0 1 50 616 0 1 1 15 65 15 0 1 1 15 72 25 0 1 2 225 55 526 0 1 2 225 60 716 0 1 2 225 70 712 0 1 2 225 60 16 2 25 2 275 71 523 3 667 3 3333 48 716 0 1 1 35 59 25 0 1 1 35 57
4/4 616 3 333 0 0 73 523 0 1 0 0 56 56 0 1 3 667 67 715 0 1 3 667 65 613 3 667 2 75 55 526 0 1 3 1333 67 615 0 1 3 1333 59 12 0 1 0 2 62 55 0 1 0 2 55 15 0 1 0 2 65 316 0 1 0 2 67 55 0 1 0 2 72 15 0 1 0 2 50 316 3 333 3 3333 65 53 3 667 3 3333 38
4/4 526 3 333 0 0 64 53 3 333 0 0 54 56 0 1 3 667 64 23 0 1 3 667 41 616 2 25 3 1333 50 54 0 1 0 2 46 23 0 1 0 2 31 55 0 1 0 2 47 713 0 1 0 2 27 25 0 2 0 2 50 56 1 5 1 35 45
4/4 54 0 1 0 0 28 23 0 1 0 0 46 55 0 1 0 0 49 713 0 1 0 0 31 25 0 1 0 0 49 56 3 833 0 0 49 55 1 5 2 175 71 525 1 5 0 2 61 12 3 1333 1 25 55 315 2 75 1 25 73 54 2 75 2 325 57 53 2 25 2 375 61 315 2 25 2 375 82
4/4 53 1 5 0 0 61 315 3 83 0 0 68 525 2 25 1 5 66 55 0 1 0 1 53 23 0 1 0 1 33 615 2 25 2 175 52 24 2 125 1 25 59 54 1 15 1 25 50 53 0 1 1 25 48 712 0 1 1 25 28
4/4 55 0 1 0 0 57 714 0 1 0 0 40 23 2 275 0 0 23 54 3 1167 0 0 50 56 1 5 1 25 66 526 3 333 0 3 76 55 0 1 3 3333 58 15 0 1 3 3333 45 316 0 1 3 3333 70 12 0 1 1 35 50 316 0 1 1 35 62
4/4 55 0 1 0 0 60 15 0 1 0 0 52 316 0 1 0 0 66 12 0 1 0 0 60 316 0 1 0 0 68 53 1 5 2 25 56 23 0 1 2 75 43 316 0 1 2 75 74 314 0 1 3 1333 45 526 2 25 1 15 61 56 3 333 0 2 64 54 2 75 0 2 53 616 0 1 2 275 65 24 0 1 2 275 56 713 3 333 3 3667 56 25 0 1 3 3667 63 55 0 1 3 3667 51
4/4 713 3 333 0 0 57 25 0 1 0 0 66 55 0 1 0 0 53 54 1 5 3 333 38 56 0 1 0 1 46 24 0 1 0 1 47 715 0 1 0 1 45 714 2 125 3 1667 33 55 2 25 1 25 56 616 1 5 1 25 54 716 2 25 2 325 45
4/4 15 0 1 0 0 43 316 0 1 0 0 53 613 2 75 0 0 45 616 3 1333 2 25 39 314 3 333 2 75 43 14 1 5 1 15 41 316 2 25 3 2333 50 14 0 1 2 325 39 526 0 1 2 325 38 23 0 1 2 325 24 615 0 1 2 325 40
4/4 14 0 1 0 0 41 526 0 1 0 0 36 23 0 1 0 0 42 615 0 1 0 0 32 56 2 25 2 75 55 53 2 75 3 1333 48 55 0 1 3 1333 51 56 0 1 3 1333 51 23 1 5 2 225 47 25 0 1 0 3 56 714 0 1 0 3 47 23 3 333 3 3667 38
4/4 23 3 417 0 0 42 54 0 1 2 25 35 715 0 1 2 25 56 35 0 1 1 15 57 55 0 1 1 15 65 53 0 1 1 15 42 15 0 1 1 15 67 34 2 75 3 2333 54 15 0 1 0 3 52 54 0 1 0 3 38 56 0 1 0 3 56 34 3 333 3 3667 55
4/4 34 0 1 0 0 47 56 2 25 0 0 65 15 0 1 3 333 55 14 0 1 3 333 44 53 0 1 2 175 48 715 0 1 2 175 49 24 0 1 2 175 56 23 2 75 1 25 51 56 0 1 2 325 54 714 0 1 2 325 35
4/4 23 2 75 0 0 38 54 0 1 3 667 45 715 0 1 3 667 45 53 0 1 2 225 28 34 0 1 2 225 41 14 0 1 2 225 28 35 0 1 3 2333 35 615 0 1 3 2333 37
4/4 53 0 1 0 0 35 34 0 1 0 0 42 14 0 1 0 0 25 615 2 25 0 1 48 615 2 25 2 175 55 55 2 75 2 275 24
4/4 54 0 1 3 1667 17 714 0 1 3 1667 29 52 3 1333 2 175 41 24 0 2 0 2 49 55 0 2 0 2 31 22 3 667 0 3 43
4/4 713 3 667 0 0 41 54 0 1 0 0 14 714 0 1 0 0 36 24 2 175 0 0 42 55 3 2667 0 0 21 23 0 1 0 1 50 54 2 125 0 2 35 714 2 75 2 325 41
4/4 714 3 1917 0 0 36 24 2 75 0 1 24 55 0 1 2 125 26 56 0 1 2 125 23
