4/4 34 3 3333 3 667 66 64 2 125 2 275 69
4/4 34 3 2667 0 0 49 64 3 3083 0 0 62 35 1 15 2 125 78
4/4 35 3 1333 1 5 64 313 3 333 1 5 48 34 0 1 1 15 52 63 0 1 1 15 57 713 0 1 1 15 45 224 2 25 3 2667 79 523 1 5 1 35 71
4/4 523 3 1167 0 0 55 524 0 1 1 5 56 223 0 1 1 5 31 73 0 1 1 5 52 714 0 1 1 5 56 73 0 1 1 5 45 74 3 667 0 2 88 34 1 5 1 25 71 63 3 1333 3 2667 51 524 3 667 0 3 60 713 0 1 1 35 40 34 0 1 1 35 47 64 1 5 1 35 50
4/4 63 3 667 0 0 46 713 0 1 0 0 45 34 0 1 0 0 48 64 2 225 0 0 55 33 1 5 1 15 56 713 0 1 1 25 59 34 0 1 1 25 73 64 3 667 0 3 81 714 2 25 3 3333 72 35 2 25 2 375 85
4/4 525 0 1 3 333 82 33 0 1 3 333 56 223 0 1 3 1333 34 73 0 1 3 1333 38 524 0 1 3 1333 54 35 3 333 3 2667 61 45 2 75 2 325 67 72 1 5 2 325 55
4/4 45 0 1 0 0 69 44 0 1 2 25 56 74 0 1 2 25 48 43 0 1 2 25 38 223 0 1 2 25 45 224 2 25 1 15 67 64 0 1 0 2 61 74 0 1 0 2 63 33 0 2 0 2 61 35 0 2 0 2 70 73 0 1 0 3 42 34 0 1 0 3 51
4/4 63 2 25 0 0 43 64 0 1 0 0 64 44 0 1 0 0 52 33 2 25 0 0 49 35 0 2 0 0 71 73 0 1 2 125 28 33 0 1 2 125 43 54 0 1 2 125 42 34 0 1 2 125 30 34 3 667 2 275 88 64 3 667 3 3333 81 35 2 25 2 375 81
4/4 313 3 333 2 25 48 35 2 125 2 25 65 34 0 1 2 125 42 713 0 1 2 125 52 63 0 1 2 125 43 224 3 333 2 225 65 523 0 1 0 3 71
4/4 524 0 1 0 0 53 223 0 1 0 0 41 714 0 1 0 0 70 73 0 1 0 0 55 74 3 667 1 15 77 34 1 5 0 2 60 63 2 175 0 2 56 524 3 667 1 25 59 713 0 1 0 3 37 34 0 1 0 3 52 64 0 1 0 3 68
4/4 64 0 2 0 0 54 33 0 2 2 75 69 713 0 1 2 175 55 34 0 1 2 175 75 64 3 667 2 225 91 714 2 25 3 2667 81 35 2 25 0 3 85 33 0 1 3 3667 51 525 0 1 3 3667 93
4/4 33 0 1 0 0 54 525 0 1 0 0 78 73 0 1 1 5 30 524 0 1 1 5 48 223 0 1 1 5 40 314 0 1 2 225 62 64 0 1 2 225 56 713 0 1 2 225 40 224 0 1 2 225 84 222 0 1 2 225 45 35 0 1 3 3333 67 524 0 1 3 3333 72 74 0 1 3 3333 57 223 0 1 3 3333 44 33 0 1 3 3333 51
4/4 35 0 1 0 0 77 524 0 1 0 0 69 74 0 1 0 0 75 223 0 1 0 0 51 33 0 1 0 0 60 525 2 25 0 1 77 713 0 1 1 15 49 224 0 1 1 15 70 314 0 1 1 15 65 222 0 1 1 15 40 64 0 1 1 15 70 35 0 1 3 2333 78 524 0 1 3 2333 81 74 0 1 3 2333 81 223 0 1 3 2333 66 33 0 1 3 2333 54
4/4 525 2 25 0 0 65 223 0 1 1 5 42 524 0 1 1 5 59 714 0 1 1 5 75 523 0 1 1 5 52 74 2 25 1 15 75 223 0 1 3 2333 55 34 0 1 3 2333 54 73 0 1 3 2333 45 33 0 1 3 2333 37 524 3 333 0 3 65 223 0 1 2 325 53 34 0 1 2 325 47 64 1 5 1 35 63 62 1 5 1 35 43
4/4 64 2 375 0 0 59 223 0 1 0 0 42 34 0 1 0 0 60 62 1 15 0 0 58 33 0 1 3 333 54 73 0 1 3 1333 43 223 0 1 3 1333 39 713 0 1 3 2333 46 33 0 1 3 2333 41 63 0 1 3 2333 39 62 0 1 3 2333 41
4/4 313 3 667 1 15 50 35 2 125 1 15 85 34 0 1 1 25 58 713 0 1 1 25 44 63 0 1 1 25 40 224 0 1 1 25 83 34 0 1 3 3333 57 713 0 1 3 3333 45 63 0 1 3 3333 58 35 3 667 3 3333 80
4/4 35 3 583 0 0 80 64 2 125 3 333 72 712 2 25 3 333 52 34 0 1 3 1333 40 224 0 1 3 1333 79 713 0 1 3 1333 41 63 0 1 3 1333 46 714 0 1 2 275 64 224 0 1 2 275 64 714 2 25 0 3 78 712 0 1 2 325 62 74 0 1 2 325 72
4/4 712 0 1 0 0 60 74 0 1 0 0 76 73 0 1 2 25 58 523 0 1 2 25 36 33 0 1 2 25 37 64 0 1 2 25 80 73 0 1 0 1 59 33 0 1 0 1 58 523 0 1 0 1 37 74 0 1 2 125 76 522 1 5 0 2 54 34 0 2 0 2 53 523 0 1 2 325 37 73 0 1 2 325 38 33 0 1 2 325 41
4/4 34 2 25 3 667 78 313 3 667 2 125 53 35 0 1 2 125 80 34 0 1 0 2 54 63 0 1 0 2 51 713 0 1 0 2 58 224 2 75 2 225 86 34 0 1 0 3 58 713 0 1 0 3 46 63 0 1 0 3 45 35 0 1 0 3 67
4/4 64 0 2 0 0 65 712 2 25 0 0 46 34 0 1 0 1 47 713 0 1 0 1 35 224 0 1 0 1 65 63 0 1 0 1 60 714 2 25 1 25 56 224 0 1 3 2667 62 714 0 1 3 2667 62 74 0 1 0 3 73 33 0 1 0 3 62
4/4 523 0 1 0 0 42 223 0 1 0 0 38 73 0 1 0 0 52 74 0 1 0 0 83 33 0 1 0 0 62 223 0 1 0 1 70 73 0 1 0 1 56 523 0 1 0 1 62 714 0 1 2 175 70 715 0 1 2 175 82 72 3 333 0 2 64 33 0 1 0 3 57 223 0 1 0 3 43 523 0 1 0 3 44 73 0 1 0 3 54
4/4 224 0 1 0 0 86 225 0 1 0 0 87 35 0 1 3 667 67 65 0 1 3 667 69 715 0 1 3 667 75 36 0 1 3 667 68 313 1 5 2 75 73 34 0 1 2 175 63 63 0 1 2 175 61 713 0 1 2 175 53 713 0 1 2 275 59 63 0 1 2 275 71 34 0 1 2 275 68 523 0 1 3 3667 60 225 0 1 3 3667 94
4/4 523 0 1 0 0 60 225 0 1 0 0 79 36 1 5 2 25 62 524 0 1 3 667 54 526 0 1 3 667 76 525 0 1 3 667 66 223 0 1 3 667 49 73 0 1 3 667 41 36 2 25 0 2 81 35 0 1 1 25 54 525 0 1 1 25 80 63 0 1 1 25 63 225 0 1 1 25 90 715 1 5 1 35 101 64 0 1 1 35 51 713 0 1 1 35 47 34 0 1 1 35 40
4/4 715 2 75 0 0 99 64 0 1 1 5 63 713 0 1 1 5 47 34 0 1 1 5 58 65 1 5 0 1 66 33 3 333 1 15 68 715 0 1 1 15 74 35 0 1 1 15 69 64 0 1 1 25 66 713 0 1 1 25 55 34 0 1 1 25 58 715 1 5 1 35 93
4/4 225 3 333 0 0 80 715 3 167 0 0 88 35 0 1 3 333 75 65 0 1 3 333 70 715 0 1 3 333 91 36 0 1 3 333 68 313 3 333 1 5 62 34 0 1 3 1333 68 713 0 1 3 1333 50 63 0 1 3 1333 48 713 0 1 3 2333 64 34 0 1 3 2333 63 63 0 1 3 2333 49 523 0 1 2 325 66 225 0 1 2 325 78 36 3 333 3 3667 81
4/4 36 3 167 0 0 81 524 0 1 2 25 46 526 0 1 2 25 71 75 0 1 2 25 60 525 0 1 2 25 70 223 0 1 2 25 40 73 0 1 2 25 61 36 1 5 3 1667 81 63 2 25 0 2 63 63 3 667 2 225 57 715 0 1 2 225 77 35 0 1 2 225 79 64 0 1 0 3 59 713 0 1 0 3 67 34 0 1 0 3 60
4/4 33 2 25 0 0 45 715 0 1 0 0 73 35 0 1 0 0 80 62 2 25 2 125 45 715 2 25 3 2667 100 75 2 25 0 3 104 35 1 5 1 35 85
4/4 525 1 15 0 0 85 613 1 5 0 0 78 35 3 167 0 0 88 64 0 1 0 1 66 223 0 1 0 1 55 314 0 1 0 1 54 64 0 1 0 2 65 65 0 1 0 2 72 224 0 1 0 2 85 314 0 1 0 2 48 223 0 1 0 2 62 224 0 1 2 275 85 65 0 1 2 275 85 315 0 1 2 275 78 313 3 333 0 3 71
4/4 64 0 1 0 0 66 314 0 1 0 0 52 223 0 1 0 0 50 65 2 25 2 75 93 715 2 25 3 1333 88 225 0 1 2 175 94 65 0 1 2 175 71 35 0 1 2 175 71 63 1 5 2 175 71 64 0 1 2 275 67 713 0 1 2 275 64 34 0 1 2 275 60 715 1 5 2 325 79 35 0 1 3 3667 72 225 0 1 3 3667 82 65 0 1 3 3667 75
4/4 35 0 1 3 333 56 65 0 1 3 333 72 75 0 1 3 667 96 36 0 1 3 667 87 32 2 25 3 667 64 65 0 1 1 15 68 73 0 1 1 15 66 63 0 1 1 15 51 35 2 25 3 1667 63 75 0 1 1 25 83 34 0 1 1 25 55 36 0 1 1 35 72 65 0 1 1 35 68 64 0 1 1 35 54 74 0 1 1 35 61
4/4 64 0 1 0 0 55 74 0 1 0 0 51 66 0 1 1 5 62 75 1 5 1 5 64 35 2 25 1 5 63 36 0 1 3 1333 58 76 0 1 3 1333 55 65 2 125 3 1333 49 36 0 1 3 2333 38 55 0 1 3 2333 30 75 0 1 3 2333 50 37 0 1 3 2333 66
4/4 34 2 25 3 1333 75 64 3 333 2 225 97 35 2 25 2 325 89
4/4 35 3 1333 0 0 97 312 2 25 2 25 55 713 0 1 0 1 55 34 0 1 0 1 45 63 0 1 0 1 41 313 0 1 0 1 57 224 2 25 0 2 80 522 2 25 0 3 60
4/4 524 0 1 0 0 65 523 0 1 0 0 58 223 0 1 0 0 40 73 0 1 0 0 46 714 0 1 0 0 74 523 0 1 0 0 65 223 0 1 0 0 44 73 0 1 0 0 53 74 3 667 1 15 82 62 0 1 0 2 56 34 0 1 0 2 77 524 1 5 3 2333 68 713 0 1 2 275 51 33 0 1 2 275 58 34 0 1 0 3 69 64 0 1 0 3 73
4/4 34 0 1 0 0 61 64 0 1 0 0 77 32 2 25 3 667 72 34 0 1 3 1667 60 713 0 1 3 1667 56 63 0 1 3 1667 52 64 3 667 0 2 81 714 2 25 1 25 95 35 2 25 0 3 89 525 0 1 1 35 82 33 0 1 1 35 71
4/4 525 0 1 0 0 81 33 0 1 0 0 66 524 0 1 3 333 63 74 0 1 3 333 53 73 0 1 3 333 52 223 0 1 3 333 44 314 0 1 2 225 63 64 0 1 2 225 58 224 0 1 2 225 61 713 0 1 2 225 53 222 0 1 2 225 48 35 0 1 2 325 83 524 0 1 2 325 70 74 0 1 2 325 69 223 0 1 2 325 73 74 0 1 2 325 72 33 0 1 2 325 64
4/4 35 0 1 0 0 71 524 0 1 0 0 79 74 0 1 0 0 72 223 0 1 0 0 60 74 0 1 0 0 69 33 0 1 0 0 72 525 2 25 3 667 84 224 0 1 2 125 77 713 0 1 2 125 84 314 0 1 2 125 76 64 0 1 2 125 60 222 0 1 2 125 75 35 0 1 2 225 79 524 0 1 2 225 91 223 0 1 2 225 71 74 0 1 2 225 69 33 0 1 2 225 62 525 2 25 3 3667 81
4/4 714 0 1 2 25 76 524 0 1 2 25 62 223 0 1 2 25 64 522 0 1 2 25 44 523 0 1 2 25 40 522 0 1 2 25 43 74 2 25 2 125 79 223 0 1 0 2 47 33 0 1 0 2 50 73 0 1 0 2 43 34 0 1 0 2 66 524 3 333 3 2667 64 64 0 1 0 3 74 223 0 1 0 3 57 34 0 1 0 3 78 62 0 1 0 3 63
4/4 33 0 1 0 0 50 64 3 3333 0 0 66 62 3 667 0 0 64 223 0 1 0 1 52 73 0 1 0 1 57 63 0 1 0 2 35 713 0 1 0 2 44 34 0 1 0 2 43 33 0 1 0 2 34 62 0 1 0 2 44
4/4 313 1 5 3 1333 61 36 0 1 2 225 88 34 0 1 2 225 38 63 0 1 2 225 38 713 0 1 2 225 38 34 0 1 2 325 56 63 0 1 2 325 55 713 0 1 2 325 39 36 2 25 3 3667 76
4/4 36 3 1333 0 0 83 712 2 25 0 0 73 713 0 1 0 1 50 63 0 1 0 1 44 34 0 1 0 1 48 225 2 25 1 15 75 36 3 333 0 2 92 66 2 25 3 2333 93 523 1 5 2 275 66 36 0 1 0 3 94 524 0 1 2 375 41 223 0 1 2 375 55 73 0 1 2 375 54 225 2 25 2 375 67
4/4 524 0 1 0 0 51 223 0 1 0 0 46 73 0 1 0 0 49 225 2 125 0 0 64 524 0 1 2 75 66 223 0 1 2 75 46 73 0 1 2 75 50 15 3 667 2 125 68 225 0 2 3 1667 61 222 2 25 2 175 57 223 0 1 3 2667 38 524 0 1 3 2667 49 73 0 1 3 2667 43
4/4 33 1 5 1 5 64 224 0 1 0 1 59 525 0 1 0 1 55 75 0 1 3 1333 75 223 0 1 3 1333 62 524 0 1 3 1333 64 73 0 1 3 1333 63 225 2 75 3 1333 83 524 0 1 2 225 72 223 0 1 2 225 67 73 0 1 2 225 51 225 2 25 2 275 79 225 2 75 2 325 71 72 2 25 2 325 79
4/4 225 3 583 0 0 76 524 0 1 2 25 51 223 0 1 2 25 57 73 0 1 2 25 51 715 3 667 3 667 89 225 1 5 2 125 94 526 1 5 1 15 78 225 0 1 0 2 77 63 0 1 0 2 56 524 0 1 0 3 46 713 0 1 0 3 40 34 0 1 0 3 47 715 0 1 0 3 78 35 0 1 0 3 56 524 0 1 2 375 51 713 0 1 2 375 52 34 0 1 2 375 37
4/4 715 0 1 0 0 74 35 0 1 0 0 66 75 2 25 3 333 77 33 2 25 2 75 54 715 0 1 2 75 60 35 0 1 2 75 63 524 0 1 2 175 34 34 0 1 2 175 53 713 0 1 2 175 54 65 2 25 2 275 77 75 3 333 2 325 96 714 0 1 3 3667 57 315 0 1 3 3667 63 65 0 1 3 3667 58 715 0 1 3 3667 79 222 2 25 2 375 70
4/4 714 0 1 0 0 51 315 0 1 0 0 69 65 0 1 0 0 66 715 0 1 0 0 64 314 0 1 3 667 60 713 0 1 3 667 39 63 0 1 3 667 52 715 3 333 2 125 99 314 0 1 3 1667 75 715 0 1 3 1667 104 713 0 1 3 1667 43 63 0 1 3 1667 49 715 2 25 0 2 85 62 2 25 1 25 65 75 3 667 1 25 67 314 0 1 1 35 62 715 0 1 1 35 81 63 0 1 1 35 40 315 0 1 1 35 68 713 0 1 1 35 44
4/4 65 2 25 1 5 97 75 3 333 0 1 94 715 0 1 3 1333 88 35 0 1 3 1333 75 525 0 1 3 1333 71 33 2 25 3 1333 74 524 0 1 3 2333 63 713 0 1 3 2333 65 223 0 1 3 2333 54 715 2 25 2 275 95 524 0 1 2 325 75 223 0 1 2 325 69 715 0 1 2 325 84 713 0 1 2 325 59 715 3 333 3 3667 78
4/4 712 2 25 2 25 76 75 3 667 2 25 79 224 0 1 2 75 52 525 0 1 2 75 59 715 0 1 0 1 83 524 0 1 0 1 47 223 0 1 0 1 47 713 0 1 0 1 51 65 2 25 0 2 87 75 2 25 1 25 87 315 0 1 0 3 59 65 0 1 0 3 76 715 0 1 0 3 83 612 2 25 0 3 73
4/4 64 0 1 0 0 63 613 0 1 0 0 63 314 0 1 0 0 66 223 0 1 0 0 43 715 0 1 3 333 81 315 0 1 3 333 77 65 0 1 3 333 70 715 0 1 0 1 96 613 0 1 0 1 74 715 2 25 3 1333 79 313 0 1 2 175 78 715 0 1 2 175 82 65 0 1 3 2667 50 225 0 1 3 2667 74 314 0 1 3 2667 49 223 0 1 3 2667 46 526 0 1 3 2667 72 64 0 1 2 275 47 314 0 1 2 275 58 223 0 1 2 275 50 526 0 1 2 275 89 613 2 25 3 3667 62
4/4 715 2 25 0 0 81 65 0 1 1 5 77 73 0 1 1 5 55 225 0 1 1 5 79 73 0 1 1 5 63 64 0 1 1 15 57 314 0 1 1 15 38 223 0 1 1 15 46 315 1 5 0 2 64 65 1 5 3 2333 65 225 3 333 2 275 55 34 0 1 3 3333 24 74 0 1 3 3333 39 55 0 1 3 3333 49 35 1 5 1 35 35 75 0 1 3 3667 48 36 0 1 3 3667 45
4/4 34 0 1 0 0 23 74 0 1 0 0 44 55 0 1 0 0 50 35 3 1167 0 0 24 75 0 1 0 0 37 36 0 1 0 0 53 34 0 1 0 3 84 35 0 1 0 3 75
4/4 64 0 1 0 0 71 65 0 1 0 0 90 35 0 1 0 1 79 36 0 1 0 1 77 36 0 1 2 175 77 65 0 1 2 175 93 313 2 25 2 175 60 34 0 1 2 275 50 713 0 1 2 275 58 63 0 1 2 275 58 34 0 1 3 3667 67 225 0 1 3 3667 100 63 0 1 3 3667 62 713 0 1 3 3667 53
4/4 523 3 333 3 667 81 524 0 1 1 15 63 223 0 1 1 15 47 73 0 1 1 15 45 715 0 1 1 15 71 525 0 1 1 15 69 224 0 1 1 15 68 523 2 25 1 25 72 75 3 333 0 3 82 63 0 1 3 3333 78 35 0 1 3 3333 92
4/4 525 3 333 0 0 80 64 0 1 3 333 68 713 0 1 3 333 67 34 0 1 3 333 67 65 0 1 3 333 73 714 0 1 3 333 82 64 0 1 3 1333 79 34 0 1 3 1333 62 713 0 1 3 1333 58 33 2 25 2 225 77 64 0 1 2 325 79 713 0 1 2 325 69 34 0 1 2 325 63 65 3 333 3 3667 94
4/4 715 2 25 0 0 88 36 2 25 1 5 82 526 2 175 0 1 86 33 3 333 0 1 74 223 0 1 0 2 48 523 0 1 0 2 51 73 0 1 0 2 59 223 0 1 0 3 72 523 0 1 0 3 75 73 0 1 0 3 51 36 2 25 3 3333 96 72 2 25 2 375 80
4/4 46 0 2 0 0 88 74 0 1 2 75 61 223 0 1 2 75 54 44 0 1 2 75 48 73 2 25 2 175 48 225 0 1 2 225 85 45 0 1 2 225 72 33 2 25 3 2667 71 36 0 1 3 2667 83 35 0 1 3 2667 90 75 0 1 3 2667 86 65 0 1 3 2667 67 63 0 1 3 3667 75 34 0 1 3 3667 62 73 0 1 3 3667 63
4/4 65 0 1 1 5 62 35 0 1 1 5 69 64 0 1 1 5 64 74 0 1 1 5 59 55 0 1 1 15 45 74 0 1 1 15 53 54 0 1 1 15 39 34 0 1 1 15 40 34 3 333 2 325 89 64 2 25 3 3667 90
4/4 35 2 25 0 0 106 313 3 333 1 5 75 35 2 125 1 5 73 34 0 1 1 15 48 713 0 1 1 15 49 63 0 1 1 15 53 34 0 1 3 2333 70 224 0 1 3 2333 88 63 0 1 3 2333 56 713 0 1 3 2333 67 523 3 667 3 3333 79
4/4 524 0 1 2 25 70 223 0 1 2 25 57 73 0 1 2 25 58 714 0 1 2 25 86 222 3 333 2 125 87 74 3 333 3 1667 89 62 2 25 0 2 79 34 1 5 2 225 96 524 2 25 3 2667 78 713 0 1 0 3 73 33 0 1 0 3 71 64 0 1 0 3 82 34 0 1 0 3 80
4/4 713 0 1 0 0 78 33 0 1 0 0 67 64 0 1 0 0 84 34 0 1 0 0 83 32 2 25 0 1 84 34 0 1 2 175 81 713 0 1 2 175 68 63 0 1 2 175 65 64 2 25 3 2333 89 714 2 25 2 275 87 35 2 25 2 325 93 33 0 1 2 375 67 525 0 1 2 375 85
4/4 33 0 1 0 0 78 525 0 1 0 0 91 223 0 1 3 667 57 73 0 1 3 667 49 524 0 1 3 667 61 74 0 1 3 667 57 314 0 1 1 25 83 713 0 1 1 25 65 224 0 1 1 25 86 222 0 1 1 25 76 64 0 1 1 25 68 223 0 1 1 35 68 35 0 1 1 35 90 524 0 1 1 35 84 33 0 1 1 35 61 74 0 1 1 35 78
4/4 223 0 1 0 0 73 35 0 1 0 0 76 524 0 1 0 0 80 33 0 1 0 0 54 74 0 1 0 0 80 525 2 25 0 1 98 314 0 1 1 15 74 224 0 1 1 15 76 713 0 1 1 15 68 64 0 1 1 15 61 222 0 1 1 15 62 223 0 1 1 25 66 35 0 1 1 25 77 524 0 1 1 25 72 33 0 1 1 25 56 74 0 1 1 25 75
4/4 525 2 25 0 0 80 223 0 1 1 5 50 523 0 1 1 5 46 714 0 1 1 5 83 524 0 1 1 5 82 74 2 25 1 15 80 73 0 1 3 2333 67 223 0 1 3 2333 79 33 0 1 3 2333 65 34 0 1 3 2333 75 524 2 25 2 275 73 62 0 1 3 3333 70 223 0 1 3 3333 79 64 3 667 3 3333 74 34 3 667 3 3333 68
4/4 62 0 1 0 0 76 223 0 1 0 0 80 64 3 1083 0 0 68 34 3 833 0 0 75 33 2 125 3 333 65 73 1 5 2 75 77 223 3 333 2 125 92 34 2 125 3 1667 78 713 1 5 2 225 61 33 0 1 2 225 56 62 0 1 2 225 47
4/4 33 0 1 0 0 49 62 0 1 0 0 53 36 2 25 2 25 97 35 0 1 0 1 82 65 0 1 0 1 70 715 0 1 0 1 78 36 0 1 0 1 84 313 0 1 2 125 71 312 0 1 2 125 77 34 0 1 0 2 60 313 0 1 0 2 46 713 0 1 0 2 64 225 0 1 0 2 80 63 0 1 0 2 40 34 0 1 0 3 53 713 0 1 0 3 60 313 0 1 0 3 54 36 0 1 0 3 86
4/4 711 0 1 0 0 58 712 0 1 0 0 74 65 0 1 0 0 94 34 0 1 2 75 61 713 0 1 2 75 55 63 0 1 2 75 69 225 0 1 2 75 89 715 0 1 3 2333 65 225 0 1 3 2333 73 715 0 1 3 2667 99 712 0 1 3 2667 86 711 0 1 3 2667 77 75 0 1 2 275 64 73 0 1 3 3667 64 65 0 1 3 3667 77 523 0 1 3 3667 57 33 0 1 3 3667 65
4/4 73 0 1 1 5 63 523 0 1 1 5 63 33 0 1 1 5 50 75 2 225 3 667 83 521 0 1 1 15 61 522 0 1 1 15 64 35 0 1 1 15 78 74 0 1 1 15 78 73 0 1 1 25 43 523 0 1 1 25 55 33 0 1 1 25 46
4/4 35 2 175 0 0 99 312 2 25 1 5 58 36 0 1 1 5 86 34 0 1 3 1333 73 225 0 1 3 1333 80 713 0 1 3 1333 55 63 0 1 3 1333 54 34 0 1 2 225 66 713 0 1 2 225 68 63 0 1 2 225 60 36 0 1 2 225 92 711 0 1 2 325 76 712 0 1 2 325 72 65 2 75 2 325 80
4/4 65 2 25 0 0 88 34 0 1 2 25 60 225 0 1 2 25 96 713 0 1 2 25 60 63 0 1 2 25 50 715 0 1 1 15 77 225 0 1 1 15 77 715 0 1 2 175 69 32 0 1 2 175 76 75 0 2 0 2 77 223 0 1 0 3 61 33 0 1 0 3 56 523 0 1 0 3 55 73 0 1 0 3 63 223 0 1 2 375 83 33 0 1 2 375 60 523 0 1 2 375 57 73 0 1 2 375 52
4/4 224 0 1 1 5 59 525 0 1 1 5 84 715 0 1 1 5 102 71 0 1 3 667 86 72 0 1 3 667 91 223 0 1 3 1667 75 33 0 1 3 1667 71 523 0 1 3 1667 50 73 0 1 3 1667 57 224 0 1 3 2667 79 525 0 1 3 2667 81 225 0 1 3 2667 75 35 0 1 3 3333 79 65 0 1 3 3333 79 715 0 1 3 3333 85 36 0 1 3 3333 79 312 0 1 1 35 83 313 0 1 1 35 85
4/4 35 0 1 0 0 79 65 0 1 0 0 67 715 0 1 0 0 93 36 0 1 0 0 74 34 0 1 1 5 67 313 0 1 1 5 62 713 0 1 1 5 48 63 0 1 1 5 53 34 0 1 3 1333 73 713 0 1 3 1333 60 313 0 1 3 1333 68 63 0 1 3 1333 65 522 0 1 3 2333 84 523 0 1 3 2333 80 224 0 1 3 2333 73 225 0 1 3 2333 94 36 0 1 2 275 78 35 0 1 2 275 68 524 0 1 2 325 74 523 0 1 2 325 65 223 0 1 2 325 63 73 0 1 2 325 48 525 0 1 3 3333 101 526 0 1 3 3333 82
4/4 523 0 1 2 25 69 522 0 1 2 25 93 35 0 1 3 667 77 36 0 1 3 667 86 62 0 1 0 1 71 63 0 1 0 1 94 225 0 1 0 1 82 35 0 1 0 1 67 525 0 1 0 1 94 35 0 1 0 1 67 524 0 1 0 2 68 63 0 1 0 2 63 34 0 1 0 2 47 713 0 1 0 2 56 715 0 1 0 2 94 525 0 1 0 2 96 35 0 1 0 2 73 63 0 1 0 3 60 713 0 1 0 3 51 524 0 1 0 3 73 34 0 1 0 3 57 65 2 25 3 3333 82 32 0 1 2 375 81 33 0 1 2 375 75
4/4 715 0 1 0 0 109 35 0 1 0 0 82 524 0 1 0 1 67 34 0 1 0 1 62 713 0 1 0 1 53 35 1 5 3 1333 91 715 0 1 2 175 93 63 0 1 2 175 74 225 2 25 2 225 92 35 0 1 2 275 93 715 0 1 2 275 82 65 0 1 2 275 83 36 0 1 2 275 86 312 0 1 2 275 70 313 0 1 2 275 75 34 0 1 3 3667 70 313 0 1 3 3667 61 63 0 1 3 3667 52 713 0 1 3 3667 66
4/4 35 0 1 0 0 81 715 0 1 0 0 83 65 0 1 0 0 69 36 0 1 0 0 79 34 0 1 1 5 73 713 0 1 1 5 65 313 0 1 1 5 54 63 0 1 1 5 69 36 2 25 0 1 101 522 0 1 1 15 79 523 0 1 1 15 84 225 0 1 1 15 93 36 2 25 0 2 90 523 0 1 1 25 78 524 0 1 1 25 66 73 0 1 1 25 79 75 0 1 1 25 67 526 0 1 1 25 87 225 0 1 1 25 82 223 0 1 1 25 54 525 0 1 1 25 84 75 0 1 1 25 75 526 0 1 1 25 89 225 0 1 1 25 71 523 0 1 3 3333 81 522 0 1 3 3333 73 36 2 25 2 375 76
4/4 62 0 1 2 25 78 63 0 1 2 25 66 35 0 1 2 25 77 715 0 1 2 25 82 65 0 1 2 25 87 714 0 1 2 125 83 34 0 1 2 125 60 64 0 1 2 225 72 713 0 1 2 225 71 34 0 1 2 325 59 713 0 1 2 325 57 63 0 1 2 325 48
4/4 715 2 25 1 5 96 75 2 25 0 1 91 35 2 25 1 15 97 612 2 25 0 2 77 525 0 1 0 2 96 224 0 1 0 2 90 64 0 1 0 3 72 613 0 1 0 3 65 314 0 1 0 3 46 223 0 1 0 3 49 64 0 1 2 375 59 65 0 1 2 375 69 224 0 1 2 375 90 613 0 1 2 375 63 314 0 1 2 375 64 315 0 1 2 375 71 223 0 1 2 375 59
4/4 312 0 1 2 75 70 313 0 1 2 75 75 224 0 1 2 75 79 65 0 1 2 75 80 315 0 1 2 75 71 64 0 1 2 175 64 314 0 1 2 175 58 613 0 1 2 175 61 223 0 1 2 175 40 64 0 1 3 2667 77 613 0 1 3 2667 64 314 0 1 3 2667 54 223 0 1 3 2667 54 65 0 1 3 2667 89 613 0 1 3 2667 59 314 0 1 3 2667 56 223 0 1 3 2667 50 715 3 333 0 3 106 225 3 333 3 3667 91 63 3 333 3 3667 74
4/4 225 3 917 0 0 104 64 3 333 3 667 78 34 0 1 3 667 72 713 0 1 3 667 70 715 2 25 0 1 96 63 0 1 1 15 69 35 0 1 1 15 82 65 0 1 1 15 78 225 0 1 1 15 97 35 0 1 1 25 66 65 0 1 1 25 82 75 0 1 1 25 89 36 0 1 1 25 80 32 2 25 1 25 77 64 0 1 1 35 86 73 0 1 1 35 64 63 0 1 1 35 70 34 0 1 1 35 72
4/4 35 0 1 1 5 92 64 0 1 1 5 83 74 0 1 1 5 65 34 0 1 1 5 82 35 0 1 3 1333 75 65 0 1 3 1333 75 74 0 1 3 1333 78 64 0 1 3 1333 82 36 0 1 2 225 69 65 0 1 2 225 67 75 0 1 2 225 54 35 0 1 2 225 67 65 0 1 2 325 67 66 0 1 2 325 69 36 0 1 2 325 69
4/4 35 0 1 2 25 37 55 0 1 2 25 49 75 0 1 2 25 34 36 0 1 3 333 52 76 0 1 3 333 48 37 0 1 3 333 63 31 0 1 3 3333 81 32 0 1 3 3333 66 34 0 1 3 3333 93 35 0 1 3 3333 93 32 0 1 3 3333 63
4/4 31 0 1 0 0 49 32 0 1 0 0 49 31 0 1 2 25 50 32 0 1 2 25 64 65 0 1 1 5 97 64 0 1 1 5 104 31 0 1 1 5 60 32 0 1 2 75 66 31 0 1 2 75 76 32 0 1 0 1 73 31 0 1 0 1 71 36 0 1 3 1333 110 35 0 1 3 1333 97 32 0 1 3 1333 67 31 0 1 3 1667 59 32 0 1 3 1667 67 65 0 1 3 2333 94 35 0 1 3 2333 97 36 0 1 3 2333 98 311 0 1 3 2333 92 312 0 1 3 2333 89 34 0 1 3 3333 86 313 0 1 3 3333 59 713 0 1 3 3333 61 63 0 1 3 3333 60
4/4 34 0 1 2 25 84 225 0 1 2 25 106 313 0 1 2 25 65 713 0 1 2 25 70 65 0 1 2 25 72 35 0 1 2 25 83 63 0 1 2 25 62 521 0 1 2 125 102 522 0 1 2 125 92 223 0 1 0 2 66 222 0 1 0 2 60 523 0 1 0 2 67 73 0 1 0 2 51 715 0 1 2 225 94 224 0 1 2 225 91 222 0 1 2 225 69 523 0 1 2 225 52 525 0 1 2 225 90 73 0 1 2 225 51 73 0 1 0 3 83 223 0 1 0 3 81 523 0 1 0 3 83 222 0 1 0 3 63 224 0 1 1 35 83 75 0 1 1 35 81
4/4 61 0 1 0 0 89 62 0 1 0 0 74 74 0 1 0 0 97 35 3 667 0 0 77 525 1 5 1 5 82 713 0 1 0 1 60 63 0 1 0 1 87 33 0 1 0 1 74 65 0 1 0 1 74 35 0 1 0 1 62 714 0 1 0 1 84 713 0 1 2 175 68 63 0 1 2 175 77 33 0 1 2 175 80 31 0 1 2 275 90 32 0 1 2 275 80 34 0 1 2 375 77 33 0 1 2 375 71 713 0 1 2 375 69 63 0 1 2 375 77
4/4 34 0 1 0 0 65 33 0 1 0 0 64 713 0 1 0 0 71 63 0 1 0 0 58 64 0 1 2 25 93 35 0 1 2 25 79 65 0 1 2 25 78 714 0 1 3 667 97 715 0 1 3 667 84 36 0 1 0 1 95 35 0 1 0 1 77 33 0 1 3 1667 86 32 0 1 3 1667 81 75 0 1 3 1667 38 526 0 1 3 1667 83 525 0 1 3 1667 79 225 0 1 3 1667 75 33 0 1 1 25 72 223 0 1 1 25 73 73 0 1 1 25 45 523 0 1 1 25 48 223 0 1 1 35 87 33 0 1 1 35 64 523 0 1 1 35 56 73 0 1 1 35 57
4/4 221 0 1 1 5 66 222 0 1 1 5 84 315 0 1 1 5 89 225 0 1 1 5 85 65 0 1 1 5 72 33 0 1 3 1333 90 32 0 1 3 1333 78 525 0 1 1 15 95 36 0 1 1 15 93 75 0 1 1 15 73 223 0 1 3 2333 83 33 0 1 3 2333 61 73 0 1 3 2333 53 523 0 1 3 2333 69 526 0 1 0 3 87 525 0 1 0 3 89 75 0 1 0 3 65 222 0 1 1 35 93 315 0 1 1 35 85 221 0 1 1 35 67 225 0 1 1 35 74 65 0 1 1 35 75
4/4 32 0 1 1 5 79 33 0 1 1 5 91 525 0 1 1 5 84 36 0 1 1 5 76 75 0 1 1 5 74 223 0 1 3 1333 90 33 0 1 3 1333 64 523 0 1 3 1333 73 73 0 1 3 1333 59 526 0 1 2 175 85 525 0 1 2 175 98 75 0 1 2 175 73 522 0 1 3 2333 92 521 0 1 3 2333 70 224 0 1 3 2333 98 525 0 1 3 2333 70 715 0 1 1 25 78 525 0 1 1 25 82 75 2 25 1 35 110
4/4 32 0 1 3 333 84 31 0 1 3 333 73 35 0 1 3 333 74 74 0 1 3 333 81 525 2 25 2 75 83 64 0 1 2 125 52 224 0 1 2 125 83 61 0 1 2 125 84 62 0 1 2 125 72 35 0 1 2 125 89 65 0 1 2 125 79 34 0 1 3 2333 86 63 0 1 3 2333 71 64 0 1 3 2333 80 224 0 1 3 2333 94 222 0 1 3 2333 77 33 0 1 3 2333 54 64 0 1 3 3333 75 34 0 1 3 3333 79 35 0 1 3 3333 79 224 0 1 3 3333 76 223 0 1 3 3333 72
4/4 224 0 1 2 25 92 65 0 1 2 25 83 64 0 1 2 25 79 35 0 1 2 25 73 34 0 1 2 25 74 35 0 1 2 125 73 65 0 1 2 125 71 36 0 1 2 125 94 224 0 1 2 125 80 225 0 1 2 125 73 66 0 1 3 2333 76 65 0 1 3 2333 81 35 0 1 3 2333 78 225 0 1 3 2333 79 224 0 1 3 2333 69 36 0 1 3 2333 70 64 0 1 2 375 44 14 0 1 2 375 53 35 0 1 2 375 47 65 0 1 2 375 59
4/4 66 0 1 0 0 46 16 0 1 0 0 38 37 0 1 0 0 40 64 0 1 0 0 38 14 0 1 0 0 41 35 0 1 0 0 49 65 0 1 0 0 52 67 2 175 1 5 62
