4/4 66 2 175 3 333 63 64 3 333 3 333 41 15 1 5 3 1333 43 35 0 1 3 1333 37 36 2 25 2 175 56 36 3 1667 3 2333 67 66 3 667 2 275 65 76 3 667 3 3333 65 54 3 333 3 3333 41
4/4 36 3 1333 0 0 67 76 3 1583 0 0 65 75 0 1 3 333 35 35 0 1 3 333 35 76 3 1667 3 2333 68 54 2 25 3 2333 44 75 3 667 3 3333 46 35 3 667 3 3333 41 36 2 25 2 375 60
4/4 76 3 83 0 0 68 75 3 333 0 0 46 35 3 1083 0 0 41 36 3 3333 3 333 72 76 3 667 2 75 67 16 2 225 3 1333 70 64 3 333 3 1333 46 35 0 1 1 25 40 15 0 1 1 25 39
4/4 16 3 1333 3 333 77 64 2 25 3 333 47 35 0 1 3 1333 42 15 1 15 3 1333 46 66 2 25 2 175 59 66 3 1667 3 2333 72 16 3 333 2 275 67 224 0 1 3 3333 51 226 0 1 3 3333 70
4/4 66 3 1583 0 0 72 46 3 667 3 333 45 65 0 1 3 333 45 37 0 1 3 333 63 47 2 25 3 1333 63 46 0 1 2 225 49 66 0 1 2 225 54 37 0 1 2 225 65 35 3 1667 3 2333 49 65 0 1 3 3333 40 225 0 1 3 3333 41
4/4 35 3 333 0 0 49 65 0 1 0 0 40 225 0 1 0 0 41 16 3 667 3 333 67 66 2 25 0 1 55 35 0 1 1 15 42 76 0 1 1 15 51 56 0 1 1 15 50 36 0 1 1 25 38 55 0 1 1 25 31 75 0 1 1 25 35
4/4 66 3 1333 3 667 68 64 2 25 3 667 41 15 1 5 3 1667 51 35 3 1667 3 1667 34 36 2 25 0 2 58 36 3 667 1 25 68 66 2 25 0 3 70 76 1 5 1 35 68 54 3 333 1 35 48
4/4 76 2 175 0 0 68 75 0 1 3 667 40 36 0 1 3 667 44 35 0 1 3 667 35 54 3 333 3 2667 50 76 3 1333 3 2667 72 35 3 333 3 3667 41 75 3 333 3 3667 41
4/4 36 2 25 0 0 65 35 3 1333 0 0 41 76 3 667 0 0 72 75 3 917 0 0 41 36 0 3 3 667 74 76 3 333 0 1 70 16 0 2 3 1667 77 64 2 25 3 1667 46 15 0 1 3 2667 39 35 0 1 3 2667 37
4/4 36 2 75 2 25 44 66 0 1 3 333 48 16 3 1667 1 5 77 14 2 25 1 5 43 65 2 175 1 15 33 36 2 25 1 15 49 66 2 25 0 2 60 66 2 75 1 25 68 16 2 25 0 3 67 226 0 1 1 35 67 46 0 1 1 35 63 224 3 333 1 35 51
4/4 46 0 1 1 5 46 66 0 1 1 5 57 65 0 1 1 5 43 37 0 1 1 5 57 66 0 1 1 5 57 47 2 25 1 15 67 46 0 1 2 225 43 66 0 1 2 225 50 35 0 1 3 2333 51 37 0 1 3 2333 63 65 0 1 3 3333 40 225 0 1 3 3333 39
4/4 16 3 667 3 333 64 36 3 1667 2 75 56 66 2 225 1 15 54 64 0 2 1 15 45 35 0 1 3 2333 43 75 3 333 0 3 53 15 1 5 3 3333 80 36 2 25 2 375 84
4/4 36 2 125 0 0 84 75 0 1 2 25 80 34 3 667 3 333 58 74 0 1 2 125 50 76 0 1 2 125 68 55 0 1 2 225 49 76 0 1 2 225 68 56 0 1 2 225 67 35 0 1 2 225 48 54 2 25 2 325 58 76 0 1 2 325 74 36 0 1 2 325 70
4/4 75 0 1 0 0 46 35 0 1 0 0 44 76 0 1 0 0 74 36 0 1 0 0 70 75 0 1 0 1 57 35 0 1 0 1 51 66 0 1 0 1 70 76 2 25 1 15 68 64 2 25 0 2 56 16 0 1 0 2 84 36 0 1 0 2 72 15 0 1 0 3 57 35 0 1 0 3 53
4/4 15 0 1 0 0 63 35 0 1 0 0 57 16 0 1 0 0 84 36 0 1 0 0 72 36 2 25 3 667 49 66 0 1 2 75 58 76 0 1 2 75 64 37 0 1 2 75 64 14 2 25 2 75 55 65 0 1 2 175 44 36 0 1 2 175 49 36 0 1 2 275 59 65 0 1 2 275 49 34 2 25 2 375 62
4/4 75 0 1 1 5 41 36 0 1 1 5 49 56 0 1 1 5 54 55 0 1 2 75 46 74 0 1 2 75 49 76 0 1 2 75 64 55 0 1 3 1667 57 76 0 1 3 1667 77 74 0 1 3 1667 52 34 3 333 3 2667 56 76 2 125 3 2667 74 36 3 1333 3 2667 72 55 3 333 3 3667 39 66 0 1 3 3667 60 74 0 1 3 3667 42
4/4 36 3 667 0 0 72 66 0 1 0 0 60 74 0 1 0 0 42 34 2 25 3 667 52 46 2 25 0 1 84 63 3 333 1 15 55 36 2 225 3 1667 84 14 0 1 3 2667 47 34 0 1 3 2667 52 14 2 25 1 35 57 34 3 333 3 3667 55
4/4 15 0 1 0 0 52 36 0 1 0 0 53 56 0 1 3 333 63 16 0 1 3 333 84 53 3 333 1 5 59 14 0 1 1 15 49 34 0 1 1 15 54 34 0 1 1 25 61 14 0 1 1 25 61 44 2 25 1 35 65 15 0 1 1 35 66 66 0 1 1 35 79 46 0 1 1 35 61
4/4 15 0 1 0 0 66 66 0 1 0 0 79 46 0 1 0 0 61 65 3 667 1 5 52 14 2 125 1 5 53 66 2 25 0 1 51 66 2 25 1 15 74 66 3 333 0 2 72 56 0 1 3 2333 67 66 0 1 3 2333 40 16 0 1 1 25 67 34 2 25 1 25 52 47 3 667 1 25 65 55 0 1 1 35 38 14 0 1 1 35 38 37 0 1 1 35 62
4/4 65 0 1 0 1 57 15 0 1 0 1 67 223 0 1 0 1 63 46 0 1 0 1 76 45 2 125 3 2333 61 64 0 1 3 2333 53 14 0 1 3 2333 50 46 2 25 2 275 74 46 3 333 2 325 87 46 2 25 3 3667 84
4/4 64 0 1 0 0 53 14 0 1 0 0 50 37 0 1 2 25 87 314 0 1 2 25 63 316 0 1 2 125 57 225 0 1 2 125 43 226 0 1 2 125 61 66 0 1 2 125 54 315 0 1 2 125 45 65 0 1 2 125 44 44 3 667 2 325 74 64 3 333 3 3667 63
4/4 64 3 333 0 0 63 14 3 333 2 25 70 45 1 5 3 667 72 65 2 25 2 125 59 16 0 1 2 125 80 66 0 1 2 125 72 46 2 25 3 1667 74 46 0 2 0 2 72 66 0 1 0 2 72 226 0 1 0 2 81 34 3 667 0 2 65 14 1 5 3 2667 61 35 1 5 0 3 70 65 1 5 1 35 70
4/4 15 2 25 0 0 67 37 3 333 0 0 80 65 2 25 0 0 70 46 2 25 3 667 74 223 1 5 0 1 68 66 0 1 0 1 74 46 0 1 0 1 72 15 0 1 0 1 70 64 2 75 1 15 58 14 1 5 0 2 65 45 1 5 1 25 74 65 0 1 0 3 62 46 0 1 0 3 68 66 0 1 0 3 80 46 0 1 0 3 68 15 2 25 1 35 70
4/4 75 0 1 0 0 74 36 0 1 0 0 74 76 0 1 0 0 80 13 3 667 0 0 74 64 1 5 1 5 58 14 1 5 0 1 67 35 1 5 1 15 70 16 0 1 0 2 92 65 0 1 0 2 68 75 2 25 1 25 63 75 2 125 2 275 67 25 0 1 0 3 68 46 0 1 0 3 72 76 0 1 0 3 72 73 3 667 0 3 70 44 1 5 1 35 64
4/4 74 1 5 0 0 70 75 2 75 0 0 67 25 0 1 0 0 68 46 0 1 0 0 72 76 0 1 0 0 72 24 3 667 3 333 70 45 1 5 2 75 72 65 2 25 2 125 80 65 0 1 2 175 63 74 0 1 2 175 68 45 0 1 2 175 64 24 0 1 2 175 70 25 0 1 2 175 84 46 0 1 2 175 84 75 3 667 2 225 74 56 0 1 2 275 84 25 0 1 2 275 74 64 0 1 2 275 74 75 3 667 2 325 84 73 0 1 3 3667 68 25 0 1 3 3667 80 66 0 1 3 3667 84
4/4 225 0 1 3 667 73 76 0 1 3 667 74 46 0 1 3 667 67 33 3 667 3 667 81 73 3 333 2 125 63 34 3 333 3 1667 65 75 0 1 0 2 70 64 0 1 0 2 53 225 0 1 1 25 70 74 0 1 1 25 62 66 0 1 0 3 62 35 0 1 0 3 49 56 0 1 3 3667 62 36 0 1 3 3667 62 75 0 1 3 3667 60 34 0 1 3 3667 49 54 0 1 3 3667 49 35 0 1 3 3667 52 36 0 1 3 3667 62 75 0 1 3 3667 60 54 0 1 3 3667 49 74 0 1 3 3667 43
4/4 56 0 1 0 0 62 36 0 1 0 0 62 75 0 1 0 0 60 34 0 1 0 0 49 54 0 1 0 0 49 35 0 1 0 0 52 36 0 1 0 0 62 75 0 1 0 0 60 54 0 1 0 0 49 74 0 1 0 0 43 37 1 15 1 25 84 64 3 333 1 25 57 65 3 667 3 3333 53 14 0 1 3 3333 48 35 0 1 3 3333 45
4/4 14 0 1 0 0 48 35 0 1 0 0 45 16 0 1 3 333 84 64 0 1 3 333 51 54 3 333 3 1333 59 66 1 15 3 1333 84 55 1 5 2 225 50 35 0 1 3 2333 46 14 0 1 3 2333 45 36 2 25 3 2667 64 36 0 1 2 325 77 54 0 1 2 325 53 36 2 25 3 3667 67
4/4 46 0 2 2 25 87 44 3 333 2 25 61 65 0 1 2 125 55 224 0 1 2 125 48 45 0 1 2 125 49 66 3 667 3 1667 67 44 0 1 0 2 56 226 0 1 0 2 78 47 2 25 1 25 74 34 2 25 0 3 58 37 0 1 0 3 92
4/4 66 0 1 0 0 46 65 0 1 0 0 42 36 0 1 0 0 48 35 0 1 0 0 38 14 0 1 0 0 39 37 3 333 0 0 92 16 3 333 0 1 87 46 0 1 3 1667 59 66 0 1 3 1667 45 226 0 1 0 2 81 223 2 25 0 2 64 45 0 1 0 3 50 74 0 1 0 3 46 76 1 5 3 3333 84
4/4 46 0 1 0 0 80 223 0 1 0 0 56 226 2 25 3 333 81 13 2 25 2 75 62 16 3 1333 2 75 84 36 0 2 2 75 72 66 0 1 2 175 59 35 0 1 2 175 39 64 0 1 2 175 43 16 2 25 2 325 92 25 0 1 2 375 63 46 0 1 2 375 74 76 0 1 2 375 77 73 2 25 2 375 62
4/4 25 0 1 0 0 63 46 0 1 0 0 74 76 0 1 0 0 77 73 3 83 0 0 62 44 0 1 2 75 62 24 0 1 2 75 64 46 0 1 2 125 87 25 0 1 2 125 84 65 0 1 3 1667 68 74 0 1 3 1667 67 56 0 1 3 1667 92 36 0 1 3 1667 77 24 0 1 3 1667 62 45 0 1 3 1667 57 66 0 1 2 225 84 46 0 1 2 225 74 34 3 333 3 2667 64 76 0 1 3 2667 84 225 0 1 3 2667 72 75 0 1 3 2667 69 46 0 1 3 2667 72 74 2 25 3 3667 65
4/4 56 0 1 1 5 84 55 0 1 1 5 63 75 0 1 1 5 80 36 0 1 1 5 70 35 0 1 1 5 62 36 0 1 1 15 60 16 0 1 1 15 80 37 0 1 1 15 80 66 3 1667 1 15 74 63 2 25 1 15 66 64 0 1 1 25 55 35 0 1 1 25 61 14 0 1 1 25 57 16 0 1 1 35 84 36 0 1 1 35 77
4/4 15 0 1 2 25 64 36 0 1 2 25 77 66 0 1 2 25 80 53 2 25 3 333 61 35 0 1 3 1333 63 14 0 1 3 1333 54 54 0 1 3 1333 58 36 2 25 2 175 80 36 2 25 3 2333 80 36 2 25 2 275 77 43 2 25 3 3333 61 46 0 1 3 3333 87 65 0 1 3 3333 84
4/4 224 0 1 3 333 68 44 0 1 3 333 62 64 0 1 3 333 55 66 1 5 2 75 87 46 0 1 2 125 72 226 0 1 2 125 84 47 2 25 2 175 80 37 0 1 2 225 92 36 0 1 2 225 84 33 2 25 2 225 64 14 0 1 2 325 59 34 0 1 2 325 61 64 0 1 2 325 57
4/4 16 1 5 2 25 92 46 0 1 0 1 51 76 0 1 0 1 74 223 2 25 2 125 69 226 1 5 2 125 76 45 0 1 0 2 70 224 0 1 0 2 63 74 0 1 0 2 61 225 0 1 1 25 78 76 0 1 1 25 68 46 2 25 0 3 72 226 2 25 1 35 84
4/4 13 2 25 0 0 68 16 0 1 0 0 84 36 1 15 0 0 84 35 0 1 0 1 63 14 0 1 0 1 58 64 0 1 0 1 58 66 0 1 0 1 77 64 0 1 0 1 58 16 2 25 3 2333 87 76 0 1 0 3 80 225 0 1 0 3 65 46 0 1 0 3 68 34 2 25 0 3 64
4/4 224 0 1 0 0 47 45 0 1 0 0 43 65 0 1 0 0 49 45 0 1 0 0 43 76 0 1 0 0 80 225 0 1 0 0 65 46 0 1 0 0 68 225 2 25 3 333 43 56 1 5 0 1 74 15 0 1 0 2 68 66 0 1 0 2 72 63 2 25 0 2 58 34 1 5 1 25 51 64 3 333 0 3 53 14 2 25 3 3333 53
4/4 35 3 333 0 0 55 15 1 5 3 333 59 225 2 175 0 1 73 65 3 2333 0 1 70 63 1 5 0 1 57 44 2 25 3 1333 57 224 3 333 0 2 53 45 2 25 3 2333 58 36 1 5 0 3 64 225 2 25 3 3333 62 63 2 25 2 375 54
4/4 15 0 1 0 0 68 35 0 1 0 0 65 63 2 25 0 0 54 34 2 25 3 333 50 14 1 5 0 1 52 35 1 5 1 15 57 65 3 333 0 2 64 224 0 1 2 275 40 63 0 1 2 275 32 314 0 1 2 275 37 64 0 1 2 275 28 315 0 1 0 3 44 75 0 1 0 3 52
4/4 224 0 1 0 0 40 63 0 1 0 0 32 314 0 1 0 0 37 64 0 1 0 0 28 315 0 1 0 0 44 75 0 1 0 0 52 15 2 125 1 15 44 36 3 1333 2 175 51 64 1 5 2 175 62 66 2 175 2 175 72 35 1 5 2 225 53 65 2 25 2 275 50 15 2 25 2 325 58 36 2 25 2 375 74
4/4 36 2 25 0 0 74 15 2 25 2 25 59 225 3 1333 3 667 68 65 0 1 3 667 67 64 0 1 3 667 57 45 0 1 2 125 52 65 2 25 2 175 50 65 3 667 2 225 48 36 1 5 2 275 62 225 2 25 2 325 53 15 2 25 2 375 57 35 2 25 2 375 58 64 2 25 2 375 47
4/4 15 1 15 0 0 57 35 0 1 0 0 58 64 3 2083 0 0 47 35 3 667 1 15 45 65 2 25 0 2 51 64 0 1 0 3 35 315 0 1 0 3 34 75 0 1 0 3 45 224 0 1 0 3 33 315 0 1 0 3 34 75 0 1 0 3 45
4/4 64 0 1 0 0 35 315 0 1 0 0 34 75 0 1 0 0 45 224 0 1 0 0 33 315 0 1 0 0 34 75 0 1 0 0 45 67 3 1667 2 225 55 64 1 5 2 225 41 15 3 333 2 325 49 35 3 667 3 3333 39 37 0 1 2 375 53 37 0 1 2 375 65
4/4 37 1 5 2 25 70 67 1 5 3 667 68 77 2 125 2 125 70 54 3 333 2 125 49 75 0 1 2 225 39 37 0 1 2 225 56 35 0 1 2 225 40
4/4 77 2 75 2 25 78 54 2 25 2 25 53 75 3 333 0 1 50 35 0 1 0 1 41 37 2 25 1 15 65 37 2 25 2 175 72 55 2 25 0 2 49 37 1 5 0 2 64 77 3 667 1 25 70 17 0 1 0 3 68 64 2 25 0 3 50
4/4 15 0 1 0 0 44 37 0 1 0 0 57 35 0 1 0 0 39 17 2 25 0 0 68 14 2 25 2 175 53 17 0 1 2 175 72 65 0 1 2 275 44 36 1 5 2 275 49 67 2 25 2 325 63 67 0 1 1 35 65 15 0 1 1 35 52
4/4 17 3 333 2 25 75 227 0 1 3 667 73 224 0 1 3 667 55 38 3 333 2 125 70 225 0 1 3 1667 45 46 0 1 3 1667 51 48 0 1 3 1667 72 65 0 1 3 1667 46 47 2 25 3 2667 45 37 0 1 1 35 52 67 0 1 1 35 63 38 0 1 1 35 72 35 2 25 3 3667 50
4/4 37 0 1 0 0 52 67 0 1 0 0 63 38 0 1 0 0 72 225 0 1 3 667 41 75 0 1 3 667 43 46 0 1 3 667 44 17 2 25 2 125 46 17 1 5 3 1667 81 67 2 25 0 2 66 35 2 25 1 25 53 77 2 125 3 2667 72 75 0 1 1 35 39 36 0 1 1 35 37 37 0 1 1 35 60 55 0 1 1 35 47
4/4 36 1 15 0 1 59 63 1 5 1 15 66 66 2 125 1 15 84 34 2 25 0 2 52 64 1 5 1 25 52 14 1 5 0 3 57 36 2 25 0 3 80 35 2 25 1 35 61 36 2 25 1 35 77
4/4 65 0 1 0 0 63 66 0 1 0 0 87 53 1 5 1 5 68 76 2 125 1 5 89 34 2 25 0 1 47 36 0 1 1 15 63 75 0 1 1 15 63 74 0 1 1 15 48 55 0 1 0 3 70 65 0 1 0 3 74 53 1 5 3 3333 59 75 3 667 3 3333 84
4/4 34 3 333 0 0 53 75 3 667 0 0 84 74 2 25 3 333 61 35 2 25 2 75 70 54 3 667 2 75 63 74 2 25 3 1333 65 35 1 5 3 1333 84 75 2 25 2 175 80 63 1 5 2 225 59 15 2 125 2 225 92 34 2 25 2 275 52 65 0 1 2 325 60 35 0 1 2 325 58 14 0 1 2 325 48
4/4 13 3 333 2 125 63 15 2 125 2 125 84 64 1 5 3 1667 61 14 2 25 2 225 65 65 0 1 3 2667 84 35 0 1 3 2667 65 14 0 1 0 3 63 65 0 1 0 3 77 64 0 1 1 35 62 15 0 1 1 35 80
4/4 225 0 1 0 0 88 45 0 1 0 0 72 223 1 5 0 0 62 64 1 5 1 5 52 224 2 25 0 1 61 45 0 1 1 15 57 36 0 1 1 15 84 46 2 25 0 2 92 45 0 1 0 3 68 65 0 1 0 3 77 36 0 1 0 3 77 34 2 25 0 3 64
4/4 14 0 1 0 0 58 54 0 1 0 0 53 55 0 1 0 0 77 15 0 1 0 0 87 33 2 25 0 1 49 35 2 25 3 1333 57 35 0 1 2 175 72 65 0 1 2 175 68 14 0 1 2 175 68 63 3 667 2 175 55 34 1 5 3 2333 48 64 2 25 2 275 46 74 2 25 2 325 68 14 2 25 2 375 88
4/4 35 3 333 2 25 88 33 0 1 3 667 57 75 0 1 3 667 96 35 0 1 3 1667 61 76 0 1 3 1667 74 75 0 1 3 1667 72 54 0 1 3 1667 54 74 0 1 3 1667 46 35 0 1 1 25 64 76 0 1 1 25 84 75 0 1 1 25 84 54 0 1 1 25 55 74 0 1 1 25 54 75 0 1 2 325 67 36 0 1 2 325 65 56 0 1 2 325 80 53 2 25 1 35 64 76 1 5 1 35 87
4/4 75 0 1 0 0 67 36 0 1 0 0 65 56 0 1 0 0 80 76 2 75 0 0 87 74 3 333 1 5 64 34 2 75 1 5 59 75 3 333 0 1 84 53 0 1 3 1333 53 66 0 1 3 1333 77 76 2 25 2 175 72 63 2 25 3 2333 62 16 0 1 3 2333 84 66 0 1 3 2333 72 15 0 1 3 2333 80 14 0 1 3 3333 62 34 0 1 3 3333 59 64 0 1 3 3333 57
4/4 14 0 1 2 25 70 34 0 1 2 25 62 64 0 1 2 25 58 36 0 1 2 75 70 66 0 1 2 75 59 76 0 1 0 1 72 37 0 1 0 1 84 13 2 25 2 125 67 35 0 1 0 2 56 64 0 1 0 2 55 64 0 1 0 3 59 35 0 1 0 3 59 34 2 25 2 375 68
4/4 75 0 1 1 5 58 36 0 1 1 5 53 56 0 1 1 5 64 55 0 1 2 75 58 76 0 1 2 75 77 74 0 1 2 75 58 55 0 1 2 175 70 76 0 1 2 175 84 74 3 667 2 175 63 75 0 1 3 2333 58 36 0 1 3 2333 53 56 0 1 3 2667 72 76 0 1 3 2667 77 34 2 25 2 275 62 55 2 25 3 3667 59 74 3 333 3 3667 54 66 3 333 3 3667 92
4/4 74 3 417 0 0 54 66 3 667 0 0 92 34 2 25 3 667 62 46 2 25 0 1 87 63 2 25 1 15 64 36 2 225 1 15 92 35 0 1 1 25 64 64 0 1 1 25 64 14 0 1 1 25 62 35 0 1 1 35 70 64 0 1 1 35 67 14 0 1 1 35 62
4/4 15 0 1 2 25 59 36 0 1 2 25 59 56 0 1 2 25 84 53 2 25 3 333 68 16 2 225 1 5 92 35 0 1 3 1333 65 54 0 1 3 1333 65 14 0 1 3 1333 61 54 0 1 3 2333 70 35 0 1 3 2333 68 14 0 1 3 2333 61 44 1 5 2 325 63 66 2 75 2 325 87 14 3 333 3 3667 58
4/4 66 2 25 0 0 87 14 3 167 0 0 58 65 3 333 2 25 62 66 0 1 3 667 80 14 0 1 3 667 61 66 0 1 2 125 70 45 0 1 2 125 65 14 1 5 1 15 67 66 2 25 3 1667 68 56 0 1 0 2 68 16 0 1 0 2 74 34 0 1 0 2 61 47 0 1 0 2 72 14 1 5 1 25 53 55 0 1 0 3 51 37 0 1 0 3 65
4/4 65 0 1 2 75 56 15 0 1 2 75 68 223 0 1 2 75 74 46 1 5 0 1 84 64 1 5 3 1333 58 14 1 5 2 175 65 46 0 1 2 225 80 45 0 1 2 225 67 14 0 1 2 275 61 46 0 1 2 275 80 46 0 1 2 325 84 64 0 1 2 325 62 314 0 1 3 3667 69 37 0 1 3 3667 101
4/4 314 0 1 0 0 69 37 0 1 0 0 101 14 1 5 2 25 59 316 0 1 3 667 76 226 0 1 3 667 73 66 0 1 3 667 64 315 2 25 3 667 62 44 2 25 1 25 77 45 0 1 1 35 65 15 0 1 1 35 67 65 0 1 1 35 65
4/4 16 0 1 1 5 92 46 0 1 1 5 80 66 0 1 1 5 74 46 0 1 3 1333 67 66 0 1 3 1333 70 226 0 1 3 1333 84 34 2 25 1 15 65 35 0 1 3 2333 68 15 0 1 3 2333 70 65 0 1 3 2333 62 37 2 25 3 3333 87
4/4 15 0 1 0 0 70 46 0 1 0 0 80 66 0 1 0 0 87 223 2 25 3 333 68 65 0 1 2 125 70 224 0 1 2 125 74 45 0 1 2 125 62 223 0 1 2 225 71 66 0 1 2 225 80 15 0 1 2 225 77 46 0 1 2 225 74 75 0 1 0 3 72 36 0 1 0 3 74 76 0 1 0 3 92 13 2 25 2 325 72
4/4 75 0 1 0 0 72 36 0 1 0 0 74 76 0 1 0 0 92 35 0 1 2 25 72 64 0 1 2 25 70 14 0 1 2 25 70 13 0 1 0 1 72 36 0 1 0 1 87 16 0 1 0 1 87 75 0 1 0 2 65 76 0 1 0 2 77 225 0 1 0 2 70 46 0 1 0 2 74 73 3 667 0 2 84 44 1 5 1 25 63 14 3 667 0 3 70 224 1 5 1 35 71
4/4 45 1 5 0 0 77 225 0 1 0 0 70 46 0 1 0 0 74 65 2 25 1 5 84 73 0 1 0 1 68 64 0 1 0 1 74 65 0 1 0 1 84 225 0 1 0 1 84 46 0 1 0 1 80 45 0 1 2 175 72 75 0 1 2 175 87 66 0 1 2 175 80 225 0 1 2 175 84 224 0 1 2 175 69 74 0 1 2 175 64 46 0 1 2 175 74 64 0 1 2 275 74 73 0 1 2 275 74 16 0 1 2 275 74 225 0 1 2 275 84 66 0 1 2 275 62 46 0 1 2 275 62 74 0 1 3 3667 58 224 0 1 3 3667 68 45 0 1 3 3667 72 33 0 1 3 3667 77 32 0 1 3 3667 74 75 0 1 3 3667 84
4/4 224 2 25 3 667 64 35 2 25 0 1 70 45 3 333 2 125 88 55 2 25 1 15 84 65 1 5 2 175 87 75 1 5 2 225 77 224 0 1 1 25 77 34 0 1 1 25 68 64 0 1 1 25 63 15 3 333 1 25 87 225 2 25 2 275 73 36 3 333 0 3 87 46 3 333 3 3333 87 56 2 25 3 3667 84
4/4 66 1 5 0 0 87 76 0 1 3 333 80 33 0 1 3 333 71 16 1 5 3 667 77 226 3 333 0 1 78 63 2 25 3 1333 74 37 0 1 3 1333 96 64 0 1 2 225 67 65 0 1 2 225 64 35 0 1 2 225 59 14 0 1 2 225 62 16 0 1 2 325 87 36 0 1 2 325 84
4/4 15 0 1 0 0 65 36 0 1 0 0 68 66 0 1 0 0 87 53 2 25 0 0 64 54 0 1 0 1 64 35 0 1 0 1 65 14 0 1 0 1 55 36 2 25 1 15 84 65 0 1 0 2 70 36 0 1 0 2 72 35 0 1 0 2 61 14 0 1 0 2 63 36 2 25 1 25 72 46 0 1 0 3 96 43 2 25 0 3 64
4/4 224 0 1 0 0 80 44 0 1 0 0 61 64 0 1 0 0 61 46 1 5 0 0 96 66 1 5 3 333 87 45 0 1 2 75 72 224 0 1 2 75 68 46 0 1 2 75 80 226 0 1 2 75 84 64 0 1 2 75 65 47 2 25 3 1333 87 33 2 25 2 175 61 37 2 125 2 175 92 35 0 1 2 275 52 14 0 1 2 275 48 16 0 1 2 275 65 36 0 1 2 275 57 34 0 1 2 275 52 64 0 1 2 275 43
4/4 16 2 25 2 25 96 222 2 25 2 75 68 226 0 1 2 75 88 46 0 1 2 75 74 225 0 1 2 75 66 224 0 1 2 175 77 223 0 1 2 175 62 64 0 1 2 175 54 44 0 1 2 175 51 76 0 1 2 225 92 64 0 1 2 225 28 223 0 1 3 2667 64 76 0 1 3 2667 77 226 3 333 2 325 92 13 2 25 3 3667 72 16 3 333 3 3667 92 36 3 333 3 3667 84
4/4 16 3 917 0 0 92 36 3 1417 0 0 84 35 0 1 3 667 62 64 0 1 3 667 55 14 0 1 3 667 53 66 0 1 3 667 77 64 0 1 3 667 55 16 2 25 0 2 87 23 2 25 1 25 80 76 0 1 3 2667 87 25 0 1 3 2667 81 46 2 75 3 2667 81 45 0 1 1 35 77 74 0 1 1 35 72 24 0 1 1 35 68
4/4 46 0 1 0 0 87 75 0 1 0 0 87 23 0 1 1 5 74 56 0 1 1 5 92 66 3 333 0 1 84 33 0 1 3 1333 71 46 0 1 3 1333 80 76 0 1 3 1333 87 34 0 1 3 1333 70 225 0 1 3 1333 87 46 0 1 3 1333 80 76 0 1 3 1333 87 75 0 1 3 1333 82 224 0 1 2 225 80 34 0 1 2 225 63 65 0 1 2 225 80 45 0 1 2 225 80 64 0 1 2 225 55 74 0 1 2 325 80 34 0 1 2 325 70 55 0 1 2 325 84 35 0 1 2 325 80 54 0 1 2 325 70
4/4 35 0 1 0 0 63 36 0 1 0 0 87 65 0 1 2 25 74 15 0 1 2 25 87 36 0 1 2 25 87 63 2 25 2 25 71 35 0 1 2 125 67 54 0 1 2 125 58 74 0 1 2 125 44 14 0 1 2 125 48 15 2 25 0 2 92 53 2 25 0 3 58 65 0 1 0 3 80 35 0 1 0 3 69 14 3 333 0 3 69
4/4 14 0 1 0 0 61 34 0 1 0 0 64 54 0 1 0 0 58 35 2 25 1 5 80 35 3 333 0 1 84 35 2 25 3 1333 70 43 2 25 2 175 66 45 1 15 0 2 90 223 0 1 2 275 63 64 0 1 2 275 64 65 3 667 2 325 72 45 0 1 2 375 70 225 0 1 2 375 73 224 0 1 2 375 61
4/4 46 2 25 2 25 59 14 0 1 3 667 49 36 0 1 3 667 70 35 0 1 3 667 65 34 0 1 3 667 46 65 0 1 3 667 62 64 0 1 3 667 57 15 3 667 3 1667 62 15 3 333 2 325 73 223 3 333 3 3667 61 225 0 1 3 3667 81 45 0 1 3 3667 68
4/4 223 3 167 0 0 61 225 0 1 0 0 81 45 0 1 0 0 68 224 0 1 3 667 51 74 0 1 3 667 45 44 0 1 2 75 46 75 2 25 0 1 77 45 1 5 1 15 80 225 2 25 0 2 84 15 3 1333 1 25 80 13 2 25 1 25 58 64 0 1 1 35 39 65 0 1 1 35 58 35 0 1 1 35 53 14 0 1 1 35 38 34 0 1 1 35 40
4/4 64 0 1 0 0 39 65 0 1 0 0 58 35 0 1 0 0 53 14 0 1 0 0 38 34 0 1 0 0 40 15 2 25 0 1 64 34 2 175 3 1667 57 75 2 225 3 1667 72 45 0 1 3 1667 74 64 0 1 1 25 37 35 0 1 1 25 48 55 0 1 1 25 55 224 0 1 1 25 40
4/4 14 1 15 3 333 43 35 0 2 1 5 61 63 0 1 1 5 53 65 1 35 1 5 65 34 2 125 1 15 43 14 2 25 3 2333 45 14 3 667 2 275 61 224 0 1 3 3333 77 63 0 1 3 3333 54 64 2 25 2 375 54
4/4 64 1 15 0 0 54 224 0 1 0 0 77 63 0 1 0 0 54 65 0 2 0 0 65 44 0 1 3 333 35 35 0 1 3 333 52 14 3 1667 3 2333 77 63 1 5 3 2333 53 35 0 1 3 3333 54 65 0 1 3 3333 55 64 0 1 3 3333 41 34 3 667 3 3333 48
4/4 35 0 1 0 0 54 65 0 1 0 0 55 64 0 1 0 0 41 34 0 1 0 0 48 14 3 667 2 75 74 63 0 1 3 1333 47 74 0 1 3 1333 65 35 2 125 2 175 53 75 0 1 3 2333 51 54 0 1 3 2333 39
4/4 63 2 25 3 333 53 15 0 2 3 333 62 34 0 2 3 1333 41 36 0 1 3 1333 51 14 0 1 3 1333 41 65 0 1 3 1333 48 14 0 1 3 1333 41 15 1 5 0 3 71 63 3 333 1 35 57 225 1 5 1 35 63
4/4 45 2 175 0 0 56 225 3 167 0 0 63 65 0 1 1 5 55 36 0 1 1 5 59 44 0 1 1 5 40 224 0 1 1 5 47 36 0 1 1 5 59 63 3 333 3 2667 49 15 3 1333 3 2667 63 34 0 1 3 3667 43 35 0 1 3 3667 52 65 0 1 3 3667 50 14 2 25 2 375 35
4/4 34 0 1 0 0 43 35 0 1 0 0 52 65 0 1 0 0 50 15 3 417 0 0 63 14 1 5 0 0 35 15 2 25 2 125 64 63 1 5 2 175 49 75 2 225 2 175 68 224 3 1667 3 2333 46 315 0 1 2 275 46 314 0 1 2 275 31 74 0 1 0 3 36 314 0 1 0 3 31
4/4 224 3 583 0 0 46 75 3 417 0 0 68 74 0 1 0 0 36 314 0 1 0 0 31 62 0 1 3 1333 35 63 0 1 3 1333 34 64 0 1 3 1333 35 35 0 1 3 1333 40 14 0 1 1 15 32 35 0 1 1 15 40 65 0 1 1 15 33
4/4 62 0 1 0 0 35 63 0 1 0 0 34 64 0 1 0 0 35 35 0 1 0 0 40 14 0 1 0 0 32 35 0 1 0 0 40 65 0 1 0 0 33
