4/4 55 2 75 2 75 47 615 2 75 1 15 48 715 0 1 2 225 51 54 0 1 2 225 39 24 0 1 2 225 38 55 2 125 2 275 45 25 1 5 1 35 53
4/4 25 2 75 0 0 53 54 0 1 0 0 39 24 0 1 0 0 38 55 0 1 0 0 45 715 1 5 1 15 44 524 0 1 2 225 41 24 0 1 2 225 43 615 1 15 2 225 47 25 1 5 1 35 52
4/4 524 0 1 0 0 41 24 0 1 0 0 43 25 3 167 0 0 52 615 2 25 0 1 55 314 0 2 0 2 31 714 0 1 0 2 46 55 0 1 0 2 50 54 2 175 2 225 35 315 2 25 2 275 46 315 1 5 1 35 54
4/4 314 2 75 0 0 31 315 3 167 0 0 54 54 2 75 0 0 35 525 1 5 2 75 53 55 1 25 1 15 49 614 2 175 2 225 36 524 0 1 2 225 35 713 0 1 2 225 30 24 2 175 2 225 44
4/4 614 1 5 0 0 36 524 0 1 0 0 35 713 0 1 0 0 30 24 3 333 0 1 58 315 3 1667 2 225 55 14 0 1 2 225 51 13 0 1 2 225 38 54 2 175 2 225 36 525 1 5 1 35 55
4/4 14 0 1 0 0 51 13 0 1 0 0 38 54 1 15 0 0 36 55 1 5 2 75 52 615 2 25 1 15 53 54 0 1 0 2 35 713 0 1 0 2 36 614 0 1 0 2 41 24 0 1 0 2 49 55 3 333 1 35 50
4/4 54 0 1 0 0 35 713 0 1 0 0 36 615 3 333 2 75 58 715 2 25 1 15 57 14 0 1 0 2 38 315 0 1 0 2 42 15 0 1 0 2 49 613 0 1 0 2 38 54 0 1 0 2 38 15 2 25 3 3333 60
4/4 715 2 25 0 0 54 613 0 1 0 0 38 54 0 1 0 0 38 615 2 25 3 667 57 55 2 25 2 125 56 615 0 1 0 2 44 315 0 1 0 2 43 14 0 1 0 2 37 54 0 1 0 2 33 23 0 1 0 2 37
4/4 54 0 1 0 0 33 23 0 1 0 0 37 55 2 75 2 75 62 615 2 25 1 15 68 54 0 2 0 2 41 715 0 1 0 2 65 24 0 1 0 2 51 55 2 125 2 275 48 25 3 667 3 3333 54
4/4 54 3 1333 0 0 41 715 0 1 0 0 65 24 0 1 0 0 51 55 2 75 0 0 48 25 3 333 0 0 54 715 1 5 3 1333 61 615 3 1667 0 2 55 24 0 2 0 2 51 524 0 2 0 2 40 25 1 5 3 3333 52
4/4 24 2 25 0 0 51 524 2 75 0 0 40 615 3 333 3 667 59 55 1 15 2 175 54 714 0 1 0 2 47 54 0 1 0 2 39 314 0 2 0 2 42 315 2 25 1 25 46 315 1 5 2 325 57
4/4 314 2 25 0 0 42 525 1 5 1 5 55 55 1 25 0 1 59 713 0 1 2 175 35 524 0 1 2 175 36 24 0 1 2 175 47 614 0 1 2 175 39
4/4 713 0 1 0 0 35 524 0 1 0 0 36 24 1 5 1 5 59 54 0 1 2 175 37 13 0 1 2 175 43 315 1 15 2 175 58 14 2 175 2 175 48 525 1 5 2 325 64
4/4 54 0 1 0 0 37 13 0 1 0 0 43 55 1 5 3 333 60 615 2 25 0 1 57 54 0 1 3 1667 37 713 0 1 3 1667 41 614 0 1 3 1667 44 24 0 1 3 1667 53 55 3 333 2 325 54
4/4 54 0 1 0 0 37 713 0 1 0 0 41 615 2 25 3 333 62 715 2 25 0 1 58 14 0 1 3 1667 44 315 0 1 3 1667 45 615 0 1 3 1667 45 54 0 1 3 1667 36 613 0 1 3 1667 29 615 2 25 3 3667 52
4/4 615 0 1 3 333 47 23 0 1 3 333 42 525 0 1 3 333 48 54 0 1 3 333 37 23 0 1 3 333 42 24 0 1 3 333 47 525 0 1 3 333 48 55 2 25 0 1 58 53 0 1 3 1667 46 55 3 2333 3 1667 60 23 1 15 1 25 34 714 0 1 0 3 39 54 0 1 0 3 27
4/4 714 0 1 0 0 39 54 0 1 0 0 27 55 3 3917 0 0 60 23 1 15 0 0 34 24 3 2333 1 5 49 53 0 1 3 1667 50 23 3 1667 3 2333 42 714 3 667 0 3 47 54 0 1 0 3 38
4/4 54 3 333 0 0 38 23 3 583 0 0 42 14 1 5 3 333 56 24 1 5 0 1 60 54 0 1 1 15 45 614 0 1 1 15 48 22 2 75 1 15 51 613 2 175 2 225 41 23 0 1 0 3 43 54 1 5 1 35 48
4/4 614 1 5 0 0 52 23 3 333 0 0 43 613 1 5 0 0 41 54 3 167 0 0 48 54 3 2333 2 75 49 22 3 2667 3 1333 33 613 1 25 1 15 33 524 3 1667 1 15 44
4/4 22 3 83 0 0 33 613 3 833 0 0 33 715 1 5 2 25 67 15 3 333 2 75 77 24 0 1 3 1333 38 55 0 1 3 1333 54 53 0 1 3 1333 51 25 0 1 3 1333 64 715 2 25 1 15 43 23 1 5 0 2 48 25 0 1 2 275 74 54 0 1 2 275 48 714 3 667 3 3333 48
4/4 24 2 25 0 0 50 25 3 667 0 0 72 24 2 25 3 667 57 24 0 1 0 1 51 525 0 1 0 1 54 25 0 1 0 1 70 22 0 1 0 1 52 613 1 5 0 2 48 25 0 1 1 25 62 524 0 1 1 25 50 316 0 1 0 3 68 614 0 1 0 3 48 25 0 1 2 375 63 525 0 1 2 375 67 24 0 1 2 375 47
4/4 15 3 333 3 333 80 24 0 1 0 1 51 55 0 1 0 1 59 313 0 1 0 1 50 715 0 1 0 1 73 713 3 667 3 1667 49 715 0 1 3 2333 64 55 0 1 3 2333 59 524 2 25 3 2333 48 54 3 667 0 3 52 715 0 1 3 3667 51 55 0 1 3 3667 51 714 0 1 3 3667 42
4/4 24 0 1 3 667 48 525 0 1 3 667 47 715 0 1 3 667 67 712 0 1 3 667 56 15 3 333 1 15 68 523 2 75 1 15 51 715 0 1 2 225 57 613 0 1 2 225 51 24 0 1 2 225 52 615 2 25 2 275 71 23 3 667 2 275 44 55 0 1 3 3333 57 714 0 1 3 3333 55 524 0 1 3 3333 35
4/4 525 0 1 0 0 62 614 0 1 0 0 67 54 0 1 3 667 64 315 0 1 3 667 68 12 0 1 3 667 54 14 0 1 3 667 58 53 1 5 3 1333 47 315 0 1 0 2 68 23 0 1 0 2 48 525 0 1 3 2667 62 314 0 1 3 2667 47 55 0 1 2 325 63 54 0 1 2 325 47 615 2 25 2 375 67
4/4 712 0 1 1 5 48 24 0 1 1 5 60 54 0 1 1 5 57 53 2 25 2 125 46 55 0 1 2 175 60 23 0 1 2 175 48 714 0 1 2 175 53 54 2 25 1 25 48 615 2 25 0 3 70 715 2 25 2 375 65
4/4 14 0 1 2 25 50 315 0 1 2 25 61 612 0 1 2 25 48 15 0 1 2 25 67 313 3 333 0 1 49 315 0 1 3 1667 59 15 0 1 3 1667 60 13 0 1 3 1667 44 715 0 1 2 225 58 314 0 1 2 225 47 714 0 1 2 275 43 14 0 1 2 275 57 615 0 1 2 275 58 315 0 1 2 275 51 55 2 25 1 35 63
4/4 14 0 1 0 0 43 22 0 1 0 0 50 315 2 125 0 0 54 615 2 175 2 25 62 613 2 25 2 75 46 24 0 1 1 15 41 524 0 1 1 15 36 715 2 25 2 275 70 15 2 25 3 3333 74
4/4 25 0 1 0 0 77 53 0 1 0 0 52 23 0 1 2 75 49 24 0 1 2 75 55 25 0 1 3 1333 70 54 0 1 3 1333 49 24 2 25 0 2 54 714 3 667 0 2 39 25 0 1 3 2667 62 715 0 1 3 2667 64 24 0 1 3 2667 46 24 0 1 1 35 51 525 0 1 1 35 57 615 0 1 1 35 59 22 0 1 2 375 57 25 0 1 2 375 70
4/4 24 0 1 0 0 51 525 0 1 0 0 57 615 0 1 0 0 59 22 0 1 0 0 57 25 0 1 0 0 70 613 1 5 1 5 59 25 0 1 0 1 65 24 0 1 0 1 64 23 3 667 0 1 49 316 0 1 3 1667 67 315 0 1 3 1667 68 524 3 667 3 1667 47 25 0 1 3 2333 64 614 0 1 3 2333 42 24 0 1 3 2333 57 15 0 1 0 3 70 14 0 1 0 3 65 715 0 1 1 35 71 55 0 1 1 35 63 24 0 1 1 35 65 313 0 1 1 35 50
4/4 715 0 1 0 0 71 55 0 1 0 0 63 24 0 1 0 0 65 313 0 1 0 0 50 713 1 5 2 25 51 524 2 25 2 75 50 715 0 1 2 75 64 55 0 1 2 75 58 54 3 667 1 15 48 715 0 1 0 2 54 55 0 1 0 2 49 714 0 1 0 2 41 24 0 1 0 3 51 525 0 1 0 3 61 712 0 1 0 3 56 715 0 1 0 3 71 15 2 25 2 375 68
4/4 523 3 667 0 0 56 15 3 83 0 0 68 715 0 1 1 5 65 613 0 1 1 5 54 615 2 25 0 1 73 23 1 5 0 1 48 524 0 1 2 175 51 55 0 1 2 175 63 24 0 1 2 175 63 525 0 1 3 2333 64 614 0 1 3 2333 67 315 0 1 0 3 71 12 0 1 0 3 55 54 0 1 0 3 62 53 3 333 3 3667 48
4/4 53 3 167 0 0 48 315 0 1 2 25 68 23 0 1 2 25 48 314 0 1 2 75 47 525 0 1 2 75 59 55 0 1 1 15 67 54 0 1 1 15 46 615 2 25 0 2 70 712 0 1 2 275 48 614 0 1 2 275 62 24 0 1 2 275 58 53 2 25 1 35 48
4/4 55 0 1 0 0 56 714 0 1 0 0 52 23 2 25 0 0 51 54 2 25 3 667 46 615 3 333 3 1333 64 715 2 25 0 2 53 14 0 1 3 2333 47 315 0 1 3 2333 50 615 0 1 3 2333 59 612 1 5 1 25 45 313 1 5 2 325 45 13 2 25 2 375 40
4/4 615 2 25 1 5 57 614 0 1 0 1 43 615 0 1 0 1 48 23 0 1 0 1 44 525 0 1 0 1 47 24 0 1 0 1 47 55 2 25 2 175 53 55 3 1667 3 2333 51 53 0 1 3 2333 48 714 0 1 3 2333 52 23 0 1 0 3 39 714 0 1 3 3667 43 54 0 1 3 3667 45
4/4 55 3 1083 0 0 51 714 0 1 0 0 43 54 0 1 0 0 45 24 3 333 0 1 49 53 2 175 2 225 52 23 0 1 0 3 41 54 1 5 1 35 61
4/4 614 2 75 0 0 62 53 2 25 0 0 52 23 0 1 0 0 41 54 2 25 0 0 61 713 1 5 2 75 39 714 0 1 2 75 50 54 0 1 2 75 48 14 2 25 3 1333 50 54 0 1 2 175 39 614 0 1 2 175 45 22 2 75 0 2 49 24 1 15 0 2 55 613 3 1333 3 2667 46 23 3 667 3 3333 45
4/4 314 3 667 0 0 47 23 3 667 0 0 45 613 3 667 0 0 46 54 3 667 3 667 44 24 3 1333 2 125 46 613 0 1 0 2 32 23 0 1 0 2 28 22 0 2 0 2 31 524 3 667 0 2 42 25 3 667 3 3333 42
4/4 613 0 1 0 0 32 23 0 1 0 0 28 25 3 833 0 0 42 22 3 333 0 0 31 55 2 75 2 75 74 615 2 75 3 1333 73 715 0 1 0 2 65 52 0 1 0 2 49 55 2 75 2 275 58 22 3 333 2 275 44 53 1 5 3 3333 53 25 3 667 3 3333 68
4/4 713 0 1 0 0 51 25 3 1083 0 0 68 23 1 5 3 667 59 54 2 25 2 125 59 715 2 75 2 125 67 615 3 1333 2 175 71 22 2 75 2 175 58 613 1 5 1 25 47 25 0 1 0 3 65 524 1 5 2 325 48 23 2 25 2 375 46
4/4 23 1 5 0 0 46 25 1 5 0 0 65 615 0 1 1 5 65 614 0 1 1 5 44 55 0 1 2 175 72 313 0 1 2 175 58 315 2 25 3 2333 64 713 3 667 3 2333 47 524 3 667 0 3 49 315 0 1 0 3 68 713 3 333 3 3667 50
4/4 713 3 667 0 0 50 315 2 25 0 0 68 525 0 1 2 25 67 54 0 1 2 25 49 55 3 667 0 1 65 24 0 2 1 15 60 712 2 75 1 15 50 523 2 75 2 225 48 613 1 5 0 3 48 23 1 5 1 35 42
4/4 23 2 25 0 0 42 24 0 1 2 25 68 613 0 1 2 25 48 523 3 333 2 75 55 315 0 1 3 1333 73 12 0 1 3 1333 56 53 3 667 0 2 48 525 0 1 3 2667 76 23 0 1 3 2667 51 314 2 75 2 325 48
4/4 54 0 1 0 0 48 55 0 1 0 0 68 615 2 25 1 5 73 712 3 667 2 125 54 24 2 125 2 125 66 53 1 5 2 175 51 55 0 1 1 25 72 23 0 1 1 25 45 713 0 1 0 3 51 54 0 1 2 375 50 615 0 1 2 375 73
4/4 54 0 1 0 0 50 615 0 1 0 0 73 715 2 25 3 333 76 15 0 1 0 1 68 612 0 1 0 1 54 315 0 1 0 1 67 313 3 667 2 175 51 15 0 1 3 2333 68 713 0 1 3 2333 50 715 2 25 0 3 70 13 1 5 0 3 56 615 0 1 1 35 73 314 0 1 1 35 47
4/4 55 2 25 2 25 72 615 0 2 2 75 65 55 0 1 2 75 65 22 0 1 2 75 52 613 1 5 1 15 46 525 0 1 0 2 52 524 0 1 0 2 42 55 3 667 3 3333 72
4/4 615 2 25 0 0 71 55 3 83 0 0 72 715 0 1 1 5 71 52 0 1 1 5 53 55 3 2333 2 125 67 22 1 5 2 125 52 25 0 1 2 175 70 53 1 5 0 2 57 713 2 75 1 25 57 23 3 667 0 3 61 715 0 1 3 3667 73 54 0 1 3 3667 58
4/4 615 2 125 3 333 73 523 2 75 3 333 63 23 3 667 0 1 51 524 2 25 3 1667 53 25 2 125 3 1667 64 614 1 5 2 225 55 615 0 1 2 275 70 23 0 1 2 275 48 523 2 25 1 35 51
4/4 55 0 1 0 0 70 313 0 1 0 0 59 315 2 25 2 75 65 713 3 667 2 75 45 315 0 1 3 1333 70 314 0 1 3 1333 52 54 3 667 0 2 49 525 0 1 3 2667 71 314 0 1 3 2667 51 713 2 25 2 325 50 55 3 667 2 325 67 712 2 25 2 375 57
4/4 24 0 2 0 0 58 712 3 417 0 0 57 523 3 667 1 5 48 613 2 75 0 1 50 23 3 667 2 175 54 24 0 1 3 2333 74 613 0 1 3 2333 52 523 2 25 0 3 51 12 0 1 3 3667 56 315 0 1 3 3667 78
4/4 12 0 1 0 0 56 315 0 1 0 0 78 53 3 667 2 25 51 525 0 1 2 75 78 23 0 1 2 75 48 53 3 667 1 15 49 55 0 1 0 2 70 314 0 1 0 2 50 615 0 1 3 2667 67 53 0 1 3 2667 48 712 3 667 3 3333 51 24 3 667 3 3333 72
4/4 53 1 5 0 0 52 24 3 333 0 0 72 23 0 1 1 5 49 55 0 1 1 5 72 53 2 25 2 125 52 54 0 1 2 175 53 615 0 1 2 175 71 715 2 25 1 25 71 615 0 1 0 3 68 14 0 1 0 3 62 612 3 667 2 325 49 313 2 25 2 375 47
4/4 615 0 1 0 0 68 14 0 1 0 0 62 313 3 417 0 0 47 13 1 5 3 333 46 314 0 1 0 1 49 315 0 1 0 1 68 525 0 1 3 1667 68 24 0 1 3 1667 65 22 0 1 3 1667 50 55 0 1 3 2333 67 613 0 1 3 2333 51 52 0 1 0 3 53 714 0 1 0 3 65 55 0 1 0 3 68 22 3 333 3 3667 48
4/4 714 0 1 0 0 65 55 3 1333 0 0 68 22 3 167 0 0 48 53 3 667 2 25 53 713 2 75 2 75 57 23 2 75 1 15 62 54 3 1667 0 2 63 55 3 1333 3 2667 74 53 3 667 3 2667 59 713 2 75 2 325 56
4/4 615 0 1 0 0 71 23 0 1 0 0 61 24 0 1 1 5 64 54 0 1 1 5 46 714 2 25 0 1 64 715 1 5 0 1 76 24 2 25 2 175 62 24 0 1 0 2 60 55 0 1 0 2 62 615 0 1 0 2 68 22 0 1 0 2 58 25 0 1 0 2 77 613 3 667 0 3 51 23 3 333 3 3667 54
4/4 23 3 167 0 0 54 54 0 1 2 25 48 56 0 1 2 25 60 614 1 25 2 75 47 55 3 333 2 75 54 56 2 25 3 1333 54 24 2 175 1 15 38 524 2 125 0 2 39 615 0 1 0 2 45 616 0 1 0 2 48 25 0 1 2 325 53 26 0 1 2 325 49
4/4 715 2 25 1 5 81 15 3 333 0 1 87 24 0 1 3 1667 50 55 0 1 3 1667 58 715 0 1 3 1667 68 52 0 1 3 1667 64 25 0 1 3 1667 74 22 1 5 3 2333 63 25 0 1 0 3 80 53 0 1 0 3 63 713 0 1 1 35 57 24 0 1 1 35 77
4/4 55 0 1 2 25 74 25 0 1 2 25 80 23 0 1 2 25 64 54 2 25 2 75 67 24 0 1 2 125 64 525 0 1 2 125 55 615 0 1 2 125 76 22 0 1 1 15 68 25 0 1 1 15 77 613 3 667 0 2 59 25 0 1 3 2667 72 24 0 1 3 2667 68 314 1 5 3 2667 52 316 0 1 2 325 71 315 0 1 2 325 81 524 3 667 2 325 54 614 0 1 2 375 62 25 0 1 2 375 74 24 0 1 2 375 72
4/4 15 0 1 1 5 80 14 0 1 1 5 77 715 0 1 0 1 70 55 0 1 0 1 68 313 0 1 0 1 58 713 3 667 3 1667 55 715 0 1 2 225 76 524 0 1 2 225 50 24 0 1 2 275 68 713 0 1 2 275 47 715 0 1 1 35 70 55 0 1 1 35 70 54 0 1 1 35 58
4/4 713 2 25 0 0 52 24 0 1 1 5 62 525 0 1 1 5 61 715 0 1 1 5 70 712 0 1 1 5 63 15 2 25 3 1333 72 523 3 667 3 1333 56 613 0 1 0 2 56 715 0 1 0 2 67 615 0 1 1 25 71 23 0 1 1 25 53 524 0 1 2 325 54 55 0 1 2 325 67 525 0 1 2 375 65 614 0 1 2 375 67
4/4 315 0 1 3 333 78 12 0 1 3 333 64 54 0 1 3 333 70 53 3 333 0 1 54 315 2 25 3 1667 76 23 1 5 3 1667 57 314 3 667 2 225 56 525 2 25 2 225 73 55 0 1 2 275 74 54 0 1 2 275 55 615 2 25 3 3333 78
4/4 712 0 1 0 0 63 24 0 1 0 0 70 54 0 1 0 0 68 53 3 667 2 75 56 55 0 1 3 1333 70 714 0 1 3 1333 73 23 2 25 3 1333 61 54 1 5 0 2 61 615 2 25 1 25 84 23 1 5 1 25 61 53 0 1 2 325 56 715 0 1 2 325 78 14 0 1 3 3667 53 315 0 1 3 3667 57 15 0 1 3 3667 77 612 0 1 3 3667 53
4/4 14 0 1 0 0 53 315 0 1 0 0 57 15 0 1 0 0 77 612 0 1 0 0 53 313 2 75 3 333 61 315 0 1 0 1 70 15 0 1 0 1 72 713 0 1 0 1 57 715 0 1 3 1667 67 24 0 1 3 1667 65 13 0 1 3 1667 55 24 0 1 3 1667 65 314 1 5 2 225 55 615 0 1 2 225 73 14 0 1 2 225 68 55 0 1 2 275 67 54 0 1 2 275 57 315 0 1 2 275 65 615 1 5 1 35 76 525 0 1 1 35 68 22 0 1 1 35 61
4/4 613 1 5 0 0 59 615 0 1 0 0 76 525 0 1 0 0 68 22 0 1 0 0 61 23 3 667 2 75 65 524 0 1 3 1333 54 24 0 1 3 1333 74 715 0 1 0 2 78 54 0 1 0 2 72 55 0 1 0 2 62 615 0 1 1 25 76 15 0 1 1 25 77 715 0 1 2 325 78 25 0 1 2 325 74 52 0 1 2 325 62 22 2 25 2 375 57 24 2 25 2 375 63
4/4 22 2 25 0 0 57 24 1 5 0 0 63 25 0 1 3 333 74 55 0 1 3 333 68 53 0 1 3 333 61 713 0 1 0 1 56 24 0 1 0 1 72 25 0 1 3 1667 80 23 0 1 3 1667 63 715 0 1 3 1667 67 24 0 1 2 225 72 54 0 1 2 225 62 24 0 1 3 2667 56 525 0 1 3 2667 70 615 0 1 3 2667 71 22 0 1 3 2667 62 25 0 1 3 2667 80 613 1 5 1 35 61
4/4 24 0 1 0 0 72 25 0 1 0 0 74 314 3 333 0 0 59 524 2 75 3 667 57 315 0 1 3 667 78 316 0 1 3 667 71 614 0 1 2 125 64 24 0 1 2 125 72 25 0 1 2 125 74 525 0 1 2 125 65 615 0 1 2 125 62 14 0 1 2 175 72 15 0 1 2 175 74 55 0 1 1 25 65 715 0 1 1 25 73 313 0 1 1 25 62 24 2 125 1 25 70 713 1 5 2 325 55 715 0 1 3 3667 71 55 0 1 3 3667 68 524 2 25 2 375 58
4/4 524 3 83 0 0 58 715 0 1 0 0 71 55 0 1 0 0 68 24 0 1 3 333 57 54 0 1 3 333 51 714 2 25 0 1 62 55 0 1 0 1 67 715 0 1 0 1 67 24 2 25 1 15 68 712 0 1 2 225 62 715 0 1 2 225 69 525 1 5 2 225 70 15 2 25 2 275 72 523 2 75 2 275 57 24 0 1 3 3333 57 713 0 1 3 3333 70 715 0 1 3 3333 62
4/4 23 1 5 0 0 58 615 0 1 0 0 65 14 0 1 0 0 51 714 0 1 3 667 65 55 0 1 3 667 57 524 0 1 3 667 52 525 0 1 2 125 61 614 0 1 2 125 64 54 0 1 2 175 58 14 0 1 2 175 63 12 0 1 2 175 58 315 0 1 2 175 71 53 1 5 1 25 55 315 3 333 0 3 73 23 3 667 0 3 61 525 3 333 3 3667 68 314 3 333 3 3667 57
4/4 314 3 333 0 0 57 55 0 1 2 25 74 54 0 1 2 25 57 615 2 25 0 1 73 712 3 667 1 15 55 24 0 1 1 15 67 54 0 1 1 15 62 53 3 333 0 2 52 714 0 1 3 2667 64 55 0 1 3 2667 65 23 2 25 2 275 53 54 2 25 3 3333 51
4/4 615 2 25 0 0 71 715 2 25 1 5 71 14 0 1 0 1 54 315 0 1 0 1 61 615 0 1 0 1 68 612 3 667 2 125 50 313 1 5 2 175 49 13 1 5 1 25 44 314 0 1 0 3 45 615 0 1 0 3 57 614 0 1 3 3667 48 615 0 1 3 3667 58 24 0 1 3 3667 57 23 0 1 3 3667 47 525 0 1 3 3667 53
4/4 614 0 1 0 0 48 615 0 1 0 0 58 24 0 1 0 0 57 23 0 1 0 0 47 525 0 1 0 0 53 55 2 25 3 333 60 52 2 75 0 1 50 55 0 1 0 1 68 714 0 1 0 1 73 22 1 5 1 15 53 53 3 667 2 225 59 713 2 75 2 275 56 23 2 25 1 35 50 714 1 5 1 35 70
4/4 54 3 1667 0 0 68 714 3 167 0 0 70 14 0 1 3 667 68 52 0 1 3 667 53 313 1 5 3 1333 50 315 2 125 0 2 70 13 1 5 0 2 49 314 1 5 1 25 49 54 2 25 2 325 55 54 2 25 2 375 61
4/4 52 0 1 3 333 49 24 0 1 3 333 60 524 0 1 3 333 62 523 2 25 0 1 52 615 0 1 3 1667 58 24 0 1 3 1667 55 613 3 667 3 1667 46 23 3 667 3 2333 50 524 2 25 0 3 42 614 2 25 1 35 42
4/4 314 0 1 0 0 37 54 0 1 0 0 33 14 0 1 2 25 46 24 0 1 2 25 49 55 0 1 2 25 43 53 2 225 2 25 25 55 0 1 1 15 51 56 0 1 1 15 52 715 2 75 0 3 71 15 3 333 3 3667 70
4/4 25 0 1 3 333 67 55 0 1 3 333 64 54 2 275 3 333 52 716 0 1 1 15 58 25 0 1 1 15 62 24 2 125 3 1667 40 616 2 75 2 225 63 716 0 1 2 275 58 25 0 1 2 275 57 714 2 75 2 275 46 16 2 25 1 35 62
4/4 25 0 1 0 0 49 526 0 1 0 0 48 616 0 1 0 0 53 26 0 1 0 0 60 23 3 2333 2 25 49 25 2 25 1 15 65 614 0 2 1 15 47 316 2 25 0 2 70 524 0 1 2 275 48 25 3 333 2 275 70 15 2 25 3 3333 68
4/4 314 3 1667 0 0 51 715 0 1 0 0 64 55 0 1 0 0 56 24 0 1 0 0 58 56 0 1 2 125 55 715 0 1 2 125 64 714 3 1333 2 125 43 615 0 1 2 175 67 526 0 1 2 175 63 715 0 1 1 25 68 54 0 1 1 25 47 56 0 1 1 25 60 616 2 25 0 3 66 25 0 1 3 3667 59 526 0 1 3 3667 57 716 0 1 3 3667 67 713 2 25 2 375 50
4/4 713 3 1083 0 0 50 524 2 225 0 1 46 715 3 667 0 1 70 15 2 25 3 1667 65 715 0 1 2 225 64 24 0 1 2 225 59 614 0 1 2 225 39 24 0 1 2 225 59 615 2 25 2 275 58 13 1 5 1 35 50 55 0 1 1 35 62 315 0 1 1 35 58 14 0 1 1 35 57
4/4 13 2 175 0 0 50 55 0 1 0 0 62 315 0 1 0 0 58 14 0 1 0 0 57 54 2 125 2 75 43 55 2 75 2 75 65 525 3 667 1 15 65 315 0 1 0 2 62 314 0 1 0 2 42 525 3 333 3 2667 61 713 2 75 2 325 43 55 3 667 3 3333 59 24 3 667 3 3333 57
4/4 713 2 175 0 0 43 55 3 583 0 0 59 24 0 1 3 667 45 54 0 1 3 667 34 615 0 1 2 175 68 23 0 1 2 175 43 715 2 25 1 25 67 14 0 1 0 3 48 315 0 1 0 3 54 615 0 1 0 3 65 613 0 1 0 3 44
4/4 613 1 5 0 0 44 314 2 175 1 5 46 615 2 25 0 1 65 615 2 75 3 1667 62 14 3 333 3 1667 38 55 2 25 3 2333 55 24 0 1 2 275 47 23 0 1 2 275 46 615 0 1 2 275 54 55 3 667 0 3 55
4/4 25 0 1 2 25 40 525 0 1 2 25 37 524 0 1 2 25 35 715 3 333 1 15 76 15 3 333 2 225 72 24 0 1 3 2667 46 55 0 1 3 2667 58 25 0 1 3 2667 63 53 2 125 2 275 54
4/4 53 2 25 0 0 54 716 0 1 2 25 71 25 0 1 2 25 60 23 1 15 2 25 48 616 3 333 2 75 67 716 0 1 3 1333 64 25 0 1 3 1333 62 714 0 1 3 1333 45 16 1 5 0 2 68 25 0 1 1 25 49 526 0 1 1 25 49 616 0 1 1 25 56 22 2 125 2 275 53 26 2 25 2 275 63
4/4 613 2 225 0 0 50 25 3 333 0 0 65 316 2 25 3 667 76 25 0 1 2 125 70 524 0 1 2 125 44 15 2 25 2 175 74 24 0 1 3 2333 62 55 0 1 3 2333 60 715 0 1 3 2333 70 313 1 15 1 25 57 56 0 1 3 3667 63 715 0 1 3 3667 67 713 2 25 2 375 52
4/4 713 3 1417 0 0 52 526 0 1 3 333 66 615 0 1 3 333 68 56 0 1 0 1 62 715 0 1 0 1 71 54 0 1 0 1 52 616 0 1 1 15 67 15 0 1 1 15 64 25 0 1 2 225 59 526 0 1 2 225 61 716 0 1 2 225 67 712 0 1 2 225 54 16 2 25 2 275 65 523 3 667 3 3333 51 716 0 1 1 35 66 25 0 1 1 35 60
4/4 616 3 333 0 0 64 523 0 1 0 0 51 56 0 1 3 667 59 715 0 1 3 667 58 613 3 667 2 75 47 526 0 1 3 1333 62 615 0 1 3 1333 65 12 0 1 0 2 57 55 0 1 0 2 62 15 0 1 0 2 56 316 0 1 0 2 61 55 0 1 0 2 62 15 0 1 0 2 56 316 3 333 3 3333 64 53 3 667 3 3333 48
4/4 526 3 333 0 0 62 53 3 333 0 0 48 56 0 1 3 667 60 23 0 1 3 667 43 616 2 25 3 1333 52 54 0 1 0 2 38 23 0 1 0 2 38 55 0 1 0 2 53 713 0 1 0 2 35 25 0 2 0 2 54 56 1 5 1 35 43
4/4 54 0 1 0 0 38 23 0 1 0 0 38 55 0 1 0 0 53 713 0 1 0 0 35 25 0 1 0 0 54 56 3 833 0 0 43 55 1 5 2 175 70 525 1 5 0 2 68 12 3 1333 1 25 56 315 2 75 1 25 70 54 2 75 2 325 56 53 2 25 2 375 56 315 2 25 2 375 76
4/4 53 1 5 0 0 56 315 3 83 0 0 76 525 2 25 1 5 70 55 0 1 0 1 60 23 0 1 0 1 37 615 2 25 2 175 58 24 2 125 1 25 56 54 1 15 1 25 48 53 0 1 1 25 38 712 0 1 1 25 36
4/4 55 0 1 0 0 48 714 0 1 0 0 40 23 2 275 0 0 30 54 3 1167 0 0 48 56 1 5 1 25 61 526 3 333 0 3 66 55 0 1 3 3333 51 15 0 1 3 3333 55 316 0 1 3 3333 62 12 0 1 1 35 53 316 0 1 1 35 62
4/4 55 0 1 0 0 51 15 0 1 0 0 55 316 0 1 0 0 62 12 0 1 0 0 53 316 0 1 0 0 62 53 1 5 2 25 59 23 0 1 2 75 51 316 0 1 2 75 73 314 0 1 3 1333 48 526 2 25 1 15 71 56 3 333 0 2 57 54 2 75 0 2 50 616 0 1 2 275 62 24 0 1 2 275 56 713 3 333 3 3667 50 25 0 1 3 3667 60 55 0 1 3 3667 55
4/4 713 3 333 0 0 50 25 0 1 0 0 60 55 0 1 0 0 55 54 1 5 3 333 48 56 0 1 0 1 54 24 0 1 0 1 49 715 0 1 0 1 55 714 2 125 3 1667 43 55 2 25 1 25 47 616 1 5 1 25 49 716 2 25 2 325 47
4/4 15 0 1 0 0 44 316 0 1 0 0 46 613 2 75 0 0 44 616 3 1333 2 25 49 314 3 333 2 75 45 14 1 5 1 15 43 316 2 25 3 2333 49 14 0 1 2 325 34 526 0 1 2 325 43 23 0 1 2 325 34 615 0 1 2 325 34
4/4 14 0 1 0 0 34 526 0 1 0 0 43 23 0 1 0 0 34 615 0 1 0 0 34 56 2 25 2 75 46 53 2 75 3 1333 46 55 0 1 3 1333 44 56 0 1 3 1333 44 23 1 5 2 225 48 25 0 1 0 3 62 714 0 1 0 3 49 23 3 333 3 3667 45
4/4 23 3 417 0 0 45 54 0 1 2 25 41 715 0 1 2 25 61 35 0 1 1 15 52 55 0 1 1 15 57 53 0 1 1 15 49 15 0 1 1 15 62 34 2 75 3 2333 47 15 0 1 0 3 58 54 0 1 0 3 45 56 0 1 0 3 56 34 3 333 3 3667 49
4/4 34 0 1 0 0 49 56 2 25 0 0 56 15 0 1 3 333 55 14 0 1 3 333 38 53 0 1 2 175 42 715 0 1 2 175 53 24 0 1 2 175 51 23 2 75 1 25 48 56 0 1 2 325 56 714 0 1 2 325 42
4/4 23 2 75 0 0 41 54 0 1 3 667 35 715 0 1 3 667 50 53 0 1 2 225 32 34 0 1 2 225 32 14 0 1 2 225 34 35 0 1 3 2333 40 615 0 1 3 2333 42
4/4 53 0 1 0 0 32 34 0 1 0 0 32 14 0 1 0 0 34 615 2 25 0 1 44 615 2 25 2 175 47 55 2 75 2 275 34
4/4 54 0 1 3 1667 18 714 0 1 3 1667 27 52 3 1333 2 175 36 24 0 2 0 2 43 55 0 2 0 2 30 22 3 667 0 3 36
4/4 713 3 667 0 0 42 54 0 1 0 0 18 714 0 1 0 0 27 24 2 175 0 0 43 55 3 2667 0 0 30 23 0 1 0 1 44 54 2 125 0 2 40 714 2 75 2 325 37
4/4 714 3 1917 0 0 37 24 2 75 0 1 26 55 0 1 2 125 22 56 0 1 2 125 26
