4/4 35 3 667 0 1 42 75 1 5 3 1667 48 15 3 667 0 2 55 75 3 333 3 2667 52 35 2 75 0 3 50 75 2 25 2 375 48
4/4 15 2 75 0 0 49 75 2 25 0 0 48 75 1 5 2 75 49 35 3 667 2 125 49 75 1 5 2 175 48 15 2 75 2 225 49 75 3 333 0 3 53 35 3 667 3 3333 49
4/4 75 1 5 0 0 52 35 3 83 0 0 49 15 2 75 1 5 53 75 1 5 2 125 53 35 2 75 1 15 52 75 3 333 2 225 53 37 2 125 1 25 68 15 2 75 1 25 51 75 3 333 2 325 48 26 1 5 1 35 65 35 1 5 1 35 52
4/4 26 2 75 0 0 65 75 3 333 2 25 49 37 0 1 1 5 65 15 0 1 1 5 49 75 3 333 2 125 51 76 3 2667 3 1333 68 24 2 75 3 1667 48 75 1 5 3 2333 47 15 2 75 2 275 46 75 3 333 1 35 51 24 2 25 2 375 53
4/4 76 3 10083 0 0 68 24 3 417 0 0 53 75 3 333 3 667 51 15 3 667 0 1 50 75 2 25 3 1667 58 14 2 75 0 2 57 55 3 333 2 275 52 37 0 1 0 3 70 75 1 5 0 3 52 55 2 25 2 375 49
4/4 14 2 75 0 0 56 26 0 1 0 0 68 55 3 83 0 0 49 55 2 25 2 75 51 37 0 1 2 125 68 75 0 1 2 125 56 55 3 333 2 175 52 57 0 2 0 2 63 74 1 5 2 225 59 55 3 333 0 3 54 25 1 5 2 325 60
4/4 55 3 333 0 0 53 57 3 1667 0 0 63 74 1 5 3 333 56 55 3 333 0 1 52 25 1 5 3 1333 53 55 2 25 0 2 49 67 0 1 1 25 65 64 1 5 1 25 58 35 1 5 0 3 52 15 1 5 1 35 51 57 1 5 1 35 70
4/4 57 1 5 0 0 70 35 3 333 2 25 47 47 2 125 1 5 67 64 2 75 1 5 55 35 3 333 2 125 52 37 2 75 1 15 70 15 1 5 1 15 54 35 2 25 2 225 49 67 2 125 2 225 68 64 3 667 3 2667 56 35 3 333 2 325 53 715 3 333 3 3667 57 57 3 333 3 3667 65
4/4 715 3 167 0 0 57 57 3 667 0 0 65 35 1 5 3 333 50 47 0 1 3 667 68 64 0 1 3 667 50 35 2 25 3 1333 52 715 3 333 2 175 54 37 2 75 2 175 67 35 2 25 1 25 45 37 2 125 2 275 77 74 1 5 2 275 58 65 2 25 1 35 57
4/4 36 1 5 0 0 55 37 1 5 0 0 77 65 0 1 1 5 54 47 0 1 1 5 63 47 0 3 0 1 63 74 1 5 0 1 61 65 1 5 1 15 53 36 1 5 0 2 54 65 2 25 1 25 59 74 1 5 0 3 55 65 1 5 1 35 56
4/4 25 3 333 0 0 49 47 2 325 0 0 63 65 2 25 3 667 50 74 3 333 0 1 51 65 3 333 3 1667 58 25 1 5 0 2 56 65 3 333 2 275 54 35 2 75 0 3 58 75 2 25 2 375 55
4/4 75 2 25 0 0 55 15 3 667 2 25 55 37 0 1 2 25 67 75 2 25 2 75 49 26 2 125 2 125 67 35 3 667 2 125 48 75 2 25 2 175 51 15 0 1 2 225 54 37 0 1 2 225 67 75 3 333 0 3 53 76 0 1 0 3 65 24 2 75 2 325 52
4/4 75 3 333 0 0 53 76 0 7 0 0 65 15 3 667 3 333 51 75 1 5 0 1 55 24 2 75 3 1333 56 75 1 5 0 2 55 15 1 5 1 25 57 75 2 25 2 325 56 14 1 5 1 35 58
4/4 14 2 25 0 0 58 55 3 333 2 25 50 37 0 1 1 5 72 75 2 75 1 5 54 55 1 5 2 125 52 14 3 667 1 15 56 26 0 1 1 15 68 55 3 333 2 225 52 37 0 1 3 2667 68 75 0 1 3 2667 58 55 3 333 2 325 54 57 2 75 2 325 63 74 3 333 3 3667 61
4/4 74 3 333 0 0 61 57 3 2583 0 0 63 55 1 5 3 333 53 25 3 667 2 75 54 55 2 25 3 1333 52 74 3 667 2 175 55 55 1 5 3 2333 56 25 3 667 2 275 59 55 2 25 3 3333 50 67 0 1 2 375 65 64 0 1 2 375 59
4/4 67 0 1 0 0 65 64 0 1 0 0 59 35 1 5 1 5 54 67 2 25 1 5 59 15 1 5 2 75 57 67 3 333 2 75 61 35 0 1 1 15 52 67 0 1 1 15 60 67 0 1 2 175 61 64 0 1 2 175 53 35 0 1 1 25 50 57 0 1 1 25 60 15 1 5 2 275 53 47 2 75 0 3 62 35 3 333 1 35 54 67 1 5 1 35 65
4/4 64 3 667 0 0 55 67 2 225 0 0 65 35 3 333 3 667 52 715 1 5 0 1 57 35 1 5 2 175 50 64 3 667 0 2 57 47 1 5 3 2667 65 35 2 25 3 2667 55 57 3 667 0 3 68 715 3 333 0 3 53 35 0 1 2 375 52 67 0 1 2 375 61
4/4 54 0 1 0 0 61 57 0 1 0 0 68 35 0 1 2 75 52 57 0 1 2 75 62 75 0 1 2 125 51 57 0 1 2 125 62 57 0 1 2 175 61 35 0 1 2 175 51 57 0 1 2 225 61 54 1 5 2 225 52 35 0 1 2 275 53 47 0 1 2 275 63 75 0 1 2 325 50 37 0 1 2 325 65
4/4 57 0 4 0 0 63 35 3 333 0 0 48 14 2 75 2 25 52 55 3 333 0 1 52 36 1 5 3 1333 53 55 1 5 0 2 49 14 3 667 3 2333 54 55 2 25 0 3 54 36 1 5 1 35 57
4/4 57 2 25 0 0 63 55 2 25 2 25 44 16 0 1 1 5 72 45 2 75 1 5 55 15 1 5 2 125 53 26 0 1 1 15 72 36 2 75 1 15 54 15 3 333 2 225 57 37 2 125 1 25 72 45 3 667 3 2667 54 15 1 5 2 325 51 47 0 1 3 3667 64 36 0 1 3 3667 59
4/4 47 0 1 0 0 64 36 0 1 0 0 59 15 0 1 2 25 58 16 0 1 2 25 74 45 3 667 3 667 58 15 0 1 2 125 52 16 0 1 2 125 67 26 0 1 3 1667 74 36 3 667 3 1667 58 15 1 5 3 2333 57 37 0 1 3 2667 68 45 0 1 3 2667 54 47 0 1 3 3333 68 15 0 1 3 3333 53 36 3 333 3 3667 62 37 3 333 3 3667 74
4/4 36 3 167 0 0 62 37 3 417 0 0 74 15 2 25 3 333 54 77 3 3667 3 333 65 74 2 75 2 75 47 45 3 333 1 15 61 36 1 5 2 175 62 45 3 333 1 25 54 74 1 5 2 275 54 45 2 25 1 35 53
4/4 36 2 25 0 0 59 77 3 667 0 0 65 45 2 25 1 5 54 77 0 1 0 1 66 45 0 1 0 1 52 76 0 1 0 1 59 25 0 1 0 1 58 74 0 1 0 1 58 45 0 1 0 2 48 77 0 1 0 2 68 25 0 1 0 2 63 74 0 1 0 2 59 76 0 1 0 2 72 37 2 75 2 325 74 47 2 25 2 375 65
4/4 47 2 25 0 0 65 57 2 75 2 25 66 67 1 5 2 75 62 35 2 75 2 125 52 77 2 125 2 125 66 75 1 5 0 2 54 15 0 1 2 225 53 57 0 1 2 225 63 75 3 333 0 3 55 37 0 1 0 3 68 35 3 667 3 3333 52
4/4 75 0 1 0 0 58 77 0 1 0 0 68 37 2 25 0 0 68 15 3 667 3 333 56 75 3 333 0 1 51 67 0 3 0 1 72 24 3 667 3 1333 49 75 1 5 0 2 54 47 1 15 1 25 68 15 1 5 1 25 49 75 1 5 0 3 53 24 1 5 1 35 52
4/4 47 1 5 0 0 68 67 1 5 0 0 72 24 2 25 0 0 52 75 1 5 2 25 52 15 1 5 1 5 57 75 3 333 2 125 54 24 2 75 1 15 56 67 3 1333 1 15 70 75 1 5 2 225 52 47 0 1 1 25 68 15 0 1 1 25 54 75 3 333 2 325 58 26 2 75 2 325 72 24 3 333 3 3667 54
4/4 24 3 333 0 0 54 26 1 5 0 0 72 67 0 1 3 333 70 75 0 1 3 333 55 15 3 667 3 667 54 75 2 25 3 1333 53 57 1 15 3 1333 70 14 2 75 2 175 56 55 1 5 3 2333 52 75 1 5 2 275 51 37 2 125 2 275 68 55 3 333 1 35 50 14 2 25 2 375 57
4/4 14 1 5 0 0 57 37 2 175 0 0 68 55 1 5 1 5 48 75 3 667 0 1 46 55 2 25 1 15 54 16 0 1 0 2 65 64 0 1 0 2 57 26 0 1 3 2667 65 35 0 1 3 2667 53 75 0 1 0 3 54 37 0 1 0 3 68 16 3 333 3 3667 68 35 3 333 3 3667 56
4/4 64 3 667 0 0 53 16 3 917 0 0 68 35 0 1 3 667 54 26 0 1 3 667 68 75 0 1 0 1 56 37 0 1 0 1 68 76 3 1667 2 175 68 35 1 5 2 175 57 54 1 5 2 225 58 47 0 1 2 275 63 35 0 1 2 275 54 26 0 1 2 325 67 75 0 1 2 325 50
4/4 35 3 333 0 0 52 37 2 175 0 0 72 14 3 667 3 333 58 55 3 333 0 1 52 36 1 5 3 1333 62 55 2 25 0 2 57 67 0 1 3 2333 65 44 0 1 3 2333 63 14 0 1 0 3 56 57 0 1 0 3 66 37 0 1 1 35 68 65 0 1 1 35 53
4/4 37 0 1 0 0 68 65 0 1 0 0 53 67 0 1 2 25 63 14 0 1 2 25 54 57 0 1 1 5 66 44 0 1 1 5 57 37 1 5 2 125 67 14 2 25 2 125 57 65 3 667 1 15 54 47 2 25 1 15 70 14 2 25 2 225 57 47 2 175 2 225 74 74 3 667 3 2667 63 45 3 333 2 325 58 36 3 333 3 3667 59
4/4 47 2 25 0 0 74 45 3 333 3 333 62 74 0 1 3 667 61 37 0 1 3 667 72 47 0 1 3 1333 68 45 0 1 3 1333 57 57 0 1 2 175 70 25 0 1 2 175 55 45 2 25 3 2333 57 67 3 333 1 25 65 35 3 667 2 275 63 77 2 125 2 275 72 75 3 333 1 35 56 57 0 1 2 375 70 15 0 1 2 375 54
4/4 57 0 1 0 0 70 15 0 1 0 0 54 75 1 5 1 5 57 37 2 75 1 5 72 35 3 667 0 1 54 75 0 1 3 1667 62 77 0 1 3 1667 70 15 3 667 0 2 47 75 2 25 3 2667 49 67 3 1333 3 2667 68 74 1 5 0 3 53 45 2 25 2 375 54
4/4 47 3 2667 0 0 68 25 1 5 0 0 53 45 2 25 0 0 54 67 3 167 0 0 68 45 2 25 2 75 56 74 3 667 2 125 58 45 1 5 2 175 59 25 1 5 2 225 58 45 1 5 2 275 53 76 0 1 0 3 53 26 0 1 0 3 58 74 0 1 0 3 59 67 0 1 0 3 65
4/4 45 2 25 0 0 55 25 3 333 2 25 56 47 2 75 2 25 67 45 2 25 0 1 55 26 2 125 0 1 70 714 2 75 2 125 58 55 0 1 0 2 59 67 0 1 0 2 66 25 3 667 3 2333 54 55 3 333 0 3 61 57 0 1 0 3 68 14 3 667 3 3333 61
4/4 55 1 5 0 0 54 57 3 333 0 0 68 37 0 1 1 5 63 16 0 1 1 5 64 36 1 5 1 5 55 55 1 5 0 1 53 14 2 75 1 15 62 55 3 333 2 225 59 36 1 5 1 25 60 55 2 25 2 325 50 16 1 5 1 35 74 64 1 5 1 35 63
4/4 16 1 15 0 0 74 64 2 25 0 0 63 35 2 25 2 25 56 17 0 1 1 5 68 15 0 1 1 5 57 35 3 333 2 125 49 64 0 1 3 1667 59 77 0 1 3 1667 70 45 0 1 2 225 55 67 0 1 2 225 65 57 2 75 3 2667 68 25 3 333 3 2667 52 45 0 1 3 3333 55 67 0 1 3 3333 60 76 2 25 2 375 59 77 2 25 2 375 70 54 2 25 2 375 61
4/4 76 3 1417 0 0 59 77 0 1 0 0 70 54 2 25 0 0 61 35 3 333 1 5 57 75 1 5 2 75 59 35 2 25 1 15 52 37 0 1 2 175 67 76 0 1 2 175 64 14 2 75 2 175 57 55 2 25 1 25 62 36 3 333 0 3 59 55 2 25 3 3667 52 16 2 25 2 375 55
4/4 37 0 1 0 0 63 44 0 1 0 0 65 67 0 1 0 0 63 16 2 125 0 0 55 14 0 1 3 667 57 57 0 1 3 667 59 65 0 1 0 1 56 37 0 1 0 1 67 67 0 1 3 1667 66 14 0 1 3 1667 55 44 0 1 0 2 61 57 0 1 0 2 68 37 1 5 2 275 64 14 2 25 2 275 58 17 3 333 0 3 68 65 1 5 0 3 58 77 2 25 2 375 70
4/4 77 1 35 0 0 70 74 1 5 2 25 64 45 2 25 2 75 63 36 1 5 2 125 65 45 1 5 2 175 62 74 2 75 2 225 64 45 3 333 0 3 61 36 2 25 3 3333 68
4/4 45 3 333 0 0 49 77 0 1 3 333 68 76 0 1 3 333 65 26 0 1 3 333 72 74 0 1 3 333 52 25 0 1 3 333 58 45 0 1 3 333 37 45 0 1 1 15 55 74 0 1 1 15 57 25 0 1 1 15 55 76 3 333 1 15 74 76 2 175 2 225 70 67 2 75 1 25 72 57 3 333 2 325 63 47 3 333 3 3667 65
4/4 47 3 333 0 0 65 76 3 917 0 0 70 57 3 333 3 333 63 35 2 75 3 667 52 37 3 3333 3 667 70 75 1 5 3 1333 54 15 3 667 3 1667 55 75 1 5 3 2333 51 35 2 75 2 275 49 75 3 333 1 35 48 15 2 25 2 375 51
4/4 37 3 5167 0 0 70 15 2 25 0 0 51 75 2 25 1 5 50 35 3 667 0 1 48 75 1 5 1 15 49 15 3 667 0 2 49 75 3 333 3 2667 49 35 2 75 0 3 49 75 2 25 2 375 46
4/4 15 3 667 0 0 53 75 3 83 0 0 46 75 3 333 3 667 51 35 2 75 0 1 58 75 3 333 2 175 58 15 3 667 0 2 52 37 0 1 0 2 68 75 2 25 2 275 57 35 0 1 2 325 53 26 0 1 2 325 65 75 2 25 2 375 56 37 2 25 2 375 67
4/4 75 3 83 0 0 56 37 2 75 0 0 67 15 3 667 2 25 55 75 3 333 2 75 52 76 2 125 0 1 70 24 2 75 2 125 57 75 3 333 0 2 53 15 3 667 3 2333 51 75 0 1 0 3 55 77 0 1 0 3 66 24 1 5 3 3333 53
4/4 17 2 25 0 0 59 75 3 333 0 0 49 27 2 25 3 333 63 15 1 5 3 333 57 75 2 25 0 1 54 38 2 75 0 1 70 14 1 5 3 1333 58 55 2 25 0 2 53 37 0 1 1 25 70 25 1 5 1 25 51 55 3 333 2 325 50 26 0 1 1 35 70 14 0 1 1 35 54
4/4 55 0 1 2 25 53 37 0 1 2 25 70 36 1 5 3 667 50 55 3 333 2 125 55 57 2 225 2 125 72 74 3 667 3 1667 56 55 3 333 3 2333 54 25 3 667 3 2667 55 55 2 25 3 3333 48 37 0 1 2 375 72 74 0 1 2 375 52
4/4 37 0 1 0 0 72 74 0 1 0 0 52 55 3 333 3 333 55 47 1 5 3 333 67 37 0 1 2 75 74 25 0 1 2 75 55 55 0 1 3 1333 54 26 0 1 3 1333 65 64 0 1 2 175 56 67 0 1 2 175 65 16 2 75 2 175 72 35 3 333 1 25 49 57 2 75 2 275 70 15 1 5 2 275 52 35 2 25 1 35 55 47 0 1 2 375 74 64 0 1 2 375 54
4/4 47 0 1 0 0 74 64 0 1 0 0 54 35 0 1 1 5 55 37 0 1 1 5 77 15 1 5 2 75 60 67 0 1 1 15 62 716 0 1 1 15 73 35 2 25 1 15 55 64 3 667 0 2 59 35 2 25 1 25 58 57 0 1 0 3 66 715 0 1 0 3 58 35 3 333 3 3667 52
4/4 47 0 1 0 0 70 64 0 1 0 0 54 35 2 25 3 667 57 715 0 1 0 1 64 37 0 1 0 1 72 35 2 25 3 1667 45 66 0 1 0 2 59 76 0 1 0 2 67 37 0 1 0 2 70 74 3 667 0 2 62 65 3 333 3 2667 57 36 3 333 0 3 59 65 0 1 3 3667 58 47 0 1 3 3667 63
4/4 74 0 1 0 0 57 47 0 1 0 0 74 65 3 333 2 75 51 36 1 5 0 1 50 65 2 25 2 175 57 74 1 5 2 225 58 45 0 1 2 275 53 38 0 1 2 275 70 25 0 1 2 325 51 27 0 1 2 325 66 17 0 1 2 375 63 45 0 1 2 375 48
4/4 77 0 1 2 25 68 74 0 1 2 25 59 45 0 1 2 75 52 67 0 1 2 75 60 57 0 1 2 125 65 25 0 1 2 125 55 47 0 1 0 2 63 45 0 1 0 2 49 35 0 1 2 225 64 37 0 1 2 225 72 75 3 333 0 3 53 37 0 1 3 3333 72 15 0 1 3 3333 51
4/4 75 3 333 0 0 49 26 0 1 3 333 74 35 0 1 3 333 55 75 3 333 0 1 53 37 0 1 0 1 68 15 1 5 1 15 51 75 2 25 0 2 52 76 3 1667 2 225 65 24 2 75 1 25 56 75 3 333 2 325 56 15 3 333 3 3667 54
4/4 15 3 167 0 0 54 75 2 25 2 25 60 76 0 1 2 25 67 24 3 667 3 667 57 16 0 1 2 125 67 75 0 1 2 125 53 15 3 667 3 1667 53 26 2 25 3 1667 70 75 2 25 2 225 54 37 0 1 3 2333 74 56 0 1 3 2333 64 14 2 75 3 2667 55 55 2 25 3 3333 52 75 0 1 2 375 57 37 0 1 2 375 72
4/4 75 0 1 0 0 57 37 0 1 0 0 72 55 2 25 3 333 53 26 0 1 2 75 65 14 0 1 2 75 52 55 0 1 1 15 58 37 0 1 1 15 74 25 1 5 2 175 56 55 3 333 1 25 49 57 1 15 1 25 72 74 3 667 0 3 61 55 1 5 1 35 58
4/4 25 3 667 0 0 57 57 2 175 0 0 72 55 3 333 3 667 49 74 3 667 0 1 58 55 3 333 3 1667 55 25 3 333 0 2 54 26 0 1 3 2667 52 55 0 1 3 2667 51 67 3 333 0 3 65 16 0 1 0 3 74 64 0 1 0 3 58 35 0 1 3 3667 58 67 0 1 3 3667 61
4/4 15 0 1 0 0 60 67 0 1 0 0 68 67 0 1 2 75 62 35 0 1 2 75 56 67 3 333 0 1 66 64 2 75 0 1 62 35 0 1 2 175 59 57 0 1 2 175 68 15 0 1 2 225 62 47 0 1 2 225 72 67 0 1 2 275 61 716 0 1 2 275 67 35 2 25 2 275 52 64 3 667 2 325 67 35 2 25 2 375 63
4/4 67 0 1 0 0 61 716 0 1 0 0 67 715 1 5 2 25 62 35 3 333 0 1 53 64 1 5 2 125 59 35 0 1 0 2 57 47 0 1 0 2 67 715 0 1 2 225 64 57 0 1 2 225 75 67 0 1 0 3 66 35 0 1 0 3 54 76 0 1 2 325 60 37 0 1 2 325 70 57 0 1 2 325 68 54 0 1 2 325 62 57 0 1 2 325 68
4/4 35 3 333 0 0 55 57 2 25 0 0 60 57 0 1 3 333 66 75 0 1 3 333 57 35 0 1 0 1 56 57 0 1 0 1 66 57 0 1 3 1333 61 54 0 1 3 1333 57 76 0 1 3 1333 64 47 0 1 0 2 64 35 0 1 0 2 55 75 3 667 3 2333 57 37 2 25 1 25 68 35 2 25 0 3 57 37 0 1 0 3 70 57 0 1 0 3 66 26 0 1 0 3 67 14 1 5 1 35 62
4/4 14 2 25 0 0 62 37 0 1 0 0 70 57 0 1 0 0 66 26 0 1 0 0 67 55 3 333 2 25 62 36 1 5 1 5 59 55 2 25 2 125 46 37 0 1 1 15 68 14 0 1 1 15 54 55 0 1 2 225 58 26 0 1 2 225 64 36 0 1 1 25 59 16 0 1 1 25 77 55 0 1 2 325 54 76 0 1 2 325 42 16 0 1 3 3667 74 66 0 1 3 3667 63 44 0 1 3 3667 62
4/4 16 0 1 0 0 74 66 0 1 0 0 63 44 0 1 0 0 62 14 3 333 3 333 46 26 0 1 3 667 72 65 0 1 3 667 53 76 0 1 3 667 68 14 3 333 3 1333 51 37 0 1 3 1667 74 16 0 1 3 1667 72 44 0 1 3 1667 59 14 0 1 3 2333 57 47 0 1 3 2333 68 26 0 1 3 2333 74 65 3 667 3 2667 56 16 0 1 3 3333 80 66 0 1 3 3333 68 14 1 5 3 3333 52 44 3 333 3 3667 59
4/4 44 3 333 0 0 59 14 0 1 3 333 58 16 0 1 3 333 72 66 0 1 3 333 63 65 0 1 2 75 57 76 0 1 2 75 72 26 0 1 2 75 72 14 2 25 1 15 51 16 0 1 2 175 77 37 0 1 2 175 72 44 0 1 2 175 57 14 0 1 3 2333 62 26 0 1 3 2333 72 47 0 1 3 2333 60 65 3 667 2 275 57 16 0 1 2 275 72 37 0 1 2 275 68 14 2 25 3 3333 52 77 0 1 1 35 72 47 0 1 1 35 70 37 0 1 1 35 65 74 2 25 2 375 62
4/4 77 0 1 0 0 72 47 0 1 0 0 70 37 0 1 0 0 65 74 2 25 0 0 62 45 2 25 1 5 59 36 1 5 2 75 48 45 2 25 1 15 53 74 1 5 0 2 63 45 1 5 1 25 58 36 3 333 0 3 65 45 2 25 3 3667 34
4/4 25 0 1 0 0 49 77 0 1 0 0 70 74 0 1 0 0 58 26 0 1 0 0 74 45 0 1 0 0 50 45 0 1 0 1 38 25 0 1 0 1 58 77 0 1 0 1 68 74 0 1 0 1 53 26 0 1 0 1 72 37 2 75 2 225 68 47 1 5 2 275 70 57 2 75 2 325 68 67 2 25 2 375 65
4/4 34 0 1 2 25 63 77 0 1 2 25 68 74 1 5 2 75 59 57 0 1 2 125 66 55 0 1 2 125 56 74 0 1 2 175 58 37 0 1 2 175 74 34 1 5 2 225 62 74 0 1 2 275 63 77 0 1 2 275 75 55 1 5 2 325 56
4/4 74 2 25 0 0 57 67 0 1 0 0 68 26 0 1 0 0 68 73 3 667 3 333 65 44 1 5 0 1 55 47 0 1 3 1333 67 76 0 1 3 1333 67 24 1 5 3 1333 52 44 3 333 0 2 59 73 2 75 3 2333 62 44 1 5 0 3 63 24 1 5 1 35 61
4/4 44 3 333 0 0 58 76 0 1 2 25 60 26 0 1 2 25 57 47 0 1 2 25 67 73 0 1 2 25 63 67 2 75 1 5 68 44 2 25 2 125 61 24 1 5 1 15 55 47 2 75 1 15 70 44 0 1 2 225 59 26 0 1 2 225 72 713 2 75 1 25 68 54 0 1 2 325 63 67 0 1 2 325 68 24 3 333 3 3667 57
4/4 24 3 167 0 0 57 54 3 333 2 25 58 57 0 1 3 333 72 13 3 667 3 667 64 54 3 333 3 1333 57 56 0 1 3 1667 67 37 0 1 3 1667 67 35 3 667 2 175 49 54 1 5 3 2333 52 13 3 667 2 275 53 54 1 5 3 3333 59 35 2 25 2 375 57
4/4 35 3 83 0 0 57 54 2 25 3 333 55 36 0 1 3 667 60 66 0 1 3 667 64 16 0 1 3 667 72 63 0 1 3 667 62 34 0 1 3 1333 61 26 0 1 3 1333 68 37 0 1 2 175 77 14 0 1 2 175 56 16 2 75 1 25 76 34 3 333 1 25 52 66 2 125 1 25 67 63 1 5 0 3 54 34 0 1 1 35 59 26 0 1 1 35 68
4/4 37 0 1 0 0 74 14 0 1 0 0 59 76 3 1333 1 5 67 34 2 25 1 5 62 53 1 5 0 1 62 34 0 1 1 15 61 47 0 1 1 15 65 74 0 1 0 2 58 26 0 1 0 2 74 34 2 25 3 2667 61 56 0 1 3 2667 70 37 0 1 3 2667 74 13 2 75 0 3 70 54 2 25 3 3667 65
4/4 35 1 5 0 0 68 54 2 25 2 75 58 16 0 1 0 1 62 37 0 1 0 1 62 44 0 1 0 1 64 67 0 1 0 1 70 14 0 1 2 175 65 57 0 1 2 175 63 65 0 1 2 225 57 37 0 1 2 225 68 14 0 1 2 275 58 67 0 1 2 275 65 16 3 667 2 275 68 44 0 1 0 3 63 57 0 1 0 3 66 37 0 1 2 375 74 14 0 1 2 375 58
4/4 37 0 1 0 0 74 14 0 1 0 0 58 65 1 5 2 25 58 47 2 25 2 25 72 47 0 2 0 1 80 14 2 25 0 1 56 73 3 667 3 1333 68 44 3 333 0 2 63 35 1 5 3 2333 65 44 3 333 0 3 61 73 0 1 3 3333 65 37 0 1 3 3333 74
4/4 44 0 1 0 0 61 47 0 1 0 0 70 73 0 1 0 0 65 37 0 1 0 0 74 24 1 5 1 5 64 57 2 75 1 5 72 45 0 1 2 125 61 67 0 1 2 125 65 77 0 1 1 15 72 34 2 75 1 15 67 74 3 333 2 225 57 57 2 75 3 2667 70 55 1 5 3 2667 55 74 3 333 2 325 59 37 2 75 2 325 74 34 3 333 3 3667 61
4/4 34 3 333 0 0 61 37 2 25 0 0 74 74 0 1 2 25 59 77 0 1 2 25 75 55 3 667 3 667 54 67 3 1333 3 1333 75 74 2 25 3 1333 54 73 3 667 2 175 68 44 1 5 3 2333 58 47 2 125 2 275 70 24 1 5 2 275 56 44 3 333 1 35 59 73 2 25 2 375 58
4/4 47 0 1 0 0 70 73 1 5 0 0 58 44 3 333 1 5 61 24 1 5 2 75 63 44 3 333 1 15 55 76 0 1 3 1667 60 26 0 1 3 1667 59 47 0 1 3 1667 68 73 0 1 3 1667 62 67 0 1 3 1667 72 44 2 25 1 25 56 24 0 1 0 3 55 47 0 1 0 3 72 44 2 25 1 35 57 26 1 5 1 35 74
4/4 713 3 667 0 0 68 26 2 75 0 0 74 54 0 1 1 5 59 67 0 1 1 5 70 24 3 667 0 1 57 54 3 333 1 15 61 57 0 1 1 15 68 37 0 1 1 15 70 13 3 667 0 2 62 54 3 333 3 2667 59 37 0 1 0 3 77 56 0 1 0 3 68 35 0 1 0 3 54 54 3 333 3 3667 57
4/4 37 0 1 0 0 74 13 0 1 0 0 58 26 0 1 3 667 64 54 0 1 3 667 55 16 0 1 0 1 72 35 0 1 0 1 53 54 0 1 3 1667 63 76 0 1 3 1667 62 63 0 1 0 2 64 16 0 1 0 2 76 34 3 333 2 275 57 37 0 1 0 3 70 17 0 1 0 3 72 14 0 1 0 3 56 34 2 25 2 375 54
4/4 63 0 1 0 0 61 77 0 1 0 0 72 34 3 83 0 0 54 44 0 1 2 75 61 67 0 1 2 75 65 24 0 1 2 125 57 57 0 1 2 125 68 44 0 1 2 175 61 67 0 1 2 175 56 76 0 1 0 2 56 37 0 1 0 2 55 47 0 1 0 2 58 77 0 1 0 2 68 53 1 5 2 225 62 34 3 333 0 3 49 74 1 5 2 325 55
4/4 34 2 25 0 0 57 36 0 1 2 25 56 76 0 1 2 25 64 13 0 1 2 25 65 37 0 1 2 25 68 54 3 333 0 1 62 35 3 667 3 1333 61 54 2 25 0 2 52 16 0 1 2 225 62 37 0 1 2 225 62 67 0 1 2 225 65 44 0 1 3 2333 63 67 0 1 3 2333 65 14 0 1 0 3 61 57 0 1 0 3 62 65 0 1 3 3333 56 37 0 1 3 3333 70
4/4 67 0 1 0 0 68 14 0 1 0 0 58 65 0 1 0 0 56 37 0 1 0 0 70 44 0 1 3 333 62 57 0 1 3 333 66 37 0 1 0 1 65 14 0 1 0 1 59 17 0 1 3 1333 68 67 0 1 3 1333 57 65 1 5 3 1333 57 77 0 1 0 2 70 47 0 1 0 2 64 14 2 25 0 2 53 73 3 667 1 25 65 44 2 25 0 3 58 35 1 5 1 35 54
4/4 44 1 5 0 0 54 77 0 1 0 0 70 47 0 1 0 0 64 73 1 5 1 5 53 44 3 333 2 125 57 35 3 333 1 15 41 44 2 25 2 225 41 73 0 1 1 25 62 24 0 1 1 25 57 77 0 1 1 25 72 76 0 1 1 25 74 44 0 1 1 25 42 44 0 1 1 35 52 24 0 1 1 35 62 73 0 1 1 35 57 76 2 25 1 35 72
4/4 44 0 1 0 0 52 24 0 1 0 0 62 73 0 1 0 0 57 76 2 375 2 25 65 67 2 75 1 5 68 57 1 5 2 125 61 47 2 75 3 1667 70 57 3 333 3 2333 65 35 2 75 3 2667 53 37 3 1333 3 2667 67 75 1 5 3 3333 55 15 3 333 3 3667 59
4/4 76 2 325 0 0 65 15 3 333 0 0 59 37 3 3917 0 0 67 75 1 5 3 333 51 35 3 667 2 75 50 75 1 5 3 1333 49 15 2 75 2 175 52 75 3 333 1 25 50 224 2 75 2 275 58 75 1 5 1 35 52
4/4 76 2 25 0 0 65 15 3 667 0 0 52 75 2 25 1 5 51 76 1 35 1 5 68 224 0 1 0 1 52 67 0 1 0 1 66 57 0 1 1 15 61 75 0 1 1 15 54 47 0 1 0 2 64 15 0 1 0 2 56 57 0 1 1 25 66 75 0 1 1 25 48 14 2 75 0 3 58 37 0 1 0 3 67 65 1 5 1 35 54
4/4 75 3 667 0 0 56 37 2 375 0 0 67 76 1 35 0 0 68 65 1 5 3 667 55 14 3 667 0 1 55 65 1 5 3 1667 51 75 3 667 0 2 54 65 3 333 3 2667 48 714 2 75 0 3 56 65 2 25 2 375 52
4/4 65 2 25 0 0 52 76 2 25 2 25 65 75 1 5 2 25 53 76 0 3 0 1 65 65 3 333 0 1 51 714 0 1 3 1333 51 67 0 1 3 1333 62 65 0 1 2 225 51 57 0 1 2 225 57 47 0 1 3 2667 63 75 0 1 3 2667 49 65 2 25 2 375 46 57 2 25 2 375 55
4/4 57 3 417 0 0 55 74 0 1 0 2 35 34 0 1 0 2 36 36 0 1 0 2 31 55 0 1 0 2 41 76 3 1667 3 2333 35 37 1 15 1 25 45
4/4 74 0 1 0 0 35 34 0 1 0 0 36 36 0 1 0 0 31 55 0 1 0 0 41 76 3 3083 0 0 35 37 0 3 0 0 45
