4/4 54 2 75 2 75 56 614 2 75 1 15 40 714 0 1 2 225 56 53 0 1 2 225 39 22 0 1 2 225 41 54 2 125 2 275 51 24 1 5 1 35 57
4/4 24 2 75 0 0 51 53 0 1 0 0 42 22 0 1 0 0 47 54 0 1 0 0 52 714 1 5 1 15 53 523 0 1 2 225 46 22 0 1 2 225 49 614 1 15 2 225 43 24 1 5 1 35 49
4/4 523 0 1 0 0 39 22 0 1 0 0 42 24 3 167 0 0 52 614 2 25 0 1 45 313 0 2 0 2 22 713 0 1 0 2 43 53 0 1 0 2 50 53 2 175 2 225 43 314 2 25 2 275 39 314 1 5 1 35 56
4/4 313 2 75 0 0 37 314 3 167 0 0 45 53 2 75 0 0 45 524 1 5 2 75 58 54 1 25 1 15 53 613 2 175 2 225 32 523 0 1 2 225 36 711 0 1 2 225 31 23 2 175 2 225 45
4/4 613 1 5 0 0 31 523 0 1 0 0 25 711 0 1 0 0 22 23 3 333 0 1 63 314 3 1667 2 225 58 13 0 1 2 225 46 11 0 1 2 225 44 53 2 175 2 225 43 524 1 5 1 35 62
4/4 13 0 1 0 0 50 11 0 1 0 0 29 53 1 15 0 0 35 54 1 5 2 75 56 614 2 25 1 15 45 53 0 1 0 2 32 711 0 1 0 2 39 613 0 1 0 2 50 22 0 1 0 2 39 54 3 333 1 35 45
4/4 53 0 1 0 0 32 711 0 1 0 0 28 614 3 333 2 75 49 714 2 25 1 15 51 13 0 1 0 2 43 314 0 1 0 2 35 13 0 1 0 2 50 612 0 1 0 2 31 52 0 1 0 2 42 14 2 25 3 3333 66
4/4 714 2 25 0 0 52 612 0 1 0 0 33 52 0 1 0 0 45 614 2 25 3 667 65 54 2 25 2 125 50 614 0 1 0 2 37 314 0 1 0 2 45 12 0 1 0 2 29 53 0 1 0 2 39 21 0 1 0 2 34
4/4 53 0 1 0 0 32 21 0 1 0 0 36 54 2 75 2 75 58 614 2 25 1 15 70 53 0 2 0 2 38 714 0 1 0 2 71 22 0 1 0 2 60 54 2 125 2 275 56 24 3 667 3 3333 55
4/4 53 3 1333 0 0 49 714 0 1 0 0 63 22 0 1 0 0 57 54 2 75 0 0 40 24 3 333 0 0 57 714 1 5 3 1333 66 614 3 1667 0 2 62 23 0 2 0 2 52 523 0 2 0 2 31 24 1 5 3 3333 57
4/4 23 2 25 0 0 51 523 2 75 0 0 34 614 3 333 3 667 57 54 1 15 2 175 61 713 0 1 0 2 51 52 0 1 0 2 48 313 0 2 0 2 33 314 2 25 1 25 36 314 1 5 2 325 65
4/4 313 2 25 0 0 52 524 1 5 1 5 53 54 1 25 0 1 67 712 0 1 2 175 30 522 0 1 2 175 27 23 0 1 2 175 56 612 0 1 2 175 37
4/4 712 0 1 0 0 35 522 0 1 0 0 32 23 1 5 1 5 54 53 0 1 2 175 47 11 0 1 2 175 33 314 1 15 2 175 56 13 2 175 2 175 58 524 1 5 2 325 69
4/4 53 0 1 0 0 34 11 0 1 0 0 46 54 1 5 3 333 53 614 2 25 0 1 57 53 0 1 3 1667 29 711 0 1 3 1667 48 613 0 1 3 1667 48 22 0 1 3 1667 51 54 3 333 2 325 45
4/4 53 0 1 0 0 31 711 0 1 0 0 37 614 2 25 3 333 56 714 2 25 0 1 61 13 0 1 3 1667 40 314 0 1 3 1667 40 613 0 1 3 1667 37 53 0 1 3 1667 31 611 0 1 3 1667 29 614 2 25 3 3667 48
4/4 614 0 1 3 333 41 22 0 1 3 333 46 523 0 1 3 333 54 53 0 1 3 333 29 22 0 1 3 333 52 23 0 1 3 333 41 523 0 1 3 333 46 54 2 25 0 1 64 52 0 1 3 1667 48 54 3 2333 3 1667 54 22 1 15 1 25 34 713 0 1 0 3 41 52 0 1 0 3 34
4/4 713 0 1 0 0 46 52 0 1 0 0 32 54 3 3917 0 0 70 22 1 15 0 0 24 23 3 2333 1 5 49 52 0 1 3 1667 40 22 3 1667 3 2333 44 713 3 667 0 3 44 53 0 1 0 3 33
4/4 53 3 333 0 0 34 22 3 583 0 0 44 13 1 5 3 333 50 23 1 5 0 1 57 53 0 1 1 15 36 612 0 1 1 15 56 21 2 75 1 15 61 612 2 175 2 225 36 22 0 1 0 3 45 53 1 5 1 35 42
4/4 613 1 5 0 0 60 22 3 333 0 0 46 612 1 5 0 0 34 53 3 167 0 0 45 53 3 2333 2 75 41 21 3 2667 3 1333 42 612 1 25 1 15 38 523 3 1667 1 15 36
4/4 21 3 83 0 0 39 612 3 833 0 0 40 714 1 5 2 25 69 14 3 333 2 75 76 23 0 1 3 1333 37 54 0 1 3 1333 51 52 0 1 3 1333 44 23 0 1 3 1333 54 714 2 25 1 15 39 22 1 5 0 2 57 24 0 1 2 275 73 52 0 1 2 275 43 713 3 667 3 3333 53
4/4 23 2 25 0 0 52 24 3 667 0 0 64 23 2 25 3 667 59 23 0 1 0 1 43 524 0 1 0 1 50 24 0 1 0 1 78 21 0 1 0 1 60 612 1 5 0 2 38 24 0 1 1 25 66 522 0 1 1 25 43 315 0 1 0 3 60 612 0 1 0 3 44 24 0 1 2 375 67 524 0 1 2 375 74 22 0 1 2 375 45
4/4 14 3 333 3 333 74 23 0 1 0 1 48 54 0 1 0 1 49 312 0 1 0 1 47 713 0 1 0 1 80 712 3 667 3 1667 52 714 0 1 3 2333 61 53 0 1 3 2333 59 523 2 25 3 2333 53 53 3 667 0 3 50 714 0 1 3 3667 59 54 0 1 3 3667 45 712 0 1 3 3667 50
4/4 23 0 1 3 667 50 524 0 1 3 667 54 714 0 1 3 667 74 711 0 1 3 667 57 14 3 333 1 15 71 522 2 75 1 15 54 714 0 1 2 225 66 612 0 1 2 225 54 22 0 1 2 225 54 614 2 25 2 275 78 22 3 667 2 275 45 54 0 1 3 3333 49 713 0 1 3 3333 61 522 0 1 3 3333 45
4/4 524 0 1 0 0 60 612 0 1 0 0 62 53 0 1 3 667 56 314 0 1 3 667 75 11 0 1 3 667 63 12 0 1 3 667 57 52 1 5 3 1333 45 314 0 1 0 2 77 21 0 1 0 2 55 524 0 1 3 2667 58 312 0 1 3 2667 47 54 0 1 2 325 71 52 0 1 2 325 46 614 2 25 2 375 70
4/4 711 0 1 1 5 38 23 0 1 1 5 61 52 0 1 1 5 54 52 2 25 2 125 40 54 0 1 2 175 50 22 0 1 2 175 52 712 0 1 2 175 62 53 2 25 1 25 43 614 2 25 0 3 69 714 2 25 2 375 64
4/4 13 0 1 2 25 45 314 0 1 2 25 60 611 0 1 2 25 41 13 0 1 2 25 62 312 3 333 0 1 41 314 0 1 3 1667 60 14 0 1 3 1667 65 11 0 1 3 1667 45 714 0 1 2 225 56 312 0 1 2 225 42 713 0 1 2 275 41 13 0 1 2 275 50 614 0 1 2 275 52 313 0 1 2 275 52 54 2 25 1 35 62
4/4 13 0 1 0 0 51 21 0 1 0 0 40 314 2 125 0 0 50 614 2 175 2 25 63 612 2 25 2 75 39 23 0 1 1 15 42 522 0 1 1 15 28 714 2 25 2 275 68 14 2 25 3 3333 80
4/4 24 0 1 0 0 76 51 0 1 0 0 50 22 0 1 2 75 53 22 0 1 2 75 50 24 0 1 3 1333 78 52 0 1 3 1333 46 23 2 25 0 2 46 713 3 667 0 2 42 24 0 1 3 2667 69 714 0 1 3 2667 64 22 0 1 3 2667 42 23 0 1 1 35 54 524 0 1 1 35 51 613 0 1 1 35 62 21 0 1 2 375 57 23 0 1 2 375 62
4/4 23 0 1 0 0 53 524 0 1 0 0 64 613 0 1 0 0 69 21 0 1 0 0 60 23 0 1 0 0 77 612 1 5 1 5 50 24 0 1 0 1 61 22 0 1 0 1 62 22 3 667 0 1 43 315 0 1 3 1667 77 313 0 1 3 1667 61 523 3 667 3 1667 44 24 0 1 3 2333 57 613 0 1 3 2333 40 22 0 1 3 2333 48 14 0 1 0 3 65 12 0 1 0 3 55 714 0 1 1 35 70 54 0 1 1 35 73 23 0 1 1 35 68 311 0 1 1 35 55
4/4 714 0 1 0 0 72 54 0 1 0 0 73 23 0 1 0 0 60 311 0 1 0 0 53 712 1 5 2 25 46 523 2 25 2 75 43 714 0 1 2 75 64 53 0 1 2 75 52 53 3 667 1 15 40 714 0 1 0 2 60 54 0 1 0 2 47 712 0 1 0 2 49 23 0 1 0 3 44 524 0 1 0 3 62 711 0 1 0 3 65 713 0 1 0 3 78 14 2 25 2 375 67
4/4 522 3 667 0 0 66 14 3 83 0 0 65 714 0 1 1 5 73 611 0 1 1 5 54 614 2 25 0 1 64 22 1 5 0 1 50 523 0 1 2 175 60 54 0 1 2 175 70 22 0 1 2 175 64 524 0 1 3 2333 60 612 0 1 3 2333 58 314 0 1 0 3 65 11 0 1 0 3 50 52 0 1 0 3 53 52 3 333 3 3667 56
4/4 52 3 167 0 0 47 314 0 1 2 25 64 21 0 1 2 25 41 313 0 1 2 75 56 523 0 1 2 75 65 54 0 1 1 15 77 52 0 1 1 15 54 614 2 25 0 2 69 711 0 1 2 275 42 613 0 1 2 275 58 22 0 1 2 275 62 52 2 25 1 35 58
4/4 54 0 1 0 0 63 712 0 1 0 0 60 22 2 25 0 0 48 53 2 25 3 667 44 614 3 333 3 1333 71 714 2 25 0 2 49 13 0 1 3 2333 50 314 0 1 3 2333 59 613 0 1 3 2333 51 611 1 5 1 25 47 312 1 5 2 325 55 12 2 25 2 375 37
4/4 614 2 25 1 5 62 613 0 1 0 1 43 614 0 1 0 1 44 22 0 1 0 1 45 524 0 1 0 1 55 22 0 1 0 1 46 54 2 25 2 175 51 54 3 1667 3 2333 47 52 0 1 3 2333 52 712 0 1 3 2333 55 22 0 1 0 3 32 713 0 1 3 3667 53 52 0 1 3 3667 55
4/4 54 3 1083 0 0 47 713 0 1 0 0 33 52 0 1 0 0 49 23 3 333 0 1 59 52 2 175 2 225 49 22 0 1 0 3 31 53 1 5 1 35 55
4/4 613 2 75 0 0 57 52 2 25 0 0 55 22 0 1 0 0 49 53 2 25 0 0 70 712 1 5 2 75 33 713 0 1 2 75 45 52 0 1 2 75 51 13 2 25 3 1333 44 53 0 1 2 175 36 612 0 1 2 175 46 21 2 75 0 2 44 23 1 15 0 2 51 612 3 1333 3 2667 36 22 3 667 3 3333 50
4/4 313 3 667 0 0 49 22 3 667 0 0 51 612 3 667 0 0 44 53 3 667 3 667 52 23 3 1333 2 125 41 612 0 1 0 2 30 21 0 1 0 2 29 21 0 2 0 2 38 523 3 667 0 2 36 24 3 667 3 3333 33
4/4 612 0 1 0 0 39 21 0 1 0 0 38 24 3 833 0 0 50 21 3 333 0 0 26 54 2 75 2 75 64 614 2 75 3 1333 77 714 0 1 0 2 56 51 0 1 0 2 51 54 2 75 2 275 55 21 3 333 2 275 42 52 1 5 3 3333 54 24 3 667 3 3333 74
4/4 712 0 1 0 0 56 24 3 1083 0 0 76 22 1 5 3 667 66 53 2 25 2 125 56 714 2 75 2 125 64 614 3 1333 2 175 74 21 2 75 2 175 53 612 1 5 1 25 51 24 0 1 0 3 56 523 1 5 2 325 42 22 2 25 2 375 53
4/4 22 1 5 0 0 46 24 1 5 0 0 64 614 0 1 1 5 70 612 0 1 1 5 42 54 0 1 2 175 70 311 0 1 2 175 54 314 2 25 3 2333 59 712 3 667 3 2333 45 523 3 667 0 3 57 314 0 1 0 3 61 712 3 333 3 3667 54
4/4 712 3 667 0 0 49 314 2 25 0 0 59 524 0 1 2 25 76 52 0 1 2 25 54 54 3 667 0 1 65 23 0 2 1 15 67 711 2 75 1 15 51 522 2 75 2 225 57 612 1 5 0 3 41 22 1 5 1 35 43
4/4 22 2 25 0 0 35 23 0 1 2 25 74 611 0 1 2 25 53 522 3 333 2 75 58 314 0 1 3 1333 81 11 0 1 3 1333 63 52 3 667 0 2 57 524 0 1 3 2667 84 21 0 1 3 2667 60 313 2 75 2 325 51
4/4 53 0 1 0 0 54 53 0 1 0 0 60 614 2 25 1 5 74 711 3 667 2 125 51 23 2 125 2 125 64 52 1 5 2 175 43 54 0 1 1 25 70 21 0 1 1 25 37 712 0 1 0 3 44 53 0 1 2 375 52 613 0 1 2 375 69
4/4 53 0 1 0 0 45 613 0 1 0 0 83 714 2 25 3 333 78 14 0 1 0 1 61 611 0 1 0 1 57 313 0 1 0 1 58 312 3 667 2 175 53 14 0 1 3 2333 60 711 0 1 3 2333 45 714 2 25 0 3 80 12 1 5 0 3 53 614 0 1 1 35 65 312 0 1 1 35 56
4/4 54 2 25 2 25 77 614 0 2 2 75 66 54 0 1 2 75 72 21 0 1 2 75 54 612 1 5 1 15 53 524 0 1 0 2 48 522 0 1 0 2 36 54 3 667 3 3333 63
4/4 614 2 25 0 0 74 54 3 83 0 0 78 714 0 1 1 5 72 51 0 1 1 5 48 54 3 2333 2 125 65 21 1 5 2 125 59 24 0 1 2 175 63 52 1 5 0 2 64 712 2 75 1 25 56 22 3 667 0 3 52 714 0 1 3 3667 72 52 0 1 3 3667 64
4/4 614 2 125 3 333 66 522 2 75 3 333 54 22 3 667 0 1 45 523 2 25 3 1667 62 24 2 125 3 1667 67 613 1 5 2 225 50 614 0 1 2 275 60 21 0 1 2 275 52 522 2 25 1 35 59
4/4 54 0 1 0 0 63 311 0 1 0 0 59 314 2 25 2 75 68 712 3 667 2 75 54 314 0 1 3 1333 62 312 0 1 3 1333 57 53 3 667 0 2 55 524 0 1 3 2667 77 312 0 1 3 2667 42 712 2 25 2 325 42 54 3 667 2 325 64 711 2 25 2 375 58
4/4 23 0 2 0 0 62 711 3 417 0 0 49 522 3 667 1 5 58 612 2 75 0 1 53 22 3 667 2 175 59 23 0 1 3 2333 72 611 0 1 3 2333 45 522 2 25 0 3 56 11 0 1 3 3667 51 313 0 1 3 3667 77
4/4 11 0 1 0 0 63 313 0 1 0 0 83 52 3 667 2 25 51 524 0 1 2 75 80 21 0 1 2 75 51 52 3 667 1 15 49 54 0 1 0 2 69 312 0 1 0 2 55 614 0 1 3 2667 60 51 0 1 3 2667 46 711 3 667 3 3333 41 23 3 667 3 3333 71
4/4 52 1 5 0 0 56 23 3 333 0 0 72 22 0 1 1 5 42 53 0 1 1 5 78 52 2 25 2 125 57 53 0 1 2 175 44 613 0 1 2 175 68 714 2 25 1 25 77 614 0 1 0 3 65 12 0 1 0 3 72 611 3 667 2 325 58 312 2 25 2 375 40
4/4 614 0 1 0 0 70 12 0 1 0 0 70 312 3 417 0 0 44 12 1 5 3 333 49 313 0 1 0 1 54 313 0 1 0 1 70 524 0 1 3 1667 78 23 0 1 3 1667 75 21 0 1 3 1667 41 54 0 1 3 2333 75 611 0 1 3 2333 58 51 0 1 0 3 50 713 0 1 0 3 74 54 0 1 0 3 60 21 3 333 3 3667 42
4/4 713 0 1 0 0 68 54 3 1333 0 0 67 21 3 167 0 0 38 52 3 667 2 25 60 712 2 75 2 75 65 22 2 75 1 15 54 53 3 1667 0 2 55 54 3 1333 3 2667 67 52 3 667 3 2667 50 712 2 75 2 325 55
4/4 614 0 1 0 0 62 21 0 1 0 0 59 23 0 1 1 5 67 52 0 1 1 5 50 713 2 25 0 1 74 714 1 5 0 1 75 23 2 25 2 175 66 23 0 1 0 2 53 54 0 1 0 2 68 614 0 1 0 2 63 21 0 1 0 2 55 23 0 1 0 2 83 612 3 667 0 3 44 22 3 333 3 3667 63
4/4 22 3 167 0 0 62 53 0 1 2 25 50 54 0 1 2 25 65 613 1 25 2 75 48 54 3 333 2 75 57 55 2 25 3 1333 56 23 2 175 1 15 28 523 2 125 0 2 32 614 0 1 0 2 53 614 0 1 0 2 48 24 0 1 2 325 44 24 0 1 2 325 59
4/4 714 2 25 1 5 83 14 3 333 0 1 91 23 0 1 3 1667 43 54 0 1 3 1667 56 714 0 1 3 1667 59 51 0 1 3 1667 73 23 0 1 3 1667 80 21 1 5 3 2333 54 24 0 1 0 3 84 51 0 1 0 3 69 712 0 1 1 35 52 22 0 1 1 35 84
4/4 54 0 1 2 25 74 24 0 1 2 25 90 21 0 1 2 25 54 53 2 25 2 75 59 23 0 1 2 125 66 524 0 1 2 125 48 613 0 1 2 125 80 21 0 1 1 15 62 23 0 1 1 15 79 612 3 667 0 2 62 24 0 1 3 2667 82 22 0 1 3 2667 69 313 1 5 3 2667 55 315 0 1 2 325 62 313 0 1 2 325 72 523 3 667 2 325 44 613 0 1 2 375 72 24 0 1 2 375 81 22 0 1 2 375 69
4/4 14 0 1 1 5 78 12 0 1 1 5 79 714 0 1 0 1 69 54 0 1 0 1 60 311 0 1 0 1 64 712 3 667 3 1667 64 714 0 1 2 225 66 522 0 1 2 225 40 23 0 1 2 275 71 711 0 1 2 275 52 714 0 1 1 35 79 54 0 1 1 35 75 52 0 1 1 35 68
4/4 712 2 25 0 0 58 23 0 1 1 5 71 524 0 1 1 5 51 714 0 1 1 5 64 711 0 1 1 5 60 14 2 25 3 1333 69 522 3 667 3 1333 52 612 0 1 0 2 65 713 0 1 0 2 72 614 0 1 1 25 63 21 0 1 1 25 59 523 0 1 2 325 49 53 0 1 2 325 60 524 0 1 2 375 61 612 0 1 2 375 66
4/4 314 0 1 3 333 81 11 0 1 3 333 69 52 0 1 3 333 60 52 3 333 0 1 51 314 2 25 3 1667 81 22 1 5 3 1667 58 313 3 667 2 225 60 524 2 25 2 225 78 54 0 1 2 275 82 52 0 1 2 275 49 614 2 25 3 3333 81
4/4 711 0 1 0 0 66 23 0 1 0 0 72 52 0 1 0 0 77 52 3 667 2 75 47 54 0 1 3 1333 78 712 0 1 3 1333 66 22 2 25 3 1333 62 53 1 5 0 2 51 614 2 25 1 25 75 22 1 5 1 25 51 52 0 1 2 325 49 713 0 1 2 325 83 13 0 1 3 3667 56 314 0 1 3 3667 67 14 0 1 3 3667 84 611 0 1 3 3667 61
4/4 13 0 1 0 0 49 314 0 1 0 0 50 14 0 1 0 0 67 611 0 1 0 0 55 312 2 75 3 333 71 314 0 1 0 1 67 14 0 1 0 1 79 711 0 1 0 1 58 714 0 1 3 1667 64 22 0 1 3 1667 61 12 0 1 3 1667 54 22 0 1 3 1667 69 313 1 5 2 225 65 614 0 1 2 225 72 12 0 1 2 225 59 54 0 1 2 275 75 53 0 1 2 275 52 313 0 1 2 275 61 614 1 5 1 35 78 524 0 1 1 35 76 21 0 1 1 35 58
4/4 612 1 5 0 0 52 614 0 1 0 0 75 524 0 1 0 0 70 21 0 1 0 0 57 22 3 667 2 75 58 523 0 1 3 1333 56 22 0 1 3 1333 69 714 0 1 0 2 72 53 0 1 0 2 67 53 0 1 0 2 67 614 0 1 1 25 68 13 0 1 1 25 85 714 0 1 2 325 69 24 0 1 2 325 68 51 0 1 2 325 57 21 2 25 2 375 52 23 2 25 2 375 62
4/4 21 2 25 0 0 57 23 1 5 0 0 54 24 0 1 3 333 64 54 0 1 3 333 65 51 0 1 3 333 57 712 0 1 0 1 53 22 0 1 0 1 77 24 0 1 3 1667 73 22 0 1 3 1667 53 713 0 1 3 1667 73 23 0 1 2 225 76 52 0 1 2 225 61 23 0 1 3 2667 48 524 0 1 3 2667 79 614 0 1 3 2667 63 21 0 1 3 2667 72 23 0 1 3 2667 88 612 1 5 1 35 68
4/4 23 0 1 0 0 68 23 0 1 0 0 80 313 3 333 0 0 59 523 2 75 3 667 67 314 0 1 3 667 85 314 0 1 3 667 61 613 0 1 2 125 60 23 0 1 2 125 82 24 0 1 2 125 78 524 0 1 2 125 58 613 0 1 2 125 55 13 0 1 2 175 65 13 0 1 2 175 74 54 0 1 1 25 71 714 0 1 1 25 71 311 0 1 1 25 62 23 2 125 1 25 71 712 1 5 2 325 51 714 0 1 3 3667 69 53 0 1 3 3667 59 523 2 25 2 375 55
4/4 523 3 83 0 0 49 714 0 1 0 0 71 53 0 1 0 0 62 23 0 1 3 333 49 52 0 1 3 333 44 713 2 25 0 1 59 54 0 1 0 1 71 713 0 1 0 1 68 23 2 25 1 15 61 711 0 1 2 225 64 713 0 1 2 225 64 524 1 5 2 225 62 14 2 25 2 275 78 522 2 75 2 275 58 23 0 1 3 3333 56 712 0 1 3 3333 67 713 0 1 3 3333 65
4/4 22 1 5 0 0 52 614 0 1 0 0 63 12 0 1 0 0 48 713 0 1 3 667 74 54 0 1 3 667 47 522 0 1 3 667 55 524 0 1 2 125 61 612 0 1 2 125 58 53 0 1 2 175 51 13 0 1 2 175 69 11 0 1 2 175 49 313 0 1 2 175 80 52 1 5 1 25 46 314 3 333 0 3 72 22 3 667 0 3 68 524 3 333 3 3667 58 313 3 333 3 3667 56
4/4 313 3 333 0 0 60 54 0 1 2 25 71 52 0 1 2 25 49 614 2 25 0 1 68 711 3 667 1 15 61 23 0 1 1 15 62 52 0 1 1 15 65 52 3 333 0 2 62 713 0 1 3 2667 72 53 0 1 3 2667 74 22 2 25 2 275 45 53 2 25 3 3333 51
4/4 614 2 25 0 0 62 714 2 25 1 5 79 13 0 1 0 1 46 314 0 1 0 1 64 613 0 1 0 1 58 611 3 667 2 125 43 312 1 5 2 175 55 12 1 5 1 25 41 313 0 1 0 3 38 613 0 1 0 3 61 613 0 1 3 3667 50 614 0 1 3 3667 49 23 0 1 3 3667 53 22 0 1 3 3667 51 523 0 1 3 3667 47
4/4 613 0 1 0 0 51 614 0 1 0 0 50 23 0 1 0 0 47 22 0 1 0 0 51 523 0 1 0 0 49 54 2 25 3 333 57 51 2 75 0 1 54 54 0 1 0 1 62 712 0 1 0 1 77 21 1 5 1 15 52 52 3 667 2 225 65 712 2 75 2 275 48 22 2 25 1 35 50 713 1 5 1 35 60
4/4 53 3 1667 0 0 72 713 3 167 0 0 75 13 0 1 3 667 65 51 0 1 3 667 56 312 1 5 3 1333 57 314 2 125 0 2 72 12 1 5 0 2 46 313 1 5 1 25 52 53 2 25 2 325 51 53 2 25 2 375 64
4/4 51 0 1 3 333 55 23 0 1 3 333 54 522 0 1 3 333 62 522 2 25 0 1 62 614 0 1 3 1667 61 22 0 1 3 1667 60 612 3 667 3 1667 50 22 3 667 3 2333 58 523 2 25 0 3 43 613 2 25 1 35 49
4/4 313 0 1 0 0 31 52 0 1 0 0 26 13 0 1 2 25 40 23 0 1 2 25 46 53 0 1 2 25 33 52 2 225 2 25 16 54 0 1 1 15 45 54 0 1 1 15 56 714 2 75 0 3 81 14 3 333 3 3667 68
4/4 24 0 1 3 333 70 53 0 1 3 333 56 53 2 275 3 333 59 715 0 1 1 15 64 23 0 1 1 15 70 23 2 125 3 1667 36 615 2 75 2 225 68 715 0 1 2 275 68 23 0 1 2 275 57 713 2 75 2 275 44 15 2 25 1 35 62
4/4 24 0 1 0 0 58 525 0 1 0 0 40 615 0 1 0 0 44 24 0 1 0 0 61 22 3 2333 2 25 46 24 2 25 1 15 55 613 0 2 1 15 56 315 2 25 0 2 68 523 0 1 2 275 47 24 3 333 2 275 77 14 2 25 3 3333 74
4/4 313 3 1667 0 0 45 714 0 1 0 0 66 54 0 1 0 0 47 22 0 1 0 0 50 55 0 1 2 125 47 713 0 1 2 125 71 713 3 1333 2 125 38 614 0 1 2 175 77 524 0 1 2 175 53 714 0 1 1 25 63 53 0 1 1 25 46 54 0 1 1 25 60 615 2 25 0 3 75 24 0 1 3 3667 54 525 0 1 3 3667 64 714 0 1 3 3667 74 712 2 25 2 375 44
4/4 712 3 1083 0 0 53 523 2 225 0 1 36 714 3 667 0 1 70 14 2 25 3 1667 59 714 0 1 2 225 58 22 0 1 2 225 53 613 0 1 2 225 38 22 0 1 2 225 57 614 2 25 2 275 63 12 1 5 1 35 58 54 0 1 1 35 53 314 0 1 1 35 61 12 0 1 1 35 56
4/4 12 2 175 0 0 40 54 0 1 0 0 70 314 0 1 0 0 50 12 0 1 0 0 57 53 2 125 2 75 36 54 2 75 2 75 60 524 3 667 1 15 60 314 0 1 0 2 70 312 0 1 0 2 50 524 3 333 3 2667 60 712 2 75 2 325 52 54 3 667 3 3333 67 23 3 667 3 3333 51
4/4 712 2 175 0 0 44 54 3 583 0 0 51 23 0 1 3 667 44 52 0 1 3 667 38 614 0 1 2 175 59 21 0 1 2 175 44 714 2 25 1 25 60 13 0 1 0 3 56 314 0 1 0 3 46 613 0 1 0 3 71 612 0 1 0 3 42
4/4 612 1 5 0 0 51 313 2 175 1 5 40 614 2 25 0 1 65 614 2 75 3 1667 72 13 3 333 3 1667 34 54 2 25 3 2333 53 23 0 1 2 275 56 22 0 1 2 275 53 613 0 1 2 275 47 54 3 667 0 3 46
4/4 24 0 1 2 25 32 523 0 1 2 25 44 523 0 1 2 25 43 714 3 333 1 15 72 14 3 333 2 225 71 23 0 1 3 2667 45 54 0 1 3 2667 53 23 0 1 3 2667 56 52 2 125 2 275 55
4/4 52 2 25 0 0 57 715 0 1 2 25 61 23 0 1 2 25 69 22 1 15 2 25 46 615 3 333 2 75 58 715 0 1 3 1333 63 24 0 1 3 1333 61 712 0 1 3 1333 52 15 1 5 0 2 78 24 0 1 1 25 43 525 0 1 1 25 47 614 0 1 1 25 50 21 2 125 2 275 52 25 2 25 2 275 71
4/4 612 2 225 0 0 43 24 3 333 0 0 74 315 2 25 3 667 74 24 0 1 2 125 64 522 0 1 2 125 52 14 2 25 2 175 84 23 0 1 3 2333 66 54 0 1 3 2333 57 713 0 1 3 2333 63 312 1 15 1 25 53 55 0 1 3 3667 56 713 0 1 3 3667 63 712 2 25 2 375 50
4/4 712 3 1417 0 0 43 525 0 1 3 333 75 613 0 1 3 333 78 55 0 1 0 1 71 714 0 1 0 1 68 52 0 1 0 1 56 615 0 1 1 15 69 13 0 1 1 15 70 24 0 1 2 225 60 525 0 1 2 225 51 714 0 1 2 225 66 711 0 1 2 225 55 15 2 25 2 275 75 522 3 667 3 3333 44 715 0 1 1 35 56 23 0 1 1 35 55
4/4 615 3 333 0 0 72 522 0 1 0 0 43 55 0 1 3 667 50 713 0 1 3 667 62 612 3 667 2 75 39 525 0 1 3 1333 55 613 0 1 3 1333 61 11 0 1 0 2 55 54 0 1 0 2 70 13 0 1 0 2 52 315 0 1 0 2 64 54 0 1 0 2 53 13 0 1 0 2 52 315 3 333 3 3333 69 52 3 667 3 3333 58
4/4 525 3 333 0 0 64 52 3 333 0 0 46 55 0 1 3 667 67 21 0 1 3 667 33 615 2 25 3 1333 44 53 0 1 0 2 38 22 0 1 0 2 44 54 0 1 0 2 47 711 0 1 0 2 37 24 0 2 0 2 58 55 1 5 1 35 47
4/4 53 0 1 0 0 38 22 0 1 0 0 29 54 0 1 0 0 53 711 0 1 0 0 33 24 0 1 0 0 49 55 3 833 0 0 52 54 1 5 2 175 61 524 1 5 0 2 66 11 3 1333 1 25 49 314 2 75 1 25 73 53 2 75 2 325 47 52 2 25 2 375 53 314 2 25 2 375 85
4/4 52 1 5 0 0 48 314 3 83 0 0 82 524 2 25 1 5 62 54 0 1 0 1 56 21 0 1 0 1 44 614 2 25 2 175 57 23 2 125 1 25 64 53 1 15 1 25 48 52 0 1 1 25 35 711 0 1 1 25 40
4/4 54 0 1 0 0 51 712 0 1 0 0 33 22 2 275 0 0 22 53 3 1167 0 0 43 55 1 5 1 25 63 525 3 333 0 3 69 54 0 1 3 3333 58 14 0 1 3 3333 60 314 0 1 3 3333 63 11 0 1 1 35 52 314 0 1 1 35 64
4/4 54 0 1 0 0 56 14 0 1 0 0 63 314 0 1 0 0 65 11 0 1 0 0 56 314 0 1 0 0 56 52 1 5 2 25 54 22 0 1 2 75 42 314 0 1 2 75 77 313 0 1 3 1333 43 525 2 25 1 15 65 55 3 333 0 2 58 53 2 75 0 2 42 615 0 1 2 275 69 22 0 1 2 275 64 712 3 333 3 3667 42 24 0 1 3 3667 63 53 0 1 3 3667 57
4/4 712 3 333 0 0 50 24 0 1 0 0 68 53 0 1 0 0 48 53 1 5 3 333 45 55 0 1 0 1 50 23 0 1 0 1 42 713 0 1 0 1 59 713 2 125 3 1667 52 54 2 25 1 25 54 615 1 5 1 25 56 715 2 25 2 325 55
4/4 14 0 1 0 0 46 314 0 1 0 0 52 612 2 75 0 0 43 615 3 1333 2 25 50 313 3 333 2 75 45 13 1 5 1 15 49 315 2 25 3 2333 47 13 0 1 2 325 33 525 0 1 2 325 52 22 0 1 2 325 38 613 0 1 2 325 36
4/4 13 0 1 0 0 32 525 0 1 0 0 42 22 0 1 0 0 38 613 0 1 0 0 24 55 2 25 2 75 48 52 2 75 3 1333 44 54 0 1 3 1333 52 54 0 1 3 1333 52 22 1 5 2 225 47 24 0 1 0 3 70 712 0 1 0 3 46 22 3 333 3 3667 50
4/4 22 3 417 0 0 50 53 0 1 2 25 44 713 0 1 2 25 63 34 0 1 1 15 50 54 0 1 1 15 65 52 0 1 1 15 53 13 0 1 1 15 64 33 2 75 3 2333 46 14 0 1 0 3 68 52 0 1 0 3 35 55 0 1 0 3 55 33 3 333 3 3667 54
4/4 33 0 1 0 0 57 55 2 25 0 0 47 14 0 1 3 333 62 12 0 1 3 333 31 52 0 1 2 175 44 714 0 1 2 175 60 22 0 1 2 175 45 22 2 75 1 25 40 55 0 1 2 325 51 712 0 1 2 325 48
4/4 22 2 75 0 0 35 53 0 1 3 667 30 713 0 1 3 667 58 52 0 1 2 225 33 33 0 1 2 225 23 12 0 1 2 225 27 34 0 1 3 2333 49 613 0 1 3 2333 46
4/4 52 0 1 0 0 31 33 0 1 0 0 36 12 0 1 0 0 42 614 2 25 0 1 47 614 2 25 2 175 49 54 2 75 2 275 24
4/4 53 0 1 3 1667 22 712 0 1 3 1667 32 51 3 1333 2 175 26 23 0 2 0 2 33 54 0 2 0 2 40 21 3 667 0 3 33
4/4 712 3 667 0 0 48 53 0 1 0 0 24 712 0 1 0 0 20 23 2 175 0 0 35 54 3 2667 0 0 38 22 0 1 0 1 43 53 2 125 0 2 35 713 2 75 2 325 27
4/4 713 3 1917 0 0 29 23 2 75 0 1 17 54 0 1 2 125 32 54 0 1 2 125 26
