4/4 33 0 1 1 25 28 54 0 1 1 25 25 73 0 1 1 25 38 23 1 15 1 25 32 45 2 125 2 275 48
4/4 33 0 1 0 0 29 54 0 1 0 0 22 73 0 1 0 0 37 23 1 5 0 0 42 45 0 1 0 0 57 13 0 1 2 125 45 34 0 1 2 125 59 55 0 1 1 25 52 72 0 1 1 25 37
4/4 613 0 1 0 1 36 44 0 1 0 1 64 63 0 1 0 2 44 13 0 1 0 2 43 54 0 1 0 2 30 14 0 1 0 2 47 55 2 175 2 225 45
4/4 63 0 1 0 0 49 13 0 1 0 0 51 55 2 75 0 0 46 44 0 1 3 667 38 75 3 1333 3 667 54 65 0 2 0 2 45 34 2 125 0 2 52
4/4 23 1 5 1 5 53 74 0 1 1 15 29 24 0 1 1 15 30 45 0 1 1 15 46 52 0 1 1 15 30 44 0 1 3 1667 33 74 0 1 3 1667 58 23 0 1 0 3 45
4/4 23 2 25 0 0 48 44 0 1 2 25 34 54 0 1 2 25 47 54 0 1 3 1667 45 35 0 1 3 1667 57 73 0 1 3 1667 41 13 3 2333 3 1667 39
4/4 13 3 667 0 0 27 74 1 5 2 25 66 74 0 1 3 1333 44 24 0 1 3 1333 45 74 0 1 3 1333 40 44 0 1 1 15 37 52 0 1 1 15 39 23 2 125 2 275 42 55 1 5 3 3333 58
4/4 75 0 1 0 0 54 44 0 1 0 0 44 23 0 1 0 0 51 23 1 5 0 0 33 55 2 25 3 667 59 54 2 225 3 1333 28 13 3 2667 3 1333 37 45 1 25 3 1333 51 74 0 1 3 1333 48 23 0 1 3 1333 45 35 0 1 2 275 47
4/4 13 3 667 0 0 41 24 2 25 0 1 51 613 1 25 1 15 49 14 2 175 1 15 61 54 1 15 1 15 41 44 2 125 2 275 39
4/4 54 1 5 0 0 45 63 1 25 1 15 42 74 0 1 1 15 40 33 0 1 1 15 55 13 2 125 2 275 23
4/4 13 2 25 0 0 37 64 3 333 2 25 59 54 3 1667 1 15 50 13 2 75 1 15 46 22 1 25 1 15 30 613 2 175 2 225 45 13 2 125 2 275 54 44 1 5 1 35 63
4/4 44 1 25 0 0 54 613 3 917 0 0 38 13 2 225 0 0 40 54 0 3 2 25 53 12 0 2 1 15 40 613 2 125 2 225 38 13 2 125 2 275 34 44 1 5 1 35 50
4/4 44 2 25 0 0 33 13 2 25 0 0 38 54 1 5 2 25 47 13 0 1 1 15 18 33 0 1 1 15 44 72 3 2333 3 1667 38 54 2 175 2 175 48 63 1 15 1 25 45 13 2 75 2 325 37
4/4 23 2 75 0 0 35 63 3 1167 0 0 44 72 3 917 0 0 43 13 2 125 0 0 42 34 2 75 2 75 36 54 2 25 1 15 44 43 1 15 1 25 26 72 1 15 1 25 29 63 3 1333 3 2667 27 23 0 1 0 3 31 43 0 1 0 3 35
4/4 43 0 4 0 0 22 72 2 375 0 0 12 63 0 3 0 0 28 23 0 1 0 0 27 43 0 1 0 0 37
4/4 43 3 167 0 0 19 73 0 1 3 2333 37 54 2 25 2 325 67
4/4 32 0 1 0 0 28 32 0 1 0 0 32 54 0 1 0 0 55 72 0 1 0 0 36 72 0 3 0 0 39 44 3 667 0 3 54 34 3 333 3 3667 69
4/4 32 3 2667 3 333 21 22 0 3 1 5 22 54 0 1 1 5 54 52 0 1 1 5 48 23 0 2 1 5 49 74 2 25 3 3333 54
4/4 12 0 1 3 667 33 32 0 1 3 667 20 12 0 1 3 667 30 53 0 1 3 667 28 12 0 1 3 667 28 54 2 325 2 75 41
4/4 54 0 3 0 0 43 73 0 1 2 125 30 52 0 1 2 125 39 72 3 2667 3 1333 29 32 3 2667 3 1333 19
4/4 72 3 583 0 0 37 74 1 5 2 25 72 13 0 1 3 1667 45 34 0 1 3 1667 47 63 0 1 3 1667 41 42 0 1 3 1667 29 32 0 1 3 1667 32
4/4 42 0 1 0 0 45 32 0 1 0 0 42 13 1 5 2 75 69 63 0 1 2 225 38 312 0 1 2 225 29 13 0 1 2 225 42 41 0 1 2 225 39
4/4 63 0 1 0 0 30 312 0 1 0 0 29 13 0 1 0 0 45 41 0 1 0 0 42 54 3 333 2 125 66 44 2 25 0 2 59 72 0 1 3 2667 35 62 0 1 3 2667 46 44 3 1333 3 2667 38 13 3 1333 3 2667 39
4/4 72 0 1 0 0 47 62 0 1 0 0 45 44 3 5167 0 0 46 13 3 333 0 0 53 43 2 175 2 25 38 13 2 75 1 15 36 23 0 1 0 3 44 73 0 1 0 3 42 71 0 1 0 3 17 43 0 1 0 3 19
4/4 23 0 1 0 0 33 73 0 1 0 0 28 71 0 1 0 0 24 43 2 175 0 0 24 73 1 5 2 225 45 54 2 25 0 3 76 33 2 25 2 375 43 54 0 1 2 375 40 73 0 1 2 375 39 52 0 1 2 375 33 72 2 25 2 375 24
4/4 32 2 325 0 0 24 33 3 3417 0 0 25 54 0 1 0 0 38 73 0 1 0 0 49 52 0 1 0 0 30 72 2 375 0 0 24 44 2 75 0 3 71 34 3 333 3 3667 72
4/4 34 3 167 0 0 74 73 0 1 2 25 38 22 0 1 2 25 39 22 2 325 3 333 44 54 0 1 3 333 62 31 0 1 3 333 45 74 3 333 3 3333 57
4/4 23 0 1 0 1 42 73 0 1 0 1 43 44 0 1 0 1 33 42 0 1 0 1 35 74 0 3 0 1 30 52 0 3 0 1 27
4/4 23 0 1 0 0 47 73 0 1 0 0 32 44 0 1 0 0 32 42 0 1 0 0 24 74 2 375 0 0 42 52 0 1 1 15 35 33 0 1 1 15 43 72 0 1 1 15 35 34 3 2333 3 1667 32
4/4 52 0 1 0 0 32 33 0 1 0 0 24 72 0 1 0 0 31 34 3 1333 0 0 29 74 1 5 3 667 59 63 0 1 0 2 34 34 0 1 0 2 39 63 0 1 0 2 47 42 0 1 0 2 42 32 0 1 0 2 32 54 1 5 1 35 59
4/4 54 0 1 0 0 60 42 0 1 0 0 34 32 0 1 0 0 42 13 1 5 0 1 46 43 0 1 1 25 27 13 0 1 1 25 29 71 0 1 1 25 28 63 0 1 1 25 37 53 0 1 1 25 53
4/4 43 0 1 0 0 24 13 0 1 0 0 32 71 0 1 0 0 44 63 0 1 0 0 49 53 0 1 0 0 36 44 1 5 1 15 40 34 2 25 2 225 64 12 0 1 0 3 41 32 0 1 0 3 40 32 0 1 0 3 25 34 0 1 0 3 44 63 0 1 0 3 47
4/4 12 0 1 0 0 46 32 0 1 0 0 31 32 0 1 0 0 32 34 2 325 0 0 47 63 3 1667 0 0 33 32 3 333 3 3667 31 63 3 333 3 3667 39
4/4 32 3 2167 0 0 50 63 3 917 0 0 47 712 2 275 3 333 34 73 2 75 0 1 42 43 2 75 1 25 44 63 3 333 2 325 46
4/4 53 1 15 0 0 47 33 0 1 0 0 32 32 1 25 0 0 43 72 3 2667 2 75 41 33 2 125 1 15 54 43 2 75 2 225 60 53 2 75 0 3 56 63 3 333 3 3667 66
4/4 63 3 417 0 0 69 11 0 1 1 5 29 33 0 1 1 5 33 62 0 1 1 5 27 71 0 1 1 5 45 43 0 1 2 225 33 33 0 1 2 225 39 61 0 1 2 225 26 42 0 1 2 225 37 71 0 1 2 225 26
4/4 42 0 1 0 0 22 71 0 1 0 0 32 73 3 2333 3 1667 49 54 3 333 3 2333 77 32 2 75 0 3 60 54 0 1 0 3 74 72 2 25 2 375 37
4/4 73 3 667 0 0 45 72 2 325 0 0 34 54 2 125 0 0 58 53 0 1 3 667 28 73 1 15 3 1333 50 44 2 75 0 2 60 34 1 5 3 2667 72 73 0 1 0 3 39 22 0 1 0 3 43 32 3 667 3 3333 52 54 3 667 3 3333 58
4/4 22 2 25 0 0 32 73 0 1 0 0 33 22 0 1 0 0 49 32 3 83 0 0 54 54 3 833 0 0 61 53 3 333 0 1 42 74 3 333 3 2333 48 73 0 1 1 35 25 12 0 1 1 35 35 32 2 25 2 375 34 54 2 25 2 375 53
4/4 73 0 1 0 0 29 12 0 1 0 0 42 32 2 75 0 0 40 54 2 175 0 0 47 12 2 275 1 5 36 53 3 1333 2 125 55 13 2 75 3 2667 33
4/4 73 3 1667 0 0 45 32 0 1 2 25 47 72 3 667 0 1 46 22 3 667 3 1667 49 53 1 5 3 2333 57 73 2 75 0 3 74 22 0 1 0 3 47 32 0 1 3 3667 51 73 0 1 3 3667 62
4/4 13 0 1 2 25 56 33 0 1 2 25 46 42 2 75 1 5 47 64 2 175 1 5 65 12 2 275 2 125 33 63 0 1 0 2 52 13 3 667 2 325 56
4/4 12 2 25 0 0 37 63 0 1 3 667 58 12 0 1 3 667 54 42 0 1 2 75 43 12 0 2 1 15 44 313 3 1333 2 225 37 63 0 1 0 3 47 54 3 333 3 3667 70
4/4 44 2 25 3 333 63 63 0 1 2 75 49 12 0 1 2 75 45 44 1 15 0 1 62 72 3 2333 0 1 43 43 0 2 2 175 39 63 1 15 1 25 39
4/4 13 3 667 0 0 42 223 3 333 3 667 62 43 0 1 2 125 37 62 0 1 2 125 43 71 0 1 1 15 36 22 0 1 1 15 47 42 1 5 2 225 54 22 3 667 0 3 49 43 3 333 3 3667 53
4/4 43 3 417 0 0 54 73 1 5 1 5 49 74 0 1 1 5 50 55 1 5 2 125 57 54 0 2 2 175 49 74 0 2 0 2 48 32 0 1 0 2 54 55 1 15 0 2 65 72 0 1 2 275 43 43 3 333 1 35 43
4/4 74 3 333 0 0 62 53 0 1 2 25 42 45 3 667 0 1 63 35 3 667 3 1667 60 54 2 175 0 2 50 24 2 175 2 225 58 55 3 1667 3 2333 62 32 3 667 3 2333 59 22 3 667 2 325 61 53 2 25 2 375 62
4/4 55 3 667 0 0 68 53 1 5 0 0 57 24 2 125 0 0 62 73 0 1 1 5 55 75 2 75 2 125 80 23 3 333 2 125 52 74 3 333 0 2 52 74 0 1 3 2333 48 23 0 1 3 2333 57 45 0 1 3 2667 66 74 0 1 3 2667 60 52 2 75 2 275 51 22 1 5 1 35 39
4/4 74 0 1 0 0 55 23 0 1 0 0 60 45 0 1 0 0 59 74 0 1 0 0 58 73 1 5 2 25 50 23 2 75 0 1 52 44 3 333 3 1667 47 74 2 25 3 2333 48 44 0 1 0 3 54 74 0 1 0 3 38 34 0 1 0 3 51 52 2 75 2 325 43
4/4 33 2 75 0 0 52 44 0 1 0 0 54 74 0 1 0 0 36 34 0 1 0 0 42 73 3 1333 3 667 43 24 0 1 3 667 51 74 2 75 2 225 62 13 0 1 3 3333 46 33 0 1 3 3333 44 42 3 333 3 3667 48 64 3 333 3 3667 72
4/4 13 0 1 0 0 41 33 0 1 0 0 41 42 3 417 0 0 49 64 0 1 0 0 61 12 3 333 1 5 48 54 0 1 2 125 55 62 0 1 2 125 41 13 0 1 1 25 52 11 0 1 1 25 55 42 2 75 2 325 46 63 3 333 3 3667 48 13 0 1 2 375 47 34 0 1 2 375 59 53 0 1 2 375 60
4/4 71 2 75 0 0 63 63 3 1917 0 0 55 13 0 1 0 0 51 34 0 1 0 0 63 53 0 1 0 0 70 42 2 25 2 75 36 33 1 15 1 15 38 63 1 15 2 225 63 44 0 1 0 3 60 21 0 1 0 3 38 34 2 25 2 375 44
4/4 63 1 15 1 5 56 32 2 125 1 5 49 34 2 225 1 5 46 12 0 2 2 125 37 33 2 125 0 2 59 63 2 75 3 2667 61 73 3 667 3 3333 71
4/4 34 0 3 0 0 54 73 3 83 0 0 64 72 0 1 2 75 32 53 0 1 2 75 41 31 0 1 2 75 33 63 0 1 3 2333 66 33 0 1 3 2333 59 12 0 1 3 2333 55 41 0 1 3 2333 43 73 0 1 2 375 66 43 0 1 2 375 58 32 0 1 2 375 56
4/4 52 3 1333 0 0 46 73 0 1 0 0 82 43 0 1 0 0 70 32 0 1 0 0 69 12 0 1 2 125 55 33 0 1 2 125 45 52 0 1 2 125 59 61 2 75 1 15 45 13 3 1333 1 15 68 32 1 5 2 225 44 12 3 667 0 3 60 33 3 333 3 3667 53
4/4 33 3 917 0 0 56 63 3 333 3 333 46 14 2 75 3 333 74 13 2 25 2 125 44 23 0 1 2 175 58 44 0 1 2 175 52 61 0 1 2 175 58 14 2 175 0 2 64 42 3 333 3 2667 58 23 3 667 3 3333 77 22 1 5 3 3333 45
4/4 23 3 833 0 0 72 43 2 25 2 25 52 34 3 667 2 75 66 73 2 25 0 1 48 73 0 2 0 2 39 23 0 1 0 2 55 43 0 1 0 2 59 51 2 75 3 2333 61 74 3 1667 3 2333 51 21 1 5 0 3 53 72 2 25 2 375 39
4/4 73 2 125 0 0 44 23 0 1 0 0 51 43 0 1 0 0 58 72 2 25 0 0 35 74 3 1583 0 0 68 22 2 75 1 5 38 43 3 333 2 125 50 73 0 2 0 2 58 33 0 1 2 275 32 52 0 1 2 275 39 72 0 1 2 275 44 34 0 1 2 275 57 42 0 1 2 275 32
4/4 73 2 25 0 0 54 73 0 1 1 15 65 51 0 1 1 15 59 72 2 25 3 2333 72 12 0 1 2 275 54 32 0 1 2 275 66 41 0 1 0 3 71 72 0 1 0 3 67 11 2 25 2 375 47
4/4 11 3 83 0 0 42 63 2 75 1 5 64 62 2 25 1 5 64 12 1 5 2 125 55 53 2 75 0 2 75 33 3 333 0 2 68 41 1 5 3 2667 45 62 0 1 0 3 53 11 0 1 0 3 54 43 3 667 3 3333 77 71 3 667 3 3333 68
4/4 42 3 1333 0 0 64 62 0 1 0 0 51 11 0 1 0 0 44 43 3 333 0 0 65 71 3 1583 0 0 59 53 0 1 2 75 72 32 0 1 2 75 74 62 2 25 1 15 44 62 0 1 2 225 26 712 0 1 2 225 50 22 0 1 2 225 43 71 0 1 2 225 45 62 0 1 2 225 42 72 0 1 3 3667 55 33 0 1 3 3667 63 43 0 1 3 3667 55 51 0 1 3 3667 61 73 2 25 2 375 66
4/4 72 0 1 0 0 48 33 0 1 0 0 50 43 0 1 0 0 64 51 0 1 0 0 50 73 2 75 0 0 59 32 3 667 3 667 57 72 1 5 2 125 69 33 0 1 0 2 65 72 0 1 0 2 62 34 3 333 2 275 80 23 3 333 3 3333 85
4/4 53 0 1 0 0 67 73 0 1 0 0 69 222 0 1 0 0 63 31 2 75 2 25 59 32 3 333 0 1 74 52 2 75 3 1667 70 72 3 667 3 2333 62 34 2 75 2 325 84 33 1 5 2 325 57
4/4 53 2 25 0 0 57 14 3 333 0 0 77 34 2 25 0 0 80 13 0 1 3 333 39 34 0 1 3 333 51 53 0 1 3 333 59 14 2 325 3 667 77 61 2 75 3 667 48 32 1 5 3 1333 57 12 1 5 0 2 53 33 3 333 2 275 51 34 3 333 3 3667 87 73 2 25 3 3667 46
4/4 34 3 417 0 0 85 13 2 25 2 25 67 23 3 1667 2 75 57 44 2 175 0 1 72 61 0 1 0 1 68 13 0 1 0 1 81 42 3 333 2 175 47 24 0 1 3 2333 72 21 0 1 3 2333 44 23 2 75 0 3 62 43 1 5 2 325 53 14 2 25 2 375 80 73 2 25 2 375 43
4/4 14 2 25 0 0 82 73 0 2 0 1 57 23 0 1 0 1 49 44 0 1 0 1 52 51 0 1 0 1 47 74 0 2 3 1333 75 21 1 5 0 2 60 23 2 125 2 275 72 72 1 5 2 275 46 22 1 5 1 35 39
4/4 22 2 25 0 0 40 23 3 417 0 0 78 34 0 1 2 25 65 42 0 1 2 25 51 73 2 25 0 1 43 73 0 1 3 1667 26 33 0 1 3 1667 50 12 0 1 2 175 32 53 0 1 2 175 32 34 0 1 2 175 55 73 0 1 2 175 46
4/4 223 0 1 2 75 49 14 0 1 2 75 50 314 0 1 2 75 43 313 0 1 2 75 40 53 0 1 2 75 57 13 0 1 2 225 39 33 0 1 2 225 57 43 1 15 1 25 34 64 1 15 1 25 61
4/4 74 3 667 0 0 66 43 3 1833 0 0 50 14 1 5 1 15 63 42 0 1 3 2667 31 312 0 1 3 2667 34 13 0 1 0 3 47 313 0 1 0 3 54 64 2 75 2 325 45 14 2 75 2 325 65
4/4 42 0 1 0 0 30 312 0 1 0 0 36 13 0 1 0 0 46 313 0 1 0 0 49 64 3 917 0 0 51 74 3 333 2 75 49 64 3 333 3 2333 63
4/4 63 0 1 0 0 40 72 0 1 0 0 36 22 0 1 0 0 34 54 0 1 0 0 45 71 0 1 0 0 40 524 1 5 3 3333 53
4/4 43 0 3 0 1 20 72 0 3 0 1 28 63 0 1 0 1 26 13 0 1 0 1 31 43 0 1 0 1 34 74 3 333 2 275 32 75 2 25 0 3 44
4/4 43 2 225 0 0 33 72 2 175 0 0 12 73 1 15 1 25 36 54 3 333 3 3333 46
4/4 32 2 125 0 0 39 73 3 1833 0 0 30 54 2 225 2 25 44 72 3 1667 0 1 43 53 2 75 2 175 35 73 2 75 1 25 56 44 2 75 2 325 73
4/4 34 1 5 0 0 74 53 0 1 1 5 48 72 0 1 1 5 45 23 0 1 3 667 54 53 0 1 3 667 57 32 0 1 2 75 50 22 3 333 1 15 45 53 3 1333 2 225 52 74 3 333 3 3667 67
4/4 53 0 1 0 1 42 31 0 1 0 1 33 13 3 1667 0 1 45 54 2 225 2 125 45 12 2 225 2 175 38 53 3 1333 3 2667 50
4/4 13 2 75 0 0 52 53 3 167 0 0 39 12 2 25 0 0 51 73 3 2333 3 1667 39 32 0 1 3 1667 35 72 3 1667 3 2333 35 43 1 5 0 3 52 53 2 25 2 375 65
4/4 73 3 667 0 0 45 53 3 417 0 0 65 72 3 83 0 0 45 34 0 1 3 667 64 71 0 1 3 667 55 74 0 1 3 1333 78 31 0 1 3 1333 50 63 2 225 2 175 63 34 0 1 0 2 59 63 0 1 0 2 63 41 2 75 0 2 60 11 1 5 2 275 53 62 1 5 1 35 46
4/4 63 2 75 0 0 58 12 2 75 2 25 52 13 0 1 0 1 51 32 0 1 0 1 38 53 2 25 2 175 51 313 0 1 1 25 28 41 0 1 1 25 39 13 0 1 1 25 54 62 0 1 1 25 42
4/4 313 0 1 0 0 46 41 0 1 0 0 42 13 0 1 0 0 57 62 0 1 0 0 51 63 0 1 2 75 60 12 0 1 1 15 49 53 0 1 1 15 70 44 3 333 2 225 72 63 0 1 3 2667 56 12 0 1 3 2667 60 44 0 1 0 3 53 71 2 75 0 3 55 42 3 333 3 3667 38
4/4 63 0 1 0 0 41 12 0 1 0 0 48 44 2 225 0 0 56 42 3 167 0 0 40 12 3 333 1 5 38 33 1 15 2 125 35 13 2 75 0 2 50 63 2 25 3 2667 53 63 0 1 1 35 41 43 0 1 1 35 43 22 0 1 1 35 36 72 1 5 1 35 33
4/4 63 0 1 0 0 37 43 0 1 0 0 42 22 0 1 0 0 36 72 1 5 0 0 26 71 2 175 0 1 42 72 0 1 1 25 58 53 3 333 3 3333 60
4/4 72 3 1333 0 0 41 53 0 3 0 0 49 31 0 1 0 0 41 71 3 667 0 1 54 52 2 75 3 1667 59 72 3 667 3 2333 61 52 1 5 0 3 51 43 2 75 0 3 65 71 2 25 2 375 64 33 2 25 2 375 49
4/4 71 2 25 0 0 62 72 3 1333 2 25 66 22 0 1 3 333 66 52 0 1 3 333 74 31 2 75 1 5 58 21 2 75 2 125 64 52 1 5 0 2 53 72 2 75 2 275 52 22 2 25 1 35 49 73 1 5 1 35 73
4/4 73 2 25 0 0 71 22 2 25 2 25 59 72 0 1 2 75 38 22 0 1 2 75 57 51 0 1 2 75 41 43 0 1 0 1 54 72 0 1 0 1 61 21 3 333 3 1667 58 72 3 667 3 2333 54 22 2 75 2 325 47
4/4 43 3 667 0 0 51 22 2 25 0 0 34 73 2 25 3 667 36 52 3 2667 3 1333 36 33 0 1 1 15 43 72 0 1 1 15 33 43 0 1 1 15 38 72 0 1 1 15 38 34 2 175 2 175 38
4/4 52 3 1333 0 0 42 74 1 5 2 75 78 22 2 125 2 75 55 63 0 1 2 225 29 34 0 1 2 225 42 41 0 1 2 225 54 64 2 125 1 25 57 12 2 75 2 325 47
4/4 54 1 15 0 0 90 63 3 667 0 0 58 12 2 75 3 667 50 42 1 5 1 15 48 13 2 75 1 15 55 12 0 1 2 225 31 62 0 1 2 225 54 63 0 1 0 3 31 53 0 1 0 3 49 13 0 1 0 3 44 43 0 1 0 3 34 71 0 1 0 3 34
4/4 63 0 1 0 0 42 53 0 1 0 0 61 13 1 15 0 0 34 71 2 225 3 667 43 44 3 667 2 225 41 34 0 1 3 3667 36 64 0 1 3 3667 40 713 0 1 3 3667 39
4/4 61 0 1 0 0 33 34 0 1 0 0 58 34 0 1 0 0 38 64 0 1 0 0 44 713 0 1 0 0 37 32 1 5 2 75 49 224 0 1 1 15 68 74 0 1 1 15 77 71 0 1 1 15 43 712 0 1 2 225 71 33 0 1 2 225 67 714 0 1 0 3 84 64 0 1 0 3 60 32 0 1 0 3 57 712 3 333 3 3667 59
4/4 712 3 417 0 0 60 33 0 1 3 333 57 74 0 1 3 333 69 523 0 1 3 333 58 73 2 75 0 1 45 64 0 1 0 2 59 43 0 1 0 2 59 713 3 333 0 2 31 712 0 1 1 35 41 74 0 1 1 35 45 32 0 1 1 35 46
4/4 32 0 1 2 125 21 72 0 1 2 125 34 32 0 1 2 125 29 53 0 1 1 15 27 73 0 1 1 15 41 53 0 1 1 15 32
4/4 32 0 1 0 0 21 72 0 1 0 0 41 32 0 1 0 0 28 53 0 1 0 0 29 73 0 1 0 0 33 53 0 1 0 0 40 13 3 667 0 3 55
4/4 23 2 75 3 333 70 34 2 75 3 1667 64 54 0 1 0 3 68 41 0 1 0 3 56
4/4 54 0 1 0 0 70 41 0 1 0 0 62 13 0 1 3 333 68 63 0 1 3 333 68 32 0 1 3 333 43 12 3 1667 3 333 44 54 0 1 2 175 76 41 0 1 2 175 65 53 0 1 2 275 62 713 0 1 2 275 63 43 0 1 2 275 84 52 0 1 0 3 67
4/4 34 0 1 3 333 70 713 0 1 3 333 61 43 0 1 3 333 45 53 0 1 3 333 72 21 0 1 3 333 41 23 0 1 2 175 70 51 0 1 2 175 39 53 0 1 0 3 62 33 0 1 0 3 47 21 0 1 0 3 41 11 0 1 0 3 49 21 0 1 0 3 49
4/4 53 0 1 0 0 72 33 0 1 0 0 53 21 0 1 0 0 48 11 0 1 0 0 56 21 0 1 0 0 49 52 0 1 1 5 53 22 2 25 2 175 55 13 0 1 2 325 52 32 0 1 2 325 37 53 0 1 2 325 38 32 0 1 2 325 37 22 2 25 3 3333 45
4/4 13 0 1 0 0 47 32 0 1 0 0 39 53 0 1 0 0 37 32 0 1 0 0 28 13 2 125 3 1333 71 222 0 1 0 2 58 53 0 1 0 2 61 72 0 1 0 2 63 33 0 1 0 2 44 33 0 1 0 2 61 44 1 5 2 275 78 13 2 75 2 325 63 34 0 1 3 3333 62 53 0 1 3 3333 71 62 1 5 1 35 70
4/4 13 0 2 0 0 68 34 0 1 0 0 54 53 0 1 0 0 68 62 2 25 0 0 66 12 2 75 2 25 71 33 0 2 2 75 48 73 2 75 1 15 47 74 3 667 2 225 71 74 1 5 1 35 67 23 1 5 1 35 61 72 1 5 1 35 72
4/4 74 1 15 0 0 56 23 0 1 0 0 72 72 1 5 0 0 73 43 0 2 2 25 70 13 2 75 0 1 61 23 1 15 1 15 62 14 2 75 2 225 63 72 1 5 2 225 49 73 0 1 3 3667 65 23 0 1 3 3667 59 43 0 1 3 3667 60 52 3 333 3 3667 41
4/4 73 0 1 0 0 65 23 0 1 0 0 49 43 0 1 0 0 59 52 3 1167 0 0 39 72 2 75 2 25 61 22 2 75 0 1 72 43 2 75 1 15 79 23 0 1 2 225 66 21 0 1 2 225 59 72 2 25 2 275 55 73 1 5 2 275 64 13 0 1 1 35 62 11 0 1 1 35 76 53 0 1 1 35 60 32 0 1 1 35 48
4/4 52 1 5 2 25 69 23 0 1 0 1 74 11 0 1 0 1 64 34 1 5 1 15 87 54 1 5 2 225 70 74 1 5 0 3 76 34 0 1 3 3333 67 53 0 1 3 3333 62 611 1 5 1 35 53 24 1 5 1 35 70
4/4 611 3 167 0 0 70 34 0 1 0 0 65 53 0 1 0 0 75 24 1 15 0 0 61 52 2 75 2 25 53 12 1 5 0 1 65 33 2 75 1 15 54 53 3 333 2 225 44 14 2 75 2 225 75 34 2 25 0 3 40 713 0 1 1 35 69 34 0 1 1 35 62 524 0 1 1 35 72 73 0 1 1 35 67 61 3 333 3 3667 51
4/4 713 0 1 0 0 68 34 0 1 0 0 53 524 0 1 0 0 77 73 0 1 0 0 65 61 3 417 0 0 70 32 1 5 3 333 62 72 3 333 0 1 67 712 2 125 3 1667 58 713 2 75 3 1667 60 614 0 1 3 2333 81 522 0 1 3 2333 56 74 1 5 0 3 83 23 0 1 1 35 54 43 0 1 1 35 55 51 2 25 2 375 69 14 2 25 2 375 64
4/4 23 0 1 0 0 59 43 0 1 0 0 69 51 1 5 0 0 75 14 0 1 0 0 75 21 1 5 3 333 58 72 3 333 0 1 56 22 1 5 2 175 46 74 0 1 1 25 62 42 0 1 1 25 38 23 2 75 1 25 65 73 2 25 2 325 38 522 0 1 2 375 50 11 0 1 2 375 47
4/4 33 0 1 0 0 43 62 0 1 0 0 60 522 0 1 0 0 36 11 0 1 0 0 32 64 3 2333 1 5 80 54 2 75 2 325 73
4/4 63 1 25 1 5 49 713 0 1 3 667 37 34 0 1 3 667 41 523 0 1 3 667 70 42 1 15 2 75 39 712 1 15 2 225 37 33 2 25 3 3667 36
4/4 713 0 1 2 75 35 63 0 1 2 75 33 33 0 1 2 75 40 64 0 1 2 125 33 713 0 1 2 125 48 45 1 25 1 15 37
4/4 64 0 1 0 0 35 713 0 1 0 0 35 45 3 167 0 0 39 63 1 5 1 35 53 713 0 1 2 375 37 523 0 1 2 375 48 23 2 25 2 375 38
4/4 71 0 1 0 0 39 63 2 275 0 0 35 713 0 1 0 0 34 523 0 1 0 0 62 23 2 375 0 0 47 42 3 667 2 75 40 712 2 25 3 1333 57 22 0 1 0 2 56 43 0 1 0 3 33 63 2 25 2 375 47
4/4 63 2 25 0 0 48 72 3 3333 3 667 28 43 3 3333 3 667 39 63 0 1 2 75 45 713 0 1 2 75 29 43 0 1 2 75 47 74 3 1333 3 2667 28 75 2 125 2 275 43
4/4 72 3 3417 0 0 18 43 0 4 0 0 25 74 3 1417 0 0 26 75 2 75 0 0 41 74 1 5 1 35 56
4/4 74 1 5 0 0 51 55 3 333 2 25 56 73 0 1 0 1 33 32 0 1 0 1 15 44 0 2 2 125 22 54 2 275 2 125 37 55 3 2667 3 1333 42
4/4 54 3 583 0 0 39 55 3 333 0 0 43 45 2 75 2 25 66 35 3 333 2 75 76 54 0 1 3 1333 29 33 0 1 3 1333 37 23 0 1 3 1333 35 23 0 1 1 15 27 23 0 1 1 15 39 55 1 15 3 1667 34
4/4 75 2 25 1 5 55 13 0 1 0 2 36 13 0 1 0 2 39 54 0 1 0 2 24 54 0 1 0 2 36 33 0 1 0 2 27 13 0 1 0 2 48
4/4 13 0 1 0 0 27 13 0 1 0 0 33 54 0 1 0 0 33 54 0 1 0 0 24 33 0 1 0 0 20 13 0 1 0 0 37 73 1 15 1 25 28 33 3 1333 3 2667 17 74 3 1333 3 2667 19
4/4 73 0 1 0 0 25 33 3 667 0 0 20 74 3 333 0 0 23 75 3 333 1 15 74 65 0 1 0 3 40 64 0 1 0 3 46 34 0 1 0 3 42 42 0 1 0 3 37
4/4 65 2 75 0 0 43 64 0 1 0 0 36 34 0 1 0 0 27 42 0 1 0 0 24 14 1 5 0 2 56 314 0 1 2 325 38 43 0 1 2 325 43 13 0 1 2 325 44 64 3 667 3 3333 33
4/4 314 0 1 0 0 33 43 0 1 0 0 44 13 0 1 0 0 48 64 3 1333 0 0 42 55 3 333 0 2 55 45 3 333 2 275 62 64 0 1 1 35 41 73 0 1 1 35 35 43 0 1 1 35 26 14 3 333 3 3667 28 45 2 25 2 375 53
4/4 64 0 1 0 0 38 73 0 1 0 0 33 43 0 1 0 0 29 14 3 1667 0 0 45 45 2 275 0 0 41 14 3 667 1 25 43 224 2 25 3 3333 47
4/4 44 0 1 0 0 25 63 0 1 0 0 28 73 3 3667 2 25 42 24 2 75 2 25 44 74 2 75 3 1667 35 74 1 5 2 325 61
4/4 55 3 333 0 0 61 55 3 2333 0 1 43 33 0 1 0 1 34 54 1 15 0 1 31 73 2 25 2 175 35 44 2 75 1 25 38 54 1 5 2 325 64 45 2 25 2 375 65
4/4 45 1 5 0 0 75 35 1 5 1 5 66 74 3 1667 0 1 33 24 2 275 2 125 42 33 2 75 2 125 40 55 2 175 2 125 65 23 2 25 0 2 47 54 0 1 3 2667 44
4/4 75 3 333 0 0 37 24 2 25 0 0 39 74 2 175 2 125 38 24 3 2667 3 1333 48 75 0 2 1 15 50 53 0 1 1 15 43 23 2 175 2 225 33 44 0 1 0 3 33
4/4 44 2 25 0 0 44 24 3 333 0 0 35 23 2 75 0 0 43 74 3 333 1 5 40 44 0 1 3 1667 28 74 0 1 2 175 35 34 0 1 2 175 31 53 0 2 0 2 35 34 3 1333 3 2667 40 24 0 1 3 3333 56 43 0 1 3 3333 67
4/4 35 2 25 2 75 70 75 2 25 1 15 50 14 0 1 0 2 30 34 0 1 0 2 30 43 0 1 2 225 42 64 0 1 2 225 35 13 2 25 0 3 37 55 2 25 2 375 49 64 2 25 2 375 44
4/4 55 3 1083 0 0 53 14 3 333 3 1333 41 64 1 15 1 25 31 14 0 1 1 25 38 54 0 1 1 25 41 72 2 75 3 2667 37 43 2 25 1 35 36
4/4 64 1 5 0 0 22 14 0 1 0 0 27 54 0 1 0 0 37 13 1 5 2 25 43 34 3 667 0 1 38 45 0 1 3 1667 56 22 0 1 3 1667 41 35 2 25 3 2333 45 35 0 1 0 3 43 53 0 1 0 3 45 32 2 75 2 325 35 72 2 25 2 375 50
4/4 35 0 1 0 0 47 53 0 1 0 0 43 72 2 25 0 0 37 43 3 667 3 667 34 53 2 75 2 125 49 73 2 75 0 2 52 34 2 25 2 275 42 54 0 1 1 35 33 33 0 1 1 35 37 73 0 1 1 35 36 74 0 1 1 35 36 54 0 1 1 35 47
4/4 54 0 1 0 0 37 33 0 1 0 0 36 73 0 1 0 0 30 74 0 1 0 0 41 54 0 1 0 0 30 64 0 1 0 1 47 14 0 1 0 1 41 34 0 1 0 1 46 43 0 1 0 1 46 64 0 1 0 1 58 74 0 1 1 25 42 44 0 1 1 25 47 53 0 1 1 25 36 35 0 1 1 25 34 74 0 1 1 25 45
4/4 14 0 1 0 0 53 34 0 1 0 0 52 55 0 1 2 25 56 14 0 1 2 25 49 62 2 75 2 25 41 33 3 667 0 1 46 13 2 75 3 1667 42 35 1 5 2 325 77
4/4 44 0 1 2 25 36 73 0 1 2 25 36 35 1 15 1 5 50 62 2 75 1 5 35 43 2 25 2 125 52 24 1 5 0 2 46 23 2 25 0 2 39 35 1 5 1 35 62
4/4 74 2 225 2 75 28 24 0 1 2 75 27 45 0 1 2 75 46 74 0 1 2 75 35 52 2 75 0 1 33 22 3 333 2 175 39 73 1 15 1 25 46
4/4 74 3 333 0 0 31 44 0 1 2 125 29 73 0 1 2 125 27 52 2 75 1 15 29 35 3 1333 1 15 52 33 1 5 2 225 52 73 3 667 0 3 55 34 3 333 3 3667 41
4/4 34 3 167 0 0 41 75 0 1 1 5 61 53 0 1 1 5 39 14 1 15 2 175 44 35 3 1667 0 2 46 42 0 1 0 2 35 74 0 1 0 2 51 12 3 333 2 275 56 65 0 1 1 35 62 62 0 1 1 35 37
4/4 13 1 5 2 25 48 55 0 1 0 1 47 13 0 1 0 1 46 64 0 1 2 225 28 13 0 1 2 225 30 72 0 1 3 2333 44 44 0 1 3 2333 64 43 2 25 2 325 41
4/4 23 2 25 0 0 43 55 2 75 0 0 56 64 3 667 3 667 44 65 3 333 3 1333 46 74 0 1 3 2667 39 23 0 1 3 2667 33 52 0 1 2 275 43 45 0 1 2 275 55 74 0 1 2 275 52 33 3 333 3 3667 36
4/4 35 2 75 3 333 61 73 2 25 3 333 41 34 1 5 0 1 50 44 2 75 2 175 54 24 2 25 1 25 61 34 0 1 0 3 41 53 0 1 0 3 47 32 3 667 3 3333 48 224 3 667 3 3333 55
4/4 72 3 333 0 0 48 34 0 1 0 0 47 53 0 1 0 0 43 32 3 83 0 0 49 224 3 333 0 0 38 53 2 75 2 75 46 73 2 75 1 15 59 34 0 1 2 225 53 32 0 1 2 225 41 13 1 5 1 35 36 34 0 1 3 3667 30 53 0 1 3 3667 50 61 2 25 2 375 39
4/4 14 2 325 0 0 48 13 2 225 0 0 26 34 0 1 0 0 39 53 0 1 0 0 57 61 2 75 0 0 48 32 3 667 3 667 42 12 1 5 3 1333 49 33 2 75 2 225 42 73 0 1 0 3 38 33 0 1 0 3 44
4/4 44 2 175 3 333 60 14 0 1 3 333 69 61 0 1 3 333 45 43 1 5 2 125 50 13 2 25 0 2 37 24 3 667 0 2 56 23 1 5 3 2667 52 44 0 1 1 35 40 13 0 1 1 35 61
4/4 73 0 1 3 667 38 23 0 1 3 667 37 43 0 1 3 667 43 51 2 75 0 1 42 74 2 175 0 1 58 21 1 5 2 175 39 72 1 5 1 25 47 23 2 75 1 25 55 22 2 75 2 325 53
4/4 43 0 1 0 0 34 33 0 1 0 0 57 53 0 1 1 15 36 74 0 1 1 15 42 34 0 1 1 15 37 12 0 1 1 15 36 72 0 1 1 15 47
4/4 223 0 1 1 5 28 314 0 1 1 5 36 54 0 1 1 5 47 313 0 1 1 5 39 13 0 1 1 5 54 13 0 1 0 2 39 33 0 1 0 2 38 42 0 1 3 2333 28 63 0 1 3 2333 45 12 2 25 2 375 46 74 2 25 2 375 53
4/4 12 1 5 0 0 37 74 3 83 0 0 60 14 0 1 2 125 61 62 0 1 2 125 54 43 0 1 1 25 43 12 0 1 1 25 32 314 2 125 2 275 51 64 0 1 2 275 33 34 0 1 2 275 61
4/4 43 0 1 0 0 36 12 0 1 0 0 40 314 2 175 0 0 50 14 0 1 1 5 60 64 3 667 2 225 37
4/4 34 2 375 0 0 38 63 0 1 0 0 30 54 0 1 0 0 46 71 0 1 0 0 18 524 1 5 1 35 39
4/4 43 0 3 0 1 28 72 0 1 0 1 21 63 0 1 0 1 28 43 0 1 0 1 36 13 2 275 2 125 8
4/4 43 3 1667 0 0 15 72 0 1 0 0 29 63 0 1 0 0 22 43 0 1 0 0 36 13 1 5 0 0 8 73 0 1 0 2 49 54 2 25 2 275 56 54 3 333 3 3667 57 32 2 25 2 375 30
4/4 54 3 2917 0 0 55 32 1 5 0 0 35 72 1 35 1 5 39 53 0 1 2 125 42 73 3 1667 0 2 57 44 0 1 2 275 62 34 1 5 1 35 68
4/4 73 2 325 0 0 36 23 3 3333 2 25 36 54 0 2 2 25 59 32 0 1 2 25 37 22 2 25 0 1 46 53 2 125 2 175 38 74 3 333 1 35 67
4/4 73 3 2333 2 75 38 13 2 325 2 75 39 32 2 75 0 1 25 54 0 3 0 1 52 12 2 225 2 175 28 53 3 1333 3 2667 33
4/4 13 2 25 0 0 27 12 3 417 0 0 29 54 2 375 0 0 51 53 3 333 0 0 50 73 2 175 2 175 43 32 0 1 2 175 33 72 1 15 1 25 40 53 3 667 3 3333 42
4/4 53 3 667 0 0 38 72 3 1833 0 0 29 73 0 1 0 1 52 74 2 25 2 175 55 63 0 1 3 2333 45 41 0 1 3 2333 50 34 0 1 1 25 58 63 0 1 1 25 45 12 3 667 3 3333 47
4/4 12 3 2667 0 0 33 34 0 1 0 0 54 63 0 1 0 0 46 63 0 1 2 25 39 13 2 75 2 175 39 13 3 667 3 3333 55 63 3 667 3 3333 37 42 1 5 1 35 37
4/4 13 3 2583 0 0 42 63 3 833 0 0 43 42 1 5 0 0 46 12 0 3 2 25 30 313 1 15 0 1 37 63 1 15 3 1667 68 54 2 75 1 25 56 44 2 25 2 325 57
4/4 44 0 2 0 0 47 13 3 1667 0 0 44 63 0 1 0 0 46 72 1 35 0 0 34 43 3 2333 2 75 44 63 2 175 2 175 41 13 1 5 1 35 50
4/4 43 0 1 2 75 27 62 0 1 2 75 32 71 2 75 0 1 34 23 2 125 2 125 52 42 2 75 0 2 35 22 2 75 2 275 47 43 1 5 1 35 46
4/4 43 2 25 0 0 31 74 2 75 2 25 61 73 1 5 3 333 41 55 3 333 0 1 53 54 2 225 2 175 53 32 0 1 2 175 49 55 0 2 0 2 37 72 3 667 3 2667 52 53 3 667 3 3333 29
4/4 54 1 5 0 0 45 53 3 83 0 0 32 55 3 333 0 0 43 45 1 5 0 1 56 35 1 5 2 175 68 54 2 175 2 225 44 24 0 1 1 25 58 54 0 1 1 25 59 32 3 667 1 25 44 22 2 25 3 3333 45
4/4 73 2 125 0 0 52 54 2 25 0 0 35 24 0 1 0 0 44 54 0 1 0 0 56 75 1 5 2 175 55 74 0 1 0 3 36 24 0 1 0 3 42 44 0 1 0 3 39 75 3 667 3 3333 50 52 3 667 3 3333 30
4/4 22 1 5 0 0 49 74 0 1 0 0 30 24 0 1 0 0 39 44 0 1 0 0 41 75 3 1333 0 0 42 73 3 1667 0 1 42 44 2 75 1 25 37 44 0 1 2 375 24 73 0 1 2 375 31
4/4 52 0 1 0 0 32 34 0 1 0 0 43 44 0 1 0 0 23 73 0 1 0 0 29 33 1 25 0 1 39 24 0 1 3 1667 46 72 0 1 3 1667 34 74 1 5 1 35 45
4/4 74 1 5 0 0 39 63 0 1 2 75 46 12 0 1 2 75 45 42 0 1 0 1 55 63 0 1 0 1 43 12 2 75 0 2 38 33 2 25 2 275 38 54 2 125 2 275 59
4/4 54 3 417 0 0 60 13 1 5 3 333 55 63 2 225 2 175 32 13 2 225 2 175 30 54 3 1333 0 2 54 71 2 75 0 2 47 42 3 333 0 3 47 44 2 25 2 375 42
4/4 22 1 25 0 0 30 13 3 83 0 0 48 44 2 125 0 0 42 74 1 5 1 25 64 13 0 1 0 3 48 34 0 1 0 3 48 53 0 1 0 3 56 61 3 667 3 3333 42 14 1 5 1 35 75
4/4 61 3 83 0 0 38 14 2 75 0 0 76 32 1 5 2 25 44 64 3 667 0 1 68 12 3 333 0 1 40 54 0 1 3 2667 52 32 0 1 3 2667 43 13 2 25 3 3333 61
4/4 63 0 1 0 0 33 13 0 1 0 0 32 53 0 1 0 0 52 71 2 75 2 25 51 42 3 333 0 1 49 44 2 175 0 2 34 22 2 75 0 2 26
4/4 34 1 25 0 1 48 35 0 1 0 2 46 62 0 1 0 2 41 713 0 1 0 2 41 33 2 75 0 3 49 224 0 1 3 3667 58 74 0 1 3 3667 57 72 0 1 3 3667 54
4/4 224 0 1 0 0 62 74 0 1 0 0 60 72 0 1 0 0 47 34 0 1 1 5 46 714 1 5 2 125 61 713 0 1 2 275 30 34 0 1 2 275 35 524 0 1 2 275 49 61 0 1 2 275 41 74 1 5 0 3 37 32 2 25 2 375 38
4/4 32 3 83 0 0 30 712 1 5 2 75 30 64 0 1 2 75 44 33 0 1 2 75 43 74 0 1 2 275 43 33 0 1 2 275 42 33 0 1 2 275 42
4/4 53 0 1 3 2667 27 23 0 1 3 2667 38 53 0 1 3 2667 32 31 3 1333 3 2667 28
4/4 71 2 75 0 0 24 53 0 1 0 0 21 23 0 1 0 0 39 53 0 1 0 0 33 31 3 167 0 0 28 52 2 75 0 1 28 72 3 667 2 175 49 43 2 75 3 2667 33 33 1 5 1 35 45
4/4 33 2 25 0 0 25 73 0 1 1 5 37 53 3 1667 3 1333 28 23 0 1 3 2333 30 73 3 667 3 3333 28
4/4 73 3 333 0 0 40 44 2 175 1 5 41 23 2 225 2 175 44
4/4 24 0 1 0 0 37 53 0 1 0 0 29 23 2 75 0 0 41
