4/4 14 0 1 0 0 109 34 0 1 0 0 96 62 0 1 0 0 98 12 0 1 0 0 93 32 0 1 0 0 99 14 0 1 1 5 98 34 0 1 1 5 109 714 0 1 0 1 95 23 0 1 0 1 91 14 0 1 1 15 97 34 0 1 1 15 94 224 0 1 0 2 105 44 0 1 0 2 98 14 0 1 0 3 107 34 0 1 0 3 97
4/4 64 0 1 0 0 100 13 0 1 0 0 90 62 0 1 0 0 100 12 0 1 0 0 96 32 0 1 0 0 92 64 0 1 1 5 104 13 0 1 1 5 98 54 0 1 0 1 96 713 0 1 0 1 100 64 0 1 1 15 106 13 0 1 1 15 105 74 0 1 0 2 109 223 0 1 0 2 100 64 0 1 0 3 110 13 0 1 0 3 91
4/4 13 0 1 0 0 94 63 0 1 0 0 97 62 0 1 0 0 104 12 0 1 0 0 100 32 0 1 0 0 106 13 0 1 1 5 109 63 0 1 1 5 97 713 0 1 0 1 107 53 0 1 0 1 92 13 0 1 1 15 105 63 0 1 1 15 95 223 0 1 0 2 98 73 0 1 0 2 95 13 0 1 1 25 92 63 0 1 1 25 100 73 0 1 0 3 90 53 0 1 0 3 97 63 0 1 1 35 100 43 0 1 1 35 106
4/4 53 0 1 0 0 95 33 0 1 0 0 98 32 0 1 0 0 93 52 0 1 0 0 109 71 0 1 0 0 61 33 1 5 0 1 101 34 1 5 0 2 93 35 1 5 0 3 91
4/4 64 0 1 0 0 97 61 0 1 0 0 105 64 0 1 0 1 98 33 0 1 0 1 101 63 0 1 0 1 93 12 0 1 0 1 96 64 0 1 0 2 90 31 0 1 0 2 91 54 0 1 0 3 93 33 0 1 0 3 93 63 0 1 0 3 101 12 0 1 0 3 90 64 0 1 1 35 108 33 0 1 1 35 106 63 0 1 1 35 99 12 0 1 1 35 106
4/4 74 0 2 0 0 102 72 0 1 0 0 98 33 0 1 0 1 109 53 0 1 0 1 95 72 0 1 0 1 94 32 0 1 0 2 105 34 0 1 0 3 90 33 0 1 0 3 90 53 0 1 0 3 104 72 0 1 0 3 90 33 0 1 1 35 103 53 0 1 1 35 90 72 0 1 1 35 90
4/4 74 0 1 0 0 106 71 0 1 0 0 107 74 0 1 0 1 100 33 0 1 0 1 94 53 0 1 0 1 103 222 0 1 0 1 96 74 0 1 0 2 108 31 0 1 0 2 92 64 0 1 0 3 108 33 0 1 0 3 98 53 0 1 0 3 106 222 0 1 0 3 107 74 0 1 1 35 103 33 0 1 1 35 103 53 0 1 1 35 92 222 0 1 1 35 92
4/4 14 0 2 0 0 96 62 0 1 0 0 109 33 0 1 0 1 101 63 0 1 0 1 108 12 0 1 0 1 109 32 0 1 0 2 95 34 0 1 0 3 94 33 0 1 0 3 98 63 0 1 0 3 91 12 0 1 0 3 99 33 0 1 1 35 104 63 0 1 1 35 91 12 0 1 1 35 92
4/4 14 0 1 0 0 97 61 0 1 0 0 94 14 0 1 0 1 108 33 0 1 0 1 98 63 0 1 0 1 110 12 0 1 0 1 98 14 0 1 0 2 99 31 0 1 0 2 103 74 0 1 0 3 106 33 0 1 0 3 109 523 0 1 0 3 98 12 0 1 0 3 96 14 0 1 1 35 96 33 0 1 1 35 101 523 0 1 1 35 92 12 0 1 1 35 104
4/4 224 0 1 0 0 103 221 0 1 0 0 93 224 0 1 0 1 108 43 0 1 0 1 92 63 0 1 0 1 105 222 0 1 0 1 93 224 1 5 0 2 105 221 0 1 0 2 101 14 1 5 1 25 94 74 0 1 0 3 97 43 0 1 0 3 104 63 0 1 0 3 101 222 0 1 0 3 94 64 0 1 1 35 95 43 0 1 1 35 97 63 0 1 1 35 91 222 0 1 1 35 99
4/4 54 0 1 0 0 103 31 0 1 0 0 92 54 0 1 0 1 104 53 0 1 0 1 96 73 0 1 0 1 97 33 0 1 0 1 104 54 0 1 0 2 107 31 0 1 0 2 91 44 0 1 0 3 93 53 0 1 0 3 105 73 0 1 0 3 90 222 0 1 0 3 109 54 0 1 1 35 92 53 0 1 1 35 105 73 0 1 1 35 99 222 0 1 1 35 106
4/4 64 0 1 0 0 97 61 0 1 0 0 93 33 0 1 0 1 90 63 0 1 0 1 94 13 0 1 0 1 99 31 0 1 0 1 93 33 0 1 0 2 99 63 0 1 0 2 101 13 0 1 0 2 96 61 0 1 0 2 98 35 0 1 0 3 108
4/4 65 0 1 0 0 90 61 0 1 0 0 109 65 0 1 0 1 94 33 0 1 0 1 103 63 0 1 0 1 99 12 0 1 0 1 102 65 0 1 0 2 95 31 0 1 0 2 92 55 0 1 0 3 102 33 0 1 0 3 93 63 0 1 0 3 106 12 0 1 0 3 91 65 0 1 1 35 108 33 0 1 1 35 97 63 0 1 1 35 99 12 0 1 1 35 90
4/4 55 0 1 0 0 92 74 0 1 0 0 106 72 0 1 0 0 99 33 0 1 0 1 92 53 0 1 0 1 106 72 0 1 0 1 108 32 0 1 0 2 102 35 0 1 0 3 99 33 0 1 0 3 99 53 0 1 0 3 105 72 0 1 0 3 109 33 0 1 1 35 106 53 0 1 1 35 96 72 0 1 1 35 103
4/4 55 0 1 0 0 110 75 0 1 0 0 95 71 0 1 0 0 100 55 0 1 0 1 94 75 0 1 0 1 94 33 0 1 0 1 106 53 0 1 0 1 104 222 0 1 0 1 109 55 0 1 0 2 96 75 0 1 0 2 101 31 0 1 0 2 106 45 0 1 0 3 100 65 0 1 0 3 91 33 0 1 0 3 99 53 0 1 0 3 98 222 0 1 0 3 101 55 0 1 1 35 108 75 0 1 1 35 100 33 0 1 1 35 92 53 0 1 1 35 93 222 0 1 1 35 105
4/4 65 0 1 0 0 100 14 0 1 0 0 96 62 0 1 0 0 93 33 0 1 0 1 93 63 0 1 0 1 90 12 0 1 0 1 95 32 0 1 0 2 94 35 0 1 0 3 92 33 0 1 0 3 101 63 0 1 0 3 92 12 0 1 0 3 92 33 0 1 1 35 110 63 0 1 1 35 99 12 0 1 1 35 97
4/4 65 0 1 0 0 90 15 0 1 0 0 108 61 0 1 0 0 93 65 0 1 0 1 106 15 0 1 0 1 96 33 0 1 0 1 110 63 0 1 0 1 104 12 0 1 0 1 105 65 0 1 0 2 102 15 0 1 0 2 110 31 0 1 0 2 104 525 0 1 0 3 103 75 0 1 0 3 104 33 0 1 0 3 95 523 0 1 0 3 108 12 0 1 0 3 107 65 0 1 1 35 95 15 0 1 1 35 91 33 0 1 1 35 96 523 0 1 1 35 93 12 0 1 1 35 106
4/4 75 0 1 0 0 98 225 0 1 0 0 96 221 0 1 0 0 106 75 0 1 0 1 107 225 0 1 0 1 99 43 0 1 0 1 98 63 0 1 0 1 108 222 0 1 0 1 92 75 0 1 0 2 102 224 0 1 0 2 107 221 0 1 0 2 109 65 0 1 1 25 103 14 0 1 1 25 96 55 0 1 0 3 96 75 0 1 0 3 94 43 0 1 0 3 92 63 0 1 0 3 104 222 0 1 0 3 105 45 0 1 1 35 107 65 0 1 1 35 100 43 0 1 1 35 109 63 0 1 1 35 96 222 0 1 1 35 91
4/4 35 0 1 0 0 97 55 0 1 0 0 106 31 0 1 0 0 94 35 0 1 0 1 92 55 0 1 0 1 95 53 0 1 0 1 110 73 0 1 0 1 92 33 0 1 0 1 103 35 0 1 0 2 103 55 0 1 0 2 92 31 0 1 0 2 107 224 0 1 0 3 93 45 0 1 0 3 107 53 0 1 0 3 90 73 0 1 0 3 90 222 0 1 0 3 104 55 0 1 1 35 96 53 0 1 1 35 106 73 0 1 1 35 106 222 0 1 1 35 98
4/4 14 0 1 0 0 96 64 0 1 0 0 96 62 0 1 0 0 100 33 0 1 0 1 102 63 0 1 0 1 100 12 0 1 0 1 92 72 0 1 0 2 107 12 0 1 0 3 105
4/4 223 0 1 0 0 110 44 0 1 0 0 105 221 0 1 0 0 98 223 0 1 0 1 101 43 0 1 0 1 110 222 0 1 0 1 93 42 0 1 0 1 93 222 0 1 1 15 109 42 0 1 1 15 102 223 0 1 0 2 99 44 0 1 0 2 106 221 0 1 0 2 109 13 0 1 0 3 105 34 0 1 0 3 93 222 0 1 0 3 107 42 0 1 0 3 103 73 0 1 1 35 104 223 0 1 1 35 106 222 0 1 1 35 103 42 0 1 1 35 92
4/4 34 3 2667 0 0 97 62 0 1 0 0 92 12 0 1 0 1 102 32 0 1 0 1 105 12 0 1 1 15 98 32 0 1 1 15 104 62 0 1 0 2 104 13 0 1 0 3 107 33 0 1 0 3 108 12 0 1 0 3 91 32 0 1 0 3 107 12 0 1 1 35 104 32 0 1 1 35 106
4/4 73 0 1 0 0 95 223 0 1 0 0 94 221 0 1 0 0 95 73 0 1 0 1 90 222 0 1 0 1 94 222 0 1 0 1 110 42 0 1 0 1 103 222 0 1 1 15 107 42 0 1 1 15 103 73 0 1 0 2 107 223 0 1 0 2 97 221 0 1 0 2 98 63 0 1 0 3 96 13 0 1 0 3 105 222 0 1 0 3 107 42 0 1 0 3 97 53 0 1 1 35 95 73 0 1 1 35 105 222 0 1 1 35 101 42 0 1 1 35 92
4/4 13 3 2667 0 0 91 62 0 1 0 0 108 12 0 1 0 1 90 32 0 1 0 1 91 12 0 1 1 15 92 32 0 1 1 15 105 61 0 1 0 2 101 71 0 1 0 3 101
4/4 13 0 1 0 0 102 11 0 1 0 0 109 13 0 1 0 1 98 72 0 1 0 1 92 12 0 1 0 1 104 312 0 1 0 1 91 72 0 1 1 15 108 12 0 1 1 15 91 312 0 1 1 15 103 13 0 1 0 2 95 11 0 1 0 2 94 73 0 1 0 3 105 23 0 1 0 3 91 72 0 1 0 3 90 12 0 1 0 3 91 312 0 1 0 3 91 73 0 1 1 35 103 314 0 1 1 35 107 72 0 1 1 35 107 12 0 1 1 35 107 312 0 1 1 35 94
4/4 44 2 175 0 0 91 42 0 1 0 0 110 62 0 1 0 1 107 12 0 1 0 1 105 42 0 1 0 1 108 62 0 1 1 15 95 12 0 1 1 15 100 42 0 1 1 15 92 63 0 1 0 2 105 13 0 1 0 2 100 41 0 1 0 2 109 63 0 1 0 3 97 43 0 1 0 3 102 62 0 1 0 3 104 12 0 1 0 3 110 42 0 1 0 3 93 62 0 1 1 35 98 12 0 1 1 35 110 42 0 1 1 35 94
4/4 44 2 175 0 0 108 72 0 1 0 1 91 22 0 1 0 1 92 42 0 1 0 1 106 72 0 1 1 15 108 22 0 1 1 15 96 42 0 1 1 15 104 13 0 1 0 2 96 33 0 1 0 2 105 73 0 1 0 3 108 222 0 1 0 3 95 72 0 1 0 3 110 22 0 1 0 3 95 42 0 1 0 3 92 72 0 1 1 35 93 22 0 1 1 35 104 42 0 1 1 35 102
4/4 53 0 1 0 0 109 34 0 1 0 0 98 32 0 1 0 0 94 52 0 1 0 0 107 72 0 1 0 0 56 32 0 1 0 0 73 33 0 1 0 1 107 34 0 1 0 1 109 31 0 1 0 1 109 43 0 1 0 2 103 44 0 1 0 2 96 41 0 1 0 2 97 53 0 1 0 3 99 54 0 1 0 3 93 51 0 1 0 3 90
4/4 64 0 1 0 0 103 61 0 1 0 0 100 64 0 1 0 1 100 33 0 1 0 1 101 63 0 1 0 1 99 12 0 1 0 1 107 64 0 1 0 2 97 31 0 1 0 2 96 54 0 1 0 3 100 33 0 1 0 3 95 63 0 1 0 3 95 12 0 1 0 3 108 64 0 1 1 35 108 33 0 1 1 35 103 63 0 1 1 35 93 12 0 1 1 35 101
4/4 54 0 1 0 0 104 73 0 1 0 0 104 72 0 1 0 0 100 33 0 1 0 1 110 53 0 1 0 1 94 72 0 1 0 1 101 32 0 1 0 2 95 34 0 1 0 3 106 33 0 1 0 3 101 53 0 1 0 3 104 72 0 1 0 3 95 33 0 1 1 35 109 53 0 1 1 35 108 72 0 1 1 35 100
4/4 54 0 1 0 0 92 74 0 1 0 0 107 71 0 1 0 0 102 54 0 1 0 1 107 74 0 1 0 1 95 33 0 1 0 1 93 53 0 1 0 1 92 222 0 1 0 1 96 54 0 1 0 2 106 74 0 1 0 2 97 31 0 1 0 2 101 44 0 1 0 3 93 64 0 1 0 3 99 33 0 1 0 3 107 53 0 1 0 3 99 222 0 1 0 3 97 54 0 1 1 35 104 74 0 1 1 35 108 33 0 1 1 35 93 53 0 1 1 35 109 222 0 1 1 35 91
4/4 64 0 1 0 0 110 13 0 1 0 0 100 62 0 1 0 0 98 33 0 1 0 1 105 63 0 1 0 1 110 12 0 1 0 1 92 32 0 1 0 2 95 34 0 1 0 3 96 33 0 1 0 3 102 63 0 1 0 3 93 12 0 1 0 3 94 33 0 1 1 35 94 63 0 1 1 35 104 12 0 1 1 35 106
4/4 64 0 1 0 0 108 14 0 1 0 0 102 61 0 1 0 0 94 64 0 1 0 1 103 14 0 1 0 1 91 33 0 1 0 1 94 63 0 1 0 1 99 12 0 1 0 1 92 64 0 1 0 2 98 14 0 1 0 2 93 31 0 1 0 2 108 524 0 1 0 3 95 74 0 1 0 3 93 33 0 1 0 3 96 523 0 1 0 3 94 12 0 1 0 3 100 64 0 1 1 35 97 14 0 1 1 35 103 33 0 1 1 35 104 523 0 1 1 35 100 12 0 1 1 35 90
4/4 44 0 1 0 0 97 224 0 1 0 0 108 221 0 1 0 0 110 44 0 1 0 1 93 224 0 1 0 1 97 43 0 1 0 1 97 63 0 1 0 1 99 222 0 1 0 1 103 74 0 1 0 2 105 223 0 1 0 2 98 221 0 1 0 2 95 64 0 1 1 25 94 13 0 1 1 25 92 54 0 1 0 3 99 74 0 1 0 3 103 43 0 1 0 3 98 63 0 1 0 3 93 222 0 1 0 3 107 44 0 1 1 35 98 64 0 1 1 35 100 43 0 1 1 35 96 63 0 1 1 35 100 222 0 1 1 35 109
4/4 34 0 1 0 0 102 54 0 1 0 0 98 31 0 1 0 0 102 34 0 1 0 1 106 54 0 1 0 1 95 53 0 1 0 1 100 73 0 1 0 1 107 33 0 1 0 1 90 34 0 1 0 2 102 54 0 1 0 2 103 31 0 1 0 2 101 223 0 1 0 3 90 44 0 1 0 3 102 53 0 1 0 3 105 73 0 1 0 3 99 222 0 1 0 3 100 34 0 1 1 35 98 54 0 1 1 35 110 53 0 1 1 35 99 73 0 1 1 35 99 222 0 1 1 35 98
4/4 13 0 1 0 0 105 64 0 1 0 0 91 61 0 1 0 0 104 33 0 1 0 1 97 63 0 1 0 1 106 12 0 1 0 1 104 32 0 1 0 1 96 33 0 1 1 15 94 63 0 1 1 15 102 12 0 1 1 15 92 33 0 1 0 2 90 63 0 1 0 2 105 13 0 1 0 2 97 61 0 1 0 2 91
4/4 64 0 1 0 0 104 13 0 1 0 0 90 62 0 1 0 0 93 33 0 1 0 1 107 63 0 1 0 1 100 12 0 1 0 1 99 64 0 1 0 2 90 13 0 1 0 2 92 33 0 1 0 2 100 63 0 1 0 2 95 12 0 1 0 2 105 74 0 1 1 25 91 223 0 1 1 25 92 62 0 1 0 3 102 14 0 1 1 35 103 34 0 1 1 35 108
4/4 54 0 1 0 0 94 73 0 1 0 0 96 52 0 1 0 0 95 33 0 1 0 1 90 53 0 1 0 1 99 72 0 1 0 1 94 33 0 1 0 2 90 53 0 1 0 2 94 72 0 1 0 2 104 34 0 1 0 3 97 51 0 1 0 3 90
4/4 44 0 1 0 0 98 63 0 1 0 0 90 42 0 1 0 0 108 43 0 1 0 1 95 63 0 1 0 1 96 12 0 1 0 1 102 44 0 1 0 2 94 63 0 1 0 2 96 43 0 1 0 2 94 63 0 1 0 2 97 12 0 1 0 2 92 54 0 1 1 25 109 73 0 1 1 25 106 42 0 1 0 3 100 64 0 1 1 35 104 13 0 1 1 35 109
4/4 34 0 1 0 0 94 53 0 1 0 0 99 32 0 1 0 0 98 33 0 1 0 1 109 53 0 1 0 1 106 12 0 1 0 1 105 33 0 1 0 2 110 53 0 1 0 2 97 12 0 1 0 2 110 34 0 1 0 3 110 31 0 1 0 3 100
4/4 223 0 1 0 0 107 43 0 1 0 0 95 221 0 1 0 0 110 222 0 1 0 1 93 43 0 1 0 1 95 62 0 1 0 1 109 223 0 1 0 2 107 43 0 1 0 2 108 222 0 1 0 2 104 43 0 1 0 2 97 62 0 1 0 2 93 34 0 1 1 25 107 53 0 1 1 25 96 221 0 1 0 3 108 44 0 1 1 35 99 63 0 1 1 35 96
4/4 13 0 1 0 0 92 33 0 1 0 0 102 11 0 1 0 0 109 12 0 1 0 1 102 33 0 1 0 1 109 62 0 1 0 1 102 34 0 1 0 2 92 64 0 1 0 2 108 12 0 1 0 2 101 33 0 1 0 2 110 62 0 1 0 2 95 64 0 1 0 3 97 14 0 1 0 3 101 11 0 1 0 3 99
4/4 74 0 1 0 0 99 223 0 1 0 0 96 71 0 1 0 0 109 222 0 1 0 1 98 43 0 1 0 1 108 62 0 1 0 1 90 74 0 1 0 2 98 223 0 1 0 2 94 222 0 1 0 2 108 43 0 1 0 2 102 62 0 1 0 2 95 64 0 1 1 25 103 13 0 1 1 25 103 54 0 1 0 3 103 73 0 1 0 3 96 72 0 1 0 3 94 44 0 1 1 35 104 63 0 1 1 35 108
4/4 54 0 1 0 0 101 13 0 1 0 0 92 11 0 1 0 0 109 12 0 1 0 1 110 43 0 1 0 1 106 52 0 1 0 1 109 11 0 1 0 2 99 221 0 1 0 3 95
4/4 44 0 1 0 0 96 73 0 1 0 0 94 32 0 1 0 0 105 223 1 5 1 5 90 13 1 5 0 1 104 73 1 5 1 15 102 63 1 5 0 2 63 53 1 5 1 25 66 34 0 1 0 3 110 43 1 5 0 3 55 33 1 5 1 35 62
4/4 64 0 1 0 0 101 61 0 1 0 0 107 34 3 333 0 0 99 64 0 1 0 1 102 33 0 1 0 1 107 63 0 1 0 1 98 12 0 1 0 1 104 64 0 1 0 2 98 31 0 1 0 2 95 54 0 1 0 3 107 33 0 1 0 3 91 63 0 1 0 3 101 12 0 1 0 3 91 64 0 1 1 35 95 33 0 1 1 35 101 63 0 1 1 35 96 12 0 1 1 35 92
4/4 74 0 2 0 0 108 72 0 1 0 0 104 33 0 1 0 1 93 53 0 1 0 1 101 72 0 1 0 1 97 32 0 1 0 2 91 34 0 1 0 3 107 33 0 1 0 3 100 53 0 1 0 3 92 72 0 1 0 3 94 33 0 1 1 35 108 53 0 1 1 35 104 72 0 1 1 35 103
4/4 74 0 1 0 0 90 71 0 1 0 0 110 74 0 1 0 1 94 33 0 1 0 1 97 53 0 1 0 1 91 222 0 1 0 1 95 74 0 1 0 2 94 31 0 1 0 2 108 64 0 1 0 3 101 33 0 1 0 3 108 53 0 1 0 3 97 222 0 1 0 3 98 74 0 1 1 35 101 33 0 1 1 35 93 53 0 1 1 35 91 222 0 1 1 35 97
4/4 14 0 2 0 0 104 62 0 1 0 0 101 33 0 1 0 1 91 63 0 1 0 1 95 12 0 1 0 1 103 32 0 1 0 2 98 34 0 1 0 3 96 33 0 1 0 3 110 63 0 1 0 3 97 12 0 1 0 3 108 33 0 1 1 35 99 63 0 1 1 35 96 12 0 1 1 35 102
4/4 14 0 1 0 0 102 61 0 1 0 0 94 14 0 1 0 1 106 33 0 1 0 1 100 63 0 1 0 1 100 12 0 1 0 1 106 14 0 1 0 2 97 31 0 1 0 2 92 74 0 1 0 3 94 33 0 1 0 3 100 523 0 1 0 3 110 12 0 1 0 3 110 14 0 1 1 35 97 33 0 1 1 35 95 523 0 1 1 35 94 12 0 1 1 35 99
4/4 224 0 1 0 0 103 221 0 1 0 0 104 224 0 1 0 1 95 43 0 1 0 1 101 63 0 1 0 1 107 222 0 1 0 1 95 224 1 5 0 2 102 221 0 1 0 2 94 14 1 5 1 25 109 74 0 1 0 3 92 43 0 1 0 3 92 63 0 1 0 3 99 222 0 1 0 3 93 64 0 1 1 35 100 43 0 1 1 35 108 63 0 1 1 35 90 222 0 1 1 35 100
4/4 54 0 1 0 0 95 31 0 1 0 0 97 54 0 1 0 1 106 53 0 1 0 1 100 73 0 1 0 1 98 33 0 1 0 1 98 54 0 1 0 2 98 31 0 1 0 2 95 44 0 1 0 3 109 53 0 1 0 3 102 73 0 1 0 3 96 222 0 1 0 3 93 54 0 1 1 35 109 53 0 1 1 35 100 73 0 1 1 35 90 222 0 1 1 35 90
4/4 64 0 1 0 0 102 61 0 1 0 0 110 33 0 1 0 1 105 63 0 1 0 1 95 13 0 1 0 1 104 31 0 1 0 1 97 33 0 1 0 2 105 63 0 1 0 2 104 13 0 1 0 2 101 61 0 1 0 2 109 35 0 1 0 3 108
4/4 65 0 1 0 0 106 61 0 1 0 0 91 65 0 1 0 1 106 33 0 1 0 1 104 63 0 1 0 1 93 12 0 1 0 1 106 65 0 1 0 2 92 31 0 1 0 2 98 55 0 1 0 3 93 33 0 1 0 3 104 63 0 1 0 3 95 12 0 1 0 3 90 65 0 1 1 35 102 33 0 1 1 35 104 63 0 1 1 35 98 12 0 1 1 35 103
4/4 55 0 1 0 0 95 74 0 1 0 0 93 72 0 1 0 0 100 33 0 1 0 1 102 53 0 1 0 1 93 72 0 1 0 1 93 32 0 1 0 2 107 35 0 1 0 3 98 33 0 1 0 3 106 53 0 1 0 3 99 72 0 1 0 3 98 33 0 1 1 35 107 53 0 1 1 35 94 72 0 1 1 35 95
4/4 55 0 1 0 0 101 75 0 1 0 0 98 71 0 1 0 0 106 55 0 1 0 1 97 75 0 1 0 1 95 33 0 1 0 1 106 53 0 1 0 1 90 222 0 1 0 1 100 55 0 1 0 2 104 75 0 1 0 2 100 31 0 1 0 2 101 45 0 1 0 3 98 65 0 1 0 3 98 33 0 1 0 3 108 53 0 1 0 3 102 222 0 1 0 3 103 55 0 1 1 35 96 75 0 1 1 35 106 33 0 1 1 35 109 53 0 1 1 35 104 222 0 1 1 35 106
4/4 65 0 1 0 0 91 14 0 1 0 0 110 62 0 1 0 0 96 33 0 1 0 1 90 63 0 1 0 1 98 12 0 1 0 1 101 32 0 1 0 2 99 35 0 1 0 3 103 33 0 1 0 3 105 63 0 1 0 3 109 12 0 1 0 3 105 33 0 1 1 35 102 63 0 1 1 35 99 12 0 1 1 35 92
4/4 65 0 1 0 0 91 15 0 1 0 0 92 61 0 1 0 0 110 65 0 1 0 1 103 15 0 1 0 1 105 33 0 1 0 1 97 63 0 1 0 1 107 12 0 1 0 1 103 65 0 1 0 2 107 15 0 1 0 2 97 31 0 1 0 2 105 525 0 1 0 3 102 75 0 1 0 3 103 33 0 1 0 3 108 523 0 1 0 3 92 12 0 1 0 3 91 65 0 1 1 35 100 15 0 1 1 35 110 33 0 1 1 35 102 523 0 1 1 35 100 12 0 1 1 35 100
4/4 75 0 1 0 0 99 225 0 1 0 0 103 221 0 1 0 0 107 75 0 1 0 1 99 225 0 1 0 1 97 43 0 1 0 1 94 63 0 1 0 1 90 222 0 1 0 1 104 75 0 1 0 2 94 224 0 1 0 2 102 221 0 1 0 2 96 65 0 1 1 25 106 14 0 1 1 25 97 55 0 1 0 3 103 75 0 1 0 3 105 43 0 1 0 3 101 63 0 1 0 3 109 222 0 1 0 3 101 45 0 1 1 35 91 65 0 1 1 35 103 43 0 1 1 35 98 63 0 1 1 35 96 222 0 1 1 35 96
4/4 35 0 1 0 0 94 55 0 1 0 0 104 31 0 1 0 0 95 35 0 1 0 1 95 55 0 1 0 1 90 53 0 1 0 1 90 73 0 1 0 1 101 33 0 1 0 1 90 35 0 1 0 2 91 55 0 1 0 2 90 31 0 1 0 2 92 224 0 1 0 3 103 45 0 1 0 3 109 53 0 1 0 3 94 73 0 1 0 3 106 222 0 1 0 3 110 55 0 1 1 35 95 53 0 1 1 35 91 73 0 1 1 35 100 222 0 1 1 35 101
4/4 14 0 1 0 0 100 64 0 1 0 0 91 62 0 1 0 0 109 33 0 1 0 1 94 63 0 1 0 1 107 12 0 1 0 1 95 72 0 1 0 2 105 12 0 1 0 3 97
4/4 223 0 1 0 0 90 44 0 1 0 0 93 221 0 1 0 0 100 223 0 1 0 1 103 43 0 1 0 1 105 222 0 1 0 1 108 42 0 1 0 1 100 222 0 1 1 15 90 42 0 1 1 15 91 223 0 1 0 2 105 44 0 1 0 2 96 221 0 1 0 2 93 13 0 1 0 3 97 34 0 1 0 3 92 222 0 1 0 3 102 42 0 1 0 3 94 73 0 1 1 35 100 223 0 1 1 35 109 222 0 1 1 35 102 42 0 1 1 35 101
4/4 34 3 2667 0 0 104 62 0 1 0 0 90 12 0 1 0 1 90 32 0 1 0 1 97 12 0 1 1 15 95 32 0 1 1 15 92 62 0 1 0 2 98 13 0 1 0 3 110 33 0 1 0 3 110 12 0 1 0 3 106 32 0 1 0 3 108 12 0 1 1 35 92 32 0 1 1 35 97
4/4 73 0 1 0 0 97 223 0 1 0 0 103 221 0 1 0 0 109 73 0 1 0 1 99 222 0 1 0 1 104 222 0 1 0 1 90 42 0 1 0 1 107 222 0 1 1 15 91 42 0 1 1 15 101 73 0 1 0 2 99 223 0 1 0 2 110 221 0 1 0 2 105 63 0 1 0 3 90 13 0 1 0 3 96 222 0 1 0 3 93 42 0 1 0 3 106 53 0 1 1 35 95 73 0 1 1 35 106 222 0 1 1 35 110 42 0 1 1 35 108
4/4 13 3 2667 0 0 96 62 0 1 0 0 106 12 0 1 0 1 103 32 0 1 0 1 94 12 0 1 1 15 101 32 0 1 1 15 109 61 0 1 0 2 108 71 0 1 0 3 99
4/4 13 0 1 0 0 105 11 0 1 0 0 99 13 0 1 0 1 95 72 0 1 0 1 92 12 0 1 0 1 99 312 0 1 0 1 105 72 0 1 1 15 103 12 0 1 1 15 91 312 0 1 1 15 103 13 0 1 0 2 94 11 0 1 0 2 102 73 0 1 0 3 105 23 0 1 0 3 93 72 0 1 0 3 93 12 0 1 0 3 105 312 0 1 0 3 97 73 0 1 1 35 99 314 0 1 1 35 96 72 0 1 1 35 109 12 0 1 1 35 95 312 0 1 1 35 90
4/4 44 2 175 0 0 101 42 0 1 0 0 94 62 0 1 0 1 107 12 0 1 0 1 107 42 0 1 0 1 101 62 0 1 1 15 91 12 0 1 1 15 91 42 0 1 1 15 90 63 0 1 0 2 110 13 0 1 0 2 103 41 0 1 0 2 99 63 0 1 0 3 94 43 0 1 0 3 109 62 0 1 0 3 91 12 0 1 0 3 98 42 0 1 0 3 107 62 0 1 1 35 98 12 0 1 1 35 93 42 0 1 1 35 109
4/4 44 2 175 0 0 99 71 0 1 0 0 97 72 0 1 0 1 96 22 0 1 0 1 90 42 0 1 0 1 106 72 0 1 1 15 98 22 0 1 1 15 104 42 0 1 1 15 101 13 0 1 0 2 97 34 0 1 0 2 91 71 0 1 0 2 90 73 0 1 0 3 107 222 0 1 0 3 102 72 0 1 0 3 94 22 0 1 0 3 109 42 0 1 0 3 103 72 0 1 1 35 97 22 0 1 1 35 103 42 0 1 1 35 92
4/4 53 0 1 0 0 94 34 0 1 0 0 105 32 0 1 0 0 102 52 0 1 0 0 96 72 0 1 0 0 63 32 0 1 0 0 74 33 0 1 0 1 108 34 0 1 0 1 108 31 0 1 0 1 93 43 0 1 0 2 110 44 0 1 0 2 100 41 0 1 0 2 94 53 0 1 0 3 110 54 0 1 0 3 94 51 0 1 0 3 102
4/4 64 0 1 0 0 99 61 0 1 0 0 99 64 0 1 0 1 99 33 0 1 0 1 96 63 0 1 0 1 91 12 0 1 0 1 107 64 0 1 0 2 95 31 0 1 0 2 98 54 0 1 0 3 90 33 0 1 0 3 97 63 0 1 0 3 93 12 0 1 0 3 100 64 0 1 1 35 99 33 0 1 1 35 108 63 0 1 1 35 97 12 0 1 1 35 105
4/4 54 0 1 0 0 96 73 0 1 0 0 105 72 0 1 0 0 97 33 0 1 0 1 105 53 0 1 0 1 105 72 0 1 0 1 105 32 0 1 0 2 95 34 0 1 0 3 110 33 0 1 0 3 107 53 0 1 0 3 95 72 0 1 0 3 94 33 0 1 1 35 95 53 0 1 1 35 110 72 0 1 1 35 100
4/4 54 0 1 0 0 96 74 0 1 0 0 108 71 0 1 0 0 98 54 0 1 0 1 106 74 0 1 0 1 95 33 0 1 0 1 105 53 0 1 0 1 102 222 0 1 0 1 109 54 0 1 0 2 101 74 0 1 0 2 100 31 0 1 0 2 106 44 0 1 0 3 100 64 0 1 0 3 107 33 0 1 0 3 93 53 0 1 0 3 99 222 0 1 0 3 99 54 0 1 1 35 90 74 0 1 1 35 92 33 0 1 1 35 93 53 0 1 1 35 93 222 0 1 1 35 104
4/4 64 0 1 0 0 92 13 0 1 0 0 96 62 0 1 0 0 108 33 0 1 0 1 100 63 0 1 0 1 102 12 0 1 0 1 93 32 0 1 0 2 109 34 0 1 0 3 105 33 0 1 0 3 92 63 0 1 0 3 109 12 0 1 0 3 91 33 0 1 1 35 92 63 0 1 1 35 101 12 0 1 1 35 108
4/4 64 0 1 0 0 102 14 0 1 0 0 110 61 0 1 0 0 104 64 0 1 0 1 97 14 0 1 0 1 97 33 0 1 0 1 109 63 0 1 0 1 104 12 0 1 0 1 95 64 0 1 0 2 94 14 0 1 0 2 103 31 0 1 0 2 90 524 0 1 0 3 102 74 0 1 0 3 104 33 0 1 0 3 103 523 0 1 0 3 92 12 0 1 0 3 101 64 0 1 1 35 90 14 0 1 1 35 93 33 0 1 1 35 92 523 0 1 1 35 110 12 0 1 1 35 100
4/4 44 0 1 0 0 106 224 0 1 0 0 105 221 0 1 0 0 104 44 0 1 0 1 92 224 0 1 0 1 94 43 0 1 0 1 97 63 0 1 0 1 104 222 0 1 0 1 100 74 0 1 0 2 105 223 0 1 0 2 91 221 0 1 0 2 96 64 0 1 1 25 90 13 0 1 1 25 110 54 0 1 0 3 98 74 0 1 0 3 106 43 0 1 0 3 96 63 0 1 0 3 103 222 0 1 0 3 96 44 0 1 1 35 94 64 0 1 1 35 98 43 0 1 1 35 91 63 0 1 1 35 96 222 0 1 1 35 91
4/4 34 0 1 0 0 106 54 0 1 0 0 102 31 0 1 0 0 96 34 0 1 0 1 108 54 0 1 0 1 100 53 0 1 0 1 104 73 0 1 0 1 91 33 0 1 0 1 108 34 0 1 0 2 97 54 0 1 0 2 101 31 0 1 0 2 108 223 0 1 0 3 104 44 0 1 0 3 99 53 0 1 0 3 106 73 0 1 0 3 107 222 0 1 0 3 92 34 0 1 1 35 109 54 0 1 1 35 99 53 0 1 1 35 91 73 0 1 1 35 101 222 0 1 1 35 106
4/4 13 0 1 0 0 105 64 0 1 0 0 105 61 0 1 0 0 93 33 0 1 0 1 104 63 0 1 0 1 97 12 0 1 0 1 93 32 0 1 0 1 109 33 0 1 1 15 101 63 0 1 1 15 101 12 0 1 1 15 91 33 0 1 0 2 94 63 0 1 0 2 93 13 0 1 0 2 101 61 0 1 0 2 91 33 0 1 0 3 100
4/4 223 0 1 0 0 93 44 0 1 0 0 106 221 0 1 0 0 105 223 0 1 0 1 97 43 0 1 0 1 105 222 0 1 0 1 99 42 0 1 0 1 100 222 0 1 1 15 90 42 0 1 1 15 98 223 0 1 0 2 95 44 0 1 0 2 94 221 0 1 0 2 91 13 0 1 0 3 93 34 0 1 0 3 94 222 0 1 0 3 104 42 0 1 0 3 95 73 0 1 1 35 108 223 0 1 1 35 91 222 0 1 1 35 107 42 0 1 1 35 94
4/4 34 3 2667 0 0 91 62 0 1 0 0 103 12 0 1 0 1 99 32 0 1 0 1 101 12 0 1 1 15 99 32 0 1 1 15 93 62 0 1 0 2 110 13 0 1 0 3 102 33 0 1 0 3 109 12 0 1 0 3 99 32 0 1 0 3 107 12 0 1 1 35 103 32 0 1 1 35 91
4/4 73 0 1 0 0 99 223 0 1 0 0 97 221 0 1 0 0 94 73 0 1 0 1 95 222 0 1 0 1 94 222 0 1 0 1 97 42 0 1 0 1 95 222 0 1 1 15 93 42 0 1 1 15 90 73 0 1 0 2 108 223 0 1 0 2 98 221 0 1 0 2 95 63 0 1 0 3 93 13 0 1 0 3 91 222 0 1 0 3 101 42 0 1 0 3 92 53 0 1 1 35 94 73 0 1 1 35 103 222 0 1 1 35 96 42 0 1 1 35 103
4/4 13 3 2667 0 0 93 62 0 1 0 0 95 12 0 1 0 1 95 32 0 1 0 1 108 12 0 1 1 15 110 32 0 1 1 15 99 61 0 1 0 2 102 71 0 1 0 3 94
4/4 13 0 1 0 0 107 11 0 1 0 0 110 13 0 1 0 1 98 72 0 1 0 1 100 12 0 1 0 1 108 312 0 1 0 1 94 72 0 1 1 15 91 12 0 1 1 15 108 312 0 1 1 15 98 13 0 1 0 2 107 11 0 1 0 2 98 73 0 1 0 3 92 23 0 1 0 3 105 72 0 1 0 3 107 12 0 1 0 3 92 312 0 1 0 3 98 73 0 1 1 35 110 314 0 1 1 35 94 72 0 1 1 35 108 12 0 1 1 35 97 312 0 1 1 35 93
4/4 44 2 175 0 0 109 42 0 1 0 0 93 62 0 1 0 1 104 12 0 1 0 1 104 42 0 1 0 1 106 62 0 1 1 15 94 12 0 1 1 15 95 42 0 1 1 15 110 63 0 1 0 2 98 13 0 1 0 2 100 41 0 1 0 2 102 63 0 1 0 3 110 43 0 1 0 3 98 62 0 1 0 3 94 12 0 1 0 3 101 42 0 1 0 3 109 62 0 1 1 35 109 12 0 1 1 35 91 42 0 1 1 35 110
4/4 44 2 175 0 0 109 71 0 1 0 0 103 72 0 1 0 1 102 22 0 1 0 1 97 42 0 1 0 1 90 72 0 1 1 15 107 22 0 1 1 15 90 42 0 1 1 15 95 13 0 1 0 2 104 34 0 1 0 2 108 71 0 1 0 2 104 73 0 1 0 3 99 222 0 1 0 3 90 72 0 1 0 3 105 22 0 1 0 3 107 42 0 1 0 3 100 72 0 1 1 35 108 22 0 1 1 35 92 42 0 1 1 35 99
4/4 53 0 1 0 0 108 34 0 1 0 0 102 32 0 1 0 0 104 52 0 1 0 0 93 72 0 1 0 0 70 32 0 1 0 0 63 33 0 1 0 1 93 34 0 1 0 1 90 31 0 1 0 1 98 43 0 1 0 2 103 44 0 1 0 2 106 41 0 1 0 2 97 53 0 1 0 3 110 54 0 1 0 3 100 51 0 1 0 3 104
4/4 64 0 1 0 0 103 61 0 1 0 0 92 64 0 1 0 1 94 33 0 1 0 1 106 63 0 1 0 1 102 12 0 1 0 1 96 64 0 1 0 2 100 31 0 1 0 2 104 54 0 1 0 3 102 33 0 1 0 3 105 63 0 1 0 3 92 12 0 1 0 3 97 64 0 1 1 35 101 33 0 1 1 35 103 63 0 1 1 35 99 12 0 1 1 35 104
4/4 54 0 1 0 0 92 73 0 1 0 0 105 72 0 1 0 0 108 33 0 1 0 1 105 53 0 1 0 1 96 72 0 1 0 1 109 32 0 1 0 2 94 34 0 1 0 3 94 33 0 1 0 3 93 53 0 1 0 3 95 72 0 1 0 3 95 33 0 1 1 35 91 53 0 1 1 35 91 72 0 1 1 35 99
4/4 54 0 1 0 0 96 74 0 1 0 0 110 71 0 1 0 0 110 54 0 1 0 1 101 74 0 1 0 1 102 33 0 1 0 1 94 53 0 1 0 1 91 222 0 1 0 1 95 54 0 1 0 2 110 74 0 1 0 2 100 31 0 1 0 2 94 44 0 1 0 3 90 64 0 1 0 3 105 33 0 1 0 3 105 53 0 1 0 3 107 222 0 1 0 3 103 54 0 1 1 35 92 74 0 1 1 35 95 33 0 1 1 35 90 53 0 1 1 35 109 222 0 1 1 35 109
4/4 64 0 1 0 0 95 13 0 1 0 0 96 62 0 1 0 0 91 33 0 1 0 1 106 63 0 1 0 1 110 12 0 1 0 1 110 32 0 1 0 2 91 34 0 1 0 3 104 33 0 1 0 3 101 63 0 1 0 3 100 12 0 1 0 3 95 33 0 1 1 35 104 63 0 1 1 35 91 12 0 1 1 35 98
4/4 64 0 1 0 0 98 14 0 1 0 0 102 61 0 1 0 0 105 64 0 1 0 1 106 14 0 1 0 1 91 33 0 1 0 1 92 63 0 1 0 1 91 12 0 1 0 1 100 64 0 1 0 2 90 14 0 1 0 2 91 31 0 1 0 2 104 524 0 1 0 3 97 74 0 1 0 3 109 33 0 1 0 3 100 523 0 1 0 3 96 12 0 1 0 3 107 64 0 1 1 35 95 14 0 1 1 35 90 33 0 1 1 35 94 523 0 1 1 35 106 12 0 1 1 35 94
4/4 44 0 1 0 0 104 224 0 1 0 0 110 221 0 1 0 0 93 44 0 1 0 1 100 224 0 1 0 1 97 43 0 1 0 1 96 63 0 1 0 1 107 222 0 1 0 1 90 74 0 1 0 2 95 223 0 1 0 2 103 221 0 1 0 2 107 64 0 1 1 25 104 13 0 1 1 25 97 54 0 1 0 3 102 74 0 1 0 3 105 43 0 1 0 3 109 63 0 1 0 3 92 222 0 1 0 3 96 44 0 1 1 35 109 64 0 1 1 35 106 43 0 1 1 35 98 63 0 1 1 35 91 222 0 1 1 35 107
4/4 34 0 1 0 0 104 54 0 1 0 0 98 31 0 1 0 0 110 34 0 1 0 1 94 54 0 1 0 1 90 53 0 1 0 1 93 73 0 1 0 1 100 33 0 1 0 1 109 34 0 1 0 2 109 54 0 1 0 2 103 31 0 1 0 2 110 223 0 1 0 3 96 44 0 1 0 3 109 53 0 1 0 3 107 73 0 1 0 3 104 222 0 1 0 3 91 34 0 1 1 35 110 54 0 1 1 35 94 53 0 1 1 35 94 73 0 1 1 35 93 222 0 1 1 35 108
4/4 13 0 1 0 0 106 64 0 1 0 0 92 61 0 1 0 0 106 33 0 1 0 1 93 63 0 1 0 1 110 12 0 1 0 1 108 32 0 1 0 1 101 33 0 1 1 15 94 63 0 1 1 15 97 12 0 1 1 15 92 33 0 1 0 2 94 63 0 1 0 2 90 13 0 1 0 2 107 61 0 1 0 2 95 34 0 1 0 3 98
4/4 64 0 1 0 0 102 14 0 1 0 0 100 61 0 1 0 0 103 64 0 1 0 1 106 14 0 1 0 1 106 33 0 1 0 1 97 63 0 1 0 1 92 12 0 1 0 1 102 64 0 1 0 2 107 14 0 1 0 2 100 521 0 1 0 2 101 524 0 1 0 3 105 74 0 1 0 3 107 33 0 1 0 3 104 63 0 1 0 3 92 12 0 1 0 3 108 64 0 1 1 35 94 14 0 1 1 35 90 33 0 1 1 35 98 63 0 1 1 35 94 12 0 1 1 35 99
4/4 44 0 1 0 0 107 224 0 1 0 0 107 41 0 1 0 0 104 44 0 1 0 1 95 224 0 1 0 1 104 43 0 1 0 1 103 63 0 1 0 1 109 222 0 1 0 1 108 74 0 1 0 2 94 223 0 1 0 2 109 312 0 1 0 2 96 64 0 1 1 25 93 13 0 1 1 25 104 54 0 1 0 3 91 74 0 1 0 3 94 43 0 1 0 3 95 53 0 1 0 3 99 222 0 1 0 3 97 44 0 1 1 35 108 64 0 1 1 35 93 43 0 1 1 35 97 53 0 1 1 35 92 222 0 1 1 35 92
4/4 34 0 1 0 0 96 54 0 1 0 0 104 31 0 1 0 0 96 34 0 1 0 1 103 54 0 1 0 1 104 53 0 1 0 1 92 73 0 1 0 1 100 33 0 1 0 1 93 34 0 1 0 2 102 54 0 1 0 2 110 31 0 1 0 2 107 223 0 1 0 3 105 44 0 1 0 3 102 53 0 1 0 3 104 73 0 1 0 3 92 222 0 1 0 3 91 34 0 1 1 35 94 54 0 1 1 35 109 53 0 1 1 35 92 73 0 1 1 35 98 222 0 1 1 35 105
4/4 13 0 1 0 0 100 64 0 1 0 0 108 61 0 1 0 0 93 33 0 1 0 1 110 63 0 1 0 1 100 12 0 1 0 1 91 32 0 1 0 1 95 33 0 1 1 15 101 63 0 1 1 15 104 12 0 1 1 15 103 33 0 1 0 2 104 63 0 1 0 2 105 13 0 1 0 2 90 61 0 1 0 2 95
