3/4 14 0 1 0 0 90 42 0 1 0 0 71 44 0 1 0 1 98 613 0 1 0 1 97 44 0 1 0 2 107 613 0 1 0 2 99
3/4 714 0 2 0 0 100 43 0 3 0 0 65 44 0 1 0 1 90 63 0 1 0 1 95 24 0 1 0 2 92
3/4 14 0 1 0 0 97 42 0 1 0 0 63 44 0 1 0 1 102 613 0 1 0 1 101 44 0 1 0 2 109 613 0 1 0 2 95
3/4 313 0 3 0 0 64 13 0 1 0 1 108 53 0 1 0 1 108 13 0 1 0 2 91 53 0 1 0 2 92
3/4 614 0 1 0 0 106 21 0 1 0 0 55 23 0 1 0 1 99 43 0 1 0 1 107 23 0 1 0 2 101 43 0 1 0 2 93
3/4 64 0 2 0 0 95 22 0 3 0 0 63 713 0 1 0 1 104 43 0 1 0 1 103 74 0 1 0 2 98
3/4 614 0 1 0 0 102 21 0 1 0 0 64 23 0 1 0 1 104 43 0 1 0 1 100 23 0 1 0 2 105 43 0 1 0 2 110
3/4 12 0 3 0 0 73 613 0 1 0 1 95 13 0 1 0 1 103 313 0 1 0 1 108 613 0 1 0 2 99 13 0 1 0 2 103 313 0 1 0 2 109
3/4 44 0 1 0 0 94 71 0 1 0 0 55 73 0 1 0 1 95 22 0 1 0 1 103 73 0 1 0 2 91 22 0 1 0 2 92
3/4 314 0 2 0 0 93 72 0 3 0 0 59 53 0 1 0 1 92 12 0 1 0 1 104 54 0 1 0 2 101
3/4 44 0 1 0 0 101 611 0 1 0 0 72 43 0 1 0 1 98 12 0 1 0 1 97 43 0 1 0 2 90 12 0 1 0 2 108
3/4 13 0 1 0 0 100 313 0 1 0 0 95 612 0 3 0 0 73 44 0 1 0 1 105 54 0 1 0 2 92
3/4 614 0 2 0 0 101 52 0 3 0 0 54 713 0 1 0 1 106 22 0 1 0 1 92 713 0 1 0 2 110 23 0 1 0 2 110 53 0 1 0 2 99
3/4 54 0 2 0 0 103 52 0 3 0 0 58 53 0 1 0 1 99 712 0 1 0 1 91 53 0 1 0 2 106 713 0 1 0 2 106 22 0 1 0 2 97
3/4 54 0 1 0 0 107 11 0 1 0 0 64 73 0 1 0 1 96 22 0 1 0 1 100 73 0 1 0 2 99 22 0 1 0 2 99
3/4 73 0 1 0 0 109 314 0 1 0 0 93 11 0 1 0 0 56 44 0 1 0 1 106 21 0 1 0 1 61 54 0 1 0 2 92 312 0 1 0 2 74
3/4 14 0 1 0 0 93 42 0 1 0 0 65 44 0 1 0 1 102 613 0 1 0 1 106 44 0 1 0 2 107 613 0 1 0 2 108
3/4 714 0 2 0 0 110 43 0 3 0 0 61 44 0 1 0 1 105 63 0 1 0 1 97 24 0 1 0 2 92
3/4 14 0 1 0 0 103 42 0 1 0 0 64 44 0 1 0 1 103 613 0 1 0 1 95 44 0 1 0 2 110 613 0 1 0 2 100
3/4 313 0 3 0 0 66 13 0 1 0 1 98 53 0 1 0 1 94 13 0 1 0 2 97 53 0 1 0 2 93
3/4 614 0 1 0 0 98 21 0 1 0 0 66 23 0 1 0 1 105 43 0 1 0 1 99 23 0 1 0 2 107 43 0 1 0 2 92
3/4 64 0 2 0 0 109 22 0 3 0 0 68 713 0 1 0 1 92 43 0 1 0 1 92 74 0 1 0 2 94
3/4 614 0 1 0 0 100 21 0 1 0 0 73 23 0 1 0 1 98 43 0 1 0 1 96 23 0 1 0 2 103 43 0 1 0 2 97
3/4 12 0 3 0 0 73 613 0 1 0 1 108 13 0 1 0 1 100 313 0 1 0 1 105 613 0 1 0 2 93 13 0 1 0 2 96 313 0 1 0 2 91
3/4 44 0 1 0 0 94 71 0 1 0 0 56 73 0 1 0 1 109 22 0 1 0 1 104 73 0 1 0 2 105 22 0 1 0 2 90
3/4 314 0 2 0 0 96 72 0 3 0 0 55 53 0 1 0 1 90 12 0 1 0 1 103 54 0 1 0 2 106
3/4 44 0 1 0 0 98 611 0 1 0 0 73 43 0 1 0 1 102 12 0 1 0 1 95 614 0 1 0 2 110
3/4 14 0 2 0 0 104 52 0 3 0 0 66 73 0 1 0 1 96 22 0 1 0 1 104 73 0 1 0 2 108 23 0 1 0 2 109 73 0 1 0 2 105
3/4 614 0 1 0 0 105 11 0 1 0 0 69 13 0 1 0 1 93 43 0 1 0 1 107 13 0 1 0 2 104 43 0 1 0 2 110
3/4 73 0 1 0 0 109 314 0 1 0 0 99 53 0 1 0 0 107 12 0 3 0 0 58 314 0 1 0 1 98 54 0 1 0 2 106
3/4 44 0 1 0 0 94 42 0 1 0 0 59 13 0 1 0 1 106 613 0 1 0 2 95
3/4 44 0 1 0 0 103 613 0 1 0 0 108 43 0 3 0 0 54 54 0 1 0 1 107 73 0 1 0 1 107 614 0 1 0 2 92 13 0 1 0 2 96
3/4 74 0 1 0 0 91 23 0 1 0 0 96 73 0 3 0 0 57 74 0 1 1 5 101 23 0 1 1 5 100 74 0 1 0 1 104 23 0 1 0 1 92 74 0 1 1 25 109 23 0 1 1 25 90
3/4 74 0 1 0 0 101 23 0 1 0 0 103 73 0 3 0 0 72 24 1 5 1 15 107 315 1 5 0 2 106 24 1 5 1 25 90
3/4 14 0 1 0 0 94 42 0 1 0 0 71 44 0 1 0 1 106 613 0 1 0 1 96 44 0 1 0 2 96 613 0 1 0 2 108
3/4 614 0 1 0 0 110 42 0 1 0 0 70 13 0 1 0 1 110 43 0 1 0 1 90 13 0 1 0 2 109 43 0 1 0 2 101
3/4 74 1 5 0 0 105 72 0 3 0 0 73 74 1 5 1 5 107 23 0 1 0 1 99 44 0 1 0 1 103 73 0 1 0 1 100 74 1 5 1 25 103
3/4 23 0 1 0 0 108 44 0 1 0 0 104 73 0 1 0 0 90 72 0 3 0 0 65 74 1 5 1 15 108 14 1 5 0 2 100 74 1 5 1 25 103
3/4 614 0 1 0 0 109 42 0 1 0 0 59 13 0 1 0 1 92 43 0 1 0 1 105 13 0 1 0 2 102 43 0 1 0 2 91
3/4 614 0 1 0 0 107 42 0 1 0 0 68 13 0 1 0 1 95 43 0 1 0 1 90 313 0 1 0 2 64
3/4 44 1 5 0 0 91 22 0 3 0 0 56 44 1 5 1 5 106 613 0 1 0 1 106 23 0 1 0 1 94 43 0 1 0 1 90 44 1 5 1 25 101
3/4 613 0 1 0 0 99 23 0 1 0 0 101 43 0 1 0 0 95 12 0 3 0 0 54 314 0 1 0 1 95 44 0 1 0 2 109
3/4 614 0 1 0 0 105 711 0 1 0 0 74 23 0 1 0 1 90 43 0 1 0 1 104 23 0 1 0 2 96 43 0 1 0 2 110
3/4 43 0 1 0 0 90 73 0 1 0 0 94 22 0 1 0 0 100 72 0 3 0 0 72 314 0 1 0 1 100 44 0 1 0 2 109
3/4 54 1 5 0 0 91 52 0 3 0 0 74 54 1 5 1 5 98 713 0 1 0 1 109 23 0 1 0 1 98 53 0 1 0 1 100 54 1 5 1 25 100
3/4 73 0 1 0 0 103 23 0 1 0 0 90 53 0 1 0 0 91 52 0 3 0 0 55 44 0 1 0 1 102 54 0 1 0 2 104
3/4 23 0 1 0 0 107 314 0 1 0 0 99 614 0 1 0 0 105 611 0 1 0 0 60
3/4 44 0 1 0 0 107 54 0 1 0 0 108 13 0 1 0 0 103 12 0 1 0 0 59 72 0 1 0 0 73 44 0 1 0 1 106 54 0 1 0 1 107 13 0 1 0 1 102
3/4 14 0 1 0 0 110 42 0 1 0 0 61 44 0 1 0 1 99 613 0 1 0 1 103 44 0 1 0 2 94 613 0 1 0 2 92
3/4 714 0 2 0 0 99 43 0 3 0 0 66 44 0 1 0 1 94 63 0 1 0 1 93 24 0 1 0 2 102
3/4 14 0 1 0 0 94 42 0 1 0 0 58 44 0 1 0 1 107 613 0 1 0 1 92 44 0 1 0 2 108 613 0 1 0 2 96
3/4 313 0 3 0 0 69 13 0 1 0 1 103 53 0 1 0 1 110 13 0 1 0 2 91 53 0 1 0 2 97
3/4 614 0 1 0 0 97 21 0 1 0 0 54 23 0 1 0 1 98 43 0 1 0 1 95 23 0 1 0 2 92 43 0 1 0 2 103
3/4 64 0 2 0 0 107 22 0 3 0 0 54 713 0 1 0 1 90 43 0 1 0 1 92 74 0 1 0 2 109
3/4 614 0 1 0 0 90 21 0 1 0 0 62 23 0 1 0 1 104 43 0 1 0 1 105 23 0 1 0 2 110 43 0 1 0 2 102
3/4 12 0 3 0 0 62 613 0 1 0 1 92 13 0 1 0 1 99 313 0 1 0 1 91 613 0 1 0 2 95 13 0 1 0 2 109 313 0 1 0 2 95
3/4 44 0 1 0 0 103 71 0 1 0 0 57 73 0 1 0 1 92 22 0 1 0 1 106 73 0 1 0 2 95 22 0 1 0 2 108
3/4 314 0 2 0 0 96 72 0 3 0 0 70 53 0 1 0 1 101 12 0 1 0 1 93 54 0 1 0 2 90
3/4 44 0 1 0 0 96 611 0 1 0 0 58 43 0 1 0 1 103 12 0 1 0 1 94 614 0 1 0 2 99
3/4 14 0 2 0 0 98 52 0 3 0 0 62 73 0 1 0 1 109 22 0 1 0 1 98 73 0 1 0 2 110 23 0 1 0 2 101 73 0 1 0 2 98
3/4 614 0 1 0 0 100 11 0 1 0 0 67 13 0 1 0 1 108 43 0 1 0 1 110 13 0 1 0 2 95 43 0 1 0 2 108
3/4 73 0 1 0 0 95 314 0 1 0 0 104 53 0 1 0 0 95 12 0 3 0 0 56 314 0 1 0 1 99 54 0 1 0 2 94
3/4 44 0 1 0 0 96 42 0 1 0 0 61 13 0 1 0 1 99 613 0 1 0 2 90
3/4 44 0 1 0 0 98 613 0 1 0 0 100 43 0 3 0 0 65 54 0 1 0 1 97 73 0 1 0 1 95 614 0 1 0 2 100 13 0 1 0 2 93
3/4 74 0 1 0 0 105 23 0 1 0 0 107 73 0 3 0 0 54 74 0 1 1 5 99 23 0 1 1 5 95 74 0 1 0 1 109 23 0 1 0 1 104 74 0 1 1 25 110 23 0 1 1 25 106
3/4 74 0 1 0 0 94 23 0 1 0 0 103 73 0 3 0 0 56 24 1 5 1 15 110 315 1 5 0 2 108 24 1 5 1 25 98
3/4 14 0 1 0 0 100 42 0 1 0 0 63 44 0 1 0 1 97 613 0 1 0 1 100 44 0 1 0 2 96 613 0 1 0 2 91
3/4 614 0 1 0 0 107 42 0 1 0 0 55 13 0 1 0 1 98 43 0 1 0 1 105 13 0 1 0 2 103 43 0 1 0 2 96
3/4 74 1 5 0 0 92 72 0 3 0 0 74 74 1 5 1 5 109 23 0 1 0 1 99 44 0 1 0 1 107 73 0 1 0 1 90 74 1 5 1 25 96
3/4 23 0 1 0 0 98 44 0 1 0 0 101 73 0 1 0 0 110 72 0 3 0 0 71 74 1 5 1 15 107 14 1 5 0 2 97 74 1 5 1 25 104
3/4 614 0 1 0 0 102 42 0 1 0 0 58 13 0 1 0 1 91 43 0 1 0 1 101 13 0 1 0 2 91 43 0 1 0 2 94
3/4 614 0 1 0 0 94 42 0 1 0 0 66 13 0 1 0 1 110 43 0 1 0 1 98 313 0 1 0 2 57
3/4 44 1 5 0 0 100 22 0 3 0 0 54 44 1 5 1 5 104 613 0 1 0 1 93 23 0 1 0 1 95 43 0 1 0 1 92 44 1 5 1 25 106
3/4 613 0 1 0 0 105 23 0 1 0 0 105 43 0 1 0 0 100 12 0 3 0 0 74 314 0 1 0 1 101 44 0 1 0 2 103
3/4 614 0 1 0 0 106 711 0 1 0 0 55 23 0 1 0 1 105 43 0 1 0 1 110 23 0 1 0 2 100 43 0 1 0 2 106
3/4 43 0 1 0 0 91 73 0 1 0 0 90 22 0 1 0 0 106 72 0 3 0 0 64 314 0 1 0 1 90 44 0 1 0 2 100
3/4 54 1 5 0 0 104 52 0 3 0 0 65 54 1 5 1 5 105 713 0 1 0 1 107 23 0 1 0 1 98 53 0 1 0 1 97 54 1 5 1 25 109
3/4 73 0 1 0 0 110 23 0 1 0 0 103 53 0 1 0 0 104 52 0 3 0 0 69 44 0 1 0 1 99 54 0 1 0 2 107
3/4 23 0 1 0 0 93 314 0 1 0 0 93 614 0 1 0 0 107 611 0 1 0 0 62
3/4 73 0 1 0 0 91 23 0 1 0 0 101 54 0 1 0 0 95 11 0 1 0 0 57
3/4 13 0 1 0 0 103 44 0 1 0 0 100 613 0 1 0 0 106 43 0 3 0 0 69 13 1 5 1 15 99 44 1 5 0 2 110 314 1 5 1 25 107
3/4 713 0 1 0 0 96 44 0 1 0 0 103 64 0 1 0 0 97 42 0 1 0 0 74
3/4 13 0 1 0 0 104 44 0 1 0 0 97 613 0 1 0 0 92 43 0 3 0 0 54 14 1 5 1 15 102 45 1 5 0 2 99 315 1 5 1 25 107
3/4 44 0 1 0 0 92 614 0 1 0 0 102 44 0 1 0 0 94 43 0 3 0 0 59
3/4 43 0 3 0 0 62 44 0 1 0 0 108 614 0 1 0 0 98 44 0 1 0 0 97
