3/4
3/4
3/4
3/4
3/4
3/4
3/4
3/4 223 0 2 0 0 127 54 0 1 0 2 127
3/4 64 1 5 0 0 127 54 1 5 1 5 127 44 1 5 0 1 127 34 1 5 1 15 127 54 0 1 0 2 127
3/4 44 0 2 0 0 127 23 3 667 0 2 127 14 1 5 1 25 127
3/4 74 1 5 0 0 127 64 1 5 1 5 127 54 1 5 0 1 127 44 1 5 1 15 127 74 0 1 0 2 127
3/4 34 0 2 0 0 127 34 1 5 0 2 127 44 1 5 1 25 127
3/4 54 0 2 0 0 127 34 0 1 0 2 127 23 0 1 0 2 127 13 2 75 2 225 64
3/4 524 3 333 0 0 127 54 2 175 2 25 64 54 0 1 0 2 127 44 0 1 0 2 127 44 0 1 0 2 64 34 2 75 2 225 64
3/4 44 0 3 0 0 127
3/4 54 2 275 0 0 127
3/4 54 0 2 0 0 127 13 1 5 0 2 64 23 1 5 1 25 64
3/4 34 0 2 0 0 64 23 1 5 0 2 64 13 1 5 1 25 64
3/4 54 0 2 0 0 64 13 1 5 0 2 64 23 1 5 1 25 64
3/4 34 0 2 0 0 64 23 1 5 0 2 64 13 1 5 1 25 64
3/4 14 0 2 0 0 127 64 0 1 0 2 127 74 1 5 1 25 127
3/4 14 1 25 0 0 127 64 0 1 0 0 127 74 0 1 0 0 127 14 1 5 1 25 127
3/4 54 0 3 0 0 127 14 0 2 0 0 127
3/4
3/4 54 1 15 0 0 127 64 1 5 1 15 127 14 1 5 0 2 127 55 1 5 1 25 127
3/4 64 0 3 0 0 127 55 0 1 0 2 127
3/4 45 0 1 0 0 127 35 0 1 0 1 127 24 0 1 0 2 127
3/4 35 0 3 0 0 127
3/4 14 0 2 0 0 127 35 0 1 0 2 127
3/4 24 0 2 0 0 127 54 0 1 0 2 127
3/4 14 0 2 0 0 127 35 0 1 0 2 127
3/4 24 0 2 0 0 127 74 0 1 0 2 127
3/4 14 0 3 0 0 127
3/4 14 0 3 0 0 127
3/4 54 0 1 0 0 127 12 0 3 0 0 127 33 0 1 0 1 127 53 0 1 0 1 127 13 0 1 0 2 127 23 1 5 1 25 127
3/4 34 0 1 0 0 127 712 0 1 0 0 127 33 0 1 0 0 127 53 0 1 0 0 127 13 0 1 0 0 127 23 0 1 0 0 127 33 0 1 0 1 127 53 0 1 0 1 127 23 0 1 0 2 127 13 1 5 1 25 127
3/4 54 0 1 0 0 127 72 0 2 0 0 127 33 0 1 0 0 127 53 0 1 0 0 127 23 0 1 0 0 127 13 0 1 0 0 127 33 0 1 0 1 127 53 0 1 0 1 127 13 0 1 0 2 127 72 1 5 0 2 127 23 1 5 1 25 127
3/4 34 0 2 0 0 127 612 1 25 0 0 127 13 0 2 0 0 127 23 0 2 0 0 127 12 0 1 0 1 127 33 0 1 0 1 127 53 0 1 0 1 127 23 0 1 0 2 127 13 1 5 1 25 127
3/4 23 0 1 0 0 127 14 0 1 0 0 127 42 0 1 0 0 64 12 0 1 0 1 127 33 0 1 0 1 127 63 0 1 0 1 127 64 0 1 0 2 127 74 1 5 1 25 127
3/4 14 0 1 0 0 127 72 0 1 0 0 127 64 0 1 0 0 127 74 0 1 0 0 127 72 0 1 2 75 64 43 0 1 2 75 127 22 0 1 2 75 64 63 0 1 2 75 127 64 0 1 0 1 127 74 0 1 0 1 127 24 0 2 0 1 127 14 1 5 1 25 127
3/4 54 0 1 0 0 127 32 1 5 0 0 64 14 0 1 0 0 127 24 0 1 0 0 127 72 1 15 1 5 127 53 0 1 0 1 64 23 0 1 0 1 127 22 0 1 0 1 127 53 0 1 0 1 127 63 0 1 0 2 64 72 3 333 0 2 127
3/4 73 0 1 0 0 64 312 1 5 0 0 64 72 0 2 1 5 127 223 0 1 0 1 64 222 0 1 0 1 127 53 0 1 0 1 127 314 0 1 0 2 64
3/4 34 0 2 0 0 127 42 0 1 0 0 64 33 0 1 0 1 127 63 0 1 0 1 127 23 1 5 0 2 127 13 1 5 1 25 127
3/4 23 0 2 0 0 127 72 0 1 0 0 127 22 0 1 0 1 127 63 0 1 0 1 127
3/4 44 0 2 0 0 127 72 0 1 0 0 64 43 0 1 0 1 127 73 0 1 0 1 127 34 1 5 0 2 127 43 0 1 0 2 127 73 0 1 0 2 127 23 1 5 1 25 127
3/4 12 0 3 0 0 127 53 0 1 0 1 127 13 0 1 0 1 127 53 0 1 0 2 127 13 0 1 0 2 127
3/4 62 0 1 0 0 64 12 0 1 0 1 64 523 0 1 0 2 127
3/4 62 0 1 0 0 64 523 0 1 0 0 127 523 0 1 0 1 127 12 0 2 0 1 64 523 0 1 0 2 127
3/4 72 0 1 0 0 64 523 0 2 0 0 127 22 0 1 0 1 64 43 0 1 0 2 127 72 0 1 0 2 64
3/4 712 0 1 0 0 64 43 0 2 0 0 127 22 0 1 0 1 64 53 0 1 0 2 127
3/4 22 0 1 0 0 127 11 0 1 0 0 64 12 0 1 0 0 64 33 0 1 0 1 127 53 0 1 0 1 127
3/4 711 0 1 0 0 127 712 0 1 0 0 64 33 0 1 0 1 127 53 0 1 0 1 127
3/4 71 0 1 0 0 127 72 0 1 0 0 64 33 0 1 0 1 127 53 0 1 0 1 127
3/4 611 0 1 0 0 127 612 0 1 0 0 64 12 0 1 0 1 127 33 0 1 0 1 127 53 0 1 0 1 127
3/4 41 0 1 0 0 64 42 0 1 0 0 64 12 0 1 0 1 127 33 0 1 0 1 127 63 0 1 0 1 127 12 0 1 0 2 127 33 0 1 0 2 127 63 0 1 0 2 127
3/4 71 0 1 0 0 127 72 0 1 0 0 64 44 2 75 2 225 127 64 1 5 1 25 127 14 2 25 2 275 127
3/4 74 0 1 0 0 127 24 0 1 0 0 127 61 0 3 0 0 127 44 0 1 0 0 127 64 2 25 0 0 127 64 0 1 1 5 127 14 0 1 1 5 127 54 0 1 0 1 127 74 0 1 0 1 127 44 0 1 1 15 127 64 0 1 1 15 127 223 0 1 1 25 127 44 0 1 1 25 127
3/4 13 0 1 0 0 127 314 0 1 0 0 127 11 0 3 0 0 64 223 0 1 0 0 127 44 0 1 0 0 127 13 1 5 0 1 127 73 1 15 1 15 127 53 2 75 0 2 127 313 1 5 1 25 127
3/4 41 0 1 0 0 64 42 0 1 0 0 64 313 1 15 0 0 127 63 1 5 1 15 127 13 1 5 0 2 127 54 1 5 1 25 127
3/4 31 0 1 0 0 127 32 0 1 0 0 127 612 2 225 2 75 64 12 0 1 0 1 127 22 0 1 0 1 127
3/4 21 0 1 0 0 127 21 0 1 0 0 127 12 0 1 2 75 127 612 0 1 2 75 64 22 0 2 0 1 127 51 0 1 0 2 127 52 0 1 0 2 127
3/4 521 0 1 0 0 64 522 0 1 0 0 64 612 2 175 2 25 127 12 0 2 1 5 127 33 2 175 2 75 127 523 3 1667 0 1 127 613 1 15 2 125 127 13 2 125 1 15 127
3/4 62 0 3 0 0 64 33 0 1 2 75 127 12 0 1 2 75 64 53 0 2 0 1 127
3/4 72 0 3 0 0 64 43 0 1 2 75 127 22 0 1 2 75 64 63 0 2 0 1 127
3/4 12 0 3 0 0 64 53 0 1 2 75 127 33 0 1 2 75 64 73 0 2 0 1 127
3/4 22 0 3 0 0 64 43 2 125 2 175 64 73 0 1 0 2 127 23 0 1 0 2 127
3/4 22 0 3 0 0 64 43 0 3 0 0 64 73 0 3 0 0 127 23 0 3 0 0 127
3/4 22 0 3 0 0 64 43 0 1 0 0 64 73 0 2 0 0 127 23 0 3 0 0 127
