4/4 13 0 4 0 0 64 35 0 1 1 5 110 55 0 1 1 5 101 25 0 1 1 5 90 15 1 5 0 1 96 75 1 5 1 15 99 75 1 5 0 2 100 615 1 5 1 25 107 55 1 5 0 3 100 615 1 5 1 35 94
4/4 15 1 5 0 0 109 74 0 4 0 0 60 75 1 5 1 5 101 615 1 5 0 1 93 75 1 5 1 15 101 55 0 1 0 2 110 75 0 1 0 2 99 46 0 1 0 2 93 36 1 5 1 35 99
4/4 315 0 1 0 0 108 55 0 1 0 0 102 25 1 15 0 0 93 13 0 1 0 0 55 74 0 1 0 0 69 15 1 5 1 15 110 315 0 1 0 2 96 55 0 1 0 2 108 15 0 1 0 2 102 75 1 5 1 35 102
2/4 35 0 1 0 0 95 55 0 1 0 0 108 15 0 1 0 0 105 44 0 1 0 0 70
3/4 525 0 1 0 0 92 615 0 1 0 0 103 25 0 1 0 0 96 23 0 1 0 0 73 24 1 5 1 25 90
4/4 75 0 2 0 0 105 53 1 5 0 0 59 23 1 5 1 5 64 74 0 1 0 1 60 24 1 5 1 15 110 45 0 1 0 2 97 615 0 1 0 2 96 23 1 5 0 2 54 23 1 5 1 25 59 614 0 1 0 3 70 24 1 5 1 35 99
4/4 55 1 15 0 0 94 34 1 5 0 0 73 54 1 5 1 5 68 45 1 5 0 1 104 74 0 1 0 1 56 35 1 5 1 15 102 45 0 2 0 2 94 23 1 5 0 2 68 44 0 1 1 25 71 74 0 1 1 35 95 44 0 1 1 35 63
4/4 14 1 5 0 0 102 13 0 2 0 0 72 35 1 5 1 5 107 55 1 5 0 1 98 75 1 5 1 15 104 615 1 5 0 2 107 44 0 2 0 2 69 45 1 5 1 25 100 24 1 5 0 3 107 14 1 5 1 35 90
4/4 24 0 4 0 0 109 73 1 5 0 0 60 44 1 5 1 5 58 14 1 5 0 1 64 74 1 5 1 15 73 23 0 1 0 2 67 614 0 1 0 2 55 74 1 5 1 25 56 14 1 5 0 3 54 24 1 5 1 35 91
4/4 75 0 2 0 0 110 53 1 5 0 0 56 24 1 5 0 0 105 23 1 5 1 5 61 74 0 1 0 1 61 24 1 5 1 15 95 14 0 1 0 2 104 525 0 1 0 2 101 615 0 1 0 2 107 613 1 5 0 2 69 23 1 5 1 25 59 614 0 1 0 3 64 24 1 5 1 35 102
4/4 24 0 1 0 0 91 55 0 1 0 0 108 73 1 5 0 0 62 54 1 15 1 5 71 45 1 5 0 1 90 35 1 5 1 15 93 45 1 15 0 2 94 713 0 1 0 2 70 54 1 5 0 3 63 24 0 1 1 35 102 54 0 1 1 35 55
4/4 14 1 5 0 0 93 13 0 3 0 0 73 35 1 5 1 5 90 55 1 5 0 1 102 75 1 5 1 15 96 24 0 1 0 2 105 15 1 5 0 2 110 25 1 5 1 25 102 615 1 5 0 3 95 23 0 1 0 3 61 45 1 5 1 35 100
4/4 55 0 2 0 0 97 53 0 3 0 0 61 74 1 5 1 5 110 24 1 5 0 1 106 74 1 5 1 15 92 54 0 1 0 2 93 24 1 5 1 35 93
4/4 75 0 2 0 0 109 53 1 5 0 0 63 23 1 5 1 5 72 74 0 1 0 1 58 24 1 5 1 15 98 45 0 1 0 2 101 615 0 1 0 2 100 23 1 5 0 2 71 23 1 5 1 25 67 614 0 1 0 3 64 24 1 5 1 35 94
4/4 55 1 15 0 0 107 34 1 5 0 0 58 54 1 5 1 5 73 45 1 5 0 1 92 74 0 1 0 1 60 35 1 5 1 15 104 45 0 2 0 2 103 23 1 5 0 2 71 44 0 1 1 25 66 74 0 1 1 35 98 44 0 1 1 35 73
4/4 14 1 5 0 0 102 13 0 2 0 0 57 35 1 5 1 5 108 55 1 5 0 1 94 75 1 5 1 15 107 615 1 5 0 2 106 44 0 2 0 2 55 45 1 5 1 25 110 24 1 5 0 3 105 14 1 5 1 35 95
4/4 24 0 4 0 0 107 73 1 5 0 0 61 44 1 5 1 5 70 14 1 5 0 1 62 74 1 5 1 15 56 23 0 1 0 2 57 614 0 1 0 2 55 74 1 5 1 25 60 14 1 5 0 3 55 24 1 5 1 35 93
4/4 75 0 2 0 0 95 53 1 5 0 0 64 24 1 5 0 0 90 23 1 5 1 5 71 74 0 1 0 1 64 24 1 5 1 15 105 14 0 1 0 2 104 525 0 1 0 2 110 615 0 1 0 2 96 613 1 5 0 2 57 23 1 5 1 25 56 614 0 1 0 3 56 24 1 5 1 35 92
4/4 24 0 1 0 0 91 55 0 1 0 0 93 73 1 5 0 0 63 54 1 15 1 5 54 45 1 5 0 1 94 35 1 5 1 15 101 45 1 15 0 2 106 713 0 1 0 2 68 54 1 5 0 3 66 24 0 1 1 35 98 54 0 1 1 35 57
4/4 14 1 5 0 0 90 13 0 3 0 0 66 35 1 5 1 5 103 55 1 5 0 1 102 75 1 5 1 15 110 24 0 1 0 2 102 15 1 5 0 2 108 25 1 5 1 25 92 615 1 5 0 3 90 23 0 1 0 3 68 45 1 5 1 35 100
4/4 55 0 2 0 0 108 53 0 3 0 0 69 74 1 5 1 5 95 24 1 5 0 1 102 74 1 5 1 15 93 54 0 1 0 2 102 55 1 5 0 3 102 615 1 5 1 35 90
4/4 75 1 5 0 0 104 13 0 2 0 0 73 35 0 1 1 5 109 75 0 1 1 5 91 35 0 1 0 1 107 75 0 1 0 1 106 35 0 1 1 15 105 75 0 1 1 15 104 35 0 1 0 2 92 75 0 1 0 2 105 13 0 2 0 2 74 615 1 5 1 25 106 55 1 5 0 3 94 615 1 5 1 35 96
4/4 45 1 25 0 0 94 23 1 5 0 0 62 614 1 5 1 5 73 14 1 5 0 1 72 614 1 5 1 15 54 45 1 15 0 2 97 35 1 5 1 25 103 24 1 5 0 3 96 35 2 25 1 35 109 45 2 25 2 375 102
4/4 55 1 5 0 0 105 34 0 2 0 0 62 74 0 1 1 5 103 35 0 1 1 5 98 55 0 1 1 5 102 74 0 1 0 1 105 35 0 1 0 1 98 55 0 1 0 1 94 74 0 1 1 15 104 35 0 1 1 15 104 55 0 1 1 15 103 74 0 1 0 2 96 35 0 1 0 2 94 55 0 1 0 2 100 34 0 2 0 2 62 45 1 5 1 25 94 35 1 5 0 3 98 45 1 5 1 35 90
4/4 24 0 3 0 0 96 73 0 2 0 0 72 44 1 5 1 5 93 74 1 5 0 1 106 44 1 5 1 15 109 73 0 2 0 2 74 44 1 5 1 25 91 74 0 1 0 3 100 24 1 5 1 35 105
4/4 714 1 5 0 0 103 13 0 2 0 0 65 14 1 5 1 5 102 35 1 5 0 1 95 55 1 5 1 15 93 45 1 15 0 2 97 613 0 2 0 2 72 44 1 5 1 25 106 14 0 1 0 3 91 35 1 5 1 35 101
4/4 224 1 5 0 0 97 23 0 2 0 0 73 24 1 5 1 5 94 45 1 5 0 1 94 615 1 5 1 15 104 74 0 1 0 2 100 24 0 1 0 2 97 15 0 1 0 2 97 53 0 2 0 2 54 75 1 5 1 25 93 615 1 5 0 3 108 75 1 5 1 35 97
4/4 315 0 1 0 0 97 55 0 1 0 0 107 25 1 15 0 0 105 13 0 4 0 0 74 74 1 35 0 0 61 15 2 25 1 15 90 25 2 25 2 175 91 74 0 2 0 2 99 315 0 1 0 2 101 55 0 1 0 2 109 45 2 25 1 35 98 55 2 25 2 375 96
4/4 74 0 1 0 0 108 24 0 1 0 0 96 13 0 4 0 0 58 14 2 25 1 15 97 24 2 25 2 175 108 54 0 2 0 2 92
2/4 524 0 1 0 0 97 614 0 1 0 0 94 24 1 5 1 15 101
4/4 75 0 2 0 0 97 53 1 5 0 0 59 23 1 5 1 5 71 74 0 1 0 1 54 24 1 5 1 15 107 45 0 1 0 2 107 615 0 1 0 2 103 23 1 5 0 2 67 23 1 5 1 25 56 614 0 1 0 3 62 24 1 5 1 35 104
4/4 55 1 15 0 0 95 34 1 5 0 0 65 54 1 5 1 5 70 45 1 5 0 1 108 74 0 1 0 1 71 35 1 5 1 15 109 45 0 2 0 2 90 23 1 5 0 2 55 44 0 1 1 25 69 74 0 1 1 35 109 44 0 1 1 35 57
4/4 14 1 5 0 0 92 13 0 2 0 0 64 35 1 5 1 5 104 55 1 5 0 1 101 75 1 5 1 15 105 615 1 5 0 2 102 44 0 2 0 2 60 45 1 5 1 25 104 24 1 5 0 3 108 14 1 5 1 35 98
4/4 24 0 4 0 0 90 73 1 5 0 0 74 44 1 5 1 5 66 14 1 5 0 1 63 74 1 5 1 15 55 23 0 1 0 2 63 614 0 1 0 2 73 74 1 5 1 25 66 14 1 5 0 3 57 24 1 5 1 35 105
4/4 75 0 2 0 0 108 53 1 5 0 0 60 24 1 5 0 0 100 23 1 5 1 5 61 74 0 1 0 1 72 24 1 5 1 15 106 14 0 1 0 2 97 525 0 1 0 2 100 615 0 1 0 2 110 613 1 5 0 2 60 23 1 5 1 25 73 614 0 1 0 3 62 24 1 5 1 35 101
4/4 24 0 1 0 0 108 55 0 1 0 0 106 73 1 5 0 0 57 54 1 15 1 5 62 45 1 5 0 1 103 35 1 5 1 15 95 45 1 15 0 2 92 713 0 1 0 2 63 54 1 5 0 3 68 24 0 1 1 35 96 54 0 1 1 35 70
4/4 14 1 5 0 0 95 13 0 3 0 0 66 35 1 5 1 5 107 55 1 5 0 1 98 75 1 5 1 15 97 24 0 1 0 2 93 15 1 5 0 2 103 25 1 5 1 25 101 615 1 5 0 3 92 23 0 1 0 3 73 45 1 5 1 35 91
4/4 55 0 4 0 0 103 53 0 2 0 0 60 74 1 5 1 5 103 24 1 5 0 1 105 74 1 5 1 15 100 54 0 2 0 2 106
4/4 53 0 2 0 0 71 74 0 1 1 5 91 55 0 1 1 5 98 45 2 25 2 75 90 55 1 5 0 1 107 35 2 25 1 15 90 24 2 25 2 175 105 35 1 5 0 2 100 13 0 2 0 2 60 14 2 25 1 25 91 714 2 25 2 275 96 14 0 1 0 3 98
4/4 44 0 2 0 0 57 14 0 1 1 5 94 45 0 1 1 5 107 315 2 25 2 75 96 45 1 5 0 1 103 24 2 25 1 15 98 224 2 25 2 175 95 74 0 1 0 2 97 24 0 1 0 2 99 73 0 2 0 2 73 74 2 25 1 25 108 614 2 25 2 275 94 74 0 1 0 3 93
4/4 34 0 2 0 0 66 74 0 1 1 5 110 35 0 1 1 5 103 24 2 25 2 75 91 35 1 5 0 1 96 14 2 25 1 15 90 714 2 25 2 175 96 14 0 1 0 2 99 613 0 1 0 2 71 35 1 5 1 25 97 55 1 5 0 3 90 35 1 5 1 35 103
4/4 14 2 25 0 0 104 23 0 3 0 0 63 35 2 25 2 25 95 24 2 25 1 5 106 14 2 25 2 75 109 74 2 25 0 1 106 614 2 25 2 125 99 54 2 25 1 15 90 614 2 25 2 175 109 54 0 1 0 2 105 74 0 2 0 2 90 53 0 1 0 3 65
4/4 53 0 2 0 0 57 74 0 1 1 5 93 55 0 1 1 5 107 525 2 25 2 75 98 55 1 5 0 1 106 35 2 25 1 15 92 24 2 25 2 175 104 35 0 1 0 2 100 13 0 2 0 2 64 14 2 25 0 3 110 24 2 25 2 325 101 35 2 25 1 35 100 45 2 25 2 375 91
4/4 14 0 1 0 0 109 35 0 1 0 0 105 55 3 333 0 0 95 44 0 2 0 0 59 615 3 333 3 333 91 75 3 333 3 667 98 615 3 333 0 1 108 15 3 333 3 1333 95 75 3 333 3 1667 91 74 0 1 0 2 99 44 0 1 0 2 60 24 0 1 0 2 95 615 0 1 0 2 97 45 1 15 1 25 95
4/4 34 0 2 0 0 69 74 0 1 1 5 90 35 0 1 1 5 103 24 2 25 2 75 94 35 1 5 0 1 90 14 2 25 1 15 102 714 2 25 2 175 94 14 0 1 0 2 93 613 0 1 0 2 68 35 1 5 1 25 96 55 1 5 0 3 103 35 1 5 1 35 102
4/4 14 2 25 0 0 108 23 0 3 0 0 58 35 2 25 2 25 91 24 2 25 1 5 101 14 2 25 2 75 107 74 2 25 0 1 100 614 2 25 2 125 92 54 2 25 1 15 91 524 2 25 2 175 95 54 0 2 0 2 102 53 0 1 0 3 63
4/4 53 0 2 0 0 57 74 0 1 1 5 101 24 0 1 1 5 93 75 0 1 1 5 95 615 2 25 2 75 97 75 1 5 0 1 106 24 1 5 1 15 94 35 2 25 0 2 104 13 0 2 0 2 64 45 2 25 2 225 94 35 2 25 1 25 103 24 2 25 2 275 104 35 0 1 0 3 106
4/4 44 0 2 0 0 73 14 0 1 1 5 95 615 0 1 1 5 103 65 2 25 2 75 105 615 1 5 0 1 109 14 1 5 1 15 106 24 2 25 0 2 104 73 0 2 0 2 61 35 2 25 2 225 90 24 2 25 1 25 102 14 2 25 2 275 109 24 0 1 0 3 103
4/4 34 0 2 0 0 62 74 0 1 1 5 103 55 0 1 1 5 97 525 2 25 2 75 95 55 1 5 0 1 93 74 1 5 1 15 101 14 2 25 0 2 108 613 0 2 0 2 58 24 2 25 2 225 102 14 2 25 1 25 98 714 2 25 2 275 93 14 0 1 0 3 102
4/4 23 0 2 0 0 62 14 0 1 1 5 93 525 0 1 1 5 100 315 2 25 2 75 107 525 1 5 0 1 95 614 1 5 1 15 101 74 2 25 0 2 109 53 0 2 0 2 65 14 2 25 2 225 94 74 2 25 1 25 101 614 2 25 2 275 103 54 2 25 0 3 91 614 2 25 2 325 96 74 2 25 1 35 106 24 2 25 2 375 108
4/4 14 0 2 0 0 104 45 1 25 0 0 95 63 1 5 0 0 67 34 0 1 1 5 65 14 0 1 1 15 91 35 0 1 1 15 95 34 0 1 1 15 69 14 0 1 0 2 102 35 0 1 0 2 106 63 1 5 0 2 69 34 0 1 1 25 65 24 0 1 1 35 98 34 0 1 1 35 58
4/4 24 1 25 0 0 101 63 1 5 0 0 69 14 0 1 0 0 91 35 0 1 0 0 104 34 0 1 1 5 54 14 0 1 1 15 109 34 0 1 1 15 64 14 0 2 0 2 91 63 1 5 0 2 63 34 1 15 1 25 58 74 1 5 1 35 100
4/4 614 0 1 0 0 92 23 0 4 0 0 64 14 1 5 0 0 90 14 0 1 0 1 101 55 0 1 0 1 90 615 0 1 0 1 108 525 1 5 0 3 94 315 1 5 1 35 110
4/4 614 0 1 0 0 109 14 0 1 0 0 103 525 0 1 0 0 96 23 0 2 0 2 62 24 1 5 1 35 96
4/4 75 0 2 0 0 104 53 1 5 0 0 54 23 1 5 1 5 55 74 0 1 0 1 70 24 1 5 1 15 107 45 0 1 0 2 102 615 0 1 0 2 110 23 1 5 0 2 70 23 1 5 1 25 54 614 0 1 0 3 58 24 1 5 1 35 109
4/4 55 1 15 0 0 106 34 1 5 0 0 68 54 1 5 1 5 63 45 1 5 0 1 93 74 0 1 0 1 60 35 1 5 1 15 109 45 0 2 0 2 102 23 1 5 0 2 71 44 0 1 1 25 67 74 0 1 1 35 92 44 0 1 1 35 74
4/4 14 1 5 0 0 109 13 0 2 0 0 74 35 1 5 1 5 91 55 1 5 0 1 109 75 1 5 1 15 94 615 1 5 0 2 97 44 0 2 0 2 57 45 1 5 1 25 92 24 1 5 0 3 97 14 1 5 1 35 97
4/4 24 0 4 0 0 110 73 1 5 0 0 67 44 1 5 1 5 68 14 1 5 0 1 70 74 1 5 1 15 59 23 0 1 0 2 56 614 0 1 0 2 67 74 1 5 1 25 66 14 1 5 0 3 63 24 1 5 1 35 103
4/4 75 0 2 0 0 109 53 1 5 0 0 66 24 1 5 0 0 97 23 1 5 1 5 58 74 0 1 0 1 64 24 1 5 1 15 94 14 0 1 0 2 106 525 0 1 0 2 105 615 0 1 0 2 107 613 1 5 0 2 68 23 1 5 1 25 62 614 0 1 0 3 59 24 1 5 1 35 107
4/4 24 0 1 0 0 107 55 0 1 0 0 98 73 1 5 0 0 73 54 1 15 1 5 54 45 1 5 0 1 93 35 1 5 1 15 101 45 1 15 0 2 92 713 0 1 0 2 74 54 1 5 0 3 67 24 0 1 1 35 93 54 0 1 1 35 57
4/4 14 1 5 0 0 107 13 0 3 0 0 54 35 1 5 1 5 92 55 1 5 0 1 104 75 1 5 1 15 108 24 0 1 0 2 108 15 1 5 0 2 95 25 1 5 1 25 95 615 1 5 0 3 98 23 0 1 0 3 59 45 1 5 1 35 90
4/4 55 0 2 0 0 100 53 0 3 0 0 69 74 1 5 1 5 110 24 1 5 0 1 91 74 1 5 1 15 108 54 0 1 0 2 107 55 1 5 0 3 96 615 1 5 1 35 105
4/4 75 1 5 0 0 98 13 0 2 0 0 72 35 0 1 1 5 94 75 0 1 1 5 107 35 0 1 0 1 106 75 0 1 0 1 90 35 0 1 1 15 102 75 0 1 1 15 96 35 0 1 0 2 99 75 0 1 0 2 104 13 0 2 0 2 66 615 1 5 1 25 91 55 1 5 0 3 101 615 1 5 1 35 96
4/4 45 1 25 0 0 110 23 1 5 0 0 64 614 1 5 1 5 72 14 1 5 0 1 66 614 1 5 1 15 68 45 1 15 0 2 103 35 1 5 1 25 97 24 1 5 0 3 90 35 2 25 1 35 97 45 2 25 2 375 91
4/4 55 1 5 0 0 105 34 0 2 0 0 72 74 0 1 1 5 97 35 0 1 1 5 102 55 0 1 1 5 102 74 0 1 0 1 99 35 0 1 0 1 101 55 0 1 0 1 95 74 0 1 1 15 105 35 0 1 1 15 96 55 0 1 1 15 97 74 0 1 0 2 90 35 0 1 0 2 94 55 0 1 0 2 103 34 0 2 0 2 61 45 1 5 1 25 101 35 1 5 0 3 110 45 1 5 1 35 103
4/4 24 0 3 0 0 91 73 0 2 0 0 68 44 1 5 1 5 100 74 1 5 0 1 101 44 1 5 1 15 101 73 0 2 0 2 71 44 1 5 1 25 104 74 0 1 0 3 103 24 1 5 1 35 95
4/4 714 1 5 0 0 107 13 0 2 0 0 54 14 1 5 1 5 95 35 1 5 0 1 101 55 1 5 1 15 100 45 1 15 0 2 109 613 0 2 0 2 65 44 1 5 1 25 97 14 0 1 0 3 98 35 1 5 1 35 93
4/4 224 1 5 0 0 100 23 0 2 0 0 65 24 1 5 1 5 95 45 1 5 0 1 95 615 1 5 1 15 96 74 0 1 0 2 97 24 0 1 0 2 105 15 0 1 0 2 107 53 0 2 0 2 74 75 1 5 1 25 104 615 1 5 0 3 106 75 1 5 1 35 93
4/4 315 0 1 0 0 106 55 0 1 0 0 90 25 1 15 0 0 108 13 0 4 0 0 55 74 1 35 0 0 69 15 2 25 1 15 91 25 2 25 2 175 110 74 0 2 0 2 90 315 0 1 0 2 107 55 0 1 0 2 96 45 2 25 1 35 99 55 2 25 2 375 92
4/4 74 0 1 0 0 106 24 0 1 0 0 103 13 0 2 0 0 56 14 2 25 1 15 96 24 2 25 2 175 100 54 0 2 0 2 101
2/4 524 0 1 0 0 103 614 0 1 0 0 106 24 1 5 1 15 100
4/4 75 0 2 0 0 97 53 1 5 0 0 60 23 1 5 1 5 67 74 0 1 0 1 74 24 1 5 1 15 110 45 0 1 0 2 109 615 0 1 0 2 91 23 1 5 0 2 67 23 1 5 1 25 68 614 0 1 0 3 58 24 1 5 1 35 90
4/4 55 1 15 0 0 91 34 1 5 0 0 72 54 1 5 1 5 57 45 1 5 0 1 104 74 0 1 0 1 70 35 1 5 1 15 90 45 0 2 0 2 110 23 1 5 0 2 65 44 0 1 1 25 68 74 0 1 1 35 108 44 0 1 1 35 71
4/4 14 1 5 0 0 105 13 0 2 0 0 73 35 1 5 1 5 92 55 1 5 0 1 94 75 1 5 1 15 101 615 1 5 0 2 106 44 0 2 0 2 63 45 1 5 1 25 90 24 1 5 0 3 95 14 1 5 1 35 106
4/4 24 0 4 0 0 93 73 1 5 0 0 58 44 1 5 1 5 66 14 1 5 0 1 73 74 1 5 1 15 67 23 0 1 0 2 67 614 0 1 0 2 67 74 1 5 1 25 65 14 1 5 0 3 55 24 1 5 1 35 96
4/4 75 0 2 0 0 99 53 1 5 0 0 54 24 1 5 0 0 100 23 1 5 1 5 58 74 0 1 0 1 67 24 1 5 1 15 98 14 0 1 0 2 93 525 0 1 0 2 102 615 0 1 0 2 90 613 1 5 0 2 62 23 1 5 1 25 57 614 0 1 0 3 58 24 1 5 1 35 108
4/4 24 0 1 0 0 105 55 0 1 0 0 100 73 1 5 0 0 71 54 1 15 1 5 61 45 1 5 0 1 109 35 1 5 1 15 108 45 1 15 0 2 94 713 0 1 0 2 69 54 1 5 0 3 72 24 0 1 1 35 93 54 0 1 1 35 65
4/4 14 1 5 0 0 91 13 0 3 0 0 68 35 1 5 1 5 94 55 1 5 0 1 101 75 1 5 1 15 95 24 0 1 0 2 101 15 1 5 0 2 100 25 1 5 1 25 92 615 1 5 0 3 93 23 0 1 0 3 61 45 1 5 1 35 107
4/4 55 0 1 0 0 97 53 0 1 0 0 63 74 1 5 1 5 104 24 1 5 0 1 92 74 1 5 1 15 107 54 0 2 0 2 90
4/4 13 0 4 0 0 65 35 0 1 1 5 93 55 0 1 1 5 90 25 0 1 1 5 102 15 1 5 0 1 106 75 1 5 1 15 103 75 1 5 0 2 102 615 1 5 1 25 92 55 1 5 0 3 102 615 1 5 1 35 104
4/4 15 1 5 0 0 91 74 0 4 0 0 66 75 1 5 1 5 103 615 1 5 0 1 95 75 1 5 1 15 96 55 0 1 0 2 102 75 0 1 0 2 91 46 0 1 0 2 100 36 1 5 1 35 90
4/4 315 0 1 0 0 98 55 0 1 0 0 110 25 1 15 0 0 100 13 0 1 0 0 65 74 0 1 0 0 74 15 1 5 1 15 109 315 0 1 0 2 96 55 0 1 0 2 91 15 0 1 0 2 104 75 1 5 1 35 103
4/4 35 0 1 0 0 108 55 0 1 0 0 96 15 0 1 0 0 109 44 0 4 0 0 62 35 1 5 1 5 94 55 1 5 0 1 106 15 0 1 1 15 105 35 1 5 1 25 102 55 1 5 0 3 104 15 1 5 1 35 107
4/4 615 0 1 0 0 107 25 0 1 0 0 91 74 0 1 0 0 64 614 0 1 0 2 108 74 0 1 0 2 106 24 0 1 0 2 97 73 0 1 0 2 59
4/4 614 0 1 0 0 98 74 0 1 0 0 105 24 0 1 0 0 92 73 0 1 0 0 66
