4/4 15 0 1 0 0 100 35 0 1 0 0 100 63 0 1 0 0 100 13 0 1 0 0 100 33 0 1 0 0 100 15 0 1 1 5 100 35 0 1 1 5 100 715 0 1 0 1 100 24 0 1 0 1 100 15 0 1 1 15 100 35 0 1 1 15 100 225 0 1 0 2 100 45 0 1 0 2 100 15 0 1 0 3 100 35 0 1 0 3 100
4/4 65 0 1 0 0 100 14 0 1 0 0 100 63 0 1 0 0 100 13 0 1 0 0 100 33 0 1 0 0 100 65 0 1 1 5 100 14 0 1 1 5 100 55 0 1 0 1 100 714 0 1 0 1 100 65 0 1 1 15 100 14 0 1 1 15 100 75 0 1 0 2 100 224 0 1 0 2 100 65 0 1 0 3 100 14 0 1 0 3 100
4/4 14 0 1 0 0 100 64 0 1 0 0 100 63 0 1 0 0 100 13 0 1 0 0 100 33 0 1 0 0 100 14 0 1 1 5 100 64 0 1 1 5 100 714 0 1 0 1 100 54 0 1 0 1 100 14 0 1 1 15 100 64 0 1 1 15 100 224 0 1 0 2 100 74 0 1 0 2 100 14 0 1 1 25 100 64 0 1 1 25 100 74 0 1 0 3 100 54 0 1 0 3 100 64 0 1 1 35 100 44 0 1 1 35 100
4/4 54 0 1 0 0 100 34 0 1 0 0 100 33 0 1 0 0 100 53 0 1 0 0 100 72 0 1 0 0 64 34 1 5 0 1 100 35 1 5 0 2 100 36 1 5 0 3 100
4/4 65 0 1 0 0 100 62 0 1 0 0 100 65 0 1 0 1 100 34 0 1 0 1 100 64 0 1 0 1 100 13 0 1 0 1 100 65 0 1 0 2 100 32 0 1 0 2 100 55 0 1 0 3 100 34 0 1 0 3 100 64 0 1 0 3 100 13 0 1 0 3 100 65 0 1 1 35 100 34 0 1 1 35 100 64 0 1 1 35 100 13 0 1 1 35 100
4/4 75 0 2 0 0 100 73 0 1 0 0 100 34 0 1 0 1 100 54 0 1 0 1 100 73 0 1 0 1 100 33 0 1 0 2 100 35 0 1 0 3 100 34 0 1 0 3 100 54 0 1 0 3 100 73 0 1 0 3 100 34 0 1 1 35 100 54 0 1 1 35 100 73 0 1 1 35 100
4/4 75 0 1 0 0 100 72 0 1 0 0 100 75 0 1 0 1 100 34 0 1 0 1 100 54 0 1 0 1 100 223 0 1 0 1 100 75 0 1 0 2 100 32 0 1 0 2 100 65 0 1 0 3 100 34 0 1 0 3 100 54 0 1 0 3 100 223 0 1 0 3 100 75 0 1 1 35 100 34 0 1 1 35 100 54 0 1 1 35 100 223 0 1 1 35 100
4/4 15 0 2 0 0 100 63 0 1 0 0 100 34 0 1 0 1 100 64 0 1 0 1 100 13 0 1 0 1 100 33 0 1 0 2 100 35 0 1 0 3 100 34 0 1 0 3 100 64 0 1 0 3 100 13 0 1 0 3 100 34 0 1 1 35 100 64 0 1 1 35 100 13 0 1 1 35 100
4/4 15 0 1 0 0 100 62 0 1 0 0 100 15 0 1 0 1 100 34 0 1 0 1 100 64 0 1 0 1 100 13 0 1 0 1 100 15 0 1 0 2 100 32 0 1 0 2 100 75 0 1 0 3 100 34 0 1 0 3 100 524 0 1 0 3 100 13 0 1 0 3 100 15 0 1 1 35 100 34 0 1 1 35 100 524 0 1 1 35 100 13 0 1 1 35 100
4/4 225 0 1 0 0 100 221 0 1 0 0 100 225 0 1 0 1 100 44 0 1 0 1 100 64 0 1 0 1 100 223 0 1 0 1 100 225 1 5 0 2 100 222 0 1 0 2 100 15 1 5 1 25 100 75 0 1 0 3 100 44 0 1 0 3 100 64 0 1 0 3 100 223 0 1 0 3 100 65 0 1 1 35 100 44 0 1 1 35 100 64 0 1 1 35 100 223 0 1 1 35 100
4/4 55 0 1 0 0 100 32 0 1 0 0 100 55 0 1 0 1 100 54 0 1 0 1 100 74 0 1 0 1 100 34 0 1 0 1 100 55 0 1 0 2 100 32 0 1 0 2 100 45 0 1 0 3 100 54 0 1 0 3 100 74 0 1 0 3 100 223 0 1 0 3 100 55 0 1 1 35 100 54 0 1 1 35 100 74 0 1 1 35 100 223 0 1 1 35 100
4/4 65 0 1 0 0 100 62 0 1 0 0 100 34 0 1 0 1 100 64 0 1 0 1 100 14 0 1 0 1 100 32 0 1 0 1 100 34 0 1 0 2 100 64 0 1 0 2 100 14 0 1 0 2 100 62 0 1 0 2 100 36 0 1 0 3 100
4/4 66 0 1 0 0 100 62 0 1 0 0 100 66 0 1 0 1 100 34 0 1 0 1 100 64 0 1 0 1 100 13 0 1 0 1 100 66 0 1 0 2 100 32 0 1 0 2 100 56 0 1 0 3 100 34 0 1 0 3 100 64 0 1 0 3 100 13 0 1 0 3 100 66 0 1 1 35 100 34 0 1 1 35 100 64 0 1 1 35 100 13 0 1 1 35 100
4/4 56 0 1 0 0 100 75 0 1 0 0 100 73 0 1 0 0 100 34 0 1 0 1 100 54 0 1 0 1 100 73 0 1 0 1 100 33 0 1 0 2 100 36 0 1 0 3 100 34 0 1 0 3 100 54 0 1 0 3 100 73 0 1 0 3 100 34 0 1 1 35 100 54 0 1 1 35 100 73 0 1 1 35 100
4/4 56 0 1 0 0 100 76 0 1 0 0 100 72 0 1 0 0 100 56 0 1 0 1 100 76 0 1 0 1 100 34 0 1 0 1 100 54 0 1 0 1 100 223 0 1 0 1 100 56 0 1 0 2 100 76 0 1 0 2 100 32 0 1 0 2 100 46 0 1 0 3 100 66 0 1 0 3 100 34 0 1 0 3 100 54 0 1 0 3 100 223 0 1 0 3 100 56 0 1 1 35 100 76 0 1 1 35 100 34 0 1 1 35 100 54 0 1 1 35 100 223 0 1 1 35 100
4/4 66 0 1 0 0 100 15 0 1 0 0 100 63 0 1 0 0 100 34 0 1 0 1 100 64 0 1 0 1 100 13 0 1 0 1 100 33 0 1 0 2 100 36 0 1 0 3 100 34 0 1 0 3 100 64 0 1 0 3 100 13 0 1 0 3 100 34 0 1 1 35 100 64 0 1 1 35 100 13 0 1 1 35 100
4/4 66 0 1 0 0 100 16 0 1 0 0 100 62 0 1 0 0 100 66 0 1 0 1 100 16 0 1 0 1 100 34 0 1 0 1 100 64 0 1 0 1 100 13 0 1 0 1 100 66 0 1 0 2 100 16 0 1 0 2 100 32 0 1 0 2 100 526 0 1 0 3 100 76 0 1 0 3 100 34 0 1 0 3 100 524 0 1 0 3 100 13 0 1 0 3 100 66 0 1 1 35 100 16 0 1 1 35 100 34 0 1 1 35 100 524 0 1 1 35 100 13 0 1 1 35 100
4/4 76 0 1 0 0 100 226 0 1 0 0 100 221 0 1 0 0 100 76 0 1 0 1 100 226 0 1 0 1 100 44 0 1 0 1 100 64 0 1 0 1 100 223 0 1 0 1 100 76 0 1 0 2 100 225 0 1 0 2 100 222 0 1 0 2 100 66 0 1 1 25 100 15 0 1 1 25 100 56 0 1 0 3 100 76 0 1 0 3 100 44 0 1 0 3 100 64 0 1 0 3 100 223 0 1 0 3 100 46 0 1 1 35 100 66 0 1 1 35 100 44 0 1 1 35 100 64 0 1 1 35 100 223 0 1 1 35 100
4/4 36 0 1 0 0 100 56 0 1 0 0 100 32 0 1 0 0 100 36 0 1 0 1 100 56 0 1 0 1 100 54 0 1 0 1 100 74 0 1 0 1 100 34 0 1 0 1 100 36 0 1 0 2 100 56 0 1 0 2 100 32 0 1 0 2 100 225 0 1 0 3 100 46 0 1 0 3 100 54 0 1 0 3 100 74 0 1 0 3 100 223 0 1 0 3 100 56 0 1 1 35 100 54 0 1 1 35 100 74 0 1 1 35 100 223 0 1 1 35 100
4/4 15 0 1 0 0 100 65 0 1 0 0 100 63 0 1 0 0 100 34 0 1 0 1 100 64 0 1 0 1 100 13 0 1 0 1 100 73 0 1 0 2 100 13 0 1 0 3 100
4/4 224 0 1 0 0 100 45 0 1 0 0 100 221 0 1 0 0 100 224 0 1 0 1 100 44 0 1 0 1 100 223 0 1 0 1 100 43 0 1 0 1 100 223 0 1 1 15 100 43 0 1 1 15 100 224 0 1 0 2 100 45 0 1 0 2 100 221 0 1 0 2 100 14 0 1 0 3 100 35 0 1 0 3 100 223 0 1 0 3 100 43 0 1 0 3 100 74 0 1 1 35 100 224 0 1 1 35 100 223 0 1 1 35 100 43 0 1 1 35 100
4/4 35 3 2667 0 0 100 63 0 1 0 0 100 13 0 1 0 1 100 33 0 1 0 1 100 13 0 1 1 15 100 33 0 1 1 15 100 63 0 1 0 2 100 14 0 1 0 3 100 34 0 1 0 3 100 13 0 1 0 3 100 33 0 1 0 3 100 13 0 1 1 35 100 33 0 1 1 35 100
4/4 74 0 1 0 0 100 224 0 1 0 0 100 221 0 1 0 0 100 74 0 1 0 1 100 223 0 1 0 1 100 223 0 1 0 1 100 43 0 1 0 1 100 223 0 1 1 15 100 43 0 1 1 15 100 74 0 1 0 2 100 224 0 1 0 2 100 221 0 1 0 2 100 64 0 1 0 3 100 14 0 1 0 3 100 223 0 1 0 3 100 43 0 1 0 3 100 54 0 1 1 35 100 74 0 1 1 35 100 223 0 1 1 35 100 43 0 1 1 35 100
4/4 14 3 2667 0 0 100 63 0 1 0 0 100 13 0 1 0 1 100 33 0 1 0 1 100 13 0 1 1 15 100 33 0 1 1 15 100 62 0 1 0 2 100 72 0 1 0 3 100
4/4 14 0 1 0 0 100 11 0 1 0 0 100 14 0 1 0 1 100 73 0 1 0 1 100 13 0 1 0 1 100 313 0 1 0 1 100 73 0 1 1 15 100 13 0 1 1 15 100 313 0 1 1 15 100 14 0 1 0 2 100 11 0 1 0 2 100 74 0 1 0 3 100 24 0 1 0 3 100 73 0 1 0 3 100 13 0 1 0 3 100 313 0 1 0 3 100 74 0 1 1 35 100 315 0 1 1 35 100 73 0 1 1 35 100 13 0 1 1 35 100 313 0 1 1 35 100
4/4 45 2 175 0 0 100 43 0 1 0 0 100 63 0 1 0 1 100 13 0 1 0 1 100 43 0 1 0 1 100 63 0 1 1 15 100 13 0 1 1 15 100 43 0 1 1 15 100 64 0 1 0 2 100 14 0 1 0 2 100 42 0 1 0 2 100 64 0 1 0 3 100 44 0 1 0 3 100 63 0 1 0 3 100 13 0 1 0 3 100 43 0 1 0 3 100 63 0 1 1 35 100 13 0 1 1 35 100 43 0 1 1 35 100
4/4 45 2 175 0 0 100 73 0 1 0 1 100 23 0 1 0 1 100 43 0 1 0 1 100 73 0 1 1 15 100 23 0 1 1 15 100 43 0 1 1 15 100 14 0 1 0 2 100 34 0 1 0 2 100 74 0 1 0 3 100 223 0 1 0 3 100 73 0 1 0 3 100 23 0 1 0 3 100 43 0 1 0 3 100 73 0 1 1 35 100 23 0 1 1 35 100 43 0 1 1 35 100
4/4 54 0 1 0 0 100 35 0 1 0 0 100 33 0 1 0 0 100 53 0 1 0 0 100 73 0 1 0 0 64 33 0 1 0 0 64 34 0 1 0 1 100 35 0 1 0 1 100 32 0 1 0 1 100 44 0 1 0 2 100 45 0 1 0 2 100 42 0 1 0 2 100 54 0 1 0 3 100 55 0 1 0 3 100 52 0 1 0 3 100
4/4 65 0 1 0 0 100 62 0 1 0 0 100 65 0 1 0 1 100 34 0 1 0 1 100 64 0 1 0 1 100 13 0 1 0 1 100 65 0 1 0 2 100 32 0 1 0 2 100 55 0 1 0 3 100 34 0 1 0 3 100 64 0 1 0 3 100 13 0 1 0 3 100 65 0 1 1 35 100 34 0 1 1 35 100 64 0 1 1 35 100 13 0 1 1 35 100
4/4 55 0 1 0 0 100 74 0 1 0 0 100 73 0 1 0 0 100 34 0 1 0 1 100 54 0 1 0 1 100 73 0 1 0 1 100 33 0 1 0 2 100 35 0 1 0 3 100 34 0 1 0 3 100 54 0 1 0 3 100 73 0 1 0 3 100 34 0 1 1 35 100 54 0 1 1 35 100 73 0 1 1 35 100
4/4 55 0 1 0 0 100 75 0 1 0 0 100 72 0 1 0 0 100 55 0 1 0 1 100 75 0 1 0 1 100 34 0 1 0 1 100 54 0 1 0 1 100 223 0 1 0 1 100 55 0 1 0 2 100 75 0 1 0 2 100 32 0 1 0 2 100 45 0 1 0 3 100 65 0 1 0 3 100 34 0 1 0 3 100 54 0 1 0 3 100 223 0 1 0 3 100 55 0 1 1 35 100 75 0 1 1 35 100 34 0 1 1 35 100 54 0 1 1 35 100 223 0 1 1 35 100
4/4 65 0 1 0 0 100 14 0 1 0 0 100 63 0 1 0 0 100 34 0 1 0 1 100 64 0 1 0 1 100 13 0 1 0 1 100 33 0 1 0 2 100 35 0 1 0 3 100 34 0 1 0 3 100 64 0 1 0 3 100 13 0 1 0 3 100 34 0 1 1 35 100 64 0 1 1 35 100 13 0 1 1 35 100
4/4 65 0 1 0 0 100 15 0 1 0 0 100 62 0 1 0 0 100 65 0 1 0 1 100 15 0 1 0 1 100 34 0 1 0 1 100 64 0 1 0 1 100 13 0 1 0 1 100 65 0 1 0 2 100 15 0 1 0 2 100 32 0 1 0 2 100 525 0 1 0 3 100 75 0 1 0 3 100 34 0 1 0 3 100 524 0 1 0 3 100 13 0 1 0 3 100 65 0 1 1 35 100 15 0 1 1 35 100 34 0 1 1 35 100 524 0 1 1 35 100 13 0 1 1 35 100
4/4 45 0 1 0 0 100 225 0 1 0 0 100 221 0 1 0 0 100 45 0 1 0 1 100 225 0 1 0 1 100 44 0 1 0 1 100 64 0 1 0 1 100 223 0 1 0 1 100 75 0 1 0 2 100 224 0 1 0 2 100 222 0 1 0 2 100 65 0 1 1 25 100 14 0 1 1 25 100 55 0 1 0 3 100 75 0 1 0 3 100 44 0 1 0 3 100 64 0 1 0 3 100 223 0 1 0 3 100 45 0 1 1 35 100 65 0 1 1 35 100 44 0 1 1 35 100 64 0 1 1 35 100 223 0 1 1 35 100
4/4 35 0 1 0 0 100 55 0 1 0 0 100 32 0 1 0 0 100 35 0 1 0 1 100 55 0 1 0 1 100 54 0 1 0 1 100 74 0 1 0 1 100 34 0 1 0 1 100 35 0 1 0 2 100 55 0 1 0 2 100 32 0 1 0 2 100 224 0 1 0 3 100 45 0 1 0 3 100 54 0 1 0 3 100 74 0 1 0 3 100 223 0 1 0 3 100 35 0 1 1 35 100 55 0 1 1 35 100 54 0 1 1 35 100 74 0 1 1 35 100 223 0 1 1 35 100
4/4 14 0 1 0 0 100 65 0 1 0 0 100 62 0 1 0 0 100 34 0 1 0 1 100 64 0 1 0 1 100 13 0 1 0 1 100 33 0 1 0 1 100 34 0 1 1 15 100 64 0 1 1 15 100 13 0 1 1 15 100 34 0 1 0 2 100 64 0 1 0 2 100 14 0 1 0 2 100 62 0 1 0 2 100
4/4 65 0 1 0 0 100 14 0 1 0 0 100 63 0 1 0 0 100 34 0 1 0 1 100 64 0 1 0 1 100 13 0 1 0 1 100 65 0 1 0 2 100 14 0 1 0 2 100 34 0 1 0 2 100 64 0 1 0 2 100 13 0 1 0 2 100 75 0 1 1 25 100 224 0 1 1 25 100 63 0 1 0 3 100 15 0 1 1 35 100 35 0 1 1 35 100
4/4 55 0 1 0 0 100 74 0 1 0 0 100 53 0 1 0 0 100 34 0 1 0 1 100 54 0 1 0 1 100 73 0 1 0 1 100 34 0 1 0 2 100 54 0 1 0 2 100 73 0 1 0 2 100 35 0 1 0 3 100 52 0 1 0 3 100
4/4 45 0 1 0 0 100 64 0 1 0 0 100 43 0 1 0 0 100 44 0 1 0 1 100 64 0 1 0 1 100 13 0 1 0 1 100 45 0 1 0 2 100 64 0 1 0 2 100 44 0 1 0 2 100 64 0 1 0 2 100 13 0 1 0 2 100 55 0 1 1 25 100 74 0 1 1 25 100 43 0 1 0 3 100 65 0 1 1 35 100 14 0 1 1 35 100
4/4 35 0 1 0 0 100 54 0 1 0 0 100 33 0 1 0 0 100 34 0 1 0 1 100 54 0 1 0 1 100 13 0 1 0 1 100 34 0 1 0 2 100 54 0 1 0 2 100 13 0 1 0 2 100 35 0 1 0 3 100 32 0 1 0 3 100
4/4 224 0 1 0 0 100 44 0 1 0 0 100 222 0 1 0 0 100 223 0 1 0 1 100 44 0 1 0 1 100 63 0 1 0 1 100 224 0 1 0 2 100 44 0 1 0 2 100 223 0 1 0 2 100 44 0 1 0 2 100 63 0 1 0 2 100 35 0 1 1 25 100 54 0 1 1 25 100 222 0 1 0 3 100 45 0 1 1 35 100 64 0 1 1 35 100
4/4 14 0 1 0 0 100 34 0 1 0 0 100 12 0 1 0 0 100 13 0 1 0 1 100 34 0 1 0 1 100 63 0 1 0 1 100 35 0 1 0 2 100 65 0 1 0 2 100 13 0 1 0 2 100 34 0 1 0 2 100 63 0 1 0 2 100 65 0 1 0 3 100 15 0 1 0 3 100 11 0 1 0 3 100
4/4 75 0 1 0 0 100 224 0 1 0 0 100 72 0 1 0 0 100 223 0 1 0 1 100 44 0 1 0 1 100 63 0 1 0 1 100 75 0 1 0 2 100 224 0 1 0 2 100 223 0 1 0 2 100 44 0 1 0 2 100 63 0 1 0 2 100 65 0 1 1 25 100 14 0 1 1 25 100 55 0 1 0 3 100 74 0 1 0 3 100 73 0 1 0 3 100 45 0 1 1 35 100 64 0 1 1 35 100
4/4 55 0 1 0 0 100 14 0 1 0 0 100 12 0 1 0 0 100 13 0 1 0 1 100 44 0 1 0 1 100 53 0 1 0 1 100 12 0 1 0 2 100 222 0 1 0 3 100
4/4 45 0 1 0 0 100 74 0 1 0 0 100 33 0 1 0 0 100 224 1 5 1 5 100 14 1 5 0 1 100 74 1 5 1 15 100 64 1 5 0 2 64 54 1 5 1 25 64 35 0 1 0 3 100 44 1 5 0 3 64 34 1 5 1 35 64
4/4 65 0 1 0 0 100 62 0 1 0 0 100 35 3 333 0 0 100 65 0 1 0 1 100 34 0 1 0 1 100 64 0 1 0 1 100 13 0 1 0 1 100 65 0 1 0 2 100 32 0 1 0 2 100 55 0 1 0 3 100 34 0 1 0 3 100 64 0 1 0 3 100 13 0 1 0 3 100 65 0 1 1 35 100 34 0 1 1 35 100 64 0 1 1 35 100 13 0 1 1 35 100
4/4 75 0 2 0 0 100 73 0 1 0 0 100 34 0 1 0 1 100 54 0 1 0 1 100 73 0 1 0 1 100 33 0 1 0 2 100 35 0 1 0 3 100 34 0 1 0 3 100 54 0 1 0 3 100 73 0 1 0 3 100 34 0 1 1 35 100 54 0 1 1 35 100 73 0 1 1 35 100
4/4 75 0 1 0 0 100 72 0 1 0 0 100 75 0 1 0 1 100 34 0 1 0 1 100 54 0 1 0 1 100 223 0 1 0 1 100 75 0 1 0 2 100 32 0 1 0 2 100 65 0 1 0 3 100 34 0 1 0 3 100 54 0 1 0 3 100 223 0 1 0 3 100 75 0 1 1 35 100 34 0 1 1 35 100 54 0 1 1 35 100 223 0 1 1 35 100
4/4 15 0 2 0 0 100 63 0 1 0 0 100 34 0 1 0 1 100 64 0 1 0 1 100 13 0 1 0 1 100 33 0 1 0 2 100 35 0 1 0 3 100 34 0 1 0 3 100 64 0 1 0 3 100 13 0 1 0 3 100 34 0 1 1 35 100 64 0 1 1 35 100 13 0 1 1 35 100
4/4 15 0 1 0 0 100 62 0 1 0 0 100 15 0 1 0 1 100 34 0 1 0 1 100 64 0 1 0 1 100 13 0 1 0 1 100 15 0 1 0 2 100 32 0 1 0 2 100 75 0 1 0 3 100 34 0 1 0 3 100 524 0 1 0 3 100 13 0 1 0 3 100 15 0 1 1 35 100 34 0 1 1 35 100 524 0 1 1 35 100 13 0 1 1 35 100
4/4 225 0 1 0 0 100 221 0 1 0 0 100 225 0 1 0 1 100 44 0 1 0 1 100 64 0 1 0 1 100 223 0 1 0 1 100 225 1 5 0 2 100 222 0 1 0 2 100 15 1 5 1 25 100 75 0 1 0 3 100 44 0 1 0 3 100 64 0 1 0 3 100 223 0 1 0 3 100 65 0 1 1 35 100 44 0 1 1 35 100 64 0 1 1 35 100 223 0 1 1 35 100
4/4 55 0 1 0 0 100 32 0 1 0 0 100 55 0 1 0 1 100 54 0 1 0 1 100 74 0 1 0 1 100 34 0 1 0 1 100 55 0 1 0 2 100 32 0 1 0 2 100 45 0 1 0 3 100 54 0 1 0 3 100 74 0 1 0 3 100 223 0 1 0 3 100 55 0 1 1 35 100 54 0 1 1 35 100 74 0 1 1 35 100 223 0 1 1 35 100
4/4 65 0 1 0 0 100 62 0 1 0 0 100 34 0 1 0 1 100 64 0 1 0 1 100 14 0 1 0 1 100 32 0 1 0 1 100 34 0 1 0 2 100 64 0 1 0 2 100 14 0 1 0 2 100 62 0 1 0 2 100 36 0 1 0 3 100
4/4 66 0 1 0 0 100 62 0 1 0 0 100 66 0 1 0 1 100 34 0 1 0 1 100 64 0 1 0 1 100 13 0 1 0 1 100 66 0 1 0 2 100 32 0 1 0 2 100 56 0 1 0 3 100 34 0 1 0 3 100 64 0 1 0 3 100 13 0 1 0 3 100 66 0 1 1 35 100 34 0 1 1 35 100 64 0 1 1 35 100 13 0 1 1 35 100
4/4 56 0 1 0 0 100 75 0 1 0 0 100 73 0 1 0 0 100 34 0 1 0 1 100 54 0 1 0 1 100 73 0 1 0 1 100 33 0 1 0 2 100 36 0 1 0 3 100 34 0 1 0 3 100 54 0 1 0 3 100 73 0 1 0 3 100 34 0 1 1 35 100 54 0 1 1 35 100 73 0 1 1 35 100
4/4 56 0 1 0 0 100 76 0 1 0 0 100 72 0 1 0 0 100 56 0 1 0 1 100 76 0 1 0 1 100 34 0 1 0 1 100 54 0 1 0 1 100 223 0 1 0 1 100 56 0 1 0 2 100 76 0 1 0 2 100 32 0 1 0 2 100 46 0 1 0 3 100 66 0 1 0 3 100 34 0 1 0 3 100 54 0 1 0 3 100 223 0 1 0 3 100 56 0 1 1 35 100 76 0 1 1 35 100 34 0 1 1 35 100 54 0 1 1 35 100 223 0 1 1 35 100
4/4 66 0 1 0 0 100 15 0 1 0 0 100 63 0 1 0 0 100 34 0 1 0 1 100 64 0 1 0 1 100 13 0 1 0 1 100 33 0 1 0 2 100 36 0 1 0 3 100 34 0 1 0 3 100 64 0 1 0 3 100 13 0 1 0 3 100 34 0 1 1 35 100 64 0 1 1 35 100 13 0 1 1 35 100
4/4 66 0 1 0 0 100 16 0 1 0 0 100 62 0 1 0 0 100 66 0 1 0 1 100 16 0 1 0 1 100 34 0 1 0 1 100 64 0 1 0 1 100 13 0 1 0 1 100 66 0 1 0 2 100 16 0 1 0 2 100 32 0 1 0 2 100 526 0 1 0 3 100 76 0 1 0 3 100 34 0 1 0 3 100 524 0 1 0 3 100 13 0 1 0 3 100 66 0 1 1 35 100 16 0 1 1 35 100 34 0 1 1 35 100 524 0 1 1 35 100 13 0 1 1 35 100
4/4 76 0 1 0 0 100 226 0 1 0 0 100 221 0 1 0 0 100 76 0 1 0 1 100 226 0 1 0 1 100 44 0 1 0 1 100 64 0 1 0 1 100 223 0 1 0 1 100 76 0 1 0 2 100 225 0 1 0 2 100 222 0 1 0 2 100 66 0 1 1 25 100 15 0 1 1 25 100 56 0 1 0 3 100 76 0 1 0 3 100 44 0 1 0 3 100 64 0 1 0 3 100 223 0 1 0 3 100 46 0 1 1 35 100 66 0 1 1 35 100 44 0 1 1 35 100 64 0 1 1 35 100 223 0 1 1 35 100
4/4 36 0 1 0 0 100 56 0 1 0 0 100 32 0 1 0 0 100 36 0 1 0 1 100 56 0 1 0 1 100 54 0 1 0 1 100 74 0 1 0 1 100 34 0 1 0 1 100 36 0 1 0 2 100 56 0 1 0 2 100 32 0 1 0 2 100 225 0 1 0 3 100 46 0 1 0 3 100 54 0 1 0 3 100 74 0 1 0 3 100 223 0 1 0 3 100 56 0 1 1 35 100 54 0 1 1 35 100 74 0 1 1 35 100 223 0 1 1 35 100
4/4 15 0 1 0 0 100 65 0 1 0 0 100 63 0 1 0 0 100 34 0 1 0 1 100 64 0 1 0 1 100 13 0 1 0 1 100 73 0 1 0 2 100 13 0 1 0 3 100
4/4 224 0 1 0 0 100 45 0 1 0 0 100 221 0 1 0 0 100 224 0 1 0 1 100 44 0 1 0 1 100 223 0 1 0 1 100 43 0 1 0 1 100 223 0 1 1 15 100 43 0 1 1 15 100 224 0 1 0 2 100 45 0 1 0 2 100 221 0 1 0 2 100 14 0 1 0 3 100 35 0 1 0 3 100 223 0 1 0 3 100 43 0 1 0 3 100 74 0 1 1 35 100 224 0 1 1 35 100 223 0 1 1 35 100 43 0 1 1 35 100
4/4 35 3 2667 0 0 100 63 0 1 0 0 100 13 0 1 0 1 100 33 0 1 0 1 100 13 0 1 1 15 100 33 0 1 1 15 100 63 0 1 0 2 100 14 0 1 0 3 100 34 0 1 0 3 100 13 0 1 0 3 100 33 0 1 0 3 100 13 0 1 1 35 100 33 0 1 1 35 100
4/4 74 0 1 0 0 100 224 0 1 0 0 100 221 0 1 0 0 100 74 0 1 0 1 100 223 0 1 0 1 100 223 0 1 0 1 100 43 0 1 0 1 100 223 0 1 1 15 100 43 0 1 1 15 100 74 0 1 0 2 100 224 0 1 0 2 100 221 0 1 0 2 100 64 0 1 0 3 100 14 0 1 0 3 100 223 0 1 0 3 100 43 0 1 0 3 100 54 0 1 1 35 100 74 0 1 1 35 100 223 0 1 1 35 100 43 0 1 1 35 100
4/4 14 3 2667 0 0 100 63 0 1 0 0 100 13 0 1 0 1 100 33 0 1 0 1 100 13 0 1 1 15 100 33 0 1 1 15 100 62 0 1 0 2 100 72 0 1 0 3 100
4/4 14 0 1 0 0 100 11 0 1 0 0 100 14 0 1 0 1 100 73 0 1 0 1 100 13 0 1 0 1 100 313 0 1 0 1 100 73 0 1 1 15 100 13 0 1 1 15 100 313 0 1 1 15 100 14 0 1 0 2 100 11 0 1 0 2 100 74 0 1 0 3 100 24 0 1 0 3 100 73 0 1 0 3 100 13 0 1 0 3 100 313 0 1 0 3 100 74 0 1 1 35 100 315 0 1 1 35 100 73 0 1 1 35 100 13 0 1 1 35 100 313 0 1 1 35 100
4/4 45 2 175 0 0 100 43 0 1 0 0 100 63 0 1 0 1 100 13 0 1 0 1 100 43 0 1 0 1 100 63 0 1 1 15 100 13 0 1 1 15 100 43 0 1 1 15 100 64 0 1 0 2 100 14 0 1 0 2 100 42 0 1 0 2 100 64 0 1 0 3 100 44 0 1 0 3 100 63 0 1 0 3 100 13 0 1 0 3 100 43 0 1 0 3 100 63 0 1 1 35 100 13 0 1 1 35 100 43 0 1 1 35 100
4/4 45 2 175 0 0 100 72 0 1 0 0 100 73 0 1 0 1 100 23 0 1 0 1 100 43 0 1 0 1 100 73 0 1 1 15 100 23 0 1 1 15 100 43 0 1 1 15 100 14 0 1 0 2 100 35 0 1 0 2 100 71 0 1 0 2 100 74 0 1 0 3 100 223 0 1 0 3 100 73 0 1 0 3 100 23 0 1 0 3 100 43 0 1 0 3 100 73 0 1 1 35 100 23 0 1 1 35 100 43 0 1 1 35 100
4/4 54 0 1 0 0 100 35 0 1 0 0 100 33 0 1 0 0 100 53 0 1 0 0 100 73 0 1 0 0 64 33 0 1 0 0 64 34 0 1 0 1 100 35 0 1 0 1 100 32 0 1 0 1 100 44 0 1 0 2 100 45 0 1 0 2 100 42 0 1 0 2 100 54 0 1 0 3 100 55 0 1 0 3 100 52 0 1 0 3 100
4/4 65 0 1 0 0 100 62 0 1 0 0 100 65 0 1 0 1 100 34 0 1 0 1 100 64 0 1 0 1 100 13 0 1 0 1 100 65 0 1 0 2 100 32 0 1 0 2 100 55 0 1 0 3 100 34 0 1 0 3 100 64 0 1 0 3 100 13 0 1 0 3 100 65 0 1 1 35 100 34 0 1 1 35 100 64 0 1 1 35 100 13 0 1 1 35 100
4/4 55 0 1 0 0 100 74 0 1 0 0 100 73 0 1 0 0 100 34 0 1 0 1 100 54 0 1 0 1 100 73 0 1 0 1 100 33 0 1 0 2 100 35 0 1 0 3 100 34 0 1 0 3 100 54 0 1 0 3 100 73 0 1 0 3 100 34 0 1 1 35 100 54 0 1 1 35 100 73 0 1 1 35 100
4/4 55 0 1 0 0 100 75 0 1 0 0 100 72 0 1 0 0 100 55 0 1 0 1 100 75 0 1 0 1 100 34 0 1 0 1 100 54 0 1 0 1 100 223 0 1 0 1 100 55 0 1 0 2 100 75 0 1 0 2 100 32 0 1 0 2 100 45 0 1 0 3 100 65 0 1 0 3 100 34 0 1 0 3 100 54 0 1 0 3 100 223 0 1 0 3 100 55 0 1 1 35 100 75 0 1 1 35 100 34 0 1 1 35 100 54 0 1 1 35 100 223 0 1 1 35 100
4/4 65 0 1 0 0 100 14 0 1 0 0 100 63 0 1 0 0 100 34 0 1 0 1 100 64 0 1 0 1 100 13 0 1 0 1 100 33 0 1 0 2 100 35 0 1 0 3 100 34 0 1 0 3 100 64 0 1 0 3 100 13 0 1 0 3 100 34 0 1 1 35 100 64 0 1 1 35 100 13 0 1 1 35 100
4/4 65 0 1 0 0 100 15 0 1 0 0 100 62 0 1 0 0 100 65 0 1 0 1 100 15 0 1 0 1 100 34 0 1 0 1 100 64 0 1 0 1 100 13 0 1 0 1 100 65 0 1 0 2 100 15 0 1 0 2 100 32 0 1 0 2 100 525 0 1 0 3 100 75 0 1 0 3 100 34 0 1 0 3 100 524 0 1 0 3 100 13 0 1 0 3 100 65 0 1 1 35 100 15 0 1 1 35 100 34 0 1 1 35 100 524 0 1 1 35 100 13 0 1 1 35 100
4/4 45 0 1 0 0 100 225 0 1 0 0 100 221 0 1 0 0 100 45 0 1 0 1 100 225 0 1 0 1 100 44 0 1 0 1 100 64 0 1 0 1 100 223 0 1 0 1 100 75 0 1 0 2 100 224 0 1 0 2 100 222 0 1 0 2 100 65 0 1 1 25 100 14 0 1 1 25 100 55 0 1 0 3 100 75 0 1 0 3 100 44 0 1 0 3 100 64 0 1 0 3 100 223 0 1 0 3 100 45 0 1 1 35 100 65 0 1 1 35 100 44 0 1 1 35 100 64 0 1 1 35 100 223 0 1 1 35 100
4/4 35 0 1 0 0 100 55 0 1 0 0 100 32 0 1 0 0 100 35 0 1 0 1 100 55 0 1 0 1 100 54 0 1 0 1 100 74 0 1 0 1 100 34 0 1 0 1 100 35 0 1 0 2 100 55 0 1 0 2 100 32 0 1 0 2 100 224 0 1 0 3 100 45 0 1 0 3 100 54 0 1 0 3 100 74 0 1 0 3 100 223 0 1 0 3 100 35 0 1 1 35 100 55 0 1 1 35 100 54 0 1 1 35 100 74 0 1 1 35 100 223 0 1 1 35 100
4/4 14 0 1 0 0 100 65 0 1 0 0 100 62 0 1 0 0 100 34 0 1 0 1 100 64 0 1 0 1 100 13 0 1 0 1 100 33 0 1 0 1 100 34 0 1 1 15 100 64 0 1 1 15 100 13 0 1 1 15 100 34 0 1 0 2 100 64 0 1 0 2 100 14 0 1 0 2 100 62 0 1 0 2 100 34 0 1 0 3 100
4/4 224 0 1 0 0 100 45 0 1 0 0 100 221 0 1 0 0 100 224 0 1 0 1 100 44 0 1 0 1 100 223 0 1 0 1 100 43 0 1 0 1 100 223 0 1 1 15 100 43 0 1 1 15 100 224 0 1 0 2 100 45 0 1 0 2 100 221 0 1 0 2 100 14 0 1 0 3 100 35 0 1 0 3 100 223 0 1 0 3 100 43 0 1 0 3 100 74 0 1 1 35 100 224 0 1 1 35 100 223 0 1 1 35 100 43 0 1 1 35 100
4/4 35 3 2667 0 0 100 63 0 1 0 0 100 13 0 1 0 1 100 33 0 1 0 1 100 13 0 1 1 15 100 33 0 1 1 15 100 63 0 1 0 2 100 14 0 1 0 3 100 34 0 1 0 3 100 13 0 1 0 3 100 33 0 1 0 3 100 13 0 1 1 35 100 33 0 1 1 35 100
4/4 74 0 1 0 0 100 224 0 1 0 0 100 221 0 1 0 0 100 74 0 1 0 1 100 223 0 1 0 1 100 223 0 1 0 1 100 43 0 1 0 1 100 223 0 1 1 15 100 43 0 1 1 15 100 74 0 1 0 2 100 224 0 1 0 2 100 221 0 1 0 2 100 64 0 1 0 3 100 14 0 1 0 3 100 223 0 1 0 3 100 43 0 1 0 3 100 54 0 1 1 35 100 74 0 1 1 35 100 223 0 1 1 35 100 43 0 1 1 35 100
4/4 14 3 2667 0 0 100 63 0 1 0 0 100 13 0 1 0 1 100 33 0 1 0 1 100 13 0 1 1 15 100 33 0 1 1 15 100 62 0 1 0 2 100 72 0 1 0 3 100
4/4 14 0 1 0 0 100 11 0 1 0 0 100 14 0 1 0 1 100 73 0 1 0 1 100 13 0 1 0 1 100 313 0 1 0 1 100 73 0 1 1 15 100 13 0 1 1 15 100 313 0 1 1 15 100 14 0 1 0 2 100 11 0 1 0 2 100 74 0 1 0 3 100 24 0 1 0 3 100 73 0 1 0 3 100 13 0 1 0 3 100 313 0 1 0 3 100 74 0 1 1 35 100 315 0 1 1 35 100 73 0 1 1 35 100 13 0 1 1 35 100 313 0 1 1 35 100
4/4 45 2 175 0 0 100 43 0 1 0 0 100 63 0 1 0 1 100 13 0 1 0 1 100 43 0 1 0 1 100 63 0 1 1 15 100 13 0 1 1 15 100 43 0 1 1 15 100 64 0 1 0 2 100 14 0 1 0 2 100 42 0 1 0 2 100 64 0 1 0 3 100 44 0 1 0 3 100 63 0 1 0 3 100 13 0 1 0 3 100 43 0 1 0 3 100 63 0 1 1 35 100 13 0 1 1 35 100 43 0 1 1 35 100
4/4 45 2 175 0 0 100 72 0 1 0 0 100 73 0 1 0 1 100 23 0 1 0 1 100 43 0 1 0 1 100 73 0 1 1 15 100 23 0 1 1 15 100 43 0 1 1 15 100 14 0 1 0 2 100 35 0 1 0 2 100 71 0 1 0 2 100 74 0 1 0 3 100 223 0 1 0 3 100 73 0 1 0 3 100 23 0 1 0 3 100 43 0 1 0 3 100 73 0 1 1 35 100 23 0 1 1 35 100 43 0 1 1 35 100
4/4 54 0 1 0 0 100 35 0 1 0 0 100 33 0 1 0 0 100 53 0 1 0 0 100 73 0 1 0 0 64 33 0 1 0 0 64 34 0 1 0 1 100 35 0 1 0 1 100 32 0 1 0 1 100 44 0 1 0 2 100 45 0 1 0 2 100 42 0 1 0 2 100 54 0 1 0 3 100 55 0 1 0 3 100 52 0 1 0 3 100
4/4 65 0 1 0 0 100 62 0 1 0 0 100 65 0 1 0 1 100 34 0 1 0 1 100 64 0 1 0 1 100 13 0 1 0 1 100 65 0 1 0 2 100 32 0 1 0 2 100 55 0 1 0 3 100 34 0 1 0 3 100 64 0 1 0 3 100 13 0 1 0 3 100 65 0 1 1 35 100 34 0 1 1 35 100 64 0 1 1 35 100 13 0 1 1 35 100
4/4 55 0 1 0 0 100 74 0 1 0 0 100 73 0 1 0 0 100 34 0 1 0 1 100 54 0 1 0 1 100 73 0 1 0 1 100 33 0 1 0 2 100 35 0 1 0 3 100 34 0 1 0 3 100 54 0 1 0 3 100 73 0 1 0 3 100 34 0 1 1 35 100 54 0 1 1 35 100 73 0 1 1 35 100
4/4 55 0 1 0 0 100 75 0 1 0 0 100 72 0 1 0 0 100 55 0 1 0 1 100 75 0 1 0 1 100 34 0 1 0 1 100 54 0 1 0 1 100 223 0 1 0 1 100 55 0 1 0 2 100 75 0 1 0 2 100 32 0 1 0 2 100 45 0 1 0 3 100 65 0 1 0 3 100 34 0 1 0 3 100 54 0 1 0 3 100 223 0 1 0 3 100 55 0 1 1 35 100 75 0 1 1 35 100 34 0 1 1 35 100 54 0 1 1 35 100 223 0 1 1 35 100
4/4 65 0 1 0 0 100 14 0 1 0 0 100 63 0 1 0 0 100 34 0 1 0 1 100 64 0 1 0 1 100 13 0 1 0 1 100 33 0 1 0 2 100 35 0 1 0 3 100 34 0 1 0 3 100 64 0 1 0 3 100 13 0 1 0 3 100 34 0 1 1 35 100 64 0 1 1 35 100 13 0 1 1 35 100
4/4 65 0 1 0 0 100 15 0 1 0 0 100 62 0 1 0 0 100 65 0 1 0 1 100 15 0 1 0 1 100 34 0 1 0 1 100 64 0 1 0 1 100 13 0 1 0 1 100 65 0 1 0 2 100 15 0 1 0 2 100 32 0 1 0 2 100 525 0 1 0 3 100 75 0 1 0 3 100 34 0 1 0 3 100 524 0 1 0 3 100 13 0 1 0 3 100 65 0 1 1 35 100 15 0 1 1 35 100 34 0 1 1 35 100 524 0 1 1 35 100 13 0 1 1 35 100
4/4 45 0 1 0 0 100 225 0 1 0 0 100 221 0 1 0 0 100 45 0 1 0 1 100 225 0 1 0 1 100 44 0 1 0 1 100 64 0 1 0 1 100 223 0 1 0 1 100 75 0 1 0 2 100 224 0 1 0 2 100 222 0 1 0 2 100 65 0 1 1 25 100 14 0 1 1 25 100 55 0 1 0 3 100 75 0 1 0 3 100 44 0 1 0 3 100 64 0 1 0 3 100 223 0 1 0 3 100 45 0 1 1 35 100 65 0 1 1 35 100 44 0 1 1 35 100 64 0 1 1 35 100 223 0 1 1 35 100
4/4 35 0 1 0 0 100 55 0 1 0 0 100 32 0 1 0 0 100 35 0 1 0 1 100 55 0 1 0 1 100 54 0 1 0 1 100 74 0 1 0 1 100 34 0 1 0 1 100 35 0 1 0 2 100 55 0 1 0 2 100 32 0 1 0 2 100 224 0 1 0 3 100 45 0 1 0 3 100 54 0 1 0 3 100 74 0 1 0 3 100 223 0 1 0 3 100 35 0 1 1 35 100 55 0 1 1 35 100 54 0 1 1 35 100 74 0 1 1 35 100 223 0 1 1 35 100
4/4 14 0 1 0 0 100 65 0 1 0 0 100 62 0 1 0 0 100 34 0 1 0 1 100 64 0 1 0 1 100 13 0 1 0 1 100 33 0 1 0 1 100 34 0 1 1 15 100 64 0 1 1 15 100 13 0 1 1 15 100 34 0 1 0 2 100 64 0 1 0 2 100 14 0 1 0 2 100 62 0 1 0 2 100 35 0 1 0 3 100
4/4 65 0 1 0 0 100 15 0 1 0 0 100 62 0 1 0 0 100 65 0 1 0 1 100 15 0 1 0 1 100 34 0 1 0 1 100 64 0 1 0 1 100 13 0 1 0 1 100 65 0 1 0 2 100 15 0 1 0 2 100 522 0 1 0 2 100 525 0 1 0 3 100 75 0 1 0 3 100 34 0 1 0 3 100 64 0 1 0 3 100 13 0 1 0 3 100 65 0 1 1 35 100 15 0 1 1 35 100 34 0 1 1 35 100 64 0 1 1 35 100 13 0 1 1 35 100
4/4 45 0 1 0 0 100 225 0 1 0 0 100 42 0 1 0 0 100 45 0 1 0 1 100 225 0 1 0 1 100 44 0 1 0 1 100 64 0 1 0 1 100 223 0 1 0 1 100 75 0 1 0 2 100 224 0 1 0 2 100 313 0 1 0 2 100 65 0 1 1 25 100 14 0 1 1 25 100 55 0 1 0 3 100 75 0 1 0 3 100 44 0 1 0 3 100 54 0 1 0 3 100 223 0 1 0 3 100 45 0 1 1 35 100 65 0 1 1 35 100 44 0 1 1 35 100 54 0 1 1 35 100 223 0 1 1 35 100
4/4 35 0 1 0 0 100 55 0 1 0 0 100 32 0 1 0 0 100 35 0 1 0 1 100 55 0 1 0 1 100 54 0 1 0 1 100 74 0 1 0 1 100 34 0 1 0 1 100 35 0 1 0 2 100 55 0 1 0 2 100 32 0 1 0 2 100 224 0 1 0 3 100 45 0 1 0 3 100 54 0 1 0 3 100 74 0 1 0 3 100 223 0 1 0 3 100 35 0 1 1 35 100 55 0 1 1 35 100 54 0 1 1 35 100 74 0 1 1 35 100 223 0 1 1 35 100
4/4 14 0 1 0 0 100 65 0 1 0 0 100 62 0 1 0 0 100 34 0 1 0 1 100 64 0 1 0 1 100 13 0 1 0 1 100 33 0 1 0 1 100 34 0 1 1 15 100 64 0 1 1 15 100 13 0 1 1 15 100 34 0 1 0 2 100 64 0 1 0 2 100 14 0 1 0 2 100 62 0 1 0 2 100
