3/4
3/4
3/4
3/4
3/4
3/4
3/4
3/4 223 0 2 0 0 127 54 0 1 0 2 128
3/4 64 1 5 0 0 130 54 1 5 1 5 126 44 1 5 0 1 131 34 1 5 1 15 131 54 0 1 0 2 135
3/4 44 0 2 0 0 132 23 3 667 0 2 117 14 1 5 1 25 128
3/4 74 1 5 0 0 123 64 1 5 1 5 120 54 1 5 0 1 134 44 1 5 1 15 134 74 0 1 0 2 118
3/4 34 0 2 0 0 130 34 1 5 0 2 133 44 1 5 1 25 117
3/4 54 0 2 0 0 133 34 0 1 0 2 132 22 0 1 0 2 137 13 2 75 2 225 66
3/4 524 3 333 0 0 126 54 2 175 2 25 71 54 0 1 0 2 136 44 0 1 0 2 118 43 0 1 0 2 55 34 2 75 2 225 55
3/4 44 0 3 0 0 126
3/4 54 2 275 0 0 128
3/4 54 0 2 0 0 131 13 1 5 0 2 70 23 1 5 1 25 73
3/4 34 0 2 0 0 56 23 1 5 0 2 63 13 1 5 1 25 63
3/4 54 0 2 0 0 73 13 1 5 0 2 58 23 1 5 1 25 73
3/4 34 0 2 0 0 73 23 1 5 0 2 74 13 1 5 1 25 58
3/4 14 0 2 0 0 135 64 0 1 0 2 127 74 1 5 1 25 133
3/4 14 1 25 0 0 130 64 0 1 0 0 134 74 0 1 0 0 130 14 1 5 1 25 128
3/4 54 0 3 0 0 136 14 0 2 0 0 121
3/4
3/4 54 1 15 0 0 133 64 1 5 1 15 118 14 1 5 0 2 118 55 1 5 1 25 132
3/4 64 0 3 0 0 134 55 0 1 0 2 134
3/4 45 0 1 0 0 128 35 0 1 0 1 137 24 0 1 0 2 132
3/4 35 0 3 0 0 119
3/4 14 0 2 0 0 136 35 0 1 0 2 119
3/4 24 0 2 0 0 122 54 0 1 0 2 126
3/4 14 0 2 0 0 137 35 0 1 0 2 122
3/4 24 0 2 0 0 121 74 0 1 0 2 121
3/4 14 0 3 0 0 119
3/4 14 0 3 0 0 130
3/4 54 0 1 0 0 120 12 0 3 0 0 123 33 0 1 0 1 128 52 0 1 0 1 124 13 0 1 0 2 134 23 1 5 1 25 131
3/4 34 0 1 0 0 132 711 0 1 0 0 137 33 0 1 0 0 134 52 0 1 0 0 136 13 0 1 0 0 129 23 0 1 0 0 132 33 0 1 0 1 123 52 0 1 0 1 118 23 0 1 0 2 125 13 1 5 1 25 120
3/4 54 0 1 0 0 137 72 0 2 0 0 120 33 0 1 0 0 134 52 0 1 0 0 120 23 0 1 0 0 129 13 0 1 0 0 120 33 0 1 0 1 128 52 0 1 0 1 134 13 0 1 0 2 131 72 1 5 0 2 137 23 1 5 1 25 128
3/4 34 0 2 0 0 123 612 1 25 0 0 119 13 0 2 0 0 117 23 0 2 0 0 123 12 0 1 0 1 132 33 0 1 0 1 120 52 0 1 0 1 130 23 0 1 0 2 136 13 1 5 1 25 136
3/4 23 0 1 0 0 133 13 0 1 0 0 131 42 0 1 0 0 70 12 0 1 0 1 134 33 0 1 0 1 126 62 0 1 0 1 127 64 0 1 0 2 120 74 1 5 1 25 121
3/4 14 0 1 0 0 137 71 0 1 0 0 121 64 0 1 0 0 120 74 0 1 0 0 119 72 0 1 2 75 61 43 0 1 2 75 137 22 0 1 2 75 62 62 0 1 2 75 120 64 0 1 0 1 123 73 0 1 0 1 132 24 0 2 0 1 132 14 1 5 1 25 118
3/4 54 0 1 0 0 128 32 1 5 0 0 66 14 0 1 0 0 128 24 0 1 0 0 122 72 1 15 1 5 125 53 0 1 0 1 69 23 0 1 0 1 117 22 0 1 0 1 133 52 0 1 0 1 122 63 0 1 0 2 67 72 3 333 0 2 121
3/4 73 0 1 0 0 61 312 1 5 0 0 56 72 0 2 1 5 135 223 0 1 0 1 74 222 0 1 0 1 129 52 0 1 0 1 124 314 0 1 0 2 66
3/4 34 0 2 0 0 117 42 0 1 0 0 54 33 0 1 0 1 137 62 0 1 0 1 126 23 1 5 0 2 130 13 1 5 1 25 135
3/4 23 0 2 0 0 126 72 0 1 0 0 131 22 0 1 0 1 131 62 0 1 0 1 131
3/4 44 0 2 0 0 126 72 0 1 0 0 59 43 0 1 0 1 121 72 0 1 0 1 128 34 1 5 0 2 134 43 0 1 0 2 117 72 0 1 0 2 129 23 1 5 1 25 129
3/4 12 0 3 0 0 135 53 0 1 0 1 129 12 0 1 0 1 129 53 0 1 0 2 132 12 0 1 0 2 119
3/4 62 0 1 0 0 55 12 0 1 0 1 64 523 0 1 0 2 130
3/4 62 0 1 0 0 58 523 0 1 0 0 128 523 0 1 0 1 131 12 0 2 0 1 59 523 0 1 0 2 118
3/4 72 0 1 0 0 73 523 0 2 0 0 117 22 0 1 0 1 60 43 0 1 0 2 126 72 0 1 0 2 55
3/4 712 0 1 0 0 55 43 0 2 0 0 123 22 0 1 0 1 62 53 0 1 0 2 126
3/4 22 0 1 0 0 135 11 0 1 0 0 55 11 0 1 0 0 72 33 0 1 0 1 124 52 0 1 0 1 125
3/4 711 0 1 0 0 118 711 0 1 0 0 59 33 0 1 0 1 130 52 0 1 0 1 119
3/4 71 0 1 0 0 133 71 0 1 0 0 54 33 0 1 0 1 126 52 0 1 0 1 135
3/4 611 0 1 0 0 118 611 0 1 0 0 72 12 0 1 0 1 129 33 0 1 0 1 134 52 0 1 0 1 122
3/4 41 0 1 0 0 67 41 0 1 0 0 67 12 0 1 0 1 121 33 0 1 0 1 120 62 0 1 0 1 117 12 0 1 0 2 137 33 0 1 0 2 137 62 0 1 0 2 126
3/4 71 0 1 0 0 134 71 0 1 0 0 59 44 2 75 2 225 125 64 1 5 1 25 123 14 2 25 2 275 122
3/4 74 0 1 0 0 131 23 0 1 0 0 137 61 0 3 0 0 135 44 0 1 0 0 118 64 2 25 0 0 132 64 0 1 1 5 124 13 0 1 1 5 132 54 0 1 0 1 134 73 0 1 0 1 127 44 0 1 1 15 132 63 0 1 1 15 128 223 0 1 1 25 118 43 0 1 1 25 121
3/4 13 0 1 0 0 132 313 0 1 0 0 126 11 0 3 0 0 72 223 0 1 0 0 119 43 0 1 0 0 117 13 1 5 0 1 137 73 1 15 1 15 133 53 2 75 0 2 118 313 1 5 1 25 136
3/4 41 0 1 0 0 60 41 0 1 0 0 62 313 1 15 0 0 123 63 1 5 1 15 119 13 1 5 0 2 134 54 1 5 1 25 131
3/4 31 0 1 0 0 124 31 0 1 0 0 121 612 2 225 2 75 54 12 0 1 0 1 120 21 0 1 0 1 119
3/4 21 0 1 0 0 117 21 0 1 0 0 133 12 0 1 2 75 128 611 0 1 2 75 64 22 0 2 0 1 125 51 0 1 0 2 133 51 0 1 0 2 131
3/4 521 0 1 0 0 63 521 0 1 0 0 61 612 2 175 2 25 134 12 0 2 1 5 136 33 2 175 2 75 136 523 3 1667 0 1 121 613 1 15 2 125 119 13 2 125 1 15 122
3/4 62 0 3 0 0 72 33 0 1 2 75 137 11 0 1 2 75 61 53 0 2 0 1 132
3/4 72 0 3 0 0 59 43 0 1 2 75 136 21 0 1 2 75 74 63 0 2 0 1 136
3/4 12 0 3 0 0 66 53 0 1 2 75 129 32 0 1 2 75 58 73 0 2 0 1 119
3/4 22 0 3 0 0 54 43 2 125 2 175 69 73 0 1 0 2 134 23 0 1 0 2 137
3/4 22 0 3 0 0 64 43 0 3 0 0 60 73 0 3 0 0 126 23 0 3 0 0 130
3/4 22 0 3 0 0 61 43 0 1 0 0 67 73 0 2 0 0 121 23 0 3 0 0 117
