4/4 32 2 25 0 0 104 72 1 5 1 5 102 43 1 5 0 1 91 53 1 25 1 15 90
4/4 32 2 25 0 0 109 72 1 5 1 5 91 43 1 5 0 1 110 53 1 25 1 15 102
4/4 73 0 1 0 0 97 32 2 25 0 0 96 72 1 5 1 5 109 34 0 1 0 1 96 43 1 5 0 1 99 53 1 25 1 15 96 23 1 15 0 2 106 73 1 5 1 35 99
4/4 13 0 4 0 0 93 42 2 25 0 0 99 12 1 5 1 5 108 53 1 5 0 1 107 63 0 2 1 15 97 12 1 5 1 35 104
4/4 13 0 1 0 0 92 42 2 25 0 0 92 12 1 5 1 5 104 64 0 1 0 1 107 53 1 5 0 1 92 63 1 25 1 15 107 54 1 15 0 2 97 314 1 5 1 35 107
4/4 44 0 3 0 0 102 42 2 25 0 0 99 12 1 5 1 5 90 53 1 5 0 1 91 63 1 25 1 15 99 54 1 5 0 3 99 64 1 5 1 35 92
4/4 74 1 15 0 0 95 51 2 25 0 0 90 72 1 5 1 5 90 222 1 5 0 1 109 74 1 5 1 15 95 43 1 25 1 15 91 74 0 1 0 2 109 44 1 5 0 3 99 314 1 5 1 35 98
4/4 11 2 25 0 0 109 314 0 3 0 0 102 72 1 5 1 5 101 313 1 5 0 1 97 53 1 25 1 15 100 44 1 5 0 3 93 54 1 5 1 35 92
4/4 64 1 15 0 0 93 42 2 25 0 0 106 62 1 5 1 5 103 33 1 5 0 1 101 64 1 5 1 15 99 12 1 25 1 15 109 64 0 1 0 2 102 34 1 5 0 3 106 23 1 5 1 35 93
4/4 71 1 5 0 0 99 23 1 25 0 0 104 42 1 5 1 5 102 12 1 5 0 1 107 22 1 5 1 15 90 63 0 2 0 2 91 23 1 5 1 25 97 34 1 5 0 3 110 44 1 5 1 35 109
4/4 43 0 1 0 0 103 51 0 1 0 0 109 73 0 4 0 0 90 313 0 1 0 2 95 521 0 1 0 2 102
4/4 33 0 1 0 0 110 63 0 1 0 0 99 41 0 1 0 0 96 22 0 1 0 2 108 73 0 1 0 2 106 311 0 1 0 2 106
4/4 73 0 1 0 0 99 31 1 5 0 0 101 72 1 5 1 5 91 34 0 1 0 1 101 33 1 5 0 1 92 53 1 5 1 15 96 23 3 1333 0 2 93 73 1 5 0 2 97 72 1 5 1 25 93 53 1 5 0 3 91 73 0 1 1 35 104 32 0 1 1 35 91
4/4 13 3 3667 0 0 91 41 1 5 0 0 92 12 1 5 1 5 97 33 1 5 0 1 96 53 1 5 1 15 94 63 1 5 0 2 101 12 1 5 1 25 94 63 1 5 0 3 91 33 1 5 1 35 108
4/4 13 0 1 0 0 101 41 1 5 0 0 103 12 1 5 1 5 100 64 0 1 0 1 95 33 1 5 0 1 94 63 1 5 1 15 93 54 3 1333 0 2 103 313 1 5 0 2 101 12 1 5 1 25 90 313 0 1 0 3 103 314 1 5 1 35 110
4/4 44 2 325 0 0 94 41 1 5 0 0 97 13 1 5 1 5 105 73 1 5 0 1 108 63 1 5 1 15 102 53 1 5 0 2 105 43 1 5 1 25 96 33 1 5 0 3 104 54 2 25 2 325 93 64 0 1 1 35 96 21 0 1 1 35 103 614 2 25 2 375 91
4/4 74 1 15 0 0 93 51 1 5 0 0 105 72 1 5 1 5 91 222 1 5 0 1 92 74 0 1 1 15 94 52 0 1 1 15 94 74 0 1 0 2 109 73 1 5 0 2 94 72 1 5 1 25 102 44 0 1 0 3 101 52 0 1 0 3 105 314 1 5 1 35 90 222 1 5 1 35 98
4/4 11 1 5 0 0 109 314 0 3 0 0 91 72 1 5 1 5 97 12 1 5 0 1 98 313 1 5 1 15 91 73 0 2 0 2 103 44 2 25 0 3 106 314 2 25 2 325 98 44 2 25 1 35 103 54 2 25 2 375 92
4/4 64 1 15 0 0 93 41 1 5 0 0 94 12 1 5 1 5 90 33 1 5 0 1 103 64 0 1 1 15 91 42 0 1 1 15 98 64 0 1 0 2 91 63 1 5 0 2 92 12 1 5 1 25 100 13 1 5 0 3 91 63 0 1 0 3 109 54 1 5 1 35 101
4/4 713 0 1 0 0 61 71 1 5 0 0 100 54 0 1 0 0 93 712 1 5 1 5 107 44 0 2 0 1 93 63 1 5 0 1 104 53 1 5 1 15 95 63 0 2 0 2 94 23 0 1 0 3 98
4/4 31 0 4 0 0 101 73 0 1 1 5 104 41 0 1 1 5 98 44 1 5 0 1 95 52 2 25 0 1 107 34 0 1 1 15 105 71 0 1 1 15 92 74 0 2 0 2 103 33 1 5 0 2 106 72 1 5 1 25 106 42 1 5 0 3 109 52 1 5 1 35 104
4/4 31 1 5 0 0 93 73 0 1 1 5 96 71 0 1 1 5 94 44 0 1 0 1 99 32 0 1 0 1 108 34 0 1 1 15 95 42 0 1 1 15 108 74 0 1 0 2 105 53 1 5 0 2 90 73 1 15 1 25 106 34 0 1 0 3 92 43 0 1 0 3 58 54 0 1 3 3333 67 63 0 1 3 3333 67 74 0 1 3 3667 60 13 0 1 3 3667 63
4/4 223 0 1 0 0 102 44 0 1 0 0 90 64 0 1 0 0 105 223 0 1 0 0 104 71 1 5 0 0 98 222 0 1 1 5 110 43 0 1 1 5 94 62 0 1 1 5 103 223 0 1 1 15 107 44 0 1 1 15 110 64 0 1 1 15 101 224 0 1 1 15 91 222 0 1 1 15 108 43 0 1 1 15 97 62 0 1 1 15 105 223 0 1 0 2 104 224 0 1 0 2 92 222 0 1 0 2 100 43 0 1 0 2 93 62 0 1 0 2 95 222 0 1 1 25 102 43 0 1 1 25 100 63 0 1 1 25 97 13 0 1 1 25 110 13 0 1 1 25 94 73 0 1 3 3333 109 74 0 1 3 3333 104 222 0 1 3 3333 95 43 0 1 3 3333 104 62 0 1 3 3333 93
4/4 223 0 1 0 0 96 44 0 1 0 0 96 64 0 1 0 0 93 223 0 1 0 0 95 32 1 5 0 0 92 222 0 1 1 5 108 43 0 1 1 5 93 62 0 1 1 5 98 222 0 1 1 15 100 43 0 1 1 15 105 62 0 1 1 15 99 222 0 1 0 2 110 43 0 1 0 2 93 62 0 1 0 2 94 43 0 1 1 25 99 43 0 1 1 25 107 222 0 1 1 25 97 43 0 1 1 25 98 62 0 1 1 25 107 223 0 1 0 3 102 223 0 1 0 3 97 73 0 1 1 35 100 74 0 1 1 35 102 222 0 1 1 35 96 43 0 1 1 35 105 62 0 1 1 35 91
4/4 13 0 1 0 0 94 34 0 1 0 0 110 64 0 1 0 0 104 13 0 1 0 0 105 61 1 5 0 0 99 12 0 1 1 5 101 33 0 1 1 5 95 52 0 1 1 5 90 13 0 1 1 15 106 34 0 1 1 15 102 64 0 1 1 15 95 14 0 1 1 15 105 12 0 1 1 15 103 33 0 1 1 15 102 52 0 1 1 15 100 13 0 1 0 2 94 14 0 1 0 2 106 12 0 1 0 2 98 33 0 1 0 2 92 52 0 1 0 2 107 12 0 1 1 25 107 33 0 1 1 25 109 53 0 1 1 25 109 73 0 1 1 25 109 73 0 1 1 25 92 63 0 1 3 3333 97 64 0 1 3 3333 109 12 0 1 3 3333 90 33 0 1 3 3333 108 52 0 1 3 3333 93
4/4 13 0 1 0 0 102 34 0 1 0 0 102 54 0 1 0 0 95 13 0 1 0 0 96 61 1 5 0 0 106 12 0 1 1 5 91 33 0 1 1 5 103 52 0 1 1 5 106 12 0 1 1 15 96 33 0 1 1 15 101 52 0 1 1 15 102 12 0 1 0 2 90 33 0 1 0 2 106 52 0 1 0 2 103 13 0 1 1 25 101 13 0 1 1 25 102 12 0 1 1 25 106 33 0 1 1 25 96 52 0 1 1 25 101 223 0 1 0 3 98 223 0 1 0 3 109 34 0 1 1 35 106 35 0 1 1 35 103 12 0 1 1 35 94 33 0 1 1 35 97 52 0 1 1 35 106
4/4 314 0 1 0 0 100 64 0 1 0 0 93 714 0 1 0 0 105 314 0 1 0 0 102 221 1 5 0 0 90 313 0 1 1 5 105 63 0 1 1 5 95 712 0 1 1 5 103 314 0 1 1 15 105 64 0 1 1 15 109 714 0 1 1 15 91 315 0 1 1 15 105 313 0 1 1 15 94 63 0 1 1 15 94 712 0 1 1 15 98 314 0 1 0 2 98 315 0 1 0 2 91 313 0 1 0 2 106 63 0 1 0 2 104 712 0 1 0 2 90 313 0 1 1 25 90 63 0 1 1 25 105 713 0 1 1 25 99 34 0 1 1 25 91 34 0 1 1 25 97 223 0 1 3 3333 100 224 0 1 3 3333 110 313 0 1 3 3333 103 63 0 1 3 3333 90 712 0 1 3 3333 106
4/4 314 0 1 0 0 109 74 0 1 0 0 104 224 0 1 0 0 99 314 0 1 0 0 96 521 1 5 0 0 104 222 0 1 1 5 91 523 0 1 1 5 101 72 0 1 1 5 91 222 0 1 1 15 98 523 0 1 1 15 110 72 0 1 1 15 99 222 0 1 0 2 102 523 0 1 0 2 95 72 0 1 0 2 103 63 0 1 1 25 98 63 0 1 1 25 90 222 0 1 1 25 98 523 0 1 1 25 96 72 0 1 1 25 98 314 0 1 0 3 107 314 0 1 0 3 98 223 0 1 1 35 93 224 0 1 1 35 92 222 0 1 1 35 102 523 0 1 1 35 107 72 0 1 1 35 108
4/4 34 0 1 0 0 101 524 0 1 0 0 95 714 0 1 0 0 107 34 0 1 0 0 108 711 1 5 0 0 106 33 0 1 1 5 98 523 0 1 1 5 106 72 0 1 1 5 92 34 0 1 1 15 104 524 0 1 1 15 106 714 0 1 1 15 102 35 0 1 1 15 100 33 0 1 1 15 100 523 0 1 1 15 92 72 0 1 1 15 98 34 0 1 0 2 102 35 0 1 0 2 97 33 0 1 0 2 97 523 0 1 0 2 105 72 0 1 0 2 97 33 0 1 1 25 98 523 0 1 1 25 96 73 0 1 1 25 102 223 0 1 1 25 97 223 0 1 1 25 96 713 0 1 3 3333 91 714 0 1 3 3333 92 33 0 1 3 3333 104 523 0 1 3 3333 94 72 0 1 3 3333 100
4/4 73 0 1 0 0 101 34 0 1 0 0 110 44 0 1 0 0 97 73 0 1 0 0 91 41 1 5 0 0 109 43 0 1 1 5 100 63 0 1 1 5 95 12 0 1 1 5 109 43 0 1 1 15 105 63 0 1 1 15 107 12 0 1 1 15 99 71 1 5 0 2 93 22 0 1 1 25 110 313 0 1 1 25 100 72 0 1 1 25 105
4/4 72 0 1 0 0 104 32 0 4 0 0 93 33 0 1 0 1 93 22 1 15 0 2 98 72 1 5 1 35 91
4/4 12 0 4 0 0 92 42 1 35 0 0 94 11 1 5 1 35 100
4/4 12 0 1 0 0 93 42 0 4 0 0 95 63 0 1 0 1 98 53 1 15 0 2 96 313 1 5 1 35 107
4/4 43 0 3 0 0 101 42 0 4 0 0 109 54 0 1 0 3 110 73 0 1 0 3 103 64 0 1 1 35 110 13 0 1 1 35 90
4/4 74 0 1 0 0 98 223 0 1 0 0 91 51 1 5 0 0 109 72 1 5 1 5 94 222 0 1 0 1 103 42 0 1 0 1 101 74 0 1 1 15 100 223 0 1 1 15 100 74 0 1 0 2 99 223 0 1 0 2 95 44 0 1 0 3 92 63 0 1 0 3 95 314 0 1 1 35 96 53 0 1 1 35 109
4/4 11 1 5 0 0 98 314 0 1 0 0 94 53 0 1 0 0 90 72 1 5 1 5 96 313 0 1 0 1 101 52 0 1 0 1 110 44 0 1 0 3 96 63 0 1 0 3 98 54 0 1 1 35 97 73 0 1 1 35 92
4/4 64 0 1 0 0 102 13 0 1 0 0 98 41 1 5 0 0 107 12 1 5 1 5 91 43 0 1 0 1 99 62 0 1 0 1 93 64 0 1 1 15 101 13 0 1 1 15 98 64 0 1 0 2 101 13 0 1 0 2 100 13 0 1 0 3 93 13 0 1 0 3 97 713 1 5 1 35 98 54 1 5 1 35 103 24 1 5 1 35 92
4/4 71 1 5 0 0 108 713 0 3 0 0 103 54 0 1 0 0 100 72 1 5 1 5 104 44 0 2 0 1 98 43 1 5 0 1 92 63 1 5 1 15 96 72 0 2 0 2 93 73 1 5 0 3 99 23 0 1 0 3 93 63 1 5 1 35 100
4/4 53 0 1 0 0 102 34 0 1 0 0 103 31 0 1 0 0 101 74 0 1 1 5 102 71 0 1 1 5 92 34 0 1 0 1 90 42 0 1 0 1 102 74 1 5 1 15 101 53 1 25 1 15 105 35 1 5 0 2 106 74 1 5 1 25 102 34 1 5 0 3 108 74 1 5 1 35 107
4/4 35 0 1 0 0 103 31 0 1 0 0 105 74 0 1 1 5 101 71 0 1 1 5 96 34 0 1 0 1 98 42 0 1 0 1 103 74 1 5 1 15 99 53 1 25 1 15 103 35 1 5 0 2 106 74 1 5 1 25 100 34 1 5 0 3 104 74 1 5 1 35 94
4/4 35 0 1 0 0 107 221 0 1 0 0 98 74 0 1 1 5 103 61 0 1 1 5 97 34 0 1 0 1 95 32 0 1 0 1 96 74 1 5 1 15 93 43 1 25 1 15 93 35 1 5 0 2 103 74 1 5 1 25 106 34 1 5 0 3 90 74 1 5 1 35 104
4/4 711 0 4 0 0 105 522 1 5 1 5 110 34 0 1 0 1 91 222 1 5 0 1 99 33 1 25 1 15 92 74 0 1 0 2 95 64 0 1 0 3 103
4/4 73 0 1 0 0 109 34 0 1 0 0 100 44 0 1 0 0 106 74 0 1 0 0 107 71 0 1 0 0 94 71 0 1 0 0 100
4/4 73 0 1 0 0 102 71 0 1 0 0 98 71 0 1 0 0 97 63 2 25 2 25 96 523 0 1 1 5 95 71 0 1 1 5 94 63 2 25 2 75 110 73 0 1 0 1 95 71 0 1 0 1 105 71 0 1 0 1 99 13 2 25 2 125 105 73 0 1 1 15 109 71 0 1 1 15 109 13 2 25 2 175 101 23 0 1 0 2 108 71 0 1 0 2 95 71 0 1 0 2 92 314 2 25 2 225 99 23 0 1 1 25 102 71 0 1 1 25 108 314 2 25 2 275 109 524 0 1 0 3 93 71 0 1 0 3 94 71 0 1 0 3 98 64 2 25 2 325 108 524 0 1 1 35 95 71 0 1 1 35 104 64 2 25 2 375 92
4/4 71 0 1 0 0 98 71 0 1 0 0 109 22 0 1 1 5 108 23 0 1 1 5 106 71 0 1 1 5 108 63 0 1 0 1 102 64 0 1 0 1 109 71 0 1 0 1 96 71 0 1 0 1 98 523 0 1 1 15 91 524 0 1 1 15 91 71 0 1 1 15 90 63 0 1 0 2 102 64 0 1 0 2 103 71 0 1 0 2 96 71 0 1 0 2 104 13 0 1 2 225 103 13 0 1 2 225 94 73 0 1 1 25 90 74 0 1 1 25 110 71 0 1 1 25 108 71 0 1 0 3 93 71 0 1 0 3 103 71 1 5 1 35 101
4/4 71 0 1 0 0 104 71 0 1 0 0 92 63 0 1 1 5 90 64 0 1 1 5 104 71 0 1 1 5 101 73 0 1 0 1 106 74 0 1 0 1 104 71 0 1 0 1 104 71 0 1 0 1 92 63 0 1 1 15 105 64 0 1 1 15 103 71 0 1 1 15 106 73 0 1 0 2 97 74 0 1 0 2 94 71 0 1 0 2 107 71 0 1 0 2 100 23 0 1 2 225 92 23 0 1 2 225 93 13 0 1 1 25 93 14 0 1 1 25 107 71 0 1 1 25 108 71 0 1 0 3 98 71 0 1 0 3 109 71 1 5 1 35 94
4/4 24 0 1 0 0 96 45 0 1 0 0 106 71 0 1 0 0 91 71 0 1 0 0 105 14 0 1 2 25 105 34 0 1 2 25 110 74 0 1 1 5 104 24 0 1 1 5 99 71 0 1 1 5 101 64 0 1 2 75 93 13 0 1 2 75 103 74 0 1 0 1 99 24 0 1 0 1 95 71 0 1 0 1 99 71 0 1 0 1 92 64 0 1 2 125 110 13 0 1 2 125 99 524 0 1 1 15 91 74 0 1 1 15 101 71 0 1 1 15 106 314 0 1 2 175 91 63 0 1 2 175 95 524 0 1 0 2 106 74 0 1 0 2 109 71 0 1 0 2 105 71 0 1 0 2 104 314 0 1 2 225 109 63 0 1 2 225 93 23 0 1 1 25 110 524 0 1 1 25 99 71 0 1 1 25 105 13 0 1 2 275 92 313 0 1 2 275 103 23 0 1 0 3 109 524 0 1 0 3 91 71 0 1 0 3 92 71 0 1 0 3 105 13 0 1 2 325 96 33 0 1 2 325 93 73 0 1 1 35 107 23 0 1 1 35 103 71 0 1 1 35 103 63 0 1 2 375 109 12 0 1 2 375 106
4/4 523 0 1 0 0 101 73 0 1 0 0 95 71 0 1 0 0 99 71 0 1 0 0 107 63 0 1 2 25 103 12 0 1 2 25 109 523 0 1 1 5 109 73 0 1 1 5 99 71 0 1 1 5 105 63 0 1 2 75 107 12 0 1 2 75 92 523 0 1 0 1 90 73 0 1 0 1 105 71 0 1 0 1 105 71 0 1 0 1 110 63 0 1 2 125 96 12 0 1 2 125 107 523 0 1 1 15 100 73 0 1 1 15 99 71 0 1 1 15 99 63 0 1 2 175 93 12 0 1 2 175 100 523 0 1 0 2 108 73 0 1 0 2 94 71 0 1 0 2 103 71 0 1 0 2 98 63 0 1 2 225 106 12 0 1 2 225 95 523 0 1 1 25 98 73 0 1 1 25 98 71 0 1 1 25 108 63 0 1 2 275 110 12 0 1 2 275 109 523 0 1 0 3 105 73 0 1 0 3 94 71 0 1 0 3 107 71 0 1 0 3 99 63 0 1 2 325 101 12 0 1 2 325 92 523 0 1 1 35 107 73 0 1 1 35 107 71 0 1 1 35 101 63 0 1 2 375 106 12 0 1 2 375 97
4/4 523 0 1 0 0 97 73 0 1 0 0 103 71 0 1 0 0 97 71 0 1 0 0 97 63 0 1 2 25 108 12 0 1 2 25 107 523 0 1 1 5 98 73 0 1 1 5 98 71 0 1 1 5 90 63 0 1 2 75 101 12 0 1 2 75 92 523 0 1 0 1 94 73 0 1 0 1 106 71 0 1 0 1 97 71 0 1 0 1 98 63 0 1 2 125 104 12 0 1 2 125 92 523 0 1 1 15 93 73 0 1 1 15 93 71 0 1 1 15 95 63 0 1 2 175 101 12 0 1 2 175 91 523 0 1 0 2 92 73 0 1 0 2 94 71 0 1 0 2 93 71 0 1 0 2 99 63 0 1 2 225 106 12 0 1 2 225 91 523 0 1 1 25 103 73 0 1 1 25 109 71 0 1 1 25 109 63 0 1 2 275 109 12 0 1 2 275 103 523 0 1 0 3 99 73 0 1 0 3 104 71 0 1 0 3 99 71 0 1 0 3 100 63 0 1 2 325 92 12 0 1 2 325 96 523 0 1 1 35 98 73 0 1 1 35 94 71 0 1 1 35 94 63 0 1 2 375 92 12 0 1 2 375 94
4/4 523 0 1 0 0 109 73 0 1 0 0 103 71 0 1 0 0 92 71 0 1 0 0 106 63 0 1 2 25 107 12 0 1 2 25 104 523 0 1 1 5 98 73 0 1 1 5 96 71 0 1 1 5 97 63 0 1 2 75 102 12 0 1 2 75 94 523 0 1 0 1 94 73 0 1 0 1 108 71 0 1 0 1 108 71 0 1 0 1 97 63 0 1 2 125 109 12 0 1 2 125 103 523 0 1 1 15 96 73 0 1 1 15 99 71 0 1 1 15 91 63 0 1 2 175 99 12 0 1 2 175 90 523 0 1 0 2 94 73 0 1 0 2 107 71 0 1 0 2 105 71 0 1 0 2 99 63 0 1 2 225 99 12 0 1 2 225 106 523 0 1 1 25 98 73 0 1 1 25 91 71 0 1 1 25 95 63 0 1 2 275 100 12 0 1 2 275 90 523 0 1 0 3 91 73 0 1 0 3 100 71 0 1 0 3 93 71 0 1 0 3 103 63 0 1 2 325 103 12 0 1 2 325 104 523 0 1 1 35 104 73 0 1 1 35 104 71 0 1 1 35 99 63 0 1 2 375 107 12 0 1 2 375 109
4/4 74 0 1 0 0 108 71 0 1 0 0 108 71 0 1 0 0 102 35 0 1 0 1 99 24 1 15 0 2 109 74 1 5 1 35 102
4/4 14 0 4 0 0 101 41 1 5 0 0 100 12 1 5 1 5 93 53 1 5 0 1 107 63 1 5 1 15 93 12 0 2 0 2 93
4/4 14 0 1 0 0 95 41 1 5 0 0 98 12 1 5 1 5 105 65 0 1 0 1 102 53 1 5 0 1 98 63 1 5 1 15 101 55 1 15 0 2 108 12 0 2 0 2 106 315 1 5 1 35 99
4/4 45 0 3 0 0 110 41 1 5 0 0 93 13 1 5 1 5 98 73 1 5 0 1 109 63 1 5 1 15 107 53 1 5 0 2 105 43 1 5 1 25 104 55 0 1 0 3 105 32 0 1 0 3 100 65 0 1 1 35 104 21 0 1 1 35 103
4/4 75 1 15 0 0 91 51 0 1 0 0 98 43 1 5 0 1 93 75 1 5 1 15 95 73 1 25 1 15 97 75 0 1 0 2 96 45 1 5 0 3 98 315 1 5 1 35 98
4/4 11 1 5 0 0 97 315 0 3 0 0 100 12 1 5 1 5 105 53 1 5 0 1 109 73 1 25 1 15 102 45 1 5 0 3 109 55 1 5 1 35 110
4/4 65 0 4 0 0 92 71 1 5 0 0 100 43 1 5 1 5 104 63 1 5 0 1 95 13 1 5 1 15 99 34 0 2 0 2 104
