4/4 14 0 4 0 0 64 36 0 1 1 5 100 56 0 1 1 5 100 26 0 1 1 5 100 16 1 5 0 1 100 76 1 5 1 15 100 76 1 5 0 2 100 616 1 5 1 25 100 56 1 5 0 3 100 616 1 5 1 35 100
4/4 16 1 5 0 0 100 75 0 4 0 0 64 76 1 5 1 5 100 616 1 5 0 1 100 76 1 5 1 15 100 56 0 1 0 2 100 76 0 1 0 2 100 47 0 1 0 2 100 37 1 5 1 35 100
4/4 316 0 1 0 0 100 56 0 1 0 0 100 26 1 15 0 0 100 14 0 1 0 0 64 75 0 1 0 0 64 16 1 5 1 15 100 316 0 1 0 2 100 56 0 1 0 2 100 16 0 1 0 2 100 76 1 5 1 35 100
2/4 36 0 1 0 0 100 56 0 1 0 0 100 16 0 1 0 0 100 45 0 1 0 0 64
3/4 526 0 1 0 0 100 616 0 1 0 0 100 26 0 1 0 0 100 24 0 1 0 0 64 25 1 5 1 25 100
4/4 76 0 2 0 0 100 54 1 5 0 0 64 24 1 5 1 5 64 75 0 1 0 1 64 25 1 5 1 15 100 46 0 1 0 2 100 616 0 1 0 2 100 24 1 5 0 2 64 24 1 5 1 25 64 615 0 1 0 3 64 25 1 5 1 35 100
4/4 56 1 15 0 0 100 35 1 5 0 0 64 55 1 5 1 5 64 46 1 5 0 1 100 75 0 1 0 1 64 36 1 5 1 15 100 46 0 2 0 2 100 24 1 5 0 2 64 45 0 1 1 25 64 75 0 1 1 35 100 45 0 1 1 35 64
4/4 15 1 5 0 0 100 14 0 2 0 0 64 36 1 5 1 5 100 56 1 5 0 1 100 76 1 5 1 15 100 616 1 5 0 2 100 45 0 2 0 2 64 46 1 5 1 25 100 25 1 5 0 3 100 15 1 5 1 35 100
4/4 25 0 4 0 0 100 74 1 5 0 0 64 45 1 5 1 5 64 15 1 5 0 1 64 75 1 5 1 15 64 24 0 1 0 2 64 615 0 1 0 2 64 75 1 5 1 25 64 15 1 5 0 3 64 25 1 5 1 35 100
4/4 76 0 2 0 0 100 54 1 5 0 0 64 25 1 5 0 0 100 24 1 5 1 5 64 75 0 1 0 1 64 25 1 5 1 15 100 15 0 1 0 2 100 526 0 1 0 2 100 616 0 1 0 2 100 614 1 5 0 2 64 24 1 5 1 25 64 615 0 1 0 3 64 25 1 5 1 35 100
4/4 25 0 1 0 0 100 56 0 1 0 0 100 74 1 5 0 0 64 55 1 15 1 5 64 46 1 5 0 1 100 36 1 5 1 15 100 46 1 15 0 2 100 714 0 1 0 2 64 55 1 5 0 3 64 25 0 1 1 35 100 55 0 1 1 35 64
4/4 15 1 5 0 0 100 14 0 3 0 0 64 36 1 5 1 5 100 56 1 5 0 1 100 76 1 5 1 15 100 25 0 1 0 2 100 16 1 5 0 2 100 26 1 5 1 25 100 616 1 5 0 3 100 24 0 1 0 3 64 46 1 5 1 35 100
4/4 56 0 2 0 0 100 54 0 3 0 0 64 75 1 5 1 5 100 25 1 5 0 1 100 75 1 5 1 15 100 55 0 1 0 2 100 25 1 5 1 35 100
4/4 76 0 2 0 0 100 54 1 5 0 0 64 24 1 5 1 5 64 75 0 1 0 1 64 25 1 5 1 15 100 46 0 1 0 2 100 616 0 1 0 2 100 24 1 5 0 2 64 24 1 5 1 25 64 615 0 1 0 3 64 25 1 5 1 35 100
4/4 56 1 15 0 0 100 35 1 5 0 0 64 55 1 5 1 5 64 46 1 5 0 1 100 75 0 1 0 1 64 36 1 5 1 15 100 46 0 2 0 2 100 24 1 5 0 2 64 45 0 1 1 25 64 75 0 1 1 35 100 45 0 1 1 35 64
4/4 15 1 5 0 0 100 14 0 2 0 0 64 36 1 5 1 5 100 56 1 5 0 1 100 76 1 5 1 15 100 616 1 5 0 2 100 45 0 2 0 2 64 46 1 5 1 25 100 25 1 5 0 3 100 15 1 5 1 35 100
4/4 25 0 4 0 0 100 74 1 5 0 0 64 45 1 5 1 5 64 15 1 5 0 1 64 75 1 5 1 15 64 24 0 1 0 2 64 615 0 1 0 2 64 75 1 5 1 25 64 15 1 5 0 3 64 25 1 5 1 35 100
4/4 76 0 2 0 0 100 54 1 5 0 0 64 25 1 5 0 0 100 24 1 5 1 5 64 75 0 1 0 1 64 25 1 5 1 15 100 15 0 1 0 2 100 526 0 1 0 2 100 616 0 1 0 2 100 614 1 5 0 2 64 24 1 5 1 25 64 615 0 1 0 3 64 25 1 5 1 35 100
4/4 25 0 1 0 0 100 56 0 1 0 0 100 74 1 5 0 0 64 55 1 15 1 5 64 46 1 5 0 1 100 36 1 5 1 15 100 46 1 15 0 2 100 714 0 1 0 2 64 55 1 5 0 3 64 25 0 1 1 35 100 55 0 1 1 35 64
4/4 15 1 5 0 0 100 14 0 3 0 0 64 36 1 5 1 5 100 56 1 5 0 1 100 76 1 5 1 15 100 25 0 1 0 2 100 16 1 5 0 2 100 26 1 5 1 25 100 616 1 5 0 3 100 24 0 1 0 3 64 46 1 5 1 35 100
4/4 56 0 2 0 0 100 54 0 3 0 0 64 75 1 5 1 5 100 25 1 5 0 1 100 75 1 5 1 15 100 55 0 1 0 2 100 56 1 5 0 3 100 616 1 5 1 35 100
4/4 76 1 5 0 0 100 14 0 2 0 0 64 36 0 1 1 5 100 76 0 1 1 5 100 36 0 1 0 1 100 76 0 1 0 1 100 36 0 1 1 15 100 76 0 1 1 15 100 36 0 1 0 2 100 76 0 1 0 2 100 14 0 2 0 2 64 616 1 5 1 25 100 56 1 5 0 3 100 616 1 5 1 35 100
4/4 46 1 25 0 0 100 24 1 5 0 0 64 615 1 5 1 5 64 15 1 5 0 1 64 615 1 5 1 15 64 46 1 15 0 2 100 36 1 5 1 25 100 25 1 5 0 3 100 36 2 25 1 35 100 46 2 25 2 375 100
4/4 56 1 5 0 0 100 35 0 2 0 0 64 75 0 1 1 5 100 36 0 1 1 5 100 56 0 1 1 5 100 75 0 1 0 1 100 36 0 1 0 1 100 56 0 1 0 1 100 75 0 1 1 15 100 36 0 1 1 15 100 56 0 1 1 15 100 75 0 1 0 2 100 36 0 1 0 2 100 56 0 1 0 2 100 35 0 2 0 2 64 46 1 5 1 25 100 36 1 5 0 3 100 46 1 5 1 35 100
4/4 25 0 3 0 0 100 74 0 2 0 0 64 45 1 5 1 5 100 75 1 5 0 1 100 45 1 5 1 15 100 74 0 2 0 2 64 45 1 5 1 25 100 75 0 1 0 3 100 25 1 5 1 35 100
4/4 715 1 5 0 0 100 14 0 2 0 0 64 15 1 5 1 5 100 36 1 5 0 1 100 56 1 5 1 15 100 46 1 15 0 2 100 614 0 2 0 2 64 45 1 5 1 25 100 15 0 1 0 3 100 36 1 5 1 35 100
4/4 225 1 5 0 0 100 24 0 2 0 0 64 25 1 5 1 5 100 46 1 5 0 1 100 616 1 5 1 15 100 75 0 1 0 2 100 25 0 1 0 2 100 16 0 1 0 2 100 54 0 2 0 2 64 76 1 5 1 25 100 616 1 5 0 3 100 76 1 5 1 35 100
4/4 316 0 1 0 0 100 56 0 1 0 0 100 26 1 15 0 0 100 14 0 4 0 0 64 75 1 35 0 0 64 16 2 25 1 15 100 26 2 25 2 175 100 75 0 2 0 2 100 316 0 1 0 2 100 56 0 1 0 2 100 46 2 25 1 35 100 56 2 25 2 375 100
4/4 75 0 1 0 0 100 25 0 1 0 0 100 14 0 4 0 0 64 15 2 25 1 15 100 25 2 25 2 175 100 55 0 2 0 2 100
2/4 525 0 1 0 0 100 615 0 1 0 0 100 25 1 5 1 15 100
4/4 76 0 2 0 0 100 54 1 5 0 0 64 24 1 5 1 5 64 75 0 1 0 1 64 25 1 5 1 15 100 46 0 1 0 2 100 616 0 1 0 2 100 24 1 5 0 2 64 24 1 5 1 25 64 615 0 1 0 3 64 25 1 5 1 35 100
4/4 56 1 15 0 0 100 35 1 5 0 0 64 55 1 5 1 5 64 46 1 5 0 1 100 75 0 1 0 1 64 36 1 5 1 15 100 46 0 2 0 2 100 24 1 5 0 2 64 45 0 1 1 25 64 75 0 1 1 35 100 45 0 1 1 35 64
4/4 15 1 5 0 0 100 14 0 2 0 0 64 36 1 5 1 5 100 56 1 5 0 1 100 76 1 5 1 15 100 616 1 5 0 2 100 45 0 2 0 2 64 46 1 5 1 25 100 25 1 5 0 3 100 15 1 5 1 35 100
4/4 25 0 4 0 0 100 74 1 5 0 0 64 45 1 5 1 5 64 15 1 5 0 1 64 75 1 5 1 15 64 24 0 1 0 2 64 615 0 1 0 2 64 75 1 5 1 25 64 15 1 5 0 3 64 25 1 5 1 35 100
4/4 76 0 2 0 0 100 54 1 5 0 0 64 25 1 5 0 0 100 24 1 5 1 5 64 75 0 1 0 1 64 25 1 5 1 15 100 15 0 1 0 2 100 526 0 1 0 2 100 616 0 1 0 2 100 614 1 5 0 2 64 24 1 5 1 25 64 615 0 1 0 3 64 25 1 5 1 35 100
4/4 25 0 1 0 0 100 56 0 1 0 0 100 74 1 5 0 0 64 55 1 15 1 5 64 46 1 5 0 1 100 36 1 5 1 15 100 46 1 15 0 2 100 714 0 1 0 2 64 55 1 5 0 3 64 25 0 1 1 35 100 55 0 1 1 35 64
4/4 15 1 5 0 0 100 14 0 3 0 0 64 36 1 5 1 5 100 56 1 5 0 1 100 76 1 5 1 15 100 25 0 1 0 2 100 16 1 5 0 2 100 26 1 5 1 25 100 616 1 5 0 3 100 24 0 1 0 3 64 46 1 5 1 35 100
4/4 56 0 4 0 0 100 54 0 2 0 0 64 75 1 5 1 5 100 25 1 5 0 1 100 75 1 5 1 15 100 55 0 2 0 2 100
4/4 54 0 2 0 0 64 75 0 1 1 5 100 56 0 1 1 5 100 46 2 25 2 75 100 56 1 5 0 1 100 36 2 25 1 15 100 25 2 25 2 175 100 36 1 5 0 2 100 14 0 2 0 2 64 15 2 25 1 25 100 715 2 25 2 275 100 15 0 1 0 3 100
4/4 45 0 2 0 0 64 15 0 1 1 5 100 46 0 1 1 5 100 316 2 25 2 75 100 46 1 5 0 1 100 25 2 25 1 15 100 225 2 25 2 175 100 75 0 1 0 2 100 25 0 1 0 2 100 74 0 2 0 2 64 75 2 25 1 25 100 615 2 25 2 275 100 75 0 1 0 3 100
4/4 35 0 2 0 0 64 75 0 1 1 5 100 36 0 1 1 5 100 25 2 25 2 75 100 36 1 5 0 1 100 15 2 25 1 15 100 715 2 25 2 175 100 15 0 1 0 2 100 614 0 1 0 2 64 36 1 5 1 25 100 56 1 5 0 3 100 36 1 5 1 35 100
4/4 15 2 25 0 0 100 24 0 3 0 0 64 36 2 25 2 25 100 25 2 25 1 5 100 15 2 25 2 75 100 75 2 25 0 1 100 615 2 25 2 125 100 55 2 25 1 15 100 615 2 25 2 175 100 55 0 1 0 2 100 75 0 2 0 2 100 54 0 1 0 3 64
4/4 54 0 2 0 0 64 75 0 1 1 5 100 56 0 1 1 5 100 526 2 25 2 75 100 56 1 5 0 1 100 36 2 25 1 15 100 25 2 25 2 175 100 36 0 1 0 2 100 14 0 2 0 2 64 15 2 25 0 3 100 25 2 25 2 325 100 36 2 25 1 35 100 46 2 25 2 375 100
4/4 15 0 1 0 0 100 36 0 1 0 0 100 56 3 333 0 0 100 45 0 2 0 0 64 616 3 333 3 333 100 76 3 333 3 667 100 616 3 333 0 1 100 16 3 333 3 1333 100 76 3 333 3 1667 100 75 0 1 0 2 100 45 0 1 0 2 64 25 0 1 0 2 100 616 0 1 0 2 100 46 1 15 1 25 100
4/4 35 0 2 0 0 64 75 0 1 1 5 100 36 0 1 1 5 100 25 2 25 2 75 100 36 1 5 0 1 100 15 2 25 1 15 100 715 2 25 2 175 100 15 0 1 0 2 100 614 0 1 0 2 64 36 1 5 1 25 100 56 1 5 0 3 100 36 1 5 1 35 100
4/4 15 2 25 0 0 100 24 0 3 0 0 64 36 2 25 2 25 100 25 2 25 1 5 100 15 2 25 2 75 100 75 2 25 0 1 100 615 2 25 2 125 100 55 2 25 1 15 100 525 2 25 2 175 100 55 0 2 0 2 100 54 0 1 0 3 64
4/4 54 0 2 0 0 64 75 0 1 1 5 100 25 0 1 1 5 100 76 0 1 1 5 100 616 2 25 2 75 100 76 1 5 0 1 100 25 1 5 1 15 100 36 2 25 0 2 100 14 0 2 0 2 64 46 2 25 2 225 100 36 2 25 1 25 100 25 2 25 2 275 100 36 0 1 0 3 100
4/4 45 0 2 0 0 64 15 0 1 1 5 100 616 0 1 1 5 100 66 2 25 2 75 100 616 1 5 0 1 100 15 1 5 1 15 100 25 2 25 0 2 100 74 0 2 0 2 64 36 2 25 2 225 100 25 2 25 1 25 100 15 2 25 2 275 100 25 0 1 0 3 100
4/4 35 0 2 0 0 64 75 0 1 1 5 100 56 0 1 1 5 100 526 2 25 2 75 100 56 1 5 0 1 100 75 1 5 1 15 100 15 2 25 0 2 100 614 0 2 0 2 64 25 2 25 2 225 100 15 2 25 1 25 100 715 2 25 2 275 100 15 0 1 0 3 100
4/4 24 0 2 0 0 64 15 0 1 1 5 100 526 0 1 1 5 100 316 2 25 2 75 100 526 1 5 0 1 100 615 1 5 1 15 100 75 2 25 0 2 100 54 0 2 0 2 64 15 2 25 2 225 100 75 2 25 1 25 100 615 2 25 2 275 100 55 2 25 0 3 100 615 2 25 2 325 100 75 2 25 1 35 100 25 2 25 2 375 100
4/4 15 0 2 0 0 100 46 1 25 0 0 100 64 1 5 0 0 64 35 0 1 1 5 64 15 0 1 1 15 100 36 0 1 1 15 100 35 0 1 1 15 64 15 0 1 0 2 100 36 0 1 0 2 100 64 1 5 0 2 64 35 0 1 1 25 64 25 0 1 1 35 100 35 0 1 1 35 64
4/4 25 1 25 0 0 100 64 1 5 0 0 64 15 0 1 0 0 100 36 0 1 0 0 100 35 0 1 1 5 64 15 0 1 1 15 100 35 0 1 1 15 64 15 0 2 0 2 100 64 1 5 0 2 64 35 1 15 1 25 64 75 1 5 1 35 100
4/4 615 0 1 0 0 100 24 0 4 0 0 64 15 1 5 0 0 100 15 0 1 0 1 100 56 0 1 0 1 100 616 0 1 0 1 100 526 1 5 0 3 100 316 1 5 1 35 100
4/4 615 0 1 0 0 100 15 0 1 0 0 100 526 0 1 0 0 100 24 0 2 0 2 64 25 1 5 1 35 100
4/4 76 0 2 0 0 100 54 1 5 0 0 64 24 1 5 1 5 64 75 0 1 0 1 64 25 1 5 1 15 100 46 0 1 0 2 100 616 0 1 0 2 100 24 1 5 0 2 64 24 1 5 1 25 64 615 0 1 0 3 64 25 1 5 1 35 100
4/4 56 1 15 0 0 100 35 1 5 0 0 64 55 1 5 1 5 64 46 1 5 0 1 100 75 0 1 0 1 64 36 1 5 1 15 100 46 0 2 0 2 100 24 1 5 0 2 64 45 0 1 1 25 64 75 0 1 1 35 100 45 0 1 1 35 64
4/4 15 1 5 0 0 100 14 0 2 0 0 64 36 1 5 1 5 100 56 1 5 0 1 100 76 1 5 1 15 100 616 1 5 0 2 100 45 0 2 0 2 64 46 1 5 1 25 100 25 1 5 0 3 100 15 1 5 1 35 100
4/4 25 0 4 0 0 100 74 1 5 0 0 64 45 1 5 1 5 64 15 1 5 0 1 64 75 1 5 1 15 64 24 0 1 0 2 64 615 0 1 0 2 64 75 1 5 1 25 64 15 1 5 0 3 64 25 1 5 1 35 100
4/4 76 0 2 0 0 100 54 1 5 0 0 64 25 1 5 0 0 100 24 1 5 1 5 64 75 0 1 0 1 64 25 1 5 1 15 100 15 0 1 0 2 100 526 0 1 0 2 100 616 0 1 0 2 100 614 1 5 0 2 64 24 1 5 1 25 64 615 0 1 0 3 64 25 1 5 1 35 100
4/4 25 0 1 0 0 100 56 0 1 0 0 100 74 1 5 0 0 64 55 1 15 1 5 64 46 1 5 0 1 100 36 1 5 1 15 100 46 1 15 0 2 100 714 0 1 0 2 64 55 1 5 0 3 64 25 0 1 1 35 100 55 0 1 1 35 64
4/4 15 1 5 0 0 100 14 0 3 0 0 64 36 1 5 1 5 100 56 1 5 0 1 100 76 1 5 1 15 100 25 0 1 0 2 100 16 1 5 0 2 100 26 1 5 1 25 100 616 1 5 0 3 100 24 0 1 0 3 64 46 1 5 1 35 100
4/4 56 0 2 0 0 100 54 0 3 0 0 64 75 1 5 1 5 100 25 1 5 0 1 100 75 1 5 1 15 100 55 0 1 0 2 100 56 1 5 0 3 100 616 1 5 1 35 100
4/4 76 1 5 0 0 100 14 0 2 0 0 64 36 0 1 1 5 100 76 0 1 1 5 100 36 0 1 0 1 100 76 0 1 0 1 100 36 0 1 1 15 100 76 0 1 1 15 100 36 0 1 0 2 100 76 0 1 0 2 100 14 0 2 0 2 64 616 1 5 1 25 100 56 1 5 0 3 100 616 1 5 1 35 100
4/4 46 1 25 0 0 100 24 1 5 0 0 64 615 1 5 1 5 64 15 1 5 0 1 64 615 1 5 1 15 64 46 1 15 0 2 100 36 1 5 1 25 100 25 1 5 0 3 100 36 2 25 1 35 100 46 2 25 2 375 100
4/4 56 1 5 0 0 100 35 0 2 0 0 64 75 0 1 1 5 100 36 0 1 1 5 100 56 0 1 1 5 100 75 0 1 0 1 100 36 0 1 0 1 100 56 0 1 0 1 100 75 0 1 1 15 100 36 0 1 1 15 100 56 0 1 1 15 100 75 0 1 0 2 100 36 0 1 0 2 100 56 0 1 0 2 100 35 0 2 0 2 64 46 1 5 1 25 100 36 1 5 0 3 100 46 1 5 1 35 100
4/4 25 0 3 0 0 100 74 0 2 0 0 64 45 1 5 1 5 100 75 1 5 0 1 100 45 1 5 1 15 100 74 0 2 0 2 64 45 1 5 1 25 100 75 0 1 0 3 100 25 1 5 1 35 100
4/4 715 1 5 0 0 100 14 0 2 0 0 64 15 1 5 1 5 100 36 1 5 0 1 100 56 1 5 1 15 100 46 1 15 0 2 100 614 0 2 0 2 64 45 1 5 1 25 100 15 0 1 0 3 100 36 1 5 1 35 100
4/4 225 1 5 0 0 100 24 0 2 0 0 64 25 1 5 1 5 100 46 1 5 0 1 100 616 1 5 1 15 100 75 0 1 0 2 100 25 0 1 0 2 100 16 0 1 0 2 100 54 0 2 0 2 64 76 1 5 1 25 100 616 1 5 0 3 100 76 1 5 1 35 100
4/4 316 0 1 0 0 100 56 0 1 0 0 100 26 1 15 0 0 100 14 0 4 0 0 64 75 1 35 0 0 64 16 2 25 1 15 100 26 2 25 2 175 100 75 0 2 0 2 100 316 0 1 0 2 100 56 0 1 0 2 100 46 2 25 1 35 100 56 2 25 2 375 100
4/4 75 0 1 0 0 100 25 0 1 0 0 100 14 0 2 0 0 64 15 2 25 1 15 100 25 2 25 2 175 100 55 0 2 0 2 100
2/4 525 0 1 0 0 100 615 0 1 0 0 100 25 1 5 1 15 100
4/4 76 0 2 0 0 100 54 1 5 0 0 64 24 1 5 1 5 64 75 0 1 0 1 64 25 1 5 1 15 100 46 0 1 0 2 100 616 0 1 0 2 100 24 1 5 0 2 64 24 1 5 1 25 64 615 0 1 0 3 64 25 1 5 1 35 100
4/4 56 1 15 0 0 100 35 1 5 0 0 64 55 1 5 1 5 64 46 1 5 0 1 100 75 0 1 0 1 64 36 1 5 1 15 100 46 0 2 0 2 100 24 1 5 0 2 64 45 0 1 1 25 64 75 0 1 1 35 100 45 0 1 1 35 64
4/4 15 1 5 0 0 100 14 0 2 0 0 64 36 1 5 1 5 100 56 1 5 0 1 100 76 1 5 1 15 100 616 1 5 0 2 100 45 0 2 0 2 64 46 1 5 1 25 100 25 1 5 0 3 100 15 1 5 1 35 100
4/4 25 0 4 0 0 100 74 1 5 0 0 64 45 1 5 1 5 64 15 1 5 0 1 64 75 1 5 1 15 64 24 0 1 0 2 64 615 0 1 0 2 64 75 1 5 1 25 64 15 1 5 0 3 64 25 1 5 1 35 100
4/4 76 0 2 0 0 100 54 1 5 0 0 64 25 1 5 0 0 100 24 1 5 1 5 64 75 0 1 0 1 64 25 1 5 1 15 100 15 0 1 0 2 100 526 0 1 0 2 100 616 0 1 0 2 100 614 1 5 0 2 64 24 1 5 1 25 64 615 0 1 0 3 64 25 1 5 1 35 100
4/4 25 0 1 0 0 100 56 0 1 0 0 100 74 1 5 0 0 64 55 1 15 1 5 64 46 1 5 0 1 100 36 1 5 1 15 100 46 1 15 0 2 100 714 0 1 0 2 64 55 1 5 0 3 64 25 0 1 1 35 100 55 0 1 1 35 64
4/4 15 1 5 0 0 100 14 0 3 0 0 64 36 1 5 1 5 100 56 1 5 0 1 100 76 1 5 1 15 100 25 0 1 0 2 100 16 1 5 0 2 100 26 1 5 1 25 100 616 1 5 0 3 100 24 0 1 0 3 64 46 1 5 1 35 100
4/4 56 0 1 0 0 100 54 0 1 0 0 64 75 1 5 1 5 100 25 1 5 0 1 100 75 1 5 1 15 100 55 0 2 0 2 100
4/4 14 0 4 0 0 64 36 0 1 1 5 100 56 0 1 1 5 100 26 0 1 1 5 100 16 1 5 0 1 100 76 1 5 1 15 100 76 1 5 0 2 100 616 1 5 1 25 100 56 1 5 0 3 100 616 1 5 1 35 100
4/4 16 1 5 0 0 100 75 0 4 0 0 64 76 1 5 1 5 100 616 1 5 0 1 100 76 1 5 1 15 100 56 0 1 0 2 100 76 0 1 0 2 100 47 0 1 0 2 100 37 1 5 1 35 100
4/4 316 0 1 0 0 100 56 0 1 0 0 100 26 1 15 0 0 100 14 0 1 0 0 64 75 0 1 0 0 64 16 1 5 1 15 100 316 0 1 0 2 100 56 0 1 0 2 100 16 0 1 0 2 100 76 1 5 1 35 100
4/4 36 0 1 0 0 100 56 0 1 0 0 100 16 0 1 0 0 100 45 0 4 0 0 64 36 1 5 1 5 100 56 1 5 0 1 100 16 0 1 1 15 100 36 1 5 1 25 100 56 1 5 0 3 100 16 1 5 1 35 100
4/4 616 0 1 0 0 100 26 0 1 0 0 100 75 0 1 0 0 64 615 0 1 0 2 100 75 0 1 0 2 100 25 0 1 0 2 100 74 0 1 0 2 64
4/4 615 0 1 0 0 100 75 0 1 0 0 100 25 0 1 0 0 100 74 0 1 0 0 64
