3/4 15 0 1 0 0 100 43 0 1 0 0 64 45 0 1 0 1 100 614 0 1 0 1 100 45 0 1 0 2 100 614 0 1 0 2 100
3/4 715 0 2 0 0 100 44 0 3 0 0 64 45 0 1 0 1 100 64 0 1 0 1 100 25 0 1 0 2 100
3/4 15 0 1 0 0 100 43 0 1 0 0 64 45 0 1 0 1 100 614 0 1 0 1 100 45 0 1 0 2 100 614 0 1 0 2 100
3/4 314 0 3 0 0 64 14 0 1 0 1 100 54 0 1 0 1 100 14 0 1 0 2 100 54 0 1 0 2 100
3/4 615 0 1 0 0 100 22 0 1 0 0 64 24 0 1 0 1 100 44 0 1 0 1 100 24 0 1 0 2 100 44 0 1 0 2 100
3/4 65 0 2 0 0 100 23 0 3 0 0 64 714 0 1 0 1 100 44 0 1 0 1 100 75 0 1 0 2 100
3/4 615 0 1 0 0 100 22 0 1 0 0 64 24 0 1 0 1 100 44 0 1 0 1 100 24 0 1 0 2 100 44 0 1 0 2 100
3/4 13 0 3 0 0 64 614 0 1 0 1 100 14 0 1 0 1 100 314 0 1 0 1 100 614 0 1 0 2 100 14 0 1 0 2 100 314 0 1 0 2 100
3/4 45 0 1 0 0 100 72 0 1 0 0 64 74 0 1 0 1 100 23 0 1 0 1 100 74 0 1 0 2 100 23 0 1 0 2 100
3/4 315 0 2 0 0 100 73 0 3 0 0 64 54 0 1 0 1 100 13 0 1 0 1 100 55 0 1 0 2 100
3/4 45 0 1 0 0 100 612 0 1 0 0 64 44 0 1 0 1 100 13 0 1 0 1 100 44 0 1 0 2 100 13 0 1 0 2 100
3/4 14 0 1 0 0 100 314 0 1 0 0 100 613 0 3 0 0 64 45 0 1 0 1 100 55 0 1 0 2 100
3/4 615 0 2 0 0 100 53 0 3 0 0 64 714 0 1 0 1 100 23 0 1 0 1 100 714 0 1 0 2 100 24 0 1 0 2 100 54 0 1 0 2 100
3/4 55 0 2 0 0 100 53 0 3 0 0 64 54 0 1 0 1 100 713 0 1 0 1 100 54 0 1 0 2 100 714 0 1 0 2 100 23 0 1 0 2 100
3/4 55 0 1 0 0 100 12 0 1 0 0 64 74 0 1 0 1 100 23 0 1 0 1 100 74 0 1 0 2 100 23 0 1 0 2 100
3/4 74 0 1 0 0 100 315 0 1 0 0 100 12 0 1 0 0 64 45 0 1 0 1 100 22 0 1 0 1 64 55 0 1 0 2 100 313 0 1 0 2 64
3/4 15 0 1 0 0 100 43 0 1 0 0 64 45 0 1 0 1 100 614 0 1 0 1 100 45 0 1 0 2 100 614 0 1 0 2 100
3/4 715 0 2 0 0 100 44 0 3 0 0 64 45 0 1 0 1 100 64 0 1 0 1 100 25 0 1 0 2 100
3/4 15 0 1 0 0 100 43 0 1 0 0 64 45 0 1 0 1 100 614 0 1 0 1 100 45 0 1 0 2 100 614 0 1 0 2 100
3/4 314 0 3 0 0 64 14 0 1 0 1 100 54 0 1 0 1 100 14 0 1 0 2 100 54 0 1 0 2 100
3/4 615 0 1 0 0 100 22 0 1 0 0 64 24 0 1 0 1 100 44 0 1 0 1 100 24 0 1 0 2 100 44 0 1 0 2 100
3/4 65 0 2 0 0 100 23 0 3 0 0 64 714 0 1 0 1 100 44 0 1 0 1 100 75 0 1 0 2 100
3/4 615 0 1 0 0 100 22 0 1 0 0 64 24 0 1 0 1 100 44 0 1 0 1 100 24 0 1 0 2 100 44 0 1 0 2 100
3/4 13 0 3 0 0 64 614 0 1 0 1 100 14 0 1 0 1 100 314 0 1 0 1 100 614 0 1 0 2 100 14 0 1 0 2 100 314 0 1 0 2 100
3/4 45 0 1 0 0 100 72 0 1 0 0 64 74 0 1 0 1 100 23 0 1 0 1 100 74 0 1 0 2 100 23 0 1 0 2 100
3/4 315 0 2 0 0 100 73 0 3 0 0 64 54 0 1 0 1 100 13 0 1 0 1 100 55 0 1 0 2 100
3/4 45 0 1 0 0 100 612 0 1 0 0 64 44 0 1 0 1 100 13 0 1 0 1 100 615 0 1 0 2 100
3/4 15 0 2 0 0 100 53 0 3 0 0 64 74 0 1 0 1 100 23 0 1 0 1 100 74 0 1 0 2 100 24 0 1 0 2 100 74 0 1 0 2 100
3/4 615 0 1 0 0 100 12 0 1 0 0 64 14 0 1 0 1 100 44 0 1 0 1 100 14 0 1 0 2 100 44 0 1 0 2 100
3/4 74 0 1 0 0 100 315 0 1 0 0 100 54 0 1 0 0 100 13 0 3 0 0 64 315 0 1 0 1 100 55 0 1 0 2 100
3/4 45 0 1 0 0 100 43 0 1 0 0 64 14 0 1 0 1 100 614 0 1 0 2 100
3/4 45 0 1 0 0 100 614 0 1 0 0 100 44 0 3 0 0 64 55 0 1 0 1 100 74 0 1 0 1 100 615 0 1 0 2 100 14 0 1 0 2 100
3/4 75 0 1 0 0 100 24 0 1 0 0 100 74 0 3 0 0 64 75 0 1 1 5 100 24 0 1 1 5 100 75 0 1 0 1 100 24 0 1 0 1 100 75 0 1 1 25 100 24 0 1 1 25 100
3/4 75 0 1 0 0 100 24 0 1 0 0 100 74 0 3 0 0 64 25 1 5 1 15 100 316 1 5 0 2 100 25 1 5 1 25 100
3/4 15 0 1 0 0 100 43 0 1 0 0 64 45 0 1 0 1 100 614 0 1 0 1 100 45 0 1 0 2 100 614 0 1 0 2 100
3/4 615 0 1 0 0 100 43 0 1 0 0 64 14 0 1 0 1 100 44 0 1 0 1 100 14 0 1 0 2 100 44 0 1 0 2 100
3/4 75 1 5 0 0 100 73 0 3 0 0 64 75 1 5 1 5 100 24 0 1 0 1 100 45 0 1 0 1 100 74 0 1 0 1 100 75 1 5 1 25 100
3/4 24 0 1 0 0 100 45 0 1 0 0 100 74 0 1 0 0 100 73 0 3 0 0 64 75 1 5 1 15 100 15 1 5 0 2 100 75 1 5 1 25 100
3/4 615 0 1 0 0 100 43 0 1 0 0 64 14 0 1 0 1 100 44 0 1 0 1 100 14 0 1 0 2 100 44 0 1 0 2 100
3/4 615 0 1 0 0 100 43 0 1 0 0 64 14 0 1 0 1 100 44 0 1 0 1 100 314 0 1 0 2 64
3/4 45 1 5 0 0 100 23 0 3 0 0 64 45 1 5 1 5 100 614 0 1 0 1 100 24 0 1 0 1 100 44 0 1 0 1 100 45 1 5 1 25 100
3/4 614 0 1 0 0 100 24 0 1 0 0 100 44 0 1 0 0 100 13 0 3 0 0 64 315 0 1 0 1 100 45 0 1 0 2 100
3/4 615 0 1 0 0 100 712 0 1 0 0 64 24 0 1 0 1 100 44 0 1 0 1 100 24 0 1 0 2 100 44 0 1 0 2 100
3/4 44 0 1 0 0 100 74 0 1 0 0 100 23 0 1 0 0 100 73 0 3 0 0 64 315 0 1 0 1 100 45 0 1 0 2 100
3/4 55 1 5 0 0 100 53 0 3 0 0 64 55 1 5 1 5 100 714 0 1 0 1 100 24 0 1 0 1 100 54 0 1 0 1 100 55 1 5 1 25 100
3/4 74 0 1 0 0 100 24 0 1 0 0 100 54 0 1 0 0 100 53 0 3 0 0 64 45 0 1 0 1 100 55 0 1 0 2 100
3/4 24 0 1 0 0 100 315 0 1 0 0 100 615 0 1 0 0 100 612 0 1 0 0 64
3/4 45 0 1 0 0 100 55 0 1 0 0 100 14 0 1 0 0 100 13 0 1 0 0 64 73 0 1 0 0 64 45 0 1 0 1 100 55 0 1 0 1 100 14 0 1 0 1 100
3/4 15 0 1 0 0 100 43 0 1 0 0 64 45 0 1 0 1 100 614 0 1 0 1 100 45 0 1 0 2 100 614 0 1 0 2 100
3/4 715 0 2 0 0 100 44 0 3 0 0 64 45 0 1 0 1 100 64 0 1 0 1 100 25 0 1 0 2 100
3/4 15 0 1 0 0 100 43 0 1 0 0 64 45 0 1 0 1 100 614 0 1 0 1 100 45 0 1 0 2 100 614 0 1 0 2 100
3/4 314 0 3 0 0 64 14 0 1 0 1 100 54 0 1 0 1 100 14 0 1 0 2 100 54 0 1 0 2 100
3/4 615 0 1 0 0 100 22 0 1 0 0 64 24 0 1 0 1 100 44 0 1 0 1 100 24 0 1 0 2 100 44 0 1 0 2 100
3/4 65 0 2 0 0 100 23 0 3 0 0 64 714 0 1 0 1 100 44 0 1 0 1 100 75 0 1 0 2 100
3/4 615 0 1 0 0 100 22 0 1 0 0 64 24 0 1 0 1 100 44 0 1 0 1 100 24 0 1 0 2 100 44 0 1 0 2 100
3/4 13 0 3 0 0 64 614 0 1 0 1 100 14 0 1 0 1 100 314 0 1 0 1 100 614 0 1 0 2 100 14 0 1 0 2 100 314 0 1 0 2 100
3/4 45 0 1 0 0 100 72 0 1 0 0 64 74 0 1 0 1 100 23 0 1 0 1 100 74 0 1 0 2 100 23 0 1 0 2 100
3/4 315 0 2 0 0 100 73 0 3 0 0 64 54 0 1 0 1 100 13 0 1 0 1 100 55 0 1 0 2 100
3/4 45 0 1 0 0 100 612 0 1 0 0 64 44 0 1 0 1 100 13 0 1 0 1 100 615 0 1 0 2 100
3/4 15 0 2 0 0 100 53 0 3 0 0 64 74 0 1 0 1 100 23 0 1 0 1 100 74 0 1 0 2 100 24 0 1 0 2 100 74 0 1 0 2 100
3/4 615 0 1 0 0 100 12 0 1 0 0 64 14 0 1 0 1 100 44 0 1 0 1 100 14 0 1 0 2 100 44 0 1 0 2 100
3/4 74 0 1 0 0 100 315 0 1 0 0 100 54 0 1 0 0 100 13 0 3 0 0 64 315 0 1 0 1 100 55 0 1 0 2 100
3/4 45 0 1 0 0 100 43 0 1 0 0 64 14 0 1 0 1 100 614 0 1 0 2 100
3/4 45 0 1 0 0 100 614 0 1 0 0 100 44 0 3 0 0 64 55 0 1 0 1 100 74 0 1 0 1 100 615 0 1 0 2 100 14 0 1 0 2 100
3/4 75 0 1 0 0 100 24 0 1 0 0 100 74 0 3 0 0 64 75 0 1 1 5 100 24 0 1 1 5 100 75 0 1 0 1 100 24 0 1 0 1 100 75 0 1 1 25 100 24 0 1 1 25 100
3/4 75 0 1 0 0 100 24 0 1 0 0 100 74 0 3 0 0 64 25 1 5 1 15 100 316 1 5 0 2 100 25 1 5 1 25 100
3/4 15 0 1 0 0 100 43 0 1 0 0 64 45 0 1 0 1 100 614 0 1 0 1 100 45 0 1 0 2 100 614 0 1 0 2 100
3/4 615 0 1 0 0 100 43 0 1 0 0 64 14 0 1 0 1 100 44 0 1 0 1 100 14 0 1 0 2 100 44 0 1 0 2 100
3/4 75 1 5 0 0 100 73 0 3 0 0 64 75 1 5 1 5 100 24 0 1 0 1 100 45 0 1 0 1 100 74 0 1 0 1 100 75 1 5 1 25 100
3/4 24 0 1 0 0 100 45 0 1 0 0 100 74 0 1 0 0 100 73 0 3 0 0 64 75 1 5 1 15 100 15 1 5 0 2 100 75 1 5 1 25 100
3/4 615 0 1 0 0 100 43 0 1 0 0 64 14 0 1 0 1 100 44 0 1 0 1 100 14 0 1 0 2 100 44 0 1 0 2 100
3/4 615 0 1 0 0 100 43 0 1 0 0 64 14 0 1 0 1 100 44 0 1 0 1 100 314 0 1 0 2 64
3/4 45 1 5 0 0 100 23 0 3 0 0 64 45 1 5 1 5 100 614 0 1 0 1 100 24 0 1 0 1 100 44 0 1 0 1 100 45 1 5 1 25 100
3/4 614 0 1 0 0 100 24 0 1 0 0 100 44 0 1 0 0 100 13 0 3 0 0 64 315 0 1 0 1 100 45 0 1 0 2 100
3/4 615 0 1 0 0 100 712 0 1 0 0 64 24 0 1 0 1 100 44 0 1 0 1 100 24 0 1 0 2 100 44 0 1 0 2 100
3/4 44 0 1 0 0 100 74 0 1 0 0 100 23 0 1 0 0 100 73 0 3 0 0 64 315 0 1 0 1 100 45 0 1 0 2 100
3/4 55 1 5 0 0 100 53 0 3 0 0 64 55 1 5 1 5 100 714 0 1 0 1 100 24 0 1 0 1 100 54 0 1 0 1 100 55 1 5 1 25 100
3/4 74 0 1 0 0 100 24 0 1 0 0 100 54 0 1 0 0 100 53 0 3 0 0 64 45 0 1 0 1 100 55 0 1 0 2 100
3/4 24 0 1 0 0 100 315 0 1 0 0 100 615 0 1 0 0 100 612 0 1 0 0 64
3/4 74 0 1 0 0 100 24 0 1 0 0 100 55 0 1 0 0 100 12 0 1 0 0 64
3/4 14 0 1 0 0 100 45 0 1 0 0 100 614 0 1 0 0 100 44 0 3 0 0 64 14 1 5 1 15 100 45 1 5 0 2 100 315 1 5 1 25 100
3/4 714 0 1 0 0 100 45 0 1 0 0 100 65 0 1 0 0 100 43 0 1 0 0 64
3/4 14 0 1 0 0 100 45 0 1 0 0 100 614 0 1 0 0 100 44 0 3 0 0 64 15 1 5 1 15 100 46 1 5 0 2 100 316 1 5 1 25 100
3/4 45 0 1 0 0 100 615 0 1 0 0 100 45 0 1 0 0 100 44 0 3 0 0 64
3/4 44 0 3 0 0 64 45 0 1 0 0 100 615 0 1 0 0 100 45 0 1 0 0 100
