4/4 33 2 25 0 0 100 73 1 5 1 5 100 44 1 5 0 1 100 54 1 25 1 15 100
4/4 33 2 25 0 0 100 73 1 5 1 5 100 44 1 5 0 1 100 54 1 25 1 15 100
4/4 74 0 1 0 0 100 33 2 25 0 0 100 73 1 5 1 5 100 35 0 1 0 1 100 44 1 5 0 1 100 54 1 25 1 15 100 24 1 15 0 2 100 74 1 5 1 35 100
4/4 14 0 4 0 0 100 43 2 25 0 0 100 13 1 5 1 5 100 54 1 5 0 1 100 64 0 2 1 15 100 13 1 5 1 35 100
4/4 14 0 1 0 0 100 43 2 25 0 0 100 13 1 5 1 5 100 65 0 1 0 1 100 54 1 5 0 1 100 64 1 25 1 15 100 55 1 15 0 2 100 315 1 5 1 35 100
4/4 45 0 3 0 0 100 43 2 25 0 0 100 13 1 5 1 5 100 54 1 5 0 1 100 64 1 25 1 15 100 55 1 5 0 3 100 65 1 5 1 35 100
4/4 75 1 15 0 0 100 52 2 25 0 0 100 73 1 5 1 5 100 223 1 5 0 1 100 75 1 5 1 15 100 44 1 25 1 15 100 75 0 1 0 2 100 45 1 5 0 3 100 315 1 5 1 35 100
4/4 12 2 25 0 0 100 315 0 3 0 0 100 73 1 5 1 5 100 314 1 5 0 1 100 54 1 25 1 15 100 45 1 5 0 3 100 55 1 5 1 35 100
4/4 65 1 15 0 0 100 43 2 25 0 0 100 63 1 5 1 5 100 34 1 5 0 1 100 65 1 5 1 15 100 13 1 25 1 15 100 65 0 1 0 2 100 35 1 5 0 3 100 24 1 5 1 35 100
4/4 72 1 5 0 0 100 24 1 25 0 0 100 43 1 5 1 5 100 13 1 5 0 1 100 23 1 5 1 15 100 64 0 2 0 2 100 24 1 5 1 25 100 35 1 5 0 3 100 45 1 5 1 35 100
4/4 44 0 1 0 0 100 51 0 1 0 0 100 74 0 4 0 0 100 314 0 1 0 2 100 521 0 1 0 2 100
4/4 34 0 1 0 0 100 64 0 1 0 0 100 41 0 1 0 0 100 23 0 1 0 2 100 74 0 1 0 2 100 311 0 1 0 2 100
4/4 74 0 1 0 0 100 32 1 5 0 0 100 73 1 5 1 5 100 35 0 1 0 1 100 34 1 5 0 1 100 54 1 5 1 15 100 24 3 1333 0 2 100 74 1 5 0 2 100 73 1 5 1 25 100 54 1 5 0 3 100 74 0 1 1 35 100 33 0 1 1 35 100
4/4 14 3 3667 0 0 100 42 1 5 0 0 100 13 1 5 1 5 100 34 1 5 0 1 100 54 1 5 1 15 100 64 1 5 0 2 100 13 1 5 1 25 100 64 1 5 0 3 100 34 1 5 1 35 100
4/4 14 0 1 0 0 100 42 1 5 0 0 100 13 1 5 1 5 100 65 0 1 0 1 100 34 1 5 0 1 100 64 1 5 1 15 100 55 3 1333 0 2 100 314 1 5 0 2 100 13 1 5 1 25 100 314 0 1 0 3 100 315 1 5 1 35 100
4/4 45 2 325 0 0 100 42 1 5 0 0 100 14 1 5 1 5 100 74 1 5 0 1 100 64 1 5 1 15 100 54 1 5 0 2 100 44 1 5 1 25 100 34 1 5 0 3 100 55 2 25 2 325 100 65 0 1 1 35 100 22 0 1 1 35 100 615 2 25 2 375 100
4/4 75 1 15 0 0 100 52 1 5 0 0 100 73 1 5 1 5 100 223 1 5 0 1 100 75 0 1 1 15 100 53 0 1 1 15 100 75 0 1 0 2 100 74 1 5 0 2 100 73 1 5 1 25 100 45 0 1 0 3 100 53 0 1 0 3 100 315 1 5 1 35 100 223 1 5 1 35 100
4/4 12 1 5 0 0 100 315 0 3 0 0 100 73 1 5 1 5 100 13 1 5 0 1 100 314 1 5 1 15 100 74 0 2 0 2 100 45 2 25 0 3 100 315 2 25 2 325 100 45 2 25 1 35 100 55 2 25 2 375 100
4/4 65 1 15 0 0 100 42 1 5 0 0 100 13 1 5 1 5 100 34 1 5 0 1 100 65 0 1 1 15 100 43 0 1 1 15 100 65 0 1 0 2 100 64 1 5 0 2 100 13 1 5 1 25 100 14 1 5 0 3 100 64 0 1 0 3 100 55 1 5 1 35 100
4/4 714 0 1 0 0 64 72 1 5 0 0 100 55 0 1 0 0 100 713 1 5 1 5 100 45 0 2 0 1 100 64 1 5 0 1 100 54 1 5 1 15 100 64 0 2 0 2 100 24 0 1 0 3 100
4/4 32 0 4 0 0 100 74 0 1 1 5 100 42 0 1 1 5 100 45 1 5 0 1 100 53 2 25 0 1 100 35 0 1 1 15 100 72 0 1 1 15 100 75 0 2 0 2 100 34 1 5 0 2 100 73 1 5 1 25 100 43 1 5 0 3 100 53 1 5 1 35 100
4/4 32 1 5 0 0 100 74 0 1 1 5 100 72 0 1 1 5 100 45 0 1 0 1 100 33 0 1 0 1 100 35 0 1 1 15 100 43 0 1 1 15 100 75 0 1 0 2 100 54 1 5 0 2 100 74 1 15 1 25 100 35 0 1 0 3 100 44 0 1 0 3 64 55 0 1 3 3333 64 64 0 1 3 3333 64 75 0 1 3 3667 64 14 0 1 3 3667 64
4/4 224 0 1 0 0 100 45 0 1 0 0 100 65 0 1 0 0 100 224 0 1 0 0 100 72 1 5 0 0 100 223 0 1 1 5 100 44 0 1 1 5 100 63 0 1 1 5 100 224 0 1 1 15 100 45 0 1 1 15 100 65 0 1 1 15 100 225 0 1 1 15 100 223 0 1 1 15 100 44 0 1 1 15 100 63 0 1 1 15 100 224 0 1 0 2 100 225 0 1 0 2 100 223 0 1 0 2 100 44 0 1 0 2 100 63 0 1 0 2 100 223 0 1 1 25 100 44 0 1 1 25 100 64 0 1 1 25 100 14 0 1 1 25 100 14 0 1 1 25 100 74 0 1 3 3333 100 75 0 1 3 3333 100 223 0 1 3 3333 100 44 0 1 3 3333 100 63 0 1 3 3333 100
4/4 224 0 1 0 0 100 45 0 1 0 0 100 65 0 1 0 0 100 224 0 1 0 0 100 33 1 5 0 0 100 223 0 1 1 5 100 44 0 1 1 5 100 63 0 1 1 5 100 223 0 1 1 15 100 44 0 1 1 15 100 63 0 1 1 15 100 223 0 1 0 2 100 44 0 1 0 2 100 63 0 1 0 2 100 44 0 1 1 25 100 44 0 1 1 25 100 223 0 1 1 25 100 44 0 1 1 25 100 63 0 1 1 25 100 224 0 1 0 3 100 224 0 1 0 3 100 74 0 1 1 35 100 75 0 1 1 35 100 223 0 1 1 35 100 44 0 1 1 35 100 63 0 1 1 35 100
4/4 14 0 1 0 0 100 35 0 1 0 0 100 65 0 1 0 0 100 14 0 1 0 0 100 62 1 5 0 0 100 13 0 1 1 5 100 34 0 1 1 5 100 53 0 1 1 5 100 14 0 1 1 15 100 35 0 1 1 15 100 65 0 1 1 15 100 15 0 1 1 15 100 13 0 1 1 15 100 34 0 1 1 15 100 53 0 1 1 15 100 14 0 1 0 2 100 15 0 1 0 2 100 13 0 1 0 2 100 34 0 1 0 2 100 53 0 1 0 2 100 13 0 1 1 25 100 34 0 1 1 25 100 54 0 1 1 25 100 74 0 1 1 25 100 74 0 1 1 25 100 64 0 1 3 3333 100 65 0 1 3 3333 100 13 0 1 3 3333 100 34 0 1 3 3333 100 53 0 1 3 3333 100
4/4 14 0 1 0 0 100 35 0 1 0 0 100 55 0 1 0 0 100 14 0 1 0 0 100 62 1 5 0 0 100 13 0 1 1 5 100 34 0 1 1 5 100 53 0 1 1 5 100 13 0 1 1 15 100 34 0 1 1 15 100 53 0 1 1 15 100 13 0 1 0 2 100 34 0 1 0 2 100 53 0 1 0 2 100 14 0 1 1 25 100 14 0 1 1 25 100 13 0 1 1 25 100 34 0 1 1 25 100 53 0 1 1 25 100 224 0 1 0 3 100 224 0 1 0 3 100 35 0 1 1 35 100 36 0 1 1 35 100 13 0 1 1 35 100 34 0 1 1 35 100 53 0 1 1 35 100
4/4 315 0 1 0 0 100 65 0 1 0 0 100 715 0 1 0 0 100 315 0 1 0 0 100 221 1 5 0 0 100 314 0 1 1 5 100 64 0 1 1 5 100 713 0 1 1 5 100 315 0 1 1 15 100 65 0 1 1 15 100 715 0 1 1 15 100 316 0 1 1 15 100 314 0 1 1 15 100 64 0 1 1 15 100 713 0 1 1 15 100 315 0 1 0 2 100 316 0 1 0 2 100 314 0 1 0 2 100 64 0 1 0 2 100 713 0 1 0 2 100 314 0 1 1 25 100 64 0 1 1 25 100 714 0 1 1 25 100 35 0 1 1 25 100 35 0 1 1 25 100 224 0 1 3 3333 100 225 0 1 3 3333 100 314 0 1 3 3333 100 64 0 1 3 3333 100 713 0 1 3 3333 100
4/4 315 0 1 0 0 100 75 0 1 0 0 100 225 0 1 0 0 100 315 0 1 0 0 100 522 1 5 0 0 100 223 0 1 1 5 100 524 0 1 1 5 100 73 0 1 1 5 100 223 0 1 1 15 100 524 0 1 1 15 100 73 0 1 1 15 100 223 0 1 0 2 100 524 0 1 0 2 100 73 0 1 0 2 100 64 0 1 1 25 100 64 0 1 1 25 100 223 0 1 1 25 100 524 0 1 1 25 100 73 0 1 1 25 100 315 0 1 0 3 100 315 0 1 0 3 100 224 0 1 1 35 100 225 0 1 1 35 100 223 0 1 1 35 100 524 0 1 1 35 100 73 0 1 1 35 100
4/4 35 0 1 0 0 100 525 0 1 0 0 100 715 0 1 0 0 100 35 0 1 0 0 100 711 1 5 0 0 100 34 0 1 1 5 100 524 0 1 1 5 100 73 0 1 1 5 100 35 0 1 1 15 100 525 0 1 1 15 100 715 0 1 1 15 100 36 0 1 1 15 100 34 0 1 1 15 100 524 0 1 1 15 100 73 0 1 1 15 100 35 0 1 0 2 100 36 0 1 0 2 100 34 0 1 0 2 100 524 0 1 0 2 100 73 0 1 0 2 100 34 0 1 1 25 100 524 0 1 1 25 100 74 0 1 1 25 100 224 0 1 1 25 100 224 0 1 1 25 100 714 0 1 3 3333 100 715 0 1 3 3333 100 34 0 1 3 3333 100 524 0 1 3 3333 100 73 0 1 3 3333 100
4/4 74 0 1 0 0 100 35 0 1 0 0 100 45 0 1 0 0 100 74 0 1 0 0 100 42 1 5 0 0 100 44 0 1 1 5 100 64 0 1 1 5 100 13 0 1 1 5 100 44 0 1 1 15 100 64 0 1 1 15 100 13 0 1 1 15 100 72 1 5 0 2 100 23 0 1 1 25 100 314 0 1 1 25 100 73 0 1 1 25 100
4/4 73 0 1 0 0 100 33 0 4 0 0 100 34 0 1 0 1 100 23 1 15 0 2 100 73 1 5 1 35 100
4/4 13 0 4 0 0 100 43 1 35 0 0 100 12 1 5 1 35 100
4/4 13 0 1 0 0 100 43 0 4 0 0 100 64 0 1 0 1 100 54 1 15 0 2 100 314 1 5 1 35 100
4/4 44 0 3 0 0 100 43 0 4 0 0 100 55 0 1 0 3 100 74 0 1 0 3 100 65 0 1 1 35 100 14 0 1 1 35 100
4/4 75 0 1 0 0 100 224 0 1 0 0 100 52 1 5 0 0 100 73 1 5 1 5 100 223 0 1 0 1 100 43 0 1 0 1 100 75 0 1 1 15 100 224 0 1 1 15 100 75 0 1 0 2 100 224 0 1 0 2 100 45 0 1 0 3 100 64 0 1 0 3 100 315 0 1 1 35 100 54 0 1 1 35 100
4/4 12 1 5 0 0 100 315 0 1 0 0 100 54 0 1 0 0 100 73 1 5 1 5 100 314 0 1 0 1 100 53 0 1 0 1 100 45 0 1 0 3 100 64 0 1 0 3 100 55 0 1 1 35 100 74 0 1 1 35 100
4/4 65 0 1 0 0 100 14 0 1 0 0 100 42 1 5 0 0 100 13 1 5 1 5 100 44 0 1 0 1 100 63 0 1 0 1 100 65 0 1 1 15 100 14 0 1 1 15 100 65 0 1 0 2 100 14 0 1 0 2 100 14 0 1 0 3 100 14 0 1 0 3 100 714 1 5 1 35 100 55 1 5 1 35 100 25 1 5 1 35 100
4/4 72 1 5 0 0 100 714 0 3 0 0 100 55 0 1 0 0 100 73 1 5 1 5 100 45 0 2 0 1 100 44 1 5 0 1 100 64 1 5 1 15 100 73 0 2 0 2 100 74 1 5 0 3 100 24 0 1 0 3 100 64 1 5 1 35 100
4/4 54 0 1 0 0 100 35 0 1 0 0 100 31 0 1 0 0 100 75 0 1 1 5 100 72 0 1 1 5 100 35 0 1 0 1 100 43 0 1 0 1 100 75 1 5 1 15 100 54 1 25 1 15 100 36 1 5 0 2 100 75 1 5 1 25 100 35 1 5 0 3 100 75 1 5 1 35 100
4/4 36 0 1 0 0 100 31 0 1 0 0 100 75 0 1 1 5 100 72 0 1 1 5 100 35 0 1 0 1 100 43 0 1 0 1 100 75 1 5 1 15 100 54 1 25 1 15 100 36 1 5 0 2 100 75 1 5 1 25 100 35 1 5 0 3 100 75 1 5 1 35 100
4/4 36 0 1 0 0 100 221 0 1 0 0 100 75 0 1 1 5 100 62 0 1 1 5 100 35 0 1 0 1 100 33 0 1 0 1 100 75 1 5 1 15 100 44 1 25 1 15 100 36 1 5 0 2 100 75 1 5 1 25 100 35 1 5 0 3 100 75 1 5 1 35 100
4/4 711 0 4 0 0 100 523 1 5 1 5 100 35 0 1 0 1 100 223 1 5 0 1 100 34 1 25 1 15 100 75 0 1 0 2 100 65 0 1 0 3 100
4/4 74 0 1 0 0 100 35 0 1 0 0 100 45 0 1 0 0 100 75 0 1 0 0 100 71 0 1 0 0 100 71 0 1 0 0 100
4/4 74 0 1 0 0 100 71 0 1 0 0 100 71 0 1 0 0 100 64 2 25 2 25 100 524 0 1 1 5 100 71 0 1 1 5 100 64 2 25 2 75 100 74 0 1 0 1 100 71 0 1 0 1 100 71 0 1 0 1 100 14 2 25 2 125 100 74 0 1 1 15 100 71 0 1 1 15 100 14 2 25 2 175 100 24 0 1 0 2 100 71 0 1 0 2 100 71 0 1 0 2 100 315 2 25 2 225 100 24 0 1 1 25 100 71 0 1 1 25 100 315 2 25 2 275 100 525 0 1 0 3 100 71 0 1 0 3 100 71 0 1 0 3 100 65 2 25 2 325 100 525 0 1 1 35 100 71 0 1 1 35 100 65 2 25 2 375 100
4/4 71 0 1 0 0 100 71 0 1 0 0 100 23 0 1 1 5 100 24 0 1 1 5 100 71 0 1 1 5 100 64 0 1 0 1 100 65 0 1 0 1 100 71 0 1 0 1 100 71 0 1 0 1 100 524 0 1 1 15 100 525 0 1 1 15 100 71 0 1 1 15 100 64 0 1 0 2 100 65 0 1 0 2 100 71 0 1 0 2 100 71 0 1 0 2 100 14 0 1 2 225 100 14 0 1 2 225 100 74 0 1 1 25 100 75 0 1 1 25 100 71 0 1 1 25 100 71 0 1 0 3 100 71 0 1 0 3 100 72 1 5 1 35 100
4/4 71 0 1 0 0 100 71 0 1 0 0 100 64 0 1 1 5 100 65 0 1 1 5 100 71 0 1 1 5 100 74 0 1 0 1 100 75 0 1 0 1 100 71 0 1 0 1 100 71 0 1 0 1 100 64 0 1 1 15 100 65 0 1 1 15 100 71 0 1 1 15 100 74 0 1 0 2 100 75 0 1 0 2 100 71 0 1 0 2 100 71 0 1 0 2 100 24 0 1 2 225 100 24 0 1 2 225 100 14 0 1 1 25 100 15 0 1 1 25 100 71 0 1 1 25 100 71 0 1 0 3 100 71 0 1 0 3 100 72 1 5 1 35 100
4/4 25 0 1 0 0 100 46 0 1 0 0 100 71 0 1 0 0 100 71 0 1 0 0 100 15 0 1 2 25 100 35 0 1 2 25 100 75 0 1 1 5 100 25 0 1 1 5 100 71 0 1 1 5 100 65 0 1 2 75 100 14 0 1 2 75 100 75 0 1 0 1 100 25 0 1 0 1 100 71 0 1 0 1 100 71 0 1 0 1 100 65 0 1 2 125 100 14 0 1 2 125 100 525 0 1 1 15 100 75 0 1 1 15 100 71 0 1 1 15 100 315 0 1 2 175 100 64 0 1 2 175 100 525 0 1 0 2 100 75 0 1 0 2 100 71 0 1 0 2 100 71 0 1 0 2 100 315 0 1 2 225 100 64 0 1 2 225 100 24 0 1 1 25 100 525 0 1 1 25 100 71 0 1 1 25 100 14 0 1 2 275 100 314 0 1 2 275 100 24 0 1 0 3 100 525 0 1 0 3 100 71 0 1 0 3 100 71 0 1 0 3 100 14 0 1 2 325 100 34 0 1 2 325 100 74 0 1 1 35 100 24 0 1 1 35 100 71 0 1 1 35 100 64 0 1 2 375 100 13 0 1 2 375 100
4/4 524 0 1 0 0 100 74 0 1 0 0 100 71 0 1 0 0 100 71 0 1 0 0 100 64 0 1 2 25 100 13 0 1 2 25 100 524 0 1 1 5 100 74 0 1 1 5 100 71 0 1 1 5 100 64 0 1 2 75 100 13 0 1 2 75 100 524 0 1 0 1 100 74 0 1 0 1 100 71 0 1 0 1 100 71 0 1 0 1 100 64 0 1 2 125 100 13 0 1 2 125 100 524 0 1 1 15 100 74 0 1 1 15 100 71 0 1 1 15 100 64 0 1 2 175 100 13 0 1 2 175 100 524 0 1 0 2 100 74 0 1 0 2 100 71 0 1 0 2 100 71 0 1 0 2 100 64 0 1 2 225 100 13 0 1 2 225 100 524 0 1 1 25 100 74 0 1 1 25 100 71 0 1 1 25 100 64 0 1 2 275 100 13 0 1 2 275 100 524 0 1 0 3 100 74 0 1 0 3 100 71 0 1 0 3 100 71 0 1 0 3 100 64 0 1 2 325 100 13 0 1 2 325 100 524 0 1 1 35 100 74 0 1 1 35 100 71 0 1 1 35 100 64 0 1 2 375 100 13 0 1 2 375 100
4/4 524 0 1 0 0 100 74 0 1 0 0 100 71 0 1 0 0 100 71 0 1 0 0 100 64 0 1 2 25 100 13 0 1 2 25 100 524 0 1 1 5 100 74 0 1 1 5 100 71 0 1 1 5 100 64 0 1 2 75 100 13 0 1 2 75 100 524 0 1 0 1 100 74 0 1 0 1 100 71 0 1 0 1 100 71 0 1 0 1 100 64 0 1 2 125 100 13 0 1 2 125 100 524 0 1 1 15 100 74 0 1 1 15 100 71 0 1 1 15 100 64 0 1 2 175 100 13 0 1 2 175 100 524 0 1 0 2 100 74 0 1 0 2 100 71 0 1 0 2 100 71 0 1 0 2 100 64 0 1 2 225 100 13 0 1 2 225 100 524 0 1 1 25 100 74 0 1 1 25 100 71 0 1 1 25 100 64 0 1 2 275 100 13 0 1 2 275 100 524 0 1 0 3 100 74 0 1 0 3 100 71 0 1 0 3 100 71 0 1 0 3 100 64 0 1 2 325 100 13 0 1 2 325 100 524 0 1 1 35 100 74 0 1 1 35 100 71 0 1 1 35 100 64 0 1 2 375 100 13 0 1 2 375 100
4/4 524 0 1 0 0 100 74 0 1 0 0 100 71 0 1 0 0 100 71 0 1 0 0 100 64 0 1 2 25 100 13 0 1 2 25 100 524 0 1 1 5 100 74 0 1 1 5 100 71 0 1 1 5 100 64 0 1 2 75 100 13 0 1 2 75 100 524 0 1 0 1 100 74 0 1 0 1 100 71 0 1 0 1 100 71 0 1 0 1 100 64 0 1 2 125 100 13 0 1 2 125 100 524 0 1 1 15 100 74 0 1 1 15 100 71 0 1 1 15 100 64 0 1 2 175 100 13 0 1 2 175 100 524 0 1 0 2 100 74 0 1 0 2 100 71 0 1 0 2 100 71 0 1 0 2 100 64 0 1 2 225 100 13 0 1 2 225 100 524 0 1 1 25 100 74 0 1 1 25 100 71 0 1 1 25 100 64 0 1 2 275 100 13 0 1 2 275 100 524 0 1 0 3 100 74 0 1 0 3 100 71 0 1 0 3 100 71 0 1 0 3 100 64 0 1 2 325 100 13 0 1 2 325 100 524 0 1 1 35 100 74 0 1 1 35 100 71 0 1 1 35 100 64 0 1 2 375 100 13 0 1 2 375 100
4/4 75 0 1 0 0 100 71 0 1 0 0 100 71 0 1 0 0 100 36 0 1 0 1 100 25 1 15 0 2 100 75 1 5 1 35 100
4/4 15 0 4 0 0 100 42 1 5 0 0 100 13 1 5 1 5 100 54 1 5 0 1 100 64 1 5 1 15 100 13 0 2 0 2 100
4/4 15 0 1 0 0 100 42 1 5 0 0 100 13 1 5 1 5 100 66 0 1 0 1 100 54 1 5 0 1 100 64 1 5 1 15 100 56 1 15 0 2 100 13 0 2 0 2 100 316 1 5 1 35 100
4/4 46 0 3 0 0 100 42 1 5 0 0 100 14 1 5 1 5 100 74 1 5 0 1 100 64 1 5 1 15 100 54 1 5 0 2 100 44 1 5 1 25 100 56 0 1 0 3 100 33 0 1 0 3 100 66 0 1 1 35 100 22 0 1 1 35 100
4/4 76 1 15 0 0 100 52 0 1 0 0 100 44 1 5 0 1 100 76 1 5 1 15 100 74 1 25 1 15 100 76 0 1 0 2 100 46 1 5 0 3 100 316 1 5 1 35 100
4/4 12 1 5 0 0 100 316 0 3 0 0 100 13 1 5 1 5 100 54 1 5 0 1 100 74 1 25 1 15 100 46 1 5 0 3 100 56 1 5 1 35 100
4/4 66 0 4 0 0 100 72 1 5 0 0 100 44 1 5 1 5 100 64 1 5 0 1 100 14 1 5 1 15 100 35 0 2 0 2 100
