4/4 32 2 25 0 0 100 72 1 5 1 5 100 43 1 5 0 1 100 53 1 25 1 15 100
4/4 32 2 25 0 0 100 72 1 5 1 5 100 43 1 5 0 1 100 53 1 25 1 15 100
4/4 73 0 1 0 0 100 32 2 25 0 0 100 72 1 5 1 5 100 34 0 1 0 1 100 43 1 5 0 1 100 53 1 25 1 15 100 23 1 15 0 2 100 73 1 5 1 35 100
4/4 13 0 4 0 0 100 42 2 25 0 0 100 12 1 5 1 5 100 53 1 5 0 1 100 63 0 2 1 15 100 12 1 5 1 35 100
4/4 13 0 1 0 0 100 42 2 25 0 0 100 12 1 5 1 5 100 64 0 1 0 1 100 53 1 5 0 1 100 63 1 25 1 15 100 54 1 15 0 2 100 314 1 5 1 35 100
4/4 44 0 3 0 0 100 42 2 25 0 0 100 12 1 5 1 5 100 53 1 5 0 1 100 63 1 25 1 15 100 54 1 5 0 3 100 64 1 5 1 35 100
4/4 74 1 15 0 0 100 51 2 25 0 0 100 72 1 5 1 5 100 222 1 5 0 1 100 74 1 5 1 15 100 43 1 25 1 15 100 74 0 1 0 2 100 44 1 5 0 3 100 314 1 5 1 35 100
4/4 11 2 25 0 0 100 314 0 3 0 0 100 72 1 5 1 5 100 313 1 5 0 1 100 53 1 25 1 15 100 44 1 5 0 3 100 54 1 5 1 35 100
4/4 64 1 15 0 0 100 42 2 25 0 0 100 62 1 5 1 5 100 33 1 5 0 1 100 64 1 5 1 15 100 12 1 25 1 15 100 64 0 1 0 2 100 34 1 5 0 3 100 23 1 5 1 35 100
4/4 71 1 5 0 0 100 23 1 25 0 0 100 42 1 5 1 5 100 12 1 5 0 1 100 22 1 5 1 15 100 63 0 2 0 2 100 23 1 5 1 25 100 34 1 5 0 3 100 44 1 5 1 35 100
4/4 43 0 1 0 0 100 51 0 1 0 0 100 73 0 4 0 0 100 313 0 1 0 2 100 521 0 1 0 2 100
4/4 33 0 1 0 0 100 63 0 1 0 0 100 41 0 1 0 0 100 22 0 1 0 2 100 73 0 1 0 2 100 311 0 1 0 2 100
4/4 73 0 1 0 0 100 31 1 5 0 0 100 72 1 5 1 5 100 34 0 1 0 1 100 33 1 5 0 1 100 53 1 5 1 15 100 23 3 1333 0 2 100 73 1 5 0 2 100 72 1 5 1 25 100 53 1 5 0 3 100 73 0 1 1 35 100 33 0 1 1 35 100
4/4 13 3 3667 0 0 100 41 1 5 0 0 100 12 1 5 1 5 100 33 1 5 0 1 100 53 1 5 1 15 100 63 1 5 0 2 100 12 1 5 1 25 100 63 1 5 0 3 100 33 1 5 1 35 100
4/4 13 0 1 0 0 100 41 1 5 0 0 100 12 1 5 1 5 100 64 0 1 0 1 100 33 1 5 0 1 100 63 1 5 1 15 100 54 3 1333 0 2 100 313 1 5 0 2 100 12 1 5 1 25 100 313 0 1 0 3 100 314 1 5 1 35 100
4/4 44 2 325 0 0 100 41 1 5 0 0 100 13 1 5 1 5 100 73 1 5 0 1 100 63 1 5 1 15 100 53 1 5 0 2 100 43 1 5 1 25 100 33 1 5 0 3 100 54 2 25 2 325 100 64 0 1 1 35 100 22 0 1 1 35 100 614 2 25 2 375 100
4/4 74 1 15 0 0 100 51 1 5 0 0 100 72 1 5 1 5 100 222 1 5 0 1 100 74 0 1 1 15 100 53 0 1 1 15 100 74 0 1 0 2 100 73 1 5 0 2 100 72 1 5 1 25 100 44 0 1 0 3 100 53 0 1 0 3 100 314 1 5 1 35 100 222 1 5 1 35 100
4/4 11 1 5 0 0 100 314 0 3 0 0 100 72 1 5 1 5 100 12 1 5 0 1 100 313 1 5 1 15 100 73 0 2 0 2 100 44 2 25 0 3 100 314 2 25 2 325 100 44 2 25 1 35 100 54 2 25 2 375 100
4/4 64 1 15 0 0 100 41 1 5 0 0 100 12 1 5 1 5 100 33 1 5 0 1 100 64 0 1 1 15 100 43 0 1 1 15 100 64 0 1 0 2 100 63 1 5 0 2 100 12 1 5 1 25 100 13 1 5 0 3 100 63 0 1 0 3 100 54 1 5 1 35 100
4/4 713 0 1 0 0 64 71 1 5 0 0 100 54 0 1 0 0 100 712 1 5 1 5 100 44 0 2 0 1 100 63 1 5 0 1 100 53 1 5 1 15 100 63 0 2 0 2 100 23 0 1 0 3 100
4/4 31 0 4 0 0 100 73 0 1 1 5 100 42 0 1 1 5 100 44 1 5 0 1 100 52 2 25 0 1 100 34 0 1 1 15 100 72 0 1 1 15 100 74 0 2 0 2 100 33 1 5 0 2 100 72 1 5 1 25 100 42 1 5 0 3 100 52 1 5 1 35 100
4/4 31 1 5 0 0 100 73 0 1 1 5 100 72 0 1 1 5 100 44 0 1 0 1 100 33 0 1 0 1 100 34 0 1 1 15 100 43 0 1 1 15 100 74 0 1 0 2 100 53 1 5 0 2 100 73 1 15 1 25 100 34 0 1 0 3 100 44 0 1 0 3 64 54 0 1 3 3333 64 64 0 1 3 3333 64 74 0 1 3 3667 64 14 0 1 3 3667 64
4/4 223 0 1 0 0 100 44 0 1 0 0 100 64 0 1 0 0 100 224 0 1 0 0 100 71 1 5 0 0 100 222 0 1 1 5 100 43 0 1 1 5 100 63 0 1 1 5 100 223 0 1 1 15 100 44 0 1 1 15 100 64 0 1 1 15 100 224 0 1 1 15 100 222 0 1 1 15 100 43 0 1 1 15 100 63 0 1 1 15 100 223 0 1 0 2 100 224 0 1 0 2 100 222 0 1 0 2 100 43 0 1 0 2 100 63 0 1 0 2 100 222 0 1 1 25 100 43 0 1 1 25 100 63 0 1 1 25 100 13 0 1 1 25 100 14 0 1 1 25 100 73 0 1 3 3333 100 74 0 1 3 3333 100 222 0 1 3 3333 100 43 0 1 3 3333 100 63 0 1 3 3333 100
4/4 223 0 1 0 0 100 44 0 1 0 0 100 64 0 1 0 0 100 224 0 1 0 0 100 32 1 5 0 0 100 222 0 1 1 5 100 43 0 1 1 5 100 63 0 1 1 5 100 222 0 1 1 15 100 43 0 1 1 15 100 63 0 1 1 15 100 222 0 1 0 2 100 43 0 1 0 2 100 63 0 1 0 2 100 43 0 1 1 25 100 44 0 1 1 25 100 222 0 1 1 25 100 43 0 1 1 25 100 63 0 1 1 25 100 223 0 1 0 3 100 224 0 1 0 3 100 73 0 1 1 35 100 74 0 1 1 35 100 222 0 1 1 35 100 43 0 1 1 35 100 63 0 1 1 35 100
4/4 13 0 1 0 0 100 34 0 1 0 0 100 64 0 1 0 0 100 14 0 1 0 0 100 61 1 5 0 0 100 12 0 1 1 5 100 33 0 1 1 5 100 53 0 1 1 5 100 13 0 1 1 15 100 34 0 1 1 15 100 64 0 1 1 15 100 14 0 1 1 15 100 12 0 1 1 15 100 33 0 1 1 15 100 53 0 1 1 15 100 13 0 1 0 2 100 14 0 1 0 2 100 12 0 1 0 2 100 33 0 1 0 2 100 53 0 1 0 2 100 12 0 1 1 25 100 33 0 1 1 25 100 53 0 1 1 25 100 73 0 1 1 25 100 74 0 1 1 25 100 63 0 1 3 3333 100 64 0 1 3 3333 100 12 0 1 3 3333 100 33 0 1 3 3333 100 53 0 1 3 3333 100
4/4 13 0 1 0 0 100 34 0 1 0 0 100 54 0 1 0 0 100 14 0 1 0 0 100 61 1 5 0 0 100 12 0 1 1 5 100 33 0 1 1 5 100 53 0 1 1 5 100 12 0 1 1 15 100 33 0 1 1 15 100 53 0 1 1 15 100 12 0 1 0 2 100 33 0 1 0 2 100 53 0 1 0 2 100 13 0 1 1 25 100 14 0 1 1 25 100 12 0 1 1 25 100 33 0 1 1 25 100 53 0 1 1 25 100 223 0 1 0 3 100 224 0 1 0 3 100 34 0 1 1 35 100 35 0 1 1 35 100 12 0 1 1 35 100 33 0 1 1 35 100 53 0 1 1 35 100
4/4 314 0 1 0 0 100 64 0 1 0 0 100 714 0 1 0 0 100 315 0 1 0 0 100 221 1 5 0 0 100 313 0 1 1 5 100 63 0 1 1 5 100 713 0 1 1 5 100 314 0 1 1 15 100 64 0 1 1 15 100 714 0 1 1 15 100 315 0 1 1 15 100 313 0 1 1 15 100 63 0 1 1 15 100 713 0 1 1 15 100 314 0 1 0 2 100 315 0 1 0 2 100 313 0 1 0 2 100 63 0 1 0 2 100 713 0 1 0 2 100 313 0 1 1 25 100 63 0 1 1 25 100 713 0 1 1 25 100 34 0 1 1 25 100 35 0 1 1 25 100 223 0 1 3 3333 100 224 0 1 3 3333 100 313 0 1 3 3333 100 63 0 1 3 3333 100 713 0 1 3 3333 100
4/4 314 0 1 0 0 100 74 0 1 0 0 100 224 0 1 0 0 100 315 0 1 0 0 100 521 1 5 0 0 100 222 0 1 1 5 100 523 0 1 1 5 100 73 0 1 1 5 100 222 0 1 1 15 100 523 0 1 1 15 100 73 0 1 1 15 100 222 0 1 0 2 100 523 0 1 0 2 100 73 0 1 0 2 100 63 0 1 1 25 100 64 0 1 1 25 100 222 0 1 1 25 100 523 0 1 1 25 100 73 0 1 1 25 100 314 0 1 0 3 100 315 0 1 0 3 100 223 0 1 1 35 100 224 0 1 1 35 100 222 0 1 1 35 100 523 0 1 1 35 100 73 0 1 1 35 100
4/4 34 0 1 0 0 100 524 0 1 0 0 100 714 0 1 0 0 100 35 0 1 0 0 100 711 1 5 0 0 100 33 0 1 1 5 100 523 0 1 1 5 100 73 0 1 1 5 100 34 0 1 1 15 100 524 0 1 1 15 100 714 0 1 1 15 100 35 0 1 1 15 100 33 0 1 1 15 100 523 0 1 1 15 100 73 0 1 1 15 100 34 0 1 0 2 100 35 0 1 0 2 100 33 0 1 0 2 100 523 0 1 0 2 100 73 0 1 0 2 100 33 0 1 1 25 100 523 0 1 1 25 100 73 0 1 1 25 100 223 0 1 1 25 100 224 0 1 1 25 100 713 0 1 3 3333 100 714 0 1 3 3333 100 33 0 1 3 3333 100 523 0 1 3 3333 100 73 0 1 3 3333 100
4/4 73 0 1 0 0 100 34 0 1 0 0 100 44 0 1 0 0 100 74 0 1 0 0 100 41 1 5 0 0 100 43 0 1 1 5 100 63 0 1 1 5 100 13 0 1 1 5 100 43 0 1 1 15 100 63 0 1 1 15 100 13 0 1 1 15 100 71 1 5 0 2 100 22 0 1 1 25 100 313 0 1 1 25 100 73 0 1 1 25 100
4/4 72 0 1 0 0 100 32 0 4 0 0 100 33 0 1 0 1 100 22 1 15 0 2 100 72 1 5 1 35 100
4/4 12 0 4 0 0 100 42 1 35 0 0 100 11 1 5 1 35 100
4/4 12 0 1 0 0 100 42 0 4 0 0 100 63 0 1 0 1 100 53 1 15 0 2 100 313 1 5 1 35 100
4/4 43 0 3 0 0 100 42 0 4 0 0 100 54 0 1 0 3 100 74 0 1 0 3 100 64 0 1 1 35 100 14 0 1 1 35 100
4/4 74 0 1 0 0 100 224 0 1 0 0 100 51 1 5 0 0 100 72 1 5 1 5 100 222 0 1 0 1 100 43 0 1 0 1 100 74 0 1 1 15 100 224 0 1 1 15 100 74 0 1 0 2 100 224 0 1 0 2 100 44 0 1 0 3 100 64 0 1 0 3 100 314 0 1 1 35 100 54 0 1 1 35 100
4/4 11 1 5 0 0 100 314 0 1 0 0 100 54 0 1 0 0 100 72 1 5 1 5 100 313 0 1 0 1 100 53 0 1 0 1 100 44 0 1 0 3 100 64 0 1 0 3 100 54 0 1 1 35 100 74 0 1 1 35 100
4/4 64 0 1 0 0 100 14 0 1 0 0 100 41 1 5 0 0 100 12 1 5 1 5 100 43 0 1 0 1 100 63 0 1 0 1 100 64 0 1 1 15 100 14 0 1 1 15 100 64 0 1 0 2 100 14 0 1 0 2 100 13 0 1 0 3 100 14 0 1 0 3 100 713 1 5 1 35 100 54 1 5 1 35 100 24 1 5 1 35 100
4/4 71 1 5 0 0 100 713 0 3 0 0 100 54 0 1 0 0 100 72 1 5 1 5 100 44 0 2 0 1 100 43 1 5 0 1 100 63 1 5 1 15 100 72 0 2 0 2 100 73 1 5 0 3 100 23 0 1 0 3 100 63 1 5 1 35 100
4/4 53 0 1 0 0 100 34 0 1 0 0 100 31 0 1 0 0 100 74 0 1 1 5 100 72 0 1 1 5 100 34 0 1 0 1 100 43 0 1 0 1 100 74 1 5 1 15 100 53 1 25 1 15 100 35 1 5 0 2 100 74 1 5 1 25 100 34 1 5 0 3 100 74 1 5 1 35 100
4/4 35 0 1 0 0 100 31 0 1 0 0 100 74 0 1 1 5 100 72 0 1 1 5 100 34 0 1 0 1 100 43 0 1 0 1 100 74 1 5 1 15 100 53 1 25 1 15 100 35 1 5 0 2 100 74 1 5 1 25 100 34 1 5 0 3 100 74 1 5 1 35 100
4/4 35 0 1 0 0 100 221 0 1 0 0 100 74 0 1 1 5 100 62 0 1 1 5 100 34 0 1 0 1 100 33 0 1 0 1 100 74 1 5 1 15 100 43 1 25 1 15 100 35 1 5 0 2 100 74 1 5 1 25 100 34 1 5 0 3 100 74 1 5 1 35 100
4/4 711 0 4 0 0 100 522 1 5 1 5 100 34 0 1 0 1 100 222 1 5 0 1 100 33 1 25 1 15 100 74 0 1 0 2 100 64 0 1 0 3 100
4/4 73 0 1 0 0 100 34 0 1 0 0 100 44 0 1 0 0 100 74 0 1 0 0 100 71 0 1 0 0 100 71 0 1 0 0 100
4/4 73 0 1 0 0 100 71 0 1 0 0 100 71 0 1 0 0 100 63 2 25 2 25 100 523 0 1 1 5 100 71 0 1 1 5 100 63 2 25 2 75 100 73 0 1 0 1 100 71 0 1 0 1 100 71 0 1 0 1 100 13 2 25 2 125 100 73 0 1 1 15 100 71 0 1 1 15 100 13 2 25 2 175 100 23 0 1 0 2 100 71 0 1 0 2 100 71 0 1 0 2 100 314 2 25 2 225 100 23 0 1 1 25 100 71 0 1 1 25 100 314 2 25 2 275 100 524 0 1 0 3 100 71 0 1 0 3 100 71 0 1 0 3 100 64 2 25 2 325 100 524 0 1 1 35 100 71 0 1 1 35 100 64 2 25 2 375 100
4/4 71 0 1 0 0 100 71 0 1 0 0 100 22 0 1 1 5 100 23 0 1 1 5 100 71 0 1 1 5 100 63 0 1 0 1 100 64 0 1 0 1 100 71 0 1 0 1 100 71 0 1 0 1 100 523 0 1 1 15 100 524 0 1 1 15 100 71 0 1 1 15 100 63 0 1 0 2 100 64 0 1 0 2 100 71 0 1 0 2 100 71 0 1 0 2 100 13 0 1 2 225 100 14 0 1 2 225 100 73 0 1 1 25 100 74 0 1 1 25 100 71 0 1 1 25 100 71 0 1 0 3 100 71 0 1 0 3 100 71 1 5 1 35 100
4/4 71 0 1 0 0 100 71 0 1 0 0 100 63 0 1 1 5 100 64 0 1 1 5 100 71 0 1 1 5 100 73 0 1 0 1 100 74 0 1 0 1 100 71 0 1 0 1 100 71 0 1 0 1 100 63 0 1 1 15 100 64 0 1 1 15 100 71 0 1 1 15 100 73 0 1 0 2 100 74 0 1 0 2 100 71 0 1 0 2 100 71 0 1 0 2 100 23 0 1 2 225 100 24 0 1 2 225 100 13 0 1 1 25 100 14 0 1 1 25 100 71 0 1 1 25 100 71 0 1 0 3 100 71 0 1 0 3 100 71 1 5 1 35 100
4/4 24 0 1 0 0 100 45 0 1 0 0 100 71 0 1 0 0 100 71 0 1 0 0 100 14 0 1 2 25 100 35 0 1 2 25 100 74 0 1 1 5 100 24 0 1 1 5 100 71 0 1 1 5 100 64 0 1 2 75 100 14 0 1 2 75 100 74 0 1 0 1 100 24 0 1 0 1 100 71 0 1 0 1 100 71 0 1 0 1 100 64 0 1 2 125 100 14 0 1 2 125 100 524 0 1 1 15 100 74 0 1 1 15 100 71 0 1 1 15 100 314 0 1 2 175 100 64 0 1 2 175 100 524 0 1 0 2 100 74 0 1 0 2 100 71 0 1 0 2 100 71 0 1 0 2 100 314 0 1 2 225 100 64 0 1 2 225 100 23 0 1 1 25 100 524 0 1 1 25 100 71 0 1 1 25 100 13 0 1 2 275 100 314 0 1 2 275 100 23 0 1 0 3 100 524 0 1 0 3 100 71 0 1 0 3 100 71 0 1 0 3 100 13 0 1 2 325 100 34 0 1 2 325 100 73 0 1 1 35 100 23 0 1 1 35 100 71 0 1 1 35 100 63 0 1 2 375 100 13 0 1 2 375 100
4/4 523 0 1 0 0 100 73 0 1 0 0 100 71 0 1 0 0 100 71 0 1 0 0 100 63 0 1 2 25 100 13 0 1 2 25 100 523 0 1 1 5 100 73 0 1 1 5 100 71 0 1 1 5 100 63 0 1 2 75 100 13 0 1 2 75 100 523 0 1 0 1 100 73 0 1 0 1 100 71 0 1 0 1 100 71 0 1 0 1 100 63 0 1 2 125 100 13 0 1 2 125 100 523 0 1 1 15 100 73 0 1 1 15 100 71 0 1 1 15 100 63 0 1 2 175 100 13 0 1 2 175 100 523 0 1 0 2 100 73 0 1 0 2 100 71 0 1 0 2 100 71 0 1 0 2 100 63 0 1 2 225 100 13 0 1 2 225 100 523 0 1 1 25 100 73 0 1 1 25 100 71 0 1 1 25 100 63 0 1 2 275 100 13 0 1 2 275 100 523 0 1 0 3 100 73 0 1 0 3 100 71 0 1 0 3 100 71 0 1 0 3 100 63 0 1 2 325 100 13 0 1 2 325 100 523 0 1 1 35 100 73 0 1 1 35 100 71 0 1 1 35 100 63 0 1 2 375 100 13 0 1 2 375 100
4/4 523 0 1 0 0 100 73 0 1 0 0 100 71 0 1 0 0 100 71 0 1 0 0 100 63 0 1 2 25 100 13 0 1 2 25 100 523 0 1 1 5 100 73 0 1 1 5 100 71 0 1 1 5 100 63 0 1 2 75 100 13 0 1 2 75 100 523 0 1 0 1 100 73 0 1 0 1 100 71 0 1 0 1 100 71 0 1 0 1 100 63 0 1 2 125 100 13 0 1 2 125 100 523 0 1 1 15 100 73 0 1 1 15 100 71 0 1 1 15 100 63 0 1 2 175 100 13 0 1 2 175 100 523 0 1 0 2 100 73 0 1 0 2 100 71 0 1 0 2 100 71 0 1 0 2 100 63 0 1 2 225 100 13 0 1 2 225 100 523 0 1 1 25 100 73 0 1 1 25 100 71 0 1 1 25 100 63 0 1 2 275 100 13 0 1 2 275 100 523 0 1 0 3 100 73 0 1 0 3 100 71 0 1 0 3 100 71 0 1 0 3 100 63 0 1 2 325 100 13 0 1 2 325 100 523 0 1 1 35 100 73 0 1 1 35 100 71 0 1 1 35 100 63 0 1 2 375 100 13 0 1 2 375 100
4/4 523 0 1 0 0 100 73 0 1 0 0 100 71 0 1 0 0 100 71 0 1 0 0 100 63 0 1 2 25 100 13 0 1 2 25 100 523 0 1 1 5 100 73 0 1 1 5 100 71 0 1 1 5 100 63 0 1 2 75 100 13 0 1 2 75 100 523 0 1 0 1 100 73 0 1 0 1 100 71 0 1 0 1 100 71 0 1 0 1 100 63 0 1 2 125 100 13 0 1 2 125 100 523 0 1 1 15 100 73 0 1 1 15 100 71 0 1 1 15 100 63 0 1 2 175 100 13 0 1 2 175 100 523 0 1 0 2 100 73 0 1 0 2 100 71 0 1 0 2 100 71 0 1 0 2 100 63 0 1 2 225 100 13 0 1 2 225 100 523 0 1 1 25 100 73 0 1 1 25 100 71 0 1 1 25 100 63 0 1 2 275 100 13 0 1 2 275 100 523 0 1 0 3 100 73 0 1 0 3 100 71 0 1 0 3 100 71 0 1 0 3 100 63 0 1 2 325 100 13 0 1 2 325 100 523 0 1 1 35 100 73 0 1 1 35 100 71 0 1 1 35 100 63 0 1 2 375 100 13 0 1 2 375 100
4/4 74 0 1 0 0 100 71 0 1 0 0 100 71 0 1 0 0 100 35 0 1 0 1 100 24 1 15 0 2 100 74 1 5 1 35 100
4/4 14 0 4 0 0 100 41 1 5 0 0 100 12 1 5 1 5 100 53 1 5 0 1 100 63 1 5 1 15 100 12 0 2 0 2 100
4/4 14 0 1 0 0 100 41 1 5 0 0 100 12 1 5 1 5 100 65 0 1 0 1 100 53 1 5 0 1 100 63 1 5 1 15 100 55 1 15 0 2 100 12 0 2 0 2 100 315 1 5 1 35 100
4/4 45 0 3 0 0 100 41 1 5 0 0 100 13 1 5 1 5 100 73 1 5 0 1 100 63 1 5 1 15 100 53 1 5 0 2 100 43 1 5 1 25 100 55 0 1 0 3 100 33 0 1 0 3 100 65 0 1 1 35 100 22 0 1 1 35 100
4/4 75 1 15 0 0 100 51 0 1 0 0 100 43 1 5 0 1 100 75 1 5 1 15 100 73 1 25 1 15 100 75 0 1 0 2 100 45 1 5 0 3 100 315 1 5 1 35 100
4/4 11 1 5 0 0 100 315 0 3 0 0 100 12 1 5 1 5 100 53 1 5 0 1 100 73 1 25 1 15 100 45 1 5 0 3 100 55 1 5 1 35 100
4/4 65 0 4 0 0 100 71 1 5 0 0 100 43 1 5 1 5 100 63 1 5 0 1 100 13 1 5 1 15 100 34 0 2 0 2 100
