3/4
3/4
3/4
3/4
3/4
3/4
3/4
3/4 224 0 2 0 0 125 55 0 1 0 2 137
3/4 65 1 5 0 0 133 55 1 5 1 5 133 45 1 5 0 1 122 35 1 5 1 15 132 55 0 1 0 2 131
3/4 45 0 2 0 0 127 24 3 667 0 2 126 15 1 5 1 25 126
3/4 75 1 5 0 0 125 65 1 5 1 5 131 55 1 5 0 1 118 45 1 5 1 15 134 75 0 1 0 2 133
3/4 35 0 2 0 0 137 35 1 5 0 2 132 45 1 5 1 25 126
3/4 55 0 2 0 0 121 35 0 1 0 2 121 24 0 1 0 2 134 14 2 75 2 225 63
3/4 525 3 333 0 0 118 55 2 175 2 25 69 55 0 1 0 2 125 45 0 1 0 2 126 45 0 1 0 2 66 35 2 75 2 225 63
3/4 45 0 3 0 0 126
3/4 55 2 275 0 0 119
3/4 55 0 2 0 0 122 14 1 5 0 2 69 24 1 5 1 25 73
3/4 35 0 2 0 0 70 24 1 5 0 2 60 14 1 5 1 25 72
3/4 55 0 2 0 0 74 14 1 5 0 2 57 24 1 5 1 25 54
3/4 35 0 2 0 0 73 24 1 5 0 2 74 14 1 5 1 25 67
3/4 15 0 2 0 0 125 65 0 1 0 2 121 75 1 5 1 25 134
3/4 15 1 25 0 0 130 65 0 1 0 0 132 75 0 1 0 0 124 15 1 5 1 25 118
3/4 55 0 3 0 0 132 15 0 2 0 0 117
3/4
3/4 55 1 15 0 0 128 65 1 5 1 15 126 15 1 5 0 2 117 56 1 5 1 25 129
3/4 65 0 3 0 0 121 56 0 1 0 2 129
3/4 46 0 1 0 0 117 36 0 1 0 1 126 25 0 1 0 2 120
3/4 36 0 3 0 0 132
3/4 15 0 2 0 0 137 36 0 1 0 2 132
3/4 25 0 2 0 0 133 55 0 1 0 2 126
3/4 15 0 2 0 0 117 36 0 1 0 2 127
3/4 25 0 2 0 0 128 75 0 1 0 2 134
3/4 15 0 3 0 0 130
3/4 15 0 3 0 0 129
3/4 55 0 1 0 0 134 13 0 3 0 0 135 34 0 1 0 1 134 54 0 1 0 1 136 14 0 1 0 2 119 24 1 5 1 25 120
3/4 35 0 1 0 0 131 713 0 1 0 0 133 34 0 1 0 0 122 54 0 1 0 0 123 14 0 1 0 0 127 24 0 1 0 0 135 34 0 1 0 1 127 54 0 1 0 1 133 24 0 1 0 2 126 14 1 5 1 25 117
3/4 55 0 1 0 0 136 73 0 2 0 0 124 34 0 1 0 0 137 54 0 1 0 0 135 24 0 1 0 0 132 14 0 1 0 0 133 34 0 1 0 1 123 54 0 1 0 1 121 14 0 1 0 2 135 73 1 5 0 2 131 24 1 5 1 25 130
3/4 35 0 2 0 0 134 613 1 25 0 0 126 14 0 2 0 0 128 24 0 2 0 0 127 13 0 1 0 1 124 34 0 1 0 1 119 54 0 1 0 1 130 24 0 1 0 2 136 14 1 5 1 25 125
3/4 24 0 1 0 0 134 15 0 1 0 0 125 43 0 1 0 0 56 13 0 1 0 1 124 34 0 1 0 1 120 64 0 1 0 1 128 65 0 1 0 2 125 75 1 5 1 25 136
3/4 15 0 1 0 0 118 73 0 1 0 0 118 65 0 1 0 0 121 75 0 1 0 0 127 73 0 1 2 75 64 44 0 1 2 75 125 23 0 1 2 75 69 64 0 1 2 75 136 65 0 1 0 1 132 75 0 1 0 1 134 25 0 2 0 1 121 15 1 5 1 25 133
3/4 55 0 1 0 0 132 33 1 5 0 0 64 15 0 1 0 0 117 25 0 1 0 0 130 73 1 15 1 5 122 54 0 1 0 1 61 24 0 1 0 1 136 23 0 1 0 1 127 54 0 1 0 1 131 64 0 1 0 2 61 73 3 333 0 2 118
3/4 74 0 1 0 0 74 313 1 5 0 0 69 73 0 2 1 5 124 224 0 1 0 1 66 223 0 1 0 1 129 54 0 1 0 1 121 315 0 1 0 2 68
3/4 35 0 2 0 0 123 43 0 1 0 0 61 34 0 1 0 1 128 64 0 1 0 1 129 24 1 5 0 2 132 14 1 5 1 25 125
3/4 24 0 2 0 0 120 73 0 1 0 0 136 23 0 1 0 1 128 64 0 1 0 1 120
3/4 45 0 2 0 0 131 73 0 1 0 0 65 44 0 1 0 1 131 74 0 1 0 1 121 35 1 5 0 2 134 44 0 1 0 2 120 74 0 1 0 2 127 24 1 5 1 25 122
3/4 13 0 3 0 0 132 54 0 1 0 1 130 14 0 1 0 1 137 54 0 1 0 2 118 14 0 1 0 2 133
3/4 63 0 1 0 0 63 13 0 1 0 1 58 524 0 1 0 2 128
3/4 63 0 1 0 0 62 524 0 1 0 0 136 524 0 1 0 1 129 13 0 2 0 1 68 524 0 1 0 2 117
3/4 73 0 1 0 0 60 524 0 2 0 0 125 23 0 1 0 1 60 44 0 1 0 2 137 73 0 1 0 2 56
3/4 713 0 1 0 0 56 44 0 2 0 0 117 23 0 1 0 1 56 54 0 1 0 2 132
3/4 23 0 1 0 0 118 12 0 1 0 0 71 13 0 1 0 0 58 34 0 1 0 1 126 54 0 1 0 1 136
3/4 712 0 1 0 0 123 713 0 1 0 0 59 34 0 1 0 1 130 54 0 1 0 1 117
3/4 72 0 1 0 0 131 73 0 1 0 0 73 34 0 1 0 1 127 54 0 1 0 1 134
3/4 612 0 1 0 0 129 613 0 1 0 0 58 13 0 1 0 1 117 34 0 1 0 1 119 54 0 1 0 1 121
3/4 42 0 1 0 0 54 43 0 1 0 0 71 13 0 1 0 1 123 34 0 1 0 1 135 64 0 1 0 1 124 13 0 1 0 2 132 34 0 1 0 2 130 64 0 1 0 2 125
3/4 72 0 1 0 0 126 73 0 1 0 0 66 45 2 75 2 225 134 65 1 5 1 25 129 15 2 25 2 275 134
3/4 75 0 1 0 0 131 25 0 1 0 0 133 62 0 3 0 0 124 45 0 1 0 0 122 65 2 25 0 0 120 65 0 1 1 5 136 15 0 1 1 5 121 55 0 1 0 1 137 75 0 1 0 1 125 45 0 1 1 15 126 65 0 1 1 15 120 224 0 1 1 25 132 45 0 1 1 25 121
3/4 14 0 1 0 0 132 315 0 1 0 0 136 12 0 3 0 0 72 224 0 1 0 0 131 45 0 1 0 0 129 14 1 5 0 1 126 74 1 15 1 15 133 54 2 75 0 2 136 314 1 5 1 25 126
3/4 42 0 1 0 0 60 43 0 1 0 0 62 314 1 15 0 0 122 64 1 5 1 15 132 14 1 5 0 2 127 55 1 5 1 25 117
3/4 32 0 1 0 0 124 33 0 1 0 0 136 613 2 225 2 75 54 13 0 1 0 1 125 23 0 1 0 1 135
3/4 21 0 1 0 0 117 22 0 1 0 0 123 13 0 1 2 75 134 613 0 1 2 75 63 23 0 2 0 1 118 52 0 1 0 2 125 53 0 1 0 2 134
3/4 522 0 1 0 0 57 523 0 1 0 0 64 613 2 175 2 25 129 13 0 2 1 5 122 34 2 175 2 75 124 524 3 1667 0 1 132 614 1 15 2 125 129 14 2 125 1 15 123
3/4 63 0 3 0 0 59 34 0 1 2 75 130 13 0 1 2 75 63 54 0 2 0 1 121
3/4 73 0 3 0 0 66 44 0 1 2 75 129 23 0 1 2 75 54 64 0 2 0 1 137
3/4 13 0 3 0 0 73 54 0 1 2 75 126 34 0 1 2 75 55 74 0 2 0 1 120
3/4 23 0 3 0 0 60 44 2 125 2 175 74 74 0 1 0 2 118 24 0 1 0 2 129
3/4 23 0 3 0 0 61 44 0 3 0 0 72 74 0 3 0 0 126 24 0 3 0 0 127
3/4 23 0 3 0 0 71 44 0 1 0 0 54 74 0 2 0 0 129 24 0 3 0 0 127
