4/4 15 0 1 0 0 100 36 0 1 0 0 101 63 0 1 0 0 102 13 0 1 0 0 92 34 0 1 0 0 98 15 0 1 1 5 102 36 0 1 1 5 99 715 0 1 0 1 96 25 0 1 0 1 93 15 0 1 1 15 106 36 0 1 1 15 106 225 0 1 0 2 104 46 0 1 0 2 109 15 0 1 0 3 109 36 0 1 0 3 94
4/4 65 0 1 0 0 96 15 0 1 0 0 100 63 0 1 0 0 103 13 0 1 0 0 106 34 0 1 0 0 92 65 0 1 1 5 109 15 0 1 1 5 102 55 0 1 0 1 104 715 0 1 0 1 95 65 0 1 1 15 96 15 0 1 1 15 107 75 0 1 0 2 91 225 0 1 0 2 110 65 0 1 0 3 107 15 0 1 0 3 103
4/4 14 0 1 0 0 98 65 0 1 0 0 106 63 0 1 0 0 98 13 0 1 0 0 98 34 0 1 0 0 110 14 0 1 1 5 109 65 0 1 1 5 104 714 0 1 0 1 92 55 0 1 0 1 108 14 0 1 1 15 96 65 0 1 1 15 109 224 0 1 0 2 95 75 0 1 0 2 93 14 0 1 1 25 97 65 0 1 1 25 97 74 0 1 0 3 94 55 0 1 0 3 106 64 0 1 1 35 94 45 0 1 1 35 107
4/4 54 0 1 0 0 90 35 0 1 0 0 94 33 0 1 0 0 104 53 0 1 0 0 107 73 0 1 0 0 57 34 1 5 0 1 92 35 1 5 0 2 100 36 1 5 0 3 106
4/4 65 0 1 0 0 92 63 0 1 0 0 102 65 0 1 0 1 104 34 0 1 0 1 106 64 0 1 0 1 96 14 0 1 0 1 106 65 0 1 0 2 108 33 0 1 0 2 95 55 0 1 0 3 99 34 0 1 0 3 90 64 0 1 0 3 101 14 0 1 0 3 90 65 0 1 1 35 97 34 0 1 1 35 92 64 0 1 1 35 107 14 0 1 1 35 97
4/4 75 0 2 0 0 110 73 0 1 0 0 99 34 0 1 0 1 104 54 0 1 0 1 97 74 0 1 0 1 95 33 0 1 0 2 99 35 0 1 0 3 106 34 0 1 0 3 104 54 0 1 0 3 97 74 0 1 0 3 100 34 0 1 1 35 103 54 0 1 1 35 105 74 0 1 1 35 91
4/4 75 0 1 0 0 105 73 0 1 0 0 108 75 0 1 0 1 101 34 0 1 0 1 93 54 0 1 0 1 106 224 0 1 0 1 106 75 0 1 0 2 101 33 0 1 0 2 104 65 0 1 0 3 101 34 0 1 0 3 110 54 0 1 0 3 99 224 0 1 0 3 95 75 0 1 1 35 98 34 0 1 1 35 96 54 0 1 1 35 99 224 0 1 1 35 102
4/4 15 0 2 0 0 102 63 0 1 0 0 91 34 0 1 0 1 90 64 0 1 0 1 97 14 0 1 0 1 108 33 0 1 0 2 91 35 0 1 0 3 98 34 0 1 0 3 109 64 0 1 0 3 106 14 0 1 0 3 101 34 0 1 1 35 98 64 0 1 1 35 96 14 0 1 1 35 95
4/4 15 0 1 0 0 92 63 0 1 0 0 91 15 0 1 0 1 91 34 0 1 0 1 100 64 0 1 0 1 105 14 0 1 0 1 108 15 0 1 0 2 106 33 0 1 0 2 107 75 0 1 0 3 101 34 0 1 0 3 101 524 0 1 0 3 102 14 0 1 0 3 97 15 0 1 1 35 95 34 0 1 1 35 110 524 0 1 1 35 92 14 0 1 1 35 110
4/4 225 0 1 0 0 104 222 0 1 0 0 106 225 0 1 0 1 101 44 0 1 0 1 110 64 0 1 0 1 98 224 0 1 0 1 109 225 1 5 0 2 106 222 0 1 0 2 98 15 1 5 1 25 97 75 0 1 0 3 93 44 0 1 0 3 102 64 0 1 0 3 96 224 0 1 0 3 91 65 0 1 1 35 98 44 0 1 1 35 94 64 0 1 1 35 91 224 0 1 1 35 101
4/4 55 0 1 0 0 99 33 0 1 0 0 107 55 0 1 0 1 107 54 0 1 0 1 96 74 0 1 0 1 106 35 0 1 0 1 106 55 0 1 0 2 95 33 0 1 0 2 92 45 0 1 0 3 109 54 0 1 0 3 90 74 0 1 0 3 93 224 0 1 0 3 92 55 0 1 1 35 97 54 0 1 1 35 106 74 0 1 1 35 102 224 0 1 1 35 103
4/4 65 0 1 0 0 91 63 0 1 0 0 104 34 0 1 0 1 109 64 0 1 0 1 104 14 0 1 0 1 98 33 0 1 0 1 94 34 0 1 0 2 102 64 0 1 0 2 99 14 0 1 0 2 108 63 0 1 0 2 103 36 0 1 0 3 94
4/4 66 0 1 0 0 100 63 0 1 0 0 106 66 0 1 0 1 108 34 0 1 0 1 94 64 0 1 0 1 95 14 0 1 0 1 105 66 0 1 0 2 97 33 0 1 0 2 106 56 0 1 0 3 98 34 0 1 0 3 98 64 0 1 0 3 106 14 0 1 0 3 98 66 0 1 1 35 95 34 0 1 1 35 105 64 0 1 1 35 100 14 0 1 1 35 99
4/4 56 0 1 0 0 99 76 0 1 0 0 104 73 0 1 0 0 107 34 0 1 0 1 99 54 0 1 0 1 106 74 0 1 0 1 97 33 0 1 0 2 100 36 0 1 0 3 90 34 0 1 0 3 108 54 0 1 0 3 99 74 0 1 0 3 105 34 0 1 1 35 99 54 0 1 1 35 104 74 0 1 1 35 110
4/4 56 0 1 0 0 105 76 0 1 0 0 106 73 0 1 0 0 97 56 0 1 0 1 104 76 0 1 0 1 106 34 0 1 0 1 98 54 0 1 0 1 109 224 0 1 0 1 101 56 0 1 0 2 94 76 0 1 0 2 99 33 0 1 0 2 92 46 0 1 0 3 97 66 0 1 0 3 105 34 0 1 0 3 99 54 0 1 0 3 91 224 0 1 0 3 109 56 0 1 1 35 101 76 0 1 1 35 110 34 0 1 1 35 95 54 0 1 1 35 107 224 0 1 1 35 104
4/4 66 0 1 0 0 92 16 0 1 0 0 100 63 0 1 0 0 91 34 0 1 0 1 107 64 0 1 0 1 104 14 0 1 0 1 99 33 0 1 0 2 93 36 0 1 0 3 97 34 0 1 0 3 103 64 0 1 0 3 105 14 0 1 0 3 98 34 0 1 1 35 100 64 0 1 1 35 90 14 0 1 1 35 94
4/4 66 0 1 0 0 96 16 0 1 0 0 100 63 0 1 0 0 102 66 0 1 0 1 101 16 0 1 0 1 103 34 0 1 0 1 97 64 0 1 0 1 104 14 0 1 0 1 108 66 0 1 0 2 102 16 0 1 0 2 100 33 0 1 0 2 105 526 0 1 0 3 106 76 0 1 0 3 97 34 0 1 0 3 108 524 0 1 0 3 104 14 0 1 0 3 94 66 0 1 1 35 101 16 0 1 1 35 91 34 0 1 1 35 94 524 0 1 1 35 108 14 0 1 1 35 103
4/4 76 0 1 0 0 108 226 0 1 0 0 107 222 0 1 0 0 110 76 0 1 0 1 96 226 0 1 0 1 99 44 0 1 0 1 94 64 0 1 0 1 98 224 0 1 0 1 104 76 0 1 0 2 96 226 0 1 0 2 106 222 0 1 0 2 109 66 0 1 1 25 105 16 0 1 1 25 92 56 0 1 0 3 106 76 0 1 0 3 101 44 0 1 0 3 100 64 0 1 0 3 101 224 0 1 0 3 92 46 0 1 1 35 98 66 0 1 1 35 99 44 0 1 1 35 91 64 0 1 1 35 107 224 0 1 1 35 98
4/4 36 0 1 0 0 100 56 0 1 0 0 92 33 0 1 0 0 108 36 0 1 0 1 91 56 0 1 0 1 104 54 0 1 0 1 97 74 0 1 0 1 109 35 0 1 0 1 94 36 0 1 0 2 94 56 0 1 0 2 99 33 0 1 0 2 110 225 0 1 0 3 104 46 0 1 0 3 101 54 0 1 0 3 99 74 0 1 0 3 99 224 0 1 0 3 92 56 0 1 1 35 103 54 0 1 1 35 93 74 0 1 1 35 109 224 0 1 1 35 91
4/4 15 0 1 0 0 105 66 0 1 0 0 107 63 0 1 0 0 96 34 0 1 0 1 91 64 0 1 0 1 90 14 0 1 0 1 97 73 0 1 0 2 95 13 0 1 0 3 108
4/4 224 0 1 0 0 103 45 0 1 0 0 91 222 0 1 0 0 90 224 0 1 0 1 110 45 0 1 0 1 110 223 0 1 0 1 108 44 0 1 0 1 91 223 0 1 1 15 93 44 0 1 1 15 104 224 0 1 0 2 97 45 0 1 0 2 91 222 0 1 0 2 103 14 0 1 0 3 102 35 0 1 0 3 106 223 0 1 0 3 108 44 0 1 0 3 106 74 0 1 1 35 100 224 0 1 1 35 96 223 0 1 1 35 90 44 0 1 1 35 109
4/4 35 3 2667 0 0 108 63 0 1 0 0 104 13 0 1 0 1 92 34 0 1 0 1 102 13 0 1 1 15 98 34 0 1 1 15 104 63 0 1 0 2 96 14 0 1 0 3 105 35 0 1 0 3 92 13 0 1 0 3 100 34 0 1 0 3 110 13 0 1 1 35 110 34 0 1 1 35 101
4/4 74 0 1 0 0 106 224 0 1 0 0 99 222 0 1 0 0 98 74 0 1 0 1 94 224 0 1 0 1 104 223 0 1 0 1 101 44 0 1 0 1 108 223 0 1 1 15 105 44 0 1 1 15 110 74 0 1 0 2 96 224 0 1 0 2 99 222 0 1 0 2 93 64 0 1 0 3 106 14 0 1 0 3 106 223 0 1 0 3 97 44 0 1 0 3 90 54 0 1 1 35 107 74 0 1 1 35 99 223 0 1 1 35 104 44 0 1 1 35 96
4/4 14 3 2667 0 0 108 63 0 1 0 0 97 13 0 1 0 1 104 34 0 1 0 1 109 13 0 1 1 15 108 34 0 1 1 15 97 62 0 1 0 2 102 72 0 1 0 3 92
4/4 14 0 1 0 0 106 12 0 1 0 0 104 14 0 1 0 1 104 73 0 1 0 1 96 13 0 1 0 1 101 314 0 1 0 1 90 73 0 1 1 15 102 13 0 1 1 15 107 314 0 1 1 15 93 14 0 1 0 2 94 12 0 1 0 2 91 74 0 1 0 3 110 24 0 1 0 3 106 73 0 1 0 3 110 13 0 1 0 3 106 314 0 1 0 3 108 74 0 1 1 35 110 315 0 1 1 35 96 73 0 1 1 35 109 13 0 1 1 35 108 314 0 1 1 35 92
4/4 45 2 175 0 0 90 43 0 1 0 0 103 63 0 1 0 1 101 13 0 1 0 1 92 44 0 1 0 1 95 63 0 1 1 15 93 13 0 1 1 15 90 44 0 1 1 15 101 64 0 1 0 2 92 14 0 1 0 2 102 43 0 1 0 2 99 64 0 1 0 3 99 45 0 1 0 3 105 63 0 1 0 3 93 13 0 1 0 3 104 44 0 1 0 3 97 63 0 1 1 35 102 13 0 1 1 35 103 44 0 1 1 35 104
4/4 45 2 175 0 0 94 73 0 1 0 1 100 23 0 1 0 1 103 44 0 1 0 1 94 73 0 1 1 15 94 23 0 1 1 15 90 44 0 1 1 15 96 14 0 1 0 2 105 35 0 1 0 2 110 74 0 1 0 3 107 224 0 1 0 3 100 73 0 1 0 3 105 23 0 1 0 3 110 44 0 1 0 3 108 73 0 1 1 35 103 23 0 1 1 35 92 44 0 1 1 35 96
4/4 54 0 1 0 0 109 35 0 1 0 0 91 33 0 1 0 0 104 53 0 1 0 0 94 73 0 1 0 0 57 34 0 1 0 0 56 34 0 1 0 1 99 35 0 1 0 1 93 33 0 1 0 1 94 44 0 1 0 2 93 45 0 1 0 2 105 43 0 1 0 2 104 54 0 1 0 3 105 55 0 1 0 3 98 53 0 1 0 3 110
4/4 65 0 1 0 0 109 63 0 1 0 0 92 65 0 1 0 1 93 34 0 1 0 1 97 64 0 1 0 1 108 14 0 1 0 1 95 65 0 1 0 2 110 33 0 1 0 2 106 55 0 1 0 3 90 34 0 1 0 3 92 64 0 1 0 3 106 14 0 1 0 3 95 65 0 1 1 35 103 34 0 1 1 35 100 64 0 1 1 35 99 14 0 1 1 35 96
4/4 55 0 1 0 0 106 75 0 1 0 0 96 73 0 1 0 0 105 34 0 1 0 1 91 54 0 1 0 1 100 74 0 1 0 1 96 33 0 1 0 2 108 35 0 1 0 3 97 34 0 1 0 3 90 54 0 1 0 3 97 74 0 1 0 3 110 34 0 1 1 35 93 54 0 1 1 35 98 74 0 1 1 35 95
4/4 55 0 1 0 0 99 75 0 1 0 0 107 73 0 1 0 0 106 55 0 1 0 1 90 75 0 1 0 1 105 34 0 1 0 1 108 54 0 1 0 1 95 224 0 1 0 1 98 55 0 1 0 2 94 75 0 1 0 2 95 33 0 1 0 2 105 45 0 1 0 3 108 65 0 1 0 3 110 34 0 1 0 3 90 54 0 1 0 3 103 224 0 1 0 3 105 55 0 1 1 35 101 75 0 1 1 35 91 34 0 1 1 35 92 54 0 1 1 35 103 224 0 1 1 35 90
4/4 65 0 1 0 0 96 15 0 1 0 0 104 63 0 1 0 0 101 34 0 1 0 1 106 64 0 1 0 1 92 14 0 1 0 1 104 33 0 1 0 2 108 35 0 1 0 3 102 34 0 1 0 3 102 64 0 1 0 3 95 14 0 1 0 3 98 34 0 1 1 35 103 64 0 1 1 35 104 14 0 1 1 35 103
4/4 65 0 1 0 0 109 15 0 1 0 0 106 63 0 1 0 0 106 65 0 1 0 1 97 15 0 1 0 1 95 34 0 1 0 1 108 64 0 1 0 1 97 14 0 1 0 1 102 65 0 1 0 2 104 15 0 1 0 2 99 33 0 1 0 2 102 525 0 1 0 3 106 75 0 1 0 3 90 34 0 1 0 3 110 524 0 1 0 3 100 14 0 1 0 3 94 65 0 1 1 35 92 15 0 1 1 35 91 34 0 1 1 35 104 524 0 1 1 35 92 14 0 1 1 35 90
4/4 45 0 1 0 0 99 225 0 1 0 0 94 222 0 1 0 0 109 45 0 1 0 1 91 225 0 1 0 1 93 44 0 1 0 1 97 64 0 1 0 1 100 224 0 1 0 1 105 75 0 1 0 2 91 225 0 1 0 2 93 222 0 1 0 2 101 65 0 1 1 25 92 15 0 1 1 25 104 55 0 1 0 3 102 75 0 1 0 3 90 44 0 1 0 3 95 64 0 1 0 3 94 224 0 1 0 3 107 45 0 1 1 35 95 65 0 1 1 35 104 44 0 1 1 35 90 64 0 1 1 35 104 224 0 1 1 35 106
4/4 35 0 1 0 0 108 55 0 1 0 0 105 33 0 1 0 0 97 35 0 1 0 1 103 55 0 1 0 1 94 54 0 1 0 1 93 74 0 1 0 1 90 35 0 1 0 1 94 35 0 1 0 2 99 55 0 1 0 2 94 33 0 1 0 2 90 224 0 1 0 3 95 45 0 1 0 3 95 54 0 1 0 3 108 74 0 1 0 3 94 224 0 1 0 3 99 35 0 1 1 35 99 55 0 1 1 35 103 54 0 1 1 35 99 74 0 1 1 35 101 224 0 1 1 35 107
4/4 14 0 1 0 0 91 65 0 1 0 0 109 63 0 1 0 0 98 34 0 1 0 1 105 64 0 1 0 1 103 14 0 1 0 1 97 33 0 1 0 1 94 34 0 1 1 15 103 64 0 1 1 15 107 14 0 1 1 15 108 34 0 1 0 2 90 64 0 1 0 2 103 14 0 1 0 2 99 63 0 1 0 2 90
4/4 65 0 1 0 0 109 15 0 1 0 0 110 63 0 1 0 0 100 34 0 1 0 1 107 64 0 1 0 1 104 14 0 1 0 1 90 65 0 1 0 2 107 15 0 1 0 2 96 34 0 1 0 2 99 64 0 1 0 2 97 14 0 1 0 2 105 75 0 1 1 25 96 225 0 1 1 25 103 63 0 1 0 3 100 15 0 1 1 35 90 36 0 1 1 35 110
4/4 55 0 1 0 0 99 75 0 1 0 0 98 53 0 1 0 0 110 34 0 1 0 1 94 54 0 1 0 1 99 74 0 1 0 1 91 34 0 1 0 2 96 54 0 1 0 2 95 74 0 1 0 2 98 35 0 1 0 3 109 53 0 1 0 3 103
4/4 45 0 1 0 0 105 65 0 1 0 0 91 43 0 1 0 0 94 44 0 1 0 1 96 64 0 1 0 1 95 14 0 1 0 1 103 45 0 1 0 2 97 65 0 1 0 2 100 44 0 1 0 2 106 64 0 1 0 2 102 14 0 1 0 2 108 55 0 1 1 25 92 75 0 1 1 25 95 43 0 1 0 3 108 65 0 1 1 35 96 15 0 1 1 35 96
4/4 35 0 1 0 0 90 55 0 1 0 0 90 33 0 1 0 0 110 34 0 1 0 1 110 54 0 1 0 1 100 14 0 1 0 1 104 34 0 1 0 2 97 54 0 1 0 2 101 14 0 1 0 2 100 35 0 1 0 3 105 33 0 1 0 3 101
4/4 224 0 1 0 0 97 45 0 1 0 0 109 222 0 1 0 0 109 223 0 1 0 1 102 44 0 1 0 1 108 64 0 1 0 1 105 224 0 1 0 2 91 45 0 1 0 2 101 223 0 1 0 2 105 44 0 1 0 2 109 64 0 1 0 2 93 35 0 1 1 25 98 55 0 1 1 25 95 222 0 1 0 3 103 45 0 1 1 35 106 65 0 1 1 35 105
4/4 14 0 1 0 0 108 35 0 1 0 0 101 12 0 1 0 0 93 13 0 1 0 1 107 34 0 1 0 1 91 64 0 1 0 1 93 35 0 1 0 2 105 65 0 1 0 2 103 13 0 1 0 2 108 34 0 1 0 2 105 64 0 1 0 2 96 65 0 1 0 3 95 15 0 1 0 3 107 12 0 1 0 3 107
4/4 75 0 1 0 0 107 225 0 1 0 0 98 72 0 1 0 0 98 223 0 1 0 1 94 44 0 1 0 1 94 64 0 1 0 1 95 75 0 1 0 2 99 225 0 1 0 2 90 223 0 1 0 2 98 44 0 1 0 2 109 64 0 1 0 2 96 65 0 1 1 25 98 15 0 1 1 25 104 55 0 1 0 3 91 75 0 1 0 3 93 73 0 1 0 3 108 45 0 1 1 35 109 65 0 1 1 35 98
4/4 55 0 1 0 0 102 15 0 1 0 0 106 12 0 1 0 0 93 13 0 1 0 1 90 44 0 1 0 1 96 54 0 1 0 1 100 12 0 1 0 2 98 222 0 1 0 3 98
4/4 45 0 1 0 0 100 75 0 1 0 0 99 33 0 1 0 0 93 224 1 5 1 5 92 14 1 5 0 1 104 74 1 5 1 15 110 64 1 5 0 2 57 54 1 5 1 25 67 35 0 1 0 3 107 44 1 5 0 3 69 34 1 5 1 35 61
4/4 65 0 1 0 0 90 63 0 1 0 0 96 35 3 333 0 0 110 65 0 1 0 1 98 34 0 1 0 1 97 64 0 1 0 1 90 14 0 1 0 1 91 65 0 1 0 2 104 33 0 1 0 2 109 55 0 1 0 3 91 34 0 1 0 3 91 64 0 1 0 3 98 14 0 1 0 3 94 65 0 1 1 35 94 34 0 1 1 35 97 64 0 1 1 35 104 14 0 1 1 35 99
4/4 75 0 2 0 0 99 73 0 1 0 0 96 34 0 1 0 1 104 54 0 1 0 1 93 74 0 1 0 1 90 33 0 1 0 2 93 35 0 1 0 3 94 34 0 1 0 3 94 54 0 1 0 3 92 74 0 1 0 3 98 34 0 1 1 35 103 54 0 1 1 35 97 74 0 1 1 35 91
4/4 75 0 1 0 0 93 73 0 1 0 0 108 75 0 1 0 1 108 34 0 1 0 1 90 54 0 1 0 1 100 224 0 1 0 1 103 75 0 1 0 2 104 33 0 1 0 2 90 65 0 1 0 3 100 34 0 1 0 3 93 54 0 1 0 3 104 224 0 1 0 3 105 75 0 1 1 35 98 34 0 1 1 35 110 54 0 1 1 35 92 224 0 1 1 35 95
4/4 15 0 2 0 0 92 63 0 1 0 0 96 34 0 1 0 1 90 64 0 1 0 1 91 14 0 1 0 1 99 33 0 1 0 2 96 35 0 1 0 3 101 34 0 1 0 3 99 64 0 1 0 3 102 14 0 1 0 3 106 34 0 1 1 35 97 64 0 1 1 35 107 14 0 1 1 35 96
4/4 15 0 1 0 0 106 63 0 1 0 0 101 15 0 1 0 1 93 34 0 1 0 1 92 64 0 1 0 1 96 14 0 1 0 1 107 15 0 1 0 2 100 33 0 1 0 2 96 75 0 1 0 3 104 34 0 1 0 3 97 524 0 1 0 3 97 14 0 1 0 3 90 15 0 1 1 35 98 34 0 1 1 35 109 524 0 1 1 35 91 14 0 1 1 35 100
4/4 225 0 1 0 0 95 222 0 1 0 0 103 225 0 1 0 1 110 44 0 1 0 1 96 64 0 1 0 1 96 224 0 1 0 1 99 225 1 5 0 2 92 222 0 1 0 2 108 15 1 5 1 25 105 75 0 1 0 3 106 44 0 1 0 3 96 64 0 1 0 3 96 224 0 1 0 3 110 65 0 1 1 35 103 44 0 1 1 35 109 64 0 1 1 35 108 224 0 1 1 35 98
4/4 55 0 1 0 0 92 33 0 1 0 0 110 55 0 1 0 1 94 54 0 1 0 1 106 74 0 1 0 1 91 35 0 1 0 1 102 55 0 1 0 2 100 33 0 1 0 2 92 45 0 1 0 3 98 54 0 1 0 3 105 74 0 1 0 3 104 224 0 1 0 3 107 55 0 1 1 35 103 54 0 1 1 35 91 74 0 1 1 35 102 224 0 1 1 35 109
4/4 65 0 1 0 0 105 63 0 1 0 0 97 34 0 1 0 1 91 64 0 1 0 1 90 14 0 1 0 1 93 33 0 1 0 1 104 34 0 1 0 2 101 64 0 1 0 2 108 14 0 1 0 2 106 63 0 1 0 2 98 36 0 1 0 3 99
4/4 66 0 1 0 0 103 63 0 1 0 0 94 66 0 1 0 1 110 34 0 1 0 1 99 64 0 1 0 1 94 14 0 1 0 1 105 66 0 1 0 2 97 33 0 1 0 2 104 56 0 1 0 3 95 34 0 1 0 3 99 64 0 1 0 3 98 14 0 1 0 3 98 66 0 1 1 35 94 34 0 1 1 35 92 64 0 1 1 35 99 14 0 1 1 35 104
4/4 56 0 1 0 0 108 76 0 1 0 0 105 73 0 1 0 0 97 34 0 1 0 1 109 54 0 1 0 1 103 74 0 1 0 1 92 33 0 1 0 2 95 36 0 1 0 3 105 34 0 1 0 3 97 54 0 1 0 3 104 74 0 1 0 3 104 34 0 1 1 35 106 54 0 1 1 35 91 74 0 1 1 35 107
4/4 56 0 1 0 0 98 76 0 1 0 0 94 73 0 1 0 0 91 56 0 1 0 1 108 76 0 1 0 1 101 34 0 1 0 1 105 54 0 1 0 1 100 224 0 1 0 1 108 56 0 1 0 2 109 76 0 1 0 2 103 33 0 1 0 2 93 46 0 1 0 3 94 66 0 1 0 3 105 34 0 1 0 3 102 54 0 1 0 3 91 224 0 1 0 3 94 56 0 1 1 35 95 76 0 1 1 35 92 34 0 1 1 35 101 54 0 1 1 35 105 224 0 1 1 35 110
4/4 66 0 1 0 0 98 16 0 1 0 0 110 63 0 1 0 0 109 34 0 1 0 1 100 64 0 1 0 1 92 14 0 1 0 1 90 33 0 1 0 2 110 36 0 1 0 3 101 34 0 1 0 3 91 64 0 1 0 3 101 14 0 1 0 3 97 34 0 1 1 35 97 64 0 1 1 35 101 14 0 1 1 35 100
4/4 66 0 1 0 0 99 16 0 1 0 0 100 63 0 1 0 0 93 66 0 1 0 1 93 16 0 1 0 1 92 34 0 1 0 1 98 64 0 1 0 1 109 14 0 1 0 1 109 66 0 1 0 2 107 16 0 1 0 2 97 33 0 1 0 2 90 526 0 1 0 3 101 76 0 1 0 3 107 34 0 1 0 3 100 524 0 1 0 3 96 14 0 1 0 3 107 66 0 1 1 35 99 16 0 1 1 35 95 34 0 1 1 35 100 524 0 1 1 35 99 14 0 1 1 35 110
4/4 76 0 1 0 0 94 226 0 1 0 0 102 222 0 1 0 0 90 76 0 1 0 1 102 226 0 1 0 1 91 44 0 1 0 1 100 64 0 1 0 1 95 224 0 1 0 1 101 76 0 1 0 2 99 226 0 1 0 2 106 222 0 1 0 2 91 66 0 1 1 25 92 16 0 1 1 25 97 56 0 1 0 3 94 76 0 1 0 3 97 44 0 1 0 3 108 64 0 1 0 3 95 224 0 1 0 3 102 46 0 1 1 35 93 66 0 1 1 35 109 44 0 1 1 35 106 64 0 1 1 35 93 224 0 1 1 35 97
4/4 36 0 1 0 0 106 56 0 1 0 0 107 33 0 1 0 0 100 36 0 1 0 1 100 56 0 1 0 1 104 54 0 1 0 1 102 74 0 1 0 1 105 35 0 1 0 1 99 36 0 1 0 2 94 56 0 1 0 2 106 33 0 1 0 2 110 225 0 1 0 3 98 46 0 1 0 3 91 54 0 1 0 3 96 74 0 1 0 3 99 224 0 1 0 3 96 56 0 1 1 35 93 54 0 1 1 35 91 74 0 1 1 35 104 224 0 1 1 35 105
4/4 15 0 1 0 0 108 66 0 1 0 0 103 63 0 1 0 0 100 34 0 1 0 1 91 64 0 1 0 1 94 14 0 1 0 1 101 73 0 1 0 2 90 13 0 1 0 3 95
4/4 224 0 1 0 0 102 45 0 1 0 0 109 222 0 1 0 0 103 224 0 1 0 1 110 45 0 1 0 1 100 223 0 1 0 1 98 44 0 1 0 1 92 223 0 1 1 15 109 44 0 1 1 15 104 224 0 1 0 2 93 45 0 1 0 2 101 222 0 1 0 2 105 14 0 1 0 3 106 35 0 1 0 3 110 223 0 1 0 3 103 44 0 1 0 3 105 74 0 1 1 35 97 224 0 1 1 35 107 223 0 1 1 35 102 44 0 1 1 35 104
4/4 35 3 2667 0 0 101 63 0 1 0 0 105 13 0 1 0 1 108 34 0 1 0 1 95 13 0 1 1 15 92 34 0 1 1 15 110 63 0 1 0 2 105 14 0 1 0 3 107 35 0 1 0 3 98 13 0 1 0 3 99 34 0 1 0 3 105 13 0 1 1 35 90 34 0 1 1 35 106
4/4 74 0 1 0 0 97 224 0 1 0 0 97 222 0 1 0 0 105 74 0 1 0 1 106 224 0 1 0 1 93 223 0 1 0 1 106 44 0 1 0 1 97 223 0 1 1 15 102 44 0 1 1 15 110 74 0 1 0 2 101 224 0 1 0 2 98 222 0 1 0 2 105 64 0 1 0 3 102 14 0 1 0 3 96 223 0 1 0 3 105 44 0 1 0 3 100 54 0 1 1 35 100 74 0 1 1 35 95 223 0 1 1 35 94 44 0 1 1 35 102
4/4 14 3 2667 0 0 90 63 0 1 0 0 108 13 0 1 0 1 96 34 0 1 0 1 96 13 0 1 1 15 107 34 0 1 1 15 110 62 0 1 0 2 94 72 0 1 0 3 104
4/4 14 0 1 0 0 104 12 0 1 0 0 108 14 0 1 0 1 105 73 0 1 0 1 106 13 0 1 0 1 110 314 0 1 0 1 109 73 0 1 1 15 100 13 0 1 1 15 104 314 0 1 1 15 90 14 0 1 0 2 108 12 0 1 0 2 99 74 0 1 0 3 92 24 0 1 0 3 93 73 0 1 0 3 110 13 0 1 0 3 96 314 0 1 0 3 110 74 0 1 1 35 108 315 0 1 1 35 102 73 0 1 1 35 107 13 0 1 1 35 93 314 0 1 1 35 99
4/4 45 2 175 0 0 105 43 0 1 0 0 95 63 0 1 0 1 103 13 0 1 0 1 92 44 0 1 0 1 101 63 0 1 1 15 103 13 0 1 1 15 96 44 0 1 1 15 109 64 0 1 0 2 100 14 0 1 0 2 102 43 0 1 0 2 91 64 0 1 0 3 102 45 0 1 0 3 92 63 0 1 0 3 101 13 0 1 0 3 100 44 0 1 0 3 106 63 0 1 1 35 92 13 0 1 1 35 94 44 0 1 1 35 105
4/4 45 2 175 0 0 100 72 0 1 0 0 106 73 0 1 0 1 93 23 0 1 0 1 93 44 0 1 0 1 104 73 0 1 1 15 109 23 0 1 1 15 109 44 0 1 1 15 94 14 0 1 0 2 97 35 0 1 0 2 104 72 0 1 0 2 100 74 0 1 0 3 107 224 0 1 0 3 99 73 0 1 0 3 90 23 0 1 0 3 97 44 0 1 0 3 109 73 0 1 1 35 90 23 0 1 1 35 109 44 0 1 1 35 98
4/4 54 0 1 0 0 90 35 0 1 0 0 93 33 0 1 0 0 109 53 0 1 0 0 101 73 0 1 0 0 63 34 0 1 0 0 70 34 0 1 0 1 93 35 0 1 0 1 101 33 0 1 0 1 93 44 0 1 0 2 101 45 0 1 0 2 92 43 0 1 0 2 110 54 0 1 0 3 93 55 0 1 0 3 93 53 0 1 0 3 99
4/4 65 0 1 0 0 93 63 0 1 0 0 97 65 0 1 0 1 100 34 0 1 0 1 108 64 0 1 0 1 98 14 0 1 0 1 90 65 0 1 0 2 93 33 0 1 0 2 103 55 0 1 0 3 95 34 0 1 0 3 90 64 0 1 0 3 103 14 0 1 0 3 109 65 0 1 1 35 95 34 0 1 1 35 102 64 0 1 1 35 107 14 0 1 1 35 100
4/4 55 0 1 0 0 98 75 0 1 0 0 99 73 0 1 0 0 90 34 0 1 0 1 95 54 0 1 0 1 103 74 0 1 0 1 107 33 0 1 0 2 98 35 0 1 0 3 109 34 0 1 0 3 107 54 0 1 0 3 100 74 0 1 0 3 99 34 0 1 1 35 95 54 0 1 1 35 108 74 0 1 1 35 110
4/4 55 0 1 0 0 90 75 0 1 0 0 92 73 0 1 0 0 99 55 0 1 0 1 103 75 0 1 0 1 91 34 0 1 0 1 108 54 0 1 0 1 103 224 0 1 0 1 108 55 0 1 0 2 95 75 0 1 0 2 101 33 0 1 0 2 94 45 0 1 0 3 96 65 0 1 0 3 110 34 0 1 0 3 105 54 0 1 0 3 92 224 0 1 0 3 93 55 0 1 1 35 105 75 0 1 1 35 100 34 0 1 1 35 103 54 0 1 1 35 96 224 0 1 1 35 110
4/4 65 0 1 0 0 104 15 0 1 0 0 103 63 0 1 0 0 99 34 0 1 0 1 100 64 0 1 0 1 105 14 0 1 0 1 94 33 0 1 0 2 105 35 0 1 0 3 96 34 0 1 0 3 95 64 0 1 0 3 109 14 0 1 0 3 93 34 0 1 1 35 106 64 0 1 1 35 90 14 0 1 1 35 92
4/4 65 0 1 0 0 100 15 0 1 0 0 106 63 0 1 0 0 101 65 0 1 0 1 95 15 0 1 0 1 107 34 0 1 0 1 96 64 0 1 0 1 109 14 0 1 0 1 104 65 0 1 0 2 106 15 0 1 0 2 99 33 0 1 0 2 90 525 0 1 0 3 110 75 0 1 0 3 104 34 0 1 0 3 97 524 0 1 0 3 92 14 0 1 0 3 101 65 0 1 1 35 98 15 0 1 1 35 103 34 0 1 1 35 106 524 0 1 1 35 94 14 0 1 1 35 110
4/4 45 0 1 0 0 94 225 0 1 0 0 110 222 0 1 0 0 96 45 0 1 0 1 110 225 0 1 0 1 107 44 0 1 0 1 105 64 0 1 0 1 103 224 0 1 0 1 109 75 0 1 0 2 90 225 0 1 0 2 110 222 0 1 0 2 100 65 0 1 1 25 100 15 0 1 1 25 95 55 0 1 0 3 90 75 0 1 0 3 98 44 0 1 0 3 95 64 0 1 0 3 104 224 0 1 0 3 103 45 0 1 1 35 109 65 0 1 1 35 100 44 0 1 1 35 100 64 0 1 1 35 100 224 0 1 1 35 94
4/4 35 0 1 0 0 102 55 0 1 0 0 101 33 0 1 0 0 102 35 0 1 0 1 108 55 0 1 0 1 103 54 0 1 0 1 104 74 0 1 0 1 91 35 0 1 0 1 99 35 0 1 0 2 90 55 0 1 0 2 100 33 0 1 0 2 95 224 0 1 0 3 103 45 0 1 0 3 108 54 0 1 0 3 108 74 0 1 0 3 94 224 0 1 0 3 106 35 0 1 1 35 109 55 0 1 1 35 91 54 0 1 1 35 99 74 0 1 1 35 101 224 0 1 1 35 95
4/4 14 0 1 0 0 93 65 0 1 0 0 97 63 0 1 0 0 106 34 0 1 0 1 100 64 0 1 0 1 91 14 0 1 0 1 95 33 0 1 0 1 101 34 0 1 1 15 93 64 0 1 1 15 96 14 0 1 1 15 98 34 0 1 0 2 99 64 0 1 0 2 110 14 0 1 0 2 101 63 0 1 0 2 110 34 0 1 0 3 105
4/4 224 0 1 0 0 108 45 0 1 0 0 102 222 0 1 0 0 109 224 0 1 0 1 96 45 0 1 0 1 106 223 0 1 0 1 107 44 0 1 0 1 91 223 0 1 1 15 97 44 0 1 1 15 93 224 0 1 0 2 108 45 0 1 0 2 93 222 0 1 0 2 99 14 0 1 0 3 107 35 0 1 0 3 108 223 0 1 0 3 93 44 0 1 0 3 100 74 0 1 1 35 91 224 0 1 1 35 106 223 0 1 1 35 101 44 0 1 1 35 96
4/4 35 3 2667 0 0 94 63 0 1 0 0 97 13 0 1 0 1 91 34 0 1 0 1 110 13 0 1 1 15 103 34 0 1 1 15 95 63 0 1 0 2 106 14 0 1 0 3 110 35 0 1 0 3 110 13 0 1 0 3 92 34 0 1 0 3 105 13 0 1 1 35 105 34 0 1 1 35 107
4/4 74 0 1 0 0 96 224 0 1 0 0 99 222 0 1 0 0 107 74 0 1 0 1 110 224 0 1 0 1 98 223 0 1 0 1 94 44 0 1 0 1 106 223 0 1 1 15 99 44 0 1 1 15 105 74 0 1 0 2 92 224 0 1 0 2 102 222 0 1 0 2 97 64 0 1 0 3 98 14 0 1 0 3 95 223 0 1 0 3 97 44 0 1 0 3 110 54 0 1 1 35 96 74 0 1 1 35 94 223 0 1 1 35 104 44 0 1 1 35 100
4/4 14 3 2667 0 0 97 63 0 1 0 0 92 13 0 1 0 1 93 34 0 1 0 1 94 13 0 1 1 15 90 34 0 1 1 15 109 62 0 1 0 2 90 72 0 1 0 3 95
4/4 14 0 1 0 0 103 12 0 1 0 0 107 14 0 1 0 1 92 73 0 1 0 1 104 13 0 1 0 1 93 314 0 1 0 1 99 73 0 1 1 15 109 13 0 1 1 15 98 314 0 1 1 15 101 14 0 1 0 2 96 12 0 1 0 2 101 74 0 1 0 3 110 24 0 1 0 3 99 73 0 1 0 3 109 13 0 1 0 3 98 314 0 1 0 3 93 74 0 1 1 35 92 315 0 1 1 35 99 73 0 1 1 35 106 13 0 1 1 35 102 314 0 1 1 35 97
4/4 45 2 175 0 0 91 43 0 1 0 0 93 63 0 1 0 1 91 13 0 1 0 1 106 44 0 1 0 1 106 63 0 1 1 15 105 13 0 1 1 15 100 44 0 1 1 15 106 64 0 1 0 2 95 14 0 1 0 2 99 43 0 1 0 2 108 64 0 1 0 3 109 45 0 1 0 3 108 63 0 1 0 3 104 13 0 1 0 3 91 44 0 1 0 3 92 63 0 1 1 35 97 13 0 1 1 35 107 44 0 1 1 35 100
4/4 45 2 175 0 0 109 72 0 1 0 0 107 73 0 1 0 1 105 23 0 1 0 1 102 44 0 1 0 1 96 73 0 1 1 15 108 23 0 1 1 15 91 44 0 1 1 15 102 14 0 1 0 2 102 35 0 1 0 2 91 72 0 1 0 2 99 74 0 1 0 3 99 224 0 1 0 3 98 73 0 1 0 3 110 23 0 1 0 3 91 44 0 1 0 3 100 73 0 1 1 35 90 23 0 1 1 35 90 44 0 1 1 35 94
4/4 54 0 1 0 0 90 35 0 1 0 0 106 33 0 1 0 0 109 53 0 1 0 0 96 73 0 1 0 0 68 34 0 1 0 0 69 34 0 1 0 1 91 35 0 1 0 1 108 33 0 1 0 1 91 44 0 1 0 2 93 45 0 1 0 2 101 43 0 1 0 2 96 54 0 1 0 3 109 55 0 1 0 3 104 53 0 1 0 3 97
4/4 65 0 1 0 0 106 63 0 1 0 0 106 65 0 1 0 1 106 34 0 1 0 1 107 64 0 1 0 1 105 14 0 1 0 1 92 65 0 1 0 2 106 33 0 1 0 2 93 55 0 1 0 3 92 34 0 1 0 3 105 64 0 1 0 3 100 14 0 1 0 3 95 65 0 1 1 35 98 34 0 1 1 35 110 64 0 1 1 35 106 14 0 1 1 35 92
4/4 55 0 1 0 0 91 75 0 1 0 0 109 73 0 1 0 0 93 34 0 1 0 1 101 54 0 1 0 1 99 74 0 1 0 1 103 33 0 1 0 2 105 35 0 1 0 3 93 34 0 1 0 3 97 54 0 1 0 3 100 74 0 1 0 3 106 34 0 1 1 35 105 54 0 1 1 35 110 74 0 1 1 35 92
4/4 55 0 1 0 0 90 75 0 1 0 0 100 73 0 1 0 0 109 55 0 1 0 1 95 75 0 1 0 1 107 34 0 1 0 1 93 54 0 1 0 1 106 224 0 1 0 1 101 55 0 1 0 2 94 75 0 1 0 2 103 33 0 1 0 2 105 45 0 1 0 3 109 65 0 1 0 3 97 34 0 1 0 3 94 54 0 1 0 3 99 224 0 1 0 3 103 55 0 1 1 35 90 75 0 1 1 35 91 34 0 1 1 35 106 54 0 1 1 35 108 224 0 1 1 35 110
4/4 65 0 1 0 0 95 15 0 1 0 0 92 63 0 1 0 0 102 34 0 1 0 1 109 64 0 1 0 1 90 14 0 1 0 1 107 33 0 1 0 2 108 35 0 1 0 3 100 34 0 1 0 3 93 64 0 1 0 3 104 14 0 1 0 3 109 34 0 1 1 35 109 64 0 1 1 35 99 14 0 1 1 35 98
4/4 65 0 1 0 0 109 15 0 1 0 0 110 63 0 1 0 0 91 65 0 1 0 1 105 15 0 1 0 1 95 34 0 1 0 1 109 64 0 1 0 1 107 14 0 1 0 1 109 65 0 1 0 2 100 15 0 1 0 2 94 33 0 1 0 2 109 525 0 1 0 3 90 75 0 1 0 3 110 34 0 1 0 3 90 524 0 1 0 3 102 14 0 1 0 3 97 65 0 1 1 35 98 15 0 1 1 35 104 34 0 1 1 35 104 524 0 1 1 35 107 14 0 1 1 35 94
4/4 45 0 1 0 0 101 225 0 1 0 0 97 222 0 1 0 0 90 45 0 1 0 1 109 225 0 1 0 1 108 44 0 1 0 1 96 64 0 1 0 1 93 224 0 1 0 1 108 75 0 1 0 2 102 225 0 1 0 2 108 222 0 1 0 2 100 65 0 1 1 25 96 15 0 1 1 25 97 55 0 1 0 3 101 75 0 1 0 3 91 44 0 1 0 3 101 64 0 1 0 3 97 224 0 1 0 3 97 45 0 1 1 35 99 65 0 1 1 35 99 44 0 1 1 35 95 64 0 1 1 35 105 224 0 1 1 35 105
4/4 35 0 1 0 0 110 55 0 1 0 0 101 33 0 1 0 0 91 35 0 1 0 1 98 55 0 1 0 1 92 54 0 1 0 1 97 74 0 1 0 1 101 35 0 1 0 1 99 35 0 1 0 2 101 55 0 1 0 2 109 33 0 1 0 2 93 224 0 1 0 3 92 45 0 1 0 3 90 54 0 1 0 3 99 74 0 1 0 3 102 224 0 1 0 3 95 35 0 1 1 35 99 55 0 1 1 35 110 54 0 1 1 35 98 74 0 1 1 35 107 224 0 1 1 35 92
4/4 14 0 1 0 0 100 65 0 1 0 0 109 63 0 1 0 0 99 34 0 1 0 1 92 64 0 1 0 1 103 14 0 1 0 1 97 33 0 1 0 1 94 34 0 1 1 15 95 64 0 1 1 15 93 14 0 1 1 15 90 34 0 1 0 2 94 64 0 1 0 2 110 14 0 1 0 2 103 63 0 1 0 2 93 35 0 1 0 3 109
4/4 65 0 1 0 0 109 15 0 1 0 0 90 63 0 1 0 0 95 65 0 1 0 1 90 15 0 1 0 1 100 34 0 1 0 1 97 64 0 1 0 1 98 14 0 1 0 1 107 65 0 1 0 2 100 15 0 1 0 2 98 523 0 1 0 2 104 525 0 1 0 3 110 75 0 1 0 3 105 34 0 1 0 3 105 64 0 1 0 3 94 14 0 1 0 3 103 65 0 1 1 35 95 15 0 1 1 35 106 34 0 1 1 35 91 64 0 1 1 35 99 14 0 1 1 35 107
4/4 45 0 1 0 0 107 225 0 1 0 0 103 43 0 1 0 0 94 45 0 1 0 1 105 225 0 1 0 1 100 44 0 1 0 1 90 64 0 1 0 1 107 224 0 1 0 1 100 75 0 1 0 2 109 225 0 1 0 2 101 313 0 1 0 2 96 65 0 1 1 25 103 15 0 1 1 25 106 55 0 1 0 3 106 75 0 1 0 3 102 44 0 1 0 3 104 54 0 1 0 3 102 224 0 1 0 3 90 45 0 1 1 35 105 65 0 1 1 35 94 44 0 1 1 35 97 54 0 1 1 35 97 224 0 1 1 35 95
4/4 35 0 1 0 0 101 55 0 1 0 0 107 33 0 1 0 0 101 35 0 1 0 1 104 55 0 1 0 1 97 54 0 1 0 1 107 74 0 1 0 1 110 35 0 1 0 1 90 35 0 1 0 2 109 55 0 1 0 2 108 33 0 1 0 2 93 224 0 1 0 3 100 45 0 1 0 3 105 54 0 1 0 3 109 74 0 1 0 3 101 224 0 1 0 3 97 35 0 1 1 35 91 55 0 1 1 35 104 54 0 1 1 35 102 74 0 1 1 35 93 224 0 1 1 35 99
4/4 14 0 1 0 0 90 65 0 1 0 0 96 63 0 1 0 0 91 34 0 1 0 1 101 64 0 1 0 1 90 14 0 1 0 1 99 33 0 1 0 1 100 34 0 1 1 15 104 64 0 1 1 15 105 14 0 1 1 15 91 34 0 1 0 2 102 64 0 1 0 2 97 14 0 1 0 2 98 63 0 1 0 2 92
