4/4 16 0 1 0 0 100 37 0 1 0 0 100 64 0 1 0 0 100 14 0 1 0 0 100 35 0 1 0 0 100 16 0 1 1 5 100 37 0 1 1 5 100 716 0 1 0 1 100 26 0 1 0 1 100 16 0 1 1 15 100 37 0 1 1 15 100 226 0 1 0 2 100 47 0 1 0 2 100 16 0 1 0 3 100 37 0 1 0 3 100
4/4 66 0 1 0 0 100 16 0 1 0 0 100 64 0 1 0 0 100 14 0 1 0 0 100 35 0 1 0 0 100 66 0 1 1 5 100 16 0 1 1 5 100 56 0 1 0 1 100 716 0 1 0 1 100 66 0 1 1 15 100 16 0 1 1 15 100 76 0 1 0 2 100 226 0 1 0 2 100 66 0 1 0 3 100 16 0 1 0 3 100
4/4 15 0 1 0 0 100 66 0 1 0 0 100 64 0 1 0 0 100 14 0 1 0 0 100 35 0 1 0 0 100 15 0 1 1 5 100 66 0 1 1 5 100 715 0 1 0 1 100 56 0 1 0 1 100 15 0 1 1 15 100 66 0 1 1 15 100 225 0 1 0 2 100 76 0 1 0 2 100 15 0 1 1 25 100 66 0 1 1 25 100 75 0 1 0 3 100 56 0 1 0 3 100 65 0 1 1 35 100 46 0 1 1 35 100
4/4 55 0 1 0 0 100 36 0 1 0 0 100 34 0 1 0 0 100 54 0 1 0 0 100 74 0 1 0 0 64 35 1 5 0 1 100 36 1 5 0 2 100 37 1 5 0 3 100
4/4 66 0 1 0 0 100 64 0 1 0 0 100 66 0 1 0 1 100 35 0 1 0 1 100 65 0 1 0 1 100 15 0 1 0 1 100 66 0 1 0 2 100 34 0 1 0 2 100 56 0 1 0 3 100 35 0 1 0 3 100 65 0 1 0 3 100 15 0 1 0 3 100 66 0 1 1 35 100 35 0 1 1 35 100 65 0 1 1 35 100 15 0 1 1 35 100
4/4 76 0 2 0 0 100 74 0 1 0 0 100 35 0 1 0 1 100 55 0 1 0 1 100 75 0 1 0 1 100 34 0 1 0 2 100 36 0 1 0 3 100 35 0 1 0 3 100 55 0 1 0 3 100 75 0 1 0 3 100 35 0 1 1 35 100 55 0 1 1 35 100 75 0 1 1 35 100
4/4 76 0 1 0 0 100 74 0 1 0 0 100 76 0 1 0 1 100 35 0 1 0 1 100 55 0 1 0 1 100 225 0 1 0 1 100 76 0 1 0 2 100 34 0 1 0 2 100 66 0 1 0 3 100 35 0 1 0 3 100 55 0 1 0 3 100 225 0 1 0 3 100 76 0 1 1 35 100 35 0 1 1 35 100 55 0 1 1 35 100 225 0 1 1 35 100
4/4 16 0 2 0 0 100 64 0 1 0 0 100 35 0 1 0 1 100 65 0 1 0 1 100 15 0 1 0 1 100 34 0 1 0 2 100 36 0 1 0 3 100 35 0 1 0 3 100 65 0 1 0 3 100 15 0 1 0 3 100 35 0 1 1 35 100 65 0 1 1 35 100 15 0 1 1 35 100
4/4 16 0 1 0 0 100 64 0 1 0 0 100 16 0 1 0 1 100 35 0 1 0 1 100 65 0 1 0 1 100 15 0 1 0 1 100 16 0 1 0 2 100 34 0 1 0 2 100 76 0 1 0 3 100 35 0 1 0 3 100 525 0 1 0 3 100 15 0 1 0 3 100 16 0 1 1 35 100 35 0 1 1 35 100 525 0 1 1 35 100 15 0 1 1 35 100
4/4 226 0 1 0 0 100 223 0 1 0 0 100 226 0 1 0 1 100 45 0 1 0 1 100 65 0 1 0 1 100 225 0 1 0 1 100 226 1 5 0 2 100 223 0 1 0 2 100 16 1 5 1 25 100 76 0 1 0 3 100 45 0 1 0 3 100 65 0 1 0 3 100 225 0 1 0 3 100 66 0 1 1 35 100 45 0 1 1 35 100 65 0 1 1 35 100 225 0 1 1 35 100
4/4 56 0 1 0 0 100 34 0 1 0 0 100 56 0 1 0 1 100 55 0 1 0 1 100 75 0 1 0 1 100 36 0 1 0 1 100 56 0 1 0 2 100 34 0 1 0 2 100 46 0 1 0 3 100 55 0 1 0 3 100 75 0 1 0 3 100 225 0 1 0 3 100 56 0 1 1 35 100 55 0 1 1 35 100 75 0 1 1 35 100 225 0 1 1 35 100
4/4 66 0 1 0 0 100 64 0 1 0 0 100 35 0 1 0 1 100 65 0 1 0 1 100 15 0 1 0 1 100 34 0 1 0 1 100 35 0 1 0 2 100 65 0 1 0 2 100 15 0 1 0 2 100 64 0 1 0 2 100 37 0 1 0 3 100
4/4 67 0 1 0 0 100 64 0 1 0 0 100 67 0 1 0 1 100 35 0 1 0 1 100 65 0 1 0 1 100 15 0 1 0 1 100 67 0 1 0 2 100 34 0 1 0 2 100 57 0 1 0 3 100 35 0 1 0 3 100 65 0 1 0 3 100 15 0 1 0 3 100 67 0 1 1 35 100 35 0 1 1 35 100 65 0 1 1 35 100 15 0 1 1 35 100
4/4 57 0 1 0 0 100 77 0 1 0 0 100 74 0 1 0 0 100 35 0 1 0 1 100 55 0 1 0 1 100 75 0 1 0 1 100 34 0 1 0 2 100 37 0 1 0 3 100 35 0 1 0 3 100 55 0 1 0 3 100 75 0 1 0 3 100 35 0 1 1 35 100 55 0 1 1 35 100 75 0 1 1 35 100
4/4 57 0 1 0 0 100 77 0 1 0 0 100 74 0 1 0 0 100 57 0 1 0 1 100 77 0 1 0 1 100 35 0 1 0 1 100 55 0 1 0 1 100 225 0 1 0 1 100 57 0 1 0 2 100 77 0 1 0 2 100 34 0 1 0 2 100 47 0 1 0 3 100 67 0 1 0 3 100 35 0 1 0 3 100 55 0 1 0 3 100 225 0 1 0 3 100 57 0 1 1 35 100 77 0 1 1 35 100 35 0 1 1 35 100 55 0 1 1 35 100 225 0 1 1 35 100
4/4 67 0 1 0 0 100 17 0 1 0 0 100 64 0 1 0 0 100 35 0 1 0 1 100 65 0 1 0 1 100 15 0 1 0 1 100 34 0 1 0 2 100 37 0 1 0 3 100 35 0 1 0 3 100 65 0 1 0 3 100 15 0 1 0 3 100 35 0 1 1 35 100 65 0 1 1 35 100 15 0 1 1 35 100
4/4 67 0 1 0 0 100 17 0 1 0 0 100 64 0 1 0 0 100 67 0 1 0 1 100 17 0 1 0 1 100 35 0 1 0 1 100 65 0 1 0 1 100 15 0 1 0 1 100 67 0 1 0 2 100 17 0 1 0 2 100 34 0 1 0 2 100 527 0 1 0 3 100 77 0 1 0 3 100 35 0 1 0 3 100 525 0 1 0 3 100 15 0 1 0 3 100 67 0 1 1 35 100 17 0 1 1 35 100 35 0 1 1 35 100 525 0 1 1 35 100 15 0 1 1 35 100
4/4 77 0 1 0 0 100 227 0 1 0 0 100 223 0 1 0 0 100 77 0 1 0 1 100 227 0 1 0 1 100 45 0 1 0 1 100 65 0 1 0 1 100 225 0 1 0 1 100 77 0 1 0 2 100 227 0 1 0 2 100 223 0 1 0 2 100 67 0 1 1 25 100 17 0 1 1 25 100 57 0 1 0 3 100 77 0 1 0 3 100 45 0 1 0 3 100 65 0 1 0 3 100 225 0 1 0 3 100 47 0 1 1 35 100 67 0 1 1 35 100 45 0 1 1 35 100 65 0 1 1 35 100 225 0 1 1 35 100
4/4 37 0 1 0 0 100 57 0 1 0 0 100 34 0 1 0 0 100 37 0 1 0 1 100 57 0 1 0 1 100 55 0 1 0 1 100 75 0 1 0 1 100 36 0 1 0 1 100 37 0 1 0 2 100 57 0 1 0 2 100 34 0 1 0 2 100 226 0 1 0 3 100 47 0 1 0 3 100 55 0 1 0 3 100 75 0 1 0 3 100 225 0 1 0 3 100 57 0 1 1 35 100 55 0 1 1 35 100 75 0 1 1 35 100 225 0 1 1 35 100
4/4 16 0 1 0 0 100 67 0 1 0 0 100 64 0 1 0 0 100 35 0 1 0 1 100 65 0 1 0 1 100 15 0 1 0 1 100 74 0 1 0 2 100 14 0 1 0 3 100
4/4 225 0 1 0 0 100 46 0 1 0 0 100 223 0 1 0 0 100 225 0 1 0 1 100 46 0 1 0 1 100 224 0 1 0 1 100 45 0 1 0 1 100 224 0 1 1 15 100 45 0 1 1 15 100 225 0 1 0 2 100 46 0 1 0 2 100 223 0 1 0 2 100 15 0 1 0 3 100 36 0 1 0 3 100 224 0 1 0 3 100 45 0 1 0 3 100 75 0 1 1 35 100 225 0 1 1 35 100 224 0 1 1 35 100 45 0 1 1 35 100
4/4 36 3 2667 0 0 100 64 0 1 0 0 100 14 0 1 0 1 100 35 0 1 0 1 100 14 0 1 1 15 100 35 0 1 1 15 100 64 0 1 0 2 100 15 0 1 0 3 100 36 0 1 0 3 100 14 0 1 0 3 100 35 0 1 0 3 100 14 0 1 1 35 100 35 0 1 1 35 100
4/4 75 0 1 0 0 100 225 0 1 0 0 100 223 0 1 0 0 100 75 0 1 0 1 100 225 0 1 0 1 100 224 0 1 0 1 100 45 0 1 0 1 100 224 0 1 1 15 100 45 0 1 1 15 100 75 0 1 0 2 100 225 0 1 0 2 100 223 0 1 0 2 100 65 0 1 0 3 100 15 0 1 0 3 100 224 0 1 0 3 100 45 0 1 0 3 100 55 0 1 1 35 100 75 0 1 1 35 100 224 0 1 1 35 100 45 0 1 1 35 100
4/4 15 3 2667 0 0 100 64 0 1 0 0 100 14 0 1 0 1 100 35 0 1 0 1 100 14 0 1 1 15 100 35 0 1 1 15 100 63 0 1 0 2 100 73 0 1 0 3 100
4/4 15 0 1 0 0 100 13 0 1 0 0 100 15 0 1 0 1 100 74 0 1 0 1 100 14 0 1 0 1 100 315 0 1 0 1 100 74 0 1 1 15 100 14 0 1 1 15 100 315 0 1 1 15 100 15 0 1 0 2 100 13 0 1 0 2 100 75 0 1 0 3 100 25 0 1 0 3 100 74 0 1 0 3 100 14 0 1 0 3 100 315 0 1 0 3 100 75 0 1 1 35 100 316 0 1 1 35 100 74 0 1 1 35 100 14 0 1 1 35 100 315 0 1 1 35 100
4/4 46 2 175 0 0 100 44 0 1 0 0 100 64 0 1 0 1 100 14 0 1 0 1 100 45 0 1 0 1 100 64 0 1 1 15 100 14 0 1 1 15 100 45 0 1 1 15 100 65 0 1 0 2 100 15 0 1 0 2 100 44 0 1 0 2 100 65 0 1 0 3 100 46 0 1 0 3 100 64 0 1 0 3 100 14 0 1 0 3 100 45 0 1 0 3 100 64 0 1 1 35 100 14 0 1 1 35 100 45 0 1 1 35 100
4/4 46 2 175 0 0 100 74 0 1 0 1 100 24 0 1 0 1 100 45 0 1 0 1 100 74 0 1 1 15 100 24 0 1 1 15 100 45 0 1 1 15 100 15 0 1 0 2 100 36 0 1 0 2 100 75 0 1 0 3 100 225 0 1 0 3 100 74 0 1 0 3 100 24 0 1 0 3 100 45 0 1 0 3 100 74 0 1 1 35 100 24 0 1 1 35 100 45 0 1 1 35 100
4/4 55 0 1 0 0 100 36 0 1 0 0 100 34 0 1 0 0 100 54 0 1 0 0 100 74 0 1 0 0 64 35 0 1 0 0 64 35 0 1 0 1 100 36 0 1 0 1 100 34 0 1 0 1 100 45 0 1 0 2 100 46 0 1 0 2 100 44 0 1 0 2 100 55 0 1 0 3 100 56 0 1 0 3 100 54 0 1 0 3 100
4/4 66 0 1 0 0 100 64 0 1 0 0 100 66 0 1 0 1 100 35 0 1 0 1 100 65 0 1 0 1 100 15 0 1 0 1 100 66 0 1 0 2 100 34 0 1 0 2 100 56 0 1 0 3 100 35 0 1 0 3 100 65 0 1 0 3 100 15 0 1 0 3 100 66 0 1 1 35 100 35 0 1 1 35 100 65 0 1 1 35 100 15 0 1 1 35 100
4/4 56 0 1 0 0 100 76 0 1 0 0 100 74 0 1 0 0 100 35 0 1 0 1 100 55 0 1 0 1 100 75 0 1 0 1 100 34 0 1 0 2 100 36 0 1 0 3 100 35 0 1 0 3 100 55 0 1 0 3 100 75 0 1 0 3 100 35 0 1 1 35 100 55 0 1 1 35 100 75 0 1 1 35 100
4/4 56 0 1 0 0 100 76 0 1 0 0 100 74 0 1 0 0 100 56 0 1 0 1 100 76 0 1 0 1 100 35 0 1 0 1 100 55 0 1 0 1 100 225 0 1 0 1 100 56 0 1 0 2 100 76 0 1 0 2 100 34 0 1 0 2 100 46 0 1 0 3 100 66 0 1 0 3 100 35 0 1 0 3 100 55 0 1 0 3 100 225 0 1 0 3 100 56 0 1 1 35 100 76 0 1 1 35 100 35 0 1 1 35 100 55 0 1 1 35 100 225 0 1 1 35 100
4/4 66 0 1 0 0 100 16 0 1 0 0 100 64 0 1 0 0 100 35 0 1 0 1 100 65 0 1 0 1 100 15 0 1 0 1 100 34 0 1 0 2 100 36 0 1 0 3 100 35 0 1 0 3 100 65 0 1 0 3 100 15 0 1 0 3 100 35 0 1 1 35 100 65 0 1 1 35 100 15 0 1 1 35 100
4/4 66 0 1 0 0 100 16 0 1 0 0 100 64 0 1 0 0 100 66 0 1 0 1 100 16 0 1 0 1 100 35 0 1 0 1 100 65 0 1 0 1 100 15 0 1 0 1 100 66 0 1 0 2 100 16 0 1 0 2 100 34 0 1 0 2 100 526 0 1 0 3 100 76 0 1 0 3 100 35 0 1 0 3 100 525 0 1 0 3 100 15 0 1 0 3 100 66 0 1 1 35 100 16 0 1 1 35 100 35 0 1 1 35 100 525 0 1 1 35 100 15 0 1 1 35 100
4/4 46 0 1 0 0 100 226 0 1 0 0 100 223 0 1 0 0 100 46 0 1 0 1 100 226 0 1 0 1 100 45 0 1 0 1 100 65 0 1 0 1 100 225 0 1 0 1 100 76 0 1 0 2 100 226 0 1 0 2 100 223 0 1 0 2 100 66 0 1 1 25 100 16 0 1 1 25 100 56 0 1 0 3 100 76 0 1 0 3 100 45 0 1 0 3 100 65 0 1 0 3 100 225 0 1 0 3 100 46 0 1 1 35 100 66 0 1 1 35 100 45 0 1 1 35 100 65 0 1 1 35 100 225 0 1 1 35 100
4/4 36 0 1 0 0 100 56 0 1 0 0 100 34 0 1 0 0 100 36 0 1 0 1 100 56 0 1 0 1 100 55 0 1 0 1 100 75 0 1 0 1 100 36 0 1 0 1 100 36 0 1 0 2 100 56 0 1 0 2 100 34 0 1 0 2 100 225 0 1 0 3 100 46 0 1 0 3 100 55 0 1 0 3 100 75 0 1 0 3 100 225 0 1 0 3 100 36 0 1 1 35 100 56 0 1 1 35 100 55 0 1 1 35 100 75 0 1 1 35 100 225 0 1 1 35 100
4/4 15 0 1 0 0 100 66 0 1 0 0 100 64 0 1 0 0 100 35 0 1 0 1 100 65 0 1 0 1 100 15 0 1 0 1 100 34 0 1 0 1 100 35 0 1 1 15 100 65 0 1 1 15 100 15 0 1 1 15 100 35 0 1 0 2 100 65 0 1 0 2 100 15 0 1 0 2 100 64 0 1 0 2 100
4/4 66 0 1 0 0 100 16 0 1 0 0 100 64 0 1 0 0 100 35 0 1 0 1 100 65 0 1 0 1 100 15 0 1 0 1 100 66 0 1 0 2 100 16 0 1 0 2 100 35 0 1 0 2 100 65 0 1 0 2 100 15 0 1 0 2 100 76 0 1 1 25 100 226 0 1 1 25 100 64 0 1 0 3 100 16 0 1 1 35 100 37 0 1 1 35 100
4/4 56 0 1 0 0 100 76 0 1 0 0 100 54 0 1 0 0 100 35 0 1 0 1 100 55 0 1 0 1 100 75 0 1 0 1 100 35 0 1 0 2 100 55 0 1 0 2 100 75 0 1 0 2 100 36 0 1 0 3 100 54 0 1 0 3 100
4/4 46 0 1 0 0 100 66 0 1 0 0 100 44 0 1 0 0 100 45 0 1 0 1 100 65 0 1 0 1 100 15 0 1 0 1 100 46 0 1 0 2 100 66 0 1 0 2 100 45 0 1 0 2 100 65 0 1 0 2 100 15 0 1 0 2 100 56 0 1 1 25 100 76 0 1 1 25 100 44 0 1 0 3 100 66 0 1 1 35 100 16 0 1 1 35 100
4/4 36 0 1 0 0 100 56 0 1 0 0 100 34 0 1 0 0 100 35 0 1 0 1 100 55 0 1 0 1 100 15 0 1 0 1 100 35 0 1 0 2 100 55 0 1 0 2 100 15 0 1 0 2 100 36 0 1 0 3 100 34 0 1 0 3 100
4/4 225 0 1 0 0 100 46 0 1 0 0 100 223 0 1 0 0 100 224 0 1 0 1 100 45 0 1 0 1 100 65 0 1 0 1 100 225 0 1 0 2 100 46 0 1 0 2 100 224 0 1 0 2 100 45 0 1 0 2 100 65 0 1 0 2 100 36 0 1 1 25 100 56 0 1 1 25 100 223 0 1 0 3 100 46 0 1 1 35 100 66 0 1 1 35 100
4/4 15 0 1 0 0 100 36 0 1 0 0 100 13 0 1 0 0 100 14 0 1 0 1 100 35 0 1 0 1 100 65 0 1 0 1 100 36 0 1 0 2 100 66 0 1 0 2 100 14 0 1 0 2 100 35 0 1 0 2 100 65 0 1 0 2 100 66 0 1 0 3 100 16 0 1 0 3 100 13 0 1 0 3 100
4/4 76 0 1 0 0 100 226 0 1 0 0 100 73 0 1 0 0 100 224 0 1 0 1 100 45 0 1 0 1 100 65 0 1 0 1 100 76 0 1 0 2 100 226 0 1 0 2 100 224 0 1 0 2 100 45 0 1 0 2 100 65 0 1 0 2 100 66 0 1 1 25 100 16 0 1 1 25 100 56 0 1 0 3 100 76 0 1 0 3 100 74 0 1 0 3 100 46 0 1 1 35 100 66 0 1 1 35 100
4/4 56 0 1 0 0 100 16 0 1 0 0 100 13 0 1 0 0 100 14 0 1 0 1 100 45 0 1 0 1 100 55 0 1 0 1 100 13 0 1 0 2 100 223 0 1 0 3 100
4/4 46 0 1 0 0 100 76 0 1 0 0 100 34 0 1 0 0 100 225 1 5 1 5 100 15 1 5 0 1 100 75 1 5 1 15 100 65 1 5 0 2 64 55 1 5 1 25 64 36 0 1 0 3 100 45 1 5 0 3 64 35 1 5 1 35 64
4/4 66 0 1 0 0 100 64 0 1 0 0 100 36 3 333 0 0 100 66 0 1 0 1 100 35 0 1 0 1 100 65 0 1 0 1 100 15 0 1 0 1 100 66 0 1 0 2 100 34 0 1 0 2 100 56 0 1 0 3 100 35 0 1 0 3 100 65 0 1 0 3 100 15 0 1 0 3 100 66 0 1 1 35 100 35 0 1 1 35 100 65 0 1 1 35 100 15 0 1 1 35 100
4/4 76 0 2 0 0 100 74 0 1 0 0 100 35 0 1 0 1 100 55 0 1 0 1 100 75 0 1 0 1 100 34 0 1 0 2 100 36 0 1 0 3 100 35 0 1 0 3 100 55 0 1 0 3 100 75 0 1 0 3 100 35 0 1 1 35 100 55 0 1 1 35 100 75 0 1 1 35 100
4/4 76 0 1 0 0 100 74 0 1 0 0 100 76 0 1 0 1 100 35 0 1 0 1 100 55 0 1 0 1 100 225 0 1 0 1 100 76 0 1 0 2 100 34 0 1 0 2 100 66 0 1 0 3 100 35 0 1 0 3 100 55 0 1 0 3 100 225 0 1 0 3 100 76 0 1 1 35 100 35 0 1 1 35 100 55 0 1 1 35 100 225 0 1 1 35 100
4/4 16 0 2 0 0 100 64 0 1 0 0 100 35 0 1 0 1 100 65 0 1 0 1 100 15 0 1 0 1 100 34 0 1 0 2 100 36 0 1 0 3 100 35 0 1 0 3 100 65 0 1 0 3 100 15 0 1 0 3 100 35 0 1 1 35 100 65 0 1 1 35 100 15 0 1 1 35 100
4/4 16 0 1 0 0 100 64 0 1 0 0 100 16 0 1 0 1 100 35 0 1 0 1 100 65 0 1 0 1 100 15 0 1 0 1 100 16 0 1 0 2 100 34 0 1 0 2 100 76 0 1 0 3 100 35 0 1 0 3 100 525 0 1 0 3 100 15 0 1 0 3 100 16 0 1 1 35 100 35 0 1 1 35 100 525 0 1 1 35 100 15 0 1 1 35 100
4/4 226 0 1 0 0 100 223 0 1 0 0 100 226 0 1 0 1 100 45 0 1 0 1 100 65 0 1 0 1 100 225 0 1 0 1 100 226 1 5 0 2 100 223 0 1 0 2 100 16 1 5 1 25 100 76 0 1 0 3 100 45 0 1 0 3 100 65 0 1 0 3 100 225 0 1 0 3 100 66 0 1 1 35 100 45 0 1 1 35 100 65 0 1 1 35 100 225 0 1 1 35 100
4/4 56 0 1 0 0 100 34 0 1 0 0 100 56 0 1 0 1 100 55 0 1 0 1 100 75 0 1 0 1 100 36 0 1 0 1 100 56 0 1 0 2 100 34 0 1 0 2 100 46 0 1 0 3 100 55 0 1 0 3 100 75 0 1 0 3 100 225 0 1 0 3 100 56 0 1 1 35 100 55 0 1 1 35 100 75 0 1 1 35 100 225 0 1 1 35 100
4/4 66 0 1 0 0 100 64 0 1 0 0 100 35 0 1 0 1 100 65 0 1 0 1 100 15 0 1 0 1 100 34 0 1 0 1 100 35 0 1 0 2 100 65 0 1 0 2 100 15 0 1 0 2 100 64 0 1 0 2 100 37 0 1 0 3 100
4/4 67 0 1 0 0 100 64 0 1 0 0 100 67 0 1 0 1 100 35 0 1 0 1 100 65 0 1 0 1 100 15 0 1 0 1 100 67 0 1 0 2 100 34 0 1 0 2 100 57 0 1 0 3 100 35 0 1 0 3 100 65 0 1 0 3 100 15 0 1 0 3 100 67 0 1 1 35 100 35 0 1 1 35 100 65 0 1 1 35 100 15 0 1 1 35 100
4/4 57 0 1 0 0 100 77 0 1 0 0 100 74 0 1 0 0 100 35 0 1 0 1 100 55 0 1 0 1 100 75 0 1 0 1 100 34 0 1 0 2 100 37 0 1 0 3 100 35 0 1 0 3 100 55 0 1 0 3 100 75 0 1 0 3 100 35 0 1 1 35 100 55 0 1 1 35 100 75 0 1 1 35 100
4/4 57 0 1 0 0 100 77 0 1 0 0 100 74 0 1 0 0 100 57 0 1 0 1 100 77 0 1 0 1 100 35 0 1 0 1 100 55 0 1 0 1 100 225 0 1 0 1 100 57 0 1 0 2 100 77 0 1 0 2 100 34 0 1 0 2 100 47 0 1 0 3 100 67 0 1 0 3 100 35 0 1 0 3 100 55 0 1 0 3 100 225 0 1 0 3 100 57 0 1 1 35 100 77 0 1 1 35 100 35 0 1 1 35 100 55 0 1 1 35 100 225 0 1 1 35 100
4/4 67 0 1 0 0 100 17 0 1 0 0 100 64 0 1 0 0 100 35 0 1 0 1 100 65 0 1 0 1 100 15 0 1 0 1 100 34 0 1 0 2 100 37 0 1 0 3 100 35 0 1 0 3 100 65 0 1 0 3 100 15 0 1 0 3 100 35 0 1 1 35 100 65 0 1 1 35 100 15 0 1 1 35 100
4/4 67 0 1 0 0 100 17 0 1 0 0 100 64 0 1 0 0 100 67 0 1 0 1 100 17 0 1 0 1 100 35 0 1 0 1 100 65 0 1 0 1 100 15 0 1 0 1 100 67 0 1 0 2 100 17 0 1 0 2 100 34 0 1 0 2 100 527 0 1 0 3 100 77 0 1 0 3 100 35 0 1 0 3 100 525 0 1 0 3 100 15 0 1 0 3 100 67 0 1 1 35 100 17 0 1 1 35 100 35 0 1 1 35 100 525 0 1 1 35 100 15 0 1 1 35 100
4/4 77 0 1 0 0 100 227 0 1 0 0 100 223 0 1 0 0 100 77 0 1 0 1 100 227 0 1 0 1 100 45 0 1 0 1 100 65 0 1 0 1 100 225 0 1 0 1 100 77 0 1 0 2 100 227 0 1 0 2 100 223 0 1 0 2 100 67 0 1 1 25 100 17 0 1 1 25 100 57 0 1 0 3 100 77 0 1 0 3 100 45 0 1 0 3 100 65 0 1 0 3 100 225 0 1 0 3 100 47 0 1 1 35 100 67 0 1 1 35 100 45 0 1 1 35 100 65 0 1 1 35 100 225 0 1 1 35 100
4/4 37 0 1 0 0 100 57 0 1 0 0 100 34 0 1 0 0 100 37 0 1 0 1 100 57 0 1 0 1 100 55 0 1 0 1 100 75 0 1 0 1 100 36 0 1 0 1 100 37 0 1 0 2 100 57 0 1 0 2 100 34 0 1 0 2 100 226 0 1 0 3 100 47 0 1 0 3 100 55 0 1 0 3 100 75 0 1 0 3 100 225 0 1 0 3 100 57 0 1 1 35 100 55 0 1 1 35 100 75 0 1 1 35 100 225 0 1 1 35 100
4/4 16 0 1 0 0 100 67 0 1 0 0 100 64 0 1 0 0 100 35 0 1 0 1 100 65 0 1 0 1 100 15 0 1 0 1 100 74 0 1 0 2 100 14 0 1 0 3 100
4/4 225 0 1 0 0 100 46 0 1 0 0 100 223 0 1 0 0 100 225 0 1 0 1 100 46 0 1 0 1 100 224 0 1 0 1 100 45 0 1 0 1 100 224 0 1 1 15 100 45 0 1 1 15 100 225 0 1 0 2 100 46 0 1 0 2 100 223 0 1 0 2 100 15 0 1 0 3 100 36 0 1 0 3 100 224 0 1 0 3 100 45 0 1 0 3 100 75 0 1 1 35 100 225 0 1 1 35 100 224 0 1 1 35 100 45 0 1 1 35 100
4/4 36 3 2667 0 0 100 64 0 1 0 0 100 14 0 1 0 1 100 35 0 1 0 1 100 14 0 1 1 15 100 35 0 1 1 15 100 64 0 1 0 2 100 15 0 1 0 3 100 36 0 1 0 3 100 14 0 1 0 3 100 35 0 1 0 3 100 14 0 1 1 35 100 35 0 1 1 35 100
4/4 75 0 1 0 0 100 225 0 1 0 0 100 223 0 1 0 0 100 75 0 1 0 1 100 225 0 1 0 1 100 224 0 1 0 1 100 45 0 1 0 1 100 224 0 1 1 15 100 45 0 1 1 15 100 75 0 1 0 2 100 225 0 1 0 2 100 223 0 1 0 2 100 65 0 1 0 3 100 15 0 1 0 3 100 224 0 1 0 3 100 45 0 1 0 3 100 55 0 1 1 35 100 75 0 1 1 35 100 224 0 1 1 35 100 45 0 1 1 35 100
4/4 15 3 2667 0 0 100 64 0 1 0 0 100 14 0 1 0 1 100 35 0 1 0 1 100 14 0 1 1 15 100 35 0 1 1 15 100 63 0 1 0 2 100 73 0 1 0 3 100
4/4 15 0 1 0 0 100 13 0 1 0 0 100 15 0 1 0 1 100 74 0 1 0 1 100 14 0 1 0 1 100 315 0 1 0 1 100 74 0 1 1 15 100 14 0 1 1 15 100 315 0 1 1 15 100 15 0 1 0 2 100 13 0 1 0 2 100 75 0 1 0 3 100 25 0 1 0 3 100 74 0 1 0 3 100 14 0 1 0 3 100 315 0 1 0 3 100 75 0 1 1 35 100 316 0 1 1 35 100 74 0 1 1 35 100 14 0 1 1 35 100 315 0 1 1 35 100
4/4 46 2 175 0 0 100 44 0 1 0 0 100 64 0 1 0 1 100 14 0 1 0 1 100 45 0 1 0 1 100 64 0 1 1 15 100 14 0 1 1 15 100 45 0 1 1 15 100 65 0 1 0 2 100 15 0 1 0 2 100 44 0 1 0 2 100 65 0 1 0 3 100 46 0 1 0 3 100 64 0 1 0 3 100 14 0 1 0 3 100 45 0 1 0 3 100 64 0 1 1 35 100 14 0 1 1 35 100 45 0 1 1 35 100
4/4 46 2 175 0 0 100 73 0 1 0 0 100 74 0 1 0 1 100 24 0 1 0 1 100 45 0 1 0 1 100 74 0 1 1 15 100 24 0 1 1 15 100 45 0 1 1 15 100 15 0 1 0 2 100 36 0 1 0 2 100 73 0 1 0 2 100 75 0 1 0 3 100 225 0 1 0 3 100 74 0 1 0 3 100 24 0 1 0 3 100 45 0 1 0 3 100 74 0 1 1 35 100 24 0 1 1 35 100 45 0 1 1 35 100
4/4 55 0 1 0 0 100 36 0 1 0 0 100 34 0 1 0 0 100 54 0 1 0 0 100 74 0 1 0 0 64 35 0 1 0 0 64 35 0 1 0 1 100 36 0 1 0 1 100 34 0 1 0 1 100 45 0 1 0 2 100 46 0 1 0 2 100 44 0 1 0 2 100 55 0 1 0 3 100 56 0 1 0 3 100 54 0 1 0 3 100
4/4 66 0 1 0 0 100 64 0 1 0 0 100 66 0 1 0 1 100 35 0 1 0 1 100 65 0 1 0 1 100 15 0 1 0 1 100 66 0 1 0 2 100 34 0 1 0 2 100 56 0 1 0 3 100 35 0 1 0 3 100 65 0 1 0 3 100 15 0 1 0 3 100 66 0 1 1 35 100 35 0 1 1 35 100 65 0 1 1 35 100 15 0 1 1 35 100
4/4 56 0 1 0 0 100 76 0 1 0 0 100 74 0 1 0 0 100 35 0 1 0 1 100 55 0 1 0 1 100 75 0 1 0 1 100 34 0 1 0 2 100 36 0 1 0 3 100 35 0 1 0 3 100 55 0 1 0 3 100 75 0 1 0 3 100 35 0 1 1 35 100 55 0 1 1 35 100 75 0 1 1 35 100
4/4 56 0 1 0 0 100 76 0 1 0 0 100 74 0 1 0 0 100 56 0 1 0 1 100 76 0 1 0 1 100 35 0 1 0 1 100 55 0 1 0 1 100 225 0 1 0 1 100 56 0 1 0 2 100 76 0 1 0 2 100 34 0 1 0 2 100 46 0 1 0 3 100 66 0 1 0 3 100 35 0 1 0 3 100 55 0 1 0 3 100 225 0 1 0 3 100 56 0 1 1 35 100 76 0 1 1 35 100 35 0 1 1 35 100 55 0 1 1 35 100 225 0 1 1 35 100
4/4 66 0 1 0 0 100 16 0 1 0 0 100 64 0 1 0 0 100 35 0 1 0 1 100 65 0 1 0 1 100 15 0 1 0 1 100 34 0 1 0 2 100 36 0 1 0 3 100 35 0 1 0 3 100 65 0 1 0 3 100 15 0 1 0 3 100 35 0 1 1 35 100 65 0 1 1 35 100 15 0 1 1 35 100
4/4 66 0 1 0 0 100 16 0 1 0 0 100 64 0 1 0 0 100 66 0 1 0 1 100 16 0 1 0 1 100 35 0 1 0 1 100 65 0 1 0 1 100 15 0 1 0 1 100 66 0 1 0 2 100 16 0 1 0 2 100 34 0 1 0 2 100 526 0 1 0 3 100 76 0 1 0 3 100 35 0 1 0 3 100 525 0 1 0 3 100 15 0 1 0 3 100 66 0 1 1 35 100 16 0 1 1 35 100 35 0 1 1 35 100 525 0 1 1 35 100 15 0 1 1 35 100
4/4 46 0 1 0 0 100 226 0 1 0 0 100 223 0 1 0 0 100 46 0 1 0 1 100 226 0 1 0 1 100 45 0 1 0 1 100 65 0 1 0 1 100 225 0 1 0 1 100 76 0 1 0 2 100 226 0 1 0 2 100 223 0 1 0 2 100 66 0 1 1 25 100 16 0 1 1 25 100 56 0 1 0 3 100 76 0 1 0 3 100 45 0 1 0 3 100 65 0 1 0 3 100 225 0 1 0 3 100 46 0 1 1 35 100 66 0 1 1 35 100 45 0 1 1 35 100 65 0 1 1 35 100 225 0 1 1 35 100
4/4 36 0 1 0 0 100 56 0 1 0 0 100 34 0 1 0 0 100 36 0 1 0 1 100 56 0 1 0 1 100 55 0 1 0 1 100 75 0 1 0 1 100 36 0 1 0 1 100 36 0 1 0 2 100 56 0 1 0 2 100 34 0 1 0 2 100 225 0 1 0 3 100 46 0 1 0 3 100 55 0 1 0 3 100 75 0 1 0 3 100 225 0 1 0 3 100 36 0 1 1 35 100 56 0 1 1 35 100 55 0 1 1 35 100 75 0 1 1 35 100 225 0 1 1 35 100
4/4 15 0 1 0 0 100 66 0 1 0 0 100 64 0 1 0 0 100 35 0 1 0 1 100 65 0 1 0 1 100 15 0 1 0 1 100 34 0 1 0 1 100 35 0 1 1 15 100 65 0 1 1 15 100 15 0 1 1 15 100 35 0 1 0 2 100 65 0 1 0 2 100 15 0 1 0 2 100 64 0 1 0 2 100 35 0 1 0 3 100
4/4 225 0 1 0 0 100 46 0 1 0 0 100 223 0 1 0 0 100 225 0 1 0 1 100 46 0 1 0 1 100 224 0 1 0 1 100 45 0 1 0 1 100 224 0 1 1 15 100 45 0 1 1 15 100 225 0 1 0 2 100 46 0 1 0 2 100 223 0 1 0 2 100 15 0 1 0 3 100 36 0 1 0 3 100 224 0 1 0 3 100 45 0 1 0 3 100 75 0 1 1 35 100 225 0 1 1 35 100 224 0 1 1 35 100 45 0 1 1 35 100
4/4 36 3 2667 0 0 100 64 0 1 0 0 100 14 0 1 0 1 100 35 0 1 0 1 100 14 0 1 1 15 100 35 0 1 1 15 100 64 0 1 0 2 100 15 0 1 0 3 100 36 0 1 0 3 100 14 0 1 0 3 100 35 0 1 0 3 100 14 0 1 1 35 100 35 0 1 1 35 100
4/4 75 0 1 0 0 100 225 0 1 0 0 100 223 0 1 0 0 100 75 0 1 0 1 100 225 0 1 0 1 100 224 0 1 0 1 100 45 0 1 0 1 100 224 0 1 1 15 100 45 0 1 1 15 100 75 0 1 0 2 100 225 0 1 0 2 100 223 0 1 0 2 100 65 0 1 0 3 100 15 0 1 0 3 100 224 0 1 0 3 100 45 0 1 0 3 100 55 0 1 1 35 100 75 0 1 1 35 100 224 0 1 1 35 100 45 0 1 1 35 100
4/4 15 3 2667 0 0 100 64 0 1 0 0 100 14 0 1 0 1 100 35 0 1 0 1 100 14 0 1 1 15 100 35 0 1 1 15 100 63 0 1 0 2 100 73 0 1 0 3 100
4/4 15 0 1 0 0 100 13 0 1 0 0 100 15 0 1 0 1 100 74 0 1 0 1 100 14 0 1 0 1 100 315 0 1 0 1 100 74 0 1 1 15 100 14 0 1 1 15 100 315 0 1 1 15 100 15 0 1 0 2 100 13 0 1 0 2 100 75 0 1 0 3 100 25 0 1 0 3 100 74 0 1 0 3 100 14 0 1 0 3 100 315 0 1 0 3 100 75 0 1 1 35 100 316 0 1 1 35 100 74 0 1 1 35 100 14 0 1 1 35 100 315 0 1 1 35 100
4/4 46 2 175 0 0 100 44 0 1 0 0 100 64 0 1 0 1 100 14 0 1 0 1 100 45 0 1 0 1 100 64 0 1 1 15 100 14 0 1 1 15 100 45 0 1 1 15 100 65 0 1 0 2 100 15 0 1 0 2 100 44 0 1 0 2 100 65 0 1 0 3 100 46 0 1 0 3 100 64 0 1 0 3 100 14 0 1 0 3 100 45 0 1 0 3 100 64 0 1 1 35 100 14 0 1 1 35 100 45 0 1 1 35 100
4/4 46 2 175 0 0 100 73 0 1 0 0 100 74 0 1 0 1 100 24 0 1 0 1 100 45 0 1 0 1 100 74 0 1 1 15 100 24 0 1 1 15 100 45 0 1 1 15 100 15 0 1 0 2 100 36 0 1 0 2 100 73 0 1 0 2 100 75 0 1 0 3 100 225 0 1 0 3 100 74 0 1 0 3 100 24 0 1 0 3 100 45 0 1 0 3 100 74 0 1 1 35 100 24 0 1 1 35 100 45 0 1 1 35 100
4/4 55 0 1 0 0 100 36 0 1 0 0 100 34 0 1 0 0 100 54 0 1 0 0 100 74 0 1 0 0 64 35 0 1 0 0 64 35 0 1 0 1 100 36 0 1 0 1 100 34 0 1 0 1 100 45 0 1 0 2 100 46 0 1 0 2 100 44 0 1 0 2 100 55 0 1 0 3 100 56 0 1 0 3 100 54 0 1 0 3 100
4/4 66 0 1 0 0 100 64 0 1 0 0 100 66 0 1 0 1 100 35 0 1 0 1 100 65 0 1 0 1 100 15 0 1 0 1 100 66 0 1 0 2 100 34 0 1 0 2 100 56 0 1 0 3 100 35 0 1 0 3 100 65 0 1 0 3 100 15 0 1 0 3 100 66 0 1 1 35 100 35 0 1 1 35 100 65 0 1 1 35 100 15 0 1 1 35 100
4/4 56 0 1 0 0 100 76 0 1 0 0 100 74 0 1 0 0 100 35 0 1 0 1 100 55 0 1 0 1 100 75 0 1 0 1 100 34 0 1 0 2 100 36 0 1 0 3 100 35 0 1 0 3 100 55 0 1 0 3 100 75 0 1 0 3 100 35 0 1 1 35 100 55 0 1 1 35 100 75 0 1 1 35 100
4/4 56 0 1 0 0 100 76 0 1 0 0 100 74 0 1 0 0 100 56 0 1 0 1 100 76 0 1 0 1 100 35 0 1 0 1 100 55 0 1 0 1 100 225 0 1 0 1 100 56 0 1 0 2 100 76 0 1 0 2 100 34 0 1 0 2 100 46 0 1 0 3 100 66 0 1 0 3 100 35 0 1 0 3 100 55 0 1 0 3 100 225 0 1 0 3 100 56 0 1 1 35 100 76 0 1 1 35 100 35 0 1 1 35 100 55 0 1 1 35 100 225 0 1 1 35 100
4/4 66 0 1 0 0 100 16 0 1 0 0 100 64 0 1 0 0 100 35 0 1 0 1 100 65 0 1 0 1 100 15 0 1 0 1 100 34 0 1 0 2 100 36 0 1 0 3 100 35 0 1 0 3 100 65 0 1 0 3 100 15 0 1 0 3 100 35 0 1 1 35 100 65 0 1 1 35 100 15 0 1 1 35 100
4/4 66 0 1 0 0 100 16 0 1 0 0 100 64 0 1 0 0 100 66 0 1 0 1 100 16 0 1 0 1 100 35 0 1 0 1 100 65 0 1 0 1 100 15 0 1 0 1 100 66 0 1 0 2 100 16 0 1 0 2 100 34 0 1 0 2 100 526 0 1 0 3 100 76 0 1 0 3 100 35 0 1 0 3 100 525 0 1 0 3 100 15 0 1 0 3 100 66 0 1 1 35 100 16 0 1 1 35 100 35 0 1 1 35 100 525 0 1 1 35 100 15 0 1 1 35 100
4/4 46 0 1 0 0 100 226 0 1 0 0 100 223 0 1 0 0 100 46 0 1 0 1 100 226 0 1 0 1 100 45 0 1 0 1 100 65 0 1 0 1 100 225 0 1 0 1 100 76 0 1 0 2 100 226 0 1 0 2 100 223 0 1 0 2 100 66 0 1 1 25 100 16 0 1 1 25 100 56 0 1 0 3 100 76 0 1 0 3 100 45 0 1 0 3 100 65 0 1 0 3 100 225 0 1 0 3 100 46 0 1 1 35 100 66 0 1 1 35 100 45 0 1 1 35 100 65 0 1 1 35 100 225 0 1 1 35 100
4/4 36 0 1 0 0 100 56 0 1 0 0 100 34 0 1 0 0 100 36 0 1 0 1 100 56 0 1 0 1 100 55 0 1 0 1 100 75 0 1 0 1 100 36 0 1 0 1 100 36 0 1 0 2 100 56 0 1 0 2 100 34 0 1 0 2 100 225 0 1 0 3 100 46 0 1 0 3 100 55 0 1 0 3 100 75 0 1 0 3 100 225 0 1 0 3 100 36 0 1 1 35 100 56 0 1 1 35 100 55 0 1 1 35 100 75 0 1 1 35 100 225 0 1 1 35 100
4/4 15 0 1 0 0 100 66 0 1 0 0 100 64 0 1 0 0 100 35 0 1 0 1 100 65 0 1 0 1 100 15 0 1 0 1 100 34 0 1 0 1 100 35 0 1 1 15 100 65 0 1 1 15 100 15 0 1 1 15 100 35 0 1 0 2 100 65 0 1 0 2 100 15 0 1 0 2 100 64 0 1 0 2 100 36 0 1 0 3 100
4/4 66 0 1 0 0 100 16 0 1 0 0 100 64 0 1 0 0 100 66 0 1 0 1 100 16 0 1 0 1 100 35 0 1 0 1 100 65 0 1 0 1 100 15 0 1 0 1 100 66 0 1 0 2 100 16 0 1 0 2 100 524 0 1 0 2 100 526 0 1 0 3 100 76 0 1 0 3 100 35 0 1 0 3 100 65 0 1 0 3 100 15 0 1 0 3 100 66 0 1 1 35 100 16 0 1 1 35 100 35 0 1 1 35 100 65 0 1 1 35 100 15 0 1 1 35 100
4/4 46 0 1 0 0 100 226 0 1 0 0 100 44 0 1 0 0 100 46 0 1 0 1 100 226 0 1 0 1 100 45 0 1 0 1 100 65 0 1 0 1 100 225 0 1 0 1 100 76 0 1 0 2 100 226 0 1 0 2 100 314 0 1 0 2 100 66 0 1 1 25 100 16 0 1 1 25 100 56 0 1 0 3 100 76 0 1 0 3 100 45 0 1 0 3 100 55 0 1 0 3 100 225 0 1 0 3 100 46 0 1 1 35 100 66 0 1 1 35 100 45 0 1 1 35 100 55 0 1 1 35 100 225 0 1 1 35 100
4/4 36 0 1 0 0 100 56 0 1 0 0 100 34 0 1 0 0 100 36 0 1 0 1 100 56 0 1 0 1 100 55 0 1 0 1 100 75 0 1 0 1 100 36 0 1 0 1 100 36 0 1 0 2 100 56 0 1 0 2 100 34 0 1 0 2 100 225 0 1 0 3 100 46 0 1 0 3 100 55 0 1 0 3 100 75 0 1 0 3 100 225 0 1 0 3 100 36 0 1 1 35 100 56 0 1 1 35 100 55 0 1 1 35 100 75 0 1 1 35 100 225 0 1 1 35 100
4/4 15 0 1 0 0 100 66 0 1 0 0 100 64 0 1 0 0 100 35 0 1 0 1 100 65 0 1 0 1 100 15 0 1 0 1 100 34 0 1 0 1 100 35 0 1 1 15 100 65 0 1 1 15 100 15 0 1 1 15 100 35 0 1 0 2 100 65 0 1 0 2 100 15 0 1 0 2 100 64 0 1 0 2 100
