3/4 16 0 1 0 0 100 45 0 1 0 0 64 46 0 1 0 1 100 616 0 1 0 1 100 46 0 1 0 2 100 616 0 1 0 2 100
3/4 716 0 2 0 0 100 45 0 3 0 0 64 46 0 1 0 1 100 66 0 1 0 1 100 26 0 1 0 2 100
3/4 16 0 1 0 0 100 45 0 1 0 0 64 46 0 1 0 1 100 616 0 1 0 1 100 46 0 1 0 2 100 616 0 1 0 2 100
3/4 315 0 3 0 0 64 15 0 1 0 1 100 56 0 1 0 1 100 15 0 1 0 2 100 56 0 1 0 2 100
3/4 616 0 1 0 0 100 24 0 1 0 0 64 25 0 1 0 1 100 46 0 1 0 1 100 25 0 1 0 2 100 46 0 1 0 2 100
3/4 66 0 2 0 0 100 24 0 3 0 0 64 715 0 1 0 1 100 46 0 1 0 1 100 76 0 1 0 2 100
3/4 616 0 1 0 0 100 24 0 1 0 0 64 25 0 1 0 1 100 46 0 1 0 1 100 25 0 1 0 2 100 46 0 1 0 2 100
3/4 14 0 3 0 0 64 615 0 1 0 1 100 15 0 1 0 1 100 316 0 1 0 1 100 615 0 1 0 2 100 15 0 1 0 2 100 316 0 1 0 2 100
3/4 46 0 1 0 0 100 74 0 1 0 0 64 75 0 1 0 1 100 25 0 1 0 1 100 75 0 1 0 2 100 25 0 1 0 2 100
3/4 316 0 2 0 0 100 74 0 3 0 0 64 55 0 1 0 1 100 15 0 1 0 1 100 56 0 1 0 2 100
3/4 46 0 1 0 0 100 614 0 1 0 0 64 45 0 1 0 1 100 15 0 1 0 1 100 45 0 1 0 2 100 15 0 1 0 2 100
3/4 15 0 1 0 0 100 316 0 1 0 0 100 614 0 3 0 0 64 46 0 1 0 1 100 56 0 1 0 2 100
3/4 616 0 2 0 0 100 54 0 3 0 0 64 715 0 1 0 1 100 25 0 1 0 1 100 715 0 1 0 2 100 25 0 1 0 2 100 56 0 1 0 2 100
3/4 56 0 2 0 0 100 54 0 3 0 0 64 55 0 1 0 1 100 715 0 1 0 1 100 55 0 1 0 2 100 715 0 1 0 2 100 25 0 1 0 2 100
3/4 56 0 1 0 0 100 14 0 1 0 0 64 75 0 1 0 1 100 25 0 1 0 1 100 75 0 1 0 2 100 25 0 1 0 2 100
3/4 75 0 1 0 0 100 316 0 1 0 0 100 14 0 1 0 0 64 46 0 1 0 1 100 24 0 1 0 1 64 56 0 1 0 2 100 315 0 1 0 2 64
3/4 16 0 1 0 0 100 45 0 1 0 0 64 46 0 1 0 1 100 616 0 1 0 1 100 46 0 1 0 2 100 616 0 1 0 2 100
3/4 716 0 2 0 0 100 45 0 3 0 0 64 46 0 1 0 1 100 66 0 1 0 1 100 26 0 1 0 2 100
3/4 16 0 1 0 0 100 45 0 1 0 0 64 46 0 1 0 1 100 616 0 1 0 1 100 46 0 1 0 2 100 616 0 1 0 2 100
3/4 315 0 3 0 0 64 15 0 1 0 1 100 56 0 1 0 1 100 15 0 1 0 2 100 56 0 1 0 2 100
3/4 616 0 1 0 0 100 24 0 1 0 0 64 25 0 1 0 1 100 46 0 1 0 1 100 25 0 1 0 2 100 46 0 1 0 2 100
3/4 66 0 2 0 0 100 24 0 3 0 0 64 715 0 1 0 1 100 46 0 1 0 1 100 76 0 1 0 2 100
3/4 616 0 1 0 0 100 24 0 1 0 0 64 25 0 1 0 1 100 46 0 1 0 1 100 25 0 1 0 2 100 46 0 1 0 2 100
3/4 14 0 3 0 0 64 615 0 1 0 1 100 15 0 1 0 1 100 316 0 1 0 1 100 615 0 1 0 2 100 15 0 1 0 2 100 316 0 1 0 2 100
3/4 46 0 1 0 0 100 74 0 1 0 0 64 75 0 1 0 1 100 25 0 1 0 1 100 75 0 1 0 2 100 25 0 1 0 2 100
3/4 316 0 2 0 0 100 74 0 3 0 0 64 55 0 1 0 1 100 15 0 1 0 1 100 56 0 1 0 2 100
3/4 46 0 1 0 0 100 614 0 1 0 0 64 45 0 1 0 1 100 15 0 1 0 1 100 616 0 1 0 2 100
3/4 16 0 2 0 0 100 54 0 3 0 0 64 75 0 1 0 1 100 25 0 1 0 1 100 75 0 1 0 2 100 25 0 1 0 2 100 76 0 1 0 2 100
3/4 616 0 1 0 0 100 14 0 1 0 0 64 15 0 1 0 1 100 46 0 1 0 1 100 15 0 1 0 2 100 46 0 1 0 2 100
3/4 75 0 1 0 0 100 316 0 1 0 0 100 56 0 1 0 0 100 14 0 3 0 0 64 316 0 1 0 1 100 56 0 1 0 2 100
3/4 46 0 1 0 0 100 45 0 1 0 0 64 15 0 1 0 1 100 615 0 1 0 2 100
3/4 46 0 1 0 0 100 616 0 1 0 0 100 45 0 3 0 0 64 56 0 1 0 1 100 76 0 1 0 1 100 616 0 1 0 2 100 16 0 1 0 2 100
3/4 76 0 1 0 0 100 26 0 1 0 0 100 75 0 3 0 0 64 76 0 1 1 5 100 26 0 1 1 5 100 76 0 1 0 1 100 26 0 1 0 1 100 76 0 1 1 25 100 26 0 1 1 25 100
3/4 76 0 1 0 0 100 26 0 1 0 0 100 75 0 3 0 0 64 26 1 5 1 15 100 317 1 5 0 2 100 26 1 5 1 25 100
3/4 16 0 1 0 0 100 45 0 1 0 0 64 46 0 1 0 1 100 616 0 1 0 1 100 46 0 1 0 2 100 616 0 1 0 2 100
3/4 616 0 1 0 0 100 45 0 1 0 0 64 15 0 1 0 1 100 46 0 1 0 1 100 15 0 1 0 2 100 46 0 1 0 2 100
3/4 76 1 5 0 0 100 74 0 3 0 0 64 76 1 5 1 5 100 25 0 1 0 1 100 46 0 1 0 1 100 76 0 1 0 1 100 76 1 5 1 25 100
3/4 25 0 1 0 0 100 46 0 1 0 0 100 76 0 1 0 0 100 74 0 3 0 0 64 76 1 5 1 15 100 16 1 5 0 2 100 76 1 5 1 25 100
3/4 616 0 1 0 0 100 45 0 1 0 0 64 15 0 1 0 1 100 46 0 1 0 1 100 15 0 1 0 2 100 46 0 1 0 2 100
3/4 616 0 1 0 0 100 45 0 1 0 0 64 15 0 1 0 1 100 46 0 1 0 1 100 315 0 1 0 2 64
3/4 46 1 5 0 0 100 24 0 3 0 0 64 46 1 5 1 5 100 615 0 1 0 1 100 25 0 1 0 1 100 46 0 1 0 1 100 46 1 5 1 25 100
3/4 615 0 1 0 0 100 25 0 1 0 0 100 46 0 1 0 0 100 14 0 3 0 0 64 316 0 1 0 1 100 46 0 1 0 2 100
3/4 616 0 1 0 0 100 714 0 1 0 0 64 25 0 1 0 1 100 46 0 1 0 1 100 25 0 1 0 2 100 46 0 1 0 2 100
3/4 45 0 1 0 0 100 75 0 1 0 0 100 25 0 1 0 0 100 74 0 3 0 0 64 316 0 1 0 1 100 46 0 1 0 2 100
3/4 56 1 5 0 0 100 54 0 3 0 0 64 56 1 5 1 5 100 715 0 1 0 1 100 25 0 1 0 1 100 56 0 1 0 1 100 56 1 5 1 25 100
3/4 75 0 1 0 0 100 25 0 1 0 0 100 56 0 1 0 0 100 54 0 3 0 0 64 46 0 1 0 1 100 56 0 1 0 2 100
3/4 25 0 1 0 0 100 316 0 1 0 0 100 616 0 1 0 0 100 614 0 1 0 0 64
3/4 46 0 1 0 0 100 56 0 1 0 0 100 16 0 1 0 0 100 14 0 1 0 0 64 75 0 1 0 0 64 46 0 1 0 1 100 56 0 1 0 1 100 16 0 1 0 1 100
3/4 16 0 1 0 0 100 45 0 1 0 0 64 46 0 1 0 1 100 616 0 1 0 1 100 46 0 1 0 2 100 616 0 1 0 2 100
3/4 716 0 2 0 0 100 45 0 3 0 0 64 46 0 1 0 1 100 66 0 1 0 1 100 26 0 1 0 2 100
3/4 16 0 1 0 0 100 45 0 1 0 0 64 46 0 1 0 1 100 616 0 1 0 1 100 46 0 1 0 2 100 616 0 1 0 2 100
3/4 315 0 3 0 0 64 15 0 1 0 1 100 56 0 1 0 1 100 15 0 1 0 2 100 56 0 1 0 2 100
3/4 616 0 1 0 0 100 24 0 1 0 0 64 25 0 1 0 1 100 46 0 1 0 1 100 25 0 1 0 2 100 46 0 1 0 2 100
3/4 66 0 2 0 0 100 24 0 3 0 0 64 715 0 1 0 1 100 46 0 1 0 1 100 76 0 1 0 2 100
3/4 616 0 1 0 0 100 24 0 1 0 0 64 25 0 1 0 1 100 46 0 1 0 1 100 25 0 1 0 2 100 46 0 1 0 2 100
3/4 14 0 3 0 0 64 615 0 1 0 1 100 15 0 1 0 1 100 316 0 1 0 1 100 615 0 1 0 2 100 15 0 1 0 2 100 316 0 1 0 2 100
3/4 46 0 1 0 0 100 74 0 1 0 0 64 75 0 1 0 1 100 25 0 1 0 1 100 75 0 1 0 2 100 25 0 1 0 2 100
3/4 316 0 2 0 0 100 74 0 3 0 0 64 55 0 1 0 1 100 15 0 1 0 1 100 56 0 1 0 2 100
3/4 46 0 1 0 0 100 614 0 1 0 0 64 45 0 1 0 1 100 15 0 1 0 1 100 616 0 1 0 2 100
3/4 16 0 2 0 0 100 54 0 3 0 0 64 75 0 1 0 1 100 25 0 1 0 1 100 75 0 1 0 2 100 25 0 1 0 2 100 76 0 1 0 2 100
3/4 616 0 1 0 0 100 14 0 1 0 0 64 15 0 1 0 1 100 46 0 1 0 1 100 15 0 1 0 2 100 46 0 1 0 2 100
3/4 75 0 1 0 0 100 316 0 1 0 0 100 56 0 1 0 0 100 14 0 3 0 0 64 316 0 1 0 1 100 56 0 1 0 2 100
3/4 46 0 1 0 0 100 45 0 1 0 0 64 15 0 1 0 1 100 615 0 1 0 2 100
3/4 46 0 1 0 0 100 616 0 1 0 0 100 45 0 3 0 0 64 56 0 1 0 1 100 76 0 1 0 1 100 616 0 1 0 2 100 16 0 1 0 2 100
3/4 76 0 1 0 0 100 26 0 1 0 0 100 75 0 3 0 0 64 76 0 1 1 5 100 26 0 1 1 5 100 76 0 1 0 1 100 26 0 1 0 1 100 76 0 1 1 25 100 26 0 1 1 25 100
3/4 76 0 1 0 0 100 26 0 1 0 0 100 75 0 3 0 0 64 26 1 5 1 15 100 317 1 5 0 2 100 26 1 5 1 25 100
3/4 16 0 1 0 0 100 45 0 1 0 0 64 46 0 1 0 1 100 616 0 1 0 1 100 46 0 1 0 2 100 616 0 1 0 2 100
3/4 616 0 1 0 0 100 45 0 1 0 0 64 15 0 1 0 1 100 46 0 1 0 1 100 15 0 1 0 2 100 46 0 1 0 2 100
3/4 76 1 5 0 0 100 74 0 3 0 0 64 76 1 5 1 5 100 25 0 1 0 1 100 46 0 1 0 1 100 76 0 1 0 1 100 76 1 5 1 25 100
3/4 25 0 1 0 0 100 46 0 1 0 0 100 76 0 1 0 0 100 74 0 3 0 0 64 76 1 5 1 15 100 16 1 5 0 2 100 76 1 5 1 25 100
3/4 616 0 1 0 0 100 45 0 1 0 0 64 15 0 1 0 1 100 46 0 1 0 1 100 15 0 1 0 2 100 46 0 1 0 2 100
3/4 616 0 1 0 0 100 45 0 1 0 0 64 15 0 1 0 1 100 46 0 1 0 1 100 315 0 1 0 2 64
3/4 46 1 5 0 0 100 24 0 3 0 0 64 46 1 5 1 5 100 615 0 1 0 1 100 25 0 1 0 1 100 46 0 1 0 1 100 46 1 5 1 25 100
3/4 615 0 1 0 0 100 25 0 1 0 0 100 46 0 1 0 0 100 14 0 3 0 0 64 316 0 1 0 1 100 46 0 1 0 2 100
3/4 616 0 1 0 0 100 714 0 1 0 0 64 25 0 1 0 1 100 46 0 1 0 1 100 25 0 1 0 2 100 46 0 1 0 2 100
3/4 45 0 1 0 0 100 75 0 1 0 0 100 25 0 1 0 0 100 74 0 3 0 0 64 316 0 1 0 1 100 46 0 1 0 2 100
3/4 56 1 5 0 0 100 54 0 3 0 0 64 56 1 5 1 5 100 715 0 1 0 1 100 25 0 1 0 1 100 56 0 1 0 1 100 56 1 5 1 25 100
3/4 75 0 1 0 0 100 25 0 1 0 0 100 56 0 1 0 0 100 54 0 3 0 0 64 46 0 1 0 1 100 56 0 1 0 2 100
3/4 25 0 1 0 0 100 316 0 1 0 0 100 616 0 1 0 0 100 614 0 1 0 0 64
3/4 75 0 1 0 0 100 25 0 1 0 0 100 56 0 1 0 0 100 14 0 1 0 0 64
3/4 15 0 1 0 0 100 46 0 1 0 0 100 616 0 1 0 0 100 45 0 3 0 0 64 15 1 5 1 15 100 46 1 5 0 2 100 316 1 5 1 25 100
3/4 715 0 1 0 0 100 46 0 1 0 0 100 66 0 1 0 0 100 45 0 1 0 0 64
3/4 15 0 1 0 0 100 46 0 1 0 0 100 616 0 1 0 0 100 45 0 3 0 0 64 16 1 5 1 15 100 47 1 5 0 2 100 317 1 5 1 25 100
3/4 46 0 1 0 0 100 616 0 1 0 0 100 47 0 1 0 0 100 45 0 3 0 0 64
3/4 45 0 3 0 0 64 46 0 1 0 0 100 616 0 1 0 0 100 47 0 1 0 0 100
