4/4 12 0 4 0 0 69 34 0 1 1 5 104 54 0 1 1 5 102 23 0 1 1 5 93 14 1 5 0 1 91 74 1 5 1 15 105 74 1 5 0 2 110 614 1 5 1 25 102 54 1 5 0 3 91 614 1 5 1 35 90
4/4 14 1 5 0 0 105 73 0 4 0 0 59 74 1 5 1 5 90 614 1 5 0 1 109 74 1 5 1 15 91 54 0 1 0 2 90 74 0 1 0 2 110 44 0 1 0 2 106 35 1 5 1 35 93
4/4 314 0 1 0 0 99 53 0 1 0 0 98 24 1 15 0 0 90 12 0 1 0 0 69 72 0 1 0 0 59 14 1 5 1 15 110 314 0 1 0 2 108 54 0 1 0 2 106 13 0 1 0 2 93 74 1 5 1 35 100
2/4 34 0 1 0 0 103 54 0 1 0 0 104 14 0 1 0 0 99 42 0 1 0 0 62
3/4 524 0 1 0 0 107 614 0 1 0 0 108 24 0 1 0 0 110 21 0 1 0 0 57 23 1 5 1 25 92
4/4 74 0 2 0 0 106 52 1 5 0 0 70 22 1 5 1 5 63 73 0 1 0 1 74 23 1 5 1 15 95 44 0 1 0 2 98 613 0 1 0 2 101 22 1 5 0 2 73 22 1 5 1 25 64 613 0 1 0 3 73 23 1 5 1 35 106
4/4 54 1 15 0 0 100 33 1 5 0 0 59 53 1 5 1 5 66 44 1 5 0 1 96 73 0 1 0 1 66 34 1 5 1 15 92 44 0 2 0 2 97 22 1 5 0 2 66 43 0 1 1 25 71 73 0 1 1 35 103 42 0 1 1 35 69
4/4 13 1 5 0 0 109 12 0 2 0 0 74 34 1 5 1 5 93 54 1 5 0 1 101 74 1 5 1 15 98 614 1 5 0 2 106 43 0 2 0 2 61 44 1 5 1 25 94 23 1 5 0 3 105 13 1 5 1 35 107
4/4 23 0 4 0 0 99 72 1 5 0 0 62 43 1 5 1 5 61 13 1 5 0 1 72 73 1 5 1 15 70 22 0 1 0 2 74 612 0 1 0 2 73 73 1 5 1 25 64 13 1 5 0 3 63 23 1 5 1 35 102
4/4 74 0 2 0 0 98 52 1 5 0 0 72 23 1 5 0 0 99 22 1 5 1 5 62 73 0 1 0 1 61 23 1 5 1 15 96 13 0 1 0 2 90 524 0 1 0 2 110 613 0 1 0 2 102 612 1 5 0 2 60 22 1 5 1 25 61 613 0 1 0 3 68 23 1 5 1 35 92
4/4 23 0 1 0 0 101 53 0 1 0 0 101 72 1 5 0 0 63 53 1 15 1 5 64 44 1 5 0 1 93 34 1 5 1 15 107 44 1 15 0 2 99 712 0 1 0 2 67 53 1 5 0 3 64 23 0 1 1 35 106 52 0 1 1 35 74
4/4 13 1 5 0 0 98 12 0 3 0 0 62 34 1 5 1 5 101 54 1 5 0 1 97 74 1 5 1 15 100 23 0 1 0 2 97 14 1 5 0 2 94 24 1 5 1 25 96 614 1 5 0 3 97 22 0 1 0 3 71 44 1 5 1 35 99
4/4 54 0 2 0 0 102 52 0 3 0 0 57 73 1 5 1 5 95 23 1 5 0 1 102 73 1 5 1 15 93 53 0 1 0 2 102 23 1 5 1 35 108
4/4 74 0 2 0 0 100 52 1 5 0 0 68 22 1 5 1 5 71 73 0 1 0 1 60 23 1 5 1 15 96 44 0 1 0 2 107 613 0 1 0 2 107 22 1 5 0 2 64 22 1 5 1 25 63 613 0 1 0 3 59 23 1 5 1 35 96
4/4 54 1 15 0 0 109 33 1 5 0 0 61 53 1 5 1 5 58 44 1 5 0 1 91 73 0 1 0 1 72 34 1 5 1 15 106 44 0 2 0 2 107 22 1 5 0 2 58 43 0 1 1 25 54 73 0 1 1 35 99 42 0 1 1 35 70
4/4 13 1 5 0 0 99 12 0 2 0 0 59 34 1 5 1 5 94 54 1 5 0 1 95 74 1 5 1 15 107 614 1 5 0 2 106 43 0 2 0 2 60 44 1 5 1 25 96 23 1 5 0 3 110 13 1 5 1 35 94
4/4 23 0 4 0 0 106 72 1 5 0 0 58 43 1 5 1 5 65 13 1 5 0 1 70 73 1 5 1 15 56 22 0 1 0 2 58 612 0 1 0 2 63 73 1 5 1 25 74 13 1 5 0 3 68 23 1 5 1 35 100
4/4 74 0 2 0 0 108 52 1 5 0 0 55 23 1 5 0 0 96 22 1 5 1 5 68 73 0 1 0 1 63 23 1 5 1 15 92 13 0 1 0 2 96 524 0 1 0 2 93 613 0 1 0 2 95 612 1 5 0 2 69 22 1 5 1 25 65 613 0 1 0 3 71 23 1 5 1 35 92
4/4 23 0 1 0 0 99 53 0 1 0 0 91 72 1 5 0 0 74 53 1 15 1 5 63 44 1 5 0 1 106 34 1 5 1 15 106 44 1 15 0 2 109 712 0 1 0 2 64 53 1 5 0 3 58 23 0 1 1 35 102 52 0 1 1 35 63
4/4 13 1 5 0 0 99 12 0 3 0 0 66 34 1 5 1 5 97 54 1 5 0 1 109 74 1 5 1 15 98 23 0 1 0 2 104 14 1 5 0 2 104 24 1 5 1 25 90 614 1 5 0 3 96 22 0 1 0 3 71 44 1 5 1 35 105
4/4 54 0 2 0 0 95 52 0 3 0 0 58 73 1 5 1 5 108 23 1 5 0 1 105 73 1 5 1 15 91 53 0 1 0 2 106 54 1 5 0 3 109 614 1 5 1 35 100
4/4 74 1 5 0 0 101 12 0 2 0 0 61 34 0 1 1 5 107 73 0 1 1 5 100 34 0 1 0 1 108 73 0 1 0 1 96 34 0 1 1 15 103 73 0 1 1 15 93 34 0 1 0 2 104 73 0 1 0 2 99 12 0 2 0 2 74 614 1 5 1 25 93 54 1 5 0 3 105 614 1 5 1 35 101
4/4 44 1 25 0 0 97 22 1 5 0 0 65 613 1 5 1 5 58 13 1 5 0 1 73 613 1 5 1 15 58 44 1 15 0 2 106 34 1 5 1 25 110 23 1 5 0 3 105 34 2 25 1 35 95 44 2 25 2 375 97
4/4 54 1 5 0 0 101 33 0 2 0 0 73 73 0 1 1 5 100 34 0 1 1 5 109 53 0 1 1 5 106 73 0 1 0 1 98 34 0 1 0 1 96 53 0 1 0 1 94 73 0 1 1 15 94 34 0 1 1 15 107 53 0 1 1 15 108 73 0 1 0 2 107 34 0 1 0 2 101 53 0 1 0 2 105 33 0 2 0 2 55 44 1 5 1 25 92 34 1 5 0 3 90 44 1 5 1 35 106
4/4 23 0 3 0 0 92 72 0 2 0 0 56 43 1 5 1 5 104 73 1 5 0 1 93 43 1 5 1 15 97 72 0 2 0 2 61 43 1 5 1 25 91 73 0 1 0 3 103 23 1 5 1 35 101
4/4 713 1 5 0 0 94 12 0 2 0 0 71 13 1 5 1 5 106 34 1 5 0 1 104 54 1 5 1 15 109 44 1 15 0 2 96 612 0 2 0 2 68 43 1 5 1 25 94 13 0 1 0 3 109 34 1 5 1 35 90
4/4 223 1 5 0 0 93 22 0 2 0 0 69 23 1 5 1 5 110 44 1 5 0 1 104 614 1 5 1 15 106 73 0 1 0 2 92 23 0 1 0 2 108 13 0 1 0 2 108 52 0 2 0 2 71 74 1 5 1 25 91 614 1 5 0 3 102 74 1 5 1 35 91
4/4 314 0 1 0 0 108 53 0 1 0 0 95 24 1 15 0 0 95 12 0 4 0 0 60 73 1 35 0 0 61 14 2 25 1 15 110 24 2 25 2 175 108 73 0 2 0 2 91 314 0 1 0 2 90 53 0 1 0 2 100 44 2 25 1 35 94 54 2 25 2 375 106
4/4 73 0 1 0 0 99 22 0 1 0 0 90 12 0 4 0 0 54 13 2 25 1 15 104 23 2 25 2 175 94 53 0 2 0 2 92
2/4 523 0 1 0 0 102 612 0 1 0 0 92 23 1 5 1 15 98
4/4 74 0 2 0 0 100 52 1 5 0 0 56 22 1 5 1 5 70 73 0 1 0 1 61 23 1 5 1 15 106 44 0 1 0 2 102 613 0 1 0 2 90 22 1 5 0 2 54 22 1 5 1 25 58 613 0 1 0 3 70 23 1 5 1 35 110
4/4 54 1 15 0 0 104 33 1 5 0 0 58 53 1 5 1 5 60 44 1 5 0 1 102 73 0 1 0 1 71 34 1 5 1 15 104 44 0 2 0 2 97 22 1 5 0 2 59 43 0 1 1 25 60 73 0 1 1 35 98 42 0 1 1 35 69
4/4 13 1 5 0 0 93 12 0 2 0 0 69 34 1 5 1 5 96 54 1 5 0 1 107 74 1 5 1 15 105 614 1 5 0 2 96 43 0 2 0 2 63 44 1 5 1 25 97 23 1 5 0 3 100 13 1 5 1 35 105
4/4 23 0 4 0 0 92 72 1 5 0 0 64 43 1 5 1 5 59 13 1 5 0 1 64 73 1 5 1 15 73 22 0 1 0 2 54 612 0 1 0 2 72 73 1 5 1 25 63 13 1 5 0 3 70 23 1 5 1 35 109
4/4 74 0 2 0 0 97 52 1 5 0 0 70 23 1 5 0 0 98 22 1 5 1 5 71 73 0 1 0 1 54 23 1 5 1 15 95 13 0 1 0 2 97 524 0 1 0 2 110 613 0 1 0 2 94 612 1 5 0 2 58 22 1 5 1 25 66 613 0 1 0 3 62 23 1 5 1 35 108
4/4 23 0 1 0 0 99 53 0 1 0 0 102 72 1 5 0 0 65 53 1 15 1 5 66 44 1 5 0 1 98 34 1 5 1 15 106 44 1 15 0 2 93 712 0 1 0 2 60 53 1 5 0 3 69 23 0 1 1 35 104 52 0 1 1 35 61
4/4 13 1 5 0 0 105 12 0 3 0 0 59 34 1 5 1 5 105 54 1 5 0 1 96 74 1 5 1 15 103 23 0 1 0 2 96 14 1 5 0 2 109 24 1 5 1 25 105 614 1 5 0 3 95 22 0 1 0 3 55 44 1 5 1 35 98
4/4 54 0 4 0 0 107 52 0 2 0 0 67 73 1 5 1 5 96 23 1 5 0 1 96 73 1 5 1 15 93 53 0 2 0 2 99
4/4 52 0 2 0 0 63 73 0 1 1 5 108 53 0 1 1 5 94 44 2 25 2 75 107 54 1 5 0 1 91 34 2 25 1 15 108 23 2 25 2 175 96 34 1 5 0 2 110 12 0 2 0 2 58 13 2 25 1 25 102 713 2 25 2 275 95 13 0 1 0 3 96
4/4 43 0 2 0 0 71 13 0 1 1 5 104 43 0 1 1 5 93 314 2 25 2 75 96 44 1 5 0 1 95 23 2 25 1 15 104 223 2 25 2 175 100 73 0 1 0 2 93 22 0 1 0 2 91 72 0 2 0 2 67 73 2 25 1 25 101 613 2 25 2 275 104 73 0 1 0 3 107
4/4 33 0 2 0 0 64 73 0 1 1 5 96 33 0 1 1 5 99 23 2 25 2 75 109 34 1 5 0 1 98 13 2 25 1 15 109 713 2 25 2 175 106 13 0 1 0 2 102 611 0 1 0 2 56 34 1 5 1 25 95 54 1 5 0 3 100 34 1 5 1 35 107
4/4 13 2 25 0 0 101 22 0 3 0 0 70 34 2 25 2 25 92 23 2 25 1 5 102 13 2 25 2 75 105 73 2 25 0 1 102 613 2 25 2 125 92 53 2 25 1 15 106 613 2 25 2 175 107 53 0 1 0 2 107 73 0 2 0 2 105 52 0 1 0 3 59
4/4 52 0 2 0 0 71 73 0 1 1 5 91 53 0 1 1 5 103 524 2 25 2 75 110 54 1 5 0 1 96 34 2 25 1 15 93 23 2 25 2 175 109 34 0 1 0 2 106 12 0 2 0 2 55 13 2 25 0 3 102 23 2 25 2 325 96 34 2 25 1 35 105 44 2 25 2 375 94
4/4 13 0 1 0 0 96 33 0 1 0 0 92 54 3 333 0 0 92 43 0 2 0 0 63 614 3 333 3 333 97 74 3 333 3 667 95 614 3 333 0 1 108 14 3 333 3 1333 98 74 3 333 3 1667 96 73 0 1 0 2 104 42 0 1 0 2 60 23 0 1 0 2 92 613 0 1 0 2 110 44 1 15 1 25 106
4/4 33 0 2 0 0 61 73 0 1 1 5 103 33 0 1 1 5 99 23 2 25 2 75 95 34 1 5 0 1 91 13 2 25 1 15 104 713 2 25 2 175 98 13 0 1 0 2 92 611 0 1 0 2 66 34 1 5 1 25 99 54 1 5 0 3 108 34 1 5 1 35 92
4/4 13 2 25 0 0 108 22 0 3 0 0 56 34 2 25 2 25 107 23 2 25 1 5 92 13 2 25 2 75 108 73 2 25 0 1 107 613 2 25 2 125 104 53 2 25 1 15 104 523 2 25 2 175 96 53 0 2 0 2 106 52 0 1 0 3 63
4/4 52 0 2 0 0 57 73 0 1 1 5 100 23 0 1 1 5 95 73 0 1 1 5 103 614 2 25 2 75 101 74 1 5 0 1 91 23 1 5 1 15 90 34 2 25 0 2 91 12 0 2 0 2 66 44 2 25 2 225 110 34 2 25 1 25 94 23 2 25 2 275 95 34 0 1 0 3 93
4/4 43 0 2 0 0 60 13 0 1 1 5 99 613 0 1 1 5 105 64 2 25 2 75 92 614 1 5 0 1 94 13 1 5 1 15 93 23 2 25 0 2 94 72 0 2 0 2 71 34 2 25 2 225 105 23 2 25 1 25 94 13 2 25 2 275 99 23 0 1 0 3 96
4/4 33 0 2 0 0 63 73 0 1 1 5 92 53 0 1 1 5 105 524 2 25 2 75 109 54 1 5 0 1 101 73 1 5 1 15 100 13 2 25 0 2 94 612 0 2 0 2 66 23 2 25 2 225 94 13 2 25 1 25 95 713 2 25 2 275 101 13 0 1 0 3 101
4/4 22 0 2 0 0 68 13 0 1 1 5 107 523 0 1 1 5 106 314 2 25 2 75 100 524 1 5 0 1 108 613 1 5 1 15 107 73 2 25 0 2 110 52 0 2 0 2 59 13 2 25 2 225 93 73 2 25 1 25 98 613 2 25 2 275 95 53 2 25 0 3 109 613 2 25 2 325 91 73 2 25 1 35 90 23 2 25 2 375 97
4/4 13 0 2 0 0 100 44 1 25 0 0 100 62 1 5 0 0 72 33 0 1 1 5 74 13 0 1 1 15 100 34 0 1 1 15 90 32 0 1 1 15 71 13 0 1 0 2 109 33 0 1 0 2 96 62 1 5 0 2 58 33 0 1 1 25 55 23 0 1 1 35 104 32 0 1 1 35 55
4/4 23 1 25 0 0 92 62 1 5 0 0 63 13 0 1 0 0 105 33 0 1 0 0 97 33 0 1 1 5 72 13 0 1 1 15 92 32 0 1 1 15 63 13 0 2 0 2 101 62 1 5 0 2 57 33 1 15 1 25 61 73 1 5 1 35 105
4/4 613 0 1 0 0 98 22 0 4 0 0 59 13 1 5 0 0 103 13 0 1 0 1 91 54 0 1 0 1 110 613 0 1 0 1 107 524 1 5 0 3 107 314 1 5 1 35 97
4/4 613 0 1 0 0 95 13 0 1 0 0 90 523 0 1 0 0 106 22 0 2 0 2 73 23 1 5 1 35 104
4/4 74 0 2 0 0 93 52 1 5 0 0 69 22 1 5 1 5 69 73 0 1 0 1 74 23 1 5 1 15 109 44 0 1 0 2 97 613 0 1 0 2 108 22 1 5 0 2 61 22 1 5 1 25 66 613 0 1 0 3 71 23 1 5 1 35 101
4/4 54 1 15 0 0 103 33 1 5 0 0 59 53 1 5 1 5 59 44 1 5 0 1 92 73 0 1 0 1 58 34 1 5 1 15 102 44 0 2 0 2 104 22 1 5 0 2 61 43 0 1 1 25 60 73 0 1 1 35 107 42 0 1 1 35 58
4/4 13 1 5 0 0 106 12 0 2 0 0 68 34 1 5 1 5 107 54 1 5 0 1 108 74 1 5 1 15 106 614 1 5 0 2 102 43 0 2 0 2 63 44 1 5 1 25 93 23 1 5 0 3 96 13 1 5 1 35 99
4/4 23 0 4 0 0 90 72 1 5 0 0 62 43 1 5 1 5 59 13 1 5 0 1 66 73 1 5 1 15 63 22 0 1 0 2 65 612 0 1 0 2 58 73 1 5 1 25 71 13 1 5 0 3 64 23 1 5 1 35 100
4/4 74 0 2 0 0 90 52 1 5 0 0 58 23 1 5 0 0 108 22 1 5 1 5 68 73 0 1 0 1 64 23 1 5 1 15 95 13 0 1 0 2 101 524 0 1 0 2 109 613 0 1 0 2 108 612 1 5 0 2 68 22 1 5 1 25 70 613 0 1 0 3 68 23 1 5 1 35 107
4/4 23 0 1 0 0 102 53 0 1 0 0 91 72 1 5 0 0 55 53 1 15 1 5 68 44 1 5 0 1 105 34 1 5 1 15 104 44 1 15 0 2 96 712 0 1 0 2 57 53 1 5 0 3 56 23 0 1 1 35 99 52 0 1 1 35 70
4/4 13 1 5 0 0 96 12 0 3 0 0 56 34 1 5 1 5 97 54 1 5 0 1 93 74 1 5 1 15 91 23 0 1 0 2 102 14 1 5 0 2 104 24 1 5 1 25 106 614 1 5 0 3 105 22 0 1 0 3 62 44 1 5 1 35 101
4/4 54 0 2 0 0 108 52 0 3 0 0 59 73 1 5 1 5 96 23 1 5 0 1 92 73 1 5 1 15 105 53 0 1 0 2 102 54 1 5 0 3 96 614 1 5 1 35 91
4/4 74 1 5 0 0 102 12 0 2 0 0 69 34 0 1 1 5 109 73 0 1 1 5 104 34 0 1 0 1 93 73 0 1 0 1 99 34 0 1 1 15 110 73 0 1 1 15 104 34 0 1 0 2 98 73 0 1 0 2 108 12 0 2 0 2 63 614 1 5 1 25 108 54 1 5 0 3 90 614 1 5 1 35 93
4/4 44 1 25 0 0 99 22 1 5 0 0 59 613 1 5 1 5 60 13 1 5 0 1 66 613 1 5 1 15 57 44 1 15 0 2 91 34 1 5 1 25 96 23 1 5 0 3 108 34 2 25 1 35 106 44 2 25 2 375 105
4/4 54 1 5 0 0 99 33 0 2 0 0 71 73 0 1 1 5 96 34 0 1 1 5 91 53 0 1 1 5 101 73 0 1 0 1 108 34 0 1 0 1 96 53 0 1 0 1 108 73 0 1 1 15 95 34 0 1 1 15 96 53 0 1 1 15 100 73 0 1 0 2 105 34 0 1 0 2 102 53 0 1 0 2 97 33 0 2 0 2 58 44 1 5 1 25 107 34 1 5 0 3 104 44 1 5 1 35 93
4/4 23 0 3 0 0 96 72 0 2 0 0 62 43 1 5 1 5 96 73 1 5 0 1 110 43 1 5 1 15 97 72 0 2 0 2 73 43 1 5 1 25 105 73 0 1 0 3 98 23 1 5 1 35 106
4/4 713 1 5 0 0 91 12 0 2 0 0 56 13 1 5 1 5 106 34 1 5 0 1 100 54 1 5 1 15 109 44 1 15 0 2 97 612 0 2 0 2 55 43 1 5 1 25 104 13 0 1 0 3 101 34 1 5 1 35 103
4/4 223 1 5 0 0 95 22 0 2 0 0 63 23 1 5 1 5 90 44 1 5 0 1 100 614 1 5 1 15 106 73 0 1 0 2 101 23 0 1 0 2 95 13 0 1 0 2 98 52 0 2 0 2 69 74 1 5 1 25 91 614 1 5 0 3 93 74 1 5 1 35 91
4/4 314 0 1 0 0 95 53 0 1 0 0 108 24 1 15 0 0 104 12 0 4 0 0 74 73 1 35 0 0 55 14 2 25 1 15 98 24 2 25 2 175 90 73 0 2 0 2 90 314 0 1 0 2 98 53 0 1 0 2 106 44 2 25 1 35 91 54 2 25 2 375 102
4/4 73 0 1 0 0 99 22 0 1 0 0 90 12 0 2 0 0 71 13 2 25 1 15 94 23 2 25 2 175 99 53 0 2 0 2 100
2/4 523 0 1 0 0 110 612 0 1 0 0 103 23 1 5 1 15 105
4/4 74 0 2 0 0 93 52 1 5 0 0 70 22 1 5 1 5 61 73 0 1 0 1 62 23 1 5 1 15 92 44 0 1 0 2 100 613 0 1 0 2 94 22 1 5 0 2 66 22 1 5 1 25 54 613 0 1 0 3 57 23 1 5 1 35 100
4/4 54 1 15 0 0 105 33 1 5 0 0 70 53 1 5 1 5 70 44 1 5 0 1 93 73 0 1 0 1 61 34 1 5 1 15 103 44 0 2 0 2 91 22 1 5 0 2 59 43 0 1 1 25 62 73 0 1 1 35 94 42 0 1 1 35 70
4/4 13 1 5 0 0 94 12 0 2 0 0 72 34 1 5 1 5 93 54 1 5 0 1 107 74 1 5 1 15 95 614 1 5 0 2 93 43 0 2 0 2 62 44 1 5 1 25 110 23 1 5 0 3 90 13 1 5 1 35 105
4/4 23 0 4 0 0 97 72 1 5 0 0 74 43 1 5 1 5 70 13 1 5 0 1 64 73 1 5 1 15 66 22 0 1 0 2 72 612 0 1 0 2 58 73 1 5 1 25 60 13 1 5 0 3 59 23 1 5 1 35 107
4/4 74 0 2 0 0 104 52 1 5 0 0 72 23 1 5 0 0 102 22 1 5 1 5 68 73 0 1 0 1 65 23 1 5 1 15 95 13 0 1 0 2 94 524 0 1 0 2 93 613 0 1 0 2 109 612 1 5 0 2 69 22 1 5 1 25 56 613 0 1 0 3 64 23 1 5 1 35 102
4/4 23 0 1 0 0 96 53 0 1 0 0 96 72 1 5 0 0 71 53 1 15 1 5 73 44 1 5 0 1 102 34 1 5 1 15 109 44 1 15 0 2 93 712 0 1 0 2 68 53 1 5 0 3 72 23 0 1 1 35 104 52 0 1 1 35 65
4/4 13 1 5 0 0 97 12 0 3 0 0 72 34 1 5 1 5 90 54 1 5 0 1 103 74 1 5 1 15 96 23 0 1 0 2 91 14 1 5 0 2 106 24 1 5 1 25 91 614 1 5 0 3 108 22 0 1 0 3 57 44 1 5 1 35 102
4/4 54 0 1 0 0 93 51 0 1 0 0 73 73 1 5 1 5 110 23 1 5 0 1 103 73 1 5 1 15 93 53 0 2 0 2 103
4/4 12 0 4 0 0 70 34 0 1 1 5 97 54 0 1 1 5 110 23 0 1 1 5 104 14 1 5 0 1 95 74 1 5 1 15 110 74 1 5 0 2 105 614 1 5 1 25 110 54 1 5 0 3 110 614 1 5 1 35 101
4/4 14 1 5 0 0 106 73 0 4 0 0 56 74 1 5 1 5 92 614 1 5 0 1 91 74 1 5 1 15 100 54 0 1 0 2 102 74 0 1 0 2 93 44 0 1 0 2 90 35 1 5 1 35 92
4/4 314 0 1 0 0 108 53 0 1 0 0 90 24 1 15 0 0 104 12 0 1 0 0 62 72 0 1 0 0 59 14 1 5 1 15 96 314 0 1 0 2 95 54 0 1 0 2 109 13 0 1 0 2 98 74 1 5 1 35 107
4/4 34 0 1 0 0 100 54 0 1 0 0 91 13 0 1 0 0 101 43 0 4 0 0 66 34 1 5 1 5 93 54 1 5 0 1 106 14 0 1 1 15 109 34 1 5 1 25 91 54 1 5 0 3 96 14 1 5 1 35 108
4/4 614 0 1 0 0 105 24 0 1 0 0 100 72 0 1 0 0 68 613 0 1 0 2 110 73 0 1 0 2 90 23 0 1 0 2 106 71 0 1 0 2 66
4/4 613 0 1 0 0 94 73 0 1 0 0 93 23 0 1 0 0 99 71 0 1 0 0 59
