4/4 34 2 25 0 0 100 74 1 5 1 5 100 45 1 5 0 1 100 55 1 25 1 15 100
4/4 34 2 25 0 0 100 74 1 5 1 5 100 45 1 5 0 1 100 55 1 25 1 15 100
4/4 75 0 1 0 0 100 34 2 25 0 0 100 74 1 5 1 5 100 36 0 1 0 1 100 45 1 5 0 1 100 55 1 25 1 15 100 25 1 15 0 2 100 75 1 5 1 35 100
4/4 15 0 4 0 0 100 44 2 25 0 0 100 14 1 5 1 5 100 55 1 5 0 1 100 65 0 2 1 15 100 14 1 5 1 35 100
4/4 15 0 1 0 0 100 44 2 25 0 0 100 14 1 5 1 5 100 66 0 1 0 1 100 55 1 5 0 1 100 65 1 25 1 15 100 56 1 15 0 2 100 316 1 5 1 35 100
4/4 46 0 3 0 0 100 44 2 25 0 0 100 14 1 5 1 5 100 55 1 5 0 1 100 65 1 25 1 15 100 56 1 5 0 3 100 66 1 5 1 35 100
4/4 76 1 15 0 0 100 53 2 25 0 0 100 74 1 5 1 5 100 224 1 5 0 1 100 76 1 5 1 15 100 45 1 25 1 15 100 76 0 1 0 2 100 46 1 5 0 3 100 316 1 5 1 35 100
4/4 13 2 25 0 0 100 316 0 3 0 0 100 74 1 5 1 5 100 315 1 5 0 1 100 55 1 25 1 15 100 46 1 5 0 3 100 56 1 5 1 35 100
4/4 66 1 15 0 0 100 44 2 25 0 0 100 64 1 5 1 5 100 35 1 5 0 1 100 66 1 5 1 15 100 14 1 25 1 15 100 66 0 1 0 2 100 36 1 5 0 3 100 25 1 5 1 35 100
4/4 73 1 5 0 0 100 25 1 25 0 0 100 44 1 5 1 5 100 14 1 5 0 1 100 24 1 5 1 15 100 65 0 2 0 2 100 25 1 5 1 25 100 36 1 5 0 3 100 46 1 5 1 35 100
4/4 45 0 1 0 0 100 53 0 1 0 0 100 75 0 4 0 0 100 315 0 1 0 2 100 523 0 1 0 2 100
4/4 35 0 1 0 0 100 65 0 1 0 0 100 43 0 1 0 0 100 24 0 1 0 2 100 75 0 1 0 2 100 313 0 1 0 2 100
4/4 75 0 1 0 0 100 33 1 5 0 0 100 74 1 5 1 5 100 36 0 1 0 1 100 35 1 5 0 1 100 55 1 5 1 15 100 25 3 1333 0 2 100 75 1 5 0 2 100 74 1 5 1 25 100 55 1 5 0 3 100 75 0 1 1 35 100 35 0 1 1 35 100
4/4 15 3 3667 0 0 100 43 1 5 0 0 100 14 1 5 1 5 100 35 1 5 0 1 100 55 1 5 1 15 100 65 1 5 0 2 100 14 1 5 1 25 100 65 1 5 0 3 100 35 1 5 1 35 100
4/4 15 0 1 0 0 100 43 1 5 0 0 100 14 1 5 1 5 100 66 0 1 0 1 100 35 1 5 0 1 100 65 1 5 1 15 100 56 3 1333 0 2 100 315 1 5 0 2 100 14 1 5 1 25 100 315 0 1 0 3 100 316 1 5 1 35 100
4/4 46 2 325 0 0 100 43 1 5 0 0 100 15 1 5 1 5 100 75 1 5 0 1 100 65 1 5 1 15 100 55 1 5 0 2 100 45 1 5 1 25 100 35 1 5 0 3 100 56 2 25 2 325 100 66 0 1 1 35 100 24 0 1 1 35 100 616 2 25 2 375 100
4/4 76 1 15 0 0 100 53 1 5 0 0 100 74 1 5 1 5 100 224 1 5 0 1 100 76 0 1 1 15 100 55 0 1 1 15 100 76 0 1 0 2 100 75 1 5 0 2 100 74 1 5 1 25 100 46 0 1 0 3 100 55 0 1 0 3 100 316 1 5 1 35 100 224 1 5 1 35 100
4/4 13 1 5 0 0 100 316 0 3 0 0 100 74 1 5 1 5 100 14 1 5 0 1 100 315 1 5 1 15 100 75 0 2 0 2 100 46 2 25 0 3 100 316 2 25 2 325 100 46 2 25 1 35 100 56 2 25 2 375 100
4/4 66 1 15 0 0 100 43 1 5 0 0 100 14 1 5 1 5 100 35 1 5 0 1 100 66 0 1 1 15 100 45 0 1 1 15 100 66 0 1 0 2 100 65 1 5 0 2 100 14 1 5 1 25 100 15 1 5 0 3 100 65 0 1 0 3 100 56 1 5 1 35 100
4/4 715 0 1 0 0 64 73 1 5 0 0 100 56 0 1 0 0 100 714 1 5 1 5 100 46 0 2 0 1 100 65 1 5 0 1 100 55 1 5 1 15 100 65 0 2 0 2 100 25 0 1 0 3 100
4/4 33 0 4 0 0 100 75 0 1 1 5 100 44 0 1 1 5 100 46 1 5 0 1 100 54 2 25 0 1 100 36 0 1 1 15 100 74 0 1 1 15 100 76 0 2 0 2 100 35 1 5 0 2 100 74 1 5 1 25 100 44 1 5 0 3 100 54 1 5 1 35 100
4/4 33 1 5 0 0 100 75 0 1 1 5 100 74 0 1 1 5 100 46 0 1 0 1 100 35 0 1 0 1 100 36 0 1 1 15 100 45 0 1 1 15 100 76 0 1 0 2 100 55 1 5 0 2 100 75 1 15 1 25 100 36 0 1 0 3 100 46 0 1 0 3 64 56 0 1 3 3333 64 66 0 1 3 3333 64 76 0 1 3 3667 64 16 0 1 3 3667 64
4/4 225 0 1 0 0 100 46 0 1 0 0 100 66 0 1 0 0 100 226 0 1 0 0 100 73 1 5 0 0 100 224 0 1 1 5 100 45 0 1 1 5 100 65 0 1 1 5 100 225 0 1 1 15 100 46 0 1 1 15 100 66 0 1 1 15 100 226 0 1 1 15 100 224 0 1 1 15 100 45 0 1 1 15 100 65 0 1 1 15 100 225 0 1 0 2 100 226 0 1 0 2 100 224 0 1 0 2 100 45 0 1 0 2 100 65 0 1 0 2 100 224 0 1 1 25 100 45 0 1 1 25 100 65 0 1 1 25 100 15 0 1 1 25 100 16 0 1 1 25 100 75 0 1 3 3333 100 76 0 1 3 3333 100 224 0 1 3 3333 100 45 0 1 3 3333 100 65 0 1 3 3333 100
4/4 225 0 1 0 0 100 46 0 1 0 0 100 66 0 1 0 0 100 226 0 1 0 0 100 34 1 5 0 0 100 224 0 1 1 5 100 45 0 1 1 5 100 65 0 1 1 5 100 224 0 1 1 15 100 45 0 1 1 15 100 65 0 1 1 15 100 224 0 1 0 2 100 45 0 1 0 2 100 65 0 1 0 2 100 45 0 1 1 25 100 46 0 1 1 25 100 224 0 1 1 25 100 45 0 1 1 25 100 65 0 1 1 25 100 225 0 1 0 3 100 226 0 1 0 3 100 75 0 1 1 35 100 76 0 1 1 35 100 224 0 1 1 35 100 45 0 1 1 35 100 65 0 1 1 35 100
4/4 15 0 1 0 0 100 36 0 1 0 0 100 66 0 1 0 0 100 16 0 1 0 0 100 63 1 5 0 0 100 14 0 1 1 5 100 35 0 1 1 5 100 55 0 1 1 5 100 15 0 1 1 15 100 36 0 1 1 15 100 66 0 1 1 15 100 16 0 1 1 15 100 14 0 1 1 15 100 35 0 1 1 15 100 55 0 1 1 15 100 15 0 1 0 2 100 16 0 1 0 2 100 14 0 1 0 2 100 35 0 1 0 2 100 55 0 1 0 2 100 14 0 1 1 25 100 35 0 1 1 25 100 55 0 1 1 25 100 75 0 1 1 25 100 76 0 1 1 25 100 65 0 1 3 3333 100 66 0 1 3 3333 100 14 0 1 3 3333 100 35 0 1 3 3333 100 55 0 1 3 3333 100
4/4 15 0 1 0 0 100 36 0 1 0 0 100 56 0 1 0 0 100 16 0 1 0 0 100 63 1 5 0 0 100 14 0 1 1 5 100 35 0 1 1 5 100 55 0 1 1 5 100 14 0 1 1 15 100 35 0 1 1 15 100 55 0 1 1 15 100 14 0 1 0 2 100 35 0 1 0 2 100 55 0 1 0 2 100 15 0 1 1 25 100 16 0 1 1 25 100 14 0 1 1 25 100 35 0 1 1 25 100 55 0 1 1 25 100 225 0 1 0 3 100 226 0 1 0 3 100 36 0 1 1 35 100 37 0 1 1 35 100 14 0 1 1 35 100 35 0 1 1 35 100 55 0 1 1 35 100
4/4 316 0 1 0 0 100 66 0 1 0 0 100 716 0 1 0 0 100 317 0 1 0 0 100 222 1 5 0 0 100 315 0 1 1 5 100 65 0 1 1 5 100 715 0 1 1 5 100 316 0 1 1 15 100 66 0 1 1 15 100 716 0 1 1 15 100 317 0 1 1 15 100 315 0 1 1 15 100 65 0 1 1 15 100 715 0 1 1 15 100 316 0 1 0 2 100 317 0 1 0 2 100 315 0 1 0 2 100 65 0 1 0 2 100 715 0 1 0 2 100 315 0 1 1 25 100 65 0 1 1 25 100 715 0 1 1 25 100 36 0 1 1 25 100 37 0 1 1 25 100 225 0 1 3 3333 100 226 0 1 3 3333 100 315 0 1 3 3333 100 65 0 1 3 3333 100 715 0 1 3 3333 100
4/4 316 0 1 0 0 100 76 0 1 0 0 100 226 0 1 0 0 100 317 0 1 0 0 100 523 1 5 0 0 100 224 0 1 1 5 100 525 0 1 1 5 100 75 0 1 1 5 100 224 0 1 1 15 100 525 0 1 1 15 100 75 0 1 1 15 100 224 0 1 0 2 100 525 0 1 0 2 100 75 0 1 0 2 100 65 0 1 1 25 100 66 0 1 1 25 100 224 0 1 1 25 100 525 0 1 1 25 100 75 0 1 1 25 100 316 0 1 0 3 100 317 0 1 0 3 100 225 0 1 1 35 100 226 0 1 1 35 100 224 0 1 1 35 100 525 0 1 1 35 100 75 0 1 1 35 100
4/4 36 0 1 0 0 100 526 0 1 0 0 100 716 0 1 0 0 100 37 0 1 0 0 100 712 1 5 0 0 100 35 0 1 1 5 100 525 0 1 1 5 100 75 0 1 1 5 100 36 0 1 1 15 100 526 0 1 1 15 100 716 0 1 1 15 100 37 0 1 1 15 100 35 0 1 1 15 100 525 0 1 1 15 100 75 0 1 1 15 100 36 0 1 0 2 100 37 0 1 0 2 100 35 0 1 0 2 100 525 0 1 0 2 100 75 0 1 0 2 100 35 0 1 1 25 100 525 0 1 1 25 100 75 0 1 1 25 100 225 0 1 1 25 100 226 0 1 1 25 100 715 0 1 3 3333 100 716 0 1 3 3333 100 35 0 1 3 3333 100 525 0 1 3 3333 100 75 0 1 3 3333 100
4/4 75 0 1 0 0 100 36 0 1 0 0 100 46 0 1 0 0 100 76 0 1 0 0 100 43 1 5 0 0 100 45 0 1 1 5 100 65 0 1 1 5 100 15 0 1 1 5 100 45 0 1 1 15 100 65 0 1 1 15 100 15 0 1 1 15 100 73 1 5 0 2 100 24 0 1 1 25 100 315 0 1 1 25 100 75 0 1 1 25 100
4/4 74 0 1 0 0 100 34 0 4 0 0 100 35 0 1 0 1 100 24 1 15 0 2 100 74 1 5 1 35 100
4/4 14 0 4 0 0 100 44 1 35 0 0 100 13 1 5 1 35 100
4/4 14 0 1 0 0 100 44 0 4 0 0 100 65 0 1 0 1 100 55 1 15 0 2 100 315 1 5 1 35 100
4/4 45 0 3 0 0 100 44 0 4 0 0 100 56 0 1 0 3 100 76 0 1 0 3 100 66 0 1 1 35 100 16 0 1 1 35 100
4/4 76 0 1 0 0 100 226 0 1 0 0 100 53 1 5 0 0 100 74 1 5 1 5 100 224 0 1 0 1 100 45 0 1 0 1 100 76 0 1 1 15 100 226 0 1 1 15 100 76 0 1 0 2 100 226 0 1 0 2 100 46 0 1 0 3 100 66 0 1 0 3 100 316 0 1 1 35 100 56 0 1 1 35 100
4/4 13 1 5 0 0 100 316 0 1 0 0 100 56 0 1 0 0 100 74 1 5 1 5 100 315 0 1 0 1 100 55 0 1 0 1 100 46 0 1 0 3 100 66 0 1 0 3 100 56 0 1 1 35 100 76 0 1 1 35 100
4/4 66 0 1 0 0 100 16 0 1 0 0 100 43 1 5 0 0 100 14 1 5 1 5 100 45 0 1 0 1 100 65 0 1 0 1 100 66 0 1 1 15 100 16 0 1 1 15 100 66 0 1 0 2 100 16 0 1 0 2 100 15 0 1 0 3 100 16 0 1 0 3 100 715 1 5 1 35 100 56 1 5 1 35 100 26 1 5 1 35 100
4/4 73 1 5 0 0 100 715 0 3 0 0 100 56 0 1 0 0 100 74 1 5 1 5 100 46 0 2 0 1 100 45 1 5 0 1 100 65 1 5 1 15 100 74 0 2 0 2 100 75 1 5 0 3 100 25 0 1 0 3 100 65 1 5 1 35 100
4/4 55 0 1 0 0 100 36 0 1 0 0 100 33 0 1 0 0 100 76 0 1 1 5 100 74 0 1 1 5 100 36 0 1 0 1 100 45 0 1 0 1 100 76 1 5 1 15 100 55 1 25 1 15 100 37 1 5 0 2 100 76 1 5 1 25 100 36 1 5 0 3 100 76 1 5 1 35 100
4/4 37 0 1 0 0 100 33 0 1 0 0 100 76 0 1 1 5 100 74 0 1 1 5 100 36 0 1 0 1 100 45 0 1 0 1 100 76 1 5 1 15 100 55 1 25 1 15 100 37 1 5 0 2 100 76 1 5 1 25 100 36 1 5 0 3 100 76 1 5 1 35 100
4/4 37 0 1 0 0 100 222 0 1 0 0 100 76 0 1 1 5 100 64 0 1 1 5 100 36 0 1 0 1 100 35 0 1 0 1 100 76 1 5 1 15 100 45 1 25 1 15 100 37 1 5 0 2 100 76 1 5 1 25 100 36 1 5 0 3 100 76 1 5 1 35 100
4/4 712 0 4 0 0 100 524 1 5 1 5 100 36 0 1 0 1 100 224 1 5 0 1 100 35 1 25 1 15 100 76 0 1 0 2 100 66 0 1 0 3 100
4/4 75 0 1 0 0 100 36 0 1 0 0 100 46 0 1 0 0 100 76 0 1 0 0 100 72 0 1 0 0 100 73 0 1 0 0 100
4/4 75 0 1 0 0 100 72 0 1 0 0 100 73 0 1 0 0 100 65 2 25 2 25 100 525 0 1 1 5 100 73 0 1 1 5 100 65 2 25 2 75 100 75 0 1 0 1 100 72 0 1 0 1 100 73 0 1 0 1 100 15 2 25 2 125 100 75 0 1 1 15 100 73 0 1 1 15 100 15 2 25 2 175 100 25 0 1 0 2 100 72 0 1 0 2 100 73 0 1 0 2 100 316 2 25 2 225 100 25 0 1 1 25 100 73 0 1 1 25 100 316 2 25 2 275 100 526 0 1 0 3 100 72 0 1 0 3 100 73 0 1 0 3 100 66 2 25 2 325 100 526 0 1 1 35 100 73 0 1 1 35 100 66 2 25 2 375 100
4/4 72 0 1 0 0 100 73 0 1 0 0 100 24 0 1 1 5 100 25 0 1 1 5 100 73 0 1 1 5 100 65 0 1 0 1 100 66 0 1 0 1 100 72 0 1 0 1 100 73 0 1 0 1 100 525 0 1 1 15 100 526 0 1 1 15 100 73 0 1 1 15 100 65 0 1 0 2 100 66 0 1 0 2 100 72 0 1 0 2 100 73 0 1 0 2 100 15 0 1 2 225 100 16 0 1 2 225 100 75 0 1 1 25 100 76 0 1 1 25 100 73 0 1 1 25 100 72 0 1 0 3 100 73 0 1 0 3 100 73 1 5 1 35 100
4/4 72 0 1 0 0 100 73 0 1 0 0 100 65 0 1 1 5 100 66 0 1 1 5 100 73 0 1 1 5 100 75 0 1 0 1 100 76 0 1 0 1 100 72 0 1 0 1 100 73 0 1 0 1 100 65 0 1 1 15 100 66 0 1 1 15 100 73 0 1 1 15 100 75 0 1 0 2 100 76 0 1 0 2 100 72 0 1 0 2 100 73 0 1 0 2 100 25 0 1 2 225 100 26 0 1 2 225 100 15 0 1 1 25 100 16 0 1 1 25 100 73 0 1 1 25 100 72 0 1 0 3 100 73 0 1 0 3 100 73 1 5 1 35 100
4/4 26 0 1 0 0 100 47 0 1 0 0 100 72 0 1 0 0 100 73 0 1 0 0 100 16 0 1 2 25 100 37 0 1 2 25 100 76 0 1 1 5 100 26 0 1 1 5 100 73 0 1 1 5 100 66 0 1 2 75 100 16 0 1 2 75 100 76 0 1 0 1 100 26 0 1 0 1 100 72 0 1 0 1 100 73 0 1 0 1 100 66 0 1 2 125 100 16 0 1 2 125 100 526 0 1 1 15 100 76 0 1 1 15 100 73 0 1 1 15 100 316 0 1 2 175 100 66 0 1 2 175 100 526 0 1 0 2 100 76 0 1 0 2 100 72 0 1 0 2 100 73 0 1 0 2 100 316 0 1 2 225 100 66 0 1 2 225 100 25 0 1 1 25 100 526 0 1 1 25 100 73 0 1 1 25 100 15 0 1 2 275 100 316 0 1 2 275 100 25 0 1 0 3 100 526 0 1 0 3 100 72 0 1 0 3 100 73 0 1 0 3 100 15 0 1 2 325 100 36 0 1 2 325 100 75 0 1 1 35 100 25 0 1 1 35 100 73 0 1 1 35 100 65 0 1 2 375 100 15 0 1 2 375 100
4/4 525 0 1 0 0 100 75 0 1 0 0 100 72 0 1 0 0 100 73 0 1 0 0 100 65 0 1 2 25 100 15 0 1 2 25 100 525 0 1 1 5 100 75 0 1 1 5 100 73 0 1 1 5 100 65 0 1 2 75 100 15 0 1 2 75 100 525 0 1 0 1 100 75 0 1 0 1 100 72 0 1 0 1 100 73 0 1 0 1 100 65 0 1 2 125 100 15 0 1 2 125 100 525 0 1 1 15 100 75 0 1 1 15 100 73 0 1 1 15 100 65 0 1 2 175 100 15 0 1 2 175 100 525 0 1 0 2 100 75 0 1 0 2 100 72 0 1 0 2 100 73 0 1 0 2 100 65 0 1 2 225 100 15 0 1 2 225 100 525 0 1 1 25 100 75 0 1 1 25 100 73 0 1 1 25 100 65 0 1 2 275 100 15 0 1 2 275 100 525 0 1 0 3 100 75 0 1 0 3 100 72 0 1 0 3 100 73 0 1 0 3 100 65 0 1 2 325 100 15 0 1 2 325 100 525 0 1 1 35 100 75 0 1 1 35 100 73 0 1 1 35 100 65 0 1 2 375 100 15 0 1 2 375 100
4/4 525 0 1 0 0 100 75 0 1 0 0 100 72 0 1 0 0 100 73 0 1 0 0 100 65 0 1 2 25 100 15 0 1 2 25 100 525 0 1 1 5 100 75 0 1 1 5 100 73 0 1 1 5 100 65 0 1 2 75 100 15 0 1 2 75 100 525 0 1 0 1 100 75 0 1 0 1 100 72 0 1 0 1 100 73 0 1 0 1 100 65 0 1 2 125 100 15 0 1 2 125 100 525 0 1 1 15 100 75 0 1 1 15 100 73 0 1 1 15 100 65 0 1 2 175 100 15 0 1 2 175 100 525 0 1 0 2 100 75 0 1 0 2 100 72 0 1 0 2 100 73 0 1 0 2 100 65 0 1 2 225 100 15 0 1 2 225 100 525 0 1 1 25 100 75 0 1 1 25 100 73 0 1 1 25 100 65 0 1 2 275 100 15 0 1 2 275 100 525 0 1 0 3 100 75 0 1 0 3 100 72 0 1 0 3 100 73 0 1 0 3 100 65 0 1 2 325 100 15 0 1 2 325 100 525 0 1 1 35 100 75 0 1 1 35 100 73 0 1 1 35 100 65 0 1 2 375 100 15 0 1 2 375 100
4/4 525 0 1 0 0 100 75 0 1 0 0 100 72 0 1 0 0 100 73 0 1 0 0 100 65 0 1 2 25 100 15 0 1 2 25 100 525 0 1 1 5 100 75 0 1 1 5 100 73 0 1 1 5 100 65 0 1 2 75 100 15 0 1 2 75 100 525 0 1 0 1 100 75 0 1 0 1 100 72 0 1 0 1 100 73 0 1 0 1 100 65 0 1 2 125 100 15 0 1 2 125 100 525 0 1 1 15 100 75 0 1 1 15 100 73 0 1 1 15 100 65 0 1 2 175 100 15 0 1 2 175 100 525 0 1 0 2 100 75 0 1 0 2 100 72 0 1 0 2 100 73 0 1 0 2 100 65 0 1 2 225 100 15 0 1 2 225 100 525 0 1 1 25 100 75 0 1 1 25 100 73 0 1 1 25 100 65 0 1 2 275 100 15 0 1 2 275 100 525 0 1 0 3 100 75 0 1 0 3 100 72 0 1 0 3 100 73 0 1 0 3 100 65 0 1 2 325 100 15 0 1 2 325 100 525 0 1 1 35 100 75 0 1 1 35 100 73 0 1 1 35 100 65 0 1 2 375 100 15 0 1 2 375 100
4/4 76 0 1 0 0 100 72 0 1 0 0 100 73 0 1 0 0 100 37 0 1 0 1 100 26 1 15 0 2 100 76 1 5 1 35 100
4/4 16 0 4 0 0 100 43 1 5 0 0 100 14 1 5 1 5 100 55 1 5 0 1 100 65 1 5 1 15 100 14 0 2 0 2 100
4/4 16 0 1 0 0 100 43 1 5 0 0 100 14 1 5 1 5 100 67 0 1 0 1 100 55 1 5 0 1 100 65 1 5 1 15 100 57 1 15 0 2 100 14 0 2 0 2 100 317 1 5 1 35 100
4/4 47 0 3 0 0 100 43 1 5 0 0 100 15 1 5 1 5 100 75 1 5 0 1 100 65 1 5 1 15 100 55 1 5 0 2 100 45 1 5 1 25 100 57 0 1 0 3 100 35 0 1 0 3 100 67 0 1 1 35 100 24 0 1 1 35 100
4/4 77 1 15 0 0 100 53 0 1 0 0 100 45 1 5 0 1 100 77 1 5 1 15 100 75 1 25 1 15 100 77 0 1 0 2 100 47 1 5 0 3 100 317 1 5 1 35 100
4/4 13 1 5 0 0 100 317 0 3 0 0 100 14 1 5 1 5 100 55 1 5 0 1 100 75 1 25 1 15 100 47 1 5 0 3 100 57 1 5 1 35 100
4/4 67 0 4 0 0 100 73 1 5 0 0 100 45 1 5 1 5 100 65 1 5 0 1 100 15 1 5 1 15 100 36 0 2 0 2 100
