3/4 14 0 1 0 0 100 43 0 1 0 0 64 44 0 1 0 1 100 614 0 1 0 1 100 44 0 1 0 2 100 614 0 1 0 2 100
3/4 714 0 2 0 0 100 43 0 3 0 0 64 44 0 1 0 1 100 64 0 1 0 1 100 24 0 1 0 2 100
3/4 14 0 1 0 0 100 43 0 1 0 0 64 44 0 1 0 1 100 614 0 1 0 1 100 44 0 1 0 2 100 614 0 1 0 2 100
3/4 313 0 3 0 0 64 13 0 1 0 1 100 54 0 1 0 1 100 13 0 1 0 2 100 54 0 1 0 2 100
3/4 614 0 1 0 0 100 22 0 1 0 0 64 23 0 1 0 1 100 44 0 1 0 1 100 23 0 1 0 2 100 44 0 1 0 2 100
3/4 64 0 2 0 0 100 22 0 3 0 0 64 713 0 1 0 1 100 44 0 1 0 1 100 74 0 1 0 2 100
3/4 614 0 1 0 0 100 22 0 1 0 0 64 23 0 1 0 1 100 44 0 1 0 1 100 23 0 1 0 2 100 44 0 1 0 2 100
3/4 12 0 3 0 0 64 613 0 1 0 1 100 13 0 1 0 1 100 314 0 1 0 1 100 613 0 1 0 2 100 13 0 1 0 2 100 314 0 1 0 2 100
3/4 44 0 1 0 0 100 72 0 1 0 0 64 73 0 1 0 1 100 23 0 1 0 1 100 73 0 1 0 2 100 23 0 1 0 2 100
3/4 314 0 2 0 0 100 72 0 3 0 0 64 53 0 1 0 1 100 13 0 1 0 1 100 54 0 1 0 2 100
3/4 44 0 1 0 0 100 612 0 1 0 0 64 43 0 1 0 1 100 13 0 1 0 1 100 43 0 1 0 2 100 13 0 1 0 2 100
3/4 13 0 1 0 0 100 314 0 1 0 0 100 612 0 3 0 0 64 44 0 1 0 1 100 54 0 1 0 2 100
3/4 614 0 2 0 0 100 52 0 3 0 0 64 713 0 1 0 1 100 23 0 1 0 1 100 713 0 1 0 2 100 23 0 1 0 2 100 54 0 1 0 2 100
3/4 54 0 2 0 0 100 52 0 3 0 0 64 53 0 1 0 1 100 713 0 1 0 1 100 53 0 1 0 2 100 713 0 1 0 2 100 23 0 1 0 2 100
3/4 54 0 1 0 0 100 12 0 1 0 0 64 73 0 1 0 1 100 23 0 1 0 1 100 73 0 1 0 2 100 23 0 1 0 2 100
3/4 73 0 1 0 0 100 314 0 1 0 0 100 12 0 1 0 0 64 44 0 1 0 1 100 22 0 1 0 1 64 54 0 1 0 2 100 313 0 1 0 2 64
3/4 14 0 1 0 0 100 43 0 1 0 0 64 44 0 1 0 1 100 614 0 1 0 1 100 44 0 1 0 2 100 614 0 1 0 2 100
3/4 714 0 2 0 0 100 43 0 3 0 0 64 44 0 1 0 1 100 64 0 1 0 1 100 24 0 1 0 2 100
3/4 14 0 1 0 0 100 43 0 1 0 0 64 44 0 1 0 1 100 614 0 1 0 1 100 44 0 1 0 2 100 614 0 1 0 2 100
3/4 313 0 3 0 0 64 13 0 1 0 1 100 54 0 1 0 1 100 13 0 1 0 2 100 54 0 1 0 2 100
3/4 614 0 1 0 0 100 22 0 1 0 0 64 23 0 1 0 1 100 44 0 1 0 1 100 23 0 1 0 2 100 44 0 1 0 2 100
3/4 64 0 2 0 0 100 22 0 3 0 0 64 713 0 1 0 1 100 44 0 1 0 1 100 74 0 1 0 2 100
3/4 614 0 1 0 0 100 22 0 1 0 0 64 23 0 1 0 1 100 44 0 1 0 1 100 23 0 1 0 2 100 44 0 1 0 2 100
3/4 12 0 3 0 0 64 613 0 1 0 1 100 13 0 1 0 1 100 314 0 1 0 1 100 613 0 1 0 2 100 13 0 1 0 2 100 314 0 1 0 2 100
3/4 44 0 1 0 0 100 72 0 1 0 0 64 73 0 1 0 1 100 23 0 1 0 1 100 73 0 1 0 2 100 23 0 1 0 2 100
3/4 314 0 2 0 0 100 72 0 3 0 0 64 53 0 1 0 1 100 13 0 1 0 1 100 54 0 1 0 2 100
3/4 44 0 1 0 0 100 612 0 1 0 0 64 43 0 1 0 1 100 13 0 1 0 1 100 614 0 1 0 2 100
3/4 14 0 2 0 0 100 52 0 3 0 0 64 73 0 1 0 1 100 23 0 1 0 1 100 73 0 1 0 2 100 23 0 1 0 2 100 74 0 1 0 2 100
3/4 614 0 1 0 0 100 12 0 1 0 0 64 13 0 1 0 1 100 44 0 1 0 1 100 13 0 1 0 2 100 44 0 1 0 2 100
3/4 73 0 1 0 0 100 314 0 1 0 0 100 54 0 1 0 0 100 12 0 3 0 0 64 314 0 1 0 1 100 54 0 1 0 2 100
3/4 44 0 1 0 0 100 43 0 1 0 0 64 13 0 1 0 1 100 613 0 1 0 2 100
3/4 44 0 1 0 0 100 614 0 1 0 0 100 43 0 3 0 0 64 54 0 1 0 1 100 74 0 1 0 1 100 614 0 1 0 2 100 14 0 1 0 2 100
3/4 74 0 1 0 0 100 24 0 1 0 0 100 73 0 3 0 0 64 74 0 1 1 5 100 24 0 1 1 5 100 74 0 1 0 1 100 24 0 1 0 1 100 74 0 1 1 25 100 24 0 1 1 25 100
3/4 74 0 1 0 0 100 24 0 1 0 0 100 73 0 3 0 0 64 24 1 5 1 15 100 315 1 5 0 2 100 24 1 5 1 25 100
3/4 14 0 1 0 0 100 43 0 1 0 0 64 44 0 1 0 1 100 614 0 1 0 1 100 44 0 1 0 2 100 614 0 1 0 2 100
3/4 614 0 1 0 0 100 43 0 1 0 0 64 13 0 1 0 1 100 44 0 1 0 1 100 13 0 1 0 2 100 44 0 1 0 2 100
3/4 74 1 5 0 0 100 72 0 3 0 0 64 74 1 5 1 5 100 23 0 1 0 1 100 44 0 1 0 1 100 74 0 1 0 1 100 74 1 5 1 25 100
3/4 23 0 1 0 0 100 44 0 1 0 0 100 74 0 1 0 0 100 72 0 3 0 0 64 74 1 5 1 15 100 14 1 5 0 2 100 74 1 5 1 25 100
3/4 614 0 1 0 0 100 43 0 1 0 0 64 13 0 1 0 1 100 44 0 1 0 1 100 13 0 1 0 2 100 44 0 1 0 2 100
3/4 614 0 1 0 0 100 43 0 1 0 0 64 13 0 1 0 1 100 44 0 1 0 1 100 313 0 1 0 2 64
3/4 44 1 5 0 0 100 22 0 3 0 0 64 44 1 5 1 5 100 613 0 1 0 1 100 23 0 1 0 1 100 44 0 1 0 1 100 44 1 5 1 25 100
3/4 613 0 1 0 0 100 23 0 1 0 0 100 44 0 1 0 0 100 12 0 3 0 0 64 314 0 1 0 1 100 44 0 1 0 2 100
3/4 614 0 1 0 0 100 712 0 1 0 0 64 23 0 1 0 1 100 44 0 1 0 1 100 23 0 1 0 2 100 44 0 1 0 2 100
3/4 43 0 1 0 0 100 73 0 1 0 0 100 23 0 1 0 0 100 72 0 3 0 0 64 314 0 1 0 1 100 44 0 1 0 2 100
3/4 54 1 5 0 0 100 52 0 3 0 0 64 54 1 5 1 5 100 713 0 1 0 1 100 23 0 1 0 1 100 54 0 1 0 1 100 54 1 5 1 25 100
3/4 73 0 1 0 0 100 23 0 1 0 0 100 54 0 1 0 0 100 52 0 3 0 0 64 44 0 1 0 1 100 54 0 1 0 2 100
3/4 23 0 1 0 0 100 314 0 1 0 0 100 614 0 1 0 0 100 612 0 1 0 0 64
3/4 44 0 1 0 0 100 54 0 1 0 0 100 14 0 1 0 0 100 12 0 1 0 0 64 73 0 1 0 0 64 44 0 1 0 1 100 54 0 1 0 1 100 14 0 1 0 1 100
3/4 14 0 1 0 0 100 43 0 1 0 0 64 44 0 1 0 1 100 614 0 1 0 1 100 44 0 1 0 2 100 614 0 1 0 2 100
3/4 714 0 2 0 0 100 43 0 3 0 0 64 44 0 1 0 1 100 64 0 1 0 1 100 24 0 1 0 2 100
3/4 14 0 1 0 0 100 43 0 1 0 0 64 44 0 1 0 1 100 614 0 1 0 1 100 44 0 1 0 2 100 614 0 1 0 2 100
3/4 313 0 3 0 0 64 13 0 1 0 1 100 54 0 1 0 1 100 13 0 1 0 2 100 54 0 1 0 2 100
3/4 614 0 1 0 0 100 22 0 1 0 0 64 23 0 1 0 1 100 44 0 1 0 1 100 23 0 1 0 2 100 44 0 1 0 2 100
3/4 64 0 2 0 0 100 22 0 3 0 0 64 713 0 1 0 1 100 44 0 1 0 1 100 74 0 1 0 2 100
3/4 614 0 1 0 0 100 22 0 1 0 0 64 23 0 1 0 1 100 44 0 1 0 1 100 23 0 1 0 2 100 44 0 1 0 2 100
3/4 12 0 3 0 0 64 613 0 1 0 1 100 13 0 1 0 1 100 314 0 1 0 1 100 613 0 1 0 2 100 13 0 1 0 2 100 314 0 1 0 2 100
3/4 44 0 1 0 0 100 72 0 1 0 0 64 73 0 1 0 1 100 23 0 1 0 1 100 73 0 1 0 2 100 23 0 1 0 2 100
3/4 314 0 2 0 0 100 72 0 3 0 0 64 53 0 1 0 1 100 13 0 1 0 1 100 54 0 1 0 2 100
3/4 44 0 1 0 0 100 612 0 1 0 0 64 43 0 1 0 1 100 13 0 1 0 1 100 614 0 1 0 2 100
3/4 14 0 2 0 0 100 52 0 3 0 0 64 73 0 1 0 1 100 23 0 1 0 1 100 73 0 1 0 2 100 23 0 1 0 2 100 74 0 1 0 2 100
3/4 614 0 1 0 0 100 12 0 1 0 0 64 13 0 1 0 1 100 44 0 1 0 1 100 13 0 1 0 2 100 44 0 1 0 2 100
3/4 73 0 1 0 0 100 314 0 1 0 0 100 54 0 1 0 0 100 12 0 3 0 0 64 314 0 1 0 1 100 54 0 1 0 2 100
3/4 44 0 1 0 0 100 43 0 1 0 0 64 13 0 1 0 1 100 613 0 1 0 2 100
3/4 44 0 1 0 0 100 614 0 1 0 0 100 43 0 3 0 0 64 54 0 1 0 1 100 74 0 1 0 1 100 614 0 1 0 2 100 14 0 1 0 2 100
3/4 74 0 1 0 0 100 24 0 1 0 0 100 73 0 3 0 0 64 74 0 1 1 5 100 24 0 1 1 5 100 74 0 1 0 1 100 24 0 1 0 1 100 74 0 1 1 25 100 24 0 1 1 25 100
3/4 74 0 1 0 0 100 24 0 1 0 0 100 73 0 3 0 0 64 24 1 5 1 15 100 315 1 5 0 2 100 24 1 5 1 25 100
3/4 14 0 1 0 0 100 43 0 1 0 0 64 44 0 1 0 1 100 614 0 1 0 1 100 44 0 1 0 2 100 614 0 1 0 2 100
3/4 614 0 1 0 0 100 43 0 1 0 0 64 13 0 1 0 1 100 44 0 1 0 1 100 13 0 1 0 2 100 44 0 1 0 2 100
3/4 74 1 5 0 0 100 72 0 3 0 0 64 74 1 5 1 5 100 23 0 1 0 1 100 44 0 1 0 1 100 74 0 1 0 1 100 74 1 5 1 25 100
3/4 23 0 1 0 0 100 44 0 1 0 0 100 74 0 1 0 0 100 72 0 3 0 0 64 74 1 5 1 15 100 14 1 5 0 2 100 74 1 5 1 25 100
3/4 614 0 1 0 0 100 43 0 1 0 0 64 13 0 1 0 1 100 44 0 1 0 1 100 13 0 1 0 2 100 44 0 1 0 2 100
3/4 614 0 1 0 0 100 43 0 1 0 0 64 13 0 1 0 1 100 44 0 1 0 1 100 313 0 1 0 2 64
3/4 44 1 5 0 0 100 22 0 3 0 0 64 44 1 5 1 5 100 613 0 1 0 1 100 23 0 1 0 1 100 44 0 1 0 1 100 44 1 5 1 25 100
3/4 613 0 1 0 0 100 23 0 1 0 0 100 44 0 1 0 0 100 12 0 3 0 0 64 314 0 1 0 1 100 44 0 1 0 2 100
3/4 614 0 1 0 0 100 712 0 1 0 0 64 23 0 1 0 1 100 44 0 1 0 1 100 23 0 1 0 2 100 44 0 1 0 2 100
3/4 43 0 1 0 0 100 73 0 1 0 0 100 23 0 1 0 0 100 72 0 3 0 0 64 314 0 1 0 1 100 44 0 1 0 2 100
3/4 54 1 5 0 0 100 52 0 3 0 0 64 54 1 5 1 5 100 713 0 1 0 1 100 23 0 1 0 1 100 54 0 1 0 1 100 54 1 5 1 25 100
3/4 73 0 1 0 0 100 23 0 1 0 0 100 54 0 1 0 0 100 52 0 3 0 0 64 44 0 1 0 1 100 54 0 1 0 2 100
3/4 23 0 1 0 0 100 314 0 1 0 0 100 614 0 1 0 0 100 612 0 1 0 0 64
3/4 73 0 1 0 0 100 23 0 1 0 0 100 54 0 1 0 0 100 12 0 1 0 0 64
3/4 13 0 1 0 0 100 44 0 1 0 0 100 614 0 1 0 0 100 43 0 3 0 0 64 13 1 5 1 15 100 44 1 5 0 2 100 314 1 5 1 25 100
3/4 713 0 1 0 0 100 44 0 1 0 0 100 64 0 1 0 0 100 43 0 1 0 0 64
3/4 13 0 1 0 0 100 44 0 1 0 0 100 614 0 1 0 0 100 43 0 3 0 0 64 14 1 5 1 15 100 45 1 5 0 2 100 315 1 5 1 25 100
3/4 44 0 1 0 0 100 614 0 1 0 0 100 45 0 1 0 0 100 43 0 3 0 0 64
3/4 43 0 3 0 0 64 44 0 1 0 0 100 614 0 1 0 0 100 45 0 1 0 0 100
