4/4 33 2 25 0 0 107 73 1 5 1 5 99 44 1 5 0 1 105 54 1 25 1 15 90
4/4 33 2 25 0 0 110 73 1 5 1 5 103 44 1 5 0 1 90 54 1 25 1 15 91
4/4 74 0 1 0 0 107 33 2 25 0 0 90 73 1 5 1 5 90 35 0 1 0 1 94 44 1 5 0 1 92 54 1 25 1 15 103 24 1 15 0 2 106 74 1 5 1 35 105
4/4 14 0 4 0 0 90 43 2 25 0 0 92 13 1 5 1 5 104 54 1 5 0 1 94 64 0 2 1 15 106 13 1 5 1 35 95
4/4 14 0 1 0 0 100 43 2 25 0 0 107 13 1 5 1 5 92 65 0 1 0 1 102 54 1 5 0 1 107 64 1 25 1 15 98 55 1 15 0 2 103 315 1 5 1 35 104
4/4 45 0 3 0 0 98 43 2 25 0 0 96 13 1 5 1 5 94 54 1 5 0 1 102 64 1 25 1 15 102 55 1 5 0 3 108 65 1 5 1 35 98
4/4 75 1 15 0 0 106 52 2 25 0 0 92 73 1 5 1 5 90 223 1 5 0 1 93 75 1 5 1 15 93 44 1 25 1 15 106 75 0 1 0 2 90 45 1 5 0 3 91 315 1 5 1 35 109
4/4 12 2 25 0 0 91 315 0 3 0 0 101 73 1 5 1 5 99 314 1 5 0 1 104 54 1 25 1 15 99 45 1 5 0 3 97 55 1 5 1 35 90
4/4 65 1 15 0 0 106 43 2 25 0 0 98 63 1 5 1 5 96 34 1 5 0 1 103 65 1 5 1 15 106 13 1 25 1 15 103 65 0 1 0 2 108 35 1 5 0 3 103 24 1 5 1 35 93
4/4 72 1 5 0 0 102 24 1 25 0 0 92 43 1 5 1 5 96 13 1 5 0 1 108 23 1 5 1 15 97 64 0 2 0 2 97 24 1 5 1 25 93 35 1 5 0 3 110 45 1 5 1 35 94
4/4 44 0 1 0 0 103 52 0 1 0 0 101 74 0 4 0 0 93 314 0 1 0 2 91 522 0 1 0 2 99
4/4 34 0 1 0 0 98 64 0 1 0 0 110 42 0 1 0 0 109 23 0 1 0 2 91 74 0 1 0 2 92 312 0 1 0 2 97
4/4 74 0 1 0 0 103 32 1 5 0 0 90 73 1 5 1 5 99 35 0 1 0 1 106 34 1 5 0 1 94 54 1 5 1 15 90 24 3 1333 0 2 95 74 1 5 0 2 104 73 1 5 1 25 108 54 1 5 0 3 109 74 0 1 1 35 108 34 0 1 1 35 95
4/4 14 3 3667 0 0 98 42 1 5 0 0 107 13 1 5 1 5 101 34 1 5 0 1 104 54 1 5 1 15 102 64 1 5 0 2 91 13 1 5 1 25 104 64 1 5 0 3 103 34 1 5 1 35 96
4/4 14 0 1 0 0 101 42 1 5 0 0 101 13 1 5 1 5 102 65 0 1 0 1 94 34 1 5 0 1 90 64 1 5 1 15 102 55 3 1333 0 2 100 314 1 5 0 2 95 13 1 5 1 25 96 314 0 1 0 3 96 315 1 5 1 35 95
4/4 45 2 325 0 0 100 42 1 5 0 0 103 14 1 5 1 5 108 74 1 5 0 1 97 64 1 5 1 15 102 54 1 5 0 2 99 44 1 5 1 25 98 34 1 5 0 3 98 55 2 25 2 325 94 65 0 1 1 35 108 23 0 1 1 35 109 615 2 25 2 375 107
4/4 75 1 15 0 0 95 52 1 5 0 0 93 73 1 5 1 5 92 223 1 5 0 1 92 75 0 1 1 15 95 54 0 1 1 15 92 75 0 1 0 2 102 74 1 5 0 2 90 73 1 5 1 25 93 45 0 1 0 3 104 54 0 1 0 3 92 315 1 5 1 35 109 223 1 5 1 35 96
4/4 12 1 5 0 0 100 315 0 3 0 0 92 73 1 5 1 5 103 13 1 5 0 1 91 314 1 5 1 15 104 74 0 2 0 2 106 45 2 25 0 3 93 315 2 25 2 325 101 45 2 25 1 35 104 55 2 25 2 375 109
4/4 65 1 15 0 0 109 42 1 5 0 0 92 13 1 5 1 5 94 34 1 5 0 1 106 65 0 1 1 15 92 44 0 1 1 15 92 65 0 1 0 2 108 64 1 5 0 2 100 13 1 5 1 25 93 14 1 5 0 3 103 64 0 1 0 3 109 55 1 5 1 35 105
4/4 714 0 1 0 0 55 72 1 5 0 0 97 55 0 1 0 0 97 713 1 5 1 5 94 45 0 2 0 1 110 64 1 5 0 1 95 54 1 5 1 15 105 64 0 2 0 2 109 24 0 1 0 3 97
4/4 32 0 4 0 0 93 74 0 1 1 5 93 43 0 1 1 5 103 45 1 5 0 1 93 53 2 25 0 1 92 35 0 1 1 15 108 73 0 1 1 15 93 75 0 2 0 2 99 34 1 5 0 2 108 73 1 5 1 25 95 43 1 5 0 3 95 53 1 5 1 35 108
4/4 32 1 5 0 0 98 74 0 1 1 5 107 73 0 1 1 5 92 45 0 1 0 1 109 34 0 1 0 1 99 35 0 1 1 15 107 44 0 1 1 15 106 75 0 1 0 2 102 54 1 5 0 2 107 74 1 15 1 25 107 35 0 1 0 3 104 45 0 1 0 3 56 55 0 1 3 3333 64 65 0 1 3 3333 64 75 0 1 3 3667 64 15 0 1 3 3667 71
4/4 224 0 1 0 0 100 45 0 1 0 0 94 65 0 1 0 0 98 225 0 1 0 0 108 72 1 5 0 0 94 223 0 1 1 5 103 44 0 1 1 5 103 64 0 1 1 5 110 224 0 1 1 15 106 45 0 1 1 15 108 65 0 1 1 15 91 225 0 1 1 15 103 223 0 1 1 15 106 44 0 1 1 15 106 64 0 1 1 15 93 224 0 1 0 2 98 225 0 1 0 2 100 223 0 1 0 2 107 44 0 1 0 2 108 64 0 1 0 2 96 223 0 1 1 25 96 44 0 1 1 25 100 64 0 1 1 25 104 14 0 1 1 25 105 15 0 1 1 25 93 74 0 1 3 3333 99 75 0 1 3 3333 102 223 0 1 3 3333 92 44 0 1 3 3333 109 64 0 1 3 3333 110
4/4 224 0 1 0 0 95 45 0 1 0 0 101 65 0 1 0 0 96 225 0 1 0 0 100 33 1 5 0 0 93 223 0 1 1 5 99 44 0 1 1 5 104 64 0 1 1 5 110 223 0 1 1 15 107 44 0 1 1 15 106 64 0 1 1 15 100 223 0 1 0 2 91 44 0 1 0 2 105 64 0 1 0 2 105 44 0 1 1 25 96 45 0 1 1 25 108 223 0 1 1 25 107 44 0 1 1 25 104 64 0 1 1 25 93 224 0 1 0 3 98 225 0 1 0 3 94 74 0 1 1 35 96 75 0 1 1 35 106 223 0 1 1 35 106 44 0 1 1 35 95 64 0 1 1 35 99
4/4 14 0 1 0 0 108 35 0 1 0 0 107 65 0 1 0 0 98 15 0 1 0 0 106 62 1 5 0 0 97 13 0 1 1 5 91 34 0 1 1 5 91 54 0 1 1 5 97 14 0 1 1 15 109 35 0 1 1 15 104 65 0 1 1 15 101 15 0 1 1 15 94 13 0 1 1 15 100 34 0 1 1 15 98 54 0 1 1 15 107 14 0 1 0 2 105 15 0 1 0 2 101 13 0 1 0 2 96 34 0 1 0 2 96 54 0 1 0 2 110 13 0 1 1 25 104 34 0 1 1 25 103 54 0 1 1 25 92 74 0 1 1 25 100 75 0 1 1 25 104 64 0 1 3 3333 90 65 0 1 3 3333 107 13 0 1 3 3333 100 34 0 1 3 3333 90 54 0 1 3 3333 91
4/4 14 0 1 0 0 110 35 0 1 0 0 100 55 0 1 0 0 91 15 0 1 0 0 90 62 1 5 0 0 107 13 0 1 1 5 106 34 0 1 1 5 91 54 0 1 1 5 95 13 0 1 1 15 98 34 0 1 1 15 109 54 0 1 1 15 95 13 0 1 0 2 98 34 0 1 0 2 93 54 0 1 0 2 107 14 0 1 1 25 92 15 0 1 1 25 90 13 0 1 1 25 101 34 0 1 1 25 90 54 0 1 1 25 101 224 0 1 0 3 105 225 0 1 0 3 109 35 0 1 1 35 101 36 0 1 1 35 95 13 0 1 1 35 94 34 0 1 1 35 99 54 0 1 1 35 94
4/4 315 0 1 0 0 101 65 0 1 0 0 94 715 0 1 0 0 103 316 0 1 0 0 91 221 1 5 0 0 107 314 0 1 1 5 106 64 0 1 1 5 109 714 0 1 1 5 97 315 0 1 1 15 103 65 0 1 1 15 105 715 0 1 1 15 95 316 0 1 1 15 90 314 0 1 1 15 110 64 0 1 1 15 91 714 0 1 1 15 92 315 0 1 0 2 95 316 0 1 0 2 99 314 0 1 0 2 95 64 0 1 0 2 102 714 0 1 0 2 92 314 0 1 1 25 109 64 0 1 1 25 90 714 0 1 1 25 110 35 0 1 1 25 95 36 0 1 1 25 98 224 0 1 3 3333 109 225 0 1 3 3333 100 314 0 1 3 3333 91 64 0 1 3 3333 110 714 0 1 3 3333 102
4/4 315 0 1 0 0 107 75 0 1 0 0 100 225 0 1 0 0 102 316 0 1 0 0 96 522 1 5 0 0 110 223 0 1 1 5 110 524 0 1 1 5 102 74 0 1 1 5 98 223 0 1 1 15 103 524 0 1 1 15 107 74 0 1 1 15 96 223 0 1 0 2 93 524 0 1 0 2 97 74 0 1 0 2 105 64 0 1 1 25 102 65 0 1 1 25 104 223 0 1 1 25 92 524 0 1 1 25 92 74 0 1 1 25 103 315 0 1 0 3 106 316 0 1 0 3 104 224 0 1 1 35 102 225 0 1 1 35 98 223 0 1 1 35 96 524 0 1 1 35 108 74 0 1 1 35 110
4/4 35 0 1 0 0 95 525 0 1 0 0 103 715 0 1 0 0 100 36 0 1 0 0 100 711 1 5 0 0 92 34 0 1 1 5 104 524 0 1 1 5 94 74 0 1 1 5 102 35 0 1 1 15 104 525 0 1 1 15 93 715 0 1 1 15 96 36 0 1 1 15 100 34 0 1 1 15 96 524 0 1 1 15 105 74 0 1 1 15 106 35 0 1 0 2 101 36 0 1 0 2 109 34 0 1 0 2 108 524 0 1 0 2 110 74 0 1 0 2 102 34 0 1 1 25 91 524 0 1 1 25 101 74 0 1 1 25 101 224 0 1 1 25 109 225 0 1 1 25 100 714 0 1 3 3333 97 715 0 1 3 3333 93 34 0 1 3 3333 97 524 0 1 3 3333 104 74 0 1 3 3333 102
4/4 74 0 1 0 0 106 35 0 1 0 0 108 45 0 1 0 0 98 75 0 1 0 0 94 42 1 5 0 0 91 44 0 1 1 5 93 64 0 1 1 5 107 14 0 1 1 5 96 44 0 1 1 15 100 64 0 1 1 15 97 14 0 1 1 15 92 72 1 5 0 2 100 23 0 1 1 25 100 314 0 1 1 25 93 74 0 1 1 25 105
4/4 73 0 1 0 0 92 33 0 4 0 0 99 34 0 1 0 1 109 23 1 15 0 2 109 73 1 5 1 35 108
4/4 13 0 4 0 0 96 43 1 35 0 0 91 12 1 5 1 35 95
4/4 13 0 1 0 0 99 43 0 4 0 0 109 64 0 1 0 1 110 54 1 15 0 2 98 314 1 5 1 35 91
4/4 44 0 3 0 0 100 43 0 4 0 0 96 55 0 1 0 3 91 75 0 1 0 3 98 65 0 1 1 35 110 15 0 1 1 35 110
4/4 75 0 1 0 0 91 225 0 1 0 0 99 52 1 5 0 0 92 73 1 5 1 5 102 223 0 1 0 1 93 44 0 1 0 1 92 75 0 1 1 15 110 225 0 1 1 15 96 75 0 1 0 2 104 225 0 1 0 2 104 45 0 1 0 3 94 65 0 1 0 3 108 315 0 1 1 35 99 55 0 1 1 35 110
4/4 12 1 5 0 0 109 315 0 1 0 0 102 55 0 1 0 0 109 73 1 5 1 5 110 314 0 1 0 1 100 54 0 1 0 1 95 45 0 1 0 3 107 65 0 1 0 3 109 55 0 1 1 35 102 75 0 1 1 35 101
4/4 65 0 1 0 0 92 15 0 1 0 0 103 42 1 5 0 0 108 13 1 5 1 5 110 44 0 1 0 1 96 64 0 1 0 1 109 65 0 1 1 15 106 15 0 1 1 15 108 65 0 1 0 2 96 15 0 1 0 2 92 14 0 1 0 3 91 15 0 1 0 3 101 714 1 5 1 35 107 55 1 5 1 35 109 25 1 5 1 35 95
4/4 72 1 5 0 0 108 714 0 3 0 0 110 55 0 1 0 0 95 73 1 5 1 5 103 45 0 2 0 1 97 44 1 5 0 1 107 64 1 5 1 15 105 73 0 2 0 2 102 74 1 5 0 3 102 24 0 1 0 3 101 64 1 5 1 35 94
4/4 54 0 1 0 0 101 35 0 1 0 0 94 32 0 1 0 0 93 75 0 1 1 5 110 73 0 1 1 5 97 35 0 1 0 1 100 44 0 1 0 1 104 75 1 5 1 15 100 54 1 25 1 15 101 36 1 5 0 2 98 75 1 5 1 25 101 35 1 5 0 3 99 75 1 5 1 35 97
4/4 36 0 1 0 0 109 32 0 1 0 0 107 75 0 1 1 5 109 73 0 1 1 5 98 35 0 1 0 1 95 44 0 1 0 1 92 75 1 5 1 15 110 54 1 25 1 15 104 36 1 5 0 2 97 75 1 5 1 25 98 35 1 5 0 3 110 75 1 5 1 35 104
4/4 36 0 1 0 0 96 221 0 1 0 0 96 75 0 1 1 5 106 63 0 1 1 5 107 35 0 1 0 1 94 34 0 1 0 1 97 75 1 5 1 15 102 44 1 25 1 15 91 36 1 5 0 2 101 75 1 5 1 25 101 35 1 5 0 3 96 75 1 5 1 35 92
4/4 711 0 4 0 0 95 523 1 5 1 5 100 35 0 1 0 1 110 223 1 5 0 1 106 34 1 25 1 15 110 75 0 1 0 2 94 65 0 1 0 3 109
4/4 74 0 1 0 0 101 35 0 1 0 0 109 45 0 1 0 0 107 75 0 1 0 0 98 71 0 1 0 0 97 72 0 1 0 0 95
4/4 74 0 1 0 0 107 71 0 1 0 0 93 72 0 1 0 0 107 64 2 25 2 25 97 524 0 1 1 5 107 72 0 1 1 5 103 64 2 25 2 75 106 74 0 1 0 1 108 71 0 1 0 1 104 72 0 1 0 1 100 14 2 25 2 125 101 74 0 1 1 15 90 72 0 1 1 15 94 14 2 25 2 175 98 24 0 1 0 2 104 71 0 1 0 2 96 72 0 1 0 2 101 315 2 25 2 225 104 24 0 1 1 25 92 72 0 1 1 25 96 315 2 25 2 275 99 525 0 1 0 3 99 71 0 1 0 3 100 72 0 1 0 3 105 65 2 25 2 325 102 525 0 1 1 35 109 72 0 1 1 35 104 65 2 25 2 375 100
4/4 71 0 1 0 0 101 72 0 1 0 0 110 23 0 1 1 5 94 24 0 1 1 5 98 72 0 1 1 5 99 64 0 1 0 1 109 65 0 1 0 1 98 71 0 1 0 1 102 72 0 1 0 1 98 524 0 1 1 15 109 525 0 1 1 15 92 72 0 1 1 15 90 64 0 1 0 2 103 65 0 1 0 2 110 71 0 1 0 2 103 72 0 1 0 2 99 14 0 1 2 225 104 15 0 1 2 225 110 74 0 1 1 25 101 75 0 1 1 25 109 72 0 1 1 25 99 71 0 1 0 3 95 72 0 1 0 3 99 72 1 5 1 35 109
4/4 71 0 1 0 0 96 72 0 1 0 0 96 64 0 1 1 5 101 65 0 1 1 5 101 72 0 1 1 5 97 74 0 1 0 1 91 75 0 1 0 1 103 71 0 1 0 1 94 72 0 1 0 1 110 64 0 1 1 15 97 65 0 1 1 15 94 72 0 1 1 15 96 74 0 1 0 2 99 75 0 1 0 2 105 71 0 1 0 2 102 72 0 1 0 2 95 24 0 1 2 225 105 25 0 1 2 225 105 14 0 1 1 25 107 15 0 1 1 25 90 72 0 1 1 25 96 71 0 1 0 3 102 72 0 1 0 3 99 72 1 5 1 35 103
4/4 25 0 1 0 0 102 46 0 1 0 0 107 71 0 1 0 0 108 72 0 1 0 0 109 15 0 1 2 25 102 36 0 1 2 25 102 75 0 1 1 5 98 25 0 1 1 5 97 72 0 1 1 5 103 65 0 1 2 75 92 15 0 1 2 75 95 75 0 1 0 1 110 25 0 1 0 1 91 71 0 1 0 1 95 72 0 1 0 1 105 65 0 1 2 125 104 15 0 1 2 125 100 525 0 1 1 15 110 75 0 1 1 15 104 72 0 1 1 15 92 315 0 1 2 175 105 65 0 1 2 175 94 525 0 1 0 2 103 75 0 1 0 2 101 71 0 1 0 2 107 72 0 1 0 2 94 315 0 1 2 225 109 65 0 1 2 225 96 24 0 1 1 25 106 525 0 1 1 25 100 72 0 1 1 25 96 14 0 1 2 275 90 315 0 1 2 275 107 24 0 1 0 3 98 525 0 1 0 3 104 71 0 1 0 3 103 72 0 1 0 3 100 14 0 1 2 325 90 35 0 1 2 325 110 74 0 1 1 35 99 24 0 1 1 35 99 72 0 1 1 35 91 64 0 1 2 375 92 14 0 1 2 375 90
4/4 524 0 1 0 0 91 74 0 1 0 0 103 71 0 1 0 0 94 72 0 1 0 0 91 64 0 1 2 25 101 14 0 1 2 25 91 524 0 1 1 5 106 74 0 1 1 5 105 72 0 1 1 5 91 64 0 1 2 75 105 14 0 1 2 75 109 524 0 1 0 1 91 74 0 1 0 1 105 71 0 1 0 1 105 72 0 1 0 1 104 64 0 1 2 125 102 14 0 1 2 125 95 524 0 1 1 15 96 74 0 1 1 15 95 72 0 1 1 15 92 64 0 1 2 175 100 14 0 1 2 175 97 524 0 1 0 2 96 74 0 1 0 2 92 71 0 1 0 2 95 72 0 1 0 2 97 64 0 1 2 225 95 14 0 1 2 225 101 524 0 1 1 25 102 74 0 1 1 25 104 72 0 1 1 25 105 64 0 1 2 275 100 14 0 1 2 275 106 524 0 1 0 3 101 74 0 1 0 3 93 71 0 1 0 3 108 72 0 1 0 3 101 64 0 1 2 325 106 14 0 1 2 325 109 524 0 1 1 35 104 74 0 1 1 35 99 72 0 1 1 35 104 64 0 1 2 375 109 14 0 1 2 375 95
4/4 524 0 1 0 0 110 74 0 1 0 0 92 71 0 1 0 0 93 72 0 1 0 0 98 64 0 1 2 25 108 14 0 1 2 25 92 524 0 1 1 5 109 74 0 1 1 5 104 72 0 1 1 5 95 64 0 1 2 75 93 14 0 1 2 75 95 524 0 1 0 1 93 74 0 1 0 1 107 71 0 1 0 1 97 72 0 1 0 1 94 64 0 1 2 125 106 14 0 1 2 125 108 524 0 1 1 15 103 74 0 1 1 15 109 72 0 1 1 15 97 64 0 1 2 175 98 14 0 1 2 175 106 524 0 1 0 2 101 74 0 1 0 2 90 71 0 1 0 2 101 72 0 1 0 2 108 64 0 1 2 225 106 14 0 1 2 225 105 524 0 1 1 25 91 74 0 1 1 25 103 72 0 1 1 25 101 64 0 1 2 275 102 14 0 1 2 275 97 524 0 1 0 3 110 74 0 1 0 3 104 71 0 1 0 3 102 72 0 1 0 3 109 64 0 1 2 325 97 14 0 1 2 325 106 524 0 1 1 35 107 74 0 1 1 35 94 72 0 1 1 35 97 64 0 1 2 375 109 14 0 1 2 375 107
4/4 524 0 1 0 0 91 74 0 1 0 0 90 71 0 1 0 0 110 72 0 1 0 0 103 64 0 1 2 25 110 14 0 1 2 25 104 524 0 1 1 5 94 74 0 1 1 5 95 72 0 1 1 5 95 64 0 1 2 75 93 14 0 1 2 75 104 524 0 1 0 1 102 74 0 1 0 1 95 71 0 1 0 1 101 72 0 1 0 1 92 64 0 1 2 125 102 14 0 1 2 125 105 524 0 1 1 15 95 74 0 1 1 15 97 72 0 1 1 15 102 64 0 1 2 175 107 14 0 1 2 175 97 524 0 1 0 2 104 74 0 1 0 2 103 71 0 1 0 2 92 72 0 1 0 2 91 64 0 1 2 225 97 14 0 1 2 225 109 524 0 1 1 25 98 74 0 1 1 25 109 72 0 1 1 25 105 64 0 1 2 275 91 14 0 1 2 275 95 524 0 1 0 3 107 74 0 1 0 3 97 71 0 1 0 3 100 72 0 1 0 3 106 64 0 1 2 325 97 14 0 1 2 325 107 524 0 1 1 35 110 74 0 1 1 35 104 72 0 1 1 35 108 64 0 1 2 375 108 14 0 1 2 375 102
4/4 75 0 1 0 0 108 71 0 1 0 0 91 72 0 1 0 0 100 36 0 1 0 1 104 25 1 15 0 2 98 75 1 5 1 35 92
4/4 15 0 4 0 0 96 42 1 5 0 0 97 13 1 5 1 5 100 54 1 5 0 1 107 64 1 5 1 15 104 13 0 2 0 2 91
4/4 15 0 1 0 0 103 42 1 5 0 0 95 13 1 5 1 5 97 66 0 1 0 1 106 54 1 5 0 1 94 64 1 5 1 15 100 56 1 15 0 2 110 13 0 2 0 2 100 316 1 5 1 35 103
4/4 46 0 3 0 0 91 42 1 5 0 0 92 14 1 5 1 5 91 74 1 5 0 1 92 64 1 5 1 15 99 54 1 5 0 2 102 44 1 5 1 25 97 56 0 1 0 3 98 34 0 1 0 3 105 66 0 1 1 35 102 23 0 1 1 35 109
4/4 76 1 15 0 0 102 52 0 1 0 0 110 44 1 5 0 1 103 76 1 5 1 15 106 74 1 25 1 15 106 76 0 1 0 2 94 46 1 5 0 3 105 316 1 5 1 35 99
4/4 12 1 5 0 0 91 316 0 3 0 0 98 13 1 5 1 5 110 54 1 5 0 1 105 74 1 25 1 15 103 46 1 5 0 3 110 56 1 5 1 35 98
4/4 66 0 4 0 0 107 72 1 5 0 0 90 44 1 5 1 5 98 64 1 5 0 1 99 14 1 5 1 15 94 35 0 2 0 2 106
