3/4 15 0 1 0 0 94 44 0 1 0 0 55 45 0 1 0 1 98 615 0 1 0 1 102 45 0 1 0 2 90 615 0 1 0 2 110
3/4 715 0 2 0 0 96 44 0 3 0 0 62 45 0 1 0 1 94 65 0 1 0 1 109 25 0 1 0 2 96
3/4 15 0 1 0 0 108 44 0 1 0 0 58 45 0 1 0 1 99 615 0 1 0 1 106 45 0 1 0 2 103 615 0 1 0 2 97
3/4 314 0 3 0 0 63 14 0 1 0 1 95 55 0 1 0 1 98 14 0 1 0 2 110 55 0 1 0 2 102
3/4 615 0 1 0 0 92 23 0 1 0 0 70 24 0 1 0 1 105 45 0 1 0 1 99 24 0 1 0 2 108 45 0 1 0 2 90
3/4 65 0 2 0 0 102 23 0 3 0 0 62 714 0 1 0 1 102 45 0 1 0 1 91 75 0 1 0 2 95
3/4 615 0 1 0 0 93 23 0 1 0 0 74 24 0 1 0 1 101 45 0 1 0 1 105 24 0 1 0 2 97 45 0 1 0 2 109
3/4 13 0 3 0 0 66 614 0 1 0 1 97 14 0 1 0 1 103 315 0 1 0 1 96 614 0 1 0 2 104 14 0 1 0 2 90 315 0 1 0 2 110
3/4 45 0 1 0 0 93 73 0 1 0 0 62 74 0 1 0 1 105 24 0 1 0 1 108 74 0 1 0 2 91 24 0 1 0 2 107
3/4 315 0 2 0 0 103 73 0 3 0 0 70 54 0 1 0 1 94 14 0 1 0 1 107 55 0 1 0 2 95
3/4 45 0 1 0 0 99 613 0 1 0 0 70 44 0 1 0 1 99 14 0 1 0 1 110 44 0 1 0 2 109 14 0 1 0 2 107
3/4 14 0 1 0 0 96 315 0 1 0 0 102 613 0 3 0 0 69 45 0 1 0 1 110 55 0 1 0 2 92
3/4 615 0 2 0 0 109 53 0 3 0 0 61 714 0 1 0 1 110 24 0 1 0 1 96 714 0 1 0 2 108 24 0 1 0 2 108 55 0 1 0 2 103
3/4 55 0 2 0 0 95 53 0 3 0 0 72 54 0 1 0 1 101 714 0 1 0 1 93 54 0 1 0 2 106 714 0 1 0 2 102 24 0 1 0 2 107
3/4 55 0 1 0 0 106 13 0 1 0 0 59 74 0 1 0 1 106 24 0 1 0 1 99 74 0 1 0 2 98 24 0 1 0 2 102
3/4 74 0 1 0 0 98 315 0 1 0 0 102 13 0 1 0 0 62 45 0 1 0 1 101 23 0 1 0 1 59 55 0 1 0 2 104 314 0 1 0 2 67
3/4 15 0 1 0 0 107 44 0 1 0 0 55 45 0 1 0 1 98 615 0 1 0 1 97 45 0 1 0 2 97 615 0 1 0 2 103
3/4 715 0 2 0 0 102 44 0 3 0 0 58 45 0 1 0 1 109 65 0 1 0 1 99 25 0 1 0 2 100
3/4 15 0 1 0 0 96 44 0 1 0 0 62 45 0 1 0 1 105 615 0 1 0 1 92 45 0 1 0 2 97 615 0 1 0 2 107
3/4 314 0 3 0 0 68 14 0 1 0 1 95 55 0 1 0 1 105 14 0 1 0 2 110 55 0 1 0 2 109
3/4 615 0 1 0 0 92 23 0 1 0 0 69 24 0 1 0 1 92 45 0 1 0 1 110 24 0 1 0 2 105 45 0 1 0 2 94
3/4 65 0 2 0 0 107 23 0 3 0 0 54 714 0 1 0 1 107 45 0 1 0 1 90 75 0 1 0 2 101
3/4 615 0 1 0 0 91 23 0 1 0 0 55 24 0 1 0 1 102 45 0 1 0 1 90 24 0 1 0 2 97 45 0 1 0 2 103
3/4 13 0 3 0 0 61 614 0 1 0 1 98 14 0 1 0 1 91 315 0 1 0 1 97 614 0 1 0 2 91 14 0 1 0 2 101 315 0 1 0 2 96
3/4 45 0 1 0 0 92 73 0 1 0 0 67 74 0 1 0 1 92 24 0 1 0 1 91 74 0 1 0 2 101 24 0 1 0 2 99
3/4 315 0 2 0 0 99 73 0 3 0 0 67 54 0 1 0 1 94 14 0 1 0 1 90 55 0 1 0 2 90
3/4 45 0 1 0 0 101 613 0 1 0 0 56 44 0 1 0 1 92 14 0 1 0 1 108 615 0 1 0 2 94
3/4 15 0 2 0 0 91 53 0 3 0 0 60 74 0 1 0 1 106 24 0 1 0 1 98 74 0 1 0 2 101 24 0 1 0 2 103 75 0 1 0 2 98
3/4 615 0 1 0 0 102 13 0 1 0 0 64 14 0 1 0 1 103 45 0 1 0 1 90 14 0 1 0 2 100 45 0 1 0 2 98
3/4 74 0 1 0 0 105 315 0 1 0 0 108 55 0 1 0 0 107 13 0 3 0 0 60 315 0 1 0 1 93 55 0 1 0 2 95
3/4 45 0 1 0 0 107 44 0 1 0 0 54 14 0 1 0 1 106 614 0 1 0 2 97
3/4 45 0 1 0 0 94 615 0 1 0 0 90 44 0 3 0 0 60 55 0 1 0 1 110 75 0 1 0 1 93 615 0 1 0 2 107 15 0 1 0 2 95
3/4 75 0 1 0 0 101 25 0 1 0 0 102 74 0 3 0 0 66 75 0 1 1 5 109 25 0 1 1 5 107 75 0 1 0 1 104 25 0 1 0 1 107 75 0 1 1 25 98 25 0 1 1 25 103
3/4 75 0 1 0 0 96 25 0 1 0 0 100 74 0 3 0 0 57 25 1 5 1 15 99 316 1 5 0 2 107 25 1 5 1 25 108
3/4 15 0 1 0 0 99 44 0 1 0 0 74 45 0 1 0 1 103 615 0 1 0 1 90 45 0 1 0 2 101 615 0 1 0 2 107
3/4 615 0 1 0 0 102 44 0 1 0 0 61 14 0 1 0 1 108 45 0 1 0 1 90 14 0 1 0 2 108 45 0 1 0 2 103
3/4 75 1 5 0 0 110 73 0 3 0 0 74 75 1 5 1 5 107 24 0 1 0 1 101 45 0 1 0 1 97 75 0 1 0 1 91 75 1 5 1 25 96
3/4 24 0 1 0 0 94 45 0 1 0 0 103 75 0 1 0 0 107 73 0 3 0 0 55 75 1 5 1 15 110 15 1 5 0 2 94 75 1 5 1 25 106
3/4 615 0 1 0 0 91 44 0 1 0 0 64 14 0 1 0 1 101 45 0 1 0 1 109 14 0 1 0 2 105 45 0 1 0 2 90
3/4 615 0 1 0 0 108 44 0 1 0 0 65 14 0 1 0 1 110 45 0 1 0 1 91 314 0 1 0 2 71
3/4 45 1 5 0 0 94 23 0 3 0 0 65 45 1 5 1 5 91 614 0 1 0 1 90 24 0 1 0 1 108 45 0 1 0 1 96 45 1 5 1 25 104
3/4 614 0 1 0 0 92 24 0 1 0 0 99 45 0 1 0 0 90 13 0 3 0 0 74 315 0 1 0 1 107 45 0 1 0 2 93
3/4 615 0 1 0 0 107 713 0 1 0 0 67 24 0 1 0 1 95 45 0 1 0 1 90 24 0 1 0 2 110 45 0 1 0 2 96
3/4 44 0 1 0 0 98 74 0 1 0 0 102 24 0 1 0 0 98 73 0 3 0 0 69 315 0 1 0 1 97 45 0 1 0 2 107
3/4 55 1 5 0 0 93 53 0 3 0 0 58 55 1 5 1 5 110 714 0 1 0 1 99 24 0 1 0 1 100 55 0 1 0 1 102 55 1 5 1 25 91
3/4 74 0 1 0 0 102 24 0 1 0 0 103 55 0 1 0 0 100 53 0 3 0 0 62 45 0 1 0 1 108 55 0 1 0 2 108
3/4 24 0 1 0 0 92 315 0 1 0 0 110 615 0 1 0 0 104 613 0 1 0 0 61
3/4 45 0 1 0 0 109 55 0 1 0 0 101 15 0 1 0 0 100 13 0 1 0 0 64 74 0 1 0 0 63 45 0 1 0 1 109 55 0 1 0 1 90 15 0 1 0 1 105
3/4 15 0 1 0 0 95 44 0 1 0 0 74 45 0 1 0 1 110 615 0 1 0 1 91 45 0 1 0 2 97 615 0 1 0 2 108
3/4 715 0 2 0 0 98 44 0 3 0 0 68 45 0 1 0 1 109 65 0 1 0 1 96 25 0 1 0 2 106
3/4 15 0 1 0 0 98 44 0 1 0 0 63 45 0 1 0 1 104 615 0 1 0 1 95 45 0 1 0 2 108 615 0 1 0 2 98
3/4 314 0 3 0 0 65 14 0 1 0 1 99 55 0 1 0 1 99 14 0 1 0 2 102 55 0 1 0 2 103
3/4 615 0 1 0 0 101 23 0 1 0 0 56 24 0 1 0 1 90 45 0 1 0 1 101 24 0 1 0 2 105 45 0 1 0 2 95
3/4 65 0 2 0 0 110 23 0 3 0 0 66 714 0 1 0 1 106 45 0 1 0 1 99 75 0 1 0 2 109
3/4 615 0 1 0 0 91 23 0 1 0 0 63 24 0 1 0 1 106 45 0 1 0 1 110 24 0 1 0 2 105 45 0 1 0 2 99
3/4 13 0 3 0 0 56 614 0 1 0 1 94 14 0 1 0 1 107 315 0 1 0 1 106 614 0 1 0 2 96 14 0 1 0 2 98 315 0 1 0 2 109
3/4 45 0 1 0 0 97 73 0 1 0 0 71 74 0 1 0 1 99 24 0 1 0 1 99 74 0 1 0 2 104 24 0 1 0 2 90
3/4 315 0 2 0 0 105 73 0 3 0 0 56 54 0 1 0 1 102 14 0 1 0 1 102 55 0 1 0 2 102
3/4 45 0 1 0 0 101 613 0 1 0 0 65 44 0 1 0 1 99 14 0 1 0 1 97 615 0 1 0 2 108
3/4 15 0 2 0 0 109 53 0 3 0 0 61 74 0 1 0 1 100 24 0 1 0 1 92 74 0 1 0 2 105 24 0 1 0 2 105 75 0 1 0 2 90
3/4 615 0 1 0 0 97 13 0 1 0 0 74 14 0 1 0 1 104 45 0 1 0 1 103 14 0 1 0 2 91 45 0 1 0 2 94
3/4 74 0 1 0 0 96 315 0 1 0 0 105 55 0 1 0 0 94 13 0 3 0 0 64 315 0 1 0 1 97 55 0 1 0 2 98
3/4 45 0 1 0 0 92 44 0 1 0 0 57 14 0 1 0 1 101 614 0 1 0 2 95
3/4 45 0 1 0 0 102 615 0 1 0 0 95 44 0 3 0 0 54 55 0 1 0 1 92 75 0 1 0 1 104 615 0 1 0 2 103 15 0 1 0 2 93
3/4 75 0 1 0 0 98 25 0 1 0 0 105 74 0 3 0 0 74 75 0 1 1 5 103 25 0 1 1 5 102 75 0 1 0 1 101 25 0 1 0 1 109 75 0 1 1 25 91 25 0 1 1 25 105
3/4 75 0 1 0 0 95 25 0 1 0 0 104 74 0 3 0 0 72 25 1 5 1 15 106 316 1 5 0 2 94 25 1 5 1 25 100
3/4 15 0 1 0 0 93 44 0 1 0 0 72 45 0 1 0 1 91 615 0 1 0 1 91 45 0 1 0 2 110 615 0 1 0 2 106
3/4 615 0 1 0 0 93 44 0 1 0 0 72 14 0 1 0 1 109 45 0 1 0 1 96 14 0 1 0 2 94 45 0 1 0 2 107
3/4 75 1 5 0 0 102 73 0 3 0 0 58 75 1 5 1 5 110 24 0 1 0 1 101 45 0 1 0 1 103 75 0 1 0 1 94 75 1 5 1 25 98
3/4 24 0 1 0 0 99 45 0 1 0 0 92 75 0 1 0 0 94 73 0 3 0 0 65 75 1 5 1 15 109 15 1 5 0 2 96 75 1 5 1 25 97
3/4 615 0 1 0 0 96 44 0 1 0 0 68 14 0 1 0 1 93 45 0 1 0 1 93 14 0 1 0 2 94 45 0 1 0 2 100
3/4 615 0 1 0 0 92 44 0 1 0 0 54 14 0 1 0 1 95 45 0 1 0 1 96 314 0 1 0 2 67
3/4 45 1 5 0 0 91 23 0 3 0 0 71 45 1 5 1 5 97 614 0 1 0 1 102 24 0 1 0 1 106 45 0 1 0 1 108 45 1 5 1 25 109
3/4 614 0 1 0 0 106 24 0 1 0 0 110 45 0 1 0 0 106 13 0 3 0 0 62 315 0 1 0 1 108 45 0 1 0 2 98
3/4 615 0 1 0 0 95 713 0 1 0 0 73 24 0 1 0 1 91 45 0 1 0 1 95 24 0 1 0 2 108 45 0 1 0 2 100
3/4 44 0 1 0 0 108 74 0 1 0 0 99 24 0 1 0 0 91 73 0 3 0 0 72 315 0 1 0 1 93 45 0 1 0 2 103
3/4 55 1 5 0 0 104 53 0 3 0 0 67 55 1 5 1 5 91 714 0 1 0 1 92 24 0 1 0 1 90 55 0 1 0 1 108 55 1 5 1 25 101
3/4 74 0 1 0 0 98 24 0 1 0 0 98 55 0 1 0 0 96 53 0 3 0 0 65 45 0 1 0 1 101 55 0 1 0 2 108
3/4 24 0 1 0 0 98 315 0 1 0 0 96 615 0 1 0 0 108 613 0 1 0 0 72
3/4 74 0 1 0 0 107 24 0 1 0 0 93 55 0 1 0 0 104 13 0 1 0 0 69
3/4 14 0 1 0 0 106 45 0 1 0 0 96 615 0 1 0 0 92 44 0 3 0 0 65 14 1 5 1 15 98 45 1 5 0 2 98 315 1 5 1 25 109
3/4 714 0 1 0 0 105 45 0 1 0 0 95 65 0 1 0 0 90 44 0 1 0 0 58
3/4 14 0 1 0 0 90 45 0 1 0 0 106 615 0 1 0 0 96 44 0 3 0 0 67 15 1 5 1 15 106 46 1 5 0 2 110 316 1 5 1 25 106
3/4 45 0 1 0 0 108 615 0 1 0 0 97 46 0 1 0 0 95 44 0 3 0 0 72
3/4 44 0 3 0 0 72 45 0 1 0 0 102 615 0 1 0 0 106 46 0 1 0 0 102
