6/8 35 0 1 0 0 110 54 0 1 0 0 100 714 0 1 1 15 110 34 0 1 1 15 98
6/8 224 0 1 0 0 99 44 0 1 0 0 110 74 0 1 1 15 109 23 0 1 1 15 99
6/8 714 0 1 0 0 91 34 0 1 0 0 90 224 0 1 1 15 109 44 0 1 1 15 107
6/8 315 0 1 0 0 95 64 0 1 0 0 110 35 0 1 1 15 105 54 0 1 1 15 93
6/8 14 0 1 0 0 90 34 0 1 0 0 91
6/8 74 2 25 2 25 108 64 2 25 1 5 109 54 2 25 2 75 97 44 2 25 0 1 90 54 2 25 2 125 90 34 0 1 1 15 91 44 1 5 1 25 102
6/8 23 1 5 0 0 95 73 3 2333 1 5 100
6/8 74 2 25 2 25 103 64 2 25 1 5 97 524 2 25 2 75 96 44 2 25 0 1 94 524 2 25 2 125 106 34 0 1 1 15 97 44 1 5 1 25 97
6/8 223 0 2 0 0 107 34 2 25 1 25 108 44 2 25 2 275 110
6/8 524 1 5 0 0 105 223 2 25 2 75 109 74 1 5 0 1 97 44 1 5 1 15 100 223 2 25 1 25 95 73 2 25 2 275 95
6/8 34 1 5 0 0 94 223 2 25 2 75 103 524 1 5 0 1 94 223 1 5 1 15 110 523 2 25 0 2 101 63 2 25 2 225 100 223 2 25 1 25 90
6/8 523 0 1 0 0 93 712 0 1 0 0 106
6/8
4/4 73 1 5 0 3 101 34 1 5 1 35 105
4/4 44 0 1 0 0 109 74 1 5 0 1 103 64 1 5 1 15 101 54 0 1 0 2 108 73 1 5 0 3 98 34 1 5 1 35 90
4/4 44 0 1 0 0 108 74 1 5 0 1 109 64 1 5 1 15 106 54 0 1 0 2 104 34 1 5 1 35 97
4/4 34 1 5 0 0 103 23 1 5 1 5 98 13 1 5 0 1 110 23 1 5 1 15 91 73 0 1 0 2 109 34 1 5 1 35 109
4/4 34 1 5 0 0 103 23 1 5 1 5 101 13 1 5 0 1 100 23 1 5 1 15 95 73 0 1 0 2 92 13 1 5 0 3 95 34 1 5 1 35 96
4/4 44 0 1 0 0 101 44 1 5 0 1 104 74 1 5 1 15 95 54 0 1 0 2 101 13 1 5 0 3 102 34 1 5 1 35 104
4/4 44 0 1 0 0 107 44 1 5 0 1 98 74 1 5 1 15 110 54 0 1 0 2 104 44 1 5 0 3 101 34 1 5 1 35 103
4/4 13 1 5 0 0 105 23 1 5 1 5 101 34 3 2667 0 1 90
4/4 13 1 5 0 0 93 23 1 5 1 5 92 34 3 2667 0 1 93
4/4 44 0 1 0 0 110 44 1 5 0 1 103 74 1 5 1 15 101 54 2 175 0 2 102
4/4 44 0 1 0 0 104 44 1 5 0 1 110 74 1 5 1 15 93 54 2 175 0 2 103
4/4 35 0 1 0 1 103 24 0 1 0 2 109 14 0 1 0 3 92
4/4 23 0 1 0 0 104 44 0 1 0 0 91 73 0 1 0 0 99 64 0 1 0 2 108 54 0 1 0 3 101
4/4 44 2 175 0 0 106 13 0 1 0 2 105 34 0 1 0 3 102
4/4 54 3 3667 0 0 109
4/4 34 0 1 0 0 99 54 0 1 0 0 100 13 0 1 0 0 101 23 0 1 0 1 92 44 0 1 0 1 91 73 0 1 0 1 103
4/4 13 0 1 0 0 107 34 0 1 0 0 98 63 0 1 0 0 96 23 0 1 0 1 106 44 0 1 0 1 91 73 0 1 0 1 93 73 1 5 0 3 108 34 1 5 1 35 101
4/4 44 0 1 0 0 108 74 1 5 0 1 98 64 1 5 1 15 95 54 0 1 0 2 94 73 1 5 0 3 102 34 1 5 1 35 107
4/4 44 0 1 0 0 98 74 1 5 0 1 109 64 1 5 1 15 103 54 0 1 0 2 110 34 1 5 1 35 103
4/4 34 1 5 0 0 99 23 1 5 1 5 109 13 1 5 0 1 91 23 1 5 1 15 104 73 0 1 0 2 104 34 1 5 1 35 95
4/4 34 1 5 0 0 96 23 1 5 1 5 100 13 1 5 0 1 106 23 1 5 1 15 99 73 0 1 0 2 101 13 1 5 0 3 98 34 1 5 1 35 109
4/4 44 0 1 0 0 91 44 1 5 0 1 96 74 1 5 1 15 95 54 0 1 0 2 95 13 1 5 0 3 109 34 1 5 1 35 91
4/4 44 0 1 0 0 99 44 1 5 0 1 107 74 1 5 1 15 98 54 0 1 0 2 93 44 1 5 0 3 98 34 1 5 1 35 97
4/4 13 1 5 0 0 106 23 1 5 1 5 95 34 3 2667 0 1 101
4/4 13 1 5 0 0 105 23 1 5 1 5 96 34 3 2667 0 1 102
4/4
4/4 73 0 1 0 0 109 43 0 1 0 0 93 73 0 1 1 5 95 73 0 1 1 5 90 73 0 1 0 1 90 523 0 1 0 1 90 73 0 1 1 15 93 43 0 1 1 15 93 73 0 1 0 2 97 43 0 1 0 2 99 73 0 1 1 25 93 73 0 1 1 25 94 73 0 1 0 3 104 523 0 1 0 3 110 73 0 1 1 35 99 43 0 1 1 35 97
4/4 73 0 1 0 0 93 43 0 1 0 0 105 73 0 1 1 5 110 73 0 1 1 5 99 73 0 1 0 1 93 523 0 1 0 1 110 73 0 1 1 15 102 43 0 1 1 15 98 73 0 1 0 2 100 43 0 1 0 2 90 73 0 1 1 25 95 73 0 1 1 25 100 73 0 1 0 3 92 523 0 1 0 3 92 73 0 1 1 35 103 43 0 1 1 35 108
4/4 73 0 1 0 0 103 43 0 1 0 0 93 73 0 1 1 5 102 73 0 1 1 5 107 73 0 1 0 1 99 523 0 1 0 1 108 73 0 1 1 15 106 43 0 1 1 15 110 73 0 1 0 2 90 43 0 1 0 2 101 73 0 1 1 25 101 73 0 1 1 25 94 73 0 1 0 3 107 523 0 1 0 3 103 73 0 1 1 35 94 43 0 1 1 35 99
4/4 73 0 1 0 0 106 43 0 1 0 0 97 73 0 1 1 5 92 73 0 1 1 5 92 73 0 1 0 1 90 523 0 1 0 1 99 73 0 1 1 15 95 43 0 1 1 15 95 73 0 1 0 2 93 43 0 1 0 2 107 73 0 1 1 25 92 73 0 1 1 25 104 73 0 1 0 3 104 523 0 1 0 3 105 73 0 1 1 35 90 43 0 1 1 35 100
4/4 63 0 1 0 0 105 33 0 1 0 0 103 63 0 1 1 5 99 63 0 1 1 5 97 63 0 1 0 1 101 313 0 1 0 1 97 63 0 1 1 15 92 33 0 1 1 15 106 63 0 1 0 2 91 33 0 1 0 2 107 63 0 1 1 25 92 63 0 1 1 25 98 63 0 1 0 3 93 313 0 1 0 3 107 63 0 1 1 35 97 33 0 1 1 35 105
4/4 63 0 1 0 0 103 33 0 1 0 0 105 63 0 1 1 5 101 63 0 1 1 5 98 63 0 1 0 1 104 313 0 1 0 1 108 63 0 1 1 15 96 33 0 1 1 15 99 63 0 1 0 2 106 33 0 1 0 2 107 63 0 1 1 25 102 63 0 1 1 25 101 63 0 1 0 3 98 313 0 1 0 3 97 63 0 1 1 35 107 33 0 1 1 35 96
4/4 73 0 1 0 0 100 43 0 1 0 0 94 73 0 1 1 5 92 73 0 1 1 5 95 73 0 1 0 1 91 523 0 1 0 1 102 73 0 1 1 15 91 43 0 1 1 15 91 73 0 1 0 2 96 43 0 1 0 2 99 73 0 1 1 25 99 73 0 1 1 25 102 73 0 1 0 3 92 523 0 1 0 3 104 73 0 1 1 35 92 43 0 1 1 35 101
4/4 73 0 1 0 0 92 43 0 1 0 0 103 73 0 1 1 5 91 73 0 1 1 5 110 73 0 1 0 1 93 523 0 1 0 1 98 73 0 1 1 15 108 43 0 1 1 15 96 73 0 1 0 2 92 43 0 1 0 2 90 73 0 1 1 25 92 73 0 1 1 25 94 73 0 1 0 3 92 523 0 1 0 3 102 73 0 1 1 35 101 43 0 1 1 35 95
4/4 63 0 1 0 0 99 33 0 1 0 0 102 63 0 1 1 5 100 63 0 1 1 5 101 63 0 1 0 1 90 313 0 1 0 1 98 63 0 1 1 15 93 33 0 1 1 15 99 63 0 1 0 2 101 33 0 1 0 2 108 63 0 1 1 25 90 63 0 1 1 25 90 63 0 1 0 3 110 313 0 1 0 3 107 63 0 1 1 35 103 33 0 1 1 35 94
4/4 63 0 1 0 0 96 33 0 1 0 0 91 63 0 1 1 5 106 63 0 1 1 5 97 63 0 1 0 1 97 313 0 1 0 1 109 63 0 1 1 15 91 33 0 1 1 15 104 63 0 1 0 2 94 33 0 1 0 2 98 63 0 1 1 25 95 63 0 1 1 25 105 63 0 1 0 3 106 313 0 1 0 3 104 63 0 1 1 35 96 33 0 1 1 35 104
4/4 53 0 1 0 0 103 22 0 1 0 0 94 53 0 1 1 5 101 53 0 1 1 5 91 53 0 1 0 1 108 33 0 1 0 1 99 53 0 1 1 15 102 22 0 1 1 15 95 53 0 1 0 2 106 22 0 1 0 2 97 53 0 1 1 25 105 53 0 1 1 25 97 53 0 1 0 3 103 33 0 1 0 3 94 53 0 1 1 35 110 22 0 1 1 35 98
4/4 53 0 1 0 0 101 22 0 1 0 0 96 53 0 1 1 5 92 53 0 1 1 5 95 53 0 1 0 1 99 33 0 1 0 1 92 53 0 1 1 15 96 22 0 1 1 15 95 53 0 1 0 2 92 22 0 1 0 2 99 53 0 1 1 25 97 53 0 1 1 25 96 53 0 1 0 3 100 33 0 1 0 3 92 53 0 1 1 35 107 22 0 1 1 35 101
4/4 53 0 1 0 0 108 22 0 1 0 0 107 53 0 1 1 5 93 53 0 1 1 5 100 53 0 1 0 1 97 33 0 1 0 1 108 53 0 1 1 15 102 22 0 1 1 15 95 53 0 1 0 2 91 22 0 1 0 2 100 53 0 1 1 25 99 53 0 1 1 25 99 53 0 1 0 3 93 33 0 1 0 3 103 53 0 1 1 35 102 22 0 1 1 35 99
4/4 73 0 1 0 0 105 43 0 1 0 0 96 73 0 1 1 5 103 73 0 1 1 5 90 73 0 1 0 1 92 523 0 1 0 1 110 73 0 1 1 15 107 43 0 1 1 15 99 73 0 1 0 2 93 43 0 1 0 2 110 73 0 1 1 25 100 73 0 1 1 25 103 73 0 1 0 3 104 523 0 1 0 3 103 73 0 1 1 35 104 43 0 1 1 35 95
4/4 73 0 1 0 0 94 43 0 1 0 0 110 73 0 1 1 5 109 73 0 1 1 5 97 73 0 1 0 1 102 523 0 1 0 1 93 73 0 1 1 15 109 43 0 1 1 15 100 73 0 1 0 2 98 43 0 1 0 2 98 73 0 1 1 25 93 73 0 1 1 25 99 73 0 1 0 3 93 523 0 1 0 3 101 73 0 1 1 35 106 43 0 1 1 35 99
4/4 713 0 1 0 0 109 523 0 1 0 0 102 713 0 1 1 5 98 713 0 1 1 5 92 713 0 1 0 1 103 53 0 1 0 1 94 713 0 1 1 15 101 523 0 1 1 15 93 713 0 1 0 2 99 523 0 1 0 2 96 713 0 1 1 25 98 713 0 1 1 25 97 713 0 1 0 3 103 53 0 1 0 3 105 713 0 1 1 35 109 523 0 1 1 35 98
4/4 713 0 1 0 0 98 34 0 1 0 0 108 54 0 1 0 0 96 713 0 1 0 0 99
4/4 713 0 1 0 0 97 34 0 1 0 0 100 54 0 1 0 0 105 713 0 1 0 0 101
6/8 53 0 1 0 0 99 12 0 1 0 0 90 33 0 1 1 15 108 222 0 1 1 15 94
6/8 43 0 1 0 0 102 72 0 1 0 0 109 22 0 1 1 15 98 12 0 1 1 15 94
6/8 33 0 1 0 0 97 62 0 1 0 0 102 43 0 1 1 15 101 72 0 1 1 15 93
6/8 63 0 1 0 0 103 222 0 1 0 0 99 53 0 1 1 15 110 12 0 1 1 15 93
6/8 32 2 25 0 0 93 72 2 25 2 25 97 33 2 25 1 5 108 72 2 25 2 75 101 43 2 25 0 1 110 72 2 25 2 125 100 32 2 25 1 15 90 72 2 25 2 175 102 33 2 25 0 2 92 72 2 25 2 225 107 43 2 25 1 25 95 72 2 25 2 275 104
6/8 32 2 25 0 0 99 72 2 25 2 25 105 33 2 25 1 5 92 72 2 25 2 75 107 43 2 25 0 1 99 72 2 25 2 125 100 32 2 25 1 15 98 72 2 25 2 175 94 33 2 25 0 2 110 72 2 25 2 225 92 43 2 25 1 25 90 72 2 25 2 275 91
6/8 32 2 25 0 0 101 72 2 25 2 25 95 33 2 25 1 5 108 72 2 25 2 75 101 43 2 25 0 1 94 72 2 25 2 125 97 32 2 25 1 15 104 72 2 25 2 175 100 33 2 25 0 2 100 72 2 25 2 225 105 43 2 25 1 25 96 72 2 25 2 275 109
6/8 61 2 25 0 0 110 712 2 25 2 25 105 33 2 25 1 5 100 712 2 25 2 75 97 523 2 25 0 1 97 712 2 25 2 125 90 61 2 25 1 15 100 712 2 25 2 175 100 33 2 25 0 2 90 712 2 25 2 225 104 523 2 25 1 25 93 712 2 25 2 275 110
6/8 221 2 25 0 0 103 712 2 25 2 25 97 222 2 25 1 5 90 712 2 25 2 75 90 43 2 25 0 1 108 712 2 25 2 125 99 221 2 25 1 15 109 712 2 25 2 175 93 222 2 25 0 2 91 712 2 25 2 225 100 43 2 25 1 25 109 712 2 25 2 275 93
6/8 32 2 25 0 0 92 72 2 25 2 25 91 222 0 1 1 5 110 43 0 1 1 5 104 522 0 1 1 5 110 72 2 25 2 75 90 523 2 25 0 1 93 43 2 25 2 125 102 221 2 25 1 15 105 72 2 25 2 175 92 222 0 1 0 2 103 43 0 1 0 2 100 62 0 1 0 2 106 523 2 25 2 225 104 43 1 5 1 25 109
6/8 711 2 25 0 0 93 72 2 25 2 25 96 712 0 1 1 5 101 33 0 1 1 5 110 43 0 1 1 5 105 522 0 1 1 5 108 72 2 25 2 75 96 523 2 25 0 1 110 43 2 25 2 125 93 71 2 25 1 15 95 222 2 25 2 175 90 72 0 1 0 2 101 222 0 1 0 2 95 523 0 1 0 2 97 62 0 1 0 2 98 63 2 25 2 225 103 523 1 5 1 25 110
6/8 522 0 1 0 0 109 221 0 1 0 0 104
6/8
4/4
4/4 62 0 1 0 0 105 12 0 1 0 0 107 32 0 1 0 0 93 52 0 1 0 2 94 72 0 1 0 2 110 33 0 1 0 2 94 42 0 1 0 2 97
4/4 62 0 1 0 0 97 12 0 1 0 0 94 32 0 1 0 0 110 52 0 1 0 2 93 72 0 1 0 2 93 33 0 1 0 2 99 42 0 1 0 2 107
4/4 62 0 1 0 0 99 12 0 1 0 0 98 33 0 1 0 0 91 42 0 1 0 0 91 42 0 1 0 2 95 71 0 1 0 2 96
4/4 62 0 1 0 0 106 12 0 1 0 0 92 33 0 1 0 0 109 42 0 1 0 0 107 42 0 1 0 2 105 71 0 1 0 2 99
4/4 12 0 1 0 0 104 53 0 1 0 0 90 72 0 1 0 0 94 52 0 1 0 2 102 22 0 1 0 2 91 42 0 1 0 2 100
4/4 62 0 1 0 0 108 12 0 1 0 0 91 32 0 1 0 0 93 72 0 1 0 2 90 22 0 1 0 2 101 42 0 1 0 2 110
4/4 62 0 1 0 0 91 12 0 1 0 0 101 42 0 1 0 0 98 62 0 1 0 1 107 33 0 1 0 1 98 72 0 1 0 1 105
4/4 62 0 1 0 0 108 12 0 1 0 0 90 42 0 1 0 0 103 52 0 1 0 1 93 33 0 1 0 1 94 72 0 1 0 1 110
4/4 72 0 1 0 0 105 22 0 1 0 0 103 42 0 1 0 0 98 72 0 1 0 1 91 22 0 1 0 1 96 42 0 1 0 1 105 32 0 1 0 2 94 72 0 1 0 2 98 32 0 1 0 2 105
4/4 72 0 1 0 0 100 22 0 1 0 0 92 42 0 1 0 0 105 72 0 1 0 1 105 22 0 1 0 1 104 42 0 1 0 1 106 32 0 1 0 2 100 72 0 1 0 2 107 32 0 1 0 2 107
4/4 62 0 1 0 0 94 33 0 1 0 0 109 63 0 1 0 0 96 12 0 1 0 0 110
4/4 52 0 1 0 0 101 22 0 1 0 0 109 43 0 1 0 0 102 72 0 1 0 0 93
4/4 42 0 1 0 0 101 12 0 1 0 0 107 33 0 1 0 0 110 62 0 1 0 0 97
4/4 52 0 1 0 0 100 712 0 1 0 0 97 22 0 1 0 0 95 43 0 1 0 0 100 52 0 1 0 0 94
4/4 12 0 1 0 0 94 33 0 1 0 0 95 52 0 1 0 0 104 72 0 1 0 1 92 22 0 1 0 1 100 42 0 1 0 1 92
4/4 62 0 1 0 0 91 12 0 1 0 0 110 32 0 1 0 0 97 72 0 1 0 1 97 22 0 1 0 1 95 42 0 1 0 1 97
4/4 62 0 1 0 0 101 12 0 1 0 0 107 32 0 1 0 0 110 52 0 1 0 2 106 72 0 1 0 2 104 33 0 1 0 2 107 42 0 1 0 2 99
4/4 62 0 1 0 0 91 12 0 1 0 0 101 32 0 1 0 0 110 52 0 1 0 2 101 72 0 1 0 2 107 33 0 1 0 2 101 42 0 1 0 2 96
4/4 62 0 1 0 0 99 12 0 1 0 0 95 33 0 1 0 0 95 42 0 1 0 0 91 42 0 1 0 2 95 71 0 1 0 2 109
4/4 62 0 1 0 0 106 12 0 1 0 0 96 33 0 1 0 0 90 42 0 1 0 0 107 42 0 1 0 2 91 71 0 1 0 2 91
4/4 12 0 1 0 0 101 53 0 1 0 0 104 72 0 1 0 0 97 52 0 1 0 2 102 22 0 1 0 2 104 42 0 1 0 2 107
4/4 62 0 1 0 0 101 12 0 1 0 0 105 32 0 1 0 0 90 72 0 1 0 2 94 22 0 1 0 2 90 42 0 1 0 2 109
4/4 62 0 1 0 0 96 12 0 1 0 0 95 42 0 1 0 0 95 62 0 1 0 1 91 33 0 1 0 1 103 72 0 1 0 1 95
4/4 62 0 1 0 0 101 12 0 1 0 0 98 42 0 1 0 0 93 52 0 1 0 1 100 33 0 1 0 1 95 72 0 1 0 1 110
4/4
4/4
4/4
4/4 31 0 1 0 0 90 31 0 1 0 0 102 31 0 1 1 35 103 31 0 1 1 35 105
4/4 31 0 1 0 0 93 31 0 1 0 0 104 31 0 1 1 35 108 31 0 1 1 35 94
4/4 221 0 1 0 0 91 221 0 1 0 0 97 221 0 1 1 35 109 221 0 1 1 35 91
4/4 221 0 1 0 0 107 221 0 1 0 0 104 221 0 1 1 35 95 221 0 1 1 35 93
4/4 31 0 1 0 0 100 31 0 1 0 0 97 31 0 1 1 35 92 31 0 1 1 35 107
4/4 31 0 1 0 0 109 31 0 1 0 0 97 31 0 1 1 35 100 31 0 1 1 35 100
4/4 221 0 1 0 0 105 221 0 1 0 0 98 221 0 1 1 35 90 221 0 1 1 35 91
4/4 221 0 1 0 0 103 221 0 1 0 0 94 221 0 1 1 35 91 221 0 1 1 35 105
4/4 11 0 1 0 0 101 11 0 1 0 0 90 11 0 1 1 35 91 11 0 1 1 35 110
4/4 11 0 1 0 0 105 11 0 1 0 0 105
4/4 12 0 1 0 0 92 33 0 1 0 0 91 52 0 1 0 0 109 11 0 1 1 15 92 11 0 1 1 15 101 11 0 1 0 2 92 11 0 1 0 2 93 71 0 1 1 35 95 71 0 1 1 35 102
4/4 31 0 1 0 0 92 31 0 1 0 0 96 31 0 1 1 35 90 31 0 1 1 35 92
4/4 31 0 1 0 0 105 31 0 1 0 0 104 31 0 1 1 35 110 31 0 1 1 35 94
4/4 311 0 1 0 0 106 311 0 1 0 0 101 311 1 5 1 15 110 311 1 15 0 2 97 311 1 5 1 35 108
4/4 41 0 1 0 0 101 41 0 1 0 0 96
4/4 41 0 1 0 0 105 41 0 1 0 0 102
