6/8 74 1 5 1 25 109
6/8 35 2 75 0 0 98 74 2 25 2 75 108 35 1 5 0 1 108 45 0 1 1 15 97 74 1 5 1 25 107
6/8 55 2 75 0 0 108 65 2 25 2 75 93 75 1 5 0 1 95 75 2 125 1 15 107
6/8 65 0 1 0 0 109 65 1 5 0 1 101 65 2 75 1 15 103 55 2 25 2 225 93 45 1 5 1 25 110
6/8 55 2 125 0 0 108 35 0 1 1 15 109 74 1 5 1 25 98
6/8 35 2 75 0 0 109 74 2 25 2 75 101 35 1 5 0 1 106 45 0 1 1 15 96 74 1 5 1 25 103
6/8 55 2 75 0 0 106 65 2 25 2 75 106 75 1 5 0 1 104 75 2 125 1 15 91
6/8 65 0 1 0 0 109 65 1 5 0 1 90 65 2 75 1 15 107 55 2 25 2 225 98 45 1 5 1 25 108
6/8 35 0 1 0 0 106 55 1 5 0 1 106 35 0 1 1 15 102 35 1 5 1 25 90
6/8 15 0 1 0 0 91 15 1 5 0 1 99 15 2 75 1 15 102 75 2 25 2 225 107 65 1 5 1 25 103
6/8 75 2 75 0 0 110 35 2 25 2 75 97 35 1 5 0 1 98 35 0 1 1 15 101 35 1 5 1 25 109
6/8 15 0 1 0 0 104 15 1 5 0 1 96 15 2 75 1 15 106 75 2 25 2 225 94 65 1 5 1 25 96
6/8 75 3 2667 0 0 93
6/8 55 2 75 0 0 109 55 2 25 2 75 109 55 1 5 0 1 103 65 1 5 1 15 90 55 1 5 0 2 99 45 1 5 1 25 102
6/8 35 0 1 0 0 106 55 1 5 0 1 100 14 2 125 1 15 90
6/8 45 2 75 0 0 104 45 2 25 2 75 96 45 1 5 0 1 94 45 1 5 1 15 90 315 1 5 0 2 91 45 1 5 1 25 97
6/8 75 1 25 0 0 101 74 1 5 1 25 99
6/8 35 2 75 0 0 99 74 2 25 2 75 95 35 1 5 0 1 109 45 0 1 1 15 101 74 1 5 1 25 110
6/8 55 2 75 0 0 90 65 2 25 2 75 105 75 1 5 0 1 93 75 2 125 1 15 108
6/8 65 0 1 0 0 107 65 1 5 0 1 97 65 2 75 1 15 92 55 2 25 2 225 99 45 1 5 1 25 102
6/8 35 0 1 0 0 90 55 1 5 0 1 95 35 1 15 1 15 100
6/8 34 2 75 0 0 101 73 2 25 2 75 91 34 1 5 0 1 98 44 0 1 1 15 92 73 1 5 1 25 99
6/8 54 2 75 0 0 90 44 2 25 2 75 95 54 2 25 0 1 97 64 2 25 2 125 90 74 0 1 1 15 105 54 1 5 1 25 98
6/8 64 0 1 0 0 91 64 1 5 0 1 104 64 1 5 1 15 90 74 2 25 0 2 100 64 2 25 2 225 93 54 2 25 1 25 95 44 2 25 2 275 96
6/8 54 0 1 0 0 103 34 1 5 0 1 95 35 1 5 0 2 95 45 1 5 1 25 92
6/8 525 2 75 0 0 110 45 2 25 2 75 101 525 1 5 0 1 107 525 0 1 1 15 100 75 1 5 1 25 99
6/8 45 1 25 0 0 107 74 1 5 1 25 106
6/8 35 2 75 0 0 93 224 2 25 2 75 101 35 1 5 0 1 101 35 0 1 1 15 99 525 1 5 1 25 92
6/8 224 1 25 0 0 95 74 1 5 1 25 96
6/8 714 2 75 0 0 103 74 2 25 2 75 101 714 1 5 0 1 94 525 0 1 1 15 106 714 1 5 1 25 92
6/8 74 2 75 0 0 94 64 2 25 2 75 91 74 1 5 0 1 92 525 0 1 1 15 92 525 1 5 1 25 96
6/8 45 0 1 0 0 106 14 1 5 0 1 98 14 0 1 1 15 95 45 1 5 1 25 94
6/8 45 0 2 0 0 92 35 1 5 0 2 97 45 1 5 1 25 92
6/8 525 2 75 0 0 97 45 2 25 2 75 103 525 1 5 0 1 104 525 0 1 1 15 103 75 1 5 1 25 102
6/8 45 1 25 0 0 107 74 1 5 1 25 101
6/8 35 2 75 0 0 96 224 2 25 2 75 91 35 1 5 0 1 108 35 0 1 1 15 105 525 1 5 1 25 107
6/8 224 1 25 0 0 98 74 1 5 1 25 93
6/8 714 0 1 0 0 99 525 1 5 0 1 107 525 2 75 1 15 103 45 2 25 2 225 105 525 1 5 1 25 102
6/8 65 0 1 0 0 91 75 1 5 0 1 97 525 1 15 1 15 94
6/8 525 2 75 0 0 90 45 2 25 2 75 108 35 1 5 0 1 100 45 0 1 1 15 95 24 1 5 1 25 93
6/8 35 1 25 0 0 104 525 2 25 1 25 98 65 2 25 2 275 100
6/8 75 2 75 0 0 110 65 2 25 2 75 93 75 1 5 0 1 100 75 0 1 1 15 97 225 1 5 1 25 92
6/8 65 1 25 0 0 100 224 1 5 1 25 105
6/8 525 2 75 0 0 95 45 2 25 2 75 91 525 1 5 0 1 105 525 0 1 1 15 104 75 1 5 1 25 98
6/8 75 1 25 0 0 95 75 1 5 1 25 100
6/8 36 0 2 0 0 93 225 1 5 0 2 103 715 1 5 1 25 110
6/8 225 0 1 0 0 103 525 1 5 0 1 109 525 1 15 1 15 97
6/8 715 1 5 0 0 105 75 2 25 1 5 103 715 2 25 2 75 101 75 2 25 0 1 97 65 2 25 2 125 102 525 1 5 1 15 109 45 2 25 0 2 92 525 2 25 2 225 98 65 2 25 1 25 98 45 2 25 2 275 96
6/8 75 0 3 0 0 91
6/8 75 1 15 0 0 97 35 2 25 1 25 92 45 2 25 2 275 100
6/8 525 2 75 0 0 95 45 2 25 2 75 108 525 1 5 0 1 103 525 0 1 1 15 90 75 1 5 1 25 103
6/8 45 1 25 0 0 100 74 1 5 1 25 102
6/8 35 2 75 0 0 94 224 2 25 2 75 102 35 1 5 0 1 103 35 0 1 1 15 93 525 1 5 1 25 108
6/8 224 1 25 0 0 109 74 1 5 1 25 110
6/8 714 0 1 0 0 96 525 1 5 0 1 108 525 2 75 1 15 94 45 2 25 2 225 95 525 1 5 1 25 98
6/8 65 0 1 0 0 92 75 1 5 0 1 103 525 1 15 1 15 110
6/8 525 2 75 0 0 92 45 2 25 2 75 104 35 1 5 0 1 108 45 0 1 1 15 94 24 1 5 1 25 98
6/8 35 1 25 0 0 94 73 1 5 1 25 100
6/8 34 2 75 0 0 97 73 2 25 2 75 101 34 1 5 0 1 90 44 2 75 1 15 90 34 2 25 2 225 101 44 1 5 1 25 91
6/8 54 1 5 0 0 104 34 2 25 1 5 98 44 2 25 2 75 102 54 2 25 0 1 106 64 2 25 2 125 108 74 0 1 1 15 102 54 1 5 1 25 108
6/8 64 0 1 0 0 99 64 1 5 0 1 94 64 1 5 1 15 99 74 2 25 0 2 97 64 2 25 2 225 107 54 2 25 1 25 101 44 2 25 2 275 107
6/8 54 0 1 0 0 105 34 1 5 0 1 92 74 1 5 1 25 102
6/8 35 2 75 0 0 92 74 2 25 2 75 95 35 1 5 0 1 110 45 0 1 1 15 95 74 1 5 1 25 110
6/8 55 2 75 0 0 96 65 2 25 2 75 103 75 1 5 0 1 91 75 2 125 1 15 96
6/8 65 0 1 0 0 101 65 1 5 0 1 92 65 2 75 1 15 100 55 2 25 2 225 101 45 1 5 1 25 94
6/8 55 2 125 0 0 106 35 0 1 1 15 101 74 1 5 1 25 103
6/8 35 2 75 0 0 90 74 2 25 2 75 100 35 1 5 0 1 98 45 0 1 1 15 105 74 1 5 1 25 97
6/8 55 2 75 0 0 101 65 2 25 2 75 100 75 1 5 0 1 109 75 2 125 1 15 105
6/8 65 0 1 0 0 97 65 1 5 0 1 92 65 2 75 1 15 99 55 2 25 2 225 91 45 1 5 1 25 99
6/8 35 0 1 0 0 110 55 1 5 0 1 101 35 0 1 1 15 92 35 1 5 1 25 96
6/8 15 0 1 0 0 96 15 1 5 0 1 91 15 2 75 1 15 91 75 2 25 2 225 104 65 1 5 1 25 101
6/8 75 2 75 0 0 107 35 2 25 2 75 97 35 1 5 0 1 90 35 0 1 1 15 92 35 1 5 1 25 92
6/8 15 0 1 0 0 103 15 1 5 0 1 105 15 2 75 1 15 107 75 2 25 2 225 90 65 1 5 1 25 90
6/8 75 3 2667 0 0 108
6/8 55 2 75 0 0 101 55 2 25 2 75 101 55 1 5 0 1 100 65 1 5 1 15 90 55 1 5 0 2 91 45 1 5 1 25 108
6/8 35 0 1 0 0 93 55 1 5 0 1 90 14 2 125 1 15 90
6/8 45 2 75 0 0 107 45 2 25 2 75 93 45 1 5 0 1 98 45 1 5 1 15 95 315 1 5 0 2 94 45 1 5 1 25 101
6/8 75 1 25 0 0 90 74 1 5 1 25 108
6/8 35 2 75 0 0 103 74 2 25 2 75 91 35 1 5 0 1 102 45 0 1 1 15 93 74 1 5 1 25 100
6/8 55 2 75 0 0 110 65 2 25 2 75 93 75 1 5 0 1 96 75 2 125 1 15 96
6/8 65 0 1 0 0 99 65 1 5 0 1 92 65 2 75 1 15 106 55 2 25 2 225 109 45 1 5 1 25 106
6/8 35 0 1 0 0 95 55 1 5 0 1 109 35 0 1 1 15 91 74 1 5 1 25 97
6/8 35 2 75 0 0 106 74 2 25 2 75 102 35 1 5 0 1 93 45 0 1 1 15 101 74 1 5 1 25 100
6/8 55 2 75 0 0 92 65 2 25 2 75 93 75 1 5 0 1 95 75 1 15 1 15 103
6/8 65 0 1 0 0 107 65 1 5 0 1 103 65 2 75 1 15 97 55 2 25 2 225 100 45 1 5 1 25 93
6/8 35 0 1 0 0 106 55 1 5 0 1 109 35 1 15 1 15 95
6/8
6/8 73 0 1 0 0 109 34 0 1 0 0 99 54 0 1 0 0 92 73 0 1 1 15 103 23 0 1 1 15 92 44 0 1 1 15 96
6/8 73 0 1 0 0 98 34 0 1 0 0 101 54 0 1 0 0 105
6/8 73 0 1 0 0 91 23 0 1 0 0 93 44 0 1 0 0 95 73 0 1 1 15 100 23 0 1 1 15 100 44 0 1 1 15 107
6/8 73 0 1 0 0 101 34 0 1 0 0 102 54 0 1 0 0 100
6/8 73 0 1 0 0 92 34 0 1 0 0 98 54 0 1 0 0 90 73 0 1 1 15 93 23 0 1 1 15 101 44 0 1 1 15 93
6/8 73 0 1 0 0 97 34 0 1 0 0 100 54 0 1 0 0 101
6/8 73 0 1 0 0 105 23 0 1 0 0 105 44 0 1 0 0 100 73 0 1 1 15 100 23 0 1 1 15 97 44 0 1 1 15 108
6/8 73 0 1 0 0 105 34 0 1 0 0 90 54 0 1 0 0 91
6/8 13 0 1 0 0 108 34 0 1 0 0 105 64 0 1 0 0 100 13 0 1 1 15 108 34 0 1 1 15 90 64 0 1 1 15 91
6/8 73 0 1 0 0 99 34 0 1 0 0 97 54 0 1 0 0 103
6/8 13 0 1 0 0 107 34 0 1 0 0 92 64 0 1 0 0 109 13 0 1 1 15 109 34 0 1 1 15 107 64 0 1 1 15 107
6/8 73 0 1 0 0 106 34 0 1 0 0 93 54 0 1 0 0 93 54 1 5 1 15 92 34 1 5 0 2 101 73 1 5 1 25 93
6/8 713 0 1 0 0 93 23 0 1 0 0 100 54 0 1 0 0 102 713 0 1 1 15 106 23 0 1 1 15 91 54 0 1 1 15 94
6/8 13 0 1 0 0 105 34 0 1 0 0 95 54 0 1 0 0 102
6/8 613 0 1 0 0 101 34 0 1 0 0 99 44 0 1 0 0 97 613 0 1 1 15 90 34 0 1 1 15 98 44 0 1 1 15 105
6/8 73 0 1 0 0 108 23 0 1 0 0 100 44 0 1 0 0 104 73 1 5 1 15 97 13 1 5 0 2 93 23 1 5 1 25 90
6/8 73 0 1 0 0 94 34 0 1 0 0 108 54 0 1 0 0 107 73 0 1 1 15 98 23 0 1 1 15 109 44 0 1 1 15 94
6/8 73 0 1 0 0 100 34 0 1 0 0 101 54 0 1 0 0 96
6/8 73 0 1 0 0 107 23 0 1 0 0 91 44 0 1 0 0 93 73 0 1 1 15 97 23 0 1 1 15 94 44 0 1 1 15 92
6/8 73 0 1 0 0 96 34 0 1 0 0 109 54 0 1 0 0 104
6/8 33 1 15 0 0 107 72 1 15 1 15 105
6/8 33 0 3 0 0 95
6/8 72 1 15 0 0 98 72 1 15 1 15 101
6/8 33 1 15 0 0 105 73 1 15 1 15 93
6/8 73 0 1 0 0 92 34 0 1 0 0 90 524 0 1 0 0 109
6/8 73 0 1 0 0 97 223 0 1 0 0 91 44 0 1 0 0 99
6/8 713 0 1 0 0 98 34 0 1 0 0 99 524 0 1 0 0 108
6/8 73 0 1 0 0 108 223 0 1 0 0 110 524 0 1 0 0 95
6/8 63 0 1 0 0 104 713 0 1 0 0 97 34 0 1 0 0 97
6/8 523 0 1 0 0 104 73 0 1 0 0 95 34 0 1 0 0 90
6/8 43 0 1 0 0 106 613 0 1 0 0 99 34 0 1 0 0 90
6/8 73 1 5 0 0 104 34 1 5 1 5 99 44 1 5 0 1 110 74 1 15 1 15 90
6/8 73 0 1 0 0 107 34 0 1 0 0 100 524 0 1 0 0 97
6/8 73 0 1 0 0 100 223 0 1 0 0 107 44 0 1 0 0 92
6/8 713 0 1 0 0 98 34 0 1 0 0 99 524 0 1 0 0 101
6/8 73 0 1 0 0 106 223 0 1 0 0 94 524 0 1 0 0 107
6/8 63 0 1 0 0 93 713 0 1 0 0 90 34 0 1 0 0 97
6/8 523 0 1 0 0 99 73 0 1 0 0 104 34 0 1 0 0 107
6/8 63 0 1 0 0 98 713 0 1 0 0 100 34 0 1 0 0 95 73 0 1 1 15 106 23 0 1 1 15 96 44 0 1 1 15 93
6/8 523 0 1 0 0 102 73 0 1 0 0 96 34 0 1 0 0 104 33 1 15 1 15 98
6/8 73 0 1 0 0 90 223 0 1 0 0 96 524 0 1 0 0 96 73 0 1 1 15 101 223 0 1 1 15 95 524 0 1 1 15 97
6/8 63 0 1 0 0 102 223 0 1 0 0 101 44 0 1 0 0 104 63 0 1 1 15 92 223 0 1 1 15 106 44 0 1 1 15 94
6/8 73 0 1 0 0 110 34 0 1 0 0 110 524 0 1 0 0 102 73 0 1 1 15 101 34 0 1 1 15 92 524 0 1 1 15 107
6/8 73 0 1 0 0 91 223 0 1 0 0 109 44 0 1 0 0 105 73 0 1 1 15 100 223 0 1 1 15 102 44 0 1 1 15 95
6/8 713 0 1 0 0 94 34 0 1 0 0 103 524 0 1 0 0 101 713 0 1 1 15 97 34 0 1 1 15 97 524 0 1 1 15 107
6/8 73 0 1 0 0 110 223 0 1 0 0 106 524 0 1 0 0 107 73 0 1 1 15 96 223 0 1 1 15 95 524 0 1 1 15 107
6/8 63 0 1 0 0 91 713 0 1 0 0 91 34 0 1 0 0 98 63 0 1 1 15 92 713 0 1 1 15 93 34 0 1 1 15 98
6/8 73 1 5 0 0 99 23 1 5 1 5 103 44 1 5 0 1 105 64 1 5 1 15 93 44 1 5 0 2 95 23 1 5 1 25 100
6/8 73 1 5 0 0 109 23 1 5 1 5 96 44 1 5 0 1 110 64 1 5 1 15 106 44 1 5 0 2 98 23 1 5 1 25 96
6/8 73 0 1 0 0 96 34 0 1 0 0 104 524 0 1 0 0 92 73 0 1 1 15 99 34 0 1 1 15 103 524 0 1 1 15 100
6/8 73 1 5 0 0 104 223 1 5 1 5 94 44 1 5 0 1 103 73 1 15 1 15 110
6/8 713 0 1 0 0 99 34 0 1 0 0 102 524 0 1 0 0 90 713 0 1 1 15 92 34 0 1 1 15 109 524 0 1 1 15 98
6/8 523 1 5 0 0 92 73 1 5 1 5 102 223 1 5 0 1 110 524 1 15 1 15 92
6/8 63 0 1 0 0 110 713 0 1 0 0 95 34 0 1 0 0 108 63 0 1 1 15 92 713 0 1 1 15 95 34 0 1 1 15 93
6/8 523 0 1 0 0 98 73 0 1 0 0 110 34 0 1 0 0 93 73 1 5 1 15 98 34 1 5 0 2 97 73 1 5 1 25 94
6/8 63 0 1 0 0 107 713 0 1 0 0 102 34 0 1 0 0 108 73 0 1 1 15 94 23 0 1 1 15 100 44 0 1 1 15 102
6/8 34 1 5 0 0 91 73 1 5 1 5 98 523 1 5 0 1 92 33 1 15 1 15 93
6/8 33 1 15 0 0 95 72 1 15 1 15 102
6/8 33 0 3 0 0 107
6/8 72 1 15 0 0 101 72 1 15 1 15 108
6/8 33 1 15 0 0 93 73 1 15 1 15 93
6/8 73 0 1 0 0 90 34 0 1 0 0 100 54 0 1 0 0 96 73 0 1 1 15 99 23 0 1 1 15 101 44 0 1 1 15 104
6/8 73 0 1 0 0 97 34 0 1 0 0 98 54 0 1 0 0 94
6/8 73 0 1 0 0 94 23 0 1 0 0 107 44 0 1 0 0 93 73 0 1 1 15 101 23 0 1 1 15 91 44 0 1 1 15 99
6/8 73 0 1 0 0 105 34 0 1 0 0 91 54 0 1 0 0 103
6/8 73 0 1 0 0 102 34 0 1 0 0 90 54 0 1 0 0 102 73 0 1 1 15 90 23 0 1 1 15 99 44 0 1 1 15 97
6/8 73 0 1 0 0 98 34 0 1 0 0 90 54 0 1 0 0 110
6/8 73 0 1 0 0 108 23 0 1 0 0 105 44 0 1 0 0 92 73 0 1 1 15 102 23 0 1 1 15 107 44 0 1 1 15 90
6/8 73 0 1 0 0 98 34 0 1 0 0 92 54 0 1 0 0 97
6/8 13 0 1 0 0 100 34 0 1 0 0 90 64 0 1 0 0 96 13 0 1 1 15 94 34 0 1 1 15 108 64 0 1 1 15 105
6/8 73 0 1 0 0 108 34 0 1 0 0 104 54 0 1 0 0 103
6/8 13 0 1 0 0 110 34 0 1 0 0 95 64 0 1 0 0 91 13 0 1 1 15 98 34 0 1 1 15 106 64 0 1 1 15 100
6/8 73 0 1 0 0 110 34 0 1 0 0 98 54 0 1 0 0 108 54 1 5 1 15 107 34 1 5 0 2 94 73 1 5 1 25 103
6/8 713 0 1 0 0 93 23 0 1 0 0 105 54 0 1 0 0 110 713 0 1 1 15 98 23 0 1 1 15 109 54 0 1 1 15 106
6/8 13 0 1 0 0 101 34 0 1 0 0 92 54 0 1 0 0 107
6/8 613 0 1 0 0 93 34 0 1 0 0 91 44 0 1 0 0 104 613 0 1 1 15 92 34 0 1 1 15 108 44 0 1 1 15 101
6/8 73 0 1 0 0 98 23 0 1 0 0 93 44 0 1 0 0 92 73 1 5 1 15 103 13 1 5 0 2 103 23 1 5 1 25 105
6/8 73 0 1 0 0 90 34 0 1 0 0 106 54 0 1 0 0 107 73 0 1 1 15 97 23 0 1 1 15 110 44 0 1 1 15 99
6/8 73 0 1 0 0 107 34 0 1 0 0 92 54 0 1 0 0 97
6/8 73 0 1 0 0 99 23 0 1 0 0 104 44 0 1 0 0 108 73 0 1 1 15 107 23 0 1 1 15 100 44 0 1 1 15 105
6/8 73 0 1 0 0 95 34 0 1 0 0 94 54 0 1 0 0 110
6/8 73 0 1 0 0 107 34 0 1 0 0 98 54 0 1 0 0 99 73 0 1 1 15 109 23 0 1 1 15 96 44 0 1 1 15 110
6/8 73 0 1 0 0 102 34 0 1 0 0 106 54 0 1 0 0 104
6/8 73 0 1 0 0 90 23 0 1 0 0 91 44 0 1 0 0 96 73 0 1 1 15 101 23 0 1 1 15 92 44 0 1 1 15 92
6/8 34 1 5 0 0 102 73 1 5 1 5 109 53 1 5 0 1 107 33 1 15 1 15 99
