4/4 73 0 1 0 0 103 44 0 1 0 0 94 524 0 1 0 0 100 73 0 1 0 0 90 33 1 5 1 35 107
4/4 73 1 25 0 0 97 63 1 5 1 25 94 523 1 5 0 3 108 43 1 5 1 35 104
4/4 43 0 3 0 0 99 72 0 1 0 3 101
4/4 43 1 25 0 0 101 33 1 5 1 25 94 222 1 5 0 3 102 12 1 5 1 35 96
4/4 222 0 3 0 0 90
4/4 33 3 667 0 0 98 43 3 667 3 667 107 523 3 667 3 1333 104 33 0 2 0 2 93
4/4 523 0 1 0 1 106 63 0 1 0 2 91 73 0 1 0 3 96
4/4 223 1 15 0 0 96 713 1 5 1 15 109 713 3 667 0 2 105 73 3 667 3 2667 93 63 3 667 3 3333 98
4/4 63 0 2 0 0 100 523 0 1 0 2 108 63 0 1 0 3 96
4/4 73 0 4 0 0 95 222 0 1 0 1 108 42 0 1 0 1 94 33 0 1 0 2 98 522 0 1 0 2 106 43 0 1 0 3 94 62 0 1 0 3 91
4/4 22 0 1 0 0 54 43 0 1 0 0 103 72 0 1 0 0 103 34 1 5 0 3 94 524 1 5 1 35 92
4/4 74 1 25 0 0 97 64 1 5 1 25 99 524 1 5 0 3 105 44 1 5 1 35 105
4/4 44 0 3 0 0 99 73 1 5 1 35 103
4/4 44 1 25 0 0 93 34 1 5 1 25 99 223 1 5 0 3 110 13 1 5 1 35 106
4/4 223 0 3 0 0 92
4/4 34 3 667 0 0 104 44 3 667 3 667 102 524 3 667 3 1333 103 34 0 2 0 2 95
4/4 524 0 1 0 1 101 64 0 1 0 2 102 74 0 1 0 3 95
4/4 74 0 2 0 0 110 35 0 2 0 2 101
4/4 35 0 2 0 0 95 224 0 1 0 2 104 14 0 1 0 3 91
4/4 74 0 4 0 0 96
4/4 74 0 4 0 0 96
4/4 713 0 1 0 0 100 34 0 1 0 0 96 523 0 1 0 0 108
4/4 73 0 1 0 0 110 223 0 1 0 0 90 523 0 1 0 0 101
4/4 713 0 1 0 0 101 34 0 1 0 0 94 523 0 1 0 0 107
4/4 73 0 1 0 0 106 223 0 1 0 0 92 523 0 1 0 0 104
4/4 34 3 667 0 0 109 44 3 667 3 667 103 524 3 667 3 1333 98 524 0 2 0 2 95
4/4 64 3 667 0 0 104 74 3 667 3 667 105 714 3 667 3 1333 107 224 0 1 0 2 104 35 0 1 0 3 107
4/4 45 0 4 0 0 109
4/4 525 0 4 0 0 106
4/4
4/4 31 1 5 0 0 106 71 1 5 1 5 103 522 3 2667 0 1 103
4/4 31 1 5 0 0 95 71 1 5 1 5 96 522 3 2667 0 1 104
4/4 71 1 5 0 0 101 42 1 5 1 5 91 222 3 2667 0 1 98
4/4 71 1 5 0 0 108 42 1 5 1 5 106 222 3 2667 0 1 108
4/4 711 1 5 0 0 99 522 1 5 1 5 109 712 3 2667 0 1 106
4/4 71 1 5 0 0 95 522 1 5 1 5 101 222 3 2667 0 1 97
4/4 711 1 5 0 0 109 522 1 5 1 5 107 712 3 2667 0 1 103
4/4 11 1 5 0 0 99 62 1 5 1 5 108 33 3 2667 0 1 101
4/4 221 1 5 0 0 95 62 1 5 1 5 98 222 3 2667 0 1 98
4/4 21 0 1 0 0 57 711 0 1 0 0 107 72 2 175 0 1 99
4/4 32 1 5 0 0 104 72 1 5 1 5 97 33 0 1 0 1 107 522 0 1 0 1 95 72 1 5 1 15 106 43 0 1 0 2 92 62 0 1 0 2 99 72 1 5 1 25 92 33 0 1 0 3 105 522 0 1 0 3 90 72 1 5 1 35 98
4/4 32 1 5 0 0 106 72 1 5 1 5 92 33 0 1 0 1 104 522 0 1 0 1 101 72 1 5 1 15 100 43 0 1 0 2 98 62 0 1 0 2 100 72 1 5 1 25 102 33 0 1 0 3 98 522 0 1 0 3 95 72 1 5 1 35 105
4/4 71 1 5 0 0 91 42 1 5 1 5 95 72 0 1 0 1 99 221 0 1 0 1 99 42 1 5 1 15 96 12 0 1 0 2 105 32 0 1 0 2 102 42 1 5 1 25 98 72 0 1 0 3 105 221 0 1 0 3 92 42 1 5 1 35 104
4/4 71 1 5 0 0 90 42 1 5 1 5 101 72 0 1 0 1 110 221 0 1 0 1 98 42 1 5 1 15 100 12 0 1 0 2 101 32 0 1 0 2 91 42 1 5 1 25 98 72 0 1 0 3 90 221 0 1 0 3 93 42 1 5 1 35 108
4/4 711 1 5 0 0 110 522 1 5 1 5 99 712 0 1 0 1 98 32 0 1 0 1 96 522 1 5 1 15 96 222 0 1 0 2 95 42 0 1 0 2 93 522 1 5 1 25 108 712 0 1 0 3 97 32 0 1 0 3 104 522 1 5 1 35 92
4/4 71 1 5 0 0 106 522 1 5 1 5 99 222 0 1 0 1 105 522 0 1 0 1 101 522 1 5 1 15 94 222 0 1 0 2 110 522 0 1 0 2 96 522 1 5 1 25 101 222 0 1 0 3 95 522 0 1 0 3 93 522 1 5 1 35 92
4/4 61 1 5 0 0 96 32 1 5 1 5 90 62 0 1 0 1 102 711 0 1 0 1 99 32 1 5 1 15 108 72 0 1 0 2 93 221 0 1 0 2 95 32 1 5 1 25 90 62 0 1 0 3 101 711 0 1 0 3 109 32 1 5 1 35 99
4/4 42 1 5 0 0 109 12 1 5 1 5 91 43 0 1 0 1 102 62 0 1 0 1 58 12 1 5 1 15 95 53 0 1 0 2 69 72 0 1 0 2 96 12 1 5 1 25 104 613 0 1 0 3 71 12 0 1 0 3 104 12 1 5 1 35 98
4/4 71 1 5 0 0 91 42 1 5 1 5 90 72 0 1 0 1 100 221 0 1 0 1 92 42 1 5 1 15 108 12 0 1 0 2 93 32 0 1 0 2 92 72 0 1 1 25 90 221 0 1 1 25 95 42 1 5 1 35 101
4/4 71 1 5 0 0 110 42 1 5 1 5 99 72 0 1 0 1 91 221 0 1 0 1 94 42 1 5 1 15 105 12 0 1 0 2 90 32 0 1 0 2 98 72 0 1 1 25 94 221 0 1 1 25 108 42 1 5 1 35 106
4/4 74 3 667 0 0 98 64 3 667 3 667 95 74 3 667 3 1333 107 34 2 175 0 2 98
4/4 64 3 667 0 0 90 524 3 667 3 667 90 64 3 667 3 1333 92 223 2 175 0 2 109
4/4 74 3 667 0 0 94 64 3 667 3 667 91 74 3 667 3 1333 107 34 2 175 0 2 98
4/4 64 3 667 0 0 106 524 3 667 3 667 94 64 3 667 3 1333 105 223 2 175 0 2 101
4/4 62 0 1 0 0 97 712 0 1 0 0 97 33 0 1 0 0 91 522 0 1 0 0 102
4/4 522 0 1 0 0 96 712 0 1 0 0 110 33 0 1 0 0 90 522 0 1 0 0 105
4/4 42 0 1 0 0 103 12 0 1 0 0 106 42 0 1 0 0 90
4/4 312 0 1 0 0 97 712 0 1 0 0 103 21 0 1 0 0 107
