4/4 34 1 5 0 3 104 44 1 5 1 35 97
4/4 524 2 125 0 0 110 44 1 5 1 15 102 524 0 1 0 2 92 74 0 1 0 3 97
4/4 44 3 2667 0 0 97 73 0 1 0 3 100
4/4 34 2 125 0 0 91 223 1 5 1 15 108 34 0 1 0 2 103 524 0 1 0 3 100
4/4 223 3 2667 0 0 108 73 0 1 0 3 90
4/4 713 2 125 0 0 97 73 1 5 1 15 98 713 1 5 0 2 90 524 1 15 1 25 109
4/4 73 0 3 0 0 104 524 0 1 0 3 105
4/4 44 1 15 0 0 106 13 1 5 1 15 95 13 0 1 0 2 91 44 0 1 0 3 93
4/4 44 0 2 0 0 97 34 1 5 0 3 92 44 1 5 1 35 90
4/4 524 1 15 0 0 96 44 1 5 1 15 105 524 0 1 0 2 106 74 0 1 0 3 96
4/4 44 0 3 0 0 100 73 0 1 0 3 66
4/4 34 2 125 0 0 108 223 1 5 1 15 100 34 0 1 0 2 108 524 0 1 0 3 90
4/4 223 3 2667 0 0 96 73 0 1 0 3 110
4/4 713 0 1 0 0 99 524 1 5 0 1 97 44 1 15 1 15 107 524 0 1 0 3 93
4/4 64 0 1 0 0 97 74 1 5 0 1 100 524 1 25 1 15 97
4/4 524 1 5 0 0 101 44 1 5 1 5 90 34 0 1 0 1 98 44 0 1 0 2 100 23 0 1 0 3 109
4/4 34 0 2 0 0 93 524 1 5 0 3 95 64 1 5 1 35 108
4/4 74 1 15 0 0 102 64 1 5 1 15 90 74 3 667 0 2 110 714 3 667 3 2667 93 224 3 667 3 3333 94
4/4 64 0 3 0 0 92 223 0 1 0 3 97
4/4 524 1 25 0 0 92 64 0 1 1 25 106 74 1 5 1 35 108
4/4 74 0 4 0 0 110
4/4 34 1 5 0 0 96 44 1 5 1 5 96 524 0 1 0 1 101 44 1 5 0 2 93 524 1 5 1 25 97 64 0 1 0 3 98
4/4 524 1 15 0 0 91 223 1 5 1 15 106 223 0 2 0 2 102
4/4 714 0 1 0 0 104 74 0 1 0 1 102 64 0 1 0 2 106 524 0 1 0 3 105
4/4 74 0 1 0 0 102 223 0 1 0 1 109 224 0 1 0 2 109 714 0 1 0 3 96
4/4 74 1 25 0 0 92 64 1 5 1 25 103 23 1 5 0 3 99 34 1 5 1 35 107
4/4 44 0 2 0 0 110 34 1 5 0 3 103 44 1 5 1 35 103
4/4 524 2 125 0 0 95 44 1 5 1 15 98 524 0 1 0 2 92 74 0 1 0 3 96
4/4 44 0 1 0 0 103 73 2 175 0 1 92 73 0 1 0 3 97
4/4 34 2 125 0 0 110 223 1 5 1 15 105 34 0 1 0 2 109 524 0 1 0 3 94
4/4 223 3 2667 0 0 109 73 0 1 0 3 97
4/4 713 0 1 0 0 101 524 1 5 0 1 110 44 1 15 1 15 92 524 0 1 0 3 90
4/4 64 0 1 0 0 102 74 1 5 0 1 98 524 1 25 1 15 99
4/4 524 1 5 0 0 90 44 1 5 1 5 91 34 0 1 0 1 105 44 0 1 0 2 94 23 0 1 0 3 104
4/4 34 0 4 0 0 101
4/4 35 0 4 0 0 92
4/4 35 0 1 0 0 91 35 0 1 0 1 94 224 0 1 0 2 98 714 0 1 0 3 110
4/4 224 1 15 0 0 107 524 1 5 1 15 104 524 0 2 0 2 97
4/4 524 0 1 0 0 107 524 0 1 0 1 90 714 0 1 0 2 108 224 0 1 0 3 104
4/4 35 0 4 0 0 90
4/4 35 0 1 0 0 107 35 0 1 0 1 106 224 0 1 0 2 101 714 0 1 0 3 91
4/4 224 1 15 0 0 102 524 1 5 1 15 106 524 0 2 0 2 103
4/4 524 0 2 0 0 100
4/4
4/4 34 0 3 0 0 104 223 0 1 0 3 104
4/4 223 0 3 0 0 91 713 0 1 0 3 105
4/4 73 0 4 0 0 90
4/4 73 0 1 0 0 100 44 0 1 0 1 103 74 0 1 0 2 95 73 0 1 0 3 99
4/4 524 0 2 0 0 108 44 1 5 0 2 93 34 1 5 1 25 96 223 1 5 0 3 99 13 1 5 1 35 94
4/4 223 1 15 0 0 98 73 1 5 1 15 91 34 0 1 0 2 108 73 0 1 0 3 93
4/4 73 1 15 0 0 95 63 1 5 1 15 106 63 0 2 0 2 107
4/4 713 1 15 0 0 102 73 1 5 1 15 94 73 0 2 0 2 91
4/4 73 0 4 0 0 102
4/4 43 0 3 0 1 109 223 1 25 1 15 93 63 0 2 0 2 98
4/4 63 0 4 0 0 94
4/4
4/4 32 1 5 0 0 108 522 1 5 1 5 93 72 0 1 0 1 103 32 0 1 0 1 92
4/4 221 1 5 0 0 103 42 1 5 1 5 91 72 0 1 0 1 98 221 0 1 0 1 110
4/4 711 1 5 0 0 91 32 1 5 1 5 96 522 0 1 0 1 110 71 0 1 0 1 104 711 0 2 0 2 104
4/4 71 1 5 0 0 105 221 1 5 1 5 101 522 0 1 0 1 102 61 0 1 0 1 98
4/4 61 1 5 0 0 94 711 1 5 1 5 91 32 0 1 0 1 96 521 0 1 0 1 106
4/4 521 1 5 0 0 90 71 1 5 1 5 105 32 0 1 0 1 104 521 0 1 0 1 105
4/4 41 1 5 0 0 104 611 1 5 1 5 96 11 0 1 0 1 102 31 0 1 0 1 96
4/4 71 1 5 0 0 108 21 1 5 1 5 104 42 0 1 0 1 104 71 0 1 0 1 101
4/4 32 1 5 0 0 91 522 1 5 1 5 95 72 0 1 0 1 91 32 0 1 0 1 92
4/4 221 1 5 0 0 104 42 1 5 1 5 98 72 0 1 0 1 97 221 0 1 0 1 99
4/4 711 1 5 0 0 96 32 1 5 1 5 100 522 0 1 0 1 109 71 0 1 0 1 90 711 0 2 0 2 91
4/4 71 1 5 0 0 100 221 1 5 1 5 98 522 0 1 0 1 105 61 0 1 0 1 100
4/4 61 1 5 0 0 101 711 1 5 1 5 92 32 0 1 0 1 98 521 0 1 0 1 109
4/4 31 1 5 0 0 98 71 1 5 1 5 103 32 0 1 0 1 97 521 0 1 0 1 90
4/4 61 1 5 0 0 110 711 1 5 1 5 96 32 0 1 0 1 109 521 0 1 0 1 93 71 1 5 0 2 107 21 1 5 1 25 98 42 0 1 0 3 94 71 0 1 0 3 108
4/4 32 1 5 0 0 106 522 1 5 1 5 101 72 0 1 0 1 91 32 0 1 0 1 109
4/4 522 1 5 0 0 91 72 1 5 1 5 105 222 0 1 0 1 90 522 0 1 0 1 92
4/4 42 1 5 0 0 93 62 1 5 1 5 109 222 0 1 0 1 92 42 0 1 0 1 99
4/4 32 1 5 0 0 94 522 1 5 1 5 103 72 0 1 0 1 95 32 0 1 0 1 103
4/4 221 1 5 0 0 100 42 1 5 1 5 110 72 0 1 0 1 95 221 0 1 0 1 93
4/4 711 1 5 0 0 108 32 1 5 1 5 95 522 0 1 0 1 106 711 0 1 0 1 110 711 1 5 0 2 110 221 1 5 1 25 90 42 0 1 0 3 107 61 0 1 0 3 101
4/4 71 1 5 0 0 90 221 1 5 1 5 90 522 0 1 0 1 95 71 0 1 0 1 108
4/4 61 1 5 0 0 90 711 1 5 1 5 104 32 0 1 0 1 105 521 0 1 0 1 107
4/4 221 1 5 0 0 92 42 1 5 1 5 106 62 0 1 0 1 105 711 0 1 0 1 90
4/4 21 1 5 0 0 100 42 1 5 1 5 98 72 0 1 0 1 110 21 0 1 0 1 103
4/4 71 1 5 0 0 110 21 1 5 1 5 92 42 0 1 0 1 103 71 0 1 0 1 91
4/4 32 1 5 0 0 110 522 1 5 1 5 108 72 0 1 0 1 107 32 0 1 0 1 104
4/4 221 1 5 0 0 100 42 1 5 1 5 90 72 0 1 0 1 105 221 0 1 0 1 99
4/4 711 1 5 0 0 92 32 1 5 1 5 106 522 0 1 0 1 94 71 0 1 0 1 110 711 0 2 0 2 97
4/4 71 1 5 0 0 109 221 1 5 1 5 94 522 0 1 0 1 97 61 0 1 0 1 96
4/4 61 1 5 0 0 103 711 1 5 1 5 107 32 0 1 0 1 109 521 0 1 0 1 97
4/4 31 1 5 0 0 98 71 1 5 1 5 96 32 0 1 0 1 93 521 0 1 0 1 96
4/4 61 1 5 0 0 106 711 1 5 1 5 108 32 0 1 0 1 109 521 0 1 0 1 95 71 1 5 0 2 97 21 1 5 1 25 95 42 0 1 0 3 102 71 0 1 0 3 90
4/4 32 1 5 0 0 103 52 1 5 1 5 105 72 0 1 0 1 106 32 0 1 0 1 110
4/4 313 0 1 0 0 96 63 0 1 0 0 101 712 0 1 0 0 94
4/4 313 0 1 0 0 103 63 0 1 0 0 101 712 0 1 0 0 107
4/4 33 0 1 0 0 90 523 0 1 0 0 101 712 0 1 0 0 108
4/4 33 0 1 0 0 93 523 0 1 0 0 107 712 0 1 0 0 96
4/4 313 0 1 0 0 94 63 0 1 0 0 99 712 0 1 0 0 104
4/4 313 0 1 0 0 92 63 0 1 0 0 99 712 0 1 0 0 90
4/4 33 0 1 0 0 108 523 0 1 0 0 109 712 0 1 0 0 97
4/4 33 0 1 0 0 93 523 0 1 0 0 94 712 0 1 0 0 106 522 1 5 1 25 104 62 1 5 0 3 104 72 1 5 1 35 109
4/4 72 0 3 0 0 90 62 0 1 0 3 99
4/4 313 0 1 0 0 109 62 0 1 0 0 93
4/4 33 0 1 0 0 90 522 0 1 0 0 93
4/4 22 0 1 0 0 92 42 0 1 0 0 108
4/4 22 0 1 0 0 101 42 0 1 0 0 91
4/4 32 0 1 0 0 98 522 0 1 0 0 99 71 0 1 0 0 98 42 0 1 0 2 104 612 0 1 0 2 110 32 0 1 0 2 98
4/4 72 0 1 0 0 98 222 0 1 0 0 92 42 0 1 0 0 107 712 0 1 0 2 94 33 0 1 0 2 97 522 0 1 0 2 90
4/4 12 0 1 0 0 107 33 0 1 0 0 102 522 0 1 0 0 104
4/4 222 0 1 0 0 110 43 0 1 0 0 92 62 0 1 0 0 91
4/4 22 0 1 0 0 103 43 0 1 0 0 93 62 0 1 0 0 95
4/4 32 0 4 0 0 94 72 1 35 1 5 98
4/4 72 0 4 0 0 103
