4/4 74 0 1 0 0 100 45 0 1 0 0 100 525 0 1 0 0 100 74 0 1 0 0 100 34 1 5 1 35 100
4/4 74 1 25 0 0 100 64 1 5 1 25 100 524 1 5 0 3 100 44 1 5 1 35 100
4/4 44 0 3 0 0 100 73 0 1 0 3 100
4/4 44 1 25 0 0 100 34 1 5 1 25 100 223 1 5 0 3 100 13 1 5 1 35 100
4/4 223 0 3 0 0 100
4/4 34 3 667 0 0 100 44 3 667 3 667 100 524 3 667 3 1333 100 34 0 2 0 2 100
4/4 524 0 1 0 1 100 64 0 1 0 2 100 74 0 1 0 3 100
4/4 224 1 15 0 0 100 714 1 5 1 15 100 714 3 667 0 2 100 74 3 667 3 2667 100 64 3 667 3 3333 100
4/4 64 0 2 0 0 100 524 0 1 0 2 100 64 0 1 0 3 100
4/4 74 0 4 0 0 100 223 0 1 0 1 100 43 0 1 0 1 100 34 0 1 0 2 100 523 0 1 0 2 100 44 0 1 0 3 100 63 0 1 0 3 100
4/4 23 0 1 0 0 64 44 0 1 0 0 100 73 0 1 0 0 100 35 1 5 0 3 100 525 1 5 1 35 100
4/4 75 1 25 0 0 100 65 1 5 1 25 100 525 1 5 0 3 100 45 1 5 1 35 100
4/4 45 0 3 0 0 100 74 1 5 1 35 100
4/4 45 1 25 0 0 100 35 1 5 1 25 100 224 1 5 0 3 100 14 1 5 1 35 100
4/4 224 0 3 0 0 100
4/4 35 3 667 0 0 100 45 3 667 3 667 100 525 3 667 3 1333 100 35 0 2 0 2 100
4/4 525 0 1 0 1 100 65 0 1 0 2 100 75 0 1 0 3 100
4/4 75 0 2 0 0 100 36 0 2 0 2 100
4/4 36 0 2 0 0 100 225 0 1 0 2 100 15 0 1 0 3 100
4/4 75 0 4 0 0 100
4/4 75 0 4 0 0 100
4/4 714 0 1 0 0 100 35 0 1 0 0 100 524 0 1 0 0 100
4/4 74 0 1 0 0 100 224 0 1 0 0 100 524 0 1 0 0 100
4/4 714 0 1 0 0 100 35 0 1 0 0 100 524 0 1 0 0 100
4/4 74 0 1 0 0 100 224 0 1 0 0 100 524 0 1 0 0 100
4/4 35 3 667 0 0 100 45 3 667 3 667 100 525 3 667 3 1333 100 525 0 2 0 2 100
4/4 65 3 667 0 0 100 75 3 667 3 667 100 715 3 667 3 1333 100 225 0 1 0 2 100 36 0 1 0 3 100
4/4 46 0 4 0 0 100
4/4 526 0 4 0 0 100
4/4
4/4 32 1 5 0 0 100 72 1 5 1 5 100 523 3 2667 0 1 100
4/4 32 1 5 0 0 100 72 1 5 1 5 100 523 3 2667 0 1 100
4/4 72 1 5 0 0 100 43 1 5 1 5 100 223 3 2667 0 1 100
4/4 72 1 5 0 0 100 43 1 5 1 5 100 223 3 2667 0 1 100
4/4 712 1 5 0 0 100 523 1 5 1 5 100 713 3 2667 0 1 100
4/4 72 1 5 0 0 100 523 1 5 1 5 100 223 3 2667 0 1 100
4/4 712 1 5 0 0 100 523 1 5 1 5 100 713 3 2667 0 1 100
4/4 12 1 5 0 0 100 63 1 5 1 5 100 34 3 2667 0 1 100
4/4 222 1 5 0 0 100 63 1 5 1 5 100 223 3 2667 0 1 100
4/4 22 0 1 0 0 64 712 0 1 0 0 100 73 2 175 0 1 100
4/4 33 1 5 0 0 100 73 1 5 1 5 100 34 0 1 0 1 100 523 0 1 0 1 100 73 1 5 1 15 100 44 0 1 0 2 100 63 0 1 0 2 100 73 1 5 1 25 100 34 0 1 0 3 100 523 0 1 0 3 100 73 1 5 1 35 100
4/4 33 1 5 0 0 100 73 1 5 1 5 100 34 0 1 0 1 100 523 0 1 0 1 100 73 1 5 1 15 100 44 0 1 0 2 100 63 0 1 0 2 100 73 1 5 1 25 100 34 0 1 0 3 100 523 0 1 0 3 100 73 1 5 1 35 100
4/4 72 1 5 0 0 100 43 1 5 1 5 100 73 0 1 0 1 100 222 0 1 0 1 100 43 1 5 1 15 100 13 0 1 0 2 100 33 0 1 0 2 100 43 1 5 1 25 100 73 0 1 0 3 100 222 0 1 0 3 100 43 1 5 1 35 100
4/4 72 1 5 0 0 100 43 1 5 1 5 100 73 0 1 0 1 100 222 0 1 0 1 100 43 1 5 1 15 100 13 0 1 0 2 100 33 0 1 0 2 100 43 1 5 1 25 100 73 0 1 0 3 100 222 0 1 0 3 100 43 1 5 1 35 100
4/4 712 1 5 0 0 100 523 1 5 1 5 100 713 0 1 0 1 100 33 0 1 0 1 100 523 1 5 1 15 100 223 0 1 0 2 100 43 0 1 0 2 100 523 1 5 1 25 100 713 0 1 0 3 100 33 0 1 0 3 100 523 1 5 1 35 100
4/4 72 1 5 0 0 100 523 1 5 1 5 100 223 0 1 0 1 100 523 0 1 0 1 100 523 1 5 1 15 100 223 0 1 0 2 100 523 0 1 0 2 100 523 1 5 1 25 100 223 0 1 0 3 100 523 0 1 0 3 100 523 1 5 1 35 100
4/4 62 1 5 0 0 100 33 1 5 1 5 100 63 0 1 0 1 100 712 0 1 0 1 100 33 1 5 1 15 100 73 0 1 0 2 100 222 0 1 0 2 100 33 1 5 1 25 100 63 0 1 0 3 100 712 0 1 0 3 100 33 1 5 1 35 100
4/4 43 1 5 0 0 100 13 1 5 1 5 100 44 0 1 0 1 100 63 0 1 0 1 64 13 1 5 1 15 100 54 0 1 0 2 64 73 0 1 0 2 100 13 1 5 1 25 100 614 0 1 0 3 64 13 0 1 0 3 100 13 1 5 1 35 100
4/4 72 1 5 0 0 100 43 1 5 1 5 100 73 0 1 0 1 100 222 0 1 0 1 100 43 1 5 1 15 100 13 0 1 0 2 100 33 0 1 0 2 100 73 0 1 1 25 100 222 0 1 1 25 100 43 1 5 1 35 100
4/4 72 1 5 0 0 100 43 1 5 1 5 100 73 0 1 0 1 100 222 0 1 0 1 100 43 1 5 1 15 100 13 0 1 0 2 100 33 0 1 0 2 100 73 0 1 1 25 100 222 0 1 1 25 100 43 1 5 1 35 100
4/4 75 3 667 0 0 100 65 3 667 3 667 100 75 3 667 3 1333 100 35 2 175 0 2 100
4/4 65 3 667 0 0 100 525 3 667 3 667 100 65 3 667 3 1333 100 224 2 175 0 2 100
4/4 75 3 667 0 0 100 65 3 667 3 667 100 75 3 667 3 1333 100 35 2 175 0 2 100
4/4 65 3 667 0 0 100 525 3 667 3 667 100 65 3 667 3 1333 100 224 2 175 0 2 100
4/4 63 0 1 0 0 100 713 0 1 0 0 100 34 0 1 0 0 100 523 0 1 0 0 100
4/4 523 0 1 0 0 100 713 0 1 0 0 100 34 0 1 0 0 100 523 0 1 0 0 100
4/4 43 0 1 0 0 100 13 0 1 0 0 100 43 0 1 0 0 100
4/4 313 0 1 0 0 100 713 0 1 0 0 100 22 0 1 0 0 100
