4/4 65 2 25 0 0 100 75 2 25 2 25 100 36 2 25 1 5 100 75 2 25 2 75 100 65 2 25 0 1 100 75 2 25 2 125 100 36 2 25 1 15 100 75 2 25 2 175 100 65 2 25 0 2 100 75 2 25 2 225 100 36 2 25 1 25 100 75 2 25 2 275 100 65 2 25 0 3 100 75 2 25 2 325 100 36 2 25 1 35 100 75 2 25 2 375 100
4/4 65 2 25 0 0 100 75 2 25 2 25 100 36 2 25 1 5 100 75 2 25 2 75 100 65 2 25 0 1 100 75 2 25 2 125 100 36 2 25 1 15 100 75 2 25 2 175 100 65 2 25 0 2 100 75 2 25 2 225 100 36 2 25 1 25 100 75 2 25 2 275 100 65 2 25 0 3 100 75 2 25 2 325 100 36 2 25 1 35 100 75 2 25 2 375 100
4/4 65 2 25 0 0 100 75 2 25 2 25 100 36 2 25 1 5 100 75 2 25 2 75 100 65 2 25 0 1 100 75 2 25 2 125 100 36 2 25 1 15 100 75 2 25 2 175 100 65 2 25 0 2 100 75 2 25 2 225 100 36 2 25 1 25 100 75 2 25 2 275 100 65 2 25 0 3 100 75 2 25 2 325 100 36 2 25 1 35 100 75 2 25 2 375 100
4/4 65 2 25 0 0 100 75 2 25 2 25 100 36 2 25 1 5 100 75 2 25 2 75 100 65 2 25 0 1 100 75 2 25 2 125 100 36 2 25 1 15 100 75 2 25 2 175 100 65 2 25 0 2 100 75 2 25 2 225 100 36 2 25 1 25 100 75 2 25 2 275 100 65 2 25 0 3 100 75 2 25 2 325 100 36 2 25 1 35 100 75 2 25 2 375 100
4/4 65 2 25 0 0 100 33 0 3 0 0 100 75 2 25 2 25 100 36 2 25 1 5 100 75 2 25 2 75 100 65 2 25 0 1 100 75 2 25 2 125 100 36 2 25 1 15 100 75 2 25 2 175 100 65 2 25 0 2 100 75 2 25 2 225 100 36 2 25 1 25 100 75 2 25 2 275 100 65 2 25 0 3 100 223 0 1 0 3 100 75 2 25 2 325 100 36 2 25 1 35 100 75 2 25 2 375 100
4/4 65 2 25 0 0 100 13 0 4 0 0 100 75 2 25 2 25 100 36 2 25 1 5 100 75 2 25 2 75 100 65 2 25 0 1 100 75 2 25 2 125 100 36 2 25 1 15 100 75 2 25 2 175 100 65 2 25 0 2 100 75 2 25 2 225 100 36 2 25 1 25 100 75 2 25 2 275 100 65 2 25 0 3 100 75 2 25 2 325 100 36 2 25 1 35 100 75 2 25 2 375 100
4/4 65 2 25 0 0 100 73 0 4 0 0 100 75 2 25 2 25 100 36 2 25 1 5 100 75 2 25 2 75 100 65 2 25 0 1 100 75 2 25 2 125 100 36 2 25 1 15 100 75 2 25 2 175 100 65 2 25 0 2 100 75 2 25 2 225 100 36 2 25 1 25 100 75 2 25 2 275 100 65 2 25 0 3 100 75 2 25 2 325 100 36 2 25 1 35 100 75 2 25 2 375 100
4/4 65 2 25 0 0 100 63 0 3 0 0 100 75 2 25 2 25 100 36 2 25 1 5 100 75 2 25 2 75 100 65 2 25 0 1 100 75 2 25 2 125 100 36 2 25 1 15 100 75 2 25 2 175 100 65 2 25 0 2 100 75 2 25 2 225 100 36 2 25 1 25 100 75 2 25 2 275 100 65 0 1 0 3 100 53 0 1 0 3 100 75 2 25 2 325 100 36 0 1 1 35 100 63 0 1 1 35 100 75 2 25 2 375 100
4/4 65 2 25 0 0 100 73 0 4 0 0 100 75 2 25 2 25 100 36 2 25 1 5 100 75 2 25 2 75 100 65 2 25 0 1 100 75 2 25 2 125 100 36 2 25 1 15 100 75 2 25 2 175 100 65 2 25 0 2 100 75 2 25 2 225 100 36 2 25 1 25 100 75 2 25 2 275 100 65 2 25 0 3 100 75 2 25 2 325 100 36 2 25 1 35 100 75 2 25 2 375 100
4/4 65 2 25 0 0 100 32 0 3 0 0 100 75 2 25 2 25 100 36 2 25 1 5 100 75 2 25 2 75 100 65 2 25 0 1 100 75 2 25 2 125 100 36 2 25 1 15 100 75 2 25 2 175 100 36 0 2 0 2 100 32 0 1 0 3 100
4/4 53 0 1 0 0 100 73 0 1 0 0 100 34 0 1 0 0 100 32 0 3 0 0 100 34 0 1 0 3 100 54 0 1 0 3 100 224 0 1 0 3 100 32 0 1 0 3 100
4/4 34 0 1 0 0 100 64 0 1 0 0 100 14 0 1 0 0 100 32 0 3 0 0 100 32 0 1 0 3 100
4/4 223 0 1 0 0 100 524 0 1 0 0 100 74 0 1 0 0 100 32 0 3 0 0 100 32 0 1 0 3 100
4/4 713 0 1 0 0 100 314 0 1 0 0 100 64 0 1 0 0 100 32 0 3 0 0 100 223 0 1 0 3 100 524 0 1 0 3 100 74 0 1 0 3 100 32 0 1 0 3 100
4/4 73 0 1 0 0 100 34 0 1 0 0 100 54 0 1 0 0 100 32 0 3 0 0 100 32 0 1 0 3 100
4/4 32 0 1 0 0 100 73 0 1 0 0 100 34 0 1 0 0 100 54 0 1 0 0 100 32 0 1 0 1 100 32 0 1 0 2 100 32 0 1 0 3 100
4/4 64 0 4 0 0 100 313 1 5 0 0 100 713 1 5 1 5 100 314 1 5 0 1 100 713 1 5 1 15 100 313 1 5 0 2 100 713 1 5 1 25 100 314 1 5 0 3 100 713 1 5 1 35 100
4/4 74 0 3 0 0 100 313 1 5 0 0 100 713 1 5 1 5 100 314 1 5 0 1 100 713 1 5 1 15 100 313 1 5 0 2 100 713 1 5 1 25 100 714 0 1 0 3 100 314 1 5 0 3 100 713 1 5 1 35 100
4/4 224 0 4 0 0 100 33 1 5 0 0 100 73 1 5 1 5 100 34 1 5 0 1 100 73 1 5 1 15 100 33 1 5 0 2 100 73 1 5 1 25 100 34 1 5 0 3 100 33 1 5 1 35 100
4/4 33 1 5 0 0 100 224 0 2 0 0 100 73 1 5 1 5 100 34 1 5 0 1 100 73 1 5 1 15 100 224 0 1 0 2 100 33 1 5 0 2 100 73 1 5 1 25 100 35 0 1 0 3 100 34 1 5 0 3 100 33 1 5 1 35 100
4/4 315 0 3 0 0 100 313 1 5 0 0 100 713 1 5 1 5 100 314 1 5 0 1 100 713 1 5 1 15 100 313 1 5 0 2 100 713 1 5 1 25 100 35 0 1 0 3 100 314 0 1 0 3 100 315 0 1 1 35 100 713 0 1 1 35 100
4/4 715 0 3 0 0 100 313 1 5 0 0 100 713 1 5 1 5 100 314 1 5 0 1 100 713 1 5 1 15 100 313 1 5 0 2 100 713 1 5 1 25 100 75 0 1 0 3 100 314 1 5 0 3 100 713 1 5 1 35 100
4/4 525 0 4 0 0 100 33 1 5 0 0 100 73 1 5 1 5 100 34 1 5 0 1 100 73 1 5 1 15 100 33 1 5 0 2 100 73 1 5 1 25 100 34 1 5 0 3 100 33 1 5 1 35 100
4/4 33 1 5 0 0 100 525 0 3 0 0 100 73 1 5 1 5 100 34 1 5 0 1 100 73 1 5 1 15 100 33 1 5 0 2 100 73 1 5 1 25 100 35 0 1 0 3 100 34 0 1 0 3 100 525 0 1 1 35 100 33 0 1 1 35 100
4/4 65 0 1 0 0 100 313 0 1 0 0 100 75 0 1 1 5 100 713 0 1 1 5 100 715 0 1 0 1 100 314 0 1 0 1 100 225 0 1 1 15 100 713 0 1 1 15 100 715 1 15 0 2 100 313 1 5 0 2 100 713 1 5 1 25 100 314 1 5 0 3 100 75 0 1 1 35 100 713 0 1 1 35 100 65 2 25 2 375 100
4/4 525 0 3 0 0 100 33 1 5 0 0 100 73 1 5 1 5 100 34 1 5 0 1 100 73 1 5 1 15 100 33 1 5 0 2 100 73 1 5 1 25 100 35 0 1 0 3 100 34 0 1 0 3 100 525 0 1 1 35 100 73 0 1 1 35 100
4/4 65 0 1 0 0 100 313 0 1 0 0 100 75 0 1 1 5 100 713 0 1 1 5 100 715 0 1 0 1 100 314 0 1 0 1 100 225 0 1 1 15 100 713 0 1 1 15 100 715 1 15 0 2 100 313 1 5 0 2 100 713 1 5 1 25 100 314 1 5 0 3 100 75 0 1 1 35 100 713 0 1 1 35 100 65 2 25 2 375 100
4/4 525 1 25 0 0 100 523 1 5 0 0 100 223 1 5 1 5 100 524 1 5 0 1 100 223 1 5 1 15 100 523 0 1 0 2 100 74 1 5 1 25 100 224 1 5 0 3 100 522 0 1 0 3 100 525 1 5 1 35 100
4/4 14 0 1 0 0 100 35 0 1 0 0 100 65 0 1 0 0 100 62 0 1 0 0 100 62 0 1 0 1 100 65 1 5 0 2 100 62 0 1 0 2 100 35 1 5 1 25 100 64 1 5 0 3 100 62 0 1 0 3 100 14 0 1 1 35 100 35 0 1 1 35 100 65 0 1 1 35 100
4/4 62 0 1 0 0 100 14 0 1 0 0 100 35 0 1 0 0 100 65 0 1 0 0 100 62 0 1 0 1 100 65 1 5 0 2 100 62 0 1 0 2 100 35 1 5 1 25 100 64 1 5 0 3 100 62 0 1 0 3 100 14 0 1 1 35 100 35 0 1 1 35 100 65 0 1 1 35 100
4/4 522 0 1 0 0 100 14 0 1 0 0 100 35 0 1 0 0 100 65 0 1 0 0 100 522 0 1 0 1 100 65 1 5 0 2 100 522 0 1 0 2 100 35 1 5 1 25 100 64 1 5 0 3 100 522 0 1 0 3 100 14 0 1 1 35 100 35 0 1 1 35 100 65 0 1 1 35 100
4/4 42 0 1 0 0 100 14 0 1 0 0 100 35 0 1 0 0 100 65 0 1 0 0 100 42 0 1 0 1 100 65 1 5 0 2 100 42 0 1 0 2 100 35 1 5 1 25 100 64 1 5 0 3 100 42 0 1 0 3 100 714 0 1 1 35 100 35 0 1 1 35 100 65 0 1 1 35 100
4/4 312 0 1 0 0 100 714 0 1 0 0 100 35 0 1 0 0 100 65 0 1 0 0 100 312 0 1 0 1 100 65 1 5 0 2 100 312 0 1 0 2 100 35 1 5 1 25 100 64 1 5 0 3 100 312 0 1 0 3 100 714 0 1 1 35 100 35 0 1 1 35 100 65 0 1 1 35 100
4/4 312 0 1 0 0 100 714 0 1 0 0 100 35 0 1 0 0 100 65 0 1 0 0 100 312 0 1 0 1 100 65 1 5 0 2 100 312 0 1 0 2 100 35 1 5 1 25 100 64 1 5 0 3 100 312 0 1 0 3 100 65 1 5 1 35 100
4/4 74 0 1 0 0 100 224 0 1 0 0 100 525 0 1 0 0 100 522 0 1 0 0 100 522 0 1 0 1 100 315 0 1 0 2 100 522 0 1 0 2 100 35 0 1 0 3 100 522 0 1 0 3 100
4/4 224 0 1 0 0 100 522 0 1 0 0 100 714 0 1 0 1 100 522 0 1 0 1 100 74 0 1 0 2 100 522 0 1 0 2 100 524 0 1 0 3 100 522 0 1 0 3 100
4/4 13 0 1 0 0 100 34 0 1 0 0 100 64 0 1 0 0 100 62 0 1 0 0 100 62 0 1 0 1 100 62 0 1 0 2 100 62 0 1 0 3 100
4/4 62 0 1 0 0 100 13 0 1 0 0 100 34 0 1 0 0 100 64 0 1 0 0 100 62 0 1 0 1 100 64 2 25 0 2 100 62 0 1 0 2 100 74 2 25 2 225 100 14 2 25 1 25 100 224 2 25 2 275 100 35 2 25 0 3 100 62 0 1 0 3 100 45 2 25 2 325 100 55 1 5 1 35 100
4/4 24 0 1 0 0 100 45 0 1 0 0 100 615 0 1 0 0 100 52 1 5 0 0 100 22 1 5 1 5 100 53 1 5 0 1 100 22 1 5 1 15 100 52 1 5 0 2 100 22 1 5 1 25 100 615 0 1 0 3 100 53 0 1 0 3 100 75 0 1 1 35 100 22 0 1 1 35 100
4/4 74 0 1 0 0 100 35 0 1 0 0 100 55 0 1 0 0 100 32 1 5 0 0 100 72 1 5 1 5 100 33 1 5 0 1 100 72 1 5 1 15 100 32 1 5 0 2 100 72 1 5 1 25 100 33 1 5 0 3 100 72 1 5 1 35 100
4/4 24 0 1 0 0 100 45 0 1 0 0 100 615 0 1 0 0 100 52 1 5 0 0 100 22 1 5 1 5 100 53 1 5 0 1 100 22 1 5 1 15 100 52 1 5 0 2 100 22 1 5 1 25 100 615 0 1 0 3 100 53 0 1 0 3 100 75 0 1 1 35 100 22 0 1 1 35 100
4/4 74 0 1 0 0 100 35 0 1 0 0 100 55 0 1 0 0 100 32 1 5 0 0 100 72 1 5 1 5 100 33 1 5 0 1 100 72 1 5 1 15 100 32 1 5 0 2 100 72 1 5 1 25 100 33 1 5 0 3 100 72 1 5 1 35 100
4/4 614 0 1 0 0 100 24 0 1 0 0 100 45 0 1 0 0 100 21 1 5 0 0 100 612 1 5 1 5 100 22 1 5 0 1 100 612 1 5 1 15 100 21 1 5 0 2 100 612 1 5 1 25 100 24 0 1 0 3 100 22 1 5 0 3 100 612 1 5 1 35 100
4/4 74 0 1 0 0 100 35 0 1 0 0 100 55 0 1 0 0 100 32 1 5 0 0 100 72 1 5 1 5 100 33 1 5 0 1 100 72 1 5 1 15 100 32 1 5 0 2 100 72 1 5 1 25 100 45 0 1 0 3 100 33 0 1 0 3 100 55 0 1 1 35 100 72 0 1 1 35 100
4/4 14 0 1 0 0 100 45 0 1 0 0 100 615 0 1 0 0 100 42 1 5 0 0 100 12 1 5 1 5 100 43 1 5 0 1 100 12 1 5 1 15 100 42 1 5 0 2 100 12 1 5 1 25 100 43 1 5 0 3 100 12 1 5 1 35 100
4/4 615 0 1 0 0 100 42 1 5 0 0 100 12 1 5 1 5 100 45 0 1 0 1 100 43 1 5 0 1 100 12 1 5 1 15 100 14 0 1 0 2 100 42 1 5 0 2 100 12 1 5 1 25 100 614 0 1 0 3 100 43 1 5 0 3 100 12 1 5 1 35 100
4/4 54 0 1 0 0 100 55 0 1 0 0 100 52 0 3 0 0 100 54 0 1 0 1 100 55 0 1 0 1 100 54 0 1 0 2 100 55 0 1 0 2 100 54 0 1 0 3 100 55 0 1 0 3 100 43 0 1 0 3 100
4/4 54 0 1 0 0 100 55 0 1 0 0 100 313 0 3 0 0 100 54 0 1 0 1 100 55 0 1 0 1 100 54 0 1 0 2 100 55 0 1 0 2 100 54 0 1 0 3 100 55 0 1 0 3 100 22 0 1 0 3 100
4/4 54 0 1 0 0 100 55 0 1 0 0 100 12 0 3 0 0 100 54 0 1 0 1 100 55 0 1 0 1 100 54 0 1 0 2 100 55 0 1 0 2 100 54 0 1 0 3 100 55 0 1 0 3 100 712 1 5 0 3 100 12 1 5 1 35 100
4/4 54 0 1 0 0 100 55 0 1 0 0 100 22 0 4 0 0 100 54 0 1 0 1 100 55 0 1 0 1 100 54 0 1 0 2 100 55 0 1 0 2 100 54 0 1 0 3 100 55 0 1 0 3 100
4/4 54 0 1 0 0 100 55 0 1 0 0 100 52 0 3 0 0 100 54 0 1 0 1 100 55 0 1 0 1 100 54 0 1 0 2 100 55 0 1 0 2 100 54 0 1 0 3 100 55 0 1 0 3 100 43 0 1 0 3 100
4/4 54 0 1 0 0 100 55 0 1 0 0 100 313 0 3 0 0 100 54 0 1 0 1 100 55 0 1 0 1 100 54 0 1 0 2 100 55 0 1 0 2 100 54 0 1 0 3 100 55 0 1 0 3 100 22 0 1 0 3 100
4/4 54 0 1 0 0 100 55 0 1 0 0 100 12 0 3 0 0 100 54 0 1 0 1 100 55 0 1 0 1 100 54 0 1 0 2 100 55 0 1 0 2 100 54 0 1 0 3 100 55 0 1 0 3 100 712 1 5 0 3 100 12 1 5 1 35 100
4/4 54 0 1 0 0 100 55 0 1 0 0 100 22 0 4 0 0 100 54 0 1 0 1 100 55 0 1 0 1 100 54 0 1 0 2 100 55 0 1 0 2 100 54 0 1 0 3 100 55 0 1 0 3 100
4/4 54 0 1 0 0 100 55 0 1 0 0 100 22 0 4 0 0 100 54 0 1 0 1 100 55 0 1 0 1 100 54 0 1 0 2 100 55 0 1 0 2 100 54 0 1 0 3 100 55 0 1 0 3 100
4/4 36 1 5 0 0 100 32 2 175 0 0 100 75 1 5 1 5 100 35 1 5 0 1 100 75 1 5 1 15 100 36 1 5 0 2 100 44 2 175 0 2 100 75 1 5 1 25 100 35 1 5 0 3 100 75 1 5 1 35 100
4/4 36 1 5 0 0 100 34 2 175 0 0 100 75 1 5 1 5 100 35 1 5 0 1 100 75 1 5 1 15 100 36 1 5 0 2 100 23 2 175 0 2 100 75 1 5 1 25 100 35 1 5 0 3 100 75 1 5 1 35 100
4/4 36 1 5 0 0 100 13 2 175 0 0 100 75 1 5 1 5 100 35 1 5 0 1 100 75 1 5 1 15 100 36 1 5 0 2 100 73 2 175 0 2 100 75 1 5 1 25 100 35 1 5 0 3 100 75 1 5 1 35 100
4/4 36 1 5 0 0 100 613 2 175 0 0 100 75 1 5 1 5 100 35 1 5 0 1 100 75 1 5 1 15 100 36 1 5 0 2 100 53 2 175 0 2 100 75 1 5 1 25 100 35 1 5 0 3 100 75 1 5 1 35 100
4/4 65 3 3667 0 0 100 313 1 5 0 0 100 713 1 5 1 5 100 314 1 5 0 1 100 713 1 5 1 15 100 313 1 5 0 2 100 713 1 5 1 25 100 314 1 5 0 3 100 713 1 5 1 35 100
4/4 75 3 2667 0 0 100 313 1 5 0 0 100 713 1 5 1 5 100 314 1 5 0 1 100 713 1 5 1 15 100 313 1 5 0 2 100 713 1 5 1 25 100 715 0 1 0 3 100 314 1 5 0 3 100 713 1 5 1 35 100
4/4 225 0 4 0 0 100 33 1 5 0 0 100 73 1 5 1 5 100 34 1 5 0 1 100 73 1 5 1 15 100 33 1 5 0 2 100 73 1 5 1 25 100 34 1 5 0 3 100 73 1 5 1 35 100
4/4 33 1 5 0 0 100 225 2 175 0 0 100 73 1 5 1 5 100 34 1 5 0 1 100 73 1 5 1 15 100 225 0 1 0 2 100 33 1 5 0 2 100 73 1 5 1 25 100 36 0 1 0 3 100 34 1 5 0 3 100 73 1 5 1 35 100
4/4 316 0 3 0 0 100 313 1 5 0 0 100 713 1 5 1 5 100 314 1 5 0 1 100 713 1 5 1 15 100 313 1 5 0 2 100 713 1 5 1 25 100 36 0 1 0 3 100 314 0 1 0 3 100 316 0 1 1 35 100 713 0 1 1 35 100
4/4 716 0 3 0 0 100 313 1 5 0 0 100 713 1 5 1 5 100 314 1 5 0 1 100 713 1 5 1 15 100 313 1 5 0 2 100 713 1 5 1 25 100 76 0 1 0 3 100 314 1 5 0 3 100 713 1 5 1 35 100
4/4 526 0 4 0 0 100 33 1 5 0 0 100 73 1 5 1 5 100 34 1 5 0 1 100 73 1 5 1 15 100 33 1 5 0 2 100 73 1 5 1 25 100 34 1 5 0 3 100 73 1 5 1 35 100
4/4 33 1 5 0 0 100 526 0 2 0 0 100 73 1 5 1 5 100 34 1 5 0 1 100 73 1 5 1 15 100 36 0 2 0 2 100 33 1 5 0 2 100 73 1 5 1 25 100 34 1 5 0 3 100 73 1 5 1 35 100
4/4 66 0 4 0 0 100 313 1 5 0 0 100 713 1 5 1 5 100 314 1 5 0 1 100 713 1 5 1 15 100 313 1 5 0 2 100 713 1 5 1 25 100 314 1 5 0 3 100 713 1 5 1 35 100
4/4 313 1 5 0 0 100 66 0 4 0 0 100 713 1 5 1 5 100 314 1 5 0 1 100 713 1 5 1 15 100 313 1 5 0 2 100 713 1 5 1 25 100 314 1 5 0 3 100 713 1 5 1 35 100
4/4 36 0 1 0 0 100 66 0 1 0 0 100 226 0 1 0 0 100 313 0 1 0 0 100
4/4 36 0 1 0 0 100 66 0 1 0 0 100 226 0 1 0 0 100 313 0 1 0 0 100
4/4 33 1 5 0 0 100 73 1 5 1 5 100 524 1 5 0 1 100 73 1 5 1 15 100 44 1 5 0 2 100 34 2 125 1 25 100
4/4 33 1 5 0 0 100 73 1 5 1 5 100 524 1 5 0 1 100 73 1 5 1 15 100 44 1 5 0 2 100 34 3 1333 1 25 100 35 1 5 0 3 100 525 1 5 1 35 100
4/4 75 3 2667 0 0 100 33 1 5 0 0 100 73 1 5 1 5 100 524 1 5 0 1 100 73 1 5 1 15 100 44 1 5 0 2 100 34 3 1333 1 25 100 65 1 5 0 3 100 225 1 5 1 35 100
4/4 33 1 5 0 0 100 225 0 3 0 0 100 73 1 5 1 5 100 44 1 5 0 1 100 73 1 5 1 15 100 34 1 5 0 2 100 223 3 1333 1 25 100 36 1 5 0 3 100 75 1 5 1 35 100
4/4 33 1 5 0 0 100 75 0 4 0 0 100 73 1 5 1 5 100 524 1 5 0 1 100 73 1 5 1 15 100 44 1 5 0 2 100 34 2 125 1 25 100
4/4 33 1 5 0 0 100 75 0 3 0 0 100 73 1 5 1 5 100 524 1 5 0 1 100 73 1 5 1 15 100 44 1 5 0 2 100 34 3 1333 1 25 100 35 1 5 0 3 100 525 1 5 1 35 100
4/4 75 0 3 0 0 100 33 1 5 0 0 100 73 1 5 1 5 100 524 1 5 0 1 100 73 1 5 1 15 100 44 1 5 0 2 100 34 3 1333 1 25 100 65 1 5 0 3 100 225 1 5 1 35 100
4/4 33 1 5 0 0 100 225 1 25 0 0 100 73 1 5 1 5 100 44 1 5 0 1 100 73 1 5 1 15 100 34 1 5 0 2 100 15 1 5 1 25 100 223 3 1333 1 25 100 225 1 5 0 3 100 36 1 5 1 35 100
4/4 75 0 4 0 0 100 33 1 5 0 0 100 73 1 5 1 5 100 524 1 5 0 1 100 73 1 5 1 15 100 44 1 5 0 2 100 34 2 125 1 25 100
4/4 33 1 5 0 0 100 75 1 25 0 0 100 73 1 5 1 5 100 524 1 5 0 1 100 73 1 5 1 15 100 44 1 5 0 2 100 65 1 5 1 25 100 34 3 1333 1 25 100 525 1 5 0 3 100 45 1 5 1 35 100
4/4 45 2 75 0 0 100 712 1 5 0 0 100 523 1 5 1 5 100 35 2 25 2 75 100 75 1 25 0 1 100 34 1 5 0 1 100 523 1 5 1 15 100 223 1 5 0 2 100 713 3 1333 1 25 100 35 1 5 1 35 100
4/4 45 2 75 0 0 100 712 1 5 0 0 100 523 1 5 1 5 100 35 2 25 2 75 100 75 1 25 0 1 100 34 1 5 0 1 100 523 1 5 1 15 100 223 1 5 0 2 100 713 3 1333 1 25 100 525 1 5 1 35 100
4/4 65 0 1 0 0 100 222 1 5 0 0 100 63 1 5 1 5 100 225 0 3 0 1 100 223 1 5 0 1 100 63 1 5 1 15 100 222 1 5 0 2 100 63 1 5 1 25 100 223 1 5 0 3 100 63 1 5 1 35 100
4/4 45 0 1 0 0 100 65 0 1 0 0 100 225 0 1 0 0 100 222 1 5 0 0 100 63 1 5 1 5 100 223 1 5 0 1 100 63 1 5 1 15 100 225 0 1 0 2 100 222 1 5 0 2 100 63 1 5 1 25 100 36 0 1 0 3 100 223 1 5 0 3 100 63 1 5 1 35 100
4/4 46 0 4 0 0 100 33 0 4 0 0 100 523 0 1 1 5 100 73 0 1 1 5 100 523 0 1 1 15 100 73 0 1 1 15 100 523 0 1 1 25 100 73 0 1 1 25 100 523 0 1 1 35 100 73 0 1 1 35 100
4/4 33 0 4 0 0 100 46 1 15 0 0 100 523 0 1 1 5 100 73 0 1 1 5 100 75 1 5 1 15 100 523 0 1 1 15 100 73 0 1 1 15 100 66 2 75 0 2 100 523 0 1 1 25 100 73 0 1 1 25 100 526 2 75 2 275 100 46 0 1 1 35 100 523 0 1 1 35 100 73 0 1 1 35 100
4/4 46 1 15 0 0 100 712 0 4 0 0 100 523 0 1 1 5 100 713 0 1 1 5 100 526 1 5 1 15 100 523 0 1 1 15 100 713 0 1 1 15 100 36 0 2 0 2 100 523 0 1 1 25 100 713 0 1 1 25 100 523 0 1 1 35 100 713 0 1 1 35 100
4/4 712 0 4 0 0 100 36 0 2 0 0 100 523 0 1 1 5 100 713 0 1 1 5 100 523 0 1 1 15 100 713 0 1 1 15 100 225 0 1 0 2 100 523 0 1 1 25 100 713 0 1 1 25 100 36 0 1 0 3 100 523 0 1 1 35 100 713 0 1 1 35 100
4/4 46 0 4 0 0 100 33 0 4 0 0 100 523 0 1 1 5 100 73 0 1 1 5 100 523 0 1 1 15 100 73 0 1 1 15 100 523 0 1 1 25 100 73 0 1 1 25 100 523 0 1 1 35 100 73 0 1 1 35 100
4/4 33 0 4 0 0 100 46 1 15 0 0 100 523 0 1 1 5 100 73 0 1 1 5 100 75 1 5 1 15 100 523 0 1 1 15 100 73 0 1 1 15 100 66 2 75 0 2 100 523 0 1 1 25 100 73 0 1 1 25 100 526 2 75 2 275 100 46 0 1 1 35 100 523 0 1 1 35 100 73 0 1 1 35 100
4/4 46 0 1 0 0 100 526 0 1 0 0 100 712 0 4 0 0 100 46 2 25 2 25 100 523 0 1 1 5 100 713 0 1 1 5 100 36 0 1 3 667 64 225 0 1 3 667 100 36 0 3 0 1 100 523 0 1 1 15 100 713 0 1 1 15 100 523 0 1 1 25 100 713 0 1 1 25 100 523 0 1 1 35 100 713 0 1 1 35 100
4/4 712 0 4 0 0 100 36 1 25 0 0 100 523 0 1 1 5 100 713 0 1 1 5 100 523 0 1 1 15 100 713 0 1 1 15 100 526 1 5 1 25 100 523 0 1 1 25 100 713 0 1 1 25 100 46 1 5 0 3 100 36 0 1 1 35 100 523 0 1 1 35 100 713 0 1 1 35 100
4/4 225 1 15 0 0 100 72 1 5 0 0 100 523 1 5 1 5 100 73 1 5 0 1 100 525 0 1 1 15 100 523 0 1 1 15 100 225 0 1 0 2 100 72 1 5 0 2 100 523 1 5 1 25 100 715 0 1 0 3 100 73 0 1 0 3 100 75 0 1 1 35 100 523 0 1 1 35 100
4/4 715 1 15 0 0 100 313 1 5 0 0 100 63 1 5 1 5 100 713 1 5 0 1 100 315 0 1 1 15 100 63 0 1 1 15 100 715 0 1 0 2 100 313 1 5 0 2 100 63 1 5 1 25 100 75 0 1 0 3 100 713 0 1 0 3 100 65 0 1 1 35 100 63 0 1 1 35 100
4/4 75 0 1 0 0 100 33 0 1 0 0 100 715 0 1 1 5 100 75 0 1 1 5 100 63 1 5 1 5 100 65 2 25 2 75 64 75 0 3 0 1 100 73 1 5 0 1 100 63 1 5 1 15 100 33 1 5 0 2 100 63 1 5 1 25 100 73 1 5 0 3 100 63 1 5 1 35 100
4/4 33 0 1 0 0 100 53 0 1 0 0 100 73 0 1 0 0 100 75 0 3 0 0 100 35 0 1 0 3 100
4/4 715 0 2 0 0 100 63 1 5 0 0 100 34 1 5 1 5 100 223 1 5 0 1 100 713 1 5 1 15 100 75 1 5 0 2 100 73 0 2 0 2 100 65 1 5 1 25 100 525 1 5 0 3 100 45 1 5 1 35 100
4/4 525 1 15 0 0 100 33 1 5 0 0 100 73 1 5 1 5 100 63 1 5 0 1 100 35 0 1 1 15 100 523 0 1 1 15 100 65 1 5 0 2 100 313 0 2 0 2 100 525 1 5 1 25 100 315 1 5 0 3 100 35 1 5 1 35 100
4/4 35 1 15 0 0 100 43 0 2 0 0 100 224 1 5 1 15 100 224 0 2 0 2 100 222 0 1 0 2 100 43 1 5 0 3 100 523 1 5 1 35 100
4/4 315 1 15 0 0 100 53 0 2 0 0 100 35 1 5 1 15 100 35 0 2 0 2 100 33 0 1 0 2 100 53 0 1 0 3 100
4/4 74 0 1 0 0 100 714 0 1 0 0 100 35 0 1 0 0 100 63 0 1 0 0 100
