6/8 73 1 5 1 25 93
6/8 34 2 75 0 0 101 73 2 25 2 75 102 34 1 5 0 1 106 44 0 1 1 15 106 73 1 5 1 25 99
6/8 54 2 75 0 0 96 64 2 25 2 75 92 74 1 5 0 1 108 74 2 125 1 15 100
6/8 64 0 1 0 0 101 64 1 5 0 1 100 64 2 75 1 15 110 54 2 25 2 225 106 44 1 5 1 25 108
6/8 54 2 125 0 0 94 34 0 1 1 15 98 73 1 5 1 25 105
6/8 34 2 75 0 0 105 73 2 25 2 75 91 34 1 5 0 1 99 44 0 1 1 15 91 73 1 5 1 25 91
6/8 54 2 75 0 0 99 64 2 25 2 75 106 74 1 5 0 1 104 74 2 125 1 15 96
6/8 64 0 1 0 0 101 64 1 5 0 1 108 64 2 75 1 15 106 54 2 25 2 225 100 44 1 5 1 25 105
6/8 34 0 1 0 0 93 54 1 5 0 1 103 34 0 1 1 15 103 34 1 5 1 25 101
6/8 14 0 1 0 0 109 14 1 5 0 1 106 14 2 75 1 15 107 74 2 25 2 225 109 64 1 5 1 25 104
6/8 74 2 75 0 0 101 34 2 25 2 75 98 34 1 5 0 1 94 34 0 1 1 15 90 34 1 5 1 25 93
6/8 14 0 1 0 0 106 14 1 5 0 1 92 14 2 75 1 15 90 74 2 25 2 225 98 64 1 5 1 25 91
6/8 74 3 2667 0 0 102
6/8 54 2 75 0 0 90 54 2 25 2 75 105 54 1 5 0 1 103 64 1 5 1 15 107 54 1 5 0 2 106 44 1 5 1 25 102
6/8 34 0 1 0 0 106 54 1 5 0 1 101 13 2 125 1 15 93
6/8 44 2 75 0 0 102 44 2 25 2 75 108 44 1 5 0 1 99 44 1 5 1 15 109 314 1 5 0 2 105 44 1 5 1 25 110
6/8 74 1 25 0 0 107 73 1 5 1 25 90
6/8 34 2 75 0 0 107 73 2 25 2 75 98 34 1 5 0 1 105 44 0 1 1 15 107 73 1 5 1 25 108
6/8 54 2 75 0 0 107 64 2 25 2 75 104 74 1 5 0 1 107 74 2 125 1 15 92
6/8 64 0 1 0 0 102 64 1 5 0 1 108 64 2 75 1 15 109 54 2 25 2 225 101 44 1 5 1 25 105
6/8 34 0 1 0 0 103 54 1 5 0 1 94 34 1 15 1 15 104
6/8 33 2 75 0 0 105 72 2 25 2 75 99 33 1 5 0 1 108 43 0 1 1 15 103 72 1 5 1 25 96
6/8 53 2 75 0 0 100 43 2 25 2 75 100 53 2 25 0 1 104 63 2 25 2 125 104 73 0 1 1 15 101 53 1 5 1 25 90
6/8 63 0 1 0 0 95 63 1 5 0 1 105 63 1 5 1 15 95 73 2 25 0 2 93 63 2 25 2 225 101 53 2 25 1 25 110 43 2 25 2 275 101
6/8 53 0 1 0 0 92 33 1 5 0 1 94 34 1 5 0 2 97 44 1 5 1 25 108
6/8 524 2 75 0 0 92 44 2 25 2 75 109 524 1 5 0 1 91 524 0 1 1 15 104 74 1 5 1 25 103
6/8 44 1 25 0 0 90 73 1 5 1 25 108
6/8 34 2 75 0 0 94 223 2 25 2 75 105 34 1 5 0 1 107 34 0 1 1 15 94 524 1 5 1 25 102
6/8 223 1 25 0 0 98 73 1 5 1 25 101
6/8 713 2 75 0 0 94 73 2 25 2 75 109 713 1 5 0 1 104 524 0 1 1 15 94 713 1 5 1 25 106
6/8 73 2 75 0 0 90 63 2 25 2 75 106 73 1 5 0 1 91 524 0 1 1 15 96 524 1 5 1 25 99
6/8 44 0 1 0 0 90 13 1 5 0 1 91 13 0 1 1 15 92 44 1 5 1 25 93
6/8 44 0 2 0 0 93 34 1 5 0 2 110 44 1 5 1 25 91
6/8 524 2 75 0 0 94 44 2 25 2 75 99 524 1 5 0 1 90 524 0 1 1 15 110 74 1 5 1 25 106
6/8 44 1 25 0 0 95 73 1 5 1 25 101
6/8 34 2 75 0 0 105 223 2 25 2 75 95 34 1 5 0 1 110 34 0 1 1 15 109 524 1 5 1 25 97
6/8 223 1 25 0 0 104 73 1 5 1 25 102
6/8 713 0 1 0 0 97 524 1 5 0 1 101 524 2 75 1 15 98 44 2 25 2 225 95 524 1 5 1 25 103
6/8 64 0 1 0 0 103 74 1 5 0 1 90 524 1 15 1 15 109
6/8 524 2 75 0 0 90 44 2 25 2 75 93 34 1 5 0 1 103 44 0 1 1 15 109 23 1 5 1 25 105
6/8 34 1 25 0 0 96 524 2 25 1 25 103 64 2 25 2 275 107
6/8 74 2 75 0 0 97 64 2 25 2 75 98 74 1 5 0 1 99 74 0 1 1 15 109 224 1 5 1 25 98
6/8 64 1 25 0 0 106 223 1 5 1 25 90
6/8 524 2 75 0 0 100 44 2 25 2 75 104 524 1 5 0 1 106 524 0 1 1 15 108 74 1 5 1 25 94
6/8 74 1 25 0 0 102 74 1 5 1 25 100
6/8 35 0 2 0 0 106 224 1 5 0 2 91 714 1 5 1 25 98
6/8 224 0 1 0 0 95 524 1 5 0 1 108 524 1 15 1 15 104
6/8 714 1 5 0 0 103 74 2 25 1 5 104 714 2 25 2 75 107 74 2 25 0 1 99 64 2 25 2 125 108 524 1 5 1 15 93 44 2 25 0 2 97 524 2 25 2 225 108 64 2 25 1 25 99 44 2 25 2 275 90
6/8 74 0 3 0 0 94
6/8 74 1 15 0 0 101 34 2 25 1 25 96 44 2 25 2 275 95
6/8 524 2 75 0 0 103 44 2 25 2 75 104 524 1 5 0 1 103 524 0 1 1 15 94 74 1 5 1 25 103
6/8 44 1 25 0 0 105 73 1 5 1 25 110
6/8 34 2 75 0 0 99 223 2 25 2 75 92 34 1 5 0 1 110 34 0 1 1 15 90 524 1 5 1 25 96
6/8 223 1 25 0 0 101 73 1 5 1 25 102
6/8 713 0 1 0 0 95 524 1 5 0 1 95 524 2 75 1 15 94 44 2 25 2 225 93 524 1 5 1 25 110
6/8 64 0 1 0 0 94 74 1 5 0 1 91 524 1 15 1 15 91
6/8 524 2 75 0 0 101 44 2 25 2 75 110 34 1 5 0 1 103 44 0 1 1 15 95 23 1 5 1 25 94
6/8 34 1 25 0 0 102 72 1 5 1 25 98
6/8 33 2 75 0 0 98 72 2 25 2 75 103 33 1 5 0 1 101 43 2 75 1 15 110 33 2 25 2 225 99 43 1 5 1 25 96
6/8 53 1 5 0 0 95 33 2 25 1 5 99 43 2 25 2 75 94 53 2 25 0 1 91 63 2 25 2 125 107 73 0 1 1 15 102 53 1 5 1 25 106
6/8 63 0 1 0 0 102 63 1 5 0 1 106 63 1 5 1 15 107 73 2 25 0 2 94 63 2 25 2 225 93 53 2 25 1 25 107 43 2 25 2 275 100
6/8 53 0 1 0 0 106 33 1 5 0 1 92 73 1 5 1 25 109
6/8 34 2 75 0 0 91 73 2 25 2 75 100 34 1 5 0 1 90 44 0 1 1 15 94 73 1 5 1 25 104
6/8 54 2 75 0 0 109 64 2 25 2 75 103 74 1 5 0 1 90 74 2 125 1 15 103
6/8 64 0 1 0 0 101 64 1 5 0 1 98 64 2 75 1 15 103 54 2 25 2 225 97 44 1 5 1 25 106
6/8 54 2 125 0 0 93 34 0 1 1 15 91 73 1 5 1 25 92
6/8 34 2 75 0 0 95 73 2 25 2 75 97 34 1 5 0 1 97 44 0 1 1 15 103 73 1 5 1 25 109
6/8 54 2 75 0 0 97 64 2 25 2 75 105 74 1 5 0 1 93 74 2 125 1 15 99
6/8 64 0 1 0 0 110 64 1 5 0 1 99 64 2 75 1 15 106 54 2 25 2 225 97 44 1 5 1 25 110
6/8 34 0 1 0 0 108 54 1 5 0 1 109 34 0 1 1 15 99 34 1 5 1 25 109
6/8 14 0 1 0 0 91 14 1 5 0 1 110 14 2 75 1 15 106 74 2 25 2 225 108 64 1 5 1 25 109
6/8 74 2 75 0 0 107 34 2 25 2 75 101 34 1 5 0 1 99 34 0 1 1 15 105 34 1 5 1 25 99
6/8 14 0 1 0 0 108 14 1 5 0 1 97 14 2 75 1 15 101 74 2 25 2 225 97 64 1 5 1 25 108
6/8 74 3 2667 0 0 91
6/8 54 2 75 0 0 100 54 2 25 2 75 96 54 1 5 0 1 101 64 1 5 1 15 99 54 1 5 0 2 102 44 1 5 1 25 92
6/8 34 0 1 0 0 100 54 1 5 0 1 106 13 2 125 1 15 110
6/8 44 2 75 0 0 97 44 2 25 2 75 91 44 1 5 0 1 106 44 1 5 1 15 97 314 1 5 0 2 102 44 1 5 1 25 110
6/8 74 1 25 0 0 93 73 1 5 1 25 104
6/8 34 2 75 0 0 90 73 2 25 2 75 105 34 1 5 0 1 99 44 0 1 1 15 110 73 1 5 1 25 99
6/8 54 2 75 0 0 98 64 2 25 2 75 110 74 1 5 0 1 102 74 2 125 1 15 94
6/8 64 0 1 0 0 105 64 1 5 0 1 109 64 2 75 1 15 92 54 2 25 2 225 94 44 1 5 1 25 92
6/8 34 0 1 0 0 101 54 1 5 0 1 110 34 0 1 1 15 98 73 1 5 1 25 101
6/8 34 2 75 0 0 90 73 2 25 2 75 102 34 1 5 0 1 98 44 0 1 1 15 98 73 1 5 1 25 104
6/8 54 2 75 0 0 99 64 2 25 2 75 105 74 1 5 0 1 103 74 1 15 1 15 96
6/8 64 0 1 0 0 104 64 1 5 0 1 102 64 2 75 1 15 94 54 2 25 2 225 102 44 1 5 1 25 106
6/8 34 0 1 0 0 100 54 1 5 0 1 97 34 1 15 1 15 108
6/8
6/8 72 0 1 0 0 108 33 0 1 0 0 110 52 0 1 0 0 104 72 0 1 1 15 101 22 0 1 1 15 90 42 0 1 1 15 96
6/8 72 0 1 0 0 92 33 0 1 0 0 102 52 0 1 0 0 99
6/8 72 0 1 0 0 103 22 0 1 0 0 100 42 0 1 0 0 98 72 0 1 1 15 93 22 0 1 1 15 94 42 0 1 1 15 103
6/8 72 0 1 0 0 90 33 0 1 0 0 99 52 0 1 0 0 103
6/8 72 0 1 0 0 90 33 0 1 0 0 98 52 0 1 0 0 96 72 0 1 1 15 91 22 0 1 1 15 98 42 0 1 1 15 98
6/8 72 0 1 0 0 107 33 0 1 0 0 104 52 0 1 0 0 101
6/8 72 0 1 0 0 94 22 0 1 0 0 105 42 0 1 0 0 91 72 0 1 1 15 97 22 0 1 1 15 91 42 0 1 1 15 90
6/8 72 0 1 0 0 105 33 0 1 0 0 103 52 0 1 0 0 109
6/8 12 0 1 0 0 94 33 0 1 0 0 96 62 0 1 0 0 102 12 0 1 1 15 109 33 0 1 1 15 93 62 0 1 1 15 107
6/8 72 0 1 0 0 102 33 0 1 0 0 92 52 0 1 0 0 98
6/8 12 0 1 0 0 96 33 0 1 0 0 90 62 0 1 0 0 107 12 0 1 1 15 103 33 0 1 1 15 109 62 0 1 1 15 104
6/8 72 0 1 0 0 92 33 0 1 0 0 100 52 0 1 0 0 97 53 1 5 1 15 95 33 1 5 0 2 108 72 1 5 1 25 100
6/8 712 0 1 0 0 98 22 0 1 0 0 94 52 0 1 0 0 98 712 0 1 1 15 91 22 0 1 1 15 101 52 0 1 1 15 95
6/8 12 0 1 0 0 98 33 0 1 0 0 93 52 0 1 0 0 91
6/8 612 0 1 0 0 109 33 0 1 0 0 105 42 0 1 0 0 107 612 0 1 1 15 109 33 0 1 1 15 94 42 0 1 1 15 107
6/8 72 0 1 0 0 94 22 0 1 0 0 90 42 0 1 0 0 93 72 1 5 1 15 97 12 1 5 0 2 99 22 1 5 1 25 98
6/8 72 0 1 0 0 99 33 0 1 0 0 90 52 0 1 0 0 95 72 0 1 1 15 106 22 0 1 1 15 110 42 0 1 1 15 100
6/8 72 0 1 0 0 105 33 0 1 0 0 107 52 0 1 0 0 104
6/8 72 0 1 0 0 104 22 0 1 0 0 99 42 0 1 0 0 97 72 0 1 1 15 104 22 0 1 1 15 104 42 0 1 1 15 108
6/8 72 0 1 0 0 96 33 0 1 0 0 105 52 0 1 0 0 97
6/8 32 1 15 0 0 95 71 1 15 1 15 94
6/8 32 0 3 0 0 101
6/8 71 1 15 0 0 94 71 1 15 1 15 97
6/8 32 1 15 0 0 107 72 1 15 1 15 104
6/8 72 0 1 0 0 104 33 0 1 0 0 98 522 0 1 0 0 105
6/8 72 0 1 0 0 94 222 0 1 0 0 105 42 0 1 0 0 107
6/8 712 0 1 0 0 109 33 0 1 0 0 93 522 0 1 0 0 108
6/8 72 0 1 0 0 97 222 0 1 0 0 109 522 0 1 0 0 92
6/8 62 0 1 0 0 93 712 0 1 0 0 95 32 0 1 0 0 104
6/8 522 0 1 0 0 105 72 0 1 0 0 96 32 0 1 0 0 108
6/8 42 0 1 0 0 102 612 0 1 0 0 108 32 0 1 0 0 109
6/8 72 1 5 0 0 92 33 1 5 1 5 109 43 1 5 0 1 108 73 1 15 1 15 97
6/8 72 0 1 0 0 106 33 0 1 0 0 94 522 0 1 0 0 91
6/8 72 0 1 0 0 109 222 0 1 0 0 101 42 0 1 0 0 109
6/8 712 0 1 0 0 106 33 0 1 0 0 106 522 0 1 0 0 98
6/8 72 0 1 0 0 90 222 0 1 0 0 104 522 0 1 0 0 97
6/8 62 0 1 0 0 107 712 0 1 0 0 109 32 0 1 0 0 100
6/8 522 0 1 0 0 105 72 0 1 0 0 108 32 0 1 0 0 100
6/8 62 0 1 0 0 104 712 0 1 0 0 101 32 0 1 0 0 90 72 0 1 1 15 95 22 0 1 1 15 109 42 0 1 1 15 108
6/8 522 0 1 0 0 107 72 0 1 0 0 93 32 0 1 0 0 106 32 1 15 1 15 98
6/8 72 0 1 0 0 109 222 0 1 0 0 100 522 0 1 0 0 97 72 0 1 1 15 105 222 0 1 1 15 97 522 0 1 1 15 101
6/8 62 0 1 0 0 101 222 0 1 0 0 101 42 0 1 0 0 95 62 0 1 1 15 97 222 0 1 1 15 107 42 0 1 1 15 107
6/8 72 0 1 0 0 94 33 0 1 0 0 99 522 0 1 0 0 108 72 0 1 1 15 105 33 0 1 1 15 101 522 0 1 1 15 103
6/8 72 0 1 0 0 93 222 0 1 0 0 98 42 0 1 0 0 95 72 0 1 1 15 95 222 0 1 1 15 108 42 0 1 1 15 96
6/8 712 0 1 0 0 99 33 0 1 0 0 110 522 0 1 0 0 107 712 0 1 1 15 99 33 0 1 1 15 98 522 0 1 1 15 94
6/8 72 0 1 0 0 110 222 0 1 0 0 91 522 0 1 0 0 108 72 0 1 1 15 95 222 0 1 1 15 106 522 0 1 1 15 105
6/8 62 0 1 0 0 101 712 0 1 0 0 98 32 0 1 0 0 100 62 0 1 1 15 92 712 0 1 1 15 92 32 0 1 1 15 106
6/8 72 1 5 0 0 99 22 1 5 1 5 106 43 1 5 0 1 92 63 1 5 1 15 97 43 1 5 0 2 93 22 1 5 1 25 91
6/8 72 1 5 0 0 108 22 1 5 1 5 98 43 1 5 0 1 101 63 1 5 1 15 104 43 1 5 0 2 107 22 1 5 1 25 92
6/8 72 0 1 0 0 90 33 0 1 0 0 93 522 0 1 0 0 110 72 0 1 1 15 97 33 0 1 1 15 107 522 0 1 1 15 109
6/8 72 1 5 0 0 91 222 1 5 1 5 103 43 1 5 0 1 98 72 1 15 1 15 105
6/8 712 0 1 0 0 99 33 0 1 0 0 107 522 0 1 0 0 96 712 0 1 1 15 110 33 0 1 1 15 100 522 0 1 1 15 92
6/8 522 1 5 0 0 95 72 1 5 1 5 107 222 1 5 0 1 105 523 1 15 1 15 99
6/8 62 0 1 0 0 94 712 0 1 0 0 106 32 0 1 0 0 95 62 0 1 1 15 108 712 0 1 1 15 90 32 0 1 1 15 90
6/8 522 0 1 0 0 104 72 0 1 0 0 102 32 0 1 0 0 104 72 1 5 1 15 94 33 1 5 0 2 92 72 1 5 1 25 108
6/8 62 0 1 0 0 100 712 0 1 0 0 105 32 0 1 0 0 95 72 0 1 1 15 98 22 0 1 1 15 103 42 0 1 1 15 97
6/8 33 1 5 0 0 99 72 1 5 1 5 97 522 1 5 0 1 92 32 1 15 1 15 94
6/8 32 1 15 0 0 104 71 1 15 1 15 97
6/8 32 0 3 0 0 109
6/8 71 1 15 0 0 101 71 1 15 1 15 109
6/8 32 1 15 0 0 98 72 1 15 1 15 100
6/8 72 0 1 0 0 109 33 0 1 0 0 97 52 0 1 0 0 110 72 0 1 1 15 94 22 0 1 1 15 103 42 0 1 1 15 90
6/8 72 0 1 0 0 92 33 0 1 0 0 103 52 0 1 0 0 101
6/8 72 0 1 0 0 108 22 0 1 0 0 102 42 0 1 0 0 99 72 0 1 1 15 99 22 0 1 1 15 108 42 0 1 1 15 93
6/8 72 0 1 0 0 99 33 0 1 0 0 108 52 0 1 0 0 90
6/8 72 0 1 0 0 109 33 0 1 0 0 96 52 0 1 0 0 107 72 0 1 1 15 98 22 0 1 1 15 109 42 0 1 1 15 98
6/8 72 0 1 0 0 97 33 0 1 0 0 99 52 0 1 0 0 107
6/8 72 0 1 0 0 95 22 0 1 0 0 100 42 0 1 0 0 105 72 0 1 1 15 110 22 0 1 1 15 92 42 0 1 1 15 95
6/8 72 0 1 0 0 96 33 0 1 0 0 109 52 0 1 0 0 106
6/8 12 0 1 0 0 93 33 0 1 0 0 110 62 0 1 0 0 97 12 0 1 1 15 95 33 0 1 1 15 90 62 0 1 1 15 94
6/8 72 0 1 0 0 97 33 0 1 0 0 97 52 0 1 0 0 110
6/8 12 0 1 0 0 99 33 0 1 0 0 93 62 0 1 0 0 97 12 0 1 1 15 97 33 0 1 1 15 98 62 0 1 1 15 98
6/8 72 0 1 0 0 100 33 0 1 0 0 99 52 0 1 0 0 100 53 1 5 1 15 104 33 1 5 0 2 106 72 1 5 1 25 100
6/8 712 0 1 0 0 100 22 0 1 0 0 99 52 0 1 0 0 102 712 0 1 1 15 97 22 0 1 1 15 93 52 0 1 1 15 94
6/8 12 0 1 0 0 107 33 0 1 0 0 91 52 0 1 0 0 104
6/8 612 0 1 0 0 100 33 0 1 0 0 97 42 0 1 0 0 102 612 0 1 1 15 100 33 0 1 1 15 99 42 0 1 1 15 106
6/8 72 0 1 0 0 108 22 0 1 0 0 102 42 0 1 0 0 92 72 1 5 1 15 94 12 1 5 0 2 92 22 1 5 1 25 104
6/8 72 0 1 0 0 93 33 0 1 0 0 93 52 0 1 0 0 90 72 0 1 1 15 104 22 0 1 1 15 97 42 0 1 1 15 102
6/8 72 0 1 0 0 92 33 0 1 0 0 99 52 0 1 0 0 108
6/8 72 0 1 0 0 97 22 0 1 0 0 109 42 0 1 0 0 107 72 0 1 1 15 98 22 0 1 1 15 98 42 0 1 1 15 107
6/8 72 0 1 0 0 106 33 0 1 0 0 100 52 0 1 0 0 107
6/8 72 0 1 0 0 102 33 0 1 0 0 109 52 0 1 0 0 92 72 0 1 1 15 91 22 0 1 1 15 94 42 0 1 1 15 107
6/8 72 0 1 0 0 99 33 0 1 0 0 106 52 0 1 0 0 99
6/8 72 0 1 0 0 103 22 0 1 0 0 96 42 0 1 0 0 92 72 0 1 1 15 94 22 0 1 1 15 104 42 0 1 1 15 90
6/8 33 1 5 0 0 104 72 1 5 1 5 92 52 1 5 0 1 102 32 1 15 1 15 110
