6/8 35 0 1 0 0 100 55 0 1 0 0 100 714 0 1 1 15 100 35 0 1 1 15 100
6/8 224 0 1 0 0 100 45 0 1 0 0 100 74 0 1 1 15 100 24 0 1 1 15 100
6/8 714 0 1 0 0 100 35 0 1 0 0 100 224 0 1 1 15 100 45 0 1 1 15 100
6/8 315 0 1 0 0 100 65 0 1 0 0 100 35 0 1 1 15 100 55 0 1 1 15 100
6/8 14 0 1 0 0 100 35 0 1 0 0 100
6/8 74 2 25 2 25 100 64 2 25 1 5 100 54 2 25 2 75 100 44 2 25 0 1 100 54 2 25 2 125 100 34 0 1 1 15 100 44 1 5 1 25 100
6/8 23 1 5 0 0 100 73 3 2333 1 5 100
6/8 74 2 25 2 25 100 64 2 25 1 5 100 524 2 25 2 75 100 44 2 25 0 1 100 524 2 25 2 125 100 34 0 1 1 15 100 44 1 5 1 25 100
6/8 223 0 2 0 0 100 34 2 25 1 25 100 44 2 25 2 275 100
6/8 524 1 5 0 0 100 223 2 25 2 75 100 74 1 5 0 1 100 44 1 5 1 15 100 223 2 25 1 25 100 73 2 25 2 275 100
6/8 34 1 5 0 0 100 223 2 25 2 75 100 524 1 5 0 1 100 223 1 5 1 15 100 523 2 25 0 2 100 63 2 25 2 225 100 223 2 25 1 25 100
6/8 523 0 1 0 0 100 713 0 1 0 0 100
6/8
4/4 73 1 5 0 3 100 34 1 5 1 35 100
4/4 44 0 1 0 0 100 74 1 5 0 1 100 64 1 5 1 15 100 54 0 1 0 2 100 73 1 5 0 3 100 34 1 5 1 35 100
4/4 44 0 1 0 0 100 74 1 5 0 1 100 64 1 5 1 15 100 54 0 1 0 2 100 34 1 5 1 35 100
4/4 34 1 5 0 0 100 23 1 5 1 5 100 13 1 5 0 1 100 23 1 5 1 15 100 73 0 1 0 2 100 34 1 5 1 35 100
4/4 34 1 5 0 0 100 23 1 5 1 5 100 13 1 5 0 1 100 23 1 5 1 15 100 73 0 1 0 2 100 13 1 5 0 3 100 34 1 5 1 35 100
4/4 44 0 1 0 0 100 44 1 5 0 1 100 74 1 5 1 15 100 54 0 1 0 2 100 13 1 5 0 3 100 34 1 5 1 35 100
4/4 44 0 1 0 0 100 44 1 5 0 1 100 74 1 5 1 15 100 54 0 1 0 2 100 44 1 5 0 3 100 34 1 5 1 35 100
4/4 13 1 5 0 0 100 23 1 5 1 5 100 34 3 2667 0 1 100
4/4 13 1 5 0 0 100 23 1 5 1 5 100 34 3 2667 0 1 100
4/4 44 0 1 0 0 100 44 1 5 0 1 100 74 1 5 1 15 100 54 2 175 0 2 100
4/4 44 0 1 0 0 100 44 1 5 0 1 100 74 1 5 1 15 100 54 2 175 0 2 100
4/4 35 0 1 0 1 100 24 0 1 0 2 100 14 0 1 0 3 100
4/4 23 0 1 0 0 100 44 0 1 0 0 100 74 0 1 0 0 100 64 0 1 0 2 100 54 0 1 0 3 100
4/4 44 2 175 0 0 100 13 0 1 0 2 100 34 0 1 0 3 100
4/4 54 3 3667 0 0 100
4/4 34 0 1 0 0 100 54 0 1 0 0 100 14 0 1 0 0 100 23 0 1 0 1 100 44 0 1 0 1 100 74 0 1 0 1 100
4/4 13 0 1 0 0 100 34 0 1 0 0 100 64 0 1 0 0 100 23 0 1 0 1 100 44 0 1 0 1 100 74 0 1 0 1 100 73 1 5 0 3 100 34 1 5 1 35 100
4/4 44 0 1 0 0 100 74 1 5 0 1 100 64 1 5 1 15 100 54 0 1 0 2 100 73 1 5 0 3 100 34 1 5 1 35 100
4/4 44 0 1 0 0 100 74 1 5 0 1 100 64 1 5 1 15 100 54 0 1 0 2 100 34 1 5 1 35 100
4/4 34 1 5 0 0 100 23 1 5 1 5 100 13 1 5 0 1 100 23 1 5 1 15 100 73 0 1 0 2 100 34 1 5 1 35 100
4/4 34 1 5 0 0 100 23 1 5 1 5 100 13 1 5 0 1 100 23 1 5 1 15 100 73 0 1 0 2 100 13 1 5 0 3 100 34 1 5 1 35 100
4/4 44 0 1 0 0 100 44 1 5 0 1 100 74 1 5 1 15 100 54 0 1 0 2 100 13 1 5 0 3 100 34 1 5 1 35 100
4/4 44 0 1 0 0 100 44 1 5 0 1 100 74 1 5 1 15 100 54 0 1 0 2 100 44 1 5 0 3 100 34 1 5 1 35 100
4/4 13 1 5 0 0 100 23 1 5 1 5 100 34 3 2667 0 1 100
4/4 13 1 5 0 0 100 23 1 5 1 5 100 34 3 2667 0 1 100
4/4
4/4 73 0 1 0 0 100 44 0 1 0 0 100 73 0 1 1 5 100 74 0 1 1 5 100 73 0 1 0 1 100 524 0 1 0 1 100 73 0 1 1 15 100 44 0 1 1 15 100 73 0 1 0 2 100 44 0 1 0 2 100 73 0 1 1 25 100 74 0 1 1 25 100 73 0 1 0 3 100 524 0 1 0 3 100 73 0 1 1 35 100 44 0 1 1 35 100
4/4 73 0 1 0 0 100 44 0 1 0 0 100 73 0 1 1 5 100 74 0 1 1 5 100 73 0 1 0 1 100 524 0 1 0 1 100 73 0 1 1 15 100 44 0 1 1 15 100 73 0 1 0 2 100 44 0 1 0 2 100 73 0 1 1 25 100 74 0 1 1 25 100 73 0 1 0 3 100 524 0 1 0 3 100 73 0 1 1 35 100 44 0 1 1 35 100
4/4 73 0 1 0 0 100 44 0 1 0 0 100 73 0 1 1 5 100 74 0 1 1 5 100 73 0 1 0 1 100 524 0 1 0 1 100 73 0 1 1 15 100 44 0 1 1 15 100 73 0 1 0 2 100 44 0 1 0 2 100 73 0 1 1 25 100 74 0 1 1 25 100 73 0 1 0 3 100 524 0 1 0 3 100 73 0 1 1 35 100 44 0 1 1 35 100
4/4 73 0 1 0 0 100 44 0 1 0 0 100 73 0 1 1 5 100 74 0 1 1 5 100 73 0 1 0 1 100 524 0 1 0 1 100 73 0 1 1 15 100 44 0 1 1 15 100 73 0 1 0 2 100 44 0 1 0 2 100 73 0 1 1 25 100 74 0 1 1 25 100 73 0 1 0 3 100 524 0 1 0 3 100 73 0 1 1 35 100 44 0 1 1 35 100
4/4 63 0 1 0 0 100 34 0 1 0 0 100 63 0 1 1 5 100 64 0 1 1 5 100 63 0 1 0 1 100 314 0 1 0 1 100 63 0 1 1 15 100 34 0 1 1 15 100 63 0 1 0 2 100 34 0 1 0 2 100 63 0 1 1 25 100 64 0 1 1 25 100 63 0 1 0 3 100 314 0 1 0 3 100 63 0 1 1 35 100 34 0 1 1 35 100
4/4 63 0 1 0 0 100 34 0 1 0 0 100 63 0 1 1 5 100 64 0 1 1 5 100 63 0 1 0 1 100 314 0 1 0 1 100 63 0 1 1 15 100 34 0 1 1 15 100 63 0 1 0 2 100 34 0 1 0 2 100 63 0 1 1 25 100 64 0 1 1 25 100 63 0 1 0 3 100 314 0 1 0 3 100 63 0 1 1 35 100 34 0 1 1 35 100
4/4 73 0 1 0 0 100 44 0 1 0 0 100 73 0 1 1 5 100 74 0 1 1 5 100 73 0 1 0 1 100 524 0 1 0 1 100 73 0 1 1 15 100 44 0 1 1 15 100 73 0 1 0 2 100 44 0 1 0 2 100 73 0 1 1 25 100 74 0 1 1 25 100 73 0 1 0 3 100 524 0 1 0 3 100 73 0 1 1 35 100 44 0 1 1 35 100
4/4 73 0 1 0 0 100 44 0 1 0 0 100 73 0 1 1 5 100 74 0 1 1 5 100 73 0 1 0 1 100 524 0 1 0 1 100 73 0 1 1 15 100 44 0 1 1 15 100 73 0 1 0 2 100 44 0 1 0 2 100 73 0 1 1 25 100 74 0 1 1 25 100 73 0 1 0 3 100 524 0 1 0 3 100 73 0 1 1 35 100 44 0 1 1 35 100
4/4 63 0 1 0 0 100 34 0 1 0 0 100 63 0 1 1 5 100 64 0 1 1 5 100 63 0 1 0 1 100 314 0 1 0 1 100 63 0 1 1 15 100 34 0 1 1 15 100 63 0 1 0 2 100 34 0 1 0 2 100 63 0 1 1 25 100 64 0 1 1 25 100 63 0 1 0 3 100 314 0 1 0 3 100 63 0 1 1 35 100 34 0 1 1 35 100
4/4 63 0 1 0 0 100 34 0 1 0 0 100 63 0 1 1 5 100 64 0 1 1 5 100 63 0 1 0 1 100 314 0 1 0 1 100 63 0 1 1 15 100 34 0 1 1 15 100 63 0 1 0 2 100 34 0 1 0 2 100 63 0 1 1 25 100 64 0 1 1 25 100 63 0 1 0 3 100 314 0 1 0 3 100 63 0 1 1 35 100 34 0 1 1 35 100
4/4 53 0 1 0 0 100 23 0 1 0 0 100 53 0 1 1 5 100 54 0 1 1 5 100 53 0 1 0 1 100 34 0 1 0 1 100 53 0 1 1 15 100 23 0 1 1 15 100 53 0 1 0 2 100 23 0 1 0 2 100 53 0 1 1 25 100 54 0 1 1 25 100 53 0 1 0 3 100 34 0 1 0 3 100 53 0 1 1 35 100 23 0 1 1 35 100
4/4 53 0 1 0 0 100 23 0 1 0 0 100 53 0 1 1 5 100 54 0 1 1 5 100 53 0 1 0 1 100 34 0 1 0 1 100 53 0 1 1 15 100 23 0 1 1 15 100 53 0 1 0 2 100 23 0 1 0 2 100 53 0 1 1 25 100 54 0 1 1 25 100 53 0 1 0 3 100 34 0 1 0 3 100 53 0 1 1 35 100 23 0 1 1 35 100
4/4 53 0 1 0 0 100 23 0 1 0 0 100 53 0 1 1 5 100 54 0 1 1 5 100 53 0 1 0 1 100 34 0 1 0 1 100 53 0 1 1 15 100 23 0 1 1 15 100 53 0 1 0 2 100 23 0 1 0 2 100 53 0 1 1 25 100 54 0 1 1 25 100 53 0 1 0 3 100 34 0 1 0 3 100 53 0 1 1 35 100 23 0 1 1 35 100
4/4 73 0 1 0 0 100 44 0 1 0 0 100 73 0 1 1 5 100 74 0 1 1 5 100 73 0 1 0 1 100 524 0 1 0 1 100 73 0 1 1 15 100 44 0 1 1 15 100 73 0 1 0 2 100 44 0 1 0 2 100 73 0 1 1 25 100 74 0 1 1 25 100 73 0 1 0 3 100 524 0 1 0 3 100 73 0 1 1 35 100 44 0 1 1 35 100
4/4 73 0 1 0 0 100 44 0 1 0 0 100 73 0 1 1 5 100 74 0 1 1 5 100 73 0 1 0 1 100 524 0 1 0 1 100 73 0 1 1 15 100 44 0 1 1 15 100 73 0 1 0 2 100 44 0 1 0 2 100 73 0 1 1 25 100 74 0 1 1 25 100 73 0 1 0 3 100 524 0 1 0 3 100 73 0 1 1 35 100 44 0 1 1 35 100
4/4 713 0 1 0 0 100 524 0 1 0 0 100 713 0 1 1 5 100 714 0 1 1 5 100 713 0 1 0 1 100 54 0 1 0 1 100 713 0 1 1 15 100 524 0 1 1 15 100 713 0 1 0 2 100 524 0 1 0 2 100 713 0 1 1 25 100 714 0 1 1 25 100 713 0 1 0 3 100 54 0 1 0 3 100 713 0 1 1 35 100 524 0 1 1 35 100
4/4 713 0 1 0 0 100 34 0 1 0 0 100 54 0 1 0 0 100 714 0 1 0 0 100
4/4 713 0 1 0 0 100 34 0 1 0 0 100 54 0 1 0 0 100 714 0 1 0 0 100
6/8 53 0 1 0 0 100 13 0 1 0 0 100 33 0 1 1 15 100 223 0 1 1 15 100
6/8 43 0 1 0 0 100 73 0 1 0 0 100 22 0 1 1 15 100 13 0 1 1 15 100
6/8 33 0 1 0 0 100 63 0 1 0 0 100 43 0 1 1 15 100 73 0 1 1 15 100
6/8 63 0 1 0 0 100 223 0 1 0 0 100 53 0 1 1 15 100 13 0 1 1 15 100
6/8 32 2 25 0 0 100 72 2 25 2 25 100 33 2 25 1 5 100 72 2 25 2 75 100 43 2 25 0 1 100 72 2 25 2 125 100 32 2 25 1 15 100 72 2 25 2 175 100 33 2 25 0 2 100 72 2 25 2 225 100 43 2 25 1 25 100 72 2 25 2 275 100
6/8 32 2 25 0 0 100 72 2 25 2 25 100 33 2 25 1 5 100 72 2 25 2 75 100 43 2 25 0 1 100 72 2 25 2 125 100 32 2 25 1 15 100 72 2 25 2 175 100 33 2 25 0 2 100 72 2 25 2 225 100 43 2 25 1 25 100 72 2 25 2 275 100
6/8 32 2 25 0 0 100 72 2 25 2 25 100 33 2 25 1 5 100 72 2 25 2 75 100 43 2 25 0 1 100 72 2 25 2 125 100 32 2 25 1 15 100 72 2 25 2 175 100 33 2 25 0 2 100 72 2 25 2 225 100 43 2 25 1 25 100 72 2 25 2 275 100
6/8 61 2 25 0 0 100 712 2 25 2 25 100 33 2 25 1 5 100 712 2 25 2 75 100 523 2 25 0 1 100 712 2 25 2 125 100 61 2 25 1 15 100 712 2 25 2 175 100 33 2 25 0 2 100 712 2 25 2 225 100 523 2 25 1 25 100 712 2 25 2 275 100
6/8 221 2 25 0 0 100 712 2 25 2 25 100 222 2 25 1 5 100 712 2 25 2 75 100 43 2 25 0 1 100 712 2 25 2 125 100 221 2 25 1 15 100 712 2 25 2 175 100 222 2 25 0 2 100 712 2 25 2 225 100 43 2 25 1 25 100 712 2 25 2 275 100
6/8 32 2 25 0 0 100 72 2 25 2 25 100 222 0 1 1 5 100 43 0 1 1 5 100 523 0 1 1 5 100 72 2 25 2 75 100 523 2 25 0 1 100 43 2 25 2 125 100 221 2 25 1 15 100 72 2 25 2 175 100 222 0 1 0 2 100 43 0 1 0 2 100 63 0 1 0 2 100 523 2 25 2 225 100 43 1 5 1 25 100
6/8 711 2 25 0 0 100 72 2 25 2 25 100 712 0 1 1 5 100 33 0 1 1 5 100 43 0 1 1 5 100 523 0 1 1 5 100 72 2 25 2 75 100 523 2 25 0 1 100 43 2 25 2 125 100 71 2 25 1 15 100 222 2 25 2 175 100 72 0 1 0 2 100 222 0 1 0 2 100 523 0 1 0 2 100 63 0 1 0 2 100 63 2 25 2 225 100 523 1 5 1 25 100
6/8 522 0 1 0 0 100 222 0 1 0 0 100
6/8
4/4
4/4 62 0 1 0 0 100 12 0 1 0 0 100 33 0 1 0 0 100 52 0 1 0 2 100 72 0 1 0 2 100 33 0 1 0 2 100 43 0 1 0 2 100
4/4 62 0 1 0 0 100 12 0 1 0 0 100 33 0 1 0 0 100 52 0 1 0 2 100 72 0 1 0 2 100 33 0 1 0 2 100 43 0 1 0 2 100
4/4 62 0 1 0 0 100 12 0 1 0 0 100 33 0 1 0 0 100 43 0 1 0 0 100 42 0 1 0 2 100 72 0 1 0 2 100
4/4 62 0 1 0 0 100 12 0 1 0 0 100 33 0 1 0 0 100 43 0 1 0 0 100 42 0 1 0 2 100 72 0 1 0 2 100
4/4 12 0 1 0 0 100 53 0 1 0 0 100 73 0 1 0 0 100 52 0 1 0 2 100 22 0 1 0 2 100 43 0 1 0 2 100
4/4 62 0 1 0 0 100 12 0 1 0 0 100 33 0 1 0 0 100 72 0 1 0 2 100 22 0 1 0 2 100 43 0 1 0 2 100
4/4 62 0 1 0 0 100 12 0 1 0 0 100 43 0 1 0 0 100 62 0 1 0 1 100 33 0 1 0 1 100 73 0 1 0 1 100
4/4 62 0 1 0 0 100 12 0 1 0 0 100 43 0 1 0 0 100 52 0 1 0 1 100 33 0 1 0 1 100 73 0 1 0 1 100
4/4 72 0 1 0 0 100 22 0 1 0 0 100 43 0 1 0 0 100 72 0 1 0 1 100 22 0 1 0 1 100 43 0 1 0 1 100 32 0 1 0 2 100 72 0 1 0 2 100 33 0 1 0 2 100
4/4 72 0 1 0 0 100 22 0 1 0 0 100 43 0 1 0 0 100 72 0 1 0 1 100 22 0 1 0 1 100 43 0 1 0 1 100 32 0 1 0 2 100 72 0 1 0 2 100 33 0 1 0 2 100
4/4 62 0 1 0 0 100 33 0 1 0 0 100 63 0 1 0 0 100 13 0 1 0 0 100
4/4 52 0 1 0 0 100 22 0 1 0 0 100 43 0 1 0 0 100 73 0 1 0 0 100
4/4 42 0 1 0 0 100 12 0 1 0 0 100 33 0 1 0 0 100 63 0 1 0 0 100
4/4 52 0 1 0 0 100 712 0 1 0 0 100 22 0 1 0 0 100 43 0 1 0 0 100 53 0 1 0 0 100
4/4 12 0 1 0 0 100 33 0 1 0 0 100 53 0 1 0 0 100 72 0 1 0 1 100 22 0 1 0 1 100 43 0 1 0 1 100
4/4 62 0 1 0 0 100 12 0 1 0 0 100 33 0 1 0 0 100 72 0 1 0 1 100 22 0 1 0 1 100 43 0 1 0 1 100
4/4 62 0 1 0 0 100 12 0 1 0 0 100 33 0 1 0 0 100 52 0 1 0 2 100 72 0 1 0 2 100 33 0 1 0 2 100 43 0 1 0 2 100
4/4 62 0 1 0 0 100 12 0 1 0 0 100 33 0 1 0 0 100 52 0 1 0 2 100 72 0 1 0 2 100 33 0 1 0 2 100 43 0 1 0 2 100
4/4 62 0 1 0 0 100 12 0 1 0 0 100 33 0 1 0 0 100 43 0 1 0 0 100 42 0 1 0 2 100 72 0 1 0 2 100
4/4 62 0 1 0 0 100 12 0 1 0 0 100 33 0 1 0 0 100 43 0 1 0 0 100 42 0 1 0 2 100 72 0 1 0 2 100
4/4 12 0 1 0 0 100 53 0 1 0 0 100 73 0 1 0 0 100 52 0 1 0 2 100 22 0 1 0 2 100 43 0 1 0 2 100
4/4 62 0 1 0 0 100 12 0 1 0 0 100 33 0 1 0 0 100 72 0 1 0 2 100 22 0 1 0 2 100 43 0 1 0 2 100
4/4 62 0 1 0 0 100 12 0 1 0 0 100 43 0 1 0 0 100 62 0 1 0 1 100 33 0 1 0 1 100 73 0 1 0 1 100
4/4 62 0 1 0 0 100 12 0 1 0 0 100 43 0 1 0 0 100 52 0 1 0 1 100 33 0 1 0 1 100 73 0 1 0 1 100
4/4
4/4
4/4
4/4 31 0 1 0 0 100 32 0 1 0 0 100 31 0 1 1 35 100 32 0 1 1 35 100
4/4 31 0 1 0 0 100 32 0 1 0 0 100 31 0 1 1 35 100 32 0 1 1 35 100
4/4 221 0 1 0 0 100 221 0 1 0 0 100 221 0 1 1 35 100 221 0 1 1 35 100
4/4 221 0 1 0 0 100 221 0 1 0 0 100 221 0 1 1 35 100 221 0 1 1 35 100
4/4 31 0 1 0 0 100 32 0 1 0 0 100 31 0 1 1 35 100 32 0 1 1 35 100
4/4 31 0 1 0 0 100 32 0 1 0 0 100 31 0 1 1 35 100 32 0 1 1 35 100
4/4 221 0 1 0 0 100 221 0 1 0 0 100 221 0 1 1 35 100 221 0 1 1 35 100
4/4 221 0 1 0 0 100 221 0 1 0 0 100 221 0 1 1 35 100 221 0 1 1 35 100
4/4 11 0 1 0 0 100 11 0 1 0 0 100 11 0 1 1 35 100 11 0 1 1 35 100
4/4 11 0 1 0 0 100 11 0 1 0 0 100
4/4 12 0 1 0 0 100 33 0 1 0 0 100 53 0 1 0 0 100 11 0 1 1 15 100 11 0 1 1 15 100 11 0 1 0 2 100 11 0 1 0 2 100 71 0 1 1 35 100 71 0 1 1 35 100
4/4 31 0 1 0 0 100 32 0 1 0 0 100 31 0 1 1 35 100 32 0 1 1 35 100
4/4 31 0 1 0 0 100 32 0 1 0 0 100 31 0 1 1 35 100 32 0 1 1 35 100
4/4 311 0 1 0 0 100 312 0 1 0 0 100 311 1 5 1 15 100 311 1 15 0 2 100 311 1 5 1 35 100
4/4 41 0 1 0 0 100 42 0 1 0 0 100
4/4 41 0 1 0 0 100 42 0 1 0 0 100
