6/8 36 0 1 0 0 101 56 0 1 0 0 101 715 0 1 1 15 99 36 0 1 1 15 109
6/8 225 0 1 0 0 107 46 0 1 0 0 107 75 0 1 1 15 93 25 0 1 1 15 99
6/8 715 0 1 0 0 102 36 0 1 0 0 97 225 0 1 1 15 90 46 0 1 1 15 108
6/8 316 0 1 0 0 99 66 0 1 0 0 92 36 0 1 1 15 95 56 0 1 1 15 110
6/8 15 0 1 0 0 108 36 0 1 0 0 107
6/8 75 2 25 2 25 93 65 2 25 1 5 99 55 2 25 2 75 99 45 2 25 0 1 109 55 2 25 2 125 106 35 0 1 1 15 93 45 1 5 1 25 91
6/8 24 1 5 0 0 105 74 3 2333 1 5 90
6/8 75 2 25 2 25 96 65 2 25 1 5 92 525 2 25 2 75 91 45 2 25 0 1 105 525 2 25 2 125 98 35 0 1 1 15 98 45 1 5 1 25 104
6/8 224 0 2 0 0 94 35 2 25 1 25 104 45 2 25 2 275 107
6/8 525 1 5 0 0 107 224 2 25 2 75 92 75 1 5 0 1 100 45 1 5 1 15 100 224 2 25 1 25 105 74 2 25 2 275 105
6/8 35 1 5 0 0 107 224 2 25 2 75 94 525 1 5 0 1 103 224 1 5 1 15 104 524 2 25 0 2 95 64 2 25 2 225 90 224 2 25 1 25 100
6/8 524 0 1 0 0 101 714 0 1 0 0 92
6/8
4/4 74 1 5 0 3 105 35 1 5 1 35 94
4/4 45 0 1 0 0 97 75 1 5 0 1 100 65 1 5 1 15 100 55 0 1 0 2 93 74 1 5 0 3 94 35 1 5 1 35 102
4/4 45 0 1 0 0 105 75 1 5 0 1 109 65 1 5 1 15 100 55 0 1 0 2 100 35 1 5 1 35 100
4/4 35 1 5 0 0 104 24 1 5 1 5 99 14 1 5 0 1 109 24 1 5 1 15 104 74 0 1 0 2 101 35 1 5 1 35 90
4/4 35 1 5 0 0 107 24 1 5 1 5 92 14 1 5 0 1 98 24 1 5 1 15 103 74 0 1 0 2 96 14 1 5 0 3 92 35 1 5 1 35 91
4/4 45 0 1 0 0 91 45 1 5 0 1 94 75 1 5 1 15 99 55 0 1 0 2 107 14 1 5 0 3 95 35 1 5 1 35 104
4/4 45 0 1 0 0 107 45 1 5 0 1 96 75 1 5 1 15 103 55 0 1 0 2 97 45 1 5 0 3 91 35 1 5 1 35 104
4/4 14 1 5 0 0 104 24 1 5 1 5 92 35 3 2667 0 1 106
4/4 14 1 5 0 0 108 24 1 5 1 5 91 35 3 2667 0 1 96
4/4 45 0 1 0 0 109 45 1 5 0 1 106 75 1 5 1 15 109 55 2 175 0 2 109
4/4 45 0 1 0 0 93 45 1 5 0 1 94 75 1 5 1 15 94 55 2 175 0 2 104
4/4 36 0 1 0 1 100 25 0 1 0 2 110 15 0 1 0 3 95
4/4 24 0 1 0 0 104 45 0 1 0 0 90 75 0 1 0 0 101 65 0 1 0 2 103 55 0 1 0 3 105
4/4 45 2 175 0 0 104 14 0 1 0 2 93 35 0 1 0 3 96
4/4 55 3 3667 0 0 100
4/4 35 0 1 0 0 102 55 0 1 0 0 94 15 0 1 0 0 94 24 0 1 0 1 96 45 0 1 0 1 100 75 0 1 0 1 104
4/4 14 0 1 0 0 110 35 0 1 0 0 99 65 0 1 0 0 108 24 0 1 0 1 108 45 0 1 0 1 91 75 0 1 0 1 99 74 1 5 0 3 90 35 1 5 1 35 98
4/4 45 0 1 0 0 104 75 1 5 0 1 101 65 1 5 1 15 102 55 0 1 0 2 93 74 1 5 0 3 90 35 1 5 1 35 91
4/4 45 0 1 0 0 93 75 1 5 0 1 91 65 1 5 1 15 105 55 0 1 0 2 95 35 1 5 1 35 96
4/4 35 1 5 0 0 99 24 1 5 1 5 108 14 1 5 0 1 104 24 1 5 1 15 107 74 0 1 0 2 107 35 1 5 1 35 91
4/4 35 1 5 0 0 92 24 1 5 1 5 103 14 1 5 0 1 104 24 1 5 1 15 100 74 0 1 0 2 100 14 1 5 0 3 97 35 1 5 1 35 105
4/4 45 0 1 0 0 93 45 1 5 0 1 94 75 1 5 1 15 102 55 0 1 0 2 94 14 1 5 0 3 104 35 1 5 1 35 100
4/4 45 0 1 0 0 106 45 1 5 0 1 105 75 1 5 1 15 102 55 0 1 0 2 97 45 1 5 0 3 92 35 1 5 1 35 91
4/4 14 1 5 0 0 100 24 1 5 1 5 90 35 3 2667 0 1 105
4/4 14 1 5 0 0 108 24 1 5 1 5 90 35 3 2667 0 1 110
4/4
4/4 74 0 1 0 0 98 45 0 1 0 0 94 74 0 1 1 5 98 75 0 1 1 5 93 74 0 1 0 1 108 525 0 1 0 1 110 74 0 1 1 15 96 45 0 1 1 15 105 74 0 1 0 2 91 45 0 1 0 2 90 74 0 1 1 25 98 75 0 1 1 25 94 74 0 1 0 3 103 525 0 1 0 3 95 74 0 1 1 35 105 45 0 1 1 35 101
4/4 74 0 1 0 0 93 45 0 1 0 0 101 74 0 1 1 5 98 75 0 1 1 5 91 74 0 1 0 1 110 525 0 1 0 1 106 74 0 1 1 15 108 45 0 1 1 15 104 74 0 1 0 2 103 45 0 1 0 2 110 74 0 1 1 25 104 75 0 1 1 25 90 74 0 1 0 3 98 525 0 1 0 3 93 74 0 1 1 35 96 45 0 1 1 35 94
4/4 74 0 1 0 0 98 45 0 1 0 0 96 74 0 1 1 5 107 75 0 1 1 5 95 74 0 1 0 1 92 525 0 1 0 1 96 74 0 1 1 15 109 45 0 1 1 15 107 74 0 1 0 2 101 45 0 1 0 2 99 74 0 1 1 25 98 75 0 1 1 25 91 74 0 1 0 3 90 525 0 1 0 3 107 74 0 1 1 35 97 45 0 1 1 35 94
4/4 74 0 1 0 0 107 45 0 1 0 0 101 74 0 1 1 5 90 75 0 1 1 5 93 74 0 1 0 1 103 525 0 1 0 1 104 74 0 1 1 15 100 45 0 1 1 15 104 74 0 1 0 2 96 45 0 1 0 2 105 74 0 1 1 25 105 75 0 1 1 25 97 74 0 1 0 3 103 525 0 1 0 3 99 74 0 1 1 35 92 45 0 1 1 35 104
4/4 64 0 1 0 0 93 35 0 1 0 0 106 64 0 1 1 5 101 65 0 1 1 5 106 64 0 1 0 1 99 315 0 1 0 1 109 64 0 1 1 15 91 35 0 1 1 15 105 64 0 1 0 2 110 35 0 1 0 2 108 64 0 1 1 25 107 65 0 1 1 25 95 64 0 1 0 3 107 315 0 1 0 3 93 64 0 1 1 35 108 35 0 1 1 35 100
4/4 64 0 1 0 0 101 35 0 1 0 0 96 64 0 1 1 5 96 65 0 1 1 5 99 64 0 1 0 1 107 315 0 1 0 1 105 64 0 1 1 15 92 35 0 1 1 15 91 64 0 1 0 2 109 35 0 1 0 2 103 64 0 1 1 25 103 65 0 1 1 25 96 64 0 1 0 3 92 315 0 1 0 3 105 64 0 1 1 35 91 35 0 1 1 35 92
4/4 74 0 1 0 0 90 45 0 1 0 0 95 74 0 1 1 5 110 75 0 1 1 5 106 74 0 1 0 1 100 525 0 1 0 1 91 74 0 1 1 15 99 45 0 1 1 15 110 74 0 1 0 2 101 45 0 1 0 2 92 74 0 1 1 25 109 75 0 1 1 25 97 74 0 1 0 3 110 525 0 1 0 3 105 74 0 1 1 35 97 45 0 1 1 35 98
4/4 74 0 1 0 0 101 45 0 1 0 0 96 74 0 1 1 5 110 75 0 1 1 5 108 74 0 1 0 1 93 525 0 1 0 1 96 74 0 1 1 15 108 45 0 1 1 15 101 74 0 1 0 2 106 45 0 1 0 2 104 74 0 1 1 25 94 75 0 1 1 25 103 74 0 1 0 3 92 525 0 1 0 3 102 74 0 1 1 35 104 45 0 1 1 35 110
4/4 64 0 1 0 0 106 35 0 1 0 0 101 64 0 1 1 5 97 65 0 1 1 5 98 64 0 1 0 1 109 315 0 1 0 1 93 64 0 1 1 15 99 35 0 1 1 15 109 64 0 1 0 2 107 35 0 1 0 2 98 64 0 1 1 25 93 65 0 1 1 25 90 64 0 1 0 3 94 315 0 1 0 3 92 64 0 1 1 35 106 35 0 1 1 35 96
4/4 64 0 1 0 0 99 35 0 1 0 0 98 64 0 1 1 5 91 65 0 1 1 5 91 64 0 1 0 1 102 315 0 1 0 1 91 64 0 1 1 15 101 35 0 1 1 15 104 64 0 1 0 2 106 35 0 1 0 2 101 64 0 1 1 25 92 65 0 1 1 25 110 64 0 1 0 3 100 315 0 1 0 3 104 64 0 1 1 35 100 35 0 1 1 35 93
4/4 54 0 1 0 0 98 24 0 1 0 0 102 54 0 1 1 5 98 55 0 1 1 5 110 54 0 1 0 1 97 35 0 1 0 1 97 54 0 1 1 15 96 24 0 1 1 15 97 54 0 1 0 2 90 24 0 1 0 2 97 54 0 1 1 25 104 55 0 1 1 25 105 54 0 1 0 3 108 35 0 1 0 3 93 54 0 1 1 35 95 24 0 1 1 35 105
4/4 54 0 1 0 0 98 24 0 1 0 0 101 54 0 1 1 5 100 55 0 1 1 5 105 54 0 1 0 1 92 35 0 1 0 1 101 54 0 1 1 15 92 24 0 1 1 15 103 54 0 1 0 2 93 24 0 1 0 2 104 54 0 1 1 25 91 55 0 1 1 25 100 54 0 1 0 3 97 35 0 1 0 3 103 54 0 1 1 35 104 24 0 1 1 35 104
4/4 54 0 1 0 0 94 24 0 1 0 0 105 54 0 1 1 5 107 55 0 1 1 5 90 54 0 1 0 1 107 35 0 1 0 1 98 54 0 1 1 15 92 24 0 1 1 15 107 54 0 1 0 2 107 24 0 1 0 2 103 54 0 1 1 25 96 55 0 1 1 25 93 54 0 1 0 3 91 35 0 1 0 3 96 54 0 1 1 35 108 24 0 1 1 35 99
4/4 74 0 1 0 0 98 45 0 1 0 0 110 74 0 1 1 5 90 75 0 1 1 5 93 74 0 1 0 1 100 525 0 1 0 1 109 74 0 1 1 15 101 45 0 1 1 15 101 74 0 1 0 2 102 45 0 1 0 2 95 74 0 1 1 25 108 75 0 1 1 25 90 74 0 1 0 3 97 525 0 1 0 3 93 74 0 1 1 35 91 45 0 1 1 35 91
4/4 74 0 1 0 0 109 45 0 1 0 0 108 74 0 1 1 5 103 75 0 1 1 5 103 74 0 1 0 1 106 525 0 1 0 1 105 74 0 1 1 15 91 45 0 1 1 15 98 74 0 1 0 2 104 45 0 1 0 2 109 74 0 1 1 25 97 75 0 1 1 25 92 74 0 1 0 3 109 525 0 1 0 3 90 74 0 1 1 35 103 45 0 1 1 35 109
4/4 714 0 1 0 0 91 525 0 1 0 0 109 714 0 1 1 5 103 715 0 1 1 5 100 714 0 1 0 1 106 55 0 1 0 1 104 714 0 1 1 15 91 525 0 1 1 15 106 714 0 1 0 2 105 525 0 1 0 2 96 714 0 1 1 25 101 715 0 1 1 25 91 714 0 1 0 3 106 55 0 1 0 3 108 714 0 1 1 35 93 525 0 1 1 35 99
4/4 714 0 1 0 0 90 35 0 1 0 0 109 55 0 1 0 0 93 715 0 1 0 0 94
4/4 714 0 1 0 0 91 35 0 1 0 0 95 55 0 1 0 0 90 715 0 1 0 0 109
6/8 54 0 1 0 0 103 14 0 1 0 0 98 34 0 1 1 15 100 224 0 1 1 15 108
6/8 44 0 1 0 0 110 74 0 1 0 0 110 23 0 1 1 15 99 14 0 1 1 15 104
6/8 34 0 1 0 0 107 64 0 1 0 0 104 44 0 1 1 15 97 74 0 1 1 15 91
6/8 64 0 1 0 0 101 224 0 1 0 0 94 54 0 1 1 15 100 14 0 1 1 15 93
6/8 33 2 25 0 0 94 73 2 25 2 25 96 34 2 25 1 5 95 73 2 25 2 75 91 44 2 25 0 1 99 73 2 25 2 125 103 33 2 25 1 15 101 73 2 25 2 175 94 34 2 25 0 2 97 73 2 25 2 225 100 44 2 25 1 25 107 73 2 25 2 275 93
6/8 33 2 25 0 0 108 73 2 25 2 25 100 34 2 25 1 5 109 73 2 25 2 75 109 44 2 25 0 1 103 73 2 25 2 125 92 33 2 25 1 15 97 73 2 25 2 175 108 34 2 25 0 2 106 73 2 25 2 225 98 44 2 25 1 25 102 73 2 25 2 275 98
6/8 33 2 25 0 0 98 73 2 25 2 25 96 34 2 25 1 5 90 73 2 25 2 75 93 44 2 25 0 1 95 73 2 25 2 125 105 33 2 25 1 15 104 73 2 25 2 175 95 34 2 25 0 2 108 73 2 25 2 225 103 44 2 25 1 25 92 73 2 25 2 275 105
6/8 62 2 25 0 0 92 713 2 25 2 25 108 34 2 25 1 5 109 713 2 25 2 75 93 524 2 25 0 1 109 713 2 25 2 125 105 62 2 25 1 15 100 713 2 25 2 175 98 34 2 25 0 2 93 713 2 25 2 225 108 524 2 25 1 25 97 713 2 25 2 275 106
6/8 222 2 25 0 0 99 713 2 25 2 25 103 223 2 25 1 5 110 713 2 25 2 75 103 44 2 25 0 1 91 713 2 25 2 125 106 222 2 25 1 15 96 713 2 25 2 175 97 223 2 25 0 2 104 713 2 25 2 225 94 44 2 25 1 25 103 713 2 25 2 275 109
6/8 33 2 25 0 0 110 73 2 25 2 25 107 223 0 1 1 5 96 44 0 1 1 5 105 524 0 1 1 5 109 73 2 25 2 75 101 524 2 25 0 1 104 44 2 25 2 125 93 222 2 25 1 15 107 73 2 25 2 175 104 223 0 1 0 2 104 44 0 1 0 2 106 64 0 1 0 2 103 524 2 25 2 225 109 44 1 5 1 25 103
6/8 712 2 25 0 0 94 73 2 25 2 25 95 713 0 1 1 5 93 34 0 1 1 5 102 44 0 1 1 5 110 524 0 1 1 5 97 73 2 25 2 75 98 524 2 25 0 1 102 44 2 25 2 125 96 72 2 25 1 15 101 223 2 25 2 175 100 73 0 1 0 2 95 223 0 1 0 2 94 524 0 1 0 2 97 64 0 1 0 2 106 64 2 25 2 225 105 524 1 5 1 25 95
6/8 523 0 1 0 0 95 223 0 1 0 0 99
6/8
4/4
4/4 63 0 1 0 0 96 13 0 1 0 0 100 34 0 1 0 0 110 53 0 1 0 2 104 73 0 1 0 2 94 34 0 1 0 2 95 44 0 1 0 2 92
4/4 63 0 1 0 0 106 13 0 1 0 0 102 34 0 1 0 0 106 53 0 1 0 2 95 73 0 1 0 2 96 34 0 1 0 2 97 44 0 1 0 2 110
4/4 63 0 1 0 0 108 13 0 1 0 0 99 34 0 1 0 0 109 44 0 1 0 0 97 43 0 1 0 2 97 73 0 1 0 2 104
4/4 63 0 1 0 0 100 13 0 1 0 0 90 34 0 1 0 0 100 44 0 1 0 0 99 43 0 1 0 2 94 73 0 1 0 2 94
4/4 13 0 1 0 0 90 54 0 1 0 0 110 74 0 1 0 0 92 53 0 1 0 2 98 23 0 1 0 2 93 44 0 1 0 2 105
4/4 63 0 1 0 0 95 13 0 1 0 0 101 34 0 1 0 0 90 73 0 1 0 2 104 23 0 1 0 2 100 44 0 1 0 2 95
4/4 63 0 1 0 0 106 13 0 1 0 0 104 44 0 1 0 0 103 63 0 1 0 1 96 34 0 1 0 1 97 74 0 1 0 1 93
4/4 63 0 1 0 0 102 13 0 1 0 0 104 44 0 1 0 0 106 53 0 1 0 1 98 34 0 1 0 1 93 74 0 1 0 1 104
4/4 73 0 1 0 0 93 23 0 1 0 0 98 44 0 1 0 0 94 73 0 1 0 1 108 23 0 1 0 1 98 44 0 1 0 1 109 33 0 1 0 2 101 73 0 1 0 2 108 34 0 1 0 2 100
4/4 73 0 1 0 0 94 23 0 1 0 0 91 44 0 1 0 0 97 73 0 1 0 1 102 23 0 1 0 1 110 44 0 1 0 1 108 33 0 1 0 2 109 73 0 1 0 2 96 34 0 1 0 2 90
4/4 63 0 1 0 0 94 34 0 1 0 0 90 64 0 1 0 0 92 14 0 1 0 0 102
4/4 53 0 1 0 0 92 23 0 1 0 0 100 44 0 1 0 0 91 74 0 1 0 0 110
4/4 43 0 1 0 0 90 13 0 1 0 0 95 34 0 1 0 0 95 64 0 1 0 0 102
4/4 53 0 1 0 0 98 713 0 1 0 0 100 23 0 1 0 0 97 44 0 1 0 0 107 54 0 1 0 0 94
4/4 13 0 1 0 0 98 34 0 1 0 0 110 54 0 1 0 0 94 73 0 1 0 1 93 23 0 1 0 1 109 44 0 1 0 1 100
4/4 63 0 1 0 0 91 13 0 1 0 0 106 34 0 1 0 0 97 73 0 1 0 1 103 23 0 1 0 1 94 44 0 1 0 1 100
4/4 63 0 1 0 0 106 13 0 1 0 0 109 34 0 1 0 0 102 53 0 1 0 2 92 73 0 1 0 2 100 34 0 1 0 2 99 44 0 1 0 2 98
4/4 63 0 1 0 0 104 13 0 1 0 0 106 34 0 1 0 0 110 53 0 1 0 2 94 73 0 1 0 2 99 34 0 1 0 2 100 44 0 1 0 2 93
4/4 63 0 1 0 0 105 13 0 1 0 0 90 34 0 1 0 0 90 44 0 1 0 0 92 43 0 1 0 2 101 73 0 1 0 2 102
4/4 63 0 1 0 0 93 13 0 1 0 0 108 34 0 1 0 0 93 44 0 1 0 0 108 43 0 1 0 2 106 73 0 1 0 2 109
4/4 13 0 1 0 0 99 54 0 1 0 0 105 74 0 1 0 0 94 53 0 1 0 2 93 23 0 1 0 2 95 44 0 1 0 2 91
4/4 63 0 1 0 0 97 13 0 1 0 0 104 34 0 1 0 0 108 73 0 1 0 2 92 23 0 1 0 2 97 44 0 1 0 2 91
4/4 63 0 1 0 0 103 13 0 1 0 0 101 44 0 1 0 0 105 63 0 1 0 1 90 34 0 1 0 1 99 74 0 1 0 1 107
4/4 63 0 1 0 0 104 13 0 1 0 0 108 44 0 1 0 0 92 53 0 1 0 1 91 34 0 1 0 1 101 74 0 1 0 1 103
4/4
4/4
4/4
4/4 32 0 1 0 0 110 33 0 1 0 0 103 32 0 1 1 35 99 33 0 1 1 35 91
4/4 32 0 1 0 0 96 33 0 1 0 0 93 32 0 1 1 35 108 33 0 1 1 35 91
4/4 221 0 1 0 0 108 222 0 1 0 0 91 221 0 1 1 35 93 222 0 1 1 35 102
4/4 221 0 1 0 0 109 222 0 1 0 0 104 221 0 1 1 35 108 222 0 1 1 35 110
4/4 32 0 1 0 0 98 33 0 1 0 0 95 32 0 1 1 35 97 33 0 1 1 35 103
4/4 32 0 1 0 0 101 33 0 1 0 0 101 32 0 1 1 35 101 33 0 1 1 35 90
4/4 221 0 1 0 0 90 222 0 1 0 0 105 221 0 1 1 35 109 222 0 1 1 35 96
4/4 221 0 1 0 0 98 222 0 1 0 0 102 221 0 1 1 35 110 222 0 1 1 35 96
4/4 11 0 1 0 0 90 12 0 1 0 0 91 11 0 1 1 35 102 12 0 1 1 35 101
4/4 11 0 1 0 0 109 12 0 1 0 0 91
4/4 13 0 1 0 0 104 34 0 1 0 0 93 54 0 1 0 0 104 11 0 1 1 15 92 12 0 1 1 15 99 11 0 1 0 2 95 12 0 1 0 2 107 71 0 1 1 35 100 72 0 1 1 35 92
4/4 32 0 1 0 0 103 33 0 1 0 0 105 32 0 1 1 35 94 33 0 1 1 35 100
4/4 32 0 1 0 0 93 33 0 1 0 0 104 32 0 1 1 35 101 33 0 1 1 35 93
4/4 312 0 1 0 0 94 313 0 1 0 0 105 312 1 5 1 15 100 312 1 15 0 2 105 312 1 5 1 35 90
4/4 42 0 1 0 0 96 43 0 1 0 0 100
4/4 42 0 1 0 0 90 43 0 1 0 0 109
