4/4 75 0 1 0 0 100 46 0 1 0 0 100 526 0 1 0 0 100 76 0 1 0 0 100 35 1 5 1 35 100
4/4 75 1 25 0 0 100 65 1 5 1 25 100 525 1 5 0 3 100 45 1 5 1 35 100
4/4 45 0 3 0 0 100 74 0 1 0 3 100
4/4 45 1 25 0 0 100 35 1 5 1 25 100 224 1 5 0 3 100 14 1 5 1 35 100
4/4 224 0 3 0 0 100
4/4 35 3 667 0 0 100 45 3 667 3 667 100 525 3 667 3 1333 100 35 0 2 0 2 100
4/4 525 0 1 0 1 100 65 0 1 0 2 100 75 0 1 0 3 100
4/4 225 1 15 0 0 100 715 1 5 1 15 100 715 3 667 0 2 100 75 3 667 3 2667 100 65 3 667 3 3333 100
4/4 65 0 2 0 0 100 525 0 1 0 2 100 65 0 1 0 3 100
4/4 75 0 4 0 0 100 224 0 1 0 1 100 45 0 1 0 1 100 35 0 1 0 2 100 525 0 1 0 2 100 45 0 1 0 3 100 65 0 1 0 3 100
4/4 24 0 1 0 0 64 45 0 1 0 0 100 75 0 1 0 0 100 36 1 5 0 3 100 526 1 5 1 35 100
4/4 76 1 25 0 0 100 66 1 5 1 25 100 526 1 5 0 3 100 46 1 5 1 35 100
4/4 46 0 3 0 0 100 75 1 5 1 35 100
4/4 46 1 25 0 0 100 36 1 5 1 25 100 225 1 5 0 3 100 15 1 5 1 35 100
4/4 225 0 3 0 0 100
4/4 36 3 667 0 0 100 46 3 667 3 667 100 526 3 667 3 1333 100 36 0 2 0 2 100
4/4 526 0 1 0 1 100 66 0 1 0 2 100 76 0 1 0 3 100
4/4 76 0 2 0 0 100 37 0 2 0 2 100
4/4 37 0 2 0 0 100 226 0 1 0 2 100 16 0 1 0 3 100
4/4 76 0 4 0 0 100
4/4 76 0 4 0 0 100
4/4 715 0 1 0 0 100 36 0 1 0 0 100 526 0 1 0 0 100
4/4 75 0 1 0 0 100 225 0 1 0 0 100 526 0 1 0 0 100
4/4 715 0 1 0 0 100 36 0 1 0 0 100 526 0 1 0 0 100
4/4 75 0 1 0 0 100 225 0 1 0 0 100 526 0 1 0 0 100
4/4 36 3 667 0 0 100 46 3 667 3 667 100 526 3 667 3 1333 100 526 0 2 0 2 100
4/4 66 3 667 0 0 100 76 3 667 3 667 100 716 3 667 3 1333 100 226 0 1 0 2 100 37 0 1 0 3 100
4/4 47 0 4 0 0 100
4/4 527 0 4 0 0 100
4/4
4/4 33 1 5 0 0 100 73 1 5 1 5 100 524 3 2667 0 1 100
4/4 33 1 5 0 0 100 73 1 5 1 5 100 524 3 2667 0 1 100
4/4 73 1 5 0 0 100 44 1 5 1 5 100 224 3 2667 0 1 100
4/4 73 1 5 0 0 100 44 1 5 1 5 100 224 3 2667 0 1 100
4/4 713 1 5 0 0 100 524 1 5 1 5 100 714 3 2667 0 1 100
4/4 73 1 5 0 0 100 524 1 5 1 5 100 224 3 2667 0 1 100
4/4 713 1 5 0 0 100 524 1 5 1 5 100 714 3 2667 0 1 100
4/4 13 1 5 0 0 100 64 1 5 1 5 100 35 3 2667 0 1 100
4/4 223 1 5 0 0 100 64 1 5 1 5 100 224 3 2667 0 1 100
4/4 23 0 1 0 0 64 714 0 1 0 0 100 74 2 175 0 1 100
4/4 34 1 5 0 0 100 74 1 5 1 5 100 35 0 1 0 1 100 525 0 1 0 1 100 74 1 5 1 15 100 45 0 1 0 2 100 65 0 1 0 2 100 74 1 5 1 25 100 35 0 1 0 3 100 525 0 1 0 3 100 74 1 5 1 35 100
4/4 34 1 5 0 0 100 74 1 5 1 5 100 35 0 1 0 1 100 525 0 1 0 1 100 74 1 5 1 15 100 45 0 1 0 2 100 65 0 1 0 2 100 74 1 5 1 25 100 35 0 1 0 3 100 525 0 1 0 3 100 74 1 5 1 35 100
4/4 73 1 5 0 0 100 44 1 5 1 5 100 74 0 1 0 1 100 224 0 1 0 1 100 44 1 5 1 15 100 14 0 1 0 2 100 35 0 1 0 2 100 44 1 5 1 25 100 74 0 1 0 3 100 224 0 1 0 3 100 44 1 5 1 35 100
4/4 73 1 5 0 0 100 44 1 5 1 5 100 74 0 1 0 1 100 224 0 1 0 1 100 44 1 5 1 15 100 14 0 1 0 2 100 35 0 1 0 2 100 44 1 5 1 25 100 74 0 1 0 3 100 224 0 1 0 3 100 44 1 5 1 35 100
4/4 713 1 5 0 0 100 524 1 5 1 5 100 714 0 1 0 1 100 35 0 1 0 1 100 524 1 5 1 15 100 224 0 1 0 2 100 45 0 1 0 2 100 524 1 5 1 25 100 714 0 1 0 3 100 35 0 1 0 3 100 524 1 5 1 35 100
4/4 73 1 5 0 0 100 524 1 5 1 5 100 224 0 1 0 1 100 525 0 1 0 1 100 524 1 5 1 15 100 224 0 1 0 2 100 525 0 1 0 2 100 524 1 5 1 25 100 224 0 1 0 3 100 525 0 1 0 3 100 524 1 5 1 35 100
4/4 63 1 5 0 0 100 34 1 5 1 5 100 64 0 1 0 1 100 714 0 1 0 1 100 34 1 5 1 15 100 74 0 1 0 2 100 224 0 1 0 2 100 34 1 5 1 25 100 64 0 1 0 3 100 714 0 1 0 3 100 34 1 5 1 35 100
4/4 44 1 5 0 0 100 14 1 5 1 5 100 45 0 1 0 1 100 65 0 1 0 1 64 14 1 5 1 15 100 55 0 1 0 2 64 75 0 1 0 2 100 14 1 5 1 25 100 615 0 1 0 3 64 15 0 1 0 3 100 14 1 5 1 35 100
4/4 73 1 5 0 0 100 44 1 5 1 5 100 74 0 1 0 1 100 224 0 1 0 1 100 44 1 5 1 15 100 14 0 1 0 2 100 35 0 1 0 2 100 74 0 1 1 25 100 224 0 1 1 25 100 44 1 5 1 35 100
4/4 73 1 5 0 0 100 44 1 5 1 5 100 74 0 1 0 1 100 224 0 1 0 1 100 44 1 5 1 15 100 14 0 1 0 2 100 35 0 1 0 2 100 74 0 1 1 25 100 224 0 1 1 25 100 44 1 5 1 35 100
4/4 76 3 667 0 0 100 66 3 667 3 667 100 76 3 667 3 1333 100 36 2 175 0 2 100
4/4 66 3 667 0 0 100 526 3 667 3 667 100 66 3 667 3 1333 100 225 2 175 0 2 100
4/4 76 3 667 0 0 100 66 3 667 3 667 100 76 3 667 3 1333 100 36 2 175 0 2 100
4/4 66 3 667 0 0 100 526 3 667 3 667 100 66 3 667 3 1333 100 225 2 175 0 2 100
4/4 64 0 1 0 0 100 714 0 1 0 0 100 35 0 1 0 0 100 525 0 1 0 0 100
4/4 524 0 1 0 0 100 714 0 1 0 0 100 35 0 1 0 0 100 525 0 1 0 0 100
4/4 44 0 1 0 0 100 14 0 1 0 0 100 45 0 1 0 0 100
4/4 314 0 1 0 0 100 714 0 1 0 0 100 24 0 1 0 0 100
