4/4 34 1 5 0 3 100 44 1 5 1 35 100
4/4 524 2 125 0 0 100 44 1 5 1 15 100 524 0 1 0 2 100 74 0 1 0 3 100
4/4 44 3 2667 0 0 100 73 0 1 0 3 100
4/4 34 2 125 0 0 100 223 1 5 1 15 100 34 0 1 0 2 100 524 0 1 0 3 100
4/4 223 3 2667 0 0 100 73 0 1 0 3 100
4/4 713 2 125 0 0 100 73 1 5 1 15 100 713 1 5 0 2 100 524 1 15 1 25 100
4/4 73 0 3 0 0 100 524 0 1 0 3 100
4/4 44 1 15 0 0 100 13 1 5 1 15 100 13 0 1 0 2 100 44 0 1 0 3 100
4/4 44 0 2 0 0 100 34 1 5 0 3 100 44 1 5 1 35 100
4/4 524 1 15 0 0 100 44 1 5 1 15 100 524 0 1 0 2 100 74 0 1 0 3 100
4/4 44 0 3 0 0 100 73 0 1 0 3 64
4/4 34 2 125 0 0 100 223 1 5 1 15 100 34 0 1 0 2 100 524 0 1 0 3 100
4/4 223 3 2667 0 0 100 73 0 1 0 3 100
4/4 713 0 1 0 0 100 524 1 5 0 1 100 44 1 15 1 15 100 524 0 1 0 3 100
4/4 64 0 1 0 0 100 74 1 5 0 1 100 524 1 25 1 15 100
4/4 524 1 5 0 0 100 44 1 5 1 5 100 34 0 1 0 1 100 44 0 1 0 2 100 23 0 1 0 3 100
4/4 34 0 2 0 0 100 524 1 5 0 3 100 64 1 5 1 35 100
4/4 74 1 15 0 0 100 64 1 5 1 15 100 74 3 667 0 2 100 714 3 667 3 2667 100 224 3 667 3 3333 100
4/4 64 0 3 0 0 100 223 0 1 0 3 100
4/4 524 1 25 0 0 100 64 0 1 1 25 100 74 1 5 1 35 100
4/4 74 0 4 0 0 100
4/4 34 1 5 0 0 100 44 1 5 1 5 100 524 0 1 0 1 100 44 1 5 0 2 100 524 1 5 1 25 100 64 0 1 0 3 100
4/4 524 1 15 0 0 100 223 1 5 1 15 100 223 0 2 0 2 100
4/4 714 0 1 0 0 100 74 0 1 0 1 100 64 0 1 0 2 100 524 0 1 0 3 100
4/4 74 0 1 0 0 100 223 0 1 0 1 100 224 0 1 0 2 100 714 0 1 0 3 100
4/4 74 1 25 0 0 100 64 1 5 1 25 100 23 1 5 0 3 100 34 1 5 1 35 100
4/4 44 0 2 0 0 100 34 1 5 0 3 100 44 1 5 1 35 100
4/4 524 2 125 0 0 100 44 1 5 1 15 100 524 0 1 0 2 100 74 0 1 0 3 100
4/4 44 0 1 0 0 100 73 2 175 0 1 100 73 0 1 0 3 100
4/4 34 2 125 0 0 100 223 1 5 1 15 100 34 0 1 0 2 100 524 0 1 0 3 100
4/4 223 3 2667 0 0 100 73 0 1 0 3 100
4/4 713 0 1 0 0 100 524 1 5 0 1 100 44 1 15 1 15 100 524 0 1 0 3 100
4/4 64 0 1 0 0 100 74 1 5 0 1 100 524 1 25 1 15 100
4/4 524 1 5 0 0 100 44 1 5 1 5 100 34 0 1 0 1 100 44 0 1 0 2 100 23 0 1 0 3 100
4/4 34 0 4 0 0 100
4/4 35 0 4 0 0 100
4/4 35 0 1 0 0 100 35 0 1 0 1 100 224 0 1 0 2 100 714 0 1 0 3 100
4/4 224 1 15 0 0 100 524 1 5 1 15 100 524 0 2 0 2 100
4/4 524 0 1 0 0 100 524 0 1 0 1 100 714 0 1 0 2 100 224 0 1 0 3 100
4/4 35 0 4 0 0 100
4/4 35 0 1 0 0 100 35 0 1 0 1 100 224 0 1 0 2 100 714 0 1 0 3 100
4/4 224 1 15 0 0 100 524 1 5 1 15 100 524 0 2 0 2 100
4/4 524 0 2 0 0 100
4/4
4/4 34 0 3 0 0 100 223 0 1 0 3 100
4/4 223 0 3 0 0 100 713 0 1 0 3 100
4/4 73 0 4 0 0 100
4/4 73 0 1 0 0 100 44 0 1 0 1 100 74 0 1 0 2 100 73 0 1 0 3 100
4/4 524 0 2 0 0 100 44 1 5 0 2 100 34 1 5 1 25 100 223 1 5 0 3 100 13 1 5 1 35 100
4/4 223 1 15 0 0 100 73 1 5 1 15 100 34 0 1 0 2 100 73 0 1 0 3 100
4/4 73 1 15 0 0 100 63 1 5 1 15 100 63 0 2 0 2 100
4/4 713 1 15 0 0 100 73 1 5 1 15 100 73 0 2 0 2 100
4/4 73 0 4 0 0 100
4/4 43 0 3 0 1 100 223 1 25 1 15 100 63 0 2 0 2 100
4/4 63 0 4 0 0 100
4/4
4/4 32 1 5 0 0 100 522 1 5 1 5 100 72 0 1 0 1 100 33 0 1 0 1 100
4/4 221 1 5 0 0 100 42 1 5 1 5 100 72 0 1 0 1 100 222 0 1 0 1 100
4/4 711 1 5 0 0 100 32 1 5 1 5 100 522 0 1 0 1 100 72 0 1 0 1 100 711 0 2 0 2 100
4/4 71 1 5 0 0 100 221 1 5 1 5 100 522 0 1 0 1 100 62 0 1 0 1 100
4/4 61 1 5 0 0 100 711 1 5 1 5 100 32 0 1 0 1 100 522 0 1 0 1 100
4/4 521 1 5 0 0 100 71 1 5 1 5 100 32 0 1 0 1 100 522 0 1 0 1 100
4/4 41 1 5 0 0 100 611 1 5 1 5 100 11 0 1 0 1 100 32 0 1 0 1 100
4/4 71 1 5 0 0 100 21 1 5 1 5 100 42 0 1 0 1 100 72 0 1 0 1 100
4/4 32 1 5 0 0 100 522 1 5 1 5 100 72 0 1 0 1 100 33 0 1 0 1 100
4/4 221 1 5 0 0 100 42 1 5 1 5 100 72 0 1 0 1 100 222 0 1 0 1 100
4/4 711 1 5 0 0 100 32 1 5 1 5 100 522 0 1 0 1 100 72 0 1 0 1 100 711 0 2 0 2 100
4/4 71 1 5 0 0 100 221 1 5 1 5 100 522 0 1 0 1 100 62 0 1 0 1 100
4/4 61 1 5 0 0 100 711 1 5 1 5 100 32 0 1 0 1 100 522 0 1 0 1 100
4/4 31 1 5 0 0 100 71 1 5 1 5 100 32 0 1 0 1 100 522 0 1 0 1 100
4/4 61 1 5 0 0 100 711 1 5 1 5 100 32 0 1 0 1 100 522 0 1 0 1 100 71 1 5 0 2 100 21 1 5 1 25 100 42 0 1 0 3 100 72 0 1 0 3 100
4/4 32 1 5 0 0 100 522 1 5 1 5 100 72 0 1 0 1 100 33 0 1 0 1 100
4/4 522 1 5 0 0 100 72 1 5 1 5 100 222 0 1 0 1 100 523 0 1 0 1 100
4/4 42 1 5 0 0 100 62 1 5 1 5 100 222 0 1 0 1 100 43 0 1 0 1 100
4/4 32 1 5 0 0 100 522 1 5 1 5 100 72 0 1 0 1 100 33 0 1 0 1 100
4/4 221 1 5 0 0 100 42 1 5 1 5 100 72 0 1 0 1 100 222 0 1 0 1 100
4/4 711 1 5 0 0 100 32 1 5 1 5 100 522 0 1 0 1 100 712 0 1 0 1 100 711 1 5 0 2 100 221 1 5 1 25 100 42 0 1 0 3 100 62 0 1 0 3 100
4/4 71 1 5 0 0 100 221 1 5 1 5 100 522 0 1 0 1 100 72 0 1 0 1 100
4/4 61 1 5 0 0 100 711 1 5 1 5 100 32 0 1 0 1 100 522 0 1 0 1 100
4/4 221 1 5 0 0 100 42 1 5 1 5 100 62 0 1 0 1 100 712 0 1 0 1 100
4/4 21 1 5 0 0 100 42 1 5 1 5 100 72 0 1 0 1 100 22 0 1 0 1 100
4/4 71 1 5 0 0 100 21 1 5 1 5 100 42 0 1 0 1 100 72 0 1 0 1 100
4/4 32 1 5 0 0 100 522 1 5 1 5 100 72 0 1 0 1 100 33 0 1 0 1 100
4/4 221 1 5 0 0 100 42 1 5 1 5 100 72 0 1 0 1 100 222 0 1 0 1 100
4/4 711 1 5 0 0 100 32 1 5 1 5 100 522 0 1 0 1 100 72 0 1 0 1 100 711 0 2 0 2 100
4/4 71 1 5 0 0 100 221 1 5 1 5 100 522 0 1 0 1 100 62 0 1 0 1 100
4/4 61 1 5 0 0 100 711 1 5 1 5 100 32 0 1 0 1 100 522 0 1 0 1 100
4/4 31 1 5 0 0 100 71 1 5 1 5 100 32 0 1 0 1 100 522 0 1 0 1 100
4/4 61 1 5 0 0 100 711 1 5 1 5 100 32 0 1 0 1 100 522 0 1 0 1 100 71 1 5 0 2 100 21 1 5 1 25 100 42 0 1 0 3 100 72 0 1 0 3 100
4/4 32 1 5 0 0 100 52 1 5 1 5 100 72 0 1 0 1 100 33 0 1 0 1 100
4/4 313 0 1 0 0 100 63 0 1 0 0 100 713 0 1 0 0 100
4/4 313 0 1 0 0 100 63 0 1 0 0 100 713 0 1 0 0 100
4/4 33 0 1 0 0 100 523 0 1 0 0 100 713 0 1 0 0 100
4/4 33 0 1 0 0 100 523 0 1 0 0 100 713 0 1 0 0 100
4/4 313 0 1 0 0 100 63 0 1 0 0 100 713 0 1 0 0 100
4/4 313 0 1 0 0 100 63 0 1 0 0 100 713 0 1 0 0 100
4/4 33 0 1 0 0 100 523 0 1 0 0 100 713 0 1 0 0 100
4/4 33 0 1 0 0 100 523 0 1 0 0 100 713 0 1 0 0 100 522 1 5 1 25 100 62 1 5 0 3 100 72 1 5 1 35 100
4/4 72 0 3 0 0 100 62 0 1 0 3 100
4/4 313 0 1 0 0 100 63 0 1 0 0 100
4/4 33 0 1 0 0 100 523 0 1 0 0 100
4/4 22 0 1 0 0 100 43 0 1 0 0 100
4/4 22 0 1 0 0 100 43 0 1 0 0 100
4/4 32 0 1 0 0 100 522 0 1 0 0 100 72 0 1 0 0 100 42 0 1 0 2 100 612 0 1 0 2 100 33 0 1 0 2 100
4/4 72 0 1 0 0 100 222 0 1 0 0 100 43 0 1 0 0 100 712 0 1 0 2 100 33 0 1 0 2 100 523 0 1 0 2 100
4/4 12 0 1 0 0 100 33 0 1 0 0 100 523 0 1 0 0 100
4/4 222 0 1 0 0 100 43 0 1 0 0 100 63 0 1 0 0 100
4/4 22 0 1 0 0 100 43 0 1 0 0 100 63 0 1 0 0 100
4/4 32 0 4 0 0 100 72 1 35 1 5 100
4/4 72 0 4 0 0 100
