6/8 37 0 1 0 0 100 57 0 1 0 0 100 716 0 1 1 15 100 37 0 1 1 15 100
6/8 226 0 1 0 0 100 47 0 1 0 0 100 76 0 1 1 15 100 26 0 1 1 15 100
6/8 716 0 1 0 0 100 37 0 1 0 0 100 226 0 1 1 15 100 47 0 1 1 15 100
6/8 317 0 1 0 0 100 67 0 1 0 0 100 37 0 1 1 15 100 57 0 1 1 15 100
6/8 16 0 1 0 0 100 37 0 1 0 0 100
6/8 76 2 25 2 25 100 66 2 25 1 5 100 56 2 25 2 75 100 46 2 25 0 1 100 56 2 25 2 125 100 36 0 1 1 15 100 46 1 5 1 25 100
6/8 25 1 5 0 0 100 75 3 2333 1 5 100
6/8 76 2 25 2 25 100 66 2 25 1 5 100 526 2 25 2 75 100 46 2 25 0 1 100 526 2 25 2 125 100 36 0 1 1 15 100 46 1 5 1 25 100
6/8 225 0 2 0 0 100 36 2 25 1 25 100 46 2 25 2 275 100
6/8 526 1 5 0 0 100 225 2 25 2 75 100 76 1 5 0 1 100 46 1 5 1 15 100 225 2 25 1 25 100 75 2 25 2 275 100
6/8 36 1 5 0 0 100 225 2 25 2 75 100 526 1 5 0 1 100 225 1 5 1 15 100 525 2 25 0 2 100 65 2 25 2 225 100 225 2 25 1 25 100
6/8 525 0 1 0 0 100 715 0 1 0 0 100
6/8
4/4 75 1 5 0 3 100 36 1 5 1 35 100
4/4 46 0 1 0 0 100 76 1 5 0 1 100 66 1 5 1 15 100 56 0 1 0 2 100 75 1 5 0 3 100 36 1 5 1 35 100
4/4 46 0 1 0 0 100 76 1 5 0 1 100 66 1 5 1 15 100 56 0 1 0 2 100 36 1 5 1 35 100
4/4 36 1 5 0 0 100 25 1 5 1 5 100 15 1 5 0 1 100 25 1 5 1 15 100 75 0 1 0 2 100 36 1 5 1 35 100
4/4 36 1 5 0 0 100 25 1 5 1 5 100 15 1 5 0 1 100 25 1 5 1 15 100 75 0 1 0 2 100 15 1 5 0 3 100 36 1 5 1 35 100
4/4 46 0 1 0 0 100 46 1 5 0 1 100 76 1 5 1 15 100 56 0 1 0 2 100 15 1 5 0 3 100 36 1 5 1 35 100
4/4 46 0 1 0 0 100 46 1 5 0 1 100 76 1 5 1 15 100 56 0 1 0 2 100 46 1 5 0 3 100 36 1 5 1 35 100
4/4 15 1 5 0 0 100 25 1 5 1 5 100 36 3 2667 0 1 100
4/4 15 1 5 0 0 100 25 1 5 1 5 100 36 3 2667 0 1 100
4/4 46 0 1 0 0 100 46 1 5 0 1 100 76 1 5 1 15 100 56 2 175 0 2 100
4/4 46 0 1 0 0 100 46 1 5 0 1 100 76 1 5 1 15 100 56 2 175 0 2 100
4/4 37 0 1 0 1 100 26 0 1 0 2 100 16 0 1 0 3 100
4/4 25 0 1 0 0 100 46 0 1 0 0 100 76 0 1 0 0 100 66 0 1 0 2 100 56 0 1 0 3 100
4/4 46 2 175 0 0 100 15 0 1 0 2 100 36 0 1 0 3 100
4/4 56 3 3667 0 0 100
4/4 36 0 1 0 0 100 56 0 1 0 0 100 16 0 1 0 0 100 25 0 1 0 1 100 46 0 1 0 1 100 76 0 1 0 1 100
4/4 15 0 1 0 0 100 36 0 1 0 0 100 66 0 1 0 0 100 25 0 1 0 1 100 46 0 1 0 1 100 76 0 1 0 1 100 75 1 5 0 3 100 36 1 5 1 35 100
4/4 46 0 1 0 0 100 76 1 5 0 1 100 66 1 5 1 15 100 56 0 1 0 2 100 75 1 5 0 3 100 36 1 5 1 35 100
4/4 46 0 1 0 0 100 76 1 5 0 1 100 66 1 5 1 15 100 56 0 1 0 2 100 36 1 5 1 35 100
4/4 36 1 5 0 0 100 25 1 5 1 5 100 15 1 5 0 1 100 25 1 5 1 15 100 75 0 1 0 2 100 36 1 5 1 35 100
4/4 36 1 5 0 0 100 25 1 5 1 5 100 15 1 5 0 1 100 25 1 5 1 15 100 75 0 1 0 2 100 15 1 5 0 3 100 36 1 5 1 35 100
4/4 46 0 1 0 0 100 46 1 5 0 1 100 76 1 5 1 15 100 56 0 1 0 2 100 15 1 5 0 3 100 36 1 5 1 35 100
4/4 46 0 1 0 0 100 46 1 5 0 1 100 76 1 5 1 15 100 56 0 1 0 2 100 46 1 5 0 3 100 36 1 5 1 35 100
4/4 15 1 5 0 0 100 25 1 5 1 5 100 36 3 2667 0 1 100
4/4 15 1 5 0 0 100 25 1 5 1 5 100 36 3 2667 0 1 100
4/4
4/4 75 0 1 0 0 100 46 0 1 0 0 100 75 0 1 1 5 100 76 0 1 1 5 100 75 0 1 0 1 100 526 0 1 0 1 100 75 0 1 1 15 100 46 0 1 1 15 100 75 0 1 0 2 100 46 0 1 0 2 100 75 0 1 1 25 100 76 0 1 1 25 100 75 0 1 0 3 100 526 0 1 0 3 100 75 0 1 1 35 100 46 0 1 1 35 100
4/4 75 0 1 0 0 100 46 0 1 0 0 100 75 0 1 1 5 100 76 0 1 1 5 100 75 0 1 0 1 100 526 0 1 0 1 100 75 0 1 1 15 100 46 0 1 1 15 100 75 0 1 0 2 100 46 0 1 0 2 100 75 0 1 1 25 100 76 0 1 1 25 100 75 0 1 0 3 100 526 0 1 0 3 100 75 0 1 1 35 100 46 0 1 1 35 100
4/4 75 0 1 0 0 100 46 0 1 0 0 100 75 0 1 1 5 100 76 0 1 1 5 100 75 0 1 0 1 100 526 0 1 0 1 100 75 0 1 1 15 100 46 0 1 1 15 100 75 0 1 0 2 100 46 0 1 0 2 100 75 0 1 1 25 100 76 0 1 1 25 100 75 0 1 0 3 100 526 0 1 0 3 100 75 0 1 1 35 100 46 0 1 1 35 100
4/4 75 0 1 0 0 100 46 0 1 0 0 100 75 0 1 1 5 100 76 0 1 1 5 100 75 0 1 0 1 100 526 0 1 0 1 100 75 0 1 1 15 100 46 0 1 1 15 100 75 0 1 0 2 100 46 0 1 0 2 100 75 0 1 1 25 100 76 0 1 1 25 100 75 0 1 0 3 100 526 0 1 0 3 100 75 0 1 1 35 100 46 0 1 1 35 100
4/4 65 0 1 0 0 100 36 0 1 0 0 100 65 0 1 1 5 100 66 0 1 1 5 100 65 0 1 0 1 100 316 0 1 0 1 100 65 0 1 1 15 100 36 0 1 1 15 100 65 0 1 0 2 100 36 0 1 0 2 100 65 0 1 1 25 100 66 0 1 1 25 100 65 0 1 0 3 100 316 0 1 0 3 100 65 0 1 1 35 100 36 0 1 1 35 100
4/4 65 0 1 0 0 100 36 0 1 0 0 100 65 0 1 1 5 100 66 0 1 1 5 100 65 0 1 0 1 100 316 0 1 0 1 100 65 0 1 1 15 100 36 0 1 1 15 100 65 0 1 0 2 100 36 0 1 0 2 100 65 0 1 1 25 100 66 0 1 1 25 100 65 0 1 0 3 100 316 0 1 0 3 100 65 0 1 1 35 100 36 0 1 1 35 100
4/4 75 0 1 0 0 100 46 0 1 0 0 100 75 0 1 1 5 100 76 0 1 1 5 100 75 0 1 0 1 100 526 0 1 0 1 100 75 0 1 1 15 100 46 0 1 1 15 100 75 0 1 0 2 100 46 0 1 0 2 100 75 0 1 1 25 100 76 0 1 1 25 100 75 0 1 0 3 100 526 0 1 0 3 100 75 0 1 1 35 100 46 0 1 1 35 100
4/4 75 0 1 0 0 100 46 0 1 0 0 100 75 0 1 1 5 100 76 0 1 1 5 100 75 0 1 0 1 100 526 0 1 0 1 100 75 0 1 1 15 100 46 0 1 1 15 100 75 0 1 0 2 100 46 0 1 0 2 100 75 0 1 1 25 100 76 0 1 1 25 100 75 0 1 0 3 100 526 0 1 0 3 100 75 0 1 1 35 100 46 0 1 1 35 100
4/4 65 0 1 0 0 100 36 0 1 0 0 100 65 0 1 1 5 100 66 0 1 1 5 100 65 0 1 0 1 100 316 0 1 0 1 100 65 0 1 1 15 100 36 0 1 1 15 100 65 0 1 0 2 100 36 0 1 0 2 100 65 0 1 1 25 100 66 0 1 1 25 100 65 0 1 0 3 100 316 0 1 0 3 100 65 0 1 1 35 100 36 0 1 1 35 100
4/4 65 0 1 0 0 100 36 0 1 0 0 100 65 0 1 1 5 100 66 0 1 1 5 100 65 0 1 0 1 100 316 0 1 0 1 100 65 0 1 1 15 100 36 0 1 1 15 100 65 0 1 0 2 100 36 0 1 0 2 100 65 0 1 1 25 100 66 0 1 1 25 100 65 0 1 0 3 100 316 0 1 0 3 100 65 0 1 1 35 100 36 0 1 1 35 100
4/4 55 0 1 0 0 100 25 0 1 0 0 100 55 0 1 1 5 100 56 0 1 1 5 100 55 0 1 0 1 100 36 0 1 0 1 100 55 0 1 1 15 100 25 0 1 1 15 100 55 0 1 0 2 100 25 0 1 0 2 100 55 0 1 1 25 100 56 0 1 1 25 100 55 0 1 0 3 100 36 0 1 0 3 100 55 0 1 1 35 100 25 0 1 1 35 100
4/4 55 0 1 0 0 100 25 0 1 0 0 100 55 0 1 1 5 100 56 0 1 1 5 100 55 0 1 0 1 100 36 0 1 0 1 100 55 0 1 1 15 100 25 0 1 1 15 100 55 0 1 0 2 100 25 0 1 0 2 100 55 0 1 1 25 100 56 0 1 1 25 100 55 0 1 0 3 100 36 0 1 0 3 100 55 0 1 1 35 100 25 0 1 1 35 100
4/4 55 0 1 0 0 100 25 0 1 0 0 100 55 0 1 1 5 100 56 0 1 1 5 100 55 0 1 0 1 100 36 0 1 0 1 100 55 0 1 1 15 100 25 0 1 1 15 100 55 0 1 0 2 100 25 0 1 0 2 100 55 0 1 1 25 100 56 0 1 1 25 100 55 0 1 0 3 100 36 0 1 0 3 100 55 0 1 1 35 100 25 0 1 1 35 100
4/4 75 0 1 0 0 100 46 0 1 0 0 100 75 0 1 1 5 100 76 0 1 1 5 100 75 0 1 0 1 100 526 0 1 0 1 100 75 0 1 1 15 100 46 0 1 1 15 100 75 0 1 0 2 100 46 0 1 0 2 100 75 0 1 1 25 100 76 0 1 1 25 100 75 0 1 0 3 100 526 0 1 0 3 100 75 0 1 1 35 100 46 0 1 1 35 100
4/4 75 0 1 0 0 100 46 0 1 0 0 100 75 0 1 1 5 100 76 0 1 1 5 100 75 0 1 0 1 100 526 0 1 0 1 100 75 0 1 1 15 100 46 0 1 1 15 100 75 0 1 0 2 100 46 0 1 0 2 100 75 0 1 1 25 100 76 0 1 1 25 100 75 0 1 0 3 100 526 0 1 0 3 100 75 0 1 1 35 100 46 0 1 1 35 100
4/4 715 0 1 0 0 100 526 0 1 0 0 100 715 0 1 1 5 100 716 0 1 1 5 100 715 0 1 0 1 100 56 0 1 0 1 100 715 0 1 1 15 100 526 0 1 1 15 100 715 0 1 0 2 100 526 0 1 0 2 100 715 0 1 1 25 100 716 0 1 1 25 100 715 0 1 0 3 100 56 0 1 0 3 100 715 0 1 1 35 100 526 0 1 1 35 100
4/4 715 0 1 0 0 100 36 0 1 0 0 100 56 0 1 0 0 100 716 0 1 0 0 100
4/4 715 0 1 0 0 100 36 0 1 0 0 100 56 0 1 0 0 100 716 0 1 0 0 100
6/8 55 0 1 0 0 100 15 0 1 0 0 100 35 0 1 1 15 100 225 0 1 1 15 100
6/8 45 0 1 0 0 100 75 0 1 0 0 100 24 0 1 1 15 100 15 0 1 1 15 100
6/8 35 0 1 0 0 100 65 0 1 0 0 100 45 0 1 1 15 100 75 0 1 1 15 100
6/8 65 0 1 0 0 100 225 0 1 0 0 100 55 0 1 1 15 100 15 0 1 1 15 100
6/8 34 2 25 0 0 100 74 2 25 2 25 100 35 2 25 1 5 100 74 2 25 2 75 100 45 2 25 0 1 100 74 2 25 2 125 100 34 2 25 1 15 100 74 2 25 2 175 100 35 2 25 0 2 100 74 2 25 2 225 100 45 2 25 1 25 100 74 2 25 2 275 100
6/8 34 2 25 0 0 100 74 2 25 2 25 100 35 2 25 1 5 100 74 2 25 2 75 100 45 2 25 0 1 100 74 2 25 2 125 100 34 2 25 1 15 100 74 2 25 2 175 100 35 2 25 0 2 100 74 2 25 2 225 100 45 2 25 1 25 100 74 2 25 2 275 100
6/8 34 2 25 0 0 100 74 2 25 2 25 100 35 2 25 1 5 100 74 2 25 2 75 100 45 2 25 0 1 100 74 2 25 2 125 100 34 2 25 1 15 100 74 2 25 2 175 100 35 2 25 0 2 100 74 2 25 2 225 100 45 2 25 1 25 100 74 2 25 2 275 100
6/8 63 2 25 0 0 100 714 2 25 2 25 100 35 2 25 1 5 100 714 2 25 2 75 100 525 2 25 0 1 100 714 2 25 2 125 100 63 2 25 1 15 100 714 2 25 2 175 100 35 2 25 0 2 100 714 2 25 2 225 100 525 2 25 1 25 100 714 2 25 2 275 100
6/8 223 2 25 0 0 100 714 2 25 2 25 100 224 2 25 1 5 100 714 2 25 2 75 100 45 2 25 0 1 100 714 2 25 2 125 100 223 2 25 1 15 100 714 2 25 2 175 100 224 2 25 0 2 100 714 2 25 2 225 100 45 2 25 1 25 100 714 2 25 2 275 100
6/8 34 2 25 0 0 100 74 2 25 2 25 100 224 0 1 1 5 100 45 0 1 1 5 100 525 0 1 1 5 100 74 2 25 2 75 100 525 2 25 0 1 100 45 2 25 2 125 100 223 2 25 1 15 100 74 2 25 2 175 100 224 0 1 0 2 100 45 0 1 0 2 100 65 0 1 0 2 100 525 2 25 2 225 100 45 1 5 1 25 100
6/8 713 2 25 0 0 100 74 2 25 2 25 100 714 0 1 1 5 100 35 0 1 1 5 100 45 0 1 1 5 100 525 0 1 1 5 100 74 2 25 2 75 100 525 2 25 0 1 100 45 2 25 2 125 100 73 2 25 1 15 100 224 2 25 2 175 100 74 0 1 0 2 100 224 0 1 0 2 100 525 0 1 0 2 100 65 0 1 0 2 100 65 2 25 2 225 100 525 1 5 1 25 100
6/8 524 0 1 0 0 100 224 0 1 0 0 100
6/8
4/4
4/4 64 0 1 0 0 100 14 0 1 0 0 100 35 0 1 0 0 100 54 0 1 0 2 100 74 0 1 0 2 100 35 0 1 0 2 100 45 0 1 0 2 100
4/4 64 0 1 0 0 100 14 0 1 0 0 100 35 0 1 0 0 100 54 0 1 0 2 100 74 0 1 0 2 100 35 0 1 0 2 100 45 0 1 0 2 100
4/4 64 0 1 0 0 100 14 0 1 0 0 100 35 0 1 0 0 100 45 0 1 0 0 100 44 0 1 0 2 100 74 0 1 0 2 100
4/4 64 0 1 0 0 100 14 0 1 0 0 100 35 0 1 0 0 100 45 0 1 0 0 100 44 0 1 0 2 100 74 0 1 0 2 100
4/4 14 0 1 0 0 100 55 0 1 0 0 100 75 0 1 0 0 100 54 0 1 0 2 100 24 0 1 0 2 100 45 0 1 0 2 100
4/4 64 0 1 0 0 100 14 0 1 0 0 100 35 0 1 0 0 100 74 0 1 0 2 100 24 0 1 0 2 100 45 0 1 0 2 100
4/4 64 0 1 0 0 100 14 0 1 0 0 100 45 0 1 0 0 100 64 0 1 0 1 100 35 0 1 0 1 100 75 0 1 0 1 100
4/4 64 0 1 0 0 100 14 0 1 0 0 100 45 0 1 0 0 100 54 0 1 0 1 100 35 0 1 0 1 100 75 0 1 0 1 100
4/4 74 0 1 0 0 100 24 0 1 0 0 100 45 0 1 0 0 100 74 0 1 0 1 100 24 0 1 0 1 100 45 0 1 0 1 100 34 0 1 0 2 100 74 0 1 0 2 100 35 0 1 0 2 100
4/4 74 0 1 0 0 100 24 0 1 0 0 100 45 0 1 0 0 100 74 0 1 0 1 100 24 0 1 0 1 100 45 0 1 0 1 100 34 0 1 0 2 100 74 0 1 0 2 100 35 0 1 0 2 100
4/4 64 0 1 0 0 100 35 0 1 0 0 100 65 0 1 0 0 100 15 0 1 0 0 100
4/4 54 0 1 0 0 100 24 0 1 0 0 100 45 0 1 0 0 100 75 0 1 0 0 100
4/4 44 0 1 0 0 100 14 0 1 0 0 100 35 0 1 0 0 100 65 0 1 0 0 100
4/4 54 0 1 0 0 100 714 0 1 0 0 100 24 0 1 0 0 100 45 0 1 0 0 100 55 0 1 0 0 100
4/4 14 0 1 0 0 100 35 0 1 0 0 100 55 0 1 0 0 100 74 0 1 0 1 100 24 0 1 0 1 100 45 0 1 0 1 100
4/4 64 0 1 0 0 100 14 0 1 0 0 100 35 0 1 0 0 100 74 0 1 0 1 100 24 0 1 0 1 100 45 0 1 0 1 100
4/4 64 0 1 0 0 100 14 0 1 0 0 100 35 0 1 0 0 100 54 0 1 0 2 100 74 0 1 0 2 100 35 0 1 0 2 100 45 0 1 0 2 100
4/4 64 0 1 0 0 100 14 0 1 0 0 100 35 0 1 0 0 100 54 0 1 0 2 100 74 0 1 0 2 100 35 0 1 0 2 100 45 0 1 0 2 100
4/4 64 0 1 0 0 100 14 0 1 0 0 100 35 0 1 0 0 100 45 0 1 0 0 100 44 0 1 0 2 100 74 0 1 0 2 100
4/4 64 0 1 0 0 100 14 0 1 0 0 100 35 0 1 0 0 100 45 0 1 0 0 100 44 0 1 0 2 100 74 0 1 0 2 100
4/4 14 0 1 0 0 100 55 0 1 0 0 100 75 0 1 0 0 100 54 0 1 0 2 100 24 0 1 0 2 100 45 0 1 0 2 100
4/4 64 0 1 0 0 100 14 0 1 0 0 100 35 0 1 0 0 100 74 0 1 0 2 100 24 0 1 0 2 100 45 0 1 0 2 100
4/4 64 0 1 0 0 100 14 0 1 0 0 100 45 0 1 0 0 100 64 0 1 0 1 100 35 0 1 0 1 100 75 0 1 0 1 100
4/4 64 0 1 0 0 100 14 0 1 0 0 100 45 0 1 0 0 100 54 0 1 0 1 100 35 0 1 0 1 100 75 0 1 0 1 100
4/4
4/4
4/4
4/4 33 0 1 0 0 100 34 0 1 0 0 100 33 0 1 1 35 100 34 0 1 1 35 100
4/4 33 0 1 0 0 100 34 0 1 0 0 100 33 0 1 1 35 100 34 0 1 1 35 100
4/4 222 0 1 0 0 100 223 0 1 0 0 100 222 0 1 1 35 100 223 0 1 1 35 100
4/4 222 0 1 0 0 100 223 0 1 0 0 100 222 0 1 1 35 100 223 0 1 1 35 100
4/4 33 0 1 0 0 100 34 0 1 0 0 100 33 0 1 1 35 100 34 0 1 1 35 100
4/4 33 0 1 0 0 100 34 0 1 0 0 100 33 0 1 1 35 100 34 0 1 1 35 100
4/4 222 0 1 0 0 100 223 0 1 0 0 100 222 0 1 1 35 100 223 0 1 1 35 100
4/4 222 0 1 0 0 100 223 0 1 0 0 100 222 0 1 1 35 100 223 0 1 1 35 100
4/4 12 0 1 0 0 100 13 0 1 0 0 100 12 0 1 1 35 100 13 0 1 1 35 100
4/4 12 0 1 0 0 100 13 0 1 0 0 100
4/4 14 0 1 0 0 100 35 0 1 0 0 100 55 0 1 0 0 100 12 0 1 1 15 100 13 0 1 1 15 100 12 0 1 0 2 100 13 0 1 0 2 100 72 0 1 1 35 100 73 0 1 1 35 100
4/4 33 0 1 0 0 100 34 0 1 0 0 100 33 0 1 1 35 100 34 0 1 1 35 100
4/4 33 0 1 0 0 100 34 0 1 0 0 100 33 0 1 1 35 100 34 0 1 1 35 100
4/4 313 0 1 0 0 100 314 0 1 0 0 100 313 1 5 1 15 100 313 1 15 0 2 100 313 1 5 1 35 100
4/4 43 0 1 0 0 100 44 0 1 0 0 100
4/4 43 0 1 0 0 100 44 0 1 0 0 100
