4/4 34 2 25 1 35 64 44 2 25 2 375 64
4/4 524 2 75 0 0 64 33 0 1 0 0 64 523 0 1 0 0 64 73 0 1 0 0 64 44 2 25 2 75 64 524 2 25 0 1 64 74 2 75 2 125 64 44 0 1 0 2 64 222 0 1 0 2 64 43 0 1 0 2 64 73 0 1 0 2 64 73 1 5 1 35 64
4/4 34 2 75 0 0 64 712 0 1 0 0 64 33 0 1 0 0 64 523 0 1 0 0 64 223 1 5 2 75 34 34 2 25 0 1 60 524 1 5 2 125 61 223 0 1 0 2 64 72 0 1 0 2 64 222 0 1 0 2 64 523 0 1 0 2 64 73 1 5 1 35 64
4/4 713 2 75 0 0 64 62 0 1 0 0 64 712 0 1 0 0 64 33 0 1 0 0 64 73 2 25 2 75 64 713 2 25 0 1 64 524 2 75 2 125 64 73 1 5 0 2 64 32 0 1 0 2 64 72 0 1 0 2 64 33 0 1 0 2 64 613 1 5 1 25 64 73 1 5 0 3 64 44 2 25 1 35 64 524 2 25 2 375 64
4/4 44 0 1 0 0 64 42 0 1 0 0 64 612 0 1 0 0 64 12 0 1 0 0 64 13 2 25 0 1 64 44 2 75 2 125 64 72 0 1 2 175 64 63 0 1 2 175 64 44 0 1 2 175 64 73 0 1 2 175 64 34 2 25 1 35 64 44 2 25 2 375 64
4/4 524 2 75 0 0 64 33 0 1 0 0 64 523 0 1 0 0 64 73 0 1 0 0 64 44 2 25 2 75 64 524 2 25 0 1 64 74 2 75 2 125 64 223 0 1 0 2 64 44 0 1 0 2 64 222 0 1 0 2 64 43 0 1 0 2 64 73 0 1 0 2 64 73 1 5 1 35 64
4/4 34 2 75 0 0 64 712 0 1 0 0 64 33 0 1 0 0 64 523 0 1 0 0 64 223 1 5 2 75 34 34 2 25 0 1 60 524 1 5 2 125 61 223 0 1 0 2 64 72 0 1 0 2 64 222 0 1 0 2 64 523 0 1 0 2 64 63 0 1 0 2 64 73 1 5 1 35 64
4/4 713 1 5 0 0 64 62 0 1 0 0 64 712 0 1 0 0 64 33 0 1 0 0 64 524 2 25 1 5 64 44 2 75 2 75 64 524 1 5 1 15 64 64 0 1 0 2 64 32 0 1 0 2 64 74 0 1 1 25 64 72 0 1 1 25 64 524 2 75 2 275 64 523 0 1 0 3 64 524 1 5 1 35 64
4/4 524 2 25 0 0 64 62 0 1 0 0 64 712 0 1 0 0 64 33 0 1 0 0 64 44 2 25 2 25 64 34 1 5 1 5 64 73 0 1 0 1 64 23 0 1 0 1 64 44 0 1 0 1 64 72 0 1 0 1 64 22 0 1 0 1 64 43 0 1 0 1 64 63 0 1 1 15 64 73 0 1 1 15 64 23 0 1 1 15 64 33 0 1 2 175 64 523 0 1 2 175 64 32 0 1 2 175 64 73 0 1 2 175 64 34 0 1 2 175 64 72 0 1 2 175 64 524 2 25 1 35 64 64 2 25 2 375 64
4/4 74 0 1 0 0 64 522 0 1 0 0 64 222 1 5 1 5 64 64 2 25 2 75 64 74 2 25 0 1 64 73 0 1 0 1 64 224 2 75 2 125 64 64 0 1 0 2 64 42 1 5 0 2 64 222 1 5 1 25 64 63 0 1 0 3 64 73 0 1 1 35 64 44 0 1 1 35 64
4/4 73 0 1 0 0 64 524 0 1 0 0 64 32 0 1 0 0 64 72 1 5 1 5 64 44 2 25 2 75 64 524 2 25 0 1 64 523 0 1 0 1 64 74 2 75 2 125 64 223 0 1 0 2 64 44 0 1 0 2 64 74 0 1 0 2 64 221 1 5 0 2 64 62 1 5 1 25 64 43 0 1 0 3 64 223 0 1 1 35 64 44 0 1 1 35 64 74 0 1 1 35 64
4/4 524 0 1 0 0 64 714 0 1 0 0 64 35 0 1 0 0 64 711 1 5 0 0 64 522 1 5 1 5 64 712 0 1 0 1 64 224 2 25 1 15 64 714 2 25 2 175 64 224 0 1 0 2 64 522 0 1 0 2 64 222 1 5 1 25 64 73 0 1 2 275 64 223 0 1 2 275 64 524 0 1 2 275 64 73 0 1 0 3 64 223 0 1 0 3 64 524 0 1 0 3 64 523 0 1 0 3 64
4/4 34 0 1 0 0 64 64 0 1 0 0 64 714 0 1 0 0 64 61 0 1 0 0 64 62 0 1 0 0 64 34 0 1 1 5 64 74 0 1 1 5 64 34 0 1 0 1 64 64 0 1 0 1 64 61 0 1 0 1 64 62 0 1 0 1 64 34 0 1 1 15 64 524 0 1 1 15 64 34 0 1 0 2 64 44 0 1 0 2 64 74 0 1 0 2 64 71 0 1 0 2 64 72 0 1 0 2 64 13 0 1 0 3 64 43 0 1 2 375 64 73 0 1 2 375 64 23 0 1 2 375 64 71 0 1 2 375 64 72 0 1 2 375 64
4/4 43 0 1 0 0 64 73 0 1 0 0 64 23 0 1 0 0 64 71 0 1 0 0 64 72 0 1 0 0 64 72 2 25 0 1 64 62 2 25 2 125 64 34 0 1 1 15 64 522 0 1 1 15 64 44 0 1 2 175 64 42 0 1 2 175 64 524 0 1 0 2 64 32 0 1 0 2 64 72 1 5 1 25 64 44 2 25 2 275 64 524 2 25 0 3 64 523 0 1 0 3 64 74 2 75 2 325 64
4/4 44 0 1 0 0 64 221 1 5 0 0 64 62 1 5 1 5 64 222 0 1 0 1 64 73 1 5 1 15 64 34 0 1 0 2 64 711 0 1 0 2 64 522 1 5 1 25 64 223 2 25 2 275 64 34 2 25 0 3 64 33 0 1 0 3 64 524 2 75 2 325 64
4/4 63 0 1 0 0 64 223 0 1 0 0 64 71 1 5 0 0 64 522 1 5 1 5 64 222 0 1 0 1 64 73 1 5 1 15 64 713 0 1 0 2 64 61 0 1 0 2 64 524 0 1 1 25 64 32 0 1 1 25 64 44 2 75 2 275 64 712 0 1 0 3 64 524 1 5 1 35 64
4/4 64 0 1 0 0 64 32 0 1 0 0 64 74 0 1 1 5 64 72 0 1 1 5 64 524 2 125 2 75 64 523 0 1 0 1 64 524 2 25 0 2 64 62 0 1 0 2 64 712 0 1 0 2 64 33 0 1 0 2 64 44 2 25 2 225 64 34 1 5 1 25 64 73 0 1 2 275 64 23 0 1 2 275 64 44 0 1 2 275 64 72 0 1 0 3 64 22 0 1 0 3 64 43 0 1 0 3 64 63 0 1 3 3333 64 73 0 1 3 3333 64 44 0 1 3 3333 64 53 0 1 2 375 64 73 0 1 2 375 64 23 0 1 2 375 64 54 0 1 2 375 64 31 0 1 2 375 64 32 0 1 2 375 64
4/4 53 0 1 0 0 64 73 0 1 0 0 64 23 0 1 0 0 64 54 0 1 0 0 64 31 0 1 0 0 64 32 0 1 0 0 64 14 0 1 2 175 64 35 0 1 2 175 64 55 0 1 2 175 64 75 0 1 2 175 64
