4/4 36 2 25 1 35 64 46 2 25 2 375 64
4/4 526 2 75 0 0 64 35 0 1 0 0 64 525 0 1 0 0 64 75 0 1 0 0 64 46 2 25 2 75 64 526 2 25 0 1 64 76 2 75 2 125 64 46 0 1 0 2 64 224 0 1 0 2 64 45 0 1 0 2 64 75 0 1 0 2 64 75 1 5 1 35 64
4/4 36 2 75 0 0 64 714 0 1 0 0 64 35 0 1 0 0 64 525 0 1 0 0 64 225 1 5 2 75 34 36 2 25 0 1 60 526 1 5 2 125 61 225 0 1 0 2 64 74 0 1 0 2 64 224 0 1 0 2 64 525 0 1 0 2 64 75 1 5 1 35 64
4/4 715 2 75 0 0 64 64 0 1 0 0 64 714 0 1 0 0 64 35 0 1 0 0 64 75 2 25 2 75 64 715 2 25 0 1 64 526 2 75 2 125 64 75 1 5 0 2 64 34 0 1 0 2 64 74 0 1 0 2 64 35 0 1 0 2 64 615 1 5 1 25 64 75 1 5 0 3 64 46 2 25 1 35 64 526 2 25 2 375 64
4/4 46 0 1 0 0 64 44 0 1 0 0 64 614 0 1 0 0 64 14 0 1 0 0 64 15 2 25 0 1 64 46 2 75 2 125 64 74 0 1 2 175 64 65 0 1 2 175 64 46 0 1 2 175 64 75 0 1 2 175 64 36 2 25 1 35 64 46 2 25 2 375 64
4/4 526 2 75 0 0 64 35 0 1 0 0 64 525 0 1 0 0 64 75 0 1 0 0 64 46 2 25 2 75 64 526 2 25 0 1 64 76 2 75 2 125 64 225 0 1 0 2 64 46 0 1 0 2 64 224 0 1 0 2 64 45 0 1 0 2 64 75 0 1 0 2 64 75 1 5 1 35 64
4/4 36 2 75 0 0 64 714 0 1 0 0 64 35 0 1 0 0 64 525 0 1 0 0 64 225 1 5 2 75 34 36 2 25 0 1 60 526 1 5 2 125 61 225 0 1 0 2 64 74 0 1 0 2 64 224 0 1 0 2 64 525 0 1 0 2 64 65 0 1 0 2 64 75 1 5 1 35 64
4/4 715 1 5 0 0 64 64 0 1 0 0 64 714 0 1 0 0 64 35 0 1 0 0 64 526 2 25 1 5 64 46 2 75 2 75 64 526 1 5 1 15 64 66 0 1 0 2 64 34 0 1 0 2 64 76 0 1 1 25 64 74 0 1 1 25 64 526 2 75 2 275 64 525 0 1 0 3 64 526 1 5 1 35 64
4/4 526 2 25 0 0 64 64 0 1 0 0 64 714 0 1 0 0 64 35 0 1 0 0 64 46 2 25 2 25 64 36 1 5 1 5 64 75 0 1 0 1 64 25 0 1 0 1 64 46 0 1 0 1 64 74 0 1 0 1 64 24 0 1 0 1 64 45 0 1 0 1 64 65 0 1 1 15 64 75 0 1 1 15 64 25 0 1 1 15 64 35 0 1 2 175 64 525 0 1 2 175 64 34 0 1 2 175 64 75 0 1 2 175 64 36 0 1 2 175 64 74 0 1 2 175 64 526 2 25 1 35 64 66 2 25 2 375 64
4/4 76 0 1 0 0 64 524 0 1 0 0 64 224 1 5 1 5 64 66 2 25 2 75 64 76 2 25 0 1 64 75 0 1 0 1 64 226 2 75 2 125 64 66 0 1 0 2 64 44 1 5 0 2 64 224 1 5 1 25 64 65 0 1 0 3 64 75 0 1 1 35 64 46 0 1 1 35 64
4/4 75 0 1 0 0 64 526 0 1 0 0 64 34 0 1 0 0 64 74 1 5 1 5 64 46 2 25 2 75 64 526 2 25 0 1 64 525 0 1 0 1 64 76 2 75 2 125 64 225 0 1 0 2 64 46 0 1 0 2 64 76 0 1 0 2 64 223 1 5 0 2 64 64 1 5 1 25 64 45 0 1 0 3 64 225 0 1 1 35 64 46 0 1 1 35 64 76 0 1 1 35 64
4/4 526 0 1 0 0 64 716 0 1 0 0 64 37 0 1 0 0 64 713 1 5 0 0 64 524 1 5 1 5 64 714 0 1 0 1 64 226 2 25 1 15 64 716 2 25 2 175 64 226 0 1 0 2 64 524 0 1 0 2 64 224 1 5 1 25 64 75 0 1 2 275 64 225 0 1 2 275 64 526 0 1 2 275 64 75 0 1 0 3 64 225 0 1 0 3 64 526 0 1 0 3 64 525 0 1 0 3 64
4/4 36 0 1 0 0 64 66 0 1 0 0 64 716 0 1 0 0 64 63 0 1 0 0 64 64 0 1 0 0 64 36 0 1 1 5 64 76 0 1 1 5 64 36 0 1 0 1 64 66 0 1 0 1 64 63 0 1 0 1 64 64 0 1 0 1 64 36 0 1 1 15 64 526 0 1 1 15 64 36 0 1 0 2 64 46 0 1 0 2 64 76 0 1 0 2 64 73 0 1 0 2 64 74 0 1 0 2 64 15 0 1 0 3 64 45 0 1 2 375 64 75 0 1 2 375 64 25 0 1 2 375 64 73 0 1 2 375 64 74 0 1 2 375 64
4/4 45 0 1 0 0 64 75 0 1 0 0 64 25 0 1 0 0 64 73 0 1 0 0 64 74 0 1 0 0 64 74 2 25 0 1 64 64 2 25 2 125 64 36 0 1 1 15 64 524 0 1 1 15 64 46 0 1 2 175 64 44 0 1 2 175 64 526 0 1 0 2 64 34 0 1 0 2 64 74 1 5 1 25 64 46 2 25 2 275 64 526 2 25 0 3 64 525 0 1 0 3 64 76 2 75 2 325 64
4/4 46 0 1 0 0 64 223 1 5 0 0 64 64 1 5 1 5 64 224 0 1 0 1 64 75 1 5 1 15 64 36 0 1 0 2 64 713 0 1 0 2 64 524 1 5 1 25 64 225 2 25 2 275 64 36 2 25 0 3 64 35 0 1 0 3 64 526 2 75 2 325 64
4/4 65 0 1 0 0 64 225 0 1 0 0 64 73 1 5 0 0 64 524 1 5 1 5 64 224 0 1 0 1 64 75 1 5 1 15 64 715 0 1 0 2 64 63 0 1 0 2 64 526 0 1 1 25 64 34 0 1 1 25 64 46 2 75 2 275 64 714 0 1 0 3 64 526 1 5 1 35 64
4/4 66 0 1 0 0 64 34 0 1 0 0 64 76 0 1 1 5 64 74 0 1 1 5 64 526 2 125 2 75 64 525 0 1 0 1 64 526 2 25 0 2 64 64 0 1 0 2 64 714 0 1 0 2 64 35 0 1 0 2 64 46 2 25 2 225 64 36 1 5 1 25 64 75 0 1 2 275 64 25 0 1 2 275 64 46 0 1 2 275 64 74 0 1 0 3 64 24 0 1 0 3 64 45 0 1 0 3 64 65 0 1 3 3333 64 75 0 1 3 3333 64 46 0 1 3 3333 64 55 0 1 2 375 64 75 0 1 2 375 64 25 0 1 2 375 64 56 0 1 2 375 64 33 0 1 2 375 64 34 0 1 2 375 64
4/4 55 0 1 0 0 64 75 0 1 0 0 64 25 0 1 0 0 64 56 0 1 0 0 64 33 0 1 0 0 64 34 0 1 0 0 64 16 0 1 2 175 64 37 0 1 2 175 64 57 0 1 2 175 64 77 0 1 2 175 64
