4/4 65 2 25 0 0 99 75 2 25 2 25 90 36 2 25 1 5 101 75 2 25 2 75 92 65 2 25 0 1 93 75 2 25 2 125 100 36 2 25 1 15 95 75 2 25 2 175 100 65 2 25 0 2 103 75 2 25 2 225 96 36 2 25 1 25 105 75 2 25 2 275 105 65 2 25 0 3 97 75 2 25 2 325 100 36 2 25 1 35 107 75 2 25 2 375 90
4/4 65 2 25 0 0 90 75 2 25 2 25 109 36 2 25 1 5 106 75 2 25 2 75 97 65 2 25 0 1 103 75 2 25 2 125 101 36 2 25 1 15 107 75 2 25 2 175 102 65 2 25 0 2 105 75 2 25 2 225 99 36 2 25 1 25 99 75 2 25 2 275 99 65 2 25 0 3 109 75 2 25 2 325 108 36 2 25 1 35 94 75 2 25 2 375 110
4/4 65 2 25 0 0 109 75 2 25 2 25 90 36 2 25 1 5 100 75 2 25 2 75 106 65 2 25 0 1 107 75 2 25 2 125 100 36 2 25 1 15 100 75 2 25 2 175 94 65 2 25 0 2 103 75 2 25 2 225 106 36 2 25 1 25 94 75 2 25 2 275 97 65 2 25 0 3 104 75 2 25 2 325 97 36 2 25 1 35 110 75 2 25 2 375 104
4/4 65 2 25 0 0 103 75 2 25 2 25 109 36 2 25 1 5 105 75 2 25 2 75 92 65 2 25 0 1 91 75 2 25 2 125 110 36 2 25 1 15 101 75 2 25 2 175 107 65 2 25 0 2 91 75 2 25 2 225 109 36 2 25 1 25 92 75 2 25 2 275 101 65 2 25 0 3 106 75 2 25 2 325 96 36 2 25 1 35 106 75 2 25 2 375 90
4/4 65 2 25 0 0 103 33 0 3 0 0 102 75 2 25 2 25 107 36 2 25 1 5 90 75 2 25 2 75 107 65 2 25 0 1 108 75 2 25 2 125 102 36 2 25 1 15 102 75 2 25 2 175 95 65 2 25 0 2 102 75 2 25 2 225 107 36 2 25 1 25 98 75 2 25 2 275 108 65 2 25 0 3 107 223 0 1 0 3 92 75 2 25 2 325 107 36 2 25 1 35 108 75 2 25 2 375 95
4/4 65 2 25 0 0 101 13 0 4 0 0 104 75 2 25 2 25 92 36 2 25 1 5 98 75 2 25 2 75 100 65 2 25 0 1 92 75 2 25 2 125 103 36 2 25 1 15 106 75 2 25 2 175 97 65 2 25 0 2 101 75 2 25 2 225 108 36 2 25 1 25 99 75 2 25 2 275 109 65 2 25 0 3 105 75 2 25 2 325 100 36 2 25 1 35 106 75 2 25 2 375 100
4/4 65 2 25 0 0 110 73 0 4 0 0 91 75 2 25 2 25 101 36 2 25 1 5 110 75 2 25 2 75 100 65 2 25 0 1 104 75 2 25 2 125 106 36 2 25 1 15 101 75 2 25 2 175 96 65 2 25 0 2 102 75 2 25 2 225 106 36 2 25 1 25 108 75 2 25 2 275 94 65 2 25 0 3 109 75 2 25 2 325 94 36 2 25 1 35 98 75 2 25 2 375 102
4/4 65 2 25 0 0 110 63 0 3 0 0 92 75 2 25 2 25 105 36 2 25 1 5 91 75 2 25 2 75 98 65 2 25 0 1 96 75 2 25 2 125 93 36 2 25 1 15 102 75 2 25 2 175 90 65 2 25 0 2 105 75 2 25 2 225 103 36 2 25 1 25 106 75 2 25 2 275 92 65 0 1 0 3 93 53 0 1 0 3 98 75 2 25 2 325 96 36 0 1 1 35 95 63 0 1 1 35 107 75 2 25 2 375 97
4/4 65 2 25 0 0 105 73 0 4 0 0 98 75 2 25 2 25 108 36 2 25 1 5 102 75 2 25 2 75 99 65 2 25 0 1 97 75 2 25 2 125 99 36 2 25 1 15 90 75 2 25 2 175 108 65 2 25 0 2 94 75 2 25 2 225 102 36 2 25 1 25 99 75 2 25 2 275 93 65 2 25 0 3 97 75 2 25 2 325 105 36 2 25 1 35 105 75 2 25 2 375 101
4/4 65 2 25 0 0 90 32 0 3 0 0 109 75 2 25 2 25 94 36 2 25 1 5 110 75 2 25 2 75 94 65 2 25 0 1 93 75 2 25 2 125 106 36 2 25 1 15 109 75 2 25 2 175 101 36 0 2 0 2 101 32 0 1 0 3 106
4/4 53 0 1 0 0 107 73 0 1 0 0 92 34 0 1 0 0 108 32 0 3 0 0 109 34 0 1 0 3 99 54 0 1 0 3 100 224 0 1 0 3 97 32 0 1 0 3 93
4/4 34 0 1 0 0 93 64 0 1 0 0 90 14 0 1 0 0 107 32 0 3 0 0 104 32 0 1 0 3 106
4/4 223 0 1 0 0 108 524 0 1 0 0 102 74 0 1 0 0 98 32 0 3 0 0 91 32 0 1 0 3 94
4/4 713 0 1 0 0 109 314 0 1 0 0 102 64 0 1 0 0 97 32 0 3 0 0 94 223 0 1 0 3 101 524 0 1 0 3 102 74 0 1 0 3 105 32 0 1 0 3 93
4/4 73 0 1 0 0 104 34 0 1 0 0 106 54 0 1 0 0 107 32 0 3 0 0 104 32 0 1 0 3 100
4/4 32 0 1 0 0 107 73 0 1 0 0 99 34 0 1 0 0 90 54 0 1 0 0 97 32 0 1 0 1 96 32 0 1 0 2 101 32 0 1 0 3 92
4/4 64 0 4 0 0 99 313 1 5 0 0 98 713 1 5 1 5 102 314 1 5 0 1 95 713 1 5 1 15 100 313 1 5 0 2 106 713 1 5 1 25 95 314 1 5 0 3 101 713 1 5 1 35 91
4/4 74 0 3 0 0 102 313 1 5 0 0 91 713 1 5 1 5 95 314 1 5 0 1 98 713 1 5 1 15 102 313 1 5 0 2 96 713 1 5 1 25 97 714 0 1 0 3 92 314 1 5 0 3 110 713 1 5 1 35 97
4/4 224 0 4 0 0 96 33 1 5 0 0 96 73 1 5 1 5 100 34 1 5 0 1 103 73 1 5 1 15 109 33 1 5 0 2 106 73 1 5 1 25 96 34 1 5 0 3 105 33 1 5 1 35 106
4/4 33 1 5 0 0 102 224 0 2 0 0 103 73 1 5 1 5 102 34 1 5 0 1 95 73 1 5 1 15 96 224 0 1 0 2 93 33 1 5 0 2 91 73 1 5 1 25 102 35 0 1 0 3 98 34 1 5 0 3 92 33 1 5 1 35 91
4/4 315 0 3 0 0 95 313 1 5 0 0 98 713 1 5 1 5 104 314 1 5 0 1 93 713 1 5 1 15 103 313 1 5 0 2 95 713 1 5 1 25 106 35 0 1 0 3 106 314 0 1 0 3 93 315 0 1 1 35 96 713 0 1 1 35 96
4/4 715 0 3 0 0 108 313 1 5 0 0 94 713 1 5 1 5 108 314 1 5 0 1 105 713 1 5 1 15 101 313 1 5 0 2 95 713 1 5 1 25 94 75 0 1 0 3 95 314 1 5 0 3 103 713 1 5 1 35 95
4/4 525 0 4 0 0 92 33 1 5 0 0 96 73 1 5 1 5 98 34 1 5 0 1 106 73 1 5 1 15 92 33 1 5 0 2 106 73 1 5 1 25 90 34 1 5 0 3 107 33 1 5 1 35 101
4/4 33 1 5 0 0 103 525 0 3 0 0 91 73 1 5 1 5 97 34 1 5 0 1 102 73 1 5 1 15 96 33 1 5 0 2 108 73 1 5 1 25 101 35 0 1 0 3 110 34 0 1 0 3 98 525 0 1 1 35 104 33 0 1 1 35 103
4/4 65 0 1 0 0 95 313 0 1 0 0 92 75 0 1 1 5 97 713 0 1 1 5 99 715 0 1 0 1 107 314 0 1 0 1 103 225 0 1 1 15 104 713 0 1 1 15 96 715 1 15 0 2 103 313 1 5 0 2 93 713 1 5 1 25 101 314 1 5 0 3 94 75 0 1 1 35 105 713 0 1 1 35 108 65 2 25 2 375 101
4/4 525 0 3 0 0 97 33 1 5 0 0 98 73 1 5 1 5 95 34 1 5 0 1 101 73 1 5 1 15 105 33 1 5 0 2 94 73 1 5 1 25 100 35 0 1 0 3 103 34 0 1 0 3 107 525 0 1 1 35 107 73 0 1 1 35 110
4/4 65 0 1 0 0 101 313 0 1 0 0 96 75 0 1 1 5 102 713 0 1 1 5 102 715 0 1 0 1 110 314 0 1 0 1 100 225 0 1 1 15 96 713 0 1 1 15 107 715 1 15 0 2 110 313 1 5 0 2 92 713 1 5 1 25 105 314 1 5 0 3 110 75 0 1 1 35 101 713 0 1 1 35 110 65 2 25 2 375 110
4/4 525 1 25 0 0 99 523 1 5 0 0 101 223 1 5 1 5 98 524 1 5 0 1 109 223 1 5 1 15 102 523 0 1 0 2 110 74 1 5 1 25 96 224 1 5 0 3 98 522 0 1 0 3 102 525 1 5 1 35 90
4/4 14 0 1 0 0 109 35 0 1 0 0 90 65 0 1 0 0 99 62 0 1 0 0 109 62 0 1 0 1 110 65 1 5 0 2 100 62 0 1 0 2 94 35 1 5 1 25 101 64 1 5 0 3 100 62 0 1 0 3 96 14 0 1 1 35 105 35 0 1 1 35 103 65 0 1 1 35 103
4/4 62 0 1 0 0 102 14 0 1 0 0 97 35 0 1 0 0 98 65 0 1 0 0 105 62 0 1 0 1 91 65 1 5 0 2 104 62 0 1 0 2 103 35 1 5 1 25 102 64 1 5 0 3 103 62 0 1 0 3 97 14 0 1 1 35 102 35 0 1 1 35 93 65 0 1 1 35 92
4/4 522 0 1 0 0 107 14 0 1 0 0 103 35 0 1 0 0 92 65 0 1 0 0 100 522 0 1 0 1 91 65 1 5 0 2 93 522 0 1 0 2 109 35 1 5 1 25 109 64 1 5 0 3 109 522 0 1 0 3 98 14 0 1 1 35 109 35 0 1 1 35 109 65 0 1 1 35 109
4/4 42 0 1 0 0 105 14 0 1 0 0 94 35 0 1 0 0 101 65 0 1 0 0 106 42 0 1 0 1 100 65 1 5 0 2 102 42 0 1 0 2 108 35 1 5 1 25 101 64 1 5 0 3 110 42 0 1 0 3 108 714 0 1 1 35 100 35 0 1 1 35 101 65 0 1 1 35 102
4/4 312 0 1 0 0 108 714 0 1 0 0 98 35 0 1 0 0 95 65 0 1 0 0 96 312 0 1 0 1 101 65 1 5 0 2 92 312 0 1 0 2 103 35 1 5 1 25 109 64 1 5 0 3 108 312 0 1 0 3 93 714 0 1 1 35 92 35 0 1 1 35 103 65 0 1 1 35 91
4/4 312 0 1 0 0 101 714 0 1 0 0 107 35 0 1 0 0 103 65 0 1 0 0 103 312 0 1 0 1 110 65 1 5 0 2 94 312 0 1 0 2 108 35 1 5 1 25 99 64 1 5 0 3 96 312 0 1 0 3 91 65 1 5 1 35 102
4/4 74 0 1 0 0 105 224 0 1 0 0 98 525 0 1 0 0 102 522 0 1 0 0 103 522 0 1 0 1 107 315 0 1 0 2 102 522 0 1 0 2 99 35 0 1 0 3 95 522 0 1 0 3 90
4/4 224 0 1 0 0 90 522 0 1 0 0 104 714 0 1 0 1 92 522 0 1 0 1 100 74 0 1 0 2 109 522 0 1 0 2 101 524 0 1 0 3 109 522 0 1 0 3 107
4/4 13 0 1 0 0 104 34 0 1 0 0 106 64 0 1 0 0 90 62 0 1 0 0 94 62 0 1 0 1 100 62 0 1 0 2 107 62 0 1 0 3 97
4/4 62 0 1 0 0 107 13 0 1 0 0 98 34 0 1 0 0 108 64 0 1 0 0 93 62 0 1 0 1 106 64 2 25 0 2 95 62 0 1 0 2 107 74 2 25 2 225 96 14 2 25 1 25 108 224 2 25 2 275 91 35 2 25 0 3 96 62 0 1 0 3 95 45 2 25 2 325 103 55 1 5 1 35 102
4/4 24 0 1 0 0 93 45 0 1 0 0 95 615 0 1 0 0 106 52 1 5 0 0 108 22 1 5 1 5 91 53 1 5 0 1 91 22 1 5 1 15 101 52 1 5 0 2 94 22 1 5 1 25 105 615 0 1 0 3 93 53 0 1 0 3 100 75 0 1 1 35 92 22 0 1 1 35 90
4/4 74 0 1 0 0 109 35 0 1 0 0 90 55 0 1 0 0 103 32 1 5 0 0 95 72 1 5 1 5 110 33 1 5 0 1 95 72 1 5 1 15 97 32 1 5 0 2 99 72 1 5 1 25 90 33 1 5 0 3 90 72 1 5 1 35 94
4/4 24 0 1 0 0 104 45 0 1 0 0 101 615 0 1 0 0 107 52 1 5 0 0 109 22 1 5 1 5 103 53 1 5 0 1 104 22 1 5 1 15 104 52 1 5 0 2 103 22 1 5 1 25 102 615 0 1 0 3 99 53 0 1 0 3 103 75 0 1 1 35 90 22 0 1 1 35 109
4/4 74 0 1 0 0 97 35 0 1 0 0 105 55 0 1 0 0 91 32 1 5 0 0 99 72 1 5 1 5 98 33 1 5 0 1 105 72 1 5 1 15 94 32 1 5 0 2 98 72 1 5 1 25 107 33 1 5 0 3 95 72 1 5 1 35 99
4/4 614 0 1 0 0 97 24 0 1 0 0 98 45 0 1 0 0 93 21 1 5 0 0 104 612 1 5 1 5 107 22 1 5 0 1 92 612 1 5 1 15 96 21 1 5 0 2 91 612 1 5 1 25 93 24 0 1 0 3 101 22 1 5 0 3 96 612 1 5 1 35 90
4/4 74 0 1 0 0 102 35 0 1 0 0 108 55 0 1 0 0 91 32 1 5 0 0 104 72 1 5 1 5 106 33 1 5 0 1 95 72 1 5 1 15 91 32 1 5 0 2 94 72 1 5 1 25 92 45 0 1 0 3 97 33 0 1 0 3 102 55 0 1 1 35 101 72 0 1 1 35 104
4/4 14 0 1 0 0 93 45 0 1 0 0 109 615 0 1 0 0 104 42 1 5 0 0 99 12 1 5 1 5 110 43 1 5 0 1 103 12 1 5 1 15 105 42 1 5 0 2 99 12 1 5 1 25 105 43 1 5 0 3 95 12 1 5 1 35 92
4/4 615 0 1 0 0 92 42 1 5 0 0 102 12 1 5 1 5 108 45 0 1 0 1 92 43 1 5 0 1 93 12 1 5 1 15 93 14 0 1 0 2 104 42 1 5 0 2 110 12 1 5 1 25 97 614 0 1 0 3 106 43 1 5 0 3 95 12 1 5 1 35 91
4/4 54 0 1 0 0 94 55 0 1 0 0 107 52 0 3 0 0 97 54 0 1 0 1 106 55 0 1 0 1 109 54 0 1 0 2 101 55 0 1 0 2 96 54 0 1 0 3 108 55 0 1 0 3 101 43 0 1 0 3 106
4/4 54 0 1 0 0 102 55 0 1 0 0 98 313 0 3 0 0 104 54 0 1 0 1 100 55 0 1 0 1 92 54 0 1 0 2 100 55 0 1 0 2 91 54 0 1 0 3 99 55 0 1 0 3 99 22 0 1 0 3 104
4/4 54 0 1 0 0 94 55 0 1 0 0 108 12 0 3 0 0 103 54 0 1 0 1 105 55 0 1 0 1 110 54 0 1 0 2 92 55 0 1 0 2 102 54 0 1 0 3 98 55 0 1 0 3 110 712 1 5 0 3 105 12 1 5 1 35 106
4/4 54 0 1 0 0 110 55 0 1 0 0 109 22 0 4 0 0 110 54 0 1 0 1 92 55 0 1 0 1 97 54 0 1 0 2 110 55 0 1 0 2 104 54 0 1 0 3 95 55 0 1 0 3 90
4/4 54 0 1 0 0 107 55 0 1 0 0 95 52 0 3 0 0 103 54 0 1 0 1 103 55 0 1 0 1 101 54 0 1 0 2 105 55 0 1 0 2 109 54 0 1 0 3 103 55 0 1 0 3 102 43 0 1 0 3 109
4/4 54 0 1 0 0 109 55 0 1 0 0 101 313 0 3 0 0 107 54 0 1 0 1 101 55 0 1 0 1 93 54 0 1 0 2 91 55 0 1 0 2 106 54 0 1 0 3 93 55 0 1 0 3 101 22 0 1 0 3 103
4/4 54 0 1 0 0 100 55 0 1 0 0 91 12 0 3 0 0 90 54 0 1 0 1 107 55 0 1 0 1 95 54 0 1 0 2 105 55 0 1 0 2 99 54 0 1 0 3 90 55 0 1 0 3 90 712 1 5 0 3 97 12 1 5 1 35 98
4/4 54 0 1 0 0 105 55 0 1 0 0 93 22 0 4 0 0 97 54 0 1 0 1 93 55 0 1 0 1 93 54 0 1 0 2 93 55 0 1 0 2 94 54 0 1 0 3 94 55 0 1 0 3 109
4/4 54 0 1 0 0 107 55 0 1 0 0 100 22 0 4 0 0 96 54 0 1 0 1 102 55 0 1 0 1 109 54 0 1 0 2 107 55 0 1 0 2 105 54 0 1 0 3 108 55 0 1 0 3 96
4/4 36 1 5 0 0 109 32 2 175 0 0 93 75 1 5 1 5 94 35 1 5 0 1 96 75 1 5 1 15 94 36 1 5 0 2 106 44 2 175 0 2 98 75 1 5 1 25 98 35 1 5 0 3 110 75 1 5 1 35 102
4/4 36 1 5 0 0 90 34 2 175 0 0 94 75 1 5 1 5 95 35 1 5 0 1 104 75 1 5 1 15 100 36 1 5 0 2 103 23 2 175 0 2 110 75 1 5 1 25 91 35 1 5 0 3 101 75 1 5 1 35 108
4/4 36 1 5 0 0 105 13 2 175 0 0 102 75 1 5 1 5 106 35 1 5 0 1 95 75 1 5 1 15 100 36 1 5 0 2 102 73 2 175 0 2 97 75 1 5 1 25 104 35 1 5 0 3 108 75 1 5 1 35 105
4/4 36 1 5 0 0 98 613 2 175 0 0 101 75 1 5 1 5 96 35 1 5 0 1 98 75 1 5 1 15 104 36 1 5 0 2 97 53 2 175 0 2 98 75 1 5 1 25 93 35 1 5 0 3 104 75 1 5 1 35 96
4/4 65 3 3667 0 0 103 313 1 5 0 0 100 713 1 5 1 5 108 314 1 5 0 1 95 713 1 5 1 15 109 313 1 5 0 2 100 713 1 5 1 25 93 314 1 5 0 3 96 713 1 5 1 35 105
4/4 75 3 2667 0 0 105 313 1 5 0 0 94 713 1 5 1 5 110 314 1 5 0 1 110 713 1 5 1 15 99 313 1 5 0 2 96 713 1 5 1 25 91 715 0 1 0 3 97 314 1 5 0 3 97 713 1 5 1 35 108
4/4 225 0 4 0 0 92 33 1 5 0 0 94 73 1 5 1 5 103 34 1 5 0 1 90 73 1 5 1 15 94 33 1 5 0 2 97 73 1 5 1 25 106 34 1 5 0 3 100 73 1 5 1 35 100
4/4 33 1 5 0 0 96 225 2 175 0 0 99 73 1 5 1 5 104 34 1 5 0 1 94 73 1 5 1 15 91 225 0 1 0 2 96 33 1 5 0 2 91 73 1 5 1 25 107 36 0 1 0 3 105 34 1 5 0 3 104 73 1 5 1 35 106
4/4 316 0 3 0 0 108 313 1 5 0 0 103 713 1 5 1 5 97 314 1 5 0 1 100 713 1 5 1 15 110 313 1 5 0 2 101 713 1 5 1 25 105 36 0 1 0 3 91 314 0 1 0 3 98 316 0 1 1 35 90 713 0 1 1 35 110
4/4 716 0 3 0 0 92 313 1 5 0 0 107 713 1 5 1 5 91 314 1 5 0 1 91 713 1 5 1 15 98 313 1 5 0 2 102 713 1 5 1 25 107 76 0 1 0 3 99 314 1 5 0 3 101 713 1 5 1 35 97
4/4 526 0 4 0 0 105 33 1 5 0 0 101 73 1 5 1 5 96 34 1 5 0 1 99 73 1 5 1 15 108 33 1 5 0 2 98 73 1 5 1 25 92 34 1 5 0 3 99 73 1 5 1 35 94
4/4 33 1 5 0 0 93 526 0 2 0 0 96 73 1 5 1 5 101 34 1 5 0 1 105 73 1 5 1 15 108 36 0 2 0 2 107 33 1 5 0 2 92 73 1 5 1 25 97 34 1 5 0 3 93 73 1 5 1 35 108
4/4 66 0 4 0 0 94 313 1 5 0 0 100 713 1 5 1 5 90 314 1 5 0 1 100 713 1 5 1 15 93 313 1 5 0 2 97 713 1 5 1 25 104 314 1 5 0 3 90 713 1 5 1 35 102
4/4 313 1 5 0 0 95 66 0 4 0 0 99 713 1 5 1 5 105 314 1 5 0 1 94 713 1 5 1 15 110 313 1 5 0 2 97 713 1 5 1 25 90 314 1 5 0 3 108 713 1 5 1 35 108
4/4 36 0 1 0 0 91 66 0 1 0 0 102 226 0 1 0 0 90 313 0 1 0 0 102
4/4 36 0 1 0 0 107 66 0 1 0 0 97 226 0 1 0 0 101 313 0 1 0 0 91
4/4 33 1 5 0 0 108 73 1 5 1 5 105 524 1 5 0 1 98 73 1 5 1 15 103 44 1 5 0 2 99 34 2 125 1 25 109
4/4 33 1 5 0 0 93 73 1 5 1 5 101 524 1 5 0 1 92 73 1 5 1 15 101 44 1 5 0 2 93 34 3 1333 1 25 95 35 1 5 0 3 99 525 1 5 1 35 99
4/4 75 3 2667 0 0 106 33 1 5 0 0 96 73 1 5 1 5 98 524 1 5 0 1 93 73 1 5 1 15 90 44 1 5 0 2 99 34 3 1333 1 25 109 65 1 5 0 3 95 225 1 5 1 35 110
4/4 33 1 5 0 0 97 225 0 3 0 0 104 73 1 5 1 5 94 44 1 5 0 1 100 73 1 5 1 15 107 34 1 5 0 2 98 223 3 1333 1 25 102 36 1 5 0 3 98 75 1 5 1 35 103
4/4 33 1 5 0 0 97 75 0 4 0 0 102 73 1 5 1 5 104 524 1 5 0 1 107 73 1 5 1 15 90 44 1 5 0 2 95 34 2 125 1 25 95
4/4 33 1 5 0 0 92 75 0 3 0 0 91 73 1 5 1 5 106 524 1 5 0 1 90 73 1 5 1 15 105 44 1 5 0 2 107 34 3 1333 1 25 108 35 1 5 0 3 91 525 1 5 1 35 92
4/4 75 0 3 0 0 100 33 1 5 0 0 95 73 1 5 1 5 106 524 1 5 0 1 94 73 1 5 1 15 110 44 1 5 0 2 93 34 3 1333 1 25 92 65 1 5 0 3 93 225 1 5 1 35 96
4/4 33 1 5 0 0 93 225 1 25 0 0 106 73 1 5 1 5 90 44 1 5 0 1 104 73 1 5 1 15 98 34 1 5 0 2 103 15 1 5 1 25 95 223 3 1333 1 25 99 225 1 5 0 3 91 36 1 5 1 35 105
4/4 75 0 4 0 0 101 33 1 5 0 0 103 73 1 5 1 5 110 524 1 5 0 1 93 73 1 5 1 15 102 44 1 5 0 2 90 34 2 125 1 25 103
4/4 33 1 5 0 0 94 75 1 25 0 0 98 73 1 5 1 5 93 524 1 5 0 1 93 73 1 5 1 15 91 44 1 5 0 2 107 65 1 5 1 25 91 34 3 1333 1 25 99 525 1 5 0 3 109 45 1 5 1 35 106
4/4 45 2 75 0 0 102 712 1 5 0 0 105 523 1 5 1 5 96 35 2 25 2 75 95 75 1 25 0 1 99 34 1 5 0 1 94 523 1 5 1 15 93 223 1 5 0 2 101 713 3 1333 1 25 94 35 1 5 1 35 110
4/4 45 2 75 0 0 100 712 1 5 0 0 95 523 1 5 1 5 91 35 2 25 2 75 101 75 1 25 0 1 107 34 1 5 0 1 92 523 1 5 1 15 104 223 1 5 0 2 90 713 3 1333 1 25 97 525 1 5 1 35 110
4/4 65 0 1 0 0 92 222 1 5 0 0 105 63 1 5 1 5 110 225 0 3 0 1 92 223 1 5 0 1 91 63 1 5 1 15 106 222 1 5 0 2 105 63 1 5 1 25 109 223 1 5 0 3 101 63 1 5 1 35 94
4/4 45 0 1 0 0 105 65 0 1 0 0 109 225 0 1 0 0 101 222 1 5 0 0 107 63 1 5 1 5 99 223 1 5 0 1 98 63 1 5 1 15 110 225 0 1 0 2 108 222 1 5 0 2 97 63 1 5 1 25 101 36 0 1 0 3 109 223 1 5 0 3 90 63 1 5 1 35 107
4/4 46 0 4 0 0 108 33 0 4 0 0 92 523 0 1 1 5 95 73 0 1 1 5 105 523 0 1 1 15 107 73 0 1 1 15 101 523 0 1 1 25 110 73 0 1 1 25 100 523 0 1 1 35 95 73 0 1 1 35 106
4/4 33 0 4 0 0 95 46 1 15 0 0 108 523 0 1 1 5 91 73 0 1 1 5 106 75 1 5 1 15 94 523 0 1 1 15 98 73 0 1 1 15 101 66 2 75 0 2 100 523 0 1 1 25 92 73 0 1 1 25 107 526 2 75 2 275 107 46 0 1 1 35 104 523 0 1 1 35 107 73 0 1 1 35 109
4/4 46 1 15 0 0 104 712 0 4 0 0 105 523 0 1 1 5 93 713 0 1 1 5 90 526 1 5 1 15 110 523 0 1 1 15 107 713 0 1 1 15 103 36 0 2 0 2 97 523 0 1 1 25 96 713 0 1 1 25 105 523 0 1 1 35 93 713 0 1 1 35 105
4/4 712 0 4 0 0 102 36 0 2 0 0 98 523 0 1 1 5 96 713 0 1 1 5 103 523 0 1 1 15 99 713 0 1 1 15 98 225 0 1 0 2 109 523 0 1 1 25 93 713 0 1 1 25 101 36 0 1 0 3 91 523 0 1 1 35 106 713 0 1 1 35 109
4/4 46 0 4 0 0 94 33 0 4 0 0 102 523 0 1 1 5 98 73 0 1 1 5 95 523 0 1 1 15 94 73 0 1 1 15 104 523 0 1 1 25 106 73 0 1 1 25 107 523 0 1 1 35 103 73 0 1 1 35 108
4/4 33 0 4 0 0 107 46 1 15 0 0 102 523 0 1 1 5 93 73 0 1 1 5 95 75 1 5 1 15 91 523 0 1 1 15 103 73 0 1 1 15 97 66 2 75 0 2 103 523 0 1 1 25 103 73 0 1 1 25 96 526 2 75 2 275 109 46 0 1 1 35 100 523 0 1 1 35 109 73 0 1 1 35 96
4/4 46 0 1 0 0 101 526 0 1 0 0 99 712 0 4 0 0 104 46 2 25 2 25 94 523 0 1 1 5 104 713 0 1 1 5 109 36 0 1 3 667 58 225 0 1 3 667 105 36 0 3 0 1 107 523 0 1 1 15 97 713 0 1 1 15 94 523 0 1 1 25 92 713 0 1 1 25 91 523 0 1 1 35 99 713 0 1 1 35 110
4/4 712 0 4 0 0 103 36 1 25 0 0 92 523 0 1 1 5 103 713 0 1 1 5 110 523 0 1 1 15 102 713 0 1 1 15 93 526 1 5 1 25 90 523 0 1 1 25 106 713 0 1 1 25 104 46 1 5 0 3 104 36 0 1 1 35 95 523 0 1 1 35 93 713 0 1 1 35 97
4/4 225 1 15 0 0 100 72 1 5 0 0 101 523 1 5 1 5 96 73 1 5 0 1 93 525 0 1 1 15 101 523 0 1 1 15 105 225 0 1 0 2 104 72 1 5 0 2 94 523 1 5 1 25 94 715 0 1 0 3 94 73 0 1 0 3 95 75 0 1 1 35 107 523 0 1 1 35 105
4/4 715 1 15 0 0 94 313 1 5 0 0 98 63 1 5 1 5 110 713 1 5 0 1 104 315 0 1 1 15 92 63 0 1 1 15 108 715 0 1 0 2 97 313 1 5 0 2 105 63 1 5 1 25 100 75 0 1 0 3 106 713 0 1 0 3 102 65 0 1 1 35 99 63 0 1 1 35 107
4/4 75 0 1 0 0 94 33 0 1 0 0 97 715 0 1 1 5 91 75 0 1 1 5 109 63 1 5 1 5 107 65 2 25 2 75 72 75 0 3 0 1 99 73 1 5 0 1 99 63 1 5 1 15 90 33 1 5 0 2 101 63 1 5 1 25 108 73 1 5 0 3 99 63 1 5 1 35 107
4/4 33 0 1 0 0 108 53 0 1 0 0 108 73 0 1 0 0 103 75 0 3 0 0 94 35 0 1 0 3 107
4/4 715 0 2 0 0 102 63 1 5 0 0 107 34 1 5 1 5 92 223 1 5 0 1 107 713 1 5 1 15 101 75 1 5 0 2 107 73 0 2 0 2 106 65 1 5 1 25 97 525 1 5 0 3 94 45 1 5 1 35 109
4/4 525 1 15 0 0 102 33 1 5 0 0 94 73 1 5 1 5 92 63 1 5 0 1 93 35 0 1 1 15 109 523 0 1 1 15 92 65 1 5 0 2 90 313 0 2 0 2 93 525 1 5 1 25 107 315 1 5 0 3 92 35 1 5 1 35 98
4/4 35 1 15 0 0 99 43 0 2 0 0 110 224 1 5 1 15 105 224 0 2 0 2 100 222 0 1 0 2 93 43 1 5 0 3 109 523 1 5 1 35 100
4/4 315 1 15 0 0 91 53 0 2 0 0 107 35 1 5 1 15 99 35 0 2 0 2 92 33 0 1 0 2 94 53 0 1 0 3 90
4/4 74 0 1 0 0 108 714 0 1 0 0 90 35 0 1 0 0 90 63 0 1 0 0 93
