4/4 34 1 5 0 3 100 524 1 5 1 35 100
4/4 74 3 2667 0 0 100 64 1 5 0 3 100 224 1 5 1 35 100
4/4 224 2 275 0 0 100 35 1 5 0 3 100 74 1 5 1 35 100
4/4 74 0 4 0 0 100
4/4 74 2 275 0 0 100 34 1 5 0 3 100 524 1 5 1 35 100
4/4 74 3 2667 0 0 100 64 1 5 0 3 100 224 1 5 1 35 100
4/4 224 1 25 0 0 100 14 1 5 1 25 100 224 1 5 0 3 100 35 1 5 1 35 100
4/4 74 0 4 0 0 100
2/4 74 2 175 0 0 100 65 2 25 2 175 100
4/4 65 2 125 0 0 100 35 1 5 1 15 100 35 0 2 0 2 100
2/4 35 2 175 0 0 100 525 0 1 2 175 100 64 0 1 2 175 64
4/4 525 0 1 0 0 100 64 0 1 0 0 64 224 1 5 1 15 100 224 0 2 0 2 100
2/4 224 2 175 0 0 100 715 0 1 2 175 100 224 0 1 2 175 64 525 0 1 2 175 64
4/4 715 0 1 0 0 100 224 0 1 0 0 64 525 0 1 0 0 64 225 2 175 0 2 100 75 0 1 2 375 100 74 0 1 2 375 64 45 0 1 2 375 64
4/4 75 0 1 0 0 100 74 0 1 0 0 64 45 0 1 0 0 64 34 1 5 0 3 100 524 1 5 1 35 100
4/4 74 3 2667 0 0 100 64 1 5 0 3 100 224 1 5 1 35 100
4/4 224 2 275 0 0 100 35 1 5 0 3 100 74 1 5 1 35 100
4/4 74 0 4 0 0 100
4/4 74 2 275 0 0 100 34 1 5 0 3 100 524 1 5 1 35 100
4/4 74 3 2667 0 0 100 64 1 5 0 3 100 224 1 5 1 35 100
4/4 224 1 25 0 0 100 14 1 5 1 25 100 224 1 5 0 3 100 35 1 5 1 35 100
4/4 74 0 4 0 0 100
4/4 74 2 175 0 0 100 64 1 5 1 25 100 524 1 5 0 3 100 44 1 5 1 35 100
4/4 44 2 75 0 0 100 34 2 25 2 75 100 74 1 25 0 1 100 34 1 5 1 35 100
4/4 44 2 75 0 0 100 34 2 25 2 75 100 74 1 25 0 1 100 524 1 5 1 35 100
4/4 44 0 1 0 0 64 64 0 1 0 0 100 44 0 1 0 1 64 224 0 1 0 1 100
4/4 44 0 1 0 0 64 224 0 1 0 0 100 44 0 1 0 2 64 224 0 1 0 2 100 35 0 1 0 3 100
4/4 524 0 1 0 0 64 74 0 1 0 0 64 35 0 1 0 0 64 45 0 1 0 0 100
4/4 524 0 1 0 0 64 74 0 1 0 0 64 35 0 1 0 0 64 45 0 1 0 0 100 74 1 5 1 15 100 65 2 75 0 2 100 525 2 75 2 275 100 45 1 5 1 35 100
4/4 45 2 75 0 0 100 35 2 25 2 75 100 35 0 3 0 1 100
4/4 35 2 175 0 0 100 224 0 1 0 2 100 35 0 1 0 3 100
4/4 524 0 1 0 0 64 74 0 1 0 0 64 35 0 1 0 0 64 45 0 1 0 0 100
4/4 524 0 1 0 0 64 74 0 1 0 0 64 35 0 1 0 0 64 45 0 1 0 0 100 74 1 5 1 15 100 65 2 75 0 2 100 525 2 75 2 275 100 45 1 5 1 35 100
4/4 45 2 25 0 0 100 525 2 25 2 25 100 45 2 25 1 5 100 35 2 325 2 75 100
4/4 35 0 1 0 0 100 525 0 1 0 1 100 45 0 1 0 2 100 35 0 1 0 3 100
4/4 223 0 1 0 0 64 524 0 1 0 0 64 224 0 1 0 0 100 524 1 5 1 15 100 224 0 1 0 2 100 714 1 5 0 3 100 74 1 5 1 35 100
4/4 713 0 1 0 0 64 314 0 1 0 0 64 714 0 1 0 0 100 314 1 5 1 15 100 714 0 1 0 2 100 74 1 5 0 3 100 64 1 5 1 35 100
4/4 73 0 1 0 0 64 34 0 1 0 0 64 74 3 3667 0 0 100
4/4 73 0 1 0 0 64 23 0 1 0 0 64 74 3 2667 0 0 100 34 1 5 0 3 100 524 1 5 1 35 100
4/4 74 0 4 0 0 100
4/4 74 3 3667 0 0 100
4/4 523 0 1 0 0 100 223 0 1 0 0 100 44 0 1 0 0 100
4/4 523 0 1 0 0 100 223 0 1 0 0 100 44 0 1 0 0 100
4/4
4/4
4/4
4/4
4/4
4/4
4/4
4/4
2/4
4/4 313 0 1 0 0 100 63 0 1 0 0 100 713 0 1 0 0 100 34 0 1 0 0 100
2/4 313 0 1 0 0 100 63 0 1 0 0 100 713 0 1 0 0 100 34 0 1 0 0 100
4/4 33 0 1 0 0 100 523 0 1 0 0 100 73 0 1 0 0 100 223 0 1 0 0 100
2/4 33 0 1 0 0 100 523 0 1 0 0 100 73 0 1 0 0 100 223 0 1 0 0 100
4/4 613 0 1 0 0 100 34 0 1 0 0 100 64 0 1 0 0 100
4/4 72 0 1 0 0 100 33 0 1 0 0 100 43 0 1 0 0 100 73 0 1 0 0 100
4/4 32 2 25 0 0 100 72 1 5 1 5 100 523 1 5 0 1 100 72 1 5 1 15 100 43 1 5 0 2 100 33 2 125 1 25 100
4/4 32 2 25 0 0 100 72 1 5 1 5 100 523 1 5 0 1 100 72 1 5 1 15 100 43 1 5 0 2 100 33 2 125 1 25 100
4/4 32 2 25 0 0 100 72 1 5 1 5 100 523 1 5 0 1 100 72 1 5 1 15 100 43 1 5 0 2 100 33 0 1 1 25 100 72 1 5 1 35 100
4/4 32 2 25 0 0 100 72 1 5 1 5 100 523 1 5 0 1 100 72 1 5 1 15 100 43 1 5 0 2 100 33 2 125 1 25 100
4/4 32 2 25 0 0 100 72 1 5 1 5 100 523 1 5 0 1 100 72 1 5 1 15 100 43 1 5 0 2 100 33 2 125 1 25 100
4/4 32 2 25 0 0 100 72 1 5 1 5 100 523 1 5 0 1 100 72 1 5 1 15 100 43 1 5 0 2 100 33 2 125 1 25 100
4/4 32 2 25 0 0 100 72 1 5 1 5 100 523 1 5 0 1 100 72 1 5 1 15 100 43 1 5 0 2 100 33 0 1 1 25 100 72 1 5 1 35 100
4/4 32 2 25 0 0 100 72 1 5 1 5 100 523 1 5 0 1 100 72 1 5 1 15 100 43 1 5 0 2 100 33 2 125 1 25 100
4/4 711 3 3667 0 0 100 522 1 5 1 5 100 33 2 25 0 1 100 522 1 5 1 15 100 43 2 25 0 2 100 522 1 5 1 25 100 33 0 1 0 3 100
4/4 711 3 3667 0 0 100 522 1 5 1 5 100 33 2 25 0 1 100 522 1 5 1 15 100 43 2 25 0 2 100 522 1 5 1 25 100 33 0 1 0 3 100
4/4 221 2 25 0 0 100 62 1 5 1 5 100 43 1 5 0 1 100 222 1 5 1 15 100 62 1 5 0 2 100 43 1 5 1 25 100 222 0 1 0 3 100
4/4 221 2 25 0 0 100 62 1 5 1 5 100 222 1 5 0 1 100 43 1 5 1 15 100 63 0 1 0 2 100 223 0 1 0 3 100
4/4 32 2 25 0 0 100 72 1 5 1 5 100 43 1 5 0 1 100 523 1 5 1 15 100 223 1 5 0 2 100 523 1 5 1 25 100 43 1 5 0 3 100 72 1 5 1 35 100
4/4 32 2 25 0 0 100 72 1 5 1 5 100 43 1 5 0 1 100 523 1 5 1 15 100 223 2 175 0 2 100
4/4 711 3 3667 0 0 100 522 1 5 1 5 100 33 2 25 0 1 100 522 1 5 1 15 100 222 2 25 0 2 100 522 1 5 1 25 100 712 2 25 0 3 100 522 1 5 1 35 100
4/4 711 3 3667 0 0 100 522 1 5 1 5 100 33 2 25 0 1 100 522 1 5 1 15 100 222 2 25 0 2 100 522 1 5 1 25 100 712 2 25 0 3 100 522 1 5 1 35 100
4/4 32 2 25 0 0 100 72 1 5 1 5 100 43 1 5 0 1 100 523 1 5 1 15 100 223 1 5 0 2 100 523 1 5 1 25 100 43 1 5 0 3 100 72 1 5 1 35 100
4/4 32 2 25 0 0 100 72 1 5 1 5 100 43 1 5 0 1 100 523 1 5 1 15 100 223 2 175 0 2 100
4/4 711 3 3667 0 0 100 522 1 5 1 5 100 33 2 25 0 1 100 522 1 5 1 15 100 222 2 25 0 2 100 522 1 5 1 25 100 712 2 25 0 3 100 522 1 5 1 35 100
4/4 711 3 3667 0 0 100
4/4 72 0 1 0 0 64 523 0 1 0 0 64
4/4 62 0 1 0 0 64 313 0 1 0 0 64
4/4 72 0 1 0 0 100 43 0 1 0 0 100 73 1 5 0 2 100 34 1 5 1 25 100 74 1 5 0 3 100 44 1 5 1 35 100
4/4 72 0 1 0 0 100 43 0 1 0 0 100
4/4 32 2 25 0 0 100 72 1 5 1 5 100 523 1 5 0 1 100 72 1 5 1 15 100 43 1 5 0 2 100 33 0 1 1 25 100 72 1 5 1 35 100
4/4 32 2 25 0 0 100 72 1 5 1 5 100 523 1 5 0 1 100 72 1 5 1 15 100 43 1 5 0 2 100 33 0 1 1 25 100 72 1 5 1 35 100
4/4 32 0 1 0 0 100 33 0 1 0 0 100
4/4 32 0 1 0 0 100 33 0 1 0 0 100
