4/4 74 0 1 0 0 99 45 0 1 0 0 103 525 0 1 0 0 106 75 0 1 0 0 98 34 1 5 1 35 106
4/4 74 1 25 0 0 93 64 1 5 1 25 90 524 1 5 0 3 106 44 1 5 1 35 97
4/4 44 0 3 0 0 96 73 0 1 0 3 101
4/4 44 1 25 0 0 93 34 1 5 1 25 104 223 1 5 0 3 95 13 1 5 1 35 99
4/4 223 0 3 0 0 108
4/4 34 3 667 0 0 98 44 3 667 3 667 106 524 3 667 3 1333 101 34 0 2 0 2 101
4/4 524 0 1 0 1 102 64 0 1 0 2 109 74 0 1 0 3 101
4/4 224 1 15 0 0 109 714 1 5 1 15 105 714 3 667 0 2 90 74 3 667 3 2667 104 64 3 667 3 3333 105
4/4 64 0 2 0 0 102 524 0 1 0 2 92 64 0 1 0 3 101
4/4 74 0 4 0 0 105 223 0 1 0 1 90 44 0 1 0 1 109 34 0 1 0 2 99 524 0 1 0 2 95 44 0 1 0 3 98 64 0 1 0 3 101
4/4 23 0 1 0 0 71 44 0 1 0 0 91 74 0 1 0 0 104 35 1 5 0 3 93 525 1 5 1 35 96
4/4 75 1 25 0 0 102 65 1 5 1 25 99 525 1 5 0 3 109 45 1 5 1 35 95
4/4 45 0 3 0 0 98 74 1 5 1 35 109
4/4 45 1 25 0 0 105 35 1 5 1 25 95 224 1 5 0 3 104 14 1 5 1 35 108
4/4 224 0 3 0 0 108
4/4 35 3 667 0 0 102 45 3 667 3 667 96 525 3 667 3 1333 93 35 0 2 0 2 102
4/4 525 0 1 0 1 104 65 0 1 0 2 110 75 0 1 0 3 97
4/4 75 0 2 0 0 91 36 0 2 0 2 109
4/4 36 0 2 0 0 100 225 0 1 0 2 100 15 0 1 0 3 108
4/4 75 0 4 0 0 93
4/4 75 0 4 0 0 102
4/4 714 0 1 0 0 108 35 0 1 0 0 91 525 0 1 0 0 101
4/4 74 0 1 0 0 108 224 0 1 0 0 104 525 0 1 0 0 104
4/4 714 0 1 0 0 90 35 0 1 0 0 108 525 0 1 0 0 108
4/4 74 0 1 0 0 110 224 0 1 0 0 102 525 0 1 0 0 97
4/4 35 3 667 0 0 98 45 3 667 3 667 98 525 3 667 3 1333 108 525 0 2 0 2 110
4/4 65 3 667 0 0 93 75 3 667 3 667 100 715 3 667 3 1333 109 225 0 1 0 2 105 36 0 1 0 3 107
4/4 46 0 4 0 0 91
4/4 526 0 4 0 0 103
4/4
4/4 32 1 5 0 0 96 72 1 5 1 5 101 523 3 2667 0 1 97
4/4 32 1 5 0 0 101 72 1 5 1 5 99 523 3 2667 0 1 98
4/4 72 1 5 0 0 90 43 1 5 1 5 98 223 3 2667 0 1 108
4/4 72 1 5 0 0 105 43 1 5 1 5 99 223 3 2667 0 1 92
4/4 712 1 5 0 0 94 523 1 5 1 5 93 713 3 2667 0 1 107
4/4 72 1 5 0 0 92 523 1 5 1 5 96 223 3 2667 0 1 93
4/4 712 1 5 0 0 101 523 1 5 1 5 107 713 3 2667 0 1 106
4/4 12 1 5 0 0 97 63 1 5 1 5 92 34 3 2667 0 1 106
4/4 222 1 5 0 0 110 63 1 5 1 5 103 223 3 2667 0 1 96
4/4 22 0 1 0 0 61 713 0 1 0 0 102 73 2 175 0 1 91
4/4 33 1 5 0 0 108 73 1 5 1 5 104 34 0 1 0 1 93 524 0 1 0 1 101 73 1 5 1 15 100 44 0 1 0 2 93 64 0 1 0 2 99 73 1 5 1 25 93 34 0 1 0 3 96 524 0 1 0 3 106 73 1 5 1 35 104
4/4 33 1 5 0 0 104 73 1 5 1 5 108 34 0 1 0 1 104 524 0 1 0 1 93 73 1 5 1 15 99 44 0 1 0 2 105 64 0 1 0 2 104 73 1 5 1 25 105 34 0 1 0 3 98 524 0 1 0 3 108 73 1 5 1 35 102
4/4 72 1 5 0 0 110 43 1 5 1 5 106 73 0 1 0 1 97 223 0 1 0 1 101 43 1 5 1 15 110 13 0 1 0 2 95 34 0 1 0 2 102 43 1 5 1 25 103 73 0 1 0 3 106 223 0 1 0 3 92 43 1 5 1 35 93
4/4 72 1 5 0 0 109 43 1 5 1 5 110 73 0 1 0 1 104 223 0 1 0 1 100 43 1 5 1 15 109 13 0 1 0 2 91 34 0 1 0 2 100 43 1 5 1 25 94 73 0 1 0 3 106 223 0 1 0 3 100 43 1 5 1 35 93
4/4 712 1 5 0 0 100 523 1 5 1 5 97 713 0 1 0 1 98 34 0 1 0 1 109 523 1 5 1 15 91 223 0 1 0 2 95 44 0 1 0 2 99 523 1 5 1 25 90 713 0 1 0 3 100 34 0 1 0 3 104 523 1 5 1 35 107
4/4 72 1 5 0 0 100 523 1 5 1 5 107 223 0 1 0 1 100 524 0 1 0 1 107 523 1 5 1 15 100 223 0 1 0 2 92 524 0 1 0 2 92 523 1 5 1 25 93 223 0 1 0 3 95 524 0 1 0 3 96 523 1 5 1 35 101
4/4 62 1 5 0 0 108 33 1 5 1 5 94 63 0 1 0 1 110 713 0 1 0 1 98 33 1 5 1 15 93 73 0 1 0 2 100 223 0 1 0 2 109 33 1 5 1 25 95 63 0 1 0 3 108 713 0 1 0 3 101 33 1 5 1 35 95
4/4 43 1 5 0 0 108 13 1 5 1 5 107 44 0 1 0 1 105 64 0 1 0 1 67 13 1 5 1 15 95 54 0 1 0 2 59 74 0 1 0 2 90 13 1 5 1 25 105 614 0 1 0 3 58 14 0 1 0 3 110 13 1 5 1 35 101
4/4 72 1 5 0 0 104 43 1 5 1 5 92 73 0 1 0 1 93 223 0 1 0 1 104 43 1 5 1 15 101 13 0 1 0 2 106 34 0 1 0 2 107 73 0 1 1 25 102 223 0 1 1 25 96 43 1 5 1 35 106
4/4 72 1 5 0 0 106 43 1 5 1 5 109 73 0 1 0 1 98 223 0 1 0 1 98 43 1 5 1 15 107 13 0 1 0 2 103 34 0 1 0 2 90 73 0 1 1 25 107 223 0 1 1 25 99 43 1 5 1 35 100
4/4 75 3 667 0 0 96 65 3 667 3 667 105 75 3 667 3 1333 91 35 2 175 0 2 99
4/4 65 3 667 0 0 106 525 3 667 3 667 96 65 3 667 3 1333 95 224 2 175 0 2 104
4/4 75 3 667 0 0 94 65 3 667 3 667 100 75 3 667 3 1333 94 35 2 175 0 2 109
4/4 65 3 667 0 0 100 525 3 667 3 667 98 65 3 667 3 1333 103 224 2 175 0 2 99
4/4 63 0 1 0 0 94 713 0 1 0 0 101 34 0 1 0 0 90 524 0 1 0 0 94
4/4 523 0 1 0 0 95 713 0 1 0 0 105 34 0 1 0 0 107 524 0 1 0 0 97
4/4 43 0 1 0 0 90 13 0 1 0 0 109 44 0 1 0 0 110
4/4 313 0 1 0 0 99 713 0 1 0 0 108 23 0 1 0 0 110
