6/8 36 0 1 0 0 100 56 0 1 0 0 100 715 0 1 1 15 100 36 0 1 1 15 100
6/8 225 0 1 0 0 100 46 0 1 0 0 100 75 0 1 1 15 100 25 0 1 1 15 100
6/8 715 0 1 0 0 100 36 0 1 0 0 100 225 0 1 1 15 100 46 0 1 1 15 100
6/8 316 0 1 0 0 100 66 0 1 0 0 100 36 0 1 1 15 100 56 0 1 1 15 100
6/8 15 0 1 0 0 100 36 0 1 0 0 100
6/8 75 2 25 2 25 100 65 2 25 1 5 100 55 2 25 2 75 100 45 2 25 0 1 100 55 2 25 2 125 100 35 0 1 1 15 100 45 1 5 1 25 100
6/8 24 1 5 0 0 100 74 3 2333 1 5 100
6/8 75 2 25 2 25 100 65 2 25 1 5 100 525 2 25 2 75 100 45 2 25 0 1 100 525 2 25 2 125 100 35 0 1 1 15 100 45 1 5 1 25 100
6/8 224 0 2 0 0 100 35 2 25 1 25 100 45 2 25 2 275 100
6/8 525 1 5 0 0 100 224 2 25 2 75 100 75 1 5 0 1 100 45 1 5 1 15 100 224 2 25 1 25 100 74 2 25 2 275 100
6/8 35 1 5 0 0 100 224 2 25 2 75 100 525 1 5 0 1 100 224 1 5 1 15 100 524 2 25 0 2 100 64 2 25 2 225 100 224 2 25 1 25 100
6/8 524 0 1 0 0 100 714 0 1 0 0 100
6/8
4/4 74 1 5 0 3 100 35 1 5 1 35 100
4/4 45 0 1 0 0 100 75 1 5 0 1 100 65 1 5 1 15 100 55 0 1 0 2 100 74 1 5 0 3 100 35 1 5 1 35 100
4/4 45 0 1 0 0 100 75 1 5 0 1 100 65 1 5 1 15 100 55 0 1 0 2 100 35 1 5 1 35 100
4/4 35 1 5 0 0 100 24 1 5 1 5 100 14 1 5 0 1 100 24 1 5 1 15 100 74 0 1 0 2 100 35 1 5 1 35 100
4/4 35 1 5 0 0 100 24 1 5 1 5 100 14 1 5 0 1 100 24 1 5 1 15 100 74 0 1 0 2 100 14 1 5 0 3 100 35 1 5 1 35 100
4/4 45 0 1 0 0 100 45 1 5 0 1 100 75 1 5 1 15 100 55 0 1 0 2 100 14 1 5 0 3 100 35 1 5 1 35 100
4/4 45 0 1 0 0 100 45 1 5 0 1 100 75 1 5 1 15 100 55 0 1 0 2 100 45 1 5 0 3 100 35 1 5 1 35 100
4/4 14 1 5 0 0 100 24 1 5 1 5 100 35 3 2667 0 1 100
4/4 14 1 5 0 0 100 24 1 5 1 5 100 35 3 2667 0 1 100
4/4 45 0 1 0 0 100 45 1 5 0 1 100 75 1 5 1 15 100 55 2 175 0 2 100
4/4 45 0 1 0 0 100 45 1 5 0 1 100 75 1 5 1 15 100 55 2 175 0 2 100
4/4 36 0 1 0 1 100 25 0 1 0 2 100 15 0 1 0 3 100
4/4 24 0 1 0 0 100 45 0 1 0 0 100 75 0 1 0 0 100 65 0 1 0 2 100 55 0 1 0 3 100
4/4 45 2 175 0 0 100 14 0 1 0 2 100 35 0 1 0 3 100
4/4 55 3 3667 0 0 100
4/4 35 0 1 0 0 100 55 0 1 0 0 100 15 0 1 0 0 100 24 0 1 0 1 100 45 0 1 0 1 100 75 0 1 0 1 100
4/4 14 0 1 0 0 100 35 0 1 0 0 100 65 0 1 0 0 100 24 0 1 0 1 100 45 0 1 0 1 100 75 0 1 0 1 100 74 1 5 0 3 100 35 1 5 1 35 100
4/4 45 0 1 0 0 100 75 1 5 0 1 100 65 1 5 1 15 100 55 0 1 0 2 100 74 1 5 0 3 100 35 1 5 1 35 100
4/4 45 0 1 0 0 100 75 1 5 0 1 100 65 1 5 1 15 100 55 0 1 0 2 100 35 1 5 1 35 100
4/4 35 1 5 0 0 100 24 1 5 1 5 100 14 1 5 0 1 100 24 1 5 1 15 100 74 0 1 0 2 100 35 1 5 1 35 100
4/4 35 1 5 0 0 100 24 1 5 1 5 100 14 1 5 0 1 100 24 1 5 1 15 100 74 0 1 0 2 100 14 1 5 0 3 100 35 1 5 1 35 100
4/4 45 0 1 0 0 100 45 1 5 0 1 100 75 1 5 1 15 100 55 0 1 0 2 100 14 1 5 0 3 100 35 1 5 1 35 100
4/4 45 0 1 0 0 100 45 1 5 0 1 100 75 1 5 1 15 100 55 0 1 0 2 100 45 1 5 0 3 100 35 1 5 1 35 100
4/4 14 1 5 0 0 100 24 1 5 1 5 100 35 3 2667 0 1 100
4/4 14 1 5 0 0 100 24 1 5 1 5 100 35 3 2667 0 1 100
4/4
4/4 74 0 1 0 0 100 45 0 1 0 0 100 74 0 1 1 5 100 75 0 1 1 5 100 74 0 1 0 1 100 525 0 1 0 1 100 74 0 1 1 15 100 45 0 1 1 15 100 74 0 1 0 2 100 45 0 1 0 2 100 74 0 1 1 25 100 75 0 1 1 25 100 74 0 1 0 3 100 525 0 1 0 3 100 74 0 1 1 35 100 45 0 1 1 35 100
4/4 74 0 1 0 0 100 45 0 1 0 0 100 74 0 1 1 5 100 75 0 1 1 5 100 74 0 1 0 1 100 525 0 1 0 1 100 74 0 1 1 15 100 45 0 1 1 15 100 74 0 1 0 2 100 45 0 1 0 2 100 74 0 1 1 25 100 75 0 1 1 25 100 74 0 1 0 3 100 525 0 1 0 3 100 74 0 1 1 35 100 45 0 1 1 35 100
4/4 74 0 1 0 0 100 45 0 1 0 0 100 74 0 1 1 5 100 75 0 1 1 5 100 74 0 1 0 1 100 525 0 1 0 1 100 74 0 1 1 15 100 45 0 1 1 15 100 74 0 1 0 2 100 45 0 1 0 2 100 74 0 1 1 25 100 75 0 1 1 25 100 74 0 1 0 3 100 525 0 1 0 3 100 74 0 1 1 35 100 45 0 1 1 35 100
4/4 74 0 1 0 0 100 45 0 1 0 0 100 74 0 1 1 5 100 75 0 1 1 5 100 74 0 1 0 1 100 525 0 1 0 1 100 74 0 1 1 15 100 45 0 1 1 15 100 74 0 1 0 2 100 45 0 1 0 2 100 74 0 1 1 25 100 75 0 1 1 25 100 74 0 1 0 3 100 525 0 1 0 3 100 74 0 1 1 35 100 45 0 1 1 35 100
4/4 64 0 1 0 0 100 35 0 1 0 0 100 64 0 1 1 5 100 65 0 1 1 5 100 64 0 1 0 1 100 315 0 1 0 1 100 64 0 1 1 15 100 35 0 1 1 15 100 64 0 1 0 2 100 35 0 1 0 2 100 64 0 1 1 25 100 65 0 1 1 25 100 64 0 1 0 3 100 315 0 1 0 3 100 64 0 1 1 35 100 35 0 1 1 35 100
4/4 64 0 1 0 0 100 35 0 1 0 0 100 64 0 1 1 5 100 65 0 1 1 5 100 64 0 1 0 1 100 315 0 1 0 1 100 64 0 1 1 15 100 35 0 1 1 15 100 64 0 1 0 2 100 35 0 1 0 2 100 64 0 1 1 25 100 65 0 1 1 25 100 64 0 1 0 3 100 315 0 1 0 3 100 64 0 1 1 35 100 35 0 1 1 35 100
4/4 74 0 1 0 0 100 45 0 1 0 0 100 74 0 1 1 5 100 75 0 1 1 5 100 74 0 1 0 1 100 525 0 1 0 1 100 74 0 1 1 15 100 45 0 1 1 15 100 74 0 1 0 2 100 45 0 1 0 2 100 74 0 1 1 25 100 75 0 1 1 25 100 74 0 1 0 3 100 525 0 1 0 3 100 74 0 1 1 35 100 45 0 1 1 35 100
4/4 74 0 1 0 0 100 45 0 1 0 0 100 74 0 1 1 5 100 75 0 1 1 5 100 74 0 1 0 1 100 525 0 1 0 1 100 74 0 1 1 15 100 45 0 1 1 15 100 74 0 1 0 2 100 45 0 1 0 2 100 74 0 1 1 25 100 75 0 1 1 25 100 74 0 1 0 3 100 525 0 1 0 3 100 74 0 1 1 35 100 45 0 1 1 35 100
4/4 64 0 1 0 0 100 35 0 1 0 0 100 64 0 1 1 5 100 65 0 1 1 5 100 64 0 1 0 1 100 315 0 1 0 1 100 64 0 1 1 15 100 35 0 1 1 15 100 64 0 1 0 2 100 35 0 1 0 2 100 64 0 1 1 25 100 65 0 1 1 25 100 64 0 1 0 3 100 315 0 1 0 3 100 64 0 1 1 35 100 35 0 1 1 35 100
4/4 64 0 1 0 0 100 35 0 1 0 0 100 64 0 1 1 5 100 65 0 1 1 5 100 64 0 1 0 1 100 315 0 1 0 1 100 64 0 1 1 15 100 35 0 1 1 15 100 64 0 1 0 2 100 35 0 1 0 2 100 64 0 1 1 25 100 65 0 1 1 25 100 64 0 1 0 3 100 315 0 1 0 3 100 64 0 1 1 35 100 35 0 1 1 35 100
4/4 54 0 1 0 0 100 24 0 1 0 0 100 54 0 1 1 5 100 55 0 1 1 5 100 54 0 1 0 1 100 35 0 1 0 1 100 54 0 1 1 15 100 24 0 1 1 15 100 54 0 1 0 2 100 24 0 1 0 2 100 54 0 1 1 25 100 55 0 1 1 25 100 54 0 1 0 3 100 35 0 1 0 3 100 54 0 1 1 35 100 24 0 1 1 35 100
4/4 54 0 1 0 0 100 24 0 1 0 0 100 54 0 1 1 5 100 55 0 1 1 5 100 54 0 1 0 1 100 35 0 1 0 1 100 54 0 1 1 15 100 24 0 1 1 15 100 54 0 1 0 2 100 24 0 1 0 2 100 54 0 1 1 25 100 55 0 1 1 25 100 54 0 1 0 3 100 35 0 1 0 3 100 54 0 1 1 35 100 24 0 1 1 35 100
4/4 54 0 1 0 0 100 24 0 1 0 0 100 54 0 1 1 5 100 55 0 1 1 5 100 54 0 1 0 1 100 35 0 1 0 1 100 54 0 1 1 15 100 24 0 1 1 15 100 54 0 1 0 2 100 24 0 1 0 2 100 54 0 1 1 25 100 55 0 1 1 25 100 54 0 1 0 3 100 35 0 1 0 3 100 54 0 1 1 35 100 24 0 1 1 35 100
4/4 74 0 1 0 0 100 45 0 1 0 0 100 74 0 1 1 5 100 75 0 1 1 5 100 74 0 1 0 1 100 525 0 1 0 1 100 74 0 1 1 15 100 45 0 1 1 15 100 74 0 1 0 2 100 45 0 1 0 2 100 74 0 1 1 25 100 75 0 1 1 25 100 74 0 1 0 3 100 525 0 1 0 3 100 74 0 1 1 35 100 45 0 1 1 35 100
4/4 74 0 1 0 0 100 45 0 1 0 0 100 74 0 1 1 5 100 75 0 1 1 5 100 74 0 1 0 1 100 525 0 1 0 1 100 74 0 1 1 15 100 45 0 1 1 15 100 74 0 1 0 2 100 45 0 1 0 2 100 74 0 1 1 25 100 75 0 1 1 25 100 74 0 1 0 3 100 525 0 1 0 3 100 74 0 1 1 35 100 45 0 1 1 35 100
4/4 714 0 1 0 0 100 525 0 1 0 0 100 714 0 1 1 5 100 715 0 1 1 5 100 714 0 1 0 1 100 55 0 1 0 1 100 714 0 1 1 15 100 525 0 1 1 15 100 714 0 1 0 2 100 525 0 1 0 2 100 714 0 1 1 25 100 715 0 1 1 25 100 714 0 1 0 3 100 55 0 1 0 3 100 714 0 1 1 35 100 525 0 1 1 35 100
4/4 714 0 1 0 0 100 35 0 1 0 0 100 55 0 1 0 0 100 715 0 1 0 0 100
4/4 714 0 1 0 0 100 35 0 1 0 0 100 55 0 1 0 0 100 715 0 1 0 0 100
6/8 54 0 1 0 0 100 14 0 1 0 0 100 34 0 1 1 15 100 224 0 1 1 15 100
6/8 44 0 1 0 0 100 74 0 1 0 0 100 23 0 1 1 15 100 14 0 1 1 15 100
6/8 34 0 1 0 0 100 64 0 1 0 0 100 44 0 1 1 15 100 74 0 1 1 15 100
6/8 64 0 1 0 0 100 224 0 1 0 0 100 54 0 1 1 15 100 14 0 1 1 15 100
6/8 33 2 25 0 0 100 73 2 25 2 25 100 34 2 25 1 5 100 73 2 25 2 75 100 44 2 25 0 1 100 73 2 25 2 125 100 33 2 25 1 15 100 73 2 25 2 175 100 34 2 25 0 2 100 73 2 25 2 225 100 44 2 25 1 25 100 73 2 25 2 275 100
6/8 33 2 25 0 0 100 73 2 25 2 25 100 34 2 25 1 5 100 73 2 25 2 75 100 44 2 25 0 1 100 73 2 25 2 125 100 33 2 25 1 15 100 73 2 25 2 175 100 34 2 25 0 2 100 73 2 25 2 225 100 44 2 25 1 25 100 73 2 25 2 275 100
6/8 33 2 25 0 0 100 73 2 25 2 25 100 34 2 25 1 5 100 73 2 25 2 75 100 44 2 25 0 1 100 73 2 25 2 125 100 33 2 25 1 15 100 73 2 25 2 175 100 34 2 25 0 2 100 73 2 25 2 225 100 44 2 25 1 25 100 73 2 25 2 275 100
6/8 62 2 25 0 0 100 713 2 25 2 25 100 34 2 25 1 5 100 713 2 25 2 75 100 524 2 25 0 1 100 713 2 25 2 125 100 62 2 25 1 15 100 713 2 25 2 175 100 34 2 25 0 2 100 713 2 25 2 225 100 524 2 25 1 25 100 713 2 25 2 275 100
6/8 222 2 25 0 0 100 713 2 25 2 25 100 223 2 25 1 5 100 713 2 25 2 75 100 44 2 25 0 1 100 713 2 25 2 125 100 222 2 25 1 15 100 713 2 25 2 175 100 223 2 25 0 2 100 713 2 25 2 225 100 44 2 25 1 25 100 713 2 25 2 275 100
6/8 33 2 25 0 0 100 73 2 25 2 25 100 223 0 1 1 5 100 44 0 1 1 5 100 524 0 1 1 5 100 73 2 25 2 75 100 524 2 25 0 1 100 44 2 25 2 125 100 222 2 25 1 15 100 73 2 25 2 175 100 223 0 1 0 2 100 44 0 1 0 2 100 64 0 1 0 2 100 524 2 25 2 225 100 44 1 5 1 25 100
6/8 712 2 25 0 0 100 73 2 25 2 25 100 713 0 1 1 5 100 34 0 1 1 5 100 44 0 1 1 5 100 524 0 1 1 5 100 73 2 25 2 75 100 524 2 25 0 1 100 44 2 25 2 125 100 72 2 25 1 15 100 223 2 25 2 175 100 73 0 1 0 2 100 223 0 1 0 2 100 524 0 1 0 2 100 64 0 1 0 2 100 64 2 25 2 225 100 524 1 5 1 25 100
6/8 523 0 1 0 0 100 223 0 1 0 0 100
6/8
4/4
4/4 63 0 1 0 0 100 13 0 1 0 0 100 34 0 1 0 0 100 53 0 1 0 2 100 73 0 1 0 2 100 34 0 1 0 2 100 44 0 1 0 2 100
4/4 63 0 1 0 0 100 13 0 1 0 0 100 34 0 1 0 0 100 53 0 1 0 2 100 73 0 1 0 2 100 34 0 1 0 2 100 44 0 1 0 2 100
4/4 63 0 1 0 0 100 13 0 1 0 0 100 34 0 1 0 0 100 44 0 1 0 0 100 43 0 1 0 2 100 73 0 1 0 2 100
4/4 63 0 1 0 0 100 13 0 1 0 0 100 34 0 1 0 0 100 44 0 1 0 0 100 43 0 1 0 2 100 73 0 1 0 2 100
4/4 13 0 1 0 0 100 54 0 1 0 0 100 74 0 1 0 0 100 53 0 1 0 2 100 23 0 1 0 2 100 44 0 1 0 2 100
4/4 63 0 1 0 0 100 13 0 1 0 0 100 34 0 1 0 0 100 73 0 1 0 2 100 23 0 1 0 2 100 44 0 1 0 2 100
4/4 63 0 1 0 0 100 13 0 1 0 0 100 44 0 1 0 0 100 63 0 1 0 1 100 34 0 1 0 1 100 74 0 1 0 1 100
4/4 63 0 1 0 0 100 13 0 1 0 0 100 44 0 1 0 0 100 53 0 1 0 1 100 34 0 1 0 1 100 74 0 1 0 1 100
4/4 73 0 1 0 0 100 23 0 1 0 0 100 44 0 1 0 0 100 73 0 1 0 1 100 23 0 1 0 1 100 44 0 1 0 1 100 33 0 1 0 2 100 73 0 1 0 2 100 34 0 1 0 2 100
4/4 73 0 1 0 0 100 23 0 1 0 0 100 44 0 1 0 0 100 73 0 1 0 1 100 23 0 1 0 1 100 44 0 1 0 1 100 33 0 1 0 2 100 73 0 1 0 2 100 34 0 1 0 2 100
4/4 63 0 1 0 0 100 34 0 1 0 0 100 64 0 1 0 0 100 14 0 1 0 0 100
4/4 53 0 1 0 0 100 23 0 1 0 0 100 44 0 1 0 0 100 74 0 1 0 0 100
4/4 43 0 1 0 0 100 13 0 1 0 0 100 34 0 1 0 0 100 64 0 1 0 0 100
4/4 53 0 1 0 0 100 713 0 1 0 0 100 23 0 1 0 0 100 44 0 1 0 0 100 54 0 1 0 0 100
4/4 13 0 1 0 0 100 34 0 1 0 0 100 54 0 1 0 0 100 73 0 1 0 1 100 23 0 1 0 1 100 44 0 1 0 1 100
4/4 63 0 1 0 0 100 13 0 1 0 0 100 34 0 1 0 0 100 73 0 1 0 1 100 23 0 1 0 1 100 44 0 1 0 1 100
4/4 63 0 1 0 0 100 13 0 1 0 0 100 34 0 1 0 0 100 53 0 1 0 2 100 73 0 1 0 2 100 34 0 1 0 2 100 44 0 1 0 2 100
4/4 63 0 1 0 0 100 13 0 1 0 0 100 34 0 1 0 0 100 53 0 1 0 2 100 73 0 1 0 2 100 34 0 1 0 2 100 44 0 1 0 2 100
4/4 63 0 1 0 0 100 13 0 1 0 0 100 34 0 1 0 0 100 44 0 1 0 0 100 43 0 1 0 2 100 73 0 1 0 2 100
4/4 63 0 1 0 0 100 13 0 1 0 0 100 34 0 1 0 0 100 44 0 1 0 0 100 43 0 1 0 2 100 73 0 1 0 2 100
4/4 13 0 1 0 0 100 54 0 1 0 0 100 74 0 1 0 0 100 53 0 1 0 2 100 23 0 1 0 2 100 44 0 1 0 2 100
4/4 63 0 1 0 0 100 13 0 1 0 0 100 34 0 1 0 0 100 73 0 1 0 2 100 23 0 1 0 2 100 44 0 1 0 2 100
4/4 63 0 1 0 0 100 13 0 1 0 0 100 44 0 1 0 0 100 63 0 1 0 1 100 34 0 1 0 1 100 74 0 1 0 1 100
4/4 63 0 1 0 0 100 13 0 1 0 0 100 44 0 1 0 0 100 53 0 1 0 1 100 34 0 1 0 1 100 74 0 1 0 1 100
4/4
4/4
4/4
4/4 32 0 1 0 0 100 33 0 1 0 0 100 32 0 1 1 35 100 33 0 1 1 35 100
4/4 32 0 1 0 0 100 33 0 1 0 0 100 32 0 1 1 35 100 33 0 1 1 35 100
4/4 221 0 1 0 0 100 222 0 1 0 0 100 221 0 1 1 35 100 222 0 1 1 35 100
4/4 221 0 1 0 0 100 222 0 1 0 0 100 221 0 1 1 35 100 222 0 1 1 35 100
4/4 32 0 1 0 0 100 33 0 1 0 0 100 32 0 1 1 35 100 33 0 1 1 35 100
4/4 32 0 1 0 0 100 33 0 1 0 0 100 32 0 1 1 35 100 33 0 1 1 35 100
4/4 221 0 1 0 0 100 222 0 1 0 0 100 221 0 1 1 35 100 222 0 1 1 35 100
4/4 221 0 1 0 0 100 222 0 1 0 0 100 221 0 1 1 35 100 222 0 1 1 35 100
4/4 11 0 1 0 0 100 12 0 1 0 0 100 11 0 1 1 35 100 12 0 1 1 35 100
4/4 11 0 1 0 0 100 12 0 1 0 0 100
4/4 13 0 1 0 0 100 34 0 1 0 0 100 54 0 1 0 0 100 11 0 1 1 15 100 12 0 1 1 15 100 11 0 1 0 2 100 12 0 1 0 2 100 71 0 1 1 35 100 72 0 1 1 35 100
4/4 32 0 1 0 0 100 33 0 1 0 0 100 32 0 1 1 35 100 33 0 1 1 35 100
4/4 32 0 1 0 0 100 33 0 1 0 0 100 32 0 1 1 35 100 33 0 1 1 35 100
4/4 312 0 1 0 0 100 313 0 1 0 0 100 312 1 5 1 15 100 312 1 15 0 2 100 312 1 5 1 35 100
4/4 42 0 1 0 0 100 43 0 1 0 0 100
4/4 42 0 1 0 0 100 43 0 1 0 0 100
