4/4 66 2 25 0 0 100 76 2 25 2 25 100 37 2 25 1 5 100 76 2 25 2 75 100 66 2 25 0 1 100 76 2 25 2 125 100 37 2 25 1 15 100 76 2 25 2 175 100 66 2 25 0 2 100 76 2 25 2 225 100 37 2 25 1 25 100 76 2 25 2 275 100 66 2 25 0 3 100 76 2 25 2 325 100 37 2 25 1 35 100 76 2 25 2 375 100
4/4 66 2 25 0 0 100 76 2 25 2 25 100 37 2 25 1 5 100 76 2 25 2 75 100 66 2 25 0 1 100 76 2 25 2 125 100 37 2 25 1 15 100 76 2 25 2 175 100 66 2 25 0 2 100 76 2 25 2 225 100 37 2 25 1 25 100 76 2 25 2 275 100 66 2 25 0 3 100 76 2 25 2 325 100 37 2 25 1 35 100 76 2 25 2 375 100
4/4 66 2 25 0 0 100 76 2 25 2 25 100 37 2 25 1 5 100 76 2 25 2 75 100 66 2 25 0 1 100 76 2 25 2 125 100 37 2 25 1 15 100 76 2 25 2 175 100 66 2 25 0 2 100 76 2 25 2 225 100 37 2 25 1 25 100 76 2 25 2 275 100 66 2 25 0 3 100 76 2 25 2 325 100 37 2 25 1 35 100 76 2 25 2 375 100
4/4 66 2 25 0 0 100 76 2 25 2 25 100 37 2 25 1 5 100 76 2 25 2 75 100 66 2 25 0 1 100 76 2 25 2 125 100 37 2 25 1 15 100 76 2 25 2 175 100 66 2 25 0 2 100 76 2 25 2 225 100 37 2 25 1 25 100 76 2 25 2 275 100 66 2 25 0 3 100 76 2 25 2 325 100 37 2 25 1 35 100 76 2 25 2 375 100
4/4 66 2 25 0 0 100 34 0 3 0 0 100 76 2 25 2 25 100 37 2 25 1 5 100 76 2 25 2 75 100 66 2 25 0 1 100 76 2 25 2 125 100 37 2 25 1 15 100 76 2 25 2 175 100 66 2 25 0 2 100 76 2 25 2 225 100 37 2 25 1 25 100 76 2 25 2 275 100 66 2 25 0 3 100 224 0 1 0 3 100 76 2 25 2 325 100 37 2 25 1 35 100 76 2 25 2 375 100
4/4 66 2 25 0 0 100 14 0 4 0 0 100 76 2 25 2 25 100 37 2 25 1 5 100 76 2 25 2 75 100 66 2 25 0 1 100 76 2 25 2 125 100 37 2 25 1 15 100 76 2 25 2 175 100 66 2 25 0 2 100 76 2 25 2 225 100 37 2 25 1 25 100 76 2 25 2 275 100 66 2 25 0 3 100 76 2 25 2 325 100 37 2 25 1 35 100 76 2 25 2 375 100
4/4 66 2 25 0 0 100 74 0 4 0 0 100 76 2 25 2 25 100 37 2 25 1 5 100 76 2 25 2 75 100 66 2 25 0 1 100 76 2 25 2 125 100 37 2 25 1 15 100 76 2 25 2 175 100 66 2 25 0 2 100 76 2 25 2 225 100 37 2 25 1 25 100 76 2 25 2 275 100 66 2 25 0 3 100 76 2 25 2 325 100 37 2 25 1 35 100 76 2 25 2 375 100
4/4 66 2 25 0 0 100 64 0 3 0 0 100 76 2 25 2 25 100 37 2 25 1 5 100 76 2 25 2 75 100 66 2 25 0 1 100 76 2 25 2 125 100 37 2 25 1 15 100 76 2 25 2 175 100 66 2 25 0 2 100 76 2 25 2 225 100 37 2 25 1 25 100 76 2 25 2 275 100 66 0 1 0 3 100 54 0 1 0 3 100 76 2 25 2 325 100 37 0 1 1 35 100 64 0 1 1 35 100 76 2 25 2 375 100
4/4 66 2 25 0 0 100 74 0 4 0 0 100 76 2 25 2 25 100 37 2 25 1 5 100 76 2 25 2 75 100 66 2 25 0 1 100 76 2 25 2 125 100 37 2 25 1 15 100 76 2 25 2 175 100 66 2 25 0 2 100 76 2 25 2 225 100 37 2 25 1 25 100 76 2 25 2 275 100 66 2 25 0 3 100 76 2 25 2 325 100 37 2 25 1 35 100 76 2 25 2 375 100
4/4 66 2 25 0 0 100 33 0 3 0 0 100 76 2 25 2 25 100 37 2 25 1 5 100 76 2 25 2 75 100 66 2 25 0 1 100 76 2 25 2 125 100 37 2 25 1 15 100 76 2 25 2 175 100 37 0 2 0 2 100 33 0 1 0 3 100
4/4 54 0 1 0 0 100 74 0 1 0 0 100 35 0 1 0 0 100 33 0 3 0 0 100 35 0 1 0 3 100 55 0 1 0 3 100 225 0 1 0 3 100 33 0 1 0 3 100
4/4 35 0 1 0 0 100 65 0 1 0 0 100 15 0 1 0 0 100 33 0 3 0 0 100 33 0 1 0 3 100
4/4 224 0 1 0 0 100 525 0 1 0 0 100 75 0 1 0 0 100 33 0 3 0 0 100 33 0 1 0 3 100
4/4 714 0 1 0 0 100 315 0 1 0 0 100 65 0 1 0 0 100 33 0 3 0 0 100 224 0 1 0 3 100 525 0 1 0 3 100 75 0 1 0 3 100 33 0 1 0 3 100
4/4 74 0 1 0 0 100 35 0 1 0 0 100 55 0 1 0 0 100 33 0 3 0 0 100 33 0 1 0 3 100
4/4 33 0 1 0 0 100 74 0 1 0 0 100 35 0 1 0 0 100 55 0 1 0 0 100 33 0 1 0 1 100 33 0 1 0 2 100 33 0 1 0 3 100
4/4 65 0 4 0 0 100 314 1 5 0 0 100 714 1 5 1 5 100 315 1 5 0 1 100 714 1 5 1 15 100 314 1 5 0 2 100 714 1 5 1 25 100 315 1 5 0 3 100 714 1 5 1 35 100
4/4 75 0 3 0 0 100 314 1 5 0 0 100 714 1 5 1 5 100 315 1 5 0 1 100 714 1 5 1 15 100 314 1 5 0 2 100 714 1 5 1 25 100 715 0 1 0 3 100 315 1 5 0 3 100 714 1 5 1 35 100
4/4 225 0 4 0 0 100 34 1 5 0 0 100 74 1 5 1 5 100 35 1 5 0 1 100 74 1 5 1 15 100 34 1 5 0 2 100 74 1 5 1 25 100 35 1 5 0 3 100 34 1 5 1 35 100
4/4 34 1 5 0 0 100 225 0 2 0 0 100 74 1 5 1 5 100 35 1 5 0 1 100 74 1 5 1 15 100 225 0 1 0 2 100 34 1 5 0 2 100 74 1 5 1 25 100 36 0 1 0 3 100 35 1 5 0 3 100 34 1 5 1 35 100
4/4 316 0 3 0 0 100 314 1 5 0 0 100 714 1 5 1 5 100 315 1 5 0 1 100 714 1 5 1 15 100 314 1 5 0 2 100 714 1 5 1 25 100 36 0 1 0 3 100 315 0 1 0 3 100 316 0 1 1 35 100 714 0 1 1 35 100
4/4 716 0 3 0 0 100 314 1 5 0 0 100 714 1 5 1 5 100 315 1 5 0 1 100 714 1 5 1 15 100 314 1 5 0 2 100 714 1 5 1 25 100 76 0 1 0 3 100 315 1 5 0 3 100 714 1 5 1 35 100
4/4 526 0 4 0 0 100 34 1 5 0 0 100 74 1 5 1 5 100 35 1 5 0 1 100 74 1 5 1 15 100 34 1 5 0 2 100 74 1 5 1 25 100 35 1 5 0 3 100 34 1 5 1 35 100
4/4 34 1 5 0 0 100 526 0 3 0 0 100 74 1 5 1 5 100 35 1 5 0 1 100 74 1 5 1 15 100 34 1 5 0 2 100 74 1 5 1 25 100 36 0 1 0 3 100 35 0 1 0 3 100 526 0 1 1 35 100 34 0 1 1 35 100
4/4 66 0 1 0 0 100 314 0 1 0 0 100 76 0 1 1 5 100 714 0 1 1 5 100 716 0 1 0 1 100 315 0 1 0 1 100 226 0 1 1 15 100 714 0 1 1 15 100 716 1 15 0 2 100 314 1 5 0 2 100 714 1 5 1 25 100 315 1 5 0 3 100 76 0 1 1 35 100 714 0 1 1 35 100 66 2 25 2 375 100
4/4 526 0 3 0 0 100 34 1 5 0 0 100 74 1 5 1 5 100 35 1 5 0 1 100 74 1 5 1 15 100 34 1 5 0 2 100 74 1 5 1 25 100 36 0 1 0 3 100 35 0 1 0 3 100 526 0 1 1 35 100 74 0 1 1 35 100
4/4 66 0 1 0 0 100 314 0 1 0 0 100 76 0 1 1 5 100 714 0 1 1 5 100 716 0 1 0 1 100 315 0 1 0 1 100 226 0 1 1 15 100 714 0 1 1 15 100 716 1 15 0 2 100 314 1 5 0 2 100 714 1 5 1 25 100 315 1 5 0 3 100 76 0 1 1 35 100 714 0 1 1 35 100 66 2 25 2 375 100
4/4 526 1 25 0 0 100 524 1 5 0 0 100 224 1 5 1 5 100 525 1 5 0 1 100 224 1 5 1 15 100 524 0 1 0 2 100 75 1 5 1 25 100 225 1 5 0 3 100 523 0 1 0 3 100 526 1 5 1 35 100
4/4 15 0 1 0 0 100 36 0 1 0 0 100 66 0 1 0 0 100 63 0 1 0 0 100 63 0 1 0 1 100 66 1 5 0 2 100 63 0 1 0 2 100 36 1 5 1 25 100 65 1 5 0 3 100 63 0 1 0 3 100 15 0 1 1 35 100 36 0 1 1 35 100 66 0 1 1 35 100
4/4 63 0 1 0 0 100 15 0 1 0 0 100 36 0 1 0 0 100 66 0 1 0 0 100 63 0 1 0 1 100 66 1 5 0 2 100 63 0 1 0 2 100 36 1 5 1 25 100 65 1 5 0 3 100 63 0 1 0 3 100 15 0 1 1 35 100 36 0 1 1 35 100 66 0 1 1 35 100
4/4 523 0 1 0 0 100 15 0 1 0 0 100 36 0 1 0 0 100 66 0 1 0 0 100 523 0 1 0 1 100 66 1 5 0 2 100 523 0 1 0 2 100 36 1 5 1 25 100 65 1 5 0 3 100 523 0 1 0 3 100 15 0 1 1 35 100 36 0 1 1 35 100 66 0 1 1 35 100
4/4 43 0 1 0 0 100 15 0 1 0 0 100 36 0 1 0 0 100 66 0 1 0 0 100 43 0 1 0 1 100 66 1 5 0 2 100 43 0 1 0 2 100 36 1 5 1 25 100 65 1 5 0 3 100 43 0 1 0 3 100 715 0 1 1 35 100 36 0 1 1 35 100 66 0 1 1 35 100
4/4 313 0 1 0 0 100 715 0 1 0 0 100 36 0 1 0 0 100 66 0 1 0 0 100 313 0 1 0 1 100 66 1 5 0 2 100 313 0 1 0 2 100 36 1 5 1 25 100 65 1 5 0 3 100 313 0 1 0 3 100 715 0 1 1 35 100 36 0 1 1 35 100 66 0 1 1 35 100
4/4 313 0 1 0 0 100 715 0 1 0 0 100 36 0 1 0 0 100 66 0 1 0 0 100 313 0 1 0 1 100 66 1 5 0 2 100 313 0 1 0 2 100 36 1 5 1 25 100 65 1 5 0 3 100 313 0 1 0 3 100 66 1 5 1 35 100
4/4 75 0 1 0 0 100 225 0 1 0 0 100 526 0 1 0 0 100 523 0 1 0 0 100 523 0 1 0 1 100 316 0 1 0 2 100 523 0 1 0 2 100 36 0 1 0 3 100 523 0 1 0 3 100
4/4 225 0 1 0 0 100 523 0 1 0 0 100 715 0 1 0 1 100 523 0 1 0 1 100 75 0 1 0 2 100 523 0 1 0 2 100 525 0 1 0 3 100 523 0 1 0 3 100
4/4 14 0 1 0 0 100 35 0 1 0 0 100 65 0 1 0 0 100 63 0 1 0 0 100 63 0 1 0 1 100 63 0 1 0 2 100 63 0 1 0 3 100
4/4 63 0 1 0 0 100 14 0 1 0 0 100 35 0 1 0 0 100 65 0 1 0 0 100 63 0 1 0 1 100 65 2 25 0 2 100 63 0 1 0 2 100 75 2 25 2 225 100 15 2 25 1 25 100 225 2 25 2 275 100 36 2 25 0 3 100 63 0 1 0 3 100 46 2 25 2 325 100 56 1 5 1 35 100
4/4 25 0 1 0 0 100 46 0 1 0 0 100 616 0 1 0 0 100 53 1 5 0 0 100 23 1 5 1 5 100 54 1 5 0 1 100 23 1 5 1 15 100 53 1 5 0 2 100 23 1 5 1 25 100 616 0 1 0 3 100 54 0 1 0 3 100 76 0 1 1 35 100 23 0 1 1 35 100
4/4 75 0 1 0 0 100 36 0 1 0 0 100 56 0 1 0 0 100 33 1 5 0 0 100 73 1 5 1 5 100 34 1 5 0 1 100 73 1 5 1 15 100 33 1 5 0 2 100 73 1 5 1 25 100 34 1 5 0 3 100 73 1 5 1 35 100
4/4 25 0 1 0 0 100 46 0 1 0 0 100 616 0 1 0 0 100 53 1 5 0 0 100 23 1 5 1 5 100 54 1 5 0 1 100 23 1 5 1 15 100 53 1 5 0 2 100 23 1 5 1 25 100 616 0 1 0 3 100 54 0 1 0 3 100 76 0 1 1 35 100 23 0 1 1 35 100
4/4 75 0 1 0 0 100 36 0 1 0 0 100 56 0 1 0 0 100 33 1 5 0 0 100 73 1 5 1 5 100 34 1 5 0 1 100 73 1 5 1 15 100 33 1 5 0 2 100 73 1 5 1 25 100 34 1 5 0 3 100 73 1 5 1 35 100
4/4 615 0 1 0 0 100 25 0 1 0 0 100 46 0 1 0 0 100 22 1 5 0 0 100 613 1 5 1 5 100 23 1 5 0 1 100 613 1 5 1 15 100 22 1 5 0 2 100 613 1 5 1 25 100 25 0 1 0 3 100 23 1 5 0 3 100 613 1 5 1 35 100
4/4 75 0 1 0 0 100 36 0 1 0 0 100 56 0 1 0 0 100 33 1 5 0 0 100 73 1 5 1 5 100 34 1 5 0 1 100 73 1 5 1 15 100 33 1 5 0 2 100 73 1 5 1 25 100 46 0 1 0 3 100 34 0 1 0 3 100 56 0 1 1 35 100 73 0 1 1 35 100
4/4 15 0 1 0 0 100 46 0 1 0 0 100 616 0 1 0 0 100 43 1 5 0 0 100 13 1 5 1 5 100 44 1 5 0 1 100 13 1 5 1 15 100 43 1 5 0 2 100 13 1 5 1 25 100 44 1 5 0 3 100 13 1 5 1 35 100
4/4 616 0 1 0 0 100 43 1 5 0 0 100 13 1 5 1 5 100 46 0 1 0 1 100 44 1 5 0 1 100 13 1 5 1 15 100 15 0 1 0 2 100 43 1 5 0 2 100 13 1 5 1 25 100 615 0 1 0 3 100 44 1 5 0 3 100 13 1 5 1 35 100
4/4 55 0 1 0 0 100 56 0 1 0 0 100 53 0 3 0 0 100 55 0 1 0 1 100 56 0 1 0 1 100 55 0 1 0 2 100 56 0 1 0 2 100 55 0 1 0 3 100 56 0 1 0 3 100 44 0 1 0 3 100
4/4 55 0 1 0 0 100 56 0 1 0 0 100 314 0 3 0 0 100 55 0 1 0 1 100 56 0 1 0 1 100 55 0 1 0 2 100 56 0 1 0 2 100 55 0 1 0 3 100 56 0 1 0 3 100 23 0 1 0 3 100
4/4 55 0 1 0 0 100 56 0 1 0 0 100 13 0 3 0 0 100 55 0 1 0 1 100 56 0 1 0 1 100 55 0 1 0 2 100 56 0 1 0 2 100 55 0 1 0 3 100 56 0 1 0 3 100 713 1 5 0 3 100 13 1 5 1 35 100
4/4 55 0 1 0 0 100 56 0 1 0 0 100 23 0 4 0 0 100 55 0 1 0 1 100 56 0 1 0 1 100 55 0 1 0 2 100 56 0 1 0 2 100 55 0 1 0 3 100 56 0 1 0 3 100
4/4 55 0 1 0 0 100 56 0 1 0 0 100 53 0 3 0 0 100 55 0 1 0 1 100 56 0 1 0 1 100 55 0 1 0 2 100 56 0 1 0 2 100 55 0 1 0 3 100 56 0 1 0 3 100 44 0 1 0 3 100
4/4 55 0 1 0 0 100 56 0 1 0 0 100 314 0 3 0 0 100 55 0 1 0 1 100 56 0 1 0 1 100 55 0 1 0 2 100 56 0 1 0 2 100 55 0 1 0 3 100 56 0 1 0 3 100 23 0 1 0 3 100
4/4 55 0 1 0 0 100 56 0 1 0 0 100 13 0 3 0 0 100 55 0 1 0 1 100 56 0 1 0 1 100 55 0 1 0 2 100 56 0 1 0 2 100 55 0 1 0 3 100 56 0 1 0 3 100 713 1 5 0 3 100 13 1 5 1 35 100
4/4 55 0 1 0 0 100 56 0 1 0 0 100 23 0 4 0 0 100 55 0 1 0 1 100 56 0 1 0 1 100 55 0 1 0 2 100 56 0 1 0 2 100 55 0 1 0 3 100 56 0 1 0 3 100
4/4 55 0 1 0 0 100 56 0 1 0 0 100 23 0 4 0 0 100 55 0 1 0 1 100 56 0 1 0 1 100 55 0 1 0 2 100 56 0 1 0 2 100 55 0 1 0 3 100 56 0 1 0 3 100
4/4 37 1 5 0 0 100 33 2 175 0 0 100 76 1 5 1 5 100 36 1 5 0 1 100 76 1 5 1 15 100 37 1 5 0 2 100 45 2 175 0 2 100 76 1 5 1 25 100 36 1 5 0 3 100 76 1 5 1 35 100
4/4 37 1 5 0 0 100 35 2 175 0 0 100 76 1 5 1 5 100 36 1 5 0 1 100 76 1 5 1 15 100 37 1 5 0 2 100 24 2 175 0 2 100 76 1 5 1 25 100 36 1 5 0 3 100 76 1 5 1 35 100
4/4 37 1 5 0 0 100 14 2 175 0 0 100 76 1 5 1 5 100 36 1 5 0 1 100 76 1 5 1 15 100 37 1 5 0 2 100 74 2 175 0 2 100 76 1 5 1 25 100 36 1 5 0 3 100 76 1 5 1 35 100
4/4 37 1 5 0 0 100 614 2 175 0 0 100 76 1 5 1 5 100 36 1 5 0 1 100 76 1 5 1 15 100 37 1 5 0 2 100 54 2 175 0 2 100 76 1 5 1 25 100 36 1 5 0 3 100 76 1 5 1 35 100
4/4 66 3 3667 0 0 100 314 1 5 0 0 100 714 1 5 1 5 100 315 1 5 0 1 100 714 1 5 1 15 100 314 1 5 0 2 100 714 1 5 1 25 100 315 1 5 0 3 100 714 1 5 1 35 100
4/4 76 3 2667 0 0 100 314 1 5 0 0 100 714 1 5 1 5 100 315 1 5 0 1 100 714 1 5 1 15 100 314 1 5 0 2 100 714 1 5 1 25 100 716 0 1 0 3 100 315 1 5 0 3 100 714 1 5 1 35 100
4/4 226 0 4 0 0 100 34 1 5 0 0 100 74 1 5 1 5 100 35 1 5 0 1 100 74 1 5 1 15 100 34 1 5 0 2 100 74 1 5 1 25 100 35 1 5 0 3 100 74 1 5 1 35 100
4/4 34 1 5 0 0 100 226 2 175 0 0 100 74 1 5 1 5 100 35 1 5 0 1 100 74 1 5 1 15 100 226 0 1 0 2 100 34 1 5 0 2 100 74 1 5 1 25 100 37 0 1 0 3 100 35 1 5 0 3 100 74 1 5 1 35 100
4/4 317 0 3 0 0 100 314 1 5 0 0 100 714 1 5 1 5 100 315 1 5 0 1 100 714 1 5 1 15 100 314 1 5 0 2 100 714 1 5 1 25 100 37 0 1 0 3 100 315 0 1 0 3 100 317 0 1 1 35 100 714 0 1 1 35 100
4/4 717 0 3 0 0 100 314 1 5 0 0 100 714 1 5 1 5 100 315 1 5 0 1 100 714 1 5 1 15 100 314 1 5 0 2 100 714 1 5 1 25 100 77 0 1 0 3 100 315 1 5 0 3 100 714 1 5 1 35 100
4/4 527 0 4 0 0 100 34 1 5 0 0 100 74 1 5 1 5 100 35 1 5 0 1 100 74 1 5 1 15 100 34 1 5 0 2 100 74 1 5 1 25 100 35 1 5 0 3 100 74 1 5 1 35 100
4/4 34 1 5 0 0 100 527 0 2 0 0 100 74 1 5 1 5 100 35 1 5 0 1 100 74 1 5 1 15 100 37 0 2 0 2 100 34 1 5 0 2 100 74 1 5 1 25 100 35 1 5 0 3 100 74 1 5 1 35 100
4/4 67 0 4 0 0 100 314 1 5 0 0 100 714 1 5 1 5 100 315 1 5 0 1 100 714 1 5 1 15 100 314 1 5 0 2 100 714 1 5 1 25 100 315 1 5 0 3 100 714 1 5 1 35 100
4/4 314 1 5 0 0 100 67 0 4 0 0 100 714 1 5 1 5 100 315 1 5 0 1 100 714 1 5 1 15 100 314 1 5 0 2 100 714 1 5 1 25 100 315 1 5 0 3 100 714 1 5 1 35 100
4/4 37 0 1 0 0 100 67 0 1 0 0 100 227 0 1 0 0 100 314 0 1 0 0 100
4/4 37 0 1 0 0 100 67 0 1 0 0 100 227 0 1 0 0 100 314 0 1 0 0 100
4/4 34 1 5 0 0 100 74 1 5 1 5 100 525 1 5 0 1 100 74 1 5 1 15 100 45 1 5 0 2 100 35 2 125 1 25 100
4/4 34 1 5 0 0 100 74 1 5 1 5 100 525 1 5 0 1 100 74 1 5 1 15 100 45 1 5 0 2 100 35 3 1333 1 25 100 36 1 5 0 3 100 526 1 5 1 35 100
4/4 76 3 2667 0 0 100 34 1 5 0 0 100 74 1 5 1 5 100 525 1 5 0 1 100 74 1 5 1 15 100 45 1 5 0 2 100 35 3 1333 1 25 100 66 1 5 0 3 100 226 1 5 1 35 100
4/4 34 1 5 0 0 100 226 0 3 0 0 100 74 1 5 1 5 100 45 1 5 0 1 100 74 1 5 1 15 100 35 1 5 0 2 100 224 3 1333 1 25 100 37 1 5 0 3 100 76 1 5 1 35 100
4/4 34 1 5 0 0 100 76 0 4 0 0 100 74 1 5 1 5 100 525 1 5 0 1 100 74 1 5 1 15 100 45 1 5 0 2 100 35 2 125 1 25 100
4/4 34 1 5 0 0 100 76 0 3 0 0 100 74 1 5 1 5 100 525 1 5 0 1 100 74 1 5 1 15 100 45 1 5 0 2 100 35 3 1333 1 25 100 36 1 5 0 3 100 526 1 5 1 35 100
4/4 76 0 3 0 0 100 34 1 5 0 0 100 74 1 5 1 5 100 525 1 5 0 1 100 74 1 5 1 15 100 45 1 5 0 2 100 35 3 1333 1 25 100 66 1 5 0 3 100 226 1 5 1 35 100
4/4 34 1 5 0 0 100 226 1 25 0 0 100 74 1 5 1 5 100 45 1 5 0 1 100 74 1 5 1 15 100 35 1 5 0 2 100 16 1 5 1 25 100 224 3 1333 1 25 100 226 1 5 0 3 100 37 1 5 1 35 100
4/4 76 0 4 0 0 100 34 1 5 0 0 100 74 1 5 1 5 100 525 1 5 0 1 100 74 1 5 1 15 100 45 1 5 0 2 100 35 2 125 1 25 100
4/4 34 1 5 0 0 100 76 1 25 0 0 100 74 1 5 1 5 100 525 1 5 0 1 100 74 1 5 1 15 100 45 1 5 0 2 100 66 1 5 1 25 100 35 3 1333 1 25 100 526 1 5 0 3 100 46 1 5 1 35 100
4/4 46 2 75 0 0 100 713 1 5 0 0 100 524 1 5 1 5 100 36 2 25 2 75 100 76 1 25 0 1 100 35 1 5 0 1 100 524 1 5 1 15 100 224 1 5 0 2 100 714 3 1333 1 25 100 36 1 5 1 35 100
4/4 46 2 75 0 0 100 713 1 5 0 0 100 524 1 5 1 5 100 36 2 25 2 75 100 76 1 25 0 1 100 35 1 5 0 1 100 524 1 5 1 15 100 224 1 5 0 2 100 714 3 1333 1 25 100 526 1 5 1 35 100
4/4 66 0 1 0 0 100 223 1 5 0 0 100 64 1 5 1 5 100 226 0 3 0 1 100 224 1 5 0 1 100 64 1 5 1 15 100 223 1 5 0 2 100 64 1 5 1 25 100 224 1 5 0 3 100 64 1 5 1 35 100
4/4 46 0 1 0 0 100 66 0 1 0 0 100 226 0 1 0 0 100 223 1 5 0 0 100 64 1 5 1 5 100 224 1 5 0 1 100 64 1 5 1 15 100 226 0 1 0 2 100 223 1 5 0 2 100 64 1 5 1 25 100 37 0 1 0 3 100 224 1 5 0 3 100 64 1 5 1 35 100
4/4 47 0 4 0 0 100 34 0 4 0 0 100 524 0 1 1 5 100 74 0 1 1 5 100 524 0 1 1 15 100 74 0 1 1 15 100 524 0 1 1 25 100 74 0 1 1 25 100 524 0 1 1 35 100 74 0 1 1 35 100
4/4 34 0 4 0 0 100 47 1 15 0 0 100 524 0 1 1 5 100 74 0 1 1 5 100 76 1 5 1 15 100 524 0 1 1 15 100 74 0 1 1 15 100 67 2 75 0 2 100 524 0 1 1 25 100 74 0 1 1 25 100 527 2 75 2 275 100 47 0 1 1 35 100 524 0 1 1 35 100 74 0 1 1 35 100
4/4 47 1 15 0 0 100 713 0 4 0 0 100 524 0 1 1 5 100 714 0 1 1 5 100 527 1 5 1 15 100 524 0 1 1 15 100 714 0 1 1 15 100 37 0 2 0 2 100 524 0 1 1 25 100 714 0 1 1 25 100 524 0 1 1 35 100 714 0 1 1 35 100
4/4 713 0 4 0 0 100 37 0 2 0 0 100 524 0 1 1 5 100 714 0 1 1 5 100 524 0 1 1 15 100 714 0 1 1 15 100 226 0 1 0 2 100 524 0 1 1 25 100 714 0 1 1 25 100 37 0 1 0 3 100 524 0 1 1 35 100 714 0 1 1 35 100
4/4 47 0 4 0 0 100 34 0 4 0 0 100 524 0 1 1 5 100 74 0 1 1 5 100 524 0 1 1 15 100 74 0 1 1 15 100 524 0 1 1 25 100 74 0 1 1 25 100 524 0 1 1 35 100 74 0 1 1 35 100
4/4 34 0 4 0 0 100 47 1 15 0 0 100 524 0 1 1 5 100 74 0 1 1 5 100 76 1 5 1 15 100 524 0 1 1 15 100 74 0 1 1 15 100 67 2 75 0 2 100 524 0 1 1 25 100 74 0 1 1 25 100 527 2 75 2 275 100 47 0 1 1 35 100 524 0 1 1 35 100 74 0 1 1 35 100
4/4 47 0 1 0 0 100 527 0 1 0 0 100 713 0 4 0 0 100 47 2 25 2 25 100 524 0 1 1 5 100 714 0 1 1 5 100 37 0 1 3 667 64 226 0 1 3 667 100 37 0 3 0 1 100 524 0 1 1 15 100 714 0 1 1 15 100 524 0 1 1 25 100 714 0 1 1 25 100 524 0 1 1 35 100 714 0 1 1 35 100
4/4 713 0 4 0 0 100 37 1 25 0 0 100 524 0 1 1 5 100 714 0 1 1 5 100 524 0 1 1 15 100 714 0 1 1 15 100 527 1 5 1 25 100 524 0 1 1 25 100 714 0 1 1 25 100 47 1 5 0 3 100 37 0 1 1 35 100 524 0 1 1 35 100 714 0 1 1 35 100
4/4 226 1 15 0 0 100 73 1 5 0 0 100 524 1 5 1 5 100 74 1 5 0 1 100 526 0 1 1 15 100 524 0 1 1 15 100 226 0 1 0 2 100 73 1 5 0 2 100 524 1 5 1 25 100 716 0 1 0 3 100 74 0 1 0 3 100 76 0 1 1 35 100 524 0 1 1 35 100
4/4 716 1 15 0 0 100 314 1 5 0 0 100 64 1 5 1 5 100 714 1 5 0 1 100 316 0 1 1 15 100 64 0 1 1 15 100 716 0 1 0 2 100 314 1 5 0 2 100 64 1 5 1 25 100 76 0 1 0 3 100 714 0 1 0 3 100 66 0 1 1 35 100 64 0 1 1 35 100
4/4 76 0 1 0 0 100 34 0 1 0 0 100 716 0 1 1 5 100 76 0 1 1 5 100 64 1 5 1 5 100 66 2 25 2 75 64 76 0 3 0 1 100 74 1 5 0 1 100 64 1 5 1 15 100 34 1 5 0 2 100 64 1 5 1 25 100 74 1 5 0 3 100 64 1 5 1 35 100
4/4 34 0 1 0 0 100 54 0 1 0 0 100 74 0 1 0 0 100 76 0 3 0 0 100 36 0 1 0 3 100
4/4 716 0 2 0 0 100 64 1 5 0 0 100 35 1 5 1 5 100 224 1 5 0 1 100 714 1 5 1 15 100 76 1 5 0 2 100 74 0 2 0 2 100 66 1 5 1 25 100 526 1 5 0 3 100 46 1 5 1 35 100
4/4 526 1 15 0 0 100 34 1 5 0 0 100 74 1 5 1 5 100 64 1 5 0 1 100 36 0 1 1 15 100 524 0 1 1 15 100 66 1 5 0 2 100 314 0 2 0 2 100 526 1 5 1 25 100 316 1 5 0 3 100 36 1 5 1 35 100
4/4 36 1 15 0 0 100 44 0 2 0 0 100 225 1 5 1 15 100 225 0 2 0 2 100 223 0 1 0 2 100 44 1 5 0 3 100 524 1 5 1 35 100
4/4 316 1 15 0 0 100 54 0 2 0 0 100 36 1 5 1 15 100 36 0 2 0 2 100 34 0 1 0 2 100 54 0 1 0 3 100
4/4 75 0 1 0 0 100 715 0 1 0 0 100 36 0 1 0 0 100 64 0 1 0 0 100
