4/4 36 1 5 0 3 100 526 1 5 1 35 100
4/4 76 3 2667 0 0 100 66 1 5 0 3 100 226 1 5 1 35 100
4/4 226 2 275 0 0 100 37 1 5 0 3 100 76 1 5 1 35 100
4/4 76 0 4 0 0 100
4/4 76 2 275 0 0 100 36 1 5 0 3 100 526 1 5 1 35 100
4/4 76 3 2667 0 0 100 66 1 5 0 3 100 226 1 5 1 35 100
4/4 226 1 25 0 0 100 16 1 5 1 25 100 226 1 5 0 3 100 37 1 5 1 35 100
4/4 76 0 4 0 0 100
2/4 76 2 175 0 0 100 67 2 25 2 175 100
4/4 67 2 125 0 0 100 37 1 5 1 15 100 37 0 2 0 2 100
2/4 37 2 175 0 0 100 527 0 1 2 175 100 66 0 1 2 175 64
4/4 527 0 1 0 0 100 66 0 1 0 0 64 226 1 5 1 15 100 226 0 2 0 2 100
2/4 226 2 175 0 0 100 717 0 1 2 175 100 226 0 1 2 175 64 527 0 1 2 175 64
4/4 717 0 1 0 0 100 226 0 1 0 0 64 527 0 1 0 0 64 227 2 175 0 2 100 77 0 1 2 375 100 76 0 1 2 375 64 47 0 1 2 375 64
4/4 77 0 1 0 0 100 76 0 1 0 0 64 47 0 1 0 0 64 36 1 5 0 3 100 526 1 5 1 35 100
4/4 76 3 2667 0 0 100 66 1 5 0 3 100 226 1 5 1 35 100
4/4 226 2 275 0 0 100 37 1 5 0 3 100 76 1 5 1 35 100
4/4 76 0 4 0 0 100
4/4 76 2 275 0 0 100 36 1 5 0 3 100 526 1 5 1 35 100
4/4 76 3 2667 0 0 100 66 1 5 0 3 100 226 1 5 1 35 100
4/4 226 1 25 0 0 100 16 1 5 1 25 100 226 1 5 0 3 100 37 1 5 1 35 100
4/4 76 0 4 0 0 100
4/4 76 2 175 0 0 100 66 1 5 1 25 100 526 1 5 0 3 100 46 1 5 1 35 100
4/4 46 2 75 0 0 100 36 2 25 2 75 100 76 1 25 0 1 100 36 1 5 1 35 100
4/4 46 2 75 0 0 100 36 2 25 2 75 100 76 1 25 0 1 100 526 1 5 1 35 100
4/4 46 0 1 0 0 64 66 0 1 0 0 100 46 0 1 0 1 64 226 0 1 0 1 100
4/4 46 0 1 0 0 64 226 0 1 0 0 100 46 0 1 0 2 64 226 0 1 0 2 100 37 0 1 0 3 100
4/4 526 0 1 0 0 64 76 0 1 0 0 64 37 0 1 0 0 64 47 0 1 0 0 100
4/4 526 0 1 0 0 64 76 0 1 0 0 64 37 0 1 0 0 64 47 0 1 0 0 100 76 1 5 1 15 100 67 2 75 0 2 100 527 2 75 2 275 100 47 1 5 1 35 100
4/4 47 2 75 0 0 100 37 2 25 2 75 100 37 0 3 0 1 100
4/4 37 2 175 0 0 100 226 0 1 0 2 100 37 0 1 0 3 100
4/4 526 0 1 0 0 64 76 0 1 0 0 64 37 0 1 0 0 64 47 0 1 0 0 100
4/4 526 0 1 0 0 64 76 0 1 0 0 64 37 0 1 0 0 64 47 0 1 0 0 100 76 1 5 1 15 100 67 2 75 0 2 100 527 2 75 2 275 100 47 1 5 1 35 100
4/4 47 2 25 0 0 100 527 2 25 2 25 100 47 2 25 1 5 100 37 2 325 2 75 100
4/4 37 0 1 0 0 100 527 0 1 0 1 100 47 0 1 0 2 100 37 0 1 0 3 100
4/4 225 0 1 0 0 64 526 0 1 0 0 64 226 0 1 0 0 100 526 1 5 1 15 100 226 0 1 0 2 100 716 1 5 0 3 100 76 1 5 1 35 100
4/4 715 0 1 0 0 64 316 0 1 0 0 64 716 0 1 0 0 100 316 1 5 1 15 100 716 0 1 0 2 100 76 1 5 0 3 100 66 1 5 1 35 100
4/4 75 0 1 0 0 64 36 0 1 0 0 64 76 3 3667 0 0 100
4/4 75 0 1 0 0 64 25 0 1 0 0 64 76 3 2667 0 0 100 36 1 5 0 3 100 526 1 5 1 35 100
4/4 76 0 4 0 0 100
4/4 76 3 3667 0 0 100
4/4 525 0 1 0 0 100 225 0 1 0 0 100 46 0 1 0 0 100
4/4 525 0 1 0 0 100 225 0 1 0 0 100 46 0 1 0 0 100
4/4
4/4
4/4
4/4
4/4
4/4
4/4
4/4
2/4
4/4 315 0 1 0 0 100 65 0 1 0 0 100 715 0 1 0 0 100 36 0 1 0 0 100
2/4 315 0 1 0 0 100 65 0 1 0 0 100 715 0 1 0 0 100 36 0 1 0 0 100
4/4 35 0 1 0 0 100 525 0 1 0 0 100 75 0 1 0 0 100 225 0 1 0 0 100
2/4 35 0 1 0 0 100 525 0 1 0 0 100 75 0 1 0 0 100 225 0 1 0 0 100
4/4 615 0 1 0 0 100 36 0 1 0 0 100 66 0 1 0 0 100
4/4 74 0 1 0 0 100 35 0 1 0 0 100 45 0 1 0 0 100 75 0 1 0 0 100
4/4 34 2 25 0 0 100 74 1 5 1 5 100 525 1 5 0 1 100 74 1 5 1 15 100 45 1 5 0 2 100 35 2 125 1 25 100
4/4 34 2 25 0 0 100 74 1 5 1 5 100 525 1 5 0 1 100 74 1 5 1 15 100 45 1 5 0 2 100 35 2 125 1 25 100
4/4 34 2 25 0 0 100 74 1 5 1 5 100 525 1 5 0 1 100 74 1 5 1 15 100 45 1 5 0 2 100 35 0 1 1 25 100 74 1 5 1 35 100
4/4 34 2 25 0 0 100 74 1 5 1 5 100 525 1 5 0 1 100 74 1 5 1 15 100 45 1 5 0 2 100 35 2 125 1 25 100
4/4 34 2 25 0 0 100 74 1 5 1 5 100 525 1 5 0 1 100 74 1 5 1 15 100 45 1 5 0 2 100 35 2 125 1 25 100
4/4 34 2 25 0 0 100 74 1 5 1 5 100 525 1 5 0 1 100 74 1 5 1 15 100 45 1 5 0 2 100 35 2 125 1 25 100
4/4 34 2 25 0 0 100 74 1 5 1 5 100 525 1 5 0 1 100 74 1 5 1 15 100 45 1 5 0 2 100 35 0 1 1 25 100 74 1 5 1 35 100
4/4 34 2 25 0 0 100 74 1 5 1 5 100 525 1 5 0 1 100 74 1 5 1 15 100 45 1 5 0 2 100 35 2 125 1 25 100
4/4 713 3 3667 0 0 100 524 1 5 1 5 100 35 2 25 0 1 100 524 1 5 1 15 100 45 2 25 0 2 100 524 1 5 1 25 100 35 0 1 0 3 100
4/4 713 3 3667 0 0 100 524 1 5 1 5 100 35 2 25 0 1 100 524 1 5 1 15 100 45 2 25 0 2 100 524 1 5 1 25 100 35 0 1 0 3 100
4/4 223 2 25 0 0 100 64 1 5 1 5 100 45 1 5 0 1 100 224 1 5 1 15 100 64 1 5 0 2 100 45 1 5 1 25 100 224 0 1 0 3 100
4/4 223 2 25 0 0 100 64 1 5 1 5 100 224 1 5 0 1 100 45 1 5 1 15 100 65 0 1 0 2 100 225 0 1 0 3 100
4/4 34 2 25 0 0 100 74 1 5 1 5 100 45 1 5 0 1 100 525 1 5 1 15 100 225 1 5 0 2 100 525 1 5 1 25 100 45 1 5 0 3 100 74 1 5 1 35 100
4/4 34 2 25 0 0 100 74 1 5 1 5 100 45 1 5 0 1 100 525 1 5 1 15 100 225 2 175 0 2 100
4/4 713 3 3667 0 0 100 524 1 5 1 5 100 35 2 25 0 1 100 524 1 5 1 15 100 224 2 25 0 2 100 524 1 5 1 25 100 714 2 25 0 3 100 524 1 5 1 35 100
4/4 713 3 3667 0 0 100 524 1 5 1 5 100 35 2 25 0 1 100 524 1 5 1 15 100 224 2 25 0 2 100 524 1 5 1 25 100 714 2 25 0 3 100 524 1 5 1 35 100
4/4 34 2 25 0 0 100 74 1 5 1 5 100 45 1 5 0 1 100 525 1 5 1 15 100 225 1 5 0 2 100 525 1 5 1 25 100 45 1 5 0 3 100 74 1 5 1 35 100
4/4 34 2 25 0 0 100 74 1 5 1 5 100 45 1 5 0 1 100 525 1 5 1 15 100 225 2 175 0 2 100
4/4 713 3 3667 0 0 100 524 1 5 1 5 100 35 2 25 0 1 100 524 1 5 1 15 100 224 2 25 0 2 100 524 1 5 1 25 100 714 2 25 0 3 100 524 1 5 1 35 100
4/4 713 3 3667 0 0 100
4/4 74 0 1 0 0 64 525 0 1 0 0 64
4/4 64 0 1 0 0 64 315 0 1 0 0 64
4/4 74 0 1 0 0 100 45 0 1 0 0 100 75 1 5 0 2 100 36 1 5 1 25 100 76 1 5 0 3 100 46 1 5 1 35 100
4/4 74 0 1 0 0 100 45 0 1 0 0 100
4/4 34 2 25 0 0 100 74 1 5 1 5 100 525 1 5 0 1 100 74 1 5 1 15 100 45 1 5 0 2 100 35 0 1 1 25 100 74 1 5 1 35 100
4/4 34 2 25 0 0 100 74 1 5 1 5 100 525 1 5 0 1 100 74 1 5 1 15 100 45 1 5 0 2 100 35 0 1 1 25 100 74 1 5 1 35 100
4/4 34 0 1 0 0 100 35 0 1 0 0 100
4/4 34 0 1 0 0 100 35 0 1 0 0 100
