4/4 35 2 25 1 35 57 45 2 25 2 375 59
4/4 525 2 75 0 0 56 34 0 1 0 0 59 524 0 1 0 0 64 74 0 1 0 0 73 45 2 25 2 75 67 525 2 25 0 1 71 75 2 75 2 125 66 45 0 1 0 2 55 223 0 1 0 2 57 44 0 1 0 2 58 74 0 1 0 2 61 74 1 5 1 35 66
4/4 35 2 75 0 0 54 713 0 1 0 0 68 34 0 1 0 0 63 524 0 1 0 0 73 224 1 5 2 75 44 35 2 25 0 1 56 525 1 5 2 125 52 224 0 1 0 2 72 73 0 1 0 2 68 223 0 1 0 2 65 524 0 1 0 2 68 74 1 5 1 35 69
4/4 714 2 75 0 0 74 63 0 1 0 0 68 713 0 1 0 0 60 34 0 1 0 0 67 74 2 25 2 75 68 714 2 25 0 1 60 525 2 75 2 125 69 74 1 5 0 2 60 33 0 1 0 2 73 73 0 1 0 2 64 34 0 1 0 2 57 614 1 5 1 25 61 74 1 5 0 3 57 45 2 25 1 35 64 525 2 25 2 375 55
4/4 45 0 1 0 0 69 43 0 1 0 0 68 613 0 1 0 0 66 13 0 1 0 0 54 14 2 25 0 1 63 45 2 75 2 125 55 73 0 1 2 175 72 64 0 1 2 175 61 45 0 1 2 175 59 74 0 1 2 175 56 35 2 25 1 35 55 45 2 25 2 375 71
4/4 525 2 75 0 0 73 34 0 1 0 0 60 524 0 1 0 0 56 74 0 1 0 0 73 45 2 25 2 75 62 525 2 25 0 1 69 75 2 75 2 125 73 224 0 1 0 2 66 45 0 1 0 2 70 223 0 1 0 2 72 44 0 1 0 2 56 74 0 1 0 2 64 74 1 5 1 35 66
4/4 35 2 75 0 0 63 713 0 1 0 0 60 34 0 1 0 0 70 524 0 1 0 0 66 224 1 5 2 75 42 35 2 25 0 1 66 525 1 5 2 125 51 224 0 1 0 2 62 73 0 1 0 2 72 223 0 1 0 2 59 524 0 1 0 2 63 64 0 1 0 2 62 74 1 5 1 35 58
4/4 714 1 5 0 0 73 63 0 1 0 0 63 713 0 1 0 0 71 34 0 1 0 0 55 525 2 25 1 5 58 45 2 75 2 75 61 525 1 5 1 15 66 65 0 1 0 2 57 33 0 1 0 2 68 75 0 1 1 25 56 73 0 1 1 25 59 525 2 75 2 275 68 524 0 1 0 3 58 525 1 5 1 35 64
4/4 525 2 25 0 0 63 63 0 1 0 0 57 713 0 1 0 0 58 34 0 1 0 0 73 45 2 25 2 25 63 35 1 5 1 5 55 74 0 1 0 1 69 24 0 1 0 1 70 45 0 1 0 1 71 73 0 1 0 1 69 23 0 1 0 1 55 44 0 1 0 1 68 64 0 1 1 15 55 74 0 1 1 15 68 24 0 1 1 15 62 34 0 1 2 175 59 524 0 1 2 175 59 33 0 1 2 175 66 74 0 1 2 175 60 35 0 1 2 175 70 73 0 1 2 175 56 525 2 25 1 35 62 65 2 25 2 375 66
4/4 75 0 1 0 0 61 523 0 1 0 0 64 223 1 5 1 5 70 65 2 25 2 75 57 75 2 25 0 1 61 74 0 1 0 1 66 225 2 75 2 125 73 65 0 1 0 2 63 43 1 5 0 2 73 223 1 5 1 25 58 64 0 1 0 3 56 74 0 1 1 35 68 45 0 1 1 35 67
4/4 74 0 1 0 0 72 525 0 1 0 0 66 33 0 1 0 0 55 73 1 5 1 5 74 45 2 25 2 75 70 525 2 25 0 1 71 524 0 1 0 1 71 75 2 75 2 125 60 224 0 1 0 2 67 45 0 1 0 2 54 75 0 1 0 2 71 222 1 5 0 2 64 63 1 5 1 25 74 44 0 1 0 3 60 224 0 1 1 35 57 45 0 1 1 35 60 75 0 1 1 35 57
4/4 525 0 1 0 0 56 715 0 1 0 0 67 36 0 1 0 0 74 712 1 5 0 0 55 523 1 5 1 5 65 713 0 1 0 1 70 225 2 25 1 15 56 715 2 25 2 175 73 225 0 1 0 2 73 523 0 1 0 2 63 223 1 5 1 25 55 74 0 1 2 275 72 224 0 1 2 275 54 525 0 1 2 275 71 74 0 1 0 3 68 224 0 1 0 3 61 525 0 1 0 3 64 524 0 1 0 3 60
4/4 35 0 1 0 0 62 65 0 1 0 0 65 715 0 1 0 0 74 62 0 1 0 0 65 63 0 1 0 0 74 35 0 1 1 5 72 75 0 1 1 5 67 35 0 1 0 1 63 65 0 1 0 1 58 62 0 1 0 1 71 63 0 1 0 1 55 35 0 1 1 15 72 525 0 1 1 15 61 35 0 1 0 2 57 45 0 1 0 2 68 75 0 1 0 2 63 72 0 1 0 2 67 73 0 1 0 2 67 14 0 1 0 3 65 44 0 1 2 375 69 74 0 1 2 375 58 24 0 1 2 375 55 72 0 1 2 375 65 73 0 1 2 375 55
4/4 44 0 1 0 0 65 74 0 1 0 0 56 24 0 1 0 0 59 72 0 1 0 0 59 73 0 1 0 0 68 73 2 25 0 1 71 63 2 25 2 125 56 35 0 1 1 15 64 523 0 1 1 15 63 45 0 1 2 175 68 43 0 1 2 175 57 525 0 1 0 2 64 33 0 1 0 2 64 73 1 5 1 25 69 45 2 25 2 275 66 525 2 25 0 3 59 524 0 1 0 3 54 75 2 75 2 325 74
4/4 45 0 1 0 0 54 222 1 5 0 0 60 63 1 5 1 5 54 223 0 1 0 1 57 74 1 5 1 15 54 35 0 1 0 2 71 712 0 1 0 2 55 523 1 5 1 25 62 224 2 25 2 275 54 35 2 25 0 3 55 34 0 1 0 3 74 525 2 75 2 325 73
4/4 64 0 1 0 0 56 224 0 1 0 0 63 72 1 5 0 0 61 523 1 5 1 5 73 223 0 1 0 1 59 74 1 5 1 15 61 714 0 1 0 2 60 62 0 1 0 2 72 525 0 1 1 25 73 33 0 1 1 25 67 45 2 75 2 275 66 713 0 1 0 3 66 525 1 5 1 35 58
4/4 65 0 1 0 0 72 33 0 1 0 0 56 75 0 1 1 5 73 73 0 1 1 5 67 525 2 125 2 75 71 524 0 1 0 1 69 525 2 25 0 2 58 63 0 1 0 2 72 713 0 1 0 2 55 34 0 1 0 2 61 45 2 25 2 225 72 35 1 5 1 25 65 74 0 1 2 275 55 24 0 1 2 275 65 45 0 1 2 275 59 73 0 1 0 3 62 23 0 1 0 3 65 44 0 1 0 3 68 64 0 1 3 3333 60 74 0 1 3 3333 60 45 0 1 3 3333 74 54 0 1 2 375 69 74 0 1 2 375 72 24 0 1 2 375 60 55 0 1 2 375 61 32 0 1 2 375 59 33 0 1 2 375 73
4/4 54 0 1 0 0 68 74 0 1 0 0 55 24 0 1 0 0 57 55 0 1 0 0 69 32 0 1 0 0 59 33 0 1 0 0 64 15 0 1 2 175 55 36 0 1 2 175 58 56 0 1 2 175 64 76 0 1 2 175 63
