4/4 35 1 5 0 3 91 525 1 5 1 35 102
4/4 75 3 2667 0 0 95 65 1 5 0 3 91 225 1 5 1 35 96
4/4 225 2 275 0 0 96 36 1 5 0 3 107 75 1 5 1 35 93
4/4 75 0 4 0 0 101
4/4 75 2 275 0 0 91 35 1 5 0 3 90 525 1 5 1 35 106
4/4 75 3 2667 0 0 99 65 1 5 0 3 100 225 1 5 1 35 100
4/4 225 1 25 0 0 99 15 1 5 1 25 99 225 1 5 0 3 90 36 1 5 1 35 110
4/4 75 0 4 0 0 101
2/4 75 2 175 0 0 103 66 2 25 2 175 95
4/4 66 2 125 0 0 105 36 1 5 1 15 107 36 0 2 0 2 99
2/4 36 2 175 0 0 94 526 0 1 2 175 92 65 0 1 2 175 71
4/4 526 0 1 0 0 103 65 0 1 0 0 67 225 1 5 1 15 108 225 0 2 0 2 96
2/4 225 2 175 0 0 95 716 0 1 2 175 99 225 0 1 2 175 67 526 0 1 2 175 74
4/4 716 0 1 0 0 108 225 0 1 0 0 63 526 0 1 0 0 56 226 2 175 0 2 108 76 0 1 2 375 101 75 0 1 2 375 70 46 0 1 2 375 54
4/4 76 0 1 0 0 108 75 0 1 0 0 73 46 0 1 0 0 62 35 1 5 0 3 108 525 1 5 1 35 99
4/4 75 3 2667 0 0 100 65 1 5 0 3 96 225 1 5 1 35 108
4/4 225 2 275 0 0 108 36 1 5 0 3 108 75 1 5 1 35 92
4/4 75 0 4 0 0 94
4/4 75 2 275 0 0 109 35 1 5 0 3 107 525 1 5 1 35 105
4/4 75 3 2667 0 0 91 65 1 5 0 3 110 225 1 5 1 35 103
4/4 225 1 25 0 0 108 15 1 5 1 25 91 225 1 5 0 3 110 36 1 5 1 35 99
4/4 75 0 4 0 0 109
4/4 75 2 175 0 0 98 65 1 5 1 25 94 525 1 5 0 3 102 45 1 5 1 35 101
4/4 45 2 75 0 0 98 35 2 25 2 75 106 75 1 25 0 1 103 35 1 5 1 35 98
4/4 45 2 75 0 0 100 35 2 25 2 75 95 75 1 25 0 1 108 525 1 5 1 35 101
4/4 45 0 1 0 0 54 65 0 1 0 0 100 45 0 1 0 1 61 225 0 1 0 1 96
4/4 45 0 1 0 0 56 225 0 1 0 0 105 45 0 1 0 2 64 225 0 1 0 2 101 36 0 1 0 3 91
4/4 525 0 1 0 0 54 75 0 1 0 0 59 36 0 1 0 0 69 46 0 1 0 0 96
4/4 525 0 1 0 0 57 75 0 1 0 0 63 36 0 1 0 0 58 46 0 1 0 0 96 75 1 5 1 15 103 66 2 75 0 2 104 526 2 75 2 275 109 46 1 5 1 35 90
4/4 46 2 75 0 0 100 36 2 25 2 75 101 36 0 3 0 1 105
4/4 36 2 175 0 0 101 225 0 1 0 2 110 36 0 1 0 3 90
4/4 525 0 1 0 0 65 75 0 1 0 0 55 36 0 1 0 0 73 46 0 1 0 0 101
4/4 525 0 1 0 0 57 75 0 1 0 0 55 36 0 1 0 0 64 46 0 1 0 0 110 75 1 5 1 15 105 66 2 75 0 2 97 526 2 75 2 275 105 46 1 5 1 35 107
4/4 46 2 25 0 0 97 526 2 25 2 25 92 46 2 25 1 5 96 36 2 325 2 75 110
4/4 36 0 1 0 0 108 526 0 1 0 1 95 46 0 1 0 2 99 36 0 1 0 3 91
4/4 224 0 1 0 0 57 525 0 1 0 0 60 225 0 1 0 0 96 525 1 5 1 15 97 225 0 1 0 2 91 715 1 5 0 3 110 75 1 5 1 35 106
4/4 714 0 1 0 0 64 315 0 1 0 0 67 715 0 1 0 0 94 315 1 5 1 15 96 715 0 1 0 2 105 75 1 5 0 3 100 65 1 5 1 35 100
4/4 74 0 1 0 0 54 35 0 1 0 0 63 75 3 3667 0 0 93
4/4 74 0 1 0 0 64 24 0 1 0 0 72 75 3 2667 0 0 109 35 1 5 0 3 108 525 1 5 1 35 96
4/4 75 0 4 0 0 107
4/4 75 3 3667 0 0 92
4/4 524 0 1 0 0 99 224 0 1 0 0 110 45 0 1 0 0 96
4/4 524 0 1 0 0 92 224 0 1 0 0 92 45 0 1 0 0 92
4/4
4/4
4/4
4/4
4/4
4/4
4/4
4/4
2/4
4/4 314 0 1 0 0 96 64 0 1 0 0 107 714 0 1 0 0 92 35 0 1 0 0 105
2/4 314 0 1 0 0 106 64 0 1 0 0 90 714 0 1 0 0 92 35 0 1 0 0 102
4/4 34 0 1 0 0 90 524 0 1 0 0 91 74 0 1 0 0 110 224 0 1 0 0 102
2/4 34 0 1 0 0 105 524 0 1 0 0 98 74 0 1 0 0 109 224 0 1 0 0 102
4/4 614 0 1 0 0 105 35 0 1 0 0 94 65 0 1 0 0 105
4/4 73 0 1 0 0 90 34 0 1 0 0 104 44 0 1 0 0 91 74 0 1 0 0 107
4/4 33 2 25 0 0 97 73 1 5 1 5 94 524 1 5 0 1 102 73 1 5 1 15 107 44 1 5 0 2 110 34 2 125 1 25 95
4/4 33 2 25 0 0 92 73 1 5 1 5 104 524 1 5 0 1 105 73 1 5 1 15 94 44 1 5 0 2 99 34 2 125 1 25 90
4/4 33 2 25 0 0 106 73 1 5 1 5 95 524 1 5 0 1 94 73 1 5 1 15 94 44 1 5 0 2 102 34 0 1 1 25 100 73 1 5 1 35 99
4/4 33 2 25 0 0 95 73 1 5 1 5 104 524 1 5 0 1 97 73 1 5 1 15 95 44 1 5 0 2 101 34 2 125 1 25 95
4/4 33 2 25 0 0 102 73 1 5 1 5 102 524 1 5 0 1 100 73 1 5 1 15 92 44 1 5 0 2 108 34 2 125 1 25 94
4/4 33 2 25 0 0 108 73 1 5 1 5 101 524 1 5 0 1 108 73 1 5 1 15 91 44 1 5 0 2 90 34 2 125 1 25 93
4/4 33 2 25 0 0 102 73 1 5 1 5 108 524 1 5 0 1 104 73 1 5 1 15 92 44 1 5 0 2 93 34 0 1 1 25 92 73 1 5 1 35 105
4/4 33 2 25 0 0 98 73 1 5 1 5 106 524 1 5 0 1 96 73 1 5 1 15 104 44 1 5 0 2 97 34 2 125 1 25 110
4/4 712 3 3667 0 0 106 523 1 5 1 5 104 34 2 25 0 1 91 523 1 5 1 15 101 44 2 25 0 2 103 523 1 5 1 25 97 34 0 1 0 3 109
4/4 712 3 3667 0 0 95 523 1 5 1 5 92 34 2 25 0 1 93 523 1 5 1 15 95 44 2 25 0 2 100 523 1 5 1 25 96 34 0 1 0 3 109
4/4 222 2 25 0 0 100 63 1 5 1 5 102 44 1 5 0 1 105 223 1 5 1 15 96 63 1 5 0 2 104 44 1 5 1 25 94 223 0 1 0 3 98
4/4 222 2 25 0 0 95 63 1 5 1 5 109 223 1 5 0 1 99 44 1 5 1 15 91 64 0 1 0 2 101 224 0 1 0 3 103
4/4 33 2 25 0 0 91 73 1 5 1 5 103 44 1 5 0 1 101 524 1 5 1 15 96 224 1 5 0 2 109 524 1 5 1 25 107 44 1 5 0 3 101 73 1 5 1 35 97
4/4 33 2 25 0 0 110 73 1 5 1 5 98 44 1 5 0 1 90 524 1 5 1 15 97 224 2 175 0 2 92
4/4 712 3 3667 0 0 94 523 1 5 1 5 93 34 2 25 0 1 110 523 1 5 1 15 91 223 2 25 0 2 99 523 1 5 1 25 90 713 2 25 0 3 97 523 1 5 1 35 106
4/4 712 3 3667 0 0 93 523 1 5 1 5 94 34 2 25 0 1 99 523 1 5 1 15 100 223 2 25 0 2 100 523 1 5 1 25 99 713 2 25 0 3 92 523 1 5 1 35 106
4/4 33 2 25 0 0 102 73 1 5 1 5 99 44 1 5 0 1 90 524 1 5 1 15 97 224 1 5 0 2 101 524 1 5 1 25 97 44 1 5 0 3 98 73 1 5 1 35 110
4/4 33 2 25 0 0 105 73 1 5 1 5 100 44 1 5 0 1 95 524 1 5 1 15 106 224 2 175 0 2 96
4/4 712 3 3667 0 0 105 523 1 5 1 5 105 34 2 25 0 1 108 523 1 5 1 15 108 223 2 25 0 2 91 523 1 5 1 25 106 713 2 25 0 3 109 523 1 5 1 35 94
4/4 712 3 3667 0 0 109
4/4 73 0 1 0 0 71 524 0 1 0 0 64
4/4 63 0 1 0 0 74 314 0 1 0 0 66
4/4 73 0 1 0 0 99 44 0 1 0 0 96 74 1 5 0 2 91 35 1 5 1 25 106 75 1 5 0 3 97 45 1 5 1 35 100
4/4 73 0 1 0 0 90 44 0 1 0 0 93
4/4 33 2 25 0 0 110 73 1 5 1 5 96 524 1 5 0 1 92 73 1 5 1 15 101 44 1 5 0 2 90 34 0 1 1 25 109 73 1 5 1 35 96
4/4 33 2 25 0 0 90 73 1 5 1 5 94 524 1 5 0 1 101 73 1 5 1 15 106 44 1 5 0 2 103 34 0 1 1 25 93 73 1 5 1 35 107
4/4 33 0 1 0 0 97 34 0 1 0 0 106
4/4 33 0 1 0 0 102 34 0 1 0 0 105
