4/4 64 2 25 0 0 100 74 2 25 2 25 100 35 2 25 1 5 100 74 2 25 2 75 100 64 2 25 0 1 100 74 2 25 2 125 100 35 2 25 1 15 100 74 2 25 2 175 100 64 2 25 0 2 100 74 2 25 2 225 100 35 2 25 1 25 100 74 2 25 2 275 100 64 2 25 0 3 100 74 2 25 2 325 100 35 2 25 1 35 100 74 2 25 2 375 100
4/4 64 2 25 0 0 100 74 2 25 2 25 100 35 2 25 1 5 100 74 2 25 2 75 100 64 2 25 0 1 100 74 2 25 2 125 100 35 2 25 1 15 100 74 2 25 2 175 100 64 2 25 0 2 100 74 2 25 2 225 100 35 2 25 1 25 100 74 2 25 2 275 100 64 2 25 0 3 100 74 2 25 2 325 100 35 2 25 1 35 100 74 2 25 2 375 100
4/4 64 2 25 0 0 100 74 2 25 2 25 100 35 2 25 1 5 100 74 2 25 2 75 100 64 2 25 0 1 100 74 2 25 2 125 100 35 2 25 1 15 100 74 2 25 2 175 100 64 2 25 0 2 100 74 2 25 2 225 100 35 2 25 1 25 100 74 2 25 2 275 100 64 2 25 0 3 100 74 2 25 2 325 100 35 2 25 1 35 100 74 2 25 2 375 100
4/4 64 2 25 0 0 100 74 2 25 2 25 100 35 2 25 1 5 100 74 2 25 2 75 100 64 2 25 0 1 100 74 2 25 2 125 100 35 2 25 1 15 100 74 2 25 2 175 100 64 2 25 0 2 100 74 2 25 2 225 100 35 2 25 1 25 100 74 2 25 2 275 100 64 2 25 0 3 100 74 2 25 2 325 100 35 2 25 1 35 100 74 2 25 2 375 100
4/4 64 2 25 0 0 100 32 0 3 0 0 100 74 2 25 2 25 100 35 2 25 1 5 100 74 2 25 2 75 100 64 2 25 0 1 100 74 2 25 2 125 100 35 2 25 1 15 100 74 2 25 2 175 100 64 2 25 0 2 100 74 2 25 2 225 100 35 2 25 1 25 100 74 2 25 2 275 100 64 2 25 0 3 100 222 0 1 0 3 100 74 2 25 2 325 100 35 2 25 1 35 100 74 2 25 2 375 100
4/4 64 2 25 0 0 100 12 0 4 0 0 100 74 2 25 2 25 100 35 2 25 1 5 100 74 2 25 2 75 100 64 2 25 0 1 100 74 2 25 2 125 100 35 2 25 1 15 100 74 2 25 2 175 100 64 2 25 0 2 100 74 2 25 2 225 100 35 2 25 1 25 100 74 2 25 2 275 100 64 2 25 0 3 100 74 2 25 2 325 100 35 2 25 1 35 100 74 2 25 2 375 100
4/4 64 2 25 0 0 100 72 0 4 0 0 100 74 2 25 2 25 100 35 2 25 1 5 100 74 2 25 2 75 100 64 2 25 0 1 100 74 2 25 2 125 100 35 2 25 1 15 100 74 2 25 2 175 100 64 2 25 0 2 100 74 2 25 2 225 100 35 2 25 1 25 100 74 2 25 2 275 100 64 2 25 0 3 100 74 2 25 2 325 100 35 2 25 1 35 100 74 2 25 2 375 100
4/4 64 2 25 0 0 100 62 0 3 0 0 100 74 2 25 2 25 100 35 2 25 1 5 100 74 2 25 2 75 100 64 2 25 0 1 100 74 2 25 2 125 100 35 2 25 1 15 100 74 2 25 2 175 100 64 2 25 0 2 100 74 2 25 2 225 100 35 2 25 1 25 100 74 2 25 2 275 100 64 0 1 0 3 100 52 0 1 0 3 100 74 2 25 2 325 100 35 0 1 1 35 100 62 0 1 1 35 100 74 2 25 2 375 100
4/4 64 2 25 0 0 100 72 0 4 0 0 100 74 2 25 2 25 100 35 2 25 1 5 100 74 2 25 2 75 100 64 2 25 0 1 100 74 2 25 2 125 100 35 2 25 1 15 100 74 2 25 2 175 100 64 2 25 0 2 100 74 2 25 2 225 100 35 2 25 1 25 100 74 2 25 2 275 100 64 2 25 0 3 100 74 2 25 2 325 100 35 2 25 1 35 100 74 2 25 2 375 100
4/4 64 2 25 0 0 100 31 0 3 0 0 100 74 2 25 2 25 100 35 2 25 1 5 100 74 2 25 2 75 100 64 2 25 0 1 100 74 2 25 2 125 100 35 2 25 1 15 100 74 2 25 2 175 100 35 0 2 0 2 100 31 0 1 0 3 100
4/4 52 0 1 0 0 100 72 0 1 0 0 100 33 0 1 0 0 100 31 0 3 0 0 100 33 0 1 0 3 100 53 0 1 0 3 100 223 0 1 0 3 100 31 0 1 0 3 100
4/4 33 0 1 0 0 100 63 0 1 0 0 100 13 0 1 0 0 100 31 0 3 0 0 100 31 0 1 0 3 100
4/4 222 0 1 0 0 100 523 0 1 0 0 100 73 0 1 0 0 100 31 0 3 0 0 100 31 0 1 0 3 100
4/4 712 0 1 0 0 100 313 0 1 0 0 100 63 0 1 0 0 100 31 0 3 0 0 100 222 0 1 0 3 100 523 0 1 0 3 100 73 0 1 0 3 100 31 0 1 0 3 100
4/4 72 0 1 0 0 100 33 0 1 0 0 100 53 0 1 0 0 100 31 0 3 0 0 100 31 0 1 0 3 100
4/4 31 0 1 0 0 100 72 0 1 0 0 100 33 0 1 0 0 100 53 0 1 0 0 100 31 0 1 0 1 100 31 0 1 0 2 100 31 0 1 0 3 100
4/4 63 0 4 0 0 100 312 1 5 0 0 100 712 1 5 1 5 100 313 1 5 0 1 100 712 1 5 1 15 100 312 1 5 0 2 100 712 1 5 1 25 100 313 1 5 0 3 100 712 1 5 1 35 100
4/4 73 0 3 0 0 100 312 1 5 0 0 100 712 1 5 1 5 100 313 1 5 0 1 100 712 1 5 1 15 100 312 1 5 0 2 100 712 1 5 1 25 100 713 0 1 0 3 100 313 1 5 0 3 100 712 1 5 1 35 100
4/4 223 0 4 0 0 100 32 1 5 0 0 100 72 1 5 1 5 100 33 1 5 0 1 100 72 1 5 1 15 100 32 1 5 0 2 100 72 1 5 1 25 100 33 1 5 0 3 100 32 1 5 1 35 100
4/4 32 1 5 0 0 100 223 0 2 0 0 100 72 1 5 1 5 100 33 1 5 0 1 100 72 1 5 1 15 100 223 0 1 0 2 100 32 1 5 0 2 100 72 1 5 1 25 100 34 0 1 0 3 100 33 1 5 0 3 100 32 1 5 1 35 100
4/4 314 0 3 0 0 100 312 1 5 0 0 100 712 1 5 1 5 100 313 1 5 0 1 100 712 1 5 1 15 100 312 1 5 0 2 100 712 1 5 1 25 100 34 0 1 0 3 100 313 0 1 0 3 100 314 0 1 1 35 100 712 0 1 1 35 100
4/4 714 0 3 0 0 100 312 1 5 0 0 100 712 1 5 1 5 100 313 1 5 0 1 100 712 1 5 1 15 100 312 1 5 0 2 100 712 1 5 1 25 100 74 0 1 0 3 100 313 1 5 0 3 100 712 1 5 1 35 100
4/4 524 0 4 0 0 100 32 1 5 0 0 100 72 1 5 1 5 100 33 1 5 0 1 100 72 1 5 1 15 100 32 1 5 0 2 100 72 1 5 1 25 100 33 1 5 0 3 100 32 1 5 1 35 100
4/4 32 1 5 0 0 100 524 0 3 0 0 100 72 1 5 1 5 100 33 1 5 0 1 100 72 1 5 1 15 100 32 1 5 0 2 100 72 1 5 1 25 100 34 0 1 0 3 100 33 0 1 0 3 100 524 0 1 1 35 100 32 0 1 1 35 100
4/4 64 0 1 0 0 100 312 0 1 0 0 100 74 0 1 1 5 100 712 0 1 1 5 100 714 0 1 0 1 100 313 0 1 0 1 100 224 0 1 1 15 100 712 0 1 1 15 100 714 1 15 0 2 100 312 1 5 0 2 100 712 1 5 1 25 100 313 1 5 0 3 100 74 0 1 1 35 100 712 0 1 1 35 100 64 2 25 2 375 100
4/4 524 0 3 0 0 100 32 1 5 0 0 100 72 1 5 1 5 100 33 1 5 0 1 100 72 1 5 1 15 100 32 1 5 0 2 100 72 1 5 1 25 100 34 0 1 0 3 100 33 0 1 0 3 100 524 0 1 1 35 100 72 0 1 1 35 100
4/4 64 0 1 0 0 100 312 0 1 0 0 100 74 0 1 1 5 100 712 0 1 1 5 100 714 0 1 0 1 100 313 0 1 0 1 100 224 0 1 1 15 100 712 0 1 1 15 100 714 1 15 0 2 100 312 1 5 0 2 100 712 1 5 1 25 100 313 1 5 0 3 100 74 0 1 1 35 100 712 0 1 1 35 100 64 2 25 2 375 100
4/4 524 1 25 0 0 100 522 1 5 0 0 100 222 1 5 1 5 100 523 1 5 0 1 100 222 1 5 1 15 100 522 0 1 0 2 100 73 1 5 1 25 100 223 1 5 0 3 100 521 0 1 0 3 100 524 1 5 1 35 100
4/4 13 0 1 0 0 100 34 0 1 0 0 100 64 0 1 0 0 100 61 0 1 0 0 100 61 0 1 0 1 100 64 1 5 0 2 100 61 0 1 0 2 100 34 1 5 1 25 100 63 1 5 0 3 100 61 0 1 0 3 100 13 0 1 1 35 100 34 0 1 1 35 100 64 0 1 1 35 100
4/4 61 0 1 0 0 100 13 0 1 0 0 100 34 0 1 0 0 100 64 0 1 0 0 100 61 0 1 0 1 100 64 1 5 0 2 100 61 0 1 0 2 100 34 1 5 1 25 100 63 1 5 0 3 100 61 0 1 0 3 100 13 0 1 1 35 100 34 0 1 1 35 100 64 0 1 1 35 100
4/4 521 0 1 0 0 100 13 0 1 0 0 100 34 0 1 0 0 100 64 0 1 0 0 100 521 0 1 0 1 100 64 1 5 0 2 100 521 0 1 0 2 100 34 1 5 1 25 100 63 1 5 0 3 100 521 0 1 0 3 100 13 0 1 1 35 100 34 0 1 1 35 100 64 0 1 1 35 100
4/4 41 0 1 0 0 100 13 0 1 0 0 100 34 0 1 0 0 100 64 0 1 0 0 100 41 0 1 0 1 100 64 1 5 0 2 100 41 0 1 0 2 100 34 1 5 1 25 100 63 1 5 0 3 100 41 0 1 0 3 100 713 0 1 1 35 100 34 0 1 1 35 100 64 0 1 1 35 100
4/4 311 0 1 0 0 100 713 0 1 0 0 100 34 0 1 0 0 100 64 0 1 0 0 100 311 0 1 0 1 100 64 1 5 0 2 100 311 0 1 0 2 100 34 1 5 1 25 100 63 1 5 0 3 100 311 0 1 0 3 100 713 0 1 1 35 100 34 0 1 1 35 100 64 0 1 1 35 100
4/4 311 0 1 0 0 100 713 0 1 0 0 100 34 0 1 0 0 100 64 0 1 0 0 100 311 0 1 0 1 100 64 1 5 0 2 100 311 0 1 0 2 100 34 1 5 1 25 100 63 1 5 0 3 100 311 0 1 0 3 100 64 1 5 1 35 100
4/4 73 0 1 0 0 100 223 0 1 0 0 100 524 0 1 0 0 100 521 0 1 0 0 100 521 0 1 0 1 100 314 0 1 0 2 100 521 0 1 0 2 100 34 0 1 0 3 100 521 0 1 0 3 100
4/4 223 0 1 0 0 100 521 0 1 0 0 100 713 0 1 0 1 100 521 0 1 0 1 100 73 0 1 0 2 100 521 0 1 0 2 100 523 0 1 0 3 100 521 0 1 0 3 100
4/4 12 0 1 0 0 100 33 0 1 0 0 100 63 0 1 0 0 100 61 0 1 0 0 100 61 0 1 0 1 100 61 0 1 0 2 100 61 0 1 0 3 100
4/4 61 0 1 0 0 100 12 0 1 0 0 100 33 0 1 0 0 100 63 0 1 0 0 100 61 0 1 0 1 100 63 2 25 0 2 100 61 0 1 0 2 100 73 2 25 2 225 100 13 2 25 1 25 100 223 2 25 2 275 100 34 2 25 0 3 100 61 0 1 0 3 100 44 2 25 2 325 100 54 1 5 1 35 100
4/4 23 0 1 0 0 100 44 0 1 0 0 100 614 0 1 0 0 100 51 1 5 0 0 100 21 1 5 1 5 100 52 1 5 0 1 100 21 1 5 1 15 100 51 1 5 0 2 100 21 1 5 1 25 100 614 0 1 0 3 100 52 0 1 0 3 100 74 0 1 1 35 100 21 0 1 1 35 100
4/4 73 0 1 0 0 100 34 0 1 0 0 100 54 0 1 0 0 100 31 1 5 0 0 100 71 1 5 1 5 100 32 1 5 0 1 100 71 1 5 1 15 100 31 1 5 0 2 100 71 1 5 1 25 100 32 1 5 0 3 100 71 1 5 1 35 100
4/4 23 0 1 0 0 100 44 0 1 0 0 100 614 0 1 0 0 100 51 1 5 0 0 100 21 1 5 1 5 100 52 1 5 0 1 100 21 1 5 1 15 100 51 1 5 0 2 100 21 1 5 1 25 100 614 0 1 0 3 100 52 0 1 0 3 100 74 0 1 1 35 100 21 0 1 1 35 100
4/4 73 0 1 0 0 100 34 0 1 0 0 100 54 0 1 0 0 100 31 1 5 0 0 100 71 1 5 1 5 100 32 1 5 0 1 100 71 1 5 1 15 100 31 1 5 0 2 100 71 1 5 1 25 100 32 1 5 0 3 100 71 1 5 1 35 100
4/4 613 0 1 0 0 100 23 0 1 0 0 100 44 0 1 0 0 100 21 1 5 0 0 100 611 1 5 1 5 100 21 1 5 0 1 100 611 1 5 1 15 100 21 1 5 0 2 100 611 1 5 1 25 100 23 0 1 0 3 100 21 1 5 0 3 100 611 1 5 1 35 100
4/4 73 0 1 0 0 100 34 0 1 0 0 100 54 0 1 0 0 100 31 1 5 0 0 100 71 1 5 1 5 100 32 1 5 0 1 100 71 1 5 1 15 100 31 1 5 0 2 100 71 1 5 1 25 100 44 0 1 0 3 100 32 0 1 0 3 100 54 0 1 1 35 100 71 0 1 1 35 100
4/4 13 0 1 0 0 100 44 0 1 0 0 100 614 0 1 0 0 100 41 1 5 0 0 100 11 1 5 1 5 100 42 1 5 0 1 100 11 1 5 1 15 100 41 1 5 0 2 100 11 1 5 1 25 100 42 1 5 0 3 100 11 1 5 1 35 100
4/4 614 0 1 0 0 100 41 1 5 0 0 100 11 1 5 1 5 100 44 0 1 0 1 100 42 1 5 0 1 100 11 1 5 1 15 100 13 0 1 0 2 100 41 1 5 0 2 100 11 1 5 1 25 100 613 0 1 0 3 100 42 1 5 0 3 100 11 1 5 1 35 100
4/4 53 0 1 0 0 100 54 0 1 0 0 100 51 0 3 0 0 100 53 0 1 0 1 100 54 0 1 0 1 100 53 0 1 0 2 100 54 0 1 0 2 100 53 0 1 0 3 100 54 0 1 0 3 100 42 0 1 0 3 100
4/4 53 0 1 0 0 100 54 0 1 0 0 100 312 0 3 0 0 100 53 0 1 0 1 100 54 0 1 0 1 100 53 0 1 0 2 100 54 0 1 0 2 100 53 0 1 0 3 100 54 0 1 0 3 100 21 0 1 0 3 100
4/4 53 0 1 0 0 100 54 0 1 0 0 100 11 0 3 0 0 100 53 0 1 0 1 100 54 0 1 0 1 100 53 0 1 0 2 100 54 0 1 0 2 100 53 0 1 0 3 100 54 0 1 0 3 100 711 1 5 0 3 100 11 1 5 1 35 100
4/4 53 0 1 0 0 100 54 0 1 0 0 100 21 0 4 0 0 100 53 0 1 0 1 100 54 0 1 0 1 100 53 0 1 0 2 100 54 0 1 0 2 100 53 0 1 0 3 100 54 0 1 0 3 100
4/4 53 0 1 0 0 100 54 0 1 0 0 100 51 0 3 0 0 100 53 0 1 0 1 100 54 0 1 0 1 100 53 0 1 0 2 100 54 0 1 0 2 100 53 0 1 0 3 100 54 0 1 0 3 100 42 0 1 0 3 100
4/4 53 0 1 0 0 100 54 0 1 0 0 100 312 0 3 0 0 100 53 0 1 0 1 100 54 0 1 0 1 100 53 0 1 0 2 100 54 0 1 0 2 100 53 0 1 0 3 100 54 0 1 0 3 100 21 0 1 0 3 100
4/4 53 0 1 0 0 100 54 0 1 0 0 100 11 0 3 0 0 100 53 0 1 0 1 100 54 0 1 0 1 100 53 0 1 0 2 100 54 0 1 0 2 100 53 0 1 0 3 100 54 0 1 0 3 100 711 1 5 0 3 100 11 1 5 1 35 100
4/4 53 0 1 0 0 100 54 0 1 0 0 100 21 0 4 0 0 100 53 0 1 0 1 100 54 0 1 0 1 100 53 0 1 0 2 100 54 0 1 0 2 100 53 0 1 0 3 100 54 0 1 0 3 100
4/4 53 0 1 0 0 100 54 0 1 0 0 100 21 0 4 0 0 100 53 0 1 0 1 100 54 0 1 0 1 100 53 0 1 0 2 100 54 0 1 0 2 100 53 0 1 0 3 100 54 0 1 0 3 100
4/4 35 1 5 0 0 100 31 2 175 0 0 100 74 1 5 1 5 100 34 1 5 0 1 100 74 1 5 1 15 100 35 1 5 0 2 100 43 2 175 0 2 100 74 1 5 1 25 100 34 1 5 0 3 100 74 1 5 1 35 100
4/4 35 1 5 0 0 100 33 2 175 0 0 100 74 1 5 1 5 100 34 1 5 0 1 100 74 1 5 1 15 100 35 1 5 0 2 100 22 2 175 0 2 100 74 1 5 1 25 100 34 1 5 0 3 100 74 1 5 1 35 100
4/4 35 1 5 0 0 100 12 2 175 0 0 100 74 1 5 1 5 100 34 1 5 0 1 100 74 1 5 1 15 100 35 1 5 0 2 100 72 2 175 0 2 100 74 1 5 1 25 100 34 1 5 0 3 100 74 1 5 1 35 100
4/4 35 1 5 0 0 100 612 2 175 0 0 100 74 1 5 1 5 100 34 1 5 0 1 100 74 1 5 1 15 100 35 1 5 0 2 100 52 2 175 0 2 100 74 1 5 1 25 100 34 1 5 0 3 100 74 1 5 1 35 100
4/4 64 3 3667 0 0 100 312 1 5 0 0 100 712 1 5 1 5 100 313 1 5 0 1 100 712 1 5 1 15 100 312 1 5 0 2 100 712 1 5 1 25 100 313 1 5 0 3 100 712 1 5 1 35 100
4/4 74 3 2667 0 0 100 312 1 5 0 0 100 712 1 5 1 5 100 313 1 5 0 1 100 712 1 5 1 15 100 312 1 5 0 2 100 712 1 5 1 25 100 714 0 1 0 3 100 313 1 5 0 3 100 712 1 5 1 35 100
4/4 224 0 4 0 0 100 32 1 5 0 0 100 72 1 5 1 5 100 33 1 5 0 1 100 72 1 5 1 15 100 32 1 5 0 2 100 72 1 5 1 25 100 33 1 5 0 3 100 72 1 5 1 35 100
4/4 32 1 5 0 0 100 224 2 175 0 0 100 72 1 5 1 5 100 33 1 5 0 1 100 72 1 5 1 15 100 224 0 1 0 2 100 32 1 5 0 2 100 72 1 5 1 25 100 35 0 1 0 3 100 33 1 5 0 3 100 72 1 5 1 35 100
4/4 315 0 3 0 0 100 312 1 5 0 0 100 712 1 5 1 5 100 313 1 5 0 1 100 712 1 5 1 15 100 312 1 5 0 2 100 712 1 5 1 25 100 35 0 1 0 3 100 313 0 1 0 3 100 315 0 1 1 35 100 712 0 1 1 35 100
4/4 715 0 3 0 0 100 312 1 5 0 0 100 712 1 5 1 5 100 313 1 5 0 1 100 712 1 5 1 15 100 312 1 5 0 2 100 712 1 5 1 25 100 75 0 1 0 3 100 313 1 5 0 3 100 712 1 5 1 35 100
4/4 525 0 4 0 0 100 32 1 5 0 0 100 72 1 5 1 5 100 33 1 5 0 1 100 72 1 5 1 15 100 32 1 5 0 2 100 72 1 5 1 25 100 33 1 5 0 3 100 72 1 5 1 35 100
4/4 32 1 5 0 0 100 525 0 2 0 0 100 72 1 5 1 5 100 33 1 5 0 1 100 72 1 5 1 15 100 35 0 2 0 2 100 32 1 5 0 2 100 72 1 5 1 25 100 33 1 5 0 3 100 72 1 5 1 35 100
4/4 65 0 4 0 0 100 312 1 5 0 0 100 712 1 5 1 5 100 313 1 5 0 1 100 712 1 5 1 15 100 312 1 5 0 2 100 712 1 5 1 25 100 313 1 5 0 3 100 712 1 5 1 35 100
4/4 312 1 5 0 0 100 65 0 4 0 0 100 712 1 5 1 5 100 313 1 5 0 1 100 712 1 5 1 15 100 312 1 5 0 2 100 712 1 5 1 25 100 313 1 5 0 3 100 712 1 5 1 35 100
4/4 35 0 1 0 0 100 65 0 1 0 0 100 225 0 1 0 0 100 312 0 1 0 0 100
4/4 35 0 1 0 0 100 65 0 1 0 0 100 225 0 1 0 0 100 312 0 1 0 0 100
4/4 32 1 5 0 0 100 72 1 5 1 5 100 523 1 5 0 1 100 72 1 5 1 15 100 43 1 5 0 2 100 33 2 125 1 25 100
4/4 32 1 5 0 0 100 72 1 5 1 5 100 523 1 5 0 1 100 72 1 5 1 15 100 43 1 5 0 2 100 33 3 1333 1 25 100 34 1 5 0 3 100 524 1 5 1 35 100
4/4 74 3 2667 0 0 100 32 1 5 0 0 100 72 1 5 1 5 100 523 1 5 0 1 100 72 1 5 1 15 100 43 1 5 0 2 100 33 3 1333 1 25 100 64 1 5 0 3 100 224 1 5 1 35 100
4/4 32 1 5 0 0 100 224 0 3 0 0 100 72 1 5 1 5 100 43 1 5 0 1 100 72 1 5 1 15 100 33 1 5 0 2 100 222 3 1333 1 25 100 35 1 5 0 3 100 74 1 5 1 35 100
4/4 32 1 5 0 0 100 74 0 4 0 0 100 72 1 5 1 5 100 523 1 5 0 1 100 72 1 5 1 15 100 43 1 5 0 2 100 33 2 125 1 25 100
4/4 32 1 5 0 0 100 74 0 3 0 0 100 72 1 5 1 5 100 523 1 5 0 1 100 72 1 5 1 15 100 43 1 5 0 2 100 33 3 1333 1 25 100 34 1 5 0 3 100 524 1 5 1 35 100
4/4 74 0 3 0 0 100 32 1 5 0 0 100 72 1 5 1 5 100 523 1 5 0 1 100 72 1 5 1 15 100 43 1 5 0 2 100 33 3 1333 1 25 100 64 1 5 0 3 100 224 1 5 1 35 100
4/4 32 1 5 0 0 100 224 1 25 0 0 100 72 1 5 1 5 100 43 1 5 0 1 100 72 1 5 1 15 100 33 1 5 0 2 100 14 1 5 1 25 100 222 3 1333 1 25 100 224 1 5 0 3 100 35 1 5 1 35 100
4/4 74 0 4 0 0 100 32 1 5 0 0 100 72 1 5 1 5 100 523 1 5 0 1 100 72 1 5 1 15 100 43 1 5 0 2 100 33 2 125 1 25 100
4/4 32 1 5 0 0 100 74 1 25 0 0 100 72 1 5 1 5 100 523 1 5 0 1 100 72 1 5 1 15 100 43 1 5 0 2 100 64 1 5 1 25 100 33 3 1333 1 25 100 524 1 5 0 3 100 44 1 5 1 35 100
4/4 44 2 75 0 0 100 711 1 5 0 0 100 522 1 5 1 5 100 34 2 25 2 75 100 74 1 25 0 1 100 33 1 5 0 1 100 522 1 5 1 15 100 222 1 5 0 2 100 712 3 1333 1 25 100 34 1 5 1 35 100
4/4 44 2 75 0 0 100 711 1 5 0 0 100 522 1 5 1 5 100 34 2 25 2 75 100 74 1 25 0 1 100 33 1 5 0 1 100 522 1 5 1 15 100 222 1 5 0 2 100 712 3 1333 1 25 100 524 1 5 1 35 100
4/4 64 0 1 0 0 100 221 1 5 0 0 100 62 1 5 1 5 100 224 0 3 0 1 100 222 1 5 0 1 100 62 1 5 1 15 100 221 1 5 0 2 100 62 1 5 1 25 100 222 1 5 0 3 100 62 1 5 1 35 100
4/4 44 0 1 0 0 100 64 0 1 0 0 100 224 0 1 0 0 100 221 1 5 0 0 100 62 1 5 1 5 100 222 1 5 0 1 100 62 1 5 1 15 100 224 0 1 0 2 100 221 1 5 0 2 100 62 1 5 1 25 100 35 0 1 0 3 100 222 1 5 0 3 100 62 1 5 1 35 100
4/4 45 0 4 0 0 100 32 0 4 0 0 100 522 0 1 1 5 100 72 0 1 1 5 100 522 0 1 1 15 100 72 0 1 1 15 100 522 0 1 1 25 100 72 0 1 1 25 100 522 0 1 1 35 100 72 0 1 1 35 100
4/4 32 0 4 0 0 100 45 1 15 0 0 100 522 0 1 1 5 100 72 0 1 1 5 100 74 1 5 1 15 100 522 0 1 1 15 100 72 0 1 1 15 100 65 2 75 0 2 100 522 0 1 1 25 100 72 0 1 1 25 100 525 2 75 2 275 100 45 0 1 1 35 100 522 0 1 1 35 100 72 0 1 1 35 100
4/4 45 1 15 0 0 100 711 0 4 0 0 100 522 0 1 1 5 100 712 0 1 1 5 100 525 1 5 1 15 100 522 0 1 1 15 100 712 0 1 1 15 100 35 0 2 0 2 100 522 0 1 1 25 100 712 0 1 1 25 100 522 0 1 1 35 100 712 0 1 1 35 100
4/4 711 0 4 0 0 100 35 0 2 0 0 100 522 0 1 1 5 100 712 0 1 1 5 100 522 0 1 1 15 100 712 0 1 1 15 100 224 0 1 0 2 100 522 0 1 1 25 100 712 0 1 1 25 100 35 0 1 0 3 100 522 0 1 1 35 100 712 0 1 1 35 100
4/4 45 0 4 0 0 100 32 0 4 0 0 100 522 0 1 1 5 100 72 0 1 1 5 100 522 0 1 1 15 100 72 0 1 1 15 100 522 0 1 1 25 100 72 0 1 1 25 100 522 0 1 1 35 100 72 0 1 1 35 100
4/4 32 0 4 0 0 100 45 1 15 0 0 100 522 0 1 1 5 100 72 0 1 1 5 100 74 1 5 1 15 100 522 0 1 1 15 100 72 0 1 1 15 100 65 2 75 0 2 100 522 0 1 1 25 100 72 0 1 1 25 100 525 2 75 2 275 100 45 0 1 1 35 100 522 0 1 1 35 100 72 0 1 1 35 100
4/4 45 0 1 0 0 100 525 0 1 0 0 100 711 0 4 0 0 100 45 2 25 2 25 100 522 0 1 1 5 100 712 0 1 1 5 100 35 0 1 3 667 64 224 0 1 3 667 100 35 0 3 0 1 100 522 0 1 1 15 100 712 0 1 1 15 100 522 0 1 1 25 100 712 0 1 1 25 100 522 0 1 1 35 100 712 0 1 1 35 100
4/4 711 0 4 0 0 100 35 1 25 0 0 100 522 0 1 1 5 100 712 0 1 1 5 100 522 0 1 1 15 100 712 0 1 1 15 100 525 1 5 1 25 100 522 0 1 1 25 100 712 0 1 1 25 100 45 1 5 0 3 100 35 0 1 1 35 100 522 0 1 1 35 100 712 0 1 1 35 100
4/4 224 1 15 0 0 100 71 1 5 0 0 100 522 1 5 1 5 100 72 1 5 0 1 100 524 0 1 1 15 100 522 0 1 1 15 100 224 0 1 0 2 100 71 1 5 0 2 100 522 1 5 1 25 100 714 0 1 0 3 100 72 0 1 0 3 100 74 0 1 1 35 100 522 0 1 1 35 100
4/4 714 1 15 0 0 100 312 1 5 0 0 100 62 1 5 1 5 100 712 1 5 0 1 100 314 0 1 1 15 100 62 0 1 1 15 100 714 0 1 0 2 100 312 1 5 0 2 100 62 1 5 1 25 100 74 0 1 0 3 100 712 0 1 0 3 100 64 0 1 1 35 100 62 0 1 1 35 100
4/4 74 0 1 0 0 100 32 0 1 0 0 100 714 0 1 1 5 100 74 0 1 1 5 100 62 1 5 1 5 100 64 2 25 2 75 64 74 0 3 0 1 100 72 1 5 0 1 100 62 1 5 1 15 100 32 1 5 0 2 100 62 1 5 1 25 100 72 1 5 0 3 100 62 1 5 1 35 100
4/4 32 0 1 0 0 100 52 0 1 0 0 100 72 0 1 0 0 100 74 0 3 0 0 100 34 0 1 0 3 100
4/4 714 0 2 0 0 100 62 1 5 0 0 100 33 1 5 1 5 100 222 1 5 0 1 100 712 1 5 1 15 100 74 1 5 0 2 100 72 0 2 0 2 100 64 1 5 1 25 100 524 1 5 0 3 100 44 1 5 1 35 100
4/4 524 1 15 0 0 100 32 1 5 0 0 100 72 1 5 1 5 100 62 1 5 0 1 100 34 0 1 1 15 100 522 0 1 1 15 100 64 1 5 0 2 100 312 0 2 0 2 100 524 1 5 1 25 100 314 1 5 0 3 100 34 1 5 1 35 100
4/4 34 1 15 0 0 100 42 0 2 0 0 100 223 1 5 1 15 100 223 0 2 0 2 100 221 0 1 0 2 100 42 1 5 0 3 100 522 1 5 1 35 100
4/4 314 1 15 0 0 100 52 0 2 0 0 100 34 1 5 1 15 100 34 0 2 0 2 100 32 0 1 0 2 100 52 0 1 0 3 100
4/4 73 0 1 0 0 100 713 0 1 0 0 100 34 0 1 0 0 100 62 0 1 0 0 100
