4/4 73 0 1 0 0 100 44 0 1 0 0 100 524 0 1 0 0 100 74 0 1 0 0 100 33 1 5 1 35 100
4/4 73 1 25 0 0 100 63 1 5 1 25 100 523 1 5 0 3 100 43 1 5 1 35 100
4/4 43 0 3 0 0 100 72 0 1 0 3 100
4/4 43 1 25 0 0 100 33 1 5 1 25 100 222 1 5 0 3 100 12 1 5 1 35 100
4/4 222 0 3 0 0 100
4/4 33 3 667 0 0 100 43 3 667 3 667 100 523 3 667 3 1333 100 33 0 2 0 2 100
4/4 523 0 1 0 1 100 63 0 1 0 2 100 73 0 1 0 3 100
4/4 223 1 15 0 0 100 713 1 5 1 15 100 713 3 667 0 2 100 73 3 667 3 2667 100 63 3 667 3 3333 100
4/4 63 0 2 0 0 100 523 0 1 0 2 100 63 0 1 0 3 100
4/4 73 0 4 0 0 100 222 0 1 0 1 100 43 0 1 0 1 100 33 0 1 0 2 100 523 0 1 0 2 100 43 0 1 0 3 100 63 0 1 0 3 100
4/4 22 0 1 0 0 64 43 0 1 0 0 100 73 0 1 0 0 100 34 1 5 0 3 100 524 1 5 1 35 100
4/4 74 1 25 0 0 100 64 1 5 1 25 100 524 1 5 0 3 100 44 1 5 1 35 100
4/4 44 0 3 0 0 100 73 1 5 1 35 100
4/4 44 1 25 0 0 100 34 1 5 1 25 100 223 1 5 0 3 100 13 1 5 1 35 100
4/4 223 0 3 0 0 100
4/4 34 3 667 0 0 100 44 3 667 3 667 100 524 3 667 3 1333 100 34 0 2 0 2 100
4/4 524 0 1 0 1 100 64 0 1 0 2 100 74 0 1 0 3 100
4/4 74 0 2 0 0 100 35 0 2 0 2 100
4/4 35 0 2 0 0 100 224 0 1 0 2 100 14 0 1 0 3 100
4/4 74 0 4 0 0 100
4/4 74 0 4 0 0 100
4/4 713 0 1 0 0 100 34 0 1 0 0 100 524 0 1 0 0 100
4/4 73 0 1 0 0 100 223 0 1 0 0 100 524 0 1 0 0 100
4/4 713 0 1 0 0 100 34 0 1 0 0 100 524 0 1 0 0 100
4/4 73 0 1 0 0 100 223 0 1 0 0 100 524 0 1 0 0 100
4/4 34 3 667 0 0 100 44 3 667 3 667 100 524 3 667 3 1333 100 524 0 2 0 2 100
4/4 64 3 667 0 0 100 74 3 667 3 667 100 714 3 667 3 1333 100 224 0 1 0 2 100 35 0 1 0 3 100
4/4 45 0 4 0 0 100
4/4 525 0 4 0 0 100
4/4
4/4 31 1 5 0 0 100 71 1 5 1 5 100 522 3 2667 0 1 100
4/4 31 1 5 0 0 100 71 1 5 1 5 100 522 3 2667 0 1 100
4/4 71 1 5 0 0 100 42 1 5 1 5 100 222 3 2667 0 1 100
4/4 71 1 5 0 0 100 42 1 5 1 5 100 222 3 2667 0 1 100
4/4 711 1 5 0 0 100 522 1 5 1 5 100 712 3 2667 0 1 100
4/4 71 1 5 0 0 100 522 1 5 1 5 100 222 3 2667 0 1 100
4/4 711 1 5 0 0 100 522 1 5 1 5 100 712 3 2667 0 1 100
4/4 11 1 5 0 0 100 62 1 5 1 5 100 33 3 2667 0 1 100
4/4 221 1 5 0 0 100 62 1 5 1 5 100 222 3 2667 0 1 100
4/4 21 0 1 0 0 64 712 0 1 0 0 100 72 2 175 0 1 100
4/4 32 1 5 0 0 100 72 1 5 1 5 100 33 0 1 0 1 100 523 0 1 0 1 100 72 1 5 1 15 100 43 0 1 0 2 100 63 0 1 0 2 100 72 1 5 1 25 100 33 0 1 0 3 100 523 0 1 0 3 100 72 1 5 1 35 100
4/4 32 1 5 0 0 100 72 1 5 1 5 100 33 0 1 0 1 100 523 0 1 0 1 100 72 1 5 1 15 100 43 0 1 0 2 100 63 0 1 0 2 100 72 1 5 1 25 100 33 0 1 0 3 100 523 0 1 0 3 100 72 1 5 1 35 100
4/4 71 1 5 0 0 100 42 1 5 1 5 100 72 0 1 0 1 100 222 0 1 0 1 100 42 1 5 1 15 100 12 0 1 0 2 100 33 0 1 0 2 100 42 1 5 1 25 100 72 0 1 0 3 100 222 0 1 0 3 100 42 1 5 1 35 100
4/4 71 1 5 0 0 100 42 1 5 1 5 100 72 0 1 0 1 100 222 0 1 0 1 100 42 1 5 1 15 100 12 0 1 0 2 100 33 0 1 0 2 100 42 1 5 1 25 100 72 0 1 0 3 100 222 0 1 0 3 100 42 1 5 1 35 100
4/4 711 1 5 0 0 100 522 1 5 1 5 100 712 0 1 0 1 100 33 0 1 0 1 100 522 1 5 1 15 100 222 0 1 0 2 100 43 0 1 0 2 100 522 1 5 1 25 100 712 0 1 0 3 100 33 0 1 0 3 100 522 1 5 1 35 100
4/4 71 1 5 0 0 100 522 1 5 1 5 100 222 0 1 0 1 100 523 0 1 0 1 100 522 1 5 1 15 100 222 0 1 0 2 100 523 0 1 0 2 100 522 1 5 1 25 100 222 0 1 0 3 100 523 0 1 0 3 100 522 1 5 1 35 100
4/4 61 1 5 0 0 100 32 1 5 1 5 100 62 0 1 0 1 100 712 0 1 0 1 100 32 1 5 1 15 100 72 0 1 0 2 100 222 0 1 0 2 100 32 1 5 1 25 100 62 0 1 0 3 100 712 0 1 0 3 100 32 1 5 1 35 100
4/4 42 1 5 0 0 100 12 1 5 1 5 100 43 0 1 0 1 100 63 0 1 0 1 64 12 1 5 1 15 100 53 0 1 0 2 64 73 0 1 0 2 100 12 1 5 1 25 100 613 0 1 0 3 64 13 0 1 0 3 100 12 1 5 1 35 100
4/4 71 1 5 0 0 100 42 1 5 1 5 100 72 0 1 0 1 100 222 0 1 0 1 100 42 1 5 1 15 100 12 0 1 0 2 100 33 0 1 0 2 100 72 0 1 1 25 100 222 0 1 1 25 100 42 1 5 1 35 100
4/4 71 1 5 0 0 100 42 1 5 1 5 100 72 0 1 0 1 100 222 0 1 0 1 100 42 1 5 1 15 100 12 0 1 0 2 100 33 0 1 0 2 100 72 0 1 1 25 100 222 0 1 1 25 100 42 1 5 1 35 100
4/4 74 3 667 0 0 100 64 3 667 3 667 100 74 3 667 3 1333 100 34 2 175 0 2 100
4/4 64 3 667 0 0 100 524 3 667 3 667 100 64 3 667 3 1333 100 223 2 175 0 2 100
4/4 74 3 667 0 0 100 64 3 667 3 667 100 74 3 667 3 1333 100 34 2 175 0 2 100
4/4 64 3 667 0 0 100 524 3 667 3 667 100 64 3 667 3 1333 100 223 2 175 0 2 100
4/4 62 0 1 0 0 100 712 0 1 0 0 100 33 0 1 0 0 100 523 0 1 0 0 100
4/4 522 0 1 0 0 100 712 0 1 0 0 100 33 0 1 0 0 100 523 0 1 0 0 100
4/4 42 0 1 0 0 100 12 0 1 0 0 100 43 0 1 0 0 100
4/4 312 0 1 0 0 100 712 0 1 0 0 100 22 0 1 0 0 100
