6/8 73 1 5 1 25 100
6/8 34 2 75 0 0 100 73 2 25 2 75 100 34 1 5 0 1 100 44 0 1 1 15 100 73 1 5 1 25 100
6/8 54 2 75 0 0 100 64 2 25 2 75 100 74 1 5 0 1 100 74 2 125 1 15 100
6/8 64 0 1 0 0 100 64 1 5 0 1 100 64 2 75 1 15 100 54 2 25 2 225 100 44 1 5 1 25 100
6/8 54 2 125 0 0 100 34 0 1 1 15 100 73 1 5 1 25 100
6/8 34 2 75 0 0 100 73 2 25 2 75 100 34 1 5 0 1 100 44 0 1 1 15 100 73 1 5 1 25 100
6/8 54 2 75 0 0 100 64 2 25 2 75 100 74 1 5 0 1 100 74 2 125 1 15 100
6/8 64 0 1 0 0 100 64 1 5 0 1 100 64 2 75 1 15 100 54 2 25 2 225 100 44 1 5 1 25 100
6/8 34 0 1 0 0 100 54 1 5 0 1 100 34 0 1 1 15 100 34 1 5 1 25 100
6/8 14 0 1 0 0 100 14 1 5 0 1 100 14 2 75 1 15 100 74 2 25 2 225 100 64 1 5 1 25 100
6/8 74 2 75 0 0 100 34 2 25 2 75 100 34 1 5 0 1 100 34 0 1 1 15 100 34 1 5 1 25 100
6/8 14 0 1 0 0 100 14 1 5 0 1 100 14 2 75 1 15 100 74 2 25 2 225 100 64 1 5 1 25 100
6/8 74 3 2667 0 0 100
6/8 54 2 75 0 0 100 54 2 25 2 75 100 54 1 5 0 1 100 64 1 5 1 15 100 54 1 5 0 2 100 44 1 5 1 25 100
6/8 34 0 1 0 0 100 54 1 5 0 1 100 13 2 125 1 15 100
6/8 44 2 75 0 0 100 44 2 25 2 75 100 44 1 5 0 1 100 44 1 5 1 15 100 314 1 5 0 2 100 44 1 5 1 25 100
6/8 74 1 25 0 0 100 73 1 5 1 25 100
6/8 34 2 75 0 0 100 73 2 25 2 75 100 34 1 5 0 1 100 44 0 1 1 15 100 73 1 5 1 25 100
6/8 54 2 75 0 0 100 64 2 25 2 75 100 74 1 5 0 1 100 74 2 125 1 15 100
6/8 64 0 1 0 0 100 64 1 5 0 1 100 64 2 75 1 15 100 54 2 25 2 225 100 44 1 5 1 25 100
6/8 34 0 1 0 0 100 54 1 5 0 1 100 34 1 15 1 15 100
6/8 33 2 75 0 0 100 72 2 25 2 75 100 33 1 5 0 1 100 43 0 1 1 15 100 72 1 5 1 25 100
6/8 53 2 75 0 0 100 43 2 25 2 75 100 53 2 25 0 1 100 63 2 25 2 125 100 73 0 1 1 15 100 53 1 5 1 25 100
6/8 63 0 1 0 0 100 63 1 5 0 1 100 63 1 5 1 15 100 73 2 25 0 2 100 63 2 25 2 225 100 53 2 25 1 25 100 43 2 25 2 275 100
6/8 53 0 1 0 0 100 33 1 5 0 1 100 34 1 5 0 2 100 44 1 5 1 25 100
6/8 524 2 75 0 0 100 44 2 25 2 75 100 524 1 5 0 1 100 524 0 1 1 15 100 74 1 5 1 25 100
6/8 44 1 25 0 0 100 73 1 5 1 25 100
6/8 34 2 75 0 0 100 223 2 25 2 75 100 34 1 5 0 1 100 34 0 1 1 15 100 524 1 5 1 25 100
6/8 223 1 25 0 0 100 73 1 5 1 25 100
6/8 713 2 75 0 0 100 73 2 25 2 75 100 713 1 5 0 1 100 524 0 1 1 15 100 713 1 5 1 25 100
6/8 73 2 75 0 0 100 63 2 25 2 75 100 73 1 5 0 1 100 524 0 1 1 15 100 524 1 5 1 25 100
6/8 44 0 1 0 0 100 13 1 5 0 1 100 13 0 1 1 15 100 44 1 5 1 25 100
6/8 44 0 2 0 0 100 34 1 5 0 2 100 44 1 5 1 25 100
6/8 524 2 75 0 0 100 44 2 25 2 75 100 524 1 5 0 1 100 524 0 1 1 15 100 74 1 5 1 25 100
6/8 44 1 25 0 0 100 73 1 5 1 25 100
6/8 34 2 75 0 0 100 223 2 25 2 75 100 34 1 5 0 1 100 34 0 1 1 15 100 524 1 5 1 25 100
6/8 223 1 25 0 0 100 73 1 5 1 25 100
6/8 713 0 1 0 0 100 524 1 5 0 1 100 524 2 75 1 15 100 44 2 25 2 225 100 524 1 5 1 25 100
6/8 64 0 1 0 0 100 74 1 5 0 1 100 524 1 15 1 15 100
6/8 524 2 75 0 0 100 44 2 25 2 75 100 34 1 5 0 1 100 44 0 1 1 15 100 23 1 5 1 25 100
6/8 34 1 25 0 0 100 524 2 25 1 25 100 64 2 25 2 275 100
6/8 74 2 75 0 0 100 64 2 25 2 75 100 74 1 5 0 1 100 74 0 1 1 15 100 224 1 5 1 25 100
6/8 64 1 25 0 0 100 223 1 5 1 25 100
6/8 524 2 75 0 0 100 44 2 25 2 75 100 524 1 5 0 1 100 524 0 1 1 15 100 74 1 5 1 25 100
6/8 74 1 25 0 0 100 74 1 5 1 25 100
6/8 35 0 2 0 0 100 224 1 5 0 2 100 714 1 5 1 25 100
6/8 224 0 1 0 0 100 524 1 5 0 1 100 524 1 15 1 15 100
6/8 714 1 5 0 0 100 74 2 25 1 5 100 714 2 25 2 75 100 74 2 25 0 1 100 64 2 25 2 125 100 524 1 5 1 15 100 44 2 25 0 2 100 524 2 25 2 225 100 64 2 25 1 25 100 44 2 25 2 275 100
6/8 74 0 3 0 0 100
6/8 74 1 15 0 0 100 34 2 25 1 25 100 44 2 25 2 275 100
6/8 524 2 75 0 0 100 44 2 25 2 75 100 524 1 5 0 1 100 524 0 1 1 15 100 74 1 5 1 25 100
6/8 44 1 25 0 0 100 73 1 5 1 25 100
6/8 34 2 75 0 0 100 223 2 25 2 75 100 34 1 5 0 1 100 34 0 1 1 15 100 524 1 5 1 25 100
6/8 223 1 25 0 0 100 73 1 5 1 25 100
6/8 713 0 1 0 0 100 524 1 5 0 1 100 524 2 75 1 15 100 44 2 25 2 225 100 524 1 5 1 25 100
6/8 64 0 1 0 0 100 74 1 5 0 1 100 524 1 15 1 15 100
6/8 524 2 75 0 0 100 44 2 25 2 75 100 34 1 5 0 1 100 44 0 1 1 15 100 23 1 5 1 25 100
6/8 34 1 25 0 0 100 72 1 5 1 25 100
6/8 33 2 75 0 0 100 72 2 25 2 75 100 33 1 5 0 1 100 43 2 75 1 15 100 33 2 25 2 225 100 43 1 5 1 25 100
6/8 53 1 5 0 0 100 33 2 25 1 5 100 43 2 25 2 75 100 53 2 25 0 1 100 63 2 25 2 125 100 73 0 1 1 15 100 53 1 5 1 25 100
6/8 63 0 1 0 0 100 63 1 5 0 1 100 63 1 5 1 15 100 73 2 25 0 2 100 63 2 25 2 225 100 53 2 25 1 25 100 43 2 25 2 275 100
6/8 53 0 1 0 0 100 33 1 5 0 1 100 73 1 5 1 25 100
6/8 34 2 75 0 0 100 73 2 25 2 75 100 34 1 5 0 1 100 44 0 1 1 15 100 73 1 5 1 25 100
6/8 54 2 75 0 0 100 64 2 25 2 75 100 74 1 5 0 1 100 74 2 125 1 15 100
6/8 64 0 1 0 0 100 64 1 5 0 1 100 64 2 75 1 15 100 54 2 25 2 225 100 44 1 5 1 25 100
6/8 54 2 125 0 0 100 34 0 1 1 15 100 73 1 5 1 25 100
6/8 34 2 75 0 0 100 73 2 25 2 75 100 34 1 5 0 1 100 44 0 1 1 15 100 73 1 5 1 25 100
6/8 54 2 75 0 0 100 64 2 25 2 75 100 74 1 5 0 1 100 74 2 125 1 15 100
6/8 64 0 1 0 0 100 64 1 5 0 1 100 64 2 75 1 15 100 54 2 25 2 225 100 44 1 5 1 25 100
6/8 34 0 1 0 0 100 54 1 5 0 1 100 34 0 1 1 15 100 34 1 5 1 25 100
6/8 14 0 1 0 0 100 14 1 5 0 1 100 14 2 75 1 15 100 74 2 25 2 225 100 64 1 5 1 25 100
6/8 74 2 75 0 0 100 34 2 25 2 75 100 34 1 5 0 1 100 34 0 1 1 15 100 34 1 5 1 25 100
6/8 14 0 1 0 0 100 14 1 5 0 1 100 14 2 75 1 15 100 74 2 25 2 225 100 64 1 5 1 25 100
6/8 74 3 2667 0 0 100
6/8 54 2 75 0 0 100 54 2 25 2 75 100 54 1 5 0 1 100 64 1 5 1 15 100 54 1 5 0 2 100 44 1 5 1 25 100
6/8 34 0 1 0 0 100 54 1 5 0 1 100 13 2 125 1 15 100
6/8 44 2 75 0 0 100 44 2 25 2 75 100 44 1 5 0 1 100 44 1 5 1 15 100 314 1 5 0 2 100 44 1 5 1 25 100
6/8 74 1 25 0 0 100 73 1 5 1 25 100
6/8 34 2 75 0 0 100 73 2 25 2 75 100 34 1 5 0 1 100 44 0 1 1 15 100 73 1 5 1 25 100
6/8 54 2 75 0 0 100 64 2 25 2 75 100 74 1 5 0 1 100 74 2 125 1 15 100
6/8 64 0 1 0 0 100 64 1 5 0 1 100 64 2 75 1 15 100 54 2 25 2 225 100 44 1 5 1 25 100
6/8 34 0 1 0 0 100 54 1 5 0 1 100 34 0 1 1 15 100 73 1 5 1 25 100
6/8 34 2 75 0 0 100 73 2 25 2 75 100 34 1 5 0 1 100 44 0 1 1 15 100 73 1 5 1 25 100
6/8 54 2 75 0 0 100 64 2 25 2 75 100 74 1 5 0 1 100 74 1 15 1 15 100
6/8 64 0 1 0 0 100 64 1 5 0 1 100 64 2 75 1 15 100 54 2 25 2 225 100 44 1 5 1 25 100
6/8 34 0 1 0 0 100 54 1 5 0 1 100 34 1 15 1 15 100
6/8
6/8 72 0 1 0 0 100 33 0 1 0 0 100 53 0 1 0 0 100 72 0 1 1 15 100 22 0 1 1 15 100 43 0 1 1 15 100
6/8 72 0 1 0 0 100 33 0 1 0 0 100 53 0 1 0 0 100
6/8 72 0 1 0 0 100 22 0 1 0 0 100 43 0 1 0 0 100 72 0 1 1 15 100 22 0 1 1 15 100 43 0 1 1 15 100
6/8 72 0 1 0 0 100 33 0 1 0 0 100 53 0 1 0 0 100
6/8 72 0 1 0 0 100 33 0 1 0 0 100 53 0 1 0 0 100 72 0 1 1 15 100 22 0 1 1 15 100 43 0 1 1 15 100
6/8 72 0 1 0 0 100 33 0 1 0 0 100 53 0 1 0 0 100
6/8 72 0 1 0 0 100 22 0 1 0 0 100 43 0 1 0 0 100 72 0 1 1 15 100 22 0 1 1 15 100 43 0 1 1 15 100
6/8 72 0 1 0 0 100 33 0 1 0 0 100 53 0 1 0 0 100
6/8 12 0 1 0 0 100 33 0 1 0 0 100 63 0 1 0 0 100 12 0 1 1 15 100 33 0 1 1 15 100 63 0 1 1 15 100
6/8 72 0 1 0 0 100 33 0 1 0 0 100 53 0 1 0 0 100
6/8 12 0 1 0 0 100 33 0 1 0 0 100 63 0 1 0 0 100 12 0 1 1 15 100 33 0 1 1 15 100 63 0 1 1 15 100
6/8 72 0 1 0 0 100 33 0 1 0 0 100 53 0 1 0 0 100 53 1 5 1 15 100 33 1 5 0 2 100 72 1 5 1 25 100
6/8 712 0 1 0 0 100 22 0 1 0 0 100 53 0 1 0 0 100 712 0 1 1 15 100 22 0 1 1 15 100 53 0 1 1 15 100
6/8 12 0 1 0 0 100 33 0 1 0 0 100 53 0 1 0 0 100
6/8 612 0 1 0 0 100 33 0 1 0 0 100 43 0 1 0 0 100 612 0 1 1 15 100 33 0 1 1 15 100 43 0 1 1 15 100
6/8 72 0 1 0 0 100 22 0 1 0 0 100 43 0 1 0 0 100 72 1 5 1 15 100 12 1 5 0 2 100 22 1 5 1 25 100
6/8 72 0 1 0 0 100 33 0 1 0 0 100 53 0 1 0 0 100 72 0 1 1 15 100 22 0 1 1 15 100 43 0 1 1 15 100
6/8 72 0 1 0 0 100 33 0 1 0 0 100 53 0 1 0 0 100
6/8 72 0 1 0 0 100 22 0 1 0 0 100 43 0 1 0 0 100 72 0 1 1 15 100 22 0 1 1 15 100 43 0 1 1 15 100
6/8 72 0 1 0 0 100 33 0 1 0 0 100 53 0 1 0 0 100
6/8 32 1 15 0 0 100 71 1 15 1 15 100
6/8 32 0 3 0 0 100
6/8 71 1 15 0 0 100 71 1 15 1 15 100
6/8 32 1 15 0 0 100 72 1 15 1 15 100
6/8 72 0 1 0 0 100 33 0 1 0 0 100 523 0 1 0 0 100
6/8 72 0 1 0 0 100 222 0 1 0 0 100 43 0 1 0 0 100
6/8 712 0 1 0 0 100 33 0 1 0 0 100 523 0 1 0 0 100
6/8 72 0 1 0 0 100 222 0 1 0 0 100 523 0 1 0 0 100
6/8 62 0 1 0 0 100 712 0 1 0 0 100 33 0 1 0 0 100
6/8 522 0 1 0 0 100 72 0 1 0 0 100 33 0 1 0 0 100
6/8 42 0 1 0 0 100 612 0 1 0 0 100 33 0 1 0 0 100
6/8 72 1 5 0 0 100 33 1 5 1 5 100 43 1 5 0 1 100 73 1 15 1 15 100
6/8 72 0 1 0 0 100 33 0 1 0 0 100 523 0 1 0 0 100
6/8 72 0 1 0 0 100 222 0 1 0 0 100 43 0 1 0 0 100
6/8 712 0 1 0 0 100 33 0 1 0 0 100 523 0 1 0 0 100
6/8 72 0 1 0 0 100 222 0 1 0 0 100 523 0 1 0 0 100
6/8 62 0 1 0 0 100 712 0 1 0 0 100 33 0 1 0 0 100
6/8 522 0 1 0 0 100 72 0 1 0 0 100 33 0 1 0 0 100
6/8 62 0 1 0 0 100 712 0 1 0 0 100 33 0 1 0 0 100 72 0 1 1 15 100 22 0 1 1 15 100 43 0 1 1 15 100
6/8 522 0 1 0 0 100 72 0 1 0 0 100 33 0 1 0 0 100 32 1 15 1 15 100
6/8 72 0 1 0 0 100 222 0 1 0 0 100 523 0 1 0 0 100 72 0 1 1 15 100 222 0 1 1 15 100 523 0 1 1 15 100
6/8 62 0 1 0 0 100 222 0 1 0 0 100 43 0 1 0 0 100 62 0 1 1 15 100 222 0 1 1 15 100 43 0 1 1 15 100
6/8 72 0 1 0 0 100 33 0 1 0 0 100 523 0 1 0 0 100 72 0 1 1 15 100 33 0 1 1 15 100 523 0 1 1 15 100
6/8 72 0 1 0 0 100 222 0 1 0 0 100 43 0 1 0 0 100 72 0 1 1 15 100 222 0 1 1 15 100 43 0 1 1 15 100
6/8 712 0 1 0 0 100 33 0 1 0 0 100 523 0 1 0 0 100 712 0 1 1 15 100 33 0 1 1 15 100 523 0 1 1 15 100
6/8 72 0 1 0 0 100 222 0 1 0 0 100 523 0 1 0 0 100 72 0 1 1 15 100 222 0 1 1 15 100 523 0 1 1 15 100
6/8 62 0 1 0 0 100 712 0 1 0 0 100 33 0 1 0 0 100 62 0 1 1 15 100 712 0 1 1 15 100 33 0 1 1 15 100
6/8 72 1 5 0 0 100 22 1 5 1 5 100 43 1 5 0 1 100 63 1 5 1 15 100 43 1 5 0 2 100 22 1 5 1 25 100
6/8 72 1 5 0 0 100 22 1 5 1 5 100 43 1 5 0 1 100 63 1 5 1 15 100 43 1 5 0 2 100 22 1 5 1 25 100
6/8 72 0 1 0 0 100 33 0 1 0 0 100 523 0 1 0 0 100 72 0 1 1 15 100 33 0 1 1 15 100 523 0 1 1 15 100
6/8 72 1 5 0 0 100 222 1 5 1 5 100 43 1 5 0 1 100 72 1 15 1 15 100
6/8 712 0 1 0 0 100 33 0 1 0 0 100 523 0 1 0 0 100 712 0 1 1 15 100 33 0 1 1 15 100 523 0 1 1 15 100
6/8 522 1 5 0 0 100 72 1 5 1 5 100 222 1 5 0 1 100 523 1 15 1 15 100
6/8 62 0 1 0 0 100 712 0 1 0 0 100 33 0 1 0 0 100 62 0 1 1 15 100 712 0 1 1 15 100 33 0 1 1 15 100
6/8 522 0 1 0 0 100 72 0 1 0 0 100 33 0 1 0 0 100 72 1 5 1 15 100 33 1 5 0 2 100 72 1 5 1 25 100
6/8 62 0 1 0 0 100 712 0 1 0 0 100 33 0 1 0 0 100 72 0 1 1 15 100 22 0 1 1 15 100 43 0 1 1 15 100
6/8 33 1 5 0 0 100 72 1 5 1 5 100 522 1 5 0 1 100 32 1 15 1 15 100
6/8 32 1 15 0 0 100 71 1 15 1 15 100
6/8 32 0 3 0 0 100
6/8 71 1 15 0 0 100 71 1 15 1 15 100
6/8 32 1 15 0 0 100 72 1 15 1 15 100
6/8 72 0 1 0 0 100 33 0 1 0 0 100 53 0 1 0 0 100 72 0 1 1 15 100 22 0 1 1 15 100 43 0 1 1 15 100
6/8 72 0 1 0 0 100 33 0 1 0 0 100 53 0 1 0 0 100
6/8 72 0 1 0 0 100 22 0 1 0 0 100 43 0 1 0 0 100 72 0 1 1 15 100 22 0 1 1 15 100 43 0 1 1 15 100
6/8 72 0 1 0 0 100 33 0 1 0 0 100 53 0 1 0 0 100
6/8 72 0 1 0 0 100 33 0 1 0 0 100 53 0 1 0 0 100 72 0 1 1 15 100 22 0 1 1 15 100 43 0 1 1 15 100
6/8 72 0 1 0 0 100 33 0 1 0 0 100 53 0 1 0 0 100
6/8 72 0 1 0 0 100 22 0 1 0 0 100 43 0 1 0 0 100 72 0 1 1 15 100 22 0 1 1 15 100 43 0 1 1 15 100
6/8 72 0 1 0 0 100 33 0 1 0 0 100 53 0 1 0 0 100
6/8 12 0 1 0 0 100 33 0 1 0 0 100 63 0 1 0 0 100 12 0 1 1 15 100 33 0 1 1 15 100 63 0 1 1 15 100
6/8 72 0 1 0 0 100 33 0 1 0 0 100 53 0 1 0 0 100
6/8 12 0 1 0 0 100 33 0 1 0 0 100 63 0 1 0 0 100 12 0 1 1 15 100 33 0 1 1 15 100 63 0 1 1 15 100
6/8 72 0 1 0 0 100 33 0 1 0 0 100 53 0 1 0 0 100 53 1 5 1 15 100 33 1 5 0 2 100 72 1 5 1 25 100
6/8 712 0 1 0 0 100 22 0 1 0 0 100 53 0 1 0 0 100 712 0 1 1 15 100 22 0 1 1 15 100 53 0 1 1 15 100
6/8 12 0 1 0 0 100 33 0 1 0 0 100 53 0 1 0 0 100
6/8 612 0 1 0 0 100 33 0 1 0 0 100 43 0 1 0 0 100 612 0 1 1 15 100 33 0 1 1 15 100 43 0 1 1 15 100
6/8 72 0 1 0 0 100 22 0 1 0 0 100 43 0 1 0 0 100 72 1 5 1 15 100 12 1 5 0 2 100 22 1 5 1 25 100
6/8 72 0 1 0 0 100 33 0 1 0 0 100 53 0 1 0 0 100 72 0 1 1 15 100 22 0 1 1 15 100 43 0 1 1 15 100
6/8 72 0 1 0 0 100 33 0 1 0 0 100 53 0 1 0 0 100
6/8 72 0 1 0 0 100 22 0 1 0 0 100 43 0 1 0 0 100 72 0 1 1 15 100 22 0 1 1 15 100 43 0 1 1 15 100
6/8 72 0 1 0 0 100 33 0 1 0 0 100 53 0 1 0 0 100
6/8 72 0 1 0 0 100 33 0 1 0 0 100 53 0 1 0 0 100 72 0 1 1 15 100 22 0 1 1 15 100 43 0 1 1 15 100
6/8 72 0 1 0 0 100 33 0 1 0 0 100 53 0 1 0 0 100
6/8 72 0 1 0 0 100 22 0 1 0 0 100 43 0 1 0 0 100 72 0 1 1 15 100 22 0 1 1 15 100 43 0 1 1 15 100
6/8 33 1 5 0 0 100 72 1 5 1 5 100 52 1 5 0 1 100 32 1 15 1 15 100
