4/4 36 1 5 0 3 100 46 1 5 1 35 100
4/4 526 2 125 0 0 100 46 1 5 1 15 100 526 0 1 0 2 100 76 0 1 0 3 100
4/4 46 3 2667 0 0 100 75 0 1 0 3 100
4/4 36 2 125 0 0 100 225 1 5 1 15 100 36 0 1 0 2 100 526 0 1 0 3 100
4/4 225 3 2667 0 0 100 75 0 1 0 3 100
4/4 715 2 125 0 0 100 75 1 5 1 15 100 715 1 5 0 2 100 526 1 15 1 25 100
4/4 75 0 3 0 0 100 526 0 1 0 3 100
4/4 46 1 15 0 0 100 15 1 5 1 15 100 15 0 1 0 2 100 46 0 1 0 3 100
4/4 46 0 2 0 0 100 36 1 5 0 3 100 46 1 5 1 35 100
4/4 526 1 15 0 0 100 46 1 5 1 15 100 526 0 1 0 2 100 76 0 1 0 3 100
4/4 46 0 3 0 0 100 75 0 1 0 3 64
4/4 36 2 125 0 0 100 225 1 5 1 15 100 36 0 1 0 2 100 526 0 1 0 3 100
4/4 225 3 2667 0 0 100 75 0 1 0 3 100
4/4 715 0 1 0 0 100 526 1 5 0 1 100 46 1 15 1 15 100 526 0 1 0 3 100
4/4 66 0 1 0 0 100 76 1 5 0 1 100 526 1 25 1 15 100
4/4 526 1 5 0 0 100 46 1 5 1 5 100 36 0 1 0 1 100 46 0 1 0 2 100 25 0 1 0 3 100
4/4 36 0 2 0 0 100 526 1 5 0 3 100 66 1 5 1 35 100
4/4 76 1 15 0 0 100 66 1 5 1 15 100 76 3 667 0 2 100 716 3 667 3 2667 100 226 3 667 3 3333 100
4/4 66 0 3 0 0 100 225 0 1 0 3 100
4/4 526 1 25 0 0 100 66 0 1 1 25 100 76 1 5 1 35 100
4/4 76 0 4 0 0 100
4/4 36 1 5 0 0 100 46 1 5 1 5 100 526 0 1 0 1 100 46 1 5 0 2 100 526 1 5 1 25 100 66 0 1 0 3 100
4/4 526 1 15 0 0 100 225 1 5 1 15 100 225 0 2 0 2 100
4/4 716 0 1 0 0 100 76 0 1 0 1 100 66 0 1 0 2 100 526 0 1 0 3 100
4/4 76 0 1 0 0 100 225 0 1 0 1 100 226 0 1 0 2 100 716 0 1 0 3 100
4/4 76 1 25 0 0 100 66 1 5 1 25 100 25 1 5 0 3 100 36 1 5 1 35 100
4/4 46 0 2 0 0 100 36 1 5 0 3 100 46 1 5 1 35 100
4/4 526 2 125 0 0 100 46 1 5 1 15 100 526 0 1 0 2 100 76 0 1 0 3 100
4/4 46 0 1 0 0 100 75 2 175 0 1 100 75 0 1 0 3 100
4/4 36 2 125 0 0 100 225 1 5 1 15 100 36 0 1 0 2 100 526 0 1 0 3 100
4/4 225 3 2667 0 0 100 75 0 1 0 3 100
4/4 715 0 1 0 0 100 526 1 5 0 1 100 46 1 15 1 15 100 526 0 1 0 3 100
4/4 66 0 1 0 0 100 76 1 5 0 1 100 526 1 25 1 15 100
4/4 526 1 5 0 0 100 46 1 5 1 5 100 36 0 1 0 1 100 46 0 1 0 2 100 25 0 1 0 3 100
4/4 36 0 4 0 0 100
4/4 37 0 4 0 0 100
4/4 37 0 1 0 0 100 37 0 1 0 1 100 226 0 1 0 2 100 716 0 1 0 3 100
4/4 226 1 15 0 0 100 526 1 5 1 15 100 526 0 2 0 2 100
4/4 526 0 1 0 0 100 526 0 1 0 1 100 716 0 1 0 2 100 226 0 1 0 3 100
4/4 37 0 4 0 0 100
4/4 37 0 1 0 0 100 37 0 1 0 1 100 226 0 1 0 2 100 716 0 1 0 3 100
4/4 226 1 15 0 0 100 526 1 5 1 15 100 526 0 2 0 2 100
4/4 526 0 2 0 0 100
4/4
4/4 36 0 3 0 0 100 225 0 1 0 3 100
4/4 225 0 3 0 0 100 715 0 1 0 3 100
4/4 75 0 4 0 0 100
4/4 75 0 1 0 0 100 46 0 1 0 1 100 76 0 1 0 2 100 75 0 1 0 3 100
4/4 526 0 2 0 0 100 46 1 5 0 2 100 36 1 5 1 25 100 225 1 5 0 3 100 15 1 5 1 35 100
4/4 225 1 15 0 0 100 75 1 5 1 15 100 36 0 1 0 2 100 75 0 1 0 3 100
4/4 75 1 15 0 0 100 65 1 5 1 15 100 65 0 2 0 2 100
4/4 715 1 15 0 0 100 75 1 5 1 15 100 75 0 2 0 2 100
4/4 75 0 4 0 0 100
4/4 45 0 3 0 1 100 225 1 25 1 15 100 65 0 2 0 2 100
4/4 65 0 4 0 0 100
4/4
4/4 34 1 5 0 0 100 524 1 5 1 5 100 74 0 1 0 1 100 35 0 1 0 1 100
4/4 223 1 5 0 0 100 44 1 5 1 5 100 74 0 1 0 1 100 224 0 1 0 1 100
4/4 713 1 5 0 0 100 34 1 5 1 5 100 524 0 1 0 1 100 74 0 1 0 1 100 713 0 2 0 2 100
4/4 73 1 5 0 0 100 223 1 5 1 5 100 524 0 1 0 1 100 64 0 1 0 1 100
4/4 63 1 5 0 0 100 713 1 5 1 5 100 34 0 1 0 1 100 524 0 1 0 1 100
4/4 523 1 5 0 0 100 73 1 5 1 5 100 34 0 1 0 1 100 524 0 1 0 1 100
4/4 43 1 5 0 0 100 613 1 5 1 5 100 13 0 1 0 1 100 34 0 1 0 1 100
4/4 73 1 5 0 0 100 23 1 5 1 5 100 44 0 1 0 1 100 74 0 1 0 1 100
4/4 34 1 5 0 0 100 524 1 5 1 5 100 74 0 1 0 1 100 35 0 1 0 1 100
4/4 223 1 5 0 0 100 44 1 5 1 5 100 74 0 1 0 1 100 224 0 1 0 1 100
4/4 713 1 5 0 0 100 34 1 5 1 5 100 524 0 1 0 1 100 74 0 1 0 1 100 713 0 2 0 2 100
4/4 73 1 5 0 0 100 223 1 5 1 5 100 524 0 1 0 1 100 64 0 1 0 1 100
4/4 63 1 5 0 0 100 713 1 5 1 5 100 34 0 1 0 1 100 524 0 1 0 1 100
4/4 33 1 5 0 0 100 73 1 5 1 5 100 34 0 1 0 1 100 524 0 1 0 1 100
4/4 63 1 5 0 0 100 713 1 5 1 5 100 34 0 1 0 1 100 524 0 1 0 1 100 73 1 5 0 2 100 23 1 5 1 25 100 44 0 1 0 3 100 74 0 1 0 3 100
4/4 34 1 5 0 0 100 524 1 5 1 5 100 74 0 1 0 1 100 35 0 1 0 1 100
4/4 524 1 5 0 0 100 74 1 5 1 5 100 224 0 1 0 1 100 525 0 1 0 1 100
4/4 44 1 5 0 0 100 64 1 5 1 5 100 224 0 1 0 1 100 45 0 1 0 1 100
4/4 34 1 5 0 0 100 524 1 5 1 5 100 74 0 1 0 1 100 35 0 1 0 1 100
4/4 223 1 5 0 0 100 44 1 5 1 5 100 74 0 1 0 1 100 224 0 1 0 1 100
4/4 713 1 5 0 0 100 34 1 5 1 5 100 524 0 1 0 1 100 714 0 1 0 1 100 713 1 5 0 2 100 223 1 5 1 25 100 44 0 1 0 3 100 64 0 1 0 3 100
4/4 73 1 5 0 0 100 223 1 5 1 5 100 524 0 1 0 1 100 74 0 1 0 1 100
4/4 63 1 5 0 0 100 713 1 5 1 5 100 34 0 1 0 1 100 524 0 1 0 1 100
4/4 223 1 5 0 0 100 44 1 5 1 5 100 64 0 1 0 1 100 714 0 1 0 1 100
4/4 23 1 5 0 0 100 44 1 5 1 5 100 74 0 1 0 1 100 24 0 1 0 1 100
4/4 73 1 5 0 0 100 23 1 5 1 5 100 44 0 1 0 1 100 74 0 1 0 1 100
4/4 34 1 5 0 0 100 524 1 5 1 5 100 74 0 1 0 1 100 35 0 1 0 1 100
4/4 223 1 5 0 0 100 44 1 5 1 5 100 74 0 1 0 1 100 224 0 1 0 1 100
4/4 713 1 5 0 0 100 34 1 5 1 5 100 524 0 1 0 1 100 74 0 1 0 1 100 713 0 2 0 2 100
4/4 73 1 5 0 0 100 223 1 5 1 5 100 524 0 1 0 1 100 64 0 1 0 1 100
4/4 63 1 5 0 0 100 713 1 5 1 5 100 34 0 1 0 1 100 524 0 1 0 1 100
4/4 33 1 5 0 0 100 73 1 5 1 5 100 34 0 1 0 1 100 524 0 1 0 1 100
4/4 63 1 5 0 0 100 713 1 5 1 5 100 34 0 1 0 1 100 524 0 1 0 1 100 73 1 5 0 2 100 23 1 5 1 25 100 44 0 1 0 3 100 74 0 1 0 3 100
4/4 34 1 5 0 0 100 54 1 5 1 5 100 74 0 1 0 1 100 35 0 1 0 1 100
4/4 315 0 1 0 0 100 65 0 1 0 0 100 715 0 1 0 0 100
4/4 315 0 1 0 0 100 65 0 1 0 0 100 715 0 1 0 0 100
4/4 35 0 1 0 0 100 525 0 1 0 0 100 715 0 1 0 0 100
4/4 35 0 1 0 0 100 525 0 1 0 0 100 715 0 1 0 0 100
4/4 315 0 1 0 0 100 65 0 1 0 0 100 715 0 1 0 0 100
4/4 315 0 1 0 0 100 65 0 1 0 0 100 715 0 1 0 0 100
4/4 35 0 1 0 0 100 525 0 1 0 0 100 715 0 1 0 0 100
4/4 35 0 1 0 0 100 525 0 1 0 0 100 715 0 1 0 0 100 524 1 5 1 25 100 64 1 5 0 3 100 74 1 5 1 35 100
4/4 74 0 3 0 0 100 64 0 1 0 3 100
4/4 315 0 1 0 0 100 65 0 1 0 0 100
4/4 35 0 1 0 0 100 525 0 1 0 0 100
4/4 24 0 1 0 0 100 45 0 1 0 0 100
4/4 24 0 1 0 0 100 45 0 1 0 0 100
4/4 34 0 1 0 0 100 524 0 1 0 0 100 74 0 1 0 0 100 44 0 1 0 2 100 614 0 1 0 2 100 35 0 1 0 2 100
4/4 74 0 1 0 0 100 224 0 1 0 0 100 45 0 1 0 0 100 714 0 1 0 2 100 35 0 1 0 2 100 525 0 1 0 2 100
4/4 14 0 1 0 0 100 35 0 1 0 0 100 525 0 1 0 0 100
4/4 224 0 1 0 0 100 45 0 1 0 0 100 65 0 1 0 0 100
4/4 24 0 1 0 0 100 45 0 1 0 0 100 65 0 1 0 0 100
4/4 34 0 4 0 0 100 74 1 35 1 5 100
4/4 74 0 4 0 0 100
