4/4 64 2 25 0 0 101 74 2 25 2 25 97 35 2 25 1 5 95 74 2 25 2 75 109 64 2 25 0 1 99 74 2 25 2 125 98 35 2 25 1 15 106 74 2 25 2 175 92 64 2 25 0 2 100 74 2 25 2 225 94 35 2 25 1 25 99 74 2 25 2 275 98 64 2 25 0 3 106 74 2 25 2 325 93 35 2 25 1 35 103 74 2 25 2 375 99
4/4 64 2 25 0 0 94 74 2 25 2 25 105 35 2 25 1 5 109 74 2 25 2 75 95 64 2 25 0 1 92 74 2 25 2 125 100 35 2 25 1 15 91 74 2 25 2 175 94 64 2 25 0 2 105 74 2 25 2 225 108 35 2 25 1 25 98 74 2 25 2 275 100 64 2 25 0 3 91 74 2 25 2 325 104 35 2 25 1 35 103 74 2 25 2 375 100
4/4 64 2 25 0 0 95 74 2 25 2 25 103 35 2 25 1 5 101 74 2 25 2 75 108 64 2 25 0 1 104 74 2 25 2 125 102 35 2 25 1 15 95 74 2 25 2 175 106 64 2 25 0 2 98 74 2 25 2 225 101 35 2 25 1 25 107 74 2 25 2 275 101 64 2 25 0 3 102 74 2 25 2 325 90 35 2 25 1 35 102 74 2 25 2 375 90
4/4 64 2 25 0 0 97 74 2 25 2 25 109 35 2 25 1 5 92 74 2 25 2 75 100 64 2 25 0 1 92 74 2 25 2 125 98 35 2 25 1 15 105 74 2 25 2 175 96 64 2 25 0 2 96 74 2 25 2 225 106 35 2 25 1 25 108 74 2 25 2 275 105 64 2 25 0 3 99 74 2 25 2 325 106 35 2 25 1 35 105 74 2 25 2 375 108
4/4 64 2 25 0 0 104 32 0 3 0 0 90 74 2 25 2 25 100 35 2 25 1 5 103 74 2 25 2 75 104 64 2 25 0 1 97 74 2 25 2 125 94 35 2 25 1 15 92 74 2 25 2 175 104 64 2 25 0 2 90 74 2 25 2 225 96 35 2 25 1 25 90 74 2 25 2 275 103 64 2 25 0 3 99 222 0 1 0 3 92 74 2 25 2 325 105 35 2 25 1 35 92 74 2 25 2 375 110
4/4 64 2 25 0 0 106 12 0 4 0 0 97 74 2 25 2 25 102 35 2 25 1 5 103 74 2 25 2 75 90 64 2 25 0 1 93 74 2 25 2 125 104 35 2 25 1 15 106 74 2 25 2 175 106 64 2 25 0 2 105 74 2 25 2 225 99 35 2 25 1 25 97 74 2 25 2 275 106 64 2 25 0 3 104 74 2 25 2 325 97 35 2 25 1 35 99 74 2 25 2 375 95
4/4 64 2 25 0 0 92 72 0 4 0 0 95 74 2 25 2 25 95 35 2 25 1 5 110 74 2 25 2 75 93 64 2 25 0 1 91 74 2 25 2 125 105 35 2 25 1 15 92 74 2 25 2 175 103 64 2 25 0 2 107 74 2 25 2 225 108 35 2 25 1 25 104 74 2 25 2 275 90 64 2 25 0 3 105 74 2 25 2 325 100 35 2 25 1 35 93 74 2 25 2 375 92
4/4 64 2 25 0 0 108 62 0 3 0 0 104 74 2 25 2 25 104 35 2 25 1 5 94 74 2 25 2 75 91 64 2 25 0 1 97 74 2 25 2 125 96 35 2 25 1 15 109 74 2 25 2 175 98 64 2 25 0 2 99 74 2 25 2 225 99 35 2 25 1 25 92 74 2 25 2 275 96 64 0 1 0 3 101 51 0 1 0 3 102 74 2 25 2 325 96 35 0 1 1 35 102 61 0 1 1 35 101 74 2 25 2 375 108
4/4 64 2 25 0 0 108 72 0 4 0 0 109 74 2 25 2 25 106 35 2 25 1 5 91 74 2 25 2 75 93 64 2 25 0 1 101 74 2 25 2 125 110 35 2 25 1 15 98 74 2 25 2 175 110 64 2 25 0 2 98 74 2 25 2 225 91 35 2 25 1 25 100 74 2 25 2 275 96 64 2 25 0 3 99 74 2 25 2 325 100 35 2 25 1 35 92 74 2 25 2 375 92
4/4 64 2 25 0 0 109 31 0 3 0 0 95 74 2 25 2 25 104 35 2 25 1 5 98 74 2 25 2 75 107 64 2 25 0 1 97 74 2 25 2 125 95 35 2 25 1 15 97 74 2 25 2 175 108 35 0 2 0 2 108 31 0 1 0 3 91
4/4 52 0 1 0 0 92 72 0 1 0 0 93 32 0 1 0 0 93 31 0 3 0 0 91 33 0 1 0 3 102 53 0 1 0 3 108 223 0 1 0 3 104 31 0 1 0 3 94
4/4 33 0 1 0 0 92 63 0 1 0 0 107 12 0 1 0 0 109 31 0 3 0 0 105 31 0 1 0 3 105
4/4 222 0 1 0 0 97 523 0 1 0 0 90 72 0 1 0 0 105 31 0 3 0 0 105 31 0 1 0 3 103
4/4 712 0 1 0 0 100 313 0 1 0 0 106 62 0 1 0 0 106 31 0 3 0 0 96 222 0 1 0 3 104 523 0 1 0 3 97 73 0 1 0 3 107 31 0 1 0 3 94
4/4 72 0 1 0 0 93 33 0 1 0 0 110 52 0 1 0 0 108 31 0 3 0 0 110 31 0 1 0 3 93
4/4 31 0 1 0 0 104 72 0 1 0 0 105 33 0 1 0 0 109 52 0 1 0 0 99 31 0 1 0 1 101 31 0 1 0 2 97 31 0 1 0 3 107
4/4 63 0 4 0 0 93 312 1 5 0 0 100 712 1 5 1 5 106 313 1 5 0 1 92 712 1 5 1 15 103 312 1 5 0 2 103 712 1 5 1 25 102 313 1 5 0 3 106 712 1 5 1 35 97
4/4 73 0 3 0 0 105 312 1 5 0 0 93 712 1 5 1 5 106 313 1 5 0 1 105 712 1 5 1 15 94 312 1 5 0 2 90 712 1 5 1 25 97 713 0 1 0 3 110 313 1 5 0 3 95 712 1 5 1 35 96
4/4 223 0 4 0 0 105 32 1 5 0 0 104 72 1 5 1 5 110 33 1 5 0 1 93 72 1 5 1 15 96 32 1 5 0 2 97 72 1 5 1 25 101 33 1 5 0 3 104 32 1 5 1 35 105
4/4 32 1 5 0 0 91 223 0 2 0 0 99 72 1 5 1 5 105 33 1 5 0 1 103 72 1 5 1 15 100 223 0 1 0 2 92 32 1 5 0 2 91 72 1 5 1 25 92 34 0 1 0 3 101 33 1 5 0 3 100 32 1 5 1 35 106
4/4 314 0 3 0 0 94 312 1 5 0 0 92 712 1 5 1 5 105 313 1 5 0 1 103 712 1 5 1 15 107 312 1 5 0 2 105 712 1 5 1 25 110 34 0 1 0 3 109 312 0 1 0 3 92 314 0 1 1 35 101 711 0 1 1 35 94
4/4 714 0 3 0 0 96 312 1 5 0 0 103 712 1 5 1 5 101 313 1 5 0 1 95 712 1 5 1 15 106 312 1 5 0 2 92 712 1 5 1 25 103 74 0 1 0 3 108 313 1 5 0 3 93 712 1 5 1 35 105
4/4 524 0 4 0 0 95 32 1 5 0 0 90 72 1 5 1 5 106 33 1 5 0 1 98 72 1 5 1 15 95 32 1 5 0 2 90 72 1 5 1 25 99 33 1 5 0 3 106 32 1 5 1 35 100
4/4 32 1 5 0 0 97 524 0 3 0 0 93 72 1 5 1 5 99 33 1 5 0 1 99 72 1 5 1 15 92 32 1 5 0 2 103 72 1 5 1 25 105 34 0 1 0 3 106 32 0 1 0 3 101 524 0 1 1 35 104 31 0 1 1 35 98
4/4 64 0 1 0 0 92 311 0 1 0 0 105 74 0 1 1 5 93 711 0 1 1 5 96 714 0 1 0 1 105 312 0 1 0 1 107 224 0 1 1 15 96 711 0 1 1 15 95 714 1 15 0 2 110 312 1 5 0 2 101 712 1 5 1 25 92 313 1 5 0 3 92 74 0 1 1 35 109 711 0 1 1 35 96 64 2 25 2 375 102
4/4 524 0 3 0 0 106 32 1 5 0 0 93 72 1 5 1 5 100 33 1 5 0 1 90 72 1 5 1 15 96 32 1 5 0 2 96 72 1 5 1 25 93 34 0 1 0 3 98 32 0 1 0 3 110 524 0 1 1 35 100 71 0 1 1 35 99
4/4 64 0 1 0 0 109 311 0 1 0 0 90 74 0 1 1 5 103 711 0 1 1 5 97 714 0 1 0 1 98 312 0 1 0 1 90 224 0 1 1 15 110 711 0 1 1 15 101 714 1 15 0 2 99 312 1 5 0 2 92 712 1 5 1 25 98 313 1 5 0 3 102 74 0 1 1 35 97 711 0 1 1 35 101 64 2 25 2 375 90
4/4 524 1 25 0 0 97 522 1 5 0 0 91 222 1 5 1 5 108 523 1 5 0 1 92 222 1 5 1 15 90 522 0 1 0 2 104 73 1 5 1 25 90 223 1 5 0 3 94 521 0 1 0 3 98 524 1 5 1 35 103
4/4 13 0 1 0 0 96 34 0 1 0 0 96 63 0 1 0 0 100 61 0 1 0 0 102 61 0 1 0 1 108 64 1 5 0 2 100 61 0 1 0 2 94 34 1 5 1 25 109 63 1 5 0 3 103 61 0 1 0 3 105 13 0 1 1 35 94 34 0 1 1 35 91 63 0 1 1 35 94
4/4 61 0 1 0 0 94 13 0 1 0 0 99 34 0 1 0 0 107 63 0 1 0 0 99 61 0 1 0 1 93 64 1 5 0 2 107 61 0 1 0 2 90 34 1 5 1 25 93 63 1 5 0 3 104 61 0 1 0 3 98 13 0 1 1 35 101 34 0 1 1 35 101 63 0 1 1 35 104
4/4 521 0 1 0 0 104 13 0 1 0 0 106 34 0 1 0 0 98 63 0 1 0 0 93 521 0 1 0 1 104 64 1 5 0 2 107 521 0 1 0 2 98 34 1 5 1 25 94 63 1 5 0 3 101 521 0 1 0 3 104 13 0 1 1 35 103 34 0 1 1 35 96 63 0 1 1 35 103
4/4 41 0 1 0 0 106 13 0 1 0 0 106 34 0 1 0 0 108 63 0 1 0 0 102 41 0 1 0 1 91 64 1 5 0 2 95 41 0 1 0 2 94 34 1 5 1 25 99 63 1 5 0 3 93 41 0 1 0 3 110 713 0 1 1 35 102 34 0 1 1 35 108 63 0 1 1 35 93
4/4 311 0 1 0 0 103 713 0 1 0 0 103 34 0 1 0 0 96 63 0 1 0 0 101 311 0 1 0 1 93 64 1 5 0 2 101 311 0 1 0 2 110 34 1 5 1 25 106 63 1 5 0 3 98 311 0 1 0 3 107 713 0 1 1 35 105 34 0 1 1 35 108 63 0 1 1 35 96
4/4 311 0 1 0 0 106 713 0 1 0 0 109 34 0 1 0 0 97 63 0 1 0 0 98 311 0 1 0 1 107 64 1 5 0 2 99 311 0 1 0 2 98 34 1 5 1 25 91 63 1 5 0 3 90 311 0 1 0 3 106 64 1 5 1 35 107
4/4 73 0 1 0 0 94 223 0 1 0 0 92 523 0 1 0 0 110 521 0 1 0 0 106 521 0 1 0 1 93 314 0 1 0 2 109 521 0 1 0 2 101 34 0 1 0 3 106 521 0 1 0 3 94
4/4 223 0 1 0 0 92 521 0 1 0 0 100 713 0 1 0 1 103 521 0 1 0 1 102 73 0 1 0 2 93 521 0 1 0 2 104 523 0 1 0 3 98 521 0 1 0 3 102
4/4 12 0 1 0 0 95 33 0 1 0 0 107 62 0 1 0 0 104 61 0 1 0 0 105 61 0 1 0 1 94 61 0 1 0 2 109 61 0 1 0 3 96
4/4 61 0 1 0 0 108 12 0 1 0 0 96 33 0 1 0 0 102 62 0 1 0 0 102 61 0 1 0 1 106 63 2 25 0 2 91 61 0 1 0 2 98 73 2 25 2 225 108 13 2 25 1 25 108 223 2 25 2 275 90 34 2 25 0 3 107 61 0 1 0 3 101 44 2 25 2 325 104 54 1 5 1 35 99
4/4 23 0 1 0 0 102 44 0 1 0 0 100 613 0 1 0 0 103 51 1 5 0 0 103 21 1 5 1 5 93 52 1 5 0 1 92 21 1 5 1 15 107 51 1 5 0 2 105 21 1 5 1 25 95 614 0 1 0 3 95 51 0 1 0 3 100 74 0 1 1 35 104 21 0 1 1 35 94
4/4 73 0 1 0 0 93 34 0 1 0 0 100 53 0 1 0 0 103 31 1 5 0 0 97 71 1 5 1 5 104 32 1 5 0 1 105 71 1 5 1 15 97 31 1 5 0 2 90 71 1 5 1 25 97 32 1 5 0 3 90 71 1 5 1 35 94
4/4 23 0 1 0 0 102 44 0 1 0 0 98 613 0 1 0 0 108 51 1 5 0 0 97 21 1 5 1 5 90 52 1 5 0 1 95 21 1 5 1 15 110 51 1 5 0 2 94 21 1 5 1 25 108 614 0 1 0 3 98 51 0 1 0 3 104 74 0 1 1 35 105 21 0 1 1 35 105
4/4 73 0 1 0 0 93 34 0 1 0 0 108 53 0 1 0 0 92 31 1 5 0 0 95 71 1 5 1 5 104 32 1 5 0 1 95 71 1 5 1 15 98 31 1 5 0 2 110 71 1 5 1 25 96 32 1 5 0 3 109 71 1 5 1 35 104
4/4 613 0 1 0 0 97 23 0 1 0 0 94 43 0 1 0 0 109 21 1 5 0 0 96 611 1 5 1 5 96 21 1 5 0 1 99 611 1 5 1 15 97 21 1 5 0 2 98 611 1 5 1 25 97 23 0 1 0 3 104 21 1 5 0 3 101 611 1 5 1 35 109
4/4 73 0 1 0 0 98 34 0 1 0 0 97 53 0 1 0 0 96 31 1 5 0 0 99 71 1 5 1 5 108 32 1 5 0 1 95 71 1 5 1 15 97 31 1 5 0 2 92 71 1 5 1 25 107 44 0 1 0 3 100 31 0 1 0 3 106 54 0 1 1 35 110 71 0 1 1 35 93
4/4 13 0 1 0 0 98 44 0 1 0 0 106 613 0 1 0 0 105 41 1 5 0 0 110 11 1 5 1 5 100 42 1 5 0 1 95 11 1 5 1 15 100 41 1 5 0 2 100 11 1 5 1 25 110 42 1 5 0 3 99 11 1 5 1 35 92
4/4 614 0 1 0 0 100 41 1 5 0 0 106 11 1 5 1 5 96 44 0 1 0 1 93 42 1 5 0 1 91 11 1 5 1 15 93 13 0 1 0 2 94 41 1 5 0 2 110 11 1 5 1 25 90 613 0 1 0 3 95 42 1 5 0 3 106 11 1 5 1 35 96
4/4 53 0 1 0 0 95 53 0 1 0 0 104 51 0 3 0 0 91 53 0 1 0 1 104 53 0 1 0 1 97 53 0 1 0 2 108 53 0 1 0 2 108 53 0 1 0 3 102 54 0 1 0 3 98 41 0 1 0 3 108
4/4 53 0 1 0 0 107 53 0 1 0 0 99 312 0 3 0 0 94 53 0 1 0 1 99 53 0 1 0 1 106 53 0 1 0 2 100 53 0 1 0 2 94 53 0 1 0 3 107 54 0 1 0 3 109 21 0 1 0 3 107
4/4 53 0 1 0 0 94 53 0 1 0 0 103 11 0 3 0 0 110 53 0 1 0 1 105 53 0 1 0 1 108 53 0 1 0 2 100 53 0 1 0 2 99 53 0 1 0 3 91 53 0 1 0 3 104 711 1 5 0 3 110 11 1 5 1 35 93
4/4 53 0 1 0 0 107 53 0 1 0 0 109 21 0 4 0 0 91 53 0 1 0 1 98 53 0 1 0 1 102 53 0 1 0 2 101 53 0 1 0 2 106 53 0 1 0 3 101 53 0 1 0 3 91
4/4 53 0 1 0 0 98 53 0 1 0 0 98 51 0 3 0 0 100 53 0 1 0 1 94 53 0 1 0 1 100 53 0 1 0 2 100 53 0 1 0 2 96 53 0 1 0 3 92 54 0 1 0 3 90 41 0 1 0 3 92
4/4 53 0 1 0 0 103 53 0 1 0 0 99 312 0 3 0 0 106 53 0 1 0 1 92 53 0 1 0 1 90 53 0 1 0 2 90 53 0 1 0 2 109 53 0 1 0 3 106 54 0 1 0 3 104 21 0 1 0 3 104
4/4 53 0 1 0 0 105 53 0 1 0 0 97 11 0 3 0 0 103 53 0 1 0 1 95 53 0 1 0 1 96 53 0 1 0 2 110 53 0 1 0 2 97 53 0 1 0 3 97 53 0 1 0 3 97 711 1 5 0 3 105 11 1 5 1 35 97
4/4 53 0 1 0 0 107 53 0 1 0 0 99 21 0 4 0 0 107 53 0 1 0 1 106 53 0 1 0 1 104 53 0 1 0 2 109 53 0 1 0 2 90 53 0 1 0 3 100 53 0 1 0 3 96
4/4 53 0 1 0 0 91 53 0 1 0 0 110 21 0 4 0 0 99 53 0 1 0 1 108 53 0 1 0 1 109 53 0 1 0 2 96 53 0 1 0 2 109 53 0 1 0 3 90 53 0 1 0 3 100
4/4 35 1 5 0 0 98 31 2 175 0 0 93 74 1 5 1 5 102 34 1 5 0 1 100 74 1 5 1 15 109 35 1 5 0 2 109 43 2 175 0 2 104 74 1 5 1 25 93 34 1 5 0 3 100 74 1 5 1 35 92
4/4 35 1 5 0 0 107 33 2 175 0 0 97 74 1 5 1 5 93 34 1 5 0 1 99 74 1 5 1 15 102 35 1 5 0 2 106 22 2 175 0 2 98 74 1 5 1 25 101 34 1 5 0 3 106 74 1 5 1 35 91
4/4 35 1 5 0 0 101 12 2 175 0 0 93 74 1 5 1 5 107 34 1 5 0 1 97 74 1 5 1 15 95 35 1 5 0 2 100 72 2 175 0 2 103 74 1 5 1 25 90 34 1 5 0 3 105 74 1 5 1 35 110
4/4 35 1 5 0 0 102 612 2 175 0 0 110 74 1 5 1 5 103 34 1 5 0 1 92 74 1 5 1 15 98 35 1 5 0 2 100 52 2 175 0 2 104 74 1 5 1 25 107 34 1 5 0 3 94 74 1 5 1 35 103
4/4 64 3 3667 0 0 95 312 1 5 0 0 110 712 1 5 1 5 105 313 1 5 0 1 110 712 1 5 1 15 95 312 1 5 0 2 101 712 1 5 1 25 98 313 1 5 0 3 109 712 1 5 1 35 95
4/4 74 3 2667 0 0 103 312 1 5 0 0 109 712 1 5 1 5 96 313 1 5 0 1 97 712 1 5 1 15 103 312 1 5 0 2 107 712 1 5 1 25 103 714 0 1 0 3 103 313 1 5 0 3 101 712 1 5 1 35 103
4/4 224 0 4 0 0 93 32 1 5 0 0 90 72 1 5 1 5 96 33 1 5 0 1 105 72 1 5 1 15 99 32 1 5 0 2 90 72 1 5 1 25 106 33 1 5 0 3 101 72 1 5 1 35 108
4/4 32 1 5 0 0 102 224 2 175 0 0 108 72 1 5 1 5 94 33 1 5 0 1 99 72 1 5 1 15 100 224 0 1 0 2 91 32 1 5 0 2 90 72 1 5 1 25 100 35 0 1 0 3 97 33 1 5 0 3 103 72 1 5 1 35 105
4/4 315 0 3 0 0 90 312 1 5 0 0 104 712 1 5 1 5 90 313 1 5 0 1 104 712 1 5 1 15 108 312 1 5 0 2 104 712 1 5 1 25 110 35 0 1 0 3 93 312 0 1 0 3 97 315 0 1 1 35 101 711 0 1 1 35 91
4/4 715 0 3 0 0 90 312 1 5 0 0 97 712 1 5 1 5 91 313 1 5 0 1 97 712 1 5 1 15 95 312 1 5 0 2 108 712 1 5 1 25 93 75 0 1 0 3 92 313 1 5 0 3 103 712 1 5 1 35 95
4/4 525 0 4 0 0 103 32 1 5 0 0 100 72 1 5 1 5 93 33 1 5 0 1 101 72 1 5 1 15 96 32 1 5 0 2 96 72 1 5 1 25 96 33 1 5 0 3 109 72 1 5 1 35 105
4/4 32 1 5 0 0 91 525 0 2 0 0 96 72 1 5 1 5 90 33 1 5 0 1 105 72 1 5 1 15 95 35 0 2 0 2 98 32 1 5 0 2 103 72 1 5 1 25 102 33 1 5 0 3 96 72 1 5 1 35 103
4/4 65 0 4 0 0 106 312 1 5 0 0 100 712 1 5 1 5 101 313 1 5 0 1 99 712 1 5 1 15 92 312 1 5 0 2 95 712 1 5 1 25 105 313 1 5 0 3 110 712 1 5 1 35 103
4/4 312 1 5 0 0 92 65 0 4 0 0 100 712 1 5 1 5 103 313 1 5 0 1 95 712 1 5 1 15 104 312 1 5 0 2 110 712 1 5 1 25 98 313 1 5 0 3 106 712 1 5 1 35 90
4/4 35 0 1 0 0 109 65 0 1 0 0 91 225 0 1 0 0 105 311 0 1 0 0 105
4/4 35 0 1 0 0 97 65 0 1 0 0 99 225 0 1 0 0 107 311 0 1 0 0 110
4/4 32 1 5 0 0 96 72 1 5 1 5 103 523 1 5 0 1 98 72 1 5 1 15 107 43 1 5 0 2 97 33 2 125 1 25 107
4/4 32 1 5 0 0 100 72 1 5 1 5 108 523 1 5 0 1 107 72 1 5 1 15 103 43 1 5 0 2 99 33 3 1333 1 25 108 34 1 5 0 3 96 524 1 5 1 35 95
4/4 74 3 2667 0 0 106 32 1 5 0 0 98 72 1 5 1 5 109 523 1 5 0 1 107 72 1 5 1 15 100 43 1 5 0 2 110 33 3 1333 1 25 98 64 1 5 0 3 91 224 1 5 1 35 106
4/4 32 1 5 0 0 100 224 0 3 0 0 107 72 1 5 1 5 110 43 1 5 0 1 103 72 1 5 1 15 100 33 1 5 0 2 109 222 3 1333 1 25 103 35 1 5 0 3 94 74 1 5 1 35 98
4/4 32 1 5 0 0 97 74 0 4 0 0 109 72 1 5 1 5 94 523 1 5 0 1 97 72 1 5 1 15 99 43 1 5 0 2 100 33 2 125 1 25 110
4/4 32 1 5 0 0 102 74 0 3 0 0 105 72 1 5 1 5 96 523 1 5 0 1 108 72 1 5 1 15 95 43 1 5 0 2 98 33 3 1333 1 25 99 34 1 5 0 3 98 524 1 5 1 35 94
4/4 74 0 3 0 0 93 32 1 5 0 0 98 72 1 5 1 5 90 523 1 5 0 1 107 72 1 5 1 15 106 43 1 5 0 2 93 33 3 1333 1 25 110 64 1 5 0 3 93 224 1 5 1 35 102
4/4 32 1 5 0 0 105 224 1 25 0 0 100 72 1 5 1 5 92 43 1 5 0 1 103 72 1 5 1 15 107 33 1 5 0 2 94 14 1 5 1 25 106 222 3 1333 1 25 100 224 1 5 0 3 105 35 1 5 1 35 101
4/4 74 0 4 0 0 90 32 1 5 0 0 95 72 1 5 1 5 92 523 1 5 0 1 103 72 1 5 1 15 96 43 1 5 0 2 105 33 2 125 1 25 100
4/4 32 1 5 0 0 101 74 1 25 0 0 110 72 1 5 1 5 95 523 1 5 0 1 98 72 1 5 1 15 100 43 1 5 0 2 108 64 1 5 1 25 100 33 3 1333 1 25 102 524 1 5 0 3 100 44 1 5 1 35 97
4/4 44 2 75 0 0 103 711 1 5 0 0 91 522 1 5 1 5 109 34 2 25 2 75 107 74 1 25 0 1 93 33 1 5 0 1 101 522 1 5 1 15 93 222 1 5 0 2 106 712 3 1333 1 25 100 34 1 5 1 35 91
4/4 44 2 75 0 0 107 711 1 5 0 0 95 522 1 5 1 5 108 34 2 25 2 75 94 74 1 25 0 1 99 33 1 5 0 1 103 522 1 5 1 15 106 222 1 5 0 2 94 712 3 1333 1 25 99 524 1 5 1 35 108
4/4 64 0 1 0 0 107 221 1 5 0 0 93 62 1 5 1 5 93 224 0 3 0 1 97 222 1 5 0 1 92 62 1 5 1 15 103 221 1 5 0 2 92 62 1 5 1 25 102 222 1 5 0 3 97 62 1 5 1 35 109
4/4 44 0 1 0 0 105 64 0 1 0 0 98 223 0 1 0 0 92 221 1 5 0 0 97 62 1 5 1 5 109 222 1 5 0 1 105 62 1 5 1 15 95 224 0 1 0 2 104 221 1 5 0 2 110 62 1 5 1 25 109 35 0 1 0 3 93 222 1 5 0 3 92 62 1 5 1 35 102
4/4 45 0 4 0 0 99 32 0 4 0 0 100 522 0 1 1 5 107 71 0 1 1 5 93 522 0 1 1 15 91 71 0 1 1 15 90 522 0 1 1 25 106 71 0 1 1 25 105 522 0 1 1 35 104 71 0 1 1 35 97
4/4 32 0 4 0 0 100 45 1 15 0 0 99 522 0 1 1 5 96 71 0 1 1 5 104 74 1 5 1 15 90 522 0 1 1 15 92 71 0 1 1 15 103 65 2 75 0 2 103 522 0 1 1 25 110 71 0 1 1 25 93 525 2 75 2 275 99 45 0 1 1 35 92 522 0 1 1 35 108 71 0 1 1 35 103
4/4 45 1 15 0 0 90 711 0 4 0 0 99 522 0 1 1 5 104 711 0 1 1 5 104 525 1 5 1 15 101 522 0 1 1 15 104 711 0 1 1 15 94 35 0 2 0 2 110 522 0 1 1 25 93 711 0 1 1 25 109 522 0 1 1 35 110 711 0 1 1 35 92
4/4 711 0 4 0 0 108 35 0 2 0 0 94 522 0 1 1 5 103 711 0 1 1 5 96 522 0 1 1 15 110 711 0 1 1 15 91 224 0 1 0 2 99 522 0 1 1 25 100 711 0 1 1 25 105 35 0 1 0 3 105 522 0 1 1 35 106 711 0 1 1 35 106
4/4 45 0 4 0 0 93 32 0 4 0 0 90 522 0 1 1 5 90 71 0 1 1 5 109 522 0 1 1 15 103 71 0 1 1 15 92 522 0 1 1 25 97 71 0 1 1 25 96 522 0 1 1 35 97 71 0 1 1 35 102
4/4 32 0 4 0 0 94 45 1 15 0 0 96 522 0 1 1 5 101 71 0 1 1 5 101 74 1 5 1 15 105 522 0 1 1 15 104 71 0 1 1 15 107 65 2 75 0 2 93 522 0 1 1 25 91 71 0 1 1 25 107 525 2 75 2 275 95 45 0 1 1 35 91 522 0 1 1 35 105 71 0 1 1 35 98
4/4 45 0 1 0 0 90 524 0 1 0 0 105 711 0 4 0 0 96 45 2 25 2 25 106 522 0 1 1 5 105 711 0 1 1 5 100 35 0 1 3 667 54 223 0 1 3 667 94 35 0 3 0 1 102 522 0 1 1 15 94 711 0 1 1 15 100 522 0 1 1 25 101 711 0 1 1 25 101 522 0 1 1 35 110 711 0 1 1 35 108
4/4 711 0 4 0 0 97 35 1 25 0 0 97 522 0 1 1 5 96 711 0 1 1 5 106 522 0 1 1 15 99 711 0 1 1 15 101 525 1 5 1 25 101 522 0 1 1 25 92 711 0 1 1 25 97 45 1 5 0 3 92 35 0 1 1 35 96 522 0 1 1 35 95 711 0 1 1 35 107
4/4 224 1 15 0 0 94 71 1 5 0 0 107 522 1 5 1 5 102 72 1 5 0 1 96 524 0 1 1 15 99 521 0 1 1 15 106 224 0 1 0 2 100 71 1 5 0 2 100 522 1 5 1 25 103 714 0 1 0 3 96 71 0 1 0 3 94 74 0 1 1 35 108 521 0 1 1 35 104
4/4 714 1 15 0 0 98 312 1 5 0 0 90 62 1 5 1 5 92 712 1 5 0 1 98 314 0 1 1 15 109 61 0 1 1 15 100 714 0 1 0 2 109 312 1 5 0 2 110 62 1 5 1 25 102 74 0 1 0 3 101 711 0 1 0 3 95 64 0 1 1 35 95 61 0 1 1 35 105
4/4 74 0 1 0 0 99 31 0 1 0 0 105 714 0 1 1 5 103 73 0 1 1 5 100 62 1 5 1 5 99 64 2 25 2 75 54 74 0 3 0 1 110 72 1 5 0 1 96 62 1 5 1 15 109 32 1 5 0 2 104 62 1 5 1 25 99 72 1 5 0 3 96 62 1 5 1 35 90
4/4 32 0 1 0 0 104 52 0 1 0 0 105 71 0 1 0 0 103 74 0 3 0 0 101 34 0 1 0 3 90
4/4 714 0 2 0 0 90 62 1 5 0 0 101 33 1 5 1 5 97 222 1 5 0 1 110 712 1 5 1 15 106 74 1 5 0 2 98 72 0 2 0 2 106 64 1 5 1 25 109 524 1 5 0 3 90 44 1 5 1 35 104
4/4 524 1 15 0 0 107 32 1 5 0 0 100 72 1 5 1 5 92 62 1 5 0 1 101 34 0 1 1 15 108 521 0 1 1 15 94 64 1 5 0 2 97 312 0 2 0 2 105 524 1 5 1 25 96 314 1 5 0 3 101 34 1 5 1 35 104
4/4 34 1 15 0 0 101 42 0 2 0 0 91 223 1 5 1 15 93 223 0 2 0 2 107 221 0 1 0 2 99 42 1 5 0 3 109 522 1 5 1 35 95
4/4 314 1 15 0 0 107 52 0 2 0 0 92 34 1 5 1 15 99 34 0 2 0 2 109 32 0 1 0 2 92 52 0 1 0 3 100
4/4 73 0 1 0 0 99 713 0 1 0 0 99 34 0 1 0 0 96 61 0 1 0 0 104
