4/4 34 1 5 0 3 96 524 1 5 1 35 103
4/4 74 3 2667 0 0 104 64 1 5 0 3 92 224 1 5 1 35 99
4/4 224 2 275 0 0 98 35 1 5 0 3 96 74 1 5 1 35 110
4/4 74 0 4 0 0 100
4/4 74 2 275 0 0 100 34 1 5 0 3 101 524 1 5 1 35 95
4/4 74 3 2667 0 0 95 64 1 5 0 3 98 224 1 5 1 35 109
4/4 224 1 25 0 0 110 14 1 5 1 25 96 224 1 5 0 3 104 35 1 5 1 35 93
4/4 74 0 4 0 0 97
2/4 74 2 175 0 0 99 65 2 25 2 175 109
4/4 65 2 125 0 0 101 35 1 5 1 15 107 35 0 2 0 2 110
2/4 35 2 175 0 0 97 525 0 1 2 175 96 63 0 1 2 175 59
4/4 525 0 1 0 0 103 63 0 1 0 0 67 224 1 5 1 15 105 224 0 2 0 2 107
2/4 224 2 175 0 0 98 715 0 1 2 175 108 224 0 1 2 175 68 524 0 1 2 175 69
4/4 715 0 1 0 0 104 224 0 1 0 0 71 524 0 1 0 0 63 225 2 175 0 2 91 75 0 1 2 375 96 74 0 1 2 375 74 44 0 1 2 375 57
4/4 75 0 1 0 0 91 74 0 1 0 0 56 44 0 1 0 0 66 34 1 5 0 3 94 524 1 5 1 35 100
4/4 74 3 2667 0 0 101 64 1 5 0 3 108 224 1 5 1 35 110
4/4 224 2 275 0 0 99 35 1 5 0 3 103 74 1 5 1 35 90
4/4 74 0 4 0 0 107
4/4 74 2 275 0 0 103 34 1 5 0 3 103 524 1 5 1 35 108
4/4 74 3 2667 0 0 110 64 1 5 0 3 95 224 1 5 1 35 102
4/4 224 1 25 0 0 102 14 1 5 1 25 95 224 1 5 0 3 100 35 1 5 1 35 99
4/4 74 0 4 0 0 91
4/4 74 2 175 0 0 94 64 1 5 1 25 91 524 1 5 0 3 107 44 1 5 1 35 100
4/4 44 2 75 0 0 103 34 2 25 2 75 97 74 1 25 0 1 104 34 1 5 1 35 93
4/4 44 2 75 0 0 110 34 2 25 2 75 104 74 1 25 0 1 93 524 1 5 1 35 106
4/4 44 0 1 0 0 63 63 0 1 0 0 91 44 0 1 0 1 64 223 0 1 0 1 100
4/4 44 0 1 0 0 73 223 0 1 0 0 99 44 0 1 0 2 71 223 0 1 0 2 101 35 0 1 0 3 99
4/4 524 0 1 0 0 64 74 0 1 0 0 54 35 0 1 0 0 54 44 0 1 0 0 96
4/4 524 0 1 0 0 60 74 0 1 0 0 59 35 0 1 0 0 55 44 0 1 0 0 102 74 1 5 1 15 110 65 2 75 0 2 105 525 2 75 2 275 108 45 1 5 1 35 97
4/4 45 2 75 0 0 98 35 2 25 2 75 104 35 0 3 0 1 95
4/4 35 2 175 0 0 101 224 0 1 0 2 98 35 0 1 0 3 103
4/4 524 0 1 0 0 72 74 0 1 0 0 68 35 0 1 0 0 56 44 0 1 0 0 96
4/4 524 0 1 0 0 72 74 0 1 0 0 60 35 0 1 0 0 68 44 0 1 0 0 96 74 1 5 1 15 102 65 2 75 0 2 109 525 2 75 2 275 92 45 1 5 1 35 97
4/4 45 2 25 0 0 98 525 2 25 2 25 97 45 2 25 1 5 104 35 2 325 2 75 108
4/4 35 0 1 0 0 101 525 0 1 0 1 108 45 0 1 0 2 92 35 0 1 0 3 97
4/4 223 0 1 0 0 74 524 0 1 0 0 55 223 0 1 0 0 90 524 1 5 1 15 109 224 0 1 0 2 96 714 1 5 0 3 106 74 1 5 1 35 109
4/4 713 0 1 0 0 62 314 0 1 0 0 58 713 0 1 0 0 94 314 1 5 1 15 99 714 0 1 0 2 99 74 1 5 0 3 102 64 1 5 1 35 109
4/4 73 0 1 0 0 73 33 0 1 0 0 70 74 3 3667 0 0 100
4/4 73 0 1 0 0 74 22 0 1 0 0 64 74 3 2667 0 0 103 34 1 5 0 3 91 524 1 5 1 35 97
4/4 74 0 4 0 0 90
4/4 74 3 3667 0 0 91
4/4 523 0 1 0 0 100 223 0 1 0 0 91 43 0 1 0 0 108
4/4 523 0 1 0 0 90 223 0 1 0 0 96 43 0 1 0 0 108
4/4
4/4
4/4
4/4
4/4
4/4
4/4
4/4
2/4
4/4 313 0 1 0 0 105 63 0 1 0 0 90 713 0 1 0 0 97 33 0 1 0 0 102
2/4 313 0 1 0 0 102 63 0 1 0 0 98 713 0 1 0 0 97 33 0 1 0 0 100
4/4 33 0 1 0 0 94 523 0 1 0 0 102 73 0 1 0 0 93 222 0 1 0 0 102
2/4 33 0 1 0 0 98 523 0 1 0 0 110 73 0 1 0 0 98 222 0 1 0 0 102
4/4 613 0 1 0 0 97 34 0 1 0 0 100 63 0 1 0 0 98
4/4 72 0 1 0 0 104 33 0 1 0 0 101 43 0 1 0 0 108 72 0 1 0 0 106
4/4 32 2 25 0 0 105 72 1 5 1 5 100 523 1 5 0 1 104 72 1 5 1 15 103 43 1 5 0 2 90 33 2 125 1 25 90
4/4 32 2 25 0 0 107 72 1 5 1 5 90 523 1 5 0 1 108 72 1 5 1 15 103 43 1 5 0 2 94 33 2 125 1 25 107
4/4 32 2 25 0 0 99 72 1 5 1 5 103 523 1 5 0 1 94 72 1 5 1 15 96 43 1 5 0 2 102 33 0 1 1 25 109 72 1 5 1 35 103
4/4 32 2 25 0 0 101 72 1 5 1 5 105 523 1 5 0 1 98 72 1 5 1 15 107 43 1 5 0 2 106 33 2 125 1 25 94
4/4 32 2 25 0 0 98 72 1 5 1 5 105 523 1 5 0 1 102 72 1 5 1 15 102 43 1 5 0 2 94 33 2 125 1 25 110
4/4 32 2 25 0 0 94 72 1 5 1 5 97 523 1 5 0 1 91 72 1 5 1 15 106 43 1 5 0 2 92 33 2 125 1 25 96
4/4 32 2 25 0 0 99 72 1 5 1 5 99 523 1 5 0 1 102 72 1 5 1 15 108 43 1 5 0 2 108 33 0 1 1 25 104 72 1 5 1 35 100
4/4 32 2 25 0 0 98 72 1 5 1 5 94 523 1 5 0 1 94 72 1 5 1 15 108 43 1 5 0 2 92 33 2 125 1 25 109
4/4 711 3 3667 0 0 90 522 1 5 1 5 108 33 2 25 0 1 109 522 1 5 1 15 93 43 2 25 0 2 102 522 1 5 1 25 105 33 0 1 0 3 105
4/4 711 3 3667 0 0 96 522 1 5 1 5 107 33 2 25 0 1 105 522 1 5 1 15 96 43 2 25 0 2 101 522 1 5 1 25 93 33 0 1 0 3 93
4/4 221 2 25 0 0 92 62 1 5 1 5 109 43 1 5 0 1 94 222 1 5 1 15 103 62 1 5 0 2 95 43 1 5 1 25 92 222 0 1 0 3 109
4/4 221 2 25 0 0 109 62 1 5 1 5 97 222 1 5 0 1 105 43 1 5 1 15 95 63 0 1 0 2 93 223 0 1 0 3 110
4/4 32 2 25 0 0 98 72 1 5 1 5 101 43 1 5 0 1 92 523 1 5 1 15 96 223 1 5 0 2 108 523 1 5 1 25 99 43 1 5 0 3 105 72 1 5 1 35 105
4/4 32 2 25 0 0 97 72 1 5 1 5 93 43 1 5 0 1 92 523 1 5 1 15 107 223 2 175 0 2 108
4/4 711 3 3667 0 0 110 522 1 5 1 5 92 33 2 25 0 1 102 522 1 5 1 15 90 222 2 25 0 2 105 522 1 5 1 25 93 712 2 25 0 3 92 522 1 5 1 35 104
4/4 711 3 3667 0 0 91 522 1 5 1 5 103 33 2 25 0 1 96 522 1 5 1 15 110 222 2 25 0 2 95 522 1 5 1 25 94 712 2 25 0 3 109 522 1 5 1 35 96
4/4 32 2 25 0 0 92 72 1 5 1 5 99 43 1 5 0 1 105 523 1 5 1 15 94 223 1 5 0 2 91 523 1 5 1 25 99 43 1 5 0 3 92 72 1 5 1 35 93
4/4 32 2 25 0 0 101 72 1 5 1 5 94 43 1 5 0 1 108 523 1 5 1 15 96 223 2 175 0 2 105
4/4 711 3 3667 0 0 90 522 1 5 1 5 106 33 2 25 0 1 91 522 1 5 1 15 91 222 2 25 0 2 101 522 1 5 1 25 107 712 2 25 0 3 100 522 1 5 1 35 103
4/4 711 3 3667 0 0 97
4/4 72 0 1 0 0 67 522 0 1 0 0 70
4/4 62 0 1 0 0 54 312 0 1 0 0 67
4/4 72 0 1 0 0 103 42 0 1 0 0 94 73 1 5 0 2 98 34 1 5 1 25 98 74 1 5 0 3 92 44 1 5 1 35 107
4/4 72 0 1 0 0 98 42 0 1 0 0 96
4/4 32 2 25 0 0 106 72 1 5 1 5 94 523 1 5 0 1 105 72 1 5 1 15 108 43 1 5 0 2 103 33 0 1 1 25 104 72 1 5 1 35 90
4/4 32 2 25 0 0 93 72 1 5 1 5 103 523 1 5 0 1 93 72 1 5 1 15 90 43 1 5 0 2 110 33 0 1 1 25 110 72 1 5 1 35 109
4/4 32 0 1 0 0 92 32 0 1 0 0 91
4/4 32 0 1 0 0 92 32 0 1 0 0 93
