4/4 34 2 25 1 35 62 44 2 25 2 375 54
4/4 524 2 75 0 0 60 33 0 1 0 0 66 523 0 1 0 0 58 72 0 1 0 0 71 44 2 25 2 75 56 524 2 25 0 1 60 74 2 75 2 125 56 44 0 1 0 2 62 222 0 1 0 2 67 43 0 1 0 2 55 72 0 1 0 2 71 73 1 5 1 35 62
4/4 34 2 75 0 0 61 712 0 1 0 0 68 33 0 1 0 0 56 522 0 1 0 0 60 223 1 5 2 75 39 34 2 25 0 1 68 524 1 5 2 125 60 223 0 1 0 2 57 72 0 1 0 2 69 222 0 1 0 2 63 522 0 1 0 2 67 73 1 5 1 35 61
4/4 713 2 75 0 0 60 62 0 1 0 0 64 712 0 1 0 0 55 32 0 1 0 0 61 73 2 25 2 75 56 713 2 25 0 1 54 524 2 75 2 125 65 73 1 5 0 2 62 32 0 1 0 2 68 72 0 1 0 2 61 32 0 1 0 2 70 613 1 5 1 25 66 73 1 5 0 3 58 44 2 25 1 35 69 524 2 25 2 375 68
4/4 44 0 1 0 0 72 42 0 1 0 0 62 612 0 1 0 0 68 11 0 1 0 0 61 13 2 25 0 1 71 44 2 75 2 125 73 72 0 1 2 175 60 63 0 1 2 175 59 44 0 1 2 175 62 72 0 1 2 175 59 34 2 25 1 35 73 44 2 25 2 375 67
4/4 524 2 75 0 0 62 33 0 1 0 0 73 523 0 1 0 0 74 72 0 1 0 0 67 44 2 25 2 75 60 524 2 25 0 1 57 74 2 75 2 125 71 223 0 1 0 2 71 43 0 1 0 2 71 222 0 1 0 2 63 43 0 1 0 2 67 72 0 1 0 2 59 73 1 5 1 35 73
4/4 34 2 75 0 0 69 712 0 1 0 0 58 33 0 1 0 0 60 522 0 1 0 0 68 223 1 5 2 75 25 34 2 25 0 1 58 524 1 5 2 125 68 223 0 1 0 2 74 72 0 1 0 2 62 222 0 1 0 2 62 523 0 1 0 2 56 62 0 1 0 2 56 73 1 5 1 35 59
4/4 713 1 5 0 0 59 62 0 1 0 0 66 712 0 1 0 0 59 32 0 1 0 0 62 524 2 25 1 5 62 44 2 75 2 75 63 524 1 5 1 15 55 64 0 1 0 2 72 31 0 1 0 2 68 74 0 1 1 25 60 71 0 1 1 25 65 524 2 75 2 275 69 523 0 1 0 3 59 524 1 5 1 35 57
4/4 524 2 25 0 0 66 62 0 1 0 0 56 712 0 1 0 0 55 32 0 1 0 0 54 44 2 25 2 25 54 34 1 5 1 5 55 73 0 1 0 1 59 23 0 1 0 1 58 43 0 1 0 1 61 72 0 1 0 1 70 22 0 1 0 1 65 42 0 1 0 1 59 63 0 1 1 15 59 73 0 1 1 15 69 22 0 1 1 15 61 33 0 1 2 175 60 523 0 1 2 175 70 32 0 1 2 175 74 73 0 1 2 175 57 34 0 1 2 175 72 71 0 1 2 175 68 524 2 25 1 35 58 64 2 25 2 375 61
4/4 74 0 1 0 0 68 521 0 1 0 0 63 222 1 5 1 5 66 64 2 25 2 75 62 74 2 25 0 1 64 73 0 1 0 1 68 224 2 75 2 125 74 64 0 1 0 2 62 42 1 5 0 2 60 222 1 5 1 25 60 63 0 1 0 3 60 73 0 1 1 35 56 43 0 1 1 35 71
4/4 73 0 1 0 0 65 524 0 1 0 0 67 31 0 1 0 0 69 72 1 5 1 5 68 44 2 25 2 75 67 524 2 25 0 1 60 523 0 1 0 1 60 74 2 75 2 125 67 223 0 1 0 2 64 44 0 1 0 2 60 73 0 1 0 2 71 221 1 5 0 2 63 62 1 5 1 25 63 43 0 1 0 3 64 223 0 1 1 35 55 44 0 1 1 35 66 73 0 1 1 35 55
4/4 524 0 1 0 0 73 714 0 1 0 0 62 34 0 1 0 0 61 711 1 5 0 0 54 522 1 5 1 5 67 712 0 1 0 1 64 224 2 25 1 15 65 714 2 25 2 175 69 224 0 1 0 2 57 521 0 1 0 2 65 222 1 5 1 25 61 73 0 1 2 275 56 223 0 1 2 275 54 523 0 1 2 275 71 73 0 1 0 3 66 223 0 1 0 3 74 524 0 1 0 3 57 522 0 1 0 3 61
4/4 34 0 1 0 0 70 64 0 1 0 0 56 713 0 1 0 0 73 61 0 1 0 0 61 61 0 1 0 0 63 34 0 1 1 5 65 73 0 1 1 5 54 34 0 1 0 1 72 63 0 1 0 1 67 61 0 1 0 1 71 61 0 1 0 1 63 34 0 1 1 15 59 523 0 1 1 15 55 34 0 1 0 2 64 44 0 1 0 2 56 74 0 1 0 2 64 71 0 1 0 2 55 71 0 1 0 2 61 13 0 1 0 3 58 43 0 1 2 375 67 73 0 1 2 375 63 22 0 1 2 375 72 71 0 1 2 375 55 71 0 1 2 375 67
4/4 43 0 1 0 0 66 73 0 1 0 0 56 22 0 1 0 0 69 71 0 1 0 0 73 71 0 1 0 0 57 72 2 25 0 1 58 62 2 25 2 125 57 34 0 1 1 15 73 521 0 1 1 15 73 44 0 1 2 175 54 41 0 1 2 175 73 524 0 1 0 2 65 31 0 1 0 2 73 72 1 5 1 25 65 44 2 25 2 275 65 524 2 25 0 3 66 523 0 1 0 3 74 74 2 75 2 325 71
4/4 44 0 1 0 0 61 221 1 5 0 0 57 62 1 5 1 5 60 222 0 1 0 1 74 73 1 5 1 15 63 34 0 1 0 2 64 711 0 1 0 2 54 522 1 5 1 25 64 223 2 25 2 275 55 34 2 25 0 3 63 33 0 1 0 3 62 524 2 75 2 325 59
4/4 63 0 1 0 0 70 222 0 1 0 0 58 71 1 5 0 0 67 522 1 5 1 5 59 222 0 1 0 1 74 73 1 5 1 15 61 713 0 1 0 2 55 61 0 1 0 2 72 524 0 1 1 25 67 31 0 1 1 25 54 44 2 75 2 275 73 712 0 1 0 3 66 524 1 5 1 35 72
4/4 64 0 1 0 0 71 31 0 1 0 0 65 74 0 1 1 5 70 71 0 1 1 5 64 524 2 125 2 75 70 523 0 1 0 1 74 524 2 25 0 2 54 62 0 1 0 2 59 712 0 1 0 2 71 32 0 1 0 2 57 44 2 25 2 225 59 34 1 5 1 25 62 73 0 1 2 275 63 23 0 1 2 275 67 43 0 1 2 275 61 72 0 1 0 3 54 22 0 1 0 3 61 42 0 1 0 3 71 63 0 1 3 3333 64 73 0 1 3 3333 68 43 0 1 3 3333 55 53 0 1 2 375 64 73 0 1 2 375 70 23 0 1 2 375 54 53 0 1 2 375 68 31 0 1 2 375 64 31 0 1 2 375 72
4/4 53 0 1 0 0 70 73 0 1 0 0 72 23 0 1 0 0 69 53 0 1 0 0 62 31 0 1 0 0 59 31 0 1 0 0 57 14 0 1 2 175 62 35 0 1 2 175 62 55 0 1 2 175 58 74 0 1 2 175 69
