6/8 74 1 5 1 25 100
6/8 35 2 75 0 0 100 74 2 25 2 75 100 35 1 5 0 1 100 45 0 1 1 15 100 74 1 5 1 25 100
6/8 55 2 75 0 0 100 65 2 25 2 75 100 75 1 5 0 1 100 75 2 125 1 15 100
6/8 65 0 1 0 0 100 65 1 5 0 1 100 65 2 75 1 15 100 55 2 25 2 225 100 45 1 5 1 25 100
6/8 55 2 125 0 0 100 35 0 1 1 15 100 74 1 5 1 25 100
6/8 35 2 75 0 0 100 74 2 25 2 75 100 35 1 5 0 1 100 45 0 1 1 15 100 74 1 5 1 25 100
6/8 55 2 75 0 0 100 65 2 25 2 75 100 75 1 5 0 1 100 75 2 125 1 15 100
6/8 65 0 1 0 0 100 65 1 5 0 1 100 65 2 75 1 15 100 55 2 25 2 225 100 45 1 5 1 25 100
6/8 35 0 1 0 0 100 55 1 5 0 1 100 35 0 1 1 15 100 35 1 5 1 25 100
6/8 15 0 1 0 0 100 15 1 5 0 1 100 15 2 75 1 15 100 75 2 25 2 225 100 65 1 5 1 25 100
6/8 75 2 75 0 0 100 35 2 25 2 75 100 35 1 5 0 1 100 35 0 1 1 15 100 35 1 5 1 25 100
6/8 15 0 1 0 0 100 15 1 5 0 1 100 15 2 75 1 15 100 75 2 25 2 225 100 65 1 5 1 25 100
6/8 75 3 2667 0 0 100
6/8 55 2 75 0 0 100 55 2 25 2 75 100 55 1 5 0 1 100 65 1 5 1 15 100 55 1 5 0 2 100 45 1 5 1 25 100
6/8 35 0 1 0 0 100 55 1 5 0 1 100 14 2 125 1 15 100
6/8 45 2 75 0 0 100 45 2 25 2 75 100 45 1 5 0 1 100 45 1 5 1 15 100 315 1 5 0 2 100 45 1 5 1 25 100
6/8 75 1 25 0 0 100 74 1 5 1 25 100
6/8 35 2 75 0 0 100 74 2 25 2 75 100 35 1 5 0 1 100 45 0 1 1 15 100 74 1 5 1 25 100
6/8 55 2 75 0 0 100 65 2 25 2 75 100 75 1 5 0 1 100 75 2 125 1 15 100
6/8 65 0 1 0 0 100 65 1 5 0 1 100 65 2 75 1 15 100 55 2 25 2 225 100 45 1 5 1 25 100
6/8 35 0 1 0 0 100 55 1 5 0 1 100 35 1 15 1 15 100
6/8 34 2 75 0 0 100 73 2 25 2 75 100 34 1 5 0 1 100 44 0 1 1 15 100 73 1 5 1 25 100
6/8 54 2 75 0 0 100 44 2 25 2 75 100 54 2 25 0 1 100 64 2 25 2 125 100 74 0 1 1 15 100 54 1 5 1 25 100
6/8 64 0 1 0 0 100 64 1 5 0 1 100 64 1 5 1 15 100 74 2 25 0 2 100 64 2 25 2 225 100 54 2 25 1 25 100 44 2 25 2 275 100
6/8 54 0 1 0 0 100 34 1 5 0 1 100 35 1 5 0 2 100 45 1 5 1 25 100
6/8 525 2 75 0 0 100 45 2 25 2 75 100 525 1 5 0 1 100 525 0 1 1 15 100 75 1 5 1 25 100
6/8 45 1 25 0 0 100 74 1 5 1 25 100
6/8 35 2 75 0 0 100 224 2 25 2 75 100 35 1 5 0 1 100 35 0 1 1 15 100 525 1 5 1 25 100
6/8 224 1 25 0 0 100 74 1 5 1 25 100
6/8 714 2 75 0 0 100 74 2 25 2 75 100 714 1 5 0 1 100 525 0 1 1 15 100 714 1 5 1 25 100
6/8 74 2 75 0 0 100 64 2 25 2 75 100 74 1 5 0 1 100 525 0 1 1 15 100 525 1 5 1 25 100
6/8 45 0 1 0 0 100 14 1 5 0 1 100 14 0 1 1 15 100 45 1 5 1 25 100
6/8 45 0 2 0 0 100 35 1 5 0 2 100 45 1 5 1 25 100
6/8 525 2 75 0 0 100 45 2 25 2 75 100 525 1 5 0 1 100 525 0 1 1 15 100 75 1 5 1 25 100
6/8 45 1 25 0 0 100 74 1 5 1 25 100
6/8 35 2 75 0 0 100 224 2 25 2 75 100 35 1 5 0 1 100 35 0 1 1 15 100 525 1 5 1 25 100
6/8 224 1 25 0 0 100 74 1 5 1 25 100
6/8 714 0 1 0 0 100 525 1 5 0 1 100 525 2 75 1 15 100 45 2 25 2 225 100 525 1 5 1 25 100
6/8 65 0 1 0 0 100 75 1 5 0 1 100 525 1 15 1 15 100
6/8 525 2 75 0 0 100 45 2 25 2 75 100 35 1 5 0 1 100 45 0 1 1 15 100 24 1 5 1 25 100
6/8 35 1 25 0 0 100 525 2 25 1 25 100 65 2 25 2 275 100
6/8 75 2 75 0 0 100 65 2 25 2 75 100 75 1 5 0 1 100 75 0 1 1 15 100 225 1 5 1 25 100
6/8 65 1 25 0 0 100 224 1 5 1 25 100
6/8 525 2 75 0 0 100 45 2 25 2 75 100 525 1 5 0 1 100 525 0 1 1 15 100 75 1 5 1 25 100
6/8 75 1 25 0 0 100 75 1 5 1 25 100
6/8 36 0 2 0 0 100 225 1 5 0 2 100 715 1 5 1 25 100
6/8 225 0 1 0 0 100 525 1 5 0 1 100 525 1 15 1 15 100
6/8 715 1 5 0 0 100 75 2 25 1 5 100 715 2 25 2 75 100 75 2 25 0 1 100 65 2 25 2 125 100 525 1 5 1 15 100 45 2 25 0 2 100 525 2 25 2 225 100 65 2 25 1 25 100 45 2 25 2 275 100
6/8 75 0 3 0 0 100
6/8 75 1 15 0 0 100 35 2 25 1 25 100 45 2 25 2 275 100
6/8 525 2 75 0 0 100 45 2 25 2 75 100 525 1 5 0 1 100 525 0 1 1 15 100 75 1 5 1 25 100
6/8 45 1 25 0 0 100 74 1 5 1 25 100
6/8 35 2 75 0 0 100 224 2 25 2 75 100 35 1 5 0 1 100 35 0 1 1 15 100 525 1 5 1 25 100
6/8 224 1 25 0 0 100 74 1 5 1 25 100
6/8 714 0 1 0 0 100 525 1 5 0 1 100 525 2 75 1 15 100 45 2 25 2 225 100 525 1 5 1 25 100
6/8 65 0 1 0 0 100 75 1 5 0 1 100 525 1 15 1 15 100
6/8 525 2 75 0 0 100 45 2 25 2 75 100 35 1 5 0 1 100 45 0 1 1 15 100 24 1 5 1 25 100
6/8 35 1 25 0 0 100 73 1 5 1 25 100
6/8 34 2 75 0 0 100 73 2 25 2 75 100 34 1 5 0 1 100 44 2 75 1 15 100 34 2 25 2 225 100 44 1 5 1 25 100
6/8 54 1 5 0 0 100 34 2 25 1 5 100 44 2 25 2 75 100 54 2 25 0 1 100 64 2 25 2 125 100 74 0 1 1 15 100 54 1 5 1 25 100
6/8 64 0 1 0 0 100 64 1 5 0 1 100 64 1 5 1 15 100 74 2 25 0 2 100 64 2 25 2 225 100 54 2 25 1 25 100 44 2 25 2 275 100
6/8 54 0 1 0 0 100 34 1 5 0 1 100 74 1 5 1 25 100
6/8 35 2 75 0 0 100 74 2 25 2 75 100 35 1 5 0 1 100 45 0 1 1 15 100 74 1 5 1 25 100
6/8 55 2 75 0 0 100 65 2 25 2 75 100 75 1 5 0 1 100 75 2 125 1 15 100
6/8 65 0 1 0 0 100 65 1 5 0 1 100 65 2 75 1 15 100 55 2 25 2 225 100 45 1 5 1 25 100
6/8 55 2 125 0 0 100 35 0 1 1 15 100 74 1 5 1 25 100
6/8 35 2 75 0 0 100 74 2 25 2 75 100 35 1 5 0 1 100 45 0 1 1 15 100 74 1 5 1 25 100
6/8 55 2 75 0 0 100 65 2 25 2 75 100 75 1 5 0 1 100 75 2 125 1 15 100
6/8 65 0 1 0 0 100 65 1 5 0 1 100 65 2 75 1 15 100 55 2 25 2 225 100 45 1 5 1 25 100
6/8 35 0 1 0 0 100 55 1 5 0 1 100 35 0 1 1 15 100 35 1 5 1 25 100
6/8 15 0 1 0 0 100 15 1 5 0 1 100 15 2 75 1 15 100 75 2 25 2 225 100 65 1 5 1 25 100
6/8 75 2 75 0 0 100 35 2 25 2 75 100 35 1 5 0 1 100 35 0 1 1 15 100 35 1 5 1 25 100
6/8 15 0 1 0 0 100 15 1 5 0 1 100 15 2 75 1 15 100 75 2 25 2 225 100 65 1 5 1 25 100
6/8 75 3 2667 0 0 100
6/8 55 2 75 0 0 100 55 2 25 2 75 100 55 1 5 0 1 100 65 1 5 1 15 100 55 1 5 0 2 100 45 1 5 1 25 100
6/8 35 0 1 0 0 100 55 1 5 0 1 100 14 2 125 1 15 100
6/8 45 2 75 0 0 100 45 2 25 2 75 100 45 1 5 0 1 100 45 1 5 1 15 100 315 1 5 0 2 100 45 1 5 1 25 100
6/8 75 1 25 0 0 100 74 1 5 1 25 100
6/8 35 2 75 0 0 100 74 2 25 2 75 100 35 1 5 0 1 100 45 0 1 1 15 100 74 1 5 1 25 100
6/8 55 2 75 0 0 100 65 2 25 2 75 100 75 1 5 0 1 100 75 2 125 1 15 100
6/8 65 0 1 0 0 100 65 1 5 0 1 100 65 2 75 1 15 100 55 2 25 2 225 100 45 1 5 1 25 100
6/8 35 0 1 0 0 100 55 1 5 0 1 100 35 0 1 1 15 100 74 1 5 1 25 100
6/8 35 2 75 0 0 100 74 2 25 2 75 100 35 1 5 0 1 100 45 0 1 1 15 100 74 1 5 1 25 100
6/8 55 2 75 0 0 100 65 2 25 2 75 100 75 1 5 0 1 100 75 1 15 1 15 100
6/8 65 0 1 0 0 100 65 1 5 0 1 100 65 2 75 1 15 100 55 2 25 2 225 100 45 1 5 1 25 100
6/8 35 0 1 0 0 100 55 1 5 0 1 100 35 1 15 1 15 100
6/8
6/8 73 0 1 0 0 100 34 0 1 0 0 100 53 0 1 0 0 100 73 0 1 1 15 100 23 0 1 1 15 100 43 0 1 1 15 100
6/8 73 0 1 0 0 100 34 0 1 0 0 100 53 0 1 0 0 100
6/8 73 0 1 0 0 100 23 0 1 0 0 100 43 0 1 0 0 100 73 0 1 1 15 100 23 0 1 1 15 100 43 0 1 1 15 100
6/8 73 0 1 0 0 100 34 0 1 0 0 100 53 0 1 0 0 100
6/8 73 0 1 0 0 100 34 0 1 0 0 100 53 0 1 0 0 100 73 0 1 1 15 100 23 0 1 1 15 100 43 0 1 1 15 100
6/8 73 0 1 0 0 100 34 0 1 0 0 100 53 0 1 0 0 100
6/8 73 0 1 0 0 100 23 0 1 0 0 100 43 0 1 0 0 100 73 0 1 1 15 100 23 0 1 1 15 100 43 0 1 1 15 100
6/8 73 0 1 0 0 100 34 0 1 0 0 100 53 0 1 0 0 100
6/8 13 0 1 0 0 100 34 0 1 0 0 100 63 0 1 0 0 100 13 0 1 1 15 100 34 0 1 1 15 100 63 0 1 1 15 100
6/8 73 0 1 0 0 100 34 0 1 0 0 100 53 0 1 0 0 100
6/8 13 0 1 0 0 100 34 0 1 0 0 100 63 0 1 0 0 100 13 0 1 1 15 100 34 0 1 1 15 100 63 0 1 1 15 100
6/8 73 0 1 0 0 100 34 0 1 0 0 100 53 0 1 0 0 100 54 1 5 1 15 100 34 1 5 0 2 100 73 1 5 1 25 100
6/8 713 0 1 0 0 100 23 0 1 0 0 100 53 0 1 0 0 100 713 0 1 1 15 100 23 0 1 1 15 100 53 0 1 1 15 100
6/8 13 0 1 0 0 100 34 0 1 0 0 100 53 0 1 0 0 100
6/8 613 0 1 0 0 100 34 0 1 0 0 100 43 0 1 0 0 100 613 0 1 1 15 100 34 0 1 1 15 100 43 0 1 1 15 100
6/8 73 0 1 0 0 100 23 0 1 0 0 100 43 0 1 0 0 100 73 1 5 1 15 100 13 1 5 0 2 100 23 1 5 1 25 100
6/8 73 0 1 0 0 100 34 0 1 0 0 100 53 0 1 0 0 100 73 0 1 1 15 100 23 0 1 1 15 100 43 0 1 1 15 100
6/8 73 0 1 0 0 100 34 0 1 0 0 100 53 0 1 0 0 100
6/8 73 0 1 0 0 100 23 0 1 0 0 100 43 0 1 0 0 100 73 0 1 1 15 100 23 0 1 1 15 100 43 0 1 1 15 100
6/8 73 0 1 0 0 100 34 0 1 0 0 100 53 0 1 0 0 100
6/8 33 1 15 0 0 100 72 1 15 1 15 100
6/8 33 0 3 0 0 100
6/8 72 1 15 0 0 100 72 1 15 1 15 100
6/8 33 1 15 0 0 100 73 1 15 1 15 100
6/8 73 0 1 0 0 100 34 0 1 0 0 100 523 0 1 0 0 100
6/8 73 0 1 0 0 100 223 0 1 0 0 100 43 0 1 0 0 100
6/8 713 0 1 0 0 100 34 0 1 0 0 100 523 0 1 0 0 100
6/8 73 0 1 0 0 100 223 0 1 0 0 100 523 0 1 0 0 100
6/8 63 0 1 0 0 100 713 0 1 0 0 100 33 0 1 0 0 100
6/8 523 0 1 0 0 100 73 0 1 0 0 100 33 0 1 0 0 100
6/8 43 0 1 0 0 100 613 0 1 0 0 100 33 0 1 0 0 100
6/8 73 1 5 0 0 100 34 1 5 1 5 100 44 1 5 0 1 100 74 1 15 1 15 100
6/8 73 0 1 0 0 100 34 0 1 0 0 100 523 0 1 0 0 100
6/8 73 0 1 0 0 100 223 0 1 0 0 100 43 0 1 0 0 100
6/8 713 0 1 0 0 100 34 0 1 0 0 100 523 0 1 0 0 100
6/8 73 0 1 0 0 100 223 0 1 0 0 100 523 0 1 0 0 100
6/8 63 0 1 0 0 100 713 0 1 0 0 100 33 0 1 0 0 100
6/8 523 0 1 0 0 100 73 0 1 0 0 100 33 0 1 0 0 100
6/8 63 0 1 0 0 100 713 0 1 0 0 100 33 0 1 0 0 100 73 0 1 1 15 100 23 0 1 1 15 100 43 0 1 1 15 100
6/8 523 0 1 0 0 100 73 0 1 0 0 100 33 0 1 0 0 100 33 1 15 1 15 100
6/8 73 0 1 0 0 100 223 0 1 0 0 100 523 0 1 0 0 100 73 0 1 1 15 100 223 0 1 1 15 100 523 0 1 1 15 100
6/8 63 0 1 0 0 100 223 0 1 0 0 100 43 0 1 0 0 100 63 0 1 1 15 100 223 0 1 1 15 100 43 0 1 1 15 100
6/8 73 0 1 0 0 100 34 0 1 0 0 100 523 0 1 0 0 100 73 0 1 1 15 100 34 0 1 1 15 100 523 0 1 1 15 100
6/8 73 0 1 0 0 100 223 0 1 0 0 100 43 0 1 0 0 100 73 0 1 1 15 100 223 0 1 1 15 100 43 0 1 1 15 100
6/8 713 0 1 0 0 100 34 0 1 0 0 100 523 0 1 0 0 100 713 0 1 1 15 100 34 0 1 1 15 100 523 0 1 1 15 100
6/8 73 0 1 0 0 100 223 0 1 0 0 100 523 0 1 0 0 100 73 0 1 1 15 100 223 0 1 1 15 100 523 0 1 1 15 100
6/8 63 0 1 0 0 100 713 0 1 0 0 100 33 0 1 0 0 100 63 0 1 1 15 100 713 0 1 1 15 100 33 0 1 1 15 100
6/8 73 1 5 0 0 100 23 1 5 1 5 100 44 1 5 0 1 100 64 1 5 1 15 100 44 1 5 0 2 100 23 1 5 1 25 100
6/8 73 1 5 0 0 100 23 1 5 1 5 100 44 1 5 0 1 100 64 1 5 1 15 100 44 1 5 0 2 100 23 1 5 1 25 100
6/8 73 0 1 0 0 100 34 0 1 0 0 100 523 0 1 0 0 100 73 0 1 1 15 100 34 0 1 1 15 100 523 0 1 1 15 100
6/8 73 1 5 0 0 100 223 1 5 1 5 100 44 1 5 0 1 100 73 1 15 1 15 100
6/8 713 0 1 0 0 100 34 0 1 0 0 100 523 0 1 0 0 100 713 0 1 1 15 100 34 0 1 1 15 100 523 0 1 1 15 100
6/8 523 1 5 0 0 100 73 1 5 1 5 100 223 1 5 0 1 100 524 1 15 1 15 100
6/8 63 0 1 0 0 100 713 0 1 0 0 100 33 0 1 0 0 100 63 0 1 1 15 100 713 0 1 1 15 100 33 0 1 1 15 100
6/8 523 0 1 0 0 100 73 0 1 0 0 100 33 0 1 0 0 100 73 1 5 1 15 100 34 1 5 0 2 100 73 1 5 1 25 100
6/8 63 0 1 0 0 100 713 0 1 0 0 100 33 0 1 0 0 100 73 0 1 1 15 100 23 0 1 1 15 100 43 0 1 1 15 100
6/8 34 1 5 0 0 100 73 1 5 1 5 100 523 1 5 0 1 100 33 1 15 1 15 100
6/8 33 1 15 0 0 100 72 1 15 1 15 100
6/8 33 0 3 0 0 100
6/8 72 1 15 0 0 100 72 1 15 1 15 100
6/8 33 1 15 0 0 100 73 1 15 1 15 100
6/8 73 0 1 0 0 100 34 0 1 0 0 100 53 0 1 0 0 100 73 0 1 1 15 100 23 0 1 1 15 100 43 0 1 1 15 100
6/8 73 0 1 0 0 100 34 0 1 0 0 100 53 0 1 0 0 100
6/8 73 0 1 0 0 100 23 0 1 0 0 100 43 0 1 0 0 100 73 0 1 1 15 100 23 0 1 1 15 100 43 0 1 1 15 100
6/8 73 0 1 0 0 100 34 0 1 0 0 100 53 0 1 0 0 100
6/8 73 0 1 0 0 100 34 0 1 0 0 100 53 0 1 0 0 100 73 0 1 1 15 100 23 0 1 1 15 100 43 0 1 1 15 100
6/8 73 0 1 0 0 100 34 0 1 0 0 100 53 0 1 0 0 100
6/8 73 0 1 0 0 100 23 0 1 0 0 100 43 0 1 0 0 100 73 0 1 1 15 100 23 0 1 1 15 100 43 0 1 1 15 100
6/8 73 0 1 0 0 100 34 0 1 0 0 100 53 0 1 0 0 100
6/8 13 0 1 0 0 100 34 0 1 0 0 100 63 0 1 0 0 100 13 0 1 1 15 100 34 0 1 1 15 100 63 0 1 1 15 100
6/8 73 0 1 0 0 100 34 0 1 0 0 100 53 0 1 0 0 100
6/8 13 0 1 0 0 100 34 0 1 0 0 100 63 0 1 0 0 100 13 0 1 1 15 100 34 0 1 1 15 100 63 0 1 1 15 100
6/8 73 0 1 0 0 100 34 0 1 0 0 100 53 0 1 0 0 100 54 1 5 1 15 100 34 1 5 0 2 100 73 1 5 1 25 100
6/8 713 0 1 0 0 100 23 0 1 0 0 100 53 0 1 0 0 100 713 0 1 1 15 100 23 0 1 1 15 100 53 0 1 1 15 100
6/8 13 0 1 0 0 100 34 0 1 0 0 100 53 0 1 0 0 100
6/8 613 0 1 0 0 100 34 0 1 0 0 100 43 0 1 0 0 100 613 0 1 1 15 100 34 0 1 1 15 100 43 0 1 1 15 100
6/8 73 0 1 0 0 100 23 0 1 0 0 100 43 0 1 0 0 100 73 1 5 1 15 100 13 1 5 0 2 100 23 1 5 1 25 100
6/8 73 0 1 0 0 100 34 0 1 0 0 100 53 0 1 0 0 100 73 0 1 1 15 100 23 0 1 1 15 100 43 0 1 1 15 100
6/8 73 0 1 0 0 100 34 0 1 0 0 100 53 0 1 0 0 100
6/8 73 0 1 0 0 100 23 0 1 0 0 100 43 0 1 0 0 100 73 0 1 1 15 100 23 0 1 1 15 100 43 0 1 1 15 100
6/8 73 0 1 0 0 100 34 0 1 0 0 100 53 0 1 0 0 100
6/8 73 0 1 0 0 100 34 0 1 0 0 100 53 0 1 0 0 100 73 0 1 1 15 100 23 0 1 1 15 100 43 0 1 1 15 100
6/8 73 0 1 0 0 100 34 0 1 0 0 100 53 0 1 0 0 100
6/8 73 0 1 0 0 100 23 0 1 0 0 100 43 0 1 0 0 100 73 0 1 1 15 100 23 0 1 1 15 100 43 0 1 1 15 100
6/8 34 1 5 0 0 100 73 1 5 1 5 100 53 1 5 0 1 100 33 1 15 1 15 100
