6/8 75 1 5 1 25 100
6/8 36 2 75 0 0 100 75 2 25 2 75 100 36 1 5 0 1 100 46 0 1 1 15 100 75 1 5 1 25 100
6/8 56 2 75 0 0 100 66 2 25 2 75 100 76 1 5 0 1 100 76 2 125 1 15 100
6/8 66 0 1 0 0 100 66 1 5 0 1 100 66 2 75 1 15 100 56 2 25 2 225 100 46 1 5 1 25 100
6/8 56 2 125 0 0 100 36 0 1 1 15 100 75 1 5 1 25 100
6/8 36 2 75 0 0 100 75 2 25 2 75 100 36 1 5 0 1 100 46 0 1 1 15 100 75 1 5 1 25 100
6/8 56 2 75 0 0 100 66 2 25 2 75 100 76 1 5 0 1 100 76 2 125 1 15 100
6/8 66 0 1 0 0 100 66 1 5 0 1 100 66 2 75 1 15 100 56 2 25 2 225 100 46 1 5 1 25 100
6/8 36 0 1 0 0 100 56 1 5 0 1 100 36 0 1 1 15 100 36 1 5 1 25 100
6/8 16 0 1 0 0 100 16 1 5 0 1 100 16 2 75 1 15 100 76 2 25 2 225 100 66 1 5 1 25 100
6/8 76 2 75 0 0 100 36 2 25 2 75 100 36 1 5 0 1 100 36 0 1 1 15 100 36 1 5 1 25 100
6/8 16 0 1 0 0 100 16 1 5 0 1 100 16 2 75 1 15 100 76 2 25 2 225 100 66 1 5 1 25 100
6/8 76 3 2667 0 0 100
6/8 56 2 75 0 0 100 56 2 25 2 75 100 56 1 5 0 1 100 66 1 5 1 15 100 56 1 5 0 2 100 46 1 5 1 25 100
6/8 36 0 1 0 0 100 56 1 5 0 1 100 15 2 125 1 15 100
6/8 46 2 75 0 0 100 46 2 25 2 75 100 46 1 5 0 1 100 46 1 5 1 15 100 316 1 5 0 2 100 46 1 5 1 25 100
6/8 76 1 25 0 0 100 75 1 5 1 25 100
6/8 36 2 75 0 0 100 75 2 25 2 75 100 36 1 5 0 1 100 46 0 1 1 15 100 75 1 5 1 25 100
6/8 56 2 75 0 0 100 66 2 25 2 75 100 76 1 5 0 1 100 76 2 125 1 15 100
6/8 66 0 1 0 0 100 66 1 5 0 1 100 66 2 75 1 15 100 56 2 25 2 225 100 46 1 5 1 25 100
6/8 36 0 1 0 0 100 56 1 5 0 1 100 36 1 15 1 15 100
6/8 35 2 75 0 0 100 74 2 25 2 75 100 35 1 5 0 1 100 45 0 1 1 15 100 74 1 5 1 25 100
6/8 55 2 75 0 0 100 45 2 25 2 75 100 55 2 25 0 1 100 65 2 25 2 125 100 75 0 1 1 15 100 55 1 5 1 25 100
6/8 65 0 1 0 0 100 65 1 5 0 1 100 65 1 5 1 15 100 75 2 25 0 2 100 65 2 25 2 225 100 55 2 25 1 25 100 45 2 25 2 275 100
6/8 55 0 1 0 0 100 35 1 5 0 1 100 36 1 5 0 2 100 46 1 5 1 25 100
6/8 526 2 75 0 0 100 46 2 25 2 75 100 526 1 5 0 1 100 526 0 1 1 15 100 76 1 5 1 25 100
6/8 46 1 25 0 0 100 75 1 5 1 25 100
6/8 36 2 75 0 0 100 225 2 25 2 75 100 36 1 5 0 1 100 36 0 1 1 15 100 526 1 5 1 25 100
6/8 225 1 25 0 0 100 75 1 5 1 25 100
6/8 715 2 75 0 0 100 75 2 25 2 75 100 715 1 5 0 1 100 526 0 1 1 15 100 715 1 5 1 25 100
6/8 75 2 75 0 0 100 65 2 25 2 75 100 75 1 5 0 1 100 526 0 1 1 15 100 526 1 5 1 25 100
6/8 46 0 1 0 0 100 15 1 5 0 1 100 15 0 1 1 15 100 46 1 5 1 25 100
6/8 46 0 2 0 0 100 36 1 5 0 2 100 46 1 5 1 25 100
6/8 526 2 75 0 0 100 46 2 25 2 75 100 526 1 5 0 1 100 526 0 1 1 15 100 76 1 5 1 25 100
6/8 46 1 25 0 0 100 75 1 5 1 25 100
6/8 36 2 75 0 0 100 225 2 25 2 75 100 36 1 5 0 1 100 36 0 1 1 15 100 526 1 5 1 25 100
6/8 225 1 25 0 0 100 75 1 5 1 25 100
6/8 715 0 1 0 0 100 526 1 5 0 1 100 526 2 75 1 15 100 46 2 25 2 225 100 526 1 5 1 25 100
6/8 66 0 1 0 0 100 76 1 5 0 1 100 526 1 15 1 15 100
6/8 526 2 75 0 0 100 46 2 25 2 75 100 36 1 5 0 1 100 46 0 1 1 15 100 25 1 5 1 25 100
6/8 36 1 25 0 0 100 526 2 25 1 25 100 66 2 25 2 275 100
6/8 76 2 75 0 0 100 66 2 25 2 75 100 76 1 5 0 1 100 76 0 1 1 15 100 226 1 5 1 25 100
6/8 66 1 25 0 0 100 225 1 5 1 25 100
6/8 526 2 75 0 0 100 46 2 25 2 75 100 526 1 5 0 1 100 526 0 1 1 15 100 76 1 5 1 25 100
6/8 76 1 25 0 0 100 76 1 5 1 25 100
6/8 37 0 2 0 0 100 226 1 5 0 2 100 716 1 5 1 25 100
6/8 226 0 1 0 0 100 526 1 5 0 1 100 526 1 15 1 15 100
6/8 716 1 5 0 0 100 76 2 25 1 5 100 716 2 25 2 75 100 76 2 25 0 1 100 66 2 25 2 125 100 526 1 5 1 15 100 46 2 25 0 2 100 526 2 25 2 225 100 66 2 25 1 25 100 46 2 25 2 275 100
6/8 76 0 3 0 0 100
6/8 76 1 15 0 0 100 36 2 25 1 25 100 46 2 25 2 275 100
6/8 526 2 75 0 0 100 46 2 25 2 75 100 526 1 5 0 1 100 526 0 1 1 15 100 76 1 5 1 25 100
6/8 46 1 25 0 0 100 75 1 5 1 25 100
6/8 36 2 75 0 0 100 225 2 25 2 75 100 36 1 5 0 1 100 36 0 1 1 15 100 526 1 5 1 25 100
6/8 225 1 25 0 0 100 75 1 5 1 25 100
6/8 715 0 1 0 0 100 526 1 5 0 1 100 526 2 75 1 15 100 46 2 25 2 225 100 526 1 5 1 25 100
6/8 66 0 1 0 0 100 76 1 5 0 1 100 526 1 15 1 15 100
6/8 526 2 75 0 0 100 46 2 25 2 75 100 36 1 5 0 1 100 46 0 1 1 15 100 25 1 5 1 25 100
6/8 36 1 25 0 0 100 74 1 5 1 25 100
6/8 35 2 75 0 0 100 74 2 25 2 75 100 35 1 5 0 1 100 45 2 75 1 15 100 35 2 25 2 225 100 45 1 5 1 25 100
6/8 55 1 5 0 0 100 35 2 25 1 5 100 45 2 25 2 75 100 55 2 25 0 1 100 65 2 25 2 125 100 75 0 1 1 15 100 55 1 5 1 25 100
6/8 65 0 1 0 0 100 65 1 5 0 1 100 65 1 5 1 15 100 75 2 25 0 2 100 65 2 25 2 225 100 55 2 25 1 25 100 45 2 25 2 275 100
6/8 55 0 1 0 0 100 35 1 5 0 1 100 75 1 5 1 25 100
6/8 36 2 75 0 0 100 75 2 25 2 75 100 36 1 5 0 1 100 46 0 1 1 15 100 75 1 5 1 25 100
6/8 56 2 75 0 0 100 66 2 25 2 75 100 76 1 5 0 1 100 76 2 125 1 15 100
6/8 66 0 1 0 0 100 66 1 5 0 1 100 66 2 75 1 15 100 56 2 25 2 225 100 46 1 5 1 25 100
6/8 56 2 125 0 0 100 36 0 1 1 15 100 75 1 5 1 25 100
6/8 36 2 75 0 0 100 75 2 25 2 75 100 36 1 5 0 1 100 46 0 1 1 15 100 75 1 5 1 25 100
6/8 56 2 75 0 0 100 66 2 25 2 75 100 76 1 5 0 1 100 76 2 125 1 15 100
6/8 66 0 1 0 0 100 66 1 5 0 1 100 66 2 75 1 15 100 56 2 25 2 225 100 46 1 5 1 25 100
6/8 36 0 1 0 0 100 56 1 5 0 1 100 36 0 1 1 15 100 36 1 5 1 25 100
6/8 16 0 1 0 0 100 16 1 5 0 1 100 16 2 75 1 15 100 76 2 25 2 225 100 66 1 5 1 25 100
6/8 76 2 75 0 0 100 36 2 25 2 75 100 36 1 5 0 1 100 36 0 1 1 15 100 36 1 5 1 25 100
6/8 16 0 1 0 0 100 16 1 5 0 1 100 16 2 75 1 15 100 76 2 25 2 225 100 66 1 5 1 25 100
6/8 76 3 2667 0 0 100
6/8 56 2 75 0 0 100 56 2 25 2 75 100 56 1 5 0 1 100 66 1 5 1 15 100 56 1 5 0 2 100 46 1 5 1 25 100
6/8 36 0 1 0 0 100 56 1 5 0 1 100 15 2 125 1 15 100
6/8 46 2 75 0 0 100 46 2 25 2 75 100 46 1 5 0 1 100 46 1 5 1 15 100 316 1 5 0 2 100 46 1 5 1 25 100
6/8 76 1 25 0 0 100 75 1 5 1 25 100
6/8 36 2 75 0 0 100 75 2 25 2 75 100 36 1 5 0 1 100 46 0 1 1 15 100 75 1 5 1 25 100
6/8 56 2 75 0 0 100 66 2 25 2 75 100 76 1 5 0 1 100 76 2 125 1 15 100
6/8 66 0 1 0 0 100 66 1 5 0 1 100 66 2 75 1 15 100 56 2 25 2 225 100 46 1 5 1 25 100
6/8 36 0 1 0 0 100 56 1 5 0 1 100 36 0 1 1 15 100 75 1 5 1 25 100
6/8 36 2 75 0 0 100 75 2 25 2 75 100 36 1 5 0 1 100 46 0 1 1 15 100 75 1 5 1 25 100
6/8 56 2 75 0 0 100 66 2 25 2 75 100 76 1 5 0 1 100 76 1 15 1 15 100
6/8 66 0 1 0 0 100 66 1 5 0 1 100 66 2 75 1 15 100 56 2 25 2 225 100 46 1 5 1 25 100
6/8 36 0 1 0 0 100 56 1 5 0 1 100 36 1 15 1 15 100
6/8
6/8 74 0 1 0 0 100 35 0 1 0 0 100 55 0 1 0 0 100 74 0 1 1 15 100 24 0 1 1 15 100 45 0 1 1 15 100
6/8 74 0 1 0 0 100 35 0 1 0 0 100 55 0 1 0 0 100
6/8 74 0 1 0 0 100 24 0 1 0 0 100 45 0 1 0 0 100 74 0 1 1 15 100 24 0 1 1 15 100 45 0 1 1 15 100
6/8 74 0 1 0 0 100 35 0 1 0 0 100 55 0 1 0 0 100
6/8 74 0 1 0 0 100 35 0 1 0 0 100 55 0 1 0 0 100 74 0 1 1 15 100 24 0 1 1 15 100 45 0 1 1 15 100
6/8 74 0 1 0 0 100 35 0 1 0 0 100 55 0 1 0 0 100
6/8 74 0 1 0 0 100 24 0 1 0 0 100 45 0 1 0 0 100 74 0 1 1 15 100 24 0 1 1 15 100 45 0 1 1 15 100
6/8 74 0 1 0 0 100 35 0 1 0 0 100 55 0 1 0 0 100
6/8 14 0 1 0 0 100 35 0 1 0 0 100 65 0 1 0 0 100 14 0 1 1 15 100 35 0 1 1 15 100 65 0 1 1 15 100
6/8 74 0 1 0 0 100 35 0 1 0 0 100 55 0 1 0 0 100
6/8 14 0 1 0 0 100 35 0 1 0 0 100 65 0 1 0 0 100 14 0 1 1 15 100 35 0 1 1 15 100 65 0 1 1 15 100
6/8 74 0 1 0 0 100 35 0 1 0 0 100 55 0 1 0 0 100 55 1 5 1 15 100 35 1 5 0 2 100 74 1 5 1 25 100
6/8 714 0 1 0 0 100 24 0 1 0 0 100 55 0 1 0 0 100 714 0 1 1 15 100 24 0 1 1 15 100 55 0 1 1 15 100
6/8 14 0 1 0 0 100 35 0 1 0 0 100 55 0 1 0 0 100
6/8 614 0 1 0 0 100 35 0 1 0 0 100 45 0 1 0 0 100 614 0 1 1 15 100 35 0 1 1 15 100 45 0 1 1 15 100
6/8 74 0 1 0 0 100 24 0 1 0 0 100 45 0 1 0 0 100 74 1 5 1 15 100 14 1 5 0 2 100 24 1 5 1 25 100
6/8 74 0 1 0 0 100 35 0 1 0 0 100 55 0 1 0 0 100 74 0 1 1 15 100 24 0 1 1 15 100 45 0 1 1 15 100
6/8 74 0 1 0 0 100 35 0 1 0 0 100 55 0 1 0 0 100
6/8 74 0 1 0 0 100 24 0 1 0 0 100 45 0 1 0 0 100 74 0 1 1 15 100 24 0 1 1 15 100 45 0 1 1 15 100
6/8 74 0 1 0 0 100 35 0 1 0 0 100 55 0 1 0 0 100
6/8 34 1 15 0 0 100 73 1 15 1 15 100
6/8 34 0 3 0 0 100
6/8 73 1 15 0 0 100 73 1 15 1 15 100
6/8 34 1 15 0 0 100 74 1 15 1 15 100
6/8 74 0 1 0 0 100 35 0 1 0 0 100 525 0 1 0 0 100
6/8 74 0 1 0 0 100 224 0 1 0 0 100 45 0 1 0 0 100
6/8 714 0 1 0 0 100 35 0 1 0 0 100 525 0 1 0 0 100
6/8 74 0 1 0 0 100 224 0 1 0 0 100 525 0 1 0 0 100
6/8 64 0 1 0 0 100 714 0 1 0 0 100 35 0 1 0 0 100
6/8 524 0 1 0 0 100 74 0 1 0 0 100 35 0 1 0 0 100
6/8 44 0 1 0 0 100 614 0 1 0 0 100 35 0 1 0 0 100
6/8 74 1 5 0 0 100 35 1 5 1 5 100 45 1 5 0 1 100 75 1 15 1 15 100
6/8 74 0 1 0 0 100 35 0 1 0 0 100 525 0 1 0 0 100
6/8 74 0 1 0 0 100 224 0 1 0 0 100 45 0 1 0 0 100
6/8 714 0 1 0 0 100 35 0 1 0 0 100 525 0 1 0 0 100
6/8 74 0 1 0 0 100 224 0 1 0 0 100 525 0 1 0 0 100
6/8 64 0 1 0 0 100 714 0 1 0 0 100 35 0 1 0 0 100
6/8 524 0 1 0 0 100 74 0 1 0 0 100 35 0 1 0 0 100
6/8 64 0 1 0 0 100 714 0 1 0 0 100 35 0 1 0 0 100 74 0 1 1 15 100 24 0 1 1 15 100 45 0 1 1 15 100
6/8 524 0 1 0 0 100 74 0 1 0 0 100 35 0 1 0 0 100 34 1 15 1 15 100
6/8 74 0 1 0 0 100 224 0 1 0 0 100 525 0 1 0 0 100 74 0 1 1 15 100 224 0 1 1 15 100 525 0 1 1 15 100
6/8 64 0 1 0 0 100 224 0 1 0 0 100 45 0 1 0 0 100 64 0 1 1 15 100 224 0 1 1 15 100 45 0 1 1 15 100
6/8 74 0 1 0 0 100 35 0 1 0 0 100 525 0 1 0 0 100 74 0 1 1 15 100 35 0 1 1 15 100 525 0 1 1 15 100
6/8 74 0 1 0 0 100 224 0 1 0 0 100 45 0 1 0 0 100 74 0 1 1 15 100 224 0 1 1 15 100 45 0 1 1 15 100
6/8 714 0 1 0 0 100 35 0 1 0 0 100 525 0 1 0 0 100 714 0 1 1 15 100 35 0 1 1 15 100 525 0 1 1 15 100
6/8 74 0 1 0 0 100 224 0 1 0 0 100 525 0 1 0 0 100 74 0 1 1 15 100 224 0 1 1 15 100 525 0 1 1 15 100
6/8 64 0 1 0 0 100 714 0 1 0 0 100 35 0 1 0 0 100 64 0 1 1 15 100 714 0 1 1 15 100 35 0 1 1 15 100
6/8 74 1 5 0 0 100 24 1 5 1 5 100 45 1 5 0 1 100 65 1 5 1 15 100 45 1 5 0 2 100 24 1 5 1 25 100
6/8 74 1 5 0 0 100 24 1 5 1 5 100 45 1 5 0 1 100 65 1 5 1 15 100 45 1 5 0 2 100 24 1 5 1 25 100
6/8 74 0 1 0 0 100 35 0 1 0 0 100 525 0 1 0 0 100 74 0 1 1 15 100 35 0 1 1 15 100 525 0 1 1 15 100
6/8 74 1 5 0 0 100 224 1 5 1 5 100 45 1 5 0 1 100 74 1 15 1 15 100
6/8 714 0 1 0 0 100 35 0 1 0 0 100 525 0 1 0 0 100 714 0 1 1 15 100 35 0 1 1 15 100 525 0 1 1 15 100
6/8 524 1 5 0 0 100 74 1 5 1 5 100 224 1 5 0 1 100 525 1 15 1 15 100
6/8 64 0 1 0 0 100 714 0 1 0 0 100 35 0 1 0 0 100 64 0 1 1 15 100 714 0 1 1 15 100 35 0 1 1 15 100
6/8 524 0 1 0 0 100 74 0 1 0 0 100 35 0 1 0 0 100 74 1 5 1 15 100 35 1 5 0 2 100 74 1 5 1 25 100
6/8 64 0 1 0 0 100 714 0 1 0 0 100 35 0 1 0 0 100 74 0 1 1 15 100 24 0 1 1 15 100 45 0 1 1 15 100
6/8 35 1 5 0 0 100 74 1 5 1 5 100 524 1 5 0 1 100 34 1 15 1 15 100
6/8 34 1 15 0 0 100 73 1 15 1 15 100
6/8 34 0 3 0 0 100
6/8 73 1 15 0 0 100 73 1 15 1 15 100
6/8 34 1 15 0 0 100 74 1 15 1 15 100
6/8 74 0 1 0 0 100 35 0 1 0 0 100 55 0 1 0 0 100 74 0 1 1 15 100 24 0 1 1 15 100 45 0 1 1 15 100
6/8 74 0 1 0 0 100 35 0 1 0 0 100 55 0 1 0 0 100
6/8 74 0 1 0 0 100 24 0 1 0 0 100 45 0 1 0 0 100 74 0 1 1 15 100 24 0 1 1 15 100 45 0 1 1 15 100
6/8 74 0 1 0 0 100 35 0 1 0 0 100 55 0 1 0 0 100
6/8 74 0 1 0 0 100 35 0 1 0 0 100 55 0 1 0 0 100 74 0 1 1 15 100 24 0 1 1 15 100 45 0 1 1 15 100
6/8 74 0 1 0 0 100 35 0 1 0 0 100 55 0 1 0 0 100
6/8 74 0 1 0 0 100 24 0 1 0 0 100 45 0 1 0 0 100 74 0 1 1 15 100 24 0 1 1 15 100 45 0 1 1 15 100
6/8 74 0 1 0 0 100 35 0 1 0 0 100 55 0 1 0 0 100
6/8 14 0 1 0 0 100 35 0 1 0 0 100 65 0 1 0 0 100 14 0 1 1 15 100 35 0 1 1 15 100 65 0 1 1 15 100
6/8 74 0 1 0 0 100 35 0 1 0 0 100 55 0 1 0 0 100
6/8 14 0 1 0 0 100 35 0 1 0 0 100 65 0 1 0 0 100 14 0 1 1 15 100 35 0 1 1 15 100 65 0 1 1 15 100
6/8 74 0 1 0 0 100 35 0 1 0 0 100 55 0 1 0 0 100 55 1 5 1 15 100 35 1 5 0 2 100 74 1 5 1 25 100
6/8 714 0 1 0 0 100 24 0 1 0 0 100 55 0 1 0 0 100 714 0 1 1 15 100 24 0 1 1 15 100 55 0 1 1 15 100
6/8 14 0 1 0 0 100 35 0 1 0 0 100 55 0 1 0 0 100
6/8 614 0 1 0 0 100 35 0 1 0 0 100 45 0 1 0 0 100 614 0 1 1 15 100 35 0 1 1 15 100 45 0 1 1 15 100
6/8 74 0 1 0 0 100 24 0 1 0 0 100 45 0 1 0 0 100 74 1 5 1 15 100 14 1 5 0 2 100 24 1 5 1 25 100
6/8 74 0 1 0 0 100 35 0 1 0 0 100 55 0 1 0 0 100 74 0 1 1 15 100 24 0 1 1 15 100 45 0 1 1 15 100
6/8 74 0 1 0 0 100 35 0 1 0 0 100 55 0 1 0 0 100
6/8 74 0 1 0 0 100 24 0 1 0 0 100 45 0 1 0 0 100 74 0 1 1 15 100 24 0 1 1 15 100 45 0 1 1 15 100
6/8 74 0 1 0 0 100 35 0 1 0 0 100 55 0 1 0 0 100
6/8 74 0 1 0 0 100 35 0 1 0 0 100 55 0 1 0 0 100 74 0 1 1 15 100 24 0 1 1 15 100 45 0 1 1 15 100
6/8 74 0 1 0 0 100 35 0 1 0 0 100 55 0 1 0 0 100
6/8 74 0 1 0 0 100 24 0 1 0 0 100 45 0 1 0 0 100 74 0 1 1 15 100 24 0 1 1 15 100 45 0 1 1 15 100
6/8 35 1 5 0 0 100 74 1 5 1 5 100 54 1 5 0 1 100 34 1 15 1 15 100
