4/4 35 1 5 0 3 100 45 1 5 1 35 100
4/4 525 2 125 0 0 100 45 1 5 1 15 100 525 0 1 0 2 100 75 0 1 0 3 100
4/4 45 3 2667 0 0 100 74 0 1 0 3 100
4/4 35 2 125 0 0 100 224 1 5 1 15 100 35 0 1 0 2 100 525 0 1 0 3 100
4/4 224 3 2667 0 0 100 74 0 1 0 3 100
4/4 714 2 125 0 0 100 74 1 5 1 15 100 714 1 5 0 2 100 525 1 15 1 25 100
4/4 74 0 3 0 0 100 525 0 1 0 3 100
4/4 45 1 15 0 0 100 14 1 5 1 15 100 14 0 1 0 2 100 45 0 1 0 3 100
4/4 45 0 2 0 0 100 35 1 5 0 3 100 45 1 5 1 35 100
4/4 525 1 15 0 0 100 45 1 5 1 15 100 525 0 1 0 2 100 75 0 1 0 3 100
4/4 45 0 3 0 0 100 74 0 1 0 3 64
4/4 35 2 125 0 0 100 224 1 5 1 15 100 35 0 1 0 2 100 525 0 1 0 3 100
4/4 224 3 2667 0 0 100 74 0 1 0 3 100
4/4 714 0 1 0 0 100 525 1 5 0 1 100 45 1 15 1 15 100 525 0 1 0 3 100
4/4 65 0 1 0 0 100 75 1 5 0 1 100 525 1 25 1 15 100
4/4 525 1 5 0 0 100 45 1 5 1 5 100 35 0 1 0 1 100 45 0 1 0 2 100 24 0 1 0 3 100
4/4 35 0 2 0 0 100 525 1 5 0 3 100 65 1 5 1 35 100
4/4 75 1 15 0 0 100 65 1 5 1 15 100 75 3 667 0 2 100 715 3 667 3 2667 100 225 3 667 3 3333 100
4/4 65 0 3 0 0 100 224 0 1 0 3 100
4/4 525 1 25 0 0 100 65 0 1 1 25 100 75 1 5 1 35 100
4/4 75 0 4 0 0 100
4/4 35 1 5 0 0 100 45 1 5 1 5 100 525 0 1 0 1 100 45 1 5 0 2 100 525 1 5 1 25 100 65 0 1 0 3 100
4/4 525 1 15 0 0 100 224 1 5 1 15 100 224 0 2 0 2 100
4/4 715 0 1 0 0 100 75 0 1 0 1 100 65 0 1 0 2 100 525 0 1 0 3 100
4/4 75 0 1 0 0 100 224 0 1 0 1 100 225 0 1 0 2 100 715 0 1 0 3 100
4/4 75 1 25 0 0 100 65 1 5 1 25 100 24 1 5 0 3 100 35 1 5 1 35 100
4/4 45 0 2 0 0 100 35 1 5 0 3 100 45 1 5 1 35 100
4/4 525 2 125 0 0 100 45 1 5 1 15 100 525 0 1 0 2 100 75 0 1 0 3 100
4/4 45 0 1 0 0 100 74 2 175 0 1 100 74 0 1 0 3 100
4/4 35 2 125 0 0 100 224 1 5 1 15 100 35 0 1 0 2 100 525 0 1 0 3 100
4/4 224 3 2667 0 0 100 74 0 1 0 3 100
4/4 714 0 1 0 0 100 525 1 5 0 1 100 45 1 15 1 15 100 525 0 1 0 3 100
4/4 65 0 1 0 0 100 75 1 5 0 1 100 525 1 25 1 15 100
4/4 525 1 5 0 0 100 45 1 5 1 5 100 35 0 1 0 1 100 45 0 1 0 2 100 24 0 1 0 3 100
4/4 35 0 4 0 0 100
4/4 36 0 4 0 0 100
4/4 36 0 1 0 0 100 36 0 1 0 1 100 225 0 1 0 2 100 715 0 1 0 3 100
4/4 225 1 15 0 0 100 525 1 5 1 15 100 525 0 2 0 2 100
4/4 525 0 1 0 0 100 525 0 1 0 1 100 715 0 1 0 2 100 225 0 1 0 3 100
4/4 36 0 4 0 0 100
4/4 36 0 1 0 0 100 36 0 1 0 1 100 225 0 1 0 2 100 715 0 1 0 3 100
4/4 225 1 15 0 0 100 525 1 5 1 15 100 525 0 2 0 2 100
4/4 525 0 2 0 0 100
4/4
4/4 35 0 3 0 0 100 224 0 1 0 3 100
4/4 224 0 3 0 0 100 714 0 1 0 3 100
4/4 74 0 4 0 0 100
4/4 74 0 1 0 0 100 45 0 1 0 1 100 75 0 1 0 2 100 74 0 1 0 3 100
4/4 525 0 2 0 0 100 45 1 5 0 2 100 35 1 5 1 25 100 224 1 5 0 3 100 14 1 5 1 35 100
4/4 224 1 15 0 0 100 74 1 5 1 15 100 35 0 1 0 2 100 74 0 1 0 3 100
4/4 74 1 15 0 0 100 64 1 5 1 15 100 64 0 2 0 2 100
4/4 714 1 15 0 0 100 74 1 5 1 15 100 74 0 2 0 2 100
4/4 74 0 4 0 0 100
4/4 44 0 3 0 1 100 224 1 25 1 15 100 64 0 2 0 2 100
4/4 64 0 4 0 0 100
4/4
4/4 33 1 5 0 0 100 523 1 5 1 5 100 73 0 1 0 1 100 33 0 1 0 1 100
4/4 222 1 5 0 0 100 43 1 5 1 5 100 73 0 1 0 1 100 222 0 1 0 1 100
4/4 712 1 5 0 0 100 33 1 5 1 5 100 523 0 1 0 1 100 72 0 1 0 1 100 712 0 2 0 2 100
4/4 72 1 5 0 0 100 222 1 5 1 5 100 523 0 1 0 1 100 62 0 1 0 1 100
4/4 62 1 5 0 0 100 712 1 5 1 5 100 33 0 1 0 1 100 522 0 1 0 1 100
4/4 522 1 5 0 0 100 72 1 5 1 5 100 33 0 1 0 1 100 522 0 1 0 1 100
4/4 42 1 5 0 0 100 612 1 5 1 5 100 12 0 1 0 1 100 32 0 1 0 1 100
4/4 72 1 5 0 0 100 22 1 5 1 5 100 43 0 1 0 1 100 72 0 1 0 1 100
4/4 33 1 5 0 0 100 523 1 5 1 5 100 73 0 1 0 1 100 33 0 1 0 1 100
4/4 222 1 5 0 0 100 43 1 5 1 5 100 73 0 1 0 1 100 222 0 1 0 1 100
4/4 712 1 5 0 0 100 33 1 5 1 5 100 523 0 1 0 1 100 72 0 1 0 1 100 712 0 2 0 2 100
4/4 72 1 5 0 0 100 222 1 5 1 5 100 523 0 1 0 1 100 62 0 1 0 1 100
4/4 62 1 5 0 0 100 712 1 5 1 5 100 33 0 1 0 1 100 522 0 1 0 1 100
4/4 32 1 5 0 0 100 72 1 5 1 5 100 33 0 1 0 1 100 522 0 1 0 1 100
4/4 62 1 5 0 0 100 712 1 5 1 5 100 33 0 1 0 1 100 522 0 1 0 1 100 72 1 5 0 2 100 22 1 5 1 25 100 43 0 1 0 3 100 72 0 1 0 3 100
4/4 33 1 5 0 0 100 523 1 5 1 5 100 73 0 1 0 1 100 33 0 1 0 1 100
4/4 523 1 5 0 0 100 73 1 5 1 5 100 223 0 1 0 1 100 523 0 1 0 1 100
4/4 43 1 5 0 0 100 63 1 5 1 5 100 223 0 1 0 1 100 43 0 1 0 1 100
4/4 33 1 5 0 0 100 523 1 5 1 5 100 73 0 1 0 1 100 33 0 1 0 1 100
4/4 222 1 5 0 0 100 43 1 5 1 5 100 73 0 1 0 1 100 222 0 1 0 1 100
4/4 712 1 5 0 0 100 33 1 5 1 5 100 523 0 1 0 1 100 712 0 1 0 1 100 712 1 5 0 2 100 222 1 5 1 25 100 43 0 1 0 3 100 62 0 1 0 3 100
4/4 72 1 5 0 0 100 222 1 5 1 5 100 523 0 1 0 1 100 72 0 1 0 1 100
4/4 62 1 5 0 0 100 712 1 5 1 5 100 33 0 1 0 1 100 522 0 1 0 1 100
4/4 222 1 5 0 0 100 43 1 5 1 5 100 63 0 1 0 1 100 712 0 1 0 1 100
4/4 22 1 5 0 0 100 43 1 5 1 5 100 73 0 1 0 1 100 22 0 1 0 1 100
4/4 72 1 5 0 0 100 22 1 5 1 5 100 43 0 1 0 1 100 72 0 1 0 1 100
4/4 33 1 5 0 0 100 523 1 5 1 5 100 73 0 1 0 1 100 33 0 1 0 1 100
4/4 222 1 5 0 0 100 43 1 5 1 5 100 73 0 1 0 1 100 222 0 1 0 1 100
4/4 712 1 5 0 0 100 33 1 5 1 5 100 523 0 1 0 1 100 72 0 1 0 1 100 712 0 2 0 2 100
4/4 72 1 5 0 0 100 222 1 5 1 5 100 523 0 1 0 1 100 62 0 1 0 1 100
4/4 62 1 5 0 0 100 712 1 5 1 5 100 33 0 1 0 1 100 522 0 1 0 1 100
4/4 32 1 5 0 0 100 72 1 5 1 5 100 33 0 1 0 1 100 522 0 1 0 1 100
4/4 62 1 5 0 0 100 712 1 5 1 5 100 33 0 1 0 1 100 522 0 1 0 1 100 72 1 5 0 2 100 22 1 5 1 25 100 43 0 1 0 3 100 72 0 1 0 3 100
4/4 33 1 5 0 0 100 53 1 5 1 5 100 73 0 1 0 1 100 33 0 1 0 1 100
4/4 314 0 1 0 0 100 64 0 1 0 0 100 713 0 1 0 0 100
4/4 314 0 1 0 0 100 64 0 1 0 0 100 713 0 1 0 0 100
4/4 34 0 1 0 0 100 524 0 1 0 0 100 713 0 1 0 0 100
4/4 34 0 1 0 0 100 524 0 1 0 0 100 713 0 1 0 0 100
4/4 314 0 1 0 0 100 64 0 1 0 0 100 713 0 1 0 0 100
4/4 314 0 1 0 0 100 64 0 1 0 0 100 713 0 1 0 0 100
4/4 34 0 1 0 0 100 524 0 1 0 0 100 713 0 1 0 0 100
4/4 34 0 1 0 0 100 524 0 1 0 0 100 713 0 1 0 0 100 523 1 5 1 25 100 63 1 5 0 3 100 73 1 5 1 35 100
4/4 73 0 3 0 0 100 63 0 1 0 3 100
4/4 314 0 1 0 0 100 63 0 1 0 0 100
4/4 34 0 1 0 0 100 523 0 1 0 0 100
4/4 23 0 1 0 0 100 43 0 1 0 0 100
4/4 23 0 1 0 0 100 43 0 1 0 0 100
4/4 33 0 1 0 0 100 523 0 1 0 0 100 72 0 1 0 0 100 43 0 1 0 2 100 613 0 1 0 2 100 33 0 1 0 2 100
4/4 73 0 1 0 0 100 223 0 1 0 0 100 43 0 1 0 0 100 713 0 1 0 2 100 34 0 1 0 2 100 523 0 1 0 2 100
4/4 13 0 1 0 0 100 34 0 1 0 0 100 523 0 1 0 0 100
4/4 223 0 1 0 0 100 44 0 1 0 0 100 63 0 1 0 0 100
4/4 23 0 1 0 0 100 44 0 1 0 0 100 63 0 1 0 0 100
4/4 33 0 4 0 0 100 73 1 35 1 5 100
4/4 73 0 4 0 0 100
