4/4 35 1 5 0 3 100 525 1 5 1 35 100
4/4 75 3 2667 0 0 100 65 1 5 0 3 100 225 1 5 1 35 100
4/4 225 2 275 0 0 100 36 1 5 0 3 100 75 1 5 1 35 100
4/4 75 0 4 0 0 100
4/4 75 2 275 0 0 100 35 1 5 0 3 100 525 1 5 1 35 100
4/4 75 3 2667 0 0 100 65 1 5 0 3 100 225 1 5 1 35 100
4/4 225 1 25 0 0 100 15 1 5 1 25 100 225 1 5 0 3 100 36 1 5 1 35 100
4/4 75 0 4 0 0 100
2/4 75 2 175 0 0 100 66 2 25 2 175 100
4/4 66 2 125 0 0 100 36 1 5 1 15 100 36 0 2 0 2 100
2/4 36 2 175 0 0 100 526 0 1 2 175 100 65 0 1 2 175 64
4/4 526 0 1 0 0 100 65 0 1 0 0 64 225 1 5 1 15 100 225 0 2 0 2 100
2/4 225 2 175 0 0 100 716 0 1 2 175 100 225 0 1 2 175 64 526 0 1 2 175 64
4/4 716 0 1 0 0 100 225 0 1 0 0 64 526 0 1 0 0 64 226 2 175 0 2 100 76 0 1 2 375 100 75 0 1 2 375 64 46 0 1 2 375 64
4/4 76 0 1 0 0 100 75 0 1 0 0 64 46 0 1 0 0 64 35 1 5 0 3 100 525 1 5 1 35 100
4/4 75 3 2667 0 0 100 65 1 5 0 3 100 225 1 5 1 35 100
4/4 225 2 275 0 0 100 36 1 5 0 3 100 75 1 5 1 35 100
4/4 75 0 4 0 0 100
4/4 75 2 275 0 0 100 35 1 5 0 3 100 525 1 5 1 35 100
4/4 75 3 2667 0 0 100 65 1 5 0 3 100 225 1 5 1 35 100
4/4 225 1 25 0 0 100 15 1 5 1 25 100 225 1 5 0 3 100 36 1 5 1 35 100
4/4 75 0 4 0 0 100
4/4 75 2 175 0 0 100 65 1 5 1 25 100 525 1 5 0 3 100 45 1 5 1 35 100
4/4 45 2 75 0 0 100 35 2 25 2 75 100 75 1 25 0 1 100 35 1 5 1 35 100
4/4 45 2 75 0 0 100 35 2 25 2 75 100 75 1 25 0 1 100 525 1 5 1 35 100
4/4 45 0 1 0 0 64 65 0 1 0 0 100 45 0 1 0 1 64 225 0 1 0 1 100
4/4 45 0 1 0 0 64 225 0 1 0 0 100 45 0 1 0 2 64 225 0 1 0 2 100 36 0 1 0 3 100
4/4 525 0 1 0 0 64 75 0 1 0 0 64 36 0 1 0 0 64 46 0 1 0 0 100
4/4 525 0 1 0 0 64 75 0 1 0 0 64 36 0 1 0 0 64 46 0 1 0 0 100 75 1 5 1 15 100 66 2 75 0 2 100 526 2 75 2 275 100 46 1 5 1 35 100
4/4 46 2 75 0 0 100 36 2 25 2 75 100 36 0 3 0 1 100
4/4 36 2 175 0 0 100 225 0 1 0 2 100 36 0 1 0 3 100
4/4 525 0 1 0 0 64 75 0 1 0 0 64 36 0 1 0 0 64 46 0 1 0 0 100
4/4 525 0 1 0 0 64 75 0 1 0 0 64 36 0 1 0 0 64 46 0 1 0 0 100 75 1 5 1 15 100 66 2 75 0 2 100 526 2 75 2 275 100 46 1 5 1 35 100
4/4 46 2 25 0 0 100 526 2 25 2 25 100 46 2 25 1 5 100 36 2 325 2 75 100
4/4 36 0 1 0 0 100 526 0 1 0 1 100 46 0 1 0 2 100 36 0 1 0 3 100
4/4 224 0 1 0 0 64 525 0 1 0 0 64 225 0 1 0 0 100 525 1 5 1 15 100 225 0 1 0 2 100 715 1 5 0 3 100 75 1 5 1 35 100
4/4 714 0 1 0 0 64 315 0 1 0 0 64 715 0 1 0 0 100 315 1 5 1 15 100 715 0 1 0 2 100 75 1 5 0 3 100 65 1 5 1 35 100
4/4 74 0 1 0 0 64 35 0 1 0 0 64 75 3 3667 0 0 100
4/4 74 0 1 0 0 64 24 0 1 0 0 64 75 3 2667 0 0 100 35 1 5 0 3 100 525 1 5 1 35 100
4/4 75 0 4 0 0 100
4/4 75 3 3667 0 0 100
4/4 524 0 1 0 0 100 224 0 1 0 0 100 45 0 1 0 0 100
4/4 524 0 1 0 0 100 224 0 1 0 0 100 45 0 1 0 0 100
4/4
4/4
4/4
4/4
4/4
4/4
4/4
4/4
2/4
4/4 314 0 1 0 0 100 64 0 1 0 0 100 714 0 1 0 0 100 35 0 1 0 0 100
2/4 314 0 1 0 0 100 64 0 1 0 0 100 714 0 1 0 0 100 35 0 1 0 0 100
4/4 34 0 1 0 0 100 524 0 1 0 0 100 74 0 1 0 0 100 224 0 1 0 0 100
2/4 34 0 1 0 0 100 524 0 1 0 0 100 74 0 1 0 0 100 224 0 1 0 0 100
4/4 614 0 1 0 0 100 35 0 1 0 0 100 65 0 1 0 0 100
4/4 73 0 1 0 0 100 34 0 1 0 0 100 44 0 1 0 0 100 74 0 1 0 0 100
4/4 33 2 25 0 0 100 73 1 5 1 5 100 524 1 5 0 1 100 73 1 5 1 15 100 44 1 5 0 2 100 34 2 125 1 25 100
4/4 33 2 25 0 0 100 73 1 5 1 5 100 524 1 5 0 1 100 73 1 5 1 15 100 44 1 5 0 2 100 34 2 125 1 25 100
4/4 33 2 25 0 0 100 73 1 5 1 5 100 524 1 5 0 1 100 73 1 5 1 15 100 44 1 5 0 2 100 34 0 1 1 25 100 73 1 5 1 35 100
4/4 33 2 25 0 0 100 73 1 5 1 5 100 524 1 5 0 1 100 73 1 5 1 15 100 44 1 5 0 2 100 34 2 125 1 25 100
4/4 33 2 25 0 0 100 73 1 5 1 5 100 524 1 5 0 1 100 73 1 5 1 15 100 44 1 5 0 2 100 34 2 125 1 25 100
4/4 33 2 25 0 0 100 73 1 5 1 5 100 524 1 5 0 1 100 73 1 5 1 15 100 44 1 5 0 2 100 34 2 125 1 25 100
4/4 33 2 25 0 0 100 73 1 5 1 5 100 524 1 5 0 1 100 73 1 5 1 15 100 44 1 5 0 2 100 34 0 1 1 25 100 73 1 5 1 35 100
4/4 33 2 25 0 0 100 73 1 5 1 5 100 524 1 5 0 1 100 73 1 5 1 15 100 44 1 5 0 2 100 34 2 125 1 25 100
4/4 712 3 3667 0 0 100 523 1 5 1 5 100 34 2 25 0 1 100 523 1 5 1 15 100 44 2 25 0 2 100 523 1 5 1 25 100 34 0 1 0 3 100
4/4 712 3 3667 0 0 100 523 1 5 1 5 100 34 2 25 0 1 100 523 1 5 1 15 100 44 2 25 0 2 100 523 1 5 1 25 100 34 0 1 0 3 100
4/4 222 2 25 0 0 100 63 1 5 1 5 100 44 1 5 0 1 100 223 1 5 1 15 100 63 1 5 0 2 100 44 1 5 1 25 100 223 0 1 0 3 100
4/4 222 2 25 0 0 100 63 1 5 1 5 100 223 1 5 0 1 100 44 1 5 1 15 100 64 0 1 0 2 100 224 0 1 0 3 100
4/4 33 2 25 0 0 100 73 1 5 1 5 100 44 1 5 0 1 100 524 1 5 1 15 100 224 1 5 0 2 100 524 1 5 1 25 100 44 1 5 0 3 100 73 1 5 1 35 100
4/4 33 2 25 0 0 100 73 1 5 1 5 100 44 1 5 0 1 100 524 1 5 1 15 100 224 2 175 0 2 100
4/4 712 3 3667 0 0 100 523 1 5 1 5 100 34 2 25 0 1 100 523 1 5 1 15 100 223 2 25 0 2 100 523 1 5 1 25 100 713 2 25 0 3 100 523 1 5 1 35 100
4/4 712 3 3667 0 0 100 523 1 5 1 5 100 34 2 25 0 1 100 523 1 5 1 15 100 223 2 25 0 2 100 523 1 5 1 25 100 713 2 25 0 3 100 523 1 5 1 35 100
4/4 33 2 25 0 0 100 73 1 5 1 5 100 44 1 5 0 1 100 524 1 5 1 15 100 224 1 5 0 2 100 524 1 5 1 25 100 44 1 5 0 3 100 73 1 5 1 35 100
4/4 33 2 25 0 0 100 73 1 5 1 5 100 44 1 5 0 1 100 524 1 5 1 15 100 224 2 175 0 2 100
4/4 712 3 3667 0 0 100 523 1 5 1 5 100 34 2 25 0 1 100 523 1 5 1 15 100 223 2 25 0 2 100 523 1 5 1 25 100 713 2 25 0 3 100 523 1 5 1 35 100
4/4 712 3 3667 0 0 100
4/4 73 0 1 0 0 64 524 0 1 0 0 64
4/4 63 0 1 0 0 64 314 0 1 0 0 64
4/4 73 0 1 0 0 100 44 0 1 0 0 100 74 1 5 0 2 100 35 1 5 1 25 100 75 1 5 0 3 100 45 1 5 1 35 100
4/4 73 0 1 0 0 100 44 0 1 0 0 100
4/4 33 2 25 0 0 100 73 1 5 1 5 100 524 1 5 0 1 100 73 1 5 1 15 100 44 1 5 0 2 100 34 0 1 1 25 100 73 1 5 1 35 100
4/4 33 2 25 0 0 100 73 1 5 1 5 100 524 1 5 0 1 100 73 1 5 1 15 100 44 1 5 0 2 100 34 0 1 1 25 100 73 1 5 1 35 100
4/4 33 0 1 0 0 100 34 0 1 0 0 100
4/4 33 0 1 0 0 100 34 0 1 0 0 100
