3/4 13 0 1 1 5 63 54 0 1 1 5 70 13 0 1 0 1 61 54 0 1 0 1 76 13 0 1 1 15 65 54 0 1 1 15 70 13 0 1 0 2 74 54 0 1 0 2 72 13 0 1 1 25 69 54 0 1 1 25 88
3/4 13 0 1 0 0 79 54 0 1 0 0 84 13 0 1 1 5 91 54 0 1 1 5 91 13 0 1 0 1 97 54 0 1 0 1 99 13 0 1 1 15 102 54 0 1 1 15 90 13 0 1 0 2 98 54 0 1 0 2 98 23 0 1 1 25 100 614 0 1 1 25 105
3/4 13 0 1 1 5 68 54 0 1 1 5 73 13 0 1 0 1 67 54 0 1 0 1 63 13 0 1 1 15 71 54 0 1 1 15 78 13 0 1 0 2 82 54 0 1 0 2 69 13 0 1 1 25 77 54 0 1 1 25 74
3/4 13 0 1 0 0 80 54 0 1 0 0 81 13 0 1 1 5 80 54 0 1 1 5 95 13 0 1 0 1 87 54 0 1 0 1 88 13 0 1 1 15 101 54 0 1 1 15 84 23 0 1 0 2 96 614 0 1 0 2 103 54 0 1 1 25 94 24 0 1 1 25 105
3/4 13 0 1 1 5 63 54 0 1 1 5 67 13 0 1 0 1 63 54 0 1 0 1 73 13 0 1 1 15 63 54 0 1 1 15 65 13 0 1 0 2 75 54 0 1 0 2 80 13 0 1 1 25 68 54 0 1 1 25 87
3/4 13 0 1 0 0 81 54 0 1 0 0 82 13 0 1 1 5 79 54 0 1 1 5 78 13 0 1 0 1 85 54 0 1 0 1 97 13 0 1 1 15 94 54 0 1 1 15 83 13 0 1 0 2 87 54 0 1 0 2 97 23 0 1 1 25 102 614 0 1 1 25 104
3/4 13 0 1 1 5 55 54 0 1 1 5 74 13 0 1 0 1 70 54 0 1 0 1 65 13 0 1 1 15 76 54 0 1 1 15 74 13 0 1 0 2 70 54 0 1 0 2 68 13 0 1 1 25 70 54 0 1 1 25 77
3/4 13 0 1 0 0 77 54 0 1 0 0 73 13 0 1 1 5 80 54 0 1 1 5 92 13 0 1 0 1 92 54 0 1 0 1 97 13 0 1 1 15 103 54 0 1 1 15 84 23 0 1 0 2 91 614 0 1 0 2 91 54 0 1 1 25 94 24 0 1 1 25 101
3/4 13 0 1 1 5 59 54 0 1 1 5 57 13 0 1 0 1 58 54 0 1 0 1 64 13 0 1 1 15 79 54 0 1 1 15 63 13 0 1 0 2 67 54 0 1 0 2 73 13 0 1 1 25 81 54 0 1 1 25 74
3/4 13 0 1 0 0 86 54 0 1 0 0 74 13 0 1 1 5 80 54 0 1 1 5 86 13 0 1 0 1 79 54 0 1 0 1 84 13 0 1 1 15 103 54 0 1 1 15 103 13 0 1 0 2 96 54 0 1 0 2 100 23 0 1 1 25 104 614 0 1 1 25 94
3/4 13 0 1 1 5 58 54 0 1 1 5 66 13 0 1 0 1 74 54 0 1 0 1 65 13 0 1 1 15 61 54 0 1 1 15 70 13 0 1 0 2 65 54 0 1 0 2 69 13 0 1 1 25 76 54 0 1 1 25 78
3/4 13 0 1 0 0 80 54 0 1 0 0 88 13 0 1 1 5 89 54 0 1 1 5 92 13 0 1 0 1 82 54 0 1 0 1 98 13 0 1 1 15 85 54 0 1 1 15 97 23 0 1 0 2 93 614 0 1 0 2 87 54 0 1 1 25 94 24 0 1 1 25 98
3/4 13 0 1 1 5 61 54 0 1 1 5 57 13 0 1 0 1 69 54 0 1 0 1 63 13 0 1 1 15 77 54 0 1 1 15 73 13 0 1 0 2 66 54 0 1 0 2 77 13 0 1 1 25 78 54 0 1 1 25 85
3/4 13 0 1 0 0 76 54 0 1 0 0 74 13 0 1 1 5 90 54 0 1 1 5 95 13 0 1 0 1 96 54 0 1 0 1 97 13 0 1 1 15 83 54 0 1 1 15 99 13 0 1 0 2 96 54 0 1 0 2 90 23 0 1 1 25 92 614 0 1 1 25 104
3/4 13 0 1 1 5 64 54 0 1 1 5 68 13 0 1 0 1 76 54 0 1 0 1 65 13 0 1 1 15 69 54 0 1 1 15 80 13 0 1 0 2 69 54 0 1 0 2 66 13 0 1 1 25 85 54 0 1 1 25 88
3/4 13 0 1 0 0 73 54 0 1 0 0 89 13 0 1 1 5 77 54 0 1 1 5 91 13 0 1 0 1 98 54 0 1 0 1 80 13 0 1 1 15 90 54 0 1 1 15 91 23 0 1 0 2 97 614 0 1 0 2 96 54 0 1 1 25 110 24 0 1 1 25 90
3/4 13 0 1 1 5 67 54 0 1 1 5 56 13 0 1 0 1 74 54 0 1 0 1 72 13 0 1 1 15 69 54 0 1 1 15 68 13 0 1 0 2 70 54 0 1 0 2 70 13 0 1 1 25 80 54 0 1 1 25 76
3/4 13 0 1 0 0 81 54 0 1 0 0 82 13 0 1 1 5 80 54 0 1 1 5 85 13 0 1 0 1 96 54 0 1 0 1 94 13 0 1 1 15 89 54 0 1 1 15 83 13 0 1 0 2 88 54 0 1 0 2 87 23 0 1 1 25 104 614 0 1 1 25 99
3/4 13 0 1 1 5 61 54 0 1 1 5 54 13 0 1 0 1 63 54 0 1 0 1 77 13 0 1 1 15 68 54 0 1 1 15 78 13 0 1 0 2 74 54 0 1 0 2 65 13 0 1 1 25 75 54 0 1 1 25 71
3/4 13 0 1 0 0 75 54 0 1 0 0 81 13 0 1 1 5 93 54 0 1 1 5 84 13 0 1 0 1 91 54 0 1 0 1 94 13 0 1 1 15 92 54 0 1 1 15 83 23 0 1 0 2 97 614 0 1 0 2 90 54 0 1 1 25 110 24 0 1 1 25 99
3/4 13 0 1 1 5 71 54 0 1 1 5 62 13 0 1 0 1 60 54 0 1 0 1 57 13 0 1 1 15 62 54 0 1 1 15 66 13 0 1 0 2 72 54 0 1 0 2 71 13 0 1 1 25 70 54 0 1 1 25 84
3/4 13 0 1 0 0 90 54 0 1 0 0 79 13 0 1 1 5 96 54 0 1 1 5 78 13 0 1 0 1 96 54 0 1 0 1 97 13 0 1 1 15 99 54 0 1 1 15 95 13 0 1 0 2 105 54 0 1 0 2 87 23 0 1 1 25 105 614 0 1 1 25 97
3/4 13 0 1 1 5 62 54 0 1 1 5 64 13 0 1 0 1 74 54 0 1 0 1 74 13 0 1 1 15 74 54 0 1 1 15 74 13 0 1 0 2 69 54 0 1 0 2 74 13 0 1 1 25 81 54 0 1 1 25 72
3/4 13 0 1 0 0 88 54 0 1 0 0 88 13 0 1 1 5 83 54 0 1 1 5 81 13 0 1 0 1 80 54 0 1 0 1 82 13 0 1 1 15 103 54 0 1 1 15 88 23 0 1 0 2 89 614 0 1 0 2 93 54 0 1 1 25 98 24 0 1 1 25 110
3/4 13 0 1 1 5 69 54 0 1 1 5 69 13 0 1 0 1 71 54 0 1 0 1 66 13 0 1 1 15 70 54 0 1 1 15 68 13 0 1 0 2 76 54 0 1 0 2 69 13 0 1 1 25 81 54 0 1 1 25 68
3/4 13 0 1 0 0 87 54 0 1 0 0 74 13 0 1 1 5 92 54 0 1 1 5 84 13 0 1 0 1 98 54 0 1 0 1 93 13 0 1 1 15 98 54 0 1 1 15 90 13 0 1 0 2 93 54 0 1 0 2 87 23 0 1 1 25 95 614 0 1 1 25 98
3/4 13 0 1 1 5 68 54 0 1 1 5 71 13 0 1 0 1 62 54 0 1 0 1 58 13 0 1 1 15 79 54 0 1 1 15 71 13 0 1 0 2 75 54 0 1 0 2 75 13 0 1 1 25 80 54 0 1 1 25 79
3/4 13 0 1 0 0 75 54 0 1 0 0 85 13 0 1 1 5 89 54 0 1 1 5 95 13 0 1 0 1 99 54 0 1 0 1 90 13 0 1 1 15 85 54 0 1 1 15 95 23 0 1 0 2 101 614 0 1 0 2 106 54 0 1 1 25 93 24 0 1 1 25 110
3/4 13 0 1 1 5 66 54 0 1 1 5 60 13 0 1 0 1 74 54 0 1 0 1 65 13 0 1 1 15 62 54 0 1 1 15 68 13 0 1 0 2 66 54 0 1 0 2 84 13 0 1 1 25 82 54 0 1 1 25 76
3/4 13 0 1 0 0 74 54 0 1 0 0 75 13 0 1 1 5 92 54 0 1 1 5 93 13 0 1 0 1 89 54 0 1 0 1 88 13 0 1 1 15 93 54 0 1 1 15 88 13 0 1 0 2 100 54 0 1 0 2 92 23 0 1 1 25 110 614 0 1 1 25 99
3/4 13 0 1 1 5 69 54 0 1 1 5 60 13 0 1 0 1 71 54 0 1 0 1 81 13 0 1 1 15 89 54 0 1 1 15 81 13 0 1 0 2 76 54 0 1 0 2 79 13 0 1 1 25 98 54 0 1 1 25 95
3/4 13 0 1 0 0 106 54 0 1 0 0 101 314 0 1 0 2 106
3/4 714 0 2 0 0 108 614 0 1 0 2 103
3/4 614 2 175 0 0 109 314 0 1 0 2 107
3/4 14 0 2 0 0 102 714 0 1 0 2 101
3/4 714 2 175 0 0 102 314 0 1 0 2 104
3/4 24 0 1 0 0 97 14 0 1 0 1 102 714 0 1 0 2 108
3/4 14 0 1 0 0 100 24 0 1 0 1 93 315 0 1 0 2 99
3/4 315 0 2 0 0 100 24 0 1 0 2 94
3/4 24 1 5 0 0 107 23 0 1 1 5 66 614 0 1 1 5 61 23 0 1 0 1 69 614 0 1 0 1 76 23 0 1 1 15 81 614 0 1 1 15 78 23 0 1 0 2 85 614 0 1 0 2 83 54 0 1 1 25 90 24 0 1 1 25 97
3/4 23 0 1 1 5 70 614 0 1 1 5 60 23 0 1 0 1 75 614 0 1 0 1 64 23 0 1 1 15 62 614 0 1 1 15 68 23 0 1 0 2 70 614 0 1 0 2 64 23 0 1 1 25 71 614 0 1 1 25 84
3/4 23 0 1 0 0 84 614 0 1 0 0 80 23 0 1 1 5 78 614 0 1 1 5 88 23 0 1 0 1 96 614 0 1 0 1 90 23 0 1 1 15 85 614 0 1 1 15 86 54 0 1 0 2 106 24 0 1 0 2 93 14 0 1 1 25 108 55 0 1 1 25 98
3/4 23 0 1 1 5 66 614 0 1 1 5 69 23 0 1 0 1 67 614 0 1 0 1 67 23 0 1 1 15 74 614 0 1 1 15 68 23 0 1 0 2 81 614 0 1 0 2 74 23 0 1 1 25 68 614 0 1 1 25 77
3/4 23 0 1 0 0 83 614 0 1 0 0 78 23 0 1 1 5 91 614 0 1 1 5 92 23 0 1 0 1 99 614 0 1 0 1 82 23 0 1 1 15 85 614 0 1 1 15 85 23 0 1 0 2 100 614 0 1 0 2 104 54 0 1 1 25 95 24 0 1 1 25 101
3/4 23 0 1 1 5 58 614 0 1 1 5 69 23 0 1 0 1 76 614 0 1 0 1 69 23 0 1 1 15 63 614 0 1 1 15 75 23 0 1 0 2 77 614 0 1 0 2 80 23 0 1 1 25 78 614 0 1 1 25 78
3/4 24 0 1 0 0 110 14 0 1 0 1 92 74 0 1 0 2 96
3/4 614 0 2 0 0 109 13 0 1 0 2 68 54 0 1 0 2 72 13 0 1 1 25 63 54 0 1 1 25 79
3/4 13 0 1 0 0 75 54 0 1 0 0 81 13 0 1 1 5 83 54 0 1 1 5 87 13 0 1 0 1 92 54 0 1 0 1 77 13 0 1 1 15 94 54 0 1 1 15 95 13 0 1 0 2 85 54 0 1 0 2 100 23 0 1 1 25 95 614 0 1 1 25 97
3/4 13 0 1 1 5 64 54 0 1 1 5 59 13 0 1 0 1 63 54 0 1 0 1 61 13 0 1 1 15 66 54 0 1 1 15 81 13 0 1 0 2 73 54 0 1 0 2 78 13 0 1 1 25 79 54 0 1 1 25 73
3/4 13 0 1 0 0 74 54 0 1 0 0 80 13 0 1 1 5 84 54 0 1 1 5 87 13 0 1 0 1 99 54 0 1 0 1 79 13 0 1 1 15 86 54 0 1 1 15 97 23 0 1 0 2 107 614 0 1 0 2 106 54 0 1 1 25 97 24 0 1 1 25 90
3/4 13 0 1 1 5 56 54 0 1 1 5 65 13 0 1 0 1 65 54 0 1 0 1 68 13 0 1 1 15 79 54 0 1 1 15 73 13 0 1 0 2 81 54 0 1 0 2 77 13 0 1 1 25 85 54 0 1 1 25 74
3/4 13 0 1 0 0 91 54 0 1 0 0 73 13 0 1 1 5 94 54 0 1 1 5 81 13 0 1 0 1 95 54 0 1 0 1 91 13 0 1 1 15 92 54 0 1 1 15 85 13 0 1 0 2 93 54 0 1 0 2 87 23 0 1 1 25 102 614 0 1 1 25 92
3/4 13 0 1 1 5 55 54 0 1 1 5 54 13 0 1 0 1 72 54 0 1 0 1 65 13 0 1 1 15 75 54 0 1 1 15 72 13 0 1 0 2 66 54 0 1 0 2 70 13 0 1 1 25 85 54 0 1 1 25 75
3/4 13 0 1 0 0 82 54 0 1 0 0 85 13 0 1 1 5 83 54 0 1 1 5 89 13 0 1 0 1 79 54 0 1 0 1 91 13 0 1 1 15 84 54 0 1 1 15 100 23 0 1 0 2 105 614 0 1 0 2 104 54 0 1 1 25 94 24 0 1 1 25 105
3/4 316 1 5 0 0 104 715 0 1 1 5 91 25 1 5 1 15 92 615 0 1 0 2 98
3/4 15 1 5 0 0 94 55 0 1 1 5 108 715 1 5 1 15 109 315 0 1 0 2 102
3/4 615 1 5 0 0 104 24 0 1 1 5 99 55 1 5 1 15 101 14 0 1 0 2 100
3/4 315 1 5 0 0 91 714 0 1 1 5 98 24 1 5 1 15 97 614 0 1 0 2 97
3/4 316 1 5 0 0 96 715 0 1 1 5 108 25 1 5 1 15 96 615 0 1 0 2 96
3/4 15 1 5 0 0 108 55 0 1 1 5 101 715 1 5 1 15 104 315 0 1 0 2 108
3/4 615 1 5 0 0 99 24 0 1 1 5 105 55 1 5 1 15 104 14 0 1 0 2 93
3/4 315 1 5 0 0 99 714 0 1 1 5 92 24 1 5 1 15 91 614 0 1 0 2 99
3/4 316 1 5 0 0 108 615 0 1 1 5 104 25 1 5 1 15 108 55 0 1 0 2 103
3/4 15 1 5 0 0 100 45 0 1 1 5 91 615 1 5 1 15 101 24 0 1 0 2 102
3/4 55 1 5 0 0 110 14 0 1 1 5 100 45 1 5 1 15 90 74 0 1 0 2 107
3/4 24 1 5 0 0 109 54 0 1 1 5 97 14 1 5 1 15 90 44 0 1 0 2 105
3/4 316 1 5 0 0 97 615 0 1 1 5 109 25 1 5 1 15 90 55 0 1 0 2 91
3/4 15 1 5 0 0 99 45 0 1 1 5 109 615 1 5 1 15 98 24 0 1 0 2 95
3/4 55 1 5 0 0 108 14 0 1 1 5 98 45 1 5 1 15 106 74 0 1 0 2 105
3/4 24 1 5 0 0 94 54 0 1 1 5 103 14 1 5 1 15 93 44 0 1 0 2 103
3/4 13 0 1 1 5 60 54 0 1 1 5 65 13 0 1 0 1 70 54 0 1 0 1 70 13 0 1 1 15 63 54 0 1 1 15 79 13 0 1 0 2 65 54 0 1 0 2 85 13 0 1 1 25 83 54 0 1 1 25 86
3/4 13 0 1 0 0 88 54 0 1 0 0 73 13 0 1 1 5 92 54 0 1 1 5 89 13 0 1 0 1 92 54 0 1 0 1 91 13 0 1 1 15 85 54 0 1 1 15 83 13 0 1 0 2 99 54 0 1 0 2 101 23 0 1 1 25 109 614 0 1 1 25 106
3/4 13 0 1 1 5 63 54 0 1 1 5 55 13 0 1 0 1 77 54 0 1 0 1 60 13 0 1 1 15 80 54 0 1 1 15 64 13 0 1 0 2 79 54 0 1 0 2 73 13 0 1 1 25 68 54 0 1 1 25 81
3/4 13 0 1 0 0 90 54 0 1 0 0 77 13 0 1 1 5 92 54 0 1 1 5 86 13 0 1 0 1 88 54 0 1 0 1 86 13 0 1 1 15 90 54 0 1 1 15 89 23 0 1 0 2 92 614 0 1 0 2 103 54 0 1 1 25 99 24 0 1 1 25 99
3/4 54 0 1 1 5 60 24 0 1 1 5 102 54 0 1 0 1 68 24 0 1 0 1 102 54 0 1 1 15 58 24 0 1 1 15 93 54 0 1 0 2 55 24 0 1 0 2 106 54 0 1 1 25 60 24 0 1 1 25 101
3/4 54 0 1 0 0 55 24 0 1 0 0 109 54 0 1 1 5 61 24 0 1 1 5 110 54 0 1 0 1 71 24 0 1 0 1 103 54 0 1 1 15 72 24 0 1 1 15 110 614 0 1 0 2 56 315 0 1 0 2 102 24 0 1 1 25 55 715 0 1 1 25 105
3/4 54 0 1 1 5 72 24 0 1 1 5 108 54 0 1 0 1 67 24 0 1 0 1 97 54 0 1 1 15 64 24 0 1 1 15 94 54 0 1 0 2 72 24 0 1 0 2 100 54 0 1 1 25 65 24 0 1 1 25 92
3/4 54 0 1 0 0 62 24 0 1 0 0 90 54 0 1 1 5 62 24 0 1 1 5 91 54 0 1 0 1 64 24 0 1 0 1 98 54 0 1 1 15 60 24 0 1 1 15 93 614 0 1 0 2 62 315 0 1 0 2 101 55 0 1 1 25 64 25 0 1 1 25 109
3/4 54 0 1 1 5 63 24 0 1 1 5 97 54 0 1 0 1 70 24 0 1 0 1 100 54 0 1 1 15 57 24 0 1 1 15 101 54 0 1 0 2 59 24 0 1 0 2 109 54 0 1 1 25 65 24 0 1 1 25 109
3/4 54 0 1 0 0 57 24 0 1 0 0 91 54 0 1 1 5 68 24 0 1 1 5 96 54 0 1 0 1 73 24 0 1 0 1 90 54 0 1 1 15 55 24 0 1 1 15 104 614 0 1 0 2 57 315 0 1 0 2 90 24 0 1 1 25 61 715 0 1 1 25 104
3/4 54 0 1 1 5 68 24 0 1 1 5 92 54 0 1 0 1 69 24 0 1 0 1 95 54 0 1 1 15 66 24 0 1 1 15 81 54 0 1 0 2 65 24 0 1 0 2 86 54 0 1 1 25 64 24 0 1 1 25 72
3/4 54 0 1 0 0 73 24 0 1 0 0 64 314 0 1 0 2 109
3/4 714 0 2 0 0 90 315 0 1 0 2 93 614 0 1 0 2 97
3/4 715 0 2 0 0 110 614 2 175 0 0 104 314 0 1 0 2 108
3/4 14 0 2 0 0 96 315 0 1 0 2 108 714 0 1 0 2 91
3/4 15 0 2 0 0 110 714 2 175 0 0 100 314 0 1 0 2 91
3/4 24 0 1 0 0 103 14 0 1 0 1 93 714 0 1 0 2 106 315 0 1 0 2 100
3/4 14 0 1 0 0 99 615 0 1 0 0 99 24 0 1 0 1 100 715 0 1 0 1 91 315 0 1 0 2 92 15 0 1 0 2 105
3/4 25 2 275 0 0 104 315 0 2 0 0 104 24 0 1 0 2 105
3/4 314 0 1 0 0 103 44 0 1 0 1 102 54 0 1 0 2 94
3/4 614 0 2 0 0 96
3/4 23 0 1 0 0 100 314 0 1 0 1 104 44 0 1 0 2 97
3/4 24 0 3 0 0 110
3/4 24 3 2667 0 0 105
3/4 44 2 275 0 0 107
3/4 614 0 1 0 0 97 24 0 1 0 0 99 54 0 1 0 1 93 14 0 1 0 1 103 44 0 1 0 2 93 74 0 1 0 2 106
3/4 314 0 1 0 0 108 614 0 1 0 0 97 13 0 1 0 2 69 54 0 1 0 2 71 13 0 1 1 25 60 54 0 1 1 25 63
3/4 13 0 1 0 0 83 54 0 1 0 0 73 13 0 1 1 5 69 54 0 1 1 5 73 13 0 1 0 1 76 54 0 1 0 1 86 13 0 1 1 15 87 54 0 1 1 15 94 13 0 1 0 2 90 54 0 1 0 2 88 23 0 1 1 25 93 614 0 1 1 25 91
3/4 13 0 1 1 5 69 54 0 1 1 5 69 13 0 1 0 1 77 54 0 1 0 1 74 13 0 1 1 15 69 54 0 1 1 15 62 13 0 1 0 2 73 54 0 1 0 2 69 13 0 1 1 25 75 54 0 1 1 25 68
3/4 13 0 1 0 0 72 54 0 1 0 0 73 13 0 1 1 5 79 54 0 1 1 5 95 13 0 1 0 1 99 54 0 1 0 1 84 13 0 1 1 15 95 54 0 1 1 15 86 23 0 1 0 2 103 614 0 1 0 2 99 54 0 1 1 25 95 24 0 1 1 25 94
3/4 13 0 1 1 5 73 54 0 1 1 5 58 13 0 1 0 1 67 54 0 1 0 1 61 13 0 1 1 15 81 54 0 1 1 15 73 13 0 1 0 2 81 54 0 1 0 2 77 13 0 1 1 25 85 54 0 1 1 25 80
3/4 13 0 1 0 0 81 54 0 1 0 0 86 13 0 1 1 5 89 54 0 1 1 5 92 13 0 1 0 1 91 54 0 1 0 1 89 13 0 1 1 15 83 54 0 1 1 15 95 13 0 1 0 2 98 54 0 1 0 2 99 23 0 1 1 25 97 614 0 1 1 25 104
3/4 13 0 1 1 5 71 54 0 1 1 5 66 13 0 1 0 1 58 54 0 1 0 1 71 13 0 1 1 15 73 54 0 1 1 15 63 13 0 1 0 2 76 54 0 1 0 2 74 13 0 1 1 25 71 54 0 1 1 25 88
3/4 13 0 1 0 0 80 54 0 1 0 0 87 13 0 1 1 5 95 54 0 1 1 5 78 13 0 1 0 1 92 54 0 1 0 1 81 13 0 1 1 15 92 54 0 1 1 15 83 23 0 1 0 2 105 614 0 1 0 2 105 54 0 1 1 25 90 24 0 1 1 25 105
3/4 13 0 1 1 5 73 54 0 1 1 5 74 13 0 1 0 1 70 54 0 1 0 1 59 13 0 1 1 15 62 54 0 1 1 15 62 13 0 1 0 2 74 54 0 1 0 2 68 13 0 1 1 25 77 54 0 1 1 25 72
3/4 13 0 1 0 0 85 54 0 1 0 0 79 13 0 1 1 5 86 54 0 1 1 5 91 13 0 1 0 1 88 54 0 1 0 1 82 13 0 1 1 15 87 54 0 1 1 15 102 13 0 1 0 2 89 54 0 1 0 2 91 23 0 1 1 25 94 614 0 1 1 25 93
3/4 13 0 1 1 5 72 54 0 1 1 5 60 13 0 1 0 1 76 54 0 1 0 1 77 13 0 1 1 15 81 54 0 1 1 15 74 13 0 1 0 2 82 54 0 1 0 2 75 13 0 1 1 25 70 54 0 1 1 25 74
3/4 13 0 1 0 0 73 54 0 1 0 0 72 13 0 1 1 5 76 54 0 1 1 5 85 13 0 1 0 1 83 54 0 1 0 1 87 13 0 1 1 15 103 54 0 1 1 15 86 23 0 1 0 2 88 614 0 1 0 2 106 54 0 1 1 25 98 24 0 1 1 25 101
3/4 13 0 1 1 5 60 54 0 1 1 5 67 13 0 1 0 1 68 54 0 1 0 1 72 13 0 1 1 15 81 54 0 1 1 15 66 13 0 1 0 2 73 54 0 1 0 2 81 13 0 1 1 25 74 54 0 1 1 25 70
3/4 13 0 1 0 0 76 54 0 1 0 0 81 13 0 1 1 5 91 54 0 1 1 5 95 13 0 1 0 1 94 54 0 1 0 1 82 13 0 1 1 15 89 54 0 1 1 15 91 13 0 1 0 2 105 54 0 1 0 2 102 23 0 1 1 25 94 614 0 1 1 25 98
3/4 13 0 1 1 5 61 54 0 1 1 5 56 13 0 1 0 1 66 54 0 1 0 1 72 13 0 1 1 15 67 54 0 1 1 15 62 13 0 1 0 2 69 54 0 1 0 2 72 13 0 1 1 25 72 54 0 1 1 25 75
3/4 13 0 1 0 0 76 54 0 1 0 0 92 13 0 1 1 5 90 54 0 1 1 5 77 13 0 1 0 1 79 54 0 1 0 1 92 13 0 1 1 15 92 54 0 1 1 15 87 23 0 1 0 2 96 614 0 1 0 2 98 54 0 1 1 25 100 24 0 1 1 25 91
3/4 13 0 1 0 2 110 23 0 1 0 2 98 54 0 1 0 2 103
3/4 13 0 1 0 0 104 23 0 1 0 0 98 54 0 1 0 0 94
3/4 13 0 1 0 0 103 23 0 1 0 0 94 54 0 1 0 0 108
3/4 13 0 1 0 0 98 23 0 1 0 0 101 54 0 1 0 0 107
3/4 13 0 1 0 0 94 23 0 1 0 0 103 54 0 1 0 0 104
4/4 612 0 1 0 0 109 313 2 275 0 1 95
4/4 313 0 2 0 0 96 612 0 1 0 2 96 313 0 1 0 3 103
4/4 313 2 175 0 0 92 313 0 2 0 2 93
4/4 612 0 1 0 0 102 313 2 275 0 1 90
4/4 313 0 2 0 0 91 612 0 1 0 2 102 313 0 1 0 3 110
4/4 313 2 175 0 0 93 313 0 2 0 2 98
4/4 612 0 1 0 0 90 313 2 275 0 1 108
4/4 313 0 2 0 0 108 612 0 1 0 2 91 313 0 1 0 3 104
4/4 313 2 175 0 0 108 313 0 2 0 2 103
4/4 612 0 1 0 0 102 313 2 275 0 1 103
4/4 313 0 2 0 0 91 612 0 1 0 2 98 313 0 1 0 3 98
4/4 313 2 175 0 0 106 313 0 2 0 2 102
4/4 612 0 1 0 0 92 313 0 1 0 1 105 713 0 1 0 2 90 613 0 1 0 3 110
4/4 313 0 1 0 0 95 53 0 1 0 1 102 612 0 1 0 2 97 313 0 1 0 3 106
4/4 713 0 1 0 0 107 613 0 1 0 1 107 313 0 1 0 2 110 53 0 1 0 3 108
4/4 612 0 1 0 0 93 313 0 1 0 1 110 713 0 1 0 2 90 613 0 1 0 3 104
4/4 313 0 1 0 0 109 53 0 1 0 1 90 612 0 1 0 2 103 313 0 1 0 3 99
4/4 713 0 1 0 0 101 613 0 1 0 1 100 313 0 1 0 2 101 53 0 1 0 3 105
4/4 612 0 1 0 0 106 313 0 1 0 1 98 713 0 1 0 2 107 613 0 1 0 3 102
4/4 313 0 1 0 0 103 53 0 1 0 1 105 612 0 1 0 2 98 313 0 1 0 3 95
4/4 713 0 1 0 0 106 613 0 1 0 1 106 313 0 1 0 2 97 53 0 1 0 3 94
4/4 612 0 1 0 0 91 313 0 1 0 1 100 713 0 1 0 2 108 613 0 1 0 3 94
4/4 313 0 1 0 0 104 53 0 1 0 1 98 612 0 1 0 2 102 313 0 1 0 3 105
4/4 313 2 275 0 0 101
4/4 612 0 1 0 0 90 313 0 1 0 1 95 713 0 1 0 2 90 613 0 1 0 3 107
4/4 313 0 1 0 0 97 53 0 1 0 1 97 612 0 1 0 2 101 313 0 1 0 3 92
4/4 713 0 1 0 0 109 613 0 1 0 1 98 313 0 1 0 2 106 53 0 1 0 3 99
4/4 612 0 1 0 0 109 313 0 1 0 1 108 713 0 1 0 2 105 613 0 1 0 3 98
4/4 53 0 1 0 0 109 313 0 1 0 1 93 72 0 1 0 2 100 43 0 1 0 3 108
4/4 613 0 1 0 0 105 13 0 1 0 1 109 43 0 1 0 2 101 73 0 1 0 3 91
4/4 72 0 1 0 0 90 43 0 1 0 1 107 73 0 1 0 2 110 13 0 1 0 3 108
4/4 43 0 1 0 0 96 73 0 1 0 1 107 72 0 1 0 2 94 43 0 1 0 3 105
4/4 73 0 1 0 0 102 13 0 1 0 1 101 43 0 1 0 2 97 73 0 1 0 3 99
4/4 72 0 1 0 0 101 43 0 1 0 1 94 73 0 1 0 2 105 13 0 1 0 3 98
4/4 73 0 1 0 0 100 43 0 1 0 1 105 612 0 1 0 2 108 313 0 1 0 3 93
4/4 713 0 1 0 0 93 613 0 1 0 1 105 313 0 1 0 2 95 53 0 1 0 3 96
4/4 612 0 1 0 0 93 313 0 1 0 1 108 713 0 1 0 2 106 613 0 1 0 3 92
4/4 313 0 1 0 0 95 53 0 1 0 1 93 612 0 1 0 2 91 313 0 1 0 3 110
4/4 713 0 1 0 0 99 613 0 1 0 1 106 313 0 1 0 2 92 53 0 1 0 3 109
4/4 612 0 1 0 0 103 313 0 1 0 1 105 713 0 1 0 2 90 613 0 1 0 3 94
4/4 313 0 1 0 0 103 53 0 1 0 1 94 612 0 1 0 2 109 313 0 1 0 3 105
4/4 713 0 1 0 0 91 613 0 1 0 1 101 313 0 1 0 2 99 53 0 1 0 3 90
4/4 612 0 1 0 0 101 313 0 1 0 1 95 713 0 1 0 2 100 613 0 1 0 3 93
4/4 313 0 1 0 0 102 53 0 1 0 1 103 612 0 1 0 2 98 313 0 1 0 3 91
4/4 713 0 1 0 0 109 613 0 1 0 1 98 313 0 1 0 2 104 53 0 1 0 3 101
4/4 612 0 1 0 0 107 313 0 1 0 1 106 713 0 1 0 2 90 613 0 1 0 3 101
4/4 53 0 1 0 0 91 313 0 1 0 1 105 72 0 1 0 2 92 43 0 1 0 3 105
4/4 23 0 1 0 0 110 13 0 1 0 1 96 43 0 1 0 2 102 73 0 1 0 3 104
4/4 72 0 1 0 0 106 43 0 1 0 1 97 23 0 1 0 2 96 13 0 1 0 3 107
4/4 43 0 1 0 0 93 73 0 1 0 1 99 72 0 1 0 2 93 43 0 1 0 3 90
4/4 23 0 1 0 0 101 13 0 1 0 1 94 43 0 1 0 2 91 73 0 1 0 3 106
4/4 72 0 1 0 0 110 43 0 1 0 1 92 23 0 1 0 2 93 13 0 1 0 3 102
4/4 73 0 1 0 0 98 43 0 1 0 1 106 612 0 1 0 2 98 313 0 1 0 3 105
4/4 713 0 1 0 0 94 613 0 1 0 1 109 313 0 1 0 2 101 53 0 1 0 3 108
4/4 612 0 1 0 0 102 313 0 1 0 1 94 713 0 1 0 2 98 613 0 1 0 3 107
4/4 313 0 1 0 0 95 53 0 1 0 1 108 612 0 1 0 2 92 313 0 1 0 3 90
4/4 713 0 1 0 0 110 613 0 1 0 1 104 313 0 1 0 2 97 53 0 1 0 3 101
4/4 612 0 1 0 0 105 313 0 1 0 1 97 713 0 1 0 2 95 613 0 1 0 3 106
4/4 313 0 1 0 0 107 53 0 1 0 1 98 612 0 1 0 2 108 313 0 1 0 3 109
4/4 313 2 175 0 0 109 313 0 2 0 2 98
4/4 612 0 1 0 0 105 313 0 3 0 1 102
4/4 313 2 75 0 0 100 612 0 1 0 2 103 313 0 1 0 3 103
4/4 713 0 1 0 0 95 613 0 1 0 1 105 313 0 1 0 2 107 53 0 1 0 3 106
4/4 612 0 1 0 0 98 313 0 1 0 1 99 713 0 1 0 2 95 613 0 1 0 3 103
4/4 313 0 1 0 0 107 53 0 1 0 1 100 612 0 1 0 2 104 313 0 1 0 3 108
4/4 713 0 1 0 0 108 613 0 1 0 1 91 53 0 1 0 2 94 313 0 1 0 3 105
4/4 72 0 1 0 0 100 43 0 1 0 1 95 23 0 1 0 2 105 13 0 1 0 3 92
4/4 43 0 1 0 0 101 73 0 1 0 1 97 72 0 1 0 2 107 43 0 1 0 3 107
4/4 23 0 1 0 0 97 13 0 1 0 1 90 43 0 1 0 2 108 73 0 1 0 3 101
4/4 72 0 1 0 0 90 43 0 1 0 1 97 23 0 1 0 2 93 13 0 1 0 3 109
4/4 43 0 1 0 0 110 73 0 1 0 1 106 72 0 1 0 2 104 43 0 1 0 3 97
4/4 23 0 1 0 0 102 13 0 1 0 1 99 73 0 1 0 2 96 43 0 1 0 3 92
4/4 612 0 1 0 0 110 313 0 1 0 1 93 713 0 1 0 2 97 613 0 1 0 3 91
4/4 313 0 1 0 0 110 53 0 1 0 1 94 612 0 1 0 2 105 313 0 1 0 3 108
4/4 713 0 1 0 0 97 613 0 1 0 1 102 313 0 1 0 2 91 53 0 1 0 3 108
4/4 612 0 1 0 0 106 313 0 1 0 1 104 713 0 1 0 2 104 613 0 1 0 3 101
4/4 313 0 1 0 0 100 53 0 1 0 1 104 612 0 1 0 2 107 313 0 1 0 3 108
4/4 713 0 1 0 0 107 613 0 1 0 1 104 313 0 1 0 2 93 53 0 1 0 3 107
4/4 612 0 1 0 0 91 313 2 275 0 1 100
4/4 313 0 2 0 0 97 612 0 1 0 2 109 313 0 1 0 3 99
4/4 313 2 175 0 0 107 313 0 2 0 2 92
4/4 612 0 1 0 0 92 313 2 275 0 1 103
4/4 313 0 2 0 0 104 612 0 1 0 2 103 313 0 1 0 3 109
4/4 313 2 175 0 0 105 313 0 2 0 2 91
4/4 611 0 1 0 2 103 612 0 1 0 2 110
4/4 611 0 1 0 0 93 612 0 1 0 0 107
4/4 611 0 1 0 0 102 612 0 1 0 0 101
4/4 611 0 1 0 0 92 612 0 1 0 0 91
