3/4 14 0 1 1 5 64 55 0 1 1 5 64 14 0 1 0 1 67 55 0 1 0 1 67 14 0 1 1 15 71 55 0 1 1 15 71 14 0 1 0 2 75 55 0 1 0 2 75 14 0 1 1 25 78 55 0 1 1 25 78
3/4 14 0 1 0 0 82 55 0 1 0 0 82 14 0 1 1 5 86 55 0 1 1 5 86 14 0 1 0 1 89 55 0 1 0 1 89 14 0 1 1 15 93 55 0 1 1 15 93 14 0 1 0 2 97 55 0 1 0 2 97 24 0 1 1 25 100 615 0 1 1 25 100
3/4 14 0 1 1 5 64 55 0 1 1 5 64 14 0 1 0 1 67 55 0 1 0 1 67 14 0 1 1 15 71 55 0 1 1 15 71 14 0 1 0 2 75 55 0 1 0 2 75 14 0 1 1 25 78 55 0 1 1 25 78
3/4 14 0 1 0 0 82 55 0 1 0 0 82 14 0 1 1 5 85 55 0 1 1 5 85 14 0 1 0 1 89 55 0 1 0 1 89 14 0 1 1 15 93 55 0 1 1 15 93 24 0 1 0 2 96 615 0 1 0 2 96 55 0 1 1 25 100 25 0 1 1 25 100
3/4 14 0 1 1 5 64 55 0 1 1 5 64 14 0 1 0 1 67 55 0 1 0 1 67 14 0 1 1 15 71 55 0 1 1 15 71 14 0 1 0 2 75 55 0 1 0 2 75 14 0 1 1 25 78 55 0 1 1 25 78
3/4 14 0 1 0 0 82 55 0 1 0 0 82 14 0 1 1 5 86 55 0 1 1 5 86 14 0 1 0 1 89 55 0 1 0 1 89 14 0 1 1 15 93 55 0 1 1 15 93 14 0 1 0 2 97 55 0 1 0 2 97 24 0 1 1 25 100 615 0 1 1 25 100
3/4 14 0 1 1 5 64 55 0 1 1 5 64 14 0 1 0 1 67 55 0 1 0 1 67 14 0 1 1 15 71 55 0 1 1 15 71 14 0 1 0 2 75 55 0 1 0 2 75 14 0 1 1 25 78 55 0 1 1 25 78
3/4 14 0 1 0 0 82 55 0 1 0 0 82 14 0 1 1 5 85 55 0 1 1 5 85 14 0 1 0 1 89 55 0 1 0 1 89 14 0 1 1 15 93 55 0 1 1 15 93 24 0 1 0 2 96 615 0 1 0 2 96 55 0 1 1 25 100 25 0 1 1 25 100
3/4 14 0 1 1 5 64 55 0 1 1 5 64 14 0 1 0 1 67 55 0 1 0 1 67 14 0 1 1 15 71 55 0 1 1 15 71 14 0 1 0 2 75 55 0 1 0 2 75 14 0 1 1 25 78 55 0 1 1 25 78
3/4 14 0 1 0 0 82 55 0 1 0 0 82 14 0 1 1 5 86 55 0 1 1 5 86 14 0 1 0 1 89 55 0 1 0 1 89 14 0 1 1 15 93 55 0 1 1 15 93 14 0 1 0 2 97 55 0 1 0 2 97 24 0 1 1 25 100 615 0 1 1 25 100
3/4 14 0 1 1 5 64 55 0 1 1 5 64 14 0 1 0 1 67 55 0 1 0 1 67 14 0 1 1 15 71 55 0 1 1 15 71 14 0 1 0 2 75 55 0 1 0 2 75 14 0 1 1 25 78 55 0 1 1 25 78
3/4 14 0 1 0 0 82 55 0 1 0 0 82 14 0 1 1 5 85 55 0 1 1 5 85 14 0 1 0 1 89 55 0 1 0 1 89 14 0 1 1 15 93 55 0 1 1 15 93 24 0 1 0 2 96 615 0 1 0 2 96 55 0 1 1 25 100 25 0 1 1 25 100
3/4 14 0 1 1 5 64 55 0 1 1 5 64 14 0 1 0 1 67 55 0 1 0 1 67 14 0 1 1 15 71 55 0 1 1 15 71 14 0 1 0 2 75 55 0 1 0 2 75 14 0 1 1 25 78 55 0 1 1 25 78
3/4 14 0 1 0 0 82 55 0 1 0 0 82 14 0 1 1 5 86 55 0 1 1 5 86 14 0 1 0 1 89 55 0 1 0 1 89 14 0 1 1 15 93 55 0 1 1 15 93 14 0 1 0 2 97 55 0 1 0 2 97 24 0 1 1 25 100 615 0 1 1 25 100
3/4 14 0 1 1 5 64 55 0 1 1 5 64 14 0 1 0 1 67 55 0 1 0 1 67 14 0 1 1 15 71 55 0 1 1 15 71 14 0 1 0 2 75 55 0 1 0 2 75 14 0 1 1 25 78 55 0 1 1 25 78
3/4 14 0 1 0 0 82 55 0 1 0 0 82 14 0 1 1 5 85 55 0 1 1 5 85 14 0 1 0 1 89 55 0 1 0 1 89 14 0 1 1 15 93 55 0 1 1 15 93 24 0 1 0 2 96 615 0 1 0 2 96 55 0 1 1 25 100 25 0 1 1 25 100
3/4 14 0 1 1 5 64 55 0 1 1 5 64 14 0 1 0 1 67 55 0 1 0 1 67 14 0 1 1 15 71 55 0 1 1 15 71 14 0 1 0 2 75 55 0 1 0 2 75 14 0 1 1 25 78 55 0 1 1 25 78
3/4 14 0 1 0 0 82 55 0 1 0 0 82 14 0 1 1 5 86 55 0 1 1 5 86 14 0 1 0 1 89 55 0 1 0 1 89 14 0 1 1 15 93 55 0 1 1 15 93 14 0 1 0 2 97 55 0 1 0 2 97 24 0 1 1 25 100 615 0 1 1 25 100
3/4 14 0 1 1 5 64 55 0 1 1 5 64 14 0 1 0 1 67 55 0 1 0 1 67 14 0 1 1 15 71 55 0 1 1 15 71 14 0 1 0 2 75 55 0 1 0 2 75 14 0 1 1 25 78 55 0 1 1 25 78
3/4 14 0 1 0 0 82 55 0 1 0 0 82 14 0 1 1 5 85 55 0 1 1 5 85 14 0 1 0 1 89 55 0 1 0 1 89 14 0 1 1 15 93 55 0 1 1 15 93 24 0 1 0 2 96 615 0 1 0 2 96 55 0 1 1 25 100 25 0 1 1 25 100
3/4 14 0 1 1 5 64 55 0 1 1 5 64 14 0 1 0 1 67 55 0 1 0 1 67 14 0 1 1 15 71 55 0 1 1 15 71 14 0 1 0 2 75 55 0 1 0 2 75 14 0 1 1 25 78 55 0 1 1 25 78
3/4 14 0 1 0 0 82 55 0 1 0 0 82 14 0 1 1 5 86 55 0 1 1 5 86 14 0 1 0 1 89 55 0 1 0 1 89 14 0 1 1 15 93 55 0 1 1 15 93 14 0 1 0 2 97 55 0 1 0 2 97 24 0 1 1 25 100 615 0 1 1 25 100
3/4 14 0 1 1 5 64 55 0 1 1 5 64 14 0 1 0 1 67 55 0 1 0 1 67 14 0 1 1 15 71 55 0 1 1 15 71 14 0 1 0 2 75 55 0 1 0 2 75 14 0 1 1 25 78 55 0 1 1 25 78
3/4 14 0 1 0 0 82 55 0 1 0 0 82 14 0 1 1 5 85 55 0 1 1 5 85 14 0 1 0 1 89 55 0 1 0 1 89 14 0 1 1 15 93 55 0 1 1 15 93 24 0 1 0 2 96 615 0 1 0 2 96 55 0 1 1 25 100 25 0 1 1 25 100
3/4 14 0 1 1 5 64 55 0 1 1 5 64 14 0 1 0 1 67 55 0 1 0 1 67 14 0 1 1 15 71 55 0 1 1 15 71 14 0 1 0 2 75 55 0 1 0 2 75 14 0 1 1 25 78 55 0 1 1 25 78
3/4 14 0 1 0 0 82 55 0 1 0 0 82 14 0 1 1 5 86 55 0 1 1 5 86 14 0 1 0 1 89 55 0 1 0 1 89 14 0 1 1 15 93 55 0 1 1 15 93 14 0 1 0 2 97 55 0 1 0 2 97 24 0 1 1 25 100 615 0 1 1 25 100
3/4 14 0 1 1 5 64 55 0 1 1 5 64 14 0 1 0 1 67 55 0 1 0 1 67 14 0 1 1 15 71 55 0 1 1 15 71 14 0 1 0 2 75 55 0 1 0 2 75 14 0 1 1 25 78 55 0 1 1 25 78
3/4 14 0 1 0 0 82 55 0 1 0 0 82 14 0 1 1 5 85 55 0 1 1 5 85 14 0 1 0 1 89 55 0 1 0 1 89 14 0 1 1 15 93 55 0 1 1 15 93 24 0 1 0 2 96 615 0 1 0 2 96 55 0 1 1 25 100 25 0 1 1 25 100
3/4 14 0 1 1 5 64 55 0 1 1 5 64 14 0 1 0 1 68 55 0 1 0 1 68 14 0 1 1 15 71 55 0 1 1 15 71 14 0 1 0 2 75 55 0 1 0 2 75 14 0 1 1 25 79 55 0 1 1 25 79
3/4 14 0 1 0 0 83 55 0 1 0 0 83 14 0 1 1 5 87 55 0 1 1 5 87 14 0 1 0 1 91 55 0 1 0 1 91 14 0 1 1 15 95 55 0 1 1 15 95 14 0 1 0 2 99 55 0 1 0 2 99 24 0 1 1 25 100 615 0 1 1 25 100
3/4 14 0 1 1 5 64 55 0 1 1 5 64 14 0 1 0 1 72 55 0 1 0 1 72 14 0 1 1 15 79 55 0 1 1 15 79 14 0 1 0 2 86 55 0 1 0 2 86 14 0 1 1 25 93 55 0 1 1 25 93
3/4 14 0 1 0 0 100 55 0 1 0 0 100 315 0 1 0 2 100
3/4 715 0 2 0 0 100 615 0 1 0 2 100
3/4 615 2 175 0 0 100 315 0 1 0 2 100
3/4 15 0 2 0 0 100 715 0 1 0 2 100
3/4 715 2 175 0 0 100 315 0 1 0 2 100
3/4 25 0 1 0 0 100 15 0 1 0 1 100 715 0 1 0 2 100
3/4 15 0 1 0 0 100 25 0 1 0 1 100 316 0 1 0 2 100
3/4 316 0 2 0 0 100 25 0 1 0 2 100
3/4 25 1 5 0 0 100 24 0 1 1 5 64 615 0 1 1 5 64 24 0 1 0 1 71 615 0 1 0 1 71 24 0 1 1 15 81 615 0 1 1 15 81 24 0 1 0 2 90 615 0 1 0 2 90 55 0 1 1 25 100 25 0 1 1 25 100
3/4 24 0 1 1 5 64 615 0 1 1 5 64 24 0 1 0 1 67 615 0 1 0 1 67 24 0 1 1 15 71 615 0 1 1 15 71 24 0 1 0 2 74 615 0 1 0 2 74 24 0 1 1 25 78 615 0 1 1 25 78
3/4 24 0 1 0 0 82 615 0 1 0 0 82 24 0 1 1 5 85 615 0 1 1 5 85 24 0 1 0 1 89 615 0 1 0 1 89 24 0 1 1 15 93 615 0 1 1 15 93 55 0 1 0 2 97 25 0 1 0 2 97 15 0 1 1 25 100 56 0 1 1 25 100
3/4 24 0 1 1 5 64 615 0 1 1 5 64 24 0 1 0 1 67 615 0 1 0 1 67 24 0 1 1 15 70 615 0 1 1 15 70 24 0 1 0 2 74 615 0 1 0 2 74 24 0 1 1 25 78 615 0 1 1 25 78
3/4 24 0 1 0 0 81 615 0 1 0 0 81 24 0 1 1 5 85 615 0 1 1 5 85 24 0 1 0 1 89 615 0 1 0 1 89 24 0 1 1 15 92 615 0 1 1 15 92 24 0 1 0 2 96 615 0 1 0 2 96 55 0 1 1 25 100 25 0 1 1 25 100
3/4 24 0 1 1 5 64 615 0 1 1 5 64 24 0 1 0 1 67 615 0 1 0 1 67 24 0 1 1 15 70 615 0 1 1 15 70 24 0 1 0 2 74 615 0 1 0 2 74 24 0 1 1 25 78 615 0 1 1 25 78
3/4 25 0 1 0 0 100 15 0 1 0 1 100 75 0 1 0 2 100
3/4 615 0 2 0 0 100 14 0 1 0 2 64 55 0 1 0 2 64 14 0 1 1 25 69 55 0 1 1 25 69
3/4 14 0 1 0 0 74 55 0 1 0 0 74 14 0 1 1 5 79 55 0 1 1 5 79 14 0 1 0 1 84 55 0 1 0 1 84 14 0 1 1 15 90 55 0 1 1 15 90 14 0 1 0 2 95 55 0 1 0 2 95 24 0 1 1 25 100 615 0 1 1 25 100
3/4 14 0 1 1 5 64 55 0 1 1 5 64 14 0 1 0 1 67 55 0 1 0 1 67 14 0 1 1 15 71 55 0 1 1 15 71 14 0 1 0 2 74 55 0 1 0 2 74 14 0 1 1 25 78 55 0 1 1 25 78
3/4 14 0 1 0 0 82 55 0 1 0 0 82 14 0 1 1 5 86 55 0 1 1 5 86 14 0 1 0 1 89 55 0 1 0 1 89 14 0 1 1 15 93 55 0 1 1 15 93 24 0 1 0 2 97 615 0 1 0 2 97 55 0 1 1 25 100 25 0 1 1 25 100
3/4 14 0 1 1 5 64 55 0 1 1 5 64 14 0 1 0 1 67 55 0 1 0 1 67 14 0 1 1 15 70 55 0 1 1 15 70 14 0 1 0 2 74 55 0 1 0 2 74 14 0 1 1 25 78 55 0 1 1 25 78
3/4 14 0 1 0 0 82 55 0 1 0 0 82 14 0 1 1 5 85 55 0 1 1 5 85 14 0 1 0 1 89 55 0 1 0 1 89 14 0 1 1 15 93 55 0 1 1 15 93 14 0 1 0 2 96 55 0 1 0 2 96 24 0 1 1 25 100 615 0 1 1 25 100
3/4 14 0 1 1 5 64 55 0 1 1 5 64 14 0 1 0 1 67 55 0 1 0 1 67 14 0 1 1 15 71 55 0 1 1 15 71 14 0 1 0 2 75 55 0 1 0 2 75 14 0 1 1 25 78 55 0 1 1 25 78
3/4 14 0 1 0 0 82 55 0 1 0 0 82 14 0 1 1 5 86 55 0 1 1 5 86 14 0 1 0 1 89 55 0 1 0 1 89 14 0 1 1 15 93 55 0 1 1 15 93 24 0 1 0 2 97 615 0 1 0 2 97 55 0 1 1 25 100 25 0 1 1 25 100
3/4 317 1 5 0 0 100 716 0 1 1 5 100 26 1 5 1 15 100 616 0 1 0 2 100
3/4 16 1 5 0 0 100 56 0 1 1 5 100 716 1 5 1 15 100 316 0 1 0 2 100
3/4 616 1 5 0 0 100 25 0 1 1 5 100 56 1 5 1 15 100 15 0 1 0 2 100
3/4 316 1 5 0 0 100 715 0 1 1 5 100 25 1 5 1 15 100 615 0 1 0 2 100
3/4 317 1 5 0 0 100 716 0 1 1 5 100 26 1 5 1 15 100 616 0 1 0 2 100
3/4 16 1 5 0 0 100 56 0 1 1 5 100 716 1 5 1 15 100 316 0 1 0 2 100
3/4 616 1 5 0 0 100 25 0 1 1 5 100 56 1 5 1 15 100 15 0 1 0 2 100
3/4 316 1 5 0 0 100 715 0 1 1 5 100 25 1 5 1 15 100 615 0 1 0 2 100
3/4 317 1 5 0 0 100 616 0 1 1 5 100 26 1 5 1 15 100 56 0 1 0 2 100
3/4 16 1 5 0 0 100 46 0 1 1 5 100 616 1 5 1 15 100 25 0 1 0 2 100
3/4 56 1 5 0 0 100 15 0 1 1 5 100 46 1 5 1 15 100 75 0 1 0 2 100
3/4 25 1 5 0 0 100 55 0 1 1 5 100 15 1 5 1 15 100 45 0 1 0 2 100
3/4 317 1 5 0 0 100 616 0 1 1 5 100 26 1 5 1 15 100 56 0 1 0 2 100
3/4 16 1 5 0 0 100 46 0 1 1 5 100 616 1 5 1 15 100 25 0 1 0 2 100
3/4 56 1 5 0 0 100 15 0 1 1 5 100 46 1 5 1 15 100 75 0 1 0 2 100
3/4 25 1 5 0 0 100 55 0 1 1 5 100 15 1 5 1 15 100 45 0 1 0 2 100
3/4 14 0 1 1 5 64 55 0 1 1 5 64 14 0 1 0 1 67 55 0 1 0 1 67 14 0 1 1 15 71 55 0 1 1 15 71 14 0 1 0 2 75 55 0 1 0 2 75 14 0 1 1 25 78 55 0 1 1 25 78
3/4 14 0 1 0 0 82 55 0 1 0 0 82 14 0 1 1 5 85 55 0 1 1 5 85 14 0 1 0 1 89 55 0 1 0 1 89 14 0 1 1 15 92 55 0 1 1 15 92 14 0 1 0 2 96 55 0 1 0 2 96 24 0 1 1 25 100 615 0 1 1 25 100
3/4 14 0 1 1 5 64 55 0 1 1 5 64 14 0 1 0 1 67 55 0 1 0 1 67 14 0 1 1 15 71 55 0 1 1 15 71 14 0 1 0 2 75 55 0 1 0 2 75 14 0 1 1 25 78 55 0 1 1 25 78
3/4 14 0 1 0 0 82 55 0 1 0 0 82 14 0 1 1 5 85 55 0 1 1 5 85 14 0 1 0 1 89 55 0 1 0 1 89 14 0 1 1 15 93 55 0 1 1 15 93 24 0 1 0 2 96 615 0 1 0 2 96 55 0 1 1 25 100 25 0 1 1 25 100
3/4 55 0 1 1 5 64 25 0 1 1 5 100 55 0 1 0 1 64 25 0 1 0 1 100 55 0 1 1 15 64 25 0 1 1 15 100 55 0 1 0 2 64 25 0 1 0 2 100 55 0 1 1 25 64 25 0 1 1 25 100
3/4 55 0 1 0 0 64 25 0 1 0 0 100 55 0 1 1 5 64 25 0 1 1 5 100 55 0 1 0 1 64 25 0 1 0 1 100 55 0 1 1 15 64 25 0 1 1 15 100 615 0 1 0 2 64 316 0 1 0 2 100 25 0 1 1 25 64 716 0 1 1 25 100
3/4 55 0 1 1 5 64 25 0 1 1 5 100 55 0 1 0 1 64 25 0 1 0 1 100 55 0 1 1 15 64 25 0 1 1 15 100 55 0 1 0 2 64 25 0 1 0 2 100 55 0 1 1 25 64 25 0 1 1 25 100
3/4 55 0 1 0 0 64 25 0 1 0 0 100 55 0 1 1 5 64 25 0 1 1 5 100 55 0 1 0 1 64 25 0 1 0 1 100 55 0 1 1 15 64 25 0 1 1 15 100 615 0 1 0 2 64 316 0 1 0 2 100 56 0 1 1 25 64 26 0 1 1 25 100
3/4 55 0 1 1 5 64 25 0 1 1 5 100 55 0 1 0 1 64 25 0 1 0 1 100 55 0 1 1 15 64 25 0 1 1 15 100 55 0 1 0 2 64 25 0 1 0 2 100 55 0 1 1 25 64 25 0 1 1 25 100
3/4 55 0 1 0 0 64 25 0 1 0 0 100 55 0 1 1 5 64 25 0 1 1 5 100 55 0 1 0 1 64 25 0 1 0 1 100 55 0 1 1 15 64 25 0 1 1 15 100 615 0 1 0 2 64 316 0 1 0 2 100 25 0 1 1 25 64 716 0 1 1 25 100
3/4 55 0 1 1 5 64 25 0 1 1 5 100 55 0 1 0 1 64 25 0 1 0 1 93 55 0 1 1 15 64 25 0 1 1 15 86 55 0 1 0 2 64 25 0 1 0 2 79 55 0 1 1 25 64 25 0 1 1 25 72
3/4 55 0 1 0 0 64 25 0 1 0 0 64 315 0 1 0 2 100
3/4 715 0 2 0 0 100 316 0 1 0 2 100 615 0 1 0 2 100
3/4 716 0 2 0 0 100 615 2 175 0 0 100 315 0 1 0 2 100
3/4 15 0 2 0 0 100 316 0 1 0 2 100 715 0 1 0 2 100
3/4 16 0 2 0 0 100 715 2 175 0 0 100 315 0 1 0 2 100
3/4 25 0 1 0 0 100 15 0 1 0 1 100 715 0 1 0 2 100 316 0 1 0 2 100
3/4 15 0 1 0 0 100 616 0 1 0 0 100 25 0 1 0 1 100 716 0 1 0 1 100 316 0 1 0 2 100 16 0 1 0 2 100
3/4 26 2 275 0 0 100 316 0 2 0 0 100 25 0 1 0 2 100
3/4 315 0 1 0 0 100 45 0 1 0 1 100 55 0 1 0 2 100
3/4 615 0 2 0 0 100
3/4 24 0 1 0 0 100 315 0 1 0 1 100 45 0 1 0 2 100
3/4 25 0 3 0 0 100
3/4 25 3 2667 0 0 100
3/4 45 2 275 0 0 100
3/4 615 0 1 0 0 100 25 0 1 0 0 100 55 0 1 0 1 100 15 0 1 0 1 100 45 0 1 0 2 100 75 0 1 0 2 100
3/4 315 0 1 0 0 100 615 0 1 0 0 100 14 0 1 0 2 64 55 0 1 0 2 64 14 0 1 1 25 69 55 0 1 1 25 69
3/4 14 0 1 0 0 74 55 0 1 0 0 74 14 0 1 1 5 79 55 0 1 1 5 79 14 0 1 0 1 84 55 0 1 0 1 84 14 0 1 1 15 90 55 0 1 1 15 90 14 0 1 0 2 95 55 0 1 0 2 95 24 0 1 1 25 100 615 0 1 1 25 100
3/4 14 0 1 1 5 64 55 0 1 1 5 64 14 0 1 0 1 67 55 0 1 0 1 67 14 0 1 1 15 71 55 0 1 1 15 71 14 0 1 0 2 74 55 0 1 0 2 74 14 0 1 1 25 78 55 0 1 1 25 78
3/4 14 0 1 0 0 82 55 0 1 0 0 82 14 0 1 1 5 85 55 0 1 1 5 85 14 0 1 0 1 89 55 0 1 0 1 89 14 0 1 1 15 93 55 0 1 1 15 93 24 0 1 0 2 96 615 0 1 0 2 96 55 0 1 1 25 100 25 0 1 1 25 100
3/4 14 0 1 1 5 64 55 0 1 1 5 64 14 0 1 0 1 68 55 0 1 0 1 68 14 0 1 1 15 71 55 0 1 1 15 71 14 0 1 0 2 75 55 0 1 0 2 75 14 0 1 1 25 78 55 0 1 1 25 78
3/4 14 0 1 0 0 82 55 0 1 0 0 82 14 0 1 1 5 86 55 0 1 1 5 86 14 0 1 0 1 89 55 0 1 0 1 89 14 0 1 1 15 93 55 0 1 1 15 93 14 0 1 0 2 96 55 0 1 0 2 96 24 0 1 1 25 100 615 0 1 1 25 100
3/4 14 0 1 1 5 65 55 0 1 1 5 65 14 0 1 0 1 68 55 0 1 0 1 68 14 0 1 1 15 72 55 0 1 1 15 72 14 0 1 0 2 75 55 0 1 0 2 75 14 0 1 1 25 79 55 0 1 1 25 79
3/4 14 0 1 0 0 82 55 0 1 0 0 82 14 0 1 1 5 86 55 0 1 1 5 86 14 0 1 0 1 89 55 0 1 0 1 89 14 0 1 1 15 93 55 0 1 1 15 93 24 0 1 0 2 96 615 0 1 0 2 96 55 0 1 1 25 100 25 0 1 1 25 100
3/4 14 0 1 1 5 64 55 0 1 1 5 64 14 0 1 0 1 68 55 0 1 0 1 68 14 0 1 1 15 71 55 0 1 1 15 71 14 0 1 0 2 75 55 0 1 0 2 75 14 0 1 1 25 78 55 0 1 1 25 78
3/4 14 0 1 0 0 82 55 0 1 0 0 82 14 0 1 1 5 86 55 0 1 1 5 86 14 0 1 0 1 89 55 0 1 0 1 89 14 0 1 1 15 93 55 0 1 1 15 93 14 0 1 0 2 96 55 0 1 0 2 96 24 0 1 1 25 100 615 0 1 1 25 100
3/4 14 0 1 1 5 65 55 0 1 1 5 65 14 0 1 0 1 68 55 0 1 0 1 68 14 0 1 1 15 72 55 0 1 1 15 72 14 0 1 0 2 75 55 0 1 0 2 75 14 0 1 1 25 79 55 0 1 1 25 79
3/4 14 0 1 0 0 82 55 0 1 0 0 82 14 0 1 1 5 86 55 0 1 1 5 86 14 0 1 0 1 89 55 0 1 0 1 89 14 0 1 1 15 93 55 0 1 1 15 93 24 0 1 0 2 96 615 0 1 0 2 96 55 0 1 1 25 100 25 0 1 1 25 100
3/4 14 0 1 1 5 64 55 0 1 1 5 64 14 0 1 0 1 68 55 0 1 0 1 68 14 0 1 1 15 71 55 0 1 1 15 71 14 0 1 0 2 75 55 0 1 0 2 75 14 0 1 1 25 78 55 0 1 1 25 78
3/4 14 0 1 0 0 82 55 0 1 0 0 82 14 0 1 1 5 86 55 0 1 1 5 86 14 0 1 0 1 89 55 0 1 0 1 89 14 0 1 1 15 93 55 0 1 1 15 93 14 0 1 0 2 96 55 0 1 0 2 96 24 0 1 1 25 100 615 0 1 1 25 100
3/4 14 0 1 1 5 65 55 0 1 1 5 65 14 0 1 0 1 68 55 0 1 0 1 68 14 0 1 1 15 72 55 0 1 1 15 72 14 0 1 0 2 75 55 0 1 0 2 75 14 0 1 1 25 79 55 0 1 1 25 79
3/4 14 0 1 0 0 82 55 0 1 0 0 82 14 0 1 1 5 86 55 0 1 1 5 86 14 0 1 0 1 89 55 0 1 0 1 89 14 0 1 1 15 93 55 0 1 1 15 93 24 0 1 0 2 96 615 0 1 0 2 96 55 0 1 1 25 100 25 0 1 1 25 100
3/4 14 0 1 0 2 100 24 0 1 0 2 100 55 0 1 0 2 100
3/4 14 0 1 0 0 100 24 0 1 0 0 100 55 0 1 0 0 100
3/4 14 0 1 0 0 100 24 0 1 0 0 100 55 0 1 0 0 100
3/4 14 0 1 0 0 100 24 0 1 0 0 100 55 0 1 0 0 100
3/4 14 0 1 0 0 100 24 0 1 0 0 100 55 0 1 0 0 100
4/4 613 0 1 0 0 100 314 2 275 0 1 100
4/4 314 0 2 0 0 100 613 0 1 0 2 100 314 0 1 0 3 100
4/4 314 2 175 0 0 100 314 0 2 0 2 100
4/4 613 0 1 0 0 100 314 2 275 0 1 100
4/4 314 0 2 0 0 100 613 0 1 0 2 100 314 0 1 0 3 100
4/4 314 2 175 0 0 100 314 0 2 0 2 100
4/4 613 0 1 0 0 100 314 2 275 0 1 100
4/4 314 0 2 0 0 100 613 0 1 0 2 100 314 0 1 0 3 100
4/4 314 2 175 0 0 100 314 0 2 0 2 100
4/4 613 0 1 0 0 100 314 2 275 0 1 100
4/4 314 0 2 0 0 100 613 0 1 0 2 100 314 0 1 0 3 100
4/4 314 2 175 0 0 100 314 0 2 0 2 100
4/4 613 0 1 0 0 100 314 0 1 0 1 100 714 0 1 0 2 100 614 0 1 0 3 100
4/4 314 0 1 0 0 100 54 0 1 0 1 100 613 0 1 0 2 100 314 0 1 0 3 100
4/4 714 0 1 0 0 100 614 0 1 0 1 100 314 0 1 0 2 100 54 0 1 0 3 100
4/4 613 0 1 0 0 100 314 0 1 0 1 100 714 0 1 0 2 100 614 0 1 0 3 100
4/4 314 0 1 0 0 100 54 0 1 0 1 100 613 0 1 0 2 100 314 0 1 0 3 100
4/4 714 0 1 0 0 100 614 0 1 0 1 100 314 0 1 0 2 100 54 0 1 0 3 100
4/4 613 0 1 0 0 100 314 0 1 0 1 100 714 0 1 0 2 100 614 0 1 0 3 100
4/4 314 0 1 0 0 100 54 0 1 0 1 100 613 0 1 0 2 100 314 0 1 0 3 100
4/4 714 0 1 0 0 100 614 0 1 0 1 100 314 0 1 0 2 100 54 0 1 0 3 100
4/4 613 0 1 0 0 100 314 0 1 0 1 100 714 0 1 0 2 100 614 0 1 0 3 100
4/4 314 0 1 0 0 100 54 0 1 0 1 100 613 0 1 0 2 100 314 0 1 0 3 100
4/4 314 2 275 0 0 100
4/4 613 0 1 0 0 100 314 0 1 0 1 100 714 0 1 0 2 100 614 0 1 0 3 100
4/4 314 0 1 0 0 100 54 0 1 0 1 100 613 0 1 0 2 100 314 0 1 0 3 100
4/4 714 0 1 0 0 100 614 0 1 0 1 100 314 0 1 0 2 100 54 0 1 0 3 100
4/4 613 0 1 0 0 100 314 0 1 0 1 100 714 0 1 0 2 100 614 0 1 0 3 100
4/4 54 0 1 0 0 100 314 0 1 0 1 100 73 0 1 0 2 100 44 0 1 0 3 100
4/4 614 0 1 0 0 100 14 0 1 0 1 100 44 0 1 0 2 100 74 0 1 0 3 100
4/4 73 0 1 0 0 100 44 0 1 0 1 100 74 0 1 0 2 100 14 0 1 0 3 100
4/4 44 0 1 0 0 100 74 0 1 0 1 100 73 0 1 0 2 100 44 0 1 0 3 100
4/4 74 0 1 0 0 100 14 0 1 0 1 100 44 0 1 0 2 100 74 0 1 0 3 100
4/4 73 0 1 0 0 100 44 0 1 0 1 100 74 0 1 0 2 100 14 0 1 0 3 100
4/4 74 0 1 0 0 100 44 0 1 0 1 100 613 0 1 0 2 100 314 0 1 0 3 100
4/4 714 0 1 0 0 100 614 0 1 0 1 100 314 0 1 0 2 100 54 0 1 0 3 100
4/4 613 0 1 0 0 100 314 0 1 0 1 100 714 0 1 0 2 100 614 0 1 0 3 100
4/4 314 0 1 0 0 100 54 0 1 0 1 100 613 0 1 0 2 100 314 0 1 0 3 100
4/4 714 0 1 0 0 100 614 0 1 0 1 100 314 0 1 0 2 100 54 0 1 0 3 100
4/4 613 0 1 0 0 100 314 0 1 0 1 100 714 0 1 0 2 100 614 0 1 0 3 100
4/4 314 0 1 0 0 100 54 0 1 0 1 100 613 0 1 0 2 100 314 0 1 0 3 100
4/4 714 0 1 0 0 100 614 0 1 0 1 100 314 0 1 0 2 100 54 0 1 0 3 100
4/4 613 0 1 0 0 100 314 0 1 0 1 100 714 0 1 0 2 100 614 0 1 0 3 100
4/4 314 0 1 0 0 100 54 0 1 0 1 100 613 0 1 0 2 100 314 0 1 0 3 100
4/4 714 0 1 0 0 100 614 0 1 0 1 100 314 0 1 0 2 100 54 0 1 0 3 100
4/4 613 0 1 0 0 100 314 0 1 0 1 100 714 0 1 0 2 100 614 0 1 0 3 100
4/4 54 0 1 0 0 100 314 0 1 0 1 100 73 0 1 0 2 100 44 0 1 0 3 100
4/4 24 0 1 0 0 100 14 0 1 0 1 100 44 0 1 0 2 100 74 0 1 0 3 100
4/4 73 0 1 0 0 100 44 0 1 0 1 100 24 0 1 0 2 100 14 0 1 0 3 100
4/4 44 0 1 0 0 100 74 0 1 0 1 100 73 0 1 0 2 100 44 0 1 0 3 100
4/4 24 0 1 0 0 100 14 0 1 0 1 100 44 0 1 0 2 100 74 0 1 0 3 100
4/4 73 0 1 0 0 100 44 0 1 0 1 100 24 0 1 0 2 100 14 0 1 0 3 100
4/4 74 0 1 0 0 100 44 0 1 0 1 100 613 0 1 0 2 100 314 0 1 0 3 100
4/4 714 0 1 0 0 100 614 0 1 0 1 100 314 0 1 0 2 100 54 0 1 0 3 100
4/4 613 0 1 0 0 100 314 0 1 0 1 100 714 0 1 0 2 100 614 0 1 0 3 100
4/4 314 0 1 0 0 100 54 0 1 0 1 100 613 0 1 0 2 100 314 0 1 0 3 100
4/4 714 0 1 0 0 100 614 0 1 0 1 100 314 0 1 0 2 100 54 0 1 0 3 100
4/4 613 0 1 0 0 100 314 0 1 0 1 100 714 0 1 0 2 100 614 0 1 0 3 100
4/4 314 0 1 0 0 100 54 0 1 0 1 100 613 0 1 0 2 100 314 0 1 0 3 100
4/4 314 2 175 0 0 100 314 0 2 0 2 100
4/4 613 0 1 0 0 100 314 0 3 0 1 100
4/4 314 2 75 0 0 100 613 0 1 0 2 100 314 0 1 0 3 100
4/4 714 0 1 0 0 100 614 0 1 0 1 100 314 0 1 0 2 100 54 0 1 0 3 100
4/4 613 0 1 0 0 100 314 0 1 0 1 100 714 0 1 0 2 100 614 0 1 0 3 100
4/4 314 0 1 0 0 100 54 0 1 0 1 100 613 0 1 0 2 100 314 0 1 0 3 100
4/4 714 0 1 0 0 100 614 0 1 0 1 100 54 0 1 0 2 100 314 0 1 0 3 100
4/4 73 0 1 0 0 100 44 0 1 0 1 100 24 0 1 0 2 100 14 0 1 0 3 100
4/4 44 0 1 0 0 100 74 0 1 0 1 100 73 0 1 0 2 100 44 0 1 0 3 100
4/4 24 0 1 0 0 100 14 0 1 0 1 100 44 0 1 0 2 100 74 0 1 0 3 100
4/4 73 0 1 0 0 100 44 0 1 0 1 100 24 0 1 0 2 100 14 0 1 0 3 100
4/4 44 0 1 0 0 100 74 0 1 0 1 100 73 0 1 0 2 100 44 0 1 0 3 100
4/4 24 0 1 0 0 100 14 0 1 0 1 100 74 0 1 0 2 100 44 0 1 0 3 100
4/4 613 0 1 0 0 100 314 0 1 0 1 100 714 0 1 0 2 100 614 0 1 0 3 100
4/4 314 0 1 0 0 100 54 0 1 0 1 100 613 0 1 0 2 100 314 0 1 0 3 100
4/4 714 0 1 0 0 100 614 0 1 0 1 100 314 0 1 0 2 100 54 0 1 0 3 100
4/4 613 0 1 0 0 100 314 0 1 0 1 100 714 0 1 0 2 100 614 0 1 0 3 100
4/4 314 0 1 0 0 100 54 0 1 0 1 100 613 0 1 0 2 100 314 0 1 0 3 100
4/4 714 0 1 0 0 100 614 0 1 0 1 100 314 0 1 0 2 100 54 0 1 0 3 100
4/4 613 0 1 0 0 100 314 2 275 0 1 100
4/4 314 0 2 0 0 100 613 0 1 0 2 100 314 0 1 0 3 100
4/4 314 2 175 0 0 100 314 0 2 0 2 100
4/4 613 0 1 0 0 100 314 2 275 0 1 100
4/4 314 0 2 0 0 100 613 0 1 0 2 100 314 0 1 0 3 100
4/4 314 2 175 0 0 100 314 0 2 0 2 100
4/4 612 0 1 0 2 100 613 0 1 0 2 100
4/4 612 0 1 0 0 100 613 0 1 0 0 100
4/4 612 0 1 0 0 100 613 0 1 0 0 100
4/4 612 0 1 0 0 100 613 0 1 0 0 100
