3/4 12 0 1 1 5 56 52 0 1 1 5 58 12 0 1 0 1 63 52 0 1 0 1 76 12 0 1 1 15 66 52 0 1 1 15 64 12 0 1 0 2 68 52 0 1 0 2 66 12 0 1 1 25 81 52 0 1 1 25 71
3/4 12 0 1 0 0 89 52 0 1 0 0 75 12 0 1 1 5 83 52 0 1 1 5 82 12 0 1 0 1 98 52 0 1 0 1 98 12 0 1 1 15 102 52 0 1 1 15 83 12 0 1 0 2 103 52 0 1 0 2 95 22 0 1 1 25 90 612 0 1 1 25 105
3/4 12 0 1 1 5 65 52 0 1 1 5 67 12 0 1 0 1 67 52 0 1 0 1 76 12 0 1 1 15 70 52 0 1 1 15 69 12 0 1 0 2 74 52 0 1 0 2 74 12 0 1 1 25 68 52 0 1 1 25 74
3/4 12 0 1 0 0 80 52 0 1 0 0 83 12 0 1 1 5 77 52 0 1 1 5 81 12 0 1 0 1 99 52 0 1 0 1 95 12 0 1 1 15 90 52 0 1 1 15 93 22 0 1 0 2 95 612 0 1 0 2 95 53 0 1 1 25 105 22 0 1 1 25 92
3/4 12 0 1 1 5 54 52 0 1 1 5 68 12 0 1 0 1 72 52 0 1 0 1 64 12 0 1 1 15 62 52 0 1 1 15 71 12 0 1 0 2 83 52 0 1 0 2 65 12 0 1 1 25 70 52 0 1 1 25 73
3/4 12 0 1 0 0 73 52 0 1 0 0 78 12 0 1 1 5 80 52 0 1 1 5 80 12 0 1 0 1 90 52 0 1 0 1 91 12 0 1 1 15 91 52 0 1 1 15 93 12 0 1 0 2 96 52 0 1 0 2 88 22 0 1 1 25 91 612 0 1 1 25 104
3/4 12 0 1 1 5 69 52 0 1 1 5 70 12 0 1 0 1 75 52 0 1 0 1 60 12 0 1 1 15 64 52 0 1 1 15 68 12 0 1 0 2 70 52 0 1 0 2 80 12 0 1 1 25 83 52 0 1 1 25 82
3/4 12 0 1 0 0 88 52 0 1 0 0 90 12 0 1 1 5 89 52 0 1 1 5 86 12 0 1 0 1 93 52 0 1 0 1 89 12 0 1 1 15 90 52 0 1 1 15 101 22 0 1 0 2 98 612 0 1 0 2 88 53 0 1 1 25 91 22 0 1 1 25 108
3/4 12 0 1 1 5 57 52 0 1 1 5 58 12 0 1 0 1 72 52 0 1 0 1 62 12 0 1 1 15 75 52 0 1 1 15 65 12 0 1 0 2 67 52 0 1 0 2 85 12 0 1 1 25 87 52 0 1 1 25 80
3/4 12 0 1 0 0 74 52 0 1 0 0 84 12 0 1 1 5 79 52 0 1 1 5 84 12 0 1 0 1 99 52 0 1 0 1 83 12 0 1 1 15 102 52 0 1 1 15 91 12 0 1 0 2 103 52 0 1 0 2 107 22 0 1 1 25 109 612 0 1 1 25 109
3/4 12 0 1 1 5 71 52 0 1 1 5 61 12 0 1 0 1 60 52 0 1 0 1 60 12 0 1 1 15 69 52 0 1 1 15 68 12 0 1 0 2 74 52 0 1 0 2 79 12 0 1 1 25 70 52 0 1 1 25 70
3/4 12 0 1 0 0 83 52 0 1 0 0 92 12 0 1 1 5 90 52 0 1 1 5 78 12 0 1 0 1 84 52 0 1 0 1 90 12 0 1 1 15 100 52 0 1 1 15 101 22 0 1 0 2 104 612 0 1 0 2 91 53 0 1 1 25 97 22 0 1 1 25 98
3/4 12 0 1 1 5 57 52 0 1 1 5 58 12 0 1 0 1 61 52 0 1 0 1 63 12 0 1 1 15 71 52 0 1 1 15 77 12 0 1 0 2 81 52 0 1 0 2 70 12 0 1 1 25 81 52 0 1 1 25 69
3/4 12 0 1 0 0 80 52 0 1 0 0 82 12 0 1 1 5 91 52 0 1 1 5 76 12 0 1 0 1 99 52 0 1 0 1 97 12 0 1 1 15 83 52 0 1 1 15 90 12 0 1 0 2 99 52 0 1 0 2 103 22 0 1 1 25 100 612 0 1 1 25 91
3/4 12 0 1 1 5 72 52 0 1 1 5 71 12 0 1 0 1 73 52 0 1 0 1 59 12 0 1 1 15 71 52 0 1 1 15 80 12 0 1 0 2 67 52 0 1 0 2 67 12 0 1 1 25 76 52 0 1 1 25 68
3/4 12 0 1 0 0 83 52 0 1 0 0 87 12 0 1 1 5 91 52 0 1 1 5 91 12 0 1 0 1 89 52 0 1 0 1 92 12 0 1 1 15 101 52 0 1 1 15 90 22 0 1 0 2 99 612 0 1 0 2 94 53 0 1 1 25 99 22 0 1 1 25 107
3/4 12 0 1 1 5 69 52 0 1 1 5 68 12 0 1 0 1 71 52 0 1 0 1 68 12 0 1 1 15 62 52 0 1 1 15 79 12 0 1 0 2 76 52 0 1 0 2 78 12 0 1 1 25 76 52 0 1 1 25 84
3/4 12 0 1 0 0 79 52 0 1 0 0 88 12 0 1 1 5 90 52 0 1 1 5 78 12 0 1 0 1 86 52 0 1 0 1 98 12 0 1 1 15 93 52 0 1 1 15 103 12 0 1 0 2 107 52 0 1 0 2 104 22 0 1 1 25 90 612 0 1 1 25 95
3/4 12 0 1 1 5 73 52 0 1 1 5 62 12 0 1 0 1 65 52 0 1 0 1 66 12 0 1 1 15 61 52 0 1 1 15 77 12 0 1 0 2 70 52 0 1 0 2 84 12 0 1 1 25 86 52 0 1 1 25 84
3/4 12 0 1 0 0 90 52 0 1 0 0 75 12 0 1 1 5 91 52 0 1 1 5 85 12 0 1 0 1 92 52 0 1 0 1 86 12 0 1 1 15 96 52 0 1 1 15 83 22 0 1 0 2 99 612 0 1 0 2 102 53 0 1 1 25 96 22 0 1 1 25 110
3/4 12 0 1 1 5 61 52 0 1 1 5 59 12 0 1 0 1 58 52 0 1 0 1 65 12 0 1 1 15 68 52 0 1 1 15 71 12 0 1 0 2 78 52 0 1 0 2 74 12 0 1 1 25 84 52 0 1 1 25 70
3/4 12 0 1 0 0 91 52 0 1 0 0 92 12 0 1 1 5 82 52 0 1 1 5 89 12 0 1 0 1 82 52 0 1 0 1 88 12 0 1 1 15 83 52 0 1 1 15 86 12 0 1 0 2 103 52 0 1 0 2 98 22 0 1 1 25 102 612 0 1 1 25 104
3/4 12 0 1 1 5 66 52 0 1 1 5 54 12 0 1 0 1 65 52 0 1 0 1 76 12 0 1 1 15 69 52 0 1 1 15 61 12 0 1 0 2 76 52 0 1 0 2 74 12 0 1 1 25 77 52 0 1 1 25 72
3/4 12 0 1 0 0 82 52 0 1 0 0 92 12 0 1 1 5 91 52 0 1 1 5 86 12 0 1 0 1 94 52 0 1 0 1 87 12 0 1 1 15 91 52 0 1 1 15 100 22 0 1 0 2 102 612 0 1 0 2 103 53 0 1 1 25 92 22 0 1 1 25 97
3/4 12 0 1 1 5 57 52 0 1 1 5 54 12 0 1 0 1 59 52 0 1 0 1 59 12 0 1 1 15 73 52 0 1 1 15 65 12 0 1 0 2 78 52 0 1 0 2 73 12 0 1 1 25 86 52 0 1 1 25 74
3/4 12 0 1 0 0 73 52 0 1 0 0 87 12 0 1 1 5 79 52 0 1 1 5 76 12 0 1 0 1 80 52 0 1 0 1 96 12 0 1 1 15 88 52 0 1 1 15 85 12 0 1 0 2 99 52 0 1 0 2 101 22 0 1 1 25 93 612 0 1 1 25 106
3/4 12 0 1 1 5 74 52 0 1 1 5 67 12 0 1 0 1 60 52 0 1 0 1 58 12 0 1 1 15 73 52 0 1 1 15 67 12 0 1 0 2 83 52 0 1 0 2 82 12 0 1 1 25 80 52 0 1 1 25 69
3/4 12 0 1 0 0 84 52 0 1 0 0 80 12 0 1 1 5 79 52 0 1 1 5 79 12 0 1 0 1 92 52 0 1 0 1 98 12 0 1 1 15 87 52 0 1 1 15 92 22 0 1 0 2 105 612 0 1 0 2 89 53 0 1 1 25 99 22 0 1 1 25 93
3/4 12 0 1 1 5 67 52 0 1 1 5 60 12 0 1 0 1 67 52 0 1 0 1 58 12 0 1 1 15 71 52 0 1 1 15 81 12 0 1 0 2 78 52 0 1 0 2 81 12 0 1 1 25 76 52 0 1 1 25 89
3/4 12 0 1 0 0 74 52 0 1 0 0 76 12 0 1 1 5 87 52 0 1 1 5 82 12 0 1 0 1 100 52 0 1 0 1 98 12 0 1 1 15 89 52 0 1 1 15 92 12 0 1 0 2 102 52 0 1 0 2 102 22 0 1 1 25 106 612 0 1 1 25 104
3/4 12 0 1 1 5 54 52 0 1 1 5 56 12 0 1 0 1 76 52 0 1 0 1 81 12 0 1 1 15 75 52 0 1 1 15 71 12 0 1 0 2 96 52 0 1 0 2 85 12 0 1 1 25 92 52 0 1 1 25 92
3/4 12 0 1 0 0 98 52 0 1 0 0 90 313 0 1 0 2 101
3/4 713 0 2 0 0 110 613 0 1 0 2 91
3/4 613 2 175 0 0 102 313 0 1 0 2 96
3/4 13 0 2 0 0 100 713 0 1 0 2 90
3/4 713 2 175 0 0 110 313 0 1 0 2 107
3/4 23 0 1 0 0 92 13 0 1 0 1 91 713 0 1 0 2 106
3/4 13 0 1 0 0 97 23 0 1 0 1 106 314 0 1 0 2 103
3/4 314 0 2 0 0 94 23 0 1 0 2 103
3/4 23 1 5 0 0 90 22 0 1 1 5 66 612 0 1 1 5 63 22 0 1 0 1 67 612 0 1 0 1 63 22 0 1 1 15 84 612 0 1 1 15 87 22 0 1 0 2 95 612 0 1 0 2 89 53 0 1 1 25 99 22 0 1 1 25 96
3/4 22 0 1 1 5 67 612 0 1 1 5 54 22 0 1 0 1 63 612 0 1 0 1 57 22 0 1 1 15 72 612 0 1 1 15 71 22 0 1 0 2 74 612 0 1 0 2 75 22 0 1 1 25 72 612 0 1 1 25 72
3/4 22 0 1 0 0 78 612 0 1 0 0 89 22 0 1 1 5 91 612 0 1 1 5 85 22 0 1 0 1 84 612 0 1 0 1 83 22 0 1 1 15 87 612 0 1 1 15 102 53 0 1 0 2 93 22 0 1 0 2 87 13 0 1 1 25 91 53 0 1 1 25 100
3/4 22 0 1 1 5 71 612 0 1 1 5 69 22 0 1 0 1 67 612 0 1 0 1 77 22 0 1 1 15 73 612 0 1 1 15 79 22 0 1 0 2 69 612 0 1 0 2 80 22 0 1 1 25 79 612 0 1 1 25 81
3/4 22 0 1 0 0 76 612 0 1 0 0 78 22 0 1 1 5 75 612 0 1 1 5 79 22 0 1 0 1 91 612 0 1 0 1 79 22 0 1 1 15 97 612 0 1 1 15 100 22 0 1 0 2 103 612 0 1 0 2 94 53 0 1 1 25 95 22 0 1 1 25 92
3/4 22 0 1 1 5 70 612 0 1 1 5 59 22 0 1 0 1 70 612 0 1 0 1 66 22 0 1 1 15 79 612 0 1 1 15 68 22 0 1 0 2 82 612 0 1 0 2 66 22 0 1 1 25 81 612 0 1 1 25 77
3/4 23 0 1 0 0 103 13 0 1 0 1 107 73 0 1 0 2 90
3/4 613 0 2 0 0 101 12 0 1 0 2 66 52 0 1 0 2 72 12 0 1 1 25 66 52 0 1 1 25 64
3/4 12 0 1 0 0 78 52 0 1 0 0 71 12 0 1 1 5 70 52 0 1 1 5 76 12 0 1 0 1 94 52 0 1 0 1 80 12 0 1 1 15 97 52 0 1 1 15 89 12 0 1 0 2 86 52 0 1 0 2 91 22 0 1 1 25 94 612 0 1 1 25 103
3/4 12 0 1 1 5 54 52 0 1 1 5 71 12 0 1 0 1 60 52 0 1 0 1 67 12 0 1 1 15 72 52 0 1 1 15 81 12 0 1 0 2 76 52 0 1 0 2 81 12 0 1 1 25 77 52 0 1 1 25 80
3/4 12 0 1 0 0 72 52 0 1 0 0 75 12 0 1 1 5 86 52 0 1 1 5 90 12 0 1 0 1 95 52 0 1 0 1 81 12 0 1 1 15 98 52 0 1 1 15 87 22 0 1 0 2 104 612 0 1 0 2 98 53 0 1 1 25 109 22 0 1 1 25 90
3/4 12 0 1 1 5 54 52 0 1 1 5 60 12 0 1 0 1 76 52 0 1 0 1 73 12 0 1 1 15 74 52 0 1 1 15 76 12 0 1 0 2 82 52 0 1 0 2 68 12 0 1 1 25 70 52 0 1 1 25 71
3/4 12 0 1 0 0 83 52 0 1 0 0 86 12 0 1 1 5 93 52 0 1 1 5 78 12 0 1 0 1 79 52 0 1 0 1 86 12 0 1 1 15 94 52 0 1 1 15 83 12 0 1 0 2 90 52 0 1 0 2 91 22 0 1 1 25 108 612 0 1 1 25 108
3/4 12 0 1 1 5 57 52 0 1 1 5 54 12 0 1 0 1 76 52 0 1 0 1 63 12 0 1 1 15 73 52 0 1 1 15 69 12 0 1 0 2 85 52 0 1 0 2 68 12 0 1 1 25 70 52 0 1 1 25 79
3/4 12 0 1 0 0 72 52 0 1 0 0 84 12 0 1 1 5 79 52 0 1 1 5 83 12 0 1 0 1 97 52 0 1 0 1 91 12 0 1 1 15 96 52 0 1 1 15 86 22 0 1 0 2 95 612 0 1 0 2 91 53 0 1 1 25 106 22 0 1 1 25 102
3/4 315 1 5 0 0 106 714 0 1 1 5 100 24 1 5 1 15 92 614 0 1 0 2 96
3/4 14 1 5 0 0 96 54 0 1 1 5 103 714 1 5 1 15 94 314 0 1 0 2 100
3/4 614 1 5 0 0 105 23 0 1 1 5 95 54 1 5 1 15 101 13 0 1 0 2 98
3/4 314 1 5 0 0 94 713 0 1 1 5 97 23 1 5 1 15 109 613 0 1 0 2 100
3/4 315 1 5 0 0 102 714 0 1 1 5 99 24 1 5 1 15 92 614 0 1 0 2 93
3/4 14 1 5 0 0 95 54 0 1 1 5 97 714 1 5 1 15 90 314 0 1 0 2 101
3/4 614 1 5 0 0 106 23 0 1 1 5 102 54 1 5 1 15 92 13 0 1 0 2 90
3/4 314 1 5 0 0 101 713 0 1 1 5 96 23 1 5 1 15 91 613 0 1 0 2 97
3/4 315 1 5 0 0 92 614 0 1 1 5 110 24 1 5 1 15 104 54 0 1 0 2 106
3/4 14 1 5 0 0 93 44 0 1 1 5 98 614 1 5 1 15 106 23 0 1 0 2 96
3/4 54 1 5 0 0 106 13 0 1 1 5 94 44 1 5 1 15 97 73 0 1 0 2 97
3/4 23 1 5 0 0 91 53 0 1 1 5 105 13 1 5 1 15 93 43 0 1 0 2 104
3/4 315 1 5 0 0 104 614 0 1 1 5 96 24 1 5 1 15 105 54 0 1 0 2 99
3/4 14 1 5 0 0 108 44 0 1 1 5 94 614 1 5 1 15 109 23 0 1 0 2 96
3/4 54 1 5 0 0 104 13 0 1 1 5 109 44 1 5 1 15 100 73 0 1 0 2 107
3/4 23 1 5 0 0 99 53 0 1 1 5 100 13 1 5 1 15 90 43 0 1 0 2 91
3/4 12 0 1 1 5 64 52 0 1 1 5 62 12 0 1 0 1 65 52 0 1 0 1 72 12 0 1 1 15 78 52 0 1 1 15 79 12 0 1 0 2 73 52 0 1 0 2 70 12 0 1 1 25 70 52 0 1 1 25 80
3/4 12 0 1 0 0 73 52 0 1 0 0 87 12 0 1 1 5 84 52 0 1 1 5 78 12 0 1 0 1 89 52 0 1 0 1 91 12 0 1 1 15 91 52 0 1 1 15 100 12 0 1 0 2 98 52 0 1 0 2 102 22 0 1 1 25 108 612 0 1 1 25 92
3/4 12 0 1 1 5 57 52 0 1 1 5 56 12 0 1 0 1 60 52 0 1 0 1 71 12 0 1 1 15 71 52 0 1 1 15 70 12 0 1 0 2 66 52 0 1 0 2 80 12 0 1 1 25 73 52 0 1 1 25 68
3/4 12 0 1 0 0 86 52 0 1 0 0 91 12 0 1 1 5 76 52 0 1 1 5 92 12 0 1 0 1 89 52 0 1 0 1 99 12 0 1 1 15 84 52 0 1 1 15 84 22 0 1 0 2 104 612 0 1 0 2 93 53 0 1 1 25 92 22 0 1 1 25 96
3/4 53 0 1 1 5 70 22 0 1 1 5 91 53 0 1 0 1 54 22 0 1 0 1 100 53 0 1 1 15 62 22 0 1 1 15 105 53 0 1 0 2 73 22 0 1 0 2 99 53 0 1 1 25 59 22 0 1 1 25 108
3/4 53 0 1 0 0 57 22 0 1 0 0 95 53 0 1 1 5 56 22 0 1 1 5 100 53 0 1 0 1 70 22 0 1 0 1 97 53 0 1 1 15 54 22 0 1 1 15 94 613 0 1 0 2 57 313 0 1 0 2 107 23 0 1 1 25 63 713 0 1 1 25 103
3/4 53 0 1 1 5 61 22 0 1 1 5 95 53 0 1 0 1 58 22 0 1 0 1 104 53 0 1 1 15 70 22 0 1 1 15 99 53 0 1 0 2 67 22 0 1 0 2 103 53 0 1 1 25 62 22 0 1 1 25 105
3/4 53 0 1 0 0 66 22 0 1 0 0 98 53 0 1 1 5 66 22 0 1 1 5 103 53 0 1 0 1 59 22 0 1 0 1 105 53 0 1 1 15 54 22 0 1 1 15 110 613 0 1 0 2 71 313 0 1 0 2 108 54 0 1 1 25 66 23 0 1 1 25 108
3/4 53 0 1 1 5 63 22 0 1 1 5 109 53 0 1 0 1 71 22 0 1 0 1 106 53 0 1 1 15 72 22 0 1 1 15 105 53 0 1 0 2 69 22 0 1 0 2 101 53 0 1 1 25 54 22 0 1 1 25 103
3/4 53 0 1 0 0 60 22 0 1 0 0 109 53 0 1 1 5 72 22 0 1 1 5 97 53 0 1 0 1 64 22 0 1 0 1 102 53 0 1 1 15 61 22 0 1 1 15 96 613 0 1 0 2 57 313 0 1 0 2 107 23 0 1 1 25 64 713 0 1 1 25 109
3/4 53 0 1 1 5 71 22 0 1 1 5 109 53 0 1 0 1 72 22 0 1 0 1 94 53 0 1 1 15 66 22 0 1 1 15 79 53 0 1 0 2 67 22 0 1 0 2 74 53 0 1 1 25 55 22 0 1 1 25 67
3/4 53 0 1 0 0 71 22 0 1 0 0 62 313 0 1 0 2 109
3/4 713 0 2 0 0 95 314 0 1 0 2 90 613 0 1 0 2 102
3/4 714 0 2 0 0 90 613 2 175 0 0 96 313 0 1 0 2 94
3/4 13 0 2 0 0 91 314 0 1 0 2 93 713 0 1 0 2 98
3/4 14 0 2 0 0 102 713 2 175 0 0 100 313 0 1 0 2 102
3/4 23 0 1 0 0 96 13 0 1 0 1 107 713 0 1 0 2 107 313 0 1 0 2 103
3/4 13 0 1 0 0 94 613 0 1 0 0 91 23 0 1 0 1 99 713 0 1 0 1 108 314 0 1 0 2 101 13 0 1 0 2 90
3/4 24 2 275 0 0 110 314 0 2 0 0 104 23 0 1 0 2 90
3/4 313 0 1 0 0 90 43 0 1 0 1 108 53 0 1 0 2 95
3/4 613 0 2 0 0 102
3/4 22 0 1 0 0 110 313 0 1 0 1 102 43 0 1 0 2 90
3/4 23 0 3 0 0 95
3/4 23 3 2667 0 0 93
3/4 43 2 275 0 0 96
3/4 613 0 1 0 0 100 22 0 1 0 0 107 53 0 1 0 1 99 12 0 1 0 1 91 43 0 1 0 2 104 72 0 1 0 2 107
3/4 313 0 1 0 0 92 612 0 1 0 0 94 12 0 1 0 2 63 52 0 1 0 2 59 12 0 1 1 25 64 52 0 1 1 25 77
3/4 12 0 1 0 0 69 52 0 1 0 0 82 12 0 1 1 5 81 52 0 1 1 5 81 12 0 1 0 1 84 52 0 1 0 1 89 12 0 1 1 15 90 52 0 1 1 15 94 12 0 1 0 2 101 52 0 1 0 2 96 22 0 1 1 25 107 612 0 1 1 25 98
3/4 12 0 1 1 5 60 52 0 1 1 5 68 12 0 1 0 1 76 52 0 1 0 1 61 12 0 1 1 15 69 52 0 1 1 15 79 12 0 1 0 2 64 52 0 1 0 2 65 12 0 1 1 25 76 52 0 1 1 25 78
3/4 12 0 1 0 0 87 52 0 1 0 0 88 12 0 1 1 5 93 52 0 1 1 5 85 12 0 1 0 1 82 52 0 1 0 1 81 12 0 1 1 15 92 52 0 1 1 15 102 22 0 1 0 2 88 612 0 1 0 2 93 53 0 1 1 25 97 22 0 1 1 25 93
3/4 12 0 1 1 5 63 52 0 1 1 5 58 12 0 1 0 1 77 52 0 1 0 1 73 12 0 1 1 15 68 52 0 1 1 15 75 12 0 1 0 2 74 52 0 1 0 2 74 12 0 1 1 25 70 52 0 1 1 25 75
3/4 12 0 1 0 0 89 52 0 1 0 0 77 12 0 1 1 5 78 52 0 1 1 5 81 12 0 1 0 1 96 52 0 1 0 1 99 12 0 1 1 15 94 52 0 1 1 15 103 12 0 1 0 2 89 52 0 1 0 2 97 22 0 1 1 25 98 612 0 1 1 25 92
3/4 12 0 1 1 5 57 52 0 1 1 5 75 12 0 1 0 1 61 52 0 1 0 1 70 12 0 1 1 15 73 52 0 1 1 15 69 12 0 1 0 2 80 52 0 1 0 2 70 12 0 1 1 25 77 52 0 1 1 25 89
3/4 12 0 1 0 0 74 52 0 1 0 0 85 12 0 1 1 5 96 52 0 1 1 5 77 12 0 1 0 1 90 52 0 1 0 1 95 12 0 1 1 15 96 52 0 1 1 15 98 22 0 1 0 2 102 612 0 1 0 2 88 53 0 1 1 25 104 22 0 1 1 25 106
3/4 12 0 1 1 5 59 52 0 1 1 5 66 12 0 1 0 1 65 52 0 1 0 1 69 12 0 1 1 15 61 52 0 1 1 15 66 12 0 1 0 2 84 52 0 1 0 2 73 12 0 1 1 25 88 52 0 1 1 25 77
3/4 12 0 1 0 0 75 52 0 1 0 0 78 12 0 1 1 5 84 52 0 1 1 5 88 12 0 1 0 1 93 52 0 1 0 1 90 12 0 1 1 15 103 52 0 1 1 15 100 12 0 1 0 2 105 52 0 1 0 2 97 22 0 1 1 25 95 612 0 1 1 25 108
3/4 12 0 1 1 5 68 52 0 1 1 5 60 12 0 1 0 1 63 52 0 1 0 1 78 12 0 1 1 15 67 52 0 1 1 15 72 12 0 1 0 2 83 52 0 1 0 2 77 12 0 1 1 25 71 52 0 1 1 25 70
3/4 12 0 1 0 0 83 52 0 1 0 0 80 12 0 1 1 5 86 52 0 1 1 5 78 12 0 1 0 1 82 52 0 1 0 1 88 12 0 1 1 15 94 52 0 1 1 15 84 22 0 1 0 2 103 612 0 1 0 2 95 53 0 1 1 25 101 22 0 1 1 25 109
3/4 12 0 1 1 5 54 52 0 1 1 5 59 12 0 1 0 1 71 52 0 1 0 1 58 12 0 1 1 15 69 52 0 1 1 15 76 12 0 1 0 2 77 52 0 1 0 2 73 12 0 1 1 25 74 52 0 1 1 25 88
3/4 12 0 1 0 0 81 52 0 1 0 0 90 12 0 1 1 5 78 52 0 1 1 5 96 12 0 1 0 1 88 52 0 1 0 1 85 12 0 1 1 15 87 52 0 1 1 15 83 12 0 1 0 2 106 52 0 1 0 2 97 22 0 1 1 25 90 612 0 1 1 25 100
3/4 12 0 1 1 5 58 52 0 1 1 5 57 12 0 1 0 1 76 52 0 1 0 1 61 12 0 1 1 15 70 52 0 1 1 15 63 12 0 1 0 2 65 52 0 1 0 2 66 12 0 1 1 25 69 52 0 1 1 25 85
3/4 12 0 1 0 0 80 52 0 1 0 0 83 12 0 1 1 5 93 52 0 1 1 5 88 12 0 1 0 1 98 52 0 1 0 1 87 12 0 1 1 15 99 52 0 1 1 15 101 22 0 1 0 2 92 612 0 1 0 2 92 53 0 1 1 25 109 22 0 1 1 25 97
3/4 12 0 1 0 2 105 22 0 1 0 2 100 52 0 1 0 2 101
3/4 12 0 1 0 0 104 22 0 1 0 0 99 52 0 1 0 0 90
3/4 12 0 1 0 0 98 22 0 1 0 0 108 52 0 1 0 0 93
3/4 12 0 1 0 0 101 22 0 1 0 0 109 52 0 1 0 0 94
3/4 12 0 1 0 0 100 22 0 1 0 0 100 52 0 1 0 0 106
4/4 611 0 1 0 0 90 312 2 275 0 1 102
4/4 312 0 2 0 0 103 611 0 1 0 2 96 312 0 1 0 3 97
4/4 312 2 175 0 0 102 312 0 2 0 2 95
4/4 611 0 1 0 0 96 312 2 275 0 1 97
4/4 312 0 2 0 0 109 611 0 1 0 2 96 312 0 1 0 3 104
4/4 312 2 175 0 0 108 312 0 2 0 2 91
4/4 611 0 1 0 0 93 312 2 275 0 1 108
4/4 312 0 2 0 0 99 611 0 1 0 2 107 312 0 1 0 3 99
4/4 312 2 175 0 0 110 312 0 2 0 2 106
4/4 611 0 1 0 0 95 312 2 275 0 1 98
4/4 312 0 2 0 0 103 611 0 1 0 2 109 312 0 1 0 3 102
4/4 312 2 175 0 0 107 312 0 2 0 2 98
4/4 611 0 1 0 0 107 312 0 1 0 1 95 712 0 1 0 2 90 612 0 1 0 3 103
4/4 312 0 1 0 0 92 52 0 1 0 1 101 611 0 1 0 2 96 312 0 1 0 3 102
4/4 712 0 1 0 0 95 612 0 1 0 1 104 312 0 1 0 2 100 52 0 1 0 3 100
4/4 611 0 1 0 0 102 312 0 1 0 1 93 712 0 1 0 2 106 612 0 1 0 3 101
4/4 312 0 1 0 0 108 52 0 1 0 1 90 611 0 1 0 2 102 312 0 1 0 3 93
4/4 712 0 1 0 0 95 612 0 1 0 1 98 312 0 1 0 2 106 52 0 1 0 3 91
4/4 611 0 1 0 0 90 312 0 1 0 1 109 712 0 1 0 2 105 612 0 1 0 3 101
4/4 312 0 1 0 0 107 52 0 1 0 1 109 611 0 1 0 2 107 312 0 1 0 3 99
4/4 712 0 1 0 0 96 612 0 1 0 1 110 312 0 1 0 2 94 52 0 1 0 3 101
4/4 611 0 1 0 0 106 312 0 1 0 1 107 712 0 1 0 2 94 612 0 1 0 3 103
4/4 312 0 1 0 0 93 52 0 1 0 1 97 611 0 1 0 2 106 312 0 1 0 3 103
4/4 312 2 275 0 0 92
4/4 611 0 1 0 0 90 312 0 1 0 1 108 712 0 1 0 2 90 612 0 1 0 3 110
4/4 312 0 1 0 0 101 52 0 1 0 1 106 611 0 1 0 2 98 312 0 1 0 3 109
4/4 712 0 1 0 0 91 612 0 1 0 1 109 312 0 1 0 2 98 52 0 1 0 3 90
4/4 611 0 1 0 0 104 312 0 1 0 1 101 712 0 1 0 2 96 612 0 1 0 3 98
4/4 52 0 1 0 0 104 312 0 1 0 1 104 71 0 1 0 2 100 42 0 1 0 3 93
4/4 612 0 1 0 0 101 12 0 1 0 1 93 42 0 1 0 2 94 72 0 1 0 3 93
4/4 71 0 1 0 0 94 42 0 1 0 1 101 72 0 1 0 2 91 12 0 1 0 3 97
4/4 42 0 1 0 0 106 72 0 1 0 1 91 71 0 1 0 2 90 42 0 1 0 3 99
4/4 72 0 1 0 0 92 12 0 1 0 1 101 42 0 1 0 2 99 72 0 1 0 3 109
4/4 71 0 1 0 0 106 42 0 1 0 1 94 72 0 1 0 2 110 12 0 1 0 3 108
4/4 72 0 1 0 0 97 42 0 1 0 1 101 611 0 1 0 2 92 312 0 1 0 3 92
4/4 712 0 1 0 0 103 612 0 1 0 1 102 312 0 1 0 2 109 52 0 1 0 3 92
4/4 611 0 1 0 0 110 312 0 1 0 1 97 712 0 1 0 2 93 612 0 1 0 3 93
4/4 312 0 1 0 0 102 52 0 1 0 1 105 611 0 1 0 2 96 312 0 1 0 3 101
4/4 712 0 1 0 0 103 612 0 1 0 1 94 312 0 1 0 2 109 52 0 1 0 3 99
4/4 611 0 1 0 0 105 312 0 1 0 1 105 712 0 1 0 2 93 612 0 1 0 3 90
4/4 312 0 1 0 0 103 52 0 1 0 1 92 611 0 1 0 2 105 312 0 1 0 3 96
4/4 712 0 1 0 0 94 612 0 1 0 1 92 312 0 1 0 2 92 52 0 1 0 3 104
4/4 611 0 1 0 0 94 312 0 1 0 1 104 712 0 1 0 2 97 612 0 1 0 3 91
4/4 312 0 1 0 0 99 52 0 1 0 1 94 611 0 1 0 2 94 312 0 1 0 3 105
4/4 712 0 1 0 0 95 612 0 1 0 1 107 312 0 1 0 2 93 52 0 1 0 3 98
4/4 611 0 1 0 0 95 312 0 1 0 1 109 712 0 1 0 2 109 612 0 1 0 3 100
4/4 52 0 1 0 0 104 312 0 1 0 1 103 71 0 1 0 2 104 42 0 1 0 3 109
4/4 22 0 1 0 0 96 12 0 1 0 1 100 42 0 1 0 2 106 72 0 1 0 3 93
4/4 71 0 1 0 0 110 42 0 1 0 1 105 22 0 1 0 2 105 12 0 1 0 3 108
4/4 42 0 1 0 0 104 72 0 1 0 1 110 71 0 1 0 2 99 42 0 1 0 3 93
4/4 22 0 1 0 0 95 12 0 1 0 1 107 42 0 1 0 2 91 72 0 1 0 3 91
4/4 71 0 1 0 0 90 42 0 1 0 1 101 22 0 1 0 2 93 12 0 1 0 3 108
4/4 72 0 1 0 0 92 42 0 1 0 1 92 611 0 1 0 2 109 312 0 1 0 3 105
4/4 712 0 1 0 0 93 612 0 1 0 1 99 312 0 1 0 2 102 52 0 1 0 3 99
4/4 611 0 1 0 0 102 312 0 1 0 1 92 712 0 1 0 2 103 612 0 1 0 3 90
4/4 312 0 1 0 0 101 52 0 1 0 1 92 611 0 1 0 2 109 312 0 1 0 3 90
4/4 712 0 1 0 0 105 612 0 1 0 1 100 312 0 1 0 2 107 52 0 1 0 3 103
4/4 611 0 1 0 0 93 312 0 1 0 1 99 712 0 1 0 2 97 612 0 1 0 3 102
4/4 312 0 1 0 0 96 52 0 1 0 1 101 611 0 1 0 2 103 312 0 1 0 3 105
4/4 312 2 175 0 0 91 312 0 2 0 2 108
4/4 611 0 1 0 0 103 312 0 3 0 1 110
4/4 312 2 75 0 0 101 611 0 1 0 2 107 312 0 1 0 3 108
4/4 712 0 1 0 0 107 612 0 1 0 1 93 312 0 1 0 2 102 52 0 1 0 3 105
4/4 611 0 1 0 0 94 312 0 1 0 1 100 712 0 1 0 2 103 612 0 1 0 3 101
4/4 312 0 1 0 0 109 52 0 1 0 1 107 611 0 1 0 2 99 312 0 1 0 3 100
4/4 712 0 1 0 0 109 612 0 1 0 1 102 52 0 1 0 2 90 312 0 1 0 3 94
4/4 71 0 1 0 0 103 42 0 1 0 1 98 22 0 1 0 2 96 12 0 1 0 3 104
4/4 42 0 1 0 0 95 72 0 1 0 1 97 71 0 1 0 2 91 42 0 1 0 3 94
4/4 22 0 1 0 0 90 12 0 1 0 1 99 42 0 1 0 2 95 72 0 1 0 3 92
4/4 71 0 1 0 0 91 42 0 1 0 1 91 22 0 1 0 2 95 12 0 1 0 3 101
4/4 42 0 1 0 0 109 72 0 1 0 1 107 71 0 1 0 2 94 42 0 1 0 3 98
4/4 22 0 1 0 0 97 12 0 1 0 1 104 72 0 1 0 2 97 42 0 1 0 3 104
4/4 611 0 1 0 0 96 312 0 1 0 1 108 712 0 1 0 2 101 612 0 1 0 3 97
4/4 312 0 1 0 0 110 52 0 1 0 1 96 611 0 1 0 2 107 312 0 1 0 3 110
4/4 712 0 1 0 0 91 612 0 1 0 1 110 312 0 1 0 2 93 52 0 1 0 3 94
4/4 611 0 1 0 0 107 312 0 1 0 1 100 712 0 1 0 2 97 612 0 1 0 3 93
4/4 312 0 1 0 0 94 52 0 1 0 1 101 611 0 1 0 2 94 312 0 1 0 3 91
4/4 712 0 1 0 0 102 612 0 1 0 1 90 312 0 1 0 2 104 52 0 1 0 3 108
4/4 611 0 1 0 0 109 312 2 275 0 1 92
4/4 312 0 2 0 0 110 611 0 1 0 2 93 312 0 1 0 3 92
4/4 312 2 175 0 0 95 312 0 2 0 2 90
4/4 611 0 1 0 0 101 312 2 275 0 1 90
4/4 312 0 2 0 0 98 611 0 1 0 2 105 312 0 1 0 3 94
4/4 312 2 175 0 0 108 312 0 2 0 2 90
4/4 611 0 1 0 2 93 611 0 1 0 2 91
4/4 611 0 1 0 0 100 611 0 1 0 0 99
4/4 611 0 1 0 0 108 611 0 1 0 0 110
4/4 611 0 1 0 0 92 611 0 1 0 0 109
