4/4 223 0 1 0 1 57 63 0 1 0 1 118 33 0 1 0 1 106 63 2 125 1 15 17 33 1 5 3 1667 22 222 0 1 2 275 126 523 0 1 2 275 115 713 0 1 2 275 63 222 3 667 2 325 21
4/4 63 0 1 2 275 122 33 0 1 2 275 108 223 0 1 2 275 56 63 2 75 2 325 18 33 1 5 1 35 23
4/4 63 1 5 0 0 18 523 0 1 1 5 114 713 0 1 1 5 61 222 0 1 1 5 118 713 0 1 1 5 61 222 1 5 2 125 16 613 0 1 2 225 100 23 0 1 2 225 29 313 0 1 2 225 53
4/4 63 0 1 2 175 124 223 0 1 2 175 58 33 0 1 2 175 115 222 0 1 1 35 123 523 0 1 1 35 116 713 0 1 1 35 69 222 2 25 2 375 42
4/4 222 3 333 2 25 15 63 0 1 1 35 125 33 0 1 1 35 110 223 0 1 1 35 56
4/4 222 0 1 2 125 121 523 0 1 2 125 114 713 0 1 2 125 68 222 3 333 0 2 14 613 0 1 0 3 101 23 0 1 0 3 32 313 0 1 0 3 66
4/4 61 0 1 1 35 106 63 0 1 1 35 124 33 0 1 1 35 88
4/4 32 3 333 0 0 101 63 3 333 3 667 61 521 0 1 2 125 117 523 0 1 2 125 121 222 0 1 2 125 117 221 2 125 3 2333 28
4/4 61 0 1 2 125 109 63 0 1 2 125 125 221 0 1 2 125 60 63 0 1 2 125 125 32 3 333 0 2 104 63 1 5 3 2333 62 521 0 1 0 3 111 222 0 1 0 3 117 523 0 1 0 3 122 523 2 25 2 375 28
4/4 61 0 1 0 0 105 221 0 1 0 0 72 52 2 225 2 75 106 613 3 333 2 75 93 53 1 5 0 1 50
4/4 61 0 1 2 25 104 63 0 1 2 25 120 223 0 1 2 25 59 32 2 25 2 75 101 63 1 5 2 125 63 221 2 75 3 1333 114 222 0 1 0 2 126 523 0 1 0 2 118 221 0 1 0 3 17
4/4 221 2 25 0 0 17 61 0 1 0 2 106 63 0 1 0 2 116 223 0 1 0 2 55 32 2 25 1 25 107 63 1 5 0 3 64 221 2 75 2 325 114 222 0 1 2 375 124 523 0 1 2 375 118
4/4 221 2 25 0 0 114 521 2 25 2 25 29 61 0 1 2 75 103 221 0 1 2 75 44 52 0 2 1 15 106 613 3 333 1 15 94 53 1 5 2 175 43 61 1 5 1 25 13
4/4 71 0 1 0 2 66 13 0 1 0 2 71 53 0 1 0 2 90 22 0 1 2 275 18 53 0 1 2 275 19 71 2 75 2 325 33 53 0 1 3 3333 41 13 0 1 3 3333 50
4/4 71 0 1 3 333 31 53 0 1 3 333 41 22 0 1 3 333 32 71 0 1 1 15 29 22 0 1 1 15 24 53 0 1 1 15 33 71 0 1 3 2667 33 13 0 1 3 2667 21 53 0 1 3 2667 41 71 0 1 2 375 43 13 0 1 2 375 48 53 0 1 2 375 48
4/4 71 0 1 0 0 43 13 0 1 0 0 48 53 0 1 0 0 48 73 0 1 0 1 87 221 0 1 0 1 87 43 0 1 0 1 108 73 0 1 2 225 43 221 0 1 2 225 51 43 0 1 2 225 55 73 0 1 3 3333 47 43 0 1 3 3333 47 221 0 1 3 3333 36
4/4 73 0 1 0 0 47 43 0 1 0 0 47 221 0 1 0 0 36 73 0 1 1 5 46 43 0 1 1 5 50 221 2 75 1 5 45 221 2 75 3 1667 34 73 0 1 3 1667 36 43 0 1 3 1667 48 73 0 1 2 275 39 43 0 1 2 275 47 221 0 1 2 275 49
4/4 13 0 1 0 0 85 53 0 1 0 0 95 22 0 1 0 0 101 71 0 1 0 1 37 53 0 1 0 1 44 13 0 1 0 1 47 71 0 1 2 225 39 13 0 1 2 225 46 53 3 667 3 2333 46 71 0 1 3 3333 30 53 0 1 3 3333 39 13 3 333 1 35 47
4/4 22 0 1 3 667 18 13 0 1 3 667 21 53 0 1 3 667 33 22 0 1 2 175 40 53 0 1 2 175 50 13 0 1 2 175 51 73 0 1 0 3 75 221 0 1 0 3 77 43 0 1 0 3 88
4/4 73 0 1 0 0 42 43 0 1 0 0 45 221 2 25 0 0 54 73 0 1 2 125 59 43 0 1 2 125 35 221 0 1 2 125 41 73 0 1 3 2333 37 43 0 1 3 2333 47 221 0 1 3 2333 51 73 0 1 1 35 47 221 0 1 1 35 41 43 0 1 1 35 50
4/4 73 0 1 3 667 45 43 0 1 3 667 53 221 0 1 3 667 63 71 0 1 2 175 71 13 0 1 2 175 76 53 0 1 2 175 89 13 0 1 2 275 55 53 0 1 2 275 42 71 0 1 0 3 36 53 0 1 0 3 42
4/4 71 0 1 0 0 38 53 0 1 0 0 46 22 3 333 0 0 42 71 0 1 2 125 32 53 0 1 2 125 36 13 0 1 3 1333 20 53 0 1 3 1333 36 71 0 1 3 2333 30 22 0 1 3 2333 18 53 0 1 3 2333 37 71 0 1 1 35 39 13 0 1 1 35 51 53 0 1 3 3667 48 13 0 1 3 3667 51
4/4 53 0 1 0 0 48 13 0 1 0 0 51 73 0 1 2 75 84 221 0 1 2 75 87 43 0 1 2 75 104 73 0 1 2 175 45 221 0 1 0 2 44 43 0 1 0 2 66 73 0 1 0 3 50 43 0 1 0 3 44 221 2 25 2 325 30
4/4 73 0 1 2 25 45 43 0 1 2 25 53 221 0 1 2 25 39 73 0 1 3 1333 40 43 0 1 3 1333 46 221 2 75 1 15 28 73 0 1 1 25 36 221 0 1 1 25 44 43 0 1 1 25 45 611 3 333 3 3667 112 33 0 1 3 3667 87 223 0 1 3 3667 44
4/4 611 3 1167 0 0 112 33 0 1 0 0 87 223 0 1 0 0 44 63 2 25 3 333 65 51 1 15 2 75 83 222 2 225 2 75 102 523 2 225 2 175 57 611 3 333 3 2333 14 222 1 5 1 35 35
4/4 222 1 25 0 0 35 523 3 2417 0 0 57 611 0 1 1 25 98 63 0 1 1 25 75 33 3 333 3 2667 60 52 2 25 2 375 77 51 2 25 2 375 82 222 2 25 2 375 102
4/4 52 3 417 0 0 77 51 3 1083 0 0 82 222 1 35 0 0 102 523 2 325 2 75 57
4/4 523 2 125 0 0 57 71 0 1 1 15 112 613 1 5 1 15 58 72 2 125 0 2 99 61 0 1 1 25 100 53 0 1 1 25 97 22 1 5 1 35 60
4/4 61 0 1 0 0 100 53 0 1 0 0 97 22 2 25 0 0 60 53 0 2 0 2 24
4/4 71 0 1 3 333 110 313 2 75 2 75 69 72 3 1333 0 1 99 61 1 15 1 15 100 53 3 1667 3 1667 93 61 3 667 3 3333 36 53 3 333 3 3667 12
4/4 61 3 2833 0 0 36 53 3 417 0 0 12 71 0 1 2 325 114 73 0 1 2 325 93 43 0 1 2 325 110 73 3 333 3 3667 29
4/4 42 0 1 0 0 91 13 0 1 0 0 19 73 3 167 0 0 29 32 0 1 1 5 108 33 0 1 1 5 42 61 0 1 0 1 114 221 0 1 0 1 59 63 0 1 0 1 124 33 2 25 1 15 25 62 2 75 2 175 11
4/4 71 0 1 0 1 113 73 0 1 0 1 94 43 0 1 0 1 108 42 0 1 2 175 93 13 0 1 2 175 22 32 2 25 2 225 101 61 0 1 2 275 110 221 0 1 2 275 63 63 0 1 2 275 127 62 2 25 1 35 30
4/4 71 3 333 0 0 103 613 3 667 3 667 81 523 2 25 3 667 101 612 2 325 3 667 99
4/4 71 0 1 0 0 116 43 0 1 0 0 109 73 2 75 0 0 91 42 0 1 3 667 86 13 0 1 3 667 21 32 3 333 2 125 102 61 0 1 3 1667 112 223 0 1 3 1667 55 63 0 1 3 1667 121 63 2 175 0 2 40 32 3 333 3 2333 12 62 3 333 3 2667 14 61 2 125 2 275 14
4/4 61 2 75 0 0 14 71 0 1 2 175 115 43 0 1 2 175 109 73 2 75 2 175 91 42 0 1 3 2333 90 13 0 1 3 2333 23 32 2 25 0 3 102 61 0 1 1 35 105 223 0 1 1 35 57 63 0 1 1 35 118
4/4 33 0 1 0 0 25 32 0 1 0 0 17 71 3 333 3 667 108 613 3 667 3 1333 79 523 2 25 3 1333 102 612 3 2667 3 1333 95
4/4 612 3 583 0 0 95 612 2 125 1 5 34 53 0 1 2 175 94 42 0 1 2 175 96 22 0 1 2 175 86 42 0 1 0 3 72 13 0 1 0 3 48 53 0 1 0 3 49
4/4 42 0 1 2 25 55 13 0 1 2 25 33 53 0 1 2 25 43 22 0 1 3 1333 31 53 0 1 3 1333 36 42 0 1 3 1333 48 71 1 5 1 25 33 42 0 1 1 25 49 53 0 1 1 25 37 42 0 1 3 3667 60 53 0 1 3 3667 46 13 0 1 3 3667 48
4/4 221 0 1 2 75 102 43 0 1 2 75 106 73 0 1 2 75 88 43 0 1 2 75 106 62 1 5 3 1333 17 73 0 1 0 2 48 221 0 1 0 2 65 43 0 1 0 2 56 73 0 1 0 3 47 221 0 1 0 3 54 43 0 1 0 3 41
4/4 62 0 1 2 25 45 43 0 1 2 25 49 221 0 1 2 25 65 73 1 5 3 1333 39 43 0 1 1 15 39 221 0 1 1 15 40 62 2 25 1 25 53 43 0 1 3 2667 44 221 0 1 3 2667 59 42 0 1 2 375 77 53 0 1 2 375 97 13 0 1 2 375 80
4/4 42 0 1 0 0 77 53 0 1 0 0 97 13 0 1 0 0 80 22 2 25 1 5 10 42 0 1 2 75 67 53 0 1 2 75 47 13 0 1 2 75 51 42 0 1 0 2 56 13 0 1 0 2 46 53 0 1 0 2 50 42 0 1 2 325 57 53 0 1 2 325 41 13 3 333 2 325 47
4/4 42 0 1 2 25 41 13 0 1 2 25 20 53 0 1 2 25 33 42 0 1 1 15 64 53 0 1 1 15 51 13 0 1 1 15 52 62 0 1 3 2667 80 221 0 1 3 2667 103 43 0 1 3 2667 87 73 0 1 2 375 39 221 0 1 2 375 65
4/4 73 0 1 0 0 39 221 0 1 0 0 65 62 0 1 0 1 42 221 0 1 0 1 58 73 0 1 0 1 58 221 2 25 3 1667 35 43 0 1 2 225 47 221 0 1 2 225 59 62 0 1 2 325 44 43 0 1 2 325 51 221 0 1 2 325 52
4/4 62 2 25 3 333 57 221 0 1 3 333 85 43 1 5 1 5 51 221 2 25 3 2333 20 311 2 125 2 275 49 712 3 333 2 325 45 312 3 667 3 3333 61 712 2 25 2 375 20
4/4 311 2 175 0 0 49 712 3 83 0 0 20 312 3 2083 0 0 61 21 0 1 3 2333 110 612 0 1 3 2333 84 523 1 15 1 25 61
4/4 21 0 1 0 0 110 612 0 1 0 0 84 523 1 5 0 0 61 611 0 1 2 225 40 21 0 1 2 225 45 522 3 1333 3 2667 22
4/4 611 0 1 0 0 40 21 0 1 0 0 45 522 3 2333 0 0 22
4/4 611 0 1 0 0 40 21 0 1 0 0 45
