4/4 223 0 1 0 1 66 63 0 1 0 1 119 32 0 1 0 1 108 63 2 125 1 15 18 33 1 5 3 1667 27 222 0 1 2 275 122 523 0 1 2 275 114 712 0 1 2 275 69 222 3 667 2 325 21
4/4 63 0 1 2 275 120 33 0 1 2 275 107 222 0 1 2 275 62 63 2 75 2 325 28 33 1 5 1 35 16
4/4 63 1 5 0 0 13 523 0 1 1 5 123 712 0 1 1 5 61 222 0 1 1 5 120 712 0 1 1 5 57 222 1 5 2 125 14 613 0 1 2 225 93 23 0 1 2 225 37 312 0 1 2 225 45
4/4 63 0 1 2 175 121 223 0 1 2 175 63 32 0 1 2 175 109 222 0 1 1 35 126 523 0 1 1 35 118 712 0 1 1 35 78 222 2 25 2 375 34
4/4 222 3 333 2 25 18 63 0 1 1 35 127 33 0 1 1 35 120 222 0 1 1 35 58
4/4 222 0 1 2 125 116 523 0 1 2 125 117 712 0 1 2 125 63 222 3 333 0 2 11 613 0 1 0 3 98 23 0 1 0 3 35 312 0 1 0 3 62
4/4 61 0 1 1 35 103 63 0 1 1 35 118 32 0 1 1 35 93
4/4 32 3 333 0 0 96 63 3 333 3 667 56 521 0 1 2 125 122 523 0 1 2 125 128 221 0 1 2 125 122 221 2 125 3 2333 20
4/4 61 0 1 2 125 109 62 0 1 2 125 126 221 0 1 2 125 68 62 0 1 2 125 132 32 3 333 0 2 113 63 1 5 3 2333 59 521 0 1 0 3 113 222 0 1 0 3 122 522 0 1 0 3 129 523 2 25 2 375 35
4/4 61 0 1 0 0 115 221 0 1 0 0 78 52 2 225 2 75 100 613 3 333 2 75 94 53 1 5 0 1 44
4/4 61 0 1 2 25 99 63 0 1 2 25 113 222 0 1 2 25 54 32 2 25 2 75 109 63 1 5 2 125 61 221 2 75 3 1333 108 222 0 1 0 2 126 522 0 1 0 2 113 221 0 1 0 3 18
4/4 221 2 25 0 0 22 61 0 1 0 2 110 63 0 1 0 2 118 222 0 1 0 2 53 32 2 25 1 25 114 63 1 5 0 3 66 221 2 75 2 325 111 222 0 1 2 375 116 522 0 1 2 375 117
4/4 221 2 25 0 0 109 521 2 25 2 25 32 61 0 1 2 75 96 221 0 1 2 75 54 52 0 2 1 15 104 613 3 333 1 15 104 53 1 5 2 175 38 61 1 5 1 25 12
4/4 71 0 1 0 2 72 13 0 1 0 2 80 52 0 1 0 2 88 22 0 1 2 275 12 52 0 1 2 275 22 71 2 75 2 325 42 53 0 1 3 3333 40 12 0 1 3 3333 53
4/4 71 0 1 3 333 26 53 0 1 3 333 45 21 0 1 3 333 40 71 0 1 1 15 21 22 0 1 1 15 14 52 0 1 1 15 35 71 0 1 3 2667 24 13 0 1 3 2667 25 52 0 1 3 2667 36 71 0 1 2 375 49 13 0 1 2 375 39 52 0 1 2 375 47
4/4 71 0 1 0 0 51 13 0 1 0 0 55 52 0 1 0 0 55 73 0 1 0 1 96 221 0 1 0 1 97 42 0 1 0 1 105 73 0 1 2 225 39 221 0 1 2 225 42 42 0 1 2 225 54 73 0 1 3 3333 43 43 0 1 3 3333 51 221 0 1 3 3333 43
4/4 73 0 1 0 0 41 43 0 1 0 0 42 221 0 1 0 0 28 73 0 1 1 5 48 42 0 1 1 5 57 221 2 75 1 5 36 221 2 75 3 1667 44 73 0 1 3 1667 26 42 0 1 3 1667 39 73 0 1 2 275 38 43 0 1 2 275 40 221 0 1 2 275 41
4/4 13 0 1 0 0 83 53 0 1 0 0 93 21 0 1 0 0 106 71 0 1 0 1 43 53 0 1 0 1 51 12 0 1 0 1 53 71 0 1 2 225 34 12 0 1 2 225 48 53 3 667 3 2333 42 71 0 1 3 3333 37 52 0 1 3 3333 31 13 3 333 1 35 40
4/4 22 0 1 3 667 18 13 0 1 3 667 14 52 0 1 3 667 41 22 0 1 2 175 38 53 0 1 2 175 53 12 0 1 2 175 46 73 0 1 0 3 85 221 0 1 0 3 68 42 0 1 0 3 94
4/4 73 0 1 0 0 33 42 0 1 0 0 54 221 2 25 0 0 46 73 0 1 2 125 50 43 0 1 2 125 36 221 0 1 2 125 51 73 0 1 3 2333 28 43 0 1 3 2333 48 221 0 1 3 2333 47 73 0 1 1 35 49 221 0 1 1 35 41 42 0 1 1 35 49
4/4 73 0 1 3 667 35 43 0 1 3 667 63 221 0 1 3 667 55 71 0 1 2 175 80 13 0 1 2 175 75 52 0 1 2 175 98 13 0 1 2 275 59 52 0 1 2 275 48 71 0 1 0 3 28 52 0 1 0 3 35
4/4 71 0 1 0 0 43 52 0 1 0 0 36 22 3 333 0 0 46 71 0 1 2 125 23 52 0 1 2 125 29 13 0 1 3 1333 24 52 0 1 3 1333 35 71 0 1 3 2333 24 22 0 1 3 2333 15 52 0 1 3 2333 39 71 0 1 1 35 33 12 0 1 1 35 44 53 0 1 3 3667 48 12 0 1 3 3667 42
4/4 53 0 1 0 0 43 12 0 1 0 0 42 73 0 1 2 75 90 221 0 1 2 75 90 42 0 1 2 75 109 73 0 1 2 175 54 221 0 1 0 2 45 42 0 1 0 2 63 73 0 1 0 3 55 42 0 1 0 3 51 221 2 25 2 325 33
4/4 73 0 1 2 25 43 43 0 1 2 25 58 221 0 1 2 25 42 73 0 1 3 1333 47 42 0 1 3 1333 46 221 2 75 1 15 24 73 0 1 1 25 35 221 0 1 1 25 47 42 0 1 1 25 48 611 3 333 3 3667 106 33 0 1 3 3667 94 222 0 1 3 3667 34
4/4 611 3 1167 0 0 119 33 0 1 0 0 84 222 0 1 0 0 43 63 2 25 3 333 66 51 1 15 2 75 79 222 2 225 2 75 109 523 2 225 2 175 51 611 3 333 3 2333 24 222 1 5 1 35 35
4/4 222 1 25 0 0 44 523 3 2417 0 0 51 611 0 1 1 25 98 62 0 1 1 25 78 33 3 333 3 2667 59 52 2 25 2 375 86 51 2 25 2 375 76 222 2 25 2 375 107
4/4 52 3 417 0 0 70 51 3 1083 0 0 82 222 1 35 0 0 108 523 2 325 2 75 61
4/4 523 2 125 0 0 52 71 0 1 1 15 104 613 1 5 1 15 59 72 2 125 0 2 93 61 0 1 1 25 96 52 0 1 1 25 106 22 1 5 1 35 50
4/4 61 0 1 0 0 98 52 0 1 0 0 94 22 2 25 0 0 52 53 0 2 0 2 34
4/4 71 0 1 3 333 109 313 2 75 2 75 61 72 3 1333 0 1 108 61 1 15 1 15 104 53 3 1667 3 1667 95 61 3 667 3 3333 43 53 3 333 3 3667 6
4/4 61 3 2833 0 0 28 53 3 417 0 0 10 71 0 1 2 325 117 73 0 1 2 325 95 42 0 1 2 325 106 73 3 333 3 3667 24
4/4 42 0 1 0 0 93 12 0 1 0 0 15 73 3 167 0 0 21 32 0 1 1 5 105 32 0 1 1 5 44 61 0 1 0 1 121 221 0 1 0 1 50 62 0 1 0 1 125 33 2 25 1 15 26 62 2 75 2 175 18
4/4 71 0 1 0 1 110 73 0 1 0 1 104 42 0 1 0 1 109 42 0 1 2 175 90 12 0 1 2 175 23 32 2 25 2 225 99 61 0 1 2 275 120 221 0 1 2 275 70 62 0 1 2 275 123 62 2 25 1 35 27
4/4 71 3 333 0 0 94 613 3 667 3 667 90 523 2 25 3 667 96 612 2 325 3 667 92
4/4 71 0 1 0 0 106 42 0 1 0 0 100 73 2 75 0 0 84 42 0 1 3 667 83 12 0 1 3 667 16 32 3 333 2 125 101 61 0 1 3 1667 122 223 0 1 3 1667 63 62 0 1 3 1667 120 63 2 175 0 2 46 32 3 333 3 2333 16 62 3 333 3 2667 6 61 2 125 2 275 11
4/4 61 2 75 0 0 10 71 0 1 2 175 106 42 0 1 2 175 108 73 2 75 2 175 98 42 0 1 3 2333 97 12 0 1 3 2333 16 32 2 25 0 3 99 61 0 1 1 35 105 223 0 1 1 35 47 62 0 1 1 35 115
4/4 33 0 1 0 0 30 31 0 1 0 0 25 71 3 333 3 667 99 613 3 667 3 1333 87 523 2 25 3 1333 102 612 3 2667 3 1333 96
4/4 612 3 583 0 0 88 612 2 125 1 5 30 53 0 1 2 175 90 42 0 1 2 175 99 21 0 1 2 175 88 42 0 1 0 3 70 13 0 1 0 3 50 52 0 1 0 3 45
4/4 42 0 1 2 25 46 13 0 1 2 25 31 52 0 1 2 25 52 22 0 1 3 1333 36 53 0 1 3 1333 41 41 0 1 3 1333 55 71 1 5 1 25 36 42 0 1 1 25 57 52 0 1 1 25 38 42 0 1 3 3667 67 53 0 1 3 3667 39 12 0 1 3 3667 58
4/4 221 0 1 2 75 102 42 0 1 2 75 114 73 0 1 2 75 94 42 0 1 2 75 104 62 1 5 3 1333 10 73 0 1 0 2 54 221 0 1 0 2 62 43 0 1 0 2 50 73 0 1 0 3 48 221 0 1 0 3 50 42 0 1 0 3 37
4/4 62 0 1 2 25 46 42 0 1 2 25 47 221 0 1 2 25 59 73 1 5 3 1333 39 43 0 1 1 15 43 221 0 1 1 15 37 62 2 25 1 25 59 43 0 1 3 2667 34 221 0 1 3 2667 57 42 0 1 2 375 77 53 0 1 2 375 94 12 0 1 2 375 83
4/4 42 0 1 0 0 80 53 0 1 0 0 105 12 0 1 0 0 84 22 2 25 1 5 10 42 0 1 2 75 69 53 0 1 2 75 49 12 0 1 2 75 41 42 0 1 0 2 61 13 0 1 0 2 54 52 0 1 0 2 40 42 0 1 2 325 53 52 0 1 2 325 40 13 3 333 2 325 55
4/4 42 0 1 2 25 42 13 0 1 2 25 23 52 0 1 2 25 41 42 0 1 1 15 55 53 0 1 1 15 53 12 0 1 1 15 62 62 0 1 3 2667 76 221 0 1 3 2667 97 42 0 1 3 2667 82 73 0 1 2 375 36 221 0 1 2 375 68
4/4 73 0 1 0 0 30 221 0 1 0 0 72 62 0 1 0 1 51 221 0 1 0 1 55 72 0 1 0 1 64 221 2 25 3 1667 26 43 0 1 2 225 38 221 0 1 2 225 59 62 0 1 2 325 35 43 0 1 2 325 53 221 0 1 2 325 47
4/4 62 2 25 3 333 49 221 0 1 3 333 85 43 1 5 1 5 44 221 2 25 3 2333 28 311 2 125 2 275 51 712 3 333 2 325 54 312 3 667 3 3333 69 712 2 25 2 375 29
4/4 311 2 175 0 0 41 712 3 83 0 0 23 312 3 2083 0 0 54 21 0 1 3 2333 112 611 0 1 3 2333 90 523 1 15 1 25 55
4/4 21 0 1 0 0 102 611 0 1 0 0 89 523 1 5 0 0 57 611 0 1 2 225 45 21 0 1 2 225 54 522 3 1333 3 2667 23
4/4 611 0 1 0 0 39 21 0 1 0 0 48 522 3 2333 0 0 30
4/4 611 0 1 0 0 48 21 0 1 0 0 35
