4/4 224 0 1 0 1 67 64 0 1 0 1 115 34 0 1 0 1 98 64 2 125 1 15 24 34 1 5 3 1667 19 223 0 1 2 275 120 524 0 1 2 275 113 714 0 1 2 275 56 223 3 667 2 325 31
4/4 64 0 1 2 275 131 34 0 1 2 275 98 224 0 1 2 275 58 64 2 75 2 325 17 34 1 5 1 35 22
4/4 64 1 5 0 0 15 524 0 1 1 5 124 714 0 1 1 5 66 223 0 1 1 5 125 714 0 1 1 5 59 223 1 5 2 125 17 614 0 1 2 225 105 24 0 1 2 225 24 314 0 1 2 225 60
4/4 64 0 1 2 175 130 224 0 1 2 175 59 34 0 1 2 175 109 223 0 1 1 35 117 524 0 1 1 35 113 714 0 1 1 35 72 223 2 25 2 375 47
4/4 223 3 333 2 25 13 64 0 1 1 35 135 34 0 1 1 35 117 224 0 1 1 35 48
4/4 223 0 1 2 125 121 524 0 1 2 125 107 714 0 1 2 125 64 223 3 333 0 2 20 614 0 1 0 3 101 24 0 1 0 3 29 314 0 1 0 3 59
4/4 62 0 1 1 35 102 64 0 1 1 35 122 34 0 1 1 35 87
4/4 33 3 333 0 0 104 64 3 333 3 667 54 522 0 1 2 125 111 524 0 1 2 125 123 223 0 1 2 125 111 222 2 125 3 2333 27
4/4 62 0 1 2 125 115 64 0 1 2 125 135 222 0 1 2 125 68 64 0 1 2 125 134 33 3 333 0 2 114 64 1 5 3 2333 66 522 0 1 0 3 115 223 0 1 0 3 111 524 0 1 0 3 129 524 2 25 2 375 23
4/4 62 0 1 0 0 99 222 0 1 0 0 66 53 2 225 2 75 97 614 3 333 2 75 95 54 1 5 0 1 43
4/4 62 0 1 2 25 100 64 0 1 2 25 113 224 0 1 2 25 55 33 2 25 2 75 97 64 1 5 2 125 59 222 2 75 3 1333 108 223 0 1 0 2 126 524 0 1 0 2 117 222 0 1 0 3 18
4/4 222 2 25 0 0 16 62 0 1 0 2 108 64 0 1 0 2 120 224 0 1 0 2 49 33 2 25 1 25 117 64 1 5 0 3 70 222 2 75 2 325 122 223 0 1 2 375 124 524 0 1 2 375 121
4/4 222 2 25 0 0 112 522 2 25 2 25 23 62 0 1 2 75 110 222 0 1 2 75 44 53 0 2 1 15 102 614 3 333 1 15 100 54 1 5 2 175 37 62 1 5 1 25 11
4/4 72 0 1 0 2 64 14 0 1 0 2 81 54 0 1 0 2 83 23 0 1 2 275 15 54 0 1 2 275 19 72 2 75 2 325 33 54 0 1 3 3333 34 14 0 1 3 3333 50
4/4 72 0 1 3 333 41 54 0 1 3 333 51 23 0 1 3 333 41 72 0 1 1 15 32 23 0 1 1 15 15 54 0 1 1 15 32 72 0 1 3 2667 24 14 0 1 3 2667 11 54 0 1 3 2667 39 72 0 1 2 375 46 14 0 1 2 375 55 54 0 1 2 375 38
4/4 72 0 1 0 0 52 14 0 1 0 0 56 54 0 1 0 0 53 74 0 1 0 1 86 222 0 1 0 1 88 44 0 1 0 1 100 74 0 1 2 225 53 222 0 1 2 225 57 44 0 1 2 225 51 74 0 1 3 3333 37 44 0 1 3 3333 50 222 0 1 3 3333 34
4/4 74 0 1 0 0 52 44 0 1 0 0 38 222 0 1 0 0 46 74 0 1 1 5 52 44 0 1 1 5 45 222 2 75 1 5 55 222 2 75 3 1667 38 74 0 1 3 1667 27 44 0 1 3 1667 42 74 0 1 2 275 36 44 0 1 2 275 40 222 0 1 2 275 59
4/4 14 0 1 0 0 91 54 0 1 0 0 89 23 0 1 0 0 92 72 0 1 0 1 33 54 0 1 0 1 48 14 0 1 0 1 41 72 0 1 2 225 45 14 0 1 2 225 51 54 3 667 3 2333 50 72 0 1 3 3333 25 54 0 1 3 3333 31 14 3 333 1 35 44
4/4 23 0 1 3 667 27 14 0 1 3 667 13 54 0 1 3 667 43 23 0 1 2 175 50 54 0 1 2 175 40 14 0 1 2 175 48 74 0 1 0 3 84 222 0 1 0 3 74 44 0 1 0 3 92
4/4 74 0 1 0 0 43 44 0 1 0 0 55 222 2 25 0 0 48 74 0 1 2 125 63 44 0 1 2 125 43 222 0 1 2 125 44 74 0 1 3 2333 30 44 0 1 3 2333 54 222 0 1 3 2333 52 74 0 1 1 35 44 222 0 1 1 35 39 44 0 1 1 35 44
4/4 74 0 1 3 667 39 44 0 1 3 667 46 222 0 1 3 667 67 72 0 1 2 175 63 14 0 1 2 175 79 54 0 1 2 175 95 14 0 1 2 275 48 54 0 1 2 275 40 72 0 1 0 3 42 54 0 1 0 3 50
4/4 72 0 1 0 0 31 54 0 1 0 0 44 23 3 333 0 0 36 72 0 1 2 125 23 54 0 1 2 125 32 14 0 1 3 1333 19 54 0 1 3 1333 30 72 0 1 3 2333 27 23 0 1 3 2333 13 54 0 1 3 2333 45 72 0 1 1 35 38 14 0 1 1 35 42 54 0 1 3 3667 53 14 0 1 3 3667 50
4/4 54 0 1 0 0 49 14 0 1 0 0 50 74 0 1 2 75 75 222 0 1 2 75 82 44 0 1 2 75 97 74 0 1 2 175 43 222 0 1 0 2 54 44 0 1 0 2 75 74 0 1 0 3 55 44 0 1 0 3 48 222 2 25 2 325 31
4/4 74 0 1 2 25 42 44 0 1 2 25 58 222 0 1 2 25 35 74 0 1 3 1333 31 44 0 1 3 1333 51 222 2 75 1 15 19 74 0 1 1 25 29 222 0 1 1 25 34 44 0 1 1 25 52 612 3 333 3 3667 105 34 0 1 3 3667 83 224 0 1 3 3667 49
4/4 612 3 1167 0 0 115 34 0 1 0 0 77 224 0 1 0 0 36 64 2 25 3 333 58 52 1 15 2 75 90 223 2 225 2 75 105 524 2 225 2 175 60 612 3 333 3 2333 5 223 1 5 1 35 42
4/4 223 1 25 0 0 31 524 3 2417 0 0 62 612 0 1 1 25 103 64 0 1 1 25 78 34 3 333 3 2667 58 53 2 25 2 375 71 52 2 25 2 375 80 223 2 25 2 375 112
4/4 53 3 417 0 0 84 52 3 1083 0 0 86 223 1 35 0 0 98 524 2 325 2 75 57
4/4 524 2 125 0 0 59 72 0 1 1 15 111 614 1 5 1 15 55 73 2 125 0 2 100 62 0 1 1 25 101 54 0 1 1 25 91 23 1 5 1 35 52
4/4 62 0 1 0 0 98 54 0 1 0 0 92 23 2 25 0 0 68 54 0 2 0 2 30
4/4 72 0 1 3 333 101 314 2 75 2 75 70 73 3 1333 0 1 102 62 1 15 1 15 92 54 3 1667 3 1667 94 62 3 667 3 3333 42 54 3 333 3 3667 5
4/4 62 3 2833 0 0 39 54 3 417 0 0 7 72 0 1 2 325 108 74 0 1 2 325 92 44 0 1 2 325 100 74 3 333 3 3667 33
4/4 43 0 1 0 0 96 14 0 1 0 0 9 74 3 167 0 0 35 33 0 1 1 5 106 34 0 1 1 5 43 62 0 1 0 1 108 222 0 1 0 1 64 64 0 1 0 1 122 34 2 25 1 15 15 63 2 75 2 175 17
4/4 72 0 1 0 1 104 74 0 1 0 1 92 44 0 1 0 1 110 43 0 1 2 175 86 14 0 1 2 175 15 33 2 25 2 225 103 62 0 1 2 275 115 222 0 1 2 275 62 64 0 1 2 275 118 63 2 25 1 35 29
4/4 72 3 333 0 0 94 614 3 667 3 667 78 524 2 25 3 667 91 613 2 325 3 667 99
4/4 72 0 1 0 0 122 44 0 1 0 0 109 74 2 75 0 0 101 43 0 1 3 667 81 14 0 1 3 667 11 33 3 333 2 125 111 62 0 1 3 1667 109 224 0 1 3 1667 63 64 0 1 3 1667 128 64 2 175 0 2 44 33 3 333 3 2333 21 63 3 333 3 2667 11 62 2 125 2 275 14
4/4 62 2 75 0 0 17 72 0 1 2 175 107 44 0 1 2 175 118 74 2 75 2 175 88 43 0 1 3 2333 98 14 0 1 3 2333 14 33 2 25 0 3 104 62 0 1 1 35 114 224 0 1 1 35 65 64 0 1 1 35 124
4/4 34 0 1 0 0 26 33 0 1 0 0 22 72 3 333 3 667 118 614 3 667 3 1333 87 524 2 25 3 1333 107 613 3 2667 3 1333 101
4/4 613 3 583 0 0 96 613 2 125 1 5 33 54 0 1 2 175 94 43 0 1 2 175 95 23 0 1 2 175 85 43 0 1 0 3 68 14 0 1 0 3 47 54 0 1 0 3 59
4/4 43 0 1 2 25 63 14 0 1 2 25 36 54 0 1 2 25 43 23 0 1 3 1333 32 54 0 1 3 1333 42 43 0 1 3 1333 43 72 1 5 1 25 34 43 0 1 1 25 54 54 0 1 1 25 41 43 0 1 3 3667 62 54 0 1 3 3667 46 14 0 1 3 3667 39
4/4 222 0 1 2 75 102 44 0 1 2 75 98 74 0 1 2 75 86 44 0 1 2 75 107 63 1 5 3 1333 8 74 0 1 0 2 52 222 0 1 0 2 75 44 0 1 0 2 51 74 0 1 0 3 49 222 0 1 0 3 55 44 0 1 0 3 45
4/4 63 0 1 2 25 48 44 0 1 2 25 41 222 0 1 2 25 61 74 1 5 3 1333 36 44 0 1 1 15 30 222 0 1 1 15 34 63 2 25 1 25 53 44 0 1 3 2667 49 222 0 1 3 2667 49 43 0 1 2 375 79 54 0 1 2 375 92 14 0 1 2 375 74
4/4 43 0 1 0 0 68 54 0 1 0 0 107 14 0 1 0 0 84 23 2 25 1 5 5 43 0 1 2 75 59 54 0 1 2 75 46 14 0 1 2 75 54 43 0 1 0 2 64 14 0 1 0 2 44 54 0 1 0 2 44 43 0 1 2 325 67 54 0 1 2 325 32 14 3 333 2 325 43
4/4 43 0 1 2 25 45 14 0 1 2 25 23 54 0 1 2 25 42 43 0 1 1 15 58 54 0 1 1 15 41 14 0 1 1 15 55 63 0 1 3 2667 85 222 0 1 3 2667 109 44 0 1 3 2667 87 74 0 1 2 375 39 222 0 1 2 375 66
4/4 74 0 1 0 0 45 222 0 1 0 0 73 63 0 1 0 1 52 222 0 1 0 1 48 74 0 1 0 1 68 222 2 25 3 1667 32 44 0 1 2 225 46 222 0 1 2 225 59 63 0 1 2 325 44 44 0 1 2 325 56 222 0 1 2 325 44
4/4 63 2 25 3 333 57 222 0 1 3 333 84 44 1 5 1 5 56 222 2 25 3 2333 27 312 2 125 2 275 54 713 3 333 2 325 41 313 3 667 3 3333 63 713 2 25 2 375 18
4/4 312 2 175 0 0 52 713 3 83 0 0 23 313 3 2083 0 0 59 22 0 1 3 2333 106 613 0 1 3 2333 81 524 1 15 1 25 65
4/4 22 0 1 0 0 115 613 0 1 0 0 89 524 1 5 0 0 56 612 0 1 2 225 32 22 0 1 2 225 37 523 3 1333 3 2667 24
4/4 612 0 1 0 0 39 22 0 1 0 0 49 523 3 2333 0 0 30
4/4 612 0 1 0 0 41 22 0 1 0 0 53
