4/4 225 0 1 0 1 57 65 0 1 0 1 118 35 0 1 0 1 106 65 2 125 1 15 17 35 1 5 3 1667 22 224 0 1 2 275 126 525 0 1 2 275 115 715 0 1 2 275 63 224 3 667 2 325 21
4/4 65 0 1 2 275 122 35 0 1 2 275 108 225 0 1 2 275 56 65 2 75 2 325 18 35 1 5 1 35 23
4/4 65 1 5 0 0 18 525 0 1 1 5 114 715 0 1 1 5 61 224 0 1 1 5 118 715 0 1 1 5 61 224 1 5 2 125 16 615 0 1 2 225 100 25 0 1 2 225 29 315 0 1 2 225 53
4/4 65 0 1 2 175 124 225 0 1 2 175 58 35 0 1 2 175 115 224 0 1 1 35 123 525 0 1 1 35 116 715 0 1 1 35 69 224 2 25 2 375 42
4/4 224 3 333 2 25 15 65 0 1 1 35 125 35 0 1 1 35 110 225 0 1 1 35 56
4/4 224 0 1 2 125 121 525 0 1 2 125 114 715 0 1 2 125 68 224 3 333 0 2 14 615 0 1 0 3 101 25 0 1 0 3 32 315 0 1 0 3 66
4/4 63 0 1 1 35 106 65 0 1 1 35 124 35 0 1 1 35 88
4/4 34 3 333 0 0 101 65 3 333 3 667 61 523 0 1 2 125 117 525 0 1 2 125 121 224 0 1 2 125 117 223 2 125 3 2333 28
4/4 63 0 1 2 125 109 65 0 1 2 125 125 223 0 1 2 125 60 65 0 1 2 125 125 34 3 333 0 2 104 65 1 5 3 2333 62 523 0 1 0 3 111 224 0 1 0 3 117 525 0 1 0 3 122 525 2 25 2 375 28
4/4 63 0 1 0 0 105 223 0 1 0 0 72 54 2 225 2 75 106 615 3 333 2 75 93 55 1 5 0 1 50
4/4 63 0 1 2 25 104 65 0 1 2 25 120 225 0 1 2 25 59 34 2 25 2 75 101 65 1 5 2 125 63 223 2 75 3 1333 114 224 0 1 0 2 126 525 0 1 0 2 118 223 0 1 0 3 17
4/4 223 2 25 0 0 17 63 0 1 0 2 106 65 0 1 0 2 116 225 0 1 0 2 55 34 2 25 1 25 107 65 1 5 0 3 64 223 2 75 2 325 114 224 0 1 2 375 124 525 0 1 2 375 118
4/4 223 2 25 0 0 114 523 2 25 2 25 29 63 0 1 2 75 103 223 0 1 2 75 44 54 0 2 1 15 106 615 3 333 1 15 94 55 1 5 2 175 43 63 1 5 1 25 13
4/4 73 0 1 0 2 66 15 0 1 0 2 71 55 0 1 0 2 90 24 0 1 2 275 18 55 0 1 2 275 19 73 2 75 2 325 33 55 0 1 3 3333 41 15 0 1 3 3333 50
4/4 73 0 1 3 333 31 55 0 1 3 333 41 24 0 1 3 333 32 73 0 1 1 15 29 24 0 1 1 15 24 55 0 1 1 15 33 73 0 1 3 2667 33 15 0 1 3 2667 21 55 0 1 3 2667 41 73 0 1 2 375 43 15 0 1 2 375 48 55 0 1 2 375 48
4/4 73 0 1 0 0 43 15 0 1 0 0 48 55 0 1 0 0 48 75 0 1 0 1 87 223 0 1 0 1 87 45 0 1 0 1 108 75 0 1 2 225 43 223 0 1 2 225 51 45 0 1 2 225 55 75 0 1 3 3333 47 45 0 1 3 3333 47 223 0 1 3 3333 36
4/4 75 0 1 0 0 47 45 0 1 0 0 47 223 0 1 0 0 36 75 0 1 1 5 46 45 0 1 1 5 50 223 2 75 1 5 45 223 2 75 3 1667 34 75 0 1 3 1667 36 45 0 1 3 1667 48 75 0 1 2 275 39 45 0 1 2 275 47 223 0 1 2 275 49
4/4 15 0 1 0 0 85 55 0 1 0 0 95 24 0 1 0 0 101 73 0 1 0 1 37 55 0 1 0 1 44 15 0 1 0 1 47 73 0 1 2 225 39 15 0 1 2 225 46 55 3 667 3 2333 46 73 0 1 3 3333 30 55 0 1 3 3333 39 15 3 333 1 35 47
4/4 24 0 1 3 667 18 15 0 1 3 667 21 55 0 1 3 667 33 24 0 1 2 175 40 55 0 1 2 175 50 15 0 1 2 175 51 75 0 1 0 3 75 223 0 1 0 3 77 45 0 1 0 3 88
4/4 75 0 1 0 0 42 45 0 1 0 0 45 223 2 25 0 0 54 75 0 1 2 125 59 45 0 1 2 125 35 223 0 1 2 125 41 75 0 1 3 2333 37 45 0 1 3 2333 47 223 0 1 3 2333 51 75 0 1 1 35 47 223 0 1 1 35 41 45 0 1 1 35 50
4/4 75 0 1 3 667 45 45 0 1 3 667 53 223 0 1 3 667 63 73 0 1 2 175 71 15 0 1 2 175 76 55 0 1 2 175 89 15 0 1 2 275 55 55 0 1 2 275 42 73 0 1 0 3 36 55 0 1 0 3 42
4/4 73 0 1 0 0 38 55 0 1 0 0 46 24 3 333 0 0 42 73 0 1 2 125 32 55 0 1 2 125 36 15 0 1 3 1333 20 55 0 1 3 1333 36 73 0 1 3 2333 30 24 0 1 3 2333 18 55 0 1 3 2333 37 73 0 1 1 35 39 15 0 1 1 35 51 55 0 1 3 3667 48 15 0 1 3 3667 51
4/4 55 0 1 0 0 48 15 0 1 0 0 51 75 0 1 2 75 84 223 0 1 2 75 87 45 0 1 2 75 104 75 0 1 2 175 45 223 0 1 0 2 44 45 0 1 0 2 66 75 0 1 0 3 50 45 0 1 0 3 44 223 2 25 2 325 30
4/4 75 0 1 2 25 45 45 0 1 2 25 53 223 0 1 2 25 39 75 0 1 3 1333 40 45 0 1 3 1333 46 223 2 75 1 15 28 75 0 1 1 25 36 223 0 1 1 25 44 45 0 1 1 25 45 613 3 333 3 3667 112 35 0 1 3 3667 87 225 0 1 3 3667 44
4/4 613 3 1167 0 0 112 35 0 1 0 0 87 225 0 1 0 0 44 65 2 25 3 333 65 53 1 15 2 75 83 224 2 225 2 75 102 525 2 225 2 175 57 613 3 333 3 2333 14 224 1 5 1 35 35
4/4 224 1 25 0 0 35 525 3 2417 0 0 57 613 0 1 1 25 98 65 0 1 1 25 75 35 3 333 3 2667 60 54 2 25 2 375 77 53 2 25 2 375 82 224 2 25 2 375 102
4/4 54 3 417 0 0 77 53 3 1083 0 0 82 224 1 35 0 0 102 525 2 325 2 75 57
4/4 525 2 125 0 0 57 73 0 1 1 15 112 615 1 5 1 15 58 74 2 125 0 2 99 63 0 1 1 25 100 55 0 1 1 25 97 24 1 5 1 35 60
4/4 63 0 1 0 0 100 55 0 1 0 0 97 24 2 25 0 0 60 55 0 2 0 2 24
4/4 73 0 1 3 333 110 315 2 75 2 75 69 74 3 1333 0 1 99 63 1 15 1 15 100 55 3 1667 3 1667 93 63 3 667 3 3333 36 55 3 333 3 3667 12
4/4 63 3 2833 0 0 36 55 3 417 0 0 12 73 0 1 2 325 114 75 0 1 2 325 93 45 0 1 2 325 110 75 3 333 3 3667 29
4/4 44 0 1 0 0 91 15 0 1 0 0 19 75 3 167 0 0 29 34 0 1 1 5 108 35 0 1 1 5 42 63 0 1 0 1 114 223 0 1 0 1 59 65 0 1 0 1 124 35 2 25 1 15 25 64 2 75 2 175 11
4/4 73 0 1 0 1 113 75 0 1 0 1 94 45 0 1 0 1 108 44 0 1 2 175 93 15 0 1 2 175 22 34 2 25 2 225 101 63 0 1 2 275 110 223 0 1 2 275 63 65 0 1 2 275 127 64 2 25 1 35 30
4/4 73 3 333 0 0 103 615 3 667 3 667 81 525 2 25 3 667 101 614 2 325 3 667 99
4/4 73 0 1 0 0 116 45 0 1 0 0 109 75 2 75 0 0 91 44 0 1 3 667 86 15 0 1 3 667 21 34 3 333 2 125 102 63 0 1 3 1667 112 225 0 1 3 1667 55 65 0 1 3 1667 121 65 2 175 0 2 40 34 3 333 3 2333 12 64 3 333 3 2667 14 63 2 125 2 275 14
4/4 63 2 75 0 0 14 73 0 1 2 175 115 45 0 1 2 175 109 75 2 75 2 175 91 44 0 1 3 2333 90 15 0 1 3 2333 23 34 2 25 0 3 102 63 0 1 1 35 105 225 0 1 1 35 57 65 0 1 1 35 118
4/4 35 0 1 0 0 25 34 0 1 0 0 17 73 3 333 3 667 108 615 3 667 3 1333 79 525 2 25 3 1333 102 614 3 2667 3 1333 95
4/4 614 3 583 0 0 95 614 2 125 1 5 34 55 0 1 2 175 94 44 0 1 2 175 96 24 0 1 2 175 86 44 0 1 0 3 72 15 0 1 0 3 48 55 0 1 0 3 49
4/4 44 0 1 2 25 55 15 0 1 2 25 33 55 0 1 2 25 43 24 0 1 3 1333 31 55 0 1 3 1333 36 44 0 1 3 1333 48 73 1 5 1 25 33 44 0 1 1 25 49 55 0 1 1 25 37 44 0 1 3 3667 60 55 0 1 3 3667 46 15 0 1 3 3667 48
4/4 223 0 1 2 75 102 45 0 1 2 75 106 75 0 1 2 75 88 45 0 1 2 75 106 64 1 5 3 1333 17 75 0 1 0 2 48 223 0 1 0 2 65 45 0 1 0 2 56 75 0 1 0 3 47 223 0 1 0 3 54 45 0 1 0 3 41
4/4 64 0 1 2 25 45 45 0 1 2 25 49 223 0 1 2 25 65 75 1 5 3 1333 39 45 0 1 1 15 39 223 0 1 1 15 40 64 2 25 1 25 53 45 0 1 3 2667 44 223 0 1 3 2667 59 44 0 1 2 375 77 55 0 1 2 375 97 15 0 1 2 375 80
4/4 44 0 1 0 0 77 55 0 1 0 0 97 15 0 1 0 0 80 24 2 25 1 5 10 44 0 1 2 75 67 55 0 1 2 75 47 15 0 1 2 75 51 44 0 1 0 2 56 15 0 1 0 2 46 55 0 1 0 2 50 44 0 1 2 325 57 55 0 1 2 325 41 15 3 333 2 325 47
4/4 44 0 1 2 25 41 15 0 1 2 25 20 55 0 1 2 25 33 44 0 1 1 15 64 55 0 1 1 15 51 15 0 1 1 15 52 64 0 1 3 2667 80 223 0 1 3 2667 103 45 0 1 3 2667 87 75 0 1 2 375 39 223 0 1 2 375 65
4/4 75 0 1 0 0 39 223 0 1 0 0 65 64 0 1 0 1 42 223 0 1 0 1 58 75 0 1 0 1 58 223 2 25 3 1667 35 45 0 1 2 225 47 223 0 1 2 225 59 64 0 1 2 325 44 45 0 1 2 325 51 223 0 1 2 325 52
4/4 64 2 25 3 333 57 223 0 1 3 333 85 45 1 5 1 5 51 223 2 25 3 2333 20 313 2 125 2 275 49 714 3 333 2 325 45 314 3 667 3 3333 61 714 2 25 2 375 20
4/4 313 2 175 0 0 49 714 3 83 0 0 20 314 3 2083 0 0 61 23 0 1 3 2333 110 614 0 1 3 2333 84 525 1 15 1 25 61
4/4 23 0 1 0 0 110 614 0 1 0 0 84 525 1 5 0 0 61 613 0 1 2 225 40 23 0 1 2 225 45 524 3 1333 3 2667 22
4/4 613 0 1 0 0 40 23 0 1 0 0 45 524 3 2333 0 0 22
4/4 613 0 1 0 0 40 23 0 1 0 0 45
