3/4 57 2 275 0 0 100
3/4 47 0 2 0 0 100 37 0 1 0 2 100
3/4 26 0 2 0 0 100 76 0 1 0 2 100
3/4 76 2 275 0 0 100
3/4 57 2 275 0 0 100
3/4 47 0 2 0 0 100 37 2 75 0 2 100 26 0 1 2 275 100 37 0 1 2 275 100
3/4 26 0 2 0 0 100 76 0 1 0 2 100
3/4 76 2 275 0 0 100
3/4 57 2 275 0 0 100
3/4 47 2 275 0 0 100
3/4 77 0 2 0 0 100 57 0 1 0 2 100
3/4 37 2 275 0 0 100
3/4 75 0 1 0 0 100 76 0 1 0 0 100
3/4 75 0 1 0 0 100 76 0 1 0 0 100 15 0 1 0 2 100 16 0 1 0 2 100
3/4 25 0 1 0 0 100 26 0 1 0 0 100
3/4 25 0 1 0 0 100 26 0 1 0 0 100
3/4 76 0 1 0 0 100 26 0 1 0 0 100 57 0 1 0 0 100
3/4 46 0 1 0 0 100 47 0 1 0 0 100 36 0 1 0 2 100 56 0 1 0 2 100 37 0 1 0 2 100
3/4 46 0 1 0 0 100 76 0 1 0 0 100 26 0 1 0 0 100 75 0 1 0 2 100 76 0 1 0 2 100
3/4 75 0 1 0 0 100 76 0 1 0 0 100
3/4 76 0 1 0 0 100 26 0 1 0 0 100 57 0 1 0 0 100
3/4 46 0 1 0 0 100 76 0 1 0 0 100 47 0 1 0 0 100 56 0 1 0 2 100 37 0 1 0 2 100
3/4 25 0 1 0 0 100 56 0 1 0 0 100 26 0 1 0 0 100 75 0 1 0 2 100 76 0 1 0 2 100
3/4 75 0 1 0 0 100 76 0 1 0 0 100 76 0 1 0 1 100 77 0 1 0 1 100
3/4 76 0 1 0 0 100 26 0 1 0 0 100 57 0 1 0 0 100
3/4 46 0 1 0 0 100 76 0 1 0 0 100 47 0 1 0 0 100 36 0 1 0 2 100 56 0 1 0 2 100 37 0 1 0 2 100
3/4 25 0 1 0 0 100 56 0 1 0 0 100 76 0 1 0 0 100 26 0 1 0 0 100
3/4 75 0 1 0 0 100 36 0 1 0 0 100 46 0 1 0 0 100 76 0 1 0 0 100
3/4 15 0 1 0 0 100 25 0 1 0 0 100 56 0 1 0 0 100
3/4 56 0 1 0 0 100 15 0 1 0 1 100 16 0 1 0 1 100 56 0 1 0 2 100 57 0 1 0 2 100
3/4 46 0 1 0 0 100 47 0 1 0 0 100
3/4 46 0 1 0 0 100 47 0 1 0 0 100
3/4 54 0 1 0 0 100 14 0 1 0 1 100 55 0 1 0 2 100
3/4 54 0 1 0 0 100 14 0 1 0 0 100 24 0 1 0 0 100 55 0 1 0 0 100
3/4 54 0 1 0 0 100 14 0 1 0 1 100 55 0 1 0 2 100
3/4 54 0 1 0 0 100 14 0 1 0 0 100 24 0 1 0 0 100 55 0 1 0 0 100
3/4 54 0 1 0 0 100 14 0 1 0 0 100 35 0 1 0 0 100 55 0 1 0 0 100 15 0 1 0 1 100 75 0 1 0 2 100
3/4 55 0 2 0 0 100 45 0 1 0 2 100
3/4 54 0 1 0 0 100 14 0 1 0 0 100 24 0 1 0 0 100 315 0 1 0 0 100 55 0 1 0 0 100 55 0 1 0 1 100 15 0 1 0 1 100 25 0 1 0 1 100 56 0 1 0 1 100 56 0 1 0 2 100 16 0 1 0 2 100 26 0 1 0 2 100 57 0 1 0 2 100
3/4 57 0 1 0 0 100 17 0 1 0 0 100 27 0 1 0 0 100 318 0 1 0 0 100 58 0 1 0 0 100
3/4 55 0 1 0 0 100 15 0 1 0 1 100 56 0 1 0 2 100
3/4 55 0 1 0 0 100 15 0 1 0 0 100 25 0 1 0 0 100 56 0 1 0 0 100
3/4 55 0 1 0 0 100 15 0 1 0 1 100 56 0 1 0 2 100
3/4 55 0 1 0 0 100 15 0 1 0 0 100 25 0 1 0 0 100 56 0 1 0 0 100
3/4 55 0 1 0 0 100 15 0 1 0 0 100 36 0 1 0 0 100 56 0 1 0 0 100 16 0 1 0 1 100 76 0 1 0 2 100
3/4 56 0 2 0 0 100 46 0 1 0 2 100
3/4 55 0 1 0 0 100 15 0 1 0 0 100 25 0 1 0 0 100 316 0 1 0 0 100 56 0 1 0 0 100 14 0 1 0 1 100 24 0 1 0 2 100
3/4 25 0 1 0 0 100 56 0 1 0 0 100 16 0 1 0 0 100 26 0 1 0 0 100 57 0 1 0 0 100
3/4 25 0 1 0 0 100 56 0 1 0 0 100 16 0 1 0 0 100 26 0 1 0 0 100 57 0 1 0 0 100
3/4 25 0 1 0 0 100 56 0 1 0 0 100 16 0 1 0 0 100 26 0 1 0 0 100 57 0 1 0 0 100
3/4 56 2 275 0 0 100
3/4 46 0 2 0 0 100 36 0 1 0 2 100
3/4 25 0 2 0 0 100 75 0 1 0 2 100
3/4 75 2 275 0 0 100
3/4
3/4 55 2 275 0 0 100
3/4 45 0 2 0 0 100 35 0 1 0 2 100
3/4 24 0 2 0 0 100 74 0 1 0 2 100
3/4 74 2 275 0 0 100
4/4 62 0 1 0 0 100 64 0 1 0 1 100 14 0 1 0 1 100 24 0 1 0 1 100 55 0 1 0 1 100 72 0 1 0 3 100
4/4 64 0 1 0 0 100 14 0 1 0 0 100 24 0 1 0 0 100 55 0 1 0 0 100 32 0 1 0 2 100 54 0 1 0 3 100 74 0 1 0 3 100 24 0 1 0 3 100 45 0 1 0 3 100
4/4 54 0 1 0 0 100 74 0 1 0 0 100 24 0 1 0 0 100 45 0 1 0 0 100 54 0 1 0 1 100 74 0 1 0 1 100 24 0 1 0 1 100 45 0 1 0 1 100
4/4 62 0 1 0 0 100 64 0 1 0 1 100 14 0 1 0 1 100 24 0 1 0 1 100 55 0 1 0 1 100 72 0 1 0 3 100
4/4 64 0 1 0 0 100 14 0 1 0 0 100 24 0 1 0 0 100 55 0 1 0 0 100 12 0 1 0 2 100 54 0 1 0 3 100 74 0 1 0 3 100 24 0 1 0 3 100 35 0 1 0 3 100
4/4 54 0 1 0 0 100 74 0 1 0 0 100 24 0 1 0 0 100 35 0 1 0 0 100 54 0 1 0 1 100 74 0 1 0 1 100 24 0 1 0 1 100 35 0 1 0 1 100
4/4 62 0 1 0 0 100 64 0 1 0 1 100 14 0 1 0 1 100 24 0 1 0 1 100 55 0 1 0 1 100 72 0 1 0 3 100
4/4 64 0 1 0 0 100 14 0 1 0 0 100 24 0 1 0 0 100 55 0 1 0 0 100 32 0 1 0 2 100 54 0 1 0 3 100 74 0 1 0 3 100 24 0 1 0 3 100 45 0 1 0 3 100
4/4 54 0 1 0 0 100 74 0 1 0 0 100 24 0 1 0 0 100 45 0 1 0 0 100 12 0 1 0 1 100 54 0 1 0 2 100 74 0 1 0 2 100 24 0 1 0 2 100 35 0 1 0 2 100
4/4 62 0 1 0 0 100 64 0 1 0 1 100 14 0 1 0 1 100 24 0 1 0 1 100 55 0 1 0 1 100 72 0 1 0 3 100
4/4 64 0 1 0 0 100 14 0 1 0 0 100 24 0 1 0 0 100 55 0 1 0 0 100 12 0 1 0 2 100 54 0 1 0 3 100 74 0 1 0 3 100 24 0 1 0 3 100 35 0 1 0 3 100
4/4 54 0 1 0 0 100 74 0 1 0 0 100 24 0 1 0 0 100 35 0 1 0 0 100 54 0 1 0 1 100 74 0 1 0 1 100 24 0 1 0 1 100 35 0 1 0 1 100
4/4 62 0 1 0 0 100 64 0 1 0 1 100 14 0 1 0 1 100 24 0 1 0 1 100 55 0 1 0 1 100 64 0 1 0 2 100 14 0 1 0 2 100 24 0 1 0 2 100 55 0 1 0 2 100 72 0 1 0 3 100
4/4 64 0 1 0 0 100 14 0 1 0 0 100 24 0 1 0 0 100 55 0 1 0 0 100 64 0 1 0 1 100 14 0 1 0 1 100 24 0 1 0 1 100 55 0 1 0 1 100 32 0 1 0 2 100 54 0 1 0 3 100 74 0 1 0 3 100 24 0 1 0 3 100 45 0 1 0 3 100
4/4 54 0 1 0 0 100 74 0 1 0 0 100 24 0 1 0 0 100 45 0 1 0 0 100 54 0 1 0 1 100 74 0 1 0 1 100 24 0 1 0 1 100 45 0 1 0 1 100
4/4 62 0 1 0 0 100 64 0 1 0 1 100 14 0 1 0 1 100 24 0 1 0 1 100 55 0 1 0 1 100 64 0 1 0 2 100 14 0 1 0 2 100 24 0 1 0 2 100 55 0 1 0 2 100 72 0 1 0 3 100
4/4 64 0 1 0 0 100 14 0 1 0 0 100 24 0 1 0 0 100 55 0 1 0 0 100 64 0 1 0 1 100 14 0 1 0 1 100 24 0 1 0 1 100 55 0 1 0 1 100 12 0 1 0 2 100 54 0 1 0 3 100 74 0 1 0 3 100 24 0 1 0 3 100 35 0 1 0 3 100
4/4 54 0 1 0 0 100 74 0 1 0 0 100 24 0 1 0 0 100 35 0 1 0 0 100 54 0 1 0 1 100 74 0 1 0 1 100 24 0 1 0 1 100 35 0 1 0 1 100
4/4 62 0 1 0 0 100 64 0 1 0 1 100 14 0 1 0 1 100 24 0 1 0 1 100 55 0 1 0 1 100 64 0 1 0 2 100 14 0 1 0 2 100 24 0 1 0 2 100 55 0 1 0 2 100 72 0 1 0 3 100
4/4 64 0 1 0 0 100 14 0 1 0 0 100 24 0 1 0 0 100 55 0 1 0 0 100 64 0 1 0 1 100 14 0 1 0 1 100 24 0 1 0 1 100 55 0 1 0 1 100 32 0 1 0 2 100 54 0 1 0 3 100 74 0 1 0 3 100 24 0 1 0 3 100 45 0 1 0 3 100
4/4 54 0 1 0 0 100 74 0 1 0 0 100 24 0 1 0 0 100 45 0 1 0 0 100 12 0 1 0 1 100 54 0 1 0 2 100 74 0 1 0 2 100 24 0 1 0 2 100 35 0 1 0 2 100
4/4 62 0 1 0 0 100 64 0 1 0 1 100 14 0 1 0 1 100 24 0 1 0 1 100 55 0 1 0 1 100 64 0 1 0 2 100 14 0 1 0 2 100 24 0 1 0 2 100 55 0 1 0 2 100 64 0 1 0 3 100 14 0 1 0 3 100 24 0 1 0 3 100 55 0 1 0 3 100
4/4 64 0 1 0 0 100 14 0 1 0 0 100 24 0 1 0 0 100 55 0 1 0 0 100 52 0 1 0 2 100 54 0 1 0 3 100 74 0 1 0 3 100 14 0 1 0 3 100 45 0 1 0 3 100
4/4 54 0 1 0 0 100 74 0 1 0 0 100 14 0 1 0 0 100 45 0 1 0 0 100 54 0 1 0 1 100 74 0 1 0 1 100 14 0 1 0 1 100 45 0 1 0 1 100
4/4 62 2 275 0 0 100
4/4 612 0 2 0 2 100
4/4 612 2 75 0 0 100
4/4 62 2 275 0 0 100
4/4 612 0 2 0 2 100
4/4 612 2 75 0 0 100
4/4 62 2 275 0 0 100
4/4 612 0 2 0 2 100
4/4 612 2 75 0 0 100
4/4 62 2 275 0 0 100
4/4 612 0 2 0 2 100
4/4 612 0 4 0 0 100
4/4 612 0 4 0 0 100
4/4 612 3 1333 0 0 100 64 0 1 0 2 100 14 0 1 0 2 100 24 0 1 0 2 100
4/4 64 0 1 0 0 100 14 0 1 0 0 100 24 0 1 0 0 100
4/4
4/4
4/4 63 0 1 0 1 100 14 0 1 0 1 100 24 0 1 0 1 100 35 0 1 0 1 100
