4/4 55 1 5 0 0 100 15 1 5 1 5 100 75 1 5 0 1 100 45 1 5 1 15 100 55 1 5 0 2 100 75 1 5 1 25 100 24 1 5 0 3 100 35 1 5 1 35 100
4/4 14 1 5 0 0 100 45 1 5 1 5 100 55 1 5 0 1 100 75 1 5 1 15 100 15 1 5 0 2 100 55 1 5 1 25 100 75 1 5 0 3 100 45 1 5 1 35 100
4/4 55 1 5 0 0 100 15 1 5 1 5 100 75 1 5 0 1 100 45 1 5 1 15 100 55 1 5 0 2 100 15 1 5 1 25 100 75 1 5 0 3 100 46 1 5 1 35 100
4/4 56 1 5 0 0 100 25 1 5 1 5 100 36 1 5 0 1 100 15 1 5 1 15 100 25 1 5 0 2 100 75 1 5 1 25 100 15 1 5 0 3 100 45 1 5 1 35 100
4/4 55 1 5 0 0 100 15 1 5 1 5 100 75 1 5 0 1 100 45 1 5 1 15 100 55 1 5 0 2 100 24 1 5 1 25 100 35 1 5 0 3 100 74 1 5 1 35 100
4/4 14 1 5 0 0 100 45 1 5 1 5 100 35 1 5 0 1 100 55 1 5 1 15 100 45 1 5 0 2 100 25 1 5 1 25 100 15 1 5 0 3 100 46 1 5 1 35 100
4/4 56 1 5 0 0 100 25 1 5 1 5 100 36 1 5 0 1 100 15 1 5 1 15 100 25 1 5 0 2 100 75 1 5 1 25 100 15 1 5 0 3 100 46 1 5 1 35 100
4/4 76 1 5 0 0 100 46 1 5 1 5 100 56 1 5 0 1 100 25 1 5 1 15 100 36 1 5 0 2 100 15 1 5 1 25 100 25 1 5 0 3 100 36 1 5 1 35 100
4/4 56 1 5 0 0 100 16 1 5 1 5 100 76 1 5 0 1 100 46 1 5 1 15 100 56 1 5 0 2 100 76 1 5 1 25 100 25 1 5 0 3 100 36 1 5 1 35 100
4/4 15 1 5 0 0 100 46 1 5 1 5 100 56 1 5 0 1 100 76 1 5 1 15 100 16 1 5 0 2 100 56 1 5 1 25 100 76 1 5 0 3 100 46 1 5 1 35 100
4/4 56 1 5 0 0 100 16 1 5 1 5 100 76 1 5 0 1 100 46 1 5 1 15 100 56 1 5 0 2 100 16 1 5 1 25 100 76 1 5 0 3 100 47 1 5 1 35 100
4/4 57 1 5 0 0 100 26 1 5 1 5 100 37 1 5 0 1 100 16 1 5 1 15 100 26 1 5 0 2 100 76 1 5 1 25 100 16 1 5 0 3 100 46 1 5 1 35 100
4/4 56 1 5 0 0 100 16 1 5 1 5 100 76 1 5 0 1 100 46 1 5 1 15 100 56 1 5 0 2 100 25 1 5 1 25 100 36 1 5 0 3 100 75 1 5 1 35 100
4/4 15 1 5 0 0 100 46 1 5 1 5 100 36 1 5 0 1 100 56 1 5 1 15 100 46 1 5 0 2 100 26 1 5 1 25 100 16 1 5 0 3 100 47 1 5 1 35 100
4/4 57 1 5 0 0 100 26 1 5 1 5 100 37 1 5 0 1 100 16 1 5 1 15 100 26 1 5 0 2 100 76 1 5 1 25 100 16 1 5 0 3 100 47 1 5 1 35 100
4/4 77 1 5 0 0 100 47 1 5 1 5 100 57 1 5 0 1 100 26 1 5 1 15 100 37 1 5 0 2 100 16 1 5 1 25 100 26 1 5 0 3 100 37 1 5 1 35 100
4/4 55 1 5 0 0 100 15 1 5 1 5 100 75 1 5 0 1 100 45 1 5 1 15 100 55 1 5 0 2 100 75 1 5 1 25 100 24 1 5 0 3 100 35 1 5 1 35 100
4/4 14 1 5 0 0 100 45 1 5 1 5 100 55 1 5 0 1 100 75 1 5 1 15 100 15 1 5 0 2 100 55 1 5 1 25 100 75 1 5 0 3 100 45 1 5 1 35 100
4/4 55 1 5 0 0 100 15 1 5 1 5 100 75 1 5 0 1 100 45 1 5 1 15 100 55 1 5 0 2 100 15 1 5 1 25 100 75 1 5 0 3 100 46 1 5 1 35 100
4/4 56 1 5 0 0 100 25 1 5 1 5 100 36 1 5 0 1 100 15 1 5 1 15 100 25 1 5 0 2 100 75 1 5 1 25 100 15 1 5 0 3 100 45 1 5 1 35 100
4/4 55 1 5 0 0 100 15 1 5 1 5 100 75 1 5 0 1 100 45 1 5 1 15 100 55 1 5 0 2 100 24 1 5 1 25 100 35 1 5 0 3 100 74 1 5 1 35 100
4/4 14 1 5 0 0 100 45 1 5 1 5 100 35 1 5 0 1 100 55 1 5 1 15 100 45 1 5 0 2 100 25 1 5 1 25 100 15 1 5 0 3 100 46 1 5 1 35 100
4/4 56 1 5 0 0 100 25 1 5 1 5 100 36 1 5 0 1 100 15 1 5 1 15 100 25 1 5 0 2 100 75 1 5 1 25 100 15 1 5 0 3 100 46 1 5 1 35 100
4/4 76 1 5 0 0 100 46 1 5 1 5 100 56 1 5 0 1 100 25 1 5 1 15 100 36 1 5 0 2 100 15 1 5 1 25 100 25 1 5 0 3 100 36 1 5 1 35 100
4/4 56 1 5 0 0 100 16 1 5 1 5 100 76 1 5 0 1 100 46 1 5 1 15 100 56 1 5 0 2 100 76 1 5 1 25 100 25 1 5 0 3 100 36 1 5 1 35 100
4/4 15 1 5 0 0 100 46 1 5 1 5 100 56 1 5 0 1 100 76 1 5 1 15 100 16 1 5 0 2 100 56 1 5 1 25 100 76 1 5 0 3 100 46 1 5 1 35 100
4/4 56 1 5 0 0 100 16 1 5 1 5 100 76 1 5 0 1 100 46 1 5 1 15 100 56 1 5 0 2 100 16 1 5 1 25 100 76 1 5 0 3 100 47 1 5 1 35 100
4/4 57 1 5 0 0 100 26 1 5 1 5 100 37 1 5 0 1 100 16 1 5 1 15 100 26 1 5 0 2 100 76 1 5 1 25 100 16 1 5 0 3 100 46 1 5 1 35 100
4/4 56 1 5 0 0 100 16 1 5 1 5 100 76 1 5 0 1 100 46 1 5 1 15 100 56 1 5 0 2 100 25 1 5 1 25 100 36 1 5 0 3 100 75 1 5 1 35 100
4/4 15 1 5 0 0 100 46 1 5 1 5 100 36 1 5 0 1 100 56 1 5 1 15 100 46 1 5 0 2 100 26 1 5 1 25 100 16 1 5 0 3 100 47 1 5 1 35 100
4/4 57 1 5 0 0 100 26 1 5 1 5 100 37 1 5 0 1 100 16 1 5 1 15 100 26 1 5 0 2 100 76 1 5 1 25 100 16 1 5 0 3 100 47 1 5 1 35 100
4/4 77 1 5 0 0 100 47 1 5 1 5 100 57 1 5 0 1 100 26 1 5 1 15 100 37 1 5 0 2 100 16 1 5 1 25 100 26 1 5 0 3 100 37 1 5 1 35 100
4/4 55 1 5 0 0 100 15 1 5 1 5 100 75 1 5 0 1 100 45 1 5 1 15 100 55 1 5 0 2 100 75 1 5 1 25 100 24 1 5 0 3 100 35 1 5 1 35 100
4/4 14 1 5 0 0 100 45 1 5 1 5 100 55 1 5 0 1 100 75 1 5 1 15 100 15 1 5 0 2 100 55 1 5 1 25 100 75 1 5 0 3 100 45 1 5 1 35 100
4/4 55 1 5 0 0 100 15 1 5 1 5 100 75 1 5 0 1 100 45 1 5 1 15 100 55 1 5 0 2 100 15 1 5 1 25 100 75 1 5 0 3 100 46 1 5 1 35 100
4/4 56 1 5 0 0 100 25 1 5 1 5 100 36 1 5 0 1 100 15 1 5 1 15 100 25 1 5 0 2 100 75 1 5 1 25 100 15 1 5 0 3 100 45 1 5 1 35 100
4/4 55 1 5 0 0 100 15 1 5 1 5 100 75 1 5 0 1 100 45 1 5 1 15 100 55 1 5 0 2 100 24 1 5 1 25 100 35 1 5 0 3 100 74 1 5 1 35 100
4/4 14 1 5 0 0 100 45 1 5 1 5 100 35 1 5 0 1 100 55 1 5 1 15 100 45 1 5 0 2 100 25 1 5 1 25 100 15 1 5 0 3 100 46 1 5 1 35 100
4/4 56 1 5 0 0 100 25 1 5 1 5 100 36 1 5 0 1 100 15 1 5 1 15 100 25 1 5 0 2 100 75 1 5 1 25 100 15 1 5 0 3 100 46 1 5 1 35 100
4/4 76 1 5 0 0 100 46 1 5 1 5 100 56 1 5 0 1 100 25 1 5 1 15 100 36 1 5 0 2 100 15 1 5 1 25 100 25 1 5 0 3 100 46 1 5 1 35 100
4/4 53 0 1 0 0 100 73 0 1 0 0 100 22 0 1 0 0 100 53 0 1 0 2 100 73 0 1 0 2 100 22 0 1 0 2 100
4/4 53 0 1 0 0 100 73 0 1 0 0 100 22 0 1 0 0 100 53 0 1 0 2 100 73 0 1 0 2 100 22 0 1 0 2 100
4/4 63 0 1 0 0 100 23 0 1 0 0 100 53 0 1 0 0 100 63 0 1 0 2 100 23 0 1 0 2 100 53 0 1 0 2 100
4/4 63 0 1 0 0 100 23 0 1 0 0 100 53 0 1 0 0 100 63 0 1 0 2 100 23 0 1 0 2 100 53 0 1 0 2 100
4/4 53 0 1 0 0 100 73 0 1 0 0 100 22 0 1 0 0 100 53 0 1 0 2 100 73 0 1 0 2 100 22 0 1 0 2 100
4/4 53 0 1 0 0 100 73 0 1 0 0 100 22 0 1 0 0 100 53 0 1 0 2 100 73 0 1 0 2 100 22 0 1 0 2 100
4/4 63 0 1 0 0 100 23 0 1 0 0 100 53 0 1 0 0 100 63 0 1 0 2 100 23 0 1 0 2 100 53 0 1 0 2 100
4/4 63 0 1 0 0 100 23 0 1 0 0 100 53 0 1 0 0 100 63 0 1 0 2 100 23 0 1 0 2 100 53 0 1 0 2 100
4/4 54 0 1 0 0 100 74 0 1 0 0 100 23 0 1 0 0 100 54 0 1 0 2 100 74 0 1 0 2 100 23 0 1 0 2 100
4/4 54 0 1 0 0 100 74 0 1 0 0 100 23 0 1 0 0 100 54 0 1 0 2 100 74 0 1 0 2 100 23 0 1 0 2 100
4/4 64 0 1 0 0 100 24 0 1 0 0 100 54 0 1 0 0 100 64 0 1 0 2 100 24 0 1 0 2 100 54 0 1 0 2 100
4/4 64 0 1 0 0 100 24 0 1 0 0 100 54 0 1 0 0 100 64 0 1 0 2 100 24 0 1 0 2 100 54 0 1 0 2 100
4/4 54 0 1 0 0 100 74 0 1 0 0 100 23 0 1 0 0 100 54 0 1 0 2 100 74 0 1 0 2 100 23 0 1 0 2 100
4/4 54 0 1 0 0 100 74 0 1 0 0 100 23 0 1 0 0 100 54 0 1 0 2 100 74 0 1 0 2 100 23 0 1 0 2 100
4/4 64 0 1 0 0 100 24 0 1 0 0 100 54 0 1 0 0 100 64 0 1 0 2 100 24 0 1 0 2 100 54 0 1 0 2 100
4/4 64 0 1 0 0 100 24 0 1 0 0 100 54 0 1 0 0 100 64 0 1 0 2 100 24 0 1 0 2 100 54 0 1 0 2 100
4/4 53 0 1 0 0 100 73 0 1 0 0 100 22 0 1 0 0 100 53 0 1 0 2 100 73 0 1 0 2 100 22 0 1 0 2 100
4/4 53 0 1 0 0 100 73 0 1 0 0 100 22 0 1 0 0 100 53 0 1 0 2 100 73 0 1 0 2 100 22 0 1 0 2 100
4/4 63 0 1 0 0 100 23 0 1 0 0 100 53 0 1 0 0 100 63 0 1 0 2 100 23 0 1 0 2 100 53 0 1 0 2 100
4/4 63 0 1 0 0 100 23 0 1 0 0 100 53 0 1 0 0 100 63 0 1 0 2 100 23 0 1 0 2 100 53 0 1 0 2 100
4/4 53 0 1 0 0 100 73 0 1 0 0 100 22 0 1 0 0 100 53 0 1 0 2 100 73 0 1 0 2 100 22 0 1 0 2 100
4/4 53 0 1 0 0 100 73 0 1 0 0 100 22 0 1 0 0 100 53 0 1 0 2 100 73 0 1 0 2 100 22 0 1 0 2 100
4/4 63 0 1 0 0 100 23 0 1 0 0 100 53 0 1 0 0 100 63 0 1 0 2 100 23 0 1 0 2 100 53 0 1 0 2 100
4/4 63 0 1 0 0 100 23 0 1 0 0 100 53 0 1 0 0 100 63 0 1 0 2 100 23 0 1 0 2 100 53 0 1 0 2 100
4/4 54 0 1 0 0 100 74 0 1 0 0 100 23 0 1 0 0 100 54 0 1 0 2 100 74 0 1 0 2 100 23 0 1 0 2 100
4/4 54 0 1 0 0 100 74 0 1 0 0 100 23 0 1 0 0 100 54 0 1 0 2 100 74 0 1 0 2 100 23 0 1 0 2 100
4/4 64 0 1 0 0 100 24 0 1 0 0 100 54 0 1 0 0 100 64 0 1 0 2 100 24 0 1 0 2 100 54 0 1 0 2 100
4/4 64 0 1 0 0 100 24 0 1 0 0 100 54 0 1 0 0 100 64 0 1 0 2 100 24 0 1 0 2 100 54 0 1 0 2 100
4/4 54 0 1 0 0 100 74 0 1 0 0 100 23 0 1 0 0 100 54 0 1 0 2 100 74 0 1 0 2 100 23 0 1 0 2 100
4/4 54 0 1 0 0 100 74 0 1 0 0 100 23 0 1 0 0 100 54 0 1 0 2 100 74 0 1 0 2 100 23 0 1 0 2 100
4/4 64 0 1 0 0 100 24 0 1 0 0 100 54 0 1 0 0 100 64 0 1 0 2 100 24 0 1 0 2 100 54 0 1 0 2 100
4/4 64 0 1 0 0 100 24 0 1 0 0 100 54 0 1 0 0 100 64 0 1 0 2 100 24 0 1 0 2 100 54 0 1 0 2 100
4/4 53 0 1 0 0 100 73 0 1 0 0 100 22 0 1 0 0 100 53 0 1 0 2 100 73 0 1 0 2 100 22 0 1 0 2 100
4/4 53 0 1 0 0 100 73 0 1 0 0 100 22 0 1 0 0 100 53 0 1 0 2 100 73 0 1 0 2 100 22 0 1 0 2 100
4/4 63 0 1 0 0 100 23 0 1 0 0 100 53 0 1 0 0 100 63 0 1 0 2 100 23 0 1 0 2 100 53 0 1 0 2 100
4/4 63 0 1 0 0 100 23 0 1 0 0 100 53 0 1 0 0 100 63 0 1 0 2 100 23 0 1 0 2 100 53 0 1 0 2 100
4/4 53 0 1 0 0 100 73 0 1 0 0 100 22 0 1 0 0 100 53 0 1 0 2 100 73 0 1 0 2 100 22 0 1 0 2 100
4/4 53 0 1 0 0 100 73 0 1 0 0 100 22 0 1 0 0 100 53 0 1 0 2 100 73 0 1 0 2 100 22 0 1 0 2 100
4/4 63 0 1 0 0 100 23 0 1 0 0 100 53 0 1 0 0 100 63 0 1 0 2 100 23 0 1 0 2 100 53 0 1 0 2 100
4/4 63 0 1 0 0 100 23 0 1 0 0 100 53 0 1 0 0 100 63 0 1 0 2 100 23 0 1 0 2 100 53 0 1 0 2 100
4/4 32 1 5 0 0 100 32 1 5 0 2 100
4/4 32 1 5 0 0 100 32 1 5 0 2 100
4/4 72 1 5 0 0 100 72 1 5 0 2 100
4/4 72 1 5 0 0 100 72 1 5 0 2 100
4/4 32 1 5 0 0 100 32 1 5 0 2 100
4/4 32 1 5 0 0 100 32 1 5 0 2 100
4/4 72 1 5 0 0 100 72 1 5 0 2 100
4/4 72 1 5 0 0 100 72 1 5 0 2 100
4/4 33 1 5 0 0 100 33 1 5 0 2 100
4/4 33 1 5 0 0 100 33 1 5 0 2 100
4/4 73 1 5 0 0 100 73 1 5 0 2 100
4/4 73 1 5 0 0 100 73 1 5 0 2 100
4/4 33 1 5 0 0 100 33 1 5 0 2 100
4/4 33 1 5 0 0 100 33 1 5 0 2 100
4/4 73 1 5 0 0 100 73 1 5 0 2 100
4/4 73 1 5 0 0 100 73 1 5 0 2 100
4/4 32 1 5 0 0 100 32 1 5 0 2 100
4/4 32 1 5 0 0 100 32 1 5 0 2 100
4/4 72 1 5 0 0 100 72 1 5 0 2 100
4/4 72 1 5 0 0 100 72 1 5 0 2 100
4/4 32 1 5 0 0 100 32 1 5 0 2 100
4/4 32 1 5 0 0 100 32 1 5 0 2 100
4/4 72 1 5 0 0 100 72 1 5 0 2 100
4/4 72 1 5 0 0 100 72 1 5 0 2 100
4/4 33 1 5 0 0 100 33 1 5 0 2 100
4/4 33 1 5 0 0 100 33 1 5 0 2 100
4/4 73 1 5 0 0 100 73 1 5 0 2 100
4/4 73 1 5 0 0 100 73 1 5 0 2 100
4/4 33 1 5 0 0 100 33 1 5 0 2 100
4/4 33 1 5 0 0 100 33 1 5 0 2 100
4/4 73 1 5 0 0 100 73 1 5 0 2 100
4/4 73 1 5 0 0 100 73 1 5 0 2 100
4/4 32 1 5 0 0 100 32 1 5 0 2 100
4/4 32 1 5 0 0 100 32 1 5 0 2 100
4/4 72 1 5 0 0 100 72 1 5 0 2 100
4/4 72 1 5 0 0 100 72 1 5 0 2 100
4/4 32 1 5 0 0 100 32 1 5 0 2 100
4/4 32 1 5 0 0 100 32 1 5 0 2 100
4/4 72 1 5 0 0 100 72 1 5 0 2 100
4/4 72 1 5 0 0 100 72 1 5 0 2 100
