4/4 55 1 5 0 0 96 15 1 5 1 5 98 75 1 5 0 1 102 45 1 5 1 15 107 55 1 5 0 2 95 75 1 5 1 25 108 24 1 5 0 3 98 35 1 5 1 35 106
4/4 14 1 5 0 0 98 45 1 5 1 5 100 55 1 5 0 1 110 75 1 5 1 15 94 15 1 5 0 2 97 55 1 5 1 25 92 75 1 5 0 3 95 45 1 5 1 35 110
4/4 55 1 5 0 0 104 15 1 5 1 5 99 75 1 5 0 1 100 45 1 5 1 15 107 55 1 5 0 2 110 15 1 5 1 25 90 75 1 5 0 3 105 46 1 5 1 35 105
4/4 56 1 5 0 0 107 25 1 5 1 5 96 36 1 5 0 1 99 15 1 5 1 15 98 25 1 5 0 2 97 75 1 5 1 25 95 15 1 5 0 3 96 45 1 5 1 35 102
4/4 55 1 5 0 0 95 15 1 5 1 5 101 75 1 5 0 1 94 45 1 5 1 15 105 55 1 5 0 2 98 24 1 5 1 25 93 35 1 5 0 3 90 74 1 5 1 35 107
4/4 14 1 5 0 0 91 45 1 5 1 5 107 35 1 5 0 1 105 55 1 5 1 15 98 45 1 5 0 2 98 25 1 5 1 25 92 15 1 5 0 3 107 46 1 5 1 35 103
4/4 56 1 5 0 0 108 25 1 5 1 5 90 36 1 5 0 1 102 15 1 5 1 15 103 25 1 5 0 2 107 75 1 5 1 25 100 15 1 5 0 3 104 46 1 5 1 35 96
4/4 76 1 5 0 0 93 46 1 5 1 5 97 56 1 5 0 1 92 25 1 5 1 15 94 36 1 5 0 2 92 15 1 5 1 25 106 25 1 5 0 3 102 36 1 5 1 35 95
4/4 56 1 5 0 0 91 16 1 5 1 5 92 76 1 5 0 1 91 46 1 5 1 15 99 56 1 5 0 2 91 76 1 5 1 25 91 25 1 5 0 3 96 36 1 5 1 35 101
4/4 15 1 5 0 0 105 46 1 5 1 5 103 56 1 5 0 1 97 76 1 5 1 15 93 16 1 5 0 2 109 56 1 5 1 25 104 76 1 5 0 3 110 46 1 5 1 35 96
4/4 56 1 5 0 0 93 16 1 5 1 5 98 76 1 5 0 1 106 46 1 5 1 15 94 56 1 5 0 2 104 16 1 5 1 25 96 76 1 5 0 3 93 47 1 5 1 35 92
4/4 57 1 5 0 0 110 26 1 5 1 5 109 37 1 5 0 1 106 16 1 5 1 15 109 26 1 5 0 2 103 76 1 5 1 25 105 16 1 5 0 3 92 46 1 5 1 35 106
4/4 56 1 5 0 0 92 16 1 5 1 5 102 76 1 5 0 1 98 46 1 5 1 15 93 56 1 5 0 2 105 25 1 5 1 25 90 36 1 5 0 3 102 75 1 5 1 35 107
4/4 15 1 5 0 0 100 46 1 5 1 5 93 36 1 5 0 1 95 56 1 5 1 15 91 46 1 5 0 2 93 26 1 5 1 25 96 16 1 5 0 3 98 47 1 5 1 35 107
4/4 57 1 5 0 0 91 26 1 5 1 5 100 37 1 5 0 1 95 16 1 5 1 15 109 26 1 5 0 2 99 76 1 5 1 25 101 16 1 5 0 3 97 47 1 5 1 35 90
4/4 77 1 5 0 0 101 47 1 5 1 5 108 57 1 5 0 1 100 26 1 5 1 15 102 37 1 5 0 2 99 16 1 5 1 25 91 26 1 5 0 3 92 37 1 5 1 35 98
4/4 55 1 5 0 0 102 15 1 5 1 5 101 75 1 5 0 1 93 45 1 5 1 15 91 55 1 5 0 2 106 75 1 5 1 25 104 24 1 5 0 3 90 35 1 5 1 35 97
4/4 14 1 5 0 0 96 45 1 5 1 5 97 55 1 5 0 1 98 75 1 5 1 15 103 15 1 5 0 2 99 55 1 5 1 25 99 75 1 5 0 3 97 45 1 5 1 35 101
4/4 55 1 5 0 0 92 15 1 5 1 5 109 75 1 5 0 1 92 45 1 5 1 15 103 55 1 5 0 2 94 15 1 5 1 25 90 75 1 5 0 3 96 46 1 5 1 35 92
4/4 56 1 5 0 0 90 25 1 5 1 5 91 36 1 5 0 1 97 15 1 5 1 15 102 25 1 5 0 2 107 75 1 5 1 25 109 15 1 5 0 3 100 45 1 5 1 35 103
4/4 55 1 5 0 0 91 15 1 5 1 5 97 75 1 5 0 1 102 45 1 5 1 15 101 55 1 5 0 2 110 24 1 5 1 25 100 35 1 5 0 3 100 74 1 5 1 35 98
4/4 14 1 5 0 0 104 45 1 5 1 5 94 35 1 5 0 1 103 55 1 5 1 15 95 45 1 5 0 2 110 25 1 5 1 25 92 15 1 5 0 3 110 46 1 5 1 35 94
4/4 56 1 5 0 0 97 25 1 5 1 5 101 36 1 5 0 1 96 15 1 5 1 15 90 25 1 5 0 2 96 75 1 5 1 25 98 15 1 5 0 3 94 46 1 5 1 35 103
4/4 76 1 5 0 0 92 46 1 5 1 5 96 56 1 5 0 1 96 25 1 5 1 15 102 36 1 5 0 2 102 15 1 5 1 25 102 25 1 5 0 3 109 36 1 5 1 35 109
4/4 56 1 5 0 0 97 16 1 5 1 5 102 76 1 5 0 1 95 46 1 5 1 15 93 56 1 5 0 2 91 76 1 5 1 25 96 25 1 5 0 3 108 36 1 5 1 35 106
4/4 15 1 5 0 0 110 46 1 5 1 5 106 56 1 5 0 1 92 76 1 5 1 15 105 16 1 5 0 2 96 56 1 5 1 25 93 76 1 5 0 3 106 46 1 5 1 35 110
4/4 56 1 5 0 0 100 16 1 5 1 5 92 76 1 5 0 1 103 46 1 5 1 15 102 56 1 5 0 2 91 16 1 5 1 25 95 76 1 5 0 3 95 47 1 5 1 35 96
4/4 57 1 5 0 0 110 26 1 5 1 5 100 37 1 5 0 1 92 16 1 5 1 15 99 26 1 5 0 2 95 76 1 5 1 25 109 16 1 5 0 3 94 46 1 5 1 35 101
4/4 56 1 5 0 0 107 16 1 5 1 5 103 76 1 5 0 1 91 46 1 5 1 15 97 56 1 5 0 2 100 25 1 5 1 25 94 36 1 5 0 3 108 75 1 5 1 35 99
4/4 15 1 5 0 0 105 46 1 5 1 5 97 36 1 5 0 1 91 56 1 5 1 15 100 46 1 5 0 2 91 26 1 5 1 25 100 16 1 5 0 3 109 47 1 5 1 35 102
4/4 57 1 5 0 0 97 26 1 5 1 5 106 37 1 5 0 1 103 16 1 5 1 15 110 26 1 5 0 2 99 76 1 5 1 25 105 16 1 5 0 3 92 47 1 5 1 35 97
4/4 77 1 5 0 0 94 47 1 5 1 5 100 57 1 5 0 1 93 26 1 5 1 15 102 37 1 5 0 2 105 16 1 5 1 25 103 26 1 5 0 3 107 37 1 5 1 35 96
4/4 55 1 5 0 0 96 15 1 5 1 5 105 75 1 5 0 1 108 45 1 5 1 15 94 55 1 5 0 2 98 75 1 5 1 25 99 24 1 5 0 3 103 35 1 5 1 35 103
4/4 14 1 5 0 0 93 45 1 5 1 5 104 55 1 5 0 1 101 75 1 5 1 15 91 15 1 5 0 2 103 55 1 5 1 25 91 75 1 5 0 3 92 45 1 5 1 35 96
4/4 55 1 5 0 0 105 15 1 5 1 5 110 75 1 5 0 1 100 45 1 5 1 15 93 55 1 5 0 2 92 15 1 5 1 25 97 75 1 5 0 3 99 46 1 5 1 35 101
4/4 56 1 5 0 0 103 25 1 5 1 5 99 36 1 5 0 1 95 15 1 5 1 15 92 25 1 5 0 2 97 75 1 5 1 25 107 15 1 5 0 3 110 45 1 5 1 35 103
4/4 55 1 5 0 0 94 15 1 5 1 5 101 75 1 5 0 1 109 45 1 5 1 15 105 55 1 5 0 2 108 24 1 5 1 25 103 35 1 5 0 3 110 74 1 5 1 35 105
4/4 14 1 5 0 0 98 45 1 5 1 5 104 35 1 5 0 1 90 55 1 5 1 15 95 45 1 5 0 2 102 25 1 5 1 25 91 15 1 5 0 3 93 46 1 5 1 35 105
4/4 56 1 5 0 0 92 25 1 5 1 5 102 36 1 5 0 1 93 15 1 5 1 15 102 25 1 5 0 2 92 75 1 5 1 25 92 15 1 5 0 3 92 46 1 5 1 35 92
4/4 76 1 5 0 0 91 46 1 5 1 5 106 56 1 5 0 1 94 25 1 5 1 15 97 36 1 5 0 2 93 15 1 5 1 25 91 25 1 5 0 3 90 46 1 5 1 35 109
4/4 53 0 1 0 0 96 73 0 1 0 0 93 23 0 1 0 0 90 53 0 1 0 2 92 73 0 1 0 2 100 23 0 1 0 2 93
4/4 53 0 1 0 0 95 73 0 1 0 0 110 23 0 1 0 0 110 53 0 1 0 2 110 73 0 1 0 2 110 23 0 1 0 2 94
4/4 63 0 1 0 0 94 23 0 1 0 0 97 54 0 1 0 0 102 63 0 1 0 2 96 23 0 1 0 2 106 54 0 1 0 2 100
4/4 63 0 1 0 0 97 23 0 1 0 0 100 54 0 1 0 0 106 63 0 1 0 2 94 23 0 1 0 2 106 54 0 1 0 2 90
4/4 53 0 1 0 0 98 73 0 1 0 0 95 23 0 1 0 0 105 53 0 1 0 2 105 73 0 1 0 2 95 23 0 1 0 2 98
4/4 53 0 1 0 0 100 73 0 1 0 0 102 23 0 1 0 0 90 53 0 1 0 2 109 73 0 1 0 2 109 23 0 1 0 2 110
4/4 63 0 1 0 0 101 23 0 1 0 0 98 54 0 1 0 0 97 63 0 1 0 2 105 23 0 1 0 2 96 54 0 1 0 2 97
4/4 63 0 1 0 0 96 23 0 1 0 0 110 54 0 1 0 0 92 63 0 1 0 2 109 23 0 1 0 2 91 54 0 1 0 2 107
4/4 54 0 1 0 0 92 74 0 1 0 0 100 24 0 1 0 0 103 54 0 1 0 2 110 74 0 1 0 2 94 24 0 1 0 2 93
4/4 54 0 1 0 0 99 74 0 1 0 0 91 24 0 1 0 0 108 54 0 1 0 2 100 74 0 1 0 2 102 24 0 1 0 2 98
4/4 64 0 1 0 0 101 24 0 1 0 0 100 55 0 1 0 0 96 64 0 1 0 2 96 24 0 1 0 2 100 55 0 1 0 2 97
4/4 64 0 1 0 0 97 24 0 1 0 0 107 55 0 1 0 0 90 64 0 1 0 2 97 24 0 1 0 2 104 55 0 1 0 2 104
4/4 54 0 1 0 0 96 74 0 1 0 0 94 24 0 1 0 0 101 54 0 1 0 2 100 74 0 1 0 2 102 24 0 1 0 2 94
4/4 54 0 1 0 0 110 74 0 1 0 0 95 24 0 1 0 0 103 54 0 1 0 2 97 74 0 1 0 2 106 24 0 1 0 2 101
4/4 64 0 1 0 0 94 24 0 1 0 0 109 55 0 1 0 0 95 64 0 1 0 2 100 24 0 1 0 2 108 55 0 1 0 2 90
4/4 64 0 1 0 0 100 24 0 1 0 0 106 55 0 1 0 0 94 64 0 1 0 2 109 24 0 1 0 2 109 55 0 1 0 2 98
4/4 53 0 1 0 0 110 73 0 1 0 0 96 23 0 1 0 0 104 53 0 1 0 2 103 73 0 1 0 2 100 23 0 1 0 2 97
4/4 53 0 1 0 0 107 73 0 1 0 0 94 23 0 1 0 0 100 53 0 1 0 2 109 73 0 1 0 2 106 23 0 1 0 2 105
4/4 63 0 1 0 0 98 23 0 1 0 0 110 54 0 1 0 0 108 63 0 1 0 2 103 23 0 1 0 2 106 54 0 1 0 2 96
4/4 63 0 1 0 0 101 23 0 1 0 0 96 54 0 1 0 0 102 63 0 1 0 2 92 23 0 1 0 2 102 54 0 1 0 2 96
4/4 53 0 1 0 0 108 73 0 1 0 0 96 23 0 1 0 0 90 53 0 1 0 2 98 73 0 1 0 2 110 23 0 1 0 2 93
4/4 53 0 1 0 0 102 73 0 1 0 0 105 23 0 1 0 0 110 53 0 1 0 2 102 73 0 1 0 2 97 23 0 1 0 2 108
4/4 63 0 1 0 0 99 23 0 1 0 0 95 54 0 1 0 0 96 63 0 1 0 2 102 23 0 1 0 2 107 54 0 1 0 2 101
4/4 63 0 1 0 0 99 23 0 1 0 0 93 54 0 1 0 0 110 63 0 1 0 2 110 23 0 1 0 2 93 54 0 1 0 2 90
4/4 54 0 1 0 0 109 74 0 1 0 0 101 24 0 1 0 0 106 54 0 1 0 2 94 74 0 1 0 2 91 24 0 1 0 2 91
4/4 54 0 1 0 0 93 74 0 1 0 0 110 24 0 1 0 0 103 54 0 1 0 2 97 74 0 1 0 2 96 24 0 1 0 2 107
4/4 64 0 1 0 0 109 24 0 1 0 0 110 55 0 1 0 0 107 64 0 1 0 2 98 24 0 1 0 2 103 55 0 1 0 2 99
4/4 64 0 1 0 0 96 24 0 1 0 0 93 55 0 1 0 0 92 64 0 1 0 2 91 24 0 1 0 2 94 55 0 1 0 2 106
4/4 54 0 1 0 0 99 74 0 1 0 0 109 24 0 1 0 0 98 54 0 1 0 2 104 74 0 1 0 2 92 24 0 1 0 2 107
4/4 54 0 1 0 0 90 74 0 1 0 0 109 24 0 1 0 0 109 54 0 1 0 2 91 74 0 1 0 2 110 24 0 1 0 2 92
4/4 64 0 1 0 0 105 24 0 1 0 0 100 55 0 1 0 0 109 64 0 1 0 2 98 24 0 1 0 2 101 55 0 1 0 2 96
4/4 64 0 1 0 0 109 24 0 1 0 0 90 55 0 1 0 0 97 64 0 1 0 2 90 24 0 1 0 2 106 55 0 1 0 2 110
4/4 53 0 1 0 0 91 73 0 1 0 0 108 23 0 1 0 0 97 53 0 1 0 2 90 73 0 1 0 2 105 23 0 1 0 2 105
4/4 53 0 1 0 0 102 73 0 1 0 0 102 23 0 1 0 0 96 53 0 1 0 2 99 73 0 1 0 2 104 23 0 1 0 2 106
4/4 63 0 1 0 0 90 23 0 1 0 0 107 54 0 1 0 0 109 63 0 1 0 2 106 23 0 1 0 2 107 54 0 1 0 2 93
4/4 63 0 1 0 0 98 23 0 1 0 0 101 54 0 1 0 0 101 63 0 1 0 2 102 23 0 1 0 2 110 54 0 1 0 2 92
4/4 53 0 1 0 0 106 73 0 1 0 0 95 23 0 1 0 0 100 53 0 1 0 2 107 73 0 1 0 2 109 23 0 1 0 2 108
4/4 53 0 1 0 0 90 73 0 1 0 0 107 23 0 1 0 0 90 53 0 1 0 2 109 73 0 1 0 2 90 23 0 1 0 2 101
4/4 63 0 1 0 0 108 23 0 1 0 0 101 54 0 1 0 0 109 63 0 1 0 2 98 23 0 1 0 2 101 54 0 1 0 2 95
4/4 63 0 1 0 0 105 23 0 1 0 0 107 54 0 1 0 0 101 63 0 1 0 2 108 23 0 1 0 2 101 54 0 1 0 2 96
4/4 32 1 5 0 0 105 32 1 5 0 2 95
4/4 32 1 5 0 0 90 32 1 5 0 2 96
4/4 72 1 5 0 0 96 72 1 5 0 2 98
4/4 72 1 5 0 0 90 72 1 5 0 2 106
4/4 32 1 5 0 0 109 32 1 5 0 2 95
4/4 32 1 5 0 0 96 32 1 5 0 2 94
4/4 72 1 5 0 0 104 72 1 5 0 2 99
4/4 72 1 5 0 0 93 72 1 5 0 2 101
4/4 33 1 5 0 0 104 33 1 5 0 2 106
4/4 33 1 5 0 0 104 33 1 5 0 2 106
4/4 73 1 5 0 0 100 73 1 5 0 2 108
4/4 73 1 5 0 0 101 73 1 5 0 2 109
4/4 33 1 5 0 0 101 33 1 5 0 2 105
4/4 33 1 5 0 0 102 33 1 5 0 2 98
4/4 73 1 5 0 0 110 73 1 5 0 2 99
4/4 73 1 5 0 0 91 73 1 5 0 2 98
4/4 32 1 5 0 0 96 32 1 5 0 2 105
4/4 32 1 5 0 0 97 32 1 5 0 2 103
4/4 72 1 5 0 0 103 72 1 5 0 2 93
4/4 72 1 5 0 0 104 72 1 5 0 2 95
4/4 32 1 5 0 0 90 32 1 5 0 2 98
4/4 32 1 5 0 0 92 32 1 5 0 2 104
4/4 72 1 5 0 0 91 72 1 5 0 2 96
4/4 72 1 5 0 0 104 72 1 5 0 2 97
4/4 33 1 5 0 0 108 33 1 5 0 2 94
4/4 33 1 5 0 0 104 33 1 5 0 2 93
4/4 73 1 5 0 0 94 73 1 5 0 2 93
4/4 73 1 5 0 0 90 73 1 5 0 2 95
4/4 33 1 5 0 0 94 33 1 5 0 2 95
4/4 33 1 5 0 0 97 33 1 5 0 2 90
4/4 73 1 5 0 0 92 73 1 5 0 2 91
4/4 73 1 5 0 0 99 73 1 5 0 2 109
4/4 32 1 5 0 0 100 32 1 5 0 2 98
4/4 32 1 5 0 0 103 32 1 5 0 2 91
4/4 72 1 5 0 0 93 72 1 5 0 2 90
4/4 72 1 5 0 0 104 72 1 5 0 2 106
4/4 32 1 5 0 0 99 32 1 5 0 2 103
4/4 32 1 5 0 0 105 32 1 5 0 2 101
4/4 72 1 5 0 0 107 72 1 5 0 2 108
4/4 72 1 5 0 0 107 72 1 5 0 2 104
