3/4 55 2 275 0 0 100
3/4 45 0 2 0 0 100 35 0 1 0 2 100
3/4 24 0 2 0 0 100 74 0 1 0 2 100
3/4 74 2 275 0 0 100
3/4 55 2 275 0 0 100
3/4 45 0 2 0 0 100 35 2 75 0 2 100 24 0 1 2 275 100 35 0 1 2 275 100
3/4 24 0 2 0 0 100 74 0 1 0 2 100
3/4 74 2 275 0 0 100
3/4 55 2 275 0 0 100
3/4 45 2 275 0 0 100
3/4 75 0 2 0 0 100 55 0 1 0 2 100
3/4 35 2 275 0 0 100
3/4 73 0 1 0 0 100 74 0 1 0 0 100
3/4 73 0 1 0 0 100 74 0 1 0 0 100 13 0 1 0 2 100 14 0 1 0 2 100
3/4 23 0 1 0 0 100 24 0 1 0 0 100
3/4 23 0 1 0 0 100 24 0 1 0 0 100
3/4 74 0 1 0 0 100 24 0 1 0 0 100 55 0 1 0 0 100
3/4 44 0 1 0 0 100 45 0 1 0 0 100 34 0 1 0 2 100 54 0 1 0 2 100 35 0 1 0 2 100
3/4 44 0 1 0 0 100 74 0 1 0 0 100 24 0 1 0 0 100 73 0 1 0 2 100 74 0 1 0 2 100
3/4 73 0 1 0 0 100 74 0 1 0 0 100
3/4 74 0 1 0 0 100 24 0 1 0 0 100 55 0 1 0 0 100
3/4 44 0 1 0 0 100 74 0 1 0 0 100 45 0 1 0 0 100 54 0 1 0 2 100 35 0 1 0 2 100
3/4 23 0 1 0 0 100 54 0 1 0 0 100 24 0 1 0 0 100 73 0 1 0 2 100 74 0 1 0 2 100
3/4 73 0 1 0 0 100 74 0 1 0 0 100 74 0 1 0 1 100 75 0 1 0 1 100
3/4 74 0 1 0 0 100 24 0 1 0 0 100 55 0 1 0 0 100
3/4 44 0 1 0 0 100 74 0 1 0 0 100 45 0 1 0 0 100 34 0 1 0 2 100 54 0 1 0 2 100 35 0 1 0 2 100
3/4 23 0 1 0 0 100 54 0 1 0 0 100 74 0 1 0 0 100 24 0 1 0 0 100
3/4 73 0 1 0 0 100 34 0 1 0 0 100 44 0 1 0 0 100 74 0 1 0 0 100
3/4 13 0 1 0 0 100 23 0 1 0 0 100 54 0 1 0 0 100
3/4 54 0 1 0 0 100 13 0 1 0 1 100 14 0 1 0 1 100 54 0 1 0 2 100 55 0 1 0 2 100
3/4 44 0 1 0 0 100 45 0 1 0 0 100
3/4 44 0 1 0 0 100 45 0 1 0 0 100
3/4 52 0 1 0 0 100 12 0 1 0 1 100 53 0 1 0 2 100
3/4 52 0 1 0 0 100 12 0 1 0 0 100 22 0 1 0 0 100 53 0 1 0 0 100
3/4 52 0 1 0 0 100 12 0 1 0 1 100 53 0 1 0 2 100
3/4 52 0 1 0 0 100 12 0 1 0 0 100 22 0 1 0 0 100 53 0 1 0 0 100
3/4 52 0 1 0 0 100 12 0 1 0 0 100 33 0 1 0 0 100 53 0 1 0 0 100 13 0 1 0 1 100 73 0 1 0 2 100
3/4 53 0 2 0 0 100 43 0 1 0 2 100
3/4 52 0 1 0 0 100 12 0 1 0 0 100 22 0 1 0 0 100 313 0 1 0 0 100 53 0 1 0 0 100 53 0 1 0 1 100 13 0 1 0 1 100 23 0 1 0 1 100 54 0 1 0 1 100 54 0 1 0 2 100 14 0 1 0 2 100 24 0 1 0 2 100 55 0 1 0 2 100
3/4 55 0 1 0 0 100 15 0 1 0 0 100 25 0 1 0 0 100 316 0 1 0 0 100 56 0 1 0 0 100
3/4 53 0 1 0 0 100 13 0 1 0 1 100 54 0 1 0 2 100
3/4 53 0 1 0 0 100 13 0 1 0 0 100 23 0 1 0 0 100 54 0 1 0 0 100
3/4 53 0 1 0 0 100 13 0 1 0 1 100 54 0 1 0 2 100
3/4 53 0 1 0 0 100 13 0 1 0 0 100 23 0 1 0 0 100 54 0 1 0 0 100
3/4 53 0 1 0 0 100 13 0 1 0 0 100 34 0 1 0 0 100 54 0 1 0 0 100 14 0 1 0 1 100 74 0 1 0 2 100
3/4 54 0 2 0 0 100 44 0 1 0 2 100
3/4 53 0 1 0 0 100 13 0 1 0 0 100 23 0 1 0 0 100 314 0 1 0 0 100 54 0 1 0 0 100 12 0 1 0 1 100 22 0 1 0 2 100
3/4 23 0 1 0 0 100 54 0 1 0 0 100 14 0 1 0 0 100 24 0 1 0 0 100 55 0 1 0 0 100
3/4 23 0 1 0 0 100 54 0 1 0 0 100 14 0 1 0 0 100 24 0 1 0 0 100 55 0 1 0 0 100
3/4 23 0 1 0 0 100 54 0 1 0 0 100 14 0 1 0 0 100 24 0 1 0 0 100 55 0 1 0 0 100
3/4 54 2 275 0 0 100
3/4 44 0 2 0 0 100 34 0 1 0 2 100
3/4 23 0 2 0 0 100 73 0 1 0 2 100
3/4 73 2 275 0 0 100
3/4
3/4 53 2 275 0 0 100
3/4 43 0 2 0 0 100 33 0 1 0 2 100
3/4 22 0 2 0 0 100 72 0 1 0 2 100
3/4 72 2 275 0 0 100
4/4 61 0 1 0 0 100 62 0 1 0 1 100 12 0 1 0 1 100 22 0 1 0 1 100 53 0 1 0 1 100 71 0 1 0 3 100
4/4 62 0 1 0 0 100 12 0 1 0 0 100 22 0 1 0 0 100 53 0 1 0 0 100 31 0 1 0 2 100 52 0 1 0 3 100 72 0 1 0 3 100 22 0 1 0 3 100 43 0 1 0 3 100
4/4 52 0 1 0 0 100 72 0 1 0 0 100 22 0 1 0 0 100 43 0 1 0 0 100 52 0 1 0 1 100 72 0 1 0 1 100 22 0 1 0 1 100 43 0 1 0 1 100
4/4 61 0 1 0 0 100 62 0 1 0 1 100 12 0 1 0 1 100 22 0 1 0 1 100 53 0 1 0 1 100 71 0 1 0 3 100
4/4 62 0 1 0 0 100 12 0 1 0 0 100 22 0 1 0 0 100 53 0 1 0 0 100 11 0 1 0 2 100 52 0 1 0 3 100 72 0 1 0 3 100 22 0 1 0 3 100 33 0 1 0 3 100
4/4 52 0 1 0 0 100 72 0 1 0 0 100 22 0 1 0 0 100 33 0 1 0 0 100 52 0 1 0 1 100 72 0 1 0 1 100 22 0 1 0 1 100 33 0 1 0 1 100
4/4 61 0 1 0 0 100 62 0 1 0 1 100 12 0 1 0 1 100 22 0 1 0 1 100 53 0 1 0 1 100 71 0 1 0 3 100
4/4 62 0 1 0 0 100 12 0 1 0 0 100 22 0 1 0 0 100 53 0 1 0 0 100 31 0 1 0 2 100 52 0 1 0 3 100 72 0 1 0 3 100 22 0 1 0 3 100 43 0 1 0 3 100
4/4 52 0 1 0 0 100 72 0 1 0 0 100 22 0 1 0 0 100 43 0 1 0 0 100 11 0 1 0 1 100 52 0 1 0 2 100 72 0 1 0 2 100 22 0 1 0 2 100 33 0 1 0 2 100
4/4 61 0 1 0 0 100 62 0 1 0 1 100 12 0 1 0 1 100 22 0 1 0 1 100 53 0 1 0 1 100 71 0 1 0 3 100
4/4 62 0 1 0 0 100 12 0 1 0 0 100 22 0 1 0 0 100 53 0 1 0 0 100 11 0 1 0 2 100 52 0 1 0 3 100 72 0 1 0 3 100 22 0 1 0 3 100 33 0 1 0 3 100
4/4 52 0 1 0 0 100 72 0 1 0 0 100 22 0 1 0 0 100 33 0 1 0 0 100 52 0 1 0 1 100 72 0 1 0 1 100 22 0 1 0 1 100 33 0 1 0 1 100
4/4 61 0 1 0 0 100 62 0 1 0 1 100 12 0 1 0 1 100 22 0 1 0 1 100 53 0 1 0 1 100 62 0 1 0 2 100 12 0 1 0 2 100 22 0 1 0 2 100 53 0 1 0 2 100 71 0 1 0 3 100
4/4 62 0 1 0 0 100 12 0 1 0 0 100 22 0 1 0 0 100 53 0 1 0 0 100 62 0 1 0 1 100 12 0 1 0 1 100 22 0 1 0 1 100 53 0 1 0 1 100 31 0 1 0 2 100 52 0 1 0 3 100 72 0 1 0 3 100 22 0 1 0 3 100 43 0 1 0 3 100
4/4 52 0 1 0 0 100 72 0 1 0 0 100 22 0 1 0 0 100 43 0 1 0 0 100 52 0 1 0 1 100 72 0 1 0 1 100 22 0 1 0 1 100 43 0 1 0 1 100
4/4 61 0 1 0 0 100 62 0 1 0 1 100 12 0 1 0 1 100 22 0 1 0 1 100 53 0 1 0 1 100 62 0 1 0 2 100 12 0 1 0 2 100 22 0 1 0 2 100 53 0 1 0 2 100 71 0 1 0 3 100
4/4 62 0 1 0 0 100 12 0 1 0 0 100 22 0 1 0 0 100 53 0 1 0 0 100 62 0 1 0 1 100 12 0 1 0 1 100 22 0 1 0 1 100 53 0 1 0 1 100 11 0 1 0 2 100 52 0 1 0 3 100 72 0 1 0 3 100 22 0 1 0 3 100 33 0 1 0 3 100
4/4 52 0 1 0 0 100 72 0 1 0 0 100 22 0 1 0 0 100 33 0 1 0 0 100 52 0 1 0 1 100 72 0 1 0 1 100 22 0 1 0 1 100 33 0 1 0 1 100
4/4 61 0 1 0 0 100 62 0 1 0 1 100 12 0 1 0 1 100 22 0 1 0 1 100 53 0 1 0 1 100 62 0 1 0 2 100 12 0 1 0 2 100 22 0 1 0 2 100 53 0 1 0 2 100 71 0 1 0 3 100
4/4 62 0 1 0 0 100 12 0 1 0 0 100 22 0 1 0 0 100 53 0 1 0 0 100 62 0 1 0 1 100 12 0 1 0 1 100 22 0 1 0 1 100 53 0 1 0 1 100 31 0 1 0 2 100 52 0 1 0 3 100 72 0 1 0 3 100 22 0 1 0 3 100 43 0 1 0 3 100
4/4 52 0 1 0 0 100 72 0 1 0 0 100 22 0 1 0 0 100 43 0 1 0 0 100 11 0 1 0 1 100 52 0 1 0 2 100 72 0 1 0 2 100 22 0 1 0 2 100 33 0 1 0 2 100
4/4 61 0 1 0 0 100 62 0 1 0 1 100 12 0 1 0 1 100 22 0 1 0 1 100 53 0 1 0 1 100 62 0 1 0 2 100 12 0 1 0 2 100 22 0 1 0 2 100 53 0 1 0 2 100 62 0 1 0 3 100 12 0 1 0 3 100 22 0 1 0 3 100 53 0 1 0 3 100
4/4 62 0 1 0 0 100 12 0 1 0 0 100 22 0 1 0 0 100 53 0 1 0 0 100 51 0 1 0 2 100 52 0 1 0 3 100 72 0 1 0 3 100 12 0 1 0 3 100 43 0 1 0 3 100
4/4 52 0 1 0 0 100 72 0 1 0 0 100 12 0 1 0 0 100 43 0 1 0 0 100 52 0 1 0 1 100 72 0 1 0 1 100 12 0 1 0 1 100 43 0 1 0 1 100
4/4 61 2 275 0 0 100
4/4 611 0 2 0 2 100
4/4 611 2 75 0 0 100
4/4 61 2 275 0 0 100
4/4 611 0 2 0 2 100
4/4 611 2 75 0 0 100
4/4 61 2 275 0 0 100
4/4 611 0 2 0 2 100
4/4 611 2 75 0 0 100
4/4 61 2 275 0 0 100
4/4 611 0 2 0 2 100
4/4 611 0 4 0 0 100
4/4 611 0 4 0 0 100
4/4 611 3 1333 0 0 100 62 0 1 0 2 100 12 0 1 0 2 100 22 0 1 0 2 100
4/4 62 0 1 0 0 100 12 0 1 0 0 100 22 0 1 0 0 100
4/4
4/4
4/4 61 0 1 0 1 100 12 0 1 0 1 100 22 0 1 0 1 100 33 0 1 0 1 100
