3/4 56 2 275 0 0 100
3/4 46 0 2 0 0 99 36 0 1 0 2 105
3/4 25 0 2 0 0 108 75 0 1 0 2 100
3/4 75 2 275 0 0 108
3/4 56 2 275 0 0 103
3/4 46 0 2 0 0 93 36 2 75 0 2 107 25 0 1 2 275 91 36 0 1 2 275 100
3/4 25 0 2 0 0 103 75 0 1 0 2 107
3/4 75 2 275 0 0 108
3/4 56 2 275 0 0 95
3/4 46 2 275 0 0 94
3/4 76 0 2 0 0 100 56 0 1 0 2 100
3/4 36 2 275 0 0 103
3/4 74 0 1 0 0 103 75 0 1 0 0 101
3/4 74 0 1 0 0 106 75 0 1 0 0 99 14 0 1 0 2 103 15 0 1 0 2 92
3/4 24 0 1 0 0 108 25 0 1 0 0 105
3/4 24 0 1 0 0 97 25 0 1 0 0 100
3/4 75 0 1 0 0 105 25 0 1 0 0 97 56 0 1 0 0 90
3/4 45 0 1 0 0 104 46 0 1 0 0 110 35 0 1 0 2 95 55 0 1 0 2 103 36 0 1 0 2 110
3/4 45 0 1 0 0 95 75 0 1 0 0 90 25 0 1 0 0 102 74 0 1 0 2 91 75 0 1 0 2 90
3/4 74 0 1 0 0 108 75 0 1 0 0 108
3/4 75 0 1 0 0 101 25 0 1 0 0 93 56 0 1 0 0 97
3/4 45 0 1 0 0 96 75 0 1 0 0 98 46 0 1 0 0 94 55 0 1 0 2 105 36 0 1 0 2 93
3/4 24 0 1 0 0 105 55 0 1 0 0 92 25 0 1 0 0 92 74 0 1 0 2 109 75 0 1 0 2 102
3/4 74 0 1 0 0 93 75 0 1 0 0 93 75 0 1 0 1 93 76 0 1 0 1 91
3/4 75 0 1 0 0 108 25 0 1 0 0 108 56 0 1 0 0 96
3/4 45 0 1 0 0 103 75 0 1 0 0 98 46 0 1 0 0 100 35 0 1 0 2 91 55 0 1 0 2 99 36 0 1 0 2 91
3/4 24 0 1 0 0 110 55 0 1 0 0 91 75 0 1 0 0 95 25 0 1 0 0 106
3/4 74 0 1 0 0 99 35 0 1 0 0 105 45 0 1 0 0 107 75 0 1 0 0 92
3/4 14 0 1 0 0 105 24 0 1 0 0 104 55 0 1 0 0 102
3/4 55 0 1 0 0 110 14 0 1 0 1 107 15 0 1 0 1 107 55 0 1 0 2 94 56 0 1 0 2 105
3/4 45 0 1 0 0 90 46 0 1 0 0 97
3/4 45 0 1 0 0 108 46 0 1 0 0 101
3/4 53 0 1 0 0 92 13 0 1 0 1 96 54 0 1 0 2 102
3/4 53 0 1 0 0 96 13 0 1 0 0 108 23 0 1 0 0 109 54 0 1 0 0 92
3/4 53 0 1 0 0 94 13 0 1 0 1 97 54 0 1 0 2 99
3/4 53 0 1 0 0 99 13 0 1 0 0 90 23 0 1 0 0 106 54 0 1 0 0 101
3/4 53 0 1 0 0 98 13 0 1 0 0 105 34 0 1 0 0 106 54 0 1 0 0 101 14 0 1 0 1 96 74 0 1 0 2 95
3/4 54 0 2 0 0 93 44 0 1 0 2 110
3/4 53 0 1 0 0 99 13 0 1 0 0 110 23 0 1 0 0 108 314 0 1 0 0 97 54 0 1 0 0 104 54 0 1 0 1 97 14 0 1 0 1 97 24 0 1 0 1 94 55 0 1 0 1 105 55 0 1 0 2 92 15 0 1 0 2 93 25 0 1 0 2 109 56 0 1 0 2 105
3/4 56 0 1 0 0 92 16 0 1 0 0 94 26 0 1 0 0 103 317 0 1 0 0 108 57 0 1 0 0 96
3/4 54 0 1 0 0 90 14 0 1 0 1 102 55 0 1 0 2 108
3/4 54 0 1 0 0 99 14 0 1 0 0 102 24 0 1 0 0 98 55 0 1 0 0 98
3/4 54 0 1 0 0 104 14 0 1 0 1 106 55 0 1 0 2 96
3/4 54 0 1 0 0 101 14 0 1 0 0 101 24 0 1 0 0 105 55 0 1 0 0 92
3/4 54 0 1 0 0 94 14 0 1 0 0 106 35 0 1 0 0 101 55 0 1 0 0 90 15 0 1 0 1 101 75 0 1 0 2 110
3/4 55 0 2 0 0 91 45 0 1 0 2 100
3/4 54 0 1 0 0 105 14 0 1 0 0 109 24 0 1 0 0 104 315 0 1 0 0 104 55 0 1 0 0 107 13 0 1 0 1 106 23 0 1 0 2 107
3/4 24 0 1 0 0 95 55 0 1 0 0 98 15 0 1 0 0 108 25 0 1 0 0 110 56 0 1 0 0 92
3/4 24 0 1 0 0 94 55 0 1 0 0 90 15 0 1 0 0 109 25 0 1 0 0 95 56 0 1 0 0 92
3/4 24 0 1 0 0 96 55 0 1 0 0 109 15 0 1 0 0 104 25 0 1 0 0 97 56 0 1 0 0 91
3/4 55 2 275 0 0 103
3/4 45 0 2 0 0 103 35 0 1 0 2 108
3/4 24 0 2 0 0 90 74 0 1 0 2 90
3/4 74 2 275 0 0 109
3/4
3/4 54 2 275 0 0 96
3/4 44 0 2 0 0 108 34 0 1 0 2 101
3/4 23 0 2 0 0 103 73 0 1 0 2 103
3/4 73 2 275 0 0 110
4/4 61 0 1 0 0 95 63 0 1 0 1 92 13 0 1 0 1 108 23 0 1 0 1 108 54 0 1 0 1 105 71 0 1 0 3 92
4/4 63 0 1 0 0 107 13 0 1 0 0 91 23 0 1 0 0 107 54 0 1 0 0 110 31 0 1 0 2 107 53 0 1 0 3 101 73 0 1 0 3 93 23 0 1 0 3 91 44 0 1 0 3 109
4/4 53 0 1 0 0 91 73 0 1 0 0 104 23 0 1 0 0 108 44 0 1 0 0 100 53 0 1 0 1 103 73 0 1 0 1 109 23 0 1 0 1 104 44 0 1 0 1 97
4/4 61 0 1 0 0 98 63 0 1 0 1 98 13 0 1 0 1 100 23 0 1 0 1 93 54 0 1 0 1 94 71 0 1 0 3 109
4/4 63 0 1 0 0 96 13 0 1 0 0 109 23 0 1 0 0 105 54 0 1 0 0 99 11 0 1 0 2 92 53 0 1 0 3 90 73 0 1 0 3 100 23 0 1 0 3 101 34 0 1 0 3 91
4/4 53 0 1 0 0 107 73 0 1 0 0 92 23 0 1 0 0 109 34 0 1 0 0 100 53 0 1 0 1 91 73 0 1 0 1 91 23 0 1 0 1 98 34 0 1 0 1 102
4/4 61 0 1 0 0 103 63 0 1 0 1 93 13 0 1 0 1 101 23 0 1 0 1 110 54 0 1 0 1 92 71 0 1 0 3 110
4/4 63 0 1 0 0 92 13 0 1 0 0 107 23 0 1 0 0 105 54 0 1 0 0 107 31 0 1 0 2 103 53 0 1 0 3 99 73 0 1 0 3 102 23 0 1 0 3 94 44 0 1 0 3 93
4/4 53 0 1 0 0 110 73 0 1 0 0 94 23 0 1 0 0 110 44 0 1 0 0 97 11 0 1 0 1 93 53 0 1 0 2 99 73 0 1 0 2 104 23 0 1 0 2 93 34 0 1 0 2 108
4/4 61 0 1 0 0 109 63 0 1 0 1 97 13 0 1 0 1 104 23 0 1 0 1 98 54 0 1 0 1 94 71 0 1 0 3 96
4/4 63 0 1 0 0 97 13 0 1 0 0 107 23 0 1 0 0 106 54 0 1 0 0 109 11 0 1 0 2 104 53 0 1 0 3 100 73 0 1 0 3 95 23 0 1 0 3 91 34 0 1 0 3 106
4/4 53 0 1 0 0 99 73 0 1 0 0 110 23 0 1 0 0 107 34 0 1 0 0 93 53 0 1 0 1 102 73 0 1 0 1 96 23 0 1 0 1 94 34 0 1 0 1 100
4/4 61 0 1 0 0 107 63 0 1 0 1 99 13 0 1 0 1 91 23 0 1 0 1 97 54 0 1 0 1 106 63 0 1 0 2 94 13 0 1 0 2 98 23 0 1 0 2 92 54 0 1 0 2 102 71 0 1 0 3 103
4/4 63 0 1 0 0 107 13 0 1 0 0 94 23 0 1 0 0 104 54 0 1 0 0 106 63 0 1 0 1 91 13 0 1 0 1 110 23 0 1 0 1 107 54 0 1 0 1 91 31 0 1 0 2 92 53 0 1 0 3 104 73 0 1 0 3 104 23 0 1 0 3 98 44 0 1 0 3 100
4/4 53 0 1 0 0 102 73 0 1 0 0 106 23 0 1 0 0 110 44 0 1 0 0 110 53 0 1 0 1 110 73 0 1 0 1 99 23 0 1 0 1 96 44 0 1 0 1 92
4/4 61 0 1 0 0 101 63 0 1 0 1 104 13 0 1 0 1 100 23 0 1 0 1 103 54 0 1 0 1 93 63 0 1 0 2 93 13 0 1 0 2 91 23 0 1 0 2 96 54 0 1 0 2 100 71 0 1 0 3 91
4/4 63 0 1 0 0 106 13 0 1 0 0 107 23 0 1 0 0 95 54 0 1 0 0 95 63 0 1 0 1 103 13 0 1 0 1 109 23 0 1 0 1 100 54 0 1 0 1 106 11 0 1 0 2 96 53 0 1 0 3 100 73 0 1 0 3 99 23 0 1 0 3 96 34 0 1 0 3 97
4/4 53 0 1 0 0 95 73 0 1 0 0 97 23 0 1 0 0 103 34 0 1 0 0 103 53 0 1 0 1 104 73 0 1 0 1 103 23 0 1 0 1 98 34 0 1 0 1 106
4/4 61 0 1 0 0 104 63 0 1 0 1 102 13 0 1 0 1 110 23 0 1 0 1 94 54 0 1 0 1 110 63 0 1 0 2 95 13 0 1 0 2 108 23 0 1 0 2 94 54 0 1 0 2 97 71 0 1 0 3 98
4/4 63 0 1 0 0 109 13 0 1 0 0 100 23 0 1 0 0 91 54 0 1 0 0 106 63 0 1 0 1 107 13 0 1 0 1 90 23 0 1 0 1 97 54 0 1 0 1 97 31 0 1 0 2 108 53 0 1 0 3 106 73 0 1 0 3 95 23 0 1 0 3 101 44 0 1 0 3 109
4/4 53 0 1 0 0 102 73 0 1 0 0 91 23 0 1 0 0 95 44 0 1 0 0 100 11 0 1 0 1 107 53 0 1 0 2 100 73 0 1 0 2 107 23 0 1 0 2 109 34 0 1 0 2 95
4/4 61 0 1 0 0 110 63 0 1 0 1 93 13 0 1 0 1 104 23 0 1 0 1 110 54 0 1 0 1 93 63 0 1 0 2 95 13 0 1 0 2 94 23 0 1 0 2 96 54 0 1 0 2 92 63 0 1 0 3 96 13 0 1 0 3 105 23 0 1 0 3 108 54 0 1 0 3 95
4/4 63 0 1 0 0 109 13 0 1 0 0 109 23 0 1 0 0 92 54 0 1 0 0 103 51 0 1 0 2 90 53 0 1 0 3 108 73 0 1 0 3 92 13 0 1 0 3 104 44 0 1 0 3 98
4/4 53 0 1 0 0 104 73 0 1 0 0 93 13 0 1 0 0 102 44 0 1 0 0 104 53 0 1 0 1 107 73 0 1 0 1 103 13 0 1 0 1 91 44 0 1 0 1 102
4/4 61 2 275 0 0 90
4/4 611 0 2 0 2 110
4/4 611 2 75 0 0 106
4/4 61 2 275 0 0 93
4/4 611 0 2 0 2 98
4/4 611 2 75 0 0 96
4/4 61 2 275 0 0 95
4/4 611 0 2 0 2 91
4/4 611 2 75 0 0 103
4/4 61 2 275 0 0 100
4/4 611 0 2 0 2 95
4/4 611 0 4 0 0 98
4/4 611 0 4 0 0 96
4/4 611 3 1333 0 0 106 63 0 1 0 2 110 13 0 1 0 2 110 23 0 1 0 2 105
4/4 63 0 1 0 0 107 13 0 1 0 0 98 23 0 1 0 0 100
4/4
4/4
4/4 62 0 1 0 1 106 13 0 1 0 1 108 23 0 1 0 1 90 34 0 1 0 1 110
