4/4 54 1 5 0 0 91 14 1 5 1 5 103 74 1 5 0 1 110 44 1 5 1 15 109 54 1 5 0 2 98 74 1 5 1 25 97 23 1 5 0 3 105 34 1 5 1 35 103
4/4 13 1 5 0 0 97 44 1 5 1 5 106 54 1 5 0 1 98 74 1 5 1 15 97 14 1 5 0 2 98 54 1 5 1 25 97 74 1 5 0 3 103 44 1 5 1 35 95
4/4 54 1 5 0 0 99 14 1 5 1 5 95 74 1 5 0 1 99 44 1 5 1 15 95 54 1 5 0 2 91 14 1 5 1 25 107 74 1 5 0 3 102 45 1 5 1 35 98
4/4 55 1 5 0 0 104 24 1 5 1 5 99 35 1 5 0 1 101 14 1 5 1 15 93 24 1 5 0 2 92 74 1 5 1 25 90 14 1 5 0 3 90 44 1 5 1 35 107
4/4 54 1 5 0 0 99 14 1 5 1 5 93 74 1 5 0 1 100 44 1 5 1 15 105 54 1 5 0 2 91 23 1 5 1 25 93 34 1 5 0 3 95 73 1 5 1 35 95
4/4 13 1 5 0 0 98 44 1 5 1 5 105 34 1 5 0 1 102 54 1 5 1 15 108 44 1 5 0 2 91 24 1 5 1 25 107 14 1 5 0 3 100 45 1 5 1 35 107
4/4 55 1 5 0 0 103 24 1 5 1 5 110 35 1 5 0 1 101 14 1 5 1 15 99 24 1 5 0 2 92 74 1 5 1 25 96 14 1 5 0 3 97 45 1 5 1 35 94
4/4 75 1 5 0 0 110 45 1 5 1 5 103 55 1 5 0 1 93 24 1 5 1 15 92 35 1 5 0 2 108 14 1 5 1 25 104 24 1 5 0 3 91 35 1 5 1 35 91
4/4 55 1 5 0 0 94 15 1 5 1 5 101 75 1 5 0 1 99 45 1 5 1 15 91 55 1 5 0 2 108 75 1 5 1 25 92 24 1 5 0 3 96 35 1 5 1 35 98
4/4 14 1 5 0 0 102 45 1 5 1 5 100 55 1 5 0 1 103 75 1 5 1 15 104 15 1 5 0 2 90 55 1 5 1 25 103 75 1 5 0 3 105 45 1 5 1 35 109
4/4 55 1 5 0 0 110 15 1 5 1 5 104 75 1 5 0 1 98 45 1 5 1 15 94 55 1 5 0 2 91 15 1 5 1 25 94 75 1 5 0 3 91 46 1 5 1 35 107
4/4 56 1 5 0 0 109 25 1 5 1 5 97 36 1 5 0 1 107 15 1 5 1 15 94 25 1 5 0 2 106 75 1 5 1 25 93 15 1 5 0 3 101 45 1 5 1 35 108
4/4 55 1 5 0 0 94 15 1 5 1 5 93 75 1 5 0 1 108 45 1 5 1 15 101 55 1 5 0 2 96 24 1 5 1 25 94 35 1 5 0 3 91 74 1 5 1 35 106
4/4 14 1 5 0 0 99 45 1 5 1 5 99 35 1 5 0 1 91 55 1 5 1 15 104 45 1 5 0 2 94 25 1 5 1 25 98 15 1 5 0 3 102 46 1 5 1 35 106
4/4 56 1 5 0 0 109 25 1 5 1 5 91 36 1 5 0 1 104 15 1 5 1 15 90 25 1 5 0 2 110 75 1 5 1 25 100 15 1 5 0 3 104 46 1 5 1 35 91
4/4 76 1 5 0 0 99 46 1 5 1 5 91 56 1 5 0 1 90 25 1 5 1 15 104 36 1 5 0 2 108 15 1 5 1 25 105 25 1 5 0 3 102 36 1 5 1 35 97
4/4 54 1 5 0 0 97 14 1 5 1 5 93 74 1 5 0 1 105 44 1 5 1 15 104 54 1 5 0 2 107 74 1 5 1 25 95 23 1 5 0 3 92 34 1 5 1 35 107
4/4 13 1 5 0 0 107 44 1 5 1 5 94 54 1 5 0 1 101 74 1 5 1 15 94 14 1 5 0 2 99 54 1 5 1 25 100 74 1 5 0 3 90 44 1 5 1 35 105
4/4 54 1 5 0 0 104 14 1 5 1 5 102 74 1 5 0 1 103 44 1 5 1 15 94 54 1 5 0 2 91 14 1 5 1 25 104 74 1 5 0 3 107 45 1 5 1 35 104
4/4 55 1 5 0 0 103 24 1 5 1 5 106 35 1 5 0 1 106 14 1 5 1 15 108 24 1 5 0 2 93 74 1 5 1 25 103 14 1 5 0 3 105 44 1 5 1 35 108
4/4 54 1 5 0 0 99 14 1 5 1 5 96 74 1 5 0 1 109 44 1 5 1 15 91 54 1 5 0 2 101 23 1 5 1 25 100 34 1 5 0 3 103 73 1 5 1 35 106
4/4 13 1 5 0 0 95 44 1 5 1 5 103 34 1 5 0 1 100 54 1 5 1 15 100 44 1 5 0 2 96 24 1 5 1 25 95 14 1 5 0 3 99 45 1 5 1 35 108
4/4 55 1 5 0 0 90 24 1 5 1 5 95 35 1 5 0 1 105 14 1 5 1 15 95 24 1 5 0 2 91 74 1 5 1 25 101 14 1 5 0 3 100 45 1 5 1 35 98
4/4 75 1 5 0 0 106 45 1 5 1 5 100 55 1 5 0 1 98 24 1 5 1 15 97 35 1 5 0 2 96 14 1 5 1 25 97 24 1 5 0 3 97 35 1 5 1 35 110
4/4 55 1 5 0 0 90 15 1 5 1 5 100 75 1 5 0 1 90 45 1 5 1 15 90 55 1 5 0 2 108 75 1 5 1 25 100 24 1 5 0 3 96 35 1 5 1 35 101
4/4 14 1 5 0 0 100 45 1 5 1 5 92 55 1 5 0 1 91 75 1 5 1 15 97 15 1 5 0 2 106 55 1 5 1 25 104 75 1 5 0 3 108 45 1 5 1 35 95
4/4 55 1 5 0 0 108 15 1 5 1 5 109 75 1 5 0 1 90 45 1 5 1 15 102 55 1 5 0 2 101 15 1 5 1 25 103 75 1 5 0 3 104 46 1 5 1 35 110
4/4 56 1 5 0 0 106 25 1 5 1 5 91 36 1 5 0 1 102 15 1 5 1 15 92 25 1 5 0 2 98 75 1 5 1 25 103 15 1 5 0 3 105 45 1 5 1 35 92
4/4 55 1 5 0 0 104 15 1 5 1 5 93 75 1 5 0 1 109 45 1 5 1 15 110 55 1 5 0 2 91 24 1 5 1 25 110 35 1 5 0 3 90 74 1 5 1 35 105
4/4 14 1 5 0 0 99 45 1 5 1 5 90 35 1 5 0 1 102 55 1 5 1 15 109 45 1 5 0 2 104 25 1 5 1 25 110 15 1 5 0 3 93 46 1 5 1 35 101
4/4 56 1 5 0 0 92 25 1 5 1 5 90 36 1 5 0 1 105 15 1 5 1 15 110 25 1 5 0 2 110 75 1 5 1 25 90 15 1 5 0 3 105 46 1 5 1 35 109
4/4 76 1 5 0 0 102 46 1 5 1 5 103 56 1 5 0 1 110 25 1 5 1 15 110 36 1 5 0 2 109 15 1 5 1 25 91 25 1 5 0 3 97 36 1 5 1 35 93
4/4 54 1 5 0 0 103 14 1 5 1 5 96 74 1 5 0 1 105 44 1 5 1 15 91 54 1 5 0 2 95 74 1 5 1 25 95 23 1 5 0 3 103 34 1 5 1 35 108
4/4 13 1 5 0 0 94 44 1 5 1 5 105 54 1 5 0 1 98 74 1 5 1 15 109 14 1 5 0 2 93 54 1 5 1 25 104 74 1 5 0 3 106 44 1 5 1 35 90
4/4 54 1 5 0 0 95 14 1 5 1 5 106 74 1 5 0 1 98 44 1 5 1 15 92 54 1 5 0 2 100 14 1 5 1 25 107 74 1 5 0 3 90 45 1 5 1 35 110
4/4 55 1 5 0 0 92 24 1 5 1 5 95 35 1 5 0 1 92 14 1 5 1 15 95 24 1 5 0 2 93 74 1 5 1 25 103 14 1 5 0 3 105 44 1 5 1 35 107
4/4 54 1 5 0 0 106 14 1 5 1 5 100 74 1 5 0 1 97 44 1 5 1 15 108 54 1 5 0 2 96 23 1 5 1 25 96 34 1 5 0 3 109 73 1 5 1 35 104
4/4 13 1 5 0 0 106 44 1 5 1 5 102 34 1 5 0 1 101 54 1 5 1 15 96 44 1 5 0 2 94 24 1 5 1 25 108 14 1 5 0 3 91 45 1 5 1 35 91
4/4 55 1 5 0 0 100 24 1 5 1 5 92 35 1 5 0 1 94 14 1 5 1 15 97 24 1 5 0 2 92 74 1 5 1 25 102 14 1 5 0 3 97 45 1 5 1 35 95
4/4 75 1 5 0 0 108 45 1 5 1 5 102 55 1 5 0 1 105 24 1 5 1 15 100 35 1 5 0 2 100 14 1 5 1 25 101 24 1 5 0 3 103 45 1 5 1 35 101
4/4 52 0 1 0 0 95 72 0 1 0 0 107 21 0 1 0 0 94 52 0 1 0 2 110 72 0 1 0 2 101 21 0 1 0 2 92
4/4 52 0 1 0 0 100 72 0 1 0 0 106 21 0 1 0 0 93 52 0 1 0 2 90 72 0 1 0 2 108 21 0 1 0 2 110
4/4 62 0 1 0 0 92 22 0 1 0 0 109 52 0 1 0 0 94 62 0 1 0 2 100 22 0 1 0 2 92 52 0 1 0 2 106
4/4 62 0 1 0 0 104 22 0 1 0 0 107 52 0 1 0 0 90 62 0 1 0 2 107 22 0 1 0 2 101 52 0 1 0 2 96
4/4 52 0 1 0 0 93 72 0 1 0 0 109 21 0 1 0 0 98 52 0 1 0 2 101 72 0 1 0 2 97 21 0 1 0 2 103
4/4 52 0 1 0 0 108 72 0 1 0 0 106 21 0 1 0 0 93 52 0 1 0 2 90 72 0 1 0 2 102 21 0 1 0 2 102
4/4 62 0 1 0 0 100 22 0 1 0 0 93 52 0 1 0 0 104 62 0 1 0 2 101 22 0 1 0 2 107 52 0 1 0 2 104
4/4 62 0 1 0 0 98 22 0 1 0 0 90 52 0 1 0 0 108 62 0 1 0 2 99 22 0 1 0 2 94 52 0 1 0 2 102
4/4 53 0 1 0 0 102 73 0 1 0 0 93 22 0 1 0 0 93 53 0 1 0 2 106 73 0 1 0 2 110 22 0 1 0 2 96
4/4 53 0 1 0 0 107 73 0 1 0 0 102 22 0 1 0 0 108 53 0 1 0 2 105 73 0 1 0 2 106 22 0 1 0 2 108
4/4 63 0 1 0 0 94 23 0 1 0 0 98 53 0 1 0 0 108 63 0 1 0 2 91 23 0 1 0 2 93 53 0 1 0 2 110
4/4 63 0 1 0 0 101 23 0 1 0 0 101 53 0 1 0 0 91 63 0 1 0 2 108 23 0 1 0 2 102 53 0 1 0 2 94
4/4 53 0 1 0 0 90 73 0 1 0 0 91 22 0 1 0 0 95 53 0 1 0 2 103 73 0 1 0 2 102 22 0 1 0 2 94
4/4 53 0 1 0 0 96 73 0 1 0 0 96 22 0 1 0 0 103 53 0 1 0 2 108 73 0 1 0 2 99 22 0 1 0 2 94
4/4 63 0 1 0 0 106 23 0 1 0 0 106 53 0 1 0 0 110 63 0 1 0 2 99 23 0 1 0 2 107 53 0 1 0 2 103
4/4 63 0 1 0 0 103 23 0 1 0 0 109 53 0 1 0 0 99 63 0 1 0 2 104 23 0 1 0 2 108 53 0 1 0 2 94
4/4 52 0 1 0 0 102 72 0 1 0 0 104 21 0 1 0 0 92 52 0 1 0 2 108 72 0 1 0 2 93 21 0 1 0 2 102
4/4 52 0 1 0 0 91 72 0 1 0 0 109 21 0 1 0 0 109 52 0 1 0 2 109 72 0 1 0 2 103 21 0 1 0 2 105
4/4 62 0 1 0 0 101 22 0 1 0 0 94 52 0 1 0 0 97 62 0 1 0 2 102 22 0 1 0 2 91 52 0 1 0 2 101
4/4 62 0 1 0 0 96 22 0 1 0 0 95 52 0 1 0 0 107 62 0 1 0 2 95 22 0 1 0 2 97 52 0 1 0 2 108
4/4 52 0 1 0 0 96 72 0 1 0 0 99 21 0 1 0 0 110 52 0 1 0 2 100 72 0 1 0 2 103 21 0 1 0 2 109
4/4 52 0 1 0 0 108 72 0 1 0 0 110 21 0 1 0 0 108 52 0 1 0 2 98 72 0 1 0 2 103 21 0 1 0 2 95
4/4 62 0 1 0 0 90 22 0 1 0 0 108 52 0 1 0 0 93 62 0 1 0 2 99 22 0 1 0 2 107 52 0 1 0 2 98
4/4 62 0 1 0 0 95 22 0 1 0 0 91 52 0 1 0 0 106 62 0 1 0 2 106 22 0 1 0 2 107 52 0 1 0 2 98
4/4 53 0 1 0 0 107 73 0 1 0 0 105 22 0 1 0 0 99 53 0 1 0 2 95 73 0 1 0 2 92 22 0 1 0 2 106
4/4 53 0 1 0 0 104 73 0 1 0 0 104 22 0 1 0 0 108 53 0 1 0 2 107 73 0 1 0 2 108 22 0 1 0 2 94
4/4 63 0 1 0 0 108 23 0 1 0 0 106 53 0 1 0 0 92 63 0 1 0 2 108 23 0 1 0 2 104 53 0 1 0 2 96
4/4 63 0 1 0 0 110 23 0 1 0 0 106 53 0 1 0 0 106 63 0 1 0 2 104 23 0 1 0 2 98 53 0 1 0 2 110
4/4 53 0 1 0 0 108 73 0 1 0 0 97 22 0 1 0 0 98 53 0 1 0 2 107 73 0 1 0 2 101 22 0 1 0 2 95
4/4 53 0 1 0 0 101 73 0 1 0 0 104 22 0 1 0 0 101 53 0 1 0 2 90 73 0 1 0 2 104 22 0 1 0 2 101
4/4 63 0 1 0 0 104 23 0 1 0 0 96 53 0 1 0 0 92 63 0 1 0 2 106 23 0 1 0 2 108 53 0 1 0 2 92
4/4 63 0 1 0 0 93 23 0 1 0 0 93 53 0 1 0 0 97 63 0 1 0 2 95 23 0 1 0 2 90 53 0 1 0 2 104
4/4 52 0 1 0 0 98 72 0 1 0 0 102 21 0 1 0 0 100 52 0 1 0 2 96 72 0 1 0 2 104 21 0 1 0 2 109
4/4 52 0 1 0 0 105 72 0 1 0 0 105 21 0 1 0 0 109 52 0 1 0 2 96 72 0 1 0 2 110 21 0 1 0 2 90
4/4 62 0 1 0 0 101 22 0 1 0 0 105 52 0 1 0 0 92 62 0 1 0 2 91 22 0 1 0 2 90 52 0 1 0 2 108
4/4 62 0 1 0 0 94 22 0 1 0 0 109 52 0 1 0 0 98 62 0 1 0 2 94 22 0 1 0 2 104 52 0 1 0 2 102
4/4 52 0 1 0 0 98 72 0 1 0 0 95 21 0 1 0 0 109 52 0 1 0 2 110 72 0 1 0 2 109 21 0 1 0 2 109
4/4 52 0 1 0 0 101 72 0 1 0 0 101 21 0 1 0 0 107 52 0 1 0 2 105 72 0 1 0 2 100 21 0 1 0 2 96
4/4 62 0 1 0 0 100 22 0 1 0 0 104 52 0 1 0 0 91 62 0 1 0 2 97 22 0 1 0 2 109 52 0 1 0 2 105
4/4 62 0 1 0 0 101 22 0 1 0 0 105 52 0 1 0 0 108 62 0 1 0 2 92 22 0 1 0 2 101 52 0 1 0 2 99
4/4 31 1 5 0 0 107 31 1 5 0 2 108
4/4 31 1 5 0 0 104 31 1 5 0 2 102
4/4 71 1 5 0 0 96 71 1 5 0 2 92
4/4 71 1 5 0 0 98 71 1 5 0 2 109
4/4 31 1 5 0 0 94 31 1 5 0 2 93
4/4 31 1 5 0 0 109 31 1 5 0 2 108
4/4 71 1 5 0 0 105 71 1 5 0 2 92
4/4 71 1 5 0 0 102 71 1 5 0 2 100
4/4 32 1 5 0 0 91 32 1 5 0 2 106
4/4 32 1 5 0 0 109 32 1 5 0 2 95
4/4 72 1 5 0 0 101 72 1 5 0 2 97
4/4 72 1 5 0 0 110 72 1 5 0 2 108
4/4 32 1 5 0 0 103 32 1 5 0 2 99
4/4 32 1 5 0 0 99 32 1 5 0 2 104
4/4 72 1 5 0 0 99 72 1 5 0 2 100
4/4 72 1 5 0 0 93 72 1 5 0 2 95
4/4 31 1 5 0 0 102 31 1 5 0 2 104
4/4 31 1 5 0 0 106 31 1 5 0 2 92
4/4 71 1 5 0 0 109 71 1 5 0 2 99
4/4 71 1 5 0 0 91 71 1 5 0 2 100
4/4 31 1 5 0 0 108 31 1 5 0 2 92
4/4 31 1 5 0 0 90 31 1 5 0 2 92
4/4 71 1 5 0 0 106 71 1 5 0 2 90
4/4 71 1 5 0 0 92 71 1 5 0 2 96
4/4 32 1 5 0 0 102 32 1 5 0 2 94
4/4 32 1 5 0 0 91 32 1 5 0 2 108
4/4 72 1 5 0 0 109 72 1 5 0 2 99
4/4 72 1 5 0 0 90 72 1 5 0 2 98
4/4 32 1 5 0 0 96 32 1 5 0 2 94
4/4 32 1 5 0 0 90 32 1 5 0 2 98
4/4 72 1 5 0 0 108 72 1 5 0 2 99
4/4 72 1 5 0 0 105 72 1 5 0 2 105
4/4 31 1 5 0 0 99 31 1 5 0 2 91
4/4 31 1 5 0 0 97 31 1 5 0 2 99
4/4 71 1 5 0 0 109 71 1 5 0 2 103
4/4 71 1 5 0 0 99 71 1 5 0 2 110
4/4 31 1 5 0 0 110 31 1 5 0 2 109
4/4 31 1 5 0 0 104 31 1 5 0 2 96
4/4 71 1 5 0 0 106 71 1 5 0 2 104
4/4 71 1 5 0 0 104 71 1 5 0 2 106
