3/4 55 2 275 0 0 103
3/4 45 0 2 0 0 95 35 0 1 0 2 105
3/4 24 0 2 0 0 106 74 0 1 0 2 98
3/4 74 2 275 0 0 108
3/4 55 2 275 0 0 109
3/4 45 0 2 0 0 92 35 2 75 0 2 98 24 0 1 2 275 100 34 0 1 2 275 109
3/4 24 0 2 0 0 110 74 0 1 0 2 101
3/4 74 2 275 0 0 108
3/4 55 2 275 0 0 99
3/4 45 2 275 0 0 103
3/4 75 0 2 0 0 96 55 0 1 0 2 101
3/4 35 2 275 0 0 90
3/4 73 0 1 0 0 108 73 0 1 0 0 110
3/4 73 0 1 0 0 103 73 0 1 0 0 103 13 0 1 0 2 102 13 0 1 0 2 101
3/4 23 0 1 0 0 101 23 0 1 0 0 104
3/4 23 0 1 0 0 101 23 0 1 0 0 97
3/4 74 0 1 0 0 91 24 0 1 0 0 109 54 0 1 0 0 97
3/4 44 0 1 0 0 91 44 0 1 0 0 98 34 0 1 0 2 109 54 0 1 0 2 97 34 0 1 0 2 99
3/4 44 0 1 0 0 93 74 0 1 0 0 90 23 0 1 0 0 94 73 0 1 0 2 106 73 0 1 0 2 97
3/4 73 0 1 0 0 94 73 0 1 0 0 90
3/4 74 0 1 0 0 97 24 0 1 0 0 98 54 0 1 0 0 100
3/4 44 0 1 0 0 90 74 0 1 0 0 97 44 0 1 0 0 93 54 0 1 0 2 102 34 0 1 0 2 104
3/4 23 0 1 0 0 91 54 0 1 0 0 110 23 0 1 0 0 97 73 0 1 0 2 107 73 0 1 0 2 98
3/4 73 0 1 0 0 105 73 0 1 0 0 92 74 0 1 0 1 97 74 0 1 0 1 108
3/4 74 0 1 0 0 104 24 0 1 0 0 106 54 0 1 0 0 95
3/4 44 0 1 0 0 105 74 0 1 0 0 100 44 0 1 0 0 100 34 0 1 0 2 106 54 0 1 0 2 96 34 0 1 0 2 97
3/4 23 0 1 0 0 99 54 0 1 0 0 94 74 0 1 0 0 106 23 0 1 0 0 109
3/4 73 0 1 0 0 95 34 0 1 0 0 96 44 0 1 0 0 90 73 0 1 0 0 103
3/4 13 0 1 0 0 94 23 0 1 0 0 91 53 0 1 0 0 93
3/4 54 0 1 0 0 98 13 0 1 0 1 97 13 0 1 0 1 101 54 0 1 0 2 93 54 0 1 0 2 108
3/4 44 0 1 0 0 105 44 0 1 0 0 106
3/4 44 0 1 0 0 104 44 0 1 0 0 95
3/4 52 0 1 0 0 105 12 0 1 0 1 106 53 0 1 0 2 99
3/4 52 0 1 0 0 100 12 0 1 0 0 108 22 0 1 0 0 91 52 0 1 0 0 100
3/4 52 0 1 0 0 110 12 0 1 0 1 99 53 0 1 0 2 99
3/4 52 0 1 0 0 92 12 0 1 0 0 103 22 0 1 0 0 94 52 0 1 0 0 104
3/4 52 0 1 0 0 96 12 0 1 0 0 96 33 0 1 0 0 101 52 0 1 0 0 91 13 0 1 0 1 97 73 0 1 0 2 99
3/4 53 0 2 0 0 104 43 0 1 0 2 108
3/4 52 0 1 0 0 103 12 0 1 0 0 94 22 0 1 0 0 107 313 0 1 0 0 96 52 0 1 0 0 91 53 0 1 0 1 90 13 0 1 0 1 105 23 0 1 0 1 96 53 0 1 0 1 96 54 0 1 0 2 110 14 0 1 0 2 92 24 0 1 0 2 91 54 0 1 0 2 103
3/4 55 0 1 0 0 101 15 0 1 0 0 107 25 0 1 0 0 107 316 0 1 0 0 96 55 0 1 0 0 107
3/4 53 0 1 0 0 100 13 0 1 0 1 98 54 0 1 0 2 104
3/4 53 0 1 0 0 98 13 0 1 0 0 110 23 0 1 0 0 104 53 0 1 0 0 95
3/4 53 0 1 0 0 98 13 0 1 0 1 104 54 0 1 0 2 99
3/4 53 0 1 0 0 99 13 0 1 0 0 96 23 0 1 0 0 96 53 0 1 0 0 108
3/4 53 0 1 0 0 107 13 0 1 0 0 103 34 0 1 0 0 109 53 0 1 0 0 97 14 0 1 0 1 108 74 0 1 0 2 99
3/4 54 0 2 0 0 103 44 0 1 0 2 94
3/4 53 0 1 0 0 107 13 0 1 0 0 91 23 0 1 0 0 95 314 0 1 0 0 90 53 0 1 0 0 97 12 0 1 0 1 94 22 0 1 0 2 110
3/4 23 0 1 0 0 97 54 0 1 0 0 106 14 0 1 0 0 97 24 0 1 0 0 98 54 0 1 0 0 98
3/4 23 0 1 0 0 93 54 0 1 0 0 94 14 0 1 0 0 90 24 0 1 0 0 103 54 0 1 0 0 102
3/4 23 0 1 0 0 98 54 0 1 0 0 94 14 0 1 0 0 94 24 0 1 0 0 110 54 0 1 0 0 100
3/4 54 2 275 0 0 109
3/4 44 0 2 0 0 94 34 0 1 0 2 92
3/4 23 0 2 0 0 101 73 0 1 0 2 104
3/4 73 2 275 0 0 104
3/4
3/4 53 2 275 0 0 90
3/4 43 0 2 0 0 103 33 0 1 0 2 93
3/4 22 0 2 0 0 108 72 0 1 0 2 106
3/4 72 2 275 0 0 103
4/4 61 0 1 0 0 95 62 0 1 0 1 98 12 0 1 0 1 101 22 0 1 0 1 110 52 0 1 0 1 98 71 0 1 0 3 99
4/4 62 0 1 0 0 109 12 0 1 0 0 95 22 0 1 0 0 91 52 0 1 0 0 90 31 0 1 0 2 96 52 0 1 0 3 95 72 0 1 0 3 104 22 0 1 0 3 99 42 0 1 0 3 91
4/4 52 0 1 0 0 107 72 0 1 0 0 96 22 0 1 0 0 98 42 0 1 0 0 110 52 0 1 0 1 101 72 0 1 0 1 90 22 0 1 0 1 96 42 0 1 0 1 105
4/4 61 0 1 0 0 95 62 0 1 0 1 109 12 0 1 0 1 103 22 0 1 0 1 92 52 0 1 0 1 92 71 0 1 0 3 109
4/4 62 0 1 0 0 102 12 0 1 0 0 97 22 0 1 0 0 94 52 0 1 0 0 99 11 0 1 0 2 100 52 0 1 0 3 93 72 0 1 0 3 104 22 0 1 0 3 106 32 0 1 0 3 104
4/4 52 0 1 0 0 91 72 0 1 0 0 93 22 0 1 0 0 109 32 0 1 0 0 96 52 0 1 0 1 93 72 0 1 0 1 96 22 0 1 0 1 107 32 0 1 0 1 94
4/4 61 0 1 0 0 101 62 0 1 0 1 91 12 0 1 0 1 107 22 0 1 0 1 108 52 0 1 0 1 109 71 0 1 0 3 95
4/4 62 0 1 0 0 95 12 0 1 0 0 94 22 0 1 0 0 102 52 0 1 0 0 92 31 0 1 0 2 106 52 0 1 0 3 98 72 0 1 0 3 93 22 0 1 0 3 110 42 0 1 0 3 98
4/4 52 0 1 0 0 103 72 0 1 0 0 91 22 0 1 0 0 101 42 0 1 0 0 97 11 0 1 0 1 106 52 0 1 0 2 102 72 0 1 0 2 105 22 0 1 0 2 105 32 0 1 0 2 95
4/4 61 0 1 0 0 106 62 0 1 0 1 103 12 0 1 0 1 103 22 0 1 0 1 103 52 0 1 0 1 100 71 0 1 0 3 110
4/4 62 0 1 0 0 110 12 0 1 0 0 95 22 0 1 0 0 97 52 0 1 0 0 106 11 0 1 0 2 90 52 0 1 0 3 101 72 0 1 0 3 100 22 0 1 0 3 95 32 0 1 0 3 95
4/4 52 0 1 0 0 100 72 0 1 0 0 102 22 0 1 0 0 90 32 0 1 0 0 99 52 0 1 0 1 97 72 0 1 0 1 94 22 0 1 0 1 103 32 0 1 0 1 97
4/4 61 0 1 0 0 97 62 0 1 0 1 106 12 0 1 0 1 99 22 0 1 0 1 110 52 0 1 0 1 106 62 0 1 0 2 105 12 0 1 0 2 100 22 0 1 0 2 96 52 0 1 0 2 110 71 0 1 0 3 93
4/4 62 0 1 0 0 97 12 0 1 0 0 92 22 0 1 0 0 93 52 0 1 0 0 104 62 0 1 0 1 91 12 0 1 0 1 104 22 0 1 0 1 97 52 0 1 0 1 94 31 0 1 0 2 97 52 0 1 0 3 91 72 0 1 0 3 108 22 0 1 0 3 103 42 0 1 0 3 103
4/4 52 0 1 0 0 101 72 0 1 0 0 97 22 0 1 0 0 90 42 0 1 0 0 101 52 0 1 0 1 110 72 0 1 0 1 109 22 0 1 0 1 101 42 0 1 0 1 106
4/4 61 0 1 0 0 95 62 0 1 0 1 90 12 0 1 0 1 110 22 0 1 0 1 106 52 0 1 0 1 110 62 0 1 0 2 95 12 0 1 0 2 99 22 0 1 0 2 102 52 0 1 0 2 95 71 0 1 0 3 92
4/4 62 0 1 0 0 103 12 0 1 0 0 103 22 0 1 0 0 94 52 0 1 0 0 99 62 0 1 0 1 95 12 0 1 0 1 93 22 0 1 0 1 108 52 0 1 0 1 90 11 0 1 0 2 96 52 0 1 0 3 110 72 0 1 0 3 93 22 0 1 0 3 101 32 0 1 0 3 106
4/4 52 0 1 0 0 92 72 0 1 0 0 98 22 0 1 0 0 99 32 0 1 0 0 93 52 0 1 0 1 105 72 0 1 0 1 110 22 0 1 0 1 99 32 0 1 0 1 108
4/4 61 0 1 0 0 90 62 0 1 0 1 110 12 0 1 0 1 100 22 0 1 0 1 100 52 0 1 0 1 91 62 0 1 0 2 92 12 0 1 0 2 101 22 0 1 0 2 99 52 0 1 0 2 98 71 0 1 0 3 100
4/4 62 0 1 0 0 102 12 0 1 0 0 108 22 0 1 0 0 103 52 0 1 0 0 96 62 0 1 0 1 92 12 0 1 0 1 97 22 0 1 0 1 100 52 0 1 0 1 106 31 0 1 0 2 110 52 0 1 0 3 90 72 0 1 0 3 105 22 0 1 0 3 95 42 0 1 0 3 97
4/4 52 0 1 0 0 97 72 0 1 0 0 92 22 0 1 0 0 100 42 0 1 0 0 104 11 0 1 0 1 97 52 0 1 0 2 108 72 0 1 0 2 98 22 0 1 0 2 103 32 0 1 0 2 99
4/4 61 0 1 0 0 107 62 0 1 0 1 90 12 0 1 0 1 96 22 0 1 0 1 110 52 0 1 0 1 105 62 0 1 0 2 109 12 0 1 0 2 92 22 0 1 0 2 99 52 0 1 0 2 107 62 0 1 0 3 106 12 0 1 0 3 95 22 0 1 0 3 93 52 0 1 0 3 103
4/4 62 0 1 0 0 94 12 0 1 0 0 93 22 0 1 0 0 90 52 0 1 0 0 96 51 0 1 0 2 91 52 0 1 0 3 105 72 0 1 0 3 90 12 0 1 0 3 107 42 0 1 0 3 95
4/4 52 0 1 0 0 107 72 0 1 0 0 106 12 0 1 0 0 101 42 0 1 0 0 105 52 0 1 0 1 110 72 0 1 0 1 105 12 0 1 0 1 91 42 0 1 0 1 99
4/4 61 2 275 0 0 109
4/4 611 0 2 0 2 107
4/4 611 2 75 0 0 98
4/4 61 2 275 0 0 90
4/4 611 0 2 0 2 107
4/4 611 2 75 0 0 95
4/4 61 2 275 0 0 93
4/4 611 0 2 0 2 98
4/4 611 2 75 0 0 105
4/4 61 2 275 0 0 104
4/4 611 0 2 0 2 90
4/4 611 0 4 0 0 106
4/4 611 0 4 0 0 95
4/4 611 3 1333 0 0 109 62 0 1 0 2 108 12 0 1 0 2 109 21 0 1 0 2 96
4/4 62 0 1 0 0 90 12 0 1 0 0 91 21 0 1 0 0 108
4/4
4/4
4/4 61 0 1 0 1 100 12 0 1 0 1 110 22 0 1 0 1 103 32 0 1 0 1 100
