3/4 74 0 1 0 0 79 35 0 1 0 0 79 523 0 1 0 0 64 65 3 1667 0 0 79 525 1 5 0 2 79 45 0 1 1 25 79 43 0 1 1 25 64
3/4 64 0 1 0 0 79 74 0 1 0 0 79 35 3 1667 0 0 79 313 0 3 0 0 64 224 1 5 0 2 79 714 1 5 1 25 79
3/4 13 0 1 0 0 79 44 0 1 0 0 79 74 0 1 0 0 79 22 0 1 0 0 64 53 0 1 0 0 64
3/4 13 0 1 0 0 79 44 0 1 0 0 79 74 0 1 0 0 79 22 0 1 0 0 64 53 0 1 0 0 64 63 2 75 0 2 79
3/4 44 1 25 0 0 79 221 2 75 0 0 95 62 0 1 0 1 95 222 0 1 0 1 95 43 0 1 0 1 95 62 0 1 0 2 95 222 0 1 0 2 95 43 0 1 0 2 95 63 1 5 1 25 79
3/4 34 1 25 0 0 79 11 2 75 0 0 95 62 0 1 0 1 95 12 0 1 0 1 95 33 0 1 0 1 95 62 0 1 0 2 95 12 0 1 0 2 95 33 0 1 0 2 95 63 1 5 1 25 79
3/4 223 0 3 0 0 79 71 0 1 0 0 95 42 0 1 0 1 95 72 0 1 0 1 64 222 0 1 0 1 64 42 0 1 0 2 95 72 0 1 0 2 64 222 0 1 0 2 64
3/4 223 0 2 0 0 79 61 2 75 0 0 95 223 2 75 0 0 79 13 2 175 0 1 79 42 0 1 0 1 95 62 0 1 0 1 64 12 0 1 0 1 64 42 0 1 0 2 95 62 0 1 0 2 64 12 0 1 0 2 64 63 1 5 1 25 79
3/4 73 0 3 0 0 79 522 2 75 0 0 95 72 0 1 0 1 95 222 0 1 0 1 95 72 0 1 0 2 95 222 0 1 0 2 95
3/4 73 3 2667 0 0 79 42 2 75 0 0 95 73 1 15 0 0 79 72 0 1 0 1 95 222 0 1 0 1 95 73 0 1 0 2 79 72 0 1 0 2 95 222 0 1 0 2 95
3/4 524 1 25 0 0 79 32 2 75 0 0 95 522 0 1 0 1 95 72 0 1 0 1 64 33 0 1 0 1 64 522 0 1 0 2 95 72 0 1 0 2 64 33 0 1 0 2 64 73 1 5 1 25 79
3/4 44 1 25 0 0 79 21 2 75 0 0 95 42 0 1 0 1 95 72 0 1 0 1 64 22 0 1 0 1 64 42 0 1 0 2 95 72 0 1 0 2 64 22 0 1 0 2 64 73 1 5 1 25 79
3/4 34 0 3 0 0 79 221 2 75 0 0 95 522 0 1 0 1 95 72 0 1 0 1 64 33 0 1 0 1 64 522 0 1 0 2 95 72 0 1 0 2 64 33 0 1 0 2 64
3/4 34 1 15 0 0 64 12 0 1 0 0 95 33 0 1 0 0 79 523 0 1 0 0 79 34 0 1 0 0 79 44 0 1 0 1 64 222 0 1 0 1 95 43 0 1 0 1 79 63 0 1 0 1 79 524 0 1 0 2 64 33 0 1 0 2 79 523 0 1 0 2 79 613 0 1 0 2 79
3/4 64 0 3 0 0 79 221 2 75 0 0 95 62 0 1 0 1 95 222 0 1 0 1 95 43 0 1 0 1 79 62 0 1 0 2 95 222 0 1 0 2 95 43 0 1 0 2 79
3/4 64 1 15 0 0 79 711 2 75 0 0 95 64 2 75 0 0 79 524 0 1 0 1 64 62 0 1 0 1 95 712 0 1 0 1 95 33 0 1 0 1 79 44 0 1 0 2 64 62 0 1 0 2 95 712 0 1 0 2 95 33 0 1 0 2 79
3/4 223 0 3 0 0 79 71 2 75 0 0 95 522 0 1 0 1 95 72 0 1 0 1 64 222 0 1 0 1 64 522 0 1 0 2 95 72 0 1 0 2 64 222 0 1 0 2 64
3/4 524 3 333 0 0 79 611 2 75 0 0 95 223 1 15 0 0 79 64 2 25 1 5 79 524 2 25 2 75 79 44 0 1 0 1 79 522 0 1 0 1 95 612 0 1 0 1 64 222 0 1 0 1 64 34 0 1 0 2 79 522 0 1 0 2 95 612 0 1 0 2 64 222 0 1 0 2 64
3/4 44 1 25 0 0 79 61 2 75 0 0 95 63 0 1 0 1 79 42 0 1 0 1 95 62 0 1 0 1 64 222 0 1 0 1 64 223 0 1 0 2 79 42 0 1 0 2 95 62 0 1 0 2 64 222 0 1 0 2 64
3/4 13 0 1 0 0 79 34 0 1 0 0 79 61 0 1 0 0 95 73 0 1 0 1 79 13 0 1 0 1 79 522 0 1 0 1 95 62 0 1 0 1 64 12 0 1 0 1 64 63 0 1 0 2 79 34 0 1 0 2 79 522 0 1 0 2 95 62 0 1 0 2 64 12 0 1 0 2 64
3/4 523 0 1 0 0 79 221 0 1 0 0 95 223 0 3 0 0 79 43 2 175 0 1 79 42 2 75 0 1 95 62 0 1 0 2 64 33 1 5 1 25 79
3/4 43 0 1 0 0 79 223 0 1 0 0 79 222 0 1 0 0 64 62 0 1 0 1 64 63 0 1 0 2 79 42 0 1 0 2 64
3/4 44 1 25 0 0 79 221 2 75 0 0 95 222 0 1 0 1 95 43 0 1 0 1 79 63 0 1 0 1 79 222 0 1 0 2 95 43 0 1 0 2 79 63 0 1 0 2 79 63 1 5 1 25 79
3/4 34 1 25 0 0 79 11 2 75 0 0 95 12 0 1 0 1 95 33 0 1 0 1 79 63 0 1 0 1 79 12 0 1 0 2 95 33 0 1 0 2 79 63 0 1 0 2 79 63 1 5 1 25 79
3/4 223 0 3 0 0 79 71 0 1 0 0 95 72 0 1 0 1 95 222 0 1 0 1 95 43 0 1 0 1 79 72 0 1 0 2 95 222 0 1 0 2 95 43 0 1 0 2 79
3/4 223 0 2 0 0 79 61 0 1 0 0 95 223 0 1 0 0 79 13 2 175 0 1 79 62 0 1 0 1 95 12 0 1 0 1 95 43 0 1 0 1 79 62 0 1 0 2 95 12 0 1 0 2 95 43 0 1 0 2 79 63 1 5 1 25 79
3/4 73 0 3 0 0 79 521 2 75 0 0 95 522 0 1 0 1 95 72 0 1 0 1 64 222 0 1 0 1 64 522 0 1 0 2 95 72 0 1 0 2 64 222 0 1 0 2 64
3/4 73 2 175 0 0 79 41 2 75 0 0 95 73 1 15 0 0 79 522 0 1 0 1 95 72 0 1 0 1 64 222 0 1 0 1 64 613 2 25 1 15 79 73 2 25 2 175 79 13 2 25 0 2 64 522 0 1 0 2 95 72 0 1 0 2 64 222 0 1 0 2 64 23 2 25 2 225 79 34 2 25 1 25 79 44 2 25 2 275 64
3/4 524 1 25 0 0 79 31 2 75 0 0 95 32 0 1 0 1 95 522 0 1 0 1 95 72 0 1 0 1 64 32 0 1 0 2 95 522 0 1 0 2 95 72 0 1 0 2 64 73 1 5 1 25 79
3/4 44 1 25 0 0 79 21 2 75 0 0 95 21 0 1 0 1 95 42 0 1 0 1 95 72 0 1 0 1 64 21 0 1 0 2 95 42 0 1 0 2 95 72 0 1 0 2 64 73 1 5 1 25 79
3/4 34 0 3 0 0 79 221 2 75 0 0 95 32 0 1 0 1 95 522 0 1 0 1 95 72 0 1 0 1 64 32 0 1 0 2 95 522 0 1 0 2 95 72 0 1 0 2 64
3/4 523 0 1 0 0 79 13 0 1 0 0 79 11 0 1 0 0 95 11 0 1 0 0 95 34 1 15 0 0 79 34 2 75 0 0 79 63 0 1 0 1 79 223 0 1 0 1 79 44 0 1 0 1 79 221 0 1 0 1 95 221 0 1 0 1 95 613 0 1 0 2 79 34 0 1 0 2 79 524 0 1 0 2 79 31 0 1 0 2 95 32 0 1 0 2 95
3/4 64 0 3 0 0 79 221 2 75 0 0 95 62 0 1 0 1 95 222 0 1 0 1 95 43 0 1 0 1 79 62 0 1 0 2 95 222 0 1 0 2 95 43 0 1 0 2 79
3/4 64 1 15 0 0 79 711 2 75 0 0 95 64 2 75 0 0 79 524 0 1 0 1 64 62 0 1 0 1 95 712 0 1 0 1 95 33 0 1 0 1 79 64 0 1 0 2 64 62 0 1 0 2 95 712 0 1 0 2 95 33 0 1 0 2 79
3/4 44 0 3 0 0 79 71 2 75 0 0 95 62 0 1 0 1 95 72 0 1 0 1 95 22 0 1 0 1 95 62 0 1 0 2 95 72 0 1 0 2 95 22 0 1 0 2 95
3/4 63 0 1 0 0 79 23 0 1 0 0 79 71 0 1 0 0 95 72 0 1 0 0 64 44 1 15 0 0 79 44 2 75 0 0 79 73 0 1 0 1 79 34 0 1 0 1 79 524 0 1 0 1 79 11 0 1 0 1 95 12 0 1 0 1 64 73 0 1 0 2 79 44 0 1 0 2 79 64 0 1 0 2 79 21 0 1 0 2 95 22 0 1 0 2 64
3/4 74 2 175 0 0 79 32 2 75 0 0 95 72 0 1 0 1 95 33 0 1 0 1 79 523 0 1 0 1 79 74 1 5 1 15 79 524 1 5 0 2 64 72 0 1 0 2 64 33 0 1 0 2 64 523 0 1 0 2 64 34 1 5 1 25 64
3/4 223 0 1 0 0 79 61 0 1 0 0 95 13 0 1 0 1 79 62 0 1 0 1 95 33 0 1 0 1 79 523 0 1 0 1 79 73 3 333 0 2 79 62 0 1 0 2 95 33 0 1 0 2 79 523 0 1 0 2 79 223 1 5 1 25 79
3/4 223 0 3 0 0 79 221 2 75 0 0 95 62 0 1 0 1 95 222 0 1 0 1 95 43 0 1 0 1 79 62 0 1 0 2 95 222 0 1 0 2 95 43 0 1 0 2 79
3/4 223 3 2333 0 0 79 221 2 75 0 0 95 223 0 2 0 0 79 62 0 1 0 1 95 222 0 1 0 1 95 43 0 1 0 1 79 62 0 1 0 2 95 222 0 1 0 2 95 43 0 1 0 2 79 223 1 5 1 25 64
3/4 13 0 1 0 0 79 34 0 1 0 0 79 61 0 1 0 0 95 13 0 1 0 1 79 34 0 1 0 1 79 12 0 1 0 1 95 33 0 1 0 1 79 63 0 1 0 1 79 13 0 1 0 2 79 34 0 1 0 2 79 12 0 1 0 2 64 33 0 1 0 2 64 63 0 1 0 2 64 61 1 5 1 25 95
3/4 13 0 1 0 0 79 34 0 1 0 0 79 611 0 1 0 0 95 34 0 1 0 1 79 524 0 1 0 1 79 12 0 1 0 1 64 33 0 1 0 1 64 523 0 1 0 1 64 12 0 1 0 2 64 33 0 1 0 2 64 523 0 1 0 2 64 223 0 1 1 25 79 44 0 1 1 25 79 611 0 1 1 25 95
3/4 73 0 3 0 0 79 223 0 3 0 0 79 71 2 75 0 0 95 12 0 1 0 1 95 222 0 1 0 1 95 43 0 1 0 1 79 12 0 1 0 2 64 222 0 1 0 2 64 43 0 1 0 2 64 71 1 5 1 25 95
3/4 523 0 1 0 0 79 63 0 1 0 0 79 23 0 1 0 0 79 71 0 1 0 0 95 73 1 15 0 0 79 73 2 75 0 0 79 223 1 15 0 0 79 523 0 1 0 1 79 73 0 1 0 1 79 13 0 1 0 1 79 34 0 1 0 1 79 11 0 1 0 1 95 63 0 1 0 2 79 73 0 1 0 2 79 23 0 1 0 2 79 44 0 1 0 2 79 21 0 1 0 2 95
3/4 34 0 1 0 0 79 524 0 1 0 0 79 32 0 1 0 0 95 34 0 1 0 1 79 524 0 1 0 1 79 72 0 1 0 1 95 33 0 1 0 1 79 523 0 1 0 1 79 34 0 1 0 2 79 524 0 1 0 2 79 72 0 1 0 2 64 33 0 1 0 2 64 523 0 1 0 2 64 32 1 5 1 25 95
3/4 34 0 1 0 0 79 524 0 1 0 0 79 21 0 1 0 0 95 524 0 1 0 1 79 74 0 1 0 1 79 72 0 1 0 1 64 22 0 1 0 1 64 43 0 1 0 1 64 72 0 1 0 2 95 22 0 1 0 2 95 43 0 1 0 2 79 44 0 1 1 25 79 64 0 1 1 25 79 21 0 1 1 25 79
3/4 34 0 1 0 0 79 524 0 1 0 0 79 32 2 75 0 0 95 72 0 1 0 1 95 33 0 1 0 1 79 523 0 1 0 1 79 72 0 1 0 2 64 33 0 1 0 2 64 523 0 1 0 2 64 32 1 5 1 25 95
3/4 34 0 1 0 0 79 524 0 1 0 0 79 11 1 5 0 0 95 34 0 1 0 0 79 524 0 1 0 0 79 32 1 5 1 5 95 223 0 1 0 1 79 44 0 1 0 1 79 522 2 25 0 1 95 612 1 5 1 15 64 13 0 1 0 2 79 34 0 1 0 2 79 12 1 5 0 2 64 33 1 5 1 25 64
3/4 13 0 1 0 0 79 44 0 1 0 0 79 221 1 5 0 0 95 13 0 1 0 0 79 34 0 1 0 0 79 42 1 5 1 5 95 62 1 5 0 1 95 12 1 5 1 15 95 222 1 5 0 2 95 43 1 5 1 25 79
3/4 223 0 1 0 0 79 44 0 1 0 0 79 522 2 25 0 0 95 13 0 1 0 0 79 44 0 1 0 0 79 72 1 5 1 5 64 13 0 1 0 1 79 34 0 1 0 1 79 12 1 5 0 1 64 222 1 5 1 15 64 73 0 1 0 2 79 223 0 1 0 2 79 43 1 5 0 2 64 523 1 5 1 25 64
3/4 73 0 1 0 0 79 34 0 1 0 0 79 711 1 5 0 0 95 73 0 1 0 0 79 223 0 1 0 0 79 32 1 5 1 5 95 522 2 25 0 1 95 72 1 5 1 15 95 712 1 5 0 2 95 33 1 5 1 25 79
3/4 713 0 1 0 0 79 34 0 1 0 0 79 41 1 5 0 0 95 73 0 1 0 0 79 34 0 1 0 0 79 42 1 5 1 5 95 73 0 1 0 1 79 223 0 1 0 1 79 62 1 5 0 1 64 712 1 5 1 15 64 63 0 1 0 2 79 713 0 1 0 2 79 33 1 5 0 2 64 43 1 5 1 25 64
3/4 72 0 1 0 0 95 73 0 1 0 0 79 33 0 1 0 0 79 43 0 1 0 0 79 11 0 1 0 0 95 63 0 1 0 0 79 713 0 1 0 0 79
3/4 22 0 1 0 0 95 43 0 1 0 0 79 21 0 1 0 0 95 72 0 1 0 0 95 73 0 1 0 0 79
3/4 22 0 1 0 0 95 43 0 1 0 0 79 21 0 1 0 0 95 72 0 1 0 0 95 73 0 1 0 0 79
