4/4 521 0 1 0 0 79 221 0 1 0 0 79 613 0 1 0 1 79 223 0 1 0 1 79 614 0 1 0 1 79 53 0 1 0 2 79 713 0 1 0 2 79 54 0 1 0 2 79 43 0 1 0 3 79 613 0 1 0 3 79 44 0 1 0 3 79
4/4 12 0 1 0 0 79 63 0 1 0 0 79 34 0 1 0 0 79 41 0 1 0 0 79 11 0 1 0 0 79 12 0 1 0 2 79 33 0 1 0 2 79 63 0 1 0 2 79 13 0 1 0 2 79
4/4 521 0 1 0 0 79 221 0 1 0 0 79 613 0 1 0 1 79 223 0 1 0 1 79 614 0 1 0 1 79 53 0 1 0 2 79 713 0 1 0 2 79 54 0 1 0 2 79 43 0 1 0 3 79 613 0 1 0 3 79 44 0 1 0 3 79
4/4 53 0 1 0 0 79 713 0 1 0 0 79 54 0 1 0 0 79 311 0 1 0 0 79 21 0 1 0 0 79 613 0 1 0 1 79 223 0 1 0 1 79 614 0 1 0 1 79 713 0 1 0 2 79 34 0 1 0 2 79 714 0 1 0 2 79 41 0 1 0 2 79 11 0 1 0 2 79
4/4 713 0 1 0 0 79 34 0 1 0 0 79 714 0 1 0 0 79 41 0 1 0 0 79 11 0 1 0 0 79 33 1 5 1 35 79
4/4 34 0 1 0 0 79 61 0 1 0 0 79 23 0 1 2 75 79 32 0 1 2 75 79 34 2 125 0 1 79 62 1 5 0 1 64 32 1 5 1 15 79 61 3 667 0 2 79 34 2 25 2 225 79 314 2 25 1 25 79 524 0 1 2 275 79 32 0 1 2 275 79 524 2 25 0 3 79 62 1 5 0 3 64 314 2 25 2 325 79 34 0 1 1 35 79 32 0 1 1 35 79 223 2 25 2 375 79
4/4 713 0 1 0 0 79 311 0 1 0 0 79 73 0 1 2 75 79 711 0 1 2 75 79 713 2 125 0 1 79 312 1 5 0 1 79 711 1 5 1 15 79 311 3 667 0 2 79 713 2 25 2 225 79 223 2 25 1 25 79 34 0 1 2 275 79 711 0 1 2 275 79 34 0 1 0 3 79 312 0 1 0 3 79 223 0 1 1 35 79 711 0 1 1 35 79 713 2 25 2 375 79
4/4 73 0 1 0 0 79 521 0 1 0 0 79 713 0 1 2 75 79 221 0 1 2 75 79 223 3 1667 0 1 79 522 1 5 0 1 79 221 1 5 1 15 79 521 1 5 0 2 79 523 0 1 2 275 79 221 0 1 2 275 79 64 0 1 0 3 79 522 0 1 0 3 79 524 2 25 3 3333 79 221 0 1 1 35 79 314 0 1 1 35 79
4/4 34 2 275 0 0 79 711 1 5 0 0 79 521 2 25 2 75 79 523 0 1 0 1 79 713 0 1 0 1 79 711 1 5 0 1 79 521 1 5 1 15 79 53 0 1 0 2 79 73 0 1 0 2 79 31 0 1 0 2 79 71 2 25 2 275 79 32 1 5 0 3 79 53 0 1 1 35 79 51 0 1 1 35 79
4/4 34 0 1 0 0 79 61 0 1 0 0 79 23 0 1 2 75 79 32 0 1 2 75 79 34 2 125 0 1 79 62 1 5 0 1 64 32 1 5 1 15 79 61 3 667 0 2 79 34 2 25 2 225 79 314 2 25 1 25 79 524 0 1 2 275 79 32 0 1 2 275 79 524 2 25 0 3 79 62 1 5 0 3 64 314 2 25 2 325 79 34 0 1 1 35 79 32 0 1 1 35 79 223 2 25 2 375 79
4/4 713 0 1 0 0 79 311 0 1 0 0 79 73 0 1 2 75 79 711 0 1 2 75 79 713 2 125 0 1 79 312 1 5 0 1 79 711 1 5 1 15 79 311 3 667 0 2 79 713 2 25 2 225 79 223 2 25 1 25 79 34 0 1 2 275 79 711 0 1 2 275 79 34 0 1 0 3 79 312 0 1 0 3 79 223 0 1 1 35 79 711 0 1 1 35 79 713 2 25 2 375 79
4/4 73 0 1 0 0 79 521 0 1 0 0 79 713 0 1 2 75 79 221 0 1 2 75 79 223 3 1667 0 1 79 522 1 5 0 1 79 221 1 5 1 15 79 521 1 5 0 2 79 523 0 1 2 275 79 221 0 1 2 275 79 64 0 1 0 3 79 522 0 1 0 3 79 524 2 25 3 3333 79 221 0 1 1 35 79 314 0 1 1 35 79
4/4 34 2 275 0 0 79 711 1 5 0 0 79 521 2 25 2 75 79 523 0 1 0 1 79 713 0 1 0 1 79 711 1 5 0 1 79 521 1 5 1 15 79 53 0 1 0 2 79 73 0 1 0 2 79 31 0 1 0 2 79 71 2 25 2 275 79 32 1 5 0 3 79 53 0 1 1 35 79 51 0 1 1 35 79
4/4 54 0 1 0 0 79 11 0 1 0 0 79 52 2 25 2 75 79 54 2 125 0 1 79 12 1 5 0 1 64 52 1 5 1 15 79 11 3 667 0 2 79 54 2 25 2 225 79 64 2 25 1 25 79 74 0 1 2 275 79 52 0 1 2 275 79 74 2 25 0 3 79 12 1 5 0 3 64 64 2 25 2 325 79 54 0 1 1 35 79 52 0 1 1 35 79 44 2 25 2 375 79
4/4 34 0 1 0 0 79 61 0 1 0 0 79 23 0 1 2 75 79 32 0 1 2 75 79 34 2 125 0 1 79 62 1 5 0 1 64 32 1 5 1 15 79 61 3 667 0 2 79 34 2 25 2 225 79 44 2 25 1 25 79 54 0 1 2 275 79 32 0 1 2 275 79 54 0 1 0 3 79 62 0 1 0 3 64 44 0 1 1 35 79 32 0 1 1 35 79 34 2 25 2 375 79
4/4 23 0 1 0 0 79 71 0 1 0 0 79 34 0 1 2 75 79 42 0 1 2 75 79 44 3 1667 0 1 79 72 1 5 0 1 64 42 1 5 1 15 79 51 1 5 0 2 79 74 0 1 2 275 79 21 0 1 2 275 79 64 0 1 0 3 79 52 0 1 0 3 79 54 2 25 2 325 79 44 0 1 1 35 79 21 0 1 1 35 79 23 2 25 2 375 79
4/4 13 0 1 0 0 79 34 0 1 0 0 79 11 1 5 0 0 79 52 2 25 2 75 79 12 1 5 0 1 64 52 1 5 1 15 79 11 1 5 0 2 79 52 2 25 2 275 79 223 0 1 0 3 79 34 0 1 0 3 79 12 0 1 0 3 64
4/4 223 0 1 0 0 79 34 0 1 0 0 79 12 0 3 0 0 64
4/4 54 0 1 0 0 79 11 0 1 0 0 79 52 2 25 2 75 79 54 2 125 0 1 79 12 1 5 0 1 64 52 1 5 1 15 79 11 3 667 0 2 79 54 2 25 2 225 79 64 2 25 1 25 79 74 0 1 2 275 79 52 0 1 2 275 79 74 2 25 0 3 79 12 1 5 0 3 64 64 2 25 2 325 79 54 0 1 1 35 79 52 0 1 1 35 79 44 2 25 2 375 79
4/4 34 0 1 0 0 79 61 0 1 0 0 79 23 0 1 2 75 79 32 0 1 2 75 79 34 2 125 0 1 79 62 1 5 0 1 64 32 1 5 1 15 79 61 3 667 0 2 79 34 2 25 2 225 79 44 2 25 1 25 79 54 0 1 2 275 79 32 0 1 2 275 79 54 0 1 0 3 79 62 0 1 0 3 64 44 0 1 1 35 79 32 0 1 1 35 79 34 2 25 2 375 79
4/4 23 0 1 0 0 79 71 0 1 0 0 79 34 0 1 2 75 79 42 0 1 2 75 79 44 3 1667 0 1 79 72 1 5 0 1 64 42 1 5 1 15 79 51 1 5 0 2 79 74 0 1 2 275 79 21 0 1 2 275 79 64 0 1 0 3 79 52 0 1 0 3 79 54 2 25 2 325 79 44 0 1 1 35 79 21 0 1 1 35 79 23 2 25 2 375 79
4/4 13 0 1 0 0 79 34 0 1 0 0 79 23 0 1 0 0 64 11 1 5 0 0 79 52 2 25 2 75 79 12 1 5 0 1 64 52 1 5 1 15 79 12 0 1 0 2 79 223 0 1 0 2 79 34 0 1 0 2 79 11 1 5 0 2 79 52 2 25 2 275 79 12 0 1 0 3 64
4/4 12 0 3 0 0 79 223 0 1 0 0 79 34 0 1 0 0 79 12 1 25 0 0 64
4/4 521 0 1 0 0 79 221 0 1 0 0 79 613 0 1 0 1 79 223 0 1 0 1 79 614 0 1 0 1 79 53 0 1 0 2 79 713 0 1 0 2 79 54 0 1 0 2 79 43 0 1 0 3 79 613 0 1 0 3 79 44 0 1 0 3 79
4/4 53 0 1 0 0 79 713 0 1 0 0 79 54 0 1 0 0 79 311 0 1 0 0 79 21 0 1 0 0 79 613 0 1 0 1 79 223 0 1 0 1 79 614 0 1 0 1 79 73 0 2 0 2 79 713 0 1 0 2 79 34 0 1 0 2 79 714 0 1 0 2 79 41 0 1 0 2 79 11 0 1 0 2 79
4/4 73 0 1 0 0 79 713 0 1 0 0 79 34 0 1 0 0 79 714 0 1 0 0 79 41 0 1 0 0 79 11 0 1 0 0 79
