4/4 522 0 1 0 0 83 222 0 1 0 0 75 614 0 1 0 1 75 224 0 1 0 1 69 615 0 1 0 1 85 54 0 1 0 2 83 714 0 1 0 2 71 55 0 1 0 2 76 44 0 1 0 3 86 614 0 1 0 3 80 45 0 1 0 3 85
4/4 13 0 1 0 0 84 64 0 1 0 0 88 35 0 1 0 0 86 42 0 1 0 0 86 12 0 1 0 0 84 13 0 1 0 2 85 34 0 1 0 2 71 64 0 1 0 2 73 14 0 1 0 2 74
4/4 522 0 1 0 0 70 222 0 1 0 0 86 614 0 1 0 1 72 224 0 1 0 1 77 615 0 1 0 1 72 54 0 1 0 2 86 714 0 1 0 2 78 55 0 1 0 2 85 44 0 1 0 3 88 614 0 1 0 3 70 45 0 1 0 3 73
4/4 54 0 1 0 0 78 714 0 1 0 0 76 55 0 1 0 0 89 312 0 1 0 0 71 22 0 1 0 0 88 614 0 1 0 1 86 224 0 1 0 1 73 615 0 1 0 1 88 714 0 1 0 2 88 35 0 1 0 2 70 715 0 1 0 2 85 42 0 1 0 2 89 12 0 1 0 2 81
4/4 714 0 1 0 0 89 35 0 1 0 0 69 715 0 1 0 0 85 42 0 1 0 0 89 12 0 1 0 0 71 34 1 5 1 35 83
4/4 35 0 1 0 0 82 62 0 1 0 0 75 24 0 1 2 75 81 33 0 1 2 75 71 35 2 125 0 1 86 63 1 5 0 1 73 33 1 5 1 15 71 62 3 667 0 2 71 35 2 25 2 225 71 315 2 25 1 25 77 525 0 1 2 275 83 33 0 1 2 275 81 525 2 25 0 3 71 63 1 5 0 3 71 315 2 25 2 325 78 35 0 1 1 35 88 33 0 1 1 35 78 224 2 25 2 375 77
4/4 714 0 1 0 0 86 312 0 1 0 0 71 74 0 1 2 75 86 712 0 1 2 75 71 714 2 125 0 1 71 313 1 5 0 1 83 712 1 5 1 15 71 312 3 667 0 2 76 714 2 25 2 225 75 224 2 25 1 25 71 35 0 1 2 275 77 712 0 1 2 275 83 35 0 1 0 3 81 313 0 1 0 3 71 224 0 1 1 35 83 712 0 1 1 35 70 714 2 25 2 375 87
4/4 74 0 1 0 0 69 522 0 1 0 0 77 714 0 1 2 75 85 222 0 1 2 75 82 224 3 1667 0 1 71 523 1 5 0 1 84 222 1 5 1 15 89 522 1 5 0 2 86 524 0 1 2 275 75 222 0 1 2 275 79 65 0 1 0 3 73 523 0 1 0 3 69 525 2 25 3 3333 87 222 0 1 1 35 76 315 0 1 1 35 89
4/4 35 2 275 0 0 80 711 1 5 0 0 69 522 2 25 2 75 89 524 0 1 0 1 73 714 0 1 0 1 74 712 1 5 0 1 76 522 1 5 1 15 71 54 0 1 0 2 87 74 0 1 0 2 81 32 0 1 0 2 75 72 2 25 2 275 84 33 1 5 0 3 88 54 0 1 1 35 78 52 0 1 1 35 73
4/4 35 0 1 0 0 70 62 0 1 0 0 69 24 0 1 2 75 81 33 0 1 2 75 84 35 2 125 0 1 74 63 1 5 0 1 59 33 1 5 1 15 88 62 3 667 0 2 87 35 2 25 2 225 75 315 2 25 1 25 69 525 0 1 2 275 84 33 0 1 2 275 78 525 2 25 0 3 71 63 1 5 0 3 55 315 2 25 2 325 88 35 0 1 1 35 86 33 0 1 1 35 86 224 2 25 2 375 69
4/4 714 0 1 0 0 69 312 0 1 0 0 77 74 0 1 2 75 72 712 0 1 2 75 85 714 2 125 0 1 78 313 1 5 0 1 86 712 1 5 1 15 75 312 3 667 0 2 85 714 2 25 2 225 80 224 2 25 1 25 80 35 0 1 2 275 72 712 0 1 2 275 78 35 0 1 0 3 71 313 0 1 0 3 83 224 0 1 1 35 76 712 0 1 1 35 82 714 2 25 2 375 71
4/4 74 0 1 0 0 85 522 0 1 0 0 82 714 0 1 2 75 81 222 0 1 2 75 69 224 3 1667 0 1 79 523 1 5 0 1 81 222 1 5 1 15 83 522 1 5 0 2 75 524 0 1 2 275 88 222 0 1 2 275 87 65 0 1 0 3 82 523 0 1 0 3 71 525 2 25 3 3333 72 222 0 1 1 35 74 315 0 1 1 35 75
4/4 35 2 275 0 0 72 711 1 5 0 0 78 522 2 25 2 75 76 524 0 1 0 1 88 714 0 1 0 1 89 712 1 5 0 1 79 522 1 5 1 15 77 54 0 1 0 2 78 74 0 1 0 2 79 32 0 1 0 2 85 72 2 25 2 275 77 33 1 5 0 3 81 54 0 1 1 35 80 52 0 1 1 35 84
4/4 55 0 1 0 0 75 12 0 1 0 0 81 53 2 25 2 75 81 55 2 125 0 1 84 13 1 5 0 1 64 53 1 5 1 15 83 12 3 667 0 2 80 55 2 25 2 225 88 65 2 25 1 25 69 75 0 1 2 275 83 53 0 1 2 275 71 75 2 25 0 3 76 13 1 5 0 3 67 65 2 25 2 325 71 55 0 1 1 35 85 53 0 1 1 35 87 45 2 25 2 375 85
4/4 35 0 1 0 0 89 62 0 1 0 0 82 24 0 1 2 75 73 33 0 1 2 75 83 35 2 125 0 1 76 63 1 5 0 1 74 33 1 5 1 15 69 62 3 667 0 2 79 35 2 25 2 225 85 45 2 25 1 25 83 55 0 1 2 275 74 33 0 1 2 275 77 55 0 1 0 3 84 63 0 1 0 3 55 45 0 1 1 35 69 33 0 1 1 35 82 35 2 25 2 375 76
4/4 24 0 1 0 0 88 72 0 1 0 0 73 35 0 1 2 75 73 43 0 1 2 75 72 45 3 1667 0 1 88 73 1 5 0 1 62 43 1 5 1 15 77 52 1 5 0 2 72 75 0 1 2 275 78 22 0 1 2 275 71 65 0 1 0 3 84 53 0 1 0 3 75 55 2 25 2 325 84 45 0 1 1 35 71 22 0 1 1 35 87 24 2 25 2 375 82
4/4 14 0 1 0 0 84 35 0 1 0 0 71 12 1 5 0 0 83 53 2 25 2 75 89 13 1 5 0 1 60 53 1 5 1 15 79 12 1 5 0 2 75 53 2 25 2 275 81 224 0 1 0 3 81 35 0 1 0 3 84 13 0 1 0 3 73
4/4 224 0 1 0 0 87 35 0 1 0 0 71 13 0 3 0 0 70
4/4 55 0 1 0 0 79 12 0 1 0 0 71 53 2 25 2 75 70 55 2 125 0 1 74 13 1 5 0 1 61 53 1 5 1 15 81 12 3 667 0 2 79 55 2 25 2 225 89 65 2 25 1 25 83 75 0 1 2 275 84 53 0 1 2 275 89 75 2 25 0 3 80 13 1 5 0 3 59 65 2 25 2 325 80 55 0 1 1 35 70 53 0 1 1 35 76 45 2 25 2 375 84
4/4 35 0 1 0 0 88 62 0 1 0 0 80 24 0 1 2 75 89 33 0 1 2 75 77 35 2 125 0 1 85 63 1 5 0 1 65 33 1 5 1 15 73 62 3 667 0 2 76 35 2 25 2 225 79 45 2 25 1 25 86 55 0 1 2 275 77 33 0 1 2 275 78 55 0 1 0 3 86 63 0 1 0 3 56 45 0 1 1 35 84 33 0 1 1 35 84 35 2 25 2 375 78
4/4 24 0 1 0 0 81 72 0 1 0 0 73 35 0 1 2 75 80 43 0 1 2 75 83 45 3 1667 0 1 86 73 1 5 0 1 71 43 1 5 1 15 86 52 1 5 0 2 89 75 0 1 2 275 89 22 0 1 2 275 82 65 0 1 0 3 84 53 0 1 0 3 88 55 2 25 2 325 80 45 0 1 1 35 76 22 0 1 1 35 80 24 2 25 2 375 86
4/4 14 0 1 0 0 74 35 0 1 0 0 71 24 0 1 0 0 55 12 1 5 0 0 86 53 2 25 2 75 83 13 1 5 0 1 74 53 1 5 1 15 86 13 0 1 0 2 85 224 0 1 0 2 77 35 0 1 0 2 88 12 1 5 0 2 72 53 2 25 2 275 73 13 0 1 0 3 61
4/4 13 0 3 0 0 69 224 0 1 0 0 79 35 0 1 0 0 87 13 1 25 0 0 62
4/4 522 0 1 0 0 70 222 0 1 0 0 89 614 0 1 0 1 71 224 0 1 0 1 73 615 0 1 0 1 82 54 0 1 0 2 75 714 0 1 0 2 81 55 0 1 0 2 70 44 0 1 0 3 83 614 0 1 0 3 69 45 0 1 0 3 69
4/4 54 0 1 0 0 85 714 0 1 0 0 74 55 0 1 0 0 83 312 0 1 0 0 88 22 0 1 0 0 69 614 0 1 0 1 86 224 0 1 0 1 70 615 0 1 0 1 83 74 0 2 0 2 79 714 0 1 0 2 72 35 0 1 0 2 79 715 0 1 0 2 82 42 0 1 0 2 86 12 0 1 0 2 87
4/4 74 0 1 0 0 74 714 0 1 0 0 89 35 0 1 0 0 78 715 0 1 0 0 78 42 0 1 0 0 70 12 0 1 0 0 75
