4/4 316 1 5 1 25 79 46 1 5 0 3 79 56 1 5 1 35 79
4/4 75 0 1 0 0 79 25 0 1 0 0 79 616 0 1 0 0 79 73 1 5 0 0 79 44 1 5 1 5 79 14 1 5 0 1 64 616 3 333 1 15 79 24 1 15 1 15 64 616 1 5 0 2 79 76 1 5 1 25 79 56 3 333 0 3 79 44 2 75 0 3 79 46 1 5 1 35 79
4/4 15 0 1 0 0 79 316 0 1 0 0 79 56 0 1 0 0 79 73 1 5 0 0 79 54 1 5 1 5 79 14 1 5 0 1 64 24 1 5 1 15 64 14 0 1 0 2 64 15 1 5 1 25 79 316 3 333 0 3 79 54 2 75 0 3 79 46 1 5 1 35 79
4/4 615 0 1 0 0 79 15 0 1 0 0 79 56 0 1 0 0 79 613 1 5 0 0 79 314 1 5 1 5 79 714 1 5 0 1 64 56 3 333 1 15 79 14 1 25 1 15 64 56 1 5 0 2 79 616 1 5 1 25 79 46 1 5 0 3 79 316 1 5 1 35 79
4/4 45 0 1 0 0 79 25 0 1 0 0 79 23 2 25 0 0 79 614 1 5 1 5 64 316 0 1 0 1 79 315 0 1 0 1 64 46 0 1 1 15 79 24 0 1 1 15 64 75 0 1 0 2 79 56 0 1 0 2 79 74 0 1 0 2 64 316 3 333 0 3 79 13 2 75 0 3 79 25 1 5 1 35 79
4/4 615 0 1 0 0 79 316 0 1 0 0 79 43 1 5 0 0 79 13 1 5 1 5 79 54 2 25 0 1 79 614 0 1 1 15 64 25 0 1 1 25 79 26 0 1 1 25 79 54 0 1 1 25 79 616 0 1 0 3 79 617 0 1 0 3 79 44 0 1 0 3 79 56 0 1 1 35 79 57 0 1 1 35 79 13 0 1 1 35 79
4/4 616 0 1 0 0 79 617 0 1 0 0 79 73 1 5 0 0 79 44 1 5 1 5 79 14 1 5 0 1 64 616 0 1 1 15 79 617 0 1 1 15 79 24 1 15 1 15 64 616 0 1 0 2 79 617 0 1 0 2 79 76 0 1 1 25 79 77 0 1 1 25 79 56 0 1 0 3 79 57 0 1 0 3 79 44 2 75 0 3 79 46 0 1 1 35 79 47 0 1 1 35 79
4/4 56 0 1 0 0 79 57 0 1 0 0 79 73 1 5 0 0 79 54 1 5 1 5 79 14 1 5 0 1 64 24 1 5 1 15 64 14 0 1 0 2 64 15 0 1 1 25 79 16 0 1 1 25 79 316 0 1 0 3 79 317 0 1 0 3 79 54 2 75 0 3 79 46 0 1 1 35 79 47 0 1 1 35 79
4/4 56 0 1 0 0 79 57 0 1 0 0 79 613 1 5 0 0 79 314 1 5 1 5 79 714 1 5 0 1 64 56 0 1 1 15 79 57 0 1 1 15 79 14 1 25 1 15 64 56 0 1 0 2 79 57 0 1 0 2 79 616 0 1 1 25 79 617 0 1 1 25 79 46 0 1 0 3 79 47 0 1 0 3 79 316 0 1 1 35 79 317 0 1 1 35 79
4/4 25 0 1 0 0 79 26 0 1 0 0 79 54 3 1667 0 0 79 74 0 1 0 0 64 24 0 1 0 0 64 316 0 1 0 1 79 317 0 1 0 1 79 46 0 1 1 15 79 47 0 1 1 15 79 56 0 1 0 2 79 57 0 1 0 2 79 614 0 1 0 2 64 14 0 1 0 2 64 315 0 1 0 2 64 316 0 1 0 3 79 317 0 1 0 3 79
4/4 25 0 1 0 0 79 26 0 1 0 0 79 73 1 5 0 0 79 44 1 5 1 5 79 14 1 5 0 1 79 24 2 225 1 15 79
4/4 25 0 4 0 0 79 26 0 4 0 0 79 13 1 5 0 0 79 25 0 1 0 0 79 26 0 1 0 0 79 54 1 5 1 5 79 24 1 5 0 1 79 315 2 225 1 15 79
4/4 25 3 2333 0 0 79 23 3 3333 0 0 79 24 0 4 0 0 64 25 3 333 0 0 79 26 3 2333 0 0 79 526 1 5 1 5 79 616 1 5 0 1 79 26 2 225 1 15 79
