3/4 75 0 1 0 0 76 36 0 1 0 0 79 524 0 1 0 0 63 66 3 1667 0 0 73 526 1 5 0 2 77 46 0 1 1 25 85 44 0 1 1 25 57
3/4 65 0 1 0 0 80 75 0 1 0 0 85 36 3 1667 0 0 81 314 0 3 0 0 67 225 1 5 0 2 84 715 1 5 1 25 83
3/4 14 0 1 0 0 70 45 0 1 0 0 69 75 0 1 0 0 81 23 0 1 0 0 65 54 0 1 0 0 69
3/4 14 0 1 0 0 88 45 0 1 0 0 80 75 0 1 0 0 78 23 0 1 0 0 72 54 0 1 0 0 62 64 2 75 0 2 78
3/4 45 1 25 0 0 86 222 2 75 0 0 87 63 0 1 0 1 94 223 0 1 0 1 102 44 0 1 0 1 91 63 0 1 0 2 95 223 0 1 0 2 86 44 0 1 0 2 85 64 1 5 1 25 74
3/4 35 1 25 0 0 78 12 2 75 0 0 98 63 0 1 0 1 91 13 0 1 0 1 87 34 0 1 0 1 85 63 0 1 0 2 86 13 0 1 0 2 86 34 0 1 0 2 101 64 1 5 1 25 73
3/4 224 0 3 0 0 82 72 0 1 0 0 89 43 0 1 0 1 104 73 0 1 0 1 74 223 0 1 0 1 66 43 0 1 0 2 98 73 0 1 0 2 55 223 0 1 0 2 59
3/4 224 0 2 0 0 74 62 2 75 0 0 101 224 2 75 0 0 76 14 2 175 0 1 77 43 0 1 0 1 103 63 0 1 0 1 65 13 0 1 0 1 56 43 0 1 0 2 101 63 0 1 0 2 71 13 0 1 0 2 54 64 1 5 1 25 74
3/4 74 0 3 0 0 89 523 2 75 0 0 89 73 0 1 0 1 92 223 0 1 0 1 88 73 0 1 0 2 96 223 0 1 0 2 93
3/4 74 3 2667 0 0 80 43 2 75 0 0 90 74 1 15 0 0 86 73 0 1 0 1 95 223 0 1 0 1 85 74 0 1 0 2 80 73 0 1 0 2 93 223 0 1 0 2 105
3/4 525 1 25 0 0 75 33 2 75 0 0 94 523 0 1 0 1 98 73 0 1 0 1 72 34 0 1 0 1 68 523 0 1 0 2 85 73 0 1 0 2 69 34 0 1 0 2 59 74 1 5 1 25 83
3/4 45 1 25 0 0 72 22 2 75 0 0 102 43 0 1 0 1 94 73 0 1 0 1 55 23 0 1 0 1 70 43 0 1 0 2 99 73 0 1 0 2 55 23 0 1 0 2 69 74 1 5 1 25 77
3/4 35 0 3 0 0 86 222 2 75 0 0 85 523 0 1 0 1 102 73 0 1 0 1 60 34 0 1 0 1 67 523 0 1 0 2 103 73 0 1 0 2 62 34 0 1 0 2 71
3/4 35 1 15 0 0 58 13 0 1 0 0 105 34 0 1 0 0 71 524 0 1 0 0 80 35 0 1 0 0 78 45 0 1 0 1 61 223 0 1 0 1 92 44 0 1 0 1 79 64 0 1 0 1 73 525 0 1 0 2 65 34 0 1 0 2 84 524 0 1 0 2 83 614 0 1 0 2 72
3/4 65 0 3 0 0 85 222 2 75 0 0 99 63 0 1 0 1 87 223 0 1 0 1 97 44 0 1 0 1 73 63 0 1 0 2 98 223 0 1 0 2 103 44 0 1 0 2 73
3/4 65 1 15 0 0 83 712 2 75 0 0 97 65 2 75 0 0 79 525 0 1 0 1 57 63 0 1 0 1 97 713 0 1 0 1 91 34 0 1 0 1 74 45 0 1 0 2 68 63 0 1 0 2 102 713 0 1 0 2 102 34 0 1 0 2 72
3/4 224 0 3 0 0 89 72 2 75 0 0 86 523 0 1 0 1 95 73 0 1 0 1 55 223 0 1 0 1 62 523 0 1 0 2 101 73 0 1 0 2 63 223 0 1 0 2 57
3/4 525 3 333 0 0 69 612 2 75 0 0 104 224 1 15 0 0 81 65 2 25 1 5 85 525 2 25 2 75 72 45 0 1 0 1 79 523 0 1 0 1 88 613 0 1 0 1 67 223 0 1 0 1 56 35 0 1 0 2 78 523 0 1 0 2 86 613 0 1 0 2 56 223 0 1 0 2 60
3/4 45 1 25 0 0 82 62 2 75 0 0 90 64 0 1 0 1 76 43 0 1 0 1 105 63 0 1 0 1 54 223 0 1 0 1 58 224 0 1 0 2 79 43 0 1 0 2 85 63 0 1 0 2 62 223 0 1 0 2 58
3/4 14 0 1 0 0 77 35 0 1 0 0 75 62 0 1 0 0 102 74 0 1 0 1 85 14 0 1 0 1 88 523 0 1 0 1 92 63 0 1 0 1 67 13 0 1 0 1 65 64 0 1 0 2 88 35 0 1 0 2 86 523 0 1 0 2 102 63 0 1 0 2 60 13 0 1 0 2 56
3/4 524 0 1 0 0 70 222 0 1 0 0 105 224 0 3 0 0 76 44 2 175 0 1 74 43 2 75 0 1 90 63 0 1 0 2 69 34 1 5 1 25 69
3/4 44 0 1 0 0 71 224 0 1 0 0 83 223 0 1 0 0 65 63 0 1 0 1 73 64 0 1 0 2 73 43 0 1 0 2 65
3/4 45 1 25 0 0 87 222 2 75 0 0 98 223 0 1 0 1 101 44 0 1 0 1 72 64 0 1 0 1 88 223 0 1 0 2 95 44 0 1 0 2 73 64 0 1 0 2 78 64 1 5 1 25 82
3/4 35 1 25 0 0 88 12 2 75 0 0 86 13 0 1 0 1 104 34 0 1 0 1 75 64 0 1 0 1 74 13 0 1 0 2 100 34 0 1 0 2 80 64 0 1 0 2 70 64 1 5 1 25 82
3/4 224 0 3 0 0 76 72 0 1 0 0 94 73 0 1 0 1 100 223 0 1 0 1 103 44 0 1 0 1 79 73 0 1 0 2 94 223 0 1 0 2 87 44 0 1 0 2 75
3/4 224 0 2 0 0 89 62 0 1 0 0 89 224 0 1 0 0 88 14 2 175 0 1 79 63 0 1 0 1 101 13 0 1 0 1 87 44 0 1 0 1 72 63 0 1 0 2 102 13 0 1 0 2 104 44 0 1 0 2 78 64 1 5 1 25 87
3/4 74 0 3 0 0 85 522 2 75 0 0 101 523 0 1 0 1 100 73 0 1 0 1 57 223 0 1 0 1 62 523 0 1 0 2 89 73 0 1 0 2 70 223 0 1 0 2 70
3/4 74 2 175 0 0 71 42 2 75 0 0 104 74 1 15 0 0 77 523 0 1 0 1 104 73 0 1 0 1 58 223 0 1 0 1 54 614 2 25 1 15 83 74 2 25 2 175 82 14 2 25 0 2 60 523 0 1 0 2 88 73 0 1 0 2 70 223 0 1 0 2 63 24 2 25 2 225 69 35 2 25 1 25 82 45 2 25 2 275 69
3/4 525 1 25 0 0 85 32 2 75 0 0 94 33 0 1 0 1 102 523 0 1 0 1 93 73 0 1 0 1 60 33 0 1 0 2 95 523 0 1 0 2 95 73 0 1 0 2 68 74 1 5 1 25 82
3/4 45 1 25 0 0 72 21 2 75 0 0 99 22 0 1 0 1 97 43 0 1 0 1 87 73 0 1 0 1 72 22 0 1 0 2 87 43 0 1 0 2 86 73 0 1 0 2 60 74 1 5 1 25 72
3/4 35 0 3 0 0 71 221 2 75 0 0 96 33 0 1 0 1 103 523 0 1 0 1 95 73 0 1 0 1 70 33 0 1 0 2 91 523 0 1 0 2 99 73 0 1 0 2 59
3/4 524 0 1 0 0 77 14 0 1 0 0 70 11 0 1 0 0 87 12 0 1 0 0 104 35 1 15 0 0 79 35 2 75 0 0 73 64 0 1 0 1 82 224 0 1 0 1 82 45 0 1 0 1 73 221 0 1 0 1 86 222 0 1 0 1 104 614 0 1 0 2 76 35 0 1 0 2 75 525 0 1 0 2 79 32 0 1 0 2 92 33 0 1 0 2 89
3/4 65 0 3 0 0 88 222 2 75 0 0 102 63 0 1 0 1 99 223 0 1 0 1 95 44 0 1 0 1 76 63 0 1 0 2 98 223 0 1 0 2 96 44 0 1 0 2 82
3/4 65 1 15 0 0 70 712 2 75 0 0 103 65 2 75 0 0 83 525 0 1 0 1 65 63 0 1 0 1 97 713 0 1 0 1 87 34 0 1 0 1 83 65 0 1 0 2 71 63 0 1 0 2 99 713 0 1 0 2 100 34 0 1 0 2 70
3/4 45 0 3 0 0 87 72 2 75 0 0 96 63 0 1 0 1 96 73 0 1 0 1 99 23 0 1 0 1 98 63 0 1 0 2 94 73 0 1 0 2 88 23 0 1 0 2 87
3/4 64 0 1 0 0 85 24 0 1 0 0 84 72 0 1 0 0 92 73 0 1 0 0 55 45 1 15 0 0 78 45 2 75 0 0 74 74 0 1 0 1 81 35 0 1 0 1 74 525 0 1 0 1 70 12 0 1 0 1 89 13 0 1 0 1 57 74 0 1 0 2 72 45 0 1 0 2 70 65 0 1 0 2 77 22 0 1 0 2 91 23 0 1 0 2 58
3/4 75 2 175 0 0 72 33 2 75 0 0 100 73 0 1 0 1 92 34 0 1 0 1 82 524 0 1 0 1 79 75 1 5 1 15 79 525 1 5 0 2 71 73 0 1 0 2 72 34 0 1 0 2 67 524 0 1 0 2 67 35 1 5 1 25 67
3/4 224 0 1 0 0 86 62 0 1 0 0 85 14 0 1 0 1 81 63 0 1 0 1 89 34 0 1 0 1 81 524 0 1 0 1 79 74 3 333 0 2 86 63 0 1 0 2 96 34 0 1 0 2 74 524 0 1 0 2 85 224 1 5 1 25 78
3/4 224 0 3 0 0 72 222 2 75 0 0 100 63 0 1 0 1 89 223 0 1 0 1 97 44 0 1 0 1 86 63 0 1 0 2 105 223 0 1 0 2 86 44 0 1 0 2 89
3/4 224 3 2333 0 0 81 222 2 75 0 0 87 224 0 2 0 0 82 63 0 1 0 1 87 223 0 1 0 1 88 44 0 1 0 1 70 63 0 1 0 2 102 223 0 1 0 2 105 44 0 1 0 2 75 224 1 5 1 25 69
3/4 14 0 1 0 0 86 35 0 1 0 0 71 62 0 1 0 0 103 14 0 1 0 1 70 35 0 1 0 1 88 13 0 1 0 1 93 34 0 1 0 1 70 64 0 1 0 1 89 14 0 1 0 2 79 35 0 1 0 2 88 13 0 1 0 2 67 34 0 1 0 2 59 64 0 1 0 2 71 62 1 5 1 25 90
3/4 14 0 1 0 0 87 35 0 1 0 0 88 612 0 1 0 0 88 35 0 1 0 1 80 525 0 1 0 1 87 13 0 1 0 1 60 34 0 1 0 1 67 524 0 1 0 1 71 13 0 1 0 2 71 34 0 1 0 2 69 524 0 1 0 2 74 224 0 1 1 25 71 45 0 1 1 25 84 612 0 1 1 25 94
3/4 74 0 3 0 0 73 224 0 3 0 0 81 72 2 75 0 0 87 13 0 1 0 1 92 223 0 1 0 1 105 44 0 1 0 1 85 13 0 1 0 2 63 223 0 1 0 2 72 44 0 1 0 2 61 72 1 5 1 25 97
3/4 524 0 1 0 0 77 64 0 1 0 0 80 24 0 1 0 0 82 72 0 1 0 0 95 74 1 15 0 0 80 74 2 75 0 0 76 224 1 15 0 0 85 524 0 1 0 1 80 74 0 1 0 1 85 14 0 1 0 1 81 35 0 1 0 1 80 12 0 1 0 1 100 64 0 1 0 2 69 74 0 1 0 2 74 24 0 1 0 2 78 45 0 1 0 2 70 22 0 1 0 2 96
3/4 35 0 1 0 0 87 525 0 1 0 0 83 33 0 1 0 0 85 35 0 1 0 1 71 525 0 1 0 1 83 73 0 1 0 1 101 34 0 1 0 1 87 524 0 1 0 1 85 35 0 1 0 2 86 525 0 1 0 2 84 73 0 1 0 2 62 34 0 1 0 2 66 524 0 1 0 2 61 33 1 5 1 25 97
3/4 35 0 1 0 0 77 525 0 1 0 0 73 22 0 1 0 0 90 525 0 1 0 1 72 75 0 1 0 1 78 73 0 1 0 1 70 23 0 1 0 1 68 44 0 1 0 1 61 73 0 1 0 2 92 23 0 1 0 2 94 44 0 1 0 2 88 45 0 1 1 25 79 65 0 1 1 25 80 22 0 1 1 25 83
3/4 35 0 1 0 0 82 525 0 1 0 0 75 33 2 75 0 0 88 73 0 1 0 1 98 34 0 1 0 1 84 524 0 1 0 1 70 73 0 1 0 2 54 34 0 1 0 2 65 524 0 1 0 2 73 33 1 5 1 25 88
3/4 35 0 1 0 0 88 525 0 1 0 0 76 12 1 5 0 0 91 35 0 1 0 0 76 525 0 1 0 0 80 33 1 5 1 5 89 224 0 1 0 1 78 45 0 1 0 1 86 523 2 25 0 1 89 613 1 5 1 15 59 14 0 1 0 2 72 35 0 1 0 2 82 13 1 5 0 2 66 34 1 5 1 25 73
3/4 14 0 1 0 0 72 45 0 1 0 0 72 222 1 5 0 0 91 14 0 1 0 0 84 35 0 1 0 0 82 43 1 5 1 5 100 63 1 5 0 1 101 13 1 5 1 15 98 223 1 5 0 2 93 44 1 5 1 25 82
3/4 224 0 1 0 0 80 45 0 1 0 0 76 523 2 25 0 0 91 14 0 1 0 0 85 45 0 1 0 0 88 73 1 5 1 5 67 14 0 1 0 1 83 35 0 1 0 1 77 13 1 5 0 1 66 223 1 5 1 15 55 74 0 1 0 2 80 224 0 1 0 2 77 44 1 5 0 2 56 524 1 5 1 25 65
3/4 74 0 1 0 0 69 35 0 1 0 0 81 712 1 5 0 0 96 74 0 1 0 0 74 224 0 1 0 0 73 33 1 5 1 5 104 523 2 25 0 1 103 73 1 5 1 15 90 713 1 5 0 2 89 34 1 5 1 25 78
3/4 714 0 1 0 0 74 35 0 1 0 0 74 42 1 5 0 0 101 74 0 1 0 0 89 35 0 1 0 0 72 43 1 5 1 5 87 74 0 1 0 1 82 224 0 1 0 1 83 63 1 5 0 1 70 713 1 5 1 15 74 64 0 1 0 2 86 714 0 1 0 2 73 34 1 5 0 2 57 44 1 5 1 25 70
3/4 73 0 1 0 0 104 74 0 1 0 0 80 34 0 1 0 0 71 44 0 1 0 0 82 12 0 1 0 0 88 64 0 1 0 0 89 714 0 1 0 0 84
3/4 23 0 1 0 0 99 44 0 1 0 0 70 22 0 1 0 0 87 73 0 1 0 0 96 74 0 1 0 0 82
3/4 23 0 1 0 0 87 44 0 1 0 0 88 22 0 1 0 0 103 73 0 1 0 0 105 74 0 1 0 0 72
