4/4 314 1 5 1 25 79 44 1 5 0 3 79 54 1 5 1 35 79
4/4 73 0 1 0 0 79 23 0 1 0 0 79 614 0 1 0 0 79 71 1 5 0 0 79 42 1 5 1 5 79 12 1 5 0 1 64 614 3 333 1 15 79 22 1 15 1 15 64 614 1 5 0 2 79 74 1 5 1 25 79 54 3 333 0 3 79 42 2 75 0 3 79 44 1 5 1 35 79
4/4 13 0 1 0 0 79 314 0 1 0 0 79 54 0 1 0 0 79 71 1 5 0 0 79 52 1 5 1 5 79 12 1 5 0 1 64 22 1 5 1 15 64 12 0 1 0 2 64 13 1 5 1 25 79 314 3 333 0 3 79 52 2 75 0 3 79 44 1 5 1 35 79
4/4 613 0 1 0 0 79 13 0 1 0 0 79 54 0 1 0 0 79 611 1 5 0 0 79 312 1 5 1 5 79 712 1 5 0 1 64 54 3 333 1 15 79 12 1 25 1 15 64 54 1 5 0 2 79 614 1 5 1 25 79 44 1 5 0 3 79 314 1 5 1 35 79
4/4 43 0 1 0 0 79 23 0 1 0 0 79 21 2 25 0 0 79 612 1 5 1 5 64 314 0 1 0 1 79 313 0 1 0 1 64 44 0 1 1 15 79 22 0 1 1 15 64 73 0 1 0 2 79 54 0 1 0 2 79 72 0 1 0 2 64 314 3 333 0 3 79 11 2 75 0 3 79 23 1 5 1 35 79
4/4 613 0 1 0 0 79 314 0 1 0 0 79 41 1 5 0 0 79 11 1 5 1 5 79 52 2 25 0 1 79 612 0 1 1 15 64 23 0 1 1 25 79 24 0 1 1 25 79 52 0 1 1 25 79 614 0 1 0 3 79 615 0 1 0 3 79 42 0 1 0 3 79 54 0 1 1 35 79 55 0 1 1 35 79 11 0 1 1 35 79
4/4 614 0 1 0 0 79 615 0 1 0 0 79 71 1 5 0 0 79 42 1 5 1 5 79 12 1 5 0 1 64 614 0 1 1 15 79 615 0 1 1 15 79 22 1 15 1 15 64 614 0 1 0 2 79 615 0 1 0 2 79 74 0 1 1 25 79 75 0 1 1 25 79 54 0 1 0 3 79 55 0 1 0 3 79 42 2 75 0 3 79 44 0 1 1 35 79 45 0 1 1 35 79
4/4 54 0 1 0 0 79 55 0 1 0 0 79 71 1 5 0 0 79 52 1 5 1 5 79 12 1 5 0 1 64 22 1 5 1 15 64 12 0 1 0 2 64 13 0 1 1 25 79 14 0 1 1 25 79 314 0 1 0 3 79 315 0 1 0 3 79 52 2 75 0 3 79 44 0 1 1 35 79 45 0 1 1 35 79
4/4 54 0 1 0 0 79 55 0 1 0 0 79 611 1 5 0 0 79 312 1 5 1 5 79 712 1 5 0 1 64 54 0 1 1 15 79 55 0 1 1 15 79 12 1 25 1 15 64 54 0 1 0 2 79 55 0 1 0 2 79 614 0 1 1 25 79 615 0 1 1 25 79 44 0 1 0 3 79 45 0 1 0 3 79 314 0 1 1 35 79 315 0 1 1 35 79
4/4 23 0 1 0 0 79 24 0 1 0 0 79 52 3 1667 0 0 79 72 0 1 0 0 64 22 0 1 0 0 64 314 0 1 0 1 79 315 0 1 0 1 79 44 0 1 1 15 79 45 0 1 1 15 79 54 0 1 0 2 79 55 0 1 0 2 79 612 0 1 0 2 64 12 0 1 0 2 64 313 0 1 0 2 64 314 0 1 0 3 79 315 0 1 0 3 79
4/4 23 0 1 0 0 79 24 0 1 0 0 79 71 1 5 0 0 79 42 1 5 1 5 79 12 1 5 0 1 79 22 2 225 1 15 79
4/4 23 0 4 0 0 79 24 0 4 0 0 79 11 1 5 0 0 79 23 0 1 0 0 79 24 0 1 0 0 79 52 1 5 1 5 79 22 1 5 0 1 79 313 2 225 1 15 79
4/4 23 3 2333 0 0 79 21 3 3333 0 0 79 22 0 4 0 0 64 23 3 333 0 0 79 24 3 2333 0 0 79 524 1 5 1 5 79 614 1 5 0 1 79 24 2 225 1 15 79
