4/4 315 1 5 1 25 83 45 1 5 0 3 74 55 1 5 1 35 89
4/4 74 0 1 0 0 78 24 0 1 0 0 82 615 0 1 0 0 88 72 1 5 0 0 84 43 1 5 1 5 84 13 1 5 0 1 63 615 3 333 1 15 82 23 1 15 1 15 55 615 1 5 0 2 71 75 1 5 1 25 84 55 3 333 0 3 89 43 2 75 0 3 71 45 1 5 1 35 73
4/4 14 0 1 0 0 88 315 0 1 0 0 86 55 0 1 0 0 78 72 1 5 0 0 82 53 1 5 1 5 76 13 1 5 0 1 54 23 1 5 1 15 61 13 0 1 0 2 62 14 1 5 1 25 71 315 3 333 0 3 73 53 2 75 0 3 84 45 1 5 1 35 83
4/4 614 0 1 0 0 86 14 0 1 0 0 73 55 0 1 0 0 77 612 1 5 0 0 76 313 1 5 1 5 83 713 1 5 0 1 69 55 3 333 1 15 87 13 1 25 1 15 54 55 1 5 0 2 82 615 1 5 1 25 83 45 1 5 0 3 82 315 1 5 1 35 86
4/4 44 0 1 0 0 69 24 0 1 0 0 80 22 2 25 0 0 73 613 1 5 1 5 68 315 0 1 0 1 73 314 0 1 0 1 66 45 0 1 1 15 74 23 0 1 1 15 54 74 0 1 0 2 80 55 0 1 0 2 76 73 0 1 0 2 68 315 3 333 0 3 75 12 2 75 0 3 69 24 1 5 1 35 70
4/4 614 0 1 0 0 85 315 0 1 0 0 84 42 1 5 0 0 82 12 1 5 1 5 83 53 2 25 0 1 88 613 0 1 1 15 70 24 0 1 1 25 76 25 0 1 1 25 89 53 0 1 1 25 72 615 0 1 0 3 80 616 0 1 0 3 78 43 0 1 0 3 69 55 0 1 1 35 70 56 0 1 1 35 70 12 0 1 1 35 71
4/4 615 0 1 0 0 69 616 0 1 0 0 70 72 1 5 0 0 71 43 1 5 1 5 87 13 1 5 0 1 66 615 0 1 1 15 69 616 0 1 1 15 85 23 1 15 1 15 55 615 0 1 0 2 79 616 0 1 0 2 88 75 0 1 1 25 73 76 0 1 1 25 79 55 0 1 0 3 78 56 0 1 0 3 76 43 2 75 0 3 75 45 0 1 1 35 69 46 0 1 1 35 78
4/4 55 0 1 0 0 84 56 0 1 0 0 83 72 1 5 0 0 75 53 1 5 1 5 81 13 1 5 0 1 71 23 1 5 1 15 70 13 0 1 0 2 73 14 0 1 1 25 85 15 0 1 1 25 85 315 0 1 0 3 80 316 0 1 0 3 74 53 2 75 0 3 75 45 0 1 1 35 70 46 0 1 1 35 87
4/4 55 0 1 0 0 79 56 0 1 0 0 88 612 1 5 0 0 85 313 1 5 1 5 89 713 1 5 0 1 68 55 0 1 1 15 70 56 0 1 1 15 81 13 1 25 1 15 68 55 0 1 0 2 79 56 0 1 0 2 70 615 0 1 1 25 73 616 0 1 1 25 77 45 0 1 0 3 70 46 0 1 0 3 82 315 0 1 1 35 74 316 0 1 1 35 76
4/4 24 0 1 0 0 80 25 0 1 0 0 85 53 3 1667 0 0 73 73 0 1 0 0 67 23 0 1 0 0 71 315 0 1 0 1 69 316 0 1 0 1 76 45 0 1 1 15 73 46 0 1 1 15 89 55 0 1 0 2 74 56 0 1 0 2 78 613 0 1 0 2 64 13 0 1 0 2 71 314 0 1 0 2 55 315 0 1 0 3 74 316 0 1 0 3 76
4/4 24 0 1 0 0 75 25 0 1 0 0 89 72 1 5 0 0 77 43 1 5 1 5 83 13 1 5 0 1 69 23 2 225 1 15 78
4/4 24 0 4 0 0 79 25 0 4 0 0 87 12 1 5 0 0 73 24 0 1 0 0 83 25 0 1 0 0 79 53 1 5 1 5 84 23 1 5 0 1 79 314 2 225 1 15 69
4/4 24 3 2333 0 0 88 22 3 3333 0 0 78 23 0 4 0 0 71 24 3 333 0 0 85 25 3 2333 0 0 78 525 1 5 1 5 71 615 1 5 0 1 88 25 2 225 1 15 82
