4/4 314 1 5 1 25 84 44 1 5 0 3 84 54 1 5 1 35 84
4/4 73 0 1 0 0 87 23 0 1 0 0 70 613 0 1 0 0 84 71 1 5 0 0 73 42 1 5 1 5 89 12 1 5 0 1 61 614 3 333 1 15 85 22 1 15 1 15 65 614 1 5 0 2 89 74 1 5 1 25 89 54 3 333 0 3 78 42 2 75 0 3 75 44 1 5 1 35 84
4/4 13 0 1 0 0 89 314 0 1 0 0 74 53 0 1 0 0 76 71 1 5 0 0 86 52 1 5 1 5 82 12 1 5 0 1 63 22 1 5 1 15 70 12 0 1 0 2 61 13 1 5 1 25 84 314 3 333 0 3 79 52 2 75 0 3 74 44 1 5 1 35 77
4/4 613 0 1 0 0 69 13 0 1 0 0 71 53 0 1 0 0 85 611 1 5 0 0 81 312 1 5 1 5 88 712 1 5 0 1 66 54 3 333 1 15 84 12 1 25 1 15 68 54 1 5 0 2 82 614 1 5 1 25 77 44 1 5 0 3 69 314 1 5 1 35 80
4/4 43 0 1 0 0 71 22 0 1 0 0 81 21 2 25 0 0 76 612 1 5 1 5 70 314 0 1 0 1 77 312 0 1 0 1 73 44 0 1 1 15 84 21 0 1 1 15 63 73 0 1 0 2 83 54 0 1 0 2 87 71 0 1 0 2 71 314 3 333 0 3 74 11 2 75 0 3 75 23 1 5 1 35 71
4/4 613 0 1 0 0 84 313 0 1 0 0 73 41 1 5 0 0 74 11 1 5 1 5 81 52 2 25 0 1 86 612 0 1 1 15 70 23 0 1 1 25 86 24 0 1 1 25 71 51 0 1 1 25 70 614 0 1 0 3 85 615 0 1 0 3 69 41 0 1 0 3 76 54 0 1 1 35 84 55 0 1 1 35 77 11 0 1 1 35 84
4/4 614 0 1 0 0 70 614 0 1 0 0 85 71 1 5 0 0 79 42 1 5 1 5 69 12 1 5 0 1 70 614 0 1 1 15 80 614 0 1 1 15 82 22 1 15 1 15 64 614 0 1 0 2 84 614 0 1 0 2 76 74 0 1 1 25 82 74 0 1 1 25 73 54 0 1 0 3 72 54 0 1 0 3 85 42 2 75 0 3 82 44 0 1 1 35 74 44 0 1 1 35 71
4/4 54 0 1 0 0 86 54 0 1 0 0 71 71 1 5 0 0 81 52 1 5 1 5 74 12 1 5 0 1 64 22 1 5 1 15 57 12 0 1 0 2 71 13 0 1 1 25 83 13 0 1 1 25 89 314 0 1 0 3 77 314 0 1 0 3 86 52 2 75 0 3 86 44 0 1 1 35 79 44 0 1 1 35 85
4/4 54 0 1 0 0 89 54 0 1 0 0 82 611 1 5 0 0 69 312 1 5 1 5 73 712 1 5 0 1 58 54 0 1 1 15 87 54 0 1 1 15 87 12 1 25 1 15 60 54 0 1 0 2 89 54 0 1 0 2 82 614 0 1 1 25 80 614 0 1 1 25 76 44 0 1 0 3 89 44 0 1 0 3 78 314 0 1 1 35 73 314 0 1 1 35 88
4/4 23 0 1 0 0 80 23 0 1 0 0 69 52 3 1667 0 0 74 72 0 1 0 0 66 21 0 1 0 0 68 314 0 1 0 1 77 314 0 1 0 1 89 44 0 1 1 15 71 44 0 1 1 15 88 54 0 1 0 2 79 54 0 1 0 2 83 612 0 1 0 2 71 12 0 1 0 2 60 312 0 1 0 2 71 314 0 1 0 3 89 314 0 1 0 3 89
4/4 23 0 1 0 0 73 23 0 1 0 0 76 71 1 5 0 0 85 42 1 5 1 5 77 12 1 5 0 1 83 22 2 225 1 15 87
4/4 23 0 4 0 0 75 24 0 4 0 0 88 11 1 5 0 0 75 23 0 1 0 0 77 23 0 1 0 0 74 52 1 5 1 5 85 22 1 5 0 1 69 313 2 225 1 15 77
4/4 23 3 2333 0 0 83 21 3 3333 0 0 87 22 0 4 0 0 63 23 3 333 0 0 85 24 3 2333 0 0 84 524 1 5 1 5 77 614 1 5 0 1 72 24 2 225 1 15 81
