4/4 521 0 1 0 0 76 221 0 1 0 0 88 613 0 1 0 1 74 223 0 1 0 1 76 613 0 1 0 1 80 53 0 1 0 2 72 713 0 1 0 2 82 53 0 1 0 2 85 43 0 1 0 3 82 613 0 1 0 3 79 43 0 1 0 3 76
4/4 12 0 1 0 0 70 63 0 1 0 0 69 33 0 1 0 0 75 41 0 1 0 0 76 11 0 1 0 0 89 12 0 1 0 2 73 33 0 1 0 2 81 63 0 1 0 2 87 12 0 1 0 2 77
4/4 521 0 1 0 0 69 221 0 1 0 0 77 613 0 1 0 1 71 223 0 1 0 1 77 613 0 1 0 1 79 53 0 1 0 2 89 713 0 1 0 2 80 53 0 1 0 2 72 43 0 1 0 3 73 613 0 1 0 3 86 43 0 1 0 3 81
4/4 53 0 1 0 0 81 713 0 1 0 0 88 53 0 1 0 0 85 311 0 1 0 0 83 21 0 1 0 0 83 613 0 1 0 1 77 223 0 1 0 1 73 613 0 1 0 1 89 713 0 1 0 2 84 34 0 1 0 2 71 714 0 1 0 2 77 41 0 1 0 2 79 11 0 1 0 2 80
4/4 713 0 1 0 0 69 34 0 1 0 0 85 714 0 1 0 0 76 41 0 1 0 0 71 11 0 1 0 0 74 33 1 5 1 35 74
4/4 34 0 1 0 0 81 61 0 1 0 0 80 23 0 1 2 75 89 31 0 1 2 75 79 34 2 125 0 1 88 62 1 5 0 1 68 32 1 5 1 15 85 61 3 667 0 2 82 34 2 25 2 225 71 314 2 25 1 25 71 524 0 1 2 275 71 31 0 1 2 275 83 524 2 25 0 3 87 62 1 5 0 3 57 314 2 25 2 325 89 34 0 1 1 35 88 31 0 1 1 35 88 223 2 25 2 375 77
4/4 713 0 1 0 0 85 311 0 1 0 0 88 73 0 1 2 75 72 711 0 1 2 75 89 713 2 125 0 1 84 312 1 5 0 1 74 711 1 5 1 15 89 311 3 667 0 2 83 713 2 25 2 225 69 223 2 25 1 25 74 34 0 1 2 275 73 711 0 1 2 275 81 34 0 1 0 3 89 311 0 1 0 3 87 223 0 1 1 35 70 711 0 1 1 35 72 713 2 25 2 375 69
4/4 73 0 1 0 0 89 521 0 1 0 0 71 713 0 1 2 75 80 221 0 1 2 75 76 223 3 1667 0 1 82 522 1 5 0 1 88 221 1 5 1 15 77 521 1 5 0 2 73 523 0 1 2 275 72 221 0 1 2 275 88 64 0 1 0 3 79 521 0 1 0 3 80 524 2 25 3 3333 78 221 0 1 1 35 69 313 0 1 1 35 87
4/4 34 2 275 0 0 77 711 1 5 0 0 84 521 2 25 2 75 78 523 0 1 0 1 70 712 0 1 0 1 85 711 1 5 0 1 82 521 1 5 1 15 85 53 0 1 0 2 82 73 0 1 0 2 87 31 0 1 0 2 74 71 2 25 2 275 87 32 1 5 0 3 81 53 0 1 1 35 76 51 0 1 1 35 83
4/4 34 0 1 0 0 84 61 0 1 0 0 74 23 0 1 2 75 75 31 0 1 2 75 84 34 2 125 0 1 81 62 1 5 0 1 70 32 1 5 1 15 69 61 3 667 0 2 77 34 2 25 2 225 87 314 2 25 1 25 70 524 0 1 2 275 76 31 0 1 2 275 81 524 2 25 0 3 78 62 1 5 0 3 72 314 2 25 2 325 69 34 0 1 1 35 75 31 0 1 1 35 83 223 2 25 2 375 79
4/4 713 0 1 0 0 82 311 0 1 0 0 82 73 0 1 2 75 80 711 0 1 2 75 74 713 2 125 0 1 76 312 1 5 0 1 87 711 1 5 1 15 87 311 3 667 0 2 74 713 2 25 2 225 82 223 2 25 1 25 72 34 0 1 2 275 73 711 0 1 2 275 76 34 0 1 0 3 89 311 0 1 0 3 71 223 0 1 1 35 82 711 0 1 1 35 88 713 2 25 2 375 70
4/4 73 0 1 0 0 73 521 0 1 0 0 77 713 0 1 2 75 77 221 0 1 2 75 89 223 3 1667 0 1 78 522 1 5 0 1 79 221 1 5 1 15 70 521 1 5 0 2 86 523 0 1 2 275 69 221 0 1 2 275 83 64 0 1 0 3 73 521 0 1 0 3 84 524 2 25 3 3333 81 221 0 1 1 35 78 313 0 1 1 35 82
4/4 34 2 275 0 0 74 711 1 5 0 0 74 521 2 25 2 75 86 523 0 1 0 1 87 712 0 1 0 1 74 711 1 5 0 1 71 521 1 5 1 15 74 53 0 1 0 2 72 73 0 1 0 2 72 31 0 1 0 2 69 71 2 25 2 275 69 32 1 5 0 3 86 53 0 1 1 35 75 51 0 1 1 35 85
4/4 54 0 1 0 0 77 11 0 1 0 0 74 52 2 25 2 75 70 54 2 125 0 1 85 12 1 5 0 1 68 52 1 5 1 15 69 11 3 667 0 2 73 54 2 25 2 225 83 64 2 25 1 25 73 74 0 1 2 275 76 51 0 1 2 275 86 74 2 25 0 3 69 12 1 5 0 3 68 64 2 25 2 325 74 54 0 1 1 35 74 51 0 1 1 35 77 44 2 25 2 375 76
4/4 34 0 1 0 0 86 61 0 1 0 0 84 23 0 1 2 75 87 31 0 1 2 75 73 34 2 125 0 1 89 62 1 5 0 1 61 32 1 5 1 15 77 61 3 667 0 2 82 34 2 25 2 225 83 44 2 25 1 25 76 54 0 1 2 275 69 31 0 1 2 275 79 54 0 1 0 3 89 61 0 1 0 3 72 44 0 1 1 35 80 31 0 1 1 35 89 34 2 25 2 375 78
4/4 23 0 1 0 0 80 71 0 1 0 0 86 34 0 1 2 75 73 41 0 1 2 75 76 44 3 1667 0 1 75 72 1 5 0 1 68 42 1 5 1 15 75 51 1 5 0 2 72 74 0 1 2 275 85 21 0 1 2 275 76 64 0 1 0 3 81 51 0 1 0 3 80 54 2 25 2 325 84 44 0 1 1 35 78 21 0 1 1 35 85 23 2 25 2 375 85
4/4 13 0 1 0 0 86 33 0 1 0 0 69 11 1 5 0 0 85 52 2 25 2 75 84 12 1 5 0 1 70 52 1 5 1 15 89 11 1 5 0 2 74 52 2 25 2 275 81 223 0 1 0 3 89 33 0 1 0 3 80 12 0 1 0 3 65
4/4 223 0 1 0 0 83 33 0 1 0 0 69 12 0 3 0 0 65
4/4 54 0 1 0 0 85 11 0 1 0 0 88 52 2 25 2 75 86 54 2 125 0 1 84 12 1 5 0 1 62 52 1 5 1 15 78 11 3 667 0 2 80 54 2 25 2 225 74 64 2 25 1 25 76 74 0 1 2 275 69 51 0 1 2 275 80 74 2 25 0 3 80 12 1 5 0 3 68 64 2 25 2 325 89 54 0 1 1 35 75 51 0 1 1 35 82 44 2 25 2 375 82
4/4 34 0 1 0 0 75 61 0 1 0 0 80 23 0 1 2 75 89 31 0 1 2 75 75 34 2 125 0 1 81 62 1 5 0 1 59 32 1 5 1 15 86 61 3 667 0 2 82 34 2 25 2 225 75 44 2 25 1 25 74 54 0 1 2 275 73 31 0 1 2 275 82 54 0 1 0 3 82 61 0 1 0 3 69 44 0 1 1 35 72 31 0 1 1 35 70 34 2 25 2 375 85
4/4 23 0 1 0 0 89 71 0 1 0 0 71 34 0 1 2 75 84 41 0 1 2 75 87 44 3 1667 0 1 78 72 1 5 0 1 64 42 1 5 1 15 77 51 1 5 0 2 83 74 0 1 2 275 77 21 0 1 2 275 81 64 0 1 0 3 86 51 0 1 0 3 81 54 2 25 2 325 81 44 0 1 1 35 82 21 0 1 1 35 85 23 2 25 2 375 87
4/4 13 0 1 0 0 87 33 0 1 0 0 73 23 0 1 0 0 60 11 1 5 0 0 76 52 2 25 2 75 88 12 1 5 0 1 67 52 1 5 1 15 80 12 0 1 0 2 79 223 0 1 0 2 79 33 0 1 0 2 74 11 1 5 0 2 89 52 2 25 2 275 72 12 0 1 0 3 56
4/4 12 0 3 0 0 69 223 0 1 0 0 74 33 0 1 0 0 81 12 1 25 0 0 73
4/4 521 0 1 0 0 77 221 0 1 0 0 77 613 0 1 0 1 74 223 0 1 0 1 71 613 0 1 0 1 86 53 0 1 0 2 86 713 0 1 0 2 73 53 0 1 0 2 79 43 0 1 0 3 69 613 0 1 0 3 86 43 0 1 0 3 82
4/4 53 0 1 0 0 73 713 0 1 0 0 83 53 0 1 0 0 79 311 0 1 0 0 85 21 0 1 0 0 88 613 0 1 0 1 72 223 0 1 0 1 82 613 0 1 0 1 82 73 0 2 0 2 83 713 0 1 0 2 80 34 0 1 0 2 75 714 0 1 0 2 69 41 0 1 0 2 76 11 0 1 0 2 77
4/4 73 0 1 0 0 84 713 0 1 0 0 82 34 0 1 0 0 83 714 0 1 0 0 89 41 0 1 0 0 76 11 0 1 0 0 88
