3/4 75 0 1 0 0 79 36 0 1 0 0 79 524 0 1 0 0 64 66 3 1667 0 0 79 526 1 5 0 2 79 46 0 1 1 25 79 44 0 1 1 25 64
3/4 65 0 1 0 0 79 75 0 1 0 0 79 36 3 1667 0 0 79 314 0 3 0 0 64 225 1 5 0 2 79 715 1 5 1 25 79
3/4 14 0 1 0 0 79 45 0 1 0 0 79 75 0 1 0 0 79 23 0 1 0 0 64 54 0 1 0 0 64
3/4 14 0 1 0 0 79 45 0 1 0 0 79 75 0 1 0 0 79 23 0 1 0 0 64 54 0 1 0 0 64 64 2 75 0 2 79
3/4 45 1 25 0 0 79 222 2 75 0 0 95 63 0 1 0 1 95 223 0 1 0 1 95 44 0 1 0 1 95 63 0 1 0 2 95 223 0 1 0 2 95 44 0 1 0 2 95 64 1 5 1 25 79
3/4 35 1 25 0 0 79 12 2 75 0 0 95 63 0 1 0 1 95 13 0 1 0 1 95 34 0 1 0 1 95 63 0 1 0 2 95 13 0 1 0 2 95 34 0 1 0 2 95 64 1 5 1 25 79
3/4 224 0 3 0 0 79 72 0 1 0 0 95 43 0 1 0 1 95 73 0 1 0 1 64 223 0 1 0 1 64 43 0 1 0 2 95 73 0 1 0 2 64 223 0 1 0 2 64
3/4 224 0 2 0 0 79 62 2 75 0 0 95 224 2 75 0 0 79 14 2 175 0 1 79 43 0 1 0 1 95 63 0 1 0 1 64 13 0 1 0 1 64 43 0 1 0 2 95 63 0 1 0 2 64 13 0 1 0 2 64 64 1 5 1 25 79
3/4 74 0 3 0 0 79 523 2 75 0 0 95 73 0 1 0 1 95 223 0 1 0 1 95 73 0 1 0 2 95 223 0 1 0 2 95
3/4 74 3 2667 0 0 79 43 2 75 0 0 95 74 1 15 0 0 79 73 0 1 0 1 95 223 0 1 0 1 95 74 0 1 0 2 79 73 0 1 0 2 95 223 0 1 0 2 95
3/4 525 1 25 0 0 79 33 2 75 0 0 95 523 0 1 0 1 95 73 0 1 0 1 64 34 0 1 0 1 64 523 0 1 0 2 95 73 0 1 0 2 64 34 0 1 0 2 64 74 1 5 1 25 79
3/4 45 1 25 0 0 79 22 2 75 0 0 95 43 0 1 0 1 95 73 0 1 0 1 64 23 0 1 0 1 64 43 0 1 0 2 95 73 0 1 0 2 64 23 0 1 0 2 64 74 1 5 1 25 79
3/4 35 0 3 0 0 79 222 2 75 0 0 95 523 0 1 0 1 95 73 0 1 0 1 64 34 0 1 0 1 64 523 0 1 0 2 95 73 0 1 0 2 64 34 0 1 0 2 64
3/4 35 1 15 0 0 64 13 0 1 0 0 95 34 0 1 0 0 79 524 0 1 0 0 79 35 0 1 0 0 79 45 0 1 0 1 64 223 0 1 0 1 95 44 0 1 0 1 79 64 0 1 0 1 79 525 0 1 0 2 64 34 0 1 0 2 79 524 0 1 0 2 79 614 0 1 0 2 79
3/4 65 0 3 0 0 79 222 2 75 0 0 95 63 0 1 0 1 95 223 0 1 0 1 95 44 0 1 0 1 79 63 0 1 0 2 95 223 0 1 0 2 95 44 0 1 0 2 79
3/4 65 1 15 0 0 79 712 2 75 0 0 95 65 2 75 0 0 79 525 0 1 0 1 64 63 0 1 0 1 95 713 0 1 0 1 95 34 0 1 0 1 79 45 0 1 0 2 64 63 0 1 0 2 95 713 0 1 0 2 95 34 0 1 0 2 79
3/4 224 0 3 0 0 79 72 2 75 0 0 95 523 0 1 0 1 95 73 0 1 0 1 64 223 0 1 0 1 64 523 0 1 0 2 95 73 0 1 0 2 64 223 0 1 0 2 64
3/4 525 3 333 0 0 79 612 2 75 0 0 95 224 1 15 0 0 79 65 2 25 1 5 79 525 2 25 2 75 79 45 0 1 0 1 79 523 0 1 0 1 95 613 0 1 0 1 64 223 0 1 0 1 64 35 0 1 0 2 79 523 0 1 0 2 95 613 0 1 0 2 64 223 0 1 0 2 64
3/4 45 1 25 0 0 79 62 2 75 0 0 95 64 0 1 0 1 79 43 0 1 0 1 95 63 0 1 0 1 64 223 0 1 0 1 64 224 0 1 0 2 79 43 0 1 0 2 95 63 0 1 0 2 64 223 0 1 0 2 64
3/4 14 0 1 0 0 79 35 0 1 0 0 79 62 0 1 0 0 95 74 0 1 0 1 79 14 0 1 0 1 79 523 0 1 0 1 95 63 0 1 0 1 64 13 0 1 0 1 64 64 0 1 0 2 79 35 0 1 0 2 79 523 0 1 0 2 95 63 0 1 0 2 64 13 0 1 0 2 64
3/4 524 0 1 0 0 79 222 0 1 0 0 95 224 0 3 0 0 79 44 2 175 0 1 79 43 2 75 0 1 95 63 0 1 0 2 64 34 1 5 1 25 79
3/4 44 0 1 0 0 79 224 0 1 0 0 79 223 0 1 0 0 64 63 0 1 0 1 64 64 0 1 0 2 79 43 0 1 0 2 64
3/4 45 1 25 0 0 79 222 2 75 0 0 95 223 0 1 0 1 95 44 0 1 0 1 79 64 0 1 0 1 79 223 0 1 0 2 95 44 0 1 0 2 79 64 0 1 0 2 79 64 1 5 1 25 79
3/4 35 1 25 0 0 79 12 2 75 0 0 95 13 0 1 0 1 95 34 0 1 0 1 79 64 0 1 0 1 79 13 0 1 0 2 95 34 0 1 0 2 79 64 0 1 0 2 79 64 1 5 1 25 79
3/4 224 0 3 0 0 79 72 0 1 0 0 95 73 0 1 0 1 95 223 0 1 0 1 95 44 0 1 0 1 79 73 0 1 0 2 95 223 0 1 0 2 95 44 0 1 0 2 79
3/4 224 0 2 0 0 79 62 0 1 0 0 95 224 0 1 0 0 79 14 2 175 0 1 79 63 0 1 0 1 95 13 0 1 0 1 95 44 0 1 0 1 79 63 0 1 0 2 95 13 0 1 0 2 95 44 0 1 0 2 79 64 1 5 1 25 79
3/4 74 0 3 0 0 79 522 2 75 0 0 95 523 0 1 0 1 95 73 0 1 0 1 64 223 0 1 0 1 64 523 0 1 0 2 95 73 0 1 0 2 64 223 0 1 0 2 64
3/4 74 2 175 0 0 79 42 2 75 0 0 95 74 1 15 0 0 79 523 0 1 0 1 95 73 0 1 0 1 64 223 0 1 0 1 64 614 2 25 1 15 79 74 2 25 2 175 79 14 2 25 0 2 64 523 0 1 0 2 95 73 0 1 0 2 64 223 0 1 0 2 64 24 2 25 2 225 79 35 2 25 1 25 79 45 2 25 2 275 64
3/4 525 1 25 0 0 79 32 2 75 0 0 95 33 0 1 0 1 95 523 0 1 0 1 95 73 0 1 0 1 64 33 0 1 0 2 95 523 0 1 0 2 95 73 0 1 0 2 64 74 1 5 1 25 79
3/4 45 1 25 0 0 79 21 2 75 0 0 95 22 0 1 0 1 95 43 0 1 0 1 95 73 0 1 0 1 64 22 0 1 0 2 95 43 0 1 0 2 95 73 0 1 0 2 64 74 1 5 1 25 79
3/4 35 0 3 0 0 79 221 2 75 0 0 95 33 0 1 0 1 95 523 0 1 0 1 95 73 0 1 0 1 64 33 0 1 0 2 95 523 0 1 0 2 95 73 0 1 0 2 64
3/4 524 0 1 0 0 79 14 0 1 0 0 79 11 0 1 0 0 95 12 0 1 0 0 95 35 1 15 0 0 79 35 2 75 0 0 79 64 0 1 0 1 79 224 0 1 0 1 79 45 0 1 0 1 79 221 0 1 0 1 95 222 0 1 0 1 95 614 0 1 0 2 79 35 0 1 0 2 79 525 0 1 0 2 79 32 0 1 0 2 95 33 0 1 0 2 95
3/4 65 0 3 0 0 79 222 2 75 0 0 95 63 0 1 0 1 95 223 0 1 0 1 95 44 0 1 0 1 79 63 0 1 0 2 95 223 0 1 0 2 95 44 0 1 0 2 79
3/4 65 1 15 0 0 79 712 2 75 0 0 95 65 2 75 0 0 79 525 0 1 0 1 64 63 0 1 0 1 95 713 0 1 0 1 95 34 0 1 0 1 79 65 0 1 0 2 64 63 0 1 0 2 95 713 0 1 0 2 95 34 0 1 0 2 79
3/4 45 0 3 0 0 79 72 2 75 0 0 95 63 0 1 0 1 95 73 0 1 0 1 95 23 0 1 0 1 95 63 0 1 0 2 95 73 0 1 0 2 95 23 0 1 0 2 95
3/4 64 0 1 0 0 79 24 0 1 0 0 79 72 0 1 0 0 95 73 0 1 0 0 64 45 1 15 0 0 79 45 2 75 0 0 79 74 0 1 0 1 79 35 0 1 0 1 79 525 0 1 0 1 79 12 0 1 0 1 95 13 0 1 0 1 64 74 0 1 0 2 79 45 0 1 0 2 79 65 0 1 0 2 79 22 0 1 0 2 95 23 0 1 0 2 64
3/4 75 2 175 0 0 79 33 2 75 0 0 95 73 0 1 0 1 95 34 0 1 0 1 79 524 0 1 0 1 79 75 1 5 1 15 79 525 1 5 0 2 64 73 0 1 0 2 64 34 0 1 0 2 64 524 0 1 0 2 64 35 1 5 1 25 64
3/4 224 0 1 0 0 79 62 0 1 0 0 95 14 0 1 0 1 79 63 0 1 0 1 95 34 0 1 0 1 79 524 0 1 0 1 79 74 3 333 0 2 79 63 0 1 0 2 95 34 0 1 0 2 79 524 0 1 0 2 79 224 1 5 1 25 79
3/4 224 0 3 0 0 79 222 2 75 0 0 95 63 0 1 0 1 95 223 0 1 0 1 95 44 0 1 0 1 79 63 0 1 0 2 95 223 0 1 0 2 95 44 0 1 0 2 79
3/4 224 3 2333 0 0 79 222 2 75 0 0 95 224 0 2 0 0 79 63 0 1 0 1 95 223 0 1 0 1 95 44 0 1 0 1 79 63 0 1 0 2 95 223 0 1 0 2 95 44 0 1 0 2 79 224 1 5 1 25 64
3/4 14 0 1 0 0 79 35 0 1 0 0 79 62 0 1 0 0 95 14 0 1 0 1 79 35 0 1 0 1 79 13 0 1 0 1 95 34 0 1 0 1 79 64 0 1 0 1 79 14 0 1 0 2 79 35 0 1 0 2 79 13 0 1 0 2 64 34 0 1 0 2 64 64 0 1 0 2 64 62 1 5 1 25 95
3/4 14 0 1 0 0 79 35 0 1 0 0 79 612 0 1 0 0 95 35 0 1 0 1 79 525 0 1 0 1 79 13 0 1 0 1 64 34 0 1 0 1 64 524 0 1 0 1 64 13 0 1 0 2 64 34 0 1 0 2 64 524 0 1 0 2 64 224 0 1 1 25 79 45 0 1 1 25 79 612 0 1 1 25 95
3/4 74 0 3 0 0 79 224 0 3 0 0 79 72 2 75 0 0 95 13 0 1 0 1 95 223 0 1 0 1 95 44 0 1 0 1 79 13 0 1 0 2 64 223 0 1 0 2 64 44 0 1 0 2 64 72 1 5 1 25 95
3/4 524 0 1 0 0 79 64 0 1 0 0 79 24 0 1 0 0 79 72 0 1 0 0 95 74 1 15 0 0 79 74 2 75 0 0 79 224 1 15 0 0 79 524 0 1 0 1 79 74 0 1 0 1 79 14 0 1 0 1 79 35 0 1 0 1 79 12 0 1 0 1 95 64 0 1 0 2 79 74 0 1 0 2 79 24 0 1 0 2 79 45 0 1 0 2 79 22 0 1 0 2 95
3/4 35 0 1 0 0 79 525 0 1 0 0 79 33 0 1 0 0 95 35 0 1 0 1 79 525 0 1 0 1 79 73 0 1 0 1 95 34 0 1 0 1 79 524 0 1 0 1 79 35 0 1 0 2 79 525 0 1 0 2 79 73 0 1 0 2 64 34 0 1 0 2 64 524 0 1 0 2 64 33 1 5 1 25 95
3/4 35 0 1 0 0 79 525 0 1 0 0 79 22 0 1 0 0 95 525 0 1 0 1 79 75 0 1 0 1 79 73 0 1 0 1 64 23 0 1 0 1 64 44 0 1 0 1 64 73 0 1 0 2 95 23 0 1 0 2 95 44 0 1 0 2 79 45 0 1 1 25 79 65 0 1 1 25 79 22 0 1 1 25 79
3/4 35 0 1 0 0 79 525 0 1 0 0 79 33 2 75 0 0 95 73 0 1 0 1 95 34 0 1 0 1 79 524 0 1 0 1 79 73 0 1 0 2 64 34 0 1 0 2 64 524 0 1 0 2 64 33 1 5 1 25 95
3/4 35 0 1 0 0 79 525 0 1 0 0 79 12 1 5 0 0 95 35 0 1 0 0 79 525 0 1 0 0 79 33 1 5 1 5 95 224 0 1 0 1 79 45 0 1 0 1 79 523 2 25 0 1 95 613 1 5 1 15 64 14 0 1 0 2 79 35 0 1 0 2 79 13 1 5 0 2 64 34 1 5 1 25 64
3/4 14 0 1 0 0 79 45 0 1 0 0 79 222 1 5 0 0 95 14 0 1 0 0 79 35 0 1 0 0 79 43 1 5 1 5 95 63 1 5 0 1 95 13 1 5 1 15 95 223 1 5 0 2 95 44 1 5 1 25 79
3/4 224 0 1 0 0 79 45 0 1 0 0 79 523 2 25 0 0 95 14 0 1 0 0 79 45 0 1 0 0 79 73 1 5 1 5 64 14 0 1 0 1 79 35 0 1 0 1 79 13 1 5 0 1 64 223 1 5 1 15 64 74 0 1 0 2 79 224 0 1 0 2 79 44 1 5 0 2 64 524 1 5 1 25 64
3/4 74 0 1 0 0 79 35 0 1 0 0 79 712 1 5 0 0 95 74 0 1 0 0 79 224 0 1 0 0 79 33 1 5 1 5 95 523 2 25 0 1 95 73 1 5 1 15 95 713 1 5 0 2 95 34 1 5 1 25 79
3/4 714 0 1 0 0 79 35 0 1 0 0 79 42 1 5 0 0 95 74 0 1 0 0 79 35 0 1 0 0 79 43 1 5 1 5 95 74 0 1 0 1 79 224 0 1 0 1 79 63 1 5 0 1 64 713 1 5 1 15 64 64 0 1 0 2 79 714 0 1 0 2 79 34 1 5 0 2 64 44 1 5 1 25 64
3/4 73 0 1 0 0 95 74 0 1 0 0 79 34 0 1 0 0 79 44 0 1 0 0 79 12 0 1 0 0 95 64 0 1 0 0 79 714 0 1 0 0 79
3/4 23 0 1 0 0 95 44 0 1 0 0 79 22 0 1 0 0 95 73 0 1 0 0 95 74 0 1 0 0 79
3/4 23 0 1 0 0 95 44 0 1 0 0 79 22 0 1 0 0 95 73 0 1 0 0 95 74 0 1 0 0 79
