3/4 74 0 1 0 0 77 35 0 1 0 0 84 522 0 1 0 0 57 65 3 1667 0 0 89 525 1 5 0 2 79 45 0 1 1 25 85 42 0 1 1 25 60
3/4 64 0 1 0 0 78 73 0 1 0 0 74 35 3 1667 0 0 77 313 0 3 0 0 59 224 1 5 0 2 77 714 1 5 1 25 89
3/4 13 0 1 0 0 81 44 0 1 0 0 81 73 0 1 0 0 76 22 0 1 0 0 59 52 0 1 0 0 65
3/4 13 0 1 0 0 71 44 0 1 0 0 86 73 0 1 0 0 81 22 0 1 0 0 65 52 0 1 0 0 74 63 2 75 0 2 83
3/4 44 1 25 0 0 79 221 2 75 0 0 92 62 0 1 0 1 87 222 0 1 0 1 96 42 0 1 0 1 98 62 0 1 0 2 102 222 0 1 0 2 104 42 0 1 0 2 98 63 1 5 1 25 72
3/4 34 1 25 0 0 86 11 2 75 0 0 93 62 0 1 0 1 103 12 0 1 0 1 86 32 0 1 0 1 97 62 0 1 0 2 96 12 0 1 0 2 90 32 0 1 0 2 103 63 1 5 1 25 74
3/4 223 0 3 0 0 70 71 0 1 0 0 101 42 0 1 0 1 97 72 0 1 0 1 60 221 0 1 0 1 58 42 0 1 0 2 104 72 0 1 0 2 72 221 0 1 0 2 60
3/4 223 0 2 0 0 88 61 2 75 0 0 91 223 2 75 0 0 72 13 2 175 0 1 69 42 0 1 0 1 87 62 0 1 0 1 68 11 0 1 0 1 60 42 0 1 0 2 101 62 0 1 0 2 59 11 0 1 0 2 74 63 1 5 1 25 73
3/4 73 0 3 0 0 78 522 2 75 0 0 86 72 0 1 0 1 95 221 0 1 0 1 100 72 0 1 0 2 85 221 0 1 0 2 86
3/4 73 3 2667 0 0 76 42 2 75 0 0 90 73 1 15 0 0 80 72 0 1 0 1 87 221 0 1 0 1 105 73 0 1 0 2 85 72 0 1 0 2 93 221 0 1 0 2 87
3/4 524 1 25 0 0 82 32 2 75 0 0 87 522 0 1 0 1 85 72 0 1 0 1 55 32 0 1 0 1 63 522 0 1 0 2 98 72 0 1 0 2 73 32 0 1 0 2 66 73 1 5 1 25 75
3/4 44 1 25 0 0 73 21 2 75 0 0 104 42 0 1 0 1 102 72 0 1 0 1 63 21 0 1 0 1 62 42 0 1 0 2 102 72 0 1 0 2 71 21 0 1 0 2 69 73 1 5 1 25 87
3/4 34 0 3 0 0 82 221 2 75 0 0 97 522 0 1 0 1 101 72 0 1 0 1 63 32 0 1 0 1 60 522 0 1 0 2 105 72 0 1 0 2 70 32 0 1 0 2 70
3/4 34 1 15 0 0 72 12 0 1 0 0 91 33 0 1 0 0 79 522 0 1 0 0 71 34 0 1 0 0 88 44 0 1 0 1 60 222 0 1 0 1 104 43 0 1 0 1 71 62 0 1 0 1 83 524 0 1 0 2 54 33 0 1 0 2 83 523 0 1 0 2 89 612 0 1 0 2 87
3/4 64 0 3 0 0 80 221 2 75 0 0 99 62 0 1 0 1 89 222 0 1 0 1 104 42 0 1 0 1 71 62 0 1 0 2 95 222 0 1 0 2 99 42 0 1 0 2 80
3/4 64 1 15 0 0 86 711 2 75 0 0 98 64 2 75 0 0 71 524 0 1 0 1 64 62 0 1 0 1 102 712 0 1 0 1 102 32 0 1 0 1 87 44 0 1 0 2 72 62 0 1 0 2 87 712 0 1 0 2 91 32 0 1 0 2 73
3/4 223 0 3 0 0 85 71 2 75 0 0 99 522 0 1 0 1 86 72 0 1 0 1 68 221 0 1 0 1 61 522 0 1 0 2 90 72 0 1 0 2 71 221 0 1 0 2 64
3/4 524 3 333 0 0 86 611 2 75 0 0 86 223 1 15 0 0 74 64 2 25 1 5 86 524 2 25 2 75 76 44 0 1 0 1 79 522 0 1 0 1 91 612 0 1 0 1 74 221 0 1 0 1 55 34 0 1 0 2 76 522 0 1 0 2 94 612 0 1 0 2 60 221 0 1 0 2 69
3/4 44 1 25 0 0 88 61 2 75 0 0 98 63 0 1 0 1 83 42 0 1 0 1 103 62 0 1 0 1 71 221 0 1 0 1 61 223 0 1 0 2 83 42 0 1 0 2 93 62 0 1 0 2 62 221 0 1 0 2 56
3/4 13 0 1 0 0 78 34 0 1 0 0 69 61 0 1 0 0 94 73 0 1 0 1 87 13 0 1 0 1 69 522 0 1 0 1 85 62 0 1 0 1 59 11 0 1 0 1 64 63 0 1 0 2 87 34 0 1 0 2 70 522 0 1 0 2 87 62 0 1 0 2 66 11 0 1 0 2 56
3/4 523 0 1 0 0 72 221 0 1 0 0 100 223 0 3 0 0 83 43 2 175 0 1 87 42 2 75 0 1 92 62 0 1 0 2 68 33 1 5 1 25 89
3/4 43 0 1 0 0 81 222 0 1 0 0 74 222 0 1 0 0 67 62 0 1 0 1 64 63 0 1 0 2 70 41 0 1 0 2 59
3/4 44 1 25 0 0 78 221 2 75 0 0 101 222 0 1 0 1 88 43 0 1 0 1 69 62 0 1 0 1 75 222 0 1 0 2 104 43 0 1 0 2 71 62 0 1 0 2 80 63 1 5 1 25 88
3/4 34 1 25 0 0 81 11 2 75 0 0 89 12 0 1 0 1 103 33 0 1 0 1 89 62 0 1 0 1 73 12 0 1 0 2 97 33 0 1 0 2 78 62 0 1 0 2 80 63 1 5 1 25 79
3/4 223 0 3 0 0 83 71 0 1 0 0 90 72 0 1 0 1 86 222 0 1 0 1 99 42 0 1 0 1 78 72 0 1 0 2 97 222 0 1 0 2 86 42 0 1 0 2 74
3/4 223 0 2 0 0 88 61 0 1 0 0 101 223 0 1 0 0 83 13 2 175 0 1 79 62 0 1 0 1 98 12 0 1 0 1 95 42 0 1 0 1 87 62 0 1 0 2 88 12 0 1 0 2 93 42 0 1 0 2 76 63 1 5 1 25 71
3/4 73 0 3 0 0 70 521 2 75 0 0 101 522 0 1 0 1 95 72 0 1 0 1 64 221 0 1 0 1 71 522 0 1 0 2 95 72 0 1 0 2 65 221 0 1 0 2 71
3/4 73 2 175 0 0 84 41 2 75 0 0 102 73 1 15 0 0 87 522 0 1 0 1 93 72 0 1 0 1 71 221 0 1 0 1 67 613 2 25 1 15 75 73 2 25 2 175 81 13 2 25 0 2 67 522 0 1 0 2 92 72 0 1 0 2 74 221 0 1 0 2 56 23 2 25 2 225 74 34 2 25 1 25 76 44 2 25 2 275 57
3/4 524 1 25 0 0 80 31 2 75 0 0 101 32 0 1 0 1 98 522 0 1 0 1 96 71 0 1 0 1 64 32 0 1 0 2 89 522 0 1 0 2 89 71 0 1 0 2 63 73 1 5 1 25 83
3/4 44 1 25 0 0 81 21 2 75 0 0 104 21 0 1 0 1 97 42 0 1 0 1 104 71 0 1 0 1 60 21 0 1 0 2 88 42 0 1 0 2 93 71 0 1 0 2 56 73 1 5 1 25 72
3/4 34 0 3 0 0 88 221 2 75 0 0 104 32 0 1 0 1 88 522 0 1 0 1 94 71 0 1 0 1 55 32 0 1 0 2 90 522 0 1 0 2 96 71 0 1 0 2 56
3/4 523 0 1 0 0 72 13 0 1 0 0 76 11 0 1 0 0 100 11 0 1 0 0 98 34 1 15 0 0 75 34 2 75 0 0 71 63 0 1 0 1 79 223 0 1 0 1 85 44 0 1 0 1 88 221 0 1 0 1 91 221 0 1 0 1 94 613 0 1 0 2 86 34 0 1 0 2 86 524 0 1 0 2 83 31 0 1 0 2 104 31 0 1 0 2 99
3/4 64 0 3 0 0 79 221 2 75 0 0 100 62 0 1 0 1 105 222 0 1 0 1 102 42 0 1 0 1 81 62 0 1 0 2 94 222 0 1 0 2 102 42 0 1 0 2 70
3/4 64 1 15 0 0 70 711 2 75 0 0 99 64 2 75 0 0 78 524 0 1 0 1 57 62 0 1 0 1 105 712 0 1 0 1 102 32 0 1 0 1 75 64 0 1 0 2 58 62 0 1 0 2 99 712 0 1 0 2 99 32 0 1 0 2 69
3/4 44 0 3 0 0 83 71 2 75 0 0 95 62 0 1 0 1 100 72 0 1 0 1 89 21 0 1 0 1 98 62 0 1 0 2 85 72 0 1 0 2 86 21 0 1 0 2 101
3/4 63 0 1 0 0 85 23 0 1 0 0 86 71 0 1 0 0 103 71 0 1 0 0 71 44 1 15 0 0 80 44 2 75 0 0 73 73 0 1 0 1 72 34 0 1 0 1 81 524 0 1 0 1 76 11 0 1 0 1 102 11 0 1 0 1 61 73 0 1 0 2 88 44 0 1 0 2 81 64 0 1 0 2 84 21 0 1 0 2 103 21 0 1 0 2 67
3/4 74 2 175 0 0 69 32 2 75 0 0 90 72 0 1 0 1 103 33 0 1 0 1 70 522 0 1 0 1 89 74 1 5 1 15 77 524 1 5 0 2 54 72 0 1 0 2 73 33 0 1 0 2 57 522 0 1 0 2 72 34 1 5 1 25 64
3/4 223 0 1 0 0 69 61 0 1 0 0 102 13 0 1 0 1 71 62 0 1 0 1 104 33 0 1 0 1 78 522 0 1 0 1 71 73 3 333 0 2 74 62 0 1 0 2 89 33 0 1 0 2 69 522 0 1 0 2 89 223 1 5 1 25 77
3/4 223 0 3 0 0 71 221 2 75 0 0 103 62 0 1 0 1 92 222 0 1 0 1 93 42 0 1 0 1 77 62 0 1 0 2 89 222 0 1 0 2 88 42 0 1 0 2 79
3/4 223 3 2333 0 0 84 221 2 75 0 0 100 223 0 2 0 0 69 62 0 1 0 1 86 222 0 1 0 1 93 42 0 1 0 1 77 62 0 1 0 2 103 222 0 1 0 2 89 42 0 1 0 2 80 223 1 5 1 25 64
3/4 13 0 1 0 0 88 34 0 1 0 0 81 61 0 1 0 0 103 13 0 1 0 1 82 34 0 1 0 1 85 12 0 1 0 1 98 33 0 1 0 1 86 62 0 1 0 1 81 13 0 1 0 2 85 33 0 1 0 2 82 12 0 1 0 2 65 33 0 1 0 2 69 62 0 1 0 2 70 61 1 5 1 25 90
3/4 13 0 1 0 0 89 34 0 1 0 0 71 611 0 1 0 0 85 34 0 1 0 1 80 523 0 1 0 1 79 12 0 1 0 1 68 33 0 1 0 1 74 522 0 1 0 1 59 12 0 1 0 2 59 33 0 1 0 2 69 522 0 1 0 2 59 223 0 1 1 25 82 44 0 1 1 25 84 611 0 1 1 25 86
3/4 73 0 3 0 0 70 223 0 3 0 0 73 71 2 75 0 0 89 12 0 1 0 1 100 222 0 1 0 1 89 42 0 1 0 1 74 12 0 1 0 2 74 222 0 1 0 2 66 42 0 1 0 2 60 71 1 5 1 25 96
3/4 523 0 1 0 0 83 63 0 1 0 0 87 23 0 1 0 0 87 71 0 1 0 0 101 73 1 15 0 0 74 73 2 75 0 0 72 223 1 15 0 0 85 523 0 1 0 1 75 73 0 1 0 1 72 13 0 1 0 1 86 34 0 1 0 1 85 11 0 1 0 1 101 63 0 1 0 2 81 73 0 1 0 2 73 23 0 1 0 2 81 44 0 1 0 2 71 21 0 1 0 2 105
3/4 34 0 1 0 0 72 524 0 1 0 0 87 31 0 1 0 0 102 34 0 1 0 1 74 524 0 1 0 1 83 72 0 1 0 1 85 33 0 1 0 1 88 522 0 1 0 1 83 34 0 1 0 2 81 523 0 1 0 2 72 72 0 1 0 2 73 33 0 1 0 2 73 522 0 1 0 2 57 32 1 5 1 25 85
3/4 34 0 1 0 0 88 524 0 1 0 0 69 21 0 1 0 0 101 524 0 1 0 1 88 73 0 1 0 1 69 72 0 1 0 1 71 22 0 1 0 1 64 42 0 1 0 1 64 72 0 1 0 2 94 22 0 1 0 2 101 42 0 1 0 2 80 44 0 1 1 25 81 64 0 1 1 25 81 21 0 1 1 25 79
3/4 34 0 1 0 0 82 523 0 1 0 0 80 32 2 75 0 0 105 72 0 1 0 1 103 33 0 1 0 1 74 522 0 1 0 1 69 72 0 1 0 2 64 33 0 1 0 2 59 522 0 1 0 2 73 32 1 5 1 25 86
3/4 34 0 1 0 0 71 523 0 1 0 0 81 11 1 5 0 0 105 34 0 1 0 0 69 523 0 1 0 0 88 32 1 5 1 5 102 223 0 1 0 1 86 43 0 1 0 1 71 522 2 25 0 1 88 612 1 5 1 15 70 13 0 1 0 2 70 33 0 1 0 2 73 12 1 5 0 2 55 33 1 5 1 25 61
3/4 13 0 1 0 0 69 43 0 1 0 0 88 221 1 5 0 0 96 13 0 1 0 0 81 33 0 1 0 0 84 42 1 5 1 5 95 62 1 5 0 1 98 12 1 5 1 15 92 222 1 5 0 2 103 43 1 5 1 25 73
3/4 223 0 1 0 0 79 43 0 1 0 0 80 522 2 25 0 0 86 13 0 1 0 0 89 43 0 1 0 0 82 72 1 5 1 5 64 13 0 1 0 1 73 33 0 1 0 1 82 12 1 5 0 1 62 222 1 5 1 15 62 73 0 1 0 2 70 222 0 1 0 2 74 43 1 5 0 2 65 523 1 5 1 25 62
3/4 73 0 1 0 0 69 33 0 1 0 0 88 711 1 5 0 0 88 73 0 1 0 0 87 222 0 1 0 0 81 32 1 5 1 5 91 522 2 25 0 1 102 72 1 5 1 15 103 712 1 5 0 2 91 33 1 5 1 25 70
3/4 713 0 1 0 0 76 33 0 1 0 0 76 41 1 5 0 0 102 73 0 1 0 0 86 33 0 1 0 0 74 42 1 5 1 5 94 73 0 1 0 1 69 222 0 1 0 1 75 62 1 5 0 1 58 712 1 5 1 15 68 63 0 1 0 2 73 712 0 1 0 2 80 33 1 5 0 2 62 43 1 5 1 25 54
3/4 72 0 1 0 0 101 72 0 1 0 0 74 33 0 1 0 0 73 43 0 1 0 0 82 11 0 1 0 0 90 63 0 1 0 0 88 712 0 1 0 0 70
3/4 22 0 1 0 0 93 43 0 1 0 0 74 21 0 1 0 0 105 72 0 1 0 0 95 72 0 1 0 0 88
3/4 22 0 1 0 0 97 43 0 1 0 0 75 21 0 1 0 0 87 72 0 1 0 0 102 72 0 1 0 0 74
