4/4 34 0 1 0 0 67 63 0 1 0 0 55 44 0 1 0 2 55 73 0 1 0 2 72
4/4 54 0 1 0 0 62 13 0 1 0 0 61
4/4 64 0 1 0 0 63 13 0 1 0 0 68 43 0 1 0 0 54 74 0 1 0 2 62 23 0 1 0 2 73 53 0 1 0 2 62
4/4 14 0 1 0 0 72 63 0 1 0 0 71 34 0 4 0 0 72 74 0 1 0 2 59 53 0 1 0 2 54
4/4 14 0 1 0 0 55 34 0 1 0 0 64 63 0 1 0 0 59 74 0 4 0 0 59 24 0 1 0 2 59 23 0 1 0 2 56 73 0 1 0 2 63
4/4 35 0 1 0 0 74 53 0 1 0 0 65 33 0 1 0 0 74 74 0 4 0 0 67 45 0 1 0 1 74 35 0 1 0 2 67 74 0 1 0 3 55
4/4 14 0 1 0 0 62 33 0 1 0 0 73 62 0 1 0 0 70 54 0 4 0 0 69 24 0 1 0 2 54 43 0 1 0 2 73 72 0 1 0 2 70
4/4 74 0 1 0 0 63 35 0 1 0 0 74 12 0 1 0 0 57 54 0 4 0 0 62
4/4 45 1 35 0 0 59 13 0 2 0 0 67 23 0 2 0 2 58 55 2 25 1 35 60 45 2 25 2 375 59
4/4 35 0 2 0 0 56 23 0 1 0 0 55 13 0 2 0 1 63 24 0 2 0 2 56 73 0 1 0 3 58
4/4 13 0 1 0 0 65 53 0 1 0 0 68 33 0 1 0 0 70 62 0 1 0 0 56 23 0 1 0 2 63 43 0 1 0 2 65 72 0 1 0 2 59
4/4 44 0 2 0 0 73 13 0 3 0 0 56 12 0 1 0 0 62 53 0 1 0 0 54 23 0 1 0 2 69 55 0 1 0 3 54 15 0 1 0 3 73 75 0 1 1 35 66 25 0 1 1 35 68 64 0 1 2 375 67 14 0 1 2 375 56 35 0 1 2 375 58
4/4 15 0 1 0 0 60 36 0 1 0 0 73 64 0 1 0 0 69 14 0 1 0 0 60 35 0 1 0 0 61 36 0 1 0 1 72 56 0 1 0 1 59 74 0 1 2 175 74 24 0 1 2 175 72 45 0 1 2 175 74 25 0 1 0 2 67 46 0 1 0 2 63 75 0 1 1 25 62 25 0 1 1 25 59 15 0 1 1 35 63 36 0 1 1 35 69 14 0 1 2 375 64 35 0 1 2 375 63
4/4 15 0 1 0 0 63 36 0 1 0 0 54 55 1 35 0 0 55 14 0 1 0 0 63 35 0 1 0 0 66 55 0 1 0 3 60 15 1 5 0 3 66 75 0 1 1 35 62 25 0 1 1 35 73 44 0 1 2 375 59 64 0 1 2 375 55 14 0 1 2 375 54
4/4 15 0 1 0 0 60 36 0 1 0 0 65 44 0 1 0 0 61 64 0 1 0 0 61 14 0 1 0 0 66 36 0 1 0 1 70 56 0 1 0 1 62 54 0 1 2 175 54 74 0 1 2 175 71 24 0 1 2 175 65 25 0 1 0 2 74 46 0 1 0 2 66 75 0 1 1 25 55 25 0 1 1 25 54 15 0 1 1 35 73 36 0 1 1 35 74 64 0 1 2 375 62 14 0 1 2 375 74 35 0 1 2 375 63
4/4 36 0 3 0 0 59 15 1 15 0 0 58 64 0 1 0 0 73 14 0 1 0 0 68 35 0 1 0 0 67 75 2 25 1 15 72 65 2 25 2 175 69 54 0 1 2 175 56 74 0 1 2 175 69 35 0 1 2 175 63 75 0 1 0 2 60 56 1 5 0 3 74 76 1 5 1 35 73 64 0 1 2 375 70 14 0 1 2 375 61 35 0 1 2 375 71
4/4 46 0 1 0 0 56 64 0 1 0 0 68 14 0 1 0 0 70 35 0 1 0 0 54 56 1 5 0 1 60 76 1 5 1 15 63 74 0 1 2 175 72 14 0 1 2 175 63 45 0 1 2 175 72 46 1 5 0 2 73 56 1 5 1 25 58 15 1 5 0 3 72 36 1 5 1 35 73 34 0 1 2 375 63 74 0 1 2 375 69 25 0 1 2 375 60 14 0 1 2 375 68
4/4 56 0 3 0 0 72 34 0 1 0 0 74 74 0 1 0 0 73 25 0 1 0 0 59 14 0 1 0 0 55 36 0 1 0 2 71 54 1 5 0 3 54 74 1 5 1 35 66
4/4 14 0 1 0 0 58 63 0 1 0 0 74 34 0 1 0 0 58 35 0 1 0 1 66 24 1 5 0 2 59 73 0 1 0 2 63 44 0 1 0 2 69 54 0 1 1 25 58 74 1 5 1 35 55
4/4 14 0 3 0 0 66 44 0 2 0 0 70 13 0 4 0 0 54 34 0 2 0 2 56 14 1 5 0 3 64 35 1 5 1 35 66
4/4 45 1 15 0 0 71 63 0 1 0 0 66 13 0 1 0 0 61 34 0 1 0 0 66 55 1 5 1 15 56 45 1 5 0 2 70 713 0 1 0 2 61 23 0 1 0 2 71 44 0 1 0 2 64 55 2 25 1 25 55 45 2 25 2 275 58 35 1 5 0 3 55 24 1 5 1 35 73
4/4 24 0 3 0 0 56 13 0 1 0 0 59 23 0 1 0 0 62 54 0 1 0 0 74 73 0 1 0 2 67 23 0 1 0 2 58 54 1 15 0 2 57 54 0 1 0 3 60 74 1 5 1 35 54
4/4 44 0 1 0 0 72 63 0 2 0 0 66 54 1 5 0 1 64 74 1 5 1 15 58 44 1 5 0 2 60 73 0 2 0 2 59 54 1 5 1 25 61 44 1 5 0 3 60 54 1 5 1 35 67
4/4 23 0 1 0 0 72 44 0 1 0 0 63 54 0 1 0 0 69 14 0 1 0 0 72 12 0 1 0 0 61 53 0 1 0 0 67
4/4 55 2 25 0 0 72 52 0 2 0 0 65 75 2 25 2 25 59 15 1 25 1 5 54 54 1 5 1 5 55 44 1 5 0 1 72 14 1 5 1 15 54 52 0 2 0 2 64 54 1 5 1 25 64 15 0 1 0 3 66 44 0 1 0 3 65 46 0 1 1 35 74 14 0 1 1 35 57
4/4 25 0 1 0 0 73 62 0 1 0 0 70 54 1 5 1 5 56 44 1 5 0 1 73 14 1 5 1 15 67 25 1 5 0 2 65 72 0 2 0 2 63 15 0 1 1 25 70 54 0 1 1 25 59 25 0 1 0 3 57 44 0 1 0 3 59 15 0 1 1 35 67 14 0 1 1 35 56 75 2 25 2 375 64
4/4 55 0 1 0 0 66 52 0 1 0 0 62 54 1 5 1 5 70 44 1 5 0 1 68 14 1 5 1 15 73 52 1 5 0 2 72 52 0 2 0 2 57 53 1 15 1 25 65 74 0 1 0 3 64 55 0 1 0 3 72 24 0 1 1 35 72 75 0 1 1 35 64
4/4 35 0 1 0 0 57 15 0 1 0 0 71 62 1 5 0 0 55 62 0 2 0 0 68 12 1 5 1 5 59 55 0 1 0 1 65 36 0 1 0 1 62 33 1 5 0 1 59 53 1 5 1 15 54 45 0 1 0 2 65 25 0 1 0 2 55 72 0 1 0 2 59 72 0 2 0 2 57 74 0 1 1 25 57 55 0 1 1 25 56 22 1 5 1 25 70 43 1 5 0 3 64 24 0 1 1 35 70 75 0 1 1 35 62 53 0 1 1 35 72
4/4 55 0 1 0 0 72 15 0 1 0 0 58 12 0 1 0 0 64 45 0 2 0 0 63 12 1 5 0 0 55 43 1 5 1 5 60 53 1 5 0 1 57 13 1 15 1 15 62 35 0 1 0 2 72 55 1 5 0 3 65 24 0 1 0 3 73 73 0 1 0 3 54 75 1 5 1 35 66
4/4 35 0 1 0 0 68 15 0 1 0 0 67 42 1 5 0 0 55 42 0 2 0 0 62 62 1 5 1 5 74 55 0 1 0 1 57 36 0 1 0 1 62 12 1 5 0 1 72 33 1 5 1 15 67 45 0 1 0 2 58 25 0 1 0 2 58 52 0 1 0 2 56 52 0 2 0 2 54 74 0 1 1 25 56 55 0 1 1 25 69 72 1 5 1 25 58 22 1 5 0 3 73 24 0 1 1 35 72 75 0 1 1 35 72 43 0 1 1 35 63
4/4 15 1 15 0 0 66 35 0 1 0 0 60 62 0 1 0 0 54 62 1 5 0 0 61 12 1 5 1 5 54 33 1 5 0 1 58 75 0 1 1 15 57 63 0 1 1 15 63 65 2 25 2 175 70 35 0 1 0 2 73 75 0 1 0 2 71 52 1 5 0 2 71 52 0 2 0 2 56 33 1 5 1 25 67 55 0 1 0 3 55 73 0 1 0 3 73 75 0 1 1 35 72 34 0 1 1 35 74
4/4 45 0 1 0 0 56 63 1 5 0 0 64 34 1 5 1 5 55 55 0 1 0 1 64 44 0 1 0 1 64 75 0 1 1 15 66 64 0 1 1 15 59 45 0 1 0 2 70 73 0 1 0 2 54 55 0 1 1 25 68 44 0 1 1 25 71 14 0 1 0 3 63 54 0 1 0 3 66 35 0 1 1 35 58 74 0 1 1 35 67
4/4 55 0 1 0 0 71 33 0 1 0 0 66 33 1 5 0 0 57 45 0 1 1 5 64 73 0 1 1 5 68 35 0 1 0 1 74 34 0 1 0 1 58 24 0 1 1 15 62 44 0 1 1 15 61 74 0 1 0 2 60 54 0 1 0 2 56 54 0 1 0 3 74 74 0 1 0 3 66 55 0 1 0 3 57 33 0 1 0 3 56 34 0 1 0 3 67 74 0 1 1 35 55 24 0 1 1 35 66 75 0 1 1 35 57
4/4 14 0 1 0 0 69 35 0 1 0 0 73 15 0 1 0 0 71 62 1 5 0 0 62 62 0 2 0 0 55 12 1 5 1 5 62 35 0 1 0 1 54 55 0 1 0 1 69 36 0 1 0 1 58 33 1 5 0 1 62 53 1 5 1 15 54 24 0 1 0 2 72 45 0 1 0 2 65 25 0 1 0 2 63 72 0 1 0 2 61 72 0 2 0 2 70 54 0 1 1 25 59 74 0 1 1 25 62 55 0 1 1 25 60 22 1 5 1 25 57 43 1 5 0 3 71 74 0 1 1 35 58 24 0 1 1 35 72 75 0 1 1 35 70 53 0 1 1 35 64
4/4 14 0 1 0 0 65 15 0 1 0 0 70 45 0 2 0 0 57 12 1 5 0 0 71 12 0 4 0 0 62 43 1 5 1 5 54 53 1 5 0 1 65 73 1 5 1 15 69 35 0 1 0 2 70 13 0 2 0 2 68 14 1 5 0 3 72 35 1 5 1 35 56
4/4 45 1 15 0 0 71 63 0 1 0 0 68 13 0 1 0 0 57 34 0 1 0 0 58 55 1 5 1 15 61 45 1 5 0 2 63 713 0 1 0 2 68 23 0 1 0 2 55 44 0 1 0 2 70 55 2 25 1 25 62 45 2 25 2 275 57 35 1 5 0 3 73 24 1 5 1 35 63
4/4 24 0 1 0 0 73 24 0 3 0 0 54 13 0 1 0 0 55 23 0 1 0 0 54 54 0 1 0 0 60 14 0 2 0 1 61 73 0 1 0 2 65 23 0 1 0 2 70 54 0 1 0 2 66 55 1 5 0 3 65 74 0 1 0 3 59 75 1 5 1 35 70
4/4 45 0 1 0 0 66 63 0 1 0 0 65 13 0 1 0 0 57 34 0 1 0 0 55 55 1 5 0 1 54 75 1 5 1 15 63 45 1 5 0 2 67 73 0 1 0 2 61 13 0 1 0 2 70 44 0 1 0 2 63 55 1 5 1 25 67 74 0 1 0 3 62
4/4 14 0 1 0 0 74 44 0 1 0 0 73 13 0 1 0 0 68 54 0 1 0 0 72 34 0 1 0 2 69 55 0 1 0 3 68 15 0 1 0 3 57 75 0 1 1 35 66 25 0 1 1 35 55
4/4 15 0 1 0 0 54 36 0 1 0 0 71 63 1 5 0 0 66 34 1 5 1 5 66 36 0 1 0 1 63 56 0 1 0 1 57 54 1 5 0 1 64 64 1 5 1 15 64 25 0 1 0 2 64 46 0 1 0 2 57 73 0 1 0 2 58 55 0 1 1 25 59 25 0 1 1 25 62 44 1 5 1 25 73 74 1 5 0 3 70 75 0 1 1 35 73 36 0 1 1 35 62 14 0 1 1 35 68
4/4 15 0 1 0 0 63 36 0 1 0 0 60 53 0 1 0 0 74 13 0 1 0 0 60 44 0 1 0 0 63 54 0 1 0 0 73 14 0 1 0 0 64
