4/4 612 1 5 0 0 63 612 0 4 0 0 66 313 1 35 1 5 66 713 1 5 0 1 61 13 1 25 1 15 70
4/4 313 0 4 0 0 54 612 0 4 0 0 54 13 0 4 0 0 62
4/4 52 1 5 0 0 71 52 0 4 0 0 56 22 1 35 1 5 62 613 1 5 0 1 60 73 1 25 1 15 64
4/4 22 0 4 0 0 73 52 0 4 0 0 73 73 0 4 0 0 57
4/4 612 1 5 0 0 70 313 1 5 1 5 73 614 0 1 0 1 58 713 0 1 0 1 74 315 1 5 1 15 58 13 1 25 1 15 57 315 1 5 0 2 60 24 1 5 1 25 68 315 0 1 0 3 68
4/4 315 0 4 0 0 61 13 0 4 0 0 59
4/4 52 1 5 0 0 70 22 1 5 1 5 60 613 1 5 0 1 55 73 1 25 1 15 61 24 1 5 0 2 65 615 1 5 1 25 67 615 1 5 0 3 63 55 1 5 1 35 74
4/4 615 0 4 0 0 65 73 0 4 0 0 58
4/4 74 0 1 0 0 55 35 0 1 0 0 66 13 0 1 0 0 69 44 0 1 0 0 67
4/4
4/4 14 0 1 0 0 63 45 0 1 0 0 65 23 0 1 0 0 74 54 0 1 0 0 59
4/4 14 0 1 0 0 69 45 0 1 0 0 73 23 0 1 0 0 54 54 0 1 0 0 54
4/4 44 0 1 0 0 56 54 0 1 0 0 67 14 1 15 0 0 54 62 0 1 0 0 69 63 0 1 0 0 68 14 0 3 0 1 56 24 1 5 1 15 58 35 1 15 0 2 58 45 1 5 1 35 68
4/4 55 0 3 0 0 68 62 0 1 0 0 61 63 0 1 0 0 55 45 1 5 0 3 56 35 1 5 1 35 64
4/4 54 0 1 0 0 60 614 0 1 0 0 61 24 0 1 0 0 54 52 0 1 0 0 55 53 0 1 0 0 58
4/4 54 0 1 0 0 58 614 0 1 0 0 65 24 0 1 0 0 63 52 0 1 0 0 73 53 0 1 0 0 65
4/4 56 1 5 0 0 62 52 0 1 0 0 68 53 0 1 0 0 59 25 1 5 1 5 67 55 1 5 0 1 60 56 1 5 1 15 72 25 1 5 0 2 59 55 1 5 1 25 57 56 1 5 0 3 69 25 1 5 1 35 74
4/4 55 1 5 0 0 68 52 0 1 0 0 70 53 0 1 0 0 64 56 1 5 1 5 69 25 1 5 0 1 61 55 1 5 1 15 72 56 1 5 0 2 58 25 1 5 1 25 61 55 1 5 0 3 55 56 1 5 1 35 74
4/4 25 1 5 0 0 68 62 0 1 0 0 69 63 0 1 0 0 60 55 1 5 1 5 64 56 1 5 0 1 62 25 1 5 1 15 63 55 1 5 0 2 63 56 1 5 1 25 56 25 1 5 0 3 60 55 1 5 1 35 68
4/4 25 0 1 0 0 54 56 0 1 0 0 62 62 0 1 0 0 54 63 0 1 0 0 54
4/4
4/4 23 0 4 0 0 57 12 0 1 0 0 65 33 0 1 0 0 73
4/4 13 0 2 0 0 61 12 0 1 0 0 58 33 0 1 0 0 56
4/4 13 0 4 0 0 55 72 0 1 0 0 72 222 0 1 0 0 58
4/4 73 0 2 0 0 64 72 0 1 0 0 72 222 0 1 0 0 64
4/4 713 0 4 0 0 64 612 0 1 0 0 70 12 0 1 0 0 66 314 0 1 0 3 65
4/4 714 0 1 0 0 55 613 0 4 0 0 63 612 0 1 0 0 60 12 0 1 0 0 58 14 0 1 0 1 64 24 0 2 0 2 74
2/4 315 0 1 0 0 71 14 0 1 0 1 69
4/4 614 0 1 0 0 69 52 1 5 0 0 67 52 0 4 0 0 59 22 1 35 1 5 63 613 0 1 0 1 74 52 0 1 0 1 54 54 0 3 0 1 72
4/4 23 0 4 0 0 55 613 0 1 0 0 69 52 0 1 0 0 70 22 0 4 0 0 70
4/4 52 0 4 0 0 56 23 0 1 0 1 73 22 0 1 0 1 66 34 0 1 0 3 63 33 0 1 0 3 62
3/4 52 0 3 0 0 70 34 0 1 0 0 61 33 0 1 0 0 62 44 0 1 0 1 71 43 0 1 0 1 68
4/4 13 0 1 0 0 60 62 0 1 0 0 72 33 0 1 0 0 55 54 0 4 0 0 57
4/4 44 0 4 0 0 65 13 0 1 0 0 65 62 0 1 0 0 63 33 0 1 0 0 55
4/4 13 0 2 0 0 67 11 0 1 0 0 61 12 0 1 0 0 55 34 0 1 0 2 74 74 0 1 0 3 54 73 0 1 0 3 63
4/4 614 0 1 0 0 69 613 0 1 0 0 55 44 0 1 0 1 66 43 0 1 0 1 73 223 0 1 0 2 62 44 0 1 0 2 65 72 0 1 0 2 56 73 0 1 0 2 65 64 0 2 0 2 59
4/4 54 0 2 0 0 63 223 0 1 0 0 67 44 0 1 0 0 56 72 0 1 0 0 63 73 0 1 0 0 67 13 0 1 0 2 60 34 0 1 0 2 67 612 0 1 0 2 73 613 0 1 0 2 60 54 0 2 0 2 65
4/4 524 0 2 0 0 69 13 0 1 0 0 71 34 0 1 0 0 64 612 0 1 0 0 72 613 0 1 0 0 69
