4/4 11 0 1 0 0 58 51 0 1 0 0 73 11 0 1 0 0 72 11 0 1 0 3 72 51 0 1 0 3 68 11 0 1 0 3 56 11 0 1 1 35 60 51 0 1 1 35 72 11 0 1 1 35 63
4/4 31 0 1 0 0 54 71 0 1 0 0 67 31 0 1 0 0 64 41 0 1 0 3 55 11 0 1 0 3 63 41 0 1 0 3 66
4/4 611 0 1 0 0 65 312 0 1 0 0 72 611 0 1 0 0 55 61 0 1 0 1 63 32 0 1 0 1 54 61 0 1 0 1 64 41 0 1 1 35 71 11 0 1 1 35 73 41 0 1 1 35 57 521 0 1 2 375 66 221 0 1 2 375 59 521 0 1 2 375 62
4/4 51 0 1 0 0 58 21 0 1 0 0 66 51 0 1 0 0 65
4/4 11 0 1 0 0 61 51 0 1 0 0 70 11 0 1 0 0 58 11 0 1 0 3 69 51 0 1 0 3 73 11 0 1 0 3 74 11 0 1 1 35 60 51 0 1 1 35 62 11 0 1 1 35 62
4/4 31 0 1 0 0 72 71 0 1 0 0 61 31 0 1 0 0 72 41 0 1 0 3 65 11 0 1 0 3 69 41 0 1 0 3 72
4/4 611 0 1 0 0 60 312 0 1 0 0 60 611 0 1 0 0 59 61 0 1 0 1 67 32 0 1 0 1 61 61 0 1 0 1 70 51 0 1 1 35 72 21 0 1 1 35 72 51 0 1 1 35 58
4/4 711 0 1 0 0 64 522 0 1 0 0 68 711 0 1 0 0 67 71 0 1 0 1 64 42 0 1 0 1 72 71 0 1 0 1 54
4/4 53 0 1 0 0 66 11 0 1 0 0 55 51 0 1 0 0 58 11 0 1 0 0 54 523 0 2 0 1 58 11 0 1 0 1 70 51 0 1 0 1 57 11 0 1 0 1 64 11 0 1 0 2 55 51 0 1 0 2 69 11 0 1 0 2 68 22 0 1 0 3 62 11 0 1 0 3 67 51 0 1 0 3 66 11 0 1 0 3 69 33 0 1 1 35 64 11 0 1 1 35 62 51 0 1 1 35 55 11 0 1 1 35 66
4/4 313 0 1 0 0 60 11 0 1 0 0 58 51 0 1 0 0 63 11 0 1 0 0 56 72 0 3 0 1 58 11 0 1 0 1 60 51 0 1 0 1 66 11 0 1 0 1 62 11 0 1 0 2 67 51 0 1 0 2 70 11 0 1 0 2 54 11 0 1 0 3 62 51 0 1 0 3 54 11 0 1 0 3 55 11 0 1 1 35 69 51 0 1 1 35 66 11 0 1 1 35 65
4/4 612 1 5 0 0 57 11 0 1 0 0 57 51 0 1 0 0 58 11 0 1 0 0 70 523 0 1 1 5 61 11 0 1 0 1 56 51 0 1 0 1 70 11 0 1 0 1 68 43 1 5 1 15 73 613 1 15 0 2 54 11 0 1 0 2 72 51 0 1 0 2 74 11 0 1 0 2 71 11 0 1 0 3 74 51 0 1 0 3 69 11 0 1 0 3 71 523 0 1 1 35 54 11 0 1 1 35 64 51 0 1 1 35 54 11 0 1 1 35 57 53 2 25 2 375 73
4/4 63 0 3 0 0 54 11 0 1 0 0 60 51 0 1 0 0 58 11 0 1 0 0 55 11 0 1 0 1 65 51 0 1 0 1 70 11 0 1 0 1 66 11 0 1 0 2 64 51 0 1 0 2 58 11 0 1 0 2 62 11 0 1 0 3 71 51 0 1 0 3 59 11 0 1 0 3 69 713 0 1 1 35 63 11 0 1 1 35 62 51 0 1 1 35 72 11 0 1 1 35 73
4/4 43 0 1 0 0 70 11 0 1 0 0 59 51 0 1 0 0 71 11 0 1 0 0 68 11 0 1 0 1 70 51 0 1 0 1 70 11 0 1 0 1 72 613 1 5 1 15 64 33 0 1 0 2 64 11 0 1 0 2 71 51 0 1 0 2 71 11 0 1 0 2 60 11 0 1 0 3 58 51 0 1 0 3 61 11 0 1 0 3 69 523 0 1 1 35 58 11 0 1 1 35 66 51 0 1 1 35 74 11 0 1 1 35 56
4/4 12 2 25 0 0 74 11 0 1 0 0 58 51 0 1 0 0 65 11 0 1 0 0 74 222 2 25 2 25 60 22 1 25 1 5 56 11 0 1 0 1 65 51 0 1 0 1 56 11 0 1 0 1 68 11 0 1 0 2 58 51 0 1 0 2 60 11 0 1 0 2 57 11 0 1 0 3 73 51 0 1 0 3 73 11 0 1 0 3 72 11 0 1 1 35 59 51 0 1 1 35 63 11 0 1 1 35 65
4/4 12 2 25 0 0 70 11 0 1 0 0 63 51 0 1 0 0 71 11 0 1 0 0 62 33 2 25 2 25 66 43 2 25 1 5 70 63 2 25 2 75 73 713 0 1 0 1 59 11 0 1 0 1 68 51 0 1 0 1 72 11 0 1 0 1 57 73 1 5 0 2 66 11 0 1 0 2 72 51 0 1 0 2 61 11 0 1 0 2 65 73 2 25 1 25 56 613 2 25 2 275 63 63 0 1 0 3 57 11 0 1 0 3 68 51 0 1 0 3 60 11 0 1 0 3 66 13 1 5 1 35 61 11 0 1 1 35 57 51 0 1 1 35 68 11 0 1 1 35 58
4/4 11 0 1 0 0 60 51 0 1 0 0 57 11 0 1 0 0 63 13 0 4 0 0 73 11 0 1 0 1 69 51 0 1 0 1 71 11 0 1 0 1 71 11 0 1 0 2 64 51 0 1 0 2 73 11 0 1 0 2 62 11 0 1 0 3 58 51 0 1 0 3 59 11 0 1 0 3 66 11 0 1 1 35 70 51 0 1 1 35 54 11 0 1 1 35 71
4/4 11 0 1 0 0 66 51 0 1 0 0 69 11 0 1 0 0 69 11 0 1 0 3 55 51 0 1 0 3 59 11 0 1 0 3 67 11 0 1 1 35 57 51 0 1 1 35 74 11 0 1 1 35 73
4/4 31 0 1 0 0 64 71 0 1 0 0 74 31 0 1 0 0 72 41 0 1 0 3 69 11 0 1 0 3 71 41 0 1 0 3 58
4/4 611 0 1 0 0 65 312 0 1 0 0 59 611 0 1 0 0 65 61 0 1 0 1 69 32 0 1 0 1 59 61 0 1 0 1 73 41 0 1 1 35 72 11 0 1 1 35 61 41 0 1 1 35 65 521 0 1 2 375 71 221 0 1 2 375 73 521 0 1 2 375 67
4/4 51 0 1 0 0 68 21 0 1 0 0 64 51 0 1 0 0 72
4/4 11 0 1 0 0 56 51 0 1 0 0 66 11 0 1 0 0 58
