4/4 523 0 1 0 0 64 63 0 1 0 0 66 712 0 1 0 0 65
4/4 523 0 1 0 0 74 63 0 1 0 0 65 222 0 1 0 0 69 311 0 1 0 0 68 311 0 1 0 0 60
4/4 311 1 5 0 0 68 523 0 1 0 0 56 63 0 1 0 0 69 222 0 1 0 0 66 711 1 5 1 5 54 62 1 5 0 1 72 712 1 5 1 15 58 222 1 5 0 2 61 712 1 5 1 25 64 313 1 5 0 3 70 222 1 5 1 35 74
4/4 311 1 5 0 0 67 523 0 1 0 0 70 63 0 1 0 0 73 222 0 1 0 0 69 711 1 5 1 5 73 62 1 5 0 1 54 712 1 5 1 15 63 222 1 5 0 2 60 712 1 5 1 25 56 713 0 1 0 3 74 312 0 1 0 3 60 314 0 1 1 35 67 221 0 1 1 35 73
4/4 314 1 35 0 0 58 311 0 1 0 0 61 311 0 1 0 0 65 711 1 5 1 5 54 62 1 5 0 1 60 712 1 5 1 15 67 222 1 5 0 2 71 712 1 5 1 25 66 313 1 5 0 3 70 34 0 1 1 35 65 524 0 1 1 35 66 221 0 1 1 35 70
4/4 34 0 1 0 0 61 524 0 1 0 0 71 311 0 1 0 0 74 314 0 1 1 5 70 64 0 1 1 5 54 711 0 1 1 5 58 314 0 1 0 1 62 63 0 1 0 1 56 62 1 5 0 1 61 712 1 5 1 15 72 222 1 5 0 2 59 712 1 5 1 25 55 313 1 5 0 3 63 223 0 1 1 35 58 64 0 1 1 35 68 221 0 1 1 35 67 223 0 1 2 375 74 524 0 1 2 375 56 713 0 1 2 375 65
4/4 311 0 1 0 0 56 311 0 1 0 0 71 223 0 1 0 0 63 524 0 1 0 0 65 713 0 1 0 0 66 711 1 5 1 5 57 524 0 2 0 1 60 223 0 3 0 1 74 62 1 5 0 1 64 712 1 5 1 15 54 222 1 5 0 2 62 712 1 5 1 25 64 314 0 1 0 3 71 312 0 1 0 3 73 524 0 1 1 35 66 221 0 1 1 35 58
4/4 713 0 1 0 0 68 314 0 1 0 0 70 63 0 1 0 0 74 311 1 5 0 0 63 711 1 5 1 5 60 62 1 5 0 1 65 712 1 5 1 15 65 222 1 5 0 2 62 712 1 5 1 25 74 63 0 1 0 3 60 64 0 1 0 3 66 312 0 1 0 3 54 713 0 1 1 35 57 714 0 1 1 35 68 221 0 1 1 35 57 314 0 1 2 375 74 64 0 1 2 375 55 314 0 1 2 375 58
4/4 221 0 1 0 0 66 221 0 1 0 0 63 314 0 1 0 0 55 64 0 1 0 0 64 314 0 1 0 0 70 62 1 5 1 5 61 712 1 5 0 1 72 314 0 1 1 15 57 64 0 1 1 15 58 315 0 1 1 15 63 312 0 1 1 15 68 314 0 1 0 2 66 64 0 1 0 2 73 315 0 1 0 2 59 711 0 1 0 2 70 34 0 1 1 25 60 64 0 1 1 25 59 35 0 1 1 25 72 61 0 1 1 25 61 63 0 1 0 3 69 713 0 1 0 3 69 64 0 1 0 3 74 32 0 1 0 3 60 713 0 1 1 35 70 34 0 1 1 35 65 714 0 1 1 35 60 711 0 1 1 35 60 223 0 1 2 375 60 314 0 1 2 375 66 614 0 1 2 375 59 223 0 1 2 375 61
4/4 611 0 1 0 0 74 611 0 1 0 0 67 223 0 1 0 0 65 314 0 1 0 0 67 614 0 1 0 0 56 223 0 1 0 0 64 312 1 5 1 5 62 713 0 1 0 1 59 314 0 1 0 1 62 714 0 1 0 1 59 521 0 1 0 1 59 613 0 1 1 15 72 314 0 1 1 15 59 614 0 1 1 15 54 611 0 1 1 15 63 713 0 1 2 175 63 314 0 1 2 175 61 64 0 1 2 175 68 713 0 1 2 175 73 61 0 1 0 2 73 61 0 1 0 2 68 312 1 5 1 25 57 313 0 1 0 3 61 314 0 1 0 3 70 711 0 1 0 3 73 523 0 1 1 35 65 524 0 1 1 35 63 311 0 1 1 35 69 63 0 1 2 375 67 223 0 1 2 375 60 314 0 1 2 375 67 63 0 1 2 375 54
4/4 521 0 1 0 0 64 521 0 1 0 0 58 63 0 1 0 0 63 223 0 1 0 0 60 314 0 1 0 0 56 63 0 1 0 0 73 72 1 5 1 5 64 223 0 1 0 1 68 221 0 1 0 1 63 314 0 1 1 15 69 71 0 1 1 15 54 63 0 1 2 175 67 223 0 1 2 175 61 314 0 1 2 175 72 63 0 1 2 175 54 521 1 5 0 2 65 612 1 5 1 25 59 524 0 1 0 3 61 221 0 1 0 3 73 314 0 1 1 35 72 611 0 1 1 35 68 523 2 25 2 375 57 613 0 1 2 375 70 223 0 1 2 375 61 523 0 1 2 375 61
4/4 711 0 1 0 0 67 711 0 1 0 0 73 523 3 2417 0 0 69 613 0 1 0 0 56 223 0 1 0 0 74 523 0 1 0 0 55 522 1 5 1 5 61 612 1 5 0 1 55 222 1 5 1 15 67 523 0 1 0 2 74 33 1 5 1 25 55 713 0 1 0 3 65 711 0 1 0 3 66 314 0 1 1 35 73 611 0 1 1 35 54
4/4 314 1 35 0 0 66 311 0 1 0 0 71 311 0 1 0 0 62 711 1 5 1 5 56 62 1 5 0 1 62 712 1 5 1 15 59 222 1 5 0 2 70 712 1 5 1 25 68 313 1 5 0 3 68 34 0 1 1 35 61 524 0 1 1 35 66 221 0 1 1 35 62
4/4 34 0 1 0 0 60 524 0 1 0 0 74 311 0 1 0 0 66 314 0 1 1 5 66 64 0 1 1 5 64 711 0 1 1 5 68 314 0 1 0 1 69 63 0 1 0 1 68 62 1 5 0 1 64 712 1 5 1 15 55 222 1 5 0 2 61 712 1 5 1 25 55 313 1 5 0 3 59 223 0 1 1 35 68 64 0 1 1 35 71 221 0 1 1 35 63 223 0 1 2 375 66 524 0 1 2 375 67 713 0 1 2 375 72
4/4 311 0 1 0 0 54 311 0 1 0 0 64 223 0 1 0 0 59 524 0 1 0 0 61 713 0 1 0 0 68 711 1 5 1 5 54 524 0 2 0 1 71 223 0 3 0 1 62 62 1 5 0 1 56 712 1 5 1 15 66 222 1 5 0 2 63 712 1 5 1 25 69 314 0 1 0 3 70 312 0 1 0 3 59 524 0 1 1 35 58 221 0 1 1 35 71
4/4 713 0 1 0 0 67 314 0 1 0 0 71 63 0 1 0 0 61 311 1 5 0 0 61 711 1 5 1 5 58 62 1 5 0 1 54 712 1 5 1 15 72 222 1 5 0 2 69 712 1 5 1 25 55 63 0 1 0 3 71 64 0 1 0 3 73 312 0 1 0 3 67 713 0 1 1 35 69 714 0 1 1 35 72 221 0 1 1 35 71 314 0 1 2 375 72 64 0 1 2 375 54 314 0 1 2 375 65
4/4 221 0 1 0 0 58 221 0 1 0 0 58 314 0 1 0 0 54 64 0 1 0 0 62 314 0 1 0 0 74 62 1 5 1 5 67 712 1 5 0 1 57 314 0 1 1 15 72 64 0 1 1 15 62 315 0 1 1 15 56 312 0 1 1 15 59 314 0 1 0 2 72 64 0 1 0 2 67 315 0 1 0 2 60 711 0 1 0 2 60 34 0 1 1 25 67 64 0 1 1 25 68 35 0 1 1 25 55 61 0 1 1 25 71 63 0 1 0 3 68 713 0 1 0 3 71 64 0 1 0 3 72 32 0 1 0 3 66 713 0 1 1 35 55 34 0 1 1 35 73 714 0 1 1 35 62 711 0 1 1 35 59 223 0 1 2 375 65 314 0 1 2 375 64 614 0 1 2 375 73 223 0 1 2 375 72
4/4 611 0 1 0 0 63 611 0 1 0 0 67 223 0 1 0 0 58 314 0 1 0 0 60 614 0 1 0 0 70 223 0 1 0 0 62 312 1 5 1 5 68 713 0 1 0 1 73 314 0 1 0 1 60 714 0 1 0 1 66 521 0 1 0 1 67 613 0 1 1 15 72 314 0 1 1 15 66 614 0 1 1 15 63 611 0 1 1 15 69 713 0 1 2 175 74 314 0 1 2 175 63 64 0 1 2 175 54 713 0 1 2 175 60 61 0 1 0 2 68 61 0 1 0 2 67 312 1 5 1 25 71 313 0 1 0 3 65 314 0 1 0 3 62 711 0 1 0 3 56 523 0 1 1 35 67 524 0 1 1 35 74 311 0 1 1 35 58 63 0 1 2 375 71 223 0 1 2 375 57 314 0 1 2 375 59 63 0 1 2 375 64
4/4 521 0 1 0 0 74 521 0 1 0 0 69 63 0 1 0 0 74 223 0 1 0 0 70 314 0 1 0 0 66 63 0 1 0 0 63 221 1 5 1 5 57 223 0 1 0 1 71 611 0 1 0 1 60 314 0 1 1 15 59 221 0 1 1 15 73 613 0 1 2 175 56 34 0 1 2 175 62 524 0 1 2 175 71 711 0 1 2 175 54 711 0 1 2 175 58 64 0 1 1 25 64 611 0 1 1 25 59 524 0 1 0 3 61 712 1 5 0 3 56 612 1 5 1 35 58 523 0 1 2 375 66 63 0 1 2 375 70 713 0 1 2 375 57 313 0 1 2 375 58
4/4 311 0 1 0 0 67 311 0 1 0 0 68 523 0 1 0 0 65 63 0 1 0 0 64 713 0 1 0 0 72 313 0 1 0 0 55 711 1 5 1 5 59 62 1 5 0 1 74 712 1 5 1 15 57 222 1 5 0 2 70 712 1 5 1 25 63 313 1 5 0 3 62 313 0 1 1 35 73 221 0 1 1 35 70
4/4 613 0 1 0 0 71 611 0 1 0 0 74 611 0 1 0 0 68 63 0 1 1 5 67 311 0 1 1 5 62 523 0 1 0 1 58 61 0 1 0 1 56 313 0 1 1 15 56 611 0 1 1 15 70 523 0 1 0 2 63 712 1 5 0 2 62 612 1 5 1 25 74 713 0 1 0 3 69 221 0 1 0 3 54 63 0 1 1 35 55 711 0 1 1 35 73
4/4 523 0 3 0 0 63 711 0 1 0 0 60 711 0 1 0 0 62 522 1 5 1 5 65 62 1 5 0 1 56 612 1 5 1 15 65 712 1 5 0 2 73 612 1 5 1 25 71 222 1 5 0 3 57 523 0 1 1 35 73 711 0 1 1 35 55
4/4 613 0 1 0 0 74 611 0 1 0 0 61 611 0 1 0 0 61 63 0 1 1 5 74 311 0 1 1 5 67 523 0 1 0 1 60 61 0 1 0 1 64 313 0 1 1 15 71 611 0 1 1 15 62 523 0 1 0 2 69 712 1 5 0 2 59 612 1 5 1 25 54 713 0 1 0 3 67 32 0 1 0 3 68 223 0 1 1 35 74 711 0 1 1 35 66
4/4 713 0 2 0 0 69 61 0 1 0 0 61 61 0 1 0 0 72 32 1 5 1 5 65 62 1 5 0 1 73 712 1 5 1 15 68 222 1 5 0 2 57 63 0 1 1 25 54 64 0 1 1 25 64 711 0 1 1 25 55 713 0 1 0 3 69 714 0 1 0 3 54 32 0 1 0 3 56 63 0 1 1 35 62 64 0 1 1 35 56 711 0 1 1 35 72
4/4 523 0 1 0 0 58 523 0 1 0 0 69 611 1 5 0 0 74 312 1 5 1 5 68 222 1 5 0 1 57 312 1 5 1 15 56 711 1 5 0 2 55 63 0 1 1 25 60 64 0 1 1 25 69 521 0 1 1 25 65 713 0 1 0 3 74 714 0 1 0 3 66 32 0 1 0 3 69 63 0 1 1 35 57 64 0 1 1 35 62 521 0 1 1 35 67 63 0 1 2 375 73 713 0 1 2 375 73 223 0 1 2 375 55 313 0 1 2 375 57
4/4 221 1 5 0 0 57 63 0 1 0 0 72 713 0 1 0 0 58 223 0 1 0 0 59 313 0 1 0 0 72 62 1 5 1 5 67 313 1 5 0 1 59 222 1 5 1 15 64 33 1 5 0 2 60 314 0 1 1 25 71 64 0 1 1 25 62 315 0 1 1 25 59 221 0 1 1 25 57 34 0 1 0 3 58 35 0 1 0 3 58 711 0 1 0 3 74 223 0 1 1 35 54 224 0 1 1 35 58 611 0 1 1 35 66
4/4 314 0 1 0 0 68 64 0 1 0 0 58 315 0 1 0 0 56 21 0 1 0 0 54 524 0 1 1 5 61 525 0 1 1 5 73 611 0 1 1 5 72 524 0 1 0 1 60 524 0 1 0 1 70 523 1 5 0 1 56 612 1 5 1 15 71 313 1 5 0 2 60 612 1 5 1 25 68 22 1 5 0 3 70 222 2 25 1 35 61 12 2 25 2 375 70
4/4 712 0 1 0 0 64 711 0 1 0 0 54 711 0 1 0 0 58 63 0 1 0 1 58 223 0 1 0 1 68 314 0 1 0 1 56 64 0 1 0 1 61 711 0 1 0 1 61 311 0 1 0 1 55 613 0 1 0 2 57 223 0 1 0 2 61 314 0 1 0 2 54 614 0 1 0 2 73 711 0 1 0 2 69 521 0 1 0 2 58 223 0 1 0 3 60 524 0 1 0 3 68 614 0 1 0 3 70 224 0 1 0 3 64 711 0 1 0 3 64 611 0 1 0 3 74
4/4 713 0 1 0 0 60 314 0 1 0 0 64 64 0 1 0 0 60 713 0 1 0 0 68 311 0 1 0 0 67 311 0 1 0 0 73 711 1 5 1 5 73 62 1 5 0 1 66 712 1 5 1 15 57 222 1 5 0 2 67 713 0 1 1 25 64 64 0 1 1 25 73 714 0 1 1 25 62 711 0 1 1 25 74 314 0 1 0 3 61 315 0 1 0 3 74 312 0 1 0 3 68 524 0 1 1 35 69 525 0 1 1 35 55 221 0 1 1 35 57
4/4 524 0 1 0 0 71 525 0 1 0 0 69 61 0 1 0 0 71 61 0 1 0 0 60 64 0 1 1 5 55 65 0 1 1 5 71 311 0 1 1 5 63 314 0 1 0 1 66 315 0 1 0 1 62 11 0 1 0 1 54 34 0 1 1 15 68 35 0 1 1 15 56 522 0 1 1 15 65 314 0 1 2 175 65 614 0 1 2 175 59 224 0 1 2 175 57 314 0 1 2 175 62 611 0 1 0 2 74 611 0 1 0 2 61 312 1 5 1 25 74 222 1 5 0 3 70 314 0 1 1 35 64 614 0 1 1 35 60 224 0 1 1 35 73 315 0 1 1 35 66 611 0 1 1 35 66
4/4 314 0 1 0 0 71 614 0 1 0 0 63 224 0 1 0 0 56 315 0 1 0 0 72 521 0 1 0 0 70 521 0 1 0 0 73 524 0 1 1 5 61 525 0 1 1 5 67 611 0 1 1 5 57 34 0 1 0 1 74 35 0 1 0 1 57 221 0 1 0 1 58 223 0 1 1 15 57 224 0 1 1 15 69 521 0 1 1 15 65 13 0 1 0 2 58 314 0 1 0 2 54 614 0 1 0 2 70 14 0 1 0 2 60 611 0 1 0 2 55 611 0 1 0 2 62 23 0 1 1 25 69 24 0 1 1 25 73 11 0 1 1 25 66 713 0 1 0 3 67 714 0 1 0 3 70 312 0 1 0 3 62 613 0 1 1 35 65 614 0 1 1 35 68 11 0 1 1 35 57 713 0 1 2 375 58 524 0 1 2 375 68 614 0 1 2 375 65 713 0 1 2 375 73
4/4 711 0 1 0 0 54 711 0 1 0 0 73 713 0 1 0 0 74 524 0 1 0 0 55 614 0 1 0 0 58 713 0 1 0 0 58 522 1 5 1 5 59 712 1 5 0 1 59 222 1 5 1 15 70 711 0 1 0 2 65 711 0 1 0 2 58 63 0 1 1 25 74 223 0 1 1 25 62 314 0 1 1 25 71 63 0 1 1 25 72 613 0 1 2 275 57 223 0 1 2 275 66 314 0 1 2 275 57 613 0 1 2 275 74 522 0 1 2 275 55 612 0 1 2 275 71 712 0 1 2 275 67 32 0 1 2 275 68 223 0 1 1 35 65 524 0 1 1 35 56 614 0 1 1 35 61 223 0 1 1 35 55
4/4 713 0 1 0 0 58 314 0 1 0 0 66 64 0 1 0 0 68 713 0 1 0 0 64 311 0 1 0 0 55 311 0 1 0 0 57 711 1 5 1 5 63 62 1 5 0 1 66 712 1 5 1 15 70 222 1 5 0 2 71 713 0 1 1 25 57 64 0 1 1 25 70 714 0 1 1 25 64 711 0 1 1 25 74 314 0 1 0 3 72 315 0 1 0 3 67 312 0 1 0 3 56 524 0 1 1 35 54 525 0 1 1 35 55 221 0 1 1 35 73
2/4 524 0 1 0 0 67 525 0 1 0 0 64 61 0 1 0 0 71 61 0 1 0 0 64 64 0 1 1 5 68 65 0 1 1 5 55 11 0 1 1 5 58 314 0 1 0 1 73 315 0 1 0 1 56 312 0 1 0 1 55 34 0 1 1 15 69 35 0 1 1 15 71 32 0 1 1 15 58 314 0 1 2 175 70 64 0 1 2 175 74 314 0 1 2 175 74
4/4 221 0 1 0 0 58 221 0 1 0 0 73 314 0 1 0 0 61 64 0 1 0 0 56 314 0 1 0 0 64 62 1 5 1 5 62 313 1 5 0 1 59 63 0 1 1 15 56 64 0 1 1 15 60 61 0 1 1 15 69 34 0 1 2 175 59 64 0 1 2 175 58 34 0 1 2 175 54 711 0 1 0 2 55 711 0 1 0 2 66 62 1 5 1 25 65 33 1 5 0 3 69 63 0 1 1 35 66 64 0 1 1 35 56 61 0 1 1 35 54 223 0 1 2 375 65 314 0 1 2 375 61 223 0 1 2 375 67
4/4 611 0 1 0 0 70 611 0 1 0 0 68 223 0 1 0 0 56 314 0 1 0 0 69 223 0 1 0 0 56 312 1 5 1 5 56 222 1 5 0 1 74 312 1 5 1 15 69 611 1 5 0 2 63 223 0 1 1 25 65 314 0 1 1 25 60 224 0 1 1 25 59 311 0 1 1 25 60 713 0 1 0 3 72 314 0 1 0 3 73 714 0 1 0 3 55 221 0 1 0 3 58 613 0 1 1 35 67 314 0 1 1 35 70 614 0 1 1 35 71 311 0 1 1 35 69 713 0 1 2 375 57 314 0 1 2 375 68 713 0 1 2 375 56
4/4 61 1 5 0 0 55 713 0 1 0 0 60 314 0 1 0 0 73 713 0 1 0 0 68 312 1 5 1 5 56 314 0 1 0 1 68 711 0 1 0 1 60 714 0 1 1 15 55 311 0 1 1 15 58 713 0 1 2 175 67 314 0 1 2 175 67 524 0 1 2 175 74 713 0 1 2 175 58 521 1 5 0 2 65 221 1 5 1 25 73 614 0 1 0 3 67 612 1 5 0 3 64 221 1 5 1 35 69 713 0 1 2 375 72 223 0 1 2 375 65 34 0 1 2 375 67 63 0 1 2 375 63
4/4 711 1 5 0 0 57 713 0 1 0 0 57 223 0 1 0 0 67 34 0 1 0 0 73 63 0 1 0 0 71 522 1 5 1 5 65 223 0 1 0 1 67 711 0 1 0 1 70 64 0 1 1 15 56 521 0 1 1 15 55 613 0 1 0 2 59 64 0 1 0 2 62 711 0 1 0 2 55 32 0 1 0 2 64 711 0 1 0 2 61 613 0 1 0 3 56 524 0 1 0 3 68 11 0 1 0 3 59 32 0 1 0 3 60 11 0 1 0 3 72
4/4 314 0 4 0 0 71 63 0 1 0 0 66 221 0 1 0 0 73 223 0 1 1 5 66 611 0 1 1 5 70 713 0 1 0 1 67 711 0 1 0 1 62 613 0 1 1 15 69 312 0 1 1 15 71 63 0 1 0 2 70 612 1 5 0 2 55 712 1 5 1 25 58 523 0 1 0 3 70 313 1 5 0 3 65 712 1 5 1 35 55 313 0 1 2 375 74 63 0 1 2 375 71 713 0 1 2 375 65 313 0 1 2 375 68
4/4 311 1 5 0 0 65 313 0 1 0 0 55 63 0 1 0 0 67 713 0 1 0 0 57 313 0 1 0 0 66 711 1 5 1 5 61 312 1 5 0 1 57 712 1 5 1 15 71 313 0 1 0 2 60
4/4 614 0 1 0 0 73 223 0 1 0 0 71 611 0 1 0 0 70 64 0 1 0 1 70 524 0 1 0 2 71 34 0 1 0 2 54 711 0 1 0 2 66
4/4 64 0 1 0 0 73 34 0 3 0 0 70 62 0 2 0 0 60 524 0 1 0 1 56 314 0 1 0 2 65 221 0 1 0 2 58 223 0 1 0 3 70
4/4 524 0 1 0 0 63 22 0 1 0 0 54 22 0 4 0 0 58 314 0 1 0 1 54 222 0 1 0 1 72 23 0 1 0 2 61 712 0 1 0 2 71 223 0 1 0 3 71 612 0 1 0 3 59
4/4 34 0 1 0 0 68 62 0 1 0 0 63 32 0 1 0 0 63 223 0 2 0 0 61 13 0 2 0 2 62
4/4 613 0 1 0 0 69 222 0 3 0 0 57 611 0 1 0 0 59 311 0 1 0 0 63 63 0 1 0 1 69 523 0 1 0 2 67 711 0 1 0 2 64 521 0 1 0 2 58 33 0 1 0 3 56
4/4 63 0 1 0 0 61 11 0 1 0 0 57 61 0 1 0 0 69 33 0 3 0 0 69 523 0 1 0 1 59 313 0 1 0 2 73 221 0 1 0 2 71 61 0 1 0 2 70 222 0 1 0 3 71
4/4 523 0 1 0 0 54 22 0 3 0 0 64 21 0 1 0 0 58 611 0 1 0 0 74 313 0 1 0 1 65 22 0 2 0 2 72 222 0 1 0 3 71
4/4 222 0 2 0 0 55 62 0 1 0 0 67 33 0 1 0 0 66 61 0 1 0 0 65 31 0 1 0 0 74 12 0 2 0 2 65
4/4 713 0 1 0 0 69 314 0 1 0 0 67 713 0 1 0 0 72 311 0 1 0 0 64 311 0 1 0 0 59 711 1 5 1 5 71 62 1 5 0 1 64 712 1 5 1 15 64 222 1 5 0 2 67 712 1 5 1 25 69 313 1 5 0 3 67 222 1 5 1 35 62
4/4 311 1 5 0 0 72 713 0 1 0 0 59 314 0 1 0 0 74 713 0 1 0 0 66 711 1 5 1 5 62 62 1 5 0 1 69 712 1 5 1 15 54 222 1 5 0 2 60 712 1 5 1 25 68 313 1 5 0 3 62 222 1 5 1 35 55
4/4 714 0 3 0 0 63 611 1 5 0 0 60 312 1 5 1 5 62 222 1 5 0 1 63 313 1 5 1 15 70 63 0 1 0 2 70 614 0 1 0 3 58
4/4 64 0 4 0 0 56 63 0 1 2 75 55 13 0 1 2 75 68 62 0 1 2 75 69 32 0 1 2 75 63
4/4 524 0 3 0 0 63 612 1 5 0 0 64 313 1 5 1 5 62 63 1 5 0 1 63 34 1 5 1 15 63 223 0 1 0 2 62 223 1 5 0 3 55 524 1 5 1 35 62
4/4 64 0 3 0 0 67 712 1 5 0 0 67 523 1 5 1 5 74 63 1 5 0 1 65 34 1 5 1 15 55 223 0 1 0 2 62 614 0 1 0 3 62
4/4 314 0 1 0 0 55 64 0 1 0 0 67 713 0 1 0 0 58 311 1 5 0 0 63 711 1 5 1 5 65 62 1 5 0 1 63 712 1 5 1 15 59 222 1 5 0 2 58 712 1 5 1 25 60 313 1 5 0 3 62 222 1 5 1 35 58
4/4 311 1 5 0 0 70 314 0 1 0 0 74 64 0 1 0 0 71 713 0 1 0 0 72 711 1 5 1 5 65 62 1 5 0 1 74 712 1 5 1 15 70 222 1 5 0 2 62 712 1 5 1 25 65 313 1 5 0 3 57 222 1 5 1 35 59 314 0 1 2 375 66 311 0 1 2 375 54 524 0 1 2 375 63 711 0 1 2 375 73 64 0 1 2 375 57 714 0 1 2 375 61 311 0 1 2 375 67
4/4 314 0 1 0 0 67 311 0 1 0 0 55 524 0 1 0 0 68 711 0 1 0 0 59 64 0 1 0 0 68 714 0 1 0 0 65 311 0 1 0 0 55
