4/4 611 1 5 0 0 64 611 0 4 0 0 64 312 1 35 1 5 64 712 1 5 0 1 64 12 1 25 1 15 64
4/4 312 0 4 0 0 64 611 0 4 0 0 64 12 0 4 0 0 64
4/4 51 1 5 0 0 64 51 0 4 0 0 64 21 1 35 1 5 64 612 1 5 0 1 64 72 1 25 1 15 64
4/4 21 0 4 0 0 64 51 0 4 0 0 64 72 0 4 0 0 64
4/4 611 1 5 0 0 64 312 1 5 1 5 64 613 0 1 0 1 64 712 0 1 0 1 64 314 1 5 1 15 64 12 1 25 1 15 64 314 1 5 0 2 64 23 1 5 1 25 64 314 0 1 0 3 64
4/4 314 0 4 0 0 64 12 0 4 0 0 64
4/4 51 1 5 0 0 64 21 1 5 1 5 64 612 1 5 0 1 64 72 1 25 1 15 64 23 1 5 0 2 64 614 1 5 1 25 64 614 1 5 0 3 64 54 1 5 1 35 64
4/4 614 0 4 0 0 64 72 0 4 0 0 64
4/4 73 0 1 0 0 64 34 0 1 0 0 64 12 0 1 0 0 64 43 0 1 0 0 64
4/4
4/4 13 0 1 0 0 64 44 0 1 0 0 64 22 0 1 0 0 64 53 0 1 0 0 64
4/4 13 0 1 0 0 64 44 0 1 0 0 64 22 0 1 0 0 64 53 0 1 0 0 64
4/4 43 0 1 0 0 64 53 0 1 0 0 64 13 1 15 0 0 64 61 0 1 0 0 64 62 0 1 0 0 64 13 0 3 0 1 64 23 1 5 1 15 64 34 1 15 0 2 64 44 1 5 1 35 64
4/4 54 0 3 0 0 64 61 0 1 0 0 64 62 0 1 0 0 64 44 1 5 0 3 64 34 1 5 1 35 64
4/4 53 0 1 0 0 64 613 0 1 0 0 64 23 0 1 0 0 64 51 0 1 0 0 64 52 0 1 0 0 64
4/4 53 0 1 0 0 64 613 0 1 0 0 64 23 0 1 0 0 64 51 0 1 0 0 64 52 0 1 0 0 64
4/4 55 1 5 0 0 64 51 0 1 0 0 64 52 0 1 0 0 64 24 1 5 1 5 64 54 1 5 0 1 64 55 1 5 1 15 64 24 1 5 0 2 64 54 1 5 1 25 64 55 1 5 0 3 64 24 1 5 1 35 64
4/4 54 1 5 0 0 64 51 0 1 0 0 64 52 0 1 0 0 64 55 1 5 1 5 64 24 1 5 0 1 64 54 1 5 1 15 64 55 1 5 0 2 64 24 1 5 1 25 64 54 1 5 0 3 64 55 1 5 1 35 64
4/4 24 1 5 0 0 64 61 0 1 0 0 64 62 0 1 0 0 64 54 1 5 1 5 64 55 1 5 0 1 64 24 1 5 1 15 64 54 1 5 0 2 64 55 1 5 1 25 64 24 1 5 0 3 64 54 1 5 1 35 64
4/4 24 0 1 0 0 64 55 0 1 0 0 64 61 0 1 0 0 64 62 0 1 0 0 64
4/4
4/4 22 0 4 0 0 64 11 0 1 0 0 64 32 0 1 0 0 64
4/4 12 0 2 0 0 64 11 0 1 0 0 64 32 0 1 0 0 64
4/4 12 0 4 0 0 64 71 0 1 0 0 64 221 0 1 0 0 64
4/4 72 0 2 0 0 64 71 0 1 0 0 64 221 0 1 0 0 64
4/4 712 0 4 0 0 64 611 0 1 0 0 64 11 0 1 0 0 64 313 0 1 0 3 64
4/4 713 0 1 0 0 64 612 0 4 0 0 64 611 0 1 0 0 64 11 0 1 0 0 64 13 0 1 0 1 64 23 0 2 0 2 64
2/4 314 0 1 0 0 64 13 0 1 0 1 64
4/4 613 0 1 0 0 64 51 1 5 0 0 64 51 0 4 0 0 64 21 1 35 1 5 64 612 0 1 0 1 64 51 0 1 0 1 64 53 0 3 0 1 64
4/4 22 0 4 0 0 64 612 0 1 0 0 64 51 0 1 0 0 64 21 0 4 0 0 64
4/4 51 0 4 0 0 64 22 0 1 0 1 64 21 0 1 0 1 64 33 0 1 0 3 64 32 0 1 0 3 64
3/4 51 0 3 0 0 64 33 0 1 0 0 64 32 0 1 0 0 64 43 0 1 0 1 64 42 0 1 0 1 64
4/4 12 0 1 0 0 64 61 0 1 0 0 64 32 0 1 0 0 64 53 0 4 0 0 64
4/4 43 0 4 0 0 64 12 0 1 0 0 64 61 0 1 0 0 64 32 0 1 0 0 64
4/4 12 0 2 0 0 64 11 0 1 0 0 64 11 0 1 0 0 64 33 0 1 0 2 64 73 0 1 0 3 64 72 0 1 0 3 64
4/4 613 0 1 0 0 64 612 0 1 0 0 64 43 0 1 0 1 64 42 0 1 0 1 64 222 0 1 0 2 64 43 0 1 0 2 64 71 0 1 0 2 64 72 0 1 0 2 64 63 0 2 0 2 64
4/4 53 0 2 0 0 64 222 0 1 0 0 64 43 0 1 0 0 64 71 0 1 0 0 64 72 0 1 0 0 64 12 0 1 0 2 64 33 0 1 0 2 64 611 0 1 0 2 64 612 0 1 0 2 64 53 0 2 0 2 64
4/4 523 0 2 0 0 64 12 0 1 0 0 64 33 0 1 0 0 64 611 0 1 0 0 64 612 0 1 0 0 64
