4/4 13 1 5 0 0 64 54 1 5 1 5 64 24 1 15 0 1 64 54 1 5 1 25 64 35 1 5 0 3 64 24 1 5 1 35 64
4/4 13 1 5 0 0 64 54 1 5 1 5 64 24 1 15 0 1 64 54 1 5 1 25 64 35 1 5 0 3 64 24 1 5 1 35 64
4/4 13 1 5 0 0 64 54 1 5 1 5 64 24 1 15 0 1 64 54 1 5 1 25 64 35 1 5 0 3 64 24 1 5 1 35 64
4/4 13 1 5 0 0 64 54 1 5 1 5 64 24 1 15 0 1 64 54 1 5 1 25 64 35 1 5 0 3 64 24 1 5 1 35 64
4/4 16 0 1 0 0 64 47 0 1 0 0 64 77 0 1 0 0 64 63 1 5 0 0 64 34 1 5 1 5 64 74 1 15 0 1 64 34 1 5 1 25 64 14 1 5 0 3 64 74 1 5 1 35 64
4/4 63 1 5 0 0 64 16 0 1 0 0 64 47 0 1 0 0 64 77 0 1 0 0 64 34 1 5 1 5 64 74 1 15 0 1 64 34 1 5 1 25 64 14 1 5 0 3 64 74 1 5 1 35 64
4/4 25 0 1 0 0 64 56 0 1 0 0 64 16 0 1 0 0 64 13 1 5 0 0 64 54 1 5 1 5 64 24 1 15 0 1 64 54 1 5 1 25 64 35 1 5 0 3 64 24 1 5 1 35 64
4/4 13 1 5 0 0 64 25 0 1 0 0 64 56 0 1 0 0 64 16 0 1 0 0 64 54 1 5 1 5 64 24 1 15 0 1 64 54 1 5 1 25 64 16 0 1 0 3 64 35 0 1 0 3 64 37 0 1 1 35 64 24 0 1 1 35 64
4/4 47 0 1 0 0 64 223 0 1 0 0 64 47 0 1 1 5 64 64 0 1 1 5 64 47 1 5 0 1 64 35 1 15 0 1 64 47 1 5 1 15 64 47 0 1 0 2 64 64 1 5 1 25 64 37 0 1 0 3 64 45 0 1 0 3 64 16 0 1 1 35 64 35 0 1 1 35 64
4/4 76 0 1 0 0 64 34 1 5 0 0 64 74 1 5 1 5 64 16 1 5 0 1 64 45 1 15 0 1 64 46 1 5 1 15 64 76 0 1 0 2 64 74 1 5 1 25 64 16 0 1 0 3 64 55 0 1 0 3 64 37 0 1 1 35 64 45 0 1 1 35 64
4/4 47 0 1 0 0 64 223 0 1 0 0 64 47 0 1 1 5 64 64 0 1 1 5 64 47 1 5 0 1 64 35 1 15 0 1 64 47 1 5 1 15 64 47 1 5 0 2 64 57 0 1 1 25 64 64 0 1 1 25 64 47 2 25 2 275 64 37 0 1 0 3 64 45 0 1 0 3 64 16 0 1 1 35 64 35 0 1 1 35 64
4/4 76 0 2 0 0 64 34 1 5 0 0 64 74 1 5 1 5 64 45 1 15 0 1 64 65 0 1 0 2 64 74 1 5 1 25 64 75 0 1 0 3 64 55 1 5 0 3 64 45 1 5 1 35 64
4/4 15 0 1 0 0 64 44 1 5 0 0 64 14 1 5 1 5 64 15 0 1 0 1 64 55 0 1 0 1 64 15 1 5 1 15 64 65 1 25 1 15 64 15 0 1 0 2 64 36 1 5 0 3 64 46 1 5 1 35 64
4/4 15 0 3 0 0 64 44 1 5 0 0 64 14 1 5 1 5 64 55 1 5 0 1 64 65 1 5 1 15 64 44 0 1 0 2 64 45 1 5 0 3 64 34 0 1 0 3 64 65 1 5 1 35 64
4/4 75 0 1 0 0 64 223 0 1 0 0 64 75 0 1 1 5 64 64 0 1 1 5 64 75 1 5 0 1 64 35 1 15 0 1 64 15 1 5 1 15 64 45 0 1 0 2 64 64 1 5 1 25 64 45 0 1 0 3 64 45 0 1 0 3 64 65 0 1 1 35 64 35 0 1 1 35 64
4/4 75 0 1 0 0 64 34 0 1 0 0 64 75 0 1 1 5 64 74 0 1 1 5 64 75 1 5 0 1 64 45 1 15 0 1 64 15 1 5 1 15 64 45 0 1 0 2 64 74 1 5 1 25 64 75 0 1 0 3 64 55 1 5 0 3 64 45 1 5 1 35 64
4/4 15 0 4 0 0 64 45 0 2 0 0 64 13 1 5 0 0 64 54 1 5 1 5 64 24 1 15 0 1 64 55 0 2 0 2 64 54 1 5 1 25 64 35 1 5 0 3 64 24 1 5 1 35 64
4/4 75 0 2 0 0 64 13 1 5 0 0 64 15 0 4 0 0 64 54 1 5 1 5 64 24 1 15 0 1 64 15 0 2 0 2 64 54 1 5 1 25 64 35 1 5 0 3 64 24 1 5 1 35 64
4/4 75 0 1 0 0 64 15 0 1 0 0 64 36 0 1 0 0 64 56 0 1 0 0 64 63 0 1 0 0 64 64 0 1 0 0 64
4/4 75 0 1 0 0 64 15 0 1 0 0 64 36 0 1 0 0 64 56 0 1 0 0 64 73 0 1 0 0 64 74 0 1 0 0 64
4/4 15 0 1 0 0 64 25 0 1 0 0 64 36 0 1 0 0 64 56 0 1 0 0 64 13 0 1 0 0 64 14 0 1 0 0 64
4/4 55 0 1 0 1 64 15 0 1 0 2 64 56 0 1 0 3 64
4/4 56 0 2 0 0 64 46 0 2 0 2 64
5/4 46 0 1 0 0 64 36 1 5 0 1 64 25 1 5 1 15 64 55 1 5 0 2 64 75 1 5 1 25 64 15 0 2 0 3 64
4/4 15 0 1 0 0 64 15 0 1 0 1 64 36 0 1 0 2 64 56 0 1 0 3 64
4/4 76 0 2 0 0 64 46 0 1 0 2 64 56 1 5 0 3 64 76 1 5 1 35 64
4/4 46 0 1 0 0 64 56 1 5 0 1 64 76 1 5 1 15 64 36 1 5 0 2 64 25 1 5 1 25 64 55 1 5 0 3 64 75 1 5 1 35 64
4/4 15 1 15 0 0 64 14 1 5 0 0 64 55 1 5 1 5 64 15 0 3 0 1 64 25 1 5 1 15 64 56 0 1 0 2 64
2/4 55 1 5 1 5 64 15 1 5 0 1 64 56 1 5 1 15 64
4/4 56 0 1 0 0 64 64 1 5 0 0 64 35 1 5 1 5 64 46 0 1 0 1 64 65 0 1 0 1 64 75 0 1 0 2 64 36 1 5 0 3 64 25 1 5 1 35 64
4/4 55 0 1 0 0 64 13 0 1 0 0 64 75 0 1 1 5 64 54 0 1 1 5 64 15 0 1 0 1 64 14 0 1 0 1 64 24 0 1 0 2 64 15 1 5 1 25 64 36 1 5 0 3 64 56 1 5 1 35 64
4/4 76 1 15 0 0 64 55 1 5 0 0 64 75 1 5 1 5 64 25 0 1 0 1 64 56 1 5 1 15 64 616 1 15 0 2 64 45 1 5 0 2 64 615 1 5 1 25 64 25 0 1 0 3 64 46 1 5 1 35 64
4/4 56 0 4 0 0 64 54 1 5 0 0 64 24 1 5 1 5 64 55 1 5 0 1 64 615 1 5 1 15 64 25 0 1 0 2 64
4/4 56 0 2 0 0 64 65 0 1 0 0 64 15 0 1 0 0 64 25 0 1 0 0 64 63 0 1 0 0 64 64 0 1 0 0 64 46 0 2 0 2 64
4/4 46 0 2 0 0 64 55 0 1 0 0 64 75 0 1 0 0 64 15 0 1 0 0 64 53 0 1 0 0 64 54 0 1 0 0 64 25 0 2 0 2 64
