4/4 23 0 1 0 0 64 54 0 1 0 0 64 53 0 1 0 0 64 54 0 1 0 2 64 13 0 1 0 2 64 24 0 2 0 2 64
4/4 613 0 1 0 0 64 314 0 1 0 0 64 24 0 2 0 0 64 14 0 1 0 2 64 55 0 1 0 3 64
3/4 224 0 1 0 0 64 223 0 1 0 0 64 64 0 1 0 0 64 45 0 3 0 0 64 35 0 1 0 2 64 34 0 1 0 2 64 74 0 1 0 2 64
5/4 14 0 4 0 0 64 13 0 1 0 0 64 54 0 1 0 0 64 45 1 5 0 0 64 55 1 5 1 5 64 45 0 3 0 1 64 55 1 5 0 4 64 65 1 5 1 45 64
6/4 65 0 3 0 0 64 35 0 1 0 0 64 34 0 1 0 0 64 74 0 1 0 0 64 224 0 1 0 2 64 223 0 1 0 2 64 64 0 1 0 2 64 75 0 1 0 3 64 14 0 1 0 3 64 63 0 1 0 3 64 34 0 1 0 3 64 15 0 2 0 4 64 35 0 1 0 5 64 73 0 1 0 5 64 44 0 1 0 5 64
4/4 24 0 3 0 0 64 55 1 35 0 0 64 53 0 1 0 0 64 23 0 1 0 0 64 24 1 15 1 25 64 55 0 1 0 3 64 25 1 5 1 35 64
2/4 56 1 5 0 0 64 55 1 5 1 5 64 15 1 5 0 1 64 56 1 5 1 15 64
4/4 56 0 1 0 0 64 63 1 5 0 0 64 34 1 5 1 5 64 46 0 2 0 1 64 14 1 5 0 1 64 34 1 5 1 15 64 73 1 5 0 2 64 44 1 5 1 25 64 36 0 1 0 3 64 24 0 1 0 3 64 25 0 1 1 35 64 44 0 1 1 35 64
4/4 55 0 1 0 0 64 13 0 1 0 0 64 75 0 1 1 5 64 54 0 1 1 5 64 15 0 1 0 1 64 35 1 5 0 1 64 24 1 5 1 15 64 14 1 5 0 2 64 14 0 1 0 2 64 15 0 1 1 25 64 55 0 1 1 25 64 36 0 1 0 3 64 74 0 1 0 3 64 74 0 1 0 3 64 56 0 1 1 35 64 55 0 1 1 35 64
4/4 76 0 1 0 0 64 54 0 1 0 0 64 54 1 5 0 0 64 45 1 5 1 5 64 74 0 1 0 1 64 46 0 1 0 2 64 44 0 1 0 2 64 14 0 1 0 2 64 56 1 5 0 3 64 34 0 1 0 3 64 74 0 1 0 3 64 76 1 5 1 35 64
4/4 46 0 1 0 0 64 44 0 1 0 0 64 14 0 1 0 0 64 56 1 5 0 1 64 54 0 1 0 1 64 24 0 1 0 1 64 76 1 5 1 15 64 36 1 5 0 2 64 73 0 1 0 2 64 74 0 1 0 2 64 25 1 5 1 25 64 55 1 5 0 3 64 54 0 1 0 3 64 24 0 1 0 3 64 75 1 5 1 35 64
4/4 15 0 2 0 0 64 45 0 1 0 0 64 13 1 5 0 0 64 13 0 3 0 0 64 54 1 25 1 5 64 35 1 5 0 1 64 24 1 5 1 15 64 35 1 5 0 2 64 55 0 1 1 25 64 56 0 1 1 25 64 15 0 1 0 3 64 16 0 1 0 3 64 73 0 1 0 3 64 74 0 1 0 3 64 56 0 1 1 35 64 57 0 1 1 35 64
4/4 56 0 1 0 0 64 57 0 1 0 0 64 63 1 5 0 0 64 34 1 5 1 5 64 46 0 1 0 1 64 47 0 1 0 1 64 14 1 5 0 1 64 34 1 5 1 15 64 73 1 5 0 2 64 44 1 5 1 25 64 36 0 1 0 3 64 37 0 1 0 3 64 24 0 1 0 3 64 25 0 1 1 35 64 26 0 1 1 35 64 44 0 1 1 35 64
4/4 55 0 1 0 0 64 56 0 1 0 0 64 13 0 1 0 0 64 75 0 1 1 5 64 76 0 1 1 5 64 34 0 1 1 5 64 15 0 1 0 1 64 16 0 1 0 1 64 35 0 1 0 1 64 35 1 5 0 1 64 55 1 5 1 15 64 24 1 5 0 2 64 24 0 1 0 2 64 15 0 1 1 25 64 16 0 1 1 25 64 55 0 1 1 25 64 36 0 1 0 3 64 37 0 1 0 3 64 14 0 1 0 3 64 56 0 1 1 35 64 57 0 1 1 35 64 74 0 1 1 35 64 64 2 25 2 375 64
4/4 76 0 1 0 0 64 77 0 1 0 0 64 54 1 5 0 0 64 54 0 2 0 0 64 24 1 5 1 5 64 55 0 1 0 1 64 56 0 1 1 15 64 57 0 1 1 15 64 616 0 1 0 2 64 617 0 1 0 2 64 23 1 5 0 2 64 23 0 2 0 2 64 614 1 5 1 25 64 24 0 1 0 3 64 46 0 1 1 35 64 47 0 1 1 35 64
4/4 56 0 1 0 0 64 57 0 1 0 0 64 54 1 5 0 0 64 23 1 5 1 5 64 73 1 5 0 1 64 613 1 5 1 15 64 57 0 1 0 2 64 53 0 1 0 2 64 23 0 1 0 2 64 54 0 1 0 2 64 26 2 25 2 225 64 76 2 25 1 25 64 53 0 1 1 25 64 23 0 1 1 25 64 54 0 1 1 25 64 616 2 25 2 275 64 56 2 25 0 3 64 25 2 25 2 325 64 75 0 1 1 35 64 53 0 1 1 35 64 23 0 1 1 35 64 54 0 1 1 35 64 615 2 25 2 375 64
2/4 55 0 1 0 0 64 53 0 1 0 0 64 23 0 1 0 0 64 54 0 1 0 0 64 36 2 25 0 1 64 46 2 25 2 125 64 526 2 25 1 15 64 66 2 25 2 175 64
4/4 76 1 25 0 0 64 713 0 1 0 0 64 524 0 1 0 0 64 714 0 1 0 0 64 713 0 1 1 5 64 524 0 1 1 5 64 714 0 1 1 5 64 713 0 1 0 1 64 524 0 1 0 1 64 714 0 1 0 1 64 713 0 1 1 15 64 524 0 1 1 15 64 714 0 1 1 15 64 223 0 1 0 2 64 64 0 1 0 2 64 224 0 1 0 2 64 66 0 1 1 25 64 223 0 1 1 25 64 64 0 1 1 25 64 224 0 1 1 25 64 66 0 1 0 3 64 223 0 1 0 3 64 64 0 1 0 3 64 224 0 1 0 3 64 226 0 1 1 35 64 223 0 1 1 35 64 64 0 1 1 35 64 224 0 1 1 35 64
4/4 76 0 3 0 0 64 34 0 1 0 0 64 74 0 1 0 0 64 35 0 1 0 0 64 34 0 1 1 5 64 74 0 1 1 5 64 35 0 1 1 5 64 34 0 1 0 1 64 74 0 1 0 1 64 35 0 1 0 1 64 34 0 1 1 15 64 74 0 1 1 15 64 35 0 1 1 15 64 34 0 1 0 2 64 74 0 1 0 2 64 35 0 1 0 2 64 34 0 1 1 25 64 74 0 1 1 25 64 35 0 1 1 25 64 36 0 1 0 3 64 34 0 1 0 3 64 74 0 1 0 3 64 35 0 1 0 3 64 526 2 25 2 325 64 66 0 1 1 35 64 34 0 1 1 35 64 74 0 1 1 35 64 35 0 1 1 35 64 76 2 25 2 375 64
4/4 226 0 2 0 0 64 73 0 1 0 0 64 44 0 1 0 0 64 74 0 1 0 0 64 73 0 1 1 5 64 44 0 1 1 5 64 74 0 1 1 5 64 73 0 1 0 1 64 44 0 1 0 1 64 74 0 1 0 1 64 73 0 1 1 15 64 44 0 1 1 15 64 74 0 1 1 15 64 66 0 1 0 2 64 63 0 1 0 2 64 34 0 1 0 2 64 64 0 1 0 2 64 63 0 1 1 25 64 34 0 1 1 25 64 64 0 1 1 25 64 75 0 1 0 3 64 76 0 1 0 3 64 63 0 1 0 3 64 34 0 1 0 3 64 64 0 1 0 3 64 225 0 1 1 35 64 226 0 1 1 35 64 63 0 1 1 35 64 34 0 1 1 35 64 64 0 1 1 35 64
4/4 526 0 1 0 0 64 527 0 1 0 0 64 63 0 1 0 0 64 34 0 1 0 0 64 64 0 1 0 0 64 63 0 1 1 5 64 34 0 1 1 5 64 64 0 1 1 5 64 46 0 1 0 1 64 47 0 1 0 1 64 63 0 1 0 1 64 34 0 1 0 1 64 64 0 1 0 1 64 63 0 1 1 15 64 34 0 1 1 15 64 64 0 1 1 15 64 36 0 1 0 2 64 37 0 1 0 2 64 73 0 1 0 2 64 44 0 1 0 2 64 74 0 1 0 2 64 73 0 1 1 25 64 44 0 1 1 25 64 74 0 1 1 25 64 225 0 1 0 3 64 226 0 1 0 3 64 73 0 1 0 3 64 44 0 1 0 3 64 74 0 1 0 3 64 73 0 1 1 35 64 44 0 1 1 35 64 74 0 1 1 35 64
4/4 36 0 1 0 0 64 37 0 1 0 0 64 713 0 1 0 0 64 524 0 1 0 0 64 74 0 1 0 0 64 713 0 1 1 5 64 524 0 1 1 5 64 74 0 1 1 5 64 713 0 1 0 1 64 524 0 1 0 1 64 74 0 1 0 1 64 713 0 1 1 15 64 524 0 1 1 15 64 74 0 1 1 15 64 713 0 1 0 2 64 524 0 1 0 2 64 74 0 1 0 2 64 713 0 1 1 25 64 524 0 1 1 25 64 74 0 1 1 25 64 225 0 1 0 3 64 226 0 1 0 3 64 713 0 1 0 3 64 524 0 1 0 3 64 74 0 1 0 3 64 36 0 1 1 35 64 37 0 1 1 35 64 713 0 1 1 35 64 524 0 1 1 35 64 74 0 1 1 35 64
4/4 46 0 1 0 0 64 47 0 1 0 0 64 13 0 1 0 0 64 54 0 1 0 0 64 74 0 1 0 0 64 13 0 1 1 5 64 54 0 1 1 5 64 74 0 1 1 5 64 13 0 1 1 15 64 54 0 1 1 15 64 74 0 1 1 15 64 13 0 1 2 175 64 54 0 1 2 175 64 74 0 1 2 175 64 13 0 1 0 2 64 54 0 1 0 2 64 74 0 1 0 2 64 25 0 1 1 25 64 26 0 1 1 25 64 13 0 1 1 25 64 54 0 1 1 25 64 74 0 1 1 25 64 36 0 1 0 3 64 37 0 1 0 3 64 46 0 1 1 35 64 47 0 1 1 35 64 13 0 1 1 35 64 54 0 1 1 35 64 74 0 1 1 35 64 13 0 1 2 375 64 54 0 1 2 375 64 74 0 1 2 375 64
4/4 56 0 1 0 0 64 16 0 1 0 0 64 26 0 1 0 0 64 57 0 1 0 0 64 53 0 1 0 0 64 13 0 1 0 0 64 54 0 1 0 0 64
