4/4 11 0 1 0 0 64 51 0 1 0 0 64 11 0 1 0 0 64 11 0 1 0 3 64 51 0 1 0 3 64 11 0 1 0 3 64 11 0 1 1 35 64 51 0 1 1 35 64 11 0 1 1 35 64
4/4 31 0 1 0 0 64 71 0 1 0 0 64 32 0 1 0 0 64 41 0 1 0 3 64 11 0 1 0 3 64 42 0 1 0 3 64
4/4 611 0 1 0 0 64 312 0 1 0 0 64 612 0 1 0 0 64 61 0 1 0 1 64 32 0 1 0 1 64 62 0 1 0 1 64 41 0 1 1 35 64 11 0 1 1 35 64 42 0 1 1 35 64 521 0 1 2 375 64 221 0 1 2 375 64 522 0 1 2 375 64
4/4 51 0 1 0 0 64 21 0 1 0 0 64 52 0 1 0 0 64
4/4 11 0 1 0 0 64 51 0 1 0 0 64 11 0 1 0 0 64 11 0 1 0 3 64 51 0 1 0 3 64 11 0 1 0 3 64 11 0 1 1 35 64 51 0 1 1 35 64 11 0 1 1 35 64
4/4 31 0 1 0 0 64 71 0 1 0 0 64 32 0 1 0 0 64 41 0 1 0 3 64 11 0 1 0 3 64 42 0 1 0 3 64
4/4 611 0 1 0 0 64 312 0 1 0 0 64 612 0 1 0 0 64 61 0 1 0 1 64 32 0 1 0 1 64 62 0 1 0 1 64 51 0 1 1 35 64 21 0 1 1 35 64 52 0 1 1 35 64
4/4 711 0 1 0 0 64 522 0 1 0 0 64 712 0 1 0 0 64 71 0 1 0 1 64 42 0 1 0 1 64 72 0 1 0 1 64
4/4 53 0 1 0 0 64 11 0 1 0 0 64 51 0 1 0 0 64 11 0 1 0 0 64 523 0 2 0 1 64 11 0 1 0 1 64 51 0 1 0 1 64 11 0 1 0 1 64 11 0 1 0 2 64 51 0 1 0 2 64 11 0 1 0 2 64 22 0 1 0 3 64 11 0 1 0 3 64 51 0 1 0 3 64 11 0 1 0 3 64 33 0 1 1 35 64 11 0 1 1 35 64 51 0 1 1 35 64 11 0 1 1 35 64
4/4 313 0 1 0 0 64 11 0 1 0 0 64 51 0 1 0 0 64 11 0 1 0 0 64 72 0 3 0 1 64 11 0 1 0 1 64 51 0 1 0 1 64 11 0 1 0 1 64 11 0 1 0 2 64 51 0 1 0 2 64 11 0 1 0 2 64 11 0 1 0 3 64 51 0 1 0 3 64 11 0 1 0 3 64 11 0 1 1 35 64 51 0 1 1 35 64 11 0 1 1 35 64
4/4 612 1 5 0 0 64 11 0 1 0 0 64 51 0 1 0 0 64 11 0 1 0 0 64 523 0 1 1 5 64 11 0 1 0 1 64 51 0 1 0 1 64 11 0 1 0 1 64 43 1 5 1 15 64 613 1 15 0 2 64 11 0 1 0 2 64 51 0 1 0 2 64 11 0 1 0 2 64 11 0 1 0 3 64 51 0 1 0 3 64 11 0 1 0 3 64 523 0 1 1 35 64 11 0 1 1 35 64 51 0 1 1 35 64 11 0 1 1 35 64 53 2 25 2 375 64
4/4 63 0 3 0 0 64 11 0 1 0 0 64 51 0 1 0 0 64 11 0 1 0 0 64 11 0 1 0 1 64 51 0 1 0 1 64 11 0 1 0 1 64 11 0 1 0 2 64 51 0 1 0 2 64 11 0 1 0 2 64 11 0 1 0 3 64 51 0 1 0 3 64 11 0 1 0 3 64 713 0 1 1 35 64 11 0 1 1 35 64 51 0 1 1 35 64 11 0 1 1 35 64
4/4 43 0 1 0 0 64 11 0 1 0 0 64 51 0 1 0 0 64 11 0 1 0 0 64 11 0 1 0 1 64 51 0 1 0 1 64 11 0 1 0 1 64 613 1 5 1 15 64 33 0 1 0 2 64 11 0 1 0 2 64 51 0 1 0 2 64 11 0 1 0 2 64 11 0 1 0 3 64 51 0 1 0 3 64 11 0 1 0 3 64 523 0 1 1 35 64 11 0 1 1 35 64 51 0 1 1 35 64 11 0 1 1 35 64
4/4 12 2 25 0 0 64 11 0 1 0 0 64 51 0 1 0 0 64 11 0 1 0 0 64 222 2 25 2 25 64 22 1 25 1 5 64 11 0 1 0 1 64 51 0 1 0 1 64 11 0 1 0 1 64 11 0 1 0 2 64 51 0 1 0 2 64 11 0 1 0 2 64 11 0 1 0 3 64 51 0 1 0 3 64 11 0 1 0 3 64 11 0 1 1 35 64 51 0 1 1 35 64 11 0 1 1 35 64
4/4 12 2 25 0 0 64 11 0 1 0 0 64 51 0 1 0 0 64 11 0 1 0 0 64 33 2 25 2 25 64 43 2 25 1 5 64 63 2 25 2 75 64 713 0 1 0 1 64 11 0 1 0 1 64 51 0 1 0 1 64 11 0 1 0 1 64 73 1 5 0 2 64 11 0 1 0 2 64 51 0 1 0 2 64 11 0 1 0 2 64 73 2 25 1 25 64 613 2 25 2 275 64 63 0 1 0 3 64 11 0 1 0 3 64 51 0 1 0 3 64 11 0 1 0 3 64 13 1 5 1 35 64 11 0 1 1 35 64 51 0 1 1 35 64 11 0 1 1 35 64
4/4 11 0 1 0 0 64 51 0 1 0 0 64 11 0 1 0 0 64 13 0 4 0 0 64 11 0 1 0 1 64 51 0 1 0 1 64 11 0 1 0 1 64 11 0 1 0 2 64 51 0 1 0 2 64 11 0 1 0 2 64 11 0 1 0 3 64 51 0 1 0 3 64 11 0 1 0 3 64 11 0 1 1 35 64 51 0 1 1 35 64 11 0 1 1 35 64
4/4 11 0 1 0 0 64 51 0 1 0 0 64 11 0 1 0 0 64 11 0 1 0 3 64 51 0 1 0 3 64 11 0 1 0 3 64 11 0 1 1 35 64 51 0 1 1 35 64 11 0 1 1 35 64
4/4 31 0 1 0 0 64 71 0 1 0 0 64 32 0 1 0 0 64 41 0 1 0 3 64 11 0 1 0 3 64 42 0 1 0 3 64
4/4 611 0 1 0 0 64 312 0 1 0 0 64 612 0 1 0 0 64 61 0 1 0 1 64 32 0 1 0 1 64 62 0 1 0 1 64 41 0 1 1 35 64 11 0 1 1 35 64 42 0 1 1 35 64 521 0 1 2 375 64 221 0 1 2 375 64 522 0 1 2 375 64
4/4 51 0 1 0 0 64 21 0 1 0 0 64 52 0 1 0 0 64
4/4 11 0 1 0 0 64 51 0 1 0 0 64 11 0 1 0 0 64
