4/4 15 0 1 0 0 64 36 0 1 0 0 64 16 0 1 0 0 64 14 2 25 0 0 64 55 2 25 2 25 64 55 2 25 1 5 64 45 2 25 2 75 64 55 0 3 0 1 64
4/4 225 0 1 0 0 64 46 0 1 0 0 64 226 0 1 0 0 64 13 2 25 0 0 64 54 2 25 2 25 64 54 2 25 1 5 64 44 2 25 2 75 64 54 0 3 0 1 64
4/4 25 0 1 0 0 64 526 0 1 0 0 64 26 0 1 0 0 64 14 2 25 0 0 64 55 2 25 2 25 64 55 2 25 1 5 64 45 2 25 2 75 64 55 0 3 0 1 64
4/4 36 0 1 0 0 64 56 0 1 0 0 64 37 0 1 0 0 64 13 2 25 0 0 64 54 2 25 2 25 64 54 2 25 1 5 64 44 2 25 2 75 64 54 0 3 0 1 64
4/4 15 0 1 0 0 64 36 0 1 0 0 64 526 0 1 0 0 64 76 0 1 0 0 64 14 1 5 0 0 64 14 1 5 1 5 64 14 1 5 0 1 64 14 1 5 1 15 64 14 1 5 0 2 64 225 0 1 1 25 64 316 0 1 1 25 64 56 0 1 1 25 64 16 0 1 1 25 64
4/4 11 0 1 0 0 64 12 0 1 0 0 64 225 0 1 0 0 64 316 0 1 0 0 64 56 0 1 0 0 64 16 0 1 0 0 64 52 0 1 0 2 64 53 0 1 0 2 64
4/4 62 0 1 0 0 64 63 0 1 0 0 64 225 0 1 0 0 64 316 0 1 0 0 64 56 0 1 0 0 64 16 0 1 0 0 64 33 0 1 0 2 64 34 0 1 0 2 64
4/4 63 0 1 0 0 64 64 0 1 0 0 64 225 0 1 0 0 64 316 0 1 0 0 64 56 0 1 0 0 64 16 0 1 0 0 64 73 0 1 0 2 64 74 0 1 0 2 64
4/4 223 0 1 0 0 64 224 0 1 0 0 64 225 0 1 0 0 64 316 0 1 0 0 64 56 0 1 0 0 64 16 0 1 0 0 64 34 0 1 0 2 64 35 0 1 0 2 64 616 0 1 0 3 64 76 0 1 0 3 64 26 0 1 0 3 64 57 0 1 0 3 64
4/4 222 0 1 0 0 64 223 0 1 0 0 64 616 0 1 0 0 64 76 0 1 0 0 64 26 0 1 0 0 64 57 0 1 0 0 64 526 0 1 0 3 64 616 0 1 0 3 64 16 0 1 0 3 64 47 0 1 0 3 64
4/4 33 0 1 0 0 64 34 0 1 0 0 64 526 0 1 0 0 64 616 0 1 0 0 64 16 0 1 0 0 64 47 0 1 0 0 64
2/4 46 0 1 0 0 64 66 0 1 0 0 64 33 0 1 0 0 64 34 0 1 0 0 64 16 0 1 0 0 64 47 0 1 0 0 64
4/4 15 0 2 0 0 64 12 0 1 0 0 64 53 0 1 0 0 64 13 0 1 0 0 64 12 0 1 0 1 64 53 0 1 0 1 64 13 0 1 0 1 64 225 0 2 0 2 64 12 0 1 0 2 64 53 0 1 0 2 64 13 0 1 0 2 64 12 0 1 0 3 64 53 0 1 0 3 64 13 0 1 0 3 64
4/4 25 0 1 0 0 64 12 0 1 0 0 64 53 0 1 0 0 64 13 0 1 0 0 64 525 0 1 0 1 64 12 0 1 0 1 64 53 0 1 0 1 64 13 0 1 0 1 64 12 0 1 0 2 64 53 0 1 0 2 64 13 0 1 0 2 64 54 1 5 1 25 64 14 1 5 0 3 64 12 0 1 0 3 64 53 0 1 0 3 64 13 0 1 0 3 64 525 1 5 1 35 64
4/4 55 0 1 0 0 64 12 0 1 0 0 64 53 0 1 0 0 64 13 0 1 0 0 64 45 0 3 0 1 64 12 0 1 0 1 64 53 0 1 0 1 64 13 0 1 0 1 64 12 0 1 0 2 64 53 0 1 0 2 64 13 0 1 0 2 64 12 0 1 0 3 64 53 0 1 0 3 64 13 0 1 0 3 64
4/4 12 0 1 0 0 64 53 0 1 0 0 64 13 0 1 0 0 64 45 0 2 0 0 64 12 0 1 0 1 64 53 0 1 0 1 64 13 0 1 0 1 64 12 0 1 0 2 64 53 0 1 0 2 64 13 0 1 0 2 64 14 1 5 1 25 64 55 0 1 0 3 64 12 0 1 0 3 64 13 0 1 0 3 64 15 0 1 1 35 64 53 0 1 1 35 64
4/4 15 0 2 0 0 64 12 0 1 0 0 64 53 0 1 0 0 64 13 0 1 0 0 64 12 0 1 0 1 64 53 0 1 0 1 64 13 0 1 0 1 64 75 1 15 0 2 64 12 0 1 0 2 64 53 0 1 0 2 64 13 0 1 0 2 64 12 0 1 0 3 64 13 0 1 0 3 64 65 0 1 1 35 64 53 0 1 1 35 64 75 2 25 2 375 64
4/4 55 1 35 0 0 64 12 0 1 0 0 64 53 0 1 0 0 64 13 0 1 0 0 64 12 0 1 0 1 64 53 0 1 0 1 64 13 0 1 0 1 64 12 0 1 0 2 64 53 0 1 0 2 64 13 0 1 0 2 64 12 0 1 0 3 64 13 0 1 0 3 64 45 0 1 1 35 64 53 0 1 1 35 64
4/4 55 0 2 0 0 64 12 0 1 0 0 64 53 0 1 0 0 64 13 0 1 0 0 64 65 0 2 0 2 64 12 0 1 0 3 64 53 0 1 0 3 64 13 0 1 0 3 64 12 0 1 2 375 64 53 0 1 2 375 64 13 0 1 2 375 64
4/4 75 0 2 0 0 64 33 0 1 0 0 64 73 0 1 0 0 64 34 0 1 0 0 64 15 0 2 0 2 64 43 0 1 0 3 64 13 0 1 0 3 64 44 0 1 0 3 64
4/4 613 0 1 0 0 64 314 0 1 0 0 64 614 0 1 0 0 64 15 0 4 0 0 64 63 0 1 0 1 64 34 0 1 0 1 64 64 0 1 0 1 64 43 0 1 1 35 64 13 0 1 1 35 64 44 0 1 1 35 64
4/4 53 0 1 0 0 64 23 0 1 0 0 64 54 0 1 0 0 64 15 0 2 0 0 64 55 1 5 1 25 64 15 1 5 0 3 64 56 1 5 1 35 64
4/4 46 0 2 0 0 64 12 0 1 0 0 64 53 0 1 0 0 64 13 0 1 0 0 64 36 0 2 0 2 64 12 0 1 0 3 64 53 0 1 0 3 64 13 0 1 0 3 64 12 0 1 2 375 64 53 0 1 2 375 64 13 0 1 2 375 64
4/4 225 0 1 0 0 64 33 0 1 0 0 64 73 0 1 0 0 64 34 0 1 0 0 64 15 0 1 0 1 64 55 1 5 1 25 64 15 1 5 0 3 64 43 0 1 0 3 64 13 0 1 0 3 64 44 0 1 0 3 64 46 1 5 1 35 64
4/4 56 0 2 0 0 64 613 0 1 0 0 64 314 0 1 0 0 64 614 0 1 0 0 64 63 0 1 0 1 64 34 0 1 0 1 64 64 0 1 0 1 64 66 0 2 0 2 64 43 0 1 1 35 64 13 0 1 1 35 64 44 0 1 1 35 64
4/4 53 0 1 0 0 64 23 0 1 0 0 64 54 0 1 0 0 64 66 0 4 0 0 64
