4/4 13 0 1 0 0 64 34 0 1 0 0 64 14 0 1 0 0 64 12 2 25 0 0 64 53 2 25 2 25 64 53 2 25 1 5 64 43 2 25 2 75 64 53 0 3 0 1 64
4/4 223 0 1 0 0 64 44 0 1 0 0 64 224 0 1 0 0 64 11 2 25 0 0 64 52 2 25 2 25 64 52 2 25 1 5 64 42 2 25 2 75 64 52 0 3 0 1 64
4/4 23 0 1 0 0 64 524 0 1 0 0 64 24 0 1 0 0 64 12 2 25 0 0 64 53 2 25 2 25 64 53 2 25 1 5 64 43 2 25 2 75 64 53 0 3 0 1 64
4/4 34 0 1 0 0 64 54 0 1 0 0 64 35 0 1 0 0 64 11 2 25 0 0 64 52 2 25 2 25 64 52 2 25 1 5 64 42 2 25 2 75 64 52 0 3 0 1 64
4/4 13 0 1 0 0 64 34 0 1 0 0 64 524 0 1 0 0 64 74 0 1 0 0 64 12 1 5 0 0 64 12 1 5 1 5 64 12 1 5 0 1 64 12 1 5 1 15 64 12 1 5 0 2 64 223 0 1 1 25 64 314 0 1 1 25 64 54 0 1 1 25 64 14 0 1 1 25 64
4/4 10 0 1 0 0 64 11 0 1 0 0 64 223 0 1 0 0 64 314 0 1 0 0 64 54 0 1 0 0 64 14 0 1 0 0 64 51 0 1 0 2 64 51 0 1 0 2 64
4/4 61 0 1 0 0 64 61 0 1 0 0 64 223 0 1 0 0 64 314 0 1 0 0 64 54 0 1 0 0 64 14 0 1 0 0 64 31 0 1 0 2 64 32 0 1 0 2 64
4/4 61 0 1 0 0 64 62 0 1 0 0 64 223 0 1 0 0 64 314 0 1 0 0 64 54 0 1 0 0 64 14 0 1 0 0 64 71 0 1 0 2 64 72 0 1 0 2 64
4/4 221 0 1 0 0 64 222 0 1 0 0 64 223 0 1 0 0 64 314 0 1 0 0 64 54 0 1 0 0 64 14 0 1 0 0 64 32 0 1 0 2 64 33 0 1 0 2 64 614 0 1 0 3 64 74 0 1 0 3 64 24 0 1 0 3 64 55 0 1 0 3 64
4/4 221 0 1 0 0 64 221 0 1 0 0 64 614 0 1 0 0 64 74 0 1 0 0 64 24 0 1 0 0 64 55 0 1 0 0 64 524 0 1 0 3 64 614 0 1 0 3 64 14 0 1 0 3 64 45 0 1 0 3 64
4/4 31 0 1 0 0 64 32 0 1 0 0 64 524 0 1 0 0 64 614 0 1 0 0 64 14 0 1 0 0 64 45 0 1 0 0 64
2/4 44 0 1 0 0 64 64 0 1 0 0 64 31 0 1 0 0 64 32 0 1 0 0 64 14 0 1 0 0 64 45 0 1 0 0 64
4/4 13 0 2 0 0 64 11 0 1 0 0 64 51 0 1 0 0 64 11 0 1 0 0 64 11 0 1 0 1 64 51 0 1 0 1 64 11 0 1 0 1 64 223 0 2 0 2 64 11 0 1 0 2 64 51 0 1 0 2 64 11 0 1 0 2 64 11 0 1 0 3 64 51 0 1 0 3 64 11 0 1 0 3 64
4/4 23 0 1 0 0 64 11 0 1 0 0 64 51 0 1 0 0 64 11 0 1 0 0 64 523 0 1 0 1 64 11 0 1 0 1 64 51 0 1 0 1 64 11 0 1 0 1 64 11 0 1 0 2 64 51 0 1 0 2 64 11 0 1 0 2 64 52 1 5 1 25 64 12 1 5 0 3 64 11 0 1 0 3 64 51 0 1 0 3 64 11 0 1 0 3 64 523 1 5 1 35 64
4/4 53 0 1 0 0 64 11 0 1 0 0 64 51 0 1 0 0 64 11 0 1 0 0 64 43 0 3 0 1 64 11 0 1 0 1 64 51 0 1 0 1 64 11 0 1 0 1 64 11 0 1 0 2 64 51 0 1 0 2 64 11 0 1 0 2 64 11 0 1 0 3 64 51 0 1 0 3 64 11 0 1 0 3 64
4/4 11 0 1 0 0 64 51 0 1 0 0 64 11 0 1 0 0 64 43 0 2 0 0 64 11 0 1 0 1 64 51 0 1 0 1 64 11 0 1 0 1 64 11 0 1 0 2 64 51 0 1 0 2 64 11 0 1 0 2 64 12 1 5 1 25 64 53 0 1 0 3 64 11 0 1 0 3 64 11 0 1 0 3 64 13 0 1 1 35 64 51 0 1 1 35 64
4/4 13 0 2 0 0 64 11 0 1 0 0 64 51 0 1 0 0 64 11 0 1 0 0 64 11 0 1 0 1 64 51 0 1 0 1 64 11 0 1 0 1 64 73 1 15 0 2 64 11 0 1 0 2 64 51 0 1 0 2 64 11 0 1 0 2 64 11 0 1 0 3 64 11 0 1 0 3 64 63 0 1 1 35 64 51 0 1 1 35 64 73 2 25 2 375 64
4/4 53 1 35 0 0 64 11 0 1 0 0 64 51 0 1 0 0 64 11 0 1 0 0 64 11 0 1 0 1 64 51 0 1 0 1 64 11 0 1 0 1 64 11 0 1 0 2 64 51 0 1 0 2 64 11 0 1 0 2 64 11 0 1 0 3 64 11 0 1 0 3 64 43 0 1 1 35 64 51 0 1 1 35 64
4/4 53 0 2 0 0 64 11 0 1 0 0 64 51 0 1 0 0 64 11 0 1 0 0 64 63 0 2 0 2 64 11 0 1 0 3 64 51 0 1 0 3 64 11 0 1 0 3 64 11 0 1 2 375 64 51 0 1 2 375 64 11 0 1 2 375 64
4/4 73 0 2 0 0 64 31 0 1 0 0 64 71 0 1 0 0 64 32 0 1 0 0 64 13 0 2 0 2 64 41 0 1 0 3 64 11 0 1 0 3 64 42 0 1 0 3 64
4/4 611 0 1 0 0 64 312 0 1 0 0 64 612 0 1 0 0 64 13 0 4 0 0 64 61 0 1 0 1 64 32 0 1 0 1 64 62 0 1 0 1 64 41 0 1 1 35 64 11 0 1 1 35 64 42 0 1 1 35 64
4/4 51 0 1 0 0 64 21 0 1 0 0 64 52 0 1 0 0 64 13 0 2 0 0 64 53 1 5 1 25 64 13 1 5 0 3 64 54 1 5 1 35 64
4/4 44 0 2 0 0 64 11 0 1 0 0 64 51 0 1 0 0 64 11 0 1 0 0 64 34 0 2 0 2 64 11 0 1 0 3 64 51 0 1 0 3 64 11 0 1 0 3 64 11 0 1 2 375 64 51 0 1 2 375 64 11 0 1 2 375 64
4/4 223 0 1 0 0 64 31 0 1 0 0 64 71 0 1 0 0 64 32 0 1 0 0 64 13 0 1 0 1 64 53 1 5 1 25 64 13 1 5 0 3 64 41 0 1 0 3 64 11 0 1 0 3 64 42 0 1 0 3 64 44 1 5 1 35 64
4/4 54 0 2 0 0 64 611 0 1 0 0 64 312 0 1 0 0 64 612 0 1 0 0 64 61 0 1 0 1 64 32 0 1 0 1 64 62 0 1 0 1 64 64 0 2 0 2 64 41 0 1 1 35 64 11 0 1 1 35 64 42 0 1 1 35 64
4/4 51 0 1 0 0 64 21 0 1 0 0 64 52 0 1 0 0 64 64 0 4 0 0 64
