4/4 12 1 5 0 0 68 53 1 5 1 5 56 23 1 15 0 1 54 53 1 5 1 25 72 34 1 5 0 3 57 23 1 5 1 35 61
4/4 12 1 5 0 0 56 53 1 5 1 5 65 23 1 15 0 1 65 53 1 5 1 25 59 34 1 5 0 3 70 23 1 5 1 35 57
4/4 12 1 5 0 0 64 53 1 5 1 5 66 23 1 15 0 1 59 53 1 5 1 25 71 34 1 5 0 3 67 23 1 5 1 35 70
4/4 12 1 5 0 0 73 53 1 5 1 5 55 23 1 15 0 1 67 53 1 5 1 25 69 34 1 5 0 3 66 23 1 5 1 35 54
4/4 15 0 1 0 0 58 46 0 1 0 0 67 76 0 1 0 0 57 62 1 5 0 0 60 33 1 5 1 5 54 73 1 15 0 1 54 33 1 5 1 25 68 13 1 5 0 3 64 73 1 5 1 35 55
4/4 62 1 5 0 0 67 15 0 1 0 0 57 46 0 1 0 0 73 76 0 1 0 0 68 33 1 5 1 5 71 73 1 15 0 1 54 33 1 5 1 25 55 13 1 5 0 3 62 73 1 5 1 35 68
4/4 24 0 1 0 0 57 55 0 1 0 0 60 15 0 1 0 0 56 12 1 5 0 0 70 53 1 5 1 5 68 23 1 15 0 1 54 53 1 5 1 25 56 34 1 5 0 3 57 23 1 5 1 35 63
4/4 12 1 5 0 0 74 24 0 1 0 0 71 55 0 1 0 0 68 15 0 1 0 0 59 53 1 5 1 5 63 23 1 15 0 1 57 53 1 5 1 25 58 15 0 1 0 3 67 34 0 1 0 3 60 36 0 1 1 35 70 23 0 1 1 35 55
4/4 46 0 1 0 0 74 222 0 1 0 0 58 46 0 1 1 5 57 63 0 1 1 5 57 46 1 5 0 1 63 34 1 15 0 1 68 46 1 5 1 15 63 46 0 1 0 2 61 63 1 5 1 25 64 36 0 1 0 3 72 44 0 1 0 3 60 15 0 1 1 35 69 34 0 1 1 35 55
4/4 75 0 1 0 0 59 33 1 5 0 0 64 73 1 5 1 5 54 15 1 5 0 1 68 44 1 15 0 1 61 45 1 5 1 15 59 75 0 1 0 2 71 73 1 5 1 25 57 15 0 1 0 3 65 54 0 1 0 3 61 36 0 1 1 35 64 44 0 1 1 35 63
4/4 46 0 1 0 0 61 222 0 1 0 0 54 46 0 1 1 5 58 63 0 1 1 5 65 46 1 5 0 1 68 34 1 15 0 1 55 46 1 5 1 15 73 46 1 5 0 2 68 56 0 1 1 25 62 63 0 1 1 25 62 46 2 25 2 275 70 36 0 1 0 3 72 44 0 1 0 3 69 15 0 1 1 35 72 34 0 1 1 35 73
4/4 75 0 2 0 0 71 33 1 5 0 0 58 73 1 5 1 5 69 44 1 15 0 1 67 64 0 1 0 2 59 73 1 5 1 25 72 74 0 1 0 3 64 54 1 5 0 3 55 44 1 5 1 35 63
4/4 14 0 1 0 0 60 43 1 5 0 0 74 13 1 5 1 5 59 14 0 1 0 1 69 54 0 1 0 1 56 14 1 5 1 15 69 64 1 25 1 15 63 14 0 1 0 2 71 35 1 5 0 3 69 45 1 5 1 35 69
4/4 14 0 3 0 0 74 43 1 5 0 0 56 13 1 5 1 5 69 54 1 5 0 1 55 64 1 5 1 15 67 43 0 1 0 2 56 44 1 5 0 3 70 33 0 1 0 3 66 64 1 5 1 35 54
4/4 74 0 1 0 0 56 222 0 1 0 0 59 74 0 1 1 5 71 63 0 1 1 5 69 74 1 5 0 1 64 34 1 15 0 1 70 14 1 5 1 15 64 44 0 1 0 2 74 63 1 5 1 25 71 44 0 1 0 3 54 44 0 1 0 3 73 64 0 1 1 35 71 34 0 1 1 35 55
4/4 74 0 1 0 0 69 33 0 1 0 0 63 74 0 1 1 5 72 73 0 1 1 5 54 74 1 5 0 1 66 44 1 15 0 1 58 14 1 5 1 15 64 44 0 1 0 2 60 73 1 5 1 25 61 74 0 1 0 3 68 54 1 5 0 3 71 44 1 5 1 35 72
4/4 14 0 4 0 0 73 44 0 2 0 0 66 12 1 5 0 0 58 53 1 5 1 5 74 23 1 15 0 1 60 54 0 2 0 2 65 53 1 5 1 25 58 34 1 5 0 3 55 23 1 5 1 35 74
4/4 74 0 2 0 0 57 12 1 5 0 0 69 14 0 4 0 0 58 53 1 5 1 5 73 23 1 15 0 1 68 14 0 2 0 2 62 53 1 5 1 25 55 34 1 5 0 3 62 23 1 5 1 35 74
4/4 74 0 1 0 0 63 14 0 1 0 0 71 35 0 1 0 0 73 55 0 1 0 0 66 62 0 1 0 0 54 63 0 1 0 0 69
4/4 74 0 1 0 0 57 14 0 1 0 0 69 35 0 1 0 0 64 55 0 1 0 0 69 72 0 1 0 0 64 73 0 1 0 0 66
4/4 14 0 1 0 0 67 24 0 1 0 0 54 35 0 1 0 0 70 55 0 1 0 0 66 12 0 1 0 0 68 13 0 1 0 0 73
4/4 54 0 1 0 1 72 14 0 1 0 2 57 55 0 1 0 3 67
4/4 55 0 2 0 0 70 45 0 2 0 2 73
5/4 45 0 1 0 0 67 35 1 5 0 1 72 24 1 5 1 15 59 54 1 5 0 2 61 74 1 5 1 25 66 14 0 2 0 3 56
4/4 14 0 1 0 0 69 14 0 1 0 1 71 35 0 1 0 2 62 55 0 1 0 3 58
4/4 75 0 2 0 0 68 45 0 1 0 2 59 55 1 5 0 3 73 75 1 5 1 35 59
4/4 45 0 1 0 0 57 55 1 5 0 1 60 75 1 5 1 15 59 35 1 5 0 2 55 24 1 5 1 25 66 54 1 5 0 3 71 74 1 5 1 35 72
4/4 14 1 15 0 0 68 13 1 5 0 0 62 54 1 5 1 5 69 14 0 3 0 1 63 24 1 5 1 15 62 55 0 1 0 2 66
2/4 54 1 5 1 5 59 14 1 5 0 1 57 55 1 5 1 15 57
4/4 55 0 1 0 0 72 63 1 5 0 0 54 34 1 5 1 5 69 45 0 1 0 1 70 64 0 1 0 1 60 74 0 1 0 2 65 35 1 5 0 3 74 24 1 5 1 35 61
4/4 54 0 1 0 0 57 12 0 1 0 0 70 74 0 1 1 5 71 53 0 1 1 5 68 14 0 1 0 1 58 13 0 1 0 1 57 23 0 1 0 2 68 14 1 5 1 25 72 35 1 5 0 3 64 55 1 5 1 35 72
4/4 75 1 15 0 0 72 54 1 5 0 0 59 74 1 5 1 5 66 24 0 1 0 1 62 55 1 5 1 15 73 615 1 15 0 2 58 44 1 5 0 2 74 614 1 5 1 25 59 24 0 1 0 3 59 45 1 5 1 35 69
4/4 55 0 4 0 0 62 53 1 5 0 0 73 23 1 5 1 5 55 54 1 5 0 1 66 614 1 5 1 15 60 24 0 1 0 2 65
4/4 55 0 2 0 0 60 64 0 1 0 0 64 14 0 1 0 0 70 24 0 1 0 0 57 62 0 1 0 0 55 63 0 1 0 0 55 45 0 2 0 2 55
4/4 45 0 2 0 0 72 54 0 1 0 0 74 74 0 1 0 0 73 14 0 1 0 0 62 52 0 1 0 0 69 53 0 1 0 0 71 24 0 2 0 2 67
