4/4 14 0 1 0 0 64 35 0 1 0 0 64 14 0 1 0 0 64 13 2 25 0 0 64 54 2 25 2 25 64 54 2 25 1 5 64 44 2 25 2 75 64 54 0 3 0 1 64
4/4 224 0 1 0 0 64 45 0 1 0 0 64 224 0 1 0 0 64 12 2 25 0 0 64 53 2 25 2 25 64 53 2 25 1 5 64 43 2 25 2 75 64 53 0 3 0 1 64
4/4 24 0 1 0 0 64 525 0 1 0 0 64 24 0 1 0 0 64 13 2 25 0 0 64 54 2 25 2 25 64 54 2 25 1 5 64 44 2 25 2 75 64 54 0 3 0 1 64
4/4 35 0 1 0 0 64 55 0 1 0 0 64 35 0 1 0 0 64 12 2 25 0 0 64 53 2 25 2 25 64 53 2 25 1 5 64 43 2 25 2 75 64 53 0 3 0 1 64
4/4 14 0 1 0 0 64 35 0 1 0 0 64 525 0 1 0 0 64 74 0 1 0 0 64 13 1 5 0 0 64 13 1 5 1 5 64 13 1 5 0 1 64 13 1 5 1 15 64 13 1 5 0 2 64 224 0 1 1 25 64 315 0 1 1 25 64 55 0 1 1 25 64 14 0 1 1 25 64
4/4 10 0 1 0 0 64 11 0 1 0 0 64 224 0 1 0 0 64 315 0 1 0 0 64 55 0 1 0 0 64 14 0 1 0 0 64 51 0 1 0 2 64 51 0 1 0 2 64
4/4 61 0 1 0 0 64 61 0 1 0 0 64 224 0 1 0 0 64 315 0 1 0 0 64 55 0 1 0 0 64 14 0 1 0 0 64 32 0 1 0 2 64 32 0 1 0 2 64
4/4 62 0 1 0 0 64 62 0 1 0 0 64 224 0 1 0 0 64 315 0 1 0 0 64 55 0 1 0 0 64 14 0 1 0 0 64 72 0 1 0 2 64 72 0 1 0 2 64
4/4 222 0 1 0 0 64 222 0 1 0 0 64 224 0 1 0 0 64 315 0 1 0 0 64 55 0 1 0 0 64 14 0 1 0 0 64 33 0 1 0 2 64 33 0 1 0 2 64 615 0 1 0 3 64 75 0 1 0 3 64 25 0 1 0 3 64 55 0 1 0 3 64
4/4 221 0 1 0 0 64 221 0 1 0 0 64 615 0 1 0 0 64 75 0 1 0 0 64 25 0 1 0 0 64 55 0 1 0 0 64 525 0 1 0 3 64 614 0 1 0 3 64 15 0 1 0 3 64 45 0 1 0 3 64
4/4 32 0 1 0 0 64 32 0 1 0 0 64 525 0 1 0 0 64 614 0 1 0 0 64 15 0 1 0 0 64 45 0 1 0 0 64
2/4 45 0 1 0 0 64 64 0 1 0 0 64 32 0 1 0 0 64 32 0 1 0 0 64 15 0 1 0 0 64 45 0 1 0 0 64
4/4 14 0 2 0 0 64 11 0 1 0 0 64 52 0 1 0 0 64 11 0 1 0 0 64 11 0 1 0 1 64 52 0 1 0 1 64 11 0 1 0 1 64 224 0 2 0 2 64 11 0 1 0 2 64 52 0 1 0 2 64 11 0 1 0 2 64 11 0 1 0 3 64 52 0 1 0 3 64 11 0 1 0 3 64
4/4 24 0 1 0 0 64 11 0 1 0 0 64 52 0 1 0 0 64 11 0 1 0 0 64 524 0 1 0 1 64 11 0 1 0 1 64 52 0 1 0 1 64 11 0 1 0 1 64 11 0 1 0 2 64 52 0 1 0 2 64 11 0 1 0 2 64 53 1 5 1 25 64 13 1 5 0 3 64 11 0 1 0 3 64 52 0 1 0 3 64 11 0 1 0 3 64 524 1 5 1 35 64
4/4 54 0 1 0 0 64 11 0 1 0 0 64 52 0 1 0 0 64 11 0 1 0 0 64 44 0 3 0 1 64 11 0 1 0 1 64 52 0 1 0 1 64 11 0 1 0 1 64 11 0 1 0 2 64 52 0 1 0 2 64 11 0 1 0 2 64 11 0 1 0 3 64 52 0 1 0 3 64 11 0 1 0 3 64
4/4 11 0 1 0 0 64 52 0 1 0 0 64 11 0 1 0 0 64 44 0 2 0 0 64 11 0 1 0 1 64 52 0 1 0 1 64 11 0 1 0 1 64 11 0 1 0 2 64 52 0 1 0 2 64 11 0 1 0 2 64 13 1 5 1 25 64 54 0 1 0 3 64 11 0 1 0 3 64 11 0 1 0 3 64 14 0 1 1 35 64 51 0 1 1 35 64
4/4 14 0 2 0 0 64 11 0 1 0 0 64 52 0 1 0 0 64 11 0 1 0 0 64 11 0 1 0 1 64 52 0 1 0 1 64 11 0 1 0 1 64 74 1 15 0 2 64 11 0 1 0 2 64 52 0 1 0 2 64 11 0 1 0 2 64 11 0 1 0 3 64 11 0 1 0 3 64 64 0 1 1 35 64 51 0 1 1 35 64 74 2 25 2 375 64
4/4 54 1 35 0 0 64 11 0 1 0 0 64 52 0 1 0 0 64 11 0 1 0 0 64 11 0 1 0 1 64 52 0 1 0 1 64 11 0 1 0 1 64 11 0 1 0 2 64 52 0 1 0 2 64 11 0 1 0 2 64 11 0 1 0 3 64 11 0 1 0 3 64 44 0 1 1 35 64 51 0 1 1 35 64
4/4 54 0 2 0 0 64 11 0 1 0 0 64 52 0 1 0 0 64 11 0 1 0 0 64 64 0 2 0 2 64 11 0 1 0 3 64 52 0 1 0 3 64 11 0 1 0 3 64 11 0 1 2 375 64 52 0 1 2 375 64 11 0 1 2 375 64
4/4 74 0 2 0 0 64 32 0 1 0 0 64 72 0 1 0 0 64 32 0 1 0 0 64 14 0 2 0 2 64 42 0 1 0 3 64 12 0 1 0 3 64 42 0 1 0 3 64
4/4 612 0 1 0 0 64 313 0 1 0 0 64 612 0 1 0 0 64 14 0 4 0 0 64 62 0 1 0 1 64 33 0 1 0 1 64 62 0 1 0 1 64 42 0 1 1 35 64 12 0 1 1 35 64 42 0 1 1 35 64
4/4 52 0 1 0 0 64 22 0 1 0 0 64 52 0 1 0 0 64 14 0 2 0 0 64 54 1 5 1 25 64 14 1 5 0 3 64 55 1 5 1 35 64
4/4 45 0 2 0 0 64 11 0 1 0 0 64 52 0 1 0 0 64 11 0 1 0 0 64 35 0 2 0 2 64 11 0 1 0 3 64 52 0 1 0 3 64 11 0 1 0 3 64 11 0 1 2 375 64 52 0 1 2 375 64 11 0 1 2 375 64
4/4 224 0 1 0 0 64 32 0 1 0 0 64 72 0 1 0 0 64 32 0 1 0 0 64 14 0 1 0 1 64 54 1 5 1 25 64 14 1 5 0 3 64 42 0 1 0 3 64 12 0 1 0 3 64 42 0 1 0 3 64 45 1 5 1 35 64
4/4 55 0 2 0 0 64 612 0 1 0 0 64 313 0 1 0 0 64 612 0 1 0 0 64 62 0 1 0 1 64 33 0 1 0 1 64 62 0 1 0 1 64 65 0 2 0 2 64 42 0 1 1 35 64 12 0 1 1 35 64 42 0 1 1 35 64
4/4 52 0 1 0 0 64 22 0 1 0 0 64 52 0 1 0 0 64 65 0 4 0 0 64
