4/4 44 0 1 0 0 64 54 0 1 0 0 64 74 0 1 0 0 64
4/4 44 0 1 0 0 64 54 0 1 0 0 64 14 0 1 0 0 64 32 0 1 0 0 64 33 0 1 0 0 64
4/4 32 1 5 0 0 64 44 0 1 0 0 64 54 0 1 0 0 64 14 0 1 0 0 64 72 1 5 1 5 64 53 1 5 0 1 64 73 1 5 1 15 64 13 1 5 0 2 64 73 1 5 1 25 64 34 1 5 0 3 64 13 1 5 1 35 64
4/4 32 1 5 0 0 64 44 0 1 0 0 64 54 0 1 0 0 64 14 0 1 0 0 64 72 1 5 1 5 64 53 1 5 0 1 64 73 1 5 1 15 64 13 1 5 0 2 64 73 1 5 1 25 64 74 0 1 0 3 64 34 0 1 0 3 64 35 0 1 1 35 64 13 0 1 1 35 64
4/4 35 1 35 0 0 64 31 0 1 0 0 64 32 0 1 0 0 64 72 1 5 1 5 64 53 1 5 0 1 64 73 1 5 1 15 64 13 1 5 0 2 64 73 1 5 1 25 64 34 1 5 0 3 64 24 0 1 1 35 64 45 0 1 1 35 64 13 0 1 1 35 64
4/4 24 0 1 0 0 64 45 0 1 0 0 64 32 0 1 0 0 64 35 0 1 1 5 64 55 0 1 1 5 64 72 0 1 1 5 64 35 0 1 0 1 64 55 0 1 0 1 64 53 1 5 0 1 64 73 1 5 1 15 64 13 1 5 0 2 64 73 1 5 1 25 64 34 1 5 0 3 64 14 0 1 1 35 64 55 0 1 1 35 64 13 0 1 1 35 64 14 0 1 2 375 64 45 0 1 2 375 64 75 0 1 2 375 64
4/4 31 0 1 0 0 64 32 0 1 0 0 64 14 0 1 0 0 64 45 0 1 0 0 64 75 0 1 0 0 64 72 1 5 1 5 64 45 0 2 0 1 64 14 0 3 0 1 64 53 1 5 0 1 64 73 1 5 1 15 64 13 1 5 0 2 64 73 1 5 1 25 64 35 0 1 0 3 64 34 0 1 0 3 64 45 0 1 1 35 64 13 0 1 1 35 64
4/4 74 0 1 0 0 64 35 0 1 0 0 64 55 0 1 0 0 64 32 1 5 0 0 64 72 1 5 1 5 64 53 1 5 0 1 64 73 1 5 1 15 64 13 1 5 0 2 64 73 1 5 1 25 64 54 0 1 0 3 64 55 0 1 0 3 64 34 0 1 0 3 64 74 0 1 1 35 64 75 0 1 1 35 64 13 0 1 1 35 64 35 0 1 2 375 64 55 0 1 2 375 64 36 0 1 2 375 64
4/4 11 0 1 0 0 64 12 0 1 0 0 64 35 0 1 0 0 64 55 0 1 0 0 64 36 0 1 0 0 64 53 1 5 1 5 64 73 1 5 0 1 64 35 0 1 1 15 64 55 0 1 1 15 64 36 0 1 1 15 64 34 0 1 1 15 64 35 0 1 0 2 64 55 0 1 0 2 64 36 0 1 0 2 64 73 0 1 0 2 64 24 0 1 1 25 64 55 0 1 1 25 64 25 0 1 1 25 64 53 0 1 1 25 64 54 0 1 0 3 64 74 0 1 0 3 64 55 0 1 0 3 64 23 0 1 0 3 64 74 0 1 1 35 64 24 0 1 1 35 64 75 0 1 1 35 64 73 0 1 1 35 64 14 0 1 2 375 64 35 0 1 2 375 64 65 0 1 2 375 64 15 0 1 2 375 64
4/4 61 0 1 0 0 64 62 0 1 0 0 64 14 0 1 0 0 64 35 0 1 0 0 64 65 0 1 0 0 64 15 0 1 0 0 64 33 1 5 1 5 64 74 0 1 0 1 64 35 0 1 0 1 64 75 0 1 0 1 64 43 0 1 0 1 64 64 0 1 1 15 64 35 0 1 1 15 64 65 0 1 1 15 64 63 0 1 1 15 64 74 0 1 2 175 64 35 0 1 2 175 64 55 0 1 2 175 64 75 0 1 2 175 64 51 0 1 0 2 64 52 0 1 0 2 64 33 1 5 1 25 64 34 0 1 0 3 64 35 0 1 0 3 64 73 0 1 0 3 64 44 0 1 1 35 64 45 0 1 1 35 64 33 0 1 1 35 64 54 0 1 2 375 64 14 0 1 2 375 64 35 0 1 2 375 64 55 0 1 2 375 64
4/4 41 0 1 0 0 64 42 0 1 0 0 64 54 0 1 0 0 64 14 0 1 0 0 64 35 0 1 0 0 64 55 0 1 0 0 64 613 1 5 1 5 64 14 0 1 0 1 64 13 0 1 0 1 64 35 0 1 1 15 64 613 0 1 1 15 64 54 0 1 2 175 64 14 0 1 2 175 64 35 0 1 2 175 64 55 0 1 2 175 64 42 1 5 0 2 64 63 1 5 1 25 64 45 0 1 0 3 64 13 0 1 0 3 64 35 0 1 1 35 64 63 0 1 1 35 64 44 2 25 2 375 64 64 0 1 2 375 64 14 0 1 2 375 64 45 0 1 2 375 64
4/4 71 0 1 0 0 64 72 0 1 0 0 64 44 3 2417 0 0 64 64 0 1 0 0 64 14 0 1 0 0 64 45 0 1 0 0 64 43 1 5 1 5 64 63 1 5 0 1 64 13 1 5 1 15 64 44 0 1 0 2 64 23 1 5 1 25 64 74 0 1 0 3 64 73 0 1 0 3 64 35 0 1 1 35 64 63 0 1 1 35 64
4/4 35 1 35 0 0 64 31 0 1 0 0 64 32 0 1 0 0 64 72 1 5 1 5 64 53 1 5 0 1 64 73 1 5 1 15 64 13 1 5 0 2 64 73 1 5 1 25 64 34 1 5 0 3 64 24 0 1 1 35 64 45 0 1 1 35 64 13 0 1 1 35 64
4/4 24 0 1 0 0 64 45 0 1 0 0 64 32 0 1 0 0 64 35 0 1 1 5 64 55 0 1 1 5 64 72 0 1 1 5 64 35 0 1 0 1 64 55 0 1 0 1 64 53 1 5 0 1 64 73 1 5 1 15 64 13 1 5 0 2 64 73 1 5 1 25 64 34 1 5 0 3 64 14 0 1 1 35 64 55 0 1 1 35 64 13 0 1 1 35 64 14 0 1 2 375 64 45 0 1 2 375 64 75 0 1 2 375 64
4/4 31 0 1 0 0 64 32 0 1 0 0 64 14 0 1 0 0 64 45 0 1 0 0 64 75 0 1 0 0 64 72 1 5 1 5 64 45 0 2 0 1 64 14 0 3 0 1 64 53 1 5 0 1 64 73 1 5 1 15 64 13 1 5 0 2 64 73 1 5 1 25 64 35 0 1 0 3 64 34 0 1 0 3 64 45 0 1 1 35 64 13 0 1 1 35 64
4/4 74 0 1 0 0 64 35 0 1 0 0 64 55 0 1 0 0 64 32 1 5 0 0 64 72 1 5 1 5 64 53 1 5 0 1 64 73 1 5 1 15 64 13 1 5 0 2 64 73 1 5 1 25 64 54 0 1 0 3 64 55 0 1 0 3 64 34 0 1 0 3 64 74 0 1 1 35 64 75 0 1 1 35 64 13 0 1 1 35 64 35 0 1 2 375 64 55 0 1 2 375 64 36 0 1 2 375 64
4/4 11 0 1 0 0 64 12 0 1 0 0 64 35 0 1 0 0 64 55 0 1 0 0 64 36 0 1 0 0 64 53 1 5 1 5 64 73 1 5 0 1 64 35 0 1 1 15 64 55 0 1 1 15 64 36 0 1 1 15 64 34 0 1 1 15 64 35 0 1 0 2 64 55 0 1 0 2 64 36 0 1 0 2 64 73 0 1 0 2 64 24 0 1 1 25 64 55 0 1 1 25 64 25 0 1 1 25 64 53 0 1 1 25 64 54 0 1 0 3 64 74 0 1 0 3 64 55 0 1 0 3 64 23 0 1 0 3 64 74 0 1 1 35 64 24 0 1 1 35 64 75 0 1 1 35 64 73 0 1 1 35 64 14 0 1 2 375 64 35 0 1 2 375 64 65 0 1 2 375 64 15 0 1 2 375 64
4/4 61 0 1 0 0 64 62 0 1 0 0 64 14 0 1 0 0 64 35 0 1 0 0 64 65 0 1 0 0 64 15 0 1 0 0 64 33 1 5 1 5 64 74 0 1 0 1 64 35 0 1 0 1 64 75 0 1 0 1 64 43 0 1 0 1 64 64 0 1 1 15 64 35 0 1 1 15 64 65 0 1 1 15 64 63 0 1 1 15 64 74 0 1 2 175 64 35 0 1 2 175 64 55 0 1 2 175 64 75 0 1 2 175 64 51 0 1 0 2 64 52 0 1 0 2 64 33 1 5 1 25 64 34 0 1 0 3 64 35 0 1 0 3 64 73 0 1 0 3 64 44 0 1 1 35 64 45 0 1 1 35 64 33 0 1 1 35 64 54 0 1 2 375 64 14 0 1 2 375 64 35 0 1 2 375 64 55 0 1 2 375 64
4/4 41 0 1 0 0 64 42 0 1 0 0 64 54 0 1 0 0 64 14 0 1 0 0 64 35 0 1 0 0 64 55 0 1 0 0 64 12 1 5 1 5 64 14 0 1 0 1 64 63 0 1 0 1 64 35 0 1 1 15 64 12 0 1 1 15 64 64 0 1 2 175 64 24 0 1 2 175 64 45 0 1 2 175 64 71 0 1 2 175 64 72 0 1 2 175 64 55 0 1 1 25 64 63 0 1 1 25 64 45 0 1 0 3 64 73 1 5 0 3 64 63 1 5 1 35 64 44 0 1 2 375 64 54 0 1 2 375 64 74 0 1 2 375 64 35 0 1 2 375 64
4/4 31 0 1 0 0 64 32 0 1 0 0 64 44 0 1 0 0 64 54 0 1 0 0 64 74 0 1 0 0 64 35 0 1 0 0 64 72 1 5 1 5 64 53 1 5 0 1 64 73 1 5 1 15 64 13 1 5 0 2 64 73 1 5 1 25 64 34 1 5 0 3 64 34 0 1 1 35 64 13 0 1 1 35 64
4/4 64 0 1 0 0 64 61 0 1 0 0 64 62 0 1 0 0 64 54 0 1 1 5 64 33 0 1 1 5 64 44 0 1 0 1 64 53 0 1 0 1 64 34 0 1 1 15 64 63 0 1 1 15 64 44 0 1 0 2 64 73 1 5 0 2 64 63 1 5 1 25 64 74 0 1 0 3 64 13 0 1 0 3 64 54 0 1 1 35 64 73 0 1 1 35 64
4/4 44 0 3 0 0 64 71 0 1 0 0 64 72 0 1 0 0 64 43 1 5 1 5 64 53 1 5 0 1 64 63 1 5 1 15 64 73 1 5 0 2 64 63 1 5 1 25 64 13 1 5 0 3 64 44 0 1 1 35 64 73 0 1 1 35 64
4/4 64 0 1 0 0 64 61 0 1 0 0 64 62 0 1 0 0 64 54 0 1 1 5 64 33 0 1 1 5 64 44 0 1 0 1 64 53 0 1 0 1 64 34 0 1 1 15 64 63 0 1 1 15 64 44 0 1 0 2 64 73 1 5 0 2 64 63 1 5 1 25 64 74 0 1 0 3 64 23 0 1 0 3 64 14 0 1 1 35 64 73 0 1 1 35 64
4/4 74 0 2 0 0 64 51 0 1 0 0 64 52 0 1 0 0 64 22 1 5 1 5 64 53 1 5 0 1 64 73 1 5 1 15 64 13 1 5 0 2 64 54 0 1 1 25 64 55 0 1 1 25 64 73 0 1 1 25 64 74 0 1 0 3 64 75 0 1 0 3 64 23 0 1 0 3 64 54 0 1 1 35 64 55 0 1 1 35 64 73 0 1 1 35 64
4/4 44 0 1 0 0 64 45 0 1 0 0 64 62 1 5 0 0 64 33 1 5 1 5 64 13 1 5 0 1 64 33 1 5 1 15 64 72 1 5 0 2 64 54 0 1 1 25 64 55 0 1 1 25 64 43 0 1 1 25 64 74 0 1 0 3 64 75 0 1 0 3 64 23 0 1 0 3 64 54 0 1 1 35 64 55 0 1 1 35 64 43 0 1 1 35 64 54 0 1 2 375 64 74 0 1 2 375 64 14 0 1 2 375 64 35 0 1 2 375 64
4/4 12 1 5 0 0 64 54 0 1 0 0 64 74 0 1 0 0 64 14 0 1 0 0 64 35 0 1 0 0 64 53 1 5 1 5 64 34 1 5 0 1 64 13 1 5 1 15 64 23 1 5 0 2 64 35 0 1 1 25 64 55 0 1 1 25 64 36 0 1 1 25 64 13 0 1 1 25 64 24 0 1 0 3 64 25 0 1 0 3 64 73 0 1 0 3 64 14 0 1 1 35 64 15 0 1 1 35 64 63 0 1 1 35 64
4/4 35 0 1 0 0 64 55 0 1 0 0 64 36 0 1 0 0 64 222 0 1 0 0 64 45 0 1 1 5 64 46 0 1 1 5 64 63 0 1 1 5 64 45 0 1 0 1 64 46 0 1 0 1 64 44 1 5 0 1 64 63 1 5 1 15 64 34 1 5 0 2 64 63 1 5 1 25 64 223 1 5 0 3 64 13 2 25 1 35 64 713 2 25 2 375 64
4/4 73 0 1 0 0 64 71 0 1 0 0 64 72 0 1 0 0 64 54 0 1 0 1 64 14 0 1 0 1 64 35 0 1 0 1 64 55 0 1 0 1 64 72 0 1 0 1 64 33 0 1 0 1 64 64 0 1 0 2 64 14 0 1 0 2 64 35 0 1 0 2 64 65 0 1 0 2 64 72 0 1 0 2 64 43 0 1 0 2 64 14 0 1 0 3 64 45 0 1 0 3 64 65 0 1 0 3 64 15 0 1 0 3 64 72 0 1 0 3 64 63 0 1 0 3 64
4/4 74 0 1 0 0 64 35 0 1 0 0 64 55 0 1 0 0 64 75 0 1 0 0 64 31 0 1 0 0 64 32 0 1 0 0 64 72 1 5 1 5 64 53 1 5 0 1 64 73 1 5 1 15 64 13 1 5 0 2 64 74 0 1 1 25 64 55 0 1 1 25 64 75 0 1 1 25 64 73 0 1 1 25 64 35 0 1 0 3 64 36 0 1 0 3 64 34 0 1 0 3 64 45 0 1 1 35 64 46 0 1 1 35 64 13 0 1 1 35 64
4/4 45 0 1 0 0 64 46 0 1 0 0 64 51 0 1 0 0 64 52 0 1 0 0 64 55 0 1 1 5 64 56 0 1 1 5 64 33 0 1 1 5 64 35 0 1 0 1 64 36 0 1 0 1 64 713 0 1 0 1 64 24 0 1 1 15 64 25 0 1 1 15 64 44 0 1 1 15 64 35 0 1 2 175 64 65 0 1 2 175 64 15 0 1 2 175 64 36 0 1 2 175 64 61 0 1 0 2 64 62 0 1 0 2 64 33 1 5 1 25 64 13 1 5 0 3 64 35 0 1 1 35 64 65 0 1 1 35 64 15 0 1 1 35 64 36 0 1 1 35 64 63 0 1 1 35 64
4/4 35 0 1 0 0 64 65 0 1 0 0 64 15 0 1 0 0 64 36 0 1 0 0 64 41 0 1 0 0 64 42 0 1 0 0 64 45 0 1 1 5 64 46 0 1 1 5 64 63 0 1 1 5 64 24 0 1 0 1 64 25 0 1 0 1 64 13 0 1 0 1 64 14 0 1 1 15 64 15 0 1 1 15 64 43 0 1 1 15 64 714 0 1 0 2 64 35 0 1 0 2 64 65 0 1 0 2 64 715 0 1 0 2 64 61 0 1 0 2 64 62 0 1 0 2 64 224 0 1 1 25 64 225 0 1 1 25 64 713 0 1 1 25 64 74 0 1 0 3 64 75 0 1 0 3 64 34 0 1 0 3 64 64 0 1 1 35 64 65 0 1 1 35 64 713 0 1 1 35 64 74 0 1 2 375 64 45 0 1 2 375 64 65 0 1 2 375 64 75 0 1 2 375 64
4/4 71 0 1 0 0 64 72 0 1 0 0 64 74 0 1 0 0 64 45 0 1 0 0 64 65 0 1 0 0 64 75 0 1 0 0 64 43 1 5 1 5 64 73 1 5 0 1 64 13 1 5 1 15 64 71 0 1 0 2 64 72 0 1 0 2 64 54 0 1 1 25 64 14 0 1 1 25 64 35 0 1 1 25 64 55 0 1 1 25 64 64 0 1 2 275 64 14 0 1 2 275 64 35 0 1 2 275 64 65 0 1 2 275 64 43 0 1 2 275 64 63 0 1 2 275 64 73 0 1 2 275 64 23 0 1 2 275 64 14 0 1 1 35 64 45 0 1 1 35 64 65 0 1 1 35 64 15 0 1 1 35 64
4/4 74 0 1 0 0 64 35 0 1 0 0 64 55 0 1 0 0 64 75 0 1 0 0 64 31 0 1 0 0 64 32 0 1 0 0 64 72 1 5 1 5 64 53 1 5 0 1 64 73 1 5 1 15 64 13 1 5 0 2 64 74 0 1 1 25 64 55 0 1 1 25 64 75 0 1 1 25 64 73 0 1 1 25 64 35 0 1 0 3 64 36 0 1 0 3 64 34 0 1 0 3 64 45 0 1 1 35 64 46 0 1 1 35 64 13 0 1 1 35 64
2/4 45 0 1 0 0 64 46 0 1 0 0 64 52 0 1 0 0 64 53 0 1 0 0 64 55 0 1 1 5 64 56 0 1 1 5 64 713 0 1 1 5 64 35 0 1 0 1 64 36 0 1 0 1 64 34 0 1 0 1 64 24 0 1 1 15 64 25 0 1 1 15 64 23 0 1 1 15 64 35 0 1 2 175 64 55 0 1 2 175 64 36 0 1 2 175 64
4/4 11 0 1 0 0 64 12 0 1 0 0 64 35 0 1 0 0 64 55 0 1 0 0 64 36 0 1 0 0 64 53 1 5 1 5 64 34 1 5 0 1 64 54 0 1 1 15 64 55 0 1 1 15 64 53 0 1 1 15 64 24 0 1 2 175 64 55 0 1 2 175 64 25 0 1 2 175 64 71 0 1 0 2 64 72 0 1 0 2 64 53 1 5 1 25 64 23 1 5 0 3 64 54 0 1 1 35 64 55 0 1 1 35 64 53 0 1 1 35 64 14 0 1 2 375 64 35 0 1 2 375 64 15 0 1 2 375 64
4/4 61 0 1 0 0 64 62 0 1 0 0 64 14 0 1 0 0 64 35 0 1 0 0 64 15 0 1 0 0 64 33 1 5 1 5 64 13 1 5 0 1 64 33 1 5 1 15 64 62 1 5 0 2 64 14 0 1 1 25 64 35 0 1 1 25 64 15 0 1 1 25 64 33 0 1 1 25 64 74 0 1 0 3 64 35 0 1 0 3 64 75 0 1 0 3 64 13 0 1 0 3 64 64 0 1 1 35 64 35 0 1 1 35 64 65 0 1 1 35 64 33 0 1 1 35 64 74 0 1 2 375 64 35 0 1 2 375 64 75 0 1 2 375 64
4/4 52 1 5 0 0 64 74 0 1 0 0 64 35 0 1 0 0 64 75 0 1 0 0 64 33 1 5 1 5 64 35 0 1 0 1 64 73 0 1 0 1 64 75 0 1 1 15 64 33 0 1 1 15 64 74 0 1 2 175 64 35 0 1 2 175 64 45 0 1 2 175 64 75 0 1 2 175 64 42 1 5 0 2 64 12 1 5 1 25 64 65 0 1 0 3 64 63 1 5 0 3 64 12 1 5 1 35 64 74 0 1 2 375 64 14 0 1 2 375 64 24 0 1 2 375 64 55 0 1 2 375 64
4/4 72 1 5 0 0 64 74 0 1 0 0 64 14 0 1 0 0 64 24 0 1 0 0 64 55 0 1 0 0 64 43 1 5 1 5 64 14 0 1 0 1 64 73 0 1 0 1 64 55 0 1 1 15 64 43 0 1 1 15 64 64 0 1 0 2 64 55 0 1 0 2 64 72 0 1 0 2 64 22 0 1 0 2 64 73 0 1 0 2 64 64 0 1 0 3 64 45 0 1 0 3 64 712 0 1 0 3 64 22 0 1 0 3 64 713 0 1 0 3 64
4/4 35 0 4 0 0 64 54 0 1 0 0 64 12 0 1 0 0 64 14 0 1 1 5 64 63 0 1 1 5 64 74 0 1 0 1 64 73 0 1 0 1 64 64 0 1 1 15 64 34 0 1 1 15 64 54 0 1 0 2 64 63 1 5 0 2 64 73 1 5 1 25 64 44 0 1 0 3 64 34 1 5 0 3 64 73 1 5 1 35 64 34 0 1 2 375 64 54 0 1 2 375 64 74 0 1 2 375 64 35 0 1 2 375 64
4/4 32 1 5 0 0 64 34 0 1 0 0 64 54 0 1 0 0 64 74 0 1 0 0 64 35 0 1 0 0 64 72 1 5 1 5 64 33 1 5 0 1 64 73 1 5 1 15 64 34 0 1 0 2 64
4/4 65 0 1 0 0 64 14 0 1 0 0 64 63 0 1 0 0 64 55 0 1 0 1 64 45 0 1 0 2 64 24 0 1 0 2 64 73 0 1 0 2 64
4/4 55 0 1 0 0 64 24 0 3 0 0 64 53 0 2 0 0 64 45 0 1 0 1 64 35 0 1 0 2 64 13 0 1 0 2 64 14 0 1 0 3 64
4/4 45 0 1 0 0 64 224 0 1 0 0 64 223 0 4 0 0 64 35 0 1 0 1 64 14 0 1 0 1 64 224 0 1 0 2 64 74 0 1 0 2 64 14 0 1 0 3 64 64 0 1 0 3 64
4/4 24 0 1 0 0 64 53 0 1 0 0 64 23 0 1 0 0 64 14 0 2 0 0 64 714 0 2 0 2 64
4/4 64 0 1 0 0 64 13 0 3 0 0 64 62 0 1 0 0 64 33 0 1 0 0 64 54 0 1 0 1 64 44 0 1 0 2 64 72 0 1 0 2 64 43 0 1 0 2 64 23 0 1 0 3 64
4/4 54 0 1 0 0 64 712 0 1 0 0 64 53 0 1 0 0 64 23 0 3 0 0 64 44 0 1 0 1 64 34 0 1 0 2 64 12 0 1 0 2 64 53 0 1 0 2 64 13 0 1 0 3 64
4/4 44 0 1 0 0 64 223 0 3 0 0 64 222 0 1 0 0 64 63 0 1 0 0 64 34 0 1 0 1 64 223 0 2 0 2 64 13 0 1 0 3 64
4/4 13 0 2 0 0 64 53 0 1 0 0 64 23 0 1 0 0 64 52 0 1 0 0 64 22 0 1 0 0 64 713 0 2 0 2 64
4/4 74 0 1 0 0 64 35 0 1 0 0 64 75 0 1 0 0 64 31 0 1 0 0 64 32 0 1 0 0 64 72 1 5 1 5 64 53 1 5 0 1 64 73 1 5 1 15 64 13 1 5 0 2 64 73 1 5 1 25 64 34 1 5 0 3 64 13 1 5 1 35 64
4/4 32 1 5 0 0 64 74 0 1 0 0 64 35 0 1 0 0 64 75 0 1 0 0 64 72 1 5 1 5 64 53 1 5 0 1 64 73 1 5 1 15 64 13 1 5 0 2 64 73 1 5 1 25 64 34 1 5 0 3 64 13 1 5 1 35 64
4/4 75 0 3 0 0 64 62 1 5 0 0 64 33 1 5 1 5 64 13 1 5 0 1 64 34 1 5 1 15 64 54 0 1 0 2 64 65 0 1 0 3 64
4/4 55 0 4 0 0 64 54 0 1 2 75 64 714 0 1 2 75 64 53 0 1 2 75 64 23 0 1 2 75 64
4/4 45 0 3 0 0 64 63 1 5 0 0 64 34 1 5 1 5 64 54 1 5 0 1 64 24 1 5 1 15 64 14 0 1 0 2 64 14 1 5 0 3 64 45 1 5 1 35 64
4/4 55 0 3 0 0 64 73 1 5 0 0 64 44 1 5 1 5 64 54 1 5 0 1 64 24 1 5 1 15 64 14 0 1 0 2 64 65 0 1 0 3 64
4/4 35 0 1 0 0 64 55 0 1 0 0 64 75 0 1 0 0 64 32 1 5 0 0 64 72 1 5 1 5 64 53 1 5 0 1 64 73 1 5 1 15 64 13 1 5 0 2 64 73 1 5 1 25 64 34 1 5 0 3 64 13 1 5 1 35 64
4/4 32 1 5 0 0 64 35 0 1 0 0 64 55 0 1 0 0 64 75 0 1 0 0 64 72 1 5 1 5 64 53 1 5 0 1 64 73 1 5 1 15 64 13 1 5 0 2 64 73 1 5 1 25 64 34 1 5 0 3 64 13 1 5 1 35 64 35 0 1 2 375 64 32 0 1 2 375 64 45 0 1 2 375 64 72 0 1 2 375 64 55 0 1 2 375 64 75 0 1 2 375 64 33 0 1 2 375 64
4/4 35 0 1 0 0 64 32 0 1 0 0 64 45 0 1 0 0 64 72 0 1 0 0 64 55 0 1 0 0 64 75 0 1 0 0 64 33 0 1 0 0 64
