4/4 33 0 1 0 3 64 32 0 1 0 3 64 523 0 1 2 325 64 522 0 1 2 325 64 613 0 1 2 325 64 612 0 1 1 35 64 13 0 1 1 35 64 12 0 1 1 35 64 34 0 1 2 375 64 33 0 1 2 375 64
4/4 524 0 1 0 0 64 523 0 1 0 0 64
3/4 315 1 5 0 0 64 35 1 5 1 5 64 525 1 5 0 1 64 315 1 5 1 15 64 35 1 5 0 2 64 224 0 1 1 25 64 712 0 1 1 25 64 523 0 1 1 25 64
3/4 315 1 5 0 0 64 12 0 1 0 0 64 53 0 1 0 0 64 35 1 5 1 5 64 525 1 5 0 1 64 315 1 5 1 15 64 35 1 5 0 2 64 224 0 1 1 25 64 712 0 1 1 25 64 523 0 1 1 25 64
3/4 315 1 5 0 0 64 12 0 1 0 0 64 53 0 1 0 0 64 35 1 5 1 5 64 525 1 5 0 1 64 315 1 5 1 15 64 35 1 5 0 2 64 224 1 5 1 25 64
3/4 315 1 5 0 0 64 35 1 5 1 5 64 525 1 5 0 1 64 315 1 5 1 15 64 35 1 5 0 2 64 224 0 1 1 25 64 712 0 1 1 25 64 523 0 1 1 25 64
3/4 315 1 5 0 0 64 12 0 1 0 0 64 53 0 1 0 0 64 35 1 5 1 5 64 525 1 5 0 1 64 315 1 5 1 15 64 35 1 5 0 2 64 224 0 1 1 25 64 712 0 1 1 25 64 523 0 1 1 25 64
3/4 315 1 5 0 0 64 12 0 1 0 0 64 53 0 1 0 0 64 35 1 5 1 5 64 525 1 5 0 1 64 315 1 5 1 15 64 35 1 5 0 2 64 224 1 5 1 25 64
3/4 315 1 5 0 0 64 712 0 1 0 0 64 523 0 1 0 0 64 35 1 5 1 5 64 525 1 5 0 1 64 315 1 5 1 15 64 35 1 5 0 2 64 224 1 5 1 25 64
3/4 315 1 5 0 0 64 712 0 1 0 0 64 523 0 1 0 0 64 35 1 5 1 5 64 525 1 5 0 1 64 315 1 5 1 15 64 35 1 5 0 2 64 224 1 5 1 25 64
4/4 63 0 1 0 0 64 62 0 1 0 0 64 713 0 1 2 25 64 712 0 1 2 25 64 22 0 1 2 25 64 23 0 1 1 5 64 43 0 1 1 5 64 44 0 1 1 5 64 63 0 1 2 75 64 64 0 1 2 75 64 713 0 1 2 75 64 714 3 333 0 1 64
4/4 714 0 1 0 0 64 713 0 1 0 0 64
3/4 65 1 5 0 0 64 55 1 5 1 5 64 75 1 5 0 1 64 65 1 5 1 15 64 55 1 5 0 2 64 45 0 1 1 25 64 12 0 1 1 25 64
3/4 65 1 5 0 0 64 63 1 25 0 0 64 55 1 5 1 5 64 75 1 5 0 1 64 65 1 5 1 15 64 55 1 5 0 2 64 45 0 1 1 25 64 53 0 1 1 25 64
3/4 65 1 5 0 0 64 712 0 2 0 0 64 55 1 5 1 5 64 75 1 5 0 1 64 65 1 5 1 15 64 55 1 5 0 2 64 45 0 1 1 25 64 72 0 1 1 25 64
3/4 65 1 5 0 0 64 523 0 2 0 0 64 55 1 5 1 5 64 75 1 5 0 1 64 65 1 5 1 15 64 55 0 1 0 2 64 53 0 1 0 2 64 45 0 1 1 25 64 43 0 1 1 25 64
3/4 65 1 5 0 0 64 22 0 3 0 0 64 55 1 5 1 5 64 75 1 5 0 1 64 65 1 5 1 15 64 55 1 5 0 2 64 45 1 5 1 25 64
3/4 65 1 5 0 0 64 22 0 2 0 0 64 55 1 5 1 5 64 75 1 5 0 1 64 65 1 5 1 15 64 55 1 5 0 2 64 45 0 1 1 25 64 13 0 1 1 25 64
3/4 65 1 5 0 0 64 64 1 25 0 0 64 55 1 5 1 5 64 75 1 5 0 1 64 65 1 5 1 15 64 55 1 5 0 2 64 45 0 1 1 25 64 54 0 1 1 25 64
3/4 65 1 5 0 0 64 713 0 2 0 0 64 55 1 5 1 5 64 75 1 5 0 1 64 65 1 5 1 15 64 55 1 5 0 2 64 45 0 1 1 25 64 73 0 1 1 25 64
3/4 65 1 5 0 0 64 524 0 2 0 0 64 55 1 5 1 5 64 75 1 5 0 1 64 65 1 5 1 15 64 55 0 1 0 2 64 54 0 1 0 2 64 45 0 1 1 25 64 44 0 1 1 25 64
3/4 65 1 5 0 0 64 23 0 3 0 0 64 55 1 5 1 5 64 75 1 5 0 1 64 65 1 5 1 15 64 55 1 5 0 2 64 45 1 5 1 25 64
3/4 65 1 5 0 0 64 53 0 3 0 0 64 23 0 3 0 0 64 55 1 5 1 5 64 75 1 5 0 1 64 65 1 5 1 15 64 55 1 5 0 2 64 45 1 5 1 25 64
3/4 14 0 1 0 0 64 35 0 1 0 0 64 55 0 1 0 0 64 15 0 1 0 0 64 11 0 1 0 0 64 52 0 1 0 0 64 12 0 1 0 0 64
