4/4 33 0 1 0 0 61 61 0 1 0 0 55 43 0 1 0 2 56 71 0 1 0 2 59
4/4 53 0 1 0 0 60 11 0 1 0 0 66
4/4 63 0 1 0 0 65 12 0 1 0 0 59 41 0 1 0 0 64 73 0 1 0 2 61 22 0 1 0 2 68 51 0 1 0 2 55
4/4 13 0 1 0 0 66 61 0 1 0 0 71 33 0 4 0 0 74 73 0 1 0 2 64 51 0 1 0 2 70
4/4 13 0 1 0 0 56 33 0 1 0 0 55 61 0 1 0 0 68 73 0 4 0 0 54 23 0 1 0 2 63 22 0 1 0 2 54 71 0 1 0 2 66
4/4 34 0 1 0 0 56 52 0 1 0 0 54 31 0 1 0 0 74 73 0 4 0 0 59 44 0 1 0 1 61 34 0 1 0 2 58 73 0 1 0 3 66
4/4 13 0 1 0 0 71 32 0 1 0 0 63 61 0 1 0 0 59 53 0 4 0 0 59 23 0 1 0 2 66 42 0 1 0 2 61 71 0 1 0 2 55
4/4 73 0 1 0 0 62 34 0 1 0 0 64 11 0 1 0 0 70 53 0 4 0 0 54
4/4 44 1 35 0 0 68 12 0 2 0 0 57 22 0 2 0 2 54 54 2 25 1 35 69 44 2 25 2 375 66
4/4 34 0 2 0 0 71 22 0 1 0 0 60 12 0 2 0 1 65 23 0 2 0 2 69 72 0 1 0 3 56
4/4 12 0 1 0 0 61 51 0 1 0 0 68 32 0 1 0 0 65 61 0 1 0 0 67 22 0 1 0 2 55 42 0 1 0 2 72 71 0 1 0 2 70
4/4 43 0 2 0 0 55 12 0 3 0 0 71 11 0 1 0 0 68 51 0 1 0 0 67 22 0 1 0 2 58 54 0 1 0 3 60 13 0 1 0 3 59 74 0 1 1 35 54 23 0 1 1 35 54 63 0 1 2 375 66 13 0 1 2 375 59 33 0 1 2 375 58
4/4 14 0 1 0 0 58 34 0 1 0 0 69 63 0 1 0 0 60 13 0 1 0 0 69 33 0 1 0 0 64 35 0 1 0 1 58 54 0 1 0 1 54 73 0 1 2 175 69 23 0 1 2 175 65 43 0 1 2 175 59 24 0 1 0 2 64 44 0 1 0 2 60 74 0 1 1 25 71 23 0 1 1 25 56 14 0 1 1 35 73 34 0 1 1 35 73 13 0 1 2 375 64 33 0 1 2 375 58
4/4 14 0 1 0 0 54 34 0 1 0 0 56 54 1 35 0 0 68 13 0 1 0 0 72 33 0 1 0 0 61 54 0 1 0 3 62 14 1 5 0 3 61 74 0 1 1 35 64 23 0 1 1 35 72 43 0 1 2 375 73 63 0 1 2 375 71 12 0 1 2 375 73
4/4 14 0 1 0 0 59 34 0 1 0 0 64 43 0 1 0 0 59 63 0 1 0 0 70 12 0 1 0 0 55 35 0 1 0 1 60 54 0 1 0 1 68 53 0 1 2 175 58 73 0 1 2 175 74 22 0 1 2 175 59 24 0 1 0 2 65 44 0 1 0 2 58 74 0 1 1 25 72 23 0 1 1 25 54 14 0 1 1 35 54 34 0 1 1 35 56 63 0 1 2 375 54 13 0 1 2 375 57 33 0 1 2 375 56
4/4 35 0 3 0 0 71 14 1 15 0 0 71 63 0 1 0 0 56 13 0 1 0 0 68 33 0 1 0 0 71 74 2 25 1 15 65 64 2 25 2 175 65 53 0 1 2 175 74 73 0 1 2 175 64 33 0 1 2 175 69 74 0 1 0 2 65 55 1 5 0 3 56 75 1 5 1 35 69 63 0 1 2 375 64 13 0 1 2 375 61 33 0 1 2 375 68
4/4 45 0 1 0 0 68 63 0 1 0 0 69 13 0 1 0 0 72 33 0 1 0 0 70 55 1 5 0 1 67 75 1 5 1 15 68 73 0 1 2 175 62 13 0 1 2 175 67 43 0 1 2 175 73 45 1 5 0 2 69 55 1 5 1 25 69 14 1 5 0 3 65 35 1 5 1 35 59 33 0 1 2 375 56 73 0 1 2 375 55 24 0 1 2 375 71 12 0 1 2 375 62
4/4 55 0 3 0 0 63 33 0 1 0 0 60 73 0 1 0 0 54 24 0 1 0 0 62 12 0 1 0 0 60 35 0 1 0 2 62 53 1 5 0 3 60 73 1 5 1 35 64
4/4 13 0 1 0 0 66 62 0 1 0 0 66 32 0 1 0 0 67 34 0 1 0 1 56 23 1 5 0 2 62 72 0 1 0 2 65 42 0 1 0 2 70 53 0 1 1 25 70 73 1 5 1 35 55
4/4 13 0 3 0 0 56 43 0 2 0 0 65 12 0 4 0 0 67 33 0 2 0 2 72 13 1 5 0 3 62 34 1 5 1 35 66
4/4 44 1 15 0 0 55 62 0 1 0 0 60 12 0 1 0 0 63 32 0 1 0 0 69 54 1 5 1 15 63 44 1 5 0 2 68 712 0 1 0 2 62 22 0 1 0 2 62 42 0 1 0 2 72 54 2 25 1 25 58 44 2 25 2 275 56 34 1 5 0 3 58 23 1 5 1 35 58
4/4 23 0 3 0 0 67 12 0 1 0 0 72 22 0 1 0 0 69 52 0 1 0 0 69 72 0 1 0 2 56 21 0 1 0 2 70 53 1 15 0 2 56 53 0 1 0 3 74 73 1 5 1 35 68
4/4 43 0 1 0 0 71 62 0 2 0 0 65 53 1 5 0 1 55 73 1 5 1 15 61 43 1 5 0 2 55 72 0 2 0 2 57 53 1 5 1 25 63 43 1 5 0 3 73 53 1 5 1 35 67
4/4 22 0 1 0 0 67 43 0 1 0 0 64 53 0 1 0 0 71 13 0 1 0 0 64 11 0 1 0 0 63 51 0 1 0 0 67
4/4 54 2 25 0 0 57 51 0 2 0 0 68 74 2 25 2 25 60 14 1 25 1 5 69 53 1 5 1 5 59 43 1 5 0 1 71 13 1 5 1 15 74 51 0 2 0 2 74 53 1 5 1 25 57 14 0 1 0 3 65 42 0 1 0 3 69 45 0 1 1 35 68 12 0 1 1 35 72
4/4 24 0 1 0 0 66 61 0 1 0 0 69 53 1 5 1 5 56 43 1 5 0 1 74 13 1 5 1 15 70 24 1 5 0 2 71 71 0 2 0 2 70 14 0 1 1 25 65 52 0 1 1 25 65 24 0 1 0 3 72 42 0 1 0 3 60 14 0 1 1 35 61 12 0 1 1 35 66 74 2 25 2 375 65
4/4 54 0 1 0 0 62 51 0 1 0 0 73 53 1 5 1 5 70 43 1 5 0 1 61 13 1 5 1 15 60 51 1 5 0 2 62 51 0 2 0 2 66 52 1 15 1 25 57 73 0 1 0 3 74 53 0 1 0 3 71 23 0 1 1 35 74 73 0 1 1 35 68
4/4 34 0 1 0 0 70 13 0 1 0 0 63 61 1 5 0 0 55 61 0 2 0 0 58 11 1 5 1 5 55 54 0 1 0 1 72 34 0 1 0 1 55 32 1 5 0 1 60 52 1 5 1 15 58 44 0 1 0 2 69 24 0 1 0 2 66 71 0 1 0 2 71 71 0 2 0 2 58 73 0 1 1 25 58 53 0 1 1 25 74 21 1 5 1 25 70 42 1 5 0 3 73 23 0 1 1 35 54 74 0 1 1 35 55 51 0 1 1 35 73
4/4 54 0 1 0 0 69 14 0 1 0 0 73 11 0 1 0 0 59 44 0 2 0 0 63 11 1 5 0 0 67 42 1 5 1 5 55 52 1 5 0 1 67 12 1 15 1 15 57 34 0 1 0 2 63 54 1 5 0 3 56 23 0 1 0 3 61 71 0 1 0 3 74 74 1 5 1 35 68
4/4 34 0 1 0 0 66 13 0 1 0 0 69 41 1 5 0 0 66 41 0 2 0 0 73 61 1 5 1 5 60 54 0 1 0 1 70 34 0 1 0 1 57 11 1 5 0 1 63 32 1 5 1 15 68 44 0 1 0 2 60 24 0 1 0 2 71 51 0 1 0 2 62 51 0 2 0 2 64 73 0 1 1 25 64 53 0 1 1 25 66 71 1 5 1 25 58 21 1 5 0 3 72 23 0 1 1 35 68 74 0 1 1 35 57 41 0 1 1 35 66
4/4 14 1 15 0 0 60 34 0 1 0 0 63 61 0 1 0 0 57 61 1 5 0 0 58 11 1 5 1 5 59 32 1 5 0 1 60 74 0 1 1 15 72 61 0 1 1 15 55 64 2 25 2 175 62 34 0 1 0 2 62 73 0 1 0 2 54 51 1 5 0 2 62 51 0 2 0 2 58 32 1 5 1 25 68 54 0 1 0 3 54 71 0 1 0 3 55 74 0 1 1 35 64 32 0 1 1 35 63
4/4 44 0 1 0 0 70 62 1 5 0 0 64 33 1 5 1 5 71 54 0 1 0 1 67 42 0 1 0 1 54 74 0 1 1 15 59 62 0 1 1 15 66 44 0 1 0 2 68 71 0 1 0 2 59 54 0 1 1 25 58 42 0 1 1 25 57 13 0 1 0 3 72 52 0 1 0 3 62 34 0 1 1 35 67 72 0 1 1 35 74
4/4 54 0 1 0 0 71 31 0 1 0 0 63 32 1 5 0 0 74 44 0 1 1 5 57 71 0 1 1 5 58 34 0 1 0 1 56 32 0 1 0 1 68 23 0 1 1 15 67 42 0 1 1 15 57 73 0 1 0 2 57 52 0 1 0 2 59 53 0 1 0 3 55 73 0 1 0 3 74 53 0 1 0 3 67 32 0 1 0 3 55 32 0 1 0 3 71 73 0 1 1 35 64 23 0 1 1 35 69 73 0 1 1 35 71
4/4 13 0 1 0 0 61 34 0 1 0 0 64 13 0 1 0 0 68 61 1 5 0 0 69 61 0 2 0 0 62 11 1 5 1 5 65 34 0 1 0 1 61 54 0 1 0 1 69 34 0 1 0 1 72 32 1 5 0 1 69 52 1 5 1 15 72 23 0 1 0 2 59 44 0 1 0 2 60 24 0 1 0 2 63 71 0 1 0 2 73 71 0 2 0 2 58 53 0 1 1 25 66 73 0 1 1 25 60 53 0 1 1 25 59 21 1 5 1 25 74 42 1 5 0 3 70 73 0 1 1 35 62 23 0 1 1 35 71 74 0 1 1 35 69 51 0 1 1 35 64
4/4 13 0 1 0 0 74 13 0 1 0 0 55 44 0 2 0 0 68 11 1 5 0 0 57 11 0 4 0 0 54 42 1 5 1 5 58 52 1 5 0 1 70 72 1 5 1 15 74 34 0 1 0 2 60 12 0 2 0 2 73 13 1 5 0 3 57 34 1 5 1 35 58
4/4 44 1 15 0 0 73 62 0 1 0 0 70 12 0 1 0 0 61 32 0 1 0 0 70 54 1 5 1 15 59 44 1 5 0 2 64 712 0 1 0 2 63 22 0 1 0 2 59 42 0 1 0 2 61 54 2 25 1 25 58 44 2 25 2 275 54 34 1 5 0 3 62 23 1 5 1 35 69
4/4 23 0 1 0 0 63 23 0 3 0 0 64 12 0 1 0 0 58 22 0 1 0 0 66 52 0 1 0 0 62 13 0 2 0 1 60 72 0 1 0 2 68 22 0 1 0 2 56 52 0 1 0 2 67 54 1 5 0 3 57 73 0 1 0 3 64 74 1 5 1 35 64
4/4 44 0 1 0 0 72 62 0 1 0 0 64 12 0 1 0 0 74 32 0 1 0 0 60 54 1 5 0 1 74 74 1 5 1 15 63 44 1 5 0 2 63 72 0 1 0 2 64 12 0 1 0 2 54 42 0 1 0 2 55 54 1 5 1 25 70 73 0 1 0 3 55
4/4 13 0 1 0 0 72 42 0 1 0 0 66 12 0 1 0 0 65 52 0 1 0 0 60 33 0 1 0 2 56 54 0 1 0 3 71 13 0 1 0 3 63 74 0 1 1 35 74 23 0 1 1 35 69
4/4 14 0 1 0 0 62 34 0 1 0 0 70 62 1 5 0 0 60 33 1 5 1 5 54 35 0 1 0 1 58 54 0 1 0 1 73 53 1 5 0 1 56 63 1 5 1 15 65 24 0 1 0 2 55 45 0 1 0 2 66 71 0 1 0 2 69 54 0 1 1 25 70 23 0 1 1 25 66 43 1 5 1 25 73 73 1 5 0 3 64 74 0 1 1 35 74 35 0 1 1 35 67 12 0 1 1 35 65
4/4 14 0 1 0 0 68 35 0 1 0 0 64 52 0 1 0 0 66 12 0 1 0 0 60 43 0 1 0 0 72 53 0 1 0 0 61 12 0 1 0 0 55
