4/4 11 0 1 0 0 67 52 0 1 0 0 54 12 0 1 0 0 61 11 0 1 0 3 69 52 0 1 0 3 68 12 0 1 0 3 57 11 0 1 1 35 66 52 0 1 1 35 65 12 0 1 1 35 60
4/4 32 0 1 0 0 55 72 0 1 0 0 68 33 0 1 0 0 55 42 0 1 0 3 66 12 0 1 0 3 61 43 0 1 0 3 62
4/4 612 0 1 0 0 55 313 0 1 0 0 55 613 0 1 0 0 65 62 0 1 0 1 63 33 0 1 0 1 62 63 0 1 0 1 67 42 0 1 1 35 58 12 0 1 1 35 74 43 0 1 1 35 62 522 0 1 2 375 57 222 0 1 2 375 54 523 0 1 2 375 64
4/4 52 0 1 0 0 74 22 0 1 0 0 66 53 0 1 0 0 62
4/4 11 0 1 0 0 60 52 0 1 0 0 64 12 0 1 0 0 66 11 0 1 0 3 57 52 0 1 0 3 74 12 0 1 0 3 72 11 0 1 1 35 74 52 0 1 1 35 55 12 0 1 1 35 57
4/4 32 0 1 0 0 55 72 0 1 0 0 73 33 0 1 0 0 65 42 0 1 0 3 70 12 0 1 0 3 71 43 0 1 0 3 55
4/4 612 0 1 0 0 74 313 0 1 0 0 56 613 0 1 0 0 66 62 0 1 0 1 67 33 0 1 0 1 56 63 0 1 0 1 72 52 0 1 1 35 71 22 0 1 1 35 62 53 0 1 1 35 72
4/4 712 0 1 0 0 70 523 0 1 0 0 70 713 0 1 0 0 71 72 0 1 0 1 70 43 0 1 0 1 70 73 0 1 0 1 69
4/4 54 0 1 0 0 64 11 0 1 0 0 64 52 0 1 0 0 72 12 0 1 0 0 59 524 0 2 0 1 71 11 0 1 0 1 70 52 0 1 0 1 72 12 0 1 0 1 68 11 0 1 0 2 68 52 0 1 0 2 68 12 0 1 0 2 58 23 0 1 0 3 63 11 0 1 0 3 71 52 0 1 0 3 55 12 0 1 0 3 67 34 0 1 1 35 66 11 0 1 1 35 74 52 0 1 1 35 60 12 0 1 1 35 57
4/4 314 0 1 0 0 56 11 0 1 0 0 57 52 0 1 0 0 74 12 0 1 0 0 65 73 0 3 0 1 74 11 0 1 0 1 64 52 0 1 0 1 61 12 0 1 0 1 61 11 0 1 0 2 57 52 0 1 0 2 61 12 0 1 0 2 57 11 0 1 0 3 56 52 0 1 0 3 56 12 0 1 0 3 68 11 0 1 1 35 58 52 0 1 1 35 66 12 0 1 1 35 70
4/4 613 1 5 0 0 54 11 0 1 0 0 56 52 0 1 0 0 72 12 0 1 0 0 71 524 0 1 1 5 60 11 0 1 0 1 56 52 0 1 0 1 68 12 0 1 0 1 62 44 1 5 1 15 72 614 1 15 0 2 65 11 0 1 0 2 62 52 0 1 0 2 72 12 0 1 0 2 62 11 0 1 0 3 62 52 0 1 0 3 74 12 0 1 0 3 74 524 0 1 1 35 62 11 0 1 1 35 64 52 0 1 1 35 65 12 0 1 1 35 59 54 2 25 2 375 71
4/4 64 0 3 0 0 55 11 0 1 0 0 61 52 0 1 0 0 60 12 0 1 0 0 73 11 0 1 0 1 68 52 0 1 0 1 70 12 0 1 0 1 72 11 0 1 0 2 59 52 0 1 0 2 68 12 0 1 0 2 56 11 0 1 0 3 61 52 0 1 0 3 54 12 0 1 0 3 65 714 0 1 1 35 54 11 0 1 1 35 65 52 0 1 1 35 74 12 0 1 1 35 61
4/4 44 0 1 0 0 64 11 0 1 0 0 74 52 0 1 0 0 70 12 0 1 0 0 67 11 0 1 0 1 62 52 0 1 0 1 64 12 0 1 0 1 62 614 1 5 1 15 72 34 0 1 0 2 69 11 0 1 0 2 67 52 0 1 0 2 59 12 0 1 0 2 60 11 0 1 0 3 61 52 0 1 0 3 62 12 0 1 0 3 57 524 0 1 1 35 74 11 0 1 1 35 60 52 0 1 1 35 68 12 0 1 1 35 71
4/4 13 2 25 0 0 55 11 0 1 0 0 64 52 0 1 0 0 71 12 0 1 0 0 60 223 2 25 2 25 62 23 1 25 1 5 68 11 0 1 0 1 74 52 0 1 0 1 73 12 0 1 0 1 68 11 0 1 0 2 62 52 0 1 0 2 60 12 0 1 0 2 64 11 0 1 0 3 55 52 0 1 0 3 68 12 0 1 0 3 60 11 0 1 1 35 68 52 0 1 1 35 74 12 0 1 1 35 65
4/4 13 2 25 0 0 56 11 0 1 0 0 65 52 0 1 0 0 60 12 0 1 0 0 57 34 2 25 2 25 61 44 2 25 1 5 58 64 2 25 2 75 73 714 0 1 0 1 63 11 0 1 0 1 69 52 0 1 0 1 54 12 0 1 0 1 65 74 1 5 0 2 61 11 0 1 0 2 63 52 0 1 0 2 60 12 0 1 0 2 56 74 2 25 1 25 66 614 2 25 2 275 70 64 0 1 0 3 63 11 0 1 0 3 56 52 0 1 0 3 62 12 0 1 0 3 68 14 1 5 1 35 56 11 0 1 1 35 59 52 0 1 1 35 61 12 0 1 1 35 72
4/4 11 0 1 0 0 68 52 0 1 0 0 54 12 0 1 0 0 68 14 0 4 0 0 56 11 0 1 0 1 54 52 0 1 0 1 54 12 0 1 0 1 63 11 0 1 0 2 70 52 0 1 0 2 56 12 0 1 0 2 74 11 0 1 0 3 58 52 0 1 0 3 55 12 0 1 0 3 54 11 0 1 1 35 74 52 0 1 1 35 59 12 0 1 1 35 65
4/4 11 0 1 0 0 70 52 0 1 0 0 65 12 0 1 0 0 62 11 0 1 0 3 57 52 0 1 0 3 70 12 0 1 0 3 67 11 0 1 1 35 66 52 0 1 1 35 62 12 0 1 1 35 63
4/4 32 0 1 0 0 68 72 0 1 0 0 63 33 0 1 0 0 73 42 0 1 0 3 66 12 0 1 0 3 69 43 0 1 0 3 63
4/4 612 0 1 0 0 65 313 0 1 0 0 66 613 0 1 0 0 67 62 0 1 0 1 72 33 0 1 0 1 72 63 0 1 0 1 67 42 0 1 1 35 65 12 0 1 1 35 66 43 0 1 1 35 54 522 0 1 2 375 62 222 0 1 2 375 63 523 0 1 2 375 67
4/4 52 0 1 0 0 73 22 0 1 0 0 62 53 0 1 0 0 73
4/4 11 0 1 0 0 68 52 0 1 0 0 67 12 0 1 0 0 61
