4/4 35 0 1 0 3 64 34 0 1 0 3 64 525 0 1 2 325 64 524 0 1 2 325 64 615 0 1 2 325 64 614 0 1 1 35 64 15 0 1 1 35 64 14 0 1 1 35 64 36 0 1 2 375 64 35 0 1 2 375 64
4/4 526 0 1 0 0 64 525 0 1 0 0 64
3/4 317 1 5 0 0 64 37 1 5 1 5 64 527 1 5 0 1 64 317 1 5 1 15 64 37 1 5 0 2 64 226 0 1 1 25 64 714 0 1 1 25 64 525 0 1 1 25 64
3/4 317 1 5 0 0 64 14 0 1 0 0 64 55 0 1 0 0 64 37 1 5 1 5 64 527 1 5 0 1 64 317 1 5 1 15 64 37 1 5 0 2 64 226 0 1 1 25 64 714 0 1 1 25 64 525 0 1 1 25 64
3/4 317 1 5 0 0 64 14 0 1 0 0 64 55 0 1 0 0 64 37 1 5 1 5 64 527 1 5 0 1 64 317 1 5 1 15 64 37 1 5 0 2 64 226 1 5 1 25 64
3/4 317 1 5 0 0 64 37 1 5 1 5 64 527 1 5 0 1 64 317 1 5 1 15 64 37 1 5 0 2 64 226 0 1 1 25 64 714 0 1 1 25 64 525 0 1 1 25 64
3/4 317 1 5 0 0 64 14 0 1 0 0 64 55 0 1 0 0 64 37 1 5 1 5 64 527 1 5 0 1 64 317 1 5 1 15 64 37 1 5 0 2 64 226 0 1 1 25 64 714 0 1 1 25 64 525 0 1 1 25 64
3/4 317 1 5 0 0 64 14 0 1 0 0 64 55 0 1 0 0 64 37 1 5 1 5 64 527 1 5 0 1 64 317 1 5 1 15 64 37 1 5 0 2 64 226 1 5 1 25 64
3/4 317 1 5 0 0 64 714 0 1 0 0 64 525 0 1 0 0 64 37 1 5 1 5 64 527 1 5 0 1 64 317 1 5 1 15 64 37 1 5 0 2 64 226 1 5 1 25 64
3/4 317 1 5 0 0 64 714 0 1 0 0 64 525 0 1 0 0 64 37 1 5 1 5 64 527 1 5 0 1 64 317 1 5 1 15 64 37 1 5 0 2 64 226 1 5 1 25 64
4/4 65 0 1 0 0 64 64 0 1 0 0 64 715 0 1 2 25 64 714 0 1 2 25 64 24 0 1 2 25 64 25 0 1 1 5 64 45 0 1 1 5 64 46 0 1 1 5 64 65 0 1 2 75 64 66 0 1 2 75 64 715 0 1 2 75 64 716 3 333 0 1 64
4/4 716 0 1 0 0 64 715 0 1 0 0 64
3/4 67 1 5 0 0 64 57 1 5 1 5 64 77 1 5 0 1 64 67 1 5 1 15 64 57 1 5 0 2 64 47 0 1 1 25 64 14 0 1 1 25 64
3/4 67 1 5 0 0 64 65 1 25 0 0 64 57 1 5 1 5 64 77 1 5 0 1 64 67 1 5 1 15 64 57 1 5 0 2 64 47 0 1 1 25 64 55 0 1 1 25 64
3/4 67 1 5 0 0 64 714 0 2 0 0 64 57 1 5 1 5 64 77 1 5 0 1 64 67 1 5 1 15 64 57 1 5 0 2 64 47 0 1 1 25 64 74 0 1 1 25 64
3/4 67 1 5 0 0 64 525 0 2 0 0 64 57 1 5 1 5 64 77 1 5 0 1 64 67 1 5 1 15 64 57 0 1 0 2 64 55 0 1 0 2 64 47 0 1 1 25 64 45 0 1 1 25 64
3/4 67 1 5 0 0 64 24 0 3 0 0 64 57 1 5 1 5 64 77 1 5 0 1 64 67 1 5 1 15 64 57 1 5 0 2 64 47 1 5 1 25 64
3/4 67 1 5 0 0 64 24 0 2 0 0 64 57 1 5 1 5 64 77 1 5 0 1 64 67 1 5 1 15 64 57 1 5 0 2 64 47 0 1 1 25 64 15 0 1 1 25 64
3/4 67 1 5 0 0 64 66 1 25 0 0 64 57 1 5 1 5 64 77 1 5 0 1 64 67 1 5 1 15 64 57 1 5 0 2 64 47 0 1 1 25 64 56 0 1 1 25 64
3/4 67 1 5 0 0 64 715 0 2 0 0 64 57 1 5 1 5 64 77 1 5 0 1 64 67 1 5 1 15 64 57 1 5 0 2 64 47 0 1 1 25 64 75 0 1 1 25 64
3/4 67 1 5 0 0 64 526 0 2 0 0 64 57 1 5 1 5 64 77 1 5 0 1 64 67 1 5 1 15 64 57 0 1 0 2 64 56 0 1 0 2 64 47 0 1 1 25 64 46 0 1 1 25 64
3/4 67 1 5 0 0 64 25 0 3 0 0 64 57 1 5 1 5 64 77 1 5 0 1 64 67 1 5 1 15 64 57 1 5 0 2 64 47 1 5 1 25 64
3/4 67 1 5 0 0 64 55 0 3 0 0 64 25 0 3 0 0 64 57 1 5 1 5 64 77 1 5 0 1 64 67 1 5 1 15 64 57 1 5 0 2 64 47 1 5 1 25 64
3/4 16 0 1 0 0 64 37 0 1 0 0 64 57 0 1 0 0 64 17 0 1 0 0 64 13 0 1 0 0 64 54 0 1 0 0 64 14 0 1 0 0 64
