4/4 13 0 1 0 0 66 34 0 1 0 0 72 13 0 1 0 0 74 12 2 25 0 0 66 53 2 25 2 25 65 53 2 25 1 5 57 43 2 25 2 75 69 53 0 3 0 1 72
4/4 223 0 1 0 0 71 44 0 1 0 0 68 223 0 1 0 0 61 11 2 25 0 0 60 52 2 25 2 25 71 52 2 25 1 5 59 42 2 25 2 75 58 52 0 3 0 1 73
4/4 23 0 1 0 0 57 524 0 1 0 0 58 23 0 1 0 0 64 12 2 25 0 0 61 53 2 25 2 25 68 53 2 25 1 5 72 43 2 25 2 75 73 53 0 3 0 1 72
4/4 34 0 1 0 0 70 54 0 1 0 0 57 34 0 1 0 0 73 11 2 25 0 0 61 52 2 25 2 25 55 52 2 25 1 5 66 42 2 25 2 75 65 52 0 3 0 1 57
4/4 13 0 1 0 0 65 34 0 1 0 0 55 524 0 1 0 0 60 73 0 1 0 0 71 12 1 5 0 0 57 12 1 5 1 5 57 12 1 5 0 1 57 12 1 5 1 15 57 12 1 5 0 2 60 223 0 1 1 25 73 314 0 1 1 25 71 54 0 1 1 25 70 13 0 1 1 25 55
4/4 10 0 1 0 0 56 11 0 1 0 0 65 223 0 1 0 0 67 314 0 1 0 0 59 54 0 1 0 0 64 13 0 1 0 0 64 51 0 1 0 2 70 51 0 1 0 2 56
4/4 61 0 1 0 0 68 61 0 1 0 0 62 223 0 1 0 0 59 314 0 1 0 0 56 54 0 1 0 0 69 13 0 1 0 0 70 31 0 1 0 2 63 31 0 1 0 2 68
4/4 61 0 1 0 0 71 61 0 1 0 0 54 223 0 1 0 0 61 314 0 1 0 0 71 54 0 1 0 0 69 13 0 1 0 0 58 71 0 1 0 2 70 71 0 1 0 2 72
4/4 221 0 1 0 0 54 221 0 1 0 0 56 223 0 1 0 0 55 314 0 1 0 0 69 54 0 1 0 0 56 13 0 1 0 0 65 32 0 1 0 2 55 32 0 1 0 2 73 614 0 1 0 3 60 74 0 1 0 3 64 24 0 1 0 3 54 54 0 1 0 3 69
4/4 221 0 1 0 0 56 221 0 1 0 0 68 614 0 1 0 0 62 74 0 1 0 0 59 24 0 1 0 0 55 54 0 1 0 0 70 524 0 1 0 3 60 613 0 1 0 3 65 14 0 1 0 3 55 44 0 1 0 3 56
4/4 31 0 1 0 0 63 31 0 1 0 0 60 524 0 1 0 0 67 613 0 1 0 0 55 14 0 1 0 0 62 44 0 1 0 0 54
2/4 44 0 1 0 0 68 63 0 1 0 0 70 31 0 1 0 0 74 31 0 1 0 0 55 14 0 1 0 0 60 44 0 1 0 0 60
4/4 13 0 2 0 0 60 11 0 1 0 0 72 51 0 1 0 0 67 11 0 1 0 0 71 11 0 1 0 1 68 51 0 1 0 1 68 11 0 1 0 1 74 223 0 2 0 2 72 11 0 1 0 2 56 51 0 1 0 2 64 11 0 1 0 2 64 11 0 1 0 3 55 51 0 1 0 3 55 11 0 1 0 3 74
4/4 23 0 1 0 0 63 11 0 1 0 0 66 51 0 1 0 0 55 11 0 1 0 0 71 523 0 1 0 1 57 11 0 1 0 1 54 51 0 1 0 1 74 11 0 1 0 1 68 11 0 1 0 2 54 51 0 1 0 2 54 11 0 1 0 2 66 52 1 5 1 25 69 12 1 5 0 3 72 11 0 1 0 3 54 51 0 1 0 3 63 11 0 1 0 3 67 523 1 5 1 35 58
4/4 53 0 1 0 0 69 11 0 1 0 0 70 51 0 1 0 0 69 11 0 1 0 0 69 43 0 3 0 1 58 11 0 1 0 1 54 51 0 1 0 1 63 11 0 1 0 1 54 11 0 1 0 2 65 51 0 1 0 2 59 11 0 1 0 2 57 11 0 1 0 3 54 51 0 1 0 3 69 11 0 1 0 3 59
4/4 11 0 1 0 0 60 51 0 1 0 0 69 11 0 1 0 0 59 43 0 2 0 0 56 11 0 1 0 1 69 51 0 1 0 1 73 11 0 1 0 1 69 11 0 1 0 2 60 51 0 1 0 2 67 11 0 1 0 2 64 12 1 5 1 25 62 53 0 1 0 3 65 11 0 1 0 3 65 11 0 1 0 3 74 13 0 1 1 35 69 51 0 1 1 35 60
4/4 13 0 2 0 0 68 11 0 1 0 0 61 51 0 1 0 0 58 11 0 1 0 0 65 11 0 1 0 1 58 51 0 1 0 1 57 11 0 1 0 1 71 73 1 15 0 2 57 11 0 1 0 2 64 51 0 1 0 2 67 11 0 1 0 2 59 11 0 1 0 3 67 11 0 1 0 3 71 63 0 1 1 35 72 51 0 1 1 35 56 73 2 25 2 375 59
4/4 53 1 35 0 0 71 11 0 1 0 0 64 51 0 1 0 0 62 11 0 1 0 0 70 11 0 1 0 1 55 51 0 1 0 1 55 11 0 1 0 1 74 11 0 1 0 2 74 51 0 1 0 2 57 11 0 1 0 2 72 11 0 1 0 3 63 11 0 1 0 3 74 43 0 1 1 35 62 51 0 1 1 35 67
4/4 53 0 2 0 0 68 11 0 1 0 0 62 51 0 1 0 0 74 11 0 1 0 0 57 63 0 2 0 2 64 11 0 1 0 3 73 51 0 1 0 3 72 11 0 1 0 3 61 11 0 1 2 375 64 51 0 1 2 375 61 11 0 1 2 375 66
4/4 73 0 2 0 0 66 31 0 1 0 0 54 71 0 1 0 0 57 31 0 1 0 0 66 13 0 2 0 2 55 41 0 1 0 3 56 11 0 1 0 3 54 41 0 1 0 3 73
4/4 611 0 1 0 0 67 312 0 1 0 0 58 611 0 1 0 0 58 13 0 4 0 0 57 61 0 1 0 1 55 32 0 1 0 1 69 61 0 1 0 1 64 41 0 1 1 35 74 11 0 1 1 35 64 41 0 1 1 35 73
4/4 51 0 1 0 0 56 21 0 1 0 0 71 51 0 1 0 0 59 13 0 2 0 0 66 53 1 5 1 25 55 13 1 5 0 3 70 54 1 5 1 35 66
4/4 44 0 2 0 0 61 11 0 1 0 0 56 51 0 1 0 0 69 11 0 1 0 0 59 34 0 2 0 2 74 11 0 1 0 3 64 51 0 1 0 3 67 11 0 1 0 3 73 11 0 1 2 375 71 51 0 1 2 375 62 11 0 1 2 375 60
4/4 223 0 1 0 0 64 31 0 1 0 0 74 71 0 1 0 0 68 31 0 1 0 0 64 13 0 1 0 1 62 53 1 5 1 25 64 13 1 5 0 3 67 41 0 1 0 3 57 11 0 1 0 3 74 41 0 1 0 3 56 44 1 5 1 35 68
4/4 54 0 2 0 0 69 611 0 1 0 0 74 312 0 1 0 0 59 611 0 1 0 0 54 61 0 1 0 1 67 32 0 1 0 1 62 61 0 1 0 1 58 64 0 2 0 2 63 41 0 1 1 35 71 11 0 1 1 35 68 41 0 1 1 35 56
4/4 51 0 1 0 0 68 21 0 1 0 0 66 51 0 1 0 0 64 64 0 4 0 0 74
