4/4 44 0 1 0 0 68 54 0 1 0 0 56 74 0 1 0 0 66
4/4 44 0 1 0 0 58 54 0 1 0 0 64 14 0 1 0 0 59 32 0 1 0 0 67 33 0 1 0 0 74
4/4 32 1 5 0 0 73 44 0 1 0 0 73 54 0 1 0 0 56 14 0 1 0 0 57 72 1 5 1 5 55 53 1 5 0 1 69 73 1 5 1 15 66 13 1 5 0 2 70 73 1 5 1 25 55 34 1 5 0 3 69 13 1 5 1 35 72
4/4 32 1 5 0 0 71 44 0 1 0 0 57 54 0 1 0 0 66 14 0 1 0 0 56 72 1 5 1 5 57 53 1 5 0 1 62 73 1 5 1 15 56 13 1 5 0 2 70 73 1 5 1 25 71 74 0 1 0 3 62 34 0 1 0 3 66 35 0 1 1 35 59 13 0 1 1 35 71
4/4 35 1 35 0 0 58 31 0 1 0 0 72 32 0 1 0 0 74 72 1 5 1 5 57 53 1 5 0 1 60 73 1 5 1 15 64 13 1 5 0 2 74 73 1 5 1 25 65 34 1 5 0 3 60 24 0 1 1 35 54 45 0 1 1 35 73 13 0 1 1 35 58
4/4 24 0 1 0 0 67 45 0 1 0 0 70 32 0 1 0 0 73 35 0 1 1 5 66 55 0 1 1 5 63 72 0 1 1 5 68 35 0 1 0 1 62 55 0 1 0 1 70 53 1 5 0 1 60 73 1 5 1 15 59 13 1 5 0 2 63 73 1 5 1 25 67 34 1 5 0 3 67 14 0 1 1 35 56 55 0 1 1 35 74 13 0 1 1 35 67 14 0 1 2 375 60 45 0 1 2 375 72 75 0 1 2 375 58
4/4 31 0 1 0 0 69 32 0 1 0 0 64 14 0 1 0 0 72 45 0 1 0 0 74 75 0 1 0 0 73 72 1 5 1 5 73 45 0 2 0 1 67 14 0 3 0 1 56 53 1 5 0 1 54 73 1 5 1 15 59 13 1 5 0 2 66 73 1 5 1 25 59 35 0 1 0 3 54 34 0 1 0 3 59 45 0 1 1 35 73 13 0 1 1 35 69
4/4 74 0 1 0 0 66 35 0 1 0 0 61 55 0 1 0 0 64 32 1 5 0 0 70 72 1 5 1 5 61 53 1 5 0 1 66 73 1 5 1 15 67 13 1 5 0 2 72 73 1 5 1 25 73 54 0 1 0 3 64 55 0 1 0 3 65 34 0 1 0 3 65 74 0 1 1 35 61 75 0 1 1 35 67 13 0 1 1 35 54 35 0 1 2 375 73 55 0 1 2 375 66 36 0 1 2 375 72
4/4 11 0 1 0 0 72 12 0 1 0 0 71 35 0 1 0 0 69 55 0 1 0 0 67 36 0 1 0 0 64 53 1 5 1 5 69 73 1 5 0 1 57 35 0 1 1 15 66 55 0 1 1 15 54 36 0 1 1 15 60 34 0 1 1 15 65 35 0 1 0 2 71 55 0 1 0 2 64 36 0 1 0 2 61 73 0 1 0 2 74 24 0 1 1 25 60 55 0 1 1 25 70 25 0 1 1 25 65 53 0 1 1 25 67 54 0 1 0 3 56 74 0 1 0 3 65 55 0 1 0 3 74 23 0 1 0 3 74 74 0 1 1 35 68 24 0 1 1 35 58 75 0 1 1 35 54 73 0 1 1 35 63 14 0 1 2 375 69 35 0 1 2 375 66 65 0 1 2 375 67 15 0 1 2 375 55
4/4 61 0 1 0 0 70 62 0 1 0 0 64 14 0 1 0 0 54 35 0 1 0 0 60 65 0 1 0 0 70 15 0 1 0 0 54 33 1 5 1 5 55 74 0 1 0 1 55 35 0 1 0 1 71 75 0 1 0 1 71 43 0 1 0 1 74 64 0 1 1 15 65 35 0 1 1 15 58 65 0 1 1 15 63 63 0 1 1 15 73 74 0 1 2 175 61 35 0 1 2 175 64 55 0 1 2 175 54 75 0 1 2 175 71 51 0 1 0 2 56 52 0 1 0 2 69 33 1 5 1 25 68 34 0 1 0 3 63 35 0 1 0 3 57 73 0 1 0 3 70 44 0 1 1 35 59 45 0 1 1 35 62 33 0 1 1 35 61 54 0 1 2 375 68 14 0 1 2 375 71 35 0 1 2 375 58 55 0 1 2 375 69
4/4 41 0 1 0 0 73 42 0 1 0 0 68 54 0 1 0 0 65 14 0 1 0 0 65 35 0 1 0 0 68 55 0 1 0 0 72 613 1 5 1 5 69 14 0 1 0 1 62 13 0 1 0 1 69 35 0 1 1 15 57 613 0 1 1 15 54 54 0 1 2 175 63 14 0 1 2 175 66 35 0 1 2 175 66 55 0 1 2 175 55 42 1 5 0 2 63 63 1 5 1 25 59 45 0 1 0 3 63 13 0 1 0 3 73 35 0 1 1 35 59 63 0 1 1 35 54 44 2 25 2 375 59 64 0 1 2 375 68 14 0 1 2 375 65 45 0 1 2 375 54
4/4 71 0 1 0 0 71 72 0 1 0 0 70 44 3 2417 0 0 71 64 0 1 0 0 57 14 0 1 0 0 64 45 0 1 0 0 71 43 1 5 1 5 61 63 1 5 0 1 69 13 1 5 1 15 65 44 0 1 0 2 64 23 1 5 1 25 66 74 0 1 0 3 71 73 0 1 0 3 54 35 0 1 1 35 61 63 0 1 1 35 57
4/4 35 1 35 0 0 70 31 0 1 0 0 66 32 0 1 0 0 69 72 1 5 1 5 58 53 1 5 0 1 60 73 1 5 1 15 68 13 1 5 0 2 63 73 1 5 1 25 59 34 1 5 0 3 54 24 0 1 1 35 63 45 0 1 1 35 67 13 0 1 1 35 74
4/4 24 0 1 0 0 69 45 0 1 0 0 61 32 0 1 0 0 55 35 0 1 1 5 57 55 0 1 1 5 67 72 0 1 1 5 59 35 0 1 0 1 60 55 0 1 0 1 72 53 1 5 0 1 57 73 1 5 1 15 56 13 1 5 0 2 61 73 1 5 1 25 67 34 1 5 0 3 67 14 0 1 1 35 74 55 0 1 1 35 74 13 0 1 1 35 60 14 0 1 2 375 64 45 0 1 2 375 60 75 0 1 2 375 54
4/4 31 0 1 0 0 58 32 0 1 0 0 66 14 0 1 0 0 61 45 0 1 0 0 66 75 0 1 0 0 67 72 1 5 1 5 71 45 0 2 0 1 73 14 0 3 0 1 68 53 1 5 0 1 60 73 1 5 1 15 58 13 1 5 0 2 59 73 1 5 1 25 66 35 0 1 0 3 73 34 0 1 0 3 67 45 0 1 1 35 59 13 0 1 1 35 55
4/4 74 0 1 0 0 56 35 0 1 0 0 54 55 0 1 0 0 73 32 1 5 0 0 69 72 1 5 1 5 65 53 1 5 0 1 65 73 1 5 1 15 64 13 1 5 0 2 73 73 1 5 1 25 61 54 0 1 0 3 54 55 0 1 0 3 64 34 0 1 0 3 69 74 0 1 1 35 58 75 0 1 1 35 57 13 0 1 1 35 55 35 0 1 2 375 65 55 0 1 2 375 60 36 0 1 2 375 54
4/4 11 0 1 0 0 62 12 0 1 0 0 73 35 0 1 0 0 55 55 0 1 0 0 69 36 0 1 0 0 59 53 1 5 1 5 73 73 1 5 0 1 55 35 0 1 1 15 64 55 0 1 1 15 58 36 0 1 1 15 60 34 0 1 1 15 61 35 0 1 0 2 69 55 0 1 0 2 62 36 0 1 0 2 55 73 0 1 0 2 72 24 0 1 1 25 59 55 0 1 1 25 57 25 0 1 1 25 54 53 0 1 1 25 74 54 0 1 0 3 61 74 0 1 0 3 65 55 0 1 0 3 64 23 0 1 0 3 54 74 0 1 1 35 60 24 0 1 1 35 54 75 0 1 1 35 56 73 0 1 1 35 61 14 0 1 2 375 67 35 0 1 2 375 58 65 0 1 2 375 70 15 0 1 2 375 59
4/4 61 0 1 0 0 63 62 0 1 0 0 71 14 0 1 0 0 64 35 0 1 0 0 59 65 0 1 0 0 64 15 0 1 0 0 67 33 1 5 1 5 74 74 0 1 0 1 58 35 0 1 0 1 65 75 0 1 0 1 66 43 0 1 0 1 59 64 0 1 1 15 63 35 0 1 1 15 73 65 0 1 1 15 65 63 0 1 1 15 69 74 0 1 2 175 73 35 0 1 2 175 72 55 0 1 2 175 69 75 0 1 2 175 65 51 0 1 0 2 71 52 0 1 0 2 59 33 1 5 1 25 55 34 0 1 0 3 60 35 0 1 0 3 66 73 0 1 0 3 60 44 0 1 1 35 69 45 0 1 1 35 71 33 0 1 1 35 65 54 0 1 2 375 54 14 0 1 2 375 60 35 0 1 2 375 73 55 0 1 2 375 56
4/4 41 0 1 0 0 68 42 0 1 0 0 71 54 0 1 0 0 59 14 0 1 0 0 61 35 0 1 0 0 67 55 0 1 0 0 58 12 1 5 1 5 62 14 0 1 0 1 61 63 0 1 0 1 65 35 0 1 1 15 69 12 0 1 1 15 70 64 0 1 2 175 58 24 0 1 2 175 63 45 0 1 2 175 55 71 0 1 2 175 69 72 0 1 2 175 65 55 0 1 1 25 55 63 0 1 1 25 71 45 0 1 0 3 71 73 1 5 0 3 63 63 1 5 1 35 73 44 0 1 2 375 67 54 0 1 2 375 70 74 0 1 2 375 67 35 0 1 2 375 67
4/4 31 0 1 0 0 60 32 0 1 0 0 70 44 0 1 0 0 73 54 0 1 0 0 68 74 0 1 0 0 64 35 0 1 0 0 63 72 1 5 1 5 61 53 1 5 0 1 54 73 1 5 1 15 74 13 1 5 0 2 64 73 1 5 1 25 74 34 1 5 0 3 73 34 0 1 1 35 71 13 0 1 1 35 72
4/4 64 0 1 0 0 56 61 0 1 0 0 66 62 0 1 0 0 54 54 0 1 1 5 59 33 0 1 1 5 67 44 0 1 0 1 62 53 0 1 0 1 63 34 0 1 1 15 66 63 0 1 1 15 61 44 0 1 0 2 65 73 1 5 0 2 69 63 1 5 1 25 62 74 0 1 0 3 68 13 0 1 0 3 61 54 0 1 1 35 74 73 0 1 1 35 55
4/4 44 0 3 0 0 58 71 0 1 0 0 67 72 0 1 0 0 66 43 1 5 1 5 58 53 1 5 0 1 57 63 1 5 1 15 68 73 1 5 0 2 54 63 1 5 1 25 55 13 1 5 0 3 68 44 0 1 1 35 64 73 0 1 1 35 67
4/4 64 0 1 0 0 60 61 0 1 0 0 63 62 0 1 0 0 63 54 0 1 1 5 72 33 0 1 1 5 72 44 0 1 0 1 57 53 0 1 0 1 63 34 0 1 1 15 66 63 0 1 1 15 71 44 0 1 0 2 57 73 1 5 0 2 68 63 1 5 1 25 62 74 0 1 0 3 69 23 0 1 0 3 67 14 0 1 1 35 72 73 0 1 1 35 63
4/4 74 0 2 0 0 71 51 0 1 0 0 67 52 0 1 0 0 67 22 1 5 1 5 64 53 1 5 0 1 71 73 1 5 1 15 54 13 1 5 0 2 66 54 0 1 1 25 60 55 0 1 1 25 66 73 0 1 1 25 66 74 0 1 0 3 57 75 0 1 0 3 57 23 0 1 0 3 74 54 0 1 1 35 74 55 0 1 1 35 58 73 0 1 1 35 68
4/4 44 0 1 0 0 63 45 0 1 0 0 61 62 1 5 0 0 73 33 1 5 1 5 63 13 1 5 0 1 70 33 1 5 1 15 67 72 1 5 0 2 66 54 0 1 1 25 68 55 0 1 1 25 66 43 0 1 1 25 58 74 0 1 0 3 59 75 0 1 0 3 66 23 0 1 0 3 55 54 0 1 1 35 60 55 0 1 1 35 55 43 0 1 1 35 66 54 0 1 2 375 68 74 0 1 2 375 66 14 0 1 2 375 69 35 0 1 2 375 56
4/4 12 1 5 0 0 66 54 0 1 0 0 55 74 0 1 0 0 58 14 0 1 0 0 68 35 0 1 0 0 55 53 1 5 1 5 63 34 1 5 0 1 72 13 1 5 1 15 54 23 1 5 0 2 62 35 0 1 1 25 62 55 0 1 1 25 74 36 0 1 1 25 59 13 0 1 1 25 61 24 0 1 0 3 72 25 0 1 0 3 61 73 0 1 0 3 58 14 0 1 1 35 59 15 0 1 1 35 62 63 0 1 1 35 57
4/4 35 0 1 0 0 70 55 0 1 0 0 72 36 0 1 0 0 67 222 0 1 0 0 63 45 0 1 1 5 70 46 0 1 1 5 60 63 0 1 1 5 61 45 0 1 0 1 63 46 0 1 0 1 73 44 1 5 0 1 71 63 1 5 1 15 69 34 1 5 0 2 72 63 1 5 1 25 63 223 1 5 0 3 72 13 2 25 1 35 70 713 2 25 2 375 55
4/4 73 0 1 0 0 69 71 0 1 0 0 68 72 0 1 0 0 58 54 0 1 0 1 54 14 0 1 0 1 58 35 0 1 0 1 66 55 0 1 0 1 57 72 0 1 0 1 58 33 0 1 0 1 63 64 0 1 0 2 67 14 0 1 0 2 68 35 0 1 0 2 57 65 0 1 0 2 66 72 0 1 0 2 56 43 0 1 0 2 57 14 0 1 0 3 54 45 0 1 0 3 55 65 0 1 0 3 59 15 0 1 0 3 66 72 0 1 0 3 55 63 0 1 0 3 62
4/4 74 0 1 0 0 55 35 0 1 0 0 60 55 0 1 0 0 63 75 0 1 0 0 68 31 0 1 0 0 54 32 0 1 0 0 74 72 1 5 1 5 65 53 1 5 0 1 65 73 1 5 1 15 68 13 1 5 0 2 63 74 0 1 1 25 66 55 0 1 1 25 56 75 0 1 1 25 63 73 0 1 1 25 70 35 0 1 0 3 70 36 0 1 0 3 62 34 0 1 0 3 60 45 0 1 1 35 61 46 0 1 1 35 59 13 0 1 1 35 65
4/4 45 0 1 0 0 62 46 0 1 0 0 54 51 0 1 0 0 66 52 0 1 0 0 62 55 0 1 1 5 57 56 0 1 1 5 70 33 0 1 1 5 71 35 0 1 0 1 63 36 0 1 0 1 74 713 0 1 0 1 57 24 0 1 1 15 66 25 0 1 1 15 67 44 0 1 1 15 72 35 0 1 2 175 72 65 0 1 2 175 68 15 0 1 2 175 58 36 0 1 2 175 54 61 0 1 0 2 63 62 0 1 0 2 74 33 1 5 1 25 70 13 1 5 0 3 54 35 0 1 1 35 73 65 0 1 1 35 64 15 0 1 1 35 72 36 0 1 1 35 65 63 0 1 1 35 62
4/4 35 0 1 0 0 59 65 0 1 0 0 55 15 0 1 0 0 62 36 0 1 0 0 55 41 0 1 0 0 61 42 0 1 0 0 58 45 0 1 1 5 54 46 0 1 1 5 71 63 0 1 1 5 66 24 0 1 0 1 56 25 0 1 0 1 55 13 0 1 0 1 74 14 0 1 1 15 66 15 0 1 1 15 62 43 0 1 1 15 59 714 0 1 0 2 58 35 0 1 0 2 70 65 0 1 0 2 54 715 0 1 0 2 65 61 0 1 0 2 59 62 0 1 0 2 68 224 0 1 1 25 54 225 0 1 1 25 59 713 0 1 1 25 63 74 0 1 0 3 59 75 0 1 0 3 73 34 0 1 0 3 66 64 0 1 1 35 62 65 0 1 1 35 72 713 0 1 1 35 56 74 0 1 2 375 67 45 0 1 2 375 55 65 0 1 2 375 72 75 0 1 2 375 57
4/4 71 0 1 0 0 60 72 0 1 0 0 65 74 0 1 0 0 72 45 0 1 0 0 56 65 0 1 0 0 67 75 0 1 0 0 65 43 1 5 1 5 62 73 1 5 0 1 56 13 1 5 1 15 54 71 0 1 0 2 59 72 0 1 0 2 73 54 0 1 1 25 65 14 0 1 1 25 68 35 0 1 1 25 62 55 0 1 1 25 55 64 0 1 2 275 58 14 0 1 2 275 73 35 0 1 2 275 72 65 0 1 2 275 68 43 0 1 2 275 74 63 0 1 2 275 55 73 0 1 2 275 68 23 0 1 2 275 63 14 0 1 1 35 60 45 0 1 1 35 72 65 0 1 1 35 61 15 0 1 1 35 56
4/4 74 0 1 0 0 74 35 0 1 0 0 72 55 0 1 0 0 59 75 0 1 0 0 56 31 0 1 0 0 64 32 0 1 0 0 54 72 1 5 1 5 68 53 1 5 0 1 71 73 1 5 1 15 73 13 1 5 0 2 64 74 0 1 1 25 69 55 0 1 1 25 56 75 0 1 1 25 68 73 0 1 1 25 70 35 0 1 0 3 73 36 0 1 0 3 58 34 0 1 0 3 59 45 0 1 1 35 66 46 0 1 1 35 72 13 0 1 1 35 65
2/4 45 0 1 0 0 73 46 0 1 0 0 73 52 0 1 0 0 69 53 0 1 0 0 61 55 0 1 1 5 57 56 0 1 1 5 67 713 0 1 1 5 72 35 0 1 0 1 65 36 0 1 0 1 55 34 0 1 0 1 74 24 0 1 1 15 74 25 0 1 1 15 64 23 0 1 1 15 64 35 0 1 2 175 73 55 0 1 2 175 62 36 0 1 2 175 66
4/4 11 0 1 0 0 60 12 0 1 0 0 72 35 0 1 0 0 64 55 0 1 0 0 59 36 0 1 0 0 63 53 1 5 1 5 74 34 1 5 0 1 56 54 0 1 1 15 56 55 0 1 1 15 74 53 0 1 1 15 71 24 0 1 2 175 72 55 0 1 2 175 64 25 0 1 2 175 59 71 0 1 0 2 61 72 0 1 0 2 59 53 1 5 1 25 67 23 1 5 0 3 66 54 0 1 1 35 56 55 0 1 1 35 54 53 0 1 1 35 63 14 0 1 2 375 72 35 0 1 2 375 73 15 0 1 2 375 73
4/4 61 0 1 0 0 62 62 0 1 0 0 57 14 0 1 0 0 70 35 0 1 0 0 54 15 0 1 0 0 54 33 1 5 1 5 65 13 1 5 0 1 55 33 1 5 1 15 58 62 1 5 0 2 58 14 0 1 1 25 71 35 0 1 1 25 55 15 0 1 1 25 60 33 0 1 1 25 58 74 0 1 0 3 57 35 0 1 0 3 56 75 0 1 0 3 71 13 0 1 0 3 68 64 0 1 1 35 59 35 0 1 1 35 58 65 0 1 1 35 59 33 0 1 1 35 60 74 0 1 2 375 54 35 0 1 2 375 69 75 0 1 2 375 62
4/4 52 1 5 0 0 74 74 0 1 0 0 70 35 0 1 0 0 65 75 0 1 0 0 66 33 1 5 1 5 72 35 0 1 0 1 67 73 0 1 0 1 65 75 0 1 1 15 66 33 0 1 1 15 57 74 0 1 2 175 58 35 0 1 2 175 73 45 0 1 2 175 55 75 0 1 2 175 60 42 1 5 0 2 58 12 1 5 1 25 60 65 0 1 0 3 55 63 1 5 0 3 69 12 1 5 1 35 71 74 0 1 2 375 64 14 0 1 2 375 66 24 0 1 2 375 62 55 0 1 2 375 61
4/4 72 1 5 0 0 58 74 0 1 0 0 61 14 0 1 0 0 54 24 0 1 0 0 67 55 0 1 0 0 59 43 1 5 1 5 64 14 0 1 0 1 59 73 0 1 0 1 63 55 0 1 1 15 54 43 0 1 1 15 73 64 0 1 0 2 63 55 0 1 0 2 73 72 0 1 0 2 66 22 0 1 0 2 71 73 0 1 0 2 73 64 0 1 0 3 70 45 0 1 0 3 62 712 0 1 0 3 68 22 0 1 0 3 57 713 0 1 0 3 73
4/4 35 0 4 0 0 54 54 0 1 0 0 61 12 0 1 0 0 57 14 0 1 1 5 64 63 0 1 1 5 68 74 0 1 0 1 69 73 0 1 0 1 74 64 0 1 1 15 66 34 0 1 1 15 54 54 0 1 0 2 69 63 1 5 0 2 72 73 1 5 1 25 65 44 0 1 0 3 69 34 1 5 0 3 74 73 1 5 1 35 69 34 0 1 2 375 56 54 0 1 2 375 68 74 0 1 2 375 56 35 0 1 2 375 67
4/4 32 1 5 0 0 73 34 0 1 0 0 65 54 0 1 0 0 67 74 0 1 0 0 61 35 0 1 0 0 65 72 1 5 1 5 59 33 1 5 0 1 61 73 1 5 1 15 74 34 0 1 0 2 62
4/4 65 0 1 0 0 63 14 0 1 0 0 71 63 0 1 0 0 59 55 0 1 0 1 74 45 0 1 0 2 56 24 0 1 0 2 69 73 0 1 0 2 65
4/4 55 0 1 0 0 58 24 0 3 0 0 74 53 0 2 0 0 57 45 0 1 0 1 73 35 0 1 0 2 71 13 0 1 0 2 62 14 0 1 0 3 54
4/4 45 0 1 0 0 59 224 0 1 0 0 74 223 0 4 0 0 54 35 0 1 0 1 59 14 0 1 0 1 73 224 0 1 0 2 72 74 0 1 0 2 59 14 0 1 0 3 70 64 0 1 0 3 62
4/4 24 0 1 0 0 62 53 0 1 0 0 59 23 0 1 0 0 65 14 0 2 0 0 55 714 0 2 0 2 67
4/4 64 0 1 0 0 68 13 0 3 0 0 58 62 0 1 0 0 63 33 0 1 0 0 74 54 0 1 0 1 58 44 0 1 0 2 65 72 0 1 0 2 67 43 0 1 0 2 68 23 0 1 0 3 68
4/4 54 0 1 0 0 67 712 0 1 0 0 54 53 0 1 0 0 54 23 0 3 0 0 71 44 0 1 0 1 68 34 0 1 0 2 73 12 0 1 0 2 72 53 0 1 0 2 66 13 0 1 0 3 60
4/4 44 0 1 0 0 55 223 0 3 0 0 57 222 0 1 0 0 60 63 0 1 0 0 68 34 0 1 0 1 68 223 0 2 0 2 69 13 0 1 0 3 73
4/4 13 0 2 0 0 67 53 0 1 0 0 68 23 0 1 0 0 70 52 0 1 0 0 60 22 0 1 0 0 65 713 0 2 0 2 72
4/4 74 0 1 0 0 65 35 0 1 0 0 64 75 0 1 0 0 54 31 0 1 0 0 58 32 0 1 0 0 72 72 1 5 1 5 60 53 1 5 0 1 54 73 1 5 1 15 61 13 1 5 0 2 58 73 1 5 1 25 57 34 1 5 0 3 66 13 1 5 1 35 59
4/4 32 1 5 0 0 73 74 0 1 0 0 56 35 0 1 0 0 57 75 0 1 0 0 54 72 1 5 1 5 56 53 1 5 0 1 71 73 1 5 1 15 61 13 1 5 0 2 55 73 1 5 1 25 62 34 1 5 0 3 60 13 1 5 1 35 62
4/4 75 0 3 0 0 73 62 1 5 0 0 72 33 1 5 1 5 67 13 1 5 0 1 69 34 1 5 1 15 65 54 0 1 0 2 61 65 0 1 0 3 68
4/4 55 0 4 0 0 73 54 0 1 2 75 54 714 0 1 2 75 56 53 0 1 2 75 54 23 0 1 2 75 73
4/4 45 0 3 0 0 56 63 1 5 0 0 73 34 1 5 1 5 74 54 1 5 0 1 69 24 1 5 1 15 67 14 0 1 0 2 69 14 1 5 0 3 54 45 1 5 1 35 65
4/4 55 0 3 0 0 61 73 1 5 0 0 70 44 1 5 1 5 61 54 1 5 0 1 66 24 1 5 1 15 65 14 0 1 0 2 59 65 0 1 0 3 62
4/4 35 0 1 0 0 57 55 0 1 0 0 70 75 0 1 0 0 71 32 1 5 0 0 74 72 1 5 1 5 56 53 1 5 0 1 64 73 1 5 1 15 54 13 1 5 0 2 64 73 1 5 1 25 73 34 1 5 0 3 61 13 1 5 1 35 55
4/4 32 1 5 0 0 70 35 0 1 0 0 69 55 0 1 0 0 55 75 0 1 0 0 65 72 1 5 1 5 67 53 1 5 0 1 60 73 1 5 1 15 74 13 1 5 0 2 60 73 1 5 1 25 62 34 1 5 0 3 56 13 1 5 1 35 60 35 0 1 2 375 65 32 0 1 2 375 73 45 0 1 2 375 57 72 0 1 2 375 64 55 0 1 2 375 54 75 0 1 2 375 62 33 0 1 2 375 62
4/4 35 0 1 0 0 56 32 0 1 0 0 57 45 0 1 0 0 63 72 0 1 0 0 70 55 0 1 0 0 65 75 0 1 0 0 70 33 0 1 0 0 68
