4/4 22 0 1 0 0 54 53 0 1 0 0 62 52 0 1 0 0 58 53 0 1 0 2 68 12 0 1 0 2 61 23 0 2 0 2 72
4/4 612 0 1 0 0 57 313 0 1 0 0 64 23 0 2 0 0 73 13 0 1 0 2 72 54 0 1 0 3 61
3/4 223 0 1 0 0 72 222 0 1 0 0 72 63 0 1 0 0 55 44 0 3 0 0 67 34 0 1 0 2 70 33 0 1 0 2 61 73 0 1 0 2 55
5/4 13 0 4 0 0 66 12 0 1 0 0 74 53 0 1 0 0 67 44 1 5 0 0 73 54 1 5 1 5 72 44 0 3 0 1 54 54 1 5 0 4 71 64 1 5 1 45 54
6/4 64 0 3 0 0 70 34 0 1 0 0 55 33 0 1 0 0 64 73 0 1 0 0 58 223 0 1 0 2 66 222 0 1 0 2 63 63 0 1 0 2 64 74 0 1 0 3 74 13 0 1 0 3 67 62 0 1 0 3 65 33 0 1 0 3 74 14 0 2 0 4 59 34 0 1 0 5 72 72 0 1 0 5 74 43 0 1 0 5 54
4/4 23 0 3 0 0 74 54 1 35 0 0 61 52 0 1 0 0 72 22 0 1 0 0 58 23 1 15 1 25 54 54 0 1 0 3 73 24 1 5 1 35 74
2/4 55 1 5 0 0 56 54 1 5 1 5 59 14 1 5 0 1 63 55 1 5 1 15 66
4/4 55 0 1 0 0 60 62 1 5 0 0 55 33 1 5 1 5 59 45 0 2 0 1 65 13 1 5 0 1 73 33 1 5 1 15 64 72 1 5 0 2 74 43 1 5 1 25 71 35 0 1 0 3 67 23 0 1 0 3 55 24 0 1 1 35 61 43 0 1 1 35 58
4/4 54 0 1 0 0 66 12 0 1 0 0 63 74 0 1 1 5 56 53 0 1 1 5 64 14 0 1 0 1 70 34 1 5 0 1 58 23 1 5 1 15 71 13 1 5 0 2 69 13 0 1 0 2 61 14 0 1 1 25 66 54 0 1 1 25 56 35 0 1 0 3 65 73 0 1 0 3 63 73 0 1 0 3 63 55 0 1 1 35 61 54 0 1 1 35 65
4/4 75 0 1 0 0 60 53 0 1 0 0 63 53 1 5 0 0 57 44 1 5 1 5 70 73 0 1 0 1 67 45 0 1 0 2 67 43 0 1 0 2 70 13 0 1 0 2 55 55 1 5 0 3 54 33 0 1 0 3 74 73 0 1 0 3 61 75 1 5 1 35 69
4/4 45 0 1 0 0 61 43 0 1 0 0 61 13 0 1 0 0 64 55 1 5 0 1 67 53 0 1 0 1 56 23 0 1 0 1 67 75 1 5 1 15 55 35 1 5 0 2 66 72 0 1 0 2 66 73 0 1 0 2 58 24 1 5 1 25 57 54 1 5 0 3 56 53 0 1 0 3 62 23 0 1 0 3 60 74 1 5 1 35 60
4/4 14 0 2 0 0 57 44 0 1 0 0 60 12 1 5 0 0 62 12 0 3 0 0 65 53 1 25 1 5 61 34 1 5 0 1 64 23 1 5 1 15 73 34 1 5 0 2 72 54 0 1 1 25 67 55 0 1 1 25 56 14 0 1 0 3 70 15 0 1 0 3 61 72 0 1 0 3 55 73 0 1 0 3 68 55 0 1 1 35 61 56 0 1 1 35 56
4/4 55 0 1 0 0 73 56 0 1 0 0 68 62 1 5 0 0 63 33 1 5 1 5 71 45 0 1 0 1 59 46 0 1 0 1 55 13 1 5 0 1 59 33 1 5 1 15 55 72 1 5 0 2 54 43 1 5 1 25 68 35 0 1 0 3 57 36 0 1 0 3 72 23 0 1 0 3 70 24 0 1 1 35 57 25 0 1 1 35 73 43 0 1 1 35 63
4/4 54 0 1 0 0 60 55 0 1 0 0 70 12 0 1 0 0 66 74 0 1 1 5 66 75 0 1 1 5 72 33 0 1 1 5 59 14 0 1 0 1 72 15 0 1 0 1 61 34 0 1 0 1 55 34 1 5 0 1 71 54 1 5 1 15 71 23 1 5 0 2 73 23 0 1 0 2 54 14 0 1 1 25 58 15 0 1 1 25 54 54 0 1 1 25 69 35 0 1 0 3 64 36 0 1 0 3 61 13 0 1 0 3 62 55 0 1 1 35 67 56 0 1 1 35 55 73 0 1 1 35 70 63 2 25 2 375 60
4/4 75 0 1 0 0 58 76 0 1 0 0 74 53 1 5 0 0 71 53 0 2 0 0 71 23 1 5 1 5 66 54 0 1 0 1 74 55 0 1 1 15 74 56 0 1 1 15 58 615 0 1 0 2 60 616 0 1 0 2 65 22 1 5 0 2 57 22 0 2 0 2 60 613 1 5 1 25 67 23 0 1 0 3 58 45 0 1 1 35 54 46 0 1 1 35 67
4/4 55 0 1 0 0 54 56 0 1 0 0 70 53 1 5 0 0 67 22 1 5 1 5 70 72 1 5 0 1 54 612 1 5 1 15 58 56 0 1 0 2 60 52 0 1 0 2 65 22 0 1 0 2 73 53 0 1 0 2 61 25 2 25 2 225 73 75 2 25 1 25 67 52 0 1 1 25 56 22 0 1 1 25 54 53 0 1 1 25 62 615 2 25 2 275 64 55 2 25 0 3 55 24 2 25 2 325 61 74 0 1 1 35 71 52 0 1 1 35 54 22 0 1 1 35 54 53 0 1 1 35 72 614 2 25 2 375 67
2/4 54 0 1 0 0 59 52 0 1 0 0 65 22 0 1 0 0 55 53 0 1 0 0 69 35 2 25 0 1 62 45 2 25 2 125 57 525 2 25 1 15 58 65 2 25 2 175 74
4/4 75 1 25 0 0 69 712 0 1 0 0 58 523 0 1 0 0 70 713 0 1 0 0 61 712 0 1 1 5 61 523 0 1 1 5 65 713 0 1 1 5 73 712 0 1 0 1 58 523 0 1 0 1 55 713 0 1 0 1 65 712 0 1 1 15 72 523 0 1 1 15 56 713 0 1 1 15 54 222 0 1 0 2 63 63 0 1 0 2 72 223 0 1 0 2 60 65 0 1 1 25 58 222 0 1 1 25 61 63 0 1 1 25 73 223 0 1 1 25 67 65 0 1 0 3 73 222 0 1 0 3 59 63 0 1 0 3 66 223 0 1 0 3 69 225 0 1 1 35 66 222 0 1 1 35 68 63 0 1 1 35 67 223 0 1 1 35 70
4/4 75 0 3 0 0 66 33 0 1 0 0 62 73 0 1 0 0 60 34 0 1 0 0 66 33 0 1 1 5 55 73 0 1 1 5 65 34 0 1 1 5 59 33 0 1 0 1 61 73 0 1 0 1 69 34 0 1 0 1 65 33 0 1 1 15 66 73 0 1 1 15 54 34 0 1 1 15 62 33 0 1 0 2 60 73 0 1 0 2 66 34 0 1 0 2 57 33 0 1 1 25 58 73 0 1 1 25 66 34 0 1 1 25 62 35 0 1 0 3 67 33 0 1 0 3 69 73 0 1 0 3 56 34 0 1 0 3 64 525 2 25 2 325 71 65 0 1 1 35 55 33 0 1 1 35 69 73 0 1 1 35 67 34 0 1 1 35 70 75 2 25 2 375 59
4/4 225 0 2 0 0 69 72 0 1 0 0 54 43 0 1 0 0 61 73 0 1 0 0 68 72 0 1 1 5 67 43 0 1 1 5 64 73 0 1 1 5 73 72 0 1 0 1 58 43 0 1 0 1 74 73 0 1 0 1 64 72 0 1 1 15 70 43 0 1 1 15 74 73 0 1 1 15 62 65 0 1 0 2 57 62 0 1 0 2 55 33 0 1 0 2 70 63 0 1 0 2 61 62 0 1 1 25 69 33 0 1 1 25 61 63 0 1 1 25 64 74 0 1 0 3 54 75 0 1 0 3 61 62 0 1 0 3 62 33 0 1 0 3 63 63 0 1 0 3 71 224 0 1 1 35 67 225 0 1 1 35 65 62 0 1 1 35 68 33 0 1 1 35 74 63 0 1 1 35 73
4/4 525 0 1 0 0 56 526 0 1 0 0 66 62 0 1 0 0 57 33 0 1 0 0 61 63 0 1 0 0 66 62 0 1 1 5 55 33 0 1 1 5 56 63 0 1 1 5 64 45 0 1 0 1 60 46 0 1 0 1 74 62 0 1 0 1 66 33 0 1 0 1 61 63 0 1 0 1 56 62 0 1 1 15 70 33 0 1 1 15 72 63 0 1 1 15 68 35 0 1 0 2 69 36 0 1 0 2 69 72 0 1 0 2 55 43 0 1 0 2 67 73 0 1 0 2 64 72 0 1 1 25 57 43 0 1 1 25 69 73 0 1 1 25 69 224 0 1 0 3 68 225 0 1 0 3 68 72 0 1 0 3 55 43 0 1 0 3 63 73 0 1 0 3 58 72 0 1 1 35 72 43 0 1 1 35 57 73 0 1 1 35 68
4/4 35 0 1 0 0 73 36 0 1 0 0 62 712 0 1 0 0 55 523 0 1 0 0 64 73 0 1 0 0 58 712 0 1 1 5 54 523 0 1 1 5 72 73 0 1 1 5 67 712 0 1 0 1 65 523 0 1 0 1 65 73 0 1 0 1 65 712 0 1 1 15 65 523 0 1 1 15 54 73 0 1 1 15 59 712 0 1 0 2 65 523 0 1 0 2 60 73 0 1 0 2 58 712 0 1 1 25 54 523 0 1 1 25 54 73 0 1 1 25 64 224 0 1 0 3 57 225 0 1 0 3 60 712 0 1 0 3 59 523 0 1 0 3 61 73 0 1 0 3 66 35 0 1 1 35 68 36 0 1 1 35 66 712 0 1 1 35 66 523 0 1 1 35 66 73 0 1 1 35 62
4/4 45 0 1 0 0 65 46 0 1 0 0 63 12 0 1 0 0 66 53 0 1 0 0 63 73 0 1 0 0 63 12 0 1 1 5 65 53 0 1 1 5 66 73 0 1 1 5 57 12 0 1 1 15 63 53 0 1 1 15 65 73 0 1 1 15 61 12 0 1 2 175 54 53 0 1 2 175 71 73 0 1 2 175 66 12 0 1 0 2 68 53 0 1 0 2 64 73 0 1 0 2 59 24 0 1 1 25 54 25 0 1 1 25 57 12 0 1 1 25 61 53 0 1 1 25 61 73 0 1 1 25 63 35 0 1 0 3 68 36 0 1 0 3 67 45 0 1 1 35 63 46 0 1 1 35 62 12 0 1 1 35 69 53 0 1 1 35 56 73 0 1 1 35 65 12 0 1 2 375 55 53 0 1 2 375 71 73 0 1 2 375 68
4/4 55 0 1 0 0 67 15 0 1 0 0 64 25 0 1 0 0 72 56 0 1 0 0 64 52 0 1 0 0 68 12 0 1 0 0 64 53 0 1 0 0 72
