4/4 43 0 1 0 0 64 53 0 1 0 0 64 73 0 1 0 0 64
4/4 43 0 1 0 0 64 53 0 1 0 0 64 13 0 1 0 0 64 31 0 1 0 0 64 32 0 1 0 0 64
4/4 31 1 5 0 0 64 43 0 1 0 0 64 53 0 1 0 0 64 13 0 1 0 0 64 71 1 5 1 5 64 52 1 5 0 1 64 72 1 5 1 15 64 12 1 5 0 2 64 72 1 5 1 25 64 33 1 5 0 3 64 12 1 5 1 35 64
4/4 31 1 5 0 0 64 43 0 1 0 0 64 53 0 1 0 0 64 13 0 1 0 0 64 71 1 5 1 5 64 52 1 5 0 1 64 72 1 5 1 15 64 12 1 5 0 2 64 72 1 5 1 25 64 73 0 1 0 3 64 33 0 1 0 3 64 34 0 1 1 35 64 12 0 1 1 35 64
4/4 34 1 35 0 0 64 31 0 1 0 0 64 31 0 1 0 0 64 71 1 5 1 5 64 52 1 5 0 1 64 72 1 5 1 15 64 12 1 5 0 2 64 72 1 5 1 25 64 33 1 5 0 3 64 23 0 1 1 35 64 44 0 1 1 35 64 12 0 1 1 35 64
4/4 23 0 1 0 0 64 44 0 1 0 0 64 31 0 1 0 0 64 34 0 1 1 5 64 54 0 1 1 5 64 71 0 1 1 5 64 34 0 1 0 1 64 54 0 1 0 1 64 52 1 5 0 1 64 72 1 5 1 15 64 12 1 5 0 2 64 72 1 5 1 25 64 33 1 5 0 3 64 13 0 1 1 35 64 54 0 1 1 35 64 12 0 1 1 35 64 13 0 1 2 375 64 44 0 1 2 375 64 74 0 1 2 375 64
4/4 31 0 1 0 0 64 31 0 1 0 0 64 13 0 1 0 0 64 44 0 1 0 0 64 74 0 1 0 0 64 71 1 5 1 5 64 44 0 2 0 1 64 13 0 3 0 1 64 52 1 5 0 1 64 72 1 5 1 15 64 12 1 5 0 2 64 72 1 5 1 25 64 34 0 1 0 3 64 33 0 1 0 3 64 44 0 1 1 35 64 12 0 1 1 35 64
4/4 73 0 1 0 0 64 34 0 1 0 0 64 54 0 1 0 0 64 31 1 5 0 0 64 71 1 5 1 5 64 52 1 5 0 1 64 72 1 5 1 15 64 12 1 5 0 2 64 72 1 5 1 25 64 53 0 1 0 3 64 54 0 1 0 3 64 33 0 1 0 3 64 73 0 1 1 35 64 74 0 1 1 35 64 12 0 1 1 35 64 34 0 1 2 375 64 54 0 1 2 375 64 35 0 1 2 375 64
4/4 11 0 1 0 0 64 11 0 1 0 0 64 34 0 1 0 0 64 54 0 1 0 0 64 35 0 1 0 0 64 52 1 5 1 5 64 72 1 5 0 1 64 34 0 1 1 15 64 54 0 1 1 15 64 35 0 1 1 15 64 33 0 1 1 15 64 34 0 1 0 2 64 54 0 1 0 2 64 35 0 1 0 2 64 72 0 1 0 2 64 23 0 1 1 25 64 54 0 1 1 25 64 24 0 1 1 25 64 52 0 1 1 25 64 53 0 1 0 3 64 73 0 1 0 3 64 54 0 1 0 3 64 22 0 1 0 3 64 73 0 1 1 35 64 23 0 1 1 35 64 74 0 1 1 35 64 72 0 1 1 35 64 13 0 1 2 375 64 34 0 1 2 375 64 64 0 1 2 375 64 14 0 1 2 375 64
4/4 61 0 1 0 0 64 61 0 1 0 0 64 13 0 1 0 0 64 34 0 1 0 0 64 64 0 1 0 0 64 14 0 1 0 0 64 32 1 5 1 5 64 73 0 1 0 1 64 34 0 1 0 1 64 74 0 1 0 1 64 42 0 1 0 1 64 63 0 1 1 15 64 34 0 1 1 15 64 64 0 1 1 15 64 62 0 1 1 15 64 73 0 1 2 175 64 34 0 1 2 175 64 54 0 1 2 175 64 74 0 1 2 175 64 51 0 1 0 2 64 51 0 1 0 2 64 32 1 5 1 25 64 33 0 1 0 3 64 34 0 1 0 3 64 72 0 1 0 3 64 43 0 1 1 35 64 44 0 1 1 35 64 32 0 1 1 35 64 53 0 1 2 375 64 13 0 1 2 375 64 34 0 1 2 375 64 54 0 1 2 375 64
4/4 41 0 1 0 0 64 41 0 1 0 0 64 53 0 1 0 0 64 13 0 1 0 0 64 34 0 1 0 0 64 54 0 1 0 0 64 612 1 5 1 5 64 13 0 1 0 1 64 12 0 1 0 1 64 34 0 1 1 15 64 612 0 1 1 15 64 53 0 1 2 175 64 13 0 1 2 175 64 34 0 1 2 175 64 54 0 1 2 175 64 41 1 5 0 2 64 62 1 5 1 25 64 44 0 1 0 3 64 12 0 1 0 3 64 34 0 1 1 35 64 62 0 1 1 35 64 43 2 25 2 375 64 63 0 1 2 375 64 13 0 1 2 375 64 44 0 1 2 375 64
4/4 71 0 1 0 0 64 71 0 1 0 0 64 43 3 2417 0 0 64 63 0 1 0 0 64 13 0 1 0 0 64 44 0 1 0 0 64 42 1 5 1 5 64 62 1 5 0 1 64 12 1 5 1 15 64 43 0 1 0 2 64 22 1 5 1 25 64 73 0 1 0 3 64 72 0 1 0 3 64 34 0 1 1 35 64 62 0 1 1 35 64
4/4 34 1 35 0 0 64 31 0 1 0 0 64 31 0 1 0 0 64 71 1 5 1 5 64 52 1 5 0 1 64 72 1 5 1 15 64 12 1 5 0 2 64 72 1 5 1 25 64 33 1 5 0 3 64 23 0 1 1 35 64 44 0 1 1 35 64 12 0 1 1 35 64
4/4 23 0 1 0 0 64 44 0 1 0 0 64 31 0 1 0 0 64 34 0 1 1 5 64 54 0 1 1 5 64 71 0 1 1 5 64 34 0 1 0 1 64 54 0 1 0 1 64 52 1 5 0 1 64 72 1 5 1 15 64 12 1 5 0 2 64 72 1 5 1 25 64 33 1 5 0 3 64 13 0 1 1 35 64 54 0 1 1 35 64 12 0 1 1 35 64 13 0 1 2 375 64 44 0 1 2 375 64 74 0 1 2 375 64
4/4 31 0 1 0 0 64 31 0 1 0 0 64 13 0 1 0 0 64 44 0 1 0 0 64 74 0 1 0 0 64 71 1 5 1 5 64 44 0 2 0 1 64 13 0 3 0 1 64 52 1 5 0 1 64 72 1 5 1 15 64 12 1 5 0 2 64 72 1 5 1 25 64 34 0 1 0 3 64 33 0 1 0 3 64 44 0 1 1 35 64 12 0 1 1 35 64
4/4 73 0 1 0 0 64 34 0 1 0 0 64 54 0 1 0 0 64 31 1 5 0 0 64 71 1 5 1 5 64 52 1 5 0 1 64 72 1 5 1 15 64 12 1 5 0 2 64 72 1 5 1 25 64 53 0 1 0 3 64 54 0 1 0 3 64 33 0 1 0 3 64 73 0 1 1 35 64 74 0 1 1 35 64 12 0 1 1 35 64 34 0 1 2 375 64 54 0 1 2 375 64 35 0 1 2 375 64
4/4 11 0 1 0 0 64 11 0 1 0 0 64 34 0 1 0 0 64 54 0 1 0 0 64 35 0 1 0 0 64 52 1 5 1 5 64 72 1 5 0 1 64 34 0 1 1 15 64 54 0 1 1 15 64 35 0 1 1 15 64 33 0 1 1 15 64 34 0 1 0 2 64 54 0 1 0 2 64 35 0 1 0 2 64 72 0 1 0 2 64 23 0 1 1 25 64 54 0 1 1 25 64 24 0 1 1 25 64 52 0 1 1 25 64 53 0 1 0 3 64 73 0 1 0 3 64 54 0 1 0 3 64 22 0 1 0 3 64 73 0 1 1 35 64 23 0 1 1 35 64 74 0 1 1 35 64 72 0 1 1 35 64 13 0 1 2 375 64 34 0 1 2 375 64 64 0 1 2 375 64 14 0 1 2 375 64
4/4 61 0 1 0 0 64 61 0 1 0 0 64 13 0 1 0 0 64 34 0 1 0 0 64 64 0 1 0 0 64 14 0 1 0 0 64 32 1 5 1 5 64 73 0 1 0 1 64 34 0 1 0 1 64 74 0 1 0 1 64 42 0 1 0 1 64 63 0 1 1 15 64 34 0 1 1 15 64 64 0 1 1 15 64 62 0 1 1 15 64 73 0 1 2 175 64 34 0 1 2 175 64 54 0 1 2 175 64 74 0 1 2 175 64 51 0 1 0 2 64 51 0 1 0 2 64 32 1 5 1 25 64 33 0 1 0 3 64 34 0 1 0 3 64 72 0 1 0 3 64 43 0 1 1 35 64 44 0 1 1 35 64 32 0 1 1 35 64 53 0 1 2 375 64 13 0 1 2 375 64 34 0 1 2 375 64 54 0 1 2 375 64
4/4 41 0 1 0 0 64 41 0 1 0 0 64 53 0 1 0 0 64 13 0 1 0 0 64 34 0 1 0 0 64 54 0 1 0 0 64 11 1 5 1 5 64 13 0 1 0 1 64 62 0 1 0 1 64 34 0 1 1 15 64 11 0 1 1 15 64 63 0 1 2 175 64 23 0 1 2 175 64 44 0 1 2 175 64 71 0 1 2 175 64 71 0 1 2 175 64 54 0 1 1 25 64 62 0 1 1 25 64 44 0 1 0 3 64 72 1 5 0 3 64 62 1 5 1 35 64 43 0 1 2 375 64 53 0 1 2 375 64 73 0 1 2 375 64 34 0 1 2 375 64
4/4 31 0 1 0 0 64 31 0 1 0 0 64 43 0 1 0 0 64 53 0 1 0 0 64 73 0 1 0 0 64 34 0 1 0 0 64 71 1 5 1 5 64 52 1 5 0 1 64 72 1 5 1 15 64 12 1 5 0 2 64 72 1 5 1 25 64 33 1 5 0 3 64 33 0 1 1 35 64 12 0 1 1 35 64
4/4 63 0 1 0 0 64 61 0 1 0 0 64 61 0 1 0 0 64 53 0 1 1 5 64 32 0 1 1 5 64 43 0 1 0 1 64 52 0 1 0 1 64 33 0 1 1 15 64 62 0 1 1 15 64 43 0 1 0 2 64 72 1 5 0 2 64 62 1 5 1 25 64 73 0 1 0 3 64 12 0 1 0 3 64 53 0 1 1 35 64 72 0 1 1 35 64
4/4 43 0 3 0 0 64 71 0 1 0 0 64 71 0 1 0 0 64 42 1 5 1 5 64 52 1 5 0 1 64 62 1 5 1 15 64 72 1 5 0 2 64 62 1 5 1 25 64 12 1 5 0 3 64 43 0 1 1 35 64 72 0 1 1 35 64
4/4 63 0 1 0 0 64 61 0 1 0 0 64 61 0 1 0 0 64 53 0 1 1 5 64 32 0 1 1 5 64 43 0 1 0 1 64 52 0 1 0 1 64 33 0 1 1 15 64 62 0 1 1 15 64 43 0 1 0 2 64 72 1 5 0 2 64 62 1 5 1 25 64 73 0 1 0 3 64 22 0 1 0 3 64 13 0 1 1 35 64 72 0 1 1 35 64
4/4 73 0 2 0 0 64 51 0 1 0 0 64 51 0 1 0 0 64 21 1 5 1 5 64 52 1 5 0 1 64 72 1 5 1 15 64 12 1 5 0 2 64 53 0 1 1 25 64 54 0 1 1 25 64 72 0 1 1 25 64 73 0 1 0 3 64 74 0 1 0 3 64 22 0 1 0 3 64 53 0 1 1 35 64 54 0 1 1 35 64 72 0 1 1 35 64
4/4 43 0 1 0 0 64 44 0 1 0 0 64 61 1 5 0 0 64 32 1 5 1 5 64 12 1 5 0 1 64 32 1 5 1 15 64 71 1 5 0 2 64 53 0 1 1 25 64 54 0 1 1 25 64 42 0 1 1 25 64 73 0 1 0 3 64 74 0 1 0 3 64 22 0 1 0 3 64 53 0 1 1 35 64 54 0 1 1 35 64 42 0 1 1 35 64 53 0 1 2 375 64 73 0 1 2 375 64 13 0 1 2 375 64 34 0 1 2 375 64
4/4 11 1 5 0 0 64 53 0 1 0 0 64 73 0 1 0 0 64 13 0 1 0 0 64 34 0 1 0 0 64 52 1 5 1 5 64 33 1 5 0 1 64 12 1 5 1 15 64 22 1 5 0 2 64 34 0 1 1 25 64 54 0 1 1 25 64 35 0 1 1 25 64 12 0 1 1 25 64 23 0 1 0 3 64 24 0 1 0 3 64 72 0 1 0 3 64 13 0 1 1 35 64 14 0 1 1 35 64 62 0 1 1 35 64
4/4 34 0 1 0 0 64 54 0 1 0 0 64 35 0 1 0 0 64 221 0 1 0 0 64 44 0 1 1 5 64 45 0 1 1 5 64 62 0 1 1 5 64 44 0 1 0 1 64 45 0 1 0 1 64 43 1 5 0 1 64 62 1 5 1 15 64 33 1 5 0 2 64 62 1 5 1 25 64 222 1 5 0 3 64 12 2 25 1 35 64 712 2 25 2 375 64
4/4 72 0 1 0 0 64 71 0 1 0 0 64 71 0 1 0 0 64 53 0 1 0 1 64 13 0 1 0 1 64 34 0 1 0 1 64 54 0 1 0 1 64 71 0 1 0 1 64 32 0 1 0 1 64 63 0 1 0 2 64 13 0 1 0 2 64 34 0 1 0 2 64 64 0 1 0 2 64 71 0 1 0 2 64 42 0 1 0 2 64 13 0 1 0 3 64 44 0 1 0 3 64 64 0 1 0 3 64 14 0 1 0 3 64 71 0 1 0 3 64 62 0 1 0 3 64
4/4 73 0 1 0 0 64 34 0 1 0 0 64 54 0 1 0 0 64 74 0 1 0 0 64 31 0 1 0 0 64 31 0 1 0 0 64 71 1 5 1 5 64 52 1 5 0 1 64 72 1 5 1 15 64 12 1 5 0 2 64 73 0 1 1 25 64 54 0 1 1 25 64 74 0 1 1 25 64 72 0 1 1 25 64 34 0 1 0 3 64 35 0 1 0 3 64 33 0 1 0 3 64 44 0 1 1 35 64 45 0 1 1 35 64 12 0 1 1 35 64
4/4 44 0 1 0 0 64 45 0 1 0 0 64 51 0 1 0 0 64 51 0 1 0 0 64 54 0 1 1 5 64 55 0 1 1 5 64 32 0 1 1 5 64 34 0 1 0 1 64 35 0 1 0 1 64 712 0 1 0 1 64 23 0 1 1 15 64 24 0 1 1 15 64 43 0 1 1 15 64 34 0 1 2 175 64 64 0 1 2 175 64 14 0 1 2 175 64 35 0 1 2 175 64 61 0 1 0 2 64 61 0 1 0 2 64 32 1 5 1 25 64 12 1 5 0 3 64 34 0 1 1 35 64 64 0 1 1 35 64 14 0 1 1 35 64 35 0 1 1 35 64 62 0 1 1 35 64
4/4 34 0 1 0 0 64 64 0 1 0 0 64 14 0 1 0 0 64 35 0 1 0 0 64 41 0 1 0 0 64 41 0 1 0 0 64 44 0 1 1 5 64 45 0 1 1 5 64 62 0 1 1 5 64 23 0 1 0 1 64 24 0 1 0 1 64 12 0 1 0 1 64 13 0 1 1 15 64 14 0 1 1 15 64 42 0 1 1 15 64 713 0 1 0 2 64 34 0 1 0 2 64 64 0 1 0 2 64 714 0 1 0 2 64 61 0 1 0 2 64 61 0 1 0 2 64 223 0 1 1 25 64 224 0 1 1 25 64 712 0 1 1 25 64 73 0 1 0 3 64 74 0 1 0 3 64 33 0 1 0 3 64 63 0 1 1 35 64 64 0 1 1 35 64 712 0 1 1 35 64 73 0 1 2 375 64 44 0 1 2 375 64 64 0 1 2 375 64 74 0 1 2 375 64
4/4 71 0 1 0 0 64 71 0 1 0 0 64 73 0 1 0 0 64 44 0 1 0 0 64 64 0 1 0 0 64 74 0 1 0 0 64 42 1 5 1 5 64 72 1 5 0 1 64 12 1 5 1 15 64 71 0 1 0 2 64 71 0 1 0 2 64 53 0 1 1 25 64 13 0 1 1 25 64 34 0 1 1 25 64 54 0 1 1 25 64 63 0 1 2 275 64 13 0 1 2 275 64 34 0 1 2 275 64 64 0 1 2 275 64 42 0 1 2 275 64 62 0 1 2 275 64 72 0 1 2 275 64 22 0 1 2 275 64 13 0 1 1 35 64 44 0 1 1 35 64 64 0 1 1 35 64 14 0 1 1 35 64
4/4 73 0 1 0 0 64 34 0 1 0 0 64 54 0 1 0 0 64 74 0 1 0 0 64 31 0 1 0 0 64 31 0 1 0 0 64 71 1 5 1 5 64 52 1 5 0 1 64 72 1 5 1 15 64 12 1 5 0 2 64 73 0 1 1 25 64 54 0 1 1 25 64 74 0 1 1 25 64 72 0 1 1 25 64 34 0 1 0 3 64 35 0 1 0 3 64 33 0 1 0 3 64 44 0 1 1 35 64 45 0 1 1 35 64 12 0 1 1 35 64
2/4 44 0 1 0 0 64 45 0 1 0 0 64 51 0 1 0 0 64 52 0 1 0 0 64 54 0 1 1 5 64 55 0 1 1 5 64 712 0 1 1 5 64 34 0 1 0 1 64 35 0 1 0 1 64 33 0 1 0 1 64 23 0 1 1 15 64 24 0 1 1 15 64 22 0 1 1 15 64 34 0 1 2 175 64 54 0 1 2 175 64 35 0 1 2 175 64
4/4 11 0 1 0 0 64 11 0 1 0 0 64 34 0 1 0 0 64 54 0 1 0 0 64 35 0 1 0 0 64 52 1 5 1 5 64 33 1 5 0 1 64 53 0 1 1 15 64 54 0 1 1 15 64 52 0 1 1 15 64 23 0 1 2 175 64 54 0 1 2 175 64 24 0 1 2 175 64 71 0 1 0 2 64 71 0 1 0 2 64 52 1 5 1 25 64 22 1 5 0 3 64 53 0 1 1 35 64 54 0 1 1 35 64 52 0 1 1 35 64 13 0 1 2 375 64 34 0 1 2 375 64 14 0 1 2 375 64
4/4 61 0 1 0 0 64 61 0 1 0 0 64 13 0 1 0 0 64 34 0 1 0 0 64 14 0 1 0 0 64 32 1 5 1 5 64 12 1 5 0 1 64 32 1 5 1 15 64 61 1 5 0 2 64 13 0 1 1 25 64 34 0 1 1 25 64 14 0 1 1 25 64 32 0 1 1 25 64 73 0 1 0 3 64 34 0 1 0 3 64 74 0 1 0 3 64 12 0 1 0 3 64 63 0 1 1 35 64 34 0 1 1 35 64 64 0 1 1 35 64 32 0 1 1 35 64 73 0 1 2 375 64 34 0 1 2 375 64 74 0 1 2 375 64
4/4 51 1 5 0 0 64 73 0 1 0 0 64 34 0 1 0 0 64 74 0 1 0 0 64 32 1 5 1 5 64 34 0 1 0 1 64 72 0 1 0 1 64 74 0 1 1 15 64 32 0 1 1 15 64 73 0 1 2 175 64 34 0 1 2 175 64 44 0 1 2 175 64 74 0 1 2 175 64 41 1 5 0 2 64 11 1 5 1 25 64 64 0 1 0 3 64 62 1 5 0 3 64 11 1 5 1 35 64 73 0 1 2 375 64 13 0 1 2 375 64 23 0 1 2 375 64 54 0 1 2 375 64
4/4 71 1 5 0 0 64 73 0 1 0 0 64 13 0 1 0 0 64 23 0 1 0 0 64 54 0 1 0 0 64 42 1 5 1 5 64 13 0 1 0 1 64 72 0 1 0 1 64 54 0 1 1 15 64 42 0 1 1 15 64 63 0 1 0 2 64 54 0 1 0 2 64 71 0 1 0 2 64 21 0 1 0 2 64 72 0 1 0 2 64 63 0 1 0 3 64 44 0 1 0 3 64 711 0 1 0 3 64 21 0 1 0 3 64 712 0 1 0 3 64
4/4 34 0 4 0 0 64 53 0 1 0 0 64 11 0 1 0 0 64 13 0 1 1 5 64 62 0 1 1 5 64 73 0 1 0 1 64 72 0 1 0 1 64 63 0 1 1 15 64 33 0 1 1 15 64 53 0 1 0 2 64 62 1 5 0 2 64 72 1 5 1 25 64 43 0 1 0 3 64 33 1 5 0 3 64 72 1 5 1 35 64 33 0 1 2 375 64 53 0 1 2 375 64 73 0 1 2 375 64 34 0 1 2 375 64
4/4 31 1 5 0 0 64 33 0 1 0 0 64 53 0 1 0 0 64 73 0 1 0 0 64 34 0 1 0 0 64 71 1 5 1 5 64 32 1 5 0 1 64 72 1 5 1 15 64 33 0 1 0 2 64
4/4 64 0 1 0 0 64 13 0 1 0 0 64 62 0 1 0 0 64 54 0 1 0 1 64 44 0 1 0 2 64 23 0 1 0 2 64 72 0 1 0 2 64
4/4 54 0 1 0 0 64 23 0 3 0 0 64 52 0 2 0 0 64 44 0 1 0 1 64 34 0 1 0 2 64 12 0 1 0 2 64 13 0 1 0 3 64
4/4 44 0 1 0 0 64 223 0 1 0 0 64 222 0 4 0 0 64 34 0 1 0 1 64 13 0 1 0 1 64 223 0 1 0 2 64 73 0 1 0 2 64 13 0 1 0 3 64 63 0 1 0 3 64
4/4 23 0 1 0 0 64 52 0 1 0 0 64 22 0 1 0 0 64 13 0 2 0 0 64 713 0 2 0 2 64
4/4 63 0 1 0 0 64 12 0 3 0 0 64 61 0 1 0 0 64 32 0 1 0 0 64 53 0 1 0 1 64 43 0 1 0 2 64 71 0 1 0 2 64 42 0 1 0 2 64 22 0 1 0 3 64
4/4 53 0 1 0 0 64 711 0 1 0 0 64 52 0 1 0 0 64 22 0 3 0 0 64 43 0 1 0 1 64 33 0 1 0 2 64 11 0 1 0 2 64 52 0 1 0 2 64 12 0 1 0 3 64
4/4 43 0 1 0 0 64 222 0 3 0 0 64 221 0 1 0 0 64 62 0 1 0 0 64 33 0 1 0 1 64 222 0 2 0 2 64 12 0 1 0 3 64
4/4 12 0 2 0 0 64 52 0 1 0 0 64 22 0 1 0 0 64 51 0 1 0 0 64 21 0 1 0 0 64 712 0 2 0 2 64
4/4 73 0 1 0 0 64 34 0 1 0 0 64 74 0 1 0 0 64 31 0 1 0 0 64 31 0 1 0 0 64 71 1 5 1 5 64 52 1 5 0 1 64 72 1 5 1 15 64 12 1 5 0 2 64 72 1 5 1 25 64 33 1 5 0 3 64 12 1 5 1 35 64
4/4 31 1 5 0 0 64 73 0 1 0 0 64 34 0 1 0 0 64 74 0 1 0 0 64 71 1 5 1 5 64 52 1 5 0 1 64 72 1 5 1 15 64 12 1 5 0 2 64 72 1 5 1 25 64 33 1 5 0 3 64 12 1 5 1 35 64
4/4 74 0 3 0 0 64 61 1 5 0 0 64 32 1 5 1 5 64 12 1 5 0 1 64 33 1 5 1 15 64 53 0 1 0 2 64 64 0 1 0 3 64
4/4 54 0 4 0 0 64 53 0 1 2 75 64 713 0 1 2 75 64 52 0 1 2 75 64 22 0 1 2 75 64
4/4 44 0 3 0 0 64 62 1 5 0 0 64 33 1 5 1 5 64 53 1 5 0 1 64 23 1 5 1 15 64 13 0 1 0 2 64 13 1 5 0 3 64 44 1 5 1 35 64
4/4 54 0 3 0 0 64 72 1 5 0 0 64 43 1 5 1 5 64 53 1 5 0 1 64 23 1 5 1 15 64 13 0 1 0 2 64 64 0 1 0 3 64
4/4 34 0 1 0 0 64 54 0 1 0 0 64 74 0 1 0 0 64 31 1 5 0 0 64 71 1 5 1 5 64 52 1 5 0 1 64 72 1 5 1 15 64 12 1 5 0 2 64 72 1 5 1 25 64 33 1 5 0 3 64 12 1 5 1 35 64
4/4 31 1 5 0 0 64 34 0 1 0 0 64 54 0 1 0 0 64 74 0 1 0 0 64 71 1 5 1 5 64 52 1 5 0 1 64 72 1 5 1 15 64 12 1 5 0 2 64 72 1 5 1 25 64 33 1 5 0 3 64 12 1 5 1 35 64 34 0 1 2 375 64 31 0 1 2 375 64 44 0 1 2 375 64 71 0 1 2 375 64 54 0 1 2 375 64 74 0 1 2 375 64 32 0 1 2 375 64
4/4 34 0 1 0 0 64 31 0 1 0 0 64 44 0 1 0 0 64 71 0 1 0 0 64 54 0 1 0 0 64 74 0 1 0 0 64 32 0 1 0 0 64
