4/4 55 0 3 0 0 64 12 0 1 0 0 64 53 0 1 0 0 64 14 2 75 0 3 64 55 2 25 2 375 64
4/4 65 0 3 0 0 64 14 2 75 0 3 64 65 2 25 2 375 64
4/4 75 0 4 0 0 64 13 1 5 0 0 64 54 1 5 1 5 64 54 1 5 0 1 64 44 1 5 1 15 64 54 0 2 0 2 64
4/4 15 0 4 0 0 64 54 0 4 0 0 64
4/4 15 0 4 0 0 64 54 0 4 0 0 64
4/4 14 0 1 0 0 64 12 0 1 0 0 64 33 0 1 0 0 64 35 0 1 1 5 64 53 0 1 1 5 64
4/4 14 0 1 0 2 64 12 0 1 0 2 64 33 0 1 0 2 64 35 0 1 1 25 64 523 0 1 1 25 64
4/4 14 0 1 0 0 64 12 0 1 0 0 64 33 0 1 0 0 64 35 0 1 1 5 64 53 0 1 1 5 64
4/4 14 0 1 0 2 64 12 0 1 0 2 64 33 0 1 0 2 64 35 0 1 1 25 64 523 0 1 1 25 64
4/4 14 0 1 0 0 64 12 0 1 0 0 64 33 0 1 0 0 64 35 0 1 1 5 64 53 0 1 1 5 64
4/4 14 1 5 0 0 64 54 0 4 0 0 64 55 1 5 1 5 64 55 1 5 0 1 64 45 1 5 1 15 64 55 0 2 0 2 64
4/4 55 0 4 0 0 64 54 0 4 0 0 64
4/4 65 0 4 0 0 64 53 0 4 0 0 64 54 0 8 0 0 64
4/4 75 0 4 0 0 64 53 0 4 0 0 64
4/4 14 0 1 0 0 64 12 0 1 0 0 64 33 0 1 0 0 64 35 0 1 1 5 64 53 0 1 1 5 64 55 0 2 0 2 64
4/4 55 0 1 0 0 64 65 0 3 0 1 64 12 0 1 0 2 64 33 0 1 0 2 64 523 1 5 1 25 64
4/4 12 0 1 0 0 64 33 0 1 0 0 64 65 0 2 0 0 64 53 1 5 1 5 64 75 0 2 0 2 64
4/4 75 0 4 0 0 64 12 0 1 0 2 64 33 0 1 0 2 64 523 1 5 1 25 64
4/4 14 0 1 0 0 64 55 0 1 0 0 64 12 0 1 0 0 64 53 0 1 0 0 64 13 0 1 0 0 64 14 0 1 1 5 64 55 0 1 1 5 64 12 0 1 1 5 64 53 0 1 1 5 64 13 0 1 1 5 64 14 0 1 1 15 64 55 0 1 1 15 64 12 0 1 1 15 64 53 0 1 1 15 64 13 0 1 1 15 64 14 0 1 2 175 64 55 0 1 2 175 64 12 0 1 2 175 64 53 0 1 2 175 64 13 0 1 2 175 64 14 0 1 0 2 64 55 0 1 0 2 64 12 0 1 0 2 64 53 0 1 0 2 64 13 0 1 0 2 64
4/4
4/4 14 0 1 0 0 64 55 0 1 0 0 64 12 0 1 0 0 64 53 0 1 0 0 64 13 0 1 0 0 64 14 0 1 1 5 64 55 0 1 1 5 64 12 0 1 1 5 64 53 0 1 1 5 64 13 0 1 1 5 64 14 0 1 1 15 64 55 0 1 1 15 64 12 0 1 1 15 64 53 0 1 1 15 64 13 0 1 1 15 64 14 0 1 2 175 64 55 0 1 2 175 64 12 0 1 2 175 64 53 0 1 2 175 64 13 0 1 2 175 64 14 0 1 0 2 64 55 0 1 0 2 64 12 0 1 0 2 64 53 0 1 0 2 64 13 0 1 0 2 64
4/4
4/4 14 0 1 0 0 64 12 0 1 0 0 64 35 0 1 3 333 64 33 0 1 3 333 64 24 3 333 3 667 64 35 0 1 0 1 64
4/4 14 3 333 0 0 64 35 3 333 3 333 64 24 3 333 3 667 64 35 3 667 0 1 64 45 3 333 3 1667 64 525 3 667 0 2 64 33 3 333 0 2 64 523 3 333 3 2333 64 35 3 333 3 2667 64
4/4 14 0 1 0 0 64 12 0 1 0 0 64 35 0 1 3 333 64 33 0 1 3 333 64 24 3 333 3 667 64 35 0 1 0 1 64
4/4 14 3 333 0 0 64 35 3 333 3 333 64 24 3 333 3 667 64 35 3 667 0 1 64 45 3 333 3 1667 64 525 3 667 0 2 64 33 3 333 0 2 64 523 3 333 3 2333 64 35 3 333 3 2667 64
4/4 14 0 1 0 0 64 12 0 1 0 0 64 35 0 1 3 333 64 53 0 1 3 333 64 13 0 1 3 333 64 24 3 333 3 667 64 35 0 1 0 1 64
4/4 14 3 333 0 0 64 35 3 333 3 333 64 24 3 333 3 667 64 35 3 667 0 1 64 45 3 333 3 1667 64 525 3 667 0 2 64 33 3 333 0 2 64 523 0 1 3 2333 64 13 0 1 3 2333 64 35 3 333 3 2667 64 65 3 667 0 3 64 45 3 333 3 3667 64
4/4 75 3 667 0 0 64 12 3 333 0 0 64 53 0 1 3 333 64 13 0 1 3 333 64 55 3 333 3 667 64 15 3 667 0 1 64 615 3 333 3 1667 64 25 3 667 0 2 64 75 3 333 3 2667 64 36 3 667 0 3 64 15 3 333 3 3667 64
4/4 526 0 1 0 0 64 525 0 1 0 0 64 36 0 1 1 35 64 35 0 1 1 35 64
4/4 66 0 1 0 0 64 65 0 1 0 0 64 46 0 1 1 15 64 45 0 1 1 15 64 76 0 1 0 2 64 75 0 1 0 2 64 56 0 1 1 35 64 55 0 1 1 35 64
4/4 226 0 1 0 0 64 225 0 1 0 0 64
4/4 25 0 1 0 0 64 26 0 1 0 0 64
4/4 35 0 1 0 0 64 55 0 1 0 0 64 15 0 1 0 0 64 12 0 1 0 0 64 53 0 1 0 0 64 13 0 1 0 0 64 35 0 1 1 5 64 55 0 1 1 5 64 15 0 1 1 5 64 12 0 1 1 5 64 53 0 1 1 5 64 13 0 1 1 5 64 35 0 1 1 15 64 55 0 1 1 15 64 15 0 1 1 15 64 12 0 1 1 15 64 53 0 1 1 15 64 13 0 1 1 15 64 35 0 1 2 175 64 55 0 1 2 175 64 15 0 1 2 175 64 12 0 1 2 175 64 53 0 1 2 175 64 13 0 1 2 175 64 35 0 1 0 2 64 55 0 1 0 2 64 15 0 1 0 2 64 12 0 1 0 2 64 53 0 1 0 2 64 13 0 1 0 2 64
4/4 55 0 3 0 0 64 34 0 4 0 0 64 13 1 5 0 0 64 13 1 5 1 5 64 13 2 25 1 15 64 13 2 25 2 175 64 13 0 1 0 2 64 14 2 75 0 3 64 55 2 25 2 375 64
4/4 65 0 3 0 0 64 23 0 4 0 0 64 73 1 5 0 0 64 73 1 5 1 5 64 73 2 25 1 15 64 73 2 25 2 175 64 73 0 1 0 2 64 14 2 75 0 3 64 65 2 25 2 375 64
4/4 75 0 1 0 0 64 44 0 1 0 0 64 63 1 5 0 0 64 63 1 5 1 5 64 63 2 25 1 15 64 63 2 25 2 175 64 63 0 1 0 2 64
4/4 56 0 1 0 0 64 57 0 1 0 0 64 55 0 1 0 0 64
