4/4 23 0 1 0 0 64 51 0 1 0 0 64 23 2 25 2 25 64 13 0 1 1 5 64 52 0 1 1 5 64 54 2 25 2 75 64 42 1 5 1 15 64 51 1 5 0 2 64 52 1 5 1 25 64 23 2 25 0 3 64 53 2 25 2 325 64 23 0 1 1 35 64 42 0 1 1 35 64 53 2 25 2 375 64
4/4 23 0 1 0 0 64 51 0 1 0 0 64 23 2 25 2 25 64 13 0 1 1 5 64 52 0 1 1 5 64 54 2 25 2 75 64 42 1 5 1 15 64 51 1 5 0 2 64 52 1 5 1 25 64 23 2 25 0 3 64 53 2 25 2 325 64 23 0 1 1 35 64 42 0 1 1 35 64 53 2 25 2 375 64
2/4 23 0 1 0 0 64 51 0 1 0 0 64 23 2 25 2 25 64 13 0 1 1 5 64 52 0 1 1 5 64 54 2 25 2 75 64 42 1 5 1 15 64
3/4 43 1 5 0 0 64 12 1 5 1 5 64 42 1 5 0 1 64
4/4 32 0 1 0 0 64 21 0 1 0 2 64
2/4
4/4 52 1 5 0 0 64 52 0 4 0 0 64 22 1 35 1 5 64 53 0 3 0 1 64
4/4 52 1 5 0 0 64 52 0 4 0 0 64 22 1 35 1 5 64 63 0 3 0 1 64
4/4 52 1 5 0 0 64 52 0 4 0 0 64 22 1 35 1 5 64 53 0 3 0 1 64
4/4 52 1 5 0 0 64 52 0 4 0 0 64 22 1 35 1 5 64 63 0 3 0 1 64
4/4 11 0 1 0 0 64 12 0 1 0 0 64
4/4 13 0 4 0 0 64 34 0 1 0 0 64 44 0 1 0 0 64 32 0 1 0 0 64 33 0 1 0 0 64
4/4 23 0 1 0 0 64 54 0 1 0 0 64 42 0 1 0 0 64 43 0 1 0 0 64 13 0 4 0 0 64
2/4 53 1 5 1 5 64 13 1 5 0 1 64 54 1 5 1 15 64
3/4 44 1 5 0 0 64 73 1 5 1 5 64 34 1 5 0 1 64 63 1 5 1 15 64 23 0 1 0 2 64
3/4 53 0 1 0 0 64 51 0 1 0 0 64
4/4 12 0 1 0 0 64 33 0 1 0 0 64 63 0 1 0 0 64 41 0 1 0 0 64 42 0 1 0 0 64 12 0 1 0 2 64 33 0 1 0 2 64 73 0 1 0 2 64 31 0 1 0 2 64 32 0 1 0 2 64
4/4 22 0 1 0 0 64 53 0 1 0 0 64 13 0 1 0 0 64 21 0 1 0 0 64 21 0 1 0 0 64
4/4 52 1 5 0 0 64 52 0 4 0 0 64 22 1 35 1 5 64 53 0 3 0 1 64
4/4 52 1 5 0 0 64 52 0 4 0 0 64 22 1 35 1 5 64 53 0 2 0 1 64 53 1 15 1 25 64 13 1 5 0 3 64 54 1 5 1 35 64
4/4 54 0 1 0 0 64 62 1 5 0 0 64 33 1 5 1 5 64 44 0 2 0 1 64 63 0 1 0 1 64 72 1 5 0 2 64 43 1 5 1 25 64 34 1 5 0 3 64 73 0 1 0 3 64 23 1 5 1 35 64
4/4 53 0 1 0 0 64 12 0 1 0 0 64 73 0 1 1 5 64 33 0 1 1 5 64 13 0 1 0 1 64 53 0 3 0 1 64 13 1 5 1 25 64 34 1 5 0 3 64 54 1 5 1 35 64
4/4 74 0 2 0 0 64 52 1 5 0 0 64 22 1 5 1 5 64 53 0 1 0 1 64 42 0 1 2 175 64 12 0 1 2 175 64 43 0 1 2 175 64 44 1 5 0 2 64 54 1 5 0 3 64 74 1 5 1 35 64
4/4 44 1 5 0 0 64 43 0 1 0 0 64 63 0 1 0 0 64 13 0 1 0 0 64 54 1 5 0 1 64 74 1 5 1 15 64 34 1 5 0 2 64 52 0 1 0 2 64 22 0 1 0 2 64 43 0 1 0 2 64 23 1 5 1 25 64 53 1 5 0 3 64 73 1 5 1 35 64
4/4 13 0 2 0 0 64 11 1 5 0 0 64 52 1 5 1 5 64 22 1 5 0 1 64 33 1 5 1 15 64 73 0 1 0 2 64 53 1 5 1 25 64 13 1 5 0 3 64 54 1 5 1 35 64
4/4 44 0 2 0 0 64 62 1 5 0 0 64 62 0 4 0 0 64 33 1 35 1 5 64 63 0 3 0 1 64 34 0 2 0 2 64
4/4 23 0 1 0 0 64 12 0 1 0 0 64 53 0 1 0 0 64
4/4 23 0 1 0 0 64 24 0 1 0 0 64 51 1 5 0 0 64 21 1 5 1 5 64 72 1 15 0 1 64 21 1 5 1 25 64 13 0 1 0 3 64 14 0 1 0 3 64 72 0 1 0 3 64 73 0 1 1 35 64 74 0 1 1 35 64 21 0 1 1 35 64
4/4 613 0 1 0 0 64 614 0 1 0 0 64 611 1 5 0 0 64 312 1 5 1 5 64 222 1 15 0 1 64 312 1 5 1 25 64 222 1 5 0 3 64 312 1 5 1 35 64
4/4 614 0 4 0 0 64 21 1 5 0 0 64 612 1 5 1 5 64 24 0 3 0 1 64 43 1 15 0 1 64 612 1 5 1 25 64 43 1 5 0 3 64 612 1 5 1 35 64
4/4 54 0 2 0 0 64 313 0 3 0 0 64 44 0 2 0 2 64 22 0 1 0 3 64
4/4 314 0 2 0 0 64 12 0 3 0 0 64 313 0 1 0 1 64 23 0 2 0 2 64 43 0 1 0 2 64 53 0 1 0 3 64 72 0 1 0 3 64
4/4 13 0 3 0 0 64 612 0 4 0 0 64 53 0 1 0 0 64 613 0 1 0 1 64 73 0 1 0 2 64 23 0 1 0 3 64 43 0 1 0 3 64
3/4 613 0 2 0 0 64 71 0 1 0 0 64 612 0 1 0 0 64 613 0 1 0 2 64 614 0 1 0 2 64 13 0 1 1 25 64 14 0 1 1 25 64
4/4 23 0 1 0 0 64 24 0 1 0 0 64 71 1 5 0 0 64 42 1 5 1 5 64 44 0 1 0 1 64 45 0 1 0 1 64 72 0 1 0 1 64 314 0 1 0 2 64 315 0 1 0 2 64 11 0 1 0 2 64 613 0 1 1 25 64 614 0 1 1 25 64 52 1 5 1 25 64 12 0 1 0 3 64 13 0 1 1 35 64 14 0 1 1 35 64
4/4 23 0 1 0 0 64 24 0 1 0 0 64 21 1 5 0 0 64 612 1 5 1 5 64 313 0 1 0 1 64 53 0 1 0 1 64 22 0 1 0 2 64 43 0 1 0 2 64 613 0 1 0 3 64 614 0 1 0 3 64 12 0 1 0 3 64 313 0 1 0 3 64 13 0 1 1 35 64 14 0 1 1 35 64
4/4 23 0 1 0 0 64 24 0 1 0 0 64 51 1 5 0 0 64 21 1 5 1 5 64 44 0 1 0 1 64 45 0 1 0 1 64 72 0 1 0 1 64 314 0 1 0 2 64 315 0 1 0 2 64 611 0 1 0 2 64 613 0 1 1 25 64 614 0 1 1 25 64 312 1 5 1 25 64 12 0 1 0 3 64 13 0 1 1 35 64 14 0 1 1 35 64
4/4 24 1 15 0 0 64 44 0 2 0 0 64 71 1 5 0 0 64 21 1 5 1 5 64 312 1 5 0 1 64 14 0 1 1 15 64 42 0 1 1 15 64 74 2 25 2 175 64 14 0 1 0 2 64 44 0 1 0 2 64 611 1 5 0 2 64 611 0 2 0 2 64 42 1 15 1 25 64 614 1 5 0 3 64 14 1 5 1 35 64
4/4 54 0 1 0 0 64 71 0 1 0 0 64 42 0 1 0 0 64 72 0 1 0 0 64 614 1 5 0 1 64 14 1 5 1 15 64 54 1 5 0 2 64 11 0 1 0 2 64 52 0 1 0 2 64 12 0 1 0 2 64 614 1 5 1 25 64 23 1 5 0 3 64 44 1 5 1 35 64
4/4 614 0 3 0 0 64 42 1 5 0 0 64 42 0 4 0 0 64 12 1 5 1 5 64 53 0 1 0 1 64 43 0 1 0 2 64 13 0 1 0 3 64 14 0 1 0 3 64 12 0 1 0 3 64 314 0 1 1 35 64 315 0 1 1 35 64
4/4 44 0 1 0 0 64 24 0 1 0 0 64 71 0 1 0 0 64 42 0 1 0 0 64 11 0 1 0 1 64 52 0 1 0 1 64
