4/4 53 0 3 0 0 64 11 0 1 0 0 64 51 0 1 0 0 64 12 2 75 0 3 64 53 2 25 2 375 64
4/4 63 0 3 0 0 64 12 2 75 0 3 64 63 2 25 2 375 64
4/4 73 0 4 0 0 64 11 1 5 0 0 64 52 1 5 1 5 64 52 1 5 0 1 64 42 1 5 1 15 64 52 0 2 0 2 64
4/4 13 0 4 0 0 64 52 0 4 0 0 64
4/4 13 0 4 0 0 64 52 0 4 0 0 64
4/4 12 0 1 0 0 64 11 0 1 0 0 64 31 0 1 0 0 64 33 0 1 1 5 64 51 0 1 1 5 64
4/4 12 0 1 0 2 64 11 0 1 0 2 64 31 0 1 0 2 64 33 0 1 1 25 64 521 0 1 1 25 64
4/4 12 0 1 0 0 64 11 0 1 0 0 64 31 0 1 0 0 64 33 0 1 1 5 64 51 0 1 1 5 64
4/4 12 0 1 0 2 64 11 0 1 0 2 64 31 0 1 0 2 64 33 0 1 1 25 64 521 0 1 1 25 64
4/4 12 0 1 0 0 64 11 0 1 0 0 64 31 0 1 0 0 64 33 0 1 1 5 64 51 0 1 1 5 64
4/4 12 1 5 0 0 64 52 0 4 0 0 64 53 1 5 1 5 64 53 1 5 0 1 64 43 1 5 1 15 64 53 0 2 0 2 64
4/4 53 0 4 0 0 64 52 0 4 0 0 64
4/4 63 0 4 0 0 64 51 0 4 0 0 64 52 0 8 0 0 64
4/4 73 0 4 0 0 64 51 0 4 0 0 64
4/4 12 0 1 0 0 64 11 0 1 0 0 64 31 0 1 0 0 64 33 0 1 1 5 64 51 0 1 1 5 64 53 0 2 0 2 64
4/4 53 0 1 0 0 64 63 0 3 0 1 64 11 0 1 0 2 64 31 0 1 0 2 64 521 1 5 1 25 64
4/4 11 0 1 0 0 64 31 0 1 0 0 64 63 0 2 0 0 64 51 1 5 1 5 64 73 0 2 0 2 64
4/4 73 0 4 0 0 64 11 0 1 0 2 64 31 0 1 0 2 64 521 1 5 1 25 64
4/4 12 0 1 0 0 64 53 0 1 0 0 64 11 0 1 0 0 64 51 0 1 0 0 64 11 0 1 0 0 64 12 0 1 1 5 64 53 0 1 1 5 64 11 0 1 1 5 64 51 0 1 1 5 64 11 0 1 1 5 64 12 0 1 1 15 64 53 0 1 1 15 64 11 0 1 1 15 64 51 0 1 1 15 64 11 0 1 1 15 64 12 0 1 2 175 64 53 0 1 2 175 64 11 0 1 2 175 64 51 0 1 2 175 64 11 0 1 2 175 64 12 0 1 0 2 64 53 0 1 0 2 64 11 0 1 0 2 64 51 0 1 0 2 64 11 0 1 0 2 64
4/4
4/4 12 0 1 0 0 64 53 0 1 0 0 64 11 0 1 0 0 64 51 0 1 0 0 64 11 0 1 0 0 64 12 0 1 1 5 64 53 0 1 1 5 64 11 0 1 1 5 64 51 0 1 1 5 64 11 0 1 1 5 64 12 0 1 1 15 64 53 0 1 1 15 64 11 0 1 1 15 64 51 0 1 1 15 64 11 0 1 1 15 64 12 0 1 2 175 64 53 0 1 2 175 64 11 0 1 2 175 64 51 0 1 2 175 64 11 0 1 2 175 64 12 0 1 0 2 64 53 0 1 0 2 64 11 0 1 0 2 64 51 0 1 0 2 64 11 0 1 0 2 64
4/4
4/4 12 0 1 0 0 64 11 0 1 0 0 64 33 0 1 3 333 64 31 0 1 3 333 64 22 3 333 3 667 64 33 0 1 0 1 64
4/4 12 3 333 0 0 64 33 3 333 3 333 64 22 3 333 3 667 64 33 3 667 0 1 64 43 3 333 3 1667 64 523 3 667 0 2 64 31 3 333 0 2 64 521 3 333 3 2333 64 33 3 333 3 2667 64
4/4 12 0 1 0 0 64 11 0 1 0 0 64 33 0 1 3 333 64 31 0 1 3 333 64 22 3 333 3 667 64 33 0 1 0 1 64
4/4 12 3 333 0 0 64 33 3 333 3 333 64 22 3 333 3 667 64 33 3 667 0 1 64 43 3 333 3 1667 64 523 3 667 0 2 64 31 3 333 0 2 64 521 3 333 3 2333 64 33 3 333 3 2667 64
4/4 12 0 1 0 0 64 11 0 1 0 0 64 33 0 1 3 333 64 51 0 1 3 333 64 11 0 1 3 333 64 22 3 333 3 667 64 33 0 1 0 1 64
4/4 12 3 333 0 0 64 33 3 333 3 333 64 22 3 333 3 667 64 33 3 667 0 1 64 43 3 333 3 1667 64 523 3 667 0 2 64 31 3 333 0 2 64 521 0 1 3 2333 64 11 0 1 3 2333 64 33 3 333 3 2667 64 63 3 667 0 3 64 43 3 333 3 3667 64
4/4 73 3 667 0 0 64 11 3 333 0 0 64 51 0 1 3 333 64 11 0 1 3 333 64 53 3 333 3 667 64 13 3 667 0 1 64 613 3 333 3 1667 64 23 3 667 0 2 64 73 3 333 3 2667 64 34 3 667 0 3 64 13 3 333 3 3667 64
4/4 524 0 1 0 0 64 523 0 1 0 0 64 34 0 1 1 35 64 33 0 1 1 35 64
4/4 64 0 1 0 0 64 63 0 1 0 0 64 44 0 1 1 15 64 43 0 1 1 15 64 74 0 1 0 2 64 73 0 1 0 2 64 54 0 1 1 35 64 53 0 1 1 35 64
4/4 224 0 1 0 0 64 223 0 1 0 0 64
4/4 23 0 1 0 0 64 24 0 1 0 0 64
4/4 33 0 1 0 0 64 53 0 1 0 0 64 13 0 1 0 0 64 11 0 1 0 0 64 51 0 1 0 0 64 11 0 1 0 0 64 33 0 1 1 5 64 53 0 1 1 5 64 13 0 1 1 5 64 11 0 1 1 5 64 51 0 1 1 5 64 11 0 1 1 5 64 33 0 1 1 15 64 53 0 1 1 15 64 13 0 1 1 15 64 11 0 1 1 15 64 51 0 1 1 15 64 11 0 1 1 15 64 33 0 1 2 175 64 53 0 1 2 175 64 13 0 1 2 175 64 11 0 1 2 175 64 51 0 1 2 175 64 11 0 1 2 175 64 33 0 1 0 2 64 53 0 1 0 2 64 13 0 1 0 2 64 11 0 1 0 2 64 51 0 1 0 2 64 11 0 1 0 2 64
4/4 53 0 3 0 0 64 32 0 4 0 0 64 11 1 5 0 0 64 11 1 5 1 5 64 11 2 25 1 15 64 11 2 25 2 175 64 11 0 1 0 2 64 12 2 75 0 3 64 53 2 25 2 375 64
4/4 63 0 3 0 0 64 21 0 4 0 0 64 71 1 5 0 0 64 71 1 5 1 5 64 71 2 25 1 15 64 71 2 25 2 175 64 71 0 1 0 2 64 12 2 75 0 3 64 63 2 25 2 375 64
4/4 73 0 1 0 0 64 42 0 1 0 0 64 61 1 5 0 0 64 61 1 5 1 5 64 61 2 25 1 15 64 61 2 25 2 175 64 61 0 1 0 2 64
4/4 54 0 1 0 0 64 55 0 1 0 0 64 53 0 1 0 0 64
