4/4 612 1 5 0 0 64 612 0 4 0 0 64 313 1 35 1 5 64 713 1 5 0 1 64 13 1 25 1 15 64
4/4 313 0 4 0 0 64 612 0 4 0 0 64 13 0 4 0 0 64
4/4 52 1 5 0 0 64 52 0 4 0 0 64 22 1 35 1 5 64 613 1 5 0 1 64 73 1 25 1 15 64
4/4 22 0 4 0 0 64 52 0 4 0 0 64 73 0 4 0 0 64
4/4 612 1 5 0 0 64 313 1 5 1 5 64 614 0 1 0 1 64 713 0 1 0 1 64 315 1 5 1 15 64 13 1 25 1 15 64 315 1 5 0 2 64 24 1 5 1 25 64 315 0 1 0 3 64
4/4 315 0 4 0 0 64 13 0 4 0 0 64
4/4 52 1 5 0 0 64 22 1 5 1 5 64 613 1 5 0 1 64 73 1 25 1 15 64 24 1 5 0 2 64 615 1 5 1 25 64 615 1 5 0 3 64 55 1 5 1 35 64
4/4 615 0 4 0 0 64 73 0 4 0 0 64
4/4 74 0 1 0 0 64 35 0 1 0 0 64 13 0 1 0 0 64 44 0 1 0 0 64
4/4
4/4 14 0 1 0 0 64 45 0 1 0 0 64 23 0 1 0 0 64 54 0 1 0 0 64
4/4 14 0 1 0 0 64 45 0 1 0 0 64 23 0 1 0 0 64 54 0 1 0 0 64
4/4 44 0 1 0 0 64 54 0 1 0 0 64 14 1 15 0 0 64 62 0 1 0 0 64 63 0 1 0 0 64 14 0 3 0 1 64 24 1 5 1 15 64 35 1 15 0 2 64 45 1 5 1 35 64
4/4 55 0 3 0 0 64 62 0 1 0 0 64 63 0 1 0 0 64 45 1 5 0 3 64 35 1 5 1 35 64
4/4 54 0 1 0 0 64 614 0 1 0 0 64 24 0 1 0 0 64 52 0 1 0 0 64 53 0 1 0 0 64
4/4 54 0 1 0 0 64 614 0 1 0 0 64 24 0 1 0 0 64 52 0 1 0 0 64 53 0 1 0 0 64
4/4 56 1 5 0 0 64 52 0 1 0 0 64 53 0 1 0 0 64 25 1 5 1 5 64 55 1 5 0 1 64 56 1 5 1 15 64 25 1 5 0 2 64 55 1 5 1 25 64 56 1 5 0 3 64 25 1 5 1 35 64
4/4 55 1 5 0 0 64 52 0 1 0 0 64 53 0 1 0 0 64 56 1 5 1 5 64 25 1 5 0 1 64 55 1 5 1 15 64 56 1 5 0 2 64 25 1 5 1 25 64 55 1 5 0 3 64 56 1 5 1 35 64
4/4 25 1 5 0 0 64 62 0 1 0 0 64 63 0 1 0 0 64 55 1 5 1 5 64 56 1 5 0 1 64 25 1 5 1 15 64 55 1 5 0 2 64 56 1 5 1 25 64 25 1 5 0 3 64 55 1 5 1 35 64
4/4 25 0 1 0 0 64 56 0 1 0 0 64 62 0 1 0 0 64 63 0 1 0 0 64
4/4
4/4 23 0 4 0 0 64 12 0 1 0 0 64 33 0 1 0 0 64
4/4 13 0 2 0 0 64 12 0 1 0 0 64 33 0 1 0 0 64
4/4 13 0 4 0 0 64 72 0 1 0 0 64 222 0 1 0 0 64
4/4 73 0 2 0 0 64 72 0 1 0 0 64 222 0 1 0 0 64
4/4 713 0 4 0 0 64 612 0 1 0 0 64 12 0 1 0 0 64 314 0 1 0 3 64
4/4 714 0 1 0 0 64 613 0 4 0 0 64 612 0 1 0 0 64 12 0 1 0 0 64 14 0 1 0 1 64 24 0 2 0 2 64
2/4 315 0 1 0 0 64 14 0 1 0 1 64
4/4 614 0 1 0 0 64 52 1 5 0 0 64 52 0 4 0 0 64 22 1 35 1 5 64 613 0 1 0 1 64 52 0 1 0 1 64 54 0 3 0 1 64
4/4 23 0 4 0 0 64 613 0 1 0 0 64 52 0 1 0 0 64 22 0 4 0 0 64
4/4 52 0 4 0 0 64 23 0 1 0 1 64 22 0 1 0 1 64 34 0 1 0 3 64 33 0 1 0 3 64
3/4 52 0 3 0 0 64 34 0 1 0 0 64 33 0 1 0 0 64 44 0 1 0 1 64 43 0 1 0 1 64
4/4 13 0 1 0 0 64 62 0 1 0 0 64 33 0 1 0 0 64 54 0 4 0 0 64
4/4 44 0 4 0 0 64 13 0 1 0 0 64 62 0 1 0 0 64 33 0 1 0 0 64
4/4 13 0 2 0 0 64 11 0 1 0 0 64 12 0 1 0 0 64 34 0 1 0 2 64 74 0 1 0 3 64 73 0 1 0 3 64
4/4 614 0 1 0 0 64 613 0 1 0 0 64 44 0 1 0 1 64 43 0 1 0 1 64 223 0 1 0 2 64 44 0 1 0 2 64 72 0 1 0 2 64 73 0 1 0 2 64 64 0 2 0 2 64
4/4 54 0 2 0 0 64 223 0 1 0 0 64 44 0 1 0 0 64 72 0 1 0 0 64 73 0 1 0 0 64 13 0 1 0 2 64 34 0 1 0 2 64 612 0 1 0 2 64 613 0 1 0 2 64 54 0 2 0 2 64
4/4 524 0 2 0 0 64 13 0 1 0 0 64 34 0 1 0 0 64 612 0 1 0 0 64 613 0 1 0 0 64
