4/4 34 0 1 0 3 59 33 0 1 0 3 57 524 0 1 2 325 61 523 0 1 2 325 69 614 0 1 2 325 73 613 0 1 1 35 57 14 0 1 1 35 68 13 0 1 1 35 58 35 0 1 2 375 69 34 0 1 2 375 60
4/4 525 0 1 0 0 60 524 0 1 0 0 64
3/4 316 1 5 0 0 67 36 1 5 1 5 58 526 1 5 0 1 66 316 1 5 1 15 60 36 1 5 0 2 68 225 0 1 1 25 55 713 0 1 1 25 55 524 0 1 1 25 65
3/4 316 1 5 0 0 74 13 0 1 0 0 54 54 0 1 0 0 61 36 1 5 1 5 54 526 1 5 0 1 62 316 1 5 1 15 71 36 1 5 0 2 72 225 0 1 1 25 74 713 0 1 1 25 56 524 0 1 1 25 65
3/4 316 1 5 0 0 74 13 0 1 0 0 56 54 0 1 0 0 73 36 1 5 1 5 54 526 1 5 0 1 61 316 1 5 1 15 70 36 1 5 0 2 58 225 1 5 1 25 73
3/4 316 1 5 0 0 56 36 1 5 1 5 69 526 1 5 0 1 70 316 1 5 1 15 58 36 1 5 0 2 63 225 0 1 1 25 59 713 0 1 1 25 74 524 0 1 1 25 65
3/4 316 1 5 0 0 74 13 0 1 0 0 72 54 0 1 0 0 56 36 1 5 1 5 57 526 1 5 0 1 66 316 1 5 1 15 70 36 1 5 0 2 57 225 0 1 1 25 65 713 0 1 1 25 68 524 0 1 1 25 54
3/4 316 1 5 0 0 64 13 0 1 0 0 69 54 0 1 0 0 58 36 1 5 1 5 68 526 1 5 0 1 59 316 1 5 1 15 65 36 1 5 0 2 57 225 1 5 1 25 62
3/4 316 1 5 0 0 65 713 0 1 0 0 69 524 0 1 0 0 57 36 1 5 1 5 66 526 1 5 0 1 73 316 1 5 1 15 68 36 1 5 0 2 58 225 1 5 1 25 73
3/4 316 1 5 0 0 68 713 0 1 0 0 70 524 0 1 0 0 54 36 1 5 1 5 70 526 1 5 0 1 69 316 1 5 1 15 62 36 1 5 0 2 68 225 1 5 1 25 69
4/4 64 0 1 0 0 69 63 0 1 0 0 74 714 0 1 2 25 59 713 0 1 2 25 56 23 0 1 2 25 67 24 0 1 1 5 57 44 0 1 1 5 54 45 0 1 1 5 64 64 0 1 2 75 57 65 0 1 2 75 64 714 0 1 2 75 66 715 3 333 0 1 54
4/4 715 0 1 0 0 70 714 0 1 0 0 63
3/4 66 1 5 0 0 57 56 1 5 1 5 70 76 1 5 0 1 66 66 1 5 1 15 65 56 1 5 0 2 65 46 0 1 1 25 55 13 0 1 1 25 70
3/4 66 1 5 0 0 74 64 1 25 0 0 57 56 1 5 1 5 56 76 1 5 0 1 65 66 1 5 1 15 67 56 1 5 0 2 54 46 0 1 1 25 58 54 0 1 1 25 61
3/4 66 1 5 0 0 64 713 0 2 0 0 71 56 1 5 1 5 59 76 1 5 0 1 60 66 1 5 1 15 55 56 1 5 0 2 59 46 0 1 1 25 65 73 0 1 1 25 69
3/4 66 1 5 0 0 61 524 0 2 0 0 64 56 1 5 1 5 56 76 1 5 0 1 59 66 1 5 1 15 69 56 0 1 0 2 54 54 0 1 0 2 61 46 0 1 1 25 62 44 0 1 1 25 59
3/4 66 1 5 0 0 64 23 0 3 0 0 68 56 1 5 1 5 60 76 1 5 0 1 57 66 1 5 1 15 71 56 1 5 0 2 67 46 1 5 1 25 62
3/4 66 1 5 0 0 67 23 0 2 0 0 68 56 1 5 1 5 73 76 1 5 0 1 54 66 1 5 1 15 67 56 1 5 0 2 64 46 0 1 1 25 54 14 0 1 1 25 70
3/4 66 1 5 0 0 61 65 1 25 0 0 74 56 1 5 1 5 58 76 1 5 0 1 62 66 1 5 1 15 72 56 1 5 0 2 72 46 0 1 1 25 63 55 0 1 1 25 67
3/4 66 1 5 0 0 72 714 0 2 0 0 59 56 1 5 1 5 67 76 1 5 0 1 74 66 1 5 1 15 55 56 1 5 0 2 64 46 0 1 1 25 61 74 0 1 1 25 71
3/4 66 1 5 0 0 70 525 0 2 0 0 72 56 1 5 1 5 60 76 1 5 0 1 62 66 1 5 1 15 60 56 0 1 0 2 65 55 0 1 0 2 56 46 0 1 1 25 54 45 0 1 1 25 57
3/4 66 1 5 0 0 61 24 0 3 0 0 55 56 1 5 1 5 57 76 1 5 0 1 59 66 1 5 1 15 55 56 1 5 0 2 71 46 1 5 1 25 72
3/4 66 1 5 0 0 61 54 0 3 0 0 70 24 0 3 0 0 66 56 1 5 1 5 60 76 1 5 0 1 66 66 1 5 1 15 71 56 1 5 0 2 66 46 1 5 1 25 66
3/4 15 0 1 0 0 64 36 0 1 0 0 58 56 0 1 0 0 61 16 0 1 0 0 74 12 0 1 0 0 61 53 0 1 0 0 70 13 0 1 0 0 72
