4/4 21 0 1 0 0 64 52 0 1 0 0 64 51 0 1 0 0 64 52 0 1 0 2 64 11 0 1 0 2 64 22 0 2 0 2 64
4/4 611 0 1 0 0 64 312 0 1 0 0 64 22 0 2 0 0 64 12 0 1 0 2 64 53 0 1 0 3 64
3/4 222 0 1 0 0 64 221 0 1 0 0 64 62 0 1 0 0 64 43 0 3 0 0 64 33 0 1 0 2 64 32 0 1 0 2 64 72 0 1 0 2 64
5/4 12 0 4 0 0 64 11 0 1 0 0 64 52 0 1 0 0 64 43 1 5 0 0 64 53 1 5 1 5 64 43 0 3 0 1 64 53 1 5 0 4 64 63 1 5 1 45 64
6/4 63 0 3 0 0 64 33 0 1 0 0 64 32 0 1 0 0 64 72 0 1 0 0 64 222 0 1 0 2 64 221 0 1 0 2 64 62 0 1 0 2 64 73 0 1 0 3 64 12 0 1 0 3 64 61 0 1 0 3 64 32 0 1 0 3 64 13 0 2 0 4 64 33 0 1 0 5 64 71 0 1 0 5 64 42 0 1 0 5 64
4/4 22 0 3 0 0 64 53 1 35 0 0 64 51 0 1 0 0 64 21 0 1 0 0 64 22 1 15 1 25 64 53 0 1 0 3 64 23 1 5 1 35 64
2/4 54 1 5 0 0 64 53 1 5 1 5 64 13 1 5 0 1 64 54 1 5 1 15 64
4/4 54 0 1 0 0 64 61 1 5 0 0 64 32 1 5 1 5 64 44 0 2 0 1 64 12 1 5 0 1 64 32 1 5 1 15 64 71 1 5 0 2 64 42 1 5 1 25 64 34 0 1 0 3 64 22 0 1 0 3 64 23 0 1 1 35 64 42 0 1 1 35 64
4/4 53 0 1 0 0 64 11 0 1 0 0 64 73 0 1 1 5 64 52 0 1 1 5 64 13 0 1 0 1 64 33 1 5 0 1 64 22 1 5 1 15 64 12 1 5 0 2 64 12 0 1 0 2 64 13 0 1 1 25 64 53 0 1 1 25 64 34 0 1 0 3 64 72 0 1 0 3 64 72 0 1 0 3 64 54 0 1 1 35 64 53 0 1 1 35 64
4/4 74 0 1 0 0 64 52 0 1 0 0 64 52 1 5 0 0 64 43 1 5 1 5 64 72 0 1 0 1 64 44 0 1 0 2 64 42 0 1 0 2 64 12 0 1 0 2 64 54 1 5 0 3 64 32 0 1 0 3 64 72 0 1 0 3 64 74 1 5 1 35 64
4/4 44 0 1 0 0 64 42 0 1 0 0 64 12 0 1 0 0 64 54 1 5 0 1 64 52 0 1 0 1 64 22 0 1 0 1 64 74 1 5 1 15 64 34 1 5 0 2 64 71 0 1 0 2 64 72 0 1 0 2 64 23 1 5 1 25 64 53 1 5 0 3 64 52 0 1 0 3 64 22 0 1 0 3 64 73 1 5 1 35 64
4/4 13 0 2 0 0 64 43 0 1 0 0 64 11 1 5 0 0 64 11 0 3 0 0 64 52 1 25 1 5 64 33 1 5 0 1 64 22 1 5 1 15 64 33 1 5 0 2 64 53 0 1 1 25 64 54 0 1 1 25 64 13 0 1 0 3 64 14 0 1 0 3 64 71 0 1 0 3 64 72 0 1 0 3 64 54 0 1 1 35 64 55 0 1 1 35 64
4/4 54 0 1 0 0 64 55 0 1 0 0 64 61 1 5 0 0 64 32 1 5 1 5 64 44 0 1 0 1 64 45 0 1 0 1 64 12 1 5 0 1 64 32 1 5 1 15 64 71 1 5 0 2 64 42 1 5 1 25 64 34 0 1 0 3 64 35 0 1 0 3 64 22 0 1 0 3 64 23 0 1 1 35 64 24 0 1 1 35 64 42 0 1 1 35 64
4/4 53 0 1 0 0 64 54 0 1 0 0 64 11 0 1 0 0 64 73 0 1 1 5 64 74 0 1 1 5 64 32 0 1 1 5 64 13 0 1 0 1 64 14 0 1 0 1 64 33 0 1 0 1 64 33 1 5 0 1 64 53 1 5 1 15 64 22 1 5 0 2 64 22 0 1 0 2 64 13 0 1 1 25 64 14 0 1 1 25 64 53 0 1 1 25 64 34 0 1 0 3 64 35 0 1 0 3 64 12 0 1 0 3 64 54 0 1 1 35 64 55 0 1 1 35 64 72 0 1 1 35 64 62 2 25 2 375 64
4/4 74 0 1 0 0 64 75 0 1 0 0 64 52 1 5 0 0 64 52 0 2 0 0 64 22 1 5 1 5 64 53 0 1 0 1 64 54 0 1 1 15 64 55 0 1 1 15 64 614 0 1 0 2 64 615 0 1 0 2 64 21 1 5 0 2 64 21 0 2 0 2 64 612 1 5 1 25 64 22 0 1 0 3 64 44 0 1 1 35 64 45 0 1 1 35 64
4/4 54 0 1 0 0 64 55 0 1 0 0 64 52 1 5 0 0 64 21 1 5 1 5 64 71 1 5 0 1 64 611 1 5 1 15 64 55 0 1 0 2 64 51 0 1 0 2 64 21 0 1 0 2 64 52 0 1 0 2 64 24 2 25 2 225 64 74 2 25 1 25 64 51 0 1 1 25 64 21 0 1 1 25 64 52 0 1 1 25 64 614 2 25 2 275 64 54 2 25 0 3 64 23 2 25 2 325 64 73 0 1 1 35 64 51 0 1 1 35 64 21 0 1 1 35 64 52 0 1 1 35 64 613 2 25 2 375 64
2/4 53 0 1 0 0 64 51 0 1 0 0 64 21 0 1 0 0 64 52 0 1 0 0 64 34 2 25 0 1 64 44 2 25 2 125 64 524 2 25 1 15 64 64 2 25 2 175 64
4/4 74 1 25 0 0 64 711 0 1 0 0 64 522 0 1 0 0 64 712 0 1 0 0 64 711 0 1 1 5 64 522 0 1 1 5 64 712 0 1 1 5 64 711 0 1 0 1 64 522 0 1 0 1 64 712 0 1 0 1 64 711 0 1 1 15 64 522 0 1 1 15 64 712 0 1 1 15 64 221 0 1 0 2 64 62 0 1 0 2 64 222 0 1 0 2 64 64 0 1 1 25 64 221 0 1 1 25 64 62 0 1 1 25 64 222 0 1 1 25 64 64 0 1 0 3 64 221 0 1 0 3 64 62 0 1 0 3 64 222 0 1 0 3 64 224 0 1 1 35 64 221 0 1 1 35 64 62 0 1 1 35 64 222 0 1 1 35 64
4/4 74 0 3 0 0 64 32 0 1 0 0 64 72 0 1 0 0 64 33 0 1 0 0 64 32 0 1 1 5 64 72 0 1 1 5 64 33 0 1 1 5 64 32 0 1 0 1 64 72 0 1 0 1 64 33 0 1 0 1 64 32 0 1 1 15 64 72 0 1 1 15 64 33 0 1 1 15 64 32 0 1 0 2 64 72 0 1 0 2 64 33 0 1 0 2 64 32 0 1 1 25 64 72 0 1 1 25 64 33 0 1 1 25 64 34 0 1 0 3 64 32 0 1 0 3 64 72 0 1 0 3 64 33 0 1 0 3 64 524 2 25 2 325 64 64 0 1 1 35 64 32 0 1 1 35 64 72 0 1 1 35 64 33 0 1 1 35 64 74 2 25 2 375 64
4/4 224 0 2 0 0 64 71 0 1 0 0 64 42 0 1 0 0 64 72 0 1 0 0 64 71 0 1 1 5 64 42 0 1 1 5 64 72 0 1 1 5 64 71 0 1 0 1 64 42 0 1 0 1 64 72 0 1 0 1 64 71 0 1 1 15 64 42 0 1 1 15 64 72 0 1 1 15 64 64 0 1 0 2 64 61 0 1 0 2 64 32 0 1 0 2 64 62 0 1 0 2 64 61 0 1 1 25 64 32 0 1 1 25 64 62 0 1 1 25 64 73 0 1 0 3 64 74 0 1 0 3 64 61 0 1 0 3 64 32 0 1 0 3 64 62 0 1 0 3 64 223 0 1 1 35 64 224 0 1 1 35 64 61 0 1 1 35 64 32 0 1 1 35 64 62 0 1 1 35 64
4/4 524 0 1 0 0 64 525 0 1 0 0 64 61 0 1 0 0 64 32 0 1 0 0 64 62 0 1 0 0 64 61 0 1 1 5 64 32 0 1 1 5 64 62 0 1 1 5 64 44 0 1 0 1 64 45 0 1 0 1 64 61 0 1 0 1 64 32 0 1 0 1 64 62 0 1 0 1 64 61 0 1 1 15 64 32 0 1 1 15 64 62 0 1 1 15 64 34 0 1 0 2 64 35 0 1 0 2 64 71 0 1 0 2 64 42 0 1 0 2 64 72 0 1 0 2 64 71 0 1 1 25 64 42 0 1 1 25 64 72 0 1 1 25 64 223 0 1 0 3 64 224 0 1 0 3 64 71 0 1 0 3 64 42 0 1 0 3 64 72 0 1 0 3 64 71 0 1 1 35 64 42 0 1 1 35 64 72 0 1 1 35 64
4/4 34 0 1 0 0 64 35 0 1 0 0 64 711 0 1 0 0 64 522 0 1 0 0 64 72 0 1 0 0 64 711 0 1 1 5 64 522 0 1 1 5 64 72 0 1 1 5 64 711 0 1 0 1 64 522 0 1 0 1 64 72 0 1 0 1 64 711 0 1 1 15 64 522 0 1 1 15 64 72 0 1 1 15 64 711 0 1 0 2 64 522 0 1 0 2 64 72 0 1 0 2 64 711 0 1 1 25 64 522 0 1 1 25 64 72 0 1 1 25 64 223 0 1 0 3 64 224 0 1 0 3 64 711 0 1 0 3 64 522 0 1 0 3 64 72 0 1 0 3 64 34 0 1 1 35 64 35 0 1 1 35 64 711 0 1 1 35 64 522 0 1 1 35 64 72 0 1 1 35 64
4/4 44 0 1 0 0 64 45 0 1 0 0 64 11 0 1 0 0 64 52 0 1 0 0 64 72 0 1 0 0 64 11 0 1 1 5 64 52 0 1 1 5 64 72 0 1 1 5 64 11 0 1 1 15 64 52 0 1 1 15 64 72 0 1 1 15 64 11 0 1 2 175 64 52 0 1 2 175 64 72 0 1 2 175 64 11 0 1 0 2 64 52 0 1 0 2 64 72 0 1 0 2 64 23 0 1 1 25 64 24 0 1 1 25 64 11 0 1 1 25 64 52 0 1 1 25 64 72 0 1 1 25 64 34 0 1 0 3 64 35 0 1 0 3 64 44 0 1 1 35 64 45 0 1 1 35 64 11 0 1 1 35 64 52 0 1 1 35 64 72 0 1 1 35 64 11 0 1 2 375 64 52 0 1 2 375 64 72 0 1 2 375 64
4/4 54 0 1 0 0 64 14 0 1 0 0 64 24 0 1 0 0 64 55 0 1 0 0 64 51 0 1 0 0 64 11 0 1 0 0 64 52 0 1 0 0 64
