4/4 21 0 1 0 0 63 52 0 1 0 0 54 51 0 1 0 0 61 52 0 1 0 2 71 11 0 1 0 2 65 22 0 2 0 2 61
4/4 611 0 1 0 0 58 311 0 1 0 0 69 22 0 2 0 0 71 12 0 1 0 2 55 53 0 1 0 3 71
3/4 222 0 1 0 0 72 221 0 1 0 0 74 61 0 1 0 0 61 43 0 3 0 0 65 33 0 1 0 2 63 32 0 1 0 2 57 71 0 1 0 2 68
5/4 12 0 4 0 0 64 11 0 1 0 0 68 51 0 1 0 0 72 43 1 5 0 0 71 53 1 5 1 5 60 43 0 3 0 1 61 53 1 5 0 4 66 63 1 5 1 45 62
6/4 63 0 3 0 0 72 33 0 1 0 0 67 32 0 1 0 0 58 71 0 1 0 0 70 222 0 1 0 2 65 221 0 1 0 2 58 61 0 1 0 2 72 73 0 1 0 3 65 12 0 1 0 3 58 61 0 1 0 3 64 31 0 1 0 3 73 13 0 2 0 4 62 33 0 1 0 5 65 71 0 1 0 5 74 41 0 1 0 5 60
4/4 22 0 3 0 0 71 53 1 35 0 0 68 51 0 1 0 0 73 21 0 1 0 0 57 22 1 15 1 25 68 53 0 1 0 3 73 23 1 5 1 35 68
2/4 54 1 5 0 0 58 53 1 5 1 5 65 13 1 5 0 1 55 54 1 5 1 15 61
4/4 54 0 1 0 0 70 61 1 5 0 0 64 32 1 5 1 5 69 44 0 2 0 1 65 12 1 5 0 1 54 32 1 5 1 15 66 71 1 5 0 2 54 42 1 5 1 25 64 34 0 1 0 3 64 21 0 1 0 3 67 23 0 1 1 35 60 41 0 1 1 35 56
4/4 53 0 1 0 0 57 11 0 1 0 0 65 73 0 1 1 5 69 51 0 1 1 5 67 13 0 1 0 1 64 33 1 5 0 1 57 22 1 5 1 15 55 12 1 5 0 2 62 12 0 1 0 2 55 13 0 1 1 25 62 52 0 1 1 25 73 34 0 1 0 3 67 71 0 1 0 3 67 72 0 1 0 3 74 54 0 1 1 35 71 52 0 1 1 35 57
4/4 74 0 1 0 0 64 51 0 1 0 0 67 52 1 5 0 0 69 43 1 5 1 5 61 72 0 1 0 1 57 44 0 1 0 2 66 42 0 1 0 2 70 11 0 1 0 2 58 54 1 5 0 3 60 32 0 1 0 3 63 71 0 1 0 3 66 74 1 5 1 35 70
4/4 44 0 1 0 0 56 42 0 1 0 0 69 11 0 1 0 0 58 54 1 5 0 1 57 52 0 1 0 1 65 21 0 1 0 1 54 74 1 5 1 15 57 34 1 5 0 2 73 71 0 1 0 2 62 71 0 1 0 2 73 23 1 5 1 25 72 53 1 5 0 3 64 52 0 1 0 3 59 21 0 1 0 3 55 73 1 5 1 35 68
4/4 13 0 2 0 0 71 43 0 1 0 0 71 11 1 5 0 0 70 11 0 3 0 0 72 52 1 25 1 5 73 33 1 5 0 1 56 22 1 5 1 15 61 33 1 5 0 2 73 53 0 1 1 25 70 53 0 1 1 25 73 13 0 1 0 3 66 13 0 1 0 3 64 71 0 1 0 3 55 71 0 1 0 3 68 54 0 1 1 35 59 54 0 1 1 35 66
4/4 54 0 1 0 0 54 54 0 1 0 0 65 61 1 5 0 0 71 32 1 5 1 5 61 44 0 1 0 1 63 44 0 1 0 1 58 12 1 5 0 1 67 32 1 5 1 15 67 71 1 5 0 2 59 42 1 5 1 25 70 34 0 1 0 3 57 35 0 1 0 3 74 21 0 1 0 3 69 23 0 1 1 35 64 24 0 1 1 35 61 41 0 1 1 35 61
4/4 53 0 1 0 0 67 54 0 1 0 0 66 11 0 1 0 0 69 73 0 1 1 5 59 74 0 1 1 5 61 31 0 1 1 5 66 13 0 1 0 1 63 14 0 1 0 1 57 32 0 1 0 1 69 33 1 5 0 1 65 53 1 5 1 15 64 22 1 5 0 2 59 22 0 1 0 2 59 13 0 1 1 25 62 14 0 1 1 25 72 52 0 1 1 25 67 34 0 1 0 3 69 35 0 1 0 3 60 11 0 1 0 3 57 54 0 1 1 35 57 55 0 1 1 35 74 71 0 1 1 35 74 62 2 25 2 375 69
4/4 74 0 1 0 0 63 74 0 1 0 0 71 52 1 5 0 0 71 52 0 2 0 0 71 22 1 5 1 5 66 53 0 1 0 1 69 54 0 1 1 15 59 54 0 1 1 15 60 614 0 1 0 2 69 614 0 1 0 2 58 21 1 5 0 2 59 21 0 2 0 2 64 612 1 5 1 25 72 22 0 1 0 3 61 44 0 1 1 35 74 44 0 1 1 35 60
4/4 54 0 1 0 0 61 54 0 1 0 0 64 52 1 5 0 0 57 21 1 5 1 5 57 71 1 5 0 1 74 611 1 5 1 15 60 55 0 1 0 2 55 51 0 1 0 2 57 21 0 1 0 2 65 51 0 1 0 2 64 24 2 25 2 225 63 74 2 25 1 25 63 51 0 1 1 25 55 21 0 1 1 25 54 51 0 1 1 25 70 614 2 25 2 275 64 54 2 25 0 3 69 23 2 25 2 325 56 73 0 1 1 35 56 51 0 1 1 35 72 21 0 1 1 35 69 51 0 1 1 35 65 613 2 25 2 375 62
2/4 53 0 1 0 0 70 51 0 1 0 0 74 21 0 1 0 0 69 51 0 1 0 0 61 34 2 25 0 1 66 44 2 25 2 125 54 524 2 25 1 15 70 64 2 25 2 175 67
4/4 74 1 25 0 0 73 711 0 1 0 0 74 522 0 1 0 0 73 711 0 1 0 0 63 711 0 1 1 5 65 522 0 1 1 5 58 711 0 1 1 5 54 711 0 1 0 1 59 522 0 1 0 1 65 711 0 1 0 1 71 711 0 1 1 15 73 522 0 1 1 15 67 711 0 1 1 15 71 221 0 1 0 2 72 62 0 1 0 2 69 221 0 1 0 2 62 64 0 1 1 25 68 221 0 1 1 25 74 62 0 1 1 25 63 221 0 1 1 25 55 64 0 1 0 3 72 221 0 1 0 3 71 62 0 1 0 3 55 221 0 1 0 3 73 224 0 1 1 35 69 221 0 1 1 35 69 62 0 1 1 35 72 221 0 1 1 35 63
4/4 74 0 3 0 0 65 32 0 1 0 0 61 72 0 1 0 0 54 32 0 1 0 0 66 32 0 1 1 5 64 72 0 1 1 5 54 32 0 1 1 5 73 32 0 1 0 1 69 72 0 1 0 1 73 32 0 1 0 1 61 32 0 1 1 15 64 72 0 1 1 15 67 32 0 1 1 15 67 32 0 1 0 2 71 72 0 1 0 2 69 32 0 1 0 2 55 32 0 1 1 25 58 72 0 1 1 25 58 32 0 1 1 25 71 34 0 1 0 3 71 32 0 1 0 3 59 72 0 1 0 3 57 32 0 1 0 3 63 524 2 25 2 325 60 64 0 1 1 35 65 32 0 1 1 35 73 72 0 1 1 35 55 32 0 1 1 35 62 74 2 25 2 375 64
4/4 224 0 2 0 0 72 71 0 1 0 0 70 42 0 1 0 0 70 71 0 1 0 0 62 71 0 1 1 5 68 42 0 1 1 5 70 71 0 1 1 5 62 71 0 1 0 1 54 42 0 1 0 1 68 71 0 1 0 1 70 71 0 1 1 15 59 42 0 1 1 15 67 71 0 1 1 15 66 64 0 1 0 2 55 61 0 1 0 2 68 32 0 1 0 2 73 61 0 1 0 2 70 61 0 1 1 25 55 32 0 1 1 25 58 61 0 1 1 25 55 73 0 1 0 3 60 74 0 1 0 3 56 61 0 1 0 3 54 32 0 1 0 3 61 61 0 1 0 3 66 223 0 1 1 35 71 224 0 1 1 35 70 61 0 1 1 35 54 32 0 1 1 35 54 61 0 1 1 35 59
4/4 524 0 1 0 0 56 524 0 1 0 0 60 61 0 1 0 0 70 32 0 1 0 0 57 61 0 1 0 0 67 61 0 1 1 5 59 32 0 1 1 5 68 61 0 1 1 5 66 44 0 1 0 1 66 44 0 1 0 1 74 61 0 1 0 1 63 32 0 1 0 1 59 61 0 1 0 1 60 61 0 1 1 15 57 32 0 1 1 15 74 61 0 1 1 15 62 34 0 1 0 2 54 34 0 1 0 2 65 71 0 1 0 2 71 42 0 1 0 2 54 71 0 1 0 2 54 71 0 1 1 25 61 42 0 1 1 25 61 71 0 1 1 25 54 223 0 1 0 3 62 223 0 1 0 3 63 71 0 1 0 3 68 42 0 1 0 3 63 71 0 1 0 3 62 71 0 1 1 35 68 42 0 1 1 35 54 71 0 1 1 35 57
4/4 34 0 1 0 0 67 34 0 1 0 0 67 711 0 1 0 0 57 522 0 1 0 0 68 71 0 1 0 0 67 711 0 1 1 5 59 522 0 1 1 5 70 71 0 1 1 5 63 711 0 1 0 1 65 522 0 1 0 1 64 71 0 1 0 1 59 711 0 1 1 15 62 522 0 1 1 15 68 71 0 1 1 15 72 711 0 1 0 2 66 522 0 1 0 2 64 71 0 1 0 2 62 711 0 1 1 25 65 522 0 1 1 25 68 71 0 1 1 25 57 223 0 1 0 3 62 224 0 1 0 3 61 711 0 1 0 3 71 522 0 1 0 3 61 71 0 1 0 3 71 34 0 1 1 35 70 35 0 1 1 35 62 711 0 1 1 35 67 522 0 1 1 35 54 71 0 1 1 35 55
4/4 44 0 1 0 0 57 44 0 1 0 0 66 11 0 1 0 0 56 52 0 1 0 0 72 71 0 1 0 0 56 11 0 1 1 5 59 52 0 1 1 5 68 71 0 1 1 5 54 11 0 1 1 15 55 52 0 1 1 15 68 71 0 1 1 15 73 11 0 1 2 175 56 52 0 1 2 175 59 71 0 1 2 175 61 11 0 1 0 2 59 52 0 1 0 2 68 71 0 1 0 2 66 23 0 1 1 25 54 23 0 1 1 25 66 11 0 1 1 25 67 52 0 1 1 25 65 71 0 1 1 25 58 34 0 1 0 3 61 34 0 1 0 3 68 44 0 1 1 35 60 45 0 1 1 35 64 11 0 1 1 35 72 52 0 1 1 35 58 71 0 1 1 35 60 11 0 1 2 375 64 52 0 1 2 375 67 71 0 1 2 375 65
4/4 54 0 1 0 0 59 14 0 1 0 0 65 24 0 1 0 0 54 55 0 1 0 0 74 51 0 1 0 0 72 11 0 1 0 0 58 51 0 1 0 0 65
