4/4 611 1 5 0 0 58 611 0 4 0 0 70 312 1 35 1 5 59 712 1 5 0 1 68 12 1 25 1 15 69
4/4 312 0 4 0 0 62 611 0 4 0 0 68 12 0 4 0 0 58
4/4 51 1 5 0 0 63 51 0 4 0 0 74 21 1 35 1 5 67 612 1 5 0 1 69 72 1 25 1 15 69
4/4 21 0 4 0 0 61 51 0 4 0 0 57 72 0 4 0 0 62
4/4 611 1 5 0 0 54 312 1 5 1 5 73 613 0 1 0 1 73 711 0 1 0 1 64 314 1 5 1 15 61 12 1 25 1 15 74 314 1 5 0 2 65 23 1 5 1 25 71 314 0 1 0 3 64
4/4 314 0 4 0 0 63 12 0 4 0 0 66
4/4 51 1 5 0 0 72 21 1 5 1 5 72 612 1 5 0 1 73 72 1 25 1 15 63 23 1 5 0 2 59 614 1 5 1 25 62 614 1 5 0 3 72 54 1 5 1 35 67
4/4 614 0 4 0 0 62 72 0 4 0 0 58
4/4 73 0 1 0 0 69 34 0 1 0 0 63 12 0 1 0 0 56 42 0 1 0 0 62
4/4
4/4 13 0 1 0 0 56 44 0 1 0 0 55 22 0 1 0 0 65 52 0 1 0 0 54
4/4 13 0 1 0 0 59 44 0 1 0 0 65 22 0 1 0 0 71 52 0 1 0 0 63
4/4 43 0 1 0 0 67 52 0 1 0 0 63 13 1 15 0 0 56 61 0 1 0 0 74 61 0 1 0 0 74 13 0 3 0 1 63 23 1 5 1 15 59 34 1 15 0 2 54 44 1 5 1 35 73
4/4 54 0 3 0 0 74 61 0 1 0 0 64 61 0 1 0 0 67 44 1 5 0 3 64 34 1 5 1 35 65
4/4 53 0 1 0 0 72 613 0 1 0 0 59 23 0 1 0 0 65 51 0 1 0 0 73 51 0 1 0 0 67
4/4 53 0 1 0 0 72 613 0 1 0 0 60 23 0 1 0 0 65 51 0 1 0 0 56 51 0 1 0 0 74
4/4 55 1 5 0 0 63 51 0 1 0 0 73 51 0 1 0 0 61 24 1 5 1 5 73 54 1 5 0 1 62 55 1 5 1 15 68 24 1 5 0 2 59 54 1 5 1 25 61 55 1 5 0 3 67 24 1 5 1 35 54
4/4 54 1 5 0 0 61 51 0 1 0 0 56 51 0 1 0 0 56 55 1 5 1 5 67 24 1 5 0 1 61 54 1 5 1 15 54 55 1 5 0 2 68 24 1 5 1 25 63 54 1 5 0 3 63 55 1 5 1 35 60
4/4 24 1 5 0 0 67 61 0 1 0 0 63 61 0 1 0 0 62 54 1 5 1 5 70 55 1 5 0 1 74 24 1 5 1 15 55 54 1 5 0 2 58 55 1 5 1 25 57 24 1 5 0 3 67 54 1 5 1 35 63
4/4 24 0 1 0 0 72 54 0 1 0 0 64 61 0 1 0 0 54 61 0 1 0 0 67
4/4
4/4 22 0 4 0 0 58 11 0 1 0 0 74 31 0 1 0 0 73
4/4 12 0 2 0 0 60 11 0 1 0 0 67 31 0 1 0 0 74
4/4 12 0 4 0 0 60 71 0 1 0 0 54 221 0 1 0 0 71
4/4 72 0 2 0 0 63 71 0 1 0 0 60 221 0 1 0 0 70
4/4 712 0 4 0 0 56 611 0 1 0 0 65 11 0 1 0 0 59 313 0 1 0 3 59
4/4 713 0 1 0 0 70 612 0 4 0 0 68 611 0 1 0 0 72 11 0 1 0 0 65 13 0 1 0 1 68 23 0 2 0 2 69
2/4 314 0 1 0 0 69 13 0 1 0 1 64
4/4 613 0 1 0 0 65 51 1 5 0 0 66 51 0 4 0 0 70 21 1 35 1 5 65 612 0 1 0 1 65 51 0 1 0 1 72 53 0 3 0 1 64
4/4 22 0 4 0 0 69 612 0 1 0 0 69 51 0 1 0 0 57 21 0 4 0 0 54
4/4 51 0 4 0 0 54 22 0 1 0 1 73 21 0 1 0 1 54 33 0 1 0 3 66 31 0 1 0 3 70
3/4 51 0 3 0 0 70 33 0 1 0 0 57 31 0 1 0 0 55 43 0 1 0 1 72 41 0 1 0 1 68
4/4 12 0 1 0 0 64 61 0 1 0 0 64 31 0 1 0 0 58 53 0 4 0 0 69
4/4 43 0 4 0 0 71 12 0 1 0 0 72 61 0 1 0 0 58 31 0 1 0 0 64
4/4 12 0 2 0 0 73 11 0 1 0 0 73 11 0 1 0 0 73 33 0 1 0 2 66 73 0 1 0 3 58 71 0 1 0 3 73
4/4 613 0 1 0 0 70 611 0 1 0 0 57 43 0 1 0 1 69 41 0 1 0 1 59 222 0 1 0 2 61 43 0 1 0 2 66 71 0 1 0 2 62 71 0 1 0 2 60 63 0 2 0 2 66
4/4 53 0 2 0 0 57 222 0 1 0 0 62 43 0 1 0 0 70 71 0 1 0 0 62 71 0 1 0 0 66 12 0 1 0 2 58 33 0 1 0 2 55 611 0 1 0 2 64 611 0 1 0 2 54 53 0 2 0 2 64
4/4 523 0 2 0 0 73 12 0 1 0 0 66 33 0 1 0 0 64 611 0 1 0 0 60 611 0 1 0 0 73
