4/4 11 1 5 0 0 63 52 1 5 1 5 69 22 1 15 0 1 54 52 1 5 1 25 71 33 1 5 0 3 61 22 1 5 1 35 72
4/4 11 1 5 0 0 71 52 1 5 1 5 56 22 1 15 0 1 62 52 1 5 1 25 65 33 1 5 0 3 61 22 1 5 1 35 58
4/4 11 1 5 0 0 55 52 1 5 1 5 62 22 1 15 0 1 67 52 1 5 1 25 56 33 1 5 0 3 56 22 1 5 1 35 69
4/4 11 1 5 0 0 59 52 1 5 1 5 66 22 1 15 0 1 73 52 1 5 1 25 56 33 1 5 0 3 69 22 1 5 1 35 72
4/4 14 0 1 0 0 65 45 0 1 0 0 73 74 0 1 0 0 73 61 1 5 0 0 63 32 1 5 1 5 58 72 1 15 0 1 74 32 1 5 1 25 62 12 1 5 0 3 71 72 1 5 1 35 61
4/4 61 1 5 0 0 66 14 0 1 0 0 55 45 0 1 0 0 74 74 0 1 0 0 66 32 1 5 1 5 74 72 1 15 0 1 58 32 1 5 1 25 71 12 1 5 0 3 70 72 1 5 1 35 70
4/4 23 0 1 0 0 63 54 0 1 0 0 68 13 0 1 0 0 70 11 1 5 0 0 58 52 1 5 1 5 74 22 1 15 0 1 54 52 1 5 1 25 66 33 1 5 0 3 70 22 1 5 1 35 70
4/4 11 1 5 0 0 72 23 0 1 0 0 57 54 0 1 0 0 61 13 0 1 0 0 55 52 1 5 1 5 70 22 1 15 0 1 59 52 1 5 1 25 54 14 0 1 0 3 62 32 0 1 0 3 67 35 0 1 1 35 57 21 0 1 1 35 60
4/4 45 0 1 0 0 60 221 0 1 0 0 70 45 0 1 1 5 63 61 0 1 1 5 62 45 1 5 0 1 60 33 1 15 0 1 70 45 1 5 1 15 62 45 0 1 0 2 56 62 1 5 1 25 71 35 0 1 0 3 73 42 0 1 0 3 59 14 0 1 1 35 67 32 0 1 1 35 72
4/4 74 0 1 0 0 64 32 1 5 0 0 63 72 1 5 1 5 62 14 1 5 0 1 63 43 1 15 0 1 60 44 1 5 1 15 70 74 0 1 0 2 58 72 1 5 1 25 61 14 0 1 0 3 66 52 0 1 0 3 66 35 0 1 1 35 68 42 0 1 1 35 69
4/4 45 0 1 0 0 73 221 0 1 0 0 58 45 0 1 1 5 56 61 0 1 1 5 67 45 1 5 0 1 63 33 1 15 0 1 63 45 1 5 1 15 70 45 1 5 0 2 61 55 0 1 1 25 68 61 0 1 1 25 72 45 2 25 2 275 60 35 0 1 0 3 74 42 0 1 0 3 68 14 0 1 1 35 70 32 0 1 1 35 54
4/4 74 0 2 0 0 66 32 1 5 0 0 58 72 1 5 1 5 67 43 1 15 0 1 66 63 0 1 0 2 59 72 1 5 1 25 63 73 0 1 0 3 67 53 1 5 0 3 59 43 1 5 1 35 56
4/4 13 0 1 0 0 54 42 1 5 0 0 70 12 1 5 1 5 59 13 0 1 0 1 72 52 0 1 0 1 54 13 1 5 1 15 62 63 1 25 1 15 57 13 0 1 0 2 68 34 1 5 0 3 72 44 1 5 1 35 63
4/4 13 0 3 0 0 70 42 1 5 0 0 72 12 1 5 1 5 68 53 1 5 0 1 70 63 1 5 1 15 65 42 0 1 0 2 64 43 1 5 0 3 54 32 0 1 0 3 68 63 1 5 1 35 55
4/4 73 0 1 0 0 54 221 0 1 0 0 71 73 0 1 1 5 58 61 0 1 1 5 70 73 1 5 0 1 56 33 1 15 0 1 65 13 1 5 1 15 74 43 0 1 0 2 55 62 1 5 1 25 57 43 0 1 0 3 55 42 0 1 0 3 63 63 0 1 1 35 59 32 0 1 1 35 54
4/4 73 0 1 0 0 56 31 0 1 0 0 66 73 0 1 1 5 57 71 0 1 1 5 58 73 1 5 0 1 62 43 1 15 0 1 56 13 1 5 1 15 67 43 0 1 0 2 64 72 1 5 1 25 69 73 0 1 0 3 62 53 1 5 0 3 58 43 1 5 1 35 67
4/4 13 0 4 0 0 68 43 0 2 0 0 69 11 1 5 0 0 69 52 1 5 1 5 73 22 1 15 0 1 74 53 0 2 0 2 66 52 1 5 1 25 72 33 1 5 0 3 56 22 1 5 1 35 61
4/4 73 0 2 0 0 70 11 1 5 0 0 72 13 0 4 0 0 63 52 1 5 1 5 69 22 1 15 0 1 71 13 0 2 0 2 60 52 1 5 1 25 62 33 1 5 0 3 57 22 1 5 1 35 61
4/4 73 0 1 0 0 66 13 0 1 0 0 68 34 0 1 0 0 63 54 0 1 0 0 59 61 0 1 0 0 60 61 0 1 0 0 65
4/4 73 0 1 0 0 57 13 0 1 0 0 68 34 0 1 0 0 61 54 0 1 0 0 65 71 0 1 0 0 56 71 0 1 0 0 62
4/4 13 0 1 0 0 61 23 0 1 0 0 71 34 0 1 0 0 64 54 0 1 0 0 59 11 0 1 0 0 57 11 0 1 0 0 73
4/4 53 0 1 0 1 62 13 0 1 0 2 66 54 0 1 0 3 65
4/4 54 0 2 0 0 56 44 0 2 0 2 68
5/4 44 0 1 0 0 54 34 1 5 0 1 56 23 1 5 1 15 61 53 1 5 0 2 63 73 1 5 1 25 65 13 0 2 0 3 67
4/4 13 0 1 0 0 56 13 0 1 0 1 68 34 0 1 0 2 60 54 0 1 0 3 67
4/4 74 0 2 0 0 68 44 0 1 0 2 69 54 1 5 0 3 74 74 1 5 1 35 55
4/4 44 0 1 0 0 62 54 1 5 0 1 71 74 1 5 1 15 68 34 1 5 0 2 61 23 1 5 1 25 59 53 1 5 0 3 63 73 1 5 1 35 63
4/4 13 1 15 0 0 63 12 1 5 0 0 74 53 1 5 1 5 62 13 0 3 0 1 74 23 1 5 1 15 57 54 0 1 0 2 58
2/4 53 1 5 1 5 61 13 1 5 0 1 56 54 1 5 1 15 62
4/4 54 0 1 0 0 65 62 1 5 0 0 60 33 1 5 1 5 67 44 0 1 0 1 58 62 0 1 0 1 61 73 0 1 0 2 57 34 1 5 0 3 62 23 1 5 1 35 65
4/4 53 0 1 0 0 54 11 0 1 0 0 71 73 0 1 1 5 68 51 0 1 1 5 63 13 0 1 0 1 70 11 0 1 0 1 59 22 0 1 0 2 54 13 1 5 1 25 56 34 1 5 0 3 65 54 1 5 1 35 58
4/4 74 1 15 0 0 58 53 1 5 0 0 66 73 1 5 1 5 59 23 0 1 0 1 62 54 1 5 1 15 63 614 1 15 0 2 57 43 1 5 0 2 67 613 1 5 1 25 68 23 0 1 0 3 71 44 1 5 1 35 67
4/4 54 0 4 0 0 63 52 1 5 0 0 66 22 1 5 1 5 62 53 1 5 0 1 71 613 1 5 1 15 63 23 0 1 0 2 70
4/4 54 0 2 0 0 71 63 0 1 0 0 68 13 0 1 0 0 71 23 0 1 0 0 68 61 0 1 0 0 55 61 0 1 0 0 58 44 0 2 0 2 61
4/4 44 0 2 0 0 58 53 0 1 0 0 70 73 0 1 0 0 61 13 0 1 0 0 72 51 0 1 0 0 68 51 0 1 0 0 69 23 0 2 0 2 69
