4/4 25 0 1 0 0 64 53 0 1 0 0 64 25 2 25 2 25 64 15 0 1 1 5 64 54 0 1 1 5 64 56 2 25 2 75 64 44 1 5 1 15 64 53 1 5 0 2 64 54 1 5 1 25 64 25 2 25 0 3 64 55 2 25 2 325 64 25 0 1 1 35 64 44 0 1 1 35 64 55 2 25 2 375 64
4/4 25 0 1 0 0 64 53 0 1 0 0 64 25 2 25 2 25 64 15 0 1 1 5 64 54 0 1 1 5 64 56 2 25 2 75 64 44 1 5 1 15 64 53 1 5 0 2 64 54 1 5 1 25 64 25 2 25 0 3 64 55 2 25 2 325 64 25 0 1 1 35 64 44 0 1 1 35 64 55 2 25 2 375 64
2/4 25 0 1 0 0 64 53 0 1 0 0 64 25 2 25 2 25 64 15 0 1 1 5 64 54 0 1 1 5 64 56 2 25 2 75 64 44 1 5 1 15 64
3/4 45 1 5 0 0 64 14 1 5 1 5 64 44 1 5 0 1 64
4/4 34 0 1 0 0 64 23 0 1 0 2 64
2/4
4/4 54 1 5 0 0 64 54 0 4 0 0 64 24 1 35 1 5 64 55 0 3 0 1 64
4/4 54 1 5 0 0 64 54 0 4 0 0 64 24 1 35 1 5 64 65 0 3 0 1 64
4/4 54 1 5 0 0 64 54 0 4 0 0 64 24 1 35 1 5 64 55 0 3 0 1 64
4/4 54 1 5 0 0 64 54 0 4 0 0 64 24 1 35 1 5 64 65 0 3 0 1 64
4/4 13 0 1 0 0 64 14 0 1 0 0 64
4/4 15 0 4 0 0 64 36 0 1 0 0 64 46 0 1 0 0 64 34 0 1 0 0 64 35 0 1 0 0 64
4/4 25 0 1 0 0 64 56 0 1 0 0 64 44 0 1 0 0 64 45 0 1 0 0 64 15 0 4 0 0 64
2/4 55 1 5 1 5 64 15 1 5 0 1 64 56 1 5 1 15 64
3/4 46 1 5 0 0 64 75 1 5 1 5 64 36 1 5 0 1 64 65 1 5 1 15 64 25 0 1 0 2 64
3/4 55 0 1 0 0 64 53 0 1 0 0 64
4/4 14 0 1 0 0 64 35 0 1 0 0 64 65 0 1 0 0 64 43 0 1 0 0 64 44 0 1 0 0 64 14 0 1 0 2 64 35 0 1 0 2 64 75 0 1 0 2 64 33 0 1 0 2 64 34 0 1 0 2 64
4/4 24 0 1 0 0 64 55 0 1 0 0 64 15 0 1 0 0 64 22 0 1 0 0 64 23 0 1 0 0 64
4/4 54 1 5 0 0 64 54 0 4 0 0 64 24 1 35 1 5 64 55 0 3 0 1 64
4/4 54 1 5 0 0 64 54 0 4 0 0 64 24 1 35 1 5 64 55 0 2 0 1 64 55 1 15 1 25 64 15 1 5 0 3 64 56 1 5 1 35 64
4/4 56 0 1 0 0 64 64 1 5 0 0 64 35 1 5 1 5 64 46 0 2 0 1 64 65 0 1 0 1 64 74 1 5 0 2 64 45 1 5 1 25 64 36 1 5 0 3 64 75 0 1 0 3 64 25 1 5 1 35 64
4/4 55 0 1 0 0 64 14 0 1 0 0 64 75 0 1 1 5 64 35 0 1 1 5 64 15 0 1 0 1 64 55 0 3 0 1 64 15 1 5 1 25 64 36 1 5 0 3 64 56 1 5 1 35 64
4/4 76 0 2 0 0 64 54 1 5 0 0 64 24 1 5 1 5 64 55 0 1 0 1 64 44 0 1 2 175 64 14 0 1 2 175 64 45 0 1 2 175 64 46 1 5 0 2 64 56 1 5 0 3 64 76 1 5 1 35 64
4/4 46 1 5 0 0 64 45 0 1 0 0 64 65 0 1 0 0 64 15 0 1 0 0 64 56 1 5 0 1 64 76 1 5 1 15 64 36 1 5 0 2 64 54 0 1 0 2 64 24 0 1 0 2 64 45 0 1 0 2 64 25 1 5 1 25 64 55 1 5 0 3 64 75 1 5 1 35 64
4/4 15 0 2 0 0 64 13 1 5 0 0 64 54 1 5 1 5 64 24 1 5 0 1 64 35 1 5 1 15 64 75 0 1 0 2 64 55 1 5 1 25 64 15 1 5 0 3 64 56 1 5 1 35 64
4/4 46 0 2 0 0 64 64 1 5 0 0 64 64 0 4 0 0 64 35 1 35 1 5 64 65 0 3 0 1 64 36 0 2 0 2 64
4/4 25 0 1 0 0 64 14 0 1 0 0 64 55 0 1 0 0 64
4/4 25 0 1 0 0 64 26 0 1 0 0 64 53 1 5 0 0 64 23 1 5 1 5 64 74 1 15 0 1 64 23 1 5 1 25 64 15 0 1 0 3 64 16 0 1 0 3 64 74 0 1 0 3 64 75 0 1 1 35 64 76 0 1 1 35 64 23 0 1 1 35 64
4/4 615 0 1 0 0 64 616 0 1 0 0 64 613 1 5 0 0 64 314 1 5 1 5 64 224 1 15 0 1 64 314 1 5 1 25 64 224 1 5 0 3 64 314 1 5 1 35 64
4/4 616 0 4 0 0 64 23 1 5 0 0 64 614 1 5 1 5 64 26 0 3 0 1 64 45 1 15 0 1 64 614 1 5 1 25 64 45 1 5 0 3 64 614 1 5 1 35 64
4/4 56 0 2 0 0 64 315 0 3 0 0 64 46 0 2 0 2 64 24 0 1 0 3 64
4/4 316 0 2 0 0 64 14 0 3 0 0 64 315 0 1 0 1 64 25 0 2 0 2 64 45 0 1 0 2 64 55 0 1 0 3 64 74 0 1 0 3 64
4/4 15 0 3 0 0 64 614 0 4 0 0 64 55 0 1 0 0 64 615 0 1 0 1 64 75 0 1 0 2 64 25 0 1 0 3 64 45 0 1 0 3 64
3/4 615 0 2 0 0 64 73 0 1 0 0 64 614 0 1 0 0 64 615 0 1 0 2 64 616 0 1 0 2 64 15 0 1 1 25 64 16 0 1 1 25 64
4/4 25 0 1 0 0 64 26 0 1 0 0 64 73 1 5 0 0 64 44 1 5 1 5 64 46 0 1 0 1 64 47 0 1 0 1 64 74 0 1 0 1 64 316 0 1 0 2 64 317 0 1 0 2 64 13 0 1 0 2 64 615 0 1 1 25 64 616 0 1 1 25 64 54 1 5 1 25 64 14 0 1 0 3 64 15 0 1 1 35 64 16 0 1 1 35 64
4/4 25 0 1 0 0 64 26 0 1 0 0 64 23 1 5 0 0 64 614 1 5 1 5 64 315 0 1 0 1 64 55 0 1 0 1 64 24 0 1 0 2 64 45 0 1 0 2 64 615 0 1 0 3 64 616 0 1 0 3 64 14 0 1 0 3 64 315 0 1 0 3 64 15 0 1 1 35 64 16 0 1 1 35 64
4/4 25 0 1 0 0 64 26 0 1 0 0 64 53 1 5 0 0 64 23 1 5 1 5 64 46 0 1 0 1 64 47 0 1 0 1 64 74 0 1 0 1 64 316 0 1 0 2 64 317 0 1 0 2 64 613 0 1 0 2 64 615 0 1 1 25 64 616 0 1 1 25 64 314 1 5 1 25 64 14 0 1 0 3 64 15 0 1 1 35 64 16 0 1 1 35 64
4/4 26 1 15 0 0 64 46 0 2 0 0 64 73 1 5 0 0 64 23 1 5 1 5 64 314 1 5 0 1 64 16 0 1 1 15 64 44 0 1 1 15 64 76 2 25 2 175 64 16 0 1 0 2 64 46 0 1 0 2 64 613 1 5 0 2 64 613 0 2 0 2 64 44 1 15 1 25 64 616 1 5 0 3 64 16 1 5 1 35 64
4/4 56 0 1 0 0 64 73 0 1 0 0 64 44 0 1 0 0 64 74 0 1 0 0 64 616 1 5 0 1 64 16 1 5 1 15 64 56 1 5 0 2 64 13 0 1 0 2 64 54 0 1 0 2 64 14 0 1 0 2 64 616 1 5 1 25 64 25 1 5 0 3 64 46 1 5 1 35 64
4/4 616 0 3 0 0 64 44 1 5 0 0 64 44 0 4 0 0 64 14 1 5 1 5 64 55 0 1 0 1 64 45 0 1 0 2 64 15 0 1 0 3 64 16 0 1 0 3 64 14 0 1 0 3 64 316 0 1 1 35 64 317 0 1 1 35 64
4/4 46 0 1 0 0 64 26 0 1 0 0 64 73 0 1 0 0 64 44 0 1 0 0 64 13 0 1 0 1 64 54 0 1 0 1 64
