4/4 613 1 5 0 0 64 613 0 4 0 0 64 314 1 35 1 5 64 714 1 5 0 1 64 14 1 25 1 15 64
4/4 314 0 4 0 0 64 613 0 4 0 0 64 14 0 4 0 0 64
4/4 53 1 5 0 0 64 53 0 4 0 0 64 23 1 35 1 5 64 614 1 5 0 1 64 74 1 25 1 15 64
4/4 23 0 4 0 0 64 53 0 4 0 0 64 74 0 4 0 0 64
4/4 613 1 5 0 0 64 314 1 5 1 5 64 615 0 1 0 1 64 714 0 1 0 1 64 316 1 5 1 15 64 14 1 25 1 15 64 316 1 5 0 2 64 25 1 5 1 25 64 316 0 1 0 3 64
4/4 316 0 4 0 0 64 14 0 4 0 0 64
4/4 53 1 5 0 0 64 23 1 5 1 5 64 614 1 5 0 1 64 74 1 25 1 15 64 25 1 5 0 2 64 616 1 5 1 25 64 616 1 5 0 3 64 56 1 5 1 35 64
4/4 616 0 4 0 0 64 74 0 4 0 0 64
4/4 75 0 1 0 0 64 36 0 1 0 0 64 14 0 1 0 0 64 45 0 1 0 0 64
4/4
4/4 15 0 1 0 0 64 46 0 1 0 0 64 24 0 1 0 0 64 55 0 1 0 0 64
4/4 15 0 1 0 0 64 46 0 1 0 0 64 24 0 1 0 0 64 55 0 1 0 0 64
4/4 45 0 1 0 0 64 55 0 1 0 0 64 15 1 15 0 0 64 63 0 1 0 0 64 64 0 1 0 0 64 15 0 3 0 1 64 25 1 5 1 15 64 36 1 15 0 2 64 46 1 5 1 35 64
4/4 56 0 3 0 0 64 63 0 1 0 0 64 64 0 1 0 0 64 46 1 5 0 3 64 36 1 5 1 35 64
4/4 55 0 1 0 0 64 615 0 1 0 0 64 25 0 1 0 0 64 53 0 1 0 0 64 54 0 1 0 0 64
4/4 55 0 1 0 0 64 615 0 1 0 0 64 25 0 1 0 0 64 53 0 1 0 0 64 54 0 1 0 0 64
4/4 57 1 5 0 0 64 53 0 1 0 0 64 54 0 1 0 0 64 26 1 5 1 5 64 56 1 5 0 1 64 57 1 5 1 15 64 26 1 5 0 2 64 56 1 5 1 25 64 57 1 5 0 3 64 26 1 5 1 35 64
4/4 56 1 5 0 0 64 53 0 1 0 0 64 54 0 1 0 0 64 57 1 5 1 5 64 26 1 5 0 1 64 56 1 5 1 15 64 57 1 5 0 2 64 26 1 5 1 25 64 56 1 5 0 3 64 57 1 5 1 35 64
4/4 26 1 5 0 0 64 63 0 1 0 0 64 64 0 1 0 0 64 56 1 5 1 5 64 57 1 5 0 1 64 26 1 5 1 15 64 56 1 5 0 2 64 57 1 5 1 25 64 26 1 5 0 3 64 56 1 5 1 35 64
4/4 26 0 1 0 0 64 57 0 1 0 0 64 63 0 1 0 0 64 64 0 1 0 0 64
4/4
4/4 24 0 4 0 0 64 13 0 1 0 0 64 34 0 1 0 0 64
4/4 14 0 2 0 0 64 13 0 1 0 0 64 34 0 1 0 0 64
4/4 14 0 4 0 0 64 73 0 1 0 0 64 223 0 1 0 0 64
4/4 74 0 2 0 0 64 73 0 1 0 0 64 223 0 1 0 0 64
4/4 714 0 4 0 0 64 613 0 1 0 0 64 13 0 1 0 0 64 315 0 1 0 3 64
4/4 715 0 1 0 0 64 614 0 4 0 0 64 613 0 1 0 0 64 13 0 1 0 0 64 15 0 1 0 1 64 25 0 2 0 2 64
2/4 316 0 1 0 0 64 15 0 1 0 1 64
4/4 615 0 1 0 0 64 53 1 5 0 0 64 53 0 4 0 0 64 23 1 35 1 5 64 614 0 1 0 1 64 53 0 1 0 1 64 55 0 3 0 1 64
4/4 24 0 4 0 0 64 614 0 1 0 0 64 53 0 1 0 0 64 23 0 4 0 0 64
4/4 53 0 4 0 0 64 24 0 1 0 1 64 23 0 1 0 1 64 35 0 1 0 3 64 34 0 1 0 3 64
3/4 53 0 3 0 0 64 35 0 1 0 0 64 34 0 1 0 0 64 45 0 1 0 1 64 44 0 1 0 1 64
4/4 14 0 1 0 0 64 63 0 1 0 0 64 34 0 1 0 0 64 55 0 4 0 0 64
4/4 45 0 4 0 0 64 14 0 1 0 0 64 63 0 1 0 0 64 34 0 1 0 0 64
4/4 14 0 2 0 0 64 12 0 1 0 0 64 13 0 1 0 0 64 35 0 1 0 2 64 75 0 1 0 3 64 74 0 1 0 3 64
4/4 615 0 1 0 0 64 614 0 1 0 0 64 45 0 1 0 1 64 44 0 1 0 1 64 224 0 1 0 2 64 45 0 1 0 2 64 73 0 1 0 2 64 74 0 1 0 2 64 65 0 2 0 2 64
4/4 55 0 2 0 0 64 224 0 1 0 0 64 45 0 1 0 0 64 73 0 1 0 0 64 74 0 1 0 0 64 14 0 1 0 2 64 35 0 1 0 2 64 613 0 1 0 2 64 614 0 1 0 2 64 55 0 2 0 2 64
4/4 525 0 2 0 0 64 14 0 1 0 0 64 35 0 1 0 0 64 613 0 1 0 0 64 614 0 1 0 0 64
