4/4 43 0 1 0 0 57 53 0 1 0 0 74 72 0 1 0 0 54
4/4 43 0 1 0 0 73 53 0 1 0 0 54 12 0 1 0 0 60 31 0 1 0 0 73 31 0 1 0 0 73
4/4 31 1 5 0 0 64 43 0 1 0 0 63 53 0 1 0 0 65 12 0 1 0 0 63 71 1 5 1 5 54 52 1 5 0 1 61 72 1 5 1 15 72 12 1 5 0 2 60 72 1 5 1 25 59 33 1 5 0 3 60 12 1 5 1 35 67
4/4 31 1 5 0 0 56 43 0 1 0 0 58 53 0 1 0 0 64 12 0 1 0 0 59 71 1 5 1 5 56 52 1 5 0 1 69 72 1 5 1 15 62 12 1 5 0 2 58 72 1 5 1 25 58 73 0 1 0 3 72 32 0 1 0 3 61 34 0 1 1 35 54 11 0 1 1 35 66
4/4 34 1 35 0 0 74 31 0 1 0 0 69 31 0 1 0 0 60 71 1 5 1 5 58 52 1 5 0 1 69 72 1 5 1 15 66 12 1 5 0 2 65 72 1 5 1 25 63 33 1 5 0 3 58 23 0 1 1 35 54 44 0 1 1 35 55 11 0 1 1 35 61
4/4 23 0 1 0 0 70 44 0 1 0 0 55 31 0 1 0 0 73 34 0 1 1 5 62 54 0 1 1 5 64 71 0 1 1 5 68 34 0 1 0 1 74 53 0 1 0 1 67 52 1 5 0 1 54 72 1 5 1 15 59 12 1 5 0 2 62 72 1 5 1 25 55 33 1 5 0 3 55 13 0 1 1 35 64 54 0 1 1 35 69 11 0 1 1 35 66 13 0 1 2 375 65 44 0 1 2 375 74 73 0 1 2 375 70
4/4 31 0 1 0 0 60 31 0 1 0 0 62 13 0 1 0 0 74 44 0 1 0 0 63 73 0 1 0 0 58 71 1 5 1 5 73 44 0 2 0 1 69 13 0 3 0 1 57 52 1 5 0 1 68 72 1 5 1 15 59 12 1 5 0 2 71 72 1 5 1 25 68 34 0 1 0 3 66 32 0 1 0 3 64 44 0 1 1 35 57 11 0 1 1 35 59
4/4 73 0 1 0 0 63 34 0 1 0 0 73 53 0 1 0 0 54 31 1 5 0 0 57 71 1 5 1 5 74 52 1 5 0 1 63 72 1 5 1 15 65 12 1 5 0 2 71 72 1 5 1 25 58 53 0 1 0 3 74 54 0 1 0 3 71 32 0 1 0 3 57 73 0 1 1 35 56 74 0 1 1 35 56 11 0 1 1 35 56 34 0 1 2 375 58 54 0 1 2 375 57 34 0 1 2 375 71
4/4 11 0 1 0 0 74 11 0 1 0 0 72 34 0 1 0 0 56 54 0 1 0 0 73 34 0 1 0 0 63 52 1 5 1 5 74 72 1 5 0 1 54 34 0 1 1 15 62 54 0 1 1 15 62 35 0 1 1 15 60 32 0 1 1 15 61 34 0 1 0 2 57 54 0 1 0 2 55 35 0 1 0 2 57 71 0 1 0 2 59 23 0 1 1 25 69 54 0 1 1 25 72 24 0 1 1 25 64 51 0 1 1 25 63 53 0 1 0 3 58 73 0 1 0 3 66 54 0 1 0 3 65 21 0 1 0 3 67 73 0 1 1 35 54 23 0 1 1 35 71 74 0 1 1 35 69 71 0 1 1 35 55 13 0 1 2 375 61 34 0 1 2 375 56 64 0 1 2 375 59 13 0 1 2 375 73
4/4 61 0 1 0 0 65 61 0 1 0 0 71 13 0 1 0 0 58 34 0 1 0 0 55 64 0 1 0 0 69 13 0 1 0 0 57 32 1 5 1 5 71 73 0 1 0 1 56 34 0 1 0 1 63 74 0 1 0 1 55 41 0 1 0 1 67 63 0 1 1 15 73 34 0 1 1 15 64 64 0 1 1 15 62 61 0 1 1 15 63 73 0 1 2 175 72 34 0 1 2 175 54 54 0 1 2 175 68 73 0 1 2 175 71 51 0 1 0 2 63 51 0 1 0 2 54 32 1 5 1 25 71 33 0 1 0 3 71 34 0 1 0 3 58 71 0 1 0 3 54 43 0 1 1 35 66 44 0 1 1 35 63 31 0 1 1 35 59 53 0 1 2 375 62 13 0 1 2 375 67 34 0 1 2 375 57 53 0 1 2 375 73
4/4 41 0 1 0 0 62 41 0 1 0 0 55 53 0 1 0 0 72 13 0 1 0 0 54 34 0 1 0 0 58 53 0 1 0 0 69 612 1 5 1 5 58 13 0 1 0 1 73 11 0 1 0 1 55 34 0 1 1 15 68 611 0 1 1 15 63 53 0 1 2 175 55 13 0 1 2 175 64 34 0 1 2 175 67 53 0 1 2 175 69 41 1 5 0 2 71 62 1 5 1 25 55 44 0 1 0 3 60 11 0 1 0 3 63 34 0 1 1 35 66 61 0 1 1 35 58 43 2 25 2 375 61 63 0 1 2 375 56 13 0 1 2 375 73 43 0 1 2 375 61
4/4 71 0 1 0 0 74 71 0 1 0 0 58 43 3 2417 0 0 64 63 0 1 0 0 55 13 0 1 0 0 73 43 0 1 0 0 74 42 1 5 1 5 57 62 1 5 0 1 54 12 1 5 1 15 58 43 0 1 0 2 74 22 1 5 1 25 63 73 0 1 0 3 68 71 0 1 0 3 57 34 0 1 1 35 66 61 0 1 1 35 54
4/4 34 1 35 0 0 60 31 0 1 0 0 61 31 0 1 0 0 69 71 1 5 1 5 66 52 1 5 0 1 55 72 1 5 1 15 70 12 1 5 0 2 58 72 1 5 1 25 71 33 1 5 0 3 63 23 0 1 1 35 56 44 0 1 1 35 58 11 0 1 1 35 65
4/4 23 0 1 0 0 58 44 0 1 0 0 62 31 0 1 0 0 68 34 0 1 1 5 69 54 0 1 1 5 72 71 0 1 1 5 60 34 0 1 0 1 64 53 0 1 0 1 64 52 1 5 0 1 64 72 1 5 1 15 59 12 1 5 0 2 62 72 1 5 1 25 60 33 1 5 0 3 68 13 0 1 1 35 59 54 0 1 1 35 74 11 0 1 1 35 57 13 0 1 2 375 61 44 0 1 2 375 66 73 0 1 2 375 63
4/4 31 0 1 0 0 60 31 0 1 0 0 66 13 0 1 0 0 73 44 0 1 0 0 69 73 0 1 0 0 55 71 1 5 1 5 56 44 0 2 0 1 59 13 0 3 0 1 55 52 1 5 0 1 57 72 1 5 1 15 58 12 1 5 0 2 70 72 1 5 1 25 63 34 0 1 0 3 63 32 0 1 0 3 66 44 0 1 1 35 73 11 0 1 1 35 74
4/4 73 0 1 0 0 60 34 0 1 0 0 57 53 0 1 0 0 63 31 1 5 0 0 69 71 1 5 1 5 65 52 1 5 0 1 64 72 1 5 1 15 64 12 1 5 0 2 69 72 1 5 1 25 68 53 0 1 0 3 62 54 0 1 0 3 57 32 0 1 0 3 65 73 0 1 1 35 59 74 0 1 1 35 71 11 0 1 1 35 63 34 0 1 2 375 70 54 0 1 2 375 56 34 0 1 2 375 58
4/4 11 0 1 0 0 66 11 0 1 0 0 56 34 0 1 0 0 69 54 0 1 0 0 67 34 0 1 0 0 72 52 1 5 1 5 70 72 1 5 0 1 71 34 0 1 1 15 66 54 0 1 1 15 61 35 0 1 1 15 54 32 0 1 1 15 61 34 0 1 0 2 71 54 0 1 0 2 56 35 0 1 0 2 57 71 0 1 0 2 63 23 0 1 1 25 56 54 0 1 1 25 62 24 0 1 1 25 58 51 0 1 1 25 70 53 0 1 0 3 56 73 0 1 0 3 57 54 0 1 0 3 61 21 0 1 0 3 58 73 0 1 1 35 57 23 0 1 1 35 74 74 0 1 1 35 64 71 0 1 1 35 58 13 0 1 2 375 74 34 0 1 2 375 69 64 0 1 2 375 54 13 0 1 2 375 56
4/4 61 0 1 0 0 61 61 0 1 0 0 73 13 0 1 0 0 60 34 0 1 0 0 59 64 0 1 0 0 58 13 0 1 0 0 63 32 1 5 1 5 66 73 0 1 0 1 74 34 0 1 0 1 56 74 0 1 0 1 71 41 0 1 0 1 55 63 0 1 1 15 66 34 0 1 1 15 66 64 0 1 1 15 60 61 0 1 1 15 68 73 0 1 2 175 57 34 0 1 2 175 69 54 0 1 2 175 63 73 0 1 2 175 66 51 0 1 0 2 62 51 0 1 0 2 60 32 1 5 1 25 73 33 0 1 0 3 64 34 0 1 0 3 59 71 0 1 0 3 55 43 0 1 1 35 58 44 0 1 1 35 58 31 0 1 1 35 67 53 0 1 2 375 73 13 0 1 2 375 72 34 0 1 2 375 66 53 0 1 2 375 63
4/4 41 0 1 0 0 59 41 0 1 0 0 70 53 0 1 0 0 65 13 0 1 0 0 68 34 0 1 0 0 71 53 0 1 0 0 59 11 1 5 1 5 71 13 0 1 0 1 55 61 0 1 0 1 74 34 0 1 1 15 71 11 0 1 1 15 65 63 0 1 2 175 57 23 0 1 2 175 59 44 0 1 2 175 74 71 0 1 2 175 72 71 0 1 2 175 56 54 0 1 1 25 73 61 0 1 1 25 70 44 0 1 0 3 60 72 1 5 0 3 67 62 1 5 1 35 71 43 0 1 2 375 71 53 0 1 2 375 72 73 0 1 2 375 58 33 0 1 2 375 58
4/4 31 0 1 0 0 60 31 0 1 0 0 65 43 0 1 0 0 74 53 0 1 0 0 55 73 0 1 0 0 62 33 0 1 0 0 58 71 1 5 1 5 68 52 1 5 0 1 63 72 1 5 1 15 73 12 1 5 0 2 64 72 1 5 1 25 59 33 1 5 0 3 68 33 0 1 1 35 62 11 0 1 1 35 56
4/4 63 0 1 0 0 67 61 0 1 0 0 64 61 0 1 0 0 70 53 0 1 1 5 74 31 0 1 1 5 63 43 0 1 0 1 62 51 0 1 0 1 69 33 0 1 1 15 59 61 0 1 1 15 64 43 0 1 0 2 68 72 1 5 0 2 74 62 1 5 1 25 66 73 0 1 0 3 62 11 0 1 0 3 72 53 0 1 1 35 57 71 0 1 1 35 71
4/4 43 0 3 0 0 66 71 0 1 0 0 69 71 0 1 0 0 73 42 1 5 1 5 66 52 1 5 0 1 73 62 1 5 1 15 56 72 1 5 0 2 56 62 1 5 1 25 65 12 1 5 0 3 58 43 0 1 1 35 58 71 0 1 1 35 64
4/4 63 0 1 0 0 60 61 0 1 0 0 74 61 0 1 0 0 72 53 0 1 1 5 67 31 0 1 1 5 65 43 0 1 0 1 61 51 0 1 0 1 67 33 0 1 1 15 74 61 0 1 1 15 73 43 0 1 0 2 74 72 1 5 0 2 61 62 1 5 1 25 74 73 0 1 0 3 61 21 0 1 0 3 67 13 0 1 1 35 69 71 0 1 1 35 70
4/4 73 0 2 0 0 60 51 0 1 0 0 64 51 0 1 0 0 74 21 1 5 1 5 74 52 1 5 0 1 64 72 1 5 1 15 65 12 1 5 0 2 55 53 0 1 1 25 58 54 0 1 1 25 66 71 0 1 1 25 71 73 0 1 0 3 69 74 0 1 0 3 62 21 0 1 0 3 55 53 0 1 1 35 64 54 0 1 1 35 58 71 0 1 1 35 62
4/4 43 0 1 0 0 69 43 0 1 0 0 59 61 1 5 0 0 57 32 1 5 1 5 66 12 1 5 0 1 66 32 1 5 1 15 58 71 1 5 0 2 71 53 0 1 1 25 55 54 0 1 1 25 73 41 0 1 1 25 66 73 0 1 0 3 62 74 0 1 0 3 70 21 0 1 0 3 73 53 0 1 1 35 74 54 0 1 1 35 71 41 0 1 1 35 61 53 0 1 2 375 63 73 0 1 2 375 62 13 0 1 2 375 69 33 0 1 2 375 54
4/4 11 1 5 0 0 72 53 0 1 0 0 73 73 0 1 0 0 69 13 0 1 0 0 64 33 0 1 0 0 70 52 1 5 1 5 73 33 1 5 0 1 58 12 1 5 1 15 64 22 1 5 0 2 73 34 0 1 1 25 57 54 0 1 1 25 63 35 0 1 1 25 71 11 0 1 1 25 56 23 0 1 0 3 56 24 0 1 0 3 67 71 0 1 0 3 59 13 0 1 1 35 69 14 0 1 1 35 71 61 0 1 1 35 64
4/4 34 0 1 0 0 60 54 0 1 0 0 74 35 0 1 0 0 69 221 0 1 0 0 67 44 0 1 1 5 54 45 0 1 1 5 70 61 0 1 1 5 73 44 0 1 0 1 66 44 0 1 0 1 72 43 1 5 0 1 73 62 1 5 1 15 62 33 1 5 0 2 74 62 1 5 1 25 59 222 1 5 0 3 61 12 2 25 1 35 67 712 2 25 2 375 57
4/4 72 0 1 0 0 58 71 0 1 0 0 68 71 0 1 0 0 57 53 0 1 0 1 74 13 0 1 0 1 70 34 0 1 0 1 64 54 0 1 0 1 64 71 0 1 0 1 62 31 0 1 0 1 60 63 0 1 0 2 73 13 0 1 0 2 63 34 0 1 0 2 65 64 0 1 0 2 62 71 0 1 0 2 64 41 0 1 0 2 64 13 0 1 0 3 68 44 0 1 0 3 59 64 0 1 0 3 68 14 0 1 0 3 58 71 0 1 0 3 67 61 0 1 0 3 58
4/4 73 0 1 0 0 73 34 0 1 0 0 61 54 0 1 0 0 71 73 0 1 0 0 71 31 0 1 0 0 56 31 0 1 0 0 62 71 1 5 1 5 55 52 1 5 0 1 67 72 1 5 1 15 65 12 1 5 0 2 62 73 0 1 1 25 74 54 0 1 1 25 60 74 0 1 1 25 72 71 0 1 1 25 65 34 0 1 0 3 56 35 0 1 0 3 64 32 0 1 0 3 71 44 0 1 1 35 65 45 0 1 1 35 73 11 0 1 1 35 66
4/4 44 0 1 0 0 62 45 0 1 0 0 65 51 0 1 0 0 65 51 0 1 0 0 71 54 0 1 1 5 55 55 0 1 1 5 70 31 0 1 1 5 62 34 0 1 0 1 58 35 0 1 0 1 59 711 0 1 0 1 57 23 0 1 1 15 69 24 0 1 1 15 73 42 0 1 1 15 65 34 0 1 2 175 59 64 0 1 2 175 61 14 0 1 2 175 70 34 0 1 2 175 60 61 0 1 0 2 54 61 0 1 0 2 59 32 1 5 1 25 64 12 1 5 0 3 71 34 0 1 1 35 64 64 0 1 1 35 60 14 0 1 1 35 74 35 0 1 1 35 55 61 0 1 1 35 64
4/4 34 0 1 0 0 66 64 0 1 0 0 56 14 0 1 0 0 57 35 0 1 0 0 55 41 0 1 0 0 70 41 0 1 0 0 61 44 0 1 1 5 71 45 0 1 1 5 70 61 0 1 1 5 72 23 0 1 0 1 58 24 0 1 0 1 55 11 0 1 0 1 67 13 0 1 1 15 74 14 0 1 1 15 56 41 0 1 1 15 74 713 0 1 0 2 74 34 0 1 0 2 67 64 0 1 0 2 62 714 0 1 0 2 68 61 0 1 0 2 74 61 0 1 0 2 62 223 0 1 1 25 56 224 0 1 1 25 66 711 0 1 1 25 64 73 0 1 0 3 63 74 0 1 0 3 68 32 0 1 0 3 65 63 0 1 1 35 59 64 0 1 1 35 74 711 0 1 1 35 59 73 0 1 2 375 54 44 0 1 2 375 72 64 0 1 2 375 71 73 0 1 2 375 56
4/4 71 0 1 0 0 66 71 0 1 0 0 65 73 0 1 0 0 55 44 0 1 0 0 69 64 0 1 0 0 58 73 0 1 0 0 60 42 1 5 1 5 60 72 1 5 0 1 66 12 1 5 1 15 67 71 0 1 0 2 56 71 0 1 0 2 64 53 0 1 1 25 72 13 0 1 1 25 72 34 0 1 1 25 71 53 0 1 1 25 74 63 0 1 2 275 62 13 0 1 2 275 64 34 0 1 2 275 55 63 0 1 2 275 61 42 0 1 2 275 65 62 0 1 2 275 56 72 0 1 2 275 60 21 0 1 2 275 62 13 0 1 1 35 58 44 0 1 1 35 69 64 0 1 1 35 63 13 0 1 1 35 74
4/4 73 0 1 0 0 64 34 0 1 0 0 59 54 0 1 0 0 54 73 0 1 0 0 67 31 0 1 0 0 74 31 0 1 0 0 62 71 1 5 1 5 61 52 1 5 0 1 74 72 1 5 1 15 66 12 1 5 0 2 69 73 0 1 1 25 62 54 0 1 1 25 70 74 0 1 1 25 60 71 0 1 1 25 71 34 0 1 0 3 62 35 0 1 0 3 63 32 0 1 0 3 74 44 0 1 1 35 64 45 0 1 1 35 67 11 0 1 1 35 73
2/4 44 0 1 0 0 70 45 0 1 0 0 61 51 0 1 0 0 68 51 0 1 0 0 74 54 0 1 1 5 61 55 0 1 1 5 56 711 0 1 1 5 60 34 0 1 0 1 70 35 0 1 0 1 59 32 0 1 0 1 60 23 0 1 1 15 65 24 0 1 1 15 58 21 0 1 1 15 58 34 0 1 2 175 71 54 0 1 2 175 58 34 0 1 2 175 70
4/4 11 0 1 0 0 64 11 0 1 0 0 54 34 0 1 0 0 68 54 0 1 0 0 62 34 0 1 0 0 65 52 1 5 1 5 63 33 1 5 0 1 64 53 0 1 1 15 59 54 0 1 1 15 55 51 0 1 1 15 74 23 0 1 2 175 63 54 0 1 2 175 72 23 0 1 2 175 72 71 0 1 0 2 74 71 0 1 0 2 56 52 1 5 1 25 59 22 1 5 0 3 69 53 0 1 1 35 60 54 0 1 1 35 72 51 0 1 1 35 58 13 0 1 2 375 65 34 0 1 2 375 67 13 0 1 2 375 55
4/4 61 0 1 0 0 74 61 0 1 0 0 55 13 0 1 0 0 66 34 0 1 0 0 59 13 0 1 0 0 72 32 1 5 1 5 56 12 1 5 0 1 57 32 1 5 1 15 63 61 1 5 0 2 61 13 0 1 1 25 66 34 0 1 1 25 65 14 0 1 1 25 59 31 0 1 1 25 64 73 0 1 0 3 54 34 0 1 0 3 68 74 0 1 0 3 59 11 0 1 0 3 60 63 0 1 1 35 74 34 0 1 1 35 54 64 0 1 1 35 63 31 0 1 1 35 70 73 0 1 2 375 60 34 0 1 2 375 72 73 0 1 2 375 72
4/4 51 1 5 0 0 64 73 0 1 0 0 63 34 0 1 0 0 74 73 0 1 0 0 62 32 1 5 1 5 55 34 0 1 0 1 65 71 0 1 0 1 68 74 0 1 1 15 72 31 0 1 1 15 60 73 0 1 2 175 68 34 0 1 2 175 66 44 0 1 2 175 60 73 0 1 2 175 72 41 1 5 0 2 64 11 1 5 1 25 57 64 0 1 0 3 61 62 1 5 0 3 60 11 1 5 1 35 74 73 0 1 2 375 58 13 0 1 2 375 62 23 0 1 2 375 67 53 0 1 2 375 72
4/4 71 1 5 0 0 60 73 0 1 0 0 62 13 0 1 0 0 73 23 0 1 0 0 64 53 0 1 0 0 56 42 1 5 1 5 74 13 0 1 0 1 73 71 0 1 0 1 67 54 0 1 1 15 71 41 0 1 1 15 54 63 0 1 0 2 66 54 0 1 0 2 58 71 0 1 0 2 54 21 0 1 0 2 62 71 0 1 0 2 63 63 0 1 0 3 68 44 0 1 0 3 54 711 0 1 0 3 67 21 0 1 0 3 59 711 0 1 0 3 65
4/4 34 0 4 0 0 65 53 0 1 0 0 56 11 0 1 0 0 58 13 0 1 1 5 58 61 0 1 1 5 54 73 0 1 0 1 61 71 0 1 0 1 56 63 0 1 1 15 65 32 0 1 1 15 68 53 0 1 0 2 58 62 1 5 0 2 61 72 1 5 1 25 67 43 0 1 0 3 58 33 1 5 0 3 63 72 1 5 1 35 63 33 0 1 2 375 72 53 0 1 2 375 64 73 0 1 2 375 63 33 0 1 2 375 73
4/4 31 1 5 0 0 65 33 0 1 0 0 56 53 0 1 0 0 55 73 0 1 0 0 71 33 0 1 0 0 67 71 1 5 1 5 69 32 1 5 0 1 56 72 1 5 1 15 71 33 0 1 0 2 57
4/4 64 0 1 0 0 67 13 0 1 0 0 72 61 0 1 0 0 69 54 0 1 0 1 73 44 0 1 0 2 64 23 0 1 0 2 68 71 0 1 0 2 58
4/4 54 0 1 0 0 68 23 0 3 0 0 68 52 0 2 0 0 62 44 0 1 0 1 60 34 0 1 0 2 74 11 0 1 0 2 61 13 0 1 0 3 59
4/4 44 0 1 0 0 64 222 0 1 0 0 70 222 0 4 0 0 63 34 0 1 0 1 58 12 0 1 0 1 68 223 0 1 0 2 65 72 0 1 0 2 66 13 0 1 0 3 59 62 0 1 0 3 61
4/4 23 0 1 0 0 68 52 0 1 0 0 70 21 0 1 0 0 70 13 0 2 0 0 62 713 0 2 0 2 60
4/4 63 0 1 0 0 71 12 0 3 0 0 54 61 0 1 0 0 70 31 0 1 0 0 65 53 0 1 0 1 69 43 0 1 0 2 60 71 0 1 0 2 64 41 0 1 0 2 64 22 0 1 0 3 67
4/4 53 0 1 0 0 58 711 0 1 0 0 54 51 0 1 0 0 70 22 0 3 0 0 56 43 0 1 0 1 58 33 0 1 0 2 64 11 0 1 0 2 61 51 0 1 0 2 74 12 0 1 0 3 62
4/4 43 0 1 0 0 68 222 0 3 0 0 58 221 0 1 0 0 64 61 0 1 0 0 59 33 0 1 0 1 62 222 0 2 0 2 62 12 0 1 0 3 57
4/4 12 0 2 0 0 54 52 0 1 0 0 67 22 0 1 0 0 66 51 0 1 0 0 58 21 0 1 0 0 71 712 0 2 0 2 73
4/4 73 0 1 0 0 67 34 0 1 0 0 66 73 0 1 0 0 57 31 0 1 0 0 66 31 0 1 0 0 62 71 1 5 1 5 59 52 1 5 0 1 69 72 1 5 1 15 54 12 1 5 0 2 58 72 1 5 1 25 69 33 1 5 0 3 70 12 1 5 1 35 57
4/4 31 1 5 0 0 73 73 0 1 0 0 64 34 0 1 0 0 73 73 0 1 0 0 59 71 1 5 1 5 72 52 1 5 0 1 67 72 1 5 1 15 56 12 1 5 0 2 55 72 1 5 1 25 69 33 1 5 0 3 74 12 1 5 1 35 74
4/4 74 0 3 0 0 57 61 1 5 0 0 56 32 1 5 1 5 55 12 1 5 0 1 54 33 1 5 1 15 60 53 0 1 0 2 64 64 0 1 0 3 69
4/4 54 0 4 0 0 70 53 0 1 2 75 71 713 0 1 2 75 70 52 0 1 2 75 66 21 0 1 2 75 64
4/4 44 0 3 0 0 64 62 1 5 0 0 69 33 1 5 1 5 59 53 1 5 0 1 72 23 1 5 1 15 62 13 0 1 0 2 65 13 1 5 0 3 72 44 1 5 1 35 62
4/4 54 0 3 0 0 54 72 1 5 0 0 61 43 1 5 1 5 59 53 1 5 0 1 71 23 1 5 1 15 59 13 0 1 0 2 57 64 0 1 0 3 68
4/4 34 0 1 0 0 68 54 0 1 0 0 72 73 0 1 0 0 73 31 1 5 0 0 72 71 1 5 1 5 59 52 1 5 0 1 71 72 1 5 1 15 58 12 1 5 0 2 71 72 1 5 1 25 64 33 1 5 0 3 71 12 1 5 1 35 67
4/4 31 1 5 0 0 62 34 0 1 0 0 61 54 0 1 0 0 70 73 0 1 0 0 63 71 1 5 1 5 71 52 1 5 0 1 60 72 1 5 1 15 61 12 1 5 0 2 65 72 1 5 1 25 73 33 1 5 0 3 57 12 1 5 1 35 73 34 0 1 2 375 74 31 0 1 2 375 66 44 0 1 2 375 65 71 0 1 2 375 68 54 0 1 2 375 54 74 0 1 2 375 67 31 0 1 2 375 73
4/4 34 0 1 0 0 63 31 0 1 0 0 58 44 0 1 0 0 60 71 0 1 0 0 73 54 0 1 0 0 69 74 0 1 0 0 55 31 0 1 0 0 62
