4/4 54 0 3 0 0 67 11 0 1 0 0 72 52 0 1 0 0 59 13 2 75 0 3 63 54 2 25 2 375 70
4/4 64 0 3 0 0 74 13 2 75 0 3 60 64 2 25 2 375 62
4/4 74 0 4 0 0 54 12 1 5 0 0 72 53 1 5 1 5 74 53 1 5 0 1 59 43 1 5 1 15 55 53 0 2 0 2 74
4/4 14 0 4 0 0 67 53 0 4 0 0 59
4/4 14 0 4 0 0 60 53 0 4 0 0 60
4/4 13 0 1 0 0 65 11 0 1 0 0 56 32 0 1 0 0 54 34 0 1 1 5 71 52 0 1 1 5 67
4/4 13 0 1 0 2 70 11 0 1 0 2 73 32 0 1 0 2 74 34 0 1 1 25 65 522 0 1 1 25 61
4/4 13 0 1 0 0 54 11 0 1 0 0 73 32 0 1 0 0 70 34 0 1 1 5 61 52 0 1 1 5 64
4/4 13 0 1 0 2 72 11 0 1 0 2 70 32 0 1 0 2 60 34 0 1 1 25 57 522 0 1 1 25 59
4/4 13 0 1 0 0 69 11 0 1 0 0 54 32 0 1 0 0 62 34 0 1 1 5 54 52 0 1 1 5 64
4/4 13 1 5 0 0 59 53 0 4 0 0 62 54 1 5 1 5 56 54 1 5 0 1 58 44 1 5 1 15 65 54 0 2 0 2 69
4/4 54 0 4 0 0 69 53 0 4 0 0 59
4/4 64 0 4 0 0 55 52 0 4 0 0 69 53 0 8 0 0 74
4/4 74 0 4 0 0 61 52 0 4 0 0 56
4/4 13 0 1 0 0 69 11 0 1 0 0 54 32 0 1 0 0 55 34 0 1 1 5 57 52 0 1 1 5 63 54 0 2 0 2 63
4/4 54 0 1 0 0 63 64 0 3 0 1 66 11 0 1 0 2 74 32 0 1 0 2 65 522 1 5 1 25 71
4/4 11 0 1 0 0 60 32 0 1 0 0 72 64 0 2 0 0 69 52 1 5 1 5 61 74 0 2 0 2 58
4/4 74 0 4 0 0 55 11 0 1 0 2 66 32 0 1 0 2 74 522 1 5 1 25 74
4/4 13 0 1 0 0 64 54 0 1 0 0 56 11 0 1 0 0 70 52 0 1 0 0 67 12 0 1 0 0 57 13 0 1 1 5 73 54 0 1 1 5 63 11 0 1 1 5 70 52 0 1 1 5 69 12 0 1 1 5 65 13 0 1 1 15 56 54 0 1 1 15 74 11 0 1 1 15 67 52 0 1 1 15 61 12 0 1 1 15 73 13 0 1 2 175 58 54 0 1 2 175 71 11 0 1 2 175 62 52 0 1 2 175 59 12 0 1 2 175 61 13 0 1 0 2 64 54 0 1 0 2 54 11 0 1 0 2 70 52 0 1 0 2 59 12 0 1 0 2 64
4/4
4/4 13 0 1 0 0 74 54 0 1 0 0 63 11 0 1 0 0 72 52 0 1 0 0 67 12 0 1 0 0 56 13 0 1 1 5 62 54 0 1 1 5 57 11 0 1 1 5 67 52 0 1 1 5 55 12 0 1 1 5 57 13 0 1 1 15 62 54 0 1 1 15 60 11 0 1 1 15 67 52 0 1 1 15 67 12 0 1 1 15 57 13 0 1 2 175 70 54 0 1 2 175 64 11 0 1 2 175 62 52 0 1 2 175 66 12 0 1 2 175 66 13 0 1 0 2 59 54 0 1 0 2 64 11 0 1 0 2 68 52 0 1 0 2 74 12 0 1 0 2 73
4/4
4/4 13 0 1 0 0 54 11 0 1 0 0 66 34 0 1 3 333 59 32 0 1 3 333 73 23 3 333 3 667 65 34 0 1 0 1 70
4/4 13 3 333 0 0 62 34 3 333 3 333 73 23 3 333 3 667 62 34 3 667 0 1 59 44 3 333 3 1667 69 524 3 667 0 2 64 32 3 333 0 2 59 522 3 333 3 2333 58 34 3 333 3 2667 62
4/4 13 0 1 0 0 66 11 0 1 0 0 72 34 0 1 3 333 71 32 0 1 3 333 62 23 3 333 3 667 55 34 0 1 0 1 70
4/4 13 3 333 0 0 61 34 3 333 3 333 74 23 3 333 3 667 58 34 3 667 0 1 61 44 3 333 3 1667 57 524 3 667 0 2 69 32 3 333 0 2 62 522 3 333 3 2333 63 34 3 333 3 2667 74
4/4 13 0 1 0 0 72 11 0 1 0 0 54 34 0 1 3 333 66 52 0 1 3 333 71 12 0 1 3 333 60 23 3 333 3 667 68 34 0 1 0 1 66
4/4 13 3 333 0 0 65 34 3 333 3 333 72 23 3 333 3 667 65 34 3 667 0 1 72 44 3 333 3 1667 55 524 3 667 0 2 74 32 3 333 0 2 57 522 0 1 3 2333 57 12 0 1 3 2333 70 34 3 333 3 2667 66 64 3 667 0 3 59 44 3 333 3 3667 55
4/4 74 3 667 0 0 59 11 3 333 0 0 54 52 0 1 3 333 56 12 0 1 3 333 70 54 3 333 3 667 69 14 3 667 0 1 61 614 3 333 3 1667 62 24 3 667 0 2 70 74 3 333 3 2667 58 35 3 667 0 3 54 14 3 333 3 3667 57
4/4 525 0 1 0 0 71 524 0 1 0 0 66 35 0 1 1 35 73 34 0 1 1 35 64
4/4 65 0 1 0 0 57 64 0 1 0 0 66 45 0 1 1 15 61 44 0 1 1 15 68 75 0 1 0 2 64 74 0 1 0 2 72 55 0 1 1 35 70 54 0 1 1 35 61
4/4 225 0 1 0 0 64 224 0 1 0 0 71
4/4 24 0 1 0 0 64 25 0 1 0 0 70
4/4 34 0 1 0 0 58 54 0 1 0 0 72 14 0 1 0 0 67 11 0 1 0 0 68 52 0 1 0 0 61 12 0 1 0 0 66 34 0 1 1 5 63 54 0 1 1 5 71 14 0 1 1 5 66 11 0 1 1 5 66 52 0 1 1 5 71 12 0 1 1 5 58 34 0 1 1 15 74 54 0 1 1 15 57 14 0 1 1 15 57 11 0 1 1 15 65 52 0 1 1 15 63 12 0 1 1 15 66 34 0 1 2 175 71 54 0 1 2 175 54 14 0 1 2 175 70 11 0 1 2 175 74 52 0 1 2 175 72 12 0 1 2 175 64 34 0 1 0 2 67 54 0 1 0 2 54 14 0 1 0 2 73 11 0 1 0 2 70 52 0 1 0 2 68 12 0 1 0 2 68
4/4 54 0 3 0 0 74 33 0 4 0 0 64 12 1 5 0 0 72 12 1 5 1 5 74 12 2 25 1 15 67 12 2 25 2 175 72 12 0 1 0 2 56 13 2 75 0 3 63 54 2 25 2 375 63
4/4 64 0 3 0 0 72 22 0 4 0 0 55 72 1 5 0 0 69 72 1 5 1 5 72 72 2 25 1 15 65 72 2 25 2 175 64 72 0 1 0 2 68 13 2 75 0 3 68 64 2 25 2 375 71
4/4 74 0 1 0 0 56 43 0 1 0 0 59 62 1 5 0 0 62 62 1 5 1 5 73 62 2 25 1 15 72 62 2 25 2 175 74 62 0 1 0 2 63
4/4 55 0 1 0 0 64 56 0 1 0 0 73 54 0 1 0 0 59
