4/4 23 0 1 0 0 59 51 0 1 0 0 59 23 2 25 2 25 69 13 0 1 1 5 57 51 0 1 1 5 56 54 2 25 2 75 64 42 1 5 1 15 63 51 1 5 0 2 58 52 1 5 1 25 61 23 2 25 0 3 56 53 2 25 2 325 59 23 0 1 1 35 70 41 0 1 1 35 68 53 2 25 2 375 63
4/4 23 0 1 0 0 59 51 0 1 0 0 65 23 2 25 2 25 73 13 0 1 1 5 66 51 0 1 1 5 67 54 2 25 2 75 54 42 1 5 1 15 62 51 1 5 0 2 62 52 1 5 1 25 63 23 2 25 0 3 58 53 2 25 2 325 55 23 0 1 1 35 67 41 0 1 1 35 62 53 2 25 2 375 61
2/4 23 0 1 0 0 72 51 0 1 0 0 54 23 2 25 2 25 61 13 0 1 1 5 61 51 0 1 1 5 66 54 2 25 2 75 56 42 1 5 1 15 72
3/4 43 1 5 0 0 63 12 1 5 1 5 59 42 1 5 0 1 56
4/4 32 0 1 0 0 71 21 0 1 0 2 58
2/4
4/4 52 1 5 0 0 68 52 0 4 0 0 72 22 1 35 1 5 55 53 0 3 0 1 69
4/4 52 1 5 0 0 62 52 0 4 0 0 60 22 1 35 1 5 74 63 0 3 0 1 61
4/4 52 1 5 0 0 68 52 0 4 0 0 74 22 1 35 1 5 64 53 0 3 0 1 66
4/4 52 1 5 0 0 57 52 0 4 0 0 60 22 1 35 1 5 54 63 0 3 0 1 70
4/4 11 0 1 0 0 70 11 0 1 0 0 70
4/4 13 0 4 0 0 67 34 0 1 0 0 57 44 0 1 0 0 62 32 0 1 0 0 70 32 0 1 0 0 62
4/4 23 0 1 0 0 55 54 0 1 0 0 70 42 0 1 0 0 71 42 0 1 0 0 73 13 0 4 0 0 63
2/4 53 1 5 1 5 69 13 1 5 0 1 61 54 1 5 1 15 72
3/4 44 1 5 0 0 73 73 1 5 1 5 69 34 1 5 0 1 66 63 1 5 1 15 62 23 0 1 0 2 60
3/4 53 0 1 0 0 61 51 0 1 0 0 59
4/4 12 0 1 0 0 56 33 0 1 0 0 65 63 0 1 0 0 69 41 0 1 0 0 69 41 0 1 0 0 62 12 0 1 0 2 65 33 0 1 0 2 56 73 0 1 0 2 58 31 0 1 0 2 54 31 0 1 0 2 64
4/4 22 0 1 0 0 66 53 0 1 0 0 74 13 0 1 0 0 63 21 0 1 0 0 65 21 0 1 0 0 55
4/4 52 1 5 0 0 63 52 0 4 0 0 73 22 1 35 1 5 70 53 0 3 0 1 54
4/4 52 1 5 0 0 74 52 0 4 0 0 57 22 1 35 1 5 56 53 0 2 0 1 73 53 1 15 1 25 64 13 1 5 0 3 61 54 1 5 1 35 74
4/4 54 0 1 0 0 54 62 1 5 0 0 66 33 1 5 1 5 66 44 0 2 0 1 70 63 0 1 0 1 74 72 1 5 0 2 66 43 1 5 1 25 65 34 1 5 0 3 69 73 0 1 0 3 54 23 1 5 1 35 73
4/4 53 0 1 0 0 57 11 0 1 0 0 74 73 0 1 1 5 67 32 0 1 1 5 68 13 0 1 0 1 55 53 0 3 0 1 54 13 1 5 1 25 72 34 1 5 0 3 63 54 1 5 1 35 61
4/4 74 0 2 0 0 55 52 1 5 0 0 73 22 1 5 1 5 71 53 0 1 0 1 56 42 0 1 2 175 69 12 0 1 2 175 74 42 0 1 2 175 64 44 1 5 0 2 59 54 1 5 0 3 66 74 1 5 1 35 60
4/4 44 1 5 0 0 54 43 0 1 0 0 67 63 0 1 0 0 58 12 0 1 0 0 56 54 1 5 0 1 74 74 1 5 1 15 59 34 1 5 0 2 54 52 0 1 0 2 54 22 0 1 0 2 66 42 0 1 0 2 69 23 1 5 1 25 58 53 1 5 0 3 55 73 1 5 1 35 66
4/4 13 0 2 0 0 55 11 1 5 0 0 69 52 1 5 1 5 73 22 1 5 0 1 65 33 1 5 1 15 69 73 0 1 0 2 69 53 1 5 1 25 60 13 1 5 0 3 67 54 1 5 1 35 67
4/4 44 0 2 0 0 74 62 1 5 0 0 56 62 0 4 0 0 58 33 1 35 1 5 55 63 0 3 0 1 72 34 0 2 0 2 71
4/4 23 0 1 0 0 72 12 0 1 0 0 69 52 0 1 0 0 62
4/4 23 0 1 0 0 66 23 0 1 0 0 74 51 1 5 0 0 71 21 1 5 1 5 71 72 1 15 0 1 72 21 1 5 1 25 54 13 0 1 0 3 66 14 0 1 0 3 60 71 0 1 0 3 71 73 0 1 1 35 66 74 0 1 1 35 66 21 0 1 1 35 68
4/4 613 0 1 0 0 71 613 0 1 0 0 60 611 1 5 0 0 67 312 1 5 1 5 60 222 1 15 0 1 70 312 1 5 1 25 55 222 1 5 0 3 73 312 1 5 1 35 70
4/4 614 0 4 0 0 54 21 1 5 0 0 71 612 1 5 1 5 60 24 0 3 0 1 55 43 1 15 0 1 66 612 1 5 1 25 57 43 1 5 0 3 72 612 1 5 1 35 62
4/4 54 0 2 0 0 56 313 0 3 0 0 62 44 0 2 0 2 71 22 0 1 0 3 57
4/4 314 0 2 0 0 63 12 0 3 0 0 62 313 0 1 0 1 55 23 0 2 0 2 69 43 0 1 0 2 69 53 0 1 0 3 71 72 0 1 0 3 65
4/4 13 0 3 0 0 62 612 0 4 0 0 65 53 0 1 0 0 68 613 0 1 0 1 66 73 0 1 0 2 70 23 0 1 0 3 73 42 0 1 0 3 63
3/4 613 0 2 0 0 74 71 0 1 0 0 66 611 0 1 0 0 74 613 0 1 0 2 55 613 0 1 0 2 55 13 0 1 1 25 65 13 0 1 1 25 63
4/4 23 0 1 0 0 72 23 0 1 0 0 66 71 1 5 0 0 69 42 1 5 1 5 61 44 0 1 0 1 58 45 0 1 0 1 62 71 0 1 0 1 56 314 0 1 0 2 60 315 0 1 0 2 57 11 0 1 0 2 58 613 0 1 1 25 72 613 0 1 1 25 59 52 1 5 1 25 69 12 0 1 0 3 62 13 0 1 1 35 74 13 0 1 1 35 56
4/4 23 0 1 0 0 62 23 0 1 0 0 70 21 1 5 0 0 60 612 1 5 1 5 70 313 0 1 0 1 60 52 0 1 0 1 56 22 0 1 0 2 63 42 0 1 0 2 54 613 0 1 0 3 71 613 0 1 0 3 71 12 0 1 0 3 56 312 0 1 0 3 61 13 0 1 1 35 56 13 0 1 1 35 72
4/4 23 0 1 0 0 63 23 0 1 0 0 74 51 1 5 0 0 68 21 1 5 1 5 66 44 0 1 0 1 71 45 0 1 0 1 71 71 0 1 0 1 73 314 0 1 0 2 63 315 0 1 0 2 67 611 0 1 0 2 64 613 0 1 1 25 56 613 0 1 1 25 59 312 1 5 1 25 72 12 0 1 0 3 67 13 0 1 1 35 71 13 0 1 1 35 60
4/4 24 1 15 0 0 73 44 0 2 0 0 73 71 1 5 0 0 62 21 1 5 1 5 68 312 1 5 0 1 63 14 0 1 1 15 74 41 0 1 1 15 73 74 2 25 2 175 58 14 0 1 0 2 59 43 0 1 0 2 65 611 1 5 0 2 73 611 0 2 0 2 70 42 1 15 1 25 59 614 1 5 0 3 66 14 1 5 1 35 63
4/4 54 0 1 0 0 71 71 0 1 0 0 72 42 0 1 0 0 60 71 0 1 0 0 67 614 1 5 0 1 72 14 1 5 1 15 67 54 1 5 0 2 67 11 0 1 0 2 57 52 0 1 0 2 55 11 0 1 0 2 59 614 1 5 1 25 62 23 1 5 0 3 66 44 1 5 1 35 67
4/4 614 0 3 0 0 74 42 1 5 0 0 60 42 0 4 0 0 58 12 1 5 1 5 59 53 0 1 0 1 55 43 0 1 0 2 74 13 0 1 0 3 62 13 0 1 0 3 64 12 0 1 0 3 56 314 0 1 1 35 55 314 0 1 1 35 61
4/4 44 0 1 0 0 55 23 0 1 0 0 72 71 0 1 0 0 57 41 0 1 0 0 64 11 0 1 0 1 73 51 0 1 0 1 62
