4/4 14 0 1 0 0 64 35 0 1 0 0 57 15 0 1 0 0 63 13 2 25 0 0 73 54 2 25 2 25 72 54 2 25 1 5 60 44 2 25 2 75 61 54 0 3 0 1 71
4/4 224 0 1 0 0 62 45 0 1 0 0 74 225 0 1 0 0 56 12 2 25 0 0 74 53 2 25 2 25 59 53 2 25 1 5 54 43 2 25 2 75 62 53 0 3 0 1 68
4/4 24 0 1 0 0 57 525 0 1 0 0 74 25 0 1 0 0 67 13 2 25 0 0 63 54 2 25 2 25 54 54 2 25 1 5 66 44 2 25 2 75 74 54 0 3 0 1 74
4/4 35 0 1 0 0 71 55 0 1 0 0 56 36 0 1 0 0 70 12 2 25 0 0 58 53 2 25 2 25 72 53 2 25 1 5 57 43 2 25 2 75 69 53 0 3 0 1 56
4/4 14 0 1 0 0 64 35 0 1 0 0 68 525 0 1 0 0 59 75 0 1 0 0 55 13 1 5 0 0 70 13 1 5 1 5 59 13 1 5 0 1 57 13 1 5 1 15 65 13 1 5 0 2 70 224 0 1 1 25 59 315 0 1 1 25 69 55 0 1 1 25 62 15 0 1 1 25 60
4/4 10 0 1 0 0 67 11 0 1 0 0 62 224 0 1 0 0 56 315 0 1 0 0 70 55 0 1 0 0 56 15 0 1 0 0 70 51 0 1 0 2 63 52 0 1 0 2 74
4/4 61 0 1 0 0 62 62 0 1 0 0 68 224 0 1 0 0 71 315 0 1 0 0 62 55 0 1 0 0 72 15 0 1 0 0 55 32 0 1 0 2 63 33 0 1 0 2 67
4/4 62 0 1 0 0 72 63 0 1 0 0 66 224 0 1 0 0 54 315 0 1 0 0 64 55 0 1 0 0 57 15 0 1 0 0 63 72 0 1 0 2 66 73 0 1 0 2 71
4/4 222 0 1 0 0 70 223 0 1 0 0 73 224 0 1 0 0 67 315 0 1 0 0 67 55 0 1 0 0 65 15 0 1 0 0 65 33 0 1 0 2 66 34 0 1 0 2 66 615 0 1 0 3 56 75 0 1 0 3 72 25 0 1 0 3 68 56 0 1 0 3 63
4/4 221 0 1 0 0 60 222 0 1 0 0 57 615 0 1 0 0 57 75 0 1 0 0 54 25 0 1 0 0 63 56 0 1 0 0 72 525 0 1 0 3 73 615 0 1 0 3 60 15 0 1 0 3 60 46 0 1 0 3 57
4/4 32 0 1 0 0 68 33 0 1 0 0 66 525 0 1 0 0 67 615 0 1 0 0 64 15 0 1 0 0 70 46 0 1 0 0 54
2/4 45 0 1 0 0 58 65 0 1 0 0 58 32 0 1 0 0 58 33 0 1 0 0 70 15 0 1 0 0 62 46 0 1 0 0 70
4/4 14 0 2 0 0 54 11 0 1 0 0 72 52 0 1 0 0 61 12 0 1 0 0 70 11 0 1 0 1 58 52 0 1 0 1 64 12 0 1 0 1 57 224 0 2 0 2 74 11 0 1 0 2 57 52 0 1 0 2 73 12 0 1 0 2 71 11 0 1 0 3 60 52 0 1 0 3 64 12 0 1 0 3 66
4/4 24 0 1 0 0 59 11 0 1 0 0 71 52 0 1 0 0 60 12 0 1 0 0 74 524 0 1 0 1 57 11 0 1 0 1 63 52 0 1 0 1 66 12 0 1 0 1 74 11 0 1 0 2 62 52 0 1 0 2 62 12 0 1 0 2 71 53 1 5 1 25 63 13 1 5 0 3 59 11 0 1 0 3 60 52 0 1 0 3 56 12 0 1 0 3 62 524 1 5 1 35 68
4/4 54 0 1 0 0 63 11 0 1 0 0 66 52 0 1 0 0 60 12 0 1 0 0 64 44 0 3 0 1 57 11 0 1 0 1 54 52 0 1 0 1 74 12 0 1 0 1 67 11 0 1 0 2 67 52 0 1 0 2 61 12 0 1 0 2 72 11 0 1 0 3 70 52 0 1 0 3 69 12 0 1 0 3 56
4/4 11 0 1 0 0 67 52 0 1 0 0 55 12 0 1 0 0 62 44 0 2 0 0 56 11 0 1 0 1 61 52 0 1 0 1 63 12 0 1 0 1 69 11 0 1 0 2 74 52 0 1 0 2 59 12 0 1 0 2 74 13 1 5 1 25 72 54 0 1 0 3 63 11 0 1 0 3 63 12 0 1 0 3 56 14 0 1 1 35 57 52 0 1 1 35 55
4/4 14 0 2 0 0 56 11 0 1 0 0 64 52 0 1 0 0 57 12 0 1 0 0 71 11 0 1 0 1 61 52 0 1 0 1 68 12 0 1 0 1 66 74 1 15 0 2 73 11 0 1 0 2 69 52 0 1 0 2 60 12 0 1 0 2 57 11 0 1 0 3 59 12 0 1 0 3 66 64 0 1 1 35 66 52 0 1 1 35 63 74 2 25 2 375 69
4/4 54 1 35 0 0 55 11 0 1 0 0 57 52 0 1 0 0 54 12 0 1 0 0 55 11 0 1 0 1 64 52 0 1 0 1 61 12 0 1 0 1 64 11 0 1 0 2 73 52 0 1 0 2 68 12 0 1 0 2 64 11 0 1 0 3 72 12 0 1 0 3 58 44 0 1 1 35 63 52 0 1 1 35 65
4/4 54 0 2 0 0 67 11 0 1 0 0 69 52 0 1 0 0 54 12 0 1 0 0 69 64 0 2 0 2 68 11 0 1 0 3 59 52 0 1 0 3 71 12 0 1 0 3 67 11 0 1 2 375 73 52 0 1 2 375 60 12 0 1 2 375 61
4/4 74 0 2 0 0 55 32 0 1 0 0 61 72 0 1 0 0 62 33 0 1 0 0 58 14 0 2 0 2 61 42 0 1 0 3 69 12 0 1 0 3 69 43 0 1 0 3 74
4/4 612 0 1 0 0 68 313 0 1 0 0 71 613 0 1 0 0 63 14 0 4 0 0 73 62 0 1 0 1 68 33 0 1 0 1 72 63 0 1 0 1 60 42 0 1 1 35 65 12 0 1 1 35 74 43 0 1 1 35 57
4/4 52 0 1 0 0 54 22 0 1 0 0 66 53 0 1 0 0 70 14 0 2 0 0 55 54 1 5 1 25 73 14 1 5 0 3 60 55 1 5 1 35 54
4/4 45 0 2 0 0 67 11 0 1 0 0 61 52 0 1 0 0 68 12 0 1 0 0 58 35 0 2 0 2 56 11 0 1 0 3 71 52 0 1 0 3 66 12 0 1 0 3 68 11 0 1 2 375 63 52 0 1 2 375 61 12 0 1 2 375 70
4/4 224 0 1 0 0 55 32 0 1 0 0 69 72 0 1 0 0 69 33 0 1 0 0 55 14 0 1 0 1 65 54 1 5 1 25 62 14 1 5 0 3 56 42 0 1 0 3 73 12 0 1 0 3 71 43 0 1 0 3 62 45 1 5 1 35 60
4/4 55 0 2 0 0 67 612 0 1 0 0 64 313 0 1 0 0 71 613 0 1 0 0 56 62 0 1 0 1 63 33 0 1 0 1 57 63 0 1 0 1 65 65 0 2 0 2 71 42 0 1 1 35 55 12 0 1 1 35 60 43 0 1 1 35 58
4/4 52 0 1 0 0 74 22 0 1 0 0 71 53 0 1 0 0 69 65 0 4 0 0 67
