4/4 12 1 5 0 0 64 53 1 5 1 5 64 23 1 15 0 1 64 53 1 5 1 25 64 34 1 5 0 3 64 23 1 5 1 35 64
4/4 12 1 5 0 0 64 53 1 5 1 5 64 23 1 15 0 1 64 53 1 5 1 25 64 34 1 5 0 3 64 23 1 5 1 35 64
4/4 12 1 5 0 0 64 53 1 5 1 5 64 23 1 15 0 1 64 53 1 5 1 25 64 34 1 5 0 3 64 23 1 5 1 35 64
4/4 12 1 5 0 0 64 53 1 5 1 5 64 23 1 15 0 1 64 53 1 5 1 25 64 34 1 5 0 3 64 23 1 5 1 35 64
4/4 15 0 1 0 0 64 46 0 1 0 0 64 75 0 1 0 0 64 62 1 5 0 0 64 33 1 5 1 5 64 73 1 15 0 1 64 33 1 5 1 25 64 13 1 5 0 3 64 73 1 5 1 35 64
4/4 62 1 5 0 0 64 15 0 1 0 0 64 46 0 1 0 0 64 75 0 1 0 0 64 33 1 5 1 5 64 73 1 15 0 1 64 33 1 5 1 25 64 13 1 5 0 3 64 73 1 5 1 35 64
4/4 24 0 1 0 0 64 55 0 1 0 0 64 14 0 1 0 0 64 12 1 5 0 0 64 53 1 5 1 5 64 23 1 15 0 1 64 53 1 5 1 25 64 34 1 5 0 3 64 23 1 5 1 35 64
4/4 12 1 5 0 0 64 24 0 1 0 0 64 55 0 1 0 0 64 14 0 1 0 0 64 53 1 5 1 5 64 23 1 15 0 1 64 53 1 5 1 25 64 15 0 1 0 3 64 33 0 1 0 3 64 36 0 1 1 35 64 22 0 1 1 35 64
4/4 46 0 1 0 0 64 221 0 1 0 0 64 46 0 1 1 5 64 62 0 1 1 5 64 46 1 5 0 1 64 34 1 15 0 1 64 46 1 5 1 15 64 46 0 1 0 2 64 63 1 5 1 25 64 36 0 1 0 3 64 43 0 1 0 3 64 15 0 1 1 35 64 33 0 1 1 35 64
4/4 75 0 1 0 0 64 33 1 5 0 0 64 73 1 5 1 5 64 15 1 5 0 1 64 44 1 15 0 1 64 45 1 5 1 15 64 75 0 1 0 2 64 73 1 5 1 25 64 15 0 1 0 3 64 53 0 1 0 3 64 36 0 1 1 35 64 43 0 1 1 35 64
4/4 46 0 1 0 0 64 221 0 1 0 0 64 46 0 1 1 5 64 62 0 1 1 5 64 46 1 5 0 1 64 34 1 15 0 1 64 46 1 5 1 15 64 46 1 5 0 2 64 56 0 1 1 25 64 62 0 1 1 25 64 46 2 25 2 275 64 36 0 1 0 3 64 43 0 1 0 3 64 15 0 1 1 35 64 33 0 1 1 35 64
4/4 75 0 2 0 0 64 33 1 5 0 0 64 73 1 5 1 5 64 44 1 15 0 1 64 64 0 1 0 2 64 73 1 5 1 25 64 74 0 1 0 3 64 54 1 5 0 3 64 44 1 5 1 35 64
4/4 14 0 1 0 0 64 43 1 5 0 0 64 13 1 5 1 5 64 14 0 1 0 1 64 53 0 1 0 1 64 14 1 5 1 15 64 64 1 25 1 15 64 14 0 1 0 2 64 35 1 5 0 3 64 45 1 5 1 35 64
4/4 14 0 3 0 0 64 43 1 5 0 0 64 13 1 5 1 5 64 54 1 5 0 1 64 64 1 5 1 15 64 43 0 1 0 2 64 44 1 5 0 3 64 33 0 1 0 3 64 64 1 5 1 35 64
4/4 74 0 1 0 0 64 221 0 1 0 0 64 74 0 1 1 5 64 62 0 1 1 5 64 74 1 5 0 1 64 34 1 15 0 1 64 14 1 5 1 15 64 44 0 1 0 2 64 63 1 5 1 25 64 44 0 1 0 3 64 43 0 1 0 3 64 64 0 1 1 35 64 33 0 1 1 35 64
4/4 74 0 1 0 0 64 32 0 1 0 0 64 74 0 1 1 5 64 72 0 1 1 5 64 74 1 5 0 1 64 44 1 15 0 1 64 14 1 5 1 15 64 44 0 1 0 2 64 73 1 5 1 25 64 74 0 1 0 3 64 54 1 5 0 3 64 44 1 5 1 35 64
4/4 14 0 4 0 0 64 44 0 2 0 0 64 12 1 5 0 0 64 53 1 5 1 5 64 23 1 15 0 1 64 54 0 2 0 2 64 53 1 5 1 25 64 34 1 5 0 3 64 23 1 5 1 35 64
4/4 74 0 2 0 0 64 12 1 5 0 0 64 14 0 4 0 0 64 53 1 5 1 5 64 23 1 15 0 1 64 14 0 2 0 2 64 53 1 5 1 25 64 34 1 5 0 3 64 23 1 5 1 35 64
4/4 74 0 1 0 0 64 14 0 1 0 0 64 35 0 1 0 0 64 55 0 1 0 0 64 62 0 1 0 0 64 62 0 1 0 0 64
4/4 74 0 1 0 0 64 14 0 1 0 0 64 35 0 1 0 0 64 55 0 1 0 0 64 72 0 1 0 0 64 72 0 1 0 0 64
4/4 14 0 1 0 0 64 24 0 1 0 0 64 35 0 1 0 0 64 55 0 1 0 0 64 12 0 1 0 0 64 12 0 1 0 0 64
4/4 54 0 1 0 1 64 14 0 1 0 2 64 55 0 1 0 3 64
4/4 55 0 2 0 0 64 45 0 2 0 2 64
5/4 45 0 1 0 0 64 35 1 5 0 1 64 24 1 5 1 15 64 54 1 5 0 2 64 74 1 5 1 25 64 14 0 2 0 3 64
4/4 14 0 1 0 0 64 14 0 1 0 1 64 35 0 1 0 2 64 55 0 1 0 3 64
4/4 75 0 2 0 0 64 45 0 1 0 2 64 55 1 5 0 3 64 75 1 5 1 35 64
4/4 45 0 1 0 0 64 55 1 5 0 1 64 75 1 5 1 15 64 35 1 5 0 2 64 24 1 5 1 25 64 54 1 5 0 3 64 74 1 5 1 35 64
4/4 14 1 15 0 0 64 13 1 5 0 0 64 54 1 5 1 5 64 14 0 3 0 1 64 24 1 5 1 15 64 55 0 1 0 2 64
2/4 54 1 5 1 5 64 14 1 5 0 1 64 55 1 5 1 15 64
4/4 55 0 1 0 0 64 63 1 5 0 0 64 34 1 5 1 5 64 45 0 1 0 1 64 63 0 1 0 1 64 74 0 1 0 2 64 35 1 5 0 3 64 24 1 5 1 35 64
4/4 54 0 1 0 0 64 11 0 1 0 0 64 74 0 1 1 5 64 52 0 1 1 5 64 14 0 1 0 1 64 12 0 1 0 1 64 23 0 1 0 2 64 14 1 5 1 25 64 35 1 5 0 3 64 55 1 5 1 35 64
4/4 75 1 15 0 0 64 54 1 5 0 0 64 74 1 5 1 5 64 24 0 1 0 1 64 55 1 5 1 15 64 615 1 15 0 2 64 44 1 5 0 2 64 614 1 5 1 25 64 24 0 1 0 3 64 45 1 5 1 35 64
4/4 55 0 4 0 0 64 53 1 5 0 0 64 23 1 5 1 5 64 54 1 5 0 1 64 614 1 5 1 15 64 24 0 1 0 2 64
4/4 55 0 2 0 0 64 64 0 1 0 0 64 14 0 1 0 0 64 24 0 1 0 0 64 62 0 1 0 0 64 62 0 1 0 0 64 45 0 2 0 2 64
4/4 45 0 2 0 0 64 54 0 1 0 0 64 74 0 1 0 0 64 14 0 1 0 0 64 52 0 1 0 0 64 52 0 1 0 0 64 24 0 2 0 2 64
