4/4 11 1 5 0 0 64 52 1 5 1 5 64 22 1 15 0 1 64 52 1 5 1 25 64 33 1 5 0 3 64 22 1 5 1 35 64
4/4 11 1 5 0 0 64 52 1 5 1 5 64 22 1 15 0 1 64 52 1 5 1 25 64 33 1 5 0 3 64 22 1 5 1 35 64
4/4 11 1 5 0 0 64 52 1 5 1 5 64 22 1 15 0 1 64 52 1 5 1 25 64 33 1 5 0 3 64 22 1 5 1 35 64
4/4 11 1 5 0 0 64 52 1 5 1 5 64 22 1 15 0 1 64 52 1 5 1 25 64 33 1 5 0 3 64 22 1 5 1 35 64
4/4 14 0 1 0 0 64 45 0 1 0 0 64 75 0 1 0 0 64 61 1 5 0 0 64 32 1 5 1 5 64 72 1 15 0 1 64 32 1 5 1 25 64 12 1 5 0 3 64 72 1 5 1 35 64
4/4 61 1 5 0 0 64 14 0 1 0 0 64 45 0 1 0 0 64 75 0 1 0 0 64 32 1 5 1 5 64 72 1 15 0 1 64 32 1 5 1 25 64 12 1 5 0 3 64 72 1 5 1 35 64
4/4 23 0 1 0 0 64 54 0 1 0 0 64 14 0 1 0 0 64 11 1 5 0 0 64 52 1 5 1 5 64 22 1 15 0 1 64 52 1 5 1 25 64 33 1 5 0 3 64 22 1 5 1 35 64
4/4 11 1 5 0 0 64 23 0 1 0 0 64 54 0 1 0 0 64 14 0 1 0 0 64 52 1 5 1 5 64 22 1 15 0 1 64 52 1 5 1 25 64 14 0 1 0 3 64 33 0 1 0 3 64 35 0 1 1 35 64 22 0 1 1 35 64
4/4 45 0 1 0 0 64 221 0 1 0 0 64 45 0 1 1 5 64 62 0 1 1 5 64 45 1 5 0 1 64 33 1 15 0 1 64 45 1 5 1 15 64 45 0 1 0 2 64 62 1 5 1 25 64 35 0 1 0 3 64 43 0 1 0 3 64 14 0 1 1 35 64 33 0 1 1 35 64
4/4 74 0 1 0 0 64 32 1 5 0 0 64 72 1 5 1 5 64 14 1 5 0 1 64 43 1 15 0 1 64 44 1 5 1 15 64 74 0 1 0 2 64 72 1 5 1 25 64 14 0 1 0 3 64 53 0 1 0 3 64 35 0 1 1 35 64 43 0 1 1 35 64
4/4 45 0 1 0 0 64 221 0 1 0 0 64 45 0 1 1 5 64 62 0 1 1 5 64 45 1 5 0 1 64 33 1 15 0 1 64 45 1 5 1 15 64 45 1 5 0 2 64 55 0 1 1 25 64 62 0 1 1 25 64 45 2 25 2 275 64 35 0 1 0 3 64 43 0 1 0 3 64 14 0 1 1 35 64 33 0 1 1 35 64
4/4 74 0 2 0 0 64 32 1 5 0 0 64 72 1 5 1 5 64 43 1 15 0 1 64 63 0 1 0 2 64 72 1 5 1 25 64 73 0 1 0 3 64 53 1 5 0 3 64 43 1 5 1 35 64
4/4 13 0 1 0 0 64 42 1 5 0 0 64 12 1 5 1 5 64 13 0 1 0 1 64 53 0 1 0 1 64 13 1 5 1 15 64 63 1 25 1 15 64 13 0 1 0 2 64 34 1 5 0 3 64 44 1 5 1 35 64
4/4 13 0 3 0 0 64 42 1 5 0 0 64 12 1 5 1 5 64 53 1 5 0 1 64 63 1 5 1 15 64 42 0 1 0 2 64 43 1 5 0 3 64 32 0 1 0 3 64 63 1 5 1 35 64
4/4 73 0 1 0 0 64 221 0 1 0 0 64 73 0 1 1 5 64 62 0 1 1 5 64 73 1 5 0 1 64 33 1 15 0 1 64 13 1 5 1 15 64 43 0 1 0 2 64 62 1 5 1 25 64 43 0 1 0 3 64 43 0 1 0 3 64 63 0 1 1 35 64 33 0 1 1 35 64
4/4 73 0 1 0 0 64 32 0 1 0 0 64 73 0 1 1 5 64 72 0 1 1 5 64 73 1 5 0 1 64 43 1 15 0 1 64 13 1 5 1 15 64 43 0 1 0 2 64 72 1 5 1 25 64 73 0 1 0 3 64 53 1 5 0 3 64 43 1 5 1 35 64
4/4 13 0 4 0 0 64 43 0 2 0 0 64 11 1 5 0 0 64 52 1 5 1 5 64 22 1 15 0 1 64 53 0 2 0 2 64 52 1 5 1 25 64 33 1 5 0 3 64 22 1 5 1 35 64
4/4 73 0 2 0 0 64 11 1 5 0 0 64 13 0 4 0 0 64 52 1 5 1 5 64 22 1 15 0 1 64 13 0 2 0 2 64 52 1 5 1 25 64 33 1 5 0 3 64 22 1 5 1 35 64
4/4 73 0 1 0 0 64 13 0 1 0 0 64 34 0 1 0 0 64 54 0 1 0 0 64 61 0 1 0 0 64 62 0 1 0 0 64
4/4 73 0 1 0 0 64 13 0 1 0 0 64 34 0 1 0 0 64 54 0 1 0 0 64 71 0 1 0 0 64 72 0 1 0 0 64
4/4 13 0 1 0 0 64 23 0 1 0 0 64 34 0 1 0 0 64 54 0 1 0 0 64 11 0 1 0 0 64 12 0 1 0 0 64
4/4 53 0 1 0 1 64 13 0 1 0 2 64 54 0 1 0 3 64
4/4 54 0 2 0 0 64 44 0 2 0 2 64
5/4 44 0 1 0 0 64 34 1 5 0 1 64 23 1 5 1 15 64 53 1 5 0 2 64 73 1 5 1 25 64 13 0 2 0 3 64
4/4 13 0 1 0 0 64 13 0 1 0 1 64 34 0 1 0 2 64 54 0 1 0 3 64
4/4 74 0 2 0 0 64 44 0 1 0 2 64 54 1 5 0 3 64 74 1 5 1 35 64
4/4 44 0 1 0 0 64 54 1 5 0 1 64 74 1 5 1 15 64 34 1 5 0 2 64 23 1 5 1 25 64 53 1 5 0 3 64 73 1 5 1 35 64
4/4 13 1 15 0 0 64 12 1 5 0 0 64 53 1 5 1 5 64 13 0 3 0 1 64 23 1 5 1 15 64 54 0 1 0 2 64
2/4 53 1 5 1 5 64 13 1 5 0 1 64 54 1 5 1 15 64
4/4 54 0 1 0 0 64 62 1 5 0 0 64 33 1 5 1 5 64 44 0 1 0 1 64 63 0 1 0 1 64 73 0 1 0 2 64 34 1 5 0 3 64 23 1 5 1 35 64
4/4 53 0 1 0 0 64 11 0 1 0 0 64 73 0 1 1 5 64 52 0 1 1 5 64 13 0 1 0 1 64 12 0 1 0 1 64 22 0 1 0 2 64 13 1 5 1 25 64 34 1 5 0 3 64 54 1 5 1 35 64
4/4 74 1 15 0 0 64 53 1 5 0 0 64 73 1 5 1 5 64 23 0 1 0 1 64 54 1 5 1 15 64 614 1 15 0 2 64 43 1 5 0 2 64 613 1 5 1 25 64 23 0 1 0 3 64 44 1 5 1 35 64
4/4 54 0 4 0 0 64 52 1 5 0 0 64 22 1 5 1 5 64 53 1 5 0 1 64 613 1 5 1 15 64 23 0 1 0 2 64
4/4 54 0 2 0 0 64 63 0 1 0 0 64 13 0 1 0 0 64 23 0 1 0 0 64 61 0 1 0 0 64 62 0 1 0 0 64 44 0 2 0 2 64
4/4 44 0 2 0 0 64 53 0 1 0 0 64 73 0 1 0 0 64 13 0 1 0 0 64 51 0 1 0 0 64 52 0 1 0 0 64 23 0 2 0 2 64
