4/4 53 0 3 0 0 61 11 0 1 0 0 65 51 0 1 0 0 73 12 2 75 0 3 73 53 2 25 2 375 55
4/4 63 0 3 0 0 62 12 2 75 0 3 55 63 2 25 2 375 64
4/4 73 0 4 0 0 71 11 1 5 0 0 55 52 1 5 1 5 65 52 1 5 0 1 65 42 1 5 1 15 74 52 0 2 0 2 54
4/4 13 0 4 0 0 60 52 0 4 0 0 74
4/4 13 0 4 0 0 70 52 0 4 0 0 66
4/4 12 0 1 0 0 58 11 0 1 0 0 62 31 0 1 0 0 61 33 0 1 1 5 54 51 0 1 1 5 56
4/4 12 0 1 0 2 74 11 0 1 0 2 56 31 0 1 0 2 56 33 0 1 1 25 55 521 0 1 1 25 67
4/4 12 0 1 0 0 70 11 0 1 0 0 64 31 0 1 0 0 68 33 0 1 1 5 68 51 0 1 1 5 59
4/4 12 0 1 0 2 70 11 0 1 0 2 66 31 0 1 0 2 62 33 0 1 1 25 54 521 0 1 1 25 72
4/4 12 0 1 0 0 69 11 0 1 0 0 57 31 0 1 0 0 62 33 0 1 1 5 70 51 0 1 1 5 57
4/4 12 1 5 0 0 60 52 0 4 0 0 73 53 1 5 1 5 60 53 1 5 0 1 62 43 1 5 1 15 56 53 0 2 0 2 66
4/4 53 0 4 0 0 71 52 0 4 0 0 68
4/4 63 0 4 0 0 59 51 0 4 0 0 74 52 0 8 0 0 59
4/4 73 0 4 0 0 71 51 0 4 0 0 67
4/4 12 0 1 0 0 67 11 0 1 0 0 68 31 0 1 0 0 54 33 0 1 1 5 71 51 0 1 1 5 57 53 0 2 0 2 62
4/4 53 0 1 0 0 62 63 0 3 0 1 57 11 0 1 0 2 60 31 0 1 0 2 71 521 1 5 1 25 64
4/4 11 0 1 0 0 62 31 0 1 0 0 62 63 0 2 0 0 65 51 1 5 1 5 58 73 0 2 0 2 68
4/4 73 0 4 0 0 55 11 0 1 0 2 65 31 0 1 0 2 64 521 1 5 1 25 63
4/4 12 0 1 0 0 59 53 0 1 0 0 71 11 0 1 0 0 66 51 0 1 0 0 69 11 0 1 0 0 64 12 0 1 1 5 67 53 0 1 1 5 65 11 0 1 1 5 70 51 0 1 1 5 62 11 0 1 1 5 59 12 0 1 1 15 57 53 0 1 1 15 71 11 0 1 1 15 64 51 0 1 1 15 54 11 0 1 1 15 71 12 0 1 2 175 74 53 0 1 2 175 54 11 0 1 2 175 57 51 0 1 2 175 67 11 0 1 2 175 58 12 0 1 0 2 56 53 0 1 0 2 62 11 0 1 0 2 57 51 0 1 0 2 63 11 0 1 0 2 67
4/4
4/4 12 0 1 0 0 66 53 0 1 0 0 65 11 0 1 0 0 56 51 0 1 0 0 73 11 0 1 0 0 65 12 0 1 1 5 68 53 0 1 1 5 71 11 0 1 1 5 63 51 0 1 1 5 74 11 0 1 1 5 66 12 0 1 1 15 65 53 0 1 1 15 65 11 0 1 1 15 62 51 0 1 1 15 72 11 0 1 1 15 66 12 0 1 2 175 59 53 0 1 2 175 55 11 0 1 2 175 61 51 0 1 2 175 56 11 0 1 2 175 56 12 0 1 0 2 72 53 0 1 0 2 65 11 0 1 0 2 64 51 0 1 0 2 65 11 0 1 0 2 67
4/4
4/4 12 0 1 0 0 62 11 0 1 0 0 54 33 0 1 3 333 59 31 0 1 3 333 69 22 3 333 3 667 61 33 0 1 0 1 58
4/4 12 3 333 0 0 74 33 3 333 3 333 60 22 3 333 3 667 55 33 3 667 0 1 64 43 3 333 3 1667 54 523 3 667 0 2 67 31 3 333 0 2 55 521 3 333 3 2333 58 33 3 333 3 2667 72
4/4 12 0 1 0 0 71 11 0 1 0 0 73 33 0 1 3 333 65 31 0 1 3 333 61 22 3 333 3 667 58 33 0 1 0 1 61
4/4 12 3 333 0 0 68 33 3 333 3 333 55 22 3 333 3 667 61 33 3 667 0 1 63 43 3 333 3 1667 68 523 3 667 0 2 64 31 3 333 0 2 66 521 3 333 3 2333 59 33 3 333 3 2667 72
4/4 12 0 1 0 0 70 11 0 1 0 0 70 33 0 1 3 333 70 51 0 1 3 333 61 11 0 1 3 333 58 22 3 333 3 667 70 33 0 1 0 1 67
4/4 12 3 333 0 0 64 33 3 333 3 333 54 22 3 333 3 667 73 33 3 667 0 1 67 43 3 333 3 1667 70 523 3 667 0 2 70 31 3 333 0 2 58 521 0 1 3 2333 54 11 0 1 3 2333 70 33 3 333 3 2667 65 63 3 667 0 3 63 43 3 333 3 3667 65
4/4 73 3 667 0 0 66 11 3 333 0 0 61 51 0 1 3 333 59 11 0 1 3 333 58 53 3 333 3 667 69 13 3 667 0 1 69 613 3 333 3 1667 54 23 3 667 0 2 59 73 3 333 3 2667 66 34 3 667 0 3 72 13 3 333 3 3667 67
4/4 524 0 1 0 0 58 522 0 1 0 0 57 34 0 1 1 35 62 32 0 1 1 35 74
4/4 64 0 1 0 0 73 62 0 1 0 0 69 44 0 1 1 15 56 42 0 1 1 15 69 74 0 1 0 2 71 72 0 1 0 2 58 54 0 1 1 35 55 52 0 1 1 35 55
4/4 224 0 1 0 0 71 222 0 1 0 0 58
4/4 23 0 1 0 0 68 23 0 1 0 0 69
4/4 33 0 1 0 0 62 53 0 1 0 0 70 13 0 1 0 0 57 11 0 1 0 0 73 51 0 1 0 0 65 11 0 1 0 0 56 33 0 1 1 5 67 53 0 1 1 5 64 13 0 1 1 5 71 11 0 1 1 5 69 51 0 1 1 5 70 11 0 1 1 5 55 33 0 1 1 15 69 53 0 1 1 15 61 13 0 1 1 15 55 11 0 1 1 15 60 51 0 1 1 15 60 11 0 1 1 15 58 33 0 1 2 175 54 53 0 1 2 175 55 13 0 1 2 175 61 11 0 1 2 175 57 51 0 1 2 175 73 11 0 1 2 175 65 33 0 1 0 2 72 53 0 1 0 2 59 13 0 1 0 2 65 11 0 1 0 2 64 51 0 1 0 2 68 11 0 1 0 2 65
4/4 53 0 3 0 0 61 32 0 4 0 0 65 11 1 5 0 0 64 11 1 5 1 5 70 11 2 25 1 15 68 11 2 25 2 175 61 11 0 1 0 2 64 12 2 75 0 3 56 53 2 25 2 375 66
4/4 63 0 3 0 0 65 21 0 4 0 0 65 71 1 5 0 0 71 71 1 5 1 5 67 71 2 25 1 15 61 71 2 25 2 175 57 71 0 1 0 2 70 12 2 75 0 3 64 63 2 25 2 375 55
4/4 73 0 1 0 0 55 41 0 1 0 0 72 61 1 5 0 0 68 61 1 5 1 5 70 61 2 25 1 15 54 61 2 25 2 175 64 61 0 1 0 2 71
4/4 54 0 1 0 0 56 55 0 1 0 0 73 52 0 1 0 0 55
