4/4 24 0 1 0 0 68 52 0 1 0 0 71 24 2 25 2 25 74 14 0 1 1 5 72 53 0 1 1 5 59 55 2 25 2 75 57 43 1 5 1 15 70 52 1 5 0 2 57 53 1 5 1 25 67 24 2 25 0 3 54 54 2 25 2 325 74 24 0 1 1 35 68 43 0 1 1 35 63 54 2 25 2 375 71
4/4 24 0 1 0 0 54 52 0 1 0 0 68 24 2 25 2 25 57 14 0 1 1 5 62 53 0 1 1 5 72 55 2 25 2 75 70 43 1 5 1 15 70 52 1 5 0 2 55 53 1 5 1 25 57 24 2 25 0 3 71 54 2 25 2 325 62 24 0 1 1 35 74 43 0 1 1 35 57 54 2 25 2 375 55
2/4 24 0 1 0 0 57 52 0 1 0 0 57 24 2 25 2 25 63 14 0 1 1 5 67 53 0 1 1 5 67 55 2 25 2 75 69 43 1 5 1 15 54
3/4 44 1 5 0 0 71 13 1 5 1 5 72 43 1 5 0 1 65
4/4 33 0 1 0 0 61 22 0 1 0 2 73
2/4
4/4 53 1 5 0 0 60 53 0 4 0 0 56 23 1 35 1 5 55 54 0 3 0 1 57
4/4 53 1 5 0 0 55 53 0 4 0 0 57 23 1 35 1 5 71 64 0 3 0 1 70
4/4 53 1 5 0 0 54 53 0 4 0 0 63 23 1 35 1 5 63 54 0 3 0 1 54
4/4 53 1 5 0 0 62 53 0 4 0 0 63 23 1 35 1 5 62 64 0 3 0 1 57
4/4 12 0 1 0 0 59 13 0 1 0 0 67
4/4 14 0 4 0 0 56 35 0 1 0 0 63 45 0 1 0 0 61 33 0 1 0 0 54 34 0 1 0 0 72
4/4 24 0 1 0 0 63 55 0 1 0 0 63 43 0 1 0 0 67 44 0 1 0 0 56 14 0 4 0 0 70
2/4 54 1 5 1 5 68 14 1 5 0 1 67 55 1 5 1 15 74
3/4 45 1 5 0 0 74 74 1 5 1 5 64 35 1 5 0 1 65 64 1 5 1 15 69 24 0 1 0 2 63
3/4 54 0 1 0 0 62 52 0 1 0 0 64
4/4 13 0 1 0 0 58 34 0 1 0 0 61 64 0 1 0 0 55 42 0 1 0 0 68 43 0 1 0 0 61 13 0 1 0 2 63 34 0 1 0 2 71 74 0 1 0 2 63 32 0 1 0 2 63 33 0 1 0 2 62
4/4 23 0 1 0 0 59 54 0 1 0 0 67 14 0 1 0 0 62 21 0 1 0 0 72 22 0 1 0 0 73
4/4 53 1 5 0 0 65 53 0 4 0 0 56 23 1 35 1 5 71 54 0 3 0 1 72
4/4 53 1 5 0 0 64 53 0 4 0 0 59 23 1 35 1 5 71 54 0 2 0 1 61 54 1 15 1 25 62 14 1 5 0 3 73 55 1 5 1 35 58
4/4 55 0 1 0 0 62 63 1 5 0 0 55 34 1 5 1 5 61 45 0 2 0 1 69 64 0 1 0 1 63 73 1 5 0 2 71 44 1 5 1 25 58 35 1 5 0 3 65 74 0 1 0 3 71 24 1 5 1 35 69
4/4 54 0 1 0 0 68 13 0 1 0 0 60 74 0 1 1 5 61 34 0 1 1 5 64 14 0 1 0 1 70 54 0 3 0 1 63 14 1 5 1 25 54 35 1 5 0 3 54 55 1 5 1 35 66
4/4 75 0 2 0 0 67 53 1 5 0 0 58 23 1 5 1 5 59 54 0 1 0 1 73 43 0 1 2 175 73 13 0 1 2 175 58 44 0 1 2 175 56 45 1 5 0 2 69 55 1 5 0 3 68 75 1 5 1 35 64
4/4 45 1 5 0 0 65 44 0 1 0 0 68 64 0 1 0 0 65 14 0 1 0 0 63 55 1 5 0 1 73 75 1 5 1 15 62 35 1 5 0 2 59 53 0 1 0 2 65 23 0 1 0 2 67 44 0 1 0 2 64 24 1 5 1 25 70 54 1 5 0 3 65 74 1 5 1 35 61
4/4 14 0 2 0 0 62 12 1 5 0 0 67 53 1 5 1 5 58 23 1 5 0 1 61 34 1 5 1 15 55 74 0 1 0 2 63 54 1 5 1 25 68 14 1 5 0 3 72 55 1 5 1 35 72
4/4 45 0 2 0 0 66 63 1 5 0 0 57 63 0 4 0 0 57 34 1 35 1 5 60 64 0 3 0 1 60 35 0 2 0 2 55
4/4 24 0 1 0 0 62 13 0 1 0 0 56 54 0 1 0 0 56
4/4 24 0 1 0 0 54 25 0 1 0 0 59 52 1 5 0 0 57 22 1 5 1 5 57 73 1 15 0 1 68 22 1 5 1 25 57 14 0 1 0 3 66 15 0 1 0 3 60 73 0 1 0 3 70 74 0 1 1 35 73 75 0 1 1 35 61 22 0 1 1 35 65
4/4 614 0 1 0 0 54 615 0 1 0 0 73 612 1 5 0 0 71 313 1 5 1 5 73 223 1 15 0 1 55 313 1 5 1 25 71 223 1 5 0 3 63 313 1 5 1 35 71
4/4 615 0 4 0 0 61 22 1 5 0 0 59 613 1 5 1 5 72 25 0 3 0 1 70 44 1 15 0 1 71 613 1 5 1 25 62 44 1 5 0 3 68 613 1 5 1 35 61
4/4 55 0 2 0 0 56 314 0 3 0 0 74 45 0 2 0 2 58 23 0 1 0 3 64
4/4 315 0 2 0 0 58 13 0 3 0 0 69 314 0 1 0 1 72 24 0 2 0 2 57 44 0 1 0 2 74 54 0 1 0 3 56 73 0 1 0 3 59
4/4 14 0 3 0 0 64 613 0 4 0 0 71 54 0 1 0 0 58 614 0 1 0 1 62 74 0 1 0 2 59 24 0 1 0 3 55 44 0 1 0 3 66
3/4 614 0 2 0 0 72 72 0 1 0 0 69 613 0 1 0 0 72 614 0 1 0 2 65 615 0 1 0 2 74 14 0 1 1 25 63 15 0 1 1 25 54
4/4 24 0 1 0 0 58 25 0 1 0 0 64 72 1 5 0 0 72 43 1 5 1 5 67 45 0 1 0 1 61 46 0 1 0 1 61 73 0 1 0 1 57 315 0 1 0 2 66 316 0 1 0 2 71 12 0 1 0 2 55 614 0 1 1 25 74 615 0 1 1 25 61 53 1 5 1 25 58 13 0 1 0 3 60 14 0 1 1 35 57 15 0 1 1 35 62
4/4 24 0 1 0 0 73 25 0 1 0 0 63 22 1 5 0 0 63 613 1 5 1 5 60 314 0 1 0 1 64 54 0 1 0 1 56 23 0 1 0 2 57 44 0 1 0 2 60 614 0 1 0 3 72 615 0 1 0 3 70 13 0 1 0 3 62 314 0 1 0 3 56 14 0 1 1 35 70 15 0 1 1 35 73
4/4 24 0 1 0 0 72 25 0 1 0 0 62 52 1 5 0 0 66 22 1 5 1 5 74 45 0 1 0 1 71 46 0 1 0 1 74 73 0 1 0 1 54 315 0 1 0 2 74 316 0 1 0 2 65 612 0 1 0 2 60 614 0 1 1 25 55 615 0 1 1 25 65 313 1 5 1 25 67 13 0 1 0 3 67 14 0 1 1 35 61 15 0 1 1 35 61
4/4 25 1 15 0 0 58 45 0 2 0 0 58 72 1 5 0 0 65 22 1 5 1 5 60 313 1 5 0 1 68 15 0 1 1 15 62 43 0 1 1 15 73 75 2 25 2 175 71 15 0 1 0 2 72 45 0 1 0 2 70 612 1 5 0 2 57 612 0 2 0 2 56 43 1 15 1 25 59 615 1 5 0 3 61 15 1 5 1 35 55
4/4 55 0 1 0 0 58 72 0 1 0 0 66 43 0 1 0 0 58 73 0 1 0 0 72 615 1 5 0 1 69 15 1 5 1 15 55 55 1 5 0 2 74 12 0 1 0 2 55 53 0 1 0 2 58 13 0 1 0 2 58 615 1 5 1 25 66 24 1 5 0 3 69 45 1 5 1 35 61
4/4 615 0 3 0 0 56 43 1 5 0 0 61 43 0 4 0 0 68 13 1 5 1 5 68 54 0 1 0 1 72 44 0 1 0 2 56 14 0 1 0 3 66 15 0 1 0 3 65 13 0 1 0 3 64 315 0 1 1 35 55 316 0 1 1 35 69
4/4 45 0 1 0 0 71 25 0 1 0 0 64 72 0 1 0 0 57 43 0 1 0 0 64 12 0 1 0 1 69 53 0 1 0 1 54
