4/4 24 0 1 0 0 64 52 0 1 0 0 64 24 2 25 2 25 64 14 0 1 1 5 64 53 0 1 1 5 64 55 2 25 2 75 64 43 1 5 1 15 64 52 1 5 0 2 64 53 1 5 1 25 64 24 2 25 0 3 64 54 2 25 2 325 64 24 0 1 1 35 64 43 0 1 1 35 64 54 2 25 2 375 64
4/4 24 0 1 0 0 64 52 0 1 0 0 64 24 2 25 2 25 64 14 0 1 1 5 64 53 0 1 1 5 64 55 2 25 2 75 64 43 1 5 1 15 64 52 1 5 0 2 64 53 1 5 1 25 64 24 2 25 0 3 64 54 2 25 2 325 64 24 0 1 1 35 64 43 0 1 1 35 64 54 2 25 2 375 64
2/4 24 0 1 0 0 64 52 0 1 0 0 64 24 2 25 2 25 64 14 0 1 1 5 64 53 0 1 1 5 64 55 2 25 2 75 64 43 1 5 1 15 64
3/4 44 1 5 0 0 64 13 1 5 1 5 64 43 1 5 0 1 64
4/4 33 0 1 0 0 64 22 0 1 0 2 64
2/4
4/4 53 1 5 0 0 64 53 0 4 0 0 64 23 1 35 1 5 64 54 0 3 0 1 64
4/4 53 1 5 0 0 64 53 0 4 0 0 64 23 1 35 1 5 64 64 0 3 0 1 64
4/4 53 1 5 0 0 64 53 0 4 0 0 64 23 1 35 1 5 64 54 0 3 0 1 64
4/4 53 1 5 0 0 64 53 0 4 0 0 64 23 1 35 1 5 64 64 0 3 0 1 64
4/4 12 0 1 0 0 64 13 0 1 0 0 64
4/4 14 0 4 0 0 64 35 0 1 0 0 64 45 0 1 0 0 64 33 0 1 0 0 64 34 0 1 0 0 64
4/4 24 0 1 0 0 64 55 0 1 0 0 64 43 0 1 0 0 64 44 0 1 0 0 64 14 0 4 0 0 64
2/4 54 1 5 1 5 64 14 1 5 0 1 64 55 1 5 1 15 64
3/4 45 1 5 0 0 64 74 1 5 1 5 64 35 1 5 0 1 64 64 1 5 1 15 64 24 0 1 0 2 64
3/4 54 0 1 0 0 64 52 0 1 0 0 64
4/4 13 0 1 0 0 64 34 0 1 0 0 64 64 0 1 0 0 64 42 0 1 0 0 64 43 0 1 0 0 64 13 0 1 0 2 64 34 0 1 0 2 64 74 0 1 0 2 64 32 0 1 0 2 64 33 0 1 0 2 64
4/4 23 0 1 0 0 64 54 0 1 0 0 64 14 0 1 0 0 64 21 0 1 0 0 64 22 0 1 0 0 64
4/4 53 1 5 0 0 64 53 0 4 0 0 64 23 1 35 1 5 64 54 0 3 0 1 64
4/4 53 1 5 0 0 64 53 0 4 0 0 64 23 1 35 1 5 64 54 0 2 0 1 64 54 1 15 1 25 64 14 1 5 0 3 64 55 1 5 1 35 64
4/4 55 0 1 0 0 64 63 1 5 0 0 64 34 1 5 1 5 64 45 0 2 0 1 64 64 0 1 0 1 64 73 1 5 0 2 64 44 1 5 1 25 64 35 1 5 0 3 64 74 0 1 0 3 64 24 1 5 1 35 64
4/4 54 0 1 0 0 64 13 0 1 0 0 64 74 0 1 1 5 64 34 0 1 1 5 64 14 0 1 0 1 64 54 0 3 0 1 64 14 1 5 1 25 64 35 1 5 0 3 64 55 1 5 1 35 64
4/4 75 0 2 0 0 64 53 1 5 0 0 64 23 1 5 1 5 64 54 0 1 0 1 64 43 0 1 2 175 64 13 0 1 2 175 64 44 0 1 2 175 64 45 1 5 0 2 64 55 1 5 0 3 64 75 1 5 1 35 64
4/4 45 1 5 0 0 64 44 0 1 0 0 64 64 0 1 0 0 64 14 0 1 0 0 64 55 1 5 0 1 64 75 1 5 1 15 64 35 1 5 0 2 64 53 0 1 0 2 64 23 0 1 0 2 64 44 0 1 0 2 64 24 1 5 1 25 64 54 1 5 0 3 64 74 1 5 1 35 64
4/4 14 0 2 0 0 64 12 1 5 0 0 64 53 1 5 1 5 64 23 1 5 0 1 64 34 1 5 1 15 64 74 0 1 0 2 64 54 1 5 1 25 64 14 1 5 0 3 64 55 1 5 1 35 64
4/4 45 0 2 0 0 64 63 1 5 0 0 64 63 0 4 0 0 64 34 1 35 1 5 64 64 0 3 0 1 64 35 0 2 0 2 64
4/4 24 0 1 0 0 64 13 0 1 0 0 64 54 0 1 0 0 64
4/4 24 0 1 0 0 64 25 0 1 0 0 64 52 1 5 0 0 64 22 1 5 1 5 64 73 1 15 0 1 64 22 1 5 1 25 64 14 0 1 0 3 64 15 0 1 0 3 64 73 0 1 0 3 64 74 0 1 1 35 64 75 0 1 1 35 64 22 0 1 1 35 64
4/4 614 0 1 0 0 64 615 0 1 0 0 64 612 1 5 0 0 64 313 1 5 1 5 64 223 1 15 0 1 64 313 1 5 1 25 64 223 1 5 0 3 64 313 1 5 1 35 64
4/4 615 0 4 0 0 64 22 1 5 0 0 64 613 1 5 1 5 64 25 0 3 0 1 64 44 1 15 0 1 64 613 1 5 1 25 64 44 1 5 0 3 64 613 1 5 1 35 64
4/4 55 0 2 0 0 64 314 0 3 0 0 64 45 0 2 0 2 64 23 0 1 0 3 64
4/4 315 0 2 0 0 64 13 0 3 0 0 64 314 0 1 0 1 64 24 0 2 0 2 64 44 0 1 0 2 64 54 0 1 0 3 64 73 0 1 0 3 64
4/4 14 0 3 0 0 64 613 0 4 0 0 64 54 0 1 0 0 64 614 0 1 0 1 64 74 0 1 0 2 64 24 0 1 0 3 64 44 0 1 0 3 64
3/4 614 0 2 0 0 64 72 0 1 0 0 64 613 0 1 0 0 64 614 0 1 0 2 64 615 0 1 0 2 64 14 0 1 1 25 64 15 0 1 1 25 64
4/4 24 0 1 0 0 64 25 0 1 0 0 64 72 1 5 0 0 64 43 1 5 1 5 64 45 0 1 0 1 64 46 0 1 0 1 64 73 0 1 0 1 64 315 0 1 0 2 64 316 0 1 0 2 64 12 0 1 0 2 64 614 0 1 1 25 64 615 0 1 1 25 64 53 1 5 1 25 64 13 0 1 0 3 64 14 0 1 1 35 64 15 0 1 1 35 64
4/4 24 0 1 0 0 64 25 0 1 0 0 64 22 1 5 0 0 64 613 1 5 1 5 64 314 0 1 0 1 64 54 0 1 0 1 64 23 0 1 0 2 64 44 0 1 0 2 64 614 0 1 0 3 64 615 0 1 0 3 64 13 0 1 0 3 64 314 0 1 0 3 64 14 0 1 1 35 64 15 0 1 1 35 64
4/4 24 0 1 0 0 64 25 0 1 0 0 64 52 1 5 0 0 64 22 1 5 1 5 64 45 0 1 0 1 64 46 0 1 0 1 64 73 0 1 0 1 64 315 0 1 0 2 64 316 0 1 0 2 64 612 0 1 0 2 64 614 0 1 1 25 64 615 0 1 1 25 64 313 1 5 1 25 64 13 0 1 0 3 64 14 0 1 1 35 64 15 0 1 1 35 64
4/4 25 1 15 0 0 64 45 0 2 0 0 64 72 1 5 0 0 64 22 1 5 1 5 64 313 1 5 0 1 64 15 0 1 1 15 64 43 0 1 1 15 64 75 2 25 2 175 64 15 0 1 0 2 64 45 0 1 0 2 64 612 1 5 0 2 64 612 0 2 0 2 64 43 1 15 1 25 64 615 1 5 0 3 64 15 1 5 1 35 64
4/4 55 0 1 0 0 64 72 0 1 0 0 64 43 0 1 0 0 64 73 0 1 0 0 64 615 1 5 0 1 64 15 1 5 1 15 64 55 1 5 0 2 64 12 0 1 0 2 64 53 0 1 0 2 64 13 0 1 0 2 64 615 1 5 1 25 64 24 1 5 0 3 64 45 1 5 1 35 64
4/4 615 0 3 0 0 64 43 1 5 0 0 64 43 0 4 0 0 64 13 1 5 1 5 64 54 0 1 0 1 64 44 0 1 0 2 64 14 0 1 0 3 64 15 0 1 0 3 64 13 0 1 0 3 64 315 0 1 1 35 64 316 0 1 1 35 64
4/4 45 0 1 0 0 64 25 0 1 0 0 64 72 0 1 0 0 64 43 0 1 0 0 64 12 0 1 0 1 64 53 0 1 0 1 64
