4/4 33 0 1 0 3 63 31 0 1 0 3 69 523 0 1 2 325 74 522 0 1 2 325 62 612 0 1 2 325 63 612 0 1 1 35 73 13 0 1 1 35 64 11 0 1 1 35 56 34 0 1 2 375 65 32 0 1 2 375 64
4/4 524 0 1 0 0 56 522 0 1 0 0 67
3/4 315 1 5 0 0 62 35 1 5 1 5 61 525 1 5 0 1 63 315 1 5 1 15 67 35 1 5 0 2 56 224 0 1 1 25 60 712 0 1 1 25 56 522 0 1 1 25 56
3/4 315 1 5 0 0 59 12 0 1 0 0 65 52 0 1 0 0 62 35 1 5 1 5 67 525 1 5 0 1 68 315 1 5 1 15 65 35 1 5 0 2 72 224 0 1 1 25 70 712 0 1 1 25 71 522 0 1 1 25 62
3/4 315 1 5 0 0 58 12 0 1 0 0 60 52 0 1 0 0 65 35 1 5 1 5 64 525 1 5 0 1 66 315 1 5 1 15 61 35 1 5 0 2 65 224 1 5 1 25 66
3/4 315 1 5 0 0 74 35 1 5 1 5 72 525 1 5 0 1 66 315 1 5 1 15 69 35 1 5 0 2 70 224 0 1 1 25 70 712 0 1 1 25 70 522 0 1 1 25 74
3/4 315 1 5 0 0 69 12 0 1 0 0 72 52 0 1 0 0 58 35 1 5 1 5 63 525 1 5 0 1 62 315 1 5 1 15 65 35 1 5 0 2 59 224 0 1 1 25 67 712 0 1 1 25 68 522 0 1 1 25 59
3/4 315 1 5 0 0 72 12 0 1 0 0 56 52 0 1 0 0 68 35 1 5 1 5 68 525 1 5 0 1 65 315 1 5 1 15 62 35 1 5 0 2 72 224 1 5 1 25 60
3/4 315 1 5 0 0 66 712 0 1 0 0 65 522 0 1 0 0 74 35 1 5 1 5 70 525 1 5 0 1 73 315 1 5 1 15 70 35 1 5 0 2 67 224 1 5 1 25 67
3/4 315 1 5 0 0 70 712 0 1 0 0 66 522 0 1 0 0 74 35 1 5 1 5 59 525 1 5 0 1 66 315 1 5 1 15 71 35 1 5 0 2 68 224 1 5 1 25 63
4/4 63 0 1 0 0 67 61 0 1 0 0 68 713 0 1 2 25 70 712 0 1 2 25 67 21 0 1 2 25 56 23 0 1 1 5 54 43 0 1 1 5 64 43 0 1 1 5 56 63 0 1 2 75 62 64 0 1 2 75 66 712 0 1 2 75 70 714 3 333 0 1 59
4/4 714 0 1 0 0 65 712 0 1 0 0 67
3/4 65 1 5 0 0 56 55 1 5 1 5 69 75 1 5 0 1 62 65 1 5 1 15 54 55 1 5 0 2 63 45 0 1 1 25 61 11 0 1 1 25 60
3/4 65 1 5 0 0 73 63 1 25 0 0 57 55 1 5 1 5 65 75 1 5 0 1 59 65 1 5 1 15 59 55 1 5 0 2 67 45 0 1 1 25 61 52 0 1 1 25 73
3/4 65 1 5 0 0 63 712 0 2 0 0 58 55 1 5 1 5 65 75 1 5 0 1 66 65 1 5 1 15 59 55 1 5 0 2 74 45 0 1 1 25 55 71 0 1 1 25 56
3/4 65 1 5 0 0 64 523 0 2 0 0 55 55 1 5 1 5 65 75 1 5 0 1 71 65 1 5 1 15 64 55 0 1 0 2 71 52 0 1 0 2 55 45 0 1 1 25 66 42 0 1 1 25 73
3/4 65 1 5 0 0 56 22 0 3 0 0 57 55 1 5 1 5 70 75 1 5 0 1 73 65 1 5 1 15 58 55 1 5 0 2 58 45 1 5 1 25 54
3/4 65 1 5 0 0 68 22 0 2 0 0 61 55 1 5 1 5 70 75 1 5 0 1 60 65 1 5 1 15 73 55 1 5 0 2 62 45 0 1 1 25 66 12 0 1 1 25 73
3/4 65 1 5 0 0 74 64 1 25 0 0 64 55 1 5 1 5 58 75 1 5 0 1 57 65 1 5 1 15 70 55 1 5 0 2 62 45 0 1 1 25 64 53 0 1 1 25 61
3/4 65 1 5 0 0 70 713 0 2 0 0 71 55 1 5 1 5 60 75 1 5 0 1 57 65 1 5 1 15 62 55 1 5 0 2 63 45 0 1 1 25 62 72 0 1 1 25 65
3/4 65 1 5 0 0 70 524 0 2 0 0 69 55 1 5 1 5 65 75 1 5 0 1 61 65 1 5 1 15 60 55 0 1 0 2 73 53 0 1 0 2 57 45 0 1 1 25 63 43 0 1 1 25 68
3/4 65 1 5 0 0 67 23 0 3 0 0 71 55 1 5 1 5 74 75 1 5 0 1 64 65 1 5 1 15 60 55 1 5 0 2 72 45 1 5 1 25 74
3/4 65 1 5 0 0 61 53 0 3 0 0 63 23 0 3 0 0 70 55 1 5 1 5 55 75 1 5 0 1 59 65 1 5 1 15 67 55 1 5 0 2 66 45 1 5 1 25 61
3/4 14 0 1 0 0 73 35 0 1 0 0 59 55 0 1 0 0 59 15 0 1 0 0 56 11 0 1 0 0 61 52 0 1 0 0 65 11 0 1 0 0 56
