4/4 63 1 5 0 0 58 712 1 5 1 5 67 222 1 5 0 1 63 712 1 5 1 15 68 63 1 5 0 2 63 712 1 5 1 25 77 222 1 5 0 3 59 712 1 5 1 35 63
4/4 313 1 5 0 0 63 712 1 5 1 5 71 222 1 5 0 1 69 712 1 5 1 15 69 713 1 5 0 2 61 712 1 5 1 25 57 222 1 5 0 3 59 712 1 5 1 35 63
4/4 63 1 5 0 0 67 712 1 5 1 5 75 222 1 5 0 1 61 712 1 5 1 15 58 63 1 5 0 2 72 712 1 5 1 25 63 222 1 5 0 3 77 712 1 5 1 35 67
4/4 313 1 5 0 0 69 712 1 5 1 5 73 222 1 5 0 1 70 712 1 5 1 15 61 713 1 5 0 2 64 712 1 5 1 25 57 222 1 5 0 3 63 712 1 5 1 35 72
4/4 63 1 5 0 0 68 712 1 5 1 5 70 222 1 5 0 1 65 712 1 5 1 15 63 63 1 5 0 2 69 712 1 5 1 25 57 222 1 5 0 3 74 712 1 5 1 35 76
4/4 313 1 5 0 0 74 712 1 5 1 5 67 222 1 5 0 1 75 712 1 5 1 15 58 713 1 5 0 2 64 712 1 5 1 25 77 222 1 5 0 3 77 712 1 5 1 35 61
4/4 63 1 5 0 0 77 712 1 5 1 5 70 222 1 5 0 1 63 712 1 5 1 15 69 63 1 5 0 2 62 712 1 5 1 25 65 222 1 5 0 3 65 712 1 5 1 35 70
4/4 612 0 1 0 0 63 711 0 1 0 0 69 222 0 1 2 25 68 312 0 1 2 25 60
4/4 314 1 5 1 5 67 314 2 25 0 1 75 314 1 5 2 125 58 314 2 75 2 175 77 23 1 5 1 25 63 223 1 5 0 3 68 713 1 5 1 35 66
4/4 713 2 75 0 0 72 223 2 275 2 75 65 613 2 25 2 375 77
4/4 613 1 5 0 0 75 614 1 5 1 5 72 614 1 5 0 1 74 614 1 5 1 15 75 64 1 5 0 2 59 524 1 5 1 25 73 314 1 5 0 3 68 613 2 25 1 35 65 524 2 25 2 375 72
4/4 524 0 1 0 0 71 523 0 1 0 1 74 524 1 5 0 2 77 314 1 5 1 25 64 23 1 5 0 3 66 524 2 25 1 35 76 314 2 25 2 375 59
4/4 314 1 25 0 0 75 613 2 25 2 275 60 713 2 25 0 3 78 223 2 75 2 325 71
4/4 613 0 1 0 0 58 222 0 1 0 0 64 223 2 25 1 5 73 223 2 75 2 75 64 223 1 5 1 15 68 314 1 5 0 2 74 223 1 5 1 25 69 713 1 5 0 3 58 613 1 5 1 35 64
4/4 613 2 75 0 0 72 713 0 3 2 75 67
4/4 613 0 1 0 1 76 63 0 2 0 2 58
4/4 314 1 5 1 5 64 314 2 25 0 1 74 314 1 5 2 125 59 314 2 75 2 175 75 23 1 5 1 25 76 223 1 5 0 3 58 713 1 5 1 35 76
4/4 713 2 75 0 0 61 223 2 225 2 75 76 312 2 75 0 3 69 613 2 25 2 375 73
4/4 613 1 5 0 0 70 614 1 5 1 5 67 614 1 5 0 1 70 614 1 5 1 15 70 64 1 5 0 2 60 524 1 5 1 25 77 314 1 5 0 3 71 613 2 25 1 35 66 524 2 25 2 375 63
4/4 524 0 1 0 0 73 523 0 1 0 1 60 524 1 5 0 2 77 314 1 5 1 25 65 23 1 5 0 3 77 524 2 25 1 35 66 314 2 25 2 375 59
4/4 314 1 25 0 0 77 613 2 25 2 275 73 713 2 25 0 3 73 223 2 75 2 325 78
4/4 613 0 1 0 0 71 222 0 1 0 0 65 223 2 25 1 5 58 223 2 75 2 75 69 223 1 5 1 15 75 314 1 5 0 2 65 223 1 5 1 25 73 713 1 5 0 3 64 613 1 5 1 35 77
4/4 613 1 5 0 0 76 713 1 5 1 5 65 223 1 5 0 1 62 713 0 1 1 15 61 613 1 5 1 25 61 63 1 5 0 3 58 613 2 25 1 35 69 613 2 25 2 375 58
4/4 613 2 275 0 0 65 524 1 5 0 3 78 224 1 5 1 35 69
4/4 223 0 1 0 0 68 524 0 1 0 0 66 223 0 1 0 0 70 713 0 1 1 5 58 713 0 1 1 5 59 713 0 1 2 75 75 713 0 1 2 75 65 613 0 1 2 125 68 613 0 1 2 125 73 713 0 1 1 15 59 713 0 1 1 15 65 524 1 5 0 3 59 614 1 5 1 35 62
4/4 223 0 1 0 0 58 524 0 1 0 0 73 223 0 1 0 0 59 713 0 1 1 5 66 713 0 1 1 5 56 713 0 1 2 75 54 713 0 1 2 75 74 613 0 1 2 125 69 613 0 1 2 125 63 713 0 1 1 15 69 713 0 1 1 15 61
4/4 314 0 1 0 0 73 64 0 1 0 0 67 314 0 1 0 0 61 314 0 1 1 5 61 64 0 1 1 5 59 314 0 1 1 5 71 314 0 1 2 75 54 64 0 1 2 75 56 314 0 1 2 75 59 314 0 1 2 125 54 64 0 1 2 125 59 314 0 1 2 125 73 314 0 1 1 15 60 64 0 1 1 15 66 314 0 1 1 15 64 23 0 1 1 25 69 23 0 1 1 25 73 223 0 1 0 3 64 223 0 1 0 3 64 714 0 1 1 35 58 714 0 1 1 35 65
4/4 614 0 1 0 0 73 614 0 1 0 0 59 223 0 1 1 5 72 223 0 1 1 5 70 223 0 1 2 75 73 223 0 1 2 75 67 524 1 5 0 3 63 614 1 5 1 35 60
4/4 223 0 1 0 0 57 524 0 1 0 0 57 223 0 1 0 0 63 713 0 1 1 5 72 713 0 1 1 5 57 713 0 1 2 75 67 713 0 1 2 75 64 613 0 1 2 125 71 613 0 1 2 125 61 713 0 1 1 15 56 713 0 1 1 15 57 524 1 5 0 3 65 614 1 5 1 35 54
4/4 223 0 1 0 0 57 314 0 1 0 0 67 223 0 1 0 0 54 713 0 1 1 5 67 713 0 1 1 5 57 713 0 1 2 75 57 713 0 1 2 75 57 613 0 1 2 125 55 613 0 1 2 125 58 713 0 1 1 15 54 713 0 1 1 15 72 613 0 1 1 35 54 613 0 1 1 35 67
4/4 613 0 1 0 0 54 613 0 1 0 0 64 713 0 1 1 5 71 713 0 1 1 5 60 223 0 1 0 1 73 223 0 1 0 1 67 713 0 1 1 15 58 713 0 1 1 15 69 313 0 1 1 25 66 313 0 1 1 25 74 313 0 1 0 3 72 313 0 1 0 3 66 613 0 1 1 35 64 613 0 1 1 35 67
4/4 613 0 1 0 0 71 613 0 1 0 0 68 713 0 1 1 5 65 713 0 1 1 5 66 223 0 1 0 1 57 223 0 1 0 1 61 713 0 1 2 175 55 314 0 1 2 175 66 713 0 1 2 175 72 613 1 5 1 35 65
4/4 63 0 2 0 0 56 523 0 1 0 2 60 613 0 1 0 3 74
2/4 313 0 1 0 0 55 63 0 1 0 0 56 712 0 1 0 0 72 223 0 1 0 1 66 223 0 1 0 1 66 23 0 1 1 15 72 23 0 1 1 15 68
4/4 314 0 1 0 0 84 614 0 1 0 0 77 224 0 1 0 0 80 314 0 1 0 0 85 314 0 1 1 5 77 614 0 1 1 5 84 224 0 1 1 5 72 314 0 1 1 5 70 314 0 1 2 75 70 614 0 1 2 75 71 224 0 1 2 75 87 314 0 1 2 75 89 314 0 1 2 125 81 614 0 1 2 125 71 224 0 1 2 125 77 314 0 1 2 125 82 314 0 1 1 15 85 614 0 1 1 15 87 224 0 1 1 15 73 314 0 1 1 15 72 524 0 1 1 25 70 524 0 1 1 25 74 314 0 1 0 3 79 314 0 1 0 3 77
4/4 314 0 1 0 0 85 64 0 1 0 0 72 714 0 1 0 0 90 314 0 1 0 0 72 314 0 1 1 5 85 64 0 1 1 5 82 714 0 1 1 5 85 314 0 1 1 5 82 314 0 1 2 75 76 64 0 1 2 75 84 714 0 1 2 75 89 314 0 1 2 75 73 314 0 1 2 125 74 64 0 1 2 125 83 714 0 1 2 125 90 314 0 1 2 125 82 714 0 1 1 15 75 714 0 1 1 15 73 614 0 1 1 25 74 614 0 1 1 25 77 64 0 1 0 3 77 64 0 1 0 3 80 614 0 1 1 35 72 614 0 1 1 35 73 614 0 1 2 375 81 224 0 1 2 375 78 614 0 1 2 375 70
4/4 614 0 1 0 0 90 224 0 1 0 0 81 614 0 1 0 0 85
4/4 614 0 1 0 0 70 224 0 1 0 0 71 614 0 1 0 0 79 614 0 1 1 15 88 224 0 1 1 15 88 614 0 1 1 15 76 64 0 1 0 2 82 224 0 1 0 2 90 64 0 1 0 2 74 614 0 1 1 25 90 224 0 1 1 25 76 614 0 1 1 25 74 64 0 1 0 3 76 224 0 1 0 3 84 64 0 1 0 3 73 314 0 1 1 35 78 314 0 1 1 35 85 524 0 1 2 375 86 524 0 1 2 375 76
4/4 524 0 1 0 0 90 524 0 1 0 0 87 524 0 1 1 15 87 524 0 1 1 15 89 524 0 1 0 2 73 524 0 1 0 2 84 314 0 1 1 25 73 314 0 1 1 25 89 23 0 1 0 3 90 23 0 1 0 3 83 524 0 1 1 35 73 524 0 1 1 35 87 314 0 1 2 375 70 314 0 1 2 375 83
4/4 314 0 1 0 0 88 314 0 1 0 0 81 524 2 25 2 175 76 223 0 1 0 2 75 524 0 1 0 2 70 223 0 1 0 2 88 713 0 1 1 25 74 713 0 1 1 25 82 713 0 1 2 275 80 713 0 1 2 275 81 613 0 1 1 35 89 613 0 1 1 35 73 713 0 1 2 375 75 713 0 1 2 375 89
4/4 713 0 1 0 0 85 713 0 1 0 0 76 524 2 25 1 15 90 614 2 25 2 175 76 223 0 1 0 2 90 524 0 1 0 2 88 223 0 1 0 2 82 713 0 1 1 25 84 713 0 1 1 25 79 713 0 1 2 275 77 713 0 1 2 275 85 613 0 1 1 35 71 613 0 1 1 35 74 713 0 1 2 375 71 713 0 1 2 375 89
4/4 713 0 1 0 0 73 713 0 1 0 0 76 613 0 1 0 1 83 63 0 1 0 2 89 223 0 1 0 3 71 223 0 1 0 3 85 23 0 1 1 35 80 23 0 1 1 35 78
4/4 314 0 1 0 0 88 614 0 1 0 0 73 224 0 1 0 0 70 314 0 1 0 0 75 314 0 1 1 5 74 614 0 1 1 5 90 224 0 1 1 5 75 314 0 1 1 5 79 314 0 1 2 75 75 614 0 1 2 75 89 224 0 1 2 75 85 314 0 1 2 75 78 314 0 1 2 125 78 614 0 1 2 125 82 224 0 1 2 125 88 314 0 1 2 125 80 314 0 1 1 15 70 614 0 1 1 15 83 224 0 1 1 15 75 314 0 1 1 15 81 524 0 1 1 25 75 524 0 1 1 25 78 314 0 1 0 3 79 314 0 1 0 3 79
4/4 314 0 1 0 0 75 64 0 1 0 0 71 714 0 1 0 0 70 314 0 1 0 0 85 314 0 1 1 5 70 64 0 1 1 5 85 714 0 1 1 5 87 314 0 1 1 5 70 314 0 1 2 75 90 64 0 1 2 75 87 714 0 1 2 75 71 314 0 1 2 75 86 314 0 1 2 125 74 64 0 1 2 125 71 714 0 1 2 125 75 314 0 1 2 125 79 714 0 1 1 15 82 714 0 1 1 15 83 614 0 1 1 25 81 614 0 1 1 25 76 64 0 1 0 3 75 64 0 1 0 3 86 614 0 1 1 35 75 614 0 1 1 35 90 614 0 1 2 375 80 224 0 1 2 375 80 614 0 1 2 375 88
4/4 614 0 1 0 0 83 224 0 1 0 0 84 614 0 1 0 0 77
4/4 523 0 1 0 0 79 612 0 1 0 0 84 614 0 1 1 15 70 614 0 1 1 15 75 64 0 1 0 2 76 64 0 1 0 2 78 614 0 1 1 25 80 614 0 1 1 25 77 64 0 1 0 3 88 64 0 1 0 3 88 314 0 1 1 35 88 314 0 1 1 35 73
4/4 524 0 1 0 0 84 524 0 1 0 0 82 223 0 1 0 1 90 223 0 1 0 1 86 713 0 1 0 2 75 713 0 1 0 2 81 613 0 1 1 25 82 613 0 1 1 25 73 613 0 1 2 275 76 613 0 1 2 275 80 713 0 1 2 325 90 713 0 1 2 325 80 713 0 1 1 35 70 713 0 1 1 35 86
4/4 713 0 1 0 0 88 713 0 1 0 0 72 313 0 1 2 275 88 313 0 1 2 275 77 523 0 1 0 3 73 523 0 1 0 3 85 613 0 1 1 35 76 613 0 1 1 35 84 613 0 1 2 375 82 613 0 1 2 375 70
4/4 613 0 1 0 0 77 613 0 1 0 0 90
4/4 613 0 1 0 0 82 613 0 1 0 0 79 44 0 1 0 2 70 614 0 1 0 2 83 44 0 1 0 2 90
4/4 314 1 5 1 5 89 314 2 25 0 1 79 314 1 5 2 125 88 314 2 75 2 175 88 23 1 5 1 25 89 223 1 5 0 3 70 713 1 5 1 35 80
4/4 713 2 75 0 0 73 223 2 225 2 75 90 312 2 75 0 3 81 613 2 25 2 375 82
4/4 613 1 5 0 0 77 614 1 5 1 5 75 614 1 5 0 1 80 614 1 5 1 15 73 64 1 5 0 2 78 524 1 5 1 25 73 314 1 5 0 3 80 613 2 25 1 35 82 524 2 25 2 375 76
4/4 524 0 2 0 0 90 524 1 5 0 2 79 314 1 5 1 25 88 23 1 5 0 3 71 524 2 25 1 35 72 314 2 25 2 375 74
4/4 314 1 25 0 0 85 613 2 25 2 275 86 713 2 25 0 3 72 223 2 75 2 325 85
4/4 613 0 1 0 0 74 222 0 1 0 0 75 223 2 25 1 5 83 223 2 75 2 75 81 223 1 5 1 15 87 314 1 5 0 2 84 223 1 5 1 25 90 713 1 5 0 3 78 613 1 5 1 35 73
4/4 613 1 5 0 0 87 713 1 5 1 5 88 223 1 5 0 1 83 713 0 1 1 15 89 613 1 5 1 25 75 63 1 5 0 3 78 613 2 25 1 35 72 613 2 25 2 375 73
4/4 613 2 275 0 0 80 524 1 5 0 3 83 224 1 5 1 35 83
4/4 223 0 1 0 0 88 524 0 1 0 0 81 223 0 1 0 0 71 713 0 1 1 5 87 713 0 1 1 5 85 713 0 1 2 75 90 713 0 1 2 75 88 613 0 1 2 125 84 613 0 1 2 125 83 713 0 1 1 15 89 713 0 1 1 15 73 524 2 25 1 35 90 614 2 25 2 375 72
4/4 223 0 1 0 0 84 524 0 1 0 0 74 223 0 1 0 0 86 713 0 1 1 5 89 713 0 1 1 5 76 713 0 1 2 75 85 713 0 1 2 75 78 613 0 1 2 125 81 613 0 1 2 125 78 713 0 1 1 15 85 713 0 1 1 15 88
4/4 314 0 1 0 0 76 64 0 1 0 0 85 314 0 1 0 0 80 314 0 1 1 5 83 64 0 1 1 5 82 314 0 1 1 5 82 314 0 1 2 75 88 64 0 1 2 75 78 314 0 1 2 75 88 314 0 1 2 125 72 64 0 1 2 125 77 314 0 1 2 125 83 314 0 1 1 15 80 64 0 1 1 15 88 314 0 1 1 15 71 23 0 1 1 25 88 23 0 1 1 25 73 223 0 1 0 3 77 223 0 1 0 3 83 714 0 1 1 35 73 714 0 1 1 35 80
4/4 614 0 1 0 0 71 614 0 1 0 0 71 223 0 1 1 5 75 223 0 1 1 5 71 223 0 1 2 75 83 223 0 1 2 75 83 524 1 5 0 3 80 614 1 5 1 35 75
4/4 223 0 1 0 0 71 524 0 1 0 0 81 223 0 1 0 0 71 713 0 1 1 5 88 713 0 1 1 5 72 713 0 1 2 75 73 713 0 1 2 75 71 613 0 1 2 125 78 613 0 1 2 125 86 713 0 1 1 15 90 713 0 1 1 15 80 524 2 25 1 35 89 614 2 25 2 375 87
4/4 223 0 1 0 0 70 314 0 1 0 0 72 223 0 1 0 0 82 713 0 1 1 5 83 713 0 1 1 5 88 713 0 1 2 75 72 713 0 1 2 75 78 314 0 1 2 125 75 314 0 1 2 125 82 223 0 1 1 15 87 223 0 1 1 15 70 713 0 1 1 25 78 713 0 1 1 25 72 614 1 5 1 35 83
4/4 614 1 5 0 0 86 714 1 5 1 5 90 224 1 5 0 1 87 714 0 1 1 15 70 314 1 5 1 25 82 314 1 5 0 3 86 614 1 5 1 35 89
4/4 614 1 5 0 0 84 714 1 5 1 5 79 224 2 75 0 1 73 713 0 1 2 175 73 314 0 1 2 175 74 713 0 1 2 175 84 613 1 5 1 35 83
4/4 63 1 15 0 0 82 313 1 5 1 15 86 523 0 1 0 2 88 613 0 1 0 3 75
2/4 53 0 1 0 0 88 223 0 1 0 1 85 223 0 1 0 1 86 23 0 1 1 15 90 23 0 1 1 15 85
4/4 314 0 1 0 0 77 614 0 1 0 0 78 224 0 1 0 0 72 314 0 1 0 0 87 314 0 1 1 5 84 614 0 1 1 5 73 224 0 1 1 5 76 314 0 1 1 5 81 314 0 1 2 75 83 614 0 1 2 75 82 224 0 1 2 75 70 314 0 1 2 75 81 314 0 1 2 125 81 614 0 1 2 125 86 224 0 1 2 125 74 314 0 1 2 125 86 314 0 1 1 15 80 614 0 1 1 15 80 224 0 1 1 15 83 314 0 1 1 15 80 524 0 1 1 25 89 524 0 1 1 25 80 314 0 1 0 3 77 314 0 1 0 3 81
4/4 314 0 1 0 0 70 64 0 1 0 0 85 714 0 1 0 0 78 314 0 1 0 0 86 314 0 1 1 5 71 64 0 1 1 5 71 714 0 1 1 5 71 314 0 1 1 5 73 314 0 1 2 75 72 64 0 1 2 75 79 714 0 1 2 75 82 314 0 1 2 75 89 314 0 1 2 125 86 64 0 1 2 125 77 714 0 1 2 125 83 314 0 1 2 125 73 714 0 1 1 15 89 714 0 1 1 15 89 614 0 1 1 25 75 614 0 1 1 25 70 64 0 1 0 3 82 64 0 1 0 3 77 614 0 1 1 35 77 614 0 1 1 35 79 614 0 1 2 375 84 224 0 1 2 375 83 614 0 1 2 375 88
4/4 614 0 1 0 0 84 224 0 1 0 0 86 614 0 1 0 0 71
4/4 614 0 1 0 0 78 224 0 1 0 0 90 614 0 1 0 0 90 614 0 1 1 15 79 224 0 1 1 15 79 614 0 1 1 15 73 64 0 1 0 2 90 224 0 1 0 2 81 64 0 1 0 2 87 614 0 1 1 25 84 224 0 1 1 25 88 614 0 1 1 25 70 64 0 1 0 3 86 224 0 1 0 3 87 64 0 1 0 3 77 314 0 1 1 35 90 314 0 1 1 35 87 524 0 1 2 375 79 524 0 1 2 375 74
4/4 524 0 1 0 0 88 524 0 1 0 0 74 524 0 1 1 15 84 524 0 1 1 15 70 524 0 1 0 2 74 524 0 1 0 2 76 314 0 1 1 25 77 314 0 1 1 25 77 23 0 1 0 3 75 23 0 1 0 3 78 524 0 1 1 35 75 524 0 1 1 35 71 314 0 1 2 375 83 314 0 1 2 375 83
4/4 314 0 1 0 0 77 314 0 1 0 0 79 524 2 25 2 175 89 223 0 1 0 2 87 524 0 1 0 2 70 223 0 1 0 2 86 713 0 1 1 25 90 713 0 1 1 25 71 713 0 1 2 275 78 713 0 1 2 275 89 613 0 1 1 35 83 613 0 1 1 35 90 713 0 1 2 375 77 713 0 1 2 375 72
4/4 713 0 1 0 0 88 713 0 1 0 0 84 524 2 25 1 15 72 614 2 25 2 175 73 223 0 1 0 2 84 524 0 1 0 2 88 223 0 1 0 2 72 713 0 1 1 25 89 713 0 1 1 25 85 713 0 1 2 275 70 713 0 1 2 275 87 613 0 1 1 35 89 613 0 1 1 35 71 713 0 1 2 375 80 713 0 1 2 375 77
4/4 713 0 1 0 0 82 713 0 1 0 0 76 613 0 1 0 1 78 63 0 1 0 2 74 223 0 1 0 3 82 223 0 1 0 3 76 23 0 1 1 35 84 23 0 1 1 35 75
4/4 314 0 1 0 0 89 614 0 1 0 0 72 224 0 1 0 0 76 314 0 1 0 0 86 314 0 1 1 5 86 614 0 1 1 5 90 224 0 1 1 5 82 314 0 1 1 5 82 314 0 1 2 75 90 614 0 1 2 75 80 224 0 1 2 75 88 314 0 1 2 75 70 314 0 1 2 125 76 614 0 1 2 125 70 224 0 1 2 125 71 314 0 1 2 125 89 314 0 1 1 15 87 614 0 1 1 15 81 224 0 1 1 15 78 314 0 1 1 15 75 524 0 1 1 25 90 524 0 1 1 25 71 314 0 1 0 3 70 314 0 1 0 3 80
4/4 314 0 1 0 0 74 64 0 1 0 0 71 714 0 1 0 0 84 314 0 1 0 0 74 314 0 1 1 5 79 64 0 1 1 5 77 714 0 1 1 5 72 314 0 1 1 5 84 314 0 1 2 75 83 64 0 1 2 75 76 714 0 1 2 75 72 314 0 1 2 75 82 314 0 1 2 125 89 64 0 1 2 125 85 714 0 1 2 125 82 314 0 1 2 125 71 714 0 1 1 15 88 714 0 1 1 15 77 614 0 1 1 25 71 614 0 1 1 25 79 64 0 1 0 3 75 64 0 1 0 3 90 614 0 1 1 35 78 614 0 1 1 35 80 614 0 1 2 375 83 224 0 1 2 375 82 614 0 1 2 375 77
4/4 614 0 1 0 0 82 224 0 1 0 0 87 614 0 1 0 0 90
4/4 523 0 1 0 0 74 612 0 1 0 0 81 614 0 1 1 15 84 614 0 1 1 15 90 64 0 1 0 2 79 64 0 1 0 2 87 614 0 1 1 25 78 614 0 1 1 25 70 64 0 1 0 3 70 64 0 1 0 3 79 314 0 1 1 35 71 314 0 1 1 35 72
4/4 524 0 1 0 0 74 524 0 1 0 0 78 223 0 1 0 1 77 223 0 1 0 1 82 713 0 1 0 2 70 713 0 1 0 2 76 613 0 1 1 25 82 613 0 1 1 25 77 613 0 1 2 275 70 613 0 1 2 275 84 713 0 1 2 325 81 713 0 1 2 325 89 713 0 1 1 35 80 713 0 1 1 35 74
4/4 713 0 1 0 0 77 713 0 1 0 0 89 313 0 1 1 25 83 313 0 1 1 25 73 523 0 1 2 275 85 523 0 1 2 275 90 613 0 1 2 325 73 613 0 1 2 325 77 613 0 1 1 35 84 613 0 1 1 35 89
4/4 613 0 1 0 0 82 613 0 1 0 0 72
4/4 63 0 1 0 0 89 223 0 1 0 0 86 314 0 1 0 0 83 63 0 1 0 0 84
4/4 523 0 1 0 0 86 613 0 1 0 0 75 23 0 1 0 0 90 523 0 1 0 0 81
4/4 313 0 1 0 0 76 63 0 1 0 0 90 223 0 1 0 0 90 313 0 1 0 0 81
4/4 523 0 1 0 0 76 613 0 1 0 0 90 23 0 1 0 0 71 523 0 1 0 0 71
4/4 313 0 1 0 0 86 63 0 1 0 0 75 223 0 1 0 0 72 313 0 1 0 0 84
4/4 23 2 25 0 0 77 22 2 25 2 25 85 523 2 25 1 5 90 613 2 25 2 75 82 23 2 25 0 1 85 22 2 25 2 125 76 523 2 25 1 15 80 613 2 25 2 175 85 23 2 25 0 2 83 22 2 25 2 225 74 523 2 25 1 25 70 613 2 25 2 275 81 23 2 25 0 3 71 22 2 25 2 325 84 523 2 25 1 35 80 613 2 25 2 375 76
4/4 23 2 25 0 0 78 22 2 25 2 25 71 523 2 25 1 5 79 613 2 25 2 75 85 23 2 25 0 1 71 22 2 25 2 125 87 523 2 25 1 15 78 613 2 25 2 175 73 23 2 25 0 2 86 22 2 25 2 225 78 523 2 25 1 25 80 613 2 25 2 275 88 23 2 25 0 3 73 22 2 25 2 325 72 523 2 25 1 35 76 613 2 25 2 375 89
4/4 23 2 25 0 0 72 22 2 25 2 25 81 523 2 25 1 5 73 613 2 25 2 75 78 23 2 25 0 1 89 22 2 25 2 125 78 523 2 25 1 15 82 613 2 25 2 175 90 23 2 25 0 2 74 22 2 25 2 225 81 523 2 25 1 25 70 613 2 25 2 275 89 23 2 25 0 3 75 22 2 25 2 325 81 523 2 25 1 35 87 613 2 25 2 375 76
4/4 313 0 1 0 0 81 63 0 1 0 0 81 713 0 1 0 0 90 313 0 1 0 0 90 313 0 1 1 5 90 62 0 1 1 5 88 713 0 1 2 75 70 313 0 1 2 75 71 64 0 1 2 125 85 713 0 1 2 125 75 315 0 1 1 15 79 64 0 1 1 15 80 715 2 25 2 175 84 316 0 1 0 2 90 223 0 1 0 3 83 223 0 1 0 3 72 23 0 1 1 35 84 23 0 1 1 35 74
4/4 314 0 1 0 0 90 614 0 1 0 0 99 224 0 1 0 0 88 314 0 1 0 0 105 314 0 1 1 5 92 614 0 1 1 5 88 224 0 1 1 5 104 314 0 1 1 5 98 314 0 1 2 75 106 614 0 1 2 75 100 224 0 1 2 75 99 314 0 1 2 75 101 314 0 1 2 125 91 614 0 1 2 125 92 224 0 1 2 125 95 314 0 1 2 125 86 314 0 1 1 15 105 614 0 1 1 15 104 224 0 1 1 15 106 314 0 1 1 15 96 524 0 1 1 25 106 524 0 1 1 25 103 314 0 1 0 3 98 314 0 1 0 3 96
4/4 314 0 1 0 0 91 64 0 1 0 0 92 714 0 1 0 0 103 314 0 1 0 0 86 314 0 1 1 5 96 64 0 1 1 5 104 714 0 1 1 5 88 314 0 1 1 5 104 314 0 1 2 75 97 64 0 1 2 75 104 714 0 1 2 75 88 314 0 1 2 75 91 314 0 1 2 125 91 64 0 1 2 125 102 714 0 1 2 125 99 314 0 1 2 125 86 714 0 1 1 15 99 714 0 1 1 15 99 614 0 1 1 25 104 614 0 1 1 25 86 64 0 1 0 3 105 64 0 1 0 3 106 614 0 1 1 35 102 614 0 1 1 35 104 614 0 1 2 375 98 224 0 1 2 375 105 614 0 1 2 375 104
4/4 614 0 1 0 0 101 224 0 1 0 0 104 614 0 1 0 0 90
4/4 614 0 1 0 0 97 224 0 1 0 0 97 614 0 1 0 0 104 614 0 1 1 15 104 224 0 1 1 15 89 614 0 1 1 15 102 64 0 1 0 2 96 224 0 1 0 2 92 64 0 1 0 2 100 614 0 1 1 25 96 224 0 1 1 25 103 614 0 1 1 25 102 64 0 1 0 3 100 224 0 1 0 3 92 64 0 1 0 3 87 314 0 1 1 35 101 314 0 1 1 35 92 524 0 1 2 375 92 524 0 1 2 375 97
4/4 524 0 1 0 0 100 524 0 1 0 0 88 524 0 1 1 15 103 524 0 1 1 15 94 524 0 1 0 2 90 524 0 1 0 2 88 314 0 1 1 25 92 314 0 1 1 25 91 23 0 1 0 3 88 23 0 1 0 3 86 524 0 1 1 35 100 524 0 1 1 35 95 314 0 1 2 375 105 314 0 1 2 375 93
4/4 314 0 1 0 0 90 314 0 1 0 0 89 524 2 25 2 175 105 223 0 1 0 2 92 524 0 1 0 2 91 223 0 1 0 2 102 713 0 1 1 25 106 713 0 1 1 25 87 713 0 1 2 275 96 713 0 1 2 275 95 613 0 1 1 35 87 613 0 1 1 35 89 713 0 1 2 375 96 713 0 1 2 375 94
4/4 713 0 1 0 0 100 713 0 1 0 0 106 524 2 25 1 15 88 614 2 25 2 175 99 223 0 1 0 2 106 524 0 1 0 2 88 223 0 1 0 2 95 713 0 1 1 25 100 713 0 1 1 25 105 713 0 1 2 275 104 713 0 1 2 275 98 613 0 1 1 35 101 613 0 1 1 35 91 713 0 1 2 375 99 713 0 1 2 375 95
4/4 713 0 1 0 0 104 713 0 1 0 0 97 613 0 1 0 1 97 63 0 1 0 2 94 223 0 1 0 3 89 223 0 1 0 3 100 23 0 1 1 35 104 23 0 1 1 35 99
4/4 314 0 1 0 0 88 614 0 1 0 0 100 224 0 1 0 0 101 314 0 1 0 0 88 314 0 1 1 5 87 614 0 1 1 5 106 224 0 1 1 5 103 314 0 1 1 5 102 314 0 1 2 75 98 614 0 1 2 75 104 224 0 1 2 75 87 314 0 1 2 75 106 314 0 1 2 125 105 614 0 1 2 125 106 224 0 1 2 125 99 314 0 1 2 125 98 314 0 1 1 15 102 614 0 1 1 15 93 224 0 1 1 15 87 314 0 1 1 15 98 524 0 1 1 25 100 524 0 1 1 25 105 314 0 1 0 3 103 314 0 1 0 3 102
4/4 314 0 1 0 0 105 64 0 1 0 0 102 714 0 1 0 0 104 314 0 1 0 0 86 314 0 1 1 5 94 64 0 1 1 5 102 714 0 1 1 5 95 314 0 1 1 5 98 314 0 1 2 75 94 64 0 1 2 75 94 714 0 1 2 75 99 314 0 1 2 75 92 314 0 1 2 125 99 64 0 1 2 125 89 714 0 1 2 125 102 314 0 1 2 125 92 714 0 1 1 15 94 714 0 1 1 15 90 614 0 1 1 25 101 614 0 1 1 25 93 64 0 1 0 3 103 64 0 1 0 3 95 614 0 1 1 35 101 614 0 1 1 35 91 614 0 1 2 375 89 224 0 1 2 375 103 614 0 1 2 375 105
4/4 614 0 1 0 0 101 224 0 1 0 0 89 614 0 1 0 0 94
4/4 523 0 1 0 0 77 612 0 1 0 0 72 614 0 1 1 15 78 614 0 1 1 15 85 64 0 1 0 2 77 64 0 1 0 2 71 614 0 1 1 25 76 614 0 1 1 25 75 64 0 1 0 3 72 64 0 1 0 3 72 314 0 1 1 35 85 314 0 1 1 35 81
4/4 524 0 1 0 0 79 524 0 1 0 0 81 223 0 1 0 1 90 223 0 1 0 1 75 713 0 1 0 2 81 713 0 1 0 2 74 613 0 1 1 25 79 613 0 1 1 25 78 613 0 1 2 275 79 613 0 1 2 275 72 713 0 1 2 325 71 713 0 1 2 325 83 713 0 1 1 35 86 713 0 1 1 35 88
4/4 713 0 1 0 0 85 713 0 1 0 0 89 313 0 1 1 25 78 313 0 1 1 25 83 523 0 1 2 275 80 523 0 1 2 275 75 613 0 1 2 325 82 613 0 1 2 325 90 613 0 1 1 35 86 613 0 1 1 35 72
4/4 523 0 1 0 0 82 63 0 1 0 1 78 613 0 1 0 2 80 223 1 5 0 3 75 523 1 5 1 35 76 613 0 1 2 375 78 23 0 1 2 375 73 43 0 1 2 375 77
4/4 613 0 1 0 0 90 23 0 1 0 0 80 43 0 1 0 0 84 614 1 35 2 25 88
4/4 613 0 1 0 0 88 22 0 1 0 0 83 44 0 1 2 25 86 613 0 1 2 25 84 713 0 1 0 2 70 314 0 1 0 2 78 63 0 1 0 2 84
4/4 223 0 1 0 2 77 314 0 1 0 2 86 614 0 1 0 2 86 223 0 1 0 2 83
4/4 615 0 1 0 0 83 225 0 1 0 0 73 615 0 1 0 0 75
4/4 611 2 375 0 0 57 312 0 1 1 5 55 611 0 1 1 5 55 312 0 1 1 15 60 611 0 1 1 15 65 312 0 1 1 25 68 611 0 1 1 25 67 312 0 1 1 35 53 611 0 1 1 35 64
4/4 611 2 375 0 0 61 312 0 1 1 5 50 611 0 1 1 5 67 312 0 1 1 15 49 611 0 1 1 15 65 312 0 1 1 25 62 611 0 1 1 25 52 312 0 1 1 35 59 611 0 1 1 35 66
4/4 611 2 375 0 0 64 312 0 1 1 5 63 611 0 1 1 5 51 312 0 1 1 15 64 611 0 1 1 15 67 312 0 1 1 25 67 611 0 1 1 25 66 312 0 1 1 35 63 611 0 1 1 35 52
4/4 611 2 375 0 0 58 312 0 1 1 5 48 611 0 1 1 5 58 312 0 1 1 15 51 611 0 1 1 15 49 312 0 1 1 25 64 611 0 1 1 25 52 312 0 1 1 35 64 611 0 1 1 35 64
4/4 611 2 375 0 0 72 312 0 1 1 5 52 611 0 1 1 5 54 312 0 1 1 15 68 611 0 1 1 15 67 312 0 1 1 25 50 611 0 1 1 25 50 312 0 1 1 35 53 611 0 1 1 35 62
4/4 611 2 375 0 0 63 312 0 1 1 5 53 611 0 1 1 5 50 312 0 1 1 15 58 611 0 1 1 15 48 312 0 1 1 25 49 611 0 1 1 25 55 312 0 1 1 35 51 611 0 1 1 35 68
4/4 611 2 375 0 0 59 312 0 1 1 5 67 611 0 1 1 5 60 312 0 1 1 15 67 611 0 1 1 15 52 312 0 1 1 25 68 611 0 1 1 25 55 312 0 1 1 35 65 611 0 1 1 35 65
4/4 611 0 1 0 0 55 311 0 1 0 0 63 612 2 375 2 25 70
4/4 222 0 1 0 0 70 313 0 1 0 0 68 612 0 1 0 0 64 612 2 375 0 0 61 222 0 1 0 1 60 313 0 1 0 1 50 612 0 1 0 1 57 222 0 1 0 2 53 313 0 1 0 2 67 612 0 1 0 2 52 222 0 1 0 3 66 313 0 1 0 3 56 612 0 1 0 3 55
4/4 712 0 1 0 0 56 313 0 1 0 0 55 62 0 1 0 0 68 62 2 375 0 0 63 712 0 1 0 1 64 313 0 1 0 1 65 62 0 1 0 1 58 712 0 1 0 2 65 313 0 1 0 2 54 62 0 1 0 2 63 712 0 1 0 3 55 313 0 1 0 3 62 62 0 1 0 3 60
4/4 612 0 1 0 0 51 222 0 1 0 0 52 522 0 1 0 0 62 522 0 2 0 0 51 612 0 1 0 1 63 222 0 1 0 1 55 522 0 1 0 1 60 612 0 1 0 2 53 222 0 1 0 2 53 522 0 1 0 2 55 312 0 2 0 2 70 612 0 1 0 3 59 222 0 1 0 3 54 522 0 1 0 3 53
4/4 612 0 1 0 0 65 312 0 1 0 0 67 21 0 2 0 0 70 612 0 1 0 1 62 21 0 1 0 1 67 22 0 1 0 2 65 522 0 1 0 2 52 22 0 1 0 3 70 522 0 1 0 3 66
4/4 221 0 1 0 0 54 312 0 1 0 0 64 222 0 1 0 1 53 313 0 1 0 1 50 62 0 1 0 1 68 222 0 1 0 2 62 612 0 1 0 2 54 222 0 1 0 3 67 313 0 1 0 3 52 612 0 1 0 3 56
4/4 612 0 1 0 0 59 221 0 1 0 0 58 522 2 375 0 0 50 612 0 1 0 1 67 222 0 1 0 1 57 312 0 1 0 1 70 612 0 1 0 2 70 222 0 1 0 2 60 312 0 1 0 2 59 612 0 1 0 3 50 222 0 1 0 3 59 312 0 1 0 3 56
4/4 711 2 275 0 0 66 522 0 1 0 0 70 711 0 1 0 0 58 22 2 75 2 25 65 522 0 1 0 1 51 712 0 1 0 1 59 21 0 1 0 1 53 522 0 1 0 2 51 712 0 1 0 2 53 21 0 1 0 2 68 522 0 1 0 3 65 712 0 1 0 3 56 522 0 1 0 3 68
4/4 312 0 1 0 0 68 712 0 1 0 0 66 522 0 1 0 0 66 712 0 1 0 1 63 522 0 1 0 1 57 312 0 1 0 2 59 712 0 1 0 2 70 312 0 1 0 2 64 313 0 1 0 3 65
4/4 222 0 1 0 0 68 313 0 1 0 0 55 612 0 1 0 0 65 612 2 375 0 0 64 222 0 1 0 1 61 313 0 1 0 1 53 612 0 1 0 1 67 222 0 1 0 2 69 313 0 1 0 2 63 612 0 1 0 2 60 222 0 1 0 3 56 313 0 1 0 3 67 612 0 1 0 3 66
4/4 712 0 1 0 0 60 313 0 1 0 0 53 62 0 1 0 0 69 62 2 375 0 0 57 712 0 1 0 1 52 313 0 1 0 1 63 62 0 1 0 1 62 712 0 1 0 2 60 313 0 1 0 2 50 62 0 1 0 2 57 712 0 1 0 3 66 313 0 1 0 3 55 62 0 1 0 3 50
4/4 612 0 1 0 0 60 222 0 1 0 0 62 522 0 1 0 0 61 522 0 2 0 0 52 612 0 1 0 1 50 222 0 1 0 1 68 522 0 1 0 1 59 612 0 1 0 2 70 222 0 1 0 2 62 522 0 1 0 2 68 312 0 2 0 2 53 612 0 1 0 3 50 222 0 1 0 3 61 522 0 1 0 3 56
4/4 612 0 1 0 0 57 312 0 1 0 0 69 21 0 2 0 0 61 612 0 1 0 1 68 21 0 1 0 1 59 612 0 1 0 2 65 522 0 1 0 2 58 612 0 1 0 3 70 522 0 1 0 3 67
4/4 221 0 1 0 0 60 312 0 1 0 0 64 222 0 1 0 1 69 313 0 1 0 1 52 62 0 1 0 1 67 222 0 1 0 2 69 313 0 1 0 2 54 712 0 1 0 2 55 222 0 1 0 3 68 313 0 1 0 3 69 62 0 1 0 3 51
4/4 612 0 1 0 0 70 222 0 1 0 0 55 312 0 1 0 0 54 522 2 375 0 0 61 612 0 1 0 1 69 222 0 1 0 1 50 312 0 1 0 1 69 612 0 1 0 2 68 222 0 1 0 2 51 312 0 1 0 2 69 612 0 1 0 3 70 222 0 1 0 3 61 312 0 1 0 3 68
4/4 711 0 1 0 0 70 522 0 1 0 0 52 712 0 1 0 0 61 21 0 1 0 0 56 712 0 1 0 1 68 522 0 1 0 1 64 712 0 1 0 2 70 312 0 1 0 2 58 312 0 2 0 2 55 712 0 1 0 3 58 312 0 1 0 3 63
4/4 611 0 1 0 0 63 312 0 1 0 0 61 711 0 1 0 0 62 313 1 5 0 1 66 612 1 15 1 15 69 222 0 1 0 2 69 52 0 1 0 2 70 313 0 1 0 3 62
4/4 21 0 1 0 0 51 612 0 1 0 0 54 21 0 1 0 0 60 22 0 1 0 1 55 522 0 1 0 1 62 612 2 275 0 1 64 22 0 1 0 2 61 522 0 1 0 2 51 22 0 1 0 3 50 522 0 1 0 3 62 21 2 25 2 375 70
4/4 62 0 1 0 0 67 712 0 1 0 0 70 312 0 1 0 0 63 21 2 75 0 0 58 313 0 1 0 1 66 62 0 1 0 1 66 712 2 275 0 1 74 313 0 1 0 2 63 62 0 1 0 2 62 313 0 1 0 3 60 62 0 1 0 3 71
4/4 221 0 1 0 0 69 62 0 1 0 0 70 221 0 1 0 0 56 313 0 1 0 1 55 63 0 1 0 1 64 712 0 1 0 1 59 222 2 275 0 1 71 313 0 1 0 2 62 63 0 1 0 2 65 712 0 1 0 2 55 313 0 1 0 3 60 63 0 1 0 3 69 712 0 1 0 3 58
4/4 222 0 1 0 0 67 312 0 1 0 0 69 522 2 375 0 0 59 222 0 1 0 1 63 312 0 1 0 1 61 222 0 1 0 2 64 312 0 1 0 2 59 222 0 1 0 3 70 312 0 1 0 3 64 711 0 1 2 375 64 521 0 1 2 375 65
4/4 712 0 1 0 0 66 21 0 1 0 0 71 711 0 1 0 0 65 521 0 1 0 0 54 22 0 1 0 1 74 522 0 1 0 1 65 22 0 1 0 2 64 522 0 1 0 2 72 22 0 1 0 3 60 522 0 1 0 3 57 221 0 1 2 375 56 61 0 1 2 375 70
4/4 221 0 1 0 0 65 61 0 1 0 0 56 313 2 75 2 25 73 313 0 1 0 1 54 62 0 1 0 1 58 222 2 275 0 1 64 313 0 1 0 2 72 62 0 1 0 2 74 313 0 1 0 3 70 62 0 1 0 3 63
4/4 21 1 5 0 0 67 612 1 5 1 5 70 22 1 5 0 1 74 221 0 1 1 15 67 62 1 5 1 25 58 222 0 1 0 3 55
4/4 711 1 5 0 0 58 522 1 5 1 5 68 712 1 5 0 1 68 22 1 5 1 15 64 312 1 5 0 2 73 712 1 5 1 25 69 523 0 1 0 3 57
4/4 312 1 5 0 0 73 712 1 5 1 5 72 312 1 5 0 1 64 313 1 5 1 15 66 21 1 5 0 2 56 612 1 5 1 25 64 22 0 1 0 3 69
4/4 312 1 5 0 0 68 712 1 5 1 5 72 313 0 1 0 1 72 612 2 25 0 2 84 313 2 25 2 225 81 613 2 25 1 25 84 313 2 25 2 275 82 612 2 25 0 3 74 313 2 25 2 325 90 613 2 25 1 35 77 313 2 25 2 375 81
4/4 612 2 25 0 0 73 313 2 25 2 25 83 613 2 25 1 5 78 313 2 25 2 75 80 612 2 25 0 1 73 313 2 25 2 125 76 613 2 25 1 15 72 313 2 25 2 175 75 62 2 25 0 2 76 313 2 25 2 225 81 713 2 25 1 25 74 313 2 25 2 275 79 62 2 25 0 3 73 313 2 25 2 325 85 713 2 25 1 35 71 313 2 25 2 375 83
4/4 312 2 25 0 0 81 712 2 25 2 25 78 63 2 25 1 5 72 313 2 25 2 75 86 312 2 25 0 1 75 712 2 25 2 125 82 63 2 25 1 15 74 313 2 25 2 175 89 522 2 25 0 2 78 222 2 25 2 225 76 613 2 25 1 25 88 523 2 25 2 275 70 522 2 25 0 3 83 222 2 25 2 325 80 613 2 25 1 35 85 523 2 25 2 375 86
4/4 522 2 25 0 0 74 222 2 25 2 25 79 613 2 25 1 5 76 523 2 25 2 75 83 522 2 25 0 1 74 222 2 25 2 125 78 613 2 25 1 15 72 523 2 25 2 175 72 312 2 25 0 2 84 222 2 25 2 225 76 613 2 25 1 25 70 523 2 25 2 275 78 312 2 25 0 3 73 222 2 25 2 325 78 613 2 25 1 35 71 523 2 25 2 375 88
4/4 312 2 25 0 0 79 222 2 25 2 25 87 613 2 25 1 5 85 523 2 25 2 75 76 312 2 25 0 1 90 222 2 25 2 125 77 613 2 25 1 15 72 523 2 25 2 175 81 21 2 25 0 2 74 612 2 25 2 225 78 523 2 25 1 25 70 612 2 25 2 275 71 21 2 25 0 3 76 612 2 25 2 325 76 523 2 25 1 35 80 612 2 25 2 375 79
4/4 21 2 25 0 0 85 612 2 25 2 25 78 523 2 25 1 5 72 612 2 25 2 75 87 21 2 25 0 1 90 612 2 25 2 125 90 523 2 25 1 15 76 612 2 25 2 175 82 221 2 25 0 2 88 62 2 25 2 225 84 313 2 25 1 25 87 62 2 25 2 275 84 221 2 25 0 3 79 62 2 25 2 325 71 313 2 25 1 35 82 62 2 25 2 375 84
4/4 522 2 25 0 0 73 222 2 25 2 25 76 313 2 25 1 5 89 222 2 25 2 75 74 522 2 25 0 1 76 222 2 25 2 125 90 313 2 25 1 15 83 222 2 25 2 175 73 711 2 25 0 2 74 522 2 25 2 225 90 22 2 25 1 25 87 712 2 25 2 275 80 711 2 25 0 3 75 522 2 25 2 325 71 22 2 25 1 35 76 712 2 25 2 375 78
4/4 711 2 25 0 0 88 522 2 25 2 25 79 22 2 25 1 5 90 712 2 25 2 75 87 711 2 25 0 1 85 522 2 25 2 125 86 22 2 25 1 15 71 712 2 25 2 175 82 311 2 25 0 2 73 312 2 25 2 225 84 312 2 25 1 25 72 712 2 25 2 275 90 313 2 25 0 3 82 712 2 25 2 325 75 312 2 25 1 35 71 712 2 25 2 375 79
4/4 312 2 25 0 0 87 712 2 25 2 25 82 313 2 25 1 5 80 712 2 25 2 75 85 312 2 25 0 1 74 712 2 25 2 125 88 313 2 25 1 15 84 712 2 25 2 175 84 612 2 25 0 2 71 313 2 25 2 225 83 613 2 25 1 25 89 313 2 25 2 275 89 612 2 25 0 3 83 313 2 25 2 325 84 613 2 25 1 35 83 313 2 25 2 375 81
4/4 612 2 25 0 0 86 313 2 25 2 25 90 613 2 25 1 5 89 313 2 25 2 75 87 612 2 25 0 1 73 313 2 25 2 125 86 613 2 25 1 15 83 313 2 25 2 175 82 62 2 25 0 2 89 313 2 25 2 225 70 713 2 25 1 25 88 313 2 25 2 275 75 62 2 25 0 3 85 313 2 25 2 325 80 713 2 25 1 35 70 313 2 25 2 375 80
4/4 312 2 25 0 0 73 712 2 25 2 25 86 63 2 25 1 5 70 313 2 25 2 75 86 312 2 25 0 1 88 712 2 25 2 125 77 63 2 25 1 15 86 313 2 25 2 175 72 522 2 25 0 2 80 222 2 25 2 225 74 613 2 25 1 25 86 523 2 25 2 275 70 522 2 25 0 3 87 222 2 25 2 325 75 613 2 25 1 35 81 523 2 25 2 375 88
4/4 522 2 25 0 0 78 222 2 25 2 25 87 613 2 25 1 5 74 523 2 25 2 75 72 522 2 25 0 1 74 222 2 25 2 125 74 613 2 25 1 15 76 523 2 25 2 175 76 32 2 25 0 2 89 612 2 25 2 225 90 33 2 25 1 25 73 523 2 25 2 275 71 613 2 25 0 3 73 33 2 25 2 325 73 613 2 25 1 35 88 34 2 25 2 375 82
4/4 524 0 2 0 0 78 21 0 1 0 2 79 21 0 1 0 2 81 612 2 25 2 225 77 22 2 25 1 25 74 523 2 25 2 275 77 613 0 1 0 3 81
4/4 221 0 1 0 0 77 221 0 1 0 0 89 221 2 25 1 5 88 222 0 1 2 75 70 312 0 1 2 75 76 711 2 25 0 2 75 522 2 25 2 225 83 712 2 25 1 25 80 22 2 25 2 275 76 523 0 1 0 3 80
4/4 312 0 1 0 0 80 712 0 1 0 0 80 312 0 1 0 0 78 611 2 25 0 2 80 312 2 25 2 225 74 612 2 25 1 25 83 712 2 25 2 275 84 222 2 25 0 3 87 612 2 25 2 325 77 313 2 25 1 35 77 222 2 25 2 375 70
4/4 613 2 25 0 0 85 313 2 25 2 25 78 222 2 25 1 5 74 612 2 25 2 75 74 312 2 25 0 1 90 611 2 25 2 125 74 612 2 25 1 15 89 312 2 25 2 175 82 21 2 25 0 2 79 612 2 25 2 225 82 22 2 25 1 25 86 43 2 25 2 275 70 613 2 25 0 3 87 22 2 25 2 325 89 613 2 25 1 35 90 23 2 25 2 375 74
4/4 612 2 25 0 2 62 313 2 25 2 225 62 613 2 25 1 25 60 313 2 25 2 275 79 612 2 25 0 3 70 313 2 25 2 325 65 613 2 25 1 35 63 313 2 25 2 375 60
4/4 612 2 25 0 0 79 313 2 25 2 25 61 613 2 25 1 5 78 313 2 25 2 75 75 612 2 25 0 1 66 313 2 25 2 125 61 613 2 25 1 15 75 313 2 25 2 175 73 62 2 25 0 2 77 313 2 25 2 225 60 63 2 25 1 25 77 313 2 25 2 275 70 62 2 25 0 3 73 313 2 25 2 325 67 63 2 25 1 35 64 313 2 25 2 375 62
4/4 62 2 25 0 0 76 313 2 25 2 25 71 63 2 25 1 5 65 313 2 25 2 75 76 62 2 25 0 1 66 313 2 25 2 125 71 63 2 25 1 15 68 313 2 25 2 175 60 522 2 25 0 2 64 222 2 25 2 225 72 523 2 25 1 25 69 222 2 25 2 275 61 522 2 25 0 3 68 222 2 25 2 325 72 523 2 25 1 35 78 222 2 25 2 375 77
4/4 312 2 25 0 0 73 222 2 25 2 25 69 313 2 25 1 5 78 222 2 25 2 75 60 312 2 25 0 1 74 222 2 25 2 125 70 313 2 25 1 15 79 222 2 25 2 175 71 21 2 25 0 2 62 612 2 25 2 225 67 523 2 25 1 25 80 612 2 25 2 275 67 21 2 25 0 3 69 612 2 25 2 325 74 523 2 25 1 35 76 612 2 25 2 375 60
4/4 21 2 25 0 0 80 612 2 25 2 25 62 523 2 25 1 5 76 612 2 25 2 75 60 21 2 25 0 1 63 612 2 25 2 125 70 523 2 25 1 15 67 612 2 25 2 175 74 221 2 25 0 2 65 62 2 25 2 225 73 313 2 25 1 25 78 62 2 25 2 275 76 221 2 25 0 3 70 62 2 25 2 325 63 313 2 25 1 35 63 62 2 25 2 375 63
4/4 221 2 25 0 0 75 62 2 25 2 25 60 313 2 25 1 5 66 62 2 25 2 75 65 221 2 25 0 1 70 62 2 25 2 125 74 313 2 25 1 15 75 62 2 25 2 175 76 522 2 25 0 2 73 222 2 25 2 225 60 313 2 25 1 25 63 222 2 25 2 275 67 522 2 25 0 3 77 222 2 25 2 325 79 313 2 25 1 35 67 222 2 25 2 375 61
4/4 522 2 25 0 0 64 222 2 25 2 25 79 313 2 25 1 5 64 222 2 25 2 75 80 522 2 25 0 1 79 222 2 25 2 125 72 313 2 25 1 15 74 222 2 25 2 175 70 711 2 25 0 2 76 522 2 25 2 225 63 22 2 25 1 25 65 712 2 25 2 275 70 711 2 25 0 3 63 522 2 25 2 325 80 22 2 25 1 35 62 712 2 25 2 375 72
4/4 311 2 25 0 0 79 312 2 25 2 25 69 312 2 25 1 5 68 712 2 25 2 75 65 313 2 25 0 1 71 712 2 25 2 125 70 312 2 25 1 15 68 712 2 25 2 175 63 611 2 25 0 2 79 312 2 25 2 225 73 612 2 25 1 25 65 712 2 25 2 275 63 222 2 25 0 3 70 612 2 25 2 325 73 222 2 25 1 35 70 313 2 25 2 375 77
4/4 53 0 1 0 0 73 222 0 1 0 1 76 21 0 1 0 2 76 611 0 1 0 2 80 523 2 175 2 225 71
4/4 21 0 1 0 0 81 611 0 1 0 0 79 523 1 5 0 0 85 612 1 5 1 5 79 22 0 1 0 1 87 522 0 1 0 1 88 21 0 1 0 2 71 62 0 1 0 2 89 711 0 1 0 2 79 313 0 1 2 225 74 712 0 1 1 35 72 313 0 1 1 35 89 62 0 1 1 35 84
4/4 712 0 1 0 0 90 313 0 1 0 0 83 62 0 1 0 0 85 712 1 5 1 5 79 313 0 1 0 1 87 62 0 1 0 1 83 712 1 5 1 15 87 221 0 1 0 2 81 61 0 1 0 2 74 313 2 125 2 225 71 222 0 1 1 35 83 313 0 1 1 35 75 63 0 1 1 35 89 712 0 1 1 35 89
4/4 222 0 1 0 0 90 313 0 1 0 0 74 63 0 1 0 0 75 712 0 1 0 0 85 222 0 1 0 1 75 712 0 1 0 1 90 522 0 2 0 2 89 612 0 1 0 2 86 222 0 1 0 2 84 312 0 1 0 2 77 222 0 1 1 35 90 312 0 1 1 35 84
4/4 522 2 175 0 0 71 222 0 1 0 0 74 312 0 1 0 0 82 612 1 5 1 5 74 222 0 1 0 1 85 312 0 1 0 1 72 711 0 1 0 2 82 521 0 1 0 2 86 712 0 1 2 225 77 21 0 1 2 225 82 712 0 1 1 35 76 22 0 1 1 35 86 522 0 1 1 35 87
4/4 712 0 1 0 0 80 22 0 1 0 0 73 522 0 1 0 0 90 712 1 5 1 5 88 22 0 1 0 1 78 522 0 1 0 1 76 221 0 1 0 2 72 312 0 1 0 2 76 222 0 1 1 35 73 313 0 1 1 35 87 62 0 1 1 35 72
4/4 222 0 1 0 0 83 313 0 1 0 0 73 62 0 1 0 0 74 63 0 1 0 1 78 21 1 5 0 2 83 612 1 5 1 25 71 22 1 5 0 3 80 221 1 5 1 35 84
4/4 221 1 5 0 0 80 62 1 5 1 5 80 222 0 1 0 1 89 712 1 5 0 2 79 523 1 5 1 25 74 713 1 5 0 3 78 23 1 5 1 35 72
4/4 312 1 5 0 0 81 712 1 5 1 5 88 523 0 1 0 1 77 312 1 5 0 2 76 712 1 5 1 25 78 312 1 5 0 3 78 313 1 5 1 35 76
4/4 21 1 5 0 0 81 612 1 5 1 5 79 22 0 1 0 1 86 52 1 5 0 2 81 22 1 5 1 25 78 53 0 1 0 3 83
4/4 612 2 25 0 0 76 313 2 25 2 25 66 613 2 25 1 5 65 313 2 25 2 75 68 612 2 25 0 1 72 313 2 25 2 125 64 613 2 25 1 15 73 313 2 25 2 175 76 612 2 25 0 2 76 313 2 25 2 225 64 613 2 25 1 25 71 313 2 25 2 275 80 612 2 25 0 3 81 313 2 25 2 325 66 613 2 25 1 35 70 313 2 25 2 375 79
4/4 62 2 25 0 0 67 313 2 25 2 25 77 713 2 25 1 5 66 313 2 25 2 75 79 62 2 25 0 1 69 313 2 25 2 125 67 713 2 25 1 15 68 313 2 25 2 175 73 312 2 25 0 2 73 712 2 25 2 225 77 63 2 25 1 25 68 313 2 25 2 275 79 312 2 25 0 3 75 712 2 25 2 325 63 63 2 25 1 35 73 313 2 25 2 375 65
4/4 522 2 25 0 0 65 222 2 25 2 25 62 613 2 25 1 5 73 523 2 25 2 75 66 522 2 25 0 1 76 222 2 25 2 125 77 613 2 25 1 15 62 523 2 25 2 175 71 522 2 25 0 2 72 222 2 25 2 225 78 613 2 25 1 25 67 523 2 25 2 275 82 522 2 25 0 3 66 222 2 25 2 325 82 613 2 25 1 35 66 523 2 25 2 375 78
4/4 312 2 25 0 0 82 222 2 25 2 25 80 613 2 25 1 5 82 523 2 25 2 75 69 312 2 25 0 1 73 222 2 25 2 125 69 613 2 25 1 15 68 523 2 25 2 175 71 312 2 25 0 2 72 222 2 25 2 225 63 613 2 25 1 25 74 523 2 25 2 275 64 312 2 25 0 3 72 222 2 25 2 325 65 613 2 25 1 35 79 523 2 25 2 375 70
4/4 21 2 25 0 0 75 612 2 25 2 25 74 523 2 25 1 5 74 612 2 25 2 75 80 21 2 25 0 1 66 612 2 25 2 125 80 523 2 25 1 15 74 612 2 25 2 175 76 21 2 25 0 2 77 612 2 25 2 225 63 523 2 25 1 25 63 612 2 25 2 275 63 21 2 25 0 3 81 612 2 25 2 325 72 523 2 25 1 35 71 612 2 25 2 375 75
4/4 221 2 25 0 0 80 62 2 25 2 25 70 313 2 25 1 5 63 62 2 25 2 75 76 221 2 25 0 1 63 62 2 25 2 125 72 313 2 25 1 15 81 62 2 25 2 175 70 522 2 25 0 2 72 222 2 25 2 225 81 313 2 25 1 25 66 222 2 25 2 275 79 522 2 25 0 3 65 222 2 25 2 325 75 313 2 25 1 35 70 222 2 25 2 375 82
4/4 711 2 25 0 0 76 522 2 25 2 25 71 22 2 25 1 5 70 712 2 25 2 75 69 711 2 25 0 1 69 522 2 25 2 125 68 22 2 25 1 15 81 712 2 25 2 175 74 711 2 25 0 2 78 522 2 25 2 225 81 22 2 25 1 25 70 712 2 25 2 275 68 711 2 25 0 3 76 522 2 25 2 325 64 22 2 25 1 35 62 712 2 25 2 375 77
4/4 311 2 25 0 0 82 312 2 25 2 25 75 312 2 25 1 5 76 712 2 25 2 75 80 313 2 25 0 1 66 712 2 25 2 125 68 312 2 25 1 15 66 712 2 25 2 175 78 312 2 25 0 2 74 712 2 25 2 225 63 313 2 25 1 25 72 712 2 25 2 275 75 312 2 25 0 3 81 712 2 25 2 325 79 313 2 25 1 35 80 712 2 25 2 375 79
4/4 612 2 25 0 0 70 313 2 25 2 25 78 613 2 25 1 5 76 313 2 25 2 75 66 612 2 25 0 1 65 313 2 25 2 125 79 613 2 25 1 15 63 313 2 25 2 175 70 612 2 25 0 2 70 313 2 25 2 225 65 613 2 25 1 25 62 313 2 25 2 275 77 612 2 25 0 3 64 313 2 25 2 325 75 613 2 25 1 35 64 313 2 25 2 375 81
4/4 62 2 25 0 0 71 313 2 25 2 25 63 713 2 25 1 5 66 313 2 25 2 75 74 62 2 25 0 1 79 313 2 25 2 125 78 713 2 25 1 15 82 313 2 25 2 175 76 312 2 25 0 2 63 712 2 25 2 225 63 63 2 25 1 25 77 313 2 25 2 275 70 312 2 25 0 3 66 712 2 25 2 325 76 63 2 25 1 35 68 313 2 25 2 375 74
4/4 522 2 25 0 0 63 222 2 25 2 25 70 613 2 25 1 5 71 523 2 25 2 75 74 522 2 25 0 1 72 222 2 25 2 125 77 613 2 25 1 15 76 523 2 25 2 175 66 522 2 25 0 2 71 222 2 25 2 225 77 613 2 25 1 25 64 523 2 25 2 275 64 522 2 25 0 3 77 222 2 25 2 325 66 613 2 25 1 35 62 523 2 25 2 375 64
4/4 32 2 25 0 0 67 612 2 25 2 25 81 33 2 25 1 5 65 523 2 25 2 75 80 613 2 25 0 1 78 33 2 25 2 125 67 613 2 25 1 15 66 34 2 25 2 175 62 524 0 2 0 2 73
4/4 21 0 1 0 0 82 21 0 1 0 0 84 612 2 25 2 25 85 22 2 25 1 5 81 523 2 25 2 75 83 613 0 1 0 1 81 221 0 1 0 2 87 221 0 1 0 2 89 221 2 25 1 25 82 222 0 1 2 275 84 312 0 1 2 275 76
4/4 711 2 25 0 0 72 522 2 25 2 25 83 712 2 25 1 5 79 22 2 25 2 75 87 523 0 1 0 1 84 312 0 1 0 2 86 712 0 1 0 2 77 312 0 1 0 2 88
4/4 21 2 25 0 0 81 611 2 25 2 25 75 21 2 25 1 5 79 312 2 25 2 75 89 522 2 25 0 1 84 21 2 25 2 125 71 612 2 25 1 15 79 22 2 25 2 175 74 523 2 25 0 2 76 22 2 25 2 225 70 612 2 25 1 25 80 522 2 25 2 275 74 21 2 25 0 3 88 611 2 25 2 325 75 21 2 25 1 35 79 611 2 25 2 375 83
4/4 221 2 25 0 0 77 61 2 25 2 25 82 312 2 25 1 5 77 221 2 25 2 75 80 62 2 25 0 1 75 221 2 25 2 125 72 62 2 25 1 15 85 222 2 25 2 175 88 313 2 25 0 2 77 222 2 25 2 225 81 62 2 25 1 25 74 312 2 25 2 275 75 221 2 25 0 3 84 61 2 25 2 325 82 221 2 25 1 35 85 221 2 25 2 375 89
4/4 21 2 25 0 0 71 611 2 25 2 25 74 21 2 25 1 5 76 522 2 25 2 75 73 612 2 25 0 1 77 21 2 25 2 125 84 612 2 25 1 15 90 22 2 25 2 175 71 523 2 25 0 2 73 22 2 25 2 225 75 612 2 25 1 25 82 522 2 25 2 275 75 21 2 25 0 3 76 611 2 25 2 325 77 21 2 25 1 35 90 611 2 25 2 375 70
4/4 221 2 25 0 0 80 221 2 25 2 25 84 221 2 25 1 5 80 62 2 25 2 75 80 221 2 25 0 1 71 62 2 25 2 125 73 222 2 25 1 15 79 313 2 25 2 175 70 63 2 25 0 2 72 313 2 25 2 225 75 222 2 25 1 25 90 62 2 25 2 275 72 312 2 25 0 3 88 221 2 25 2 325 77 61 2 25 1 35 71 221 2 25 2 375 75
4/4 21 2 25 0 0 83 611 2 25 2 25 88 21 2 25 1 5 87 522 2 25 2 75 77 612 2 25 0 1 74 21 2 25 2 125 85 612 2 25 1 15 83 22 2 25 2 175 72 523 2 25 0 2 76 22 2 25 2 225 70 612 2 25 1 25 70 522 2 25 2 275 71 21 2 25 0 3 80 611 2 25 2 325 84 21 2 25 1 35 84 611 2 25 2 375 88
4/4 221 2 25 0 0 84 221 2 25 2 25 85 221 2 25 1 5 71 62 2 25 2 75 85 221 2 25 0 1 84 62 2 25 2 125 83 222 2 25 1 15 71 313 2 25 2 175 77 63 2 25 0 2 83 313 2 25 2 225 79 222 2 25 1 25 83 62 2 25 2 275 82 312 2 25 0 3 75 221 2 25 2 325 71 61 2 25 1 35 70 221 2 25 2 375 84
4/4 711 0 1 0 0 82 711 2 375 0 0 82 711 0 1 0 1 76 711 0 1 0 2 84 711 0 1 0 3 72
4/4 711 0 1 0 0 82 711 2 375 0 0 73 711 0 1 0 1 77 711 0 1 0 2 73 711 0 1 0 3 83
4/4 311 0 1 0 0 88 311 0 1 0 0 78 312 0 1 0 1 90 712 0 1 0 1 73 312 0 1 0 1 79 712 0 1 0 2 74 712 0 1 0 3 76
4/4 312 0 1 0 0 72 711 0 1 0 0 83 313 0 1 0 2 81 312 0 1 0 3 80 712 0 1 0 3 89 312 0 1 0 3 77 63 1 5 2 325 79
4/4 612 2 25 0 0 99 313 2 25 2 25 105 613 2 25 1 5 100 313 2 25 2 75 104 612 2 25 0 1 104 313 2 25 2 125 89 613 2 25 1 15 92 313 2 25 2 175 100 612 2 25 0 2 87 313 2 25 2 225 89 613 2 25 1 25 88 313 2 25 2 275 87 612 2 25 0 3 86 313 2 25 2 325 103 613 2 25 1 35 100 313 2 25 2 375 98
4/4 62 2 25 0 0 87 313 2 25 2 25 97 713 2 25 1 5 96 313 2 25 2 75 89 62 2 25 0 1 105 313 2 25 2 125 98 713 2 25 1 15 93 313 2 25 2 175 100 312 2 25 0 2 105 712 2 25 2 225 105 63 2 25 1 25 103 313 2 25 2 275 94 312 2 25 0 3 103 712 2 25 2 325 105 63 2 25 1 35 86 313 2 25 2 375 102
4/4 522 2 25 0 0 93 222 2 25 2 25 86 613 2 25 1 5 93 523 2 25 2 75 104 522 2 25 0 1 103 222 2 25 2 125 97 613 2 25 1 15 96 523 2 25 2 175 103 522 2 25 0 2 95 222 2 25 2 225 105 613 2 25 1 25 91 523 2 25 2 275 105 522 2 25 0 3 92 222 2 25 2 325 86 613 2 25 1 35 88 523 2 25 2 375 105
4/4 312 2 25 0 0 93 222 2 25 2 25 100 613 2 25 1 5 90 523 2 25 2 75 100 312 2 25 0 1 93 222 2 25 2 125 86 613 2 25 1 15 96 523 2 25 2 175 94 312 2 25 0 2 92 222 2 25 2 225 88 613 2 25 1 25 100 523 2 25 2 275 98 312 2 25 0 3 93 222 2 25 2 325 94 613 2 25 1 35 98 523 2 25 2 375 99
4/4 21 2 25 0 0 89 612 2 25 2 25 102 523 2 25 1 5 90 612 2 25 2 75 106 21 2 25 0 1 94 612 2 25 2 125 106 523 2 25 1 15 89 612 2 25 2 175 93 21 2 25 0 2 95 612 2 25 2 225 100 523 2 25 1 25 97 612 2 25 2 275 100 21 2 25 0 3 100 612 2 25 2 325 97 523 2 25 1 35 102 612 2 25 2 375 97
4/4 221 2 25 0 0 105 62 2 25 2 25 88 313 2 25 1 5 94 62 2 25 2 75 95 221 2 25 0 1 94 62 2 25 2 125 97 313 2 25 1 15 103 62 2 25 2 175 86 522 2 25 0 2 96 222 2 25 2 225 99 313 2 25 1 25 104 222 2 25 2 275 86 522 2 25 0 3 96 222 2 25 2 325 101 313 2 25 1 35 91 222 2 25 2 375 100
4/4 711 2 25 0 0 93 522 2 25 2 25 98 22 2 25 1 5 106 712 2 25 2 75 98 711 2 25 0 1 87 522 2 25 2 125 99 22 2 25 1 15 92 712 2 25 2 175 94 711 2 25 0 2 86 522 2 25 2 225 102 22 2 25 1 25 102 712 2 25 2 275 106 711 2 25 0 3 97 522 2 25 2 325 105 22 2 25 1 35 88 712 2 25 2 375 92
4/4 311 2 25 0 0 101 312 2 25 2 25 90 312 2 25 1 5 104 712 2 25 2 75 95 313 2 25 0 1 91 712 2 25 2 125 90 312 2 25 1 15 103 712 2 25 2 175 96 311 2 25 0 2 105 712 2 25 2 225 92 313 2 25 1 25 92 712 2 25 2 275 91 312 2 25 0 3 104 712 2 25 2 325 103 313 2 25 1 35 97 712 2 25 2 375 93
4/4 611 2 25 0 0 90 312 2 25 2 25 103 222 2 25 1 5 91 612 2 25 2 75 88 313 2 25 0 1 101 222 2 25 2 125 88 313 2 25 1 15 87 613 2 25 2 175 87 223 2 25 0 2 96 613 2 25 2 225 92 313 2 25 1 25 87 222 2 25 2 275 98 612 2 25 0 3 89 312 2 25 2 325 90 611 2 25 1 35 92 312 2 25 2 375 94
4/4 61 2 25 0 0 93 312 2 25 2 25 98 712 2 25 1 5 95 62 2 25 2 75 86 313 2 25 0 1 105 62 2 25 2 125 96 313 2 25 1 15 102 63 2 25 2 175 103 713 2 25 0 2 98 63 2 25 2 225 102 313 2 25 1 25 99 222 2 25 2 275 103 62 2 25 0 3 88 312 2 25 2 325 106 61 2 25 1 35 106 312 2 25 2 375 93
4/4 521 2 25 0 0 104 221 2 25 2 25 102 612 2 25 1 5 93 522 2 25 2 75 91 222 2 25 0 1 98 612 2 25 2 125 100 222 2 25 1 15 99 523 2 25 2 175 94 223 2 25 0 2 104 613 2 25 2 225 102 523 2 25 1 25 90 222 2 25 2 275 95 522 2 25 0 3 104 221 2 25 2 325 102 521 2 25 1 35 98 522 2 25 2 375 101
4/4 31 2 25 0 0 89 32 2 25 2 25 72 522 2 25 1 5 86 612 2 25 2 75 86 32 2 25 0 1 70 612 2 25 2 125 86 33 2 25 1 15 88 523 2 25 2 175 77 34 0 2 0 2 75
4/4 21 2 25 0 0 88 612 2 25 2 25 86 22 2 25 1 5 75 523 2 25 2 75 73 613 0 1 0 1 77 221 0 1 0 2 82 221 0 1 0 2 90 221 2 25 1 25 88 222 0 1 2 275 71 312 0 1 2 275 72
4/4 711 2 25 0 0 87 522 2 25 2 25 85 712 2 25 1 5 76 22 2 25 2 75 70 523 0 1 0 1 74 312 0 1 0 2 77 712 0 1 0 2 71 312 0 1 0 2 89
4/4 21 0 1 0 0 71 21 0 1 0 0 87 612 1 5 1 5 90 312 0 1 0 1 84 312 0 1 0 1 74 712 1 5 1 15 84 522 0 1 0 2 72 522 0 1 0 2 73 222 1 5 1 25 85 523 0 1 0 3 73
4/4 21 1 5 0 0 70 612 1 5 1 5 81 43 1 5 0 1 78 22 1 5 1 15 80 613 1 5 0 2 86 43 1 5 1 25 90 23 1 5 0 3 79 613 1 5 1 35 73
4/4 312 1 5 0 0 85 22 1 5 1 5 83 43 1 5 0 1 71 613 1 5 1 15 84 312 0 1 2 175 89 712 0 1 2 175 83 312 0 1 2 175 83 63 0 1 0 2 89 311 0 1 1 35 90 311 0 1 1 35 73
4/4 611 0 1 0 0 88 611 0 1 0 0 72 612 0 1 0 2 71 312 0 1 0 2 87
4/4 613 0 1 0 0 90 313 0 1 0 0 80
