4/4
4/4
4/4
4/4
4/4
4/4
4/4
4/4
4/4
4/4 24 0 1 2 175 49 24 0 1 2 275 49 523 0 1 2 275 49 54 2 75 0 3 49 55 0 1 2 375 49 613 0 1 2 375 49
3/4 74 2 75 0 0 49 75 0 1 2 75 49 223 0 1 2 75 49 24 2 75 0 1 49 75 0 1 2 175 49 23 0 1 2 175 49 14 2 75 0 2 49 615 0 1 2 275 49 713 0 1 2 275 49
3/4 14 2 75 0 0 49 15 0 1 2 75 49 34 0 1 2 75 49 24 2 75 0 1 49 75 0 1 2 175 49 23 0 1 2 175 49 14 2 75 0 2 49 615 0 1 2 275 49 713 0 1 2 275 49
3/4 14 2 75 0 0 49 75 0 1 2 75 49 23 0 1 2 75 49 14 2 75 0 1 49 615 0 1 2 175 49 13 0 1 2 175 49 74 2 75 0 2 49 55 0 1 2 275 49 613 0 1 2 275 49
3/4 74 2 75 0 0 49 45 0 1 2 75 49 713 0 1 2 75 49 14 2 75 0 1 49 45 0 1 2 175 49 613 0 1 2 175 49 74 2 75 0 2 49 75 0 1 2 275 49 223 0 1 2 275 49
3/4 24 2 75 0 0 49 25 0 1 2 75 49 314 0 1 2 75 49 45 2 75 0 1 49 25 0 1 2 175 49 44 0 1 2 175 49 35 2 75 0 2 49 15 0 1 2 275 49 23 0 1 2 275 49
3/4 35 2 75 0 0 49 36 0 1 2 75 49 54 0 1 2 75 49 45 2 75 0 1 49 15 0 1 2 175 49 23 0 1 2 175 49 35 2 75 0 2 49 25 0 1 2 275 49 314 0 1 2 275 49
3/4 45 2 75 0 0 49 75 0 1 2 75 49 223 0 1 2 75 49 24 2 75 0 1 49 15 0 1 2 175 49 23 0 1 2 175 49 35 2 75 0 2 49 615 0 1 2 275 49 713 0 1 2 275 49
3/4 14 2 75 0 0 49 75 0 1 2 75 49 23 0 1 2 75 49 14 2 75 0 1 49 24 0 1 2 175 49 523 0 1 2 175 49 54 2 75 0 2 49 55 0 1 2 275 49 613 0 1 2 275 49
3/4 74 2 75 0 0 49 75 0 1 2 75 49 223 0 1 2 75 49 24 2 75 0 1 49 75 0 1 2 175 49 23 0 1 2 175 49 14 2 75 0 2 49 615 0 1 2 275 49 713 0 1 2 275 49
3/4 14 2 75 0 0 49 15 0 1 2 75 49 34 0 1 2 75 49 24 2 75 0 1 49 75 0 1 2 175 49 23 0 1 2 175 49 14 2 75 0 2 49 615 0 1 2 275 49 713 0 1 2 275 49
3/4 14 2 75 0 0 49 75 0 1 2 75 49 23 0 1 2 75 49 14 2 75 0 1 49 615 0 1 2 175 49 13 0 1 2 175 49 74 2 75 0 2 49 55 0 1 2 275 49 613 0 1 2 275 49
3/4 74 2 75 0 0 58 45 0 1 2 75 62 53 0 1 2 75 62 64 2 75 0 1 66 65 0 1 2 175 70 223 0 1 2 175 70 24 2 75 0 2 75 25 0 1 2 275 79 314 0 1 2 275 79
3/4 45 2 75 0 0 83 46 0 1 2 75 87 54 0 1 2 75 87 65 2 75 0 1 92 46 0 1 2 175 96 54 0 1 2 175 96 65 2 75 0 2 96 36 0 1 2 275 96 524 0 1 2 275 96
3/4 55 2 75 0 0 96 25 0 1 2 75 96 314 0 1 2 75 96 45 2 75 0 1 96 25 0 1 2 175 89 314 0 1 2 175 89 45 2 75 0 2 86 15 0 1 2 275 83 23 0 1 2 275 83
3/4 35 2 75 0 0 79 45 0 1 2 75 76 713 0 1 2 75 76 14 2 75 0 1 73 45 0 1 2 175 69 713 0 1 2 175 69 14 2 75 0 2 66 25 0 1 2 275 62 314 0 1 2 275 62
3/4 45 2 75 0 0 59 15 0 1 2 75 56 23 0 1 2 75 56 35 2 75 0 1 52 75 0 1 2 175 49 223 0 1 2 175 49 24 2 75 0 2 49 25 0 1 2 275 49 314 0 1 2 275 49
3/4 45 2 75 0 0 49 25 0 1 2 75 49 314 0 1 2 75 49 45 2 75 0 1 49 25 0 1 2 175 49 314 0 1 2 175 49 45 2 75 0 2 49 46 0 1 2 275 49 54 0 1 2 275 49
3/4 65 2 75 0 0 49 36 0 1 2 75 49 524 0 1 2 75 49 55 2 75 0 1 49 25 0 1 2 175 49 314 0 1 2 175 49 45 2 75 0 2 49 15 0 1 2 275 49 23 0 1 2 275 49
3/4 35 2 75 0 0 49 45 0 1 2 75 49 713 0 1 2 75 49 14 2 75 0 1 49 45 0 1 2 175 49 713 0 1 2 175 49 14 2 75 0 2 49 45 0 1 2 275 49 223 0 1 2 275 49
3/4 24 2 75 0 0 49 45 0 1 2 75 49 713 0 1 2 75 49 14 2 75 0 1 49 24 0 1 2 175 49 613 0 1 2 175 49 74 1 5 3 2333 49 45 0 1 2 275 49 223 0 1 2 275 49
3/4 45 0 1 0 0 49 223 0 1 0 0 49 24 1 5 3 333 49 25 0 1 2 75 49 314 0 1 2 75 49 45 1 5 3 1333 49 25 0 1 2 175 49 314 0 1 2 175 49 45 1 5 3 2333 49 46 0 1 2 275 49 54 0 1 2 275 49
3/4 46 0 1 0 0 49 54 0 1 0 0 49 65 1 5 3 333 49 36 0 1 2 75 49 524 0 1 2 75 49 55 1 5 3 1333 49 25 0 1 2 175 49 314 0 1 2 175 49 45 1 5 3 2333 49 15 0 1 2 275 49 23 0 1 2 275 49
3/4 15 0 1 0 0 49 23 0 1 0 0 49 35 1 5 3 333 49 45 0 1 2 75 49 713 0 1 2 75 49 14 1 5 3 1333 49 45 0 1 2 175 49 713 0 1 2 175 49 14 1 5 3 2333 49 45 0 1 2 275 49 223 0 1 2 275 49
3/4 45 0 1 0 0 49 223 0 1 0 0 49 24 1 5 3 333 49 45 0 1 2 75 49 713 0 1 2 75 49 14 1 5 3 1333 49 24 0 1 2 175 49 613 0 1 2 175 49 74 1 5 3 2333 51 45 0 1 2 275 52 223 0 1 2 275 52
3/4 45 0 1 0 0 52 223 0 1 0 0 52 24 1 5 3 333 54 75 0 1 2 75 55 314 0 1 2 75 55 45 1 5 3 1333 56 25 0 1 2 175 57 614 0 1 2 175 57 75 1 5 3 2333 58 46 0 1 2 275 59 224 0 1 2 275 59
3/4 46 0 1 0 0 59 224 0 1 0 0 59 25 1 5 3 333 61 76 0 1 2 75 62 315 0 1 2 75 62 46 1 5 3 1333 63 26 0 1 2 175 64 615 0 1 2 175 64 76 1 5 3 2333 62 76 0 1 2 275 60 315 0 1 2 275 60
3/4 76 0 1 0 0 60 315 0 1 0 0 60 46 1 5 3 333 59 46 0 1 2 75 58 224 0 1 2 75 58 25 1 5 3 1333 57 25 0 1 2 175 55 614 0 1 2 175 55 75 1 5 3 2333 54 75 0 1 2 275 53 314 0 1 2 275 53
3/4 75 0 1 0 0 53 314 0 1 0 0 53 45 1 5 3 333 52 45 0 1 2 75 50 223 0 1 2 75 50 24 1 5 3 1333 49 524 2 25 3 1667 49 54 0 1 2 175 49 23 0 1 2 175 49 614 2 25 3 2667 49 74 0 1 2 275 49 54 0 1 2 275 49
3/4 74 0 1 0 0 49 54 0 1 0 0 49 224 2 25 3 667 49 24 0 1 2 75 49 74 0 1 2 75 49 24 2 25 3 1667 49 14 0 1 2 175 49 74 0 1 2 175 49 714 2 25 3 2667 49 14 0 1 2 275 49 614 0 1 2 275 49
3/4 14 0 1 0 0 49 614 0 1 0 0 49 35 2 25 3 667 49 24 0 1 2 75 49 14 0 1 2 75 49 24 2 25 3 1667 49 14 0 1 2 175 49 74 0 1 2 175 49 714 2 25 3 2667 49 14 0 1 2 275 49 614 0 1 2 275 49
3/4 14 0 1 0 0 49 614 0 1 0 0 49 24 2 25 3 667 49 14 0 1 2 75 49 74 0 1 2 75 49 14 2 25 3 1667 49 74 0 1 2 175 49 614 0 1 2 175 49 614 2 25 3 2667 49 74 0 1 2 275 49 54 0 1 2 275 49
3/4 74 0 1 0 0 49 54 0 1 0 0 49 714 2 25 3 667 49 14 0 1 2 75 49 44 0 1 2 75 49 614 2 25 3 1667 49 74 0 1 2 175 49 44 0 1 2 175 49 224 2 25 3 2667 49 24 0 1 2 275 49 74 0 1 2 275 49
3/4 24 0 1 0 0 49 74 0 1 0 0 49 315 2 25 3 667 49 45 0 1 2 75 49 24 0 1 2 75 49 45 2 25 3 1667 49 35 0 1 2 175 49 24 0 1 2 175 49 24 2 25 3 2667 49 35 0 1 2 275 49 14 0 1 2 275 49
3/4 35 0 1 0 0 49 14 0 1 0 0 49 55 2 25 3 667 49 45 0 1 2 75 49 35 0 1 2 75 49 24 2 25 3 1667 49 35 0 1 2 175 49 14 0 1 2 175 49 315 2 25 3 2667 49 45 0 1 2 275 49 24 0 1 2 275 49
3/4 45 0 1 0 0 49 24 0 1 0 0 49 224 2 25 3 667 49 24 0 1 2 75 49 74 0 1 2 75 49 24 2 25 3 1667 49 35 0 1 2 175 49 14 0 1 2 175 49 714 2 25 3 2667 49 14 0 1 2 275 49 614 0 1 2 275 49
3/4 14 0 1 0 0 49 614 0 1 0 0 49 24 2 25 3 667 49 14 0 1 2 75 49 74 0 1 2 75 49 24 0 1 2 175 49 523 0 1 2 175 49 54 1 5 3 2333 49 55 0 1 2 275 49 613 0 1 2 275 49
3/4 55 0 1 0 0 49 613 0 1 0 0 49 74 1 5 3 333 49 75 0 1 2 75 49 223 0 1 2 75 49 24 1 5 3 1333 49 75 0 1 2 175 49 23 0 1 2 175 49 14 1 5 3 2333 49 615 0 1 2 275 49 713 0 1 2 275 49
3/4 615 0 1 0 0 49 713 0 1 0 0 49 14 1 5 3 333 49 15 0 1 2 75 53 34 0 1 2 75 53 24 1 5 3 1333 55 75 0 1 2 175 57 23 0 1 2 175 57 14 1 5 3 2333 59 615 0 1 2 275 61 713 0 1 2 275 61
3/4 615 0 1 0 0 61 713 0 1 0 0 61 14 1 5 3 333 63 75 0 1 2 75 65 23 0 1 2 75 65 14 1 5 3 1333 67 615 0 1 2 175 69 13 0 1 2 175 69 74 1 5 3 2333 71 55 0 1 2 275 74 613 0 1 2 275 74
3/4 55 0 1 0 0 74 613 0 1 0 0 74 74 1 5 3 333 76 45 0 1 2 75 78 53 0 1 2 75 78 64 1 5 3 1333 80 65 0 1 2 175 82 223 0 1 2 175 82 24 1 5 3 2333 84 25 0 1 2 275 86 314 0 1 2 275 86
3/4 25 0 1 0 0 86 314 0 1 0 0 86 45 1 5 3 333 88 46 0 1 2 75 90 54 0 1 2 75 90 65 1 5 3 1333 92 37 0 1 3 1667 94 76 0 1 3 1667 94 55 0 1 3 1667 94 57 1 5 2 175 96
3/4 25 0 1 3 1667 96 55 0 1 3 1667 96 23 0 1 3 1667 96 26 1 5 2 175 96
3/4 25 0 1 3 1667 96 525 0 1 3 1667 96 23 0 1 3 1667 96 26 1 5 2 175 96
3/4 24 0 1 2 225 49 53 0 1 2 225 49 714 3 333 1 25 49 24 2 25 2 275 49
3/4 25 0 1 2 25 49 54 0 1 2 25 49 715 3 333 1 5 49 25 2 25 2 75 49 26 0 1 2 125 49 55 0 1 2 125 49 716 3 333 1 15 49 25 2 25 2 175 49 26 0 1 2 225 49 55 0 1 2 225 49 616 3 333 1 25 49 25 2 25 2 275 49
3/4 25 0 1 2 25 49 524 0 1 2 25 49 615 3 333 1 5 49 24 2 25 2 75 49 24 0 1 2 125 49 523 0 1 2 125 49 614 3 333 1 15 49 713 0 1 2 175 49 714 0 1 2 225 49 313 0 1 2 225 49 54 3 333 1 25 49 714 2 25 2 275 49
3/4 715 0 1 2 25 49 314 0 1 2 25 49 55 3 333 1 5 49 15 2 25 2 75 49 16 0 1 2 125 49 315 0 1 2 125 49 56 3 333 1 15 49 15 2 25 2 175 49 16 0 1 2 225 49 35 0 1 2 225 49 526 3 333 1 25 49 15 2 25 2 275 49
3/4 15 0 1 2 25 49 34 0 1 2 25 49 525 3 333 1 5 49 14 2 25 2 75 49 714 0 1 2 125 49 33 0 1 2 125 49 524 3 333 1 15 49 713 2 25 2 175 49 54 0 1 2 225 49 12 0 1 2 225 49 314 3 333 1 25 49 54 2 25 2 275 49
3/4 55 0 1 2 25 49 13 0 1 2 25 49 315 3 333 1 5 49 55 2 25 2 75 49 56 0 1 2 125 49 14 0 1 2 125 49 316 3 333 1 15 49 56 2 25 2 175 49 57 0 1 2 225 49 15 0 1 2 225 49 317 3 333 1 25 49 56 2 25 2 275 49
3/4 26 0 1 2 25 49 55 0 1 2 25 49 716 3 333 1 5 49 25 2 25 2 75 49 716 0 1 2 125 49 24 0 1 2 125 49 56 3 333 1 15 49 715 2 25 2 175 49 526 0 1 2 225 49 714 0 1 2 225 49 25 3 333 1 25 49 525 2 25 2 275 49
3/4 25 0 1 2 25 49 524 0 1 2 25 49 715 3 333 1 5 49 74 2 25 2 75 49 75 0 1 2 125 49 223 0 1 2 125 49 525 3 333 1 15 49 714 2 25 2 175 49 715 0 1 2 225 49 23 0 1 2 225 49 525 3 333 1 25 49 524 2 25 2 275 49
3/4 525 0 1 2 25 49 713 0 1 2 25 49 24 3 333 1 5 49 23 2 25 2 75 49 24 0 1 2 125 49 523 0 1 2 125 49 614 3 333 1 15 49 23 0 1 2 175 49 24 0 1 2 225 49 53 0 1 2 225 49 714 3 333 1 25 49 24 2 25 2 275 49
3/4 25 0 1 2 25 49 54 0 1 2 25 49 715 3 333 1 5 49 25 2 25 2 75 49 26 0 1 2 125 49 55 0 1 2 125 49 716 3 333 1 15 49 25 2 25 2 175 49 26 0 1 2 225 49 55 0 1 2 225 49 616 3 333 1 25 49 25 2 25 2 275 49
3/4 25 0 1 2 25 49 524 0 1 2 25 49 615 3 333 1 5 49 24 2 25 2 75 49 24 0 1 2 125 49 523 0 1 2 125 49 614 3 333 1 15 49 713 0 1 2 175 49 714 0 1 2 225 49 313 0 1 2 225 49 54 3 333 1 25 49 714 2 25 2 275 49
3/4 715 0 1 2 25 49 314 0 1 2 25 49 55 3 333 1 5 49 15 2 25 2 75 49 16 0 1 2 125 49 315 0 1 2 125 49 56 3 333 1 15 49 15 2 25 2 175 49 16 0 1 2 225 49 35 0 1 2 225 49 526 3 333 1 25 49 15 2 25 2 275 49
3/4 15 0 1 2 25 49 34 0 1 2 25 49 525 3 333 1 5 49 14 2 25 2 75 49 714 0 1 2 125 49 33 0 1 2 125 49 524 3 333 1 15 49 713 2 25 2 175 49 314 0 1 2 225 49 712 0 1 2 225 49 223 3 333 1 25 49 54 2 25 2 275 49
3/4 55 0 1 2 25 49 713 0 1 2 25 49 224 3 333 1 5 49 55 2 25 2 75 49 56 0 1 2 125 49 714 0 1 2 125 49 225 3 333 1 15 49 525 2 25 2 175 49 526 0 1 2 225 49 714 0 1 2 225 49 25 3 333 1 25 49 525 2 25 2 275 49
3/4 525 0 1 2 25 49 713 0 1 2 25 49 24 3 333 1 5 49 524 2 25 2 75 49 54 0 1 2 125 49 314 0 1 2 125 49 54 3 667 2 125 49 224 3 333 1 15 49 314 2 25 2 175 49 524 0 1 2 225 49 314 0 1 2 225 49 524 3 667 2 225 49 714 3 333 1 25 49 23 2 25 2 275 49
3/4 524 0 1 2 25 49 23 0 1 2 25 49 524 3 667 2 25 49 714 3 333 1 5 49 223 2 25 2 75 49 314 0 1 2 125 49 223 0 1 2 125 49 314 3 667 2 125 49 74 3 333 1 15 49 223 2 25 2 175 49 314 0 1 2 225 49 223 0 1 2 225 49 314 3 667 2 225 49 524 3 333 1 25 49 223 2 25 2 275 49
3/4 23 0 1 2 25 49 713 0 1 2 25 49 23 3 667 2 25 49 524 3 333 1 5 49 713 2 25 2 75 49 23 0 1 2 125 49 713 0 1 2 125 49 23 3 667 2 125 49 524 3 333 1 15 49 53 2 25 2 175 49 524 0 1 2 225 49 612 0 1 2 225 49 314 3 333 1 25 49 54 2 25 2 275 49
3/4 525 0 1 2 25 49 613 0 1 2 25 49 315 3 333 1 5 49 55 2 25 2 75 49 526 0 1 2 125 49 614 0 1 2 125 49 316 3 333 1 15 49 55 2 25 2 175 49 316 0 1 2 225 49 714 0 1 2 225 49 25 3 333 1 25 49 55 2 25 2 275 49
3/4 315 0 1 2 25 49 713 0 1 2 25 49 24 3 333 1 5 49 54 2 25 2 75 49 55 0 1 2 125 49 713 0 1 2 125 49 315 3 333 1 15 49 54 2 25 2 175 49 24 0 1 2 225 49 53 0 1 2 225 49 714 3 333 1 25 49 314 2 25 2 275 49
3/4 23 0 1 2 25 49 52 0 1 2 25 49 713 3 333 1 5 49 22 2 25 2 75 49 23 0 1 2 125 49 522 0 1 2 125 49 13 3 333 1 15 49 22 2 25 2 175 49 13 0 1 2 225 49 52 0 1 2 225 49 713 3 333 1 25 49 23 2 25 2 275 49
3/4 14 0 1 2 25 49 53 0 1 2 25 49 714 3 333 1 5 49 24 2 25 2 75 49 15 0 1 2 125 49 54 0 1 2 125 49 715 3 333 1 15 49 54 2 25 2 175 49 525 0 1 2 225 49 613 0 1 2 225 49 315 3 333 1 25 49 55 2 25 2 275 49
3/4 526 0 1 2 25 49 614 0 1 2 25 49 316 3 333 1 5 49 56 2 25 2 75 49 527 0 1 2 125 49 615 0 1 2 125 49 317 3 333 1 15 49 56 2 25 2 175 49 317 0 1 2 225 49 715 0 1 2 225 49 26 3 333 1 25 49 56 2 25 2 275 49
3/4 316 0 1 2 25 49 714 0 1 2 25 49 25 3 333 1 5 49 55 2 25 2 75 49 56 0 1 2 125 49 714 0 1 2 125 49 316 3 333 1 15 49 55 2 25 2 175 49 25 0 1 2 225 49 54 0 1 2 225 49 715 3 333 1 25 49 315 2 25 2 275 49
3/4 24 0 1 2 25 49 53 0 1 2 25 49 714 3 333 1 5 49 23 2 25 2 75 49 24 0 1 2 125 49 523 0 1 2 125 49 14 3 333 1 15 49 23 2 25 2 175 49 14 0 1 2 225 49 53 0 1 2 225 49 714 3 333 1 25 49 24 2 25 2 275 49
3/4 15 0 1 2 25 49 54 0 1 2 25 49 715 3 333 1 5 49 24 2 25 2 75 49 14 0 1 2 125 49 53 0 1 2 125 49 714 3 333 1 15 49 34 0 1 2 175 49 714 0 1 2 225 49 53 0 1 2 225 49 614 3 333 1 25 49 23 2 25 2 275 49
3/4 23 2 75 0 0 49 714 0 1 2 25 49 53 0 1 2 25 49 614 3 333 1 5 49 13 0 1 2 75 49 714 0 1 2 125 52 53 0 1 2 125 52 614 3 333 1 15 54 35 0 1 2 175 55 715 0 1 2 225 57 54 0 1 2 225 57 615 3 333 1 25 58 24 2 25 2 275 60
3/4 24 2 75 0 0 60 715 0 1 2 25 61 54 0 1 2 25 61 615 3 333 1 5 63 14 0 1 2 75 64 715 0 1 2 125 66 54 0 1 2 125 66 615 3 333 1 15 67 224 2 25 2 175 69 715 0 1 2 225 70 54 0 1 2 225 70 615 3 333 1 25 72 225 2 25 2 275 73
3/4 716 0 1 2 25 75 55 0 1 2 25 75 616 3 333 1 5 76 225 2 25 2 75 78 317 0 1 2 125 79 55 0 1 2 125 79 616 3 333 1 15 81 25 2 25 2 175 82 26 0 1 2 225 84 525 0 1 2 225 84 616 3 333 1 25 85 25 2 25 2 275 87
3/4 25 0 1 2 25 88 524 0 1 2 25 88 615 3 333 1 5 90 24 2 25 2 75 91 24 0 1 2 125 93 523 0 1 2 125 93 614 3 333 1 15 94 713 2 25 2 175 96 24 0 1 2 225 96 43 0 1 2 225 96 64 3 333 1 25 96 715 2 25 2 275 96
3/4 26 0 1 2 25 96 45 0 1 2 25 96 66 3 333 1 5 96 75 2 25 2 75 96 226 0 1 2 125 96 315 0 1 2 125 96 56 3 333 1 15 96 75 2 25 2 175 96 226 0 1 2 225 96 315 0 1 2 225 96 56 3 333 1 25 96 75 2 25 2 275 96
3/4 225 0 1 2 25 96 314 0 1 2 25 96 55 3 333 1 5 96 614 2 25 2 75 96 15 0 1 2 125 96 34 0 1 2 125 96 525 3 333 1 15 96 614 2 25 2 175 96 15 0 1 2 225 96 34 0 1 2 225 96 525 3 333 1 25 96 615 2 25 2 275 96
3/4 16 0 1 2 25 96 35 0 1 2 25 96 526 3 333 1 5 96 65 2 25 2 75 96 716 0 1 2 125 96 24 0 1 2 125 96 46 3 333 1 15 96 65 2 25 2 175 96 716 0 1 2 225 96 24 0 1 2 225 96 46 3 333 1 25 96 65 2 25 2 275 96
3/4 715 0 1 2 25 96 23 0 1 2 25 96 45 3 333 1 5 96 54 2 25 2 75 96 75 0 1 2 125 96 23 0 1 2 125 96 315 3 333 1 15 96 54 0 1 2 175 96 55 0 1 2 225 96 23 0 1 2 225 96 315 3 333 1 25 96 614 2 25 2 275 96
3/4 614 2 75 0 0 96 615 0 1 2 25 96 23 0 1 2 25 96 315 3 333 1 5 96 74 0 1 2 75 96 75 0 1 2 125 96 23 0 1 2 125 96 315 3 333 1 15 96 74 0 1 2 175 96 75 0 1 2 225 96 23 0 1 2 225 96 315 3 333 1 25 96 614 2 25 2 275 96
3/4 614 2 75 0 0 96 615 0 1 2 25 96 23 0 1 2 25 96 315 3 333 1 5 96 54 0 1 2 75 96 55 0 1 2 125 96 23 0 1 2 125 96 315 3 333 1 15 96 54 0 1 2 175 96 55 0 1 2 225 96 23 0 1 2 225 96 315 3 333 1 25 96 54 2 25 2 275 96
3/4 54 2 75 0 0 96 55 0 1 2 25 90 223 0 1 2 25 90 315 3 333 1 5 87 54 0 1 2 75 84 55 0 1 2 125 81 223 0 1 2 125 81 35 3 333 1 15 78 54 0 1 2 175 75 55 0 1 2 225 73 13 0 1 2 225 73 35 3 333 1 25 70 524 2 25 2 275 67
3/4 524 2 75 0 0 67 525 0 1 2 25 64 13 0 1 2 25 64 24 3 333 1 5 61 23 0 1 2 75 58 24 0 1 2 125 55 523 0 1 2 125 55 14 3 333 1 15 52 23 0 1 2 175 49 24 0 1 0 2 49 53 0 1 0 2 49 714 3 333 3 2333 49 24 2 25 3 2667 49 25 0 1 2 275 49 54 0 1 2 275 49
3/4 715 3 333 0 0 49 25 3 333 3 333 49 26 0 1 3 667 49 55 0 1 3 667 49 716 2 25 2 75 49 25 3 333 0 1 49 26 0 1 3 1333 49 55 0 1 3 1333 49 716 2 25 3 1667 49 25 2 25 2 175 49 26 0 1 0 2 49 525 0 1 0 2 49 616 3 333 3 2333 49 25 2 25 3 2667 49 25 0 1 2 275 49 524 0 1 2 275 49
3/4 615 3 333 0 0 49 24 3 333 3 333 49 24 0 1 3 667 49 523 0 1 3 667 49 614 2 25 2 75 49 23 2 75 0 1 49 24 0 1 3 1333 49 523 0 1 3 1333 49 614 2 25 3 1667 49 713 0 1 2 175 49 714 0 1 0 2 49 313 0 1 0 2 49 54 3 333 3 2333 49 714 2 25 3 2667 49 715 0 1 2 275 49 314 0 1 2 275 49
3/4 55 3 333 0 0 49 715 3 333 3 333 49 716 0 1 3 667 49 315 0 1 3 667 49 56 2 25 2 75 49 15 3 333 0 1 49 16 0 1 3 1333 49 315 0 1 3 1333 49 56 2 25 3 1667 49 15 2 25 2 175 49 16 0 1 0 2 49 35 0 1 0 2 49 526 3 333 3 2333 49 15 2 25 3 2667 49 15 0 1 2 275 49 34 0 1 2 275 49
3/4 525 3 333 0 0 49 14 3 333 3 333 49 14 0 1 3 667 49 33 0 1 3 667 49 524 2 25 2 75 49 713 2 75 0 1 49 714 0 1 3 1333 49 33 0 1 3 1333 49 524 2 25 3 1667 49 713 2 25 2 175 49 54 0 1 0 2 49 12 0 1 0 2 49 314 3 333 3 2333 49 54 2 25 3 2667 49 55 0 1 2 275 49 13 0 1 2 275 49
3/4 315 3 333 0 0 49 55 3 333 3 333 49 56 0 1 3 667 49 14 0 1 3 667 49 316 2 25 2 75 49 56 3 333 0 1 49 57 0 1 3 1333 49 15 0 1 3 1333 49 317 2 25 3 1667 49 56 2 25 2 175 49 57 0 1 0 2 49 715 0 1 0 2 49 26 3 333 3 2333 49 56 2 25 3 2667 49 26 0 1 2 275 49 55 0 1 2 275 49
3/4 716 3 333 0 0 49 25 3 333 3 333 49 716 0 1 3 667 49 24 0 1 3 667 49 56 2 25 2 75 49 715 3 333 0 1 49 56 0 1 3 1333 49 714 0 1 3 1333 49 25 2 25 3 1667 49 525 2 25 2 175 49 526 0 1 0 2 49 714 0 1 0 2 49 25 3 333 3 2333 49 525 2 25 3 2667 49 25 0 1 2 275 49 524 0 1 2 275 49
3/4 715 3 333 0 0 49 24 3 333 3 333 49 715 0 1 3 667 49 23 0 1 3 667 49 525 2 75 2 75 49 74 3 333 0 1 49 75 0 1 3 1333 49 223 0 1 3 1333 49 525 2 25 3 1667 49 714 2 25 2 175 49 715 0 1 0 2 49 23 0 1 0 2 49 525 3 333 3 2333 49 714 2 25 3 2667 49 525 0 1 2 275 49 713 0 1 2 275 49
3/4 24 3 333 0 0 49 524 3 333 3 333 49 24 0 1 3 667 49 523 0 1 3 667 49 714 2 75 2 75 49 23 3 333 0 1 49 24 0 1 3 1333 49 523 0 1 3 1333 49 614 2 25 3 1667 49 23 0 1 2 175 49 24 0 1 0 2 49 53 0 1 0 2 49 714 3 333 3 2333 49 24 2 25 3 2667 49 25 0 1 2 275 49 54 0 1 2 275 49
3/4 715 3 333 0 0 49 25 3 333 3 333 49 26 0 1 3 667 49 55 0 1 3 667 49 716 2 25 2 75 49 25 3 333 0 1 49 26 0 1 3 1333 49 55 0 1 3 1333 49 716 2 25 3 1667 49 25 2 25 2 175 49 26 0 1 0 2 49 525 0 1 0 2 49 616 3 333 3 2333 49 25 2 25 3 2667 49 25 0 1 2 275 49 524 0 1 2 275 49
3/4 615 3 333 0 0 49 24 3 333 3 333 49 24 0 1 3 667 49 523 0 1 3 667 49 614 2 25 2 75 49 23 2 75 0 1 49 24 0 1 3 1333 49 523 0 1 3 1333 49 614 2 25 3 1667 49 713 0 1 2 175 49 714 0 1 0 2 49 313 0 1 0 2 49 54 3 333 3 2333 49 714 2 25 3 2667 49 715 0 1 2 275 49 314 0 1 2 275 49
3/4 55 3 333 0 0 49 715 3 333 3 333 49 716 0 1 3 667 49 315 0 1 3 667 49 56 2 25 2 75 49 15 3 333 0 1 49 16 0 1 3 1333 49 315 0 1 3 1333 49 56 2 25 3 1667 49 15 2 25 2 175 49 16 0 1 0 2 49 35 0 1 0 2 49 526 3 333 3 2333 49 15 2 25 3 2667 49 15 0 1 2 275 49 34 0 1 2 275 49
3/4 525 3 333 0 0 49 14 3 333 3 333 49 14 0 1 3 667 49 33 0 1 3 667 49 524 2 25 2 75 49 713 2 75 0 1 49 714 0 1 3 1333 49 33 0 1 3 1333 49 524 2 25 3 1667 49 713 2 25 2 175 49 54 0 1 0 2 49 12 0 1 0 2 49 314 3 333 3 2333 49 54 2 25 3 2667 49 55 0 1 2 275 49 13 0 1 2 275 49
3/4 315 3 333 0 0 49 55 3 333 3 333 49 56 0 1 3 667 49 14 0 1 3 667 49 316 2 25 2 75 49 56 3 333 0 1 49 57 0 1 3 1333 49 15 0 1 3 1333 49 317 2 25 3 1667 49 56 2 25 2 175 49 57 0 1 0 2 49 715 0 1 0 2 49 26 3 333 3 2333 49 56 2 25 3 2667 49 26 0 1 2 275 49 55 0 1 2 275 49
3/4 716 3 333 0 0 49 25 3 333 3 333 49 716 0 1 3 667 49 24 0 1 3 667 49 56 2 25 2 75 49 715 3 333 0 1 49 56 0 1 3 1333 49 714 0 1 3 1333 49 25 2 25 3 1667 49 55 2 25 2 175 49 25 0 1 0 2 49 54 0 1 0 2 49 715 3 333 3 2333 49 24 2 25 3 2667 49 715 0 1 2 275 49 23 0 1 2 275 49
3/4 55 3 333 0 0 49 714 3 333 3 333 49 55 0 1 3 667 49 713 0 1 3 667 49 24 2 25 2 75 49 54 3 333 0 1 49 24 0 1 3 1333 49 53 0 1 3 1333 49 714 2 25 3 1667 49 23 2 25 2 175 49 24 0 1 0 2 49 53 0 1 0 2 49 714 3 333 3 2333 49 23 2 25 3 2667 49 24 0 1 2 275 49 53 0 1 2 275 49
3/4 714 3 333 0 0 49 23 3 333 3 333 49 24 0 1 3 667 49 53 0 1 3 667 49 714 2 25 2 75 49 23 3 333 0 1 49 24 0 1 3 1333 49 53 0 1 3 1333 49 714 2 25 3 1667 49 23 2 25 2 175 49 24 0 1 0 2 46 53 0 1 0 2 46 714 3 333 3 2333 45 23 2 25 3 2667 44 24 0 1 2 275 42 53 0 1 2 275 42
3/4 714 3 333 0 0 41 23 3 333 3 333 40 24 0 1 3 667 38 53 0 1 3 667 38 714 2 25 2 75 37 23 3 333 0 1 36 24 0 1 3 1333 34 53 0 1 3 1333 34 714 2 25 3 1667 33 24 0 1 2 175 49 74 0 1 2 175 49 523 0 1 2 175 49 54 2 75 0 2 49 55 0 1 2 275 49 24 0 1 2 275 49 613 0 1 2 275 49
3/4 74 2 75 0 0 49 75 0 1 2 75 49 55 0 1 2 75 49 223 0 1 2 75 49 24 2 75 0 1 49 75 0 1 2 175 49 35 0 1 2 175 49 23 0 1 2 175 49 14 2 75 0 2 49 615 0 1 2 275 49 35 0 1 2 275 49 713 0 1 2 275 49
3/4 14 2 75 0 0 49 15 0 1 2 75 49 615 0 1 2 75 49 34 0 1 2 75 49 24 2 75 0 1 49 75 0 1 2 175 49 525 0 1 2 175 49 23 0 1 2 175 49 14 2 75 0 2 49 615 0 1 2 275 49 525 0 1 2 275 49 713 0 1 2 275 49
3/4 14 2 75 0 0 49 75 0 1 2 75 49 525 0 1 2 75 49 23 0 1 2 75 49 14 2 75 0 1 49 615 0 1 2 175 49 24 0 1 2 175 49 13 0 1 2 175 49 74 2 75 0 2 49 55 0 1 2 275 49 24 0 1 2 275 49 613 0 1 2 275 49
3/4 74 2 75 0 0 49 45 0 1 2 75 49 35 0 1 2 75 49 713 0 1 2 75 49 14 2 75 0 1 49 45 0 1 2 175 49 24 0 1 2 175 49 613 0 1 2 175 49 74 2 75 0 2 49 75 0 1 2 275 49 45 0 1 2 275 49 223 0 1 2 275 49
3/4 24 2 75 0 0 49 25 0 1 2 75 49 75 0 1 2 75 49 314 0 1 2 75 49 45 2 75 0 1 49 25 0 1 2 175 49 55 0 1 2 175 49 44 0 1 2 175 49 35 2 75 0 2 49 15 0 1 2 275 49 55 0 1 2 275 49 23 0 1 2 275 49
3/4 35 2 75 0 0 49 36 0 1 2 75 49 15 0 1 2 75 49 54 0 1 2 75 49 45 2 75 0 1 49 15 0 1 2 175 49 615 0 1 2 175 49 23 0 1 2 175 49 35 2 75 0 2 49 25 0 1 2 275 49 615 0 1 2 275 49 314 0 1 2 275 49
3/4 45 2 75 0 0 49 75 0 1 2 75 49 55 0 1 2 75 49 223 0 1 2 75 49 24 2 75 0 1 49 15 0 1 2 175 49 55 0 1 2 175 49 23 0 1 2 175 49 35 2 75 0 2 49 615 0 1 2 275 49 55 0 1 2 275 49 713 0 1 2 275 49
3/4 14 2 75 0 0 49 75 0 1 2 75 49 525 0 1 2 75 49 23 0 1 2 75 49 14 2 75 0 1 49 24 0 1 2 175 49 74 0 1 2 175 49 523 0 1 2 175 49 54 2 75 0 2 49 55 0 1 2 275 49 24 0 1 2 275 49 613 0 1 2 275 49
3/4 74 2 75 0 0 49 75 0 1 2 75 49 55 0 1 2 75 49 223 0 1 2 75 49 24 2 75 0 1 49 75 0 1 2 175 49 35 0 1 2 175 49 23 0 1 2 175 49 14 2 75 0 2 49 615 0 1 2 275 49 35 0 1 2 275 49 713 0 1 2 275 49
3/4 14 2 75 0 0 49 15 0 1 2 75 49 615 0 1 2 75 49 34 0 1 2 75 49 24 2 75 0 1 49 75 0 1 2 175 49 525 0 1 2 175 49 23 0 1 2 175 49 14 2 75 0 2 49 615 0 1 2 275 49 525 0 1 2 275 49 713 0 1 2 275 49
3/4 14 2 75 0 0 49 75 0 1 2 75 49 525 0 1 2 75 49 23 0 1 2 75 49 14 2 75 0 1 49 615 0 1 2 175 49 24 0 1 2 175 49 13 0 1 2 175 49 74 2 75 0 2 49 55 0 1 2 275 49 24 0 1 2 275 49 613 0 1 2 275 49
3/4 74 2 75 0 0 49 45 0 1 2 75 49 24 0 1 2 75 49 53 0 1 2 75 49 64 2 75 0 1 49 65 0 1 2 175 49 45 0 1 2 175 49 223 0 1 2 175 49 24 1 5 3 2333 58 25 0 1 2 275 62 65 0 1 2 275 62 314 0 1 2 275 62
3/4 25 0 1 0 0 62 65 0 1 0 0 62 314 0 1 0 0 62 45 1 5 3 333 67 46 0 1 2 75 71 25 0 1 2 75 71 54 0 1 2 75 71 65 1 5 3 1333 76 46 0 1 2 175 96 25 0 1 2 175 96 54 0 1 2 175 96 65 1 5 3 2333 82 36 0 1 2 275 76 15 0 1 2 275 76 524 0 1 2 275 76
3/4 36 0 1 0 0 76 15 0 1 0 0 76 524 0 1 0 0 76 55 1 5 3 333 69 25 0 1 2 75 62 75 0 1 2 75 62 524 0 1 2 75 62 55 1 5 3 1333 55 25 0 1 2 175 60 75 0 1 2 175 60 524 0 1 2 175 60 55 1 5 3 2333 63 15 0 1 2 275 65 615 0 1 2 275 65 524 0 1 2 275 65
3/4 15 0 1 0 0 65 615 0 1 0 0 65 524 0 1 0 0 65 55 1 5 3 333 68 25 0 1 2 75 70 75 0 1 2 75 70 524 0 1 2 75 70 55 1 5 3 1333 73 46 0 1 2 175 67 15 0 1 2 175 67 524 0 1 2 175 67 55 1 5 3 2333 64 36 0 1 2 275 61 15 0 1 2 275 61 524 0 1 2 275 61
3/4 36 0 1 0 0 61 15 0 1 0 0 61 524 0 1 0 0 61 55 1 5 3 333 58 525 0 1 2 75 55 24 0 1 2 75 55 713 0 1 2 75 55 14 1 5 3 1333 52 55 0 1 2 175 49 24 0 1 2 175 49 613 0 1 2 175 49 74 2 75 0 2 49 75 0 1 2 275 49 55 0 1 2 275 49 223 0 1 2 275 49
3/4 24 2 75 0 0 49 75 0 1 2 75 49 55 0 1 2 75 49 223 0 1 2 75 49 24 2 75 0 1 49 75 0 1 2 175 49 55 0 1 2 175 49 223 0 1 2 175 49 24 2 75 0 2 49 15 0 1 2 275 49 55 0 1 2 275 49 23 0 1 2 275 49
3/4 35 2 75 0 0 49 75 0 1 2 75 49 55 0 1 2 75 49 223 0 1 2 75 49 24 2 75 0 1 49 75 0 1 2 175 49 223 0 1 2 175 49 24 2 75 0 2 49 615 0 1 2 275 49 24 0 1 2 275 49 713 0 1 2 275 49
3/4 14 2 75 0 0 49 24 0 1 2 75 49 224 0 1 2 75 49 63 0 1 2 75 49 614 2 75 0 1 49 24 0 1 2 175 49 14 0 1 2 175 49 63 0 1 2 175 49 614 2 75 0 2 49 24 0 1 2 275 49 14 0 1 2 275 49 613 0 1 2 275 49
3/4 74 2 75 0 0 49 24 0 1 2 75 49 14 0 1 2 75 49 63 0 1 2 75 49 614 2 75 0 1 49 55 0 1 2 175 49 24 0 1 2 175 49 613 0 1 2 175 49 74 1 5 3 2333 49 75 0 1 2 275 49 55 0 1 2 275 49 223 0 1 2 275 49
3/4 75 0 1 0 0 49 55 0 1 0 0 49 223 0 1 0 0 49 24 1 5 3 333 49 75 0 1 2 75 49 55 0 1 2 75 49 223 0 1 2 75 49 24 1 5 3 1333 49 75 0 1 2 175 49 55 0 1 2 175 49 223 0 1 2 175 49 24 1 5 3 2333 49 15 0 1 2 275 49 55 0 1 2 275 49 23 0 1 2 275 49
3/4 15 0 1 0 0 49 55 0 1 0 0 49 23 0 1 0 0 49 35 1 5 3 333 49 75 0 1 2 75 49 55 0 1 2 75 49 223 0 1 2 75 49 24 1 5 3 1333 49 75 0 1 2 175 49 223 0 1 2 175 49 24 1 5 3 2333 49 615 0 1 2 275 49 24 0 1 2 275 49 713 0 1 2 275 49
3/4 615 0 1 0 0 49 24 0 1 0 0 49 713 0 1 0 0 49 14 1 5 3 333 49 24 0 1 2 75 49 224 0 1 2 75 49 63 0 1 2 75 49 614 1 5 3 1333 49 24 0 1 2 175 49 14 0 1 2 175 49 63 0 1 2 175 49 614 1 5 3 2333 49 24 0 1 2 275 49 14 0 1 2 275 49 613 0 1 2 275 49
3/4 24 0 1 0 0 49 14 0 1 0 0 49 613 0 1 0 0 49 74 1 5 3 333 49 24 0 1 2 75 49 14 0 1 2 75 49 63 0 1 2 75 49 614 1 5 3 1333 49 24 0 1 2 175 49 74 0 1 2 175 49 523 0 1 2 175 49 54 1 5 3 2333 58 55 0 1 2 275 63 24 0 1 2 275 63 613 0 1 2 275 63
3/4 55 0 1 0 0 63 24 0 1 0 0 63 613 0 1 0 0 63 74 1 5 3 333 67 75 0 1 2 75 72 55 0 1 2 75 72 223 0 1 2 75 72 24 1 5 3 1333 76 25 0 1 2 175 81 75 0 1 2 175 81 524 0 1 2 175 81 55 1 5 3 2333 85 56 0 1 2 275 90 25 0 1 2 275 90 614 0 1 2 275 90
3/4 56 0 1 0 0 90 25 0 1 0 0 90 614 0 1 0 0 90 75 1 5 3 333 94 76 0 1 2 75 99 56 0 1 2 75 99 224 0 1 2 75 99 25 1 5 3 1333 103 616 0 1 3 1667 108 316 0 1 3 1667 108 614 0 1 3 1667 108 57 0 1 2 175 112
3/4
3/4 25 0 1 3 1667 112 55 0 1 3 1667 112 23 0 1 3 1667 112 26 0 1 2 175 112
3/4
3/4 25 0 1 3 1667 49 615 0 1 3 1667 49 23 0 1 3 1667 49 26 0 1 2 175 49
3/4
3/4 14 2 25 2 175 96 55 0 1 2 175 96 53 0 1 2 175 96 714 0 1 0 2 96
3/4 714 0 2 0 0 96 55 0 1 0 0 96 53 0 1 0 0 96 14 2 25 2 175 96 714 0 1 0 2 96
3/4 55 0 1 0 0 96 53 0 1 0 0 96 714 0 2 0 0 96 14 2 25 3 1667 96 714 0 1 2 175 96 14 2 25 2 275 96
3/4 714 0 2 0 0 96 14 2 25 3 1667 96 714 0 1 2 175 96 14 2 25 2 275 96
3/4 714 2 175 0 0 96 14 2 25 2 175 96 714 3 333 0 2 97 14 3 333 3 2333 98 714 2 25 3 2667 99 14 2 25 2 275 99
3/4 714 3 333 0 0 100 14 3 333 3 333 100 714 2 25 3 667 101 14 2 25 2 75 102 714 3 333 0 1 102 14 3 333 3 1333 103 714 2 25 3 1667 104 14 2 25 2 175 104 714 3 333 0 2 105 14 3 333 3 2333 105 714 2 25 3 2667 106 14 2 25 2 275 107
3/4 714 3 333 0 0 107 14 3 333 3 333 108 714 2 25 3 667 109 14 2 25 2 75 109 714 3 333 0 1 110 14 3 333 3 1333 110 714 2 25 3 1667 111 14 2 25 2 175 112 714 3 333 0 2 112 14 3 333 3 2333 113 714 2 25 3 2667 114 14 2 25 2 275 114
3/4 714 3 333 0 0 115 14 3 333 3 333 115 714 2 25 3 667 116 14 2 25 2 75 117 714 3 333 0 1 117 14 3 333 3 1333 118 714 2 25 3 1667 119 14 2 25 2 175 119 714 3 333 0 2 120 14 3 333 3 2333 120 714 2 25 3 2667 121 14 2 25 2 275 122
3/4 714 3 333 0 0 122 614 3 333 3 333 123 714 3 333 3 667 124 24 3 333 0 1 124 14 3 333 2 125 125 714 3 333 1 15 125 714 2 125 2 175 126
17/4 714 2 175 0 0 126 23 0 1 2 175 126 54 0 1 2 275 126 614 0 1 2 375 126 714 0 1 2 475 126 24 0 1 2 575 126 55 0 1 2 675 126 615 0 1 2 775 126 715 0 1 2 875 126 25 0 1 2 975 126 56 0 1 2 1075 126 616 0 1 2 1175 126 716 0 2 2 1275 126
4/4 52 0 1 0 1 49 21 0 1 0 1 49 73 0 1 2 125 49 72 0 1 0 3 49 52 0 1 0 3 49 23 2 75 2 325 49
4/4 12 0 1 0 0 49 52 0 1 0 0 49 23 2 25 0 0 49 34 0 1 2 25 49 33 0 1 0 2 49 12 0 1 0 2 49 54 0 1 2 225 49 22 0 1 0 3 49 12 0 1 0 3 49 524 2 75 2 325 49
4/4 524 2 25 0 0 49 21 0 1 0 1 49 522 0 1 0 1 49 52 0 1 0 2 49 21 0 1 0 2 49 73 0 1 2 225 49
4/4 612 0 1 0 0 49 42 0 1 0 0 49 13 0 1 2 25 49 72 0 1 0 1 49 42 0 1 0 1 49 23 0 1 2 125 49 22 0 1 0 3 49 72 0 1 0 3 49 44 2 75 2 325 49
4/4 33 0 1 0 0 49 72 0 1 0 0 49 44 2 25 0 0 49 54 0 1 2 25 49 53 0 1 0 2 49 33 0 1 0 2 49 74 0 1 2 225 49 43 0 1 0 3 49 12 0 1 0 3 49 614 2 75 2 325 49
4/4 72 0 1 0 0 49 42 0 1 0 0 49 614 2 25 0 0 49 23 0 1 2 25 49 33 0 1 0 1 49 72 0 1 0 1 49 54 0 1 2 125 49 612 0 1 0 2 49 32 0 1 0 2 49 13 0 1 2 225 49
4/4 22 0 1 0 0 49 72 0 1 0 0 49 524 0 1 2 25 49 52 0 1 0 1 49 612 0 1 0 1 49 73 2 75 2 125 49 53 2 25 0 2 49 73 2 75 2 225 49 22 2 25 0 3 49 52 2 75 2 325 49
4/4 12 2 25 0 0 49 34 2 75 2 25 49 613 2 25 0 1 49 34 2 75 2 125 49 613 2 25 0 2 49 12 2 75 2 225 49 22 2 25 0 3 49 524 2 75 2 325 49
4/4 613 2 25 0 0 49 524 2 75 2 25 49 13 2 25 0 1 49 22 2 75 2 125 49 53 2 25 0 2 49 54 2 75 2 225 49 23 2 25 0 3 49 54 2 75 2 325 58
4/4 712 2 25 0 0 62 23 2 75 2 25 66 22 2 25 0 1 70 44 2 75 2 125 75 43 2 25 0 2 79 64 2 75 2 225 83 63 2 25 0 3 87 714 2 75 2 325 92
4/4 33 0 1 0 0 96 712 0 1 0 0 96 23 0 1 2 25 96 713 0 1 2 25 96 33 0 1 0 1 96 12 0 1 0 1 96 34 0 1 2 125 96 13 0 1 2 125 96 42 1 5 0 3 89
4/4 44 0 3 0 0 83 43 0 1 0 1 76 34 0 1 0 2 69 612 0 1 0 2 69
4/4 72 1 5 0 1 49 44 0 2 0 2 49 43 0 1 0 3 49
4/4 712 1 5 0 0 49 44 0 2 0 1 49 43 0 1 0 2 49 12 1 5 0 3 49
4/4 44 0 2 0 0 49 34 0 1 0 1 49 613 0 1 0 1 49 42 0 1 0 1 49 42 1 5 0 2 49 44 0 1 0 3 49
4/4 34 0 1 0 0 49 613 0 1 0 0 49 42 0 1 0 0 49 44 0 1 0 0 49 72 1 5 0 1 49 54 2 25 0 2 49 44 2 175 2 225 49 43 0 1 0 3 49
4/4 712 1 5 0 0 49 44 2 25 0 0 49 54 2 25 0 1 49 44 0 2 2 125 49 43 0 1 0 2 49 12 1 5 0 3 49
4/4 54 2 25 0 0 49 44 0 2 2 25 49 34 0 1 0 1 49 613 0 1 0 1 49 42 0 1 0 1 49 42 1 5 0 2 49 54 2 25 0 3 49 44 2 75 2 325 49
4/4 34 0 1 0 0 49 613 0 1 0 0 49 42 0 1 0 0 49 44 2 125 0 0 49 72 0 1 0 1 49 44 0 1 0 2 52 22 0 1 0 2 52 74 0 1 0 3 55 43 0 1 0 3 55
4/4 24 0 1 0 0 57 73 0 1 0 0 57 45 0 1 0 1 59 23 0 1 0 1 59 75 0 1 0 2 62 44 0 1 0 2 62 25 0 1 0 3 64 74 0 1 0 3 64
4/4
4/4 52 0 1 0 1 49 21 0 1 0 1 49 73 0 1 2 125 49 72 0 1 0 3 49 52 0 1 0 3 49 23 2 75 2 325 49
4/4 12 0 1 0 0 49 52 0 1 0 0 49 23 2 25 0 0 49 34 0 1 2 25 49 33 0 1 0 2 49 12 0 1 0 2 49 54 0 1 2 225 49 22 0 1 0 3 49 12 0 1 0 3 49 524 2 75 2 325 49
4/4 524 2 25 0 0 49 21 0 1 0 1 49 522 0 1 0 1 49 52 0 1 0 2 49 21 0 1 0 2 49 73 0 1 2 225 49
4/4 612 0 1 0 0 49 42 0 1 0 0 49 13 0 1 2 25 49 72 0 1 0 1 49 42 0 1 0 1 49 23 0 1 2 125 49 22 0 1 0 3 49 72 0 1 0 3 49 44 2 75 2 325 49
4/4 33 0 1 0 0 49 72 0 1 0 0 49 44 2 25 0 0 49 54 0 1 2 25 49 53 0 1 0 2 49 33 0 1 0 2 49 74 0 1 2 225 49 43 0 1 0 3 49 33 0 1 0 3 49 614 0 1 0 3 49
4/4 72 0 1 0 0 49 42 0 1 0 0 49 614 0 1 0 0 49 23 0 1 2 25 49 33 0 1 0 1 49 72 0 1 0 1 49 54 0 2 2 125 49 612 0 1 0 2 49 32 0 1 0 2 49 13 0 1 2 225 49
4/4 22 0 1 0 0 49 612 0 1 0 0 49 524 0 1 2 25 49 52 1 5 0 1 49 73 1 5 1 15 49 53 1 5 0 2 49 73 1 5 1 25 49 22 1 5 0 3 49 52 1 5 1 35 49
4/4 12 1 5 0 0 49 34 1 5 1 5 49 613 1 5 0 1 49 34 1 5 1 15 49 613 1 5 0 2 53 12 1 5 1 25 55 22 1 5 0 3 57 524 1 5 1 35 59
4/4 613 1 5 0 0 61 524 1 5 1 5 63 13 1 5 0 1 65 22 1 5 1 15 67 53 1 5 0 2 69 54 1 5 1 25 71 23 1 5 0 3 74 54 1 5 1 35 76
4/4 712 1 5 0 0 78 23 1 5 1 5 80 43 1 5 0 1 82 64 1 5 1 15 84 63 1 5 0 2 86 714 1 5 1 25 88 713 1 5 0 3 90 24 1 5 1 35 92 74 0 1 2 375 94 54 0 1 2 375 94 222 0 1 2 375 94
4/4 222 1 5 0 0 96 54 0 1 2 275 96 73 0 1 2 275 96 21 0 1 2 275 96 21 1 5 0 3 96
4/4 524 0 1 2 175 96 613 0 1 2 175 96 21 0 1 2 175 96 21 1 5 0 2 96
4/4 53 0 3 0 1 49 23 0 2 0 1 49 314 0 1 0 3 49
4/4 613 0 1 0 0 49 522 0 1 0 0 49 314 0 2 0 0 49 23 0 1 0 2 49 312 0 1 0 3 49 313 0 1 0 3 49
4/4 713 0 1 0 0 49 313 0 2 0 0 49 13 0 1 0 1 49 33 0 2 0 2 49 13 0 2 0 2 49
4/4 713 0 1 0 0 49 33 0 1 0 0 49 12 0 1 0 1 49 52 0 1 0 1 49 523 0 1 0 2 49 313 0 1 0 3 49
4/4 52 0 2 0 0 49 22 0 1 0 0 49 53 0 1 0 1 49 713 0 1 0 2 49 523 0 1 0 3 49 23 0 1 0 3 49
4/4 524 0 1 0 0 49 523 0 1 0 0 49 314 0 1 0 1 49 712 0 1 0 2 49 22 0 1 0 2 49 223 0 1 0 3 49
4/4 22 0 2 0 0 49 13 0 1 0 0 49 52 0 1 0 1 49 712 0 1 0 1 49 23 1 15 0 2 49 314 1 5 1 35 49
4/4 613 0 1 0 0 49 522 0 1 0 0 49 314 0 2 0 0 49 23 0 1 0 2 49 312 0 1 0 3 49 313 0 1 0 3 49
4/4 713 1 15 0 0 49 313 0 2 0 0 49 13 1 5 1 15 49 33 0 2 0 2 49 13 0 2 0 2 49
4/4 713 0 1 0 0 49 33 0 1 0 0 49 312 0 1 0 1 49 52 0 1 0 1 49 523 0 1 0 2 49 313 0 1 0 3 49
4/4 22 0 1 0 0 49 21 0 1 0 0 49 313 0 1 0 2 49 311 0 1 0 2 49 523 0 1 0 3 49 521 0 1 0 3 49
4/4 523 0 1 0 0 49 521 0 1 0 0 49 522 0 1 0 1 49 521 0 1 0 1 49 712 0 1 0 2 49 711 0 1 0 2 49
4/4 712 0 1 0 0 49 711 0 1 0 0 49 12 0 1 0 1 49 11 0 1 0 1 49
4/4 712 0 1 0 0 49 711 0 1 0 0 49 12 0 1 1 15 49 11 0 1 1 15 49 712 0 1 0 2 49 711 0 1 0 2 49 612 0 1 0 3 49 611 0 1 0 3 49
4/4 612 0 1 0 0 49 611 0 1 0 0 49 21 0 1 0 1 49 52 0 1 0 2 49 51 0 1 0 2 49
4/4 13 0 1 0 1 49 11 0 1 0 1 49
4/4 713 0 1 0 0 49 711 0 1 0 0 49 13 0 1 1 15 49 11 0 1 1 15 49 713 0 1 0 2 49 711 0 1 0 2 49 613 0 1 0 3 49 611 0 1 0 3 49
4/4 613 0 1 0 0 49 611 0 1 0 0 49 22 0 1 0 1 49 53 0 1 0 2 49 51 0 1 0 2 49
4/4 12 0 1 0 1 49 11 0 1 0 1 49 22 0 1 0 2 49 21 0 1 0 2 49 33 0 1 0 3 49 31 0 1 0 3 49
4/4 13 0 1 0 0 55 11 0 1 0 0 55 23 0 1 0 1 60 21 0 1 0 1 60 34 0 1 0 2 64 32 0 1 0 2 64 314 0 1 0 3 69 312 0 1 0 3 69
4/4 314 0 1 0 0 69 312 0 1 0 0 69 613 0 1 0 1 78 611 0 1 0 1 78 23 0 1 0 2 82 21 0 1 0 2 82
4/4 22 0 1 0 1 96 21 0 1 0 1 96 713 0 1 0 2 96 43 0 1 0 2 96 64 0 1 2 225 96 23 0 1 2 225 96 73 0 1 0 3 96 313 0 1 0 3 96 54 0 1 2 325 96 223 0 1 2 325 96
4/4 22 0 1 0 0 96 54 0 1 0 0 96 223 0 1 0 0 96 54 0 1 0 1 96 314 0 1 0 1 96 72 0 1 0 1 96 524 0 1 0 2 96 34 0 1 0 2 96 612 0 1 0 2 96 22 0 1 0 3 96 21 0 1 0 3 96
4/4 613 0 1 0 0 96 33 0 1 0 0 96 524 0 1 2 25 96 13 0 1 2 25 96 63 0 1 0 1 96 22 0 1 0 1 96 44 0 1 2 125 96 713 0 1 2 125 96 22 0 1 0 2 96 44 0 1 0 3 96 23 0 1 0 3 96 62 0 1 0 3 96
4/4 314 0 1 0 0 96 23 0 1 0 0 96 52 0 1 0 0 96 22 0 3 0 1 96 73 0 1 0 1 96 613 0 1 0 2 96 53 0 1 0 3 96
4/4 53 0 1 0 0 96 22 0 4 0 0 96 23 1 15 0 1 96 53 1 5 1 25 96 73 0 1 0 3 96
4/4 22 0 4 0 0 96 73 0 2 0 0 96 613 0 2 0 2 75
4/4 52 0 1 0 1 49 53 0 3 0 1 49 23 0 1 0 2 49 314 0 1 0 3 49
4/4 613 0 1 0 0 49 523 0 1 0 0 49 313 0 1 0 0 49 312 0 1 0 3 49 313 0 1 0 3 49
4/4 713 0 1 0 0 49 313 0 2 0 0 49 23 2 75 0 1 49 13 2 25 2 175 49 33 0 1 0 2 49 12 0 1 0 2 49
4/4 12 0 1 0 1 49 52 0 1 0 1 49 523 0 1 0 2 49 313 0 1 0 3 49
4/4 52 0 2 0 0 49 22 0 1 0 0 49 53 0 1 0 1 49 713 0 1 0 2 49 523 0 1 0 3 49 23 0 1 0 3 49
4/4 524 0 1 0 0 49 523 0 3 0 0 49 314 0 1 0 1 49 712 0 1 0 2 49 22 0 1 0 2 49 223 0 1 0 3 49
4/4 22 0 2 0 0 49 13 0 1 0 0 49 52 0 1 0 1 49 712 0 1 0 1 49 23 0 1 0 2 49 524 2 75 0 3 49 314 2 25 2 375 49
4/4 613 0 1 0 0 49 523 0 1 0 0 49 313 0 1 0 0 49 312 0 1 0 3 49 313 0 1 0 3 49
4/4 713 0 1 0 0 49 313 0 2 0 0 49 23 2 75 0 1 49 13 2 25 2 175 49 33 0 1 0 2 49 12 0 1 0 2 49
4/4 12 0 1 0 1 49 52 0 1 0 1 49 523 0 1 0 2 49 313 0 1 0 3 49
4/4 52 0 3 0 0 49 22 0 1 0 0 49 53 0 1 0 1 49 713 0 1 0 2 49 23 0 1 0 3 49
4/4 23 0 1 0 0 49 13 2 75 0 1 49 713 2 25 2 175 49 713 0 2 0 2 49
4/4 713 0 4 0 0 49
4/4 52 0 1 0 0 49 21 0 1 0 0 49 73 0 1 2 25 49 72 0 1 0 2 49 52 0 1 0 2 49 23 0 1 2 225 49 12 0 1 0 3 49 52 0 1 0 3 49 34 2 75 2 325 49
4/4 34 2 25 0 0 49 33 0 1 0 1 49 12 0 1 0 1 49 54 0 1 2 125 49 22 0 1 0 2 49 12 0 1 0 2 49 524 0 1 2 225 49
4/4 21 0 1 0 0 49 522 0 1 0 0 49 52 0 1 0 1 49 21 0 1 0 1 49 73 0 1 2 125 49 612 0 1 0 3 49 42 0 1 0 3 49 13 2 75 2 325 49
4/4 72 0 1 0 0 49 42 0 1 0 0 49 13 2 25 0 0 49 23 0 1 2 25 49 22 0 1 0 2 49 72 0 1 0 2 49 44 0 1 2 225 49 33 0 1 0 3 49 72 0 1 0 3 49 54 2 75 2 325 49
4/4 54 2 25 0 0 49 53 0 1 0 1 49 33 0 1 0 1 49 74 0 1 2 125 49 43 0 1 0 2 49 12 0 1 0 2 49 614 0 1 2 225 49 72 0 1 0 3 49 42 0 1 0 3 49 23 2 75 2 325 49
4/4 33 0 1 0 0 49 72 0 1 0 0 49 23 2 25 0 0 49 54 0 1 2 25 49 612 0 1 0 1 49 32 0 1 0 1 49 13 0 1 2 125 49 22 0 1 0 3 49 72 0 1 0 3 49 524 2 75 2 325 49
4/4 52 2 25 0 0 49 524 2 25 0 0 49 73 2 75 2 25 49 53 2 25 0 1 49 73 2 75 2 125 49 22 2 25 0 2 49 52 2 75 2 225 49 12 2 25 0 3 49 34 2 75 2 325 49
4/4 613 2 25 0 0 49 34 2 75 2 25 49 613 2 25 0 1 49 12 2 75 2 125 49 22 2 25 0 2 49 524 2 75 2 225 49 613 2 25 0 3 49 524 2 75 2 325 49
4/4 13 2 25 0 0 49 22 2 75 2 25 49 53 2 25 0 1 49 54 2 75 2 125 49 23 2 25 0 2 49 54 2 75 2 225 49 712 2 25 0 3 49 23 2 75 2 325 49
4/4 43 1 5 0 0 49 64 1 5 1 5 62 63 1 5 0 1 69 714 1 5 1 15 76 713 1 5 0 2 83 24 1 5 1 25 89 713 0 1 0 3 96 43 0 1 0 3 96 64 0 1 2 325 96 23 0 1 2 325 96
4/4 14 0 1 0 0 76 54 0 1 0 0 76 34 0 1 0 0 76 12 0 1 0 0 76 64 0 1 0 0 96 23 0 1 0 0 96 74 0 1 0 1 62 54 0 1 0 1 62 22 0 1 0 1 62 74 0 1 0 2 60 54 0 1 0 2 60 22 0 1 0 2 60 614 0 1 0 3 65 54 0 1 0 3 65 33 0 1 0 3 65
4/4 74 0 1 0 0 70 54 0 1 0 0 70 22 0 1 0 0 70 614 0 1 0 1 67 54 0 1 0 1 67 34 0 1 0 1 67 12 0 1 0 1 67 23 0 1 0 3 55 21 0 1 0 3 55
4/4 52 1 5 0 0 49 23 0 2 0 1 49 22 0 1 0 2 49 21 1 5 0 3 49
4/4 23 0 2 0 0 49 22 0 1 0 1 49 522 1 5 0 2 49 23 0 1 0 3 49
4/4 22 0 1 0 0 49 23 0 1 0 0 49 21 1 5 0 1 49 23 0 2 0 2 49 22 0 1 0 3 49
4/4 52 1 5 0 0 49 34 2 25 0 1 49 23 0 2 2 125 49 22 0 1 0 2 49 21 1 5 0 3 49
4/4 34 2 25 0 0 49 23 0 2 2 25 49 22 0 1 0 1 49 522 1 5 0 2 49 34 2 25 0 3 49 23 2 75 2 325 49
4/4 22 0 1 0 0 49 23 2 125 0 0 49 21 1 5 0 1 49 34 2 25 0 2 49 23 2 175 2 225 49 22 0 1 0 3 49
4/4 52 0 1 0 0 49 23 2 25 0 0 49 54 0 1 0 1 63 73 0 1 0 1 63 52 0 1 0 1 63 54 0 1 0 2 72 73 0 1 0 2 72 522 0 1 0 2 72 54 0 1 0 3 81 73 0 1 0 3 81 42 0 1 0 3 81
4/4 54 0 1 0 0 90 73 0 1 0 0 90 32 0 1 0 0 90 54 0 1 0 1 99 73 0 1 0 1 99 21 0 1 0 1 99 54 0 1 2 175 112 613 0 1 2 175 112 221 0 1 2 175 112 221 0 1 0 2 112
4/4
4/4 22 0 2 0 0 112 54 0 1 0 0 112 72 0 1 0 0 112 12 0 1 0 2 49 11 0 1 0 2 49 72 0 1 0 3 49 71 0 1 0 3 49
4/4 72 0 1 0 0 49 71 0 1 0 0 49 33 0 1 0 1 49 31 0 1 0 1 49 613 0 1 0 2 49 22 0 1 0 2 49 53 0 1 0 2 49
4/4 613 0 1 0 0 49 22 0 1 0 0 49 53 0 1 0 0 49 524 0 2 0 1 49
4/4 52 0 4 0 0 96 313 2 25 0 0 96 22 0 3 2 25 96 313 2 25 0 3 96 22 2 75 2 325 96
4/4 52 0 4 0 0 96 22 2 225 0 0 96 313 2 25 2 175 96 22 0 1 0 2 96 313 2 25 0 3 96 22 2 75 2 325 96
4/4 52 0 4 0 0 96 22 2 125 0 0 96 313 2 25 2 75 96 22 0 1 0 1 96 313 2 25 0 2 96 22 2 175 2 225 96
4/4 313 2 25 0 0 96 52 0 4 0 0 96 22 2 25 2 25 97 313 2 25 1 5 98 22 2 25 2 75 99 313 2 25 0 1 99 22 2 25 2 125 100 313 2 25 1 15 100 22 2 25 2 175 101 313 2 25 0 2 102 22 2 25 2 225 102 313 2 25 1 25 103 22 2 25 2 275 104 313 2 25 0 3 104 22 2 25 2 325 105 313 2 25 1 35 105 22 2 25 2 375 106
4/4 313 2 25 0 0 107 52 0 4 0 0 96 22 2 25 2 25 107 313 2 25 1 5 108 22 2 25 2 75 109 313 2 25 0 1 109 22 2 25 2 125 110 313 2 25 1 15 110 22 2 25 2 175 111 313 2 25 0 2 112 22 2 25 2 225 112 313 2 25 1 25 113 22 2 25 2 275 114 313 2 25 0 3 114 22 2 25 2 325 115 313 2 25 1 35 115 22 2 25 2 375 116
4/4 313 2 25 0 0 117 52 0 4 0 0 96 22 2 25 2 25 117 313 2 25 1 5 118 22 2 25 2 75 119 313 2 25 0 1 119 22 2 25 2 125 120 313 2 25 1 15 120 22 2 25 2 175 121 313 2 25 0 2 122 22 2 25 2 225 122 12 3 333 1 25 123 22 3 333 2 275 124 523 3 333 0 3 124 313 3 333 3 3333 125 22 3 333 3 3667 125
4/4 51 0 3 0 0 126 52 1 5 0 1 126 22 1 5 1 15 126 53 1 5 0 2 126 713 1 5 1 25 126
