4/4 64 1 5 0 0 71 713 1 5 1 5 71 223 1 5 0 1 76 713 1 5 1 15 64 64 1 5 0 2 62 713 1 5 1 25 74 223 1 5 0 3 68 713 1 5 1 35 62
4/4 314 1 5 0 0 63 713 1 5 1 5 76 223 1 5 0 1 73 713 1 5 1 15 73 714 1 5 0 2 71 713 1 5 1 25 73 223 1 5 0 3 75 713 1 5 1 35 64
4/4 64 1 5 0 0 73 713 1 5 1 5 67 223 1 5 0 1 77 713 1 5 1 15 69 64 1 5 0 2 59 713 1 5 1 25 72 223 1 5 0 3 75 713 1 5 1 35 77
4/4 314 1 5 0 0 69 713 1 5 1 5 77 223 1 5 0 1 69 713 1 5 1 15 66 714 1 5 0 2 73 713 1 5 1 25 63 223 1 5 0 3 68 713 1 5 1 35 58
4/4 64 1 5 0 0 57 713 1 5 1 5 66 223 1 5 0 1 59 713 1 5 1 15 65 64 1 5 0 2 69 713 1 5 1 25 64 223 1 5 0 3 58 713 1 5 1 35 77
4/4 314 1 5 0 0 66 713 1 5 1 5 74 223 1 5 0 1 57 713 1 5 1 15 60 714 1 5 0 2 70 713 1 5 1 25 73 223 1 5 0 3 76 713 1 5 1 35 64
4/4 64 1 5 0 0 61 713 1 5 1 5 66 223 1 5 0 1 70 713 1 5 1 15 63 64 1 5 0 2 57 713 1 5 1 25 57 223 1 5 0 3 65 713 1 5 1 35 70
4/4 613 0 1 0 0 63 713 0 1 0 0 64 223 0 1 2 25 59 314 0 1 2 25 59
4/4 315 1 5 1 5 70 315 2 25 0 1 63 315 1 5 2 125 69 315 2 75 2 175 74 24 1 5 1 25 67 224 1 5 0 3 72 714 1 5 1 35 59
4/4 714 2 75 0 0 73 224 2 275 2 75 58 614 2 25 2 375 78
4/4 614 1 5 0 0 77 615 1 5 1 5 64 615 1 5 0 1 76 615 1 5 1 15 78 65 1 5 0 2 63 525 1 5 1 25 70 315 1 5 0 3 58 614 2 25 1 35 75 525 2 25 2 375 74
4/4 525 0 1 0 0 65 524 0 1 0 1 63 525 1 5 0 2 62 315 1 5 1 25 76 24 1 5 0 3 61 525 2 25 1 35 74 315 2 25 2 375 68
4/4 315 1 25 0 0 69 614 2 25 2 275 77 714 2 25 0 3 76 224 2 75 2 325 59
4/4 614 0 1 0 0 58 224 0 1 0 0 73 224 2 25 1 5 70 224 2 75 2 75 77 224 1 5 1 15 76 315 1 5 0 2 76 224 1 5 1 25 68 714 1 5 0 3 59 614 1 5 1 35 60
4/4 614 2 75 0 0 61 714 0 3 2 75 61
4/4 614 0 1 0 1 75 64 0 2 0 2 64
4/4 315 1 5 1 5 68 315 2 25 0 1 61 315 1 5 2 125 58 315 2 75 2 175 63 24 1 5 1 25 73 224 1 5 0 3 70 714 1 5 1 35 73
4/4 714 2 75 0 0 69 224 2 225 2 75 63 313 2 75 0 3 74 614 2 25 2 375 70
4/4 614 1 5 0 0 74 615 1 5 1 5 65 615 1 5 0 1 70 615 1 5 1 15 74 65 1 5 0 2 60 525 1 5 1 25 58 315 1 5 0 3 59 614 2 25 1 35 72 525 2 25 2 375 73
4/4 525 0 1 0 0 58 524 0 1 0 1 61 525 1 5 0 2 78 315 1 5 1 25 64 24 1 5 0 3 74 525 2 25 1 35 71 315 2 25 2 375 59
4/4 315 1 25 0 0 67 614 2 25 2 275 69 714 2 25 0 3 60 224 2 75 2 325 72
4/4 614 0 1 0 0 73 224 0 1 0 0 62 224 2 25 1 5 60 224 2 75 2 75 68 224 1 5 1 15 67 315 1 5 0 2 75 224 1 5 1 25 67 714 1 5 0 3 59 614 1 5 1 35 61
4/4 614 1 5 0 0 66 714 1 5 1 5 71 224 1 5 0 1 75 714 0 1 1 15 69 614 1 5 1 25 75 64 1 5 0 3 63 614 2 25 1 35 73 614 2 25 2 375 76
4/4 614 2 275 0 0 69 525 1 5 0 3 65 225 1 5 1 35 62
4/4 224 0 1 0 0 64 525 0 1 0 0 61 225 0 1 0 0 74 714 0 1 1 5 62 715 0 1 1 5 59 714 0 1 2 75 71 715 0 1 2 75 77 614 0 1 2 125 58 615 0 1 2 125 67 714 0 1 1 15 61 715 0 1 1 15 73 525 1 5 0 3 57 615 1 5 1 35 75
4/4 224 0 1 0 0 71 525 0 1 0 0 65 225 0 1 0 0 71 714 0 1 1 5 71 715 0 1 1 5 63 714 0 1 2 75 73 715 0 1 2 75 68 614 0 1 2 125 63 615 0 1 2 125 62 714 0 1 1 15 65 715 0 1 1 15 56
4/4 315 0 1 0 0 54 65 0 1 0 0 65 316 0 1 0 0 57 315 0 1 1 5 59 65 0 1 1 5 65 316 0 1 1 5 69 315 0 1 2 75 56 65 0 1 2 75 67 316 0 1 2 75 69 315 0 1 2 125 55 65 0 1 2 125 65 316 0 1 2 125 64 315 0 1 1 15 60 65 0 1 1 15 71 316 0 1 1 15 74 24 0 1 1 25 63 25 0 1 1 25 57 224 0 1 0 3 73 225 0 1 0 3 73 715 0 1 1 35 57 716 0 1 1 35 61
4/4 615 0 1 0 0 61 616 0 1 0 0 72 224 0 1 1 5 58 225 0 1 1 5 58 224 0 1 2 75 64 225 0 1 2 75 55 525 1 5 0 3 62 615 1 5 1 35 64
4/4 224 0 1 0 0 55 525 0 1 0 0 65 225 0 1 0 0 71 714 0 1 1 5 58 715 0 1 1 5 72 714 0 1 2 75 65 715 0 1 2 75 65 614 0 1 2 125 74 615 0 1 2 125 70 714 0 1 1 15 73 715 0 1 1 15 68 525 1 5 0 3 69 615 1 5 1 35 65
4/4 224 0 1 0 0 55 315 0 1 0 0 57 225 0 1 0 0 60 714 0 1 1 5 73 715 0 1 1 5 65 714 0 1 2 75 61 715 0 1 2 75 55 614 0 1 2 125 69 615 0 1 2 125 65 714 0 1 1 15 62 715 0 1 1 15 71 614 0 1 1 35 69 615 0 1 1 35 64
4/4 614 0 1 0 0 68 615 0 1 0 0 54 714 0 1 1 5 63 715 0 1 1 5 63 224 0 1 0 1 61 225 0 1 0 1 56 714 0 1 1 15 71 715 0 1 1 15 66 314 0 1 1 25 55 315 0 1 1 25 57 314 0 1 0 3 58 315 0 1 0 3 56 614 0 1 1 35 71 615 0 1 1 35 59
4/4 614 0 1 0 0 67 615 0 1 0 0 55 714 0 1 1 5 69 715 0 1 1 5 63 224 0 1 0 1 65 225 0 1 0 1 69 714 0 1 2 175 67 315 0 1 2 175 56 715 0 1 2 175 64 614 1 5 1 35 62
4/4 64 0 2 0 0 57 524 0 1 0 2 60 614 0 1 0 3 63
2/4 314 0 1 0 0 68 64 0 1 0 0 63 714 0 1 0 0 59 224 0 1 0 1 64 225 0 1 0 1 82 24 0 1 1 15 86 25 0 1 1 15 85
4/4 315 0 1 0 0 70 615 0 1 0 0 70 225 0 1 0 0 70 316 0 1 0 0 90 315 0 1 1 5 89 615 0 1 1 5 89 225 0 1 1 5 81 316 0 1 1 5 80 315 0 1 2 75 87 615 0 1 2 75 86 225 0 1 2 75 83 316 0 1 2 75 79 315 0 1 2 125 75 615 0 1 2 125 81 225 0 1 2 125 70 316 0 1 2 125 72 315 0 1 1 15 88 615 0 1 1 15 77 225 0 1 1 15 76 316 0 1 1 15 88 525 0 1 1 25 76 526 0 1 1 25 73 315 0 1 0 3 85 316 0 1 0 3 71
4/4 315 0 1 0 0 81 65 0 1 0 0 71 715 0 1 0 0 71 316 0 1 0 0 73 315 0 1 1 5 73 65 0 1 1 5 90 715 0 1 1 5 86 316 0 1 1 5 89 315 0 1 2 75 81 65 0 1 2 75 90 715 0 1 2 75 70 316 0 1 2 75 74 315 0 1 2 125 81 65 0 1 2 125 87 715 0 1 2 125 85 316 0 1 2 125 86 715 0 1 1 15 77 716 0 1 1 15 85 615 0 1 1 25 87 616 0 1 1 25 85 65 0 1 0 3 83 66 0 1 0 3 80 615 0 1 1 35 89 616 0 1 1 35 90 615 0 1 2 375 83 225 0 1 2 375 73 616 0 1 2 375 86
4/4 615 0 1 0 0 76 225 0 1 0 0 78 616 0 1 0 0 88
4/4 615 0 1 0 0 85 225 0 1 0 0 73 616 0 1 0 0 88 615 0 1 1 15 84 225 0 1 1 15 75 616 0 1 1 15 81 65 0 1 0 2 90 225 0 1 0 2 82 66 0 1 0 2 73 615 0 1 1 25 74 225 0 1 1 25 78 616 0 1 1 25 74 65 0 1 0 3 90 225 0 1 0 3 87 66 0 1 0 3 90 315 0 1 1 35 80 316 0 1 1 35 80 525 0 1 2 375 74 526 0 1 2 375 74
4/4 525 0 1 0 0 87 526 0 1 0 0 74 525 0 1 1 15 79 526 0 1 1 15 81 525 0 1 0 2 83 526 0 1 0 2 83 315 0 1 1 25 81 316 0 1 1 25 75 24 0 1 0 3 74 25 0 1 0 3 76 525 0 1 1 35 88 526 0 1 1 35 80 315 0 1 2 375 81 316 0 1 2 375 87
4/4 315 0 1 0 0 79 316 0 1 0 0 81 525 2 25 2 175 83 224 0 1 0 2 72 525 0 1 0 2 83 225 0 1 0 2 76 714 0 1 1 25 90 715 0 1 1 25 89 714 0 1 2 275 74 715 0 1 2 275 83 614 0 1 1 35 76 615 0 1 1 35 80 714 0 1 2 375 85 715 0 1 2 375 89
4/4 714 0 1 0 0 75 715 0 1 0 0 76 525 2 25 1 15 71 615 2 25 2 175 74 224 0 1 0 2 82 525 0 1 0 2 75 225 0 1 0 2 76 714 0 1 1 25 73 715 0 1 1 25 85 714 0 1 2 275 72 715 0 1 2 275 82 614 0 1 1 35 89 615 0 1 1 35 82 714 0 1 2 375 85 715 0 1 2 375 87
4/4 714 0 1 0 0 90 715 0 1 0 0 89 614 0 1 0 1 83 64 0 1 0 2 82 224 0 1 0 3 87 225 0 1 0 3 79 24 0 1 1 35 70 25 0 1 1 35 80
4/4 315 0 1 0 0 71 615 0 1 0 0 89 225 0 1 0 0 71 316 0 1 0 0 90 315 0 1 1 5 87 615 0 1 1 5 73 225 0 1 1 5 70 316 0 1 1 5 77 315 0 1 2 75 83 615 0 1 2 75 85 225 0 1 2 75 83 316 0 1 2 75 75 315 0 1 2 125 81 615 0 1 2 125 72 225 0 1 2 125 85 316 0 1 2 125 83 315 0 1 1 15 84 615 0 1 1 15 73 225 0 1 1 15 81 316 0 1 1 15 75 525 0 1 1 25 79 526 0 1 1 25 90 315 0 1 0 3 80 316 0 1 0 3 89
4/4 315 0 1 0 0 74 65 0 1 0 0 89 715 0 1 0 0 89 316 0 1 0 0 76 315 0 1 1 5 73 65 0 1 1 5 79 715 0 1 1 5 88 316 0 1 1 5 88 315 0 1 2 75 75 65 0 1 2 75 78 715 0 1 2 75 88 316 0 1 2 75 79 315 0 1 2 125 82 65 0 1 2 125 77 715 0 1 2 125 88 316 0 1 2 125 89 715 0 1 1 15 81 716 0 1 1 15 70 615 0 1 1 25 83 616 0 1 1 25 85 65 0 1 0 3 82 66 0 1 0 3 87 615 0 1 1 35 77 616 0 1 1 35 75 615 0 1 2 375 89 225 0 1 2 375 75 616 0 1 2 375 78
4/4 615 0 1 0 0 84 225 0 1 0 0 79 616 0 1 0 0 76
4/4 524 0 1 0 0 75 614 0 1 0 0 80 615 0 1 1 15 73 616 0 1 1 15 72 65 0 1 0 2 70 66 0 1 0 2 78 615 0 1 1 25 70 616 0 1 1 25 77 65 0 1 0 3 87 66 0 1 0 3 73 315 0 1 1 35 70 316 0 1 1 35 89
4/4 525 0 1 0 0 75 526 0 1 0 0 87 224 0 1 0 1 89 225 0 1 0 1 88 714 0 1 0 2 81 715 0 1 0 2 89 614 0 1 1 25 89 615 0 1 1 25 82 614 0 1 2 275 76 615 0 1 2 275 85 714 0 1 2 325 90 715 0 1 2 325 87 714 0 1 1 35 88 715 0 1 1 35 85
4/4 714 0 1 0 0 81 715 0 1 0 0 74 314 0 1 2 275 75 315 0 1 2 275 77 524 0 1 0 3 78 525 0 1 0 3 82 614 0 1 1 35 73 615 0 1 1 35 70 614 0 1 2 375 78 615 0 1 2 375 84
4/4 614 0 1 0 0 74 615 0 1 0 0 71
4/4 614 0 1 0 0 85 615 0 1 0 0 75 45 0 1 0 2 85 615 0 1 0 2 77 46 0 1 0 2 82
4/4 315 1 5 1 5 77 315 2 25 0 1 84 315 1 5 2 125 79 315 2 75 2 175 76 24 1 5 1 25 90 224 1 5 0 3 73 714 1 5 1 35 90
4/4 714 2 75 0 0 85 224 2 225 2 75 87 313 2 75 0 3 81 614 2 25 2 375 88
4/4 614 1 5 0 0 85 615 1 5 1 5 88 615 1 5 0 1 86 615 1 5 1 15 86 65 1 5 0 2 86 525 1 5 1 25 71 315 1 5 0 3 72 614 2 25 1 35 85 525 2 25 2 375 70
4/4 525 0 2 0 0 85 525 1 5 0 2 76 315 1 5 1 25 72 24 1 5 0 3 75 525 2 25 1 35 74 315 2 25 2 375 70
4/4 315 1 25 0 0 83 614 2 25 2 275 77 714 2 25 0 3 78 224 2 75 2 325 90
4/4 614 0 1 0 0 87 224 0 1 0 0 83 224 2 25 1 5 85 224 2 75 2 75 79 224 1 5 1 15 80 315 1 5 0 2 73 224 1 5 1 25 81 714 1 5 0 3 74 614 1 5 1 35 85
4/4 614 1 5 0 0 88 714 1 5 1 5 70 224 1 5 0 1 87 714 0 1 1 15 86 614 1 5 1 25 90 64 1 5 0 3 75 614 2 25 1 35 77 614 2 25 2 375 73
4/4 614 2 275 0 0 83 525 1 5 0 3 88 225 1 5 1 35 78
4/4 224 0 1 0 0 82 525 0 1 0 0 71 225 0 1 0 0 79 714 0 1 1 5 89 715 0 1 1 5 84 714 0 1 2 75 77 715 0 1 2 75 73 614 0 1 2 125 82 615 0 1 2 125 76 714 0 1 1 15 88 715 0 1 1 15 84 525 2 25 1 35 90 615 2 25 2 375 83
4/4 224 0 1 0 0 70 525 0 1 0 0 72 225 0 1 0 0 82 714 0 1 1 5 85 715 0 1 1 5 73 714 0 1 2 75 79 715 0 1 2 75 86 614 0 1 2 125 74 615 0 1 2 125 70 714 0 1 1 15 80 715 0 1 1 15 87
4/4 315 0 1 0 0 70 65 0 1 0 0 88 316 0 1 0 0 89 315 0 1 1 5 86 65 0 1 1 5 75 316 0 1 1 5 76 315 0 1 2 75 74 65 0 1 2 75 70 316 0 1 2 75 90 315 0 1 2 125 84 65 0 1 2 125 71 316 0 1 2 125 90 315 0 1 1 15 82 65 0 1 1 15 82 316 0 1 1 15 78 24 0 1 1 25 88 25 0 1 1 25 76 224 0 1 0 3 74 225 0 1 0 3 78 715 0 1 1 35 86 716 0 1 1 35 73
4/4 615 0 1 0 0 74 616 0 1 0 0 85 224 0 1 1 5 76 225 0 1 1 5 85 224 0 1 2 75 84 225 0 1 2 75 88 525 1 5 0 3 86 615 1 5 1 35 87
4/4 224 0 1 0 0 85 525 0 1 0 0 74 225 0 1 0 0 82 714 0 1 1 5 85 715 0 1 1 5 83 714 0 1 2 75 90 715 0 1 2 75 80 614 0 1 2 125 77 615 0 1 2 125 81 714 0 1 1 15 89 715 0 1 1 15 90 525 2 25 1 35 76 615 2 25 2 375 86
4/4 224 0 1 0 0 76 315 0 1 0 0 87 225 0 1 0 0 80 714 0 1 1 5 87 715 0 1 1 5 76 714 0 1 2 75 88 715 0 1 2 75 73 315 0 1 2 125 73 316 0 1 2 125 77 224 0 1 1 15 86 225 0 1 1 15 72 714 0 1 1 25 80 715 0 1 1 25 89 615 1 5 1 35 87
4/4 615 1 5 0 0 70 715 1 5 1 5 89 225 1 5 0 1 86 715 0 1 1 15 75 315 1 5 1 25 88 315 1 5 0 3 74 615 1 5 1 35 89
4/4 615 1 5 0 0 88 715 1 5 1 5 77 225 2 75 0 1 78 714 0 1 2 175 86 315 0 1 2 175 76 715 0 1 2 175 71 614 1 5 1 35 79
4/4 64 1 15 0 0 73 314 1 5 1 15 76 524 0 1 0 2 71 614 0 1 0 3 87
2/4 54 0 1 0 0 84 224 0 1 0 1 77 225 0 1 0 1 74 24 0 1 1 15 70 25 0 1 1 15 71
4/4 315 0 1 0 0 76 615 0 1 0 0 76 225 0 1 0 0 76 316 0 1 0 0 80 315 0 1 1 5 81 615 0 1 1 5 78 225 0 1 1 5 86 316 0 1 1 5 88 315 0 1 2 75 73 615 0 1 2 75 77 225 0 1 2 75 71 316 0 1 2 75 73 315 0 1 2 125 88 615 0 1 2 125 73 225 0 1 2 125 77 316 0 1 2 125 81 315 0 1 1 15 73 615 0 1 1 15 73 225 0 1 1 15 74 316 0 1 1 15 80 525 0 1 1 25 78 526 0 1 1 25 72 315 0 1 0 3 74 316 0 1 0 3 70
4/4 315 0 1 0 0 82 65 0 1 0 0 82 715 0 1 0 0 75 316 0 1 0 0 77 315 0 1 1 5 80 65 0 1 1 5 75 715 0 1 1 5 73 316 0 1 1 5 84 315 0 1 2 75 72 65 0 1 2 75 88 715 0 1 2 75 83 316 0 1 2 75 71 315 0 1 2 125 83 65 0 1 2 125 74 715 0 1 2 125 76 316 0 1 2 125 86 715 0 1 1 15 75 716 0 1 1 15 76 615 0 1 1 25 85 616 0 1 1 25 85 65 0 1 0 3 87 66 0 1 0 3 71 615 0 1 1 35 78 616 0 1 1 35 81 615 0 1 2 375 80 225 0 1 2 375 83 616 0 1 2 375 71
4/4 615 0 1 0 0 83 225 0 1 0 0 71 616 0 1 0 0 78
4/4 615 0 1 0 0 84 225 0 1 0 0 87 616 0 1 0 0 72 615 0 1 1 15 79 225 0 1 1 15 71 616 0 1 1 15 86 65 0 1 0 2 78 225 0 1 0 2 71 66 0 1 0 2 85 615 0 1 1 25 75 225 0 1 1 25 75 616 0 1 1 25 83 65 0 1 0 3 73 225 0 1 0 3 72 66 0 1 0 3 81 315 0 1 1 35 89 316 0 1 1 35 81 525 0 1 2 375 86 526 0 1 2 375 90
4/4 525 0 1 0 0 75 526 0 1 0 0 73 525 0 1 1 15 77 526 0 1 1 15 85 525 0 1 0 2 83 526 0 1 0 2 83 315 0 1 1 25 84 316 0 1 1 25 76 24 0 1 0 3 89 25 0 1 0 3 71 525 0 1 1 35 84 526 0 1 1 35 78 315 0 1 2 375 83 316 0 1 2 375 79
4/4 315 0 1 0 0 77 316 0 1 0 0 90 525 2 25 2 175 90 224 0 1 0 2 80 525 0 1 0 2 75 225 0 1 0 2 80 714 0 1 1 25 88 715 0 1 1 25 84 714 0 1 2 275 86 715 0 1 2 275 89 614 0 1 1 35 83 615 0 1 1 35 82 714 0 1 2 375 90 715 0 1 2 375 88
4/4 714 0 1 0 0 80 715 0 1 0 0 84 525 2 25 1 15 81 615 2 25 2 175 90 224 0 1 0 2 72 525 0 1 0 2 85 225 0 1 0 2 77 714 0 1 1 25 80 715 0 1 1 25 76 714 0 1 2 275 79 715 0 1 2 275 80 614 0 1 1 35 88 615 0 1 1 35 90 714 0 1 2 375 72 715 0 1 2 375 89
4/4 714 0 1 0 0 70 715 0 1 0 0 82 614 0 1 0 1 72 64 0 1 0 2 77 224 0 1 0 3 70 225 0 1 0 3 70 24 0 1 1 35 76 25 0 1 1 35 86
4/4 315 0 1 0 0 84 615 0 1 0 0 75 225 0 1 0 0 79 316 0 1 0 0 80 315 0 1 1 5 80 615 0 1 1 5 80 225 0 1 1 5 83 316 0 1 1 5 79 315 0 1 2 75 82 615 0 1 2 75 71 225 0 1 2 75 90 316 0 1 2 75 78 315 0 1 2 125 78 615 0 1 2 125 79 225 0 1 2 125 75 316 0 1 2 125 89 315 0 1 1 15 76 615 0 1 1 15 77 225 0 1 1 15 88 316 0 1 1 15 88 525 0 1 1 25 78 526 0 1 1 25 76 315 0 1 0 3 73 316 0 1 0 3 70
4/4 315 0 1 0 0 75 65 0 1 0 0 82 715 0 1 0 0 78 316 0 1 0 0 81 315 0 1 1 5 89 65 0 1 1 5 85 715 0 1 1 5 76 316 0 1 1 5 77 315 0 1 2 75 78 65 0 1 2 75 82 715 0 1 2 75 88 316 0 1 2 75 82 315 0 1 2 125 84 65 0 1 2 125 76 715 0 1 2 125 85 316 0 1 2 125 79 715 0 1 1 15 73 716 0 1 1 15 86 615 0 1 1 25 82 616 0 1 1 25 84 65 0 1 0 3 89 66 0 1 0 3 83 615 0 1 1 35 74 616 0 1 1 35 84 615 0 1 2 375 72 225 0 1 2 375 78 616 0 1 2 375 90
4/4 615 0 1 0 0 82 225 0 1 0 0 85 616 0 1 0 0 89
4/4 524 0 1 0 0 89 614 0 1 0 0 83 615 0 1 1 15 86 616 0 1 1 15 88 65 0 1 0 2 81 66 0 1 0 2 70 615 0 1 1 25 89 616 0 1 1 25 79 65 0 1 0 3 90 66 0 1 0 3 77 315 0 1 1 35 85 316 0 1 1 35 90
4/4 525 0 1 0 0 76 526 0 1 0 0 81 224 0 1 0 1 86 225 0 1 0 1 90 714 0 1 0 2 78 715 0 1 0 2 86 614 0 1 1 25 70 615 0 1 1 25 83 614 0 1 2 275 80 615 0 1 2 275 90 714 0 1 2 325 80 715 0 1 2 325 71 714 0 1 1 35 75 715 0 1 1 35 86
4/4 714 0 1 0 0 81 715 0 1 0 0 88 314 0 1 1 25 75 315 0 1 1 25 72 524 0 1 2 275 75 525 0 1 2 275 80 614 0 1 2 325 83 615 0 1 2 325 84 614 0 1 1 35 79 615 0 1 1 35 78
4/4 614 0 1 0 0 71 615 0 1 0 0 74
4/4 64 0 1 0 0 90 224 0 1 0 0 76 315 0 1 0 0 74 65 0 1 0 0 70
4/4 524 0 1 0 0 71 614 0 1 0 0 88 24 0 1 0 0 79 525 0 1 0 0 86
4/4 314 0 1 0 0 82 64 0 1 0 0 81 224 0 1 0 0 76 315 0 1 0 0 78
4/4 524 0 1 0 0 72 614 0 1 0 0 75 24 0 1 0 0 80 525 0 1 0 0 70
4/4 314 0 1 0 0 83 64 0 1 0 0 70 224 0 1 0 0 70 315 0 1 0 0 89
4/4 24 2 25 0 0 88 23 2 25 2 25 88 524 2 25 1 5 74 614 2 25 2 75 72 24 2 25 0 1 80 23 2 25 2 125 89 524 2 25 1 15 78 614 2 25 2 175 84 24 2 25 0 2 79 23 2 25 2 225 90 524 2 25 1 25 71 614 2 25 2 275 74 24 2 25 0 3 71 23 2 25 2 325 81 524 2 25 1 35 89 614 2 25 2 375 77
4/4 24 2 25 0 0 72 23 2 25 2 25 72 524 2 25 1 5 88 614 2 25 2 75 80 24 2 25 0 1 80 23 2 25 2 125 89 524 2 25 1 15 79 614 2 25 2 175 71 24 2 25 0 2 76 23 2 25 2 225 87 524 2 25 1 25 82 614 2 25 2 275 81 24 2 25 0 3 76 23 2 25 2 325 73 524 2 25 1 35 86 614 2 25 2 375 83
4/4 24 2 25 0 0 80 23 2 25 2 25 88 524 2 25 1 5 81 614 2 25 2 75 72 24 2 25 0 1 88 23 2 25 2 125 76 524 2 25 1 15 82 614 2 25 2 175 72 24 2 25 0 2 90 23 2 25 2 225 82 524 2 25 1 25 80 614 2 25 2 275 85 24 2 25 0 3 90 23 2 25 2 325 82 524 2 25 1 35 83 614 2 25 2 375 84
4/4 314 0 1 0 0 81 64 0 1 0 0 87 714 0 1 0 0 70 315 0 1 0 0 89 314 0 1 1 5 73 64 0 1 1 5 80 714 0 1 2 75 79 315 0 1 2 75 70 65 0 1 2 125 77 715 0 1 2 125 89 316 0 1 1 15 89 66 0 1 1 15 85 716 2 25 2 175 78 317 0 1 0 2 88 224 0 1 0 3 79 225 0 1 0 3 73 24 0 1 1 35 87 25 0 1 1 35 87
4/4 315 0 1 0 0 100 615 0 1 0 0 89 225 0 1 0 0 104 316 0 1 0 0 102 315 0 1 1 5 106 615 0 1 1 5 93 225 0 1 1 5 103 316 0 1 1 5 94 315 0 1 2 75 104 615 0 1 2 75 96 225 0 1 2 75 99 316 0 1 2 75 87 315 0 1 2 125 104 615 0 1 2 125 100 225 0 1 2 125 92 316 0 1 2 125 91 315 0 1 1 15 102 615 0 1 1 15 97 225 0 1 1 15 87 316 0 1 1 15 93 525 0 1 1 25 87 526 0 1 1 25 97 315 0 1 0 3 89 316 0 1 0 3 97
4/4 315 0 1 0 0 99 65 0 1 0 0 97 715 0 1 0 0 87 316 0 1 0 0 93 315 0 1 1 5 88 65 0 1 1 5 92 715 0 1 1 5 89 316 0 1 1 5 86 315 0 1 2 75 93 65 0 1 2 75 101 715 0 1 2 75 100 316 0 1 2 75 102 315 0 1 2 125 102 65 0 1 2 125 90 715 0 1 2 125 100 316 0 1 2 125 96 715 0 1 1 15 95 716 0 1 1 15 100 615 0 1 1 25 101 616 0 1 1 25 89 65 0 1 0 3 93 66 0 1 0 3 90 615 0 1 1 35 90 616 0 1 1 35 99 615 0 1 2 375 89 225 0 1 2 375 95 616 0 1 2 375 105
4/4 615 0 1 0 0 95 225 0 1 0 0 103 616 0 1 0 0 88
4/4 615 0 1 0 0 89 225 0 1 0 0 90 616 0 1 0 0 102 615 0 1 1 15 86 225 0 1 1 15 87 616 0 1 1 15 88 65 0 1 0 2 97 225 0 1 0 2 106 66 0 1 0 2 103 615 0 1 1 25 103 225 0 1 1 25 102 616 0 1 1 25 88 65 0 1 0 3 98 225 0 1 0 3 104 66 0 1 0 3 94 315 0 1 1 35 101 316 0 1 1 35 103 525 0 1 2 375 106 526 0 1 2 375 86
4/4 525 0 1 0 0 105 526 0 1 0 0 91 525 0 1 1 15 102 526 0 1 1 15 103 525 0 1 0 2 103 526 0 1 0 2 98 315 0 1 1 25 105 316 0 1 1 25 87 24 0 1 0 3 102 25 0 1 0 3 96 525 0 1 1 35 100 526 0 1 1 35 96 315 0 1 2 375 94 316 0 1 2 375 86
4/4 315 0 1 0 0 99 316 0 1 0 0 104 525 2 25 2 175 101 224 0 1 0 2 90 525 0 1 0 2 89 225 0 1 0 2 89 714 0 1 1 25 95 715 0 1 1 25 100 714 0 1 2 275 99 715 0 1 2 275 103 614 0 1 1 35 95 615 0 1 1 35 97 714 0 1 2 375 98 715 0 1 2 375 91
4/4 714 0 1 0 0 101 715 0 1 0 0 90 525 2 25 1 15 105 615 2 25 2 175 104 224 0 1 0 2 103 525 0 1 0 2 89 225 0 1 0 2 87 714 0 1 1 25 99 715 0 1 1 25 105 714 0 1 2 275 91 715 0 1 2 275 97 614 0 1 1 35 105 615 0 1 1 35 93 714 0 1 2 375 103 715 0 1 2 375 91
4/4 714 0 1 0 0 93 715 0 1 0 0 99 614 0 1 0 1 88 64 0 1 0 2 95 224 0 1 0 3 102 225 0 1 0 3 86 24 0 1 1 35 99 25 0 1 1 35 87
4/4 315 0 1 0 0 90 615 0 1 0 0 103 225 0 1 0 0 95 316 0 1 0 0 104 315 0 1 1 5 90 615 0 1 1 5 97 225 0 1 1 5 89 316 0 1 1 5 96 315 0 1 2 75 104 615 0 1 2 75 97 225 0 1 2 75 90 316 0 1 2 75 88 315 0 1 2 125 87 615 0 1 2 125 105 225 0 1 2 125 105 316 0 1 2 125 101 315 0 1 1 15 105 615 0 1 1 15 105 225 0 1 1 15 90 316 0 1 1 15 95 525 0 1 1 25 104 526 0 1 1 25 91 315 0 1 0 3 95 316 0 1 0 3 90
4/4 315 0 1 0 0 99 65 0 1 0 0 94 715 0 1 0 0 89 316 0 1 0 0 92 315 0 1 1 5 87 65 0 1 1 5 97 715 0 1 1 5 98 316 0 1 1 5 105 315 0 1 2 75 105 65 0 1 2 75 90 715 0 1 2 75 92 316 0 1 2 75 92 315 0 1 2 125 87 65 0 1 2 125 98 715 0 1 2 125 93 316 0 1 2 125 99 715 0 1 1 15 89 716 0 1 1 15 98 615 0 1 1 25 90 616 0 1 1 25 104 65 0 1 0 3 105 66 0 1 0 3 95 615 0 1 1 35 96 616 0 1 1 35 98 615 0 1 2 375 91 225 0 1 2 375 88 616 0 1 2 375 99
4/4 615 0 1 0 0 93 225 0 1 0 0 103 616 0 1 0 0 98
4/4 524 0 1 0 0 88 614 0 1 0 0 81 615 0 1 1 15 85 616 0 1 1 15 76 65 0 1 0 2 72 66 0 1 0 2 70 615 0 1 1 25 72 616 0 1 1 25 75 65 0 1 0 3 82 66 0 1 0 3 76 315 0 1 1 35 82 316 0 1 1 35 88
4/4 525 0 1 0 0 78 526 0 1 0 0 75 224 0 1 0 1 79 225 0 1 0 1 78 714 0 1 0 2 73 715 0 1 0 2 81 614 0 1 1 25 86 615 0 1 1 25 75 614 0 1 2 275 89 615 0 1 2 275 75 714 0 1 2 325 89 715 0 1 2 325 89 714 0 1 1 35 83 715 0 1 1 35 74
4/4 714 0 1 0 0 75 715 0 1 0 0 85 314 0 1 1 25 87 315 0 1 1 25 88 524 0 1 2 275 74 525 0 1 2 275 70 614 0 1 2 325 83 615 0 1 2 325 76 614 0 1 1 35 75 615 0 1 1 35 74
4/4 524 0 1 0 0 80 64 0 1 0 1 82 614 0 1 0 2 86 224 1 5 0 3 83 524 1 5 1 35 70 614 0 1 2 375 77 24 0 1 2 375 85 45 0 1 2 375 79
4/4 614 0 1 0 0 78 24 0 1 0 0 80 45 0 1 0 0 83 615 1 35 2 25 72
4/4 614 0 1 0 0 85 24 0 1 0 0 70 45 0 1 2 25 81 615 0 1 2 25 80 714 0 1 0 2 89 315 0 1 0 2 77 65 0 1 0 2 85
4/4 224 0 1 0 2 87 315 0 1 0 2 78 615 0 1 0 2 74 225 0 1 0 2 76
4/4 616 0 1 0 0 86 226 0 1 0 0 80 617 0 1 0 0 75
4/4 612 2 375 0 0 62 313 0 1 1 5 60 613 0 1 1 5 60 313 0 1 1 15 68 613 0 1 1 15 54 313 0 1 1 25 59 613 0 1 1 25 56 313 0 1 1 35 63 613 0 1 1 35 51
4/4 612 2 375 0 0 65 313 0 1 1 5 68 613 0 1 1 5 64 313 0 1 1 15 61 613 0 1 1 15 48 313 0 1 1 25 58 613 0 1 1 25 57 313 0 1 1 35 67 613 0 1 1 35 64
4/4 612 2 375 0 0 56 313 0 1 1 5 67 613 0 1 1 5 54 313 0 1 1 15 65 613 0 1 1 15 49 313 0 1 1 25 62 613 0 1 1 25 55 313 0 1 1 35 50 613 0 1 1 35 49
4/4 612 2 375 0 0 61 313 0 1 1 5 49 613 0 1 1 5 67 313 0 1 1 15 49 613 0 1 1 15 62 313 0 1 1 25 53 613 0 1 1 25 61 313 0 1 1 35 63 613 0 1 1 35 52
4/4 612 2 375 0 0 56 313 0 1 1 5 56 613 0 1 1 5 57 313 0 1 1 15 49 613 0 1 1 15 63 313 0 1 1 25 51 613 0 1 1 25 62 313 0 1 1 35 49 613 0 1 1 35 60
4/4 612 2 375 0 0 71 313 0 1 1 5 63 613 0 1 1 5 57 313 0 1 1 15 50 613 0 1 1 15 61 313 0 1 1 25 57 613 0 1 1 25 63 313 0 1 1 35 64 613 0 1 1 35 62
4/4 612 2 375 0 0 56 313 0 1 1 5 59 613 0 1 1 5 62 313 0 1 1 15 62 613 0 1 1 15 49 313 0 1 1 25 50 613 0 1 1 25 65 313 0 1 1 35 48 613 0 1 1 35 60
4/4 612 0 1 0 0 64 313 0 1 0 0 71 613 2 375 2 25 61
4/4 223 0 1 0 0 65 314 0 1 0 0 54 614 0 1 0 0 59 613 2 375 0 0 64 223 0 1 0 1 59 314 0 1 0 1 59 614 0 1 0 1 52 223 0 1 0 2 56 314 0 1 0 2 64 614 0 1 0 2 62 223 0 1 0 3 54 314 0 1 0 3 60 614 0 1 0 3 54
4/4 713 0 1 0 0 66 314 0 1 0 0 54 64 0 1 0 0 55 63 2 375 0 0 51 713 0 1 0 1 65 314 0 1 0 1 54 64 0 1 0 1 53 713 0 1 0 2 52 314 0 1 0 2 56 64 0 1 0 2 65 713 0 1 0 3 52 314 0 1 0 3 62 64 0 1 0 3 57
4/4 613 0 1 0 0 56 223 0 1 0 0 59 524 0 1 0 0 50 523 0 2 0 0 62 613 0 1 0 1 60 223 0 1 0 1 57 524 0 1 0 1 51 613 0 1 0 2 64 223 0 1 0 2 51 524 0 1 0 2 69 313 0 2 0 2 70 613 0 1 0 3 70 223 0 1 0 3 56 524 0 1 0 3 51
4/4 613 0 1 0 0 52 314 0 1 0 0 61 22 0 2 0 0 58 613 0 1 0 1 56 23 0 1 0 1 70 23 0 1 0 2 50 524 0 1 0 2 64 23 0 1 0 3 53 524 0 1 0 3 64
4/4 222 0 1 0 0 52 314 0 1 0 0 56 223 0 1 0 1 59 314 0 1 0 1 64 64 0 1 0 1 53 223 0 1 0 2 67 614 0 1 0 2 50 223 0 1 0 3 65 314 0 1 0 3 53 614 0 1 0 3 58
4/4 613 0 1 0 0 51 223 0 1 0 0 53 523 2 375 0 0 56 613 0 1 0 1 52 223 0 1 0 1 53 314 0 1 0 1 53 613 0 1 0 2 70 223 0 1 0 2 59 314 0 1 0 2 50 613 0 1 0 3 63 223 0 1 0 3 55 314 0 1 0 3 56
4/4 712 2 275 0 0 60 523 0 1 0 0 58 713 0 1 0 0 50 23 2 75 2 25 60 523 0 1 0 1 57 713 0 1 0 1 50 23 0 1 0 1 53 523 0 1 0 2 66 713 0 1 0 2 52 23 0 1 0 2 56 523 0 1 0 3 67 713 0 1 0 3 58 524 0 1 0 3 58
4/4 313 0 1 0 0 61 713 0 1 0 0 63 524 0 1 0 0 64 713 0 1 0 1 51 524 0 1 0 1 59 313 0 1 0 2 54 713 0 1 0 2 51 314 0 1 0 2 67 314 0 1 0 3 51
4/4 223 0 1 0 0 56 314 0 1 0 0 62 614 0 1 0 0 69 613 2 375 0 0 56 223 0 1 0 1 50 314 0 1 0 1 60 614 0 1 0 1 69 223 0 1 0 2 67 314 0 1 0 2 62 614 0 1 0 2 66 223 0 1 0 3 65 314 0 1 0 3 63 614 0 1 0 3 69
4/4 713 0 1 0 0 52 314 0 1 0 0 55 64 0 1 0 0 62 63 2 375 0 0 58 713 0 1 0 1 55 314 0 1 0 1 66 64 0 1 0 1 63 713 0 1 0 2 64 314 0 1 0 2 58 64 0 1 0 2 53 713 0 1 0 3 50 314 0 1 0 3 65 64 0 1 0 3 68
4/4 613 0 1 0 0 53 223 0 1 0 0 68 524 0 1 0 0 62 523 0 2 0 0 54 613 0 1 0 1 58 223 0 1 0 1 64 524 0 1 0 1 59 613 0 1 0 2 62 223 0 1 0 2 57 524 0 1 0 2 63 313 0 2 0 2 58 613 0 1 0 3 53 223 0 1 0 3 67 524 0 1 0 3 55
4/4 613 0 1 0 0 59 314 0 1 0 0 65 22 0 2 0 0 64 613 0 1 0 1 62 23 0 1 0 1 60 613 0 1 0 2 67 524 0 1 0 2 63 613 0 1 0 3 66 524 0 1 0 3 53
4/4 222 0 1 0 0 57 314 0 1 0 0 68 223 0 1 0 1 69 314 0 1 0 1 65 64 0 1 0 1 52 223 0 1 0 2 65 314 0 1 0 2 58 714 0 1 0 2 70 223 0 1 0 3 58 314 0 1 0 3 50 64 0 1 0 3 62
4/4 613 0 1 0 0 68 223 0 1 0 0 63 314 0 1 0 0 59 523 2 375 0 0 65 613 0 1 0 1 54 223 0 1 0 1 67 314 0 1 0 1 58 613 0 1 0 2 65 223 0 1 0 2 57 314 0 1 0 2 65 613 0 1 0 3 61 223 0 1 0 3 54 314 0 1 0 3 70
4/4 712 0 1 0 0 53 523 0 1 0 0 58 713 0 1 0 0 54 23 0 1 0 0 68 713 0 1 0 1 67 524 0 1 0 1 58 713 0 1 0 2 64 314 0 1 0 2 64 313 0 2 0 2 53 713 0 1 0 3 60 314 0 1 0 3 66
4/4 612 0 1 0 0 64 313 0 1 0 0 56 713 0 1 0 0 52 314 1 5 0 1 67 613 1 15 1 15 65 223 0 1 0 2 67 54 0 1 0 2 59 314 0 1 0 3 65
4/4 22 0 1 0 0 67 613 0 1 0 0 58 23 0 1 0 0 51 23 0 1 0 1 58 524 0 1 0 1 63 613 2 275 0 1 69 23 0 1 0 2 63 524 0 1 0 2 53 23 0 1 0 3 65 524 0 1 0 3 69 22 2 25 2 375 74
4/4 63 0 1 0 0 66 713 0 1 0 0 56 314 0 1 0 0 54 22 2 75 0 0 74 314 0 1 0 1 70 64 0 1 0 1 73 713 2 275 0 1 68 314 0 1 0 2 74 64 0 1 0 2 62 314 0 1 0 3 69 64 0 1 0 3 54
4/4 222 0 1 0 0 67 63 0 1 0 0 71 223 0 1 0 0 74 314 0 1 0 1 64 64 0 1 0 1 63 714 0 1 0 1 72 223 2 275 0 1 69 314 0 1 0 2 70 64 0 1 0 2 63 714 0 1 0 2 63 314 0 1 0 3 74 64 0 1 0 3 70 714 0 1 0 3 68
4/4 223 0 1 0 0 57 314 0 1 0 0 67 523 2 375 0 0 63 223 0 1 0 1 54 314 0 1 0 1 63 223 0 1 0 2 67 314 0 1 0 2 60 223 0 1 0 3 61 314 0 1 0 3 69 712 0 1 2 375 68 523 0 1 2 375 74
4/4 713 0 1 0 0 68 23 0 1 0 0 60 712 0 1 0 0 71 523 0 1 0 0 63 23 0 1 0 1 72 524 0 1 0 1 62 23 0 1 0 2 63 524 0 1 0 2 66 23 0 1 0 3 54 524 0 1 0 3 67 222 0 1 2 375 55 63 0 1 2 375 70
4/4 222 0 1 0 0 73 63 0 1 0 0 61 314 2 75 2 25 66 314 0 1 0 1 63 64 0 1 0 1 60 223 2 275 0 1 65 314 0 1 0 2 71 64 0 1 0 2 69 314 0 1 0 3 66 64 0 1 0 3 70
4/4 22 1 5 0 0 62 613 1 5 1 5 54 23 1 5 0 1 70 222 0 1 1 15 73 63 1 5 1 25 66 223 0 1 0 3 56
4/4 712 1 5 0 0 62 523 1 5 1 5 69 713 1 5 0 1 62 23 1 5 1 15 56 313 1 5 0 2 65 713 1 5 1 25 65 524 0 1 0 3 61
4/4 313 1 5 0 0 73 713 1 5 1 5 62 313 1 5 0 1 61 314 1 5 1 15 61 22 1 5 0 2 66 613 1 5 1 25 58 23 0 1 0 3 67
4/4 313 1 5 0 0 63 713 1 5 1 5 70 314 0 1 0 1 66 613 2 25 0 2 76 314 2 25 2 225 80 614 2 25 1 25 71 314 2 25 2 275 76 613 2 25 0 3 77 314 2 25 2 325 87 614 2 25 1 35 82 314 2 25 2 375 84
4/4 613 2 25 0 0 72 314 2 25 2 25 88 614 2 25 1 5 90 314 2 25 2 75 86 613 2 25 0 1 71 314 2 25 2 125 83 614 2 25 1 15 82 314 2 25 2 175 72 63 2 25 0 2 89 314 2 25 2 225 73 714 2 25 1 25 90 314 2 25 2 275 71 63 2 25 0 3 87 314 2 25 2 325 89 714 2 25 1 35 88 314 2 25 2 375 80
4/4 313 2 25 0 0 84 713 2 25 2 25 79 64 2 25 1 5 86 314 2 25 2 75 88 313 2 25 0 1 80 713 2 25 2 125 79 64 2 25 1 15 82 314 2 25 2 175 75 523 2 25 0 2 76 223 2 25 2 225 79 614 2 25 1 25 77 524 2 25 2 275 82 523 2 25 0 3 86 223 2 25 2 325 80 614 2 25 1 35 70 524 2 25 2 375 88
4/4 523 2 25 0 0 74 223 2 25 2 25 87 614 2 25 1 5 84 524 2 25 2 75 84 523 2 25 0 1 88 223 2 25 2 125 78 614 2 25 1 15 87 524 2 25 2 175 74 313 2 25 0 2 82 223 2 25 2 225 75 614 2 25 1 25 73 524 2 25 2 275 78 313 2 25 0 3 72 223 2 25 2 325 89 614 2 25 1 35 78 524 2 25 2 375 74
4/4 313 2 25 0 0 81 223 2 25 2 25 85 614 2 25 1 5 75 524 2 25 2 75 85 313 2 25 0 1 90 223 2 25 2 125 81 614 2 25 1 15 89 524 2 25 2 175 89 22 2 25 0 2 82 613 2 25 2 225 74 524 2 25 1 25 84 613 2 25 2 275 83 22 2 25 0 3 71 613 2 25 2 325 78 524 2 25 1 35 71 613 2 25 2 375 70
4/4 22 2 25 0 0 72 613 2 25 2 25 74 524 2 25 1 5 90 613 2 25 2 75 71 22 2 25 0 1 81 613 2 25 2 125 75 524 2 25 1 15 73 613 2 25 2 175 70 222 2 25 0 2 80 63 2 25 2 225 90 314 2 25 1 25 85 63 2 25 2 275 85 222 2 25 0 3 88 63 2 25 2 325 86 314 2 25 1 35 88 63 2 25 2 375 77
4/4 523 2 25 0 0 76 223 2 25 2 25 73 314 2 25 1 5 82 223 2 25 2 75 90 523 2 25 0 1 74 223 2 25 2 125 76 314 2 25 1 15 77 223 2 25 2 175 89 712 2 25 0 2 72 523 2 25 2 225 76 23 2 25 1 25 70 713 2 25 2 275 85 712 2 25 0 3 80 523 2 25 2 325 90 23 2 25 1 35 70 713 2 25 2 375 85
4/4 712 2 25 0 0 83 523 2 25 2 25 85 23 2 25 1 5 78 713 2 25 2 75 82 712 2 25 0 1 72 523 2 25 2 125 70 23 2 25 1 15 77 713 2 25 2 175 71 312 2 25 0 2 86 313 2 25 2 225 81 313 2 25 1 25 78 713 2 25 2 275 73 314 2 25 0 3 90 713 2 25 2 325 81 313 2 25 1 35 87 713 2 25 2 375 84
4/4 313 2 25 0 0 71 713 2 25 2 25 90 314 2 25 1 5 80 713 2 25 2 75 86 313 2 25 0 1 72 713 2 25 2 125 84 314 2 25 1 15 74 713 2 25 2 175 70 613 2 25 0 2 73 314 2 25 2 225 83 614 2 25 1 25 80 314 2 25 2 275 71 613 2 25 0 3 86 314 2 25 2 325 75 614 2 25 1 35 82 314 2 25 2 375 90
4/4 613 2 25 0 0 89 314 2 25 2 25 72 614 2 25 1 5 70 314 2 25 2 75 80 613 2 25 0 1 88 314 2 25 2 125 74 614 2 25 1 15 76 314 2 25 2 175 80 63 2 25 0 2 90 314 2 25 2 225 83 714 2 25 1 25 87 314 2 25 2 275 86 63 2 25 0 3 81 314 2 25 2 325 78 714 2 25 1 35 71 314 2 25 2 375 70
4/4 313 2 25 0 0 88 713 2 25 2 25 82 64 2 25 1 5 82 314 2 25 2 75 70 313 2 25 0 1 76 713 2 25 2 125 85 64 2 25 1 15 88 314 2 25 2 175 88 523 2 25 0 2 83 223 2 25 2 225 88 614 2 25 1 25 70 524 2 25 2 275 84 523 2 25 0 3 79 223 2 25 2 325 78 614 2 25 1 35 87 524 2 25 2 375 89
4/4 523 2 25 0 0 84 223 2 25 2 25 73 614 2 25 1 5 73 524 2 25 2 75 71 523 2 25 0 1 71 223 2 25 2 125 87 614 2 25 1 15 81 524 2 25 2 175 85 33 2 25 0 2 88 613 2 25 2 225 84 34 2 25 1 25 77 524 2 25 2 275 74 614 2 25 0 3 74 34 2 25 2 325 87 614 2 25 1 35 72 35 2 25 2 375 80
4/4 525 0 2 0 0 70 22 0 1 0 2 85 23 0 1 0 2 79 613 2 25 2 225 76 23 2 25 1 25 78 524 2 25 2 275 89 614 0 1 0 3 86
4/4 222 0 1 0 0 83 223 0 1 0 0 78 222 2 25 1 5 83 223 0 1 2 75 75 314 0 1 2 75 74 712 2 25 0 2 75 523 2 25 2 225 73 713 2 25 1 25 72 23 2 25 2 275 80 524 0 1 0 3 89
4/4 313 0 1 0 0 70 713 0 1 0 0 80 314 0 1 0 0 77 612 2 25 0 2 86 313 2 25 2 225 86 613 2 25 1 25 79 713 2 25 2 275 78 223 2 25 0 3 77 613 2 25 2 325 86 314 2 25 1 35 70 223 2 25 2 375 71
4/4 614 2 25 0 0 88 314 2 25 2 25 83 223 2 25 1 5 75 613 2 25 2 75 81 313 2 25 0 1 71 612 2 25 2 125 73 613 2 25 1 15 81 313 2 25 2 175 79 22 2 25 0 2 87 613 2 25 2 225 83 23 2 25 1 25 75 44 2 25 2 275 84 614 2 25 0 3 87 23 2 25 2 325 87 614 2 25 1 35 76 24 2 25 2 375 77
4/4 613 2 25 0 2 69 314 2 25 2 225 71 614 2 25 1 25 61 314 2 25 2 275 71 613 2 25 0 3 71 314 2 25 2 325 67 614 2 25 1 35 79 314 2 25 2 375 62
4/4 613 2 25 0 0 71 314 2 25 2 25 60 614 2 25 1 5 63 314 2 25 2 75 66 613 2 25 0 1 66 314 2 25 2 125 61 614 2 25 1 15 62 314 2 25 2 175 79 63 2 25 0 2 76 314 2 25 2 225 73 64 2 25 1 25 76 314 2 25 2 275 61 63 2 25 0 3 73 314 2 25 2 325 69 64 2 25 1 35 66 314 2 25 2 375 75
4/4 63 2 25 0 0 78 314 2 25 2 25 80 64 2 25 1 5 71 314 2 25 2 75 69 63 2 25 0 1 79 314 2 25 2 125 75 64 2 25 1 15 76 314 2 25 2 175 71 523 2 25 0 2 79 223 2 25 2 225 70 524 2 25 1 25 65 223 2 25 2 275 80 523 2 25 0 3 80 223 2 25 2 325 78 524 2 25 1 35 78 223 2 25 2 375 80
4/4 313 2 25 0 0 60 223 2 25 2 25 68 314 2 25 1 5 68 223 2 25 2 75 62 313 2 25 0 1 77 223 2 25 2 125 65 314 2 25 1 15 64 223 2 25 2 175 60 22 2 25 0 2 75 613 2 25 2 225 75 524 2 25 1 25 76 613 2 25 2 275 69 22 2 25 0 3 77 613 2 25 2 325 70 524 2 25 1 35 72 613 2 25 2 375 61
4/4 22 2 25 0 0 65 613 2 25 2 25 64 524 2 25 1 5 66 613 2 25 2 75 74 22 2 25 0 1 61 613 2 25 2 125 62 524 2 25 1 15 70 613 2 25 2 175 62 222 2 25 0 2 78 63 2 25 2 225 76 314 2 25 1 25 78 63 2 25 2 275 69 222 2 25 0 3 72 63 2 25 2 325 75 314 2 25 1 35 69 63 2 25 2 375 70
4/4 222 2 25 0 0 79 63 2 25 2 25 67 314 2 25 1 5 71 63 2 25 2 75 68 222 2 25 0 1 75 63 2 25 2 125 77 314 2 25 1 15 64 63 2 25 2 175 72 523 2 25 0 2 71 223 2 25 2 225 79 314 2 25 1 25 74 223 2 25 2 275 68 523 2 25 0 3 75 223 2 25 2 325 72 314 2 25 1 35 65 223 2 25 2 375 78
4/4 523 2 25 0 0 77 223 2 25 2 25 80 314 2 25 1 5 78 223 2 25 2 75 72 523 2 25 0 1 62 223 2 25 2 125 62 314 2 25 1 15 80 223 2 25 2 175 73 712 2 25 0 2 78 523 2 25 2 225 67 23 2 25 1 25 76 713 2 25 2 275 78 712 2 25 0 3 66 523 2 25 2 325 65 23 2 25 1 35 80 713 2 25 2 375 75
4/4 312 2 25 0 0 64 313 2 25 2 25 76 313 2 25 1 5 64 713 2 25 2 75 72 314 2 25 0 1 60 713 2 25 2 125 69 313 2 25 1 15 64 713 2 25 2 175 75 612 2 25 0 2 78 313 2 25 2 225 73 613 2 25 1 25 63 713 2 25 2 275 69 223 2 25 0 3 70 613 2 25 2 325 66 223 2 25 1 35 78 314 2 25 2 375 71
4/4 54 0 1 0 0 71 223 0 1 0 1 61 22 0 1 0 2 72 613 0 1 0 2 75 524 2 175 2 225 71
4/4 22 0 1 0 0 77 613 0 1 0 0 82 524 1 5 0 0 85 613 1 5 1 5 73 23 0 1 0 1 77 524 0 1 0 1 77 22 0 1 0 2 70 63 0 1 0 2 89 713 0 1 0 2 70 314 0 1 2 225 89 713 0 1 1 35 88 314 0 1 1 35 71 64 0 1 1 35 87
4/4 713 0 1 0 0 71 314 0 1 0 0 71 64 0 1 0 0 85 713 1 5 1 5 70 314 0 1 0 1 84 64 0 1 0 1 74 713 1 5 1 15 87 222 0 1 0 2 85 63 0 1 0 2 72 314 2 125 2 225 79 223 0 1 1 35 86 314 0 1 1 35 72 64 0 1 1 35 86 714 0 1 1 35 74
4/4 223 0 1 0 0 76 314 0 1 0 0 82 64 0 1 0 0 81 714 0 1 0 0 83 223 0 1 0 1 86 714 0 1 0 1 82 523 0 2 0 2 84 613 0 1 0 2 80 223 0 1 0 2 83 314 0 1 0 2 88 223 0 1 1 35 82 314 0 1 1 35 71
4/4 523 2 175 0 0 74 223 0 1 0 0 84 314 0 1 0 0 88 613 1 5 1 5 73 223 0 1 0 1 84 314 0 1 0 1 75 712 0 1 0 2 85 523 0 1 0 2 87 713 0 1 2 225 83 23 0 1 2 225 86 713 0 1 1 35 88 23 0 1 1 35 86 524 0 1 1 35 79
4/4 713 0 1 0 0 82 23 0 1 0 0 79 524 0 1 0 0 88 713 1 5 1 5 87 23 0 1 0 1 73 524 0 1 0 1 74 222 0 1 0 2 77 314 0 1 0 2 82 223 0 1 1 35 81 314 0 1 1 35 86 64 0 1 1 35 77
4/4 223 0 1 0 0 90 314 0 1 0 0 85 64 0 1 0 0 82 64 0 1 0 1 86 22 1 5 0 2 70 613 1 5 1 25 73 23 1 5 0 3 79 222 1 5 1 35 84
4/4 222 1 5 0 0 79 63 1 5 1 5 87 223 0 1 0 1 83 713 1 5 0 2 90 524 1 5 1 25 85 714 1 5 0 3 84 24 1 5 1 35 81
4/4 313 1 5 0 0 76 713 1 5 1 5 90 524 0 1 0 1 82 313 1 5 0 2 82 713 1 5 1 25 79 313 1 5 0 3 87 314 1 5 1 35 72
4/4 22 1 5 0 0 73 613 1 5 1 5 80 23 0 1 0 1 87 53 1 5 0 2 80 23 1 5 1 25 74 54 0 1 0 3 81
4/4 613 2 25 0 0 68 314 2 25 2 25 65 614 2 25 1 5 76 314 2 25 2 75 66 613 2 25 0 1 70 314 2 25 2 125 73 614 2 25 1 15 74 314 2 25 2 175 82 613 2 25 0 2 74 314 2 25 2 225 82 614 2 25 1 25 81 314 2 25 2 275 64 613 2 25 0 3 77 314 2 25 2 325 73 614 2 25 1 35 69 314 2 25 2 375 72
4/4 63 2 25 0 0 76 314 2 25 2 25 68 714 2 25 1 5 76 314 2 25 2 75 79 63 2 25 0 1 71 314 2 25 2 125 63 714 2 25 1 15 71 314 2 25 2 175 68 313 2 25 0 2 71 713 2 25 2 225 69 64 2 25 1 25 71 314 2 25 2 275 71 313 2 25 0 3 66 713 2 25 2 325 78 64 2 25 1 35 67 314 2 25 2 375 80
4/4 523 2 25 0 0 81 223 2 25 2 25 66 614 2 25 1 5 76 524 2 25 2 75 72 523 2 25 0 1 71 223 2 25 2 125 76 614 2 25 1 15 78 524 2 25 2 175 63 523 2 25 0 2 81 223 2 25 2 225 63 614 2 25 1 25 68 524 2 25 2 275 66 523 2 25 0 3 70 223 2 25 2 325 78 614 2 25 1 35 67 524 2 25 2 375 65
4/4 313 2 25 0 0 78 223 2 25 2 25 73 614 2 25 1 5 65 524 2 25 2 75 80 313 2 25 0 1 80 223 2 25 2 125 82 614 2 25 1 15 64 524 2 25 2 175 73 313 2 25 0 2 75 223 2 25 2 225 79 614 2 25 1 25 77 524 2 25 2 275 69 313 2 25 0 3 63 223 2 25 2 325 72 614 2 25 1 35 68 524 2 25 2 375 76
4/4 22 2 25 0 0 67 613 2 25 2 25 79 524 2 25 1 5 78 613 2 25 2 75 71 22 2 25 0 1 71 613 2 25 2 125 62 524 2 25 1 15 74 613 2 25 2 175 68 22 2 25 0 2 80 613 2 25 2 225 76 524 2 25 1 25 77 613 2 25 2 275 70 22 2 25 0 3 72 613 2 25 2 325 67 524 2 25 1 35 81 613 2 25 2 375 64
4/4 222 2 25 0 0 68 63 2 25 2 25 67 314 2 25 1 5 74 63 2 25 2 75 63 222 2 25 0 1 63 63 2 25 2 125 70 314 2 25 1 15 75 63 2 25 2 175 73 523 2 25 0 2 77 223 2 25 2 225 70 314 2 25 1 25 69 223 2 25 2 275 72 523 2 25 0 3 66 223 2 25 2 325 81 314 2 25 1 35 77 223 2 25 2 375 76
4/4 712 2 25 0 0 67 523 2 25 2 25 74 23 2 25 1 5 66 713 2 25 2 75 77 712 2 25 0 1 69 523 2 25 2 125 63 23 2 25 1 15 70 713 2 25 2 175 79 712 2 25 0 2 77 523 2 25 2 225 78 23 2 25 1 25 74 713 2 25 2 275 77 712 2 25 0 3 79 523 2 25 2 325 69 23 2 25 1 35 75 713 2 25 2 375 67
4/4 312 2 25 0 0 67 313 2 25 2 25 79 313 2 25 1 5 80 713 2 25 2 75 64 314 2 25 0 1 63 713 2 25 2 125 72 313 2 25 1 15 63 713 2 25 2 175 75 313 2 25 0 2 77 713 2 25 2 225 81 314 2 25 1 25 62 713 2 25 2 275 73 313 2 25 0 3 75 713 2 25 2 325 64 314 2 25 1 35 75 713 2 25 2 375 65
4/4 613 2 25 0 0 64 314 2 25 2 25 76 614 2 25 1 5 80 314 2 25 2 75 70 613 2 25 0 1 66 314 2 25 2 125 75 614 2 25 1 15 63 314 2 25 2 175 62 613 2 25 0 2 71 314 2 25 2 225 67 614 2 25 1 25 66 314 2 25 2 275 78 613 2 25 0 3 77 314 2 25 2 325 64 614 2 25 1 35 64 314 2 25 2 375 64
4/4 63 2 25 0 0 74 314 2 25 2 25 69 714 2 25 1 5 71 314 2 25 2 75 72 63 2 25 0 1 62 314 2 25 2 125 68 714 2 25 1 15 64 314 2 25 2 175 71 313 2 25 0 2 68 713 2 25 2 225 71 64 2 25 1 25 73 314 2 25 2 275 79 313 2 25 0 3 75 713 2 25 2 325 70 64 2 25 1 35 74 314 2 25 2 375 78
4/4 523 2 25 0 0 67 223 2 25 2 25 76 614 2 25 1 5 81 524 2 25 2 75 63 523 2 25 0 1 66 223 2 25 2 125 68 614 2 25 1 15 63 524 2 25 2 175 80 523 2 25 0 2 63 223 2 25 2 225 81 614 2 25 1 25 67 524 2 25 2 275 78 523 2 25 0 3 72 223 2 25 2 325 64 614 2 25 1 35 69 524 2 25 2 375 77
4/4 33 2 25 0 0 66 613 2 25 2 25 73 34 2 25 1 5 77 524 2 25 2 75 67 614 2 25 0 1 70 34 2 25 2 125 62 614 2 25 1 15 72 35 2 25 2 175 74 525 0 2 0 2 69
4/4 22 0 1 0 0 77 23 0 1 0 0 75 613 2 25 2 25 88 23 2 25 1 5 89 524 2 25 2 75 90 614 0 1 0 1 81 222 0 1 0 2 89 223 0 1 0 2 85 222 2 25 1 25 82 223 0 1 2 275 79 314 0 1 2 275 76
4/4 712 2 25 0 0 73 523 2 25 2 25 83 713 2 25 1 5 74 23 2 25 2 75 82 524 0 1 0 1 73 313 0 1 0 2 70 713 0 1 0 2 70 314 0 1 0 2 70
4/4 21 2 25 0 0 72 612 2 25 2 25 77 22 2 25 1 5 79 313 2 25 2 75 76 523 2 25 0 1 82 22 2 25 2 125 83 613 2 25 1 15 74 23 2 25 2 175 75 524 2 25 0 2 88 23 2 25 2 225 83 613 2 25 1 25 78 523 2 25 2 275 82 22 2 25 0 3 82 612 2 25 2 325 80 21 2 25 1 35 90 612 2 25 2 375 77
4/4 221 2 25 0 0 89 62 2 25 2 25 88 313 2 25 1 5 90 222 2 25 2 75 75 63 2 25 0 1 81 222 2 25 2 125 74 63 2 25 1 15 88 223 2 25 2 175 81 314 2 25 0 2 82 223 2 25 2 225 76 63 2 25 1 25 78 313 2 25 2 275 76 222 2 25 0 3 79 62 2 25 2 325 74 221 2 25 1 35 77 222 2 25 2 375 72
4/4 21 2 25 0 0 84 612 2 25 2 25 77 22 2 25 1 5 79 523 2 25 2 75 76 613 2 25 0 1 87 22 2 25 2 125 84 613 2 25 1 15 75 23 2 25 2 175 87 524 2 25 0 2 77 23 2 25 2 225 86 613 2 25 1 25 77 523 2 25 2 275 71 22 2 25 0 3 85 612 2 25 2 325 84 21 2 25 1 35 76 612 2 25 2 375 89
4/4 221 2 25 0 0 89 222 2 25 2 25 74 222 2 25 1 5 87 63 2 25 2 75 86 222 2 25 0 1 83 63 2 25 2 125 80 223 2 25 1 15 77 314 2 25 2 175 77 64 2 25 0 2 82 314 2 25 2 225 84 223 2 25 1 25 90 63 2 25 2 275 89 313 2 25 0 3 87 222 2 25 2 325 82 62 2 25 1 35 80 221 2 25 2 375 83
4/4 21 2 25 0 0 86 612 2 25 2 25 75 22 2 25 1 5 80 523 2 25 2 75 85 613 2 25 0 1 78 22 2 25 2 125 86 613 2 25 1 15 82 23 2 25 2 175 78 524 2 25 0 2 78 23 2 25 2 225 80 613 2 25 1 25 82 523 2 25 2 275 80 22 2 25 0 3 83 612 2 25 2 325 81 21 2 25 1 35 76 612 2 25 2 375 81
4/4 221 2 25 0 0 70 222 2 25 2 25 73 222 2 25 1 5 85 63 2 25 2 75 87 222 2 25 0 1 88 63 2 25 2 125 82 223 2 25 1 15 90 314 2 25 2 175 85 64 2 25 0 2 79 314 2 25 2 225 79 223 2 25 1 25 72 63 2 25 2 275 79 313 2 25 0 3 89 222 2 25 2 325 86 62 2 25 1 35 71 221 2 25 2 375 70
4/4 712 0 1 0 0 72 711 2 375 0 0 87 712 0 1 0 1 90 712 0 1 0 2 79 712 0 1 0 3 73
4/4 712 0 1 0 0 88 711 2 375 0 0 77 712 0 1 0 1 86 712 0 1 0 2 90 712 0 1 0 3 84
4/4 312 0 1 0 0 90 313 0 1 0 0 80 313 0 1 0 1 78 713 0 1 0 1 90 314 0 1 0 1 81 713 0 1 0 2 88 713 0 1 0 3 70
4/4 313 0 1 0 0 89 713 0 1 0 0 71 314 0 1 0 2 84 313 0 1 0 3 77 713 0 1 0 3 78 314 0 1 0 3 77 64 1 5 2 325 78
4/4 613 2 25 0 0 93 314 2 25 2 25 92 614 2 25 1 5 106 314 2 25 2 75 95 613 2 25 0 1 93 314 2 25 2 125 96 614 2 25 1 15 90 314 2 25 2 175 101 613 2 25 0 2 89 314 2 25 2 225 97 614 2 25 1 25 92 314 2 25 2 275 92 613 2 25 0 3 101 314 2 25 2 325 94 614 2 25 1 35 87 314 2 25 2 375 87
4/4 63 2 25 0 0 98 314 2 25 2 25 93 714 2 25 1 5 88 314 2 25 2 75 101 63 2 25 0 1 88 314 2 25 2 125 86 714 2 25 1 15 86 314 2 25 2 175 104 313 2 25 0 2 92 713 2 25 2 225 86 64 2 25 1 25 106 314 2 25 2 275 86 313 2 25 0 3 101 713 2 25 2 325 93 64 2 25 1 35 89 314 2 25 2 375 89
4/4 523 2 25 0 0 88 223 2 25 2 25 91 614 2 25 1 5 86 524 2 25 2 75 88 523 2 25 0 1 95 223 2 25 2 125 101 614 2 25 1 15 100 524 2 25 2 175 99 523 2 25 0 2 94 223 2 25 2 225 94 614 2 25 1 25 95 524 2 25 2 275 88 523 2 25 0 3 101 223 2 25 2 325 89 614 2 25 1 35 90 524 2 25 2 375 96
4/4 313 2 25 0 0 87 223 2 25 2 25 99 614 2 25 1 5 103 524 2 25 2 75 100 313 2 25 0 1 96 223 2 25 2 125 98 614 2 25 1 15 95 524 2 25 2 175 99 313 2 25 0 2 93 223 2 25 2 225 101 614 2 25 1 25 88 524 2 25 2 275 106 313 2 25 0 3 91 223 2 25 2 325 105 614 2 25 1 35 93 524 2 25 2 375 99
4/4 22 2 25 0 0 97 613 2 25 2 25 103 524 2 25 1 5 97 613 2 25 2 75 87 22 2 25 0 1 93 613 2 25 2 125 98 524 2 25 1 15 87 613 2 25 2 175 90 22 2 25 0 2 93 613 2 25 2 225 90 524 2 25 1 25 99 613 2 25 2 275 102 22 2 25 0 3 92 613 2 25 2 325 95 524 2 25 1 35 90 613 2 25 2 375 100
4/4 222 2 25 0 0 106 63 2 25 2 25 86 314 2 25 1 5 105 63 2 25 2 75 95 222 2 25 0 1 97 63 2 25 2 125 86 314 2 25 1 15 100 63 2 25 2 175 100 523 2 25 0 2 105 223 2 25 2 225 99 314 2 25 1 25 97 223 2 25 2 275 87 523 2 25 0 3 89 223 2 25 2 325 101 314 2 25 1 35 90 223 2 25 2 375 89
4/4 712 2 25 0 0 99 523 2 25 2 25 102 23 2 25 1 5 95 713 2 25 2 75 103 712 2 25 0 1 91 523 2 25 2 125 101 23 2 25 1 15 104 713 2 25 2 175 105 712 2 25 0 2 96 523 2 25 2 225 104 23 2 25 1 25 103 713 2 25 2 275 86 712 2 25 0 3 97 523 2 25 2 325 86 23 2 25 1 35 103 713 2 25 2 375 106
4/4 312 2 25 0 0 88 313 2 25 2 25 106 313 2 25 1 5 89 713 2 25 2 75 103 314 2 25 0 1 99 713 2 25 2 125 98 313 2 25 1 15 90 713 2 25 2 175 93 312 2 25 0 2 89 713 2 25 2 225 95 314 2 25 1 25 106 713 2 25 2 275 89 313 2 25 0 3 86 713 2 25 2 325 105 314 2 25 1 35 89 713 2 25 2 375 98
4/4 612 2 25 0 0 99 313 2 25 2 25 90 223 2 25 1 5 91 613 2 25 2 75 92 314 2 25 0 1 96 223 2 25 2 125 100 314 2 25 1 15 102 614 2 25 2 175 87 224 2 25 0 2 88 614 2 25 2 225 100 314 2 25 1 25 96 223 2 25 2 275 102 613 2 25 0 3 100 313 2 25 2 325 88 612 2 25 1 35 96 313 2 25 2 375 93
4/4 62 2 25 0 0 103 313 2 25 2 25 94 713 2 25 1 5 98 63 2 25 2 75 96 314 2 25 0 1 100 63 2 25 2 125 96 314 2 25 1 15 86 64 2 25 2 175 104 714 2 25 0 2 96 64 2 25 2 225 86 314 2 25 1 25 93 223 2 25 2 275 88 63 2 25 0 3 89 313 2 25 2 325 101 62 2 25 1 35 97 313 2 25 2 375 99
4/4 522 2 25 0 0 105 222 2 25 2 25 88 613 2 25 1 5 94 523 2 25 2 75 100 223 2 25 0 1 105 613 2 25 2 125 93 223 2 25 1 15 95 524 2 25 2 175 91 224 2 25 0 2 93 614 2 25 2 225 100 524 2 25 1 25 87 223 2 25 2 275 96 523 2 25 0 3 92 222 2 25 2 325 102 522 2 25 1 35 88 523 2 25 2 375 104
4/4 32 2 25 0 0 75 33 2 25 2 25 74 523 2 25 1 5 72 613 2 25 2 75 83 33 2 25 0 1 77 613 2 25 2 125 88 34 2 25 1 15 90 524 2 25 2 175 90 35 0 2 0 2 90
4/4 22 2 25 0 0 71 613 2 25 2 25 71 23 2 25 1 5 86 524 2 25 2 75 78 614 0 1 0 1 78 222 0 1 0 2 72 223 0 1 0 2 74 222 2 25 1 25 86 223 0 1 2 275 82 314 0 1 2 275 87
4/4 712 2 25 0 0 87 523 2 25 2 25 82 713 2 25 1 5 89 23 2 25 2 75 72 524 0 1 0 1 78 313 0 1 0 2 71 713 0 1 0 2 76 314 0 1 0 2 87
4/4 22 0 1 0 0 75 23 0 1 0 0 85 613 1 5 1 5 83 313 0 1 0 1 84 314 0 1 0 1 88 713 1 5 1 15 86 523 0 1 0 2 71 524 0 1 0 2 83 223 1 5 1 25 78 524 0 1 0 3 78
4/4 22 1 5 0 0 73 613 1 5 1 5 88 44 1 5 0 1 80 23 1 5 1 15 90 614 1 5 0 2 84 44 1 5 1 25 73 24 1 5 0 3 72 614 1 5 1 35 87
4/4 313 1 5 0 0 83 23 1 5 1 5 82 44 1 5 0 1 86 614 1 5 1 15 70 313 0 1 2 175 76 713 0 1 2 175 81 314 0 1 2 175 85 64 0 1 0 2 87 312 0 1 1 35 71 313 0 1 1 35 75
4/4 611 0 1 0 0 75 612 0 1 0 0 87 613 0 1 0 2 85 314 0 1 0 2 87
4/4 614 0 1 0 0 72 315 0 1 0 0 86
