4/4 63 1 5 0 0 67 712 1 5 1 5 67 222 1 5 0 1 67 712 1 5 1 15 67 63 1 5 0 2 67 712 1 5 1 25 67 222 1 5 0 3 67 712 1 5 1 35 67
4/4 313 1 5 0 0 67 712 1 5 1 5 67 222 1 5 0 1 67 712 1 5 1 15 67 713 1 5 0 2 67 712 1 5 1 25 67 222 1 5 0 3 67 712 1 5 1 35 67
4/4 63 1 5 0 0 67 712 1 5 1 5 67 222 1 5 0 1 67 712 1 5 1 15 67 63 1 5 0 2 67 712 1 5 1 25 67 222 1 5 0 3 67 712 1 5 1 35 67
4/4 313 1 5 0 0 67 712 1 5 1 5 67 222 1 5 0 1 67 712 1 5 1 15 67 713 1 5 0 2 67 712 1 5 1 25 67 222 1 5 0 3 67 712 1 5 1 35 67
4/4 63 1 5 0 0 67 712 1 5 1 5 67 222 1 5 0 1 67 712 1 5 1 15 67 63 1 5 0 2 67 712 1 5 1 25 67 222 1 5 0 3 67 712 1 5 1 35 67
4/4 313 1 5 0 0 67 712 1 5 1 5 67 222 1 5 0 1 67 712 1 5 1 15 67 713 1 5 0 2 67 712 1 5 1 25 67 222 1 5 0 3 67 712 1 5 1 35 67
4/4 63 1 5 0 0 67 712 1 5 1 5 67 222 1 5 0 1 67 712 1 5 1 15 67 63 1 5 0 2 67 712 1 5 1 25 67 222 1 5 0 3 67 712 1 5 1 35 67
4/4 612 0 1 0 0 64 712 0 1 0 0 64 222 0 1 2 25 64 313 0 1 2 25 64
4/4 314 1 5 1 5 68 314 2 25 0 1 68 314 1 5 2 125 68 314 2 75 2 175 68 23 1 5 1 25 68 223 1 5 0 3 68 713 1 5 1 35 68
4/4 713 2 75 0 0 68 223 2 275 2 75 68 613 2 25 2 375 68
4/4 613 1 5 0 0 68 614 1 5 1 5 68 614 1 5 0 1 68 614 1 5 1 15 68 64 1 5 0 2 68 524 1 5 1 25 68 314 1 5 0 3 68 613 2 25 1 35 68 524 2 25 2 375 68
4/4 524 0 1 0 0 68 523 0 1 0 1 68 524 1 5 0 2 68 314 1 5 1 25 68 23 1 5 0 3 68 524 2 25 1 35 68 314 2 25 2 375 68
4/4 314 1 25 0 0 68 613 2 25 2 275 68 713 2 25 0 3 68 223 2 75 2 325 68
4/4 613 0 1 0 0 68 223 0 1 0 0 68 223 2 25 1 5 68 223 2 75 2 75 68 223 1 5 1 15 68 314 1 5 0 2 68 223 1 5 1 25 68 713 1 5 0 3 68 613 1 5 1 35 68
4/4 613 2 75 0 0 68 713 0 3 2 75 68
4/4 613 0 1 0 1 68 63 0 2 0 2 68
4/4 314 1 5 1 5 68 314 2 25 0 1 68 314 1 5 2 125 68 314 2 75 2 175 68 23 1 5 1 25 68 223 1 5 0 3 68 713 1 5 1 35 68
4/4 713 2 75 0 0 68 223 2 225 2 75 68 312 2 75 0 3 73 613 2 25 2 375 68
4/4 613 1 5 0 0 68 614 1 5 1 5 68 614 1 5 0 1 68 614 1 5 1 15 68 64 1 5 0 2 68 524 1 5 1 25 68 314 1 5 0 3 68 613 2 25 1 35 68 524 2 25 2 375 68
4/4 524 0 1 0 0 68 523 0 1 0 1 68 524 1 5 0 2 68 314 1 5 1 25 68 23 1 5 0 3 68 524 2 25 1 35 68 314 2 25 2 375 68
4/4 314 1 25 0 0 68 613 2 25 2 275 68 713 2 25 0 3 68 223 2 75 2 325 68
4/4 613 0 1 0 0 68 223 0 1 0 0 68 223 2 25 1 5 68 223 2 75 2 75 68 223 1 5 1 15 68 314 1 5 0 2 68 223 1 5 1 25 68 713 1 5 0 3 68 613 1 5 1 35 68
4/4 613 1 5 0 0 68 713 1 5 1 5 68 223 1 5 0 1 68 713 0 1 1 15 68 613 1 5 1 25 68 63 1 5 0 3 68 613 2 25 1 35 68 613 2 25 2 375 68
4/4 613 2 275 0 0 68 524 1 5 0 3 68 224 1 5 1 35 68
4/4 223 0 1 0 0 67 524 0 1 0 0 67 224 0 1 0 0 67 713 0 1 1 5 67 714 0 1 1 5 67 713 0 1 2 75 67 714 0 1 2 75 67 613 0 1 2 125 67 614 0 1 2 125 67 713 0 1 1 15 67 714 0 1 1 15 67 524 1 5 0 3 67 614 1 5 1 35 67
4/4 223 0 1 0 0 64 524 0 1 0 0 64 224 0 1 0 0 64 713 0 1 1 5 64 714 0 1 1 5 64 713 0 1 2 75 64 714 0 1 2 75 64 613 0 1 2 125 64 614 0 1 2 125 64 713 0 1 1 15 64 714 0 1 1 15 64
4/4 314 0 1 0 0 64 64 0 1 0 0 64 315 0 1 0 0 64 314 0 1 1 5 64 64 0 1 1 5 64 315 0 1 1 5 64 314 0 1 2 75 64 64 0 1 2 75 64 315 0 1 2 75 64 314 0 1 2 125 64 64 0 1 2 125 64 315 0 1 2 125 64 314 0 1 1 15 64 64 0 1 1 15 64 315 0 1 1 15 64 23 0 1 1 25 64 24 0 1 1 25 64 223 0 1 0 3 64 224 0 1 0 3 64 714 0 1 1 35 64 715 0 1 1 35 64
4/4 614 0 1 0 0 64 615 0 1 0 0 64 223 0 1 1 5 64 224 0 1 1 5 64 223 0 1 2 75 64 224 0 1 2 75 64 524 1 5 0 3 64 614 1 5 1 35 64
4/4 223 0 1 0 0 64 524 0 1 0 0 64 224 0 1 0 0 64 713 0 1 1 5 64 714 0 1 1 5 64 713 0 1 2 75 64 714 0 1 2 75 64 613 0 1 2 125 64 614 0 1 2 125 64 713 0 1 1 15 64 714 0 1 1 15 64 524 1 5 0 3 64 614 1 5 1 35 64
4/4 223 0 1 0 0 64 314 0 1 0 0 64 224 0 1 0 0 64 713 0 1 1 5 64 714 0 1 1 5 64 713 0 1 2 75 64 714 0 1 2 75 64 613 0 1 2 125 64 614 0 1 2 125 64 713 0 1 1 15 64 714 0 1 1 15 64 613 0 1 1 35 64 614 0 1 1 35 64
4/4 613 0 1 0 0 64 614 0 1 0 0 64 713 0 1 1 5 64 714 0 1 1 5 64 223 0 1 0 1 64 224 0 1 0 1 64 713 0 1 1 15 64 714 0 1 1 15 64 313 0 1 1 25 64 314 0 1 1 25 64 313 0 1 0 3 64 314 0 1 0 3 64 613 0 1 1 35 64 614 0 1 1 35 64
4/4 613 0 1 0 0 64 614 0 1 0 0 64 713 0 1 1 5 64 714 0 1 1 5 64 223 0 1 0 1 64 224 0 1 0 1 64 713 0 1 2 175 64 314 0 1 2 175 64 714 0 1 2 175 64 613 1 5 1 35 64
4/4 63 0 2 0 0 64 523 0 1 0 2 64 613 0 1 0 3 64
2/4 313 0 1 0 0 64 63 0 1 0 0 64 713 0 1 0 0 64 223 0 1 0 1 72 224 0 1 0 1 72 23 0 1 1 15 76 24 0 1 1 15 76
4/4 314 0 1 0 0 80 614 0 1 0 0 80 224 0 1 0 0 80 315 0 1 0 0 80 314 0 1 1 5 80 614 0 1 1 5 80 224 0 1 1 5 80 315 0 1 1 5 80 314 0 1 2 75 80 614 0 1 2 75 80 224 0 1 2 75 80 315 0 1 2 75 80 314 0 1 2 125 80 614 0 1 2 125 80 224 0 1 2 125 80 315 0 1 2 125 80 314 0 1 1 15 80 614 0 1 1 15 80 224 0 1 1 15 80 315 0 1 1 15 80 524 0 1 1 25 80 525 0 1 1 25 80 314 0 1 0 3 80 315 0 1 0 3 80
4/4 314 0 1 0 0 80 64 0 1 0 0 80 714 0 1 0 0 80 315 0 1 0 0 80 314 0 1 1 5 80 64 0 1 1 5 80 714 0 1 1 5 80 315 0 1 1 5 80 314 0 1 2 75 80 64 0 1 2 75 80 714 0 1 2 75 80 315 0 1 2 75 80 314 0 1 2 125 80 64 0 1 2 125 80 714 0 1 2 125 80 315 0 1 2 125 80 714 0 1 1 15 80 715 0 1 1 15 80 614 0 1 1 25 80 615 0 1 1 25 80 64 0 1 0 3 80 65 0 1 0 3 80 614 0 1 1 35 80 615 0 1 1 35 80 614 0 1 2 375 80 224 0 1 2 375 80 615 0 1 2 375 80
4/4 614 0 1 0 0 80 224 0 1 0 0 80 615 0 1 0 0 80
4/4 614 0 1 0 0 80 224 0 1 0 0 80 615 0 1 0 0 80 614 0 1 1 15 80 224 0 1 1 15 80 615 0 1 1 15 80 64 0 1 0 2 80 224 0 1 0 2 80 65 0 1 0 2 80 614 0 1 1 25 80 224 0 1 1 25 80 615 0 1 1 25 80 64 0 1 0 3 80 224 0 1 0 3 80 65 0 1 0 3 80 314 0 1 1 35 80 315 0 1 1 35 80 524 0 1 2 375 80 525 0 1 2 375 80
4/4 524 0 1 0 0 80 525 0 1 0 0 80 524 0 1 1 15 80 525 0 1 1 15 80 524 0 1 0 2 80 525 0 1 0 2 80 314 0 1 1 25 80 315 0 1 1 25 80 23 0 1 0 3 80 24 0 1 0 3 80 524 0 1 1 35 80 525 0 1 1 35 80 314 0 1 2 375 80 315 0 1 2 375 80
4/4 314 0 1 0 0 80 315 0 1 0 0 80 524 2 25 2 175 80 223 0 1 0 2 80 524 0 1 0 2 80 224 0 1 0 2 80 713 0 1 1 25 80 714 0 1 1 25 80 713 0 1 2 275 80 714 0 1 2 275 80 613 0 1 1 35 80 614 0 1 1 35 80 713 0 1 2 375 80 714 0 1 2 375 80
4/4 713 0 1 0 0 80 714 0 1 0 0 80 524 2 25 1 15 80 614 2 25 2 175 80 223 0 1 0 2 80 524 0 1 0 2 80 224 0 1 0 2 80 713 0 1 1 25 80 714 0 1 1 25 80 713 0 1 2 275 80 714 0 1 2 275 80 613 0 1 1 35 80 614 0 1 1 35 80 713 0 1 2 375 80 714 0 1 2 375 80
4/4 713 0 1 0 0 80 714 0 1 0 0 80 613 0 1 0 1 80 63 0 1 0 2 80 223 0 1 0 3 80 224 0 1 0 3 80 23 0 1 1 35 80 24 0 1 1 35 80
4/4 314 0 1 0 0 80 614 0 1 0 0 80 224 0 1 0 0 80 315 0 1 0 0 80 314 0 1 1 5 80 614 0 1 1 5 80 224 0 1 1 5 80 315 0 1 1 5 80 314 0 1 2 75 80 614 0 1 2 75 80 224 0 1 2 75 80 315 0 1 2 75 80 314 0 1 2 125 80 614 0 1 2 125 80 224 0 1 2 125 80 315 0 1 2 125 80 314 0 1 1 15 80 614 0 1 1 15 80 224 0 1 1 15 80 315 0 1 1 15 80 524 0 1 1 25 80 525 0 1 1 25 80 314 0 1 0 3 80 315 0 1 0 3 80
4/4 314 0 1 0 0 80 64 0 1 0 0 80 714 0 1 0 0 80 315 0 1 0 0 80 314 0 1 1 5 80 64 0 1 1 5 80 714 0 1 1 5 80 315 0 1 1 5 80 314 0 1 2 75 80 64 0 1 2 75 80 714 0 1 2 75 80 315 0 1 2 75 80 314 0 1 2 125 80 64 0 1 2 125 80 714 0 1 2 125 80 315 0 1 2 125 80 714 0 1 1 15 80 715 0 1 1 15 80 614 0 1 1 25 80 615 0 1 1 25 80 64 0 1 0 3 80 65 0 1 0 3 80 614 0 1 1 35 80 615 0 1 1 35 80 614 0 1 2 375 80 224 0 1 2 375 80 615 0 1 2 375 80
4/4 614 0 1 0 0 80 224 0 1 0 0 80 615 0 1 0 0 80
4/4 523 0 1 0 0 80 613 0 1 0 0 80 614 0 1 1 15 80 615 0 1 1 15 80 64 0 1 0 2 80 65 0 1 0 2 80 614 0 1 1 25 80 615 0 1 1 25 80 64 0 1 0 3 80 65 0 1 0 3 80 314 0 1 1 35 80 315 0 1 1 35 80
4/4 524 0 1 0 0 80 525 0 1 0 0 80 223 0 1 0 1 80 224 0 1 0 1 80 713 0 1 0 2 80 714 0 1 0 2 80 613 0 1 1 25 80 614 0 1 1 25 80 613 0 1 2 275 80 614 0 1 2 275 80 713 0 1 2 325 80 714 0 1 2 325 80 713 0 1 1 35 80 714 0 1 1 35 80
4/4 713 0 1 0 0 80 714 0 1 0 0 80 313 0 1 2 275 80 314 0 1 2 275 80 523 0 1 0 3 80 524 0 1 0 3 80 613 0 1 1 35 80 614 0 1 1 35 80 613 0 1 2 375 80 614 0 1 2 375 80
4/4 613 0 1 0 0 80 614 0 1 0 0 80
4/4 613 0 1 0 0 80 614 0 1 0 0 80 44 0 1 0 2 80 614 0 1 0 2 80 45 0 1 0 2 80
4/4 314 1 5 1 5 80 314 2 25 0 1 80 314 1 5 2 125 80 314 2 75 2 175 80 23 1 5 1 25 80 223 1 5 0 3 80 713 1 5 1 35 80
4/4 713 2 75 0 0 80 223 2 225 2 75 80 312 2 75 0 3 84 613 2 25 2 375 80
4/4 613 1 5 0 0 80 614 1 5 1 5 80 614 1 5 0 1 80 614 1 5 1 15 80 64 1 5 0 2 80 524 1 5 1 25 80 314 1 5 0 3 80 613 2 25 1 35 80 524 2 25 2 375 80
4/4 524 0 2 0 0 80 524 1 5 0 2 80 314 1 5 1 25 80 23 1 5 0 3 80 524 2 25 1 35 80 314 2 25 2 375 80
4/4 314 1 25 0 0 80 613 2 25 2 275 80 713 2 25 0 3 80 223 2 75 2 325 80
4/4 613 0 1 0 0 80 223 0 1 0 0 80 223 2 25 1 5 80 223 2 75 2 75 80 223 1 5 1 15 80 314 1 5 0 2 80 223 1 5 1 25 80 713 1 5 0 3 80 613 1 5 1 35 80
4/4 613 1 5 0 0 80 713 1 5 1 5 80 223 1 5 0 1 80 713 0 1 1 15 80 613 1 5 1 25 80 63 1 5 0 3 80 613 2 25 1 35 80 613 2 25 2 375 80
4/4 613 2 275 0 0 80 524 1 5 0 3 80 224 1 5 1 35 80
4/4 223 0 1 0 0 80 524 0 1 0 0 80 224 0 1 0 0 80 713 0 1 1 5 80 714 0 1 1 5 80 713 0 1 2 75 80 714 0 1 2 75 80 613 0 1 2 125 80 614 0 1 2 125 80 713 0 1 1 15 80 714 0 1 1 15 80 524 2 25 1 35 80 614 2 25 2 375 80
4/4 223 0 1 0 0 80 524 0 1 0 0 80 224 0 1 0 0 80 713 0 1 1 5 80 714 0 1 1 5 80 713 0 1 2 75 80 714 0 1 2 75 80 613 0 1 2 125 80 614 0 1 2 125 80 713 0 1 1 15 80 714 0 1 1 15 80
4/4 314 0 1 0 0 80 64 0 1 0 0 80 315 0 1 0 0 80 314 0 1 1 5 80 64 0 1 1 5 80 315 0 1 1 5 80 314 0 1 2 75 80 64 0 1 2 75 80 315 0 1 2 75 80 314 0 1 2 125 80 64 0 1 2 125 80 315 0 1 2 125 80 314 0 1 1 15 80 64 0 1 1 15 80 315 0 1 1 15 80 23 0 1 1 25 80 24 0 1 1 25 80 223 0 1 0 3 80 224 0 1 0 3 80 714 0 1 1 35 80 715 0 1 1 35 80
4/4 614 0 1 0 0 80 615 0 1 0 0 80 223 0 1 1 5 80 224 0 1 1 5 80 223 0 1 2 75 80 224 0 1 2 75 80 524 1 5 0 3 80 614 1 5 1 35 80
4/4 223 0 1 0 0 80 524 0 1 0 0 80 224 0 1 0 0 80 713 0 1 1 5 80 714 0 1 1 5 80 713 0 1 2 75 80 714 0 1 2 75 80 613 0 1 2 125 80 614 0 1 2 125 80 713 0 1 1 15 80 714 0 1 1 15 80 524 2 25 1 35 80 614 2 25 2 375 80
4/4 223 0 1 0 0 80 314 0 1 0 0 80 224 0 1 0 0 80 713 0 1 1 5 80 714 0 1 1 5 80 713 0 1 2 75 80 714 0 1 2 75 80 314 0 1 2 125 80 315 0 1 2 125 80 223 0 1 1 15 80 224 0 1 1 15 80 713 0 1 1 25 80 714 0 1 1 25 80 614 1 5 1 35 80
4/4 614 1 5 0 0 80 714 1 5 1 5 80 224 1 5 0 1 80 714 0 1 1 15 80 314 1 5 1 25 80 314 1 5 0 3 80 614 1 5 1 35 80
4/4 614 1 5 0 0 80 714 1 5 1 5 80 224 2 75 0 1 80 713 0 1 2 175 80 314 0 1 2 175 80 714 0 1 2 175 80 613 1 5 1 35 80
4/4 63 1 15 0 0 80 313 1 5 1 15 80 523 0 1 0 2 80 613 0 1 0 3 80
2/4 53 0 1 0 0 80 223 0 1 0 1 80 224 0 1 0 1 80 23 0 1 1 15 80 24 0 1 1 15 80
4/4 314 0 1 0 0 80 614 0 1 0 0 80 224 0 1 0 0 80 315 0 1 0 0 80 314 0 1 1 5 80 614 0 1 1 5 80 224 0 1 1 5 80 315 0 1 1 5 80 314 0 1 2 75 80 614 0 1 2 75 80 224 0 1 2 75 80 315 0 1 2 75 80 314 0 1 2 125 80 614 0 1 2 125 80 224 0 1 2 125 80 315 0 1 2 125 80 314 0 1 1 15 80 614 0 1 1 15 80 224 0 1 1 15 80 315 0 1 1 15 80 524 0 1 1 25 80 525 0 1 1 25 80 314 0 1 0 3 80 315 0 1 0 3 80
4/4 314 0 1 0 0 80 64 0 1 0 0 80 714 0 1 0 0 80 315 0 1 0 0 80 314 0 1 1 5 80 64 0 1 1 5 80 714 0 1 1 5 80 315 0 1 1 5 80 314 0 1 2 75 80 64 0 1 2 75 80 714 0 1 2 75 80 315 0 1 2 75 80 314 0 1 2 125 80 64 0 1 2 125 80 714 0 1 2 125 80 315 0 1 2 125 80 714 0 1 1 15 80 715 0 1 1 15 80 614 0 1 1 25 80 615 0 1 1 25 80 64 0 1 0 3 80 65 0 1 0 3 80 614 0 1 1 35 80 615 0 1 1 35 80 614 0 1 2 375 80 224 0 1 2 375 80 615 0 1 2 375 80
4/4 614 0 1 0 0 80 224 0 1 0 0 80 615 0 1 0 0 80
4/4 614 0 1 0 0 80 224 0 1 0 0 80 615 0 1 0 0 80 614 0 1 1 15 80 224 0 1 1 15 80 615 0 1 1 15 80 64 0 1 0 2 80 224 0 1 0 2 80 65 0 1 0 2 80 614 0 1 1 25 80 224 0 1 1 25 80 615 0 1 1 25 80 64 0 1 0 3 80 224 0 1 0 3 80 65 0 1 0 3 80 314 0 1 1 35 80 315 0 1 1 35 80 524 0 1 2 375 80 525 0 1 2 375 80
4/4 524 0 1 0 0 80 525 0 1 0 0 80 524 0 1 1 15 80 525 0 1 1 15 80 524 0 1 0 2 80 525 0 1 0 2 80 314 0 1 1 25 80 315 0 1 1 25 80 23 0 1 0 3 80 24 0 1 0 3 80 524 0 1 1 35 80 525 0 1 1 35 80 314 0 1 2 375 80 315 0 1 2 375 80
4/4 314 0 1 0 0 80 315 0 1 0 0 80 524 2 25 2 175 80 223 0 1 0 2 80 524 0 1 0 2 80 224 0 1 0 2 80 713 0 1 1 25 80 714 0 1 1 25 80 713 0 1 2 275 80 714 0 1 2 275 80 613 0 1 1 35 80 614 0 1 1 35 80 713 0 1 2 375 80 714 0 1 2 375 80
4/4 713 0 1 0 0 80 714 0 1 0 0 80 524 2 25 1 15 80 614 2 25 2 175 80 223 0 1 0 2 80 524 0 1 0 2 80 224 0 1 0 2 80 713 0 1 1 25 80 714 0 1 1 25 80 713 0 1 2 275 80 714 0 1 2 275 80 613 0 1 1 35 80 614 0 1 1 35 80 713 0 1 2 375 80 714 0 1 2 375 80
4/4 713 0 1 0 0 80 714 0 1 0 0 80 613 0 1 0 1 80 63 0 1 0 2 80 223 0 1 0 3 80 224 0 1 0 3 80 23 0 1 1 35 80 24 0 1 1 35 80
4/4 314 0 1 0 0 80 614 0 1 0 0 80 224 0 1 0 0 80 315 0 1 0 0 80 314 0 1 1 5 80 614 0 1 1 5 80 224 0 1 1 5 80 315 0 1 1 5 80 314 0 1 2 75 80 614 0 1 2 75 80 224 0 1 2 75 80 315 0 1 2 75 80 314 0 1 2 125 80 614 0 1 2 125 80 224 0 1 2 125 80 315 0 1 2 125 80 314 0 1 1 15 80 614 0 1 1 15 80 224 0 1 1 15 80 315 0 1 1 15 80 524 0 1 1 25 80 525 0 1 1 25 80 314 0 1 0 3 80 315 0 1 0 3 80
4/4 314 0 1 0 0 80 64 0 1 0 0 80 714 0 1 0 0 80 315 0 1 0 0 80 314 0 1 1 5 80 64 0 1 1 5 80 714 0 1 1 5 80 315 0 1 1 5 80 314 0 1 2 75 80 64 0 1 2 75 80 714 0 1 2 75 80 315 0 1 2 75 80 314 0 1 2 125 80 64 0 1 2 125 80 714 0 1 2 125 80 315 0 1 2 125 80 714 0 1 1 15 80 715 0 1 1 15 80 614 0 1 1 25 80 615 0 1 1 25 80 64 0 1 0 3 80 65 0 1 0 3 80 614 0 1 1 35 80 615 0 1 1 35 80 614 0 1 2 375 80 224 0 1 2 375 80 615 0 1 2 375 80
4/4 614 0 1 0 0 80 224 0 1 0 0 80 615 0 1 0 0 80
4/4 523 0 1 0 0 80 613 0 1 0 0 80 614 0 1 1 15 80 615 0 1 1 15 80 64 0 1 0 2 80 65 0 1 0 2 80 614 0 1 1 25 80 615 0 1 1 25 80 64 0 1 0 3 80 65 0 1 0 3 80 314 0 1 1 35 80 315 0 1 1 35 80
4/4 524 0 1 0 0 80 525 0 1 0 0 80 223 0 1 0 1 80 224 0 1 0 1 80 713 0 1 0 2 80 714 0 1 0 2 80 613 0 1 1 25 80 614 0 1 1 25 80 613 0 1 2 275 80 614 0 1 2 275 80 713 0 1 2 325 80 714 0 1 2 325 80 713 0 1 1 35 80 714 0 1 1 35 80
4/4 713 0 1 0 0 80 714 0 1 0 0 80 313 0 1 1 25 80 314 0 1 1 25 80 523 0 1 2 275 80 524 0 1 2 275 80 613 0 1 2 325 80 614 0 1 2 325 80 613 0 1 1 35 80 614 0 1 1 35 80
4/4 613 0 1 0 0 80 614 0 1 0 0 80
4/4 63 0 1 0 0 80 223 0 1 0 0 80 314 0 1 0 0 80 64 0 1 0 0 80
4/4 523 0 1 0 0 80 613 0 1 0 0 80 23 0 1 0 0 80 524 0 1 0 0 80
4/4 313 0 1 0 0 80 63 0 1 0 0 80 223 0 1 0 0 80 314 0 1 0 0 80
4/4 523 0 1 0 0 80 613 0 1 0 0 80 23 0 1 0 0 80 524 0 1 0 0 80
4/4 313 0 1 0 0 80 63 0 1 0 0 80 223 0 1 0 0 80 314 0 1 0 0 80
4/4 23 2 25 0 0 80 22 2 25 2 25 80 523 2 25 1 5 80 613 2 25 2 75 80 23 2 25 0 1 80 22 2 25 2 125 80 523 2 25 1 15 80 613 2 25 2 175 80 23 2 25 0 2 80 22 2 25 2 225 80 523 2 25 1 25 80 613 2 25 2 275 80 23 2 25 0 3 80 22 2 25 2 325 80 523 2 25 1 35 80 613 2 25 2 375 80
4/4 23 2 25 0 0 80 22 2 25 2 25 80 523 2 25 1 5 80 613 2 25 2 75 80 23 2 25 0 1 80 22 2 25 2 125 80 523 2 25 1 15 80 613 2 25 2 175 80 23 2 25 0 2 80 22 2 25 2 225 80 523 2 25 1 25 80 613 2 25 2 275 80 23 2 25 0 3 80 22 2 25 2 325 80 523 2 25 1 35 80 613 2 25 2 375 80
4/4 23 2 25 0 0 80 22 2 25 2 25 80 523 2 25 1 5 80 613 2 25 2 75 80 23 2 25 0 1 80 22 2 25 2 125 80 523 2 25 1 15 80 613 2 25 2 175 80 23 2 25 0 2 80 22 2 25 2 225 80 523 2 25 1 25 80 613 2 25 2 275 80 23 2 25 0 3 80 22 2 25 2 325 80 523 2 25 1 35 80 613 2 25 2 375 80
4/4 313 0 1 0 0 80 63 0 1 0 0 80 713 0 1 0 0 80 314 0 1 0 0 80 313 0 1 1 5 80 63 0 1 1 5 80 713 0 1 2 75 80 314 0 1 2 75 80 64 0 1 2 125 80 714 0 1 2 125 80 315 0 1 1 15 80 65 0 1 1 15 80 715 2 25 2 175 80 316 0 1 0 2 80 223 0 1 0 3 80 224 0 1 0 3 80 23 0 1 1 35 80 24 0 1 1 35 80
4/4 314 0 1 0 0 96 614 0 1 0 0 96 224 0 1 0 0 96 315 0 1 0 0 96 314 0 1 1 5 96 614 0 1 1 5 96 224 0 1 1 5 96 315 0 1 1 5 96 314 0 1 2 75 96 614 0 1 2 75 96 224 0 1 2 75 96 315 0 1 2 75 96 314 0 1 2 125 96 614 0 1 2 125 96 224 0 1 2 125 96 315 0 1 2 125 96 314 0 1 1 15 96 614 0 1 1 15 96 224 0 1 1 15 96 315 0 1 1 15 96 524 0 1 1 25 96 525 0 1 1 25 96 314 0 1 0 3 96 315 0 1 0 3 96
4/4 314 0 1 0 0 96 64 0 1 0 0 96 714 0 1 0 0 96 315 0 1 0 0 96 314 0 1 1 5 96 64 0 1 1 5 96 714 0 1 1 5 96 315 0 1 1 5 96 314 0 1 2 75 96 64 0 1 2 75 96 714 0 1 2 75 96 315 0 1 2 75 96 314 0 1 2 125 96 64 0 1 2 125 96 714 0 1 2 125 96 315 0 1 2 125 96 714 0 1 1 15 96 715 0 1 1 15 96 614 0 1 1 25 96 615 0 1 1 25 96 64 0 1 0 3 96 65 0 1 0 3 96 614 0 1 1 35 96 615 0 1 1 35 96 614 0 1 2 375 96 224 0 1 2 375 96 615 0 1 2 375 96
4/4 614 0 1 0 0 96 224 0 1 0 0 96 615 0 1 0 0 96
4/4 614 0 1 0 0 96 224 0 1 0 0 96 615 0 1 0 0 96 614 0 1 1 15 96 224 0 1 1 15 96 615 0 1 1 15 96 64 0 1 0 2 96 224 0 1 0 2 96 65 0 1 0 2 96 614 0 1 1 25 96 224 0 1 1 25 96 615 0 1 1 25 96 64 0 1 0 3 96 224 0 1 0 3 96 65 0 1 0 3 96 314 0 1 1 35 96 315 0 1 1 35 96 524 0 1 2 375 96 525 0 1 2 375 96
4/4 524 0 1 0 0 96 525 0 1 0 0 96 524 0 1 1 15 96 525 0 1 1 15 96 524 0 1 0 2 96 525 0 1 0 2 96 314 0 1 1 25 96 315 0 1 1 25 96 23 0 1 0 3 96 24 0 1 0 3 96 524 0 1 1 35 96 525 0 1 1 35 96 314 0 1 2 375 96 315 0 1 2 375 96
4/4 314 0 1 0 0 96 315 0 1 0 0 96 524 2 25 2 175 96 223 0 1 0 2 96 524 0 1 0 2 96 224 0 1 0 2 96 713 0 1 1 25 96 714 0 1 1 25 96 713 0 1 2 275 96 714 0 1 2 275 96 613 0 1 1 35 96 614 0 1 1 35 96 713 0 1 2 375 96 714 0 1 2 375 96
4/4 713 0 1 0 0 96 714 0 1 0 0 96 524 2 25 1 15 96 614 2 25 2 175 96 223 0 1 0 2 96 524 0 1 0 2 96 224 0 1 0 2 96 713 0 1 1 25 96 714 0 1 1 25 96 713 0 1 2 275 96 714 0 1 2 275 96 613 0 1 1 35 96 614 0 1 1 35 96 713 0 1 2 375 96 714 0 1 2 375 96
4/4 713 0 1 0 0 96 714 0 1 0 0 96 613 0 1 0 1 96 63 0 1 0 2 96 223 0 1 0 3 96 224 0 1 0 3 96 23 0 1 1 35 96 24 0 1 1 35 96
4/4 314 0 1 0 0 96 614 0 1 0 0 96 224 0 1 0 0 96 315 0 1 0 0 96 314 0 1 1 5 96 614 0 1 1 5 96 224 0 1 1 5 96 315 0 1 1 5 96 314 0 1 2 75 96 614 0 1 2 75 96 224 0 1 2 75 96 315 0 1 2 75 96 314 0 1 2 125 96 614 0 1 2 125 96 224 0 1 2 125 96 315 0 1 2 125 96 314 0 1 1 15 96 614 0 1 1 15 96 224 0 1 1 15 96 315 0 1 1 15 96 524 0 1 1 25 96 525 0 1 1 25 96 314 0 1 0 3 96 315 0 1 0 3 96
4/4 314 0 1 0 0 96 64 0 1 0 0 96 714 0 1 0 0 96 315 0 1 0 0 96 314 0 1 1 5 96 64 0 1 1 5 96 714 0 1 1 5 96 315 0 1 1 5 96 314 0 1 2 75 96 64 0 1 2 75 96 714 0 1 2 75 96 315 0 1 2 75 96 314 0 1 2 125 96 64 0 1 2 125 96 714 0 1 2 125 96 315 0 1 2 125 96 714 0 1 1 15 96 715 0 1 1 15 96 614 0 1 1 25 96 615 0 1 1 25 96 64 0 1 0 3 96 65 0 1 0 3 96 614 0 1 1 35 96 615 0 1 1 35 96 614 0 1 2 375 96 224 0 1 2 375 96 615 0 1 2 375 96
4/4 614 0 1 0 0 96 224 0 1 0 0 96 615 0 1 0 0 96
4/4 523 0 1 0 0 80 613 0 1 0 0 80 614 0 1 1 15 80 615 0 1 1 15 80 64 0 1 0 2 80 65 0 1 0 2 80 614 0 1 1 25 80 615 0 1 1 25 80 64 0 1 0 3 80 65 0 1 0 3 80 314 0 1 1 35 80 315 0 1 1 35 80
4/4 524 0 1 0 0 80 525 0 1 0 0 80 223 0 1 0 1 80 224 0 1 0 1 80 713 0 1 0 2 80 714 0 1 0 2 80 613 0 1 1 25 80 614 0 1 1 25 80 613 0 1 2 275 80 614 0 1 2 275 80 713 0 1 2 325 80 714 0 1 2 325 80 713 0 1 1 35 80 714 0 1 1 35 80
4/4 713 0 1 0 0 80 714 0 1 0 0 80 313 0 1 1 25 80 314 0 1 1 25 80 523 0 1 2 275 80 524 0 1 2 275 80 613 0 1 2 325 80 614 0 1 2 325 80 613 0 1 1 35 80 614 0 1 1 35 80
4/4 523 0 1 0 0 80 63 0 1 0 1 80 613 0 1 0 2 80 223 1 5 0 3 80 523 1 5 1 35 80 613 0 1 2 375 80 23 0 1 2 375 80 44 0 1 2 375 80
4/4 613 0 1 0 0 80 23 0 1 0 0 80 44 0 1 0 0 80 614 1 35 2 25 80
4/4 613 0 1 0 0 80 23 0 1 0 0 80 44 0 1 2 25 80 614 0 1 2 25 80 713 0 1 0 2 80 314 0 1 0 2 80 64 0 1 0 2 80
4/4 223 0 1 0 2 80 314 0 1 0 2 80 614 0 1 0 2 80 224 0 1 0 2 80
4/4 615 0 1 0 0 76 225 0 1 0 0 76 616 0 1 0 0 84
4/4 611 2 375 0 0 64 312 0 1 1 5 58 612 0 1 1 5 58 312 0 1 1 15 58 612 0 1 1 15 58 312 0 1 1 25 58 612 0 1 1 25 58 312 0 1 1 35 58 612 0 1 1 35 58
4/4 611 2 375 0 0 64 312 0 1 1 5 58 612 0 1 1 5 58 312 0 1 1 15 58 612 0 1 1 15 58 312 0 1 1 25 58 612 0 1 1 25 58 312 0 1 1 35 58 612 0 1 1 35 58
4/4 611 2 375 0 0 64 312 0 1 1 5 58 612 0 1 1 5 58 312 0 1 1 15 58 612 0 1 1 15 58 312 0 1 1 25 58 612 0 1 1 25 58 312 0 1 1 35 58 612 0 1 1 35 58
4/4 611 2 375 0 0 64 312 0 1 1 5 58 612 0 1 1 5 58 312 0 1 1 15 58 612 0 1 1 15 58 312 0 1 1 25 58 612 0 1 1 25 58 312 0 1 1 35 58 612 0 1 1 35 58
4/4 611 2 375 0 0 64 312 0 1 1 5 58 612 0 1 1 5 58 312 0 1 1 15 58 612 0 1 1 15 58 312 0 1 1 25 58 612 0 1 1 25 58 312 0 1 1 35 58 612 0 1 1 35 58
4/4 611 2 375 0 0 64 312 0 1 1 5 58 612 0 1 1 5 58 312 0 1 1 15 58 612 0 1 1 15 58 312 0 1 1 25 58 612 0 1 1 25 58 312 0 1 1 35 58 612 0 1 1 35 58
4/4 611 2 375 0 0 64 312 0 1 1 5 58 612 0 1 1 5 58 312 0 1 1 15 58 612 0 1 1 15 58 312 0 1 1 25 58 612 0 1 1 25 58 312 0 1 1 35 58 612 0 1 1 35 58
4/4 611 0 1 0 0 64 312 0 1 0 0 64 612 2 375 2 25 64
4/4 222 0 1 0 0 60 313 0 1 0 0 60 613 0 1 0 0 60 612 2 375 0 0 60 222 0 1 0 1 60 313 0 1 0 1 60 613 0 1 0 1 60 222 0 1 0 2 60 313 0 1 0 2 60 613 0 1 0 2 60 222 0 1 0 3 60 313 0 1 0 3 60 613 0 1 0 3 60
4/4 712 0 1 0 0 60 313 0 1 0 0 60 63 0 1 0 0 60 62 2 375 0 0 60 712 0 1 0 1 60 313 0 1 0 1 60 63 0 1 0 1 60 712 0 1 0 2 60 313 0 1 0 2 60 63 0 1 0 2 60 712 0 1 0 3 60 313 0 1 0 3 60 63 0 1 0 3 60
4/4 612 0 1 0 0 60 222 0 1 0 0 60 523 0 1 0 0 60 522 0 2 0 0 60 612 0 1 0 1 60 222 0 1 0 1 60 523 0 1 0 1 60 612 0 1 0 2 60 222 0 1 0 2 60 523 0 1 0 2 60 312 0 2 0 2 60 612 0 1 0 3 60 222 0 1 0 3 60 523 0 1 0 3 60
4/4 612 0 1 0 0 60 313 0 1 0 0 60 21 0 2 0 0 60 612 0 1 0 1 60 22 0 1 0 1 60 22 0 1 0 2 60 523 0 1 0 2 60 22 0 1 0 3 60 523 0 1 0 3 60
4/4 221 0 1 0 0 60 313 0 1 0 0 60 222 0 1 0 1 60 313 0 1 0 1 60 63 0 1 0 1 60 222 0 1 0 2 60 613 0 1 0 2 60 222 0 1 0 3 60 313 0 1 0 3 60 613 0 1 0 3 60
4/4 612 0 1 0 0 60 222 0 1 0 0 60 522 2 375 0 0 60 612 0 1 0 1 60 222 0 1 0 1 60 313 0 1 0 1 60 612 0 1 0 2 60 222 0 1 0 2 60 313 0 1 0 2 60 612 0 1 0 3 60 222 0 1 0 3 60 313 0 1 0 3 60
4/4 711 2 275 0 0 60 522 0 1 0 0 60 712 0 1 0 0 60 22 2 75 2 25 60 522 0 1 0 1 60 712 0 1 0 1 60 22 0 1 0 1 60 522 0 1 0 2 60 712 0 1 0 2 60 22 0 1 0 2 60 522 0 1 0 3 60 712 0 1 0 3 60 523 0 1 0 3 60
4/4 312 0 1 0 0 60 712 0 1 0 0 60 523 0 1 0 0 60 712 0 1 0 1 60 523 0 1 0 1 60 312 0 1 0 2 60 712 0 1 0 2 60 313 0 1 0 2 60 313 0 1 0 3 60
4/4 222 0 1 0 0 60 313 0 1 0 0 60 613 0 1 0 0 60 612 2 375 0 0 60 222 0 1 0 1 60 313 0 1 0 1 60 613 0 1 0 1 60 222 0 1 0 2 60 313 0 1 0 2 60 613 0 1 0 2 60 222 0 1 0 3 60 313 0 1 0 3 60 613 0 1 0 3 60
4/4 712 0 1 0 0 60 313 0 1 0 0 60 63 0 1 0 0 60 62 2 375 0 0 60 712 0 1 0 1 60 313 0 1 0 1 60 63 0 1 0 1 60 712 0 1 0 2 60 313 0 1 0 2 60 63 0 1 0 2 60 712 0 1 0 3 58 313 0 1 0 3 58 63 0 1 0 3 58
4/4 612 0 1 0 0 60 222 0 1 0 0 60 523 0 1 0 0 60 522 0 2 0 0 60 612 0 1 0 1 60 222 0 1 0 1 60 523 0 1 0 1 60 612 0 1 0 2 60 222 0 1 0 2 60 523 0 1 0 2 60 312 0 2 0 2 60 612 0 1 0 3 60 222 0 1 0 3 60 523 0 1 0 3 60
4/4 612 0 1 0 0 60 313 0 1 0 0 60 21 0 2 0 0 60 612 0 1 0 1 60 22 0 1 0 1 60 612 0 1 0 2 60 523 0 1 0 2 60 612 0 1 0 3 60 523 0 1 0 3 60
4/4 221 0 1 0 0 60 313 0 1 0 0 60 222 0 1 0 1 60 313 0 1 0 1 60 63 0 1 0 1 60 222 0 1 0 2 60 313 0 1 0 2 60 713 0 1 0 2 60 222 0 1 0 3 60 313 0 1 0 3 60 63 0 1 0 3 60
4/4 612 0 1 0 0 60 222 0 1 0 0 60 313 0 1 0 0 60 522 2 375 0 0 60 612 0 1 0 1 60 222 0 1 0 1 60 313 0 1 0 1 60 612 0 1 0 2 60 222 0 1 0 2 60 313 0 1 0 2 60 612 0 1 0 3 60 222 0 1 0 3 60 313 0 1 0 3 60
4/4 711 0 1 0 0 60 522 0 1 0 0 60 712 0 1 0 0 60 22 0 1 0 0 60 712 0 1 0 1 60 523 0 1 0 1 60 712 0 1 0 2 60 313 0 1 0 2 60 312 0 2 0 2 60 712 0 1 0 3 60 313 0 1 0 3 60
4/4 611 0 1 0 0 60 312 0 1 0 0 60 712 0 1 0 0 60 313 1 5 0 1 60 612 1 15 1 15 60 222 0 1 0 2 60 53 0 1 0 2 60 313 0 1 0 3 60
4/4 21 0 1 0 0 60 612 0 1 0 0 60 22 0 1 0 0 60 22 0 1 0 1 60 523 0 1 0 1 60 612 2 275 0 1 60 22 0 1 0 2 60 523 0 1 0 2 60 22 0 1 0 3 60 523 0 1 0 3 60 21 2 25 2 375 64
4/4 62 0 1 0 0 64 712 0 1 0 0 64 313 0 1 0 0 64 21 2 75 0 0 64 313 0 1 0 1 64 63 0 1 0 1 64 712 2 275 0 1 64 313 0 1 0 2 64 63 0 1 0 2 64 313 0 1 0 3 64 63 0 1 0 3 64
4/4 221 0 1 0 0 64 62 0 1 0 0 64 222 0 1 0 0 64 313 0 1 0 1 64 63 0 1 0 1 64 713 0 1 0 1 64 222 2 275 0 1 64 313 0 1 0 2 64 63 0 1 0 2 64 713 0 1 0 2 64 313 0 1 0 3 64 63 0 1 0 3 64 713 0 1 0 3 64
4/4 222 0 1 0 0 64 313 0 1 0 0 64 522 2 375 0 0 64 222 0 1 0 1 64 313 0 1 0 1 64 222 0 1 0 2 64 313 0 1 0 2 64 222 0 1 0 3 64 313 0 1 0 3 64 711 0 1 2 375 64 522 0 1 2 375 64
4/4 712 0 1 0 0 64 22 0 1 0 0 64 711 0 1 0 0 64 522 0 1 0 0 64 22 0 1 0 1 64 523 0 1 0 1 64 22 0 1 0 2 64 523 0 1 0 2 64 22 0 1 0 3 64 523 0 1 0 3 64 221 0 1 2 375 64 62 0 1 2 375 64
4/4 221 0 1 0 0 64 62 0 1 0 0 64 313 2 75 2 25 64 313 0 1 0 1 64 63 0 1 0 1 64 222 2 275 0 1 64 313 0 1 0 2 64 63 0 1 0 2 64 313 0 1 0 3 64 63 0 1 0 3 64
4/4 21 1 5 0 0 64 612 1 5 1 5 64 22 1 5 0 1 64 221 0 1 1 15 64 62 1 5 1 25 64 222 0 1 0 3 64
4/4 711 1 5 0 0 64 522 1 5 1 5 64 712 1 5 0 1 64 22 1 5 1 15 64 312 1 5 0 2 64 712 1 5 1 25 64 523 0 1 0 3 64
4/4 312 1 5 0 0 64 712 1 5 1 5 64 312 1 5 0 1 64 313 1 5 1 15 64 21 1 5 0 2 64 612 1 5 1 25 64 22 0 1 0 3 64
4/4 312 1 5 0 0 64 712 1 5 1 5 68 313 0 1 0 1 72 612 2 25 0 2 80 313 2 25 2 225 80 613 2 25 1 25 80 313 2 25 2 275 80 612 2 25 0 3 80 313 2 25 2 325 80 613 2 25 1 35 80 313 2 25 2 375 80
4/4 612 2 25 0 0 80 313 2 25 2 25 80 613 2 25 1 5 80 313 2 25 2 75 80 612 2 25 0 1 80 313 2 25 2 125 80 613 2 25 1 15 80 313 2 25 2 175 80 62 2 25 0 2 80 313 2 25 2 225 80 713 2 25 1 25 80 313 2 25 2 275 80 62 2 25 0 3 80 313 2 25 2 325 80 713 2 25 1 35 80 313 2 25 2 375 80
4/4 312 2 25 0 0 80 712 2 25 2 25 80 63 2 25 1 5 80 313 2 25 2 75 80 312 2 25 0 1 80 712 2 25 2 125 80 63 2 25 1 15 80 313 2 25 2 175 80 522 2 25 0 2 80 222 2 25 2 225 80 613 2 25 1 25 80 523 2 25 2 275 80 522 2 25 0 3 80 222 2 25 2 325 80 613 2 25 1 35 80 523 2 25 2 375 80
4/4 522 2 25 0 0 80 222 2 25 2 25 80 613 2 25 1 5 80 523 2 25 2 75 80 522 2 25 0 1 80 222 2 25 2 125 80 613 2 25 1 15 80 523 2 25 2 175 80 312 2 25 0 2 80 222 2 25 2 225 80 613 2 25 1 25 80 523 2 25 2 275 80 312 2 25 0 3 80 222 2 25 2 325 80 613 2 25 1 35 80 523 2 25 2 375 80
4/4 312 2 25 0 0 80 222 2 25 2 25 80 613 2 25 1 5 80 523 2 25 2 75 80 312 2 25 0 1 80 222 2 25 2 125 80 613 2 25 1 15 80 523 2 25 2 175 80 21 2 25 0 2 80 612 2 25 2 225 80 523 2 25 1 25 80 612 2 25 2 275 80 21 2 25 0 3 80 612 2 25 2 325 80 523 2 25 1 35 80 612 2 25 2 375 80
4/4 21 2 25 0 0 80 612 2 25 2 25 80 523 2 25 1 5 80 612 2 25 2 75 80 21 2 25 0 1 80 612 2 25 2 125 80 523 2 25 1 15 80 612 2 25 2 175 80 221 2 25 0 2 80 62 2 25 2 225 80 313 2 25 1 25 80 62 2 25 2 275 80 221 2 25 0 3 80 62 2 25 2 325 80 313 2 25 1 35 80 62 2 25 2 375 80
4/4 522 2 25 0 0 80 222 2 25 2 25 80 313 2 25 1 5 80 222 2 25 2 75 80 522 2 25 0 1 80 222 2 25 2 125 80 313 2 25 1 15 80 222 2 25 2 175 80 711 2 25 0 2 80 522 2 25 2 225 80 22 2 25 1 25 80 712 2 25 2 275 80 711 2 25 0 3 80 522 2 25 2 325 80 22 2 25 1 35 80 712 2 25 2 375 80
4/4 711 2 25 0 0 80 522 2 25 2 25 80 22 2 25 1 5 80 712 2 25 2 75 80 711 2 25 0 1 80 522 2 25 2 125 80 22 2 25 1 15 80 712 2 25 2 175 80 311 2 25 0 2 80 312 2 25 2 225 80 312 2 25 1 25 80 712 2 25 2 275 80 313 2 25 0 3 80 712 2 25 2 325 80 312 2 25 1 35 80 712 2 25 2 375 80
4/4 312 2 25 0 0 80 712 2 25 2 25 80 313 2 25 1 5 80 712 2 25 2 75 80 312 2 25 0 1 80 712 2 25 2 125 80 313 2 25 1 15 80 712 2 25 2 175 80 612 2 25 0 2 80 313 2 25 2 225 80 613 2 25 1 25 80 313 2 25 2 275 80 612 2 25 0 3 80 313 2 25 2 325 80 613 2 25 1 35 80 313 2 25 2 375 80
4/4 612 2 25 0 0 80 313 2 25 2 25 80 613 2 25 1 5 80 313 2 25 2 75 80 612 2 25 0 1 80 313 2 25 2 125 80 613 2 25 1 15 80 313 2 25 2 175 80 62 2 25 0 2 80 313 2 25 2 225 80 713 2 25 1 25 80 313 2 25 2 275 80 62 2 25 0 3 80 313 2 25 2 325 80 713 2 25 1 35 80 313 2 25 2 375 80
4/4 312 2 25 0 0 80 712 2 25 2 25 80 63 2 25 1 5 80 313 2 25 2 75 80 312 2 25 0 1 80 712 2 25 2 125 80 63 2 25 1 15 80 313 2 25 2 175 80 522 2 25 0 2 80 222 2 25 2 225 80 613 2 25 1 25 80 523 2 25 2 275 80 522 2 25 0 3 80 222 2 25 2 325 80 613 2 25 1 35 80 523 2 25 2 375 80
4/4 522 2 25 0 0 80 222 2 25 2 25 80 613 2 25 1 5 80 523 2 25 2 75 80 522 2 25 0 1 80 222 2 25 2 125 80 613 2 25 1 15 80 523 2 25 2 175 80 32 2 25 0 2 80 612 2 25 2 225 80 33 2 25 1 25 80 523 2 25 2 275 80 613 2 25 0 3 80 33 2 25 2 325 80 613 2 25 1 35 80 34 2 25 2 375 80
4/4 524 0 2 0 0 80 21 0 1 0 2 80 22 0 1 0 2 80 612 2 25 2 225 80 22 2 25 1 25 80 523 2 25 2 275 80 613 0 1 0 3 80
4/4 221 0 1 0 0 80 222 0 1 0 0 80 221 2 25 1 5 80 222 0 1 2 75 80 313 0 1 2 75 80 711 2 25 0 2 80 522 2 25 2 225 80 712 2 25 1 25 80 22 2 25 2 275 80 523 0 1 0 3 80
4/4 312 0 1 0 0 80 712 0 1 0 0 80 313 0 1 0 0 80 611 2 25 0 2 80 312 2 25 2 225 80 612 2 25 1 25 80 712 2 25 2 275 80 222 2 25 0 3 80 612 2 25 2 325 80 313 2 25 1 35 80 222 2 25 2 375 80
4/4 613 2 25 0 0 80 313 2 25 2 25 80 222 2 25 1 5 80 612 2 25 2 75 80 312 2 25 0 1 80 611 2 25 2 125 80 612 2 25 1 15 80 312 2 25 2 175 80 21 2 25 0 2 80 612 2 25 2 225 80 22 2 25 1 25 80 43 2 25 2 275 80 613 2 25 0 3 80 22 2 25 2 325 80 613 2 25 1 35 80 23 2 25 2 375 80
4/4 612 2 25 0 2 70 313 2 25 2 225 70 613 2 25 1 25 70 313 2 25 2 275 70 612 2 25 0 3 70 313 2 25 2 325 70 613 2 25 1 35 70 313 2 25 2 375 70
4/4 612 2 25 0 0 70 313 2 25 2 25 70 613 2 25 1 5 70 313 2 25 2 75 70 612 2 25 0 1 70 313 2 25 2 125 70 613 2 25 1 15 70 313 2 25 2 175 70 62 2 25 0 2 70 313 2 25 2 225 70 63 2 25 1 25 70 313 2 25 2 275 70 62 2 25 0 3 70 313 2 25 2 325 70 63 2 25 1 35 70 313 2 25 2 375 70
4/4 62 2 25 0 0 70 313 2 25 2 25 70 63 2 25 1 5 70 313 2 25 2 75 70 62 2 25 0 1 70 313 2 25 2 125 70 63 2 25 1 15 70 313 2 25 2 175 70 522 2 25 0 2 70 222 2 25 2 225 70 523 2 25 1 25 70 222 2 25 2 275 70 522 2 25 0 3 70 222 2 25 2 325 70 523 2 25 1 35 70 222 2 25 2 375 70
4/4 312 2 25 0 0 70 222 2 25 2 25 70 313 2 25 1 5 70 222 2 25 2 75 70 312 2 25 0 1 70 222 2 25 2 125 70 313 2 25 1 15 70 222 2 25 2 175 70 21 2 25 0 2 70 612 2 25 2 225 70 523 2 25 1 25 70 612 2 25 2 275 70 21 2 25 0 3 70 612 2 25 2 325 70 523 2 25 1 35 70 612 2 25 2 375 70
4/4 21 2 25 0 0 70 612 2 25 2 25 70 523 2 25 1 5 70 612 2 25 2 75 70 21 2 25 0 1 70 612 2 25 2 125 70 523 2 25 1 15 70 612 2 25 2 175 70 221 2 25 0 2 70 62 2 25 2 225 70 313 2 25 1 25 70 62 2 25 2 275 70 221 2 25 0 3 70 62 2 25 2 325 70 313 2 25 1 35 70 62 2 25 2 375 70
4/4 221 2 25 0 0 70 62 2 25 2 25 70 313 2 25 1 5 70 62 2 25 2 75 70 221 2 25 0 1 70 62 2 25 2 125 70 313 2 25 1 15 70 62 2 25 2 175 70 522 2 25 0 2 70 222 2 25 2 225 70 313 2 25 1 25 70 222 2 25 2 275 70 522 2 25 0 3 70 222 2 25 2 325 70 313 2 25 1 35 70 222 2 25 2 375 70
4/4 522 2 25 0 0 70 222 2 25 2 25 70 313 2 25 1 5 70 222 2 25 2 75 70 522 2 25 0 1 70 222 2 25 2 125 70 313 2 25 1 15 70 222 2 25 2 175 70 711 2 25 0 2 70 522 2 25 2 225 70 22 2 25 1 25 70 712 2 25 2 275 70 711 2 25 0 3 70 522 2 25 2 325 70 22 2 25 1 35 70 712 2 25 2 375 70
4/4 311 2 25 0 0 70 312 2 25 2 25 70 312 2 25 1 5 70 712 2 25 2 75 70 313 2 25 0 1 70 712 2 25 2 125 70 312 2 25 1 15 70 712 2 25 2 175 70 611 2 25 0 2 70 312 2 25 2 225 70 612 2 25 1 25 70 712 2 25 2 275 70 222 2 25 0 3 70 612 2 25 2 325 70 222 2 25 1 35 70 313 2 25 2 375 70
4/4 53 0 1 0 0 70 222 0 1 0 1 70 21 0 1 0 2 80 612 0 1 0 2 80 523 2 175 2 225 80
4/4 21 0 1 0 0 80 612 0 1 0 0 80 523 1 5 0 0 80 612 1 5 1 5 80 22 0 1 0 1 80 523 0 1 0 1 80 21 0 1 0 2 80 62 0 1 0 2 80 712 0 1 0 2 80 313 0 1 2 225 80 712 0 1 1 35 80 313 0 1 1 35 80 63 0 1 1 35 80
4/4 712 0 1 0 0 80 313 0 1 0 0 80 63 0 1 0 0 80 712 1 5 1 5 80 313 0 1 0 1 80 63 0 1 0 1 80 712 1 5 1 15 80 221 0 1 0 2 80 62 0 1 0 2 80 313 2 125 2 225 80 222 0 1 1 35 80 313 0 1 1 35 80 63 0 1 1 35 80 713 0 1 1 35 80
4/4 222 0 1 0 0 80 313 0 1 0 0 80 63 0 1 0 0 80 713 0 1 0 0 80 222 0 1 0 1 80 713 0 1 0 1 80 522 0 2 0 2 80 612 0 1 0 2 80 222 0 1 0 2 80 313 0 1 0 2 80 222 0 1 1 35 80 313 0 1 1 35 80
4/4 522 2 175 0 0 80 222 0 1 0 0 80 313 0 1 0 0 80 612 1 5 1 5 80 222 0 1 0 1 80 313 0 1 0 1 80 711 0 1 0 2 80 522 0 1 0 2 80 712 0 1 2 225 80 22 0 1 2 225 80 712 0 1 1 35 80 22 0 1 1 35 80 523 0 1 1 35 80
4/4 712 0 1 0 0 80 22 0 1 0 0 80 523 0 1 0 0 80 712 1 5 1 5 80 22 0 1 0 1 80 523 0 1 0 1 80 221 0 1 0 2 80 313 0 1 0 2 80 222 0 1 1 35 80 313 0 1 1 35 80 63 0 1 1 35 80
4/4 222 0 1 0 0 80 313 0 1 0 0 80 63 0 1 0 0 80 63 0 1 0 1 80 21 1 5 0 2 80 612 1 5 1 25 80 22 1 5 0 3 80 221 1 5 1 35 80
4/4 221 1 5 0 0 80 62 1 5 1 5 80 222 0 1 0 1 80 712 1 5 0 2 80 523 1 5 1 25 80 713 1 5 0 3 80 23 1 5 1 35 80
4/4 312 1 5 0 0 80 712 1 5 1 5 80 523 0 1 0 1 80 312 1 5 0 2 80 712 1 5 1 25 80 312 1 5 0 3 80 313 1 5 1 35 80
4/4 21 1 5 0 0 80 612 1 5 1 5 80 22 0 1 0 1 80 52 1 5 0 2 80 22 1 5 1 25 80 53 0 1 0 3 80
4/4 612 2 25 0 0 72 313 2 25 2 25 72 613 2 25 1 5 72 313 2 25 2 75 72 612 2 25 0 1 72 313 2 25 2 125 72 613 2 25 1 15 72 313 2 25 2 175 72 612 2 25 0 2 72 313 2 25 2 225 72 613 2 25 1 25 72 313 2 25 2 275 72 612 2 25 0 3 72 313 2 25 2 325 72 613 2 25 1 35 72 313 2 25 2 375 72
4/4 62 2 25 0 0 72 313 2 25 2 25 72 713 2 25 1 5 72 313 2 25 2 75 72 62 2 25 0 1 72 313 2 25 2 125 72 713 2 25 1 15 72 313 2 25 2 175 72 312 2 25 0 2 72 712 2 25 2 225 72 63 2 25 1 25 72 313 2 25 2 275 72 312 2 25 0 3 72 712 2 25 2 325 72 63 2 25 1 35 72 313 2 25 2 375 72
4/4 522 2 25 0 0 72 222 2 25 2 25 72 613 2 25 1 5 72 523 2 25 2 75 72 522 2 25 0 1 72 222 2 25 2 125 72 613 2 25 1 15 72 523 2 25 2 175 72 522 2 25 0 2 72 222 2 25 2 225 72 613 2 25 1 25 72 523 2 25 2 275 72 522 2 25 0 3 72 222 2 25 2 325 72 613 2 25 1 35 72 523 2 25 2 375 72
4/4 312 2 25 0 0 72 222 2 25 2 25 72 613 2 25 1 5 72 523 2 25 2 75 72 312 2 25 0 1 72 222 2 25 2 125 72 613 2 25 1 15 72 523 2 25 2 175 72 312 2 25 0 2 72 222 2 25 2 225 72 613 2 25 1 25 72 523 2 25 2 275 72 312 2 25 0 3 72 222 2 25 2 325 72 613 2 25 1 35 72 523 2 25 2 375 72
4/4 21 2 25 0 0 72 612 2 25 2 25 72 523 2 25 1 5 72 612 2 25 2 75 72 21 2 25 0 1 72 612 2 25 2 125 72 523 2 25 1 15 72 612 2 25 2 175 72 21 2 25 0 2 72 612 2 25 2 225 72 523 2 25 1 25 72 612 2 25 2 275 72 21 2 25 0 3 72 612 2 25 2 325 72 523 2 25 1 35 72 612 2 25 2 375 72
4/4 221 2 25 0 0 72 62 2 25 2 25 72 313 2 25 1 5 72 62 2 25 2 75 72 221 2 25 0 1 72 62 2 25 2 125 72 313 2 25 1 15 72 62 2 25 2 175 72 522 2 25 0 2 72 222 2 25 2 225 72 313 2 25 1 25 72 222 2 25 2 275 72 522 2 25 0 3 72 222 2 25 2 325 72 313 2 25 1 35 72 222 2 25 2 375 72
4/4 711 2 25 0 0 72 522 2 25 2 25 72 22 2 25 1 5 72 712 2 25 2 75 72 711 2 25 0 1 72 522 2 25 2 125 72 22 2 25 1 15 72 712 2 25 2 175 72 711 2 25 0 2 72 522 2 25 2 225 72 22 2 25 1 25 72 712 2 25 2 275 72 711 2 25 0 3 72 522 2 25 2 325 72 22 2 25 1 35 72 712 2 25 2 375 72
4/4 311 2 25 0 0 72 312 2 25 2 25 72 312 2 25 1 5 72 712 2 25 2 75 72 313 2 25 0 1 72 712 2 25 2 125 72 312 2 25 1 15 72 712 2 25 2 175 72 312 2 25 0 2 72 712 2 25 2 225 72 313 2 25 1 25 72 712 2 25 2 275 72 312 2 25 0 3 72 712 2 25 2 325 72 313 2 25 1 35 72 712 2 25 2 375 72
4/4 612 2 25 0 0 72 313 2 25 2 25 72 613 2 25 1 5 72 313 2 25 2 75 72 612 2 25 0 1 72 313 2 25 2 125 72 613 2 25 1 15 72 313 2 25 2 175 72 612 2 25 0 2 72 313 2 25 2 225 72 613 2 25 1 25 72 313 2 25 2 275 72 612 2 25 0 3 72 313 2 25 2 325 72 613 2 25 1 35 72 313 2 25 2 375 72
4/4 62 2 25 0 0 72 313 2 25 2 25 72 713 2 25 1 5 72 313 2 25 2 75 72 62 2 25 0 1 72 313 2 25 2 125 72 713 2 25 1 15 72 313 2 25 2 175 72 312 2 25 0 2 72 712 2 25 2 225 72 63 2 25 1 25 72 313 2 25 2 275 72 312 2 25 0 3 72 712 2 25 2 325 72 63 2 25 1 35 72 313 2 25 2 375 72
4/4 522 2 25 0 0 72 222 2 25 2 25 72 613 2 25 1 5 72 523 2 25 2 75 72 522 2 25 0 1 72 222 2 25 2 125 72 613 2 25 1 15 72 523 2 25 2 175 72 522 2 25 0 2 72 222 2 25 2 225 72 613 2 25 1 25 72 523 2 25 2 275 72 522 2 25 0 3 72 222 2 25 2 325 72 613 2 25 1 35 72 523 2 25 2 375 72
4/4 32 2 25 0 0 72 612 2 25 2 25 72 33 2 25 1 5 72 523 2 25 2 75 72 613 2 25 0 1 72 33 2 25 2 125 72 613 2 25 1 15 72 34 2 25 2 175 72 524 0 2 0 2 72
4/4 21 0 1 0 0 80 22 0 1 0 0 80 612 2 25 2 25 80 22 2 25 1 5 80 523 2 25 2 75 80 613 0 1 0 1 80 221 0 1 0 2 80 222 0 1 0 2 80 221 2 25 1 25 80 222 0 1 2 275 80 313 0 1 2 275 80
4/4 711 2 25 0 0 80 522 2 25 2 25 80 712 2 25 1 5 80 22 2 25 2 75 80 523 0 1 0 1 80 312 0 1 0 2 80 712 0 1 0 2 80 313 0 1 0 2 80
4/4 21 2 25 0 0 80 611 2 25 2 25 80 21 2 25 1 5 80 312 2 25 2 75 80 522 2 25 0 1 80 21 2 25 2 125 80 612 2 25 1 15 80 22 2 25 2 175 80 523 2 25 0 2 80 22 2 25 2 225 80 612 2 25 1 25 80 522 2 25 2 275 80 21 2 25 0 3 80 611 2 25 2 325 80 21 2 25 1 35 80 611 2 25 2 375 80
4/4 221 2 25 0 0 80 61 2 25 2 25 80 312 2 25 1 5 80 221 2 25 2 75 80 62 2 25 0 1 80 221 2 25 2 125 80 62 2 25 1 15 80 222 2 25 2 175 80 313 2 25 0 2 80 222 2 25 2 225 80 62 2 25 1 25 80 312 2 25 2 275 80 221 2 25 0 3 80 61 2 25 2 325 80 221 2 25 1 35 80 221 2 25 2 375 80
4/4 21 2 25 0 0 80 611 2 25 2 25 80 21 2 25 1 5 80 522 2 25 2 75 80 612 2 25 0 1 80 21 2 25 2 125 80 612 2 25 1 15 80 22 2 25 2 175 80 523 2 25 0 2 80 22 2 25 2 225 80 612 2 25 1 25 80 522 2 25 2 275 80 21 2 25 0 3 80 611 2 25 2 325 80 21 2 25 1 35 80 611 2 25 2 375 80
4/4 221 2 25 0 0 80 221 2 25 2 25 80 221 2 25 1 5 80 62 2 25 2 75 80 221 2 25 0 1 80 62 2 25 2 125 80 222 2 25 1 15 80 313 2 25 2 175 80 63 2 25 0 2 80 313 2 25 2 225 80 222 2 25 1 25 80 62 2 25 2 275 80 312 2 25 0 3 80 221 2 25 2 325 80 61 2 25 1 35 80 221 2 25 2 375 80
4/4 21 2 25 0 0 80 611 2 25 2 25 80 21 2 25 1 5 80 522 2 25 2 75 80 612 2 25 0 1 80 21 2 25 2 125 80 612 2 25 1 15 80 22 2 25 2 175 80 523 2 25 0 2 80 22 2 25 2 225 80 612 2 25 1 25 80 522 2 25 2 275 80 21 2 25 0 3 80 611 2 25 2 325 80 21 2 25 1 35 80 611 2 25 2 375 80
4/4 221 2 25 0 0 80 221 2 25 2 25 80 221 2 25 1 5 80 62 2 25 2 75 80 221 2 25 0 1 80 62 2 25 2 125 80 222 2 25 1 15 80 313 2 25 2 175 80 63 2 25 0 2 80 313 2 25 2 225 80 222 2 25 1 25 80 62 2 25 2 275 80 312 2 25 0 3 80 221 2 25 2 325 80 61 2 25 1 35 80 221 2 25 2 375 80
4/4 711 0 1 0 0 80 711 2 375 0 0 80 711 0 1 0 1 80 711 0 1 0 2 80 711 0 1 0 3 80
4/4 711 0 1 0 0 80 711 2 375 0 0 80 711 0 1 0 1 80 711 0 1 0 2 80 711 0 1 0 3 80
4/4 311 0 1 0 0 80 312 0 1 0 0 80 312 0 1 0 1 80 712 0 1 0 1 80 313 0 1 0 1 80 712 0 1 0 2 80 712 0 1 0 3 80
4/4 312 0 1 0 0 80 712 0 1 0 0 80 313 0 1 0 2 80 312 0 1 0 3 80 712 0 1 0 3 80 313 0 1 0 3 80 63 1 5 2 325 80
4/4 612 2 25 0 0 96 313 2 25 2 25 96 613 2 25 1 5 96 313 2 25 2 75 96 612 2 25 0 1 96 313 2 25 2 125 96 613 2 25 1 15 96 313 2 25 2 175 96 612 2 25 0 2 96 313 2 25 2 225 96 613 2 25 1 25 96 313 2 25 2 275 96 612 2 25 0 3 96 313 2 25 2 325 96 613 2 25 1 35 96 313 2 25 2 375 96
4/4 62 2 25 0 0 96 313 2 25 2 25 96 713 2 25 1 5 96 313 2 25 2 75 96 62 2 25 0 1 96 313 2 25 2 125 96 713 2 25 1 15 96 313 2 25 2 175 96 312 2 25 0 2 96 712 2 25 2 225 96 63 2 25 1 25 96 313 2 25 2 275 96 312 2 25 0 3 96 712 2 25 2 325 96 63 2 25 1 35 96 313 2 25 2 375 96
4/4 522 2 25 0 0 96 222 2 25 2 25 96 613 2 25 1 5 96 523 2 25 2 75 96 522 2 25 0 1 96 222 2 25 2 125 96 613 2 25 1 15 96 523 2 25 2 175 96 522 2 25 0 2 96 222 2 25 2 225 96 613 2 25 1 25 96 523 2 25 2 275 96 522 2 25 0 3 96 222 2 25 2 325 96 613 2 25 1 35 96 523 2 25 2 375 96
4/4 312 2 25 0 0 96 222 2 25 2 25 96 613 2 25 1 5 96 523 2 25 2 75 96 312 2 25 0 1 96 222 2 25 2 125 96 613 2 25 1 15 96 523 2 25 2 175 96 312 2 25 0 2 96 222 2 25 2 225 96 613 2 25 1 25 96 523 2 25 2 275 96 312 2 25 0 3 96 222 2 25 2 325 96 613 2 25 1 35 96 523 2 25 2 375 96
4/4 21 2 25 0 0 96 612 2 25 2 25 96 523 2 25 1 5 96 612 2 25 2 75 96 21 2 25 0 1 96 612 2 25 2 125 96 523 2 25 1 15 96 612 2 25 2 175 96 21 2 25 0 2 96 612 2 25 2 225 96 523 2 25 1 25 96 612 2 25 2 275 96 21 2 25 0 3 96 612 2 25 2 325 96 523 2 25 1 35 96 612 2 25 2 375 96
4/4 221 2 25 0 0 96 62 2 25 2 25 96 313 2 25 1 5 96 62 2 25 2 75 96 221 2 25 0 1 96 62 2 25 2 125 96 313 2 25 1 15 96 62 2 25 2 175 96 522 2 25 0 2 96 222 2 25 2 225 96 313 2 25 1 25 96 222 2 25 2 275 96 522 2 25 0 3 96 222 2 25 2 325 96 313 2 25 1 35 96 222 2 25 2 375 96
4/4 711 2 25 0 0 96 522 2 25 2 25 96 22 2 25 1 5 96 712 2 25 2 75 96 711 2 25 0 1 96 522 2 25 2 125 96 22 2 25 1 15 96 712 2 25 2 175 96 711 2 25 0 2 96 522 2 25 2 225 96 22 2 25 1 25 96 712 2 25 2 275 96 711 2 25 0 3 96 522 2 25 2 325 96 22 2 25 1 35 96 712 2 25 2 375 96
4/4 311 2 25 0 0 96 312 2 25 2 25 96 312 2 25 1 5 96 712 2 25 2 75 96 313 2 25 0 1 96 712 2 25 2 125 96 312 2 25 1 15 96 712 2 25 2 175 96 311 2 25 0 2 96 712 2 25 2 225 96 313 2 25 1 25 96 712 2 25 2 275 96 312 2 25 0 3 96 712 2 25 2 325 96 313 2 25 1 35 96 712 2 25 2 375 96
4/4 611 2 25 0 0 96 312 2 25 2 25 96 222 2 25 1 5 96 612 2 25 2 75 96 313 2 25 0 1 96 222 2 25 2 125 96 313 2 25 1 15 96 613 2 25 2 175 96 223 2 25 0 2 96 613 2 25 2 225 96 313 2 25 1 25 96 222 2 25 2 275 96 612 2 25 0 3 96 312 2 25 2 325 96 611 2 25 1 35 96 312 2 25 2 375 96
4/4 61 2 25 0 0 96 312 2 25 2 25 96 712 2 25 1 5 96 62 2 25 2 75 96 313 2 25 0 1 96 62 2 25 2 125 96 313 2 25 1 15 96 63 2 25 2 175 96 713 2 25 0 2 96 63 2 25 2 225 96 313 2 25 1 25 96 222 2 25 2 275 96 62 2 25 0 3 96 312 2 25 2 325 96 61 2 25 1 35 96 312 2 25 2 375 96
4/4 521 2 25 0 0 96 221 2 25 2 25 96 612 2 25 1 5 96 522 2 25 2 75 96 222 2 25 0 1 96 612 2 25 2 125 96 222 2 25 1 15 96 523 2 25 2 175 96 223 2 25 0 2 96 613 2 25 2 225 96 523 2 25 1 25 96 222 2 25 2 275 96 522 2 25 0 3 96 221 2 25 2 325 96 521 2 25 1 35 96 522 2 25 2 375 96
4/4 31 2 25 0 0 80 32 2 25 2 25 80 522 2 25 1 5 80 612 2 25 2 75 80 32 2 25 0 1 80 612 2 25 2 125 80 33 2 25 1 15 80 523 2 25 2 175 80 34 0 2 0 2 80
4/4 21 2 25 0 0 80 612 2 25 2 25 80 22 2 25 1 5 80 523 2 25 2 75 80 613 0 1 0 1 80 221 0 1 0 2 80 222 0 1 0 2 80 221 2 25 1 25 80 222 0 1 2 275 80 313 0 1 2 275 80
4/4 711 2 25 0 0 80 522 2 25 2 25 80 712 2 25 1 5 80 22 2 25 2 75 80 523 0 1 0 1 80 312 0 1 0 2 80 712 0 1 0 2 80 313 0 1 0 2 80
4/4 21 0 1 0 0 80 22 0 1 0 0 80 612 1 5 1 5 80 312 0 1 0 1 80 313 0 1 0 1 80 712 1 5 1 15 80 522 0 1 0 2 80 523 0 1 0 2 80 222 1 5 1 25 80 523 0 1 0 3 80
4/4 21 1 5 0 0 80 612 1 5 1 5 80 43 1 5 0 1 80 22 1 5 1 15 80 613 1 5 0 2 80 43 1 5 1 25 80 23 1 5 0 3 80 613 1 5 1 35 80
4/4 312 1 5 0 0 80 22 1 5 1 5 80 43 1 5 0 1 80 613 1 5 1 15 80 312 0 1 2 175 80 712 0 1 2 175 80 313 0 1 2 175 80 63 0 1 0 2 80 311 0 1 1 35 80 312 0 1 1 35 80
4/4 611 0 1 0 0 80 611 0 1 0 0 80 612 0 1 0 2 80 313 0 1 0 2 80
4/4 613 0 1 0 0 80 314 0 1 0 0 80
