4/4
4/4
4/4
4/4
4/4
4/4
4/4
4/4
4/4
4/4 25 0 1 2 175 49 25 0 1 2 275 49 525 0 1 2 275 49 55 2 75 0 3 49 56 0 1 2 375 49 615 0 1 2 375 49
3/4 75 2 75 0 0 49 76 0 1 2 75 49 225 0 1 2 75 49 25 2 75 0 1 49 76 0 1 2 175 49 25 0 1 2 175 49 15 2 75 0 2 49 616 0 1 2 275 49 715 0 1 2 275 49
3/4 15 2 75 0 0 49 16 0 1 2 75 49 36 0 1 2 75 49 25 2 75 0 1 49 76 0 1 2 175 49 25 0 1 2 175 49 15 2 75 0 2 49 616 0 1 2 275 49 715 0 1 2 275 49
3/4 15 2 75 0 0 49 76 0 1 2 75 49 25 0 1 2 75 49 15 2 75 0 1 49 616 0 1 2 175 49 15 0 1 2 175 49 75 2 75 0 2 49 56 0 1 2 275 49 615 0 1 2 275 49
3/4 75 2 75 0 0 49 46 0 1 2 75 49 715 0 1 2 75 49 15 2 75 0 1 49 46 0 1 2 175 49 615 0 1 2 175 49 75 2 75 0 2 49 76 0 1 2 275 49 225 0 1 2 275 49
3/4 25 2 75 0 0 49 26 0 1 2 75 49 316 0 1 2 75 49 46 2 75 0 1 49 26 0 1 2 175 49 46 0 1 2 175 49 36 2 75 0 2 49 16 0 1 2 275 49 25 0 1 2 275 49
3/4 36 2 75 0 0 49 37 0 1 2 75 49 56 0 1 2 75 49 46 2 75 0 1 49 16 0 1 2 175 49 25 0 1 2 175 49 36 2 75 0 2 49 26 0 1 2 275 49 316 0 1 2 275 49
3/4 46 2 75 0 0 49 76 0 1 2 75 49 225 0 1 2 75 49 25 2 75 0 1 49 16 0 1 2 175 49 25 0 1 2 175 49 36 2 75 0 2 49 616 0 1 2 275 49 715 0 1 2 275 49
3/4 15 2 75 0 0 49 76 0 1 2 75 49 25 0 1 2 75 49 15 2 75 0 1 49 25 0 1 2 175 49 525 0 1 2 175 49 55 2 75 0 2 49 56 0 1 2 275 49 615 0 1 2 275 49
3/4 75 2 75 0 0 49 76 0 1 2 75 49 225 0 1 2 75 49 25 2 75 0 1 49 76 0 1 2 175 49 25 0 1 2 175 49 15 2 75 0 2 49 616 0 1 2 275 49 715 0 1 2 275 49
3/4 15 2 75 0 0 49 16 0 1 2 75 49 36 0 1 2 75 49 25 2 75 0 1 49 76 0 1 2 175 49 25 0 1 2 175 49 15 2 75 0 2 49 616 0 1 2 275 49 715 0 1 2 275 49
3/4 15 2 75 0 0 49 76 0 1 2 75 49 25 0 1 2 75 49 15 2 75 0 1 49 616 0 1 2 175 49 15 0 1 2 175 49 75 2 75 0 2 49 56 0 1 2 275 49 615 0 1 2 275 49
3/4 75 2 75 0 0 58 46 0 1 2 75 62 55 0 1 2 75 62 65 2 75 0 1 66 66 0 1 2 175 70 225 0 1 2 175 70 25 2 75 0 2 75 26 0 1 2 275 79 316 0 1 2 275 79
3/4 46 2 75 0 0 83 47 0 1 2 75 87 56 0 1 2 75 87 66 2 75 0 1 92 47 0 1 2 175 96 56 0 1 2 175 96 66 2 75 0 2 96 37 0 1 2 275 96 526 0 1 2 275 96
3/4 56 2 75 0 0 96 26 0 1 2 75 96 316 0 1 2 75 96 46 2 75 0 1 96 26 0 1 2 175 89 316 0 1 2 175 89 46 2 75 0 2 86 16 0 1 2 275 83 25 0 1 2 275 83
3/4 36 2 75 0 0 79 46 0 1 2 75 76 715 0 1 2 75 76 15 2 75 0 1 73 46 0 1 2 175 69 715 0 1 2 175 69 15 2 75 0 2 66 26 0 1 2 275 62 316 0 1 2 275 62
3/4 46 2 75 0 0 59 16 0 1 2 75 56 25 0 1 2 75 56 36 2 75 0 1 52 76 0 1 2 175 49 225 0 1 2 175 49 25 2 75 0 2 49 26 0 1 2 275 49 316 0 1 2 275 49
3/4 46 2 75 0 0 49 26 0 1 2 75 49 316 0 1 2 75 49 46 2 75 0 1 49 26 0 1 2 175 49 316 0 1 2 175 49 46 2 75 0 2 49 47 0 1 2 275 49 56 0 1 2 275 49
3/4 66 2 75 0 0 49 37 0 1 2 75 49 526 0 1 2 75 49 56 2 75 0 1 49 26 0 1 2 175 49 316 0 1 2 175 49 46 2 75 0 2 49 16 0 1 2 275 49 25 0 1 2 275 49
3/4 36 2 75 0 0 49 46 0 1 2 75 49 715 0 1 2 75 49 15 2 75 0 1 49 46 0 1 2 175 49 715 0 1 2 175 49 15 2 75 0 2 49 46 0 1 2 275 49 225 0 1 2 275 49
3/4 25 2 75 0 0 49 46 0 1 2 75 49 715 0 1 2 75 49 15 2 75 0 1 49 25 0 1 2 175 49 615 0 1 2 175 49 75 1 5 3 2333 49 46 0 1 2 275 49 225 0 1 2 275 49
3/4 46 0 1 0 0 49 225 0 1 0 0 49 25 1 5 3 333 49 26 0 1 2 75 49 316 0 1 2 75 49 46 1 5 3 1333 49 26 0 1 2 175 49 316 0 1 2 175 49 46 1 5 3 2333 49 47 0 1 2 275 49 56 0 1 2 275 49
3/4 47 0 1 0 0 49 56 0 1 0 0 49 66 1 5 3 333 49 37 0 1 2 75 49 526 0 1 2 75 49 56 1 5 3 1333 49 26 0 1 2 175 49 316 0 1 2 175 49 46 1 5 3 2333 49 16 0 1 2 275 49 25 0 1 2 275 49
3/4 16 0 1 0 0 49 25 0 1 0 0 49 36 1 5 3 333 49 46 0 1 2 75 49 715 0 1 2 75 49 15 1 5 3 1333 49 46 0 1 2 175 49 715 0 1 2 175 49 15 1 5 3 2333 49 46 0 1 2 275 49 225 0 1 2 275 49
3/4 46 0 1 0 0 49 225 0 1 0 0 49 25 1 5 3 333 49 46 0 1 2 75 49 715 0 1 2 75 49 15 1 5 3 1333 49 25 0 1 2 175 49 615 0 1 2 175 49 75 1 5 3 2333 51 46 0 1 2 275 52 225 0 1 2 275 52
3/4 46 0 1 0 0 52 225 0 1 0 0 52 25 1 5 3 333 54 76 0 1 2 75 55 316 0 1 2 75 55 46 1 5 3 1333 56 26 0 1 2 175 57 616 0 1 2 175 57 76 1 5 3 2333 58 47 0 1 2 275 59 226 0 1 2 275 59
3/4 47 0 1 0 0 59 226 0 1 0 0 59 26 1 5 3 333 61 77 0 1 2 75 62 317 0 1 2 75 62 47 1 5 3 1333 63 27 0 1 2 175 64 617 0 1 2 175 64 77 1 5 3 2333 62 77 0 1 2 275 60 317 0 1 2 275 60
3/4 77 0 1 0 0 60 317 0 1 0 0 60 47 1 5 3 333 59 47 0 1 2 75 58 226 0 1 2 75 58 26 1 5 3 1333 57 26 0 1 2 175 55 616 0 1 2 175 55 76 1 5 3 2333 54 76 0 1 2 275 53 316 0 1 2 275 53
3/4 76 0 1 0 0 53 316 0 1 0 0 53 46 1 5 3 333 52 46 0 1 2 75 50 225 0 1 2 75 50 25 1 5 3 1333 49 525 2 25 3 1667 49 55 0 1 2 175 49 25 0 1 2 175 49 615 2 25 3 2667 49 75 0 1 2 275 49 56 0 1 2 275 49
3/4 75 0 1 0 0 49 56 0 1 0 0 49 225 2 25 3 667 49 25 0 1 2 75 49 76 0 1 2 75 49 25 2 25 3 1667 49 15 0 1 2 175 49 76 0 1 2 175 49 715 2 25 3 2667 49 15 0 1 2 275 49 616 0 1 2 275 49
3/4 15 0 1 0 0 49 616 0 1 0 0 49 36 2 25 3 667 49 25 0 1 2 75 49 16 0 1 2 75 49 25 2 25 3 1667 49 15 0 1 2 175 49 76 0 1 2 175 49 715 2 25 3 2667 49 15 0 1 2 275 49 616 0 1 2 275 49
3/4 15 0 1 0 0 49 616 0 1 0 0 49 25 2 25 3 667 49 15 0 1 2 75 49 76 0 1 2 75 49 15 2 25 3 1667 49 75 0 1 2 175 49 616 0 1 2 175 49 615 2 25 3 2667 49 75 0 1 2 275 49 56 0 1 2 275 49
3/4 75 0 1 0 0 49 56 0 1 0 0 49 715 2 25 3 667 49 15 0 1 2 75 49 46 0 1 2 75 49 615 2 25 3 1667 49 75 0 1 2 175 49 46 0 1 2 175 49 225 2 25 3 2667 49 25 0 1 2 275 49 76 0 1 2 275 49
3/4 25 0 1 0 0 49 76 0 1 0 0 49 316 2 25 3 667 49 46 0 1 2 75 49 26 0 1 2 75 49 46 2 25 3 1667 49 36 0 1 2 175 49 26 0 1 2 175 49 25 2 25 3 2667 49 36 0 1 2 275 49 16 0 1 2 275 49
3/4 36 0 1 0 0 49 16 0 1 0 0 49 56 2 25 3 667 49 46 0 1 2 75 49 37 0 1 2 75 49 25 2 25 3 1667 49 36 0 1 2 175 49 16 0 1 2 175 49 316 2 25 3 2667 49 46 0 1 2 275 49 26 0 1 2 275 49
3/4 46 0 1 0 0 49 26 0 1 0 0 49 225 2 25 3 667 49 25 0 1 2 75 49 76 0 1 2 75 49 25 2 25 3 1667 49 36 0 1 2 175 49 16 0 1 2 175 49 715 2 25 3 2667 49 15 0 1 2 275 49 616 0 1 2 275 49
3/4 15 0 1 0 0 49 616 0 1 0 0 49 25 2 25 3 667 49 15 0 1 2 75 49 76 0 1 2 75 49 25 0 1 2 175 49 525 0 1 2 175 49 55 1 5 3 2333 49 56 0 1 2 275 49 615 0 1 2 275 49
3/4 56 0 1 0 0 49 615 0 1 0 0 49 75 1 5 3 333 49 76 0 1 2 75 49 225 0 1 2 75 49 25 1 5 3 1333 49 76 0 1 2 175 49 25 0 1 2 175 49 15 1 5 3 2333 49 616 0 1 2 275 49 715 0 1 2 275 49
3/4 616 0 1 0 0 49 715 0 1 0 0 49 15 1 5 3 333 49 16 0 1 2 75 53 36 0 1 2 75 53 25 1 5 3 1333 55 76 0 1 2 175 57 25 0 1 2 175 57 15 1 5 3 2333 59 616 0 1 2 275 61 715 0 1 2 275 61
3/4 616 0 1 0 0 61 715 0 1 0 0 61 15 1 5 3 333 63 76 0 1 2 75 65 25 0 1 2 75 65 15 1 5 3 1333 67 616 0 1 2 175 69 15 0 1 2 175 69 75 1 5 3 2333 71 56 0 1 2 275 74 615 0 1 2 275 74
3/4 56 0 1 0 0 74 615 0 1 0 0 74 75 1 5 3 333 76 46 0 1 2 75 78 55 0 1 2 75 78 65 1 5 3 1333 80 66 0 1 2 175 82 225 0 1 2 175 82 25 1 5 3 2333 84 26 0 1 2 275 86 316 0 1 2 275 86
3/4 26 0 1 0 0 86 316 0 1 0 0 86 46 1 5 3 333 88 47 0 1 2 75 90 56 0 1 2 75 90 66 1 5 3 1333 92 38 0 1 3 1667 94 77 0 1 3 1667 94 57 0 1 3 1667 94 58 1 5 2 175 96
3/4 26 0 1 3 1667 96 56 0 1 3 1667 96 25 0 1 3 1667 96 27 1 5 2 175 96
3/4 26 0 1 3 1667 96 526 0 1 3 1667 96 25 0 1 3 1667 96 27 1 5 2 175 96
3/4 25 0 1 2 225 49 55 0 1 2 225 49 715 3 333 1 25 49 25 2 25 2 275 49
3/4 26 0 1 2 25 49 56 0 1 2 25 49 716 3 333 1 5 49 26 2 25 2 75 49 27 0 1 2 125 49 57 0 1 2 125 49 717 3 333 1 15 49 26 2 25 2 175 49 27 0 1 2 225 49 57 0 1 2 225 49 617 3 333 1 25 49 26 2 25 2 275 49
3/4 26 0 1 2 25 49 526 0 1 2 25 49 616 3 333 1 5 49 25 2 25 2 75 49 25 0 1 2 125 49 525 0 1 2 125 49 615 3 333 1 15 49 714 0 1 2 175 49 715 0 1 2 225 49 315 0 1 2 225 49 55 3 333 1 25 49 715 2 25 2 275 49
3/4 716 0 1 2 25 49 316 0 1 2 25 49 56 3 333 1 5 49 16 2 25 2 75 49 17 0 1 2 125 49 317 0 1 2 125 49 57 3 333 1 15 49 16 2 25 2 175 49 17 0 1 2 225 49 37 0 1 2 225 49 527 3 333 1 25 49 16 2 25 2 275 49
3/4 16 0 1 2 25 49 36 0 1 2 25 49 526 3 333 1 5 49 15 2 25 2 75 49 715 0 1 2 125 49 35 0 1 2 125 49 525 3 333 1 15 49 714 2 25 2 175 49 55 0 1 2 225 49 14 0 1 2 225 49 315 3 333 1 25 49 55 2 25 2 275 49
3/4 56 0 1 2 25 49 15 0 1 2 25 49 316 3 333 1 5 49 56 2 25 2 75 49 57 0 1 2 125 49 16 0 1 2 125 49 317 3 333 1 15 49 57 2 25 2 175 49 58 0 1 2 225 49 17 0 1 2 225 49 318 3 333 1 25 49 57 2 25 2 275 49
3/4 27 0 1 2 25 49 57 0 1 2 25 49 717 3 333 1 5 49 26 2 25 2 75 49 717 0 1 2 125 49 26 0 1 2 125 49 57 3 333 1 15 49 716 2 25 2 175 49 527 0 1 2 225 49 716 0 1 2 225 49 26 3 333 1 25 49 526 2 25 2 275 49
3/4 26 0 1 2 25 49 526 0 1 2 25 49 716 3 333 1 5 49 75 2 25 2 75 49 76 0 1 2 125 49 225 0 1 2 125 49 526 3 333 1 15 49 715 2 25 2 175 49 716 0 1 2 225 49 25 0 1 2 225 49 526 3 333 1 25 49 525 2 25 2 275 49
3/4 526 0 1 2 25 49 715 0 1 2 25 49 25 3 333 1 5 49 24 2 25 2 75 49 25 0 1 2 125 49 525 0 1 2 125 49 615 3 333 1 15 49 24 0 1 2 175 49 25 0 1 2 225 49 55 0 1 2 225 49 715 3 333 1 25 49 25 2 25 2 275 49
3/4 26 0 1 2 25 49 56 0 1 2 25 49 716 3 333 1 5 49 26 2 25 2 75 49 27 0 1 2 125 49 57 0 1 2 125 49 717 3 333 1 15 49 26 2 25 2 175 49 27 0 1 2 225 49 57 0 1 2 225 49 617 3 333 1 25 49 26 2 25 2 275 49
3/4 26 0 1 2 25 49 526 0 1 2 25 49 616 3 333 1 5 49 25 2 25 2 75 49 25 0 1 2 125 49 525 0 1 2 125 49 615 3 333 1 15 49 714 0 1 2 175 49 715 0 1 2 225 49 315 0 1 2 225 49 55 3 333 1 25 49 715 2 25 2 275 49
3/4 716 0 1 2 25 49 316 0 1 2 25 49 56 3 333 1 5 49 16 2 25 2 75 49 17 0 1 2 125 49 317 0 1 2 125 49 57 3 333 1 15 49 16 2 25 2 175 49 17 0 1 2 225 49 37 0 1 2 225 49 527 3 333 1 25 49 16 2 25 2 275 49
3/4 16 0 1 2 25 49 36 0 1 2 25 49 526 3 333 1 5 49 15 2 25 2 75 49 715 0 1 2 125 49 35 0 1 2 125 49 525 3 333 1 15 49 714 2 25 2 175 49 315 0 1 2 225 49 714 0 1 2 225 49 224 3 333 1 25 49 55 2 25 2 275 49
3/4 56 0 1 2 25 49 715 0 1 2 25 49 225 3 333 1 5 49 56 2 25 2 75 49 57 0 1 2 125 49 716 0 1 2 125 49 226 3 333 1 15 49 526 2 25 2 175 49 527 0 1 2 225 49 716 0 1 2 225 49 26 3 333 1 25 49 526 2 25 2 275 49
3/4 526 0 1 2 25 49 715 0 1 2 25 49 25 3 333 1 5 49 525 2 25 2 75 49 55 0 1 2 125 49 316 0 1 2 125 49 55 3 667 2 125 49 225 3 333 1 15 49 315 2 25 2 175 49 525 0 1 2 225 49 316 0 1 2 225 49 525 3 667 2 225 49 715 3 333 1 25 49 24 2 25 2 275 49
3/4 525 0 1 2 25 49 25 0 1 2 25 49 525 3 667 2 25 49 715 3 333 1 5 49 224 2 25 2 75 49 315 0 1 2 125 49 225 0 1 2 125 49 315 3 667 2 125 49 75 3 333 1 15 49 224 2 25 2 175 49 315 0 1 2 225 49 225 0 1 2 225 49 315 3 667 2 225 49 525 3 333 1 25 49 224 2 25 2 275 49
3/4 24 0 1 2 25 49 715 0 1 2 25 49 24 3 667 2 25 49 525 3 333 1 5 49 714 2 25 2 75 49 24 0 1 2 125 49 715 0 1 2 125 49 24 3 667 2 125 49 525 3 333 1 15 49 54 2 25 2 175 49 525 0 1 2 225 49 614 0 1 2 225 49 315 3 333 1 25 49 55 2 25 2 275 49
3/4 526 0 1 2 25 49 615 0 1 2 25 49 316 3 333 1 5 49 56 2 25 2 75 49 527 0 1 2 125 49 616 0 1 2 125 49 317 3 333 1 15 49 56 2 25 2 175 49 317 0 1 2 225 49 716 0 1 2 225 49 26 3 333 1 25 49 56 2 25 2 275 49
3/4 316 0 1 2 25 49 715 0 1 2 25 49 25 3 333 1 5 49 55 2 25 2 75 49 56 0 1 2 125 49 715 0 1 2 125 49 316 3 333 1 15 49 55 2 25 2 175 49 25 0 1 2 225 49 55 0 1 2 225 49 715 3 333 1 25 49 315 2 25 2 275 49
3/4 24 0 1 2 25 49 54 0 1 2 25 49 714 3 333 1 5 49 23 2 25 2 75 49 24 0 1 2 125 49 524 0 1 2 125 49 14 3 333 1 15 49 23 2 25 2 175 49 14 0 1 2 225 49 54 0 1 2 225 49 714 3 333 1 25 49 24 2 25 2 275 49
3/4 15 0 1 2 25 49 55 0 1 2 25 49 715 3 333 1 5 49 25 2 25 2 75 49 16 0 1 2 125 49 56 0 1 2 125 49 716 3 333 1 15 49 55 2 25 2 175 49 526 0 1 2 225 49 615 0 1 2 225 49 316 3 333 1 25 49 56 2 25 2 275 49
3/4 527 0 1 2 25 49 616 0 1 2 25 49 317 3 333 1 5 49 57 2 25 2 75 49 528 0 1 2 125 49 617 0 1 2 125 49 318 3 333 1 15 49 57 2 25 2 175 49 318 0 1 2 225 49 717 0 1 2 225 49 27 3 333 1 25 49 57 2 25 2 275 49
3/4 317 0 1 2 25 49 716 0 1 2 25 49 26 3 333 1 5 49 56 2 25 2 75 49 57 0 1 2 125 49 716 0 1 2 125 49 317 3 333 1 15 49 56 2 25 2 175 49 26 0 1 2 225 49 56 0 1 2 225 49 716 3 333 1 25 49 316 2 25 2 275 49
3/4 25 0 1 2 25 49 55 0 1 2 25 49 715 3 333 1 5 49 24 2 25 2 75 49 25 0 1 2 125 49 525 0 1 2 125 49 15 3 333 1 15 49 24 2 25 2 175 49 15 0 1 2 225 49 55 0 1 2 225 49 715 3 333 1 25 49 25 2 25 2 275 49
3/4 16 0 1 2 25 49 56 0 1 2 25 49 716 3 333 1 5 49 25 2 25 2 75 49 15 0 1 2 125 49 55 0 1 2 125 49 715 3 333 1 15 49 35 0 1 2 175 49 715 0 1 2 225 49 55 0 1 2 225 49 615 3 333 1 25 49 24 2 25 2 275 49
3/4 24 2 75 0 0 49 715 0 1 2 25 49 55 0 1 2 25 49 615 3 333 1 5 49 14 0 1 2 75 49 715 0 1 2 125 52 55 0 1 2 125 52 615 3 333 1 15 54 36 0 1 2 175 55 716 0 1 2 225 57 56 0 1 2 225 57 616 3 333 1 25 58 25 2 25 2 275 60
3/4 25 2 75 0 0 60 716 0 1 2 25 61 56 0 1 2 25 61 616 3 333 1 5 63 15 0 1 2 75 64 716 0 1 2 125 66 56 0 1 2 125 66 616 3 333 1 15 67 225 2 25 2 175 69 716 0 1 2 225 70 56 0 1 2 225 70 616 3 333 1 25 72 226 2 25 2 275 73
3/4 717 0 1 2 25 75 57 0 1 2 25 75 617 3 333 1 5 76 226 2 25 2 75 78 318 0 1 2 125 79 57 0 1 2 125 79 617 3 333 1 15 81 26 2 25 2 175 82 27 0 1 2 225 84 527 0 1 2 225 84 617 3 333 1 25 85 26 2 25 2 275 87
3/4 26 0 1 2 25 88 526 0 1 2 25 88 616 3 333 1 5 90 25 2 25 2 75 91 25 0 1 2 125 93 525 0 1 2 125 93 615 3 333 1 15 94 714 2 25 2 175 96 25 0 1 2 225 96 45 0 1 2 225 96 65 3 333 1 25 96 716 2 25 2 275 96
3/4 27 0 1 2 25 96 47 0 1 2 25 96 67 3 333 1 5 96 76 2 25 2 75 96 227 0 1 2 125 96 317 0 1 2 125 96 57 3 333 1 15 96 76 2 25 2 175 96 227 0 1 2 225 96 317 0 1 2 225 96 57 3 333 1 25 96 76 2 25 2 275 96
3/4 226 0 1 2 25 96 316 0 1 2 25 96 56 3 333 1 5 96 615 2 25 2 75 96 16 0 1 2 125 96 36 0 1 2 125 96 526 3 333 1 15 96 615 2 25 2 175 96 16 0 1 2 225 96 36 0 1 2 225 96 526 3 333 1 25 96 616 2 25 2 275 96
3/4 17 0 1 2 25 96 37 0 1 2 25 96 527 3 333 1 5 96 66 2 25 2 75 96 717 0 1 2 125 96 26 0 1 2 125 96 47 3 333 1 15 96 66 2 25 2 175 96 717 0 1 2 225 96 26 0 1 2 225 96 47 3 333 1 25 96 66 2 25 2 275 96
3/4 716 0 1 2 25 96 25 0 1 2 25 96 46 3 333 1 5 96 55 2 25 2 75 96 76 0 1 2 125 96 25 0 1 2 125 96 316 3 333 1 15 96 55 0 1 2 175 96 56 0 1 2 225 96 25 0 1 2 225 96 316 3 333 1 25 96 615 2 25 2 275 96
3/4 615 2 75 0 0 96 616 0 1 2 25 96 25 0 1 2 25 96 316 3 333 1 5 96 75 0 1 2 75 96 76 0 1 2 125 96 25 0 1 2 125 96 316 3 333 1 15 96 75 0 1 2 175 96 76 0 1 2 225 96 25 0 1 2 225 96 316 3 333 1 25 96 615 2 25 2 275 96
3/4 615 2 75 0 0 96 616 0 1 2 25 96 25 0 1 2 25 96 316 3 333 1 5 96 55 0 1 2 75 96 56 0 1 2 125 96 25 0 1 2 125 96 316 3 333 1 15 96 55 0 1 2 175 96 56 0 1 2 225 96 25 0 1 2 225 96 316 3 333 1 25 96 55 2 25 2 275 96
3/4 55 2 75 0 0 96 56 0 1 2 25 90 225 0 1 2 25 90 316 3 333 1 5 87 55 0 1 2 75 84 56 0 1 2 125 81 225 0 1 2 125 81 36 3 333 1 15 78 55 0 1 2 175 75 56 0 1 2 225 73 15 0 1 2 225 73 36 3 333 1 25 70 525 2 25 2 275 67
3/4 525 2 75 0 0 67 526 0 1 2 25 64 15 0 1 2 25 64 25 3 333 1 5 61 24 0 1 2 75 58 25 0 1 2 125 55 525 0 1 2 125 55 15 3 333 1 15 52 24 0 1 2 175 49 25 0 1 0 2 49 55 0 1 0 2 49 715 3 333 3 2333 49 25 2 25 3 2667 49 26 0 1 2 275 49 56 0 1 2 275 49
3/4 716 3 333 0 0 49 26 3 333 3 333 49 27 0 1 3 667 49 57 0 1 3 667 49 717 2 25 2 75 49 26 3 333 0 1 49 27 0 1 3 1333 49 57 0 1 3 1333 49 717 2 25 3 1667 49 26 2 25 2 175 49 27 0 1 0 2 49 527 0 1 0 2 49 617 3 333 3 2333 49 26 2 25 3 2667 49 26 0 1 2 275 49 526 0 1 2 275 49
3/4 616 3 333 0 0 49 25 3 333 3 333 49 25 0 1 3 667 49 525 0 1 3 667 49 615 2 25 2 75 49 24 2 75 0 1 49 25 0 1 3 1333 49 525 0 1 3 1333 49 615 2 25 3 1667 49 714 0 1 2 175 49 715 0 1 0 2 49 315 0 1 0 2 49 55 3 333 3 2333 49 715 2 25 3 2667 49 716 0 1 2 275 49 316 0 1 2 275 49
3/4 56 3 333 0 0 49 716 3 333 3 333 49 717 0 1 3 667 49 317 0 1 3 667 49 57 2 25 2 75 49 16 3 333 0 1 49 17 0 1 3 1333 49 317 0 1 3 1333 49 57 2 25 3 1667 49 16 2 25 2 175 49 17 0 1 0 2 49 37 0 1 0 2 49 527 3 333 3 2333 49 16 2 25 3 2667 49 16 0 1 2 275 49 36 0 1 2 275 49
3/4 526 3 333 0 0 49 15 3 333 3 333 49 15 0 1 3 667 49 35 0 1 3 667 49 525 2 25 2 75 49 714 2 75 0 1 49 715 0 1 3 1333 49 35 0 1 3 1333 49 525 2 25 3 1667 49 714 2 25 2 175 49 55 0 1 0 2 49 14 0 1 0 2 49 315 3 333 3 2333 49 55 2 25 3 2667 49 56 0 1 2 275 49 15 0 1 2 275 49
3/4 316 3 333 0 0 49 56 3 333 3 333 49 57 0 1 3 667 49 16 0 1 3 667 49 317 2 25 2 75 49 57 3 333 0 1 49 58 0 1 3 1333 49 17 0 1 3 1333 49 318 2 25 3 1667 49 57 2 25 2 175 49 58 0 1 0 2 49 717 0 1 0 2 49 27 3 333 3 2333 49 57 2 25 3 2667 49 27 0 1 2 275 49 57 0 1 2 275 49
3/4 717 3 333 0 0 49 26 3 333 3 333 49 717 0 1 3 667 49 26 0 1 3 667 49 57 2 25 2 75 49 716 3 333 0 1 49 57 0 1 3 1333 49 716 0 1 3 1333 49 26 2 25 3 1667 49 526 2 25 2 175 49 527 0 1 0 2 49 716 0 1 0 2 49 26 3 333 3 2333 49 526 2 25 3 2667 49 26 0 1 2 275 49 526 0 1 2 275 49
3/4 716 3 333 0 0 49 25 3 333 3 333 49 716 0 1 3 667 49 25 0 1 3 667 49 526 2 75 2 75 49 75 3 333 0 1 49 76 0 1 3 1333 49 225 0 1 3 1333 49 526 2 25 3 1667 49 715 2 25 2 175 49 716 0 1 0 2 49 25 0 1 0 2 49 526 3 333 3 2333 49 715 2 25 3 2667 49 526 0 1 2 275 49 715 0 1 2 275 49
3/4 25 3 333 0 0 49 525 3 333 3 333 49 25 0 1 3 667 49 525 0 1 3 667 49 715 2 75 2 75 49 24 3 333 0 1 49 25 0 1 3 1333 49 525 0 1 3 1333 49 615 2 25 3 1667 49 24 0 1 2 175 49 25 0 1 0 2 49 55 0 1 0 2 49 715 3 333 3 2333 49 25 2 25 3 2667 49 26 0 1 2 275 49 56 0 1 2 275 49
3/4 716 3 333 0 0 49 26 3 333 3 333 49 27 0 1 3 667 49 57 0 1 3 667 49 717 2 25 2 75 49 26 3 333 0 1 49 27 0 1 3 1333 49 57 0 1 3 1333 49 717 2 25 3 1667 49 26 2 25 2 175 49 27 0 1 0 2 49 527 0 1 0 2 49 617 3 333 3 2333 49 26 2 25 3 2667 49 26 0 1 2 275 49 526 0 1 2 275 49
3/4 616 3 333 0 0 49 25 3 333 3 333 49 25 0 1 3 667 49 525 0 1 3 667 49 615 2 25 2 75 49 24 2 75 0 1 49 25 0 1 3 1333 49 525 0 1 3 1333 49 615 2 25 3 1667 49 714 0 1 2 175 49 715 0 1 0 2 49 315 0 1 0 2 49 55 3 333 3 2333 49 715 2 25 3 2667 49 716 0 1 2 275 49 316 0 1 2 275 49
3/4 56 3 333 0 0 49 716 3 333 3 333 49 717 0 1 3 667 49 317 0 1 3 667 49 57 2 25 2 75 49 16 3 333 0 1 49 17 0 1 3 1333 49 317 0 1 3 1333 49 57 2 25 3 1667 49 16 2 25 2 175 49 17 0 1 0 2 49 37 0 1 0 2 49 527 3 333 3 2333 49 16 2 25 3 2667 49 16 0 1 2 275 49 36 0 1 2 275 49
3/4 526 3 333 0 0 49 15 3 333 3 333 49 15 0 1 3 667 49 35 0 1 3 667 49 525 2 25 2 75 49 714 2 75 0 1 49 715 0 1 3 1333 49 35 0 1 3 1333 49 525 2 25 3 1667 49 714 2 25 2 175 49 55 0 1 0 2 49 14 0 1 0 2 49 315 3 333 3 2333 49 55 2 25 3 2667 49 56 0 1 2 275 49 15 0 1 2 275 49
3/4 316 3 333 0 0 49 56 3 333 3 333 49 57 0 1 3 667 49 16 0 1 3 667 49 317 2 25 2 75 49 57 3 333 0 1 49 58 0 1 3 1333 49 17 0 1 3 1333 49 318 2 25 3 1667 49 57 2 25 2 175 49 58 0 1 0 2 49 717 0 1 0 2 49 27 3 333 3 2333 49 57 2 25 3 2667 49 27 0 1 2 275 49 57 0 1 2 275 49
3/4 717 3 333 0 0 49 26 3 333 3 333 49 717 0 1 3 667 49 26 0 1 3 667 49 57 2 25 2 75 49 716 3 333 0 1 49 57 0 1 3 1333 49 716 0 1 3 1333 49 26 2 25 3 1667 49 56 2 25 2 175 49 26 0 1 0 2 49 56 0 1 0 2 49 716 3 333 3 2333 49 25 2 25 3 2667 49 716 0 1 2 275 49 25 0 1 2 275 49
3/4 56 3 333 0 0 49 715 3 333 3 333 49 56 0 1 3 667 49 715 0 1 3 667 49 25 2 25 2 75 49 55 3 333 0 1 49 25 0 1 3 1333 49 55 0 1 3 1333 49 715 2 25 3 1667 49 24 2 25 2 175 49 25 0 1 0 2 49 55 0 1 0 2 49 715 3 333 3 2333 49 24 2 25 3 2667 49 25 0 1 2 275 49 55 0 1 2 275 49
3/4 715 3 333 0 0 49 24 3 333 3 333 49 25 0 1 3 667 49 55 0 1 3 667 49 715 2 25 2 75 49 24 3 333 0 1 49 25 0 1 3 1333 49 55 0 1 3 1333 49 715 2 25 3 1667 49 24 2 25 2 175 49 25 0 1 0 2 46 55 0 1 0 2 46 715 3 333 3 2333 45 24 2 25 3 2667 44 25 0 1 2 275 42 55 0 1 2 275 42
3/4 715 3 333 0 0 41 24 3 333 3 333 40 25 0 1 3 667 38 55 0 1 3 667 38 715 2 25 2 75 37 24 3 333 0 1 36 25 0 1 3 1333 34 55 0 1 3 1333 34 715 2 25 3 1667 33 25 0 1 2 175 49 75 0 1 2 175 49 525 0 1 2 175 49 55 2 75 0 2 49 56 0 1 2 275 49 25 0 1 2 275 49 615 0 1 2 275 49
3/4 75 2 75 0 0 49 76 0 1 2 75 49 56 0 1 2 75 49 225 0 1 2 75 49 25 2 75 0 1 49 76 0 1 2 175 49 36 0 1 2 175 49 25 0 1 2 175 49 15 2 75 0 2 49 616 0 1 2 275 49 36 0 1 2 275 49 715 0 1 2 275 49
3/4 15 2 75 0 0 49 16 0 1 2 75 49 616 0 1 2 75 49 36 0 1 2 75 49 25 2 75 0 1 49 76 0 1 2 175 49 526 0 1 2 175 49 25 0 1 2 175 49 15 2 75 0 2 49 616 0 1 2 275 49 526 0 1 2 275 49 715 0 1 2 275 49
3/4 15 2 75 0 0 49 76 0 1 2 75 49 526 0 1 2 75 49 25 0 1 2 75 49 15 2 75 0 1 49 616 0 1 2 175 49 25 0 1 2 175 49 15 0 1 2 175 49 75 2 75 0 2 49 56 0 1 2 275 49 25 0 1 2 275 49 615 0 1 2 275 49
3/4 75 2 75 0 0 49 46 0 1 2 75 49 36 0 1 2 75 49 715 0 1 2 75 49 15 2 75 0 1 49 46 0 1 2 175 49 25 0 1 2 175 49 615 0 1 2 175 49 75 2 75 0 2 49 76 0 1 2 275 49 46 0 1 2 275 49 225 0 1 2 275 49
3/4 25 2 75 0 0 49 26 0 1 2 75 49 76 0 1 2 75 49 316 0 1 2 75 49 46 2 75 0 1 49 26 0 1 2 175 49 56 0 1 2 175 49 46 0 1 2 175 49 36 2 75 0 2 49 16 0 1 2 275 49 56 0 1 2 275 49 25 0 1 2 275 49
3/4 36 2 75 0 0 49 37 0 1 2 75 49 16 0 1 2 75 49 56 0 1 2 75 49 46 2 75 0 1 49 16 0 1 2 175 49 616 0 1 2 175 49 25 0 1 2 175 49 36 2 75 0 2 49 26 0 1 2 275 49 616 0 1 2 275 49 316 0 1 2 275 49
3/4 46 2 75 0 0 49 76 0 1 2 75 49 56 0 1 2 75 49 225 0 1 2 75 49 25 2 75 0 1 49 16 0 1 2 175 49 56 0 1 2 175 49 25 0 1 2 175 49 36 2 75 0 2 49 616 0 1 2 275 49 56 0 1 2 275 49 715 0 1 2 275 49
3/4 15 2 75 0 0 49 76 0 1 2 75 49 526 0 1 2 75 49 25 0 1 2 75 49 15 2 75 0 1 49 25 0 1 2 175 49 75 0 1 2 175 49 525 0 1 2 175 49 55 2 75 0 2 49 56 0 1 2 275 49 25 0 1 2 275 49 615 0 1 2 275 49
3/4 75 2 75 0 0 49 76 0 1 2 75 49 56 0 1 2 75 49 225 0 1 2 75 49 25 2 75 0 1 49 76 0 1 2 175 49 36 0 1 2 175 49 25 0 1 2 175 49 15 2 75 0 2 49 616 0 1 2 275 49 36 0 1 2 275 49 715 0 1 2 275 49
3/4 15 2 75 0 0 49 16 0 1 2 75 49 616 0 1 2 75 49 36 0 1 2 75 49 25 2 75 0 1 49 76 0 1 2 175 49 526 0 1 2 175 49 25 0 1 2 175 49 15 2 75 0 2 49 616 0 1 2 275 49 526 0 1 2 275 49 715 0 1 2 275 49
3/4 15 2 75 0 0 49 76 0 1 2 75 49 526 0 1 2 75 49 25 0 1 2 75 49 15 2 75 0 1 49 616 0 1 2 175 49 25 0 1 2 175 49 15 0 1 2 175 49 75 2 75 0 2 49 56 0 1 2 275 49 25 0 1 2 275 49 615 0 1 2 275 49
3/4 75 2 75 0 0 49 46 0 1 2 75 49 25 0 1 2 75 49 55 0 1 2 75 49 65 2 75 0 1 49 66 0 1 2 175 49 46 0 1 2 175 49 225 0 1 2 175 49 25 1 5 3 2333 58 26 0 1 2 275 62 66 0 1 2 275 62 316 0 1 2 275 62
3/4 26 0 1 0 0 62 66 0 1 0 0 62 316 0 1 0 0 62 46 1 5 3 333 67 47 0 1 2 75 71 26 0 1 2 75 71 56 0 1 2 75 71 66 1 5 3 1333 76 47 0 1 2 175 96 26 0 1 2 175 96 56 0 1 2 175 96 66 1 5 3 2333 82 37 0 1 2 275 76 16 0 1 2 275 76 526 0 1 2 275 76
3/4 37 0 1 0 0 76 16 0 1 0 0 76 526 0 1 0 0 76 56 1 5 3 333 69 26 0 1 2 75 62 76 0 1 2 75 62 526 0 1 2 75 62 56 1 5 3 1333 55 26 0 1 2 175 60 76 0 1 2 175 60 526 0 1 2 175 60 56 1 5 3 2333 63 16 0 1 2 275 65 616 0 1 2 275 65 526 0 1 2 275 65
3/4 16 0 1 0 0 65 616 0 1 0 0 65 526 0 1 0 0 65 56 1 5 3 333 68 26 0 1 2 75 70 76 0 1 2 75 70 526 0 1 2 75 70 56 1 5 3 1333 73 47 0 1 2 175 67 16 0 1 2 175 67 526 0 1 2 175 67 56 1 5 3 2333 64 37 0 1 2 275 61 16 0 1 2 275 61 526 0 1 2 275 61
3/4 37 0 1 0 0 61 16 0 1 0 0 61 526 0 1 0 0 61 56 1 5 3 333 58 526 0 1 2 75 55 25 0 1 2 75 55 715 0 1 2 75 55 15 1 5 3 1333 52 56 0 1 2 175 49 25 0 1 2 175 49 615 0 1 2 175 49 75 2 75 0 2 49 76 0 1 2 275 49 56 0 1 2 275 49 225 0 1 2 275 49
3/4 25 2 75 0 0 49 76 0 1 2 75 49 56 0 1 2 75 49 225 0 1 2 75 49 25 2 75 0 1 49 76 0 1 2 175 49 56 0 1 2 175 49 225 0 1 2 175 49 25 2 75 0 2 49 16 0 1 2 275 49 56 0 1 2 275 49 25 0 1 2 275 49
3/4 36 2 75 0 0 49 76 0 1 2 75 49 56 0 1 2 75 49 225 0 1 2 75 49 25 2 75 0 1 49 76 0 1 2 175 49 225 0 1 2 175 49 25 2 75 0 2 49 616 0 1 2 275 49 25 0 1 2 275 49 715 0 1 2 275 49
3/4 15 2 75 0 0 49 25 0 1 2 75 49 225 0 1 2 75 49 65 0 1 2 75 49 615 2 75 0 1 49 25 0 1 2 175 49 15 0 1 2 175 49 65 0 1 2 175 49 615 2 75 0 2 49 25 0 1 2 275 49 15 0 1 2 275 49 615 0 1 2 275 49
3/4 75 2 75 0 0 49 25 0 1 2 75 49 15 0 1 2 75 49 65 0 1 2 75 49 615 2 75 0 1 49 56 0 1 2 175 49 25 0 1 2 175 49 615 0 1 2 175 49 75 1 5 3 2333 49 76 0 1 2 275 49 56 0 1 2 275 49 225 0 1 2 275 49
3/4 76 0 1 0 0 49 56 0 1 0 0 49 225 0 1 0 0 49 25 1 5 3 333 49 76 0 1 2 75 49 56 0 1 2 75 49 225 0 1 2 75 49 25 1 5 3 1333 49 76 0 1 2 175 49 56 0 1 2 175 49 225 0 1 2 175 49 25 1 5 3 2333 49 16 0 1 2 275 49 56 0 1 2 275 49 25 0 1 2 275 49
3/4 16 0 1 0 0 49 56 0 1 0 0 49 25 0 1 0 0 49 36 1 5 3 333 49 76 0 1 2 75 49 56 0 1 2 75 49 225 0 1 2 75 49 25 1 5 3 1333 49 76 0 1 2 175 49 225 0 1 2 175 49 25 1 5 3 2333 49 616 0 1 2 275 49 25 0 1 2 275 49 715 0 1 2 275 49
3/4 616 0 1 0 0 49 25 0 1 0 0 49 715 0 1 0 0 49 15 1 5 3 333 49 25 0 1 2 75 49 225 0 1 2 75 49 65 0 1 2 75 49 615 1 5 3 1333 49 25 0 1 2 175 49 15 0 1 2 175 49 65 0 1 2 175 49 615 1 5 3 2333 49 25 0 1 2 275 49 15 0 1 2 275 49 615 0 1 2 275 49
3/4 25 0 1 0 0 49 15 0 1 0 0 49 615 0 1 0 0 49 75 1 5 3 333 49 25 0 1 2 75 49 15 0 1 2 75 49 65 0 1 2 75 49 615 1 5 3 1333 49 25 0 1 2 175 49 75 0 1 2 175 49 525 0 1 2 175 49 55 1 5 3 2333 58 56 0 1 2 275 63 25 0 1 2 275 63 615 0 1 2 275 63
3/4 56 0 1 0 0 63 25 0 1 0 0 63 615 0 1 0 0 63 75 1 5 3 333 67 76 0 1 2 75 72 56 0 1 2 75 72 225 0 1 2 75 72 25 1 5 3 1333 76 26 0 1 2 175 81 76 0 1 2 175 81 526 0 1 2 175 81 56 1 5 3 2333 85 57 0 1 2 275 90 26 0 1 2 275 90 616 0 1 2 275 90
3/4 57 0 1 0 0 90 26 0 1 0 0 90 616 0 1 0 0 90 76 1 5 3 333 94 77 0 1 2 75 99 57 0 1 2 75 99 226 0 1 2 75 99 26 1 5 3 1333 103 617 0 1 3 1667 108 317 0 1 3 1667 108 616 0 1 3 1667 108 58 0 1 2 175 112
3/4
3/4 26 0 1 3 1667 112 56 0 1 3 1667 112 25 0 1 3 1667 112 27 0 1 2 175 112
3/4
3/4 26 0 1 3 1667 49 616 0 1 3 1667 49 25 0 1 3 1667 49 27 0 1 2 175 49
3/4
3/4 15 2 25 2 175 96 56 0 1 2 175 96 55 0 1 2 175 96 715 0 1 0 2 96
3/4 715 0 2 0 0 96 56 0 1 0 0 96 55 0 1 0 0 96 15 2 25 2 175 96 715 0 1 0 2 96
3/4 56 0 1 0 0 96 55 0 1 0 0 96 715 0 2 0 0 96 15 2 25 3 1667 96 715 0 1 2 175 96 15 2 25 2 275 96
3/4 715 0 2 0 0 96 15 2 25 3 1667 96 715 0 1 2 175 96 15 2 25 2 275 96
3/4 715 2 175 0 0 96 15 2 25 2 175 96 715 3 333 0 2 97 15 3 333 3 2333 98 715 2 25 3 2667 99 15 2 25 2 275 99
3/4 715 3 333 0 0 100 15 3 333 3 333 100 715 2 25 3 667 101 15 2 25 2 75 102 715 3 333 0 1 102 15 3 333 3 1333 103 715 2 25 3 1667 104 15 2 25 2 175 104 715 3 333 0 2 105 15 3 333 3 2333 105 715 2 25 3 2667 106 15 2 25 2 275 107
3/4 715 3 333 0 0 107 15 3 333 3 333 108 715 2 25 3 667 109 15 2 25 2 75 109 715 3 333 0 1 110 15 3 333 3 1333 110 715 2 25 3 1667 111 15 2 25 2 175 112 715 3 333 0 2 112 15 3 333 3 2333 113 715 2 25 3 2667 114 15 2 25 2 275 114
3/4 715 3 333 0 0 115 15 3 333 3 333 115 715 2 25 3 667 116 15 2 25 2 75 117 715 3 333 0 1 117 15 3 333 3 1333 118 715 2 25 3 1667 119 15 2 25 2 175 119 715 3 333 0 2 120 15 3 333 3 2333 120 715 2 25 3 2667 121 15 2 25 2 275 122
3/4 715 3 333 0 0 122 615 3 333 3 333 123 715 3 333 3 667 124 25 3 333 0 1 124 15 3 333 2 125 125 715 3 333 1 15 125 715 2 125 2 175 126
17/4 715 2 175 0 0 126 24 0 1 2 175 126 55 0 1 2 275 126 615 0 1 2 375 126 715 0 1 2 475 126 25 0 1 2 575 126 56 0 1 2 675 126 616 0 1 2 775 126 716 0 1 2 875 126 26 0 1 2 975 126 57 0 1 2 1075 126 617 0 1 2 1175 126 717 0 2 2 1275 126
4/4 53 0 1 0 1 49 23 0 1 0 1 49 74 0 1 2 125 49 73 0 1 0 3 49 54 0 1 0 3 49 24 2 75 2 325 49
4/4 13 0 1 0 0 49 54 0 1 0 0 49 24 2 25 0 0 49 35 0 1 2 25 49 34 0 1 0 2 49 14 0 1 0 2 49 55 0 1 2 225 49 23 0 1 0 3 49 14 0 1 0 3 49 525 2 75 2 325 49
4/4 525 2 25 0 0 49 22 0 1 0 1 49 524 0 1 0 1 49 53 0 1 0 2 49 23 0 1 0 2 49 74 0 1 2 225 49
4/4 613 0 1 0 0 49 44 0 1 0 0 49 14 0 1 2 25 49 73 0 1 0 1 49 44 0 1 0 1 49 24 0 1 2 125 49 23 0 1 0 3 49 74 0 1 0 3 49 45 2 75 2 325 49
4/4 34 0 1 0 0 49 74 0 1 0 0 49 45 2 25 0 0 49 55 0 1 2 25 49 54 0 1 0 2 49 35 0 1 0 2 49 75 0 1 2 225 49 44 0 1 0 3 49 14 0 1 0 3 49 615 2 75 2 325 49
4/4 73 0 1 0 0 49 44 0 1 0 0 49 615 2 25 0 0 49 24 0 1 2 25 49 34 0 1 0 1 49 74 0 1 0 1 49 55 0 1 2 125 49 613 0 1 0 2 49 34 0 1 0 2 49 14 0 1 2 225 49
4/4 23 0 1 0 0 49 74 0 1 0 0 49 525 0 1 2 25 49 53 0 1 0 1 49 614 0 1 0 1 49 74 2 75 2 125 49 54 2 25 0 2 49 74 2 75 2 225 49 23 2 25 0 3 49 53 2 75 2 325 49
4/4 13 2 25 0 0 49 35 2 75 2 25 49 614 2 25 0 1 49 35 2 75 2 125 49 614 2 25 0 2 49 13 2 75 2 225 49 23 2 25 0 3 49 525 2 75 2 325 49
4/4 614 2 25 0 0 49 525 2 75 2 25 49 14 2 25 0 1 49 23 2 75 2 125 49 54 2 25 0 2 49 55 2 75 2 225 49 24 2 25 0 3 49 55 2 75 2 325 58
4/4 713 2 25 0 0 62 24 2 75 2 25 66 23 2 25 0 1 70 45 2 75 2 125 75 44 2 25 0 2 79 65 2 75 2 225 83 64 2 25 0 3 87 715 2 75 2 325 92
4/4 34 0 1 0 0 96 714 0 1 0 0 96 24 0 1 2 25 96 715 0 1 2 25 96 34 0 1 0 1 96 14 0 1 0 1 96 35 0 1 2 125 96 15 0 1 2 125 96 43 1 5 0 3 89
4/4 45 0 3 0 0 83 44 0 1 0 1 76 35 0 1 0 2 69 614 0 1 0 2 69
4/4 73 1 5 0 1 49 45 0 2 0 2 49 44 0 1 0 3 49
4/4 713 1 5 0 0 49 45 0 2 0 1 49 44 0 1 0 2 49 13 1 5 0 3 49
4/4 45 0 2 0 0 49 35 0 1 0 1 49 614 0 1 0 1 49 44 0 1 0 1 49 43 1 5 0 2 49 45 0 1 0 3 49
4/4 35 0 1 0 0 49 614 0 1 0 0 49 44 0 1 0 0 49 45 0 1 0 0 49 73 1 5 0 1 49 55 2 25 0 2 49 45 2 175 2 225 49 44 0 1 0 3 49
4/4 713 1 5 0 0 49 45 2 25 0 0 49 55 2 25 0 1 49 45 0 2 2 125 49 44 0 1 0 2 49 13 1 5 0 3 49
4/4 55 2 25 0 0 49 45 0 2 2 25 49 35 0 1 0 1 49 614 0 1 0 1 49 44 0 1 0 1 49 43 1 5 0 2 49 55 2 25 0 3 49 45 2 75 2 325 49
4/4 35 0 1 0 0 49 614 0 1 0 0 49 44 0 1 0 0 49 45 2 125 0 0 49 73 0 1 0 1 49 45 0 1 0 2 52 24 0 1 0 2 52 75 0 1 0 3 55 45 0 1 0 3 55
4/4 25 0 1 0 0 57 75 0 1 0 0 57 46 0 1 0 1 59 25 0 1 0 1 59 76 0 1 0 2 62 46 0 1 0 2 62 26 0 1 0 3 64 76 0 1 0 3 64
4/4
4/4 53 0 1 0 1 49 23 0 1 0 1 49 74 0 1 2 125 49 73 0 1 0 3 49 54 0 1 0 3 49 24 2 75 2 325 49
4/4 13 0 1 0 0 49 54 0 1 0 0 49 24 2 25 0 0 49 35 0 1 2 25 49 34 0 1 0 2 49 14 0 1 0 2 49 55 0 1 2 225 49 23 0 1 0 3 49 14 0 1 0 3 49 525 2 75 2 325 49
4/4 525 2 25 0 0 49 22 0 1 0 1 49 524 0 1 0 1 49 53 0 1 0 2 49 23 0 1 0 2 49 74 0 1 2 225 49
4/4 613 0 1 0 0 49 44 0 1 0 0 49 14 0 1 2 25 49 73 0 1 0 1 49 44 0 1 0 1 49 24 0 1 2 125 49 23 0 1 0 3 49 74 0 1 0 3 49 45 2 75 2 325 49
4/4 34 0 1 0 0 49 74 0 1 0 0 49 45 2 25 0 0 49 55 0 1 2 25 49 54 0 1 0 2 49 35 0 1 0 2 49 75 0 1 2 225 49 44 0 1 0 3 49 35 0 1 0 3 49 615 0 1 0 3 49
4/4 73 0 1 0 0 49 44 0 1 0 0 49 615 0 1 0 0 49 24 0 1 2 25 49 34 0 1 0 1 49 74 0 1 0 1 49 55 0 2 2 125 49 613 0 1 0 2 49 34 0 1 0 2 49 14 0 1 2 225 49
4/4 23 0 1 0 0 49 614 0 1 0 0 49 525 0 1 2 25 49 53 1 5 0 1 49 74 1 5 1 15 49 54 1 5 0 2 49 74 1 5 1 25 49 23 1 5 0 3 49 53 1 5 1 35 49
4/4 13 1 5 0 0 49 35 1 5 1 5 49 614 1 5 0 1 49 35 1 5 1 15 49 614 1 5 0 2 53 13 1 5 1 25 55 23 1 5 0 3 57 525 1 5 1 35 59
4/4 614 1 5 0 0 61 525 1 5 1 5 63 14 1 5 0 1 65 23 1 5 1 15 67 54 1 5 0 2 69 55 1 5 1 25 71 24 1 5 0 3 74 55 1 5 1 35 76
4/4 713 1 5 0 0 78 24 1 5 1 5 80 44 1 5 0 1 82 65 1 5 1 15 84 64 1 5 0 2 86 715 1 5 1 25 88 714 1 5 0 3 90 25 1 5 1 35 92 75 0 1 2 375 94 55 0 1 2 375 94 224 0 1 2 375 94
4/4 223 1 5 0 0 96 55 0 1 2 275 96 74 0 1 2 275 96 23 0 1 2 275 96 22 1 5 0 3 96
4/4 525 0 1 2 175 96 614 0 1 2 175 96 23 0 1 2 175 96 22 1 5 0 2 96
4/4 54 0 3 0 1 49 24 0 2 0 1 49 315 0 1 0 3 49
4/4 614 0 1 0 0 49 524 0 1 0 0 49 315 0 2 0 0 49 24 0 1 0 2 49 313 0 1 0 3 49 314 0 1 0 3 49
4/4 714 0 1 0 0 49 314 0 2 0 0 49 14 0 1 0 1 49 34 0 2 0 2 49 14 0 2 0 2 49
4/4 714 0 1 0 0 49 34 0 1 0 0 49 13 0 1 0 1 49 54 0 1 0 1 49 524 0 1 0 2 49 314 0 1 0 3 49
4/4 53 0 2 0 0 49 23 0 1 0 0 49 54 0 1 0 1 49 714 0 1 0 2 49 524 0 1 0 3 49 24 0 1 0 3 49
4/4 525 0 1 0 0 49 524 0 1 0 0 49 315 0 1 0 1 49 713 0 1 0 2 49 24 0 1 0 2 49 224 0 1 0 3 49
4/4 23 0 2 0 0 49 14 0 1 0 0 49 53 0 1 0 1 49 714 0 1 0 1 49 24 1 15 0 2 49 315 1 5 1 35 49
4/4 614 0 1 0 0 49 524 0 1 0 0 49 315 0 2 0 0 49 24 0 1 0 2 49 313 0 1 0 3 49 314 0 1 0 3 49
4/4 714 1 15 0 0 49 314 0 2 0 0 49 14 1 5 1 15 49 34 0 2 0 2 49 14 0 2 0 2 49
4/4 714 0 1 0 0 49 34 0 1 0 0 49 313 0 1 0 1 49 54 0 1 0 1 49 524 0 1 0 2 49 314 0 1 0 3 49
4/4 23 0 1 0 0 49 22 0 1 0 0 49 314 0 1 0 2 49 313 0 1 0 2 49 524 0 1 0 3 49 523 0 1 0 3 49
4/4 524 0 1 0 0 49 523 0 1 0 0 49 523 0 1 0 1 49 522 0 1 0 1 49 713 0 1 0 2 49 712 0 1 0 2 49
4/4 713 0 1 0 0 49 712 0 1 0 0 49 13 0 1 0 1 49 12 0 1 0 1 49
4/4 713 0 1 0 0 49 712 0 1 0 0 49 13 0 1 1 15 49 12 0 1 1 15 49 713 0 1 0 2 49 712 0 1 0 2 49 613 0 1 0 3 49 612 0 1 0 3 49
4/4 613 0 1 0 0 49 612 0 1 0 0 49 22 0 1 0 1 49 53 0 1 0 2 49 52 0 1 0 2 49
4/4 14 0 1 0 1 49 13 0 1 0 1 49
4/4 714 0 1 0 0 49 713 0 1 0 0 49 14 0 1 1 15 49 13 0 1 1 15 49 714 0 1 0 2 49 713 0 1 0 2 49 614 0 1 0 3 49 613 0 1 0 3 49
4/4 614 0 1 0 0 49 613 0 1 0 0 49 23 0 1 0 1 49 54 0 1 0 2 49 53 0 1 0 2 49
4/4 13 0 1 0 1 49 12 0 1 0 1 49 23 0 1 0 2 49 22 0 1 0 2 49 34 0 1 0 3 49 33 0 1 0 3 49
4/4 14 0 1 0 0 55 13 0 1 0 0 55 24 0 1 0 1 60 23 0 1 0 1 60 35 0 1 0 2 64 34 0 1 0 2 64 315 0 1 0 3 69 314 0 1 0 3 69
4/4 315 0 1 0 0 69 314 0 1 0 0 69 614 0 1 0 1 78 613 0 1 0 1 78 24 0 1 0 2 82 23 0 1 0 2 82
4/4 23 0 1 0 1 96 22 0 1 0 1 96 714 0 1 0 2 96 45 0 1 0 2 96 65 0 1 2 225 96 25 0 1 2 225 96 74 0 1 0 3 96 315 0 1 0 3 96 55 0 1 2 325 96 225 0 1 2 325 96
4/4 23 0 1 0 0 96 55 0 1 0 0 96 225 0 1 0 0 96 55 0 1 0 1 96 315 0 1 0 1 96 74 0 1 0 1 96 525 0 1 0 2 96 35 0 1 0 2 96 614 0 1 0 2 96 23 0 1 0 3 96 22 0 1 0 3 96
4/4 614 0 1 0 0 96 35 0 1 0 0 96 525 0 1 2 25 96 15 0 1 2 25 96 64 0 1 0 1 96 24 0 1 0 1 96 45 0 1 2 125 96 715 0 1 2 125 96 23 0 1 0 2 96 45 0 1 0 3 96 24 0 1 0 3 96 64 0 1 0 3 96
4/4 315 0 1 0 0 96 24 0 1 0 0 96 54 0 1 0 0 96 23 0 3 0 1 96 74 0 1 0 1 96 614 0 1 0 2 96 54 0 1 0 3 96
4/4 54 0 1 0 0 96 23 0 4 0 0 96 24 1 15 0 1 96 54 1 5 1 25 96 74 0 1 0 3 96
4/4 23 0 4 0 0 96 74 0 2 0 0 96 614 0 2 0 2 75
4/4 53 0 1 0 1 49 54 0 3 0 1 49 24 0 1 0 2 49 315 0 1 0 3 49
4/4 614 0 1 0 0 49 524 0 1 0 0 49 315 0 1 0 0 49 313 0 1 0 3 49 314 0 1 0 3 49
4/4 714 0 1 0 0 49 314 0 2 0 0 49 24 2 75 0 1 49 14 2 25 2 175 49 34 0 1 0 2 49 14 0 1 0 2 49
4/4 13 0 1 0 1 49 54 0 1 0 1 49 524 0 1 0 2 49 314 0 1 0 3 49
4/4 53 0 2 0 0 49 23 0 1 0 0 49 54 0 1 0 1 49 714 0 1 0 2 49 524 0 1 0 3 49 24 0 1 0 3 49
4/4 525 0 1 0 0 49 524 0 3 0 0 49 315 0 1 0 1 49 713 0 1 0 2 49 24 0 1 0 2 49 224 0 1 0 3 49
4/4 23 0 2 0 0 49 14 0 1 0 0 49 53 0 1 0 1 49 714 0 1 0 1 49 24 0 1 0 2 49 525 2 75 0 3 49 315 2 25 2 375 49
4/4 614 0 1 0 0 49 524 0 1 0 0 49 315 0 1 0 0 49 313 0 1 0 3 49 314 0 1 0 3 49
4/4 714 0 1 0 0 49 314 0 2 0 0 49 24 2 75 0 1 49 14 2 25 2 175 49 34 0 1 0 2 49 14 0 1 0 2 49
4/4 13 0 1 0 1 49 54 0 1 0 1 49 524 0 1 0 2 49 314 0 1 0 3 49
4/4 53 0 3 0 0 49 23 0 1 0 0 49 54 0 1 0 1 49 714 0 1 0 2 49 24 0 1 0 3 49
4/4 24 0 1 0 0 49 14 2 75 0 1 49 714 2 25 2 175 49 714 0 2 0 2 49
4/4 714 0 4 0 0 49
4/4 53 0 1 0 0 49 23 0 1 0 0 49 74 0 1 2 25 49 73 0 1 0 2 49 54 0 1 0 2 49 24 0 1 2 225 49 13 0 1 0 3 49 54 0 1 0 3 49 35 2 75 2 325 49
4/4 35 2 25 0 0 49 34 0 1 0 1 49 14 0 1 0 1 49 55 0 1 2 125 49 23 0 1 0 2 49 14 0 1 0 2 49 525 0 1 2 225 49
4/4 22 0 1 0 0 49 524 0 1 0 0 49 53 0 1 0 1 49 23 0 1 0 1 49 74 0 1 2 125 49 613 0 1 0 3 49 44 0 1 0 3 49 14 2 75 2 325 49
4/4 73 0 1 0 0 49 44 0 1 0 0 49 14 2 25 0 0 49 24 0 1 2 25 49 23 0 1 0 2 49 74 0 1 0 2 49 45 0 1 2 225 49 34 0 1 0 3 49 74 0 1 0 3 49 55 2 75 2 325 49
4/4 55 2 25 0 0 49 54 0 1 0 1 49 35 0 1 0 1 49 75 0 1 2 125 49 44 0 1 0 2 49 14 0 1 0 2 49 615 0 1 2 225 49 73 0 1 0 3 49 44 0 1 0 3 49 24 2 75 2 325 49
4/4 34 0 1 0 0 49 74 0 1 0 0 49 24 2 25 0 0 49 55 0 1 2 25 49 613 0 1 0 1 49 34 0 1 0 1 49 14 0 1 2 125 49 23 0 1 0 3 49 74 0 1 0 3 49 525 2 75 2 325 49
4/4 53 2 25 0 0 49 525 2 25 0 0 49 74 2 75 2 25 49 54 2 25 0 1 49 74 2 75 2 125 49 23 2 25 0 2 49 53 2 75 2 225 49 13 2 25 0 3 49 35 2 75 2 325 49
4/4 614 2 25 0 0 49 35 2 75 2 25 49 614 2 25 0 1 49 13 2 75 2 125 49 23 2 25 0 2 49 525 2 75 2 225 49 614 2 25 0 3 49 525 2 75 2 325 49
4/4 14 2 25 0 0 49 23 2 75 2 25 49 54 2 25 0 1 49 55 2 75 2 125 49 24 2 25 0 2 49 55 2 75 2 225 49 713 2 25 0 3 49 24 2 75 2 325 49
4/4 44 1 5 0 0 49 65 1 5 1 5 62 64 1 5 0 1 69 715 1 5 1 15 76 714 1 5 0 2 83 25 1 5 1 25 89 714 0 1 0 3 96 45 0 1 0 3 96 65 0 1 2 325 96 25 0 1 2 325 96
4/4 15 0 1 0 0 76 55 0 1 0 0 76 35 0 1 0 0 76 14 0 1 0 0 76 65 0 1 0 0 96 25 0 1 0 0 96 75 0 1 0 1 62 55 0 1 0 1 62 24 0 1 0 1 62 75 0 1 0 2 60 55 0 1 0 2 60 24 0 1 0 2 60 615 0 1 0 3 65 55 0 1 0 3 65 35 0 1 0 3 65
4/4 75 0 1 0 0 70 55 0 1 0 0 70 24 0 1 0 0 70 615 0 1 0 1 67 55 0 1 0 1 67 35 0 1 0 1 67 14 0 1 0 1 67 24 0 1 0 3 55 23 0 1 0 3 55
4/4 53 1 5 0 0 49 24 0 2 0 1 49 23 0 1 0 2 49 22 1 5 0 3 49
4/4 24 0 2 0 0 49 23 0 1 0 1 49 523 1 5 0 2 49 24 0 1 0 3 49
4/4 23 0 1 0 0 49 24 0 1 0 0 49 22 1 5 0 1 49 24 0 2 0 2 49 23 0 1 0 3 49
4/4 53 1 5 0 0 49 35 2 25 0 1 49 24 0 2 2 125 49 23 0 1 0 2 49 22 1 5 0 3 49
4/4 35 2 25 0 0 49 24 0 2 2 25 49 23 0 1 0 1 49 523 1 5 0 2 49 35 2 25 0 3 49 24 2 75 2 325 49
4/4 23 0 1 0 0 49 24 2 125 0 0 49 22 1 5 0 1 49 35 2 25 0 2 49 24 2 175 2 225 49 23 0 1 0 3 49
4/4 53 0 1 0 0 49 24 2 25 0 0 49 55 0 1 0 1 63 74 0 1 0 1 63 54 0 1 0 1 63 55 0 1 0 2 72 74 0 1 0 2 72 524 0 1 0 2 72 55 0 1 0 3 81 74 0 1 0 3 81 44 0 1 0 3 81
4/4 55 0 1 0 0 90 74 0 1 0 0 90 34 0 1 0 0 90 55 0 1 0 1 99 74 0 1 0 1 99 23 0 1 0 1 99 55 0 1 2 175 112 614 0 1 2 175 112 223 0 1 2 175 112 222 0 1 0 2 112
4/4
4/4 23 0 2 0 0 112 55 0 1 0 0 112 74 0 1 0 0 112 13 0 1 0 2 49 12 0 1 0 2 49 73 0 1 0 3 49 72 0 1 0 3 49
4/4 73 0 1 0 0 49 72 0 1 0 0 49 34 0 1 0 1 49 33 0 1 0 1 49 614 0 1 0 2 49 23 0 1 0 2 49 55 0 1 0 2 49
4/4 614 0 1 0 0 49 23 0 1 0 0 49 55 0 1 0 0 49 525 0 2 0 1 49
4/4 53 0 4 0 0 96 314 2 25 0 0 96 23 0 3 2 25 96 314 2 25 0 3 96 23 2 75 2 325 96
4/4 53 0 4 0 0 96 23 2 225 0 0 96 314 2 25 2 175 96 23 0 1 0 2 96 314 2 25 0 3 96 23 2 75 2 325 96
4/4 53 0 4 0 0 96 23 2 125 0 0 96 314 2 25 2 75 96 23 0 1 0 1 96 314 2 25 0 2 96 23 2 175 2 225 96
4/4 314 2 25 0 0 96 53 0 4 0 0 96 23 2 25 2 25 97 314 2 25 1 5 98 23 2 25 2 75 99 314 2 25 0 1 99 23 2 25 2 125 100 314 2 25 1 15 100 23 2 25 2 175 101 314 2 25 0 2 102 23 2 25 2 225 102 314 2 25 1 25 103 23 2 25 2 275 104 314 2 25 0 3 104 23 2 25 2 325 105 314 2 25 1 35 105 23 2 25 2 375 106
4/4 314 2 25 0 0 107 53 0 4 0 0 96 23 2 25 2 25 107 314 2 25 1 5 108 23 2 25 2 75 109 314 2 25 0 1 109 23 2 25 2 125 110 314 2 25 1 15 110 23 2 25 2 175 111 314 2 25 0 2 112 23 2 25 2 225 112 314 2 25 1 25 113 23 2 25 2 275 114 314 2 25 0 3 114 23 2 25 2 325 115 314 2 25 1 35 115 23 2 25 2 375 116
4/4 314 2 25 0 0 117 53 0 4 0 0 96 23 2 25 2 25 117 314 2 25 1 5 118 23 2 25 2 75 119 314 2 25 0 1 119 23 2 25 2 125 120 314 2 25 1 15 120 23 2 25 2 175 121 314 2 25 0 2 122 23 2 25 2 225 122 13 3 333 1 25 123 23 3 333 2 275 124 524 3 333 0 3 124 314 3 333 3 3333 125 23 3 333 3 3667 125
4/4 52 0 3 0 0 126 53 1 5 0 1 126 23 1 5 1 15 126 54 1 5 0 2 126 714 1 5 1 25 126
