4/4
4/4
4/4
4/4
4/4
4/4
4/4
4/4
4/4
4/4 24 0 1 2 175 44 24 0 1 2 275 42 524 0 1 2 275 44 54 2 75 0 3 58 55 0 1 2 375 40 614 0 1 2 375 46
3/4 74 2 75 0 0 53 75 0 1 2 75 46 224 0 1 2 75 53 24 2 75 0 1 59 75 0 1 2 175 51 24 0 1 2 175 48 14 2 75 0 2 42 615 0 1 2 275 59 714 0 1 2 275 39
3/4 14 2 75 0 0 51 15 0 1 2 75 39 35 0 1 2 75 48 24 2 75 0 1 52 75 0 1 2 175 50 24 0 1 2 175 42 14 2 75 0 2 48 615 0 1 2 275 49 714 0 1 2 275 56
3/4 14 2 75 0 0 55 75 0 1 2 75 48 24 0 1 2 75 53 14 2 75 0 1 45 615 0 1 2 175 45 14 0 1 2 175 42 74 2 75 0 2 44 55 0 1 2 275 43 614 0 1 2 275 40
3/4 74 2 75 0 0 55 45 0 1 2 75 51 714 0 1 2 75 44 14 2 75 0 1 53 45 0 1 2 175 40 614 0 1 2 175 47 74 2 75 0 2 48 75 0 1 2 275 46 224 0 1 2 275 57
3/4 24 2 75 0 0 42 25 0 1 2 75 53 315 0 1 2 75 58 45 2 75 0 1 58 25 0 1 2 175 47 45 0 1 2 175 45 35 2 75 0 2 40 15 0 1 2 275 47 24 0 1 2 275 56
3/4 35 2 75 0 0 57 36 0 1 2 75 49 55 0 1 2 75 47 45 2 75 0 1 52 15 0 1 2 175 41 24 0 1 2 175 48 35 2 75 0 2 56 25 0 1 2 275 51 315 0 1 2 275 58
3/4 45 2 75 0 0 55 75 0 1 2 75 50 224 0 1 2 75 49 24 2 75 0 1 41 15 0 1 2 175 59 24 0 1 2 175 56 35 2 75 0 2 43 615 0 1 2 275 40 714 0 1 2 275 46
3/4 14 2 75 0 0 55 75 0 1 2 75 43 24 0 1 2 75 44 14 2 75 0 1 41 24 0 1 2 175 47 524 0 1 2 175 55 54 2 75 0 2 58 55 0 1 2 275 42 614 0 1 2 275 48
3/4 74 2 75 0 0 43 75 0 1 2 75 49 224 0 1 2 75 58 24 2 75 0 1 56 75 0 1 2 175 45 24 0 1 2 175 43 14 2 75 0 2 40 615 0 1 2 275 41 714 0 1 2 275 58
3/4 14 2 75 0 0 55 15 0 1 2 75 47 35 0 1 2 75 47 24 2 75 0 1 58 75 0 1 2 175 40 24 0 1 2 175 52 14 2 75 0 2 52 615 0 1 2 275 44 714 0 1 2 275 51
3/4 14 2 75 0 0 48 75 0 1 2 75 45 24 0 1 2 75 56 14 2 75 0 1 45 615 0 1 2 175 44 14 0 1 2 175 50 74 2 75 0 2 40 55 0 1 2 275 39 614 0 1 2 275 39
3/4 74 2 75 0 0 56 45 0 1 2 75 57 54 0 1 2 75 70 64 2 75 0 1 72 65 0 1 2 175 72 224 0 1 2 175 64 24 2 75 0 2 83 25 0 1 2 275 70 315 0 1 2 275 78
3/4 45 2 75 0 0 88 46 0 1 2 75 85 55 0 1 2 75 93 65 2 75 0 1 99 46 0 1 2 175 91 55 0 1 2 175 93 65 2 75 0 2 86 36 0 1 2 275 89 525 0 1 2 275 92
3/4 55 2 75 0 0 95 25 0 1 2 75 100 315 0 1 2 75 98 45 2 75 0 1 97 25 0 1 2 175 95 315 0 1 2 175 91 45 2 75 0 2 85 15 0 1 2 275 80 24 0 1 2 275 80
3/4 35 2 75 0 0 72 45 0 1 2 75 76 714 0 1 2 75 79 14 2 75 0 1 71 45 0 1 2 175 75 714 0 1 2 175 59 14 2 75 0 2 61 25 0 1 2 275 62 315 0 1 2 275 61
3/4 45 2 75 0 0 49 15 0 1 2 75 62 24 0 1 2 75 64 35 2 75 0 1 54 75 0 1 2 175 54 224 0 1 2 175 55 24 2 75 0 2 43 25 0 1 2 275 40 315 0 1 2 275 39
3/4 45 2 75 0 0 48 25 0 1 2 75 55 315 0 1 2 75 42 45 2 75 0 1 45 25 0 1 2 175 41 315 0 1 2 175 40 45 2 75 0 2 45 46 0 1 2 275 50 55 0 1 2 275 46
3/4 65 2 75 0 0 44 36 0 1 2 75 47 525 0 1 2 75 53 55 2 75 0 1 44 25 0 1 2 175 45 315 0 1 2 175 55 45 2 75 0 2 54 15 0 1 2 275 45 24 0 1 2 275 40
3/4 35 2 75 0 0 46 45 0 1 2 75 50 714 0 1 2 75 55 14 2 75 0 1 52 45 0 1 2 175 53 714 0 1 2 175 50 14 2 75 0 2 42 45 0 1 2 275 49 224 0 1 2 275 44
3/4 24 2 75 0 0 49 45 0 1 2 75 48 714 0 1 2 75 55 14 2 75 0 1 49 24 0 1 2 175 52 614 0 1 2 175 43 74 1 5 3 2333 54 45 0 1 2 275 56 224 0 1 2 275 49
3/4 45 0 1 0 0 54 224 0 1 0 0 51 24 1 5 3 333 43 25 0 1 2 75 57 315 0 1 2 75 42 45 1 5 3 1333 53 25 0 1 2 175 52 315 0 1 2 175 54 45 1 5 3 2333 40 46 0 1 2 275 49 55 0 1 2 275 53
3/4 46 0 1 0 0 57 55 0 1 0 0 53 65 1 5 3 333 50 36 0 1 2 75 59 525 0 1 2 75 52 55 1 5 3 1333 45 25 0 1 2 175 50 315 0 1 2 175 56 45 1 5 3 2333 42 15 0 1 2 275 45 24 0 1 2 275 45
3/4 15 0 1 0 0 54 24 0 1 0 0 54 35 1 5 3 333 51 45 0 1 2 75 45 714 0 1 2 75 39 14 1 5 3 1333 41 45 0 1 2 175 54 714 0 1 2 175 39 14 1 5 3 2333 54 45 0 1 2 275 48 224 0 1 2 275 40
3/4 45 0 1 0 0 56 224 0 1 0 0 48 24 1 5 3 333 55 45 0 1 2 75 42 714 0 1 2 75 54 14 1 5 3 1333 58 24 0 1 2 175 53 614 0 1 2 175 53 74 1 5 3 2333 58 45 0 1 2 275 62 224 0 1 2 275 59
3/4 45 0 1 0 0 60 224 0 1 0 0 52 24 1 5 3 333 45 75 0 1 2 75 58 315 0 1 2 75 49 45 1 5 3 1333 58 25 0 1 2 175 52 615 0 1 2 175 67 75 1 5 3 2333 56 46 0 1 2 275 69 225 0 1 2 275 60
3/4 46 0 1 0 0 59 225 0 1 0 0 54 25 1 5 3 333 55 76 0 1 2 75 57 316 0 1 2 75 56 46 1 5 3 1333 56 26 0 1 2 175 60 616 0 1 2 175 71 76 1 5 3 2333 60 76 0 1 2 275 51 316 0 1 2 275 69
3/4 76 0 1 0 0 67 316 0 1 0 0 52 46 1 5 3 333 58 46 0 1 2 75 57 225 0 1 2 75 54 25 1 5 3 1333 55 25 0 1 2 175 54 615 0 1 2 175 45 75 1 5 3 2333 63 75 0 1 2 275 56 315 0 1 2 275 51
3/4 75 0 1 0 0 57 315 0 1 0 0 50 45 1 5 3 333 54 45 0 1 2 75 45 224 0 1 2 75 46 24 1 5 3 1333 41 524 2 25 3 1667 45 54 0 1 2 175 58 24 0 1 2 175 52 614 2 25 3 2667 54 74 0 1 2 275 49 55 0 1 2 275 53
3/4 74 0 1 0 0 50 55 0 1 0 0 58 224 2 25 3 667 50 24 0 1 2 75 49 75 0 1 2 75 40 24 2 25 3 1667 43 14 0 1 2 175 39 75 0 1 2 175 59 714 2 25 3 2667 59 14 0 1 2 275 56 615 0 1 2 275 50
3/4 14 0 1 0 0 41 615 0 1 0 0 44 35 2 25 3 667 49 24 0 1 2 75 52 15 0 1 2 75 50 24 2 25 3 1667 57 14 0 1 2 175 55 75 0 1 2 175 50 714 2 25 3 2667 46 14 0 1 2 275 42 615 0 1 2 275 52
3/4 14 0 1 0 0 39 615 0 1 0 0 51 24 2 25 3 667 43 14 0 1 2 75 44 75 0 1 2 75 49 14 2 25 3 1667 42 74 0 1 2 175 56 615 0 1 2 175 58 614 2 25 3 2667 45 74 0 1 2 275 54 55 0 1 2 275 59
3/4 74 0 1 0 0 53 55 0 1 0 0 52 714 2 25 3 667 53 14 0 1 2 75 58 45 0 1 2 75 44 614 2 25 3 1667 45 74 0 1 2 175 43 45 0 1 2 175 56 224 2 25 3 2667 39 24 0 1 2 275 45 75 0 1 2 275 52
3/4 24 0 1 0 0 55 75 0 1 0 0 39 315 2 25 3 667 41 45 0 1 2 75 48 25 0 1 2 75 58 45 2 25 3 1667 45 35 0 1 2 175 39 25 0 1 2 175 43 24 2 25 3 2667 57 35 0 1 2 275 58 15 0 1 2 275 43
3/4 35 0 1 0 0 40 15 0 1 0 0 39 55 2 25 3 667 45 45 0 1 2 75 57 36 0 1 2 75 54 24 2 25 3 1667 49 35 0 1 2 175 49 15 0 1 2 175 45 315 2 25 3 2667 51 45 0 1 2 275 41 25 0 1 2 275 44
3/4 45 0 1 0 0 59 25 0 1 0 0 41 224 2 25 3 667 39 24 0 1 2 75 40 75 0 1 2 75 48 24 2 25 3 1667 39 35 0 1 2 175 48 15 0 1 2 175 48 714 2 25 3 2667 57 14 0 1 2 275 46 615 0 1 2 275 56
3/4 14 0 1 0 0 52 615 0 1 0 0 48 24 2 25 3 667 44 14 0 1 2 75 45 75 0 1 2 75 51 24 0 1 2 175 42 524 0 1 2 175 42 54 1 5 3 2333 57 55 0 1 2 275 56 614 0 1 2 275 46
3/4 55 0 1 0 0 50 614 0 1 0 0 52 74 1 5 3 333 48 75 0 1 2 75 57 224 0 1 2 75 49 24 1 5 3 1333 58 75 0 1 2 175 39 24 0 1 2 175 54 14 1 5 3 2333 42 615 0 1 2 275 56 714 0 1 2 275 42
3/4 615 0 1 0 0 49 714 0 1 0 0 47 14 1 5 3 333 48 15 0 1 2 75 48 35 0 1 2 75 47 24 1 5 3 1333 49 75 0 1 2 175 53 24 0 1 2 175 60 14 1 5 3 2333 56 615 0 1 2 275 54 714 0 1 2 275 55
3/4 615 0 1 0 0 60 714 0 1 0 0 61 14 1 5 3 333 61 75 0 1 2 75 71 24 0 1 2 75 55 14 1 5 3 1333 63 615 0 1 2 175 71 14 0 1 2 175 67 74 1 5 3 2333 76 55 0 1 2 275 70 614 0 1 2 275 79
3/4 55 0 1 0 0 67 614 0 1 0 0 72 74 1 5 3 333 80 45 0 1 2 75 76 54 0 1 2 75 80 64 1 5 3 1333 87 65 0 1 2 175 90 224 0 1 2 175 91 24 1 5 3 2333 76 25 0 1 2 275 85 315 0 1 2 275 87
3/4 25 0 1 0 0 88 315 0 1 0 0 90 45 1 5 3 333 78 46 0 1 2 75 88 55 0 1 2 75 82 65 1 5 3 1333 88 37 0 1 3 1667 99 76 0 1 3 1667 100 56 0 1 3 1667 101 57 1 5 2 175 101
3/4 25 0 1 3 1667 88 55 0 1 3 1667 87 24 0 1 3 1667 94 26 1 5 2 175 89
3/4 25 0 1 3 1667 99 525 0 1 3 1667 86 24 0 1 3 1667 106 26 1 5 2 175 91
3/4 24 0 1 2 225 57 54 0 1 2 225 58 714 3 333 1 25 53 24 2 25 2 275 52
3/4 25 0 1 2 25 48 55 0 1 2 25 59 715 3 333 1 5 50 25 2 25 2 75 47 26 0 1 2 125 47 56 0 1 2 125 54 716 3 333 1 15 53 25 2 25 2 175 46 26 0 1 2 225 46 56 0 1 2 225 45 616 3 333 1 25 59 25 2 25 2 275 48
3/4 25 0 1 2 25 45 525 0 1 2 25 48 615 3 333 1 5 57 24 2 25 2 75 43 24 0 1 2 125 42 524 0 1 2 125 46 614 3 333 1 15 52 713 0 1 2 175 54 714 0 1 2 225 40 314 0 1 2 225 48 54 3 333 1 25 52 714 2 25 2 275 58
3/4 715 0 1 2 25 45 315 0 1 2 25 45 55 3 333 1 5 39 15 2 25 2 75 51 16 0 1 2 125 47 316 0 1 2 125 54 56 3 333 1 15 53 15 2 25 2 175 39 16 0 1 2 225 42 36 0 1 2 225 53 526 3 333 1 25 48 15 2 25 2 275 44
3/4 15 0 1 2 25 49 35 0 1 2 25 47 525 3 333 1 5 55 14 2 25 2 75 53 714 0 1 2 125 52 34 0 1 2 125 55 524 3 333 1 15 42 713 2 25 2 175 54 54 0 1 2 225 41 13 0 1 2 225 41 314 3 333 1 25 55 54 2 25 2 275 55
3/4 55 0 1 2 25 43 14 0 1 2 25 54 315 3 333 1 5 48 55 2 25 2 75 40 56 0 1 2 125 42 15 0 1 2 125 58 316 3 333 1 15 40 56 2 25 2 175 40 57 0 1 2 225 50 16 0 1 2 225 50 317 3 333 1 25 47 56 2 25 2 275 42
3/4 26 0 1 2 25 47 56 0 1 2 25 46 716 3 333 1 5 54 25 2 25 2 75 41 716 0 1 2 125 40 25 0 1 2 125 56 56 3 333 1 15 54 715 2 25 2 175 47 526 0 1 2 225 58 715 0 1 2 225 45 25 3 333 1 25 56 525 2 25 2 275 46
3/4 25 0 1 2 25 41 525 0 1 2 25 54 715 3 333 1 5 50 74 2 25 2 75 49 75 0 1 2 125 55 224 0 1 2 125 59 525 3 333 1 15 56 714 2 25 2 175 57 715 0 1 2 225 55 24 0 1 2 225 45 525 3 333 1 25 43 524 2 25 2 275 41
3/4 525 0 1 2 25 48 714 0 1 2 25 41 24 3 333 1 5 45 23 2 25 2 75 42 24 0 1 2 125 54 524 0 1 2 125 44 614 3 333 1 15 45 23 0 1 2 175 46 24 0 1 2 225 57 54 0 1 2 225 59 714 3 333 1 25 57 24 2 25 2 275 57
3/4 25 0 1 2 25 57 55 0 1 2 25 58 715 3 333 1 5 53 25 2 25 2 75 58 26 0 1 2 125 56 56 0 1 2 125 54 716 3 333 1 15 41 25 2 25 2 175 54 26 0 1 2 225 54 56 0 1 2 225 49 616 3 333 1 25 43 25 2 25 2 275 45
3/4 25 0 1 2 25 54 525 0 1 2 25 51 615 3 333 1 5 54 24 2 25 2 75 56 24 0 1 2 125 48 524 0 1 2 125 59 614 3 333 1 15 40 713 0 1 2 175 43 714 0 1 2 225 50 314 0 1 2 225 52 54 3 333 1 25 52 714 2 25 2 275 50
3/4 715 0 1 2 25 48 315 0 1 2 25 55 55 3 333 1 5 43 15 2 25 2 75 59 16 0 1 2 125 46 316 0 1 2 125 55 56 3 333 1 15 42 15 2 25 2 175 51 16 0 1 2 225 47 36 0 1 2 225 57 526 3 333 1 25 41 15 2 25 2 275 58
3/4 15 0 1 2 25 45 35 0 1 2 25 48 525 3 333 1 5 59 14 2 25 2 75 51 714 0 1 2 125 49 34 0 1 2 125 47 524 3 333 1 15 40 713 2 25 2 175 48 314 0 1 2 225 39 713 0 1 2 225 53 223 3 333 1 25 43 54 2 25 2 275 56
3/4 55 0 1 2 25 39 714 0 1 2 25 46 224 3 333 1 5 46 55 2 25 2 75 48 56 0 1 2 125 57 715 0 1 2 125 56 225 3 333 1 15 55 525 2 25 2 175 48 526 0 1 2 225 58 715 0 1 2 225 46 25 3 333 1 25 43 525 2 25 2 275 39
3/4 525 0 1 2 25 57 714 0 1 2 25 44 24 3 333 1 5 49 524 2 25 2 75 44 54 0 1 2 125 58 315 0 1 2 125 41 54 3 667 2 125 46 224 3 333 1 15 43 314 2 25 2 175 44 524 0 1 2 225 45 315 0 1 2 225 55 524 3 667 2 225 42 714 3 333 1 25 56 23 2 25 2 275 46
3/4 524 0 1 2 25 53 24 0 1 2 25 54 524 3 667 2 25 39 714 3 333 1 5 42 223 2 25 2 75 59 314 0 1 2 125 55 224 0 1 2 125 58 314 3 667 2 125 42 74 3 333 1 15 45 223 2 25 2 175 50 314 0 1 2 225 40 224 0 1 2 225 42 314 3 667 2 225 48 524 3 333 1 25 48 223 2 25 2 275 54
3/4 23 0 1 2 25 42 714 0 1 2 25 47 23 3 667 2 25 54 524 3 333 1 5 41 713 2 25 2 75 43 23 0 1 2 125 53 714 0 1 2 125 56 23 3 667 2 125 58 524 3 333 1 15 49 53 2 25 2 175 46 524 0 1 2 225 53 613 0 1 2 225 47 314 3 333 1 25 57 54 2 25 2 275 57
3/4 525 0 1 2 25 59 614 0 1 2 25 41 315 3 333 1 5 46 55 2 25 2 75 56 526 0 1 2 125 59 615 0 1 2 125 39 316 3 333 1 15 55 55 2 25 2 175 49 316 0 1 2 225 47 715 0 1 2 225 46 25 3 333 1 25 50 55 2 25 2 275 45
3/4 315 0 1 2 25 41 714 0 1 2 25 54 24 3 333 1 5 45 54 2 25 2 75 58 55 0 1 2 125 56 714 0 1 2 125 52 315 3 333 1 15 47 54 2 25 2 175 41 24 0 1 2 225 40 54 0 1 2 225 58 714 3 333 1 25 44 314 2 25 2 275 49
3/4 23 0 1 2 25 52 53 0 1 2 25 53 713 3 333 1 5 50 22 2 25 2 75 48 23 0 1 2 125 52 523 0 1 2 125 43 13 3 333 1 15 41 22 2 25 2 175 56 13 0 1 2 225 54 53 0 1 2 225 41 713 3 333 1 25 46 23 2 25 2 275 47
3/4 14 0 1 2 25 50 54 0 1 2 25 55 714 3 333 1 5 48 24 2 25 2 75 50 15 0 1 2 125 52 55 0 1 2 125 43 715 3 333 1 15 49 54 2 25 2 175 54 525 0 1 2 225 53 614 0 1 2 225 51 315 3 333 1 25 44 55 2 25 2 275 52
3/4 526 0 1 2 25 42 615 0 1 2 25 48 316 3 333 1 5 45 56 2 25 2 75 40 527 0 1 2 125 49 616 0 1 2 125 41 317 3 333 1 15 39 56 2 25 2 175 45 317 0 1 2 225 44 716 0 1 2 225 44 26 3 333 1 25 42 56 2 25 2 275 54
3/4 316 0 1 2 25 51 715 0 1 2 25 42 25 3 333 1 5 50 55 2 25 2 75 51 56 0 1 2 125 46 715 0 1 2 125 51 316 3 333 1 15 51 55 2 25 2 175 54 25 0 1 2 225 56 55 0 1 2 225 54 715 3 333 1 25 43 315 2 25 2 275 43
3/4 24 0 1 2 25 47 54 0 1 2 25 41 714 3 333 1 5 51 23 2 25 2 75 45 24 0 1 2 125 42 524 0 1 2 125 41 14 3 333 1 15 54 23 2 25 2 175 54 14 0 1 2 225 55 54 0 1 2 225 55 714 3 333 1 25 55 24 2 25 2 275 48
3/4 15 0 1 2 25 56 55 0 1 2 25 43 715 3 333 1 5 40 24 2 25 2 75 52 14 0 1 2 125 50 54 0 1 2 125 54 714 3 333 1 15 55 34 0 1 2 175 41 714 0 1 2 225 46 54 0 1 2 225 44 614 3 333 1 25 52 23 2 25 2 275 55
3/4 23 2 75 0 0 41 714 0 1 2 25 40 54 0 1 2 25 50 614 3 333 1 5 42 13 0 1 2 75 59 714 0 1 2 125 55 54 0 1 2 125 47 614 3 333 1 15 52 35 0 1 2 175 59 715 0 1 2 225 58 55 0 1 2 225 65 615 3 333 1 25 51 24 2 25 2 275 64
3/4 24 2 75 0 0 61 715 0 1 2 25 66 55 0 1 2 25 55 615 3 333 1 5 59 14 0 1 2 75 67 715 0 1 2 125 64 55 0 1 2 125 69 615 3 333 1 15 66 224 2 25 2 175 63 715 0 1 2 225 69 55 0 1 2 225 77 615 3 333 1 25 76 225 2 25 2 275 79
3/4 716 0 1 2 25 74 56 0 1 2 25 70 616 3 333 1 5 68 225 2 25 2 75 80 317 0 1 2 125 72 56 0 1 2 125 85 616 3 333 1 15 85 25 2 25 2 175 92 26 0 1 2 225 85 526 0 1 2 225 85 616 3 333 1 25 93 25 2 25 2 275 97
3/4 25 0 1 2 25 83 525 0 1 2 25 84 615 3 333 1 5 88 24 2 25 2 75 101 24 0 1 2 125 88 524 0 1 2 125 95 614 3 333 1 15 86 713 2 25 2 175 95 24 0 1 2 225 92 44 0 1 2 225 87 64 3 333 1 25 104 715 2 25 2 275 90
3/4 26 0 1 2 25 98 46 0 1 2 25 90 66 3 333 1 5 98 75 2 25 2 75 92 226 0 1 2 125 88 316 0 1 2 125 96 56 3 333 1 15 89 75 2 25 2 175 100 226 0 1 2 225 101 316 0 1 2 225 87 56 3 333 1 25 97 75 2 25 2 275 103
3/4 225 0 1 2 25 104 315 0 1 2 25 91 55 3 333 1 5 105 614 2 25 2 75 92 15 0 1 2 125 91 35 0 1 2 125 102 525 3 333 1 15 93 614 2 25 2 175 93 15 0 1 2 225 90 35 0 1 2 225 90 525 3 333 1 25 101 615 2 25 2 275 90
3/4 16 0 1 2 25 92 36 0 1 2 25 90 526 3 333 1 5 87 65 2 25 2 75 99 716 0 1 2 125 94 25 0 1 2 125 100 46 3 333 1 15 105 65 2 25 2 175 89 716 0 1 2 225 86 25 0 1 2 225 101 46 3 333 1 25 98 65 2 25 2 275 89
3/4 715 0 1 2 25 103 24 0 1 2 25 90 45 3 333 1 5 103 54 2 25 2 75 101 75 0 1 2 125 90 24 0 1 2 125 91 315 3 333 1 15 102 54 0 1 2 175 88 55 0 1 2 225 102 24 0 1 2 225 99 315 3 333 1 25 105 614 2 25 2 275 96
3/4 614 2 75 0 0 97 615 0 1 2 25 92 24 0 1 2 25 92 315 3 333 1 5 90 74 0 1 2 75 93 75 0 1 2 125 105 24 0 1 2 125 99 315 3 333 1 15 101 74 0 1 2 175 96 75 0 1 2 225 100 24 0 1 2 225 91 315 3 333 1 25 90 614 2 25 2 275 97
3/4 614 2 75 0 0 106 615 0 1 2 25 101 24 0 1 2 25 104 315 3 333 1 5 102 54 0 1 2 75 91 55 0 1 2 125 86 24 0 1 2 125 93 315 3 333 1 15 101 54 0 1 2 175 94 55 0 1 2 225 103 24 0 1 2 225 95 315 3 333 1 25 104 54 2 25 2 275 96
3/4 54 2 75 0 0 96 55 0 1 2 25 92 224 0 1 2 25 97 315 3 333 1 5 86 54 0 1 2 75 92 55 0 1 2 125 91 224 0 1 2 125 72 35 3 333 1 15 71 54 0 1 2 175 72 55 0 1 2 225 63 14 0 1 2 225 69 35 3 333 1 25 76 524 2 25 2 275 63
3/4 524 2 75 0 0 66 525 0 1 2 25 56 14 0 1 2 25 62 24 3 333 1 5 63 23 0 1 2 75 64 24 0 1 2 125 61 524 0 1 2 125 61 14 3 333 1 15 45 23 0 1 2 175 58 24 0 1 0 2 50 54 0 1 0 2 47 714 3 333 3 2333 53 24 2 25 3 2667 52 25 0 1 2 275 59 55 0 1 2 275 39
3/4 715 3 333 0 0 42 25 3 333 3 333 41 26 0 1 3 667 50 56 0 1 3 667 52 716 2 25 2 75 51 25 3 333 0 1 42 26 0 1 3 1333 54 56 0 1 3 1333 53 716 2 25 3 1667 52 25 2 25 2 175 42 26 0 1 0 2 42 526 0 1 0 2 59 616 3 333 3 2333 49 25 2 25 3 2667 50 25 0 1 2 275 53 525 0 1 2 275 48
3/4 615 3 333 0 0 55 24 3 333 3 333 53 24 0 1 3 667 39 524 0 1 3 667 45 614 2 25 2 75 42 23 2 75 0 1 44 24 0 1 3 1333 50 524 0 1 3 1333 50 614 2 25 3 1667 56 713 0 1 2 175 49 714 0 1 0 2 58 314 0 1 0 2 47 54 3 333 3 2333 46 714 2 25 3 2667 40 715 0 1 2 275 44 315 0 1 2 275 45
3/4 55 3 333 0 0 48 715 3 333 3 333 59 716 0 1 3 667 44 316 0 1 3 667 54 56 2 25 2 75 52 15 3 333 0 1 42 16 0 1 3 1333 58 316 0 1 3 1333 48 56 2 25 3 1667 46 15 2 25 2 175 56 16 0 1 0 2 50 36 0 1 0 2 45 526 3 333 3 2333 45 15 2 25 3 2667 59 15 0 1 2 275 43 35 0 1 2 275 49
3/4 525 3 333 0 0 45 14 3 333 3 333 55 14 0 1 3 667 50 34 0 1 3 667 49 524 2 25 2 75 50 713 2 75 0 1 48 714 0 1 3 1333 44 34 0 1 3 1333 49 524 2 25 3 1667 51 713 2 25 2 175 53 54 0 1 0 2 42 13 0 1 0 2 54 314 3 333 3 2333 39 54 2 25 3 2667 55 55 0 1 2 275 44 14 0 1 2 275 54
3/4 315 3 333 0 0 53 55 3 333 3 333 49 56 0 1 3 667 55 15 0 1 3 667 42 316 2 25 2 75 39 56 3 333 0 1 48 57 0 1 3 1333 51 16 0 1 3 1333 46 317 2 25 3 1667 46 56 2 25 2 175 44 57 0 1 0 2 56 716 0 1 0 2 56 26 3 333 3 2333 57 56 2 25 3 2667 46 26 0 1 2 275 52 56 0 1 2 275 57
3/4 716 3 333 0 0 44 25 3 333 3 333 57 716 0 1 3 667 45 25 0 1 3 667 57 56 2 25 2 75 52 715 3 333 0 1 47 56 0 1 3 1333 42 715 0 1 3 1333 56 25 2 25 3 1667 48 525 2 25 2 175 52 526 0 1 0 2 41 715 0 1 0 2 44 25 3 333 3 2333 41 525 2 25 3 2667 42 25 0 1 2 275 51 525 0 1 2 275 43
3/4 715 3 333 0 0 58 24 3 333 3 333 46 715 0 1 3 667 48 24 0 1 3 667 48 525 2 75 2 75 57 74 3 333 0 1 54 75 0 1 3 1333 41 224 0 1 3 1333 59 525 2 25 3 1667 39 714 2 25 2 175 42 715 0 1 0 2 41 24 0 1 0 2 50 525 3 333 3 2333 56 714 2 25 3 2667 52 525 0 1 2 275 39 714 0 1 2 275 43
3/4 24 3 333 0 0 54 524 3 333 3 333 42 24 0 1 3 667 59 524 0 1 3 667 40 714 2 75 2 75 41 23 3 333 0 1 59 24 0 1 3 1333 56 524 0 1 3 1333 53 614 2 25 3 1667 40 23 0 1 2 175 40 24 0 1 0 2 50 54 0 1 0 2 58 714 3 333 3 2333 51 24 2 25 3 2667 53 25 0 1 2 275 51 55 0 1 2 275 53
3/4 715 3 333 0 0 51 25 3 333 3 333 39 26 0 1 3 667 58 56 0 1 3 667 58 716 2 25 2 75 51 25 3 333 0 1 58 26 0 1 3 1333 41 56 0 1 3 1333 52 716 2 25 3 1667 50 25 2 25 2 175 49 26 0 1 0 2 59 526 0 1 0 2 43 616 3 333 3 2333 51 25 2 25 3 2667 48 25 0 1 2 275 57 525 0 1 2 275 56
3/4 615 3 333 0 0 54 24 3 333 3 333 47 24 0 1 3 667 39 524 0 1 3 667 44 614 2 25 2 75 42 23 2 75 0 1 42 24 0 1 3 1333 59 524 0 1 3 1333 40 614 2 25 3 1667 53 713 0 1 2 175 39 714 0 1 0 2 49 314 0 1 0 2 43 54 3 333 3 2333 57 714 2 25 3 2667 39 715 0 1 2 275 47 315 0 1 2 275 47
3/4 55 3 333 0 0 53 715 3 333 3 333 52 716 0 1 3 667 40 316 0 1 3 667 58 56 2 25 2 75 51 15 3 333 0 1 56 16 0 1 3 1333 40 316 0 1 3 1333 44 56 2 25 3 1667 48 15 2 25 2 175 53 16 0 1 0 2 59 36 0 1 0 2 57 526 3 333 3 2333 57 15 2 25 3 2667 54 15 0 1 2 275 39 35 0 1 2 275 48
3/4 525 3 333 0 0 40 14 3 333 3 333 39 14 0 1 3 667 56 34 0 1 3 667 59 524 2 25 2 75 59 713 2 75 0 1 49 714 0 1 3 1333 47 34 0 1 3 1333 45 524 2 25 3 1667 39 713 2 25 2 175 49 54 0 1 0 2 45 13 0 1 0 2 47 314 3 333 3 2333 45 54 2 25 3 2667 39 55 0 1 2 275 44 14 0 1 2 275 54
3/4 315 3 333 0 0 59 55 3 333 3 333 58 56 0 1 3 667 55 15 0 1 3 667 41 316 2 25 2 75 55 56 3 333 0 1 49 57 0 1 3 1333 48 16 0 1 3 1333 42 317 2 25 3 1667 52 56 2 25 2 175 46 57 0 1 0 2 41 716 0 1 0 2 47 26 3 333 3 2333 44 56 2 25 3 2667 45 26 0 1 2 275 50 56 0 1 2 275 42
3/4 716 3 333 0 0 57 25 3 333 3 333 46 716 0 1 3 667 55 25 0 1 3 667 51 56 2 25 2 75 49 715 3 333 0 1 54 56 0 1 3 1333 54 715 0 1 3 1333 51 25 2 25 3 1667 45 55 2 25 2 175 55 25 0 1 0 2 43 55 0 1 0 2 45 715 3 333 3 2333 41 24 2 25 3 2667 56 715 0 1 2 275 47 24 0 1 2 275 58
3/4 55 3 333 0 0 56 714 3 333 3 333 54 55 0 1 3 667 47 714 0 1 3 667 40 24 2 25 2 75 49 54 3 333 0 1 44 24 0 1 3 1333 53 54 0 1 3 1333 54 714 2 25 3 1667 52 23 2 25 2 175 54 24 0 1 0 2 50 54 0 1 0 2 59 714 3 333 3 2333 41 23 2 25 3 2667 41 24 0 1 2 275 50 54 0 1 2 275 55
3/4 714 3 333 0 0 47 23 3 333 3 333 48 24 0 1 3 667 39 54 0 1 3 667 56 714 2 25 2 75 59 23 3 333 0 1 55 24 0 1 3 1333 45 54 0 1 3 1333 39 714 2 25 3 1667 43 23 2 25 2 175 55 24 0 1 0 2 55 54 0 1 0 2 52 714 3 333 3 2333 44 23 2 25 3 2667 40 24 0 1 2 275 32 54 0 1 2 275 33
3/4 714 3 333 0 0 39 23 3 333 3 333 49 24 0 1 3 667 29 54 0 1 3 667 44 714 2 25 2 75 36 23 3 333 0 1 33 24 0 1 3 1333 43 54 0 1 3 1333 43 714 2 25 3 1667 28 24 0 1 2 175 44 74 0 1 2 175 44 524 0 1 2 175 53 54 2 75 0 2 40 55 0 1 2 275 52 24 0 1 2 275 45 614 0 1 2 275 42
3/4 74 2 75 0 0 43 75 0 1 2 75 56 55 0 1 2 75 55 224 0 1 2 75 47 24 2 75 0 1 45 75 0 1 2 175 57 35 0 1 2 175 49 24 0 1 2 175 47 14 2 75 0 2 48 615 0 1 2 275 42 35 0 1 2 275 42 714 0 1 2 275 40
3/4 14 2 75 0 0 44 15 0 1 2 75 55 615 0 1 2 75 39 35 0 1 2 75 56 24 2 75 0 1 46 75 0 1 2 175 41 525 0 1 2 175 48 24 0 1 2 175 44 14 2 75 0 2 52 615 0 1 2 275 54 525 0 1 2 275 56 714 0 1 2 275 58
3/4 14 2 75 0 0 54 75 0 1 2 75 49 525 0 1 2 75 46 24 0 1 2 75 49 14 2 75 0 1 39 615 0 1 2 175 47 24 0 1 2 175 55 14 0 1 2 175 57 74 2 75 0 2 44 55 0 1 2 275 45 24 0 1 2 275 57 614 0 1 2 275 45
3/4 74 2 75 0 0 49 45 0 1 2 75 55 35 0 1 2 75 43 714 0 1 2 75 42 14 2 75 0 1 48 45 0 1 2 175 53 24 0 1 2 175 56 614 0 1 2 175 59 74 2 75 0 2 56 75 0 1 2 275 58 45 0 1 2 275 39 224 0 1 2 275 50
3/4 24 2 75 0 0 45 25 0 1 2 75 59 75 0 1 2 75 49 315 0 1 2 75 46 45 2 75 0 1 58 25 0 1 2 175 57 55 0 1 2 175 41 45 0 1 2 175 50 35 2 75 0 2 43 15 0 1 2 275 51 55 0 1 2 275 39 24 0 1 2 275 42
3/4 35 2 75 0 0 53 36 0 1 2 75 52 15 0 1 2 75 54 55 0 1 2 75 47 45 2 75 0 1 47 15 0 1 2 175 47 615 0 1 2 175 46 24 0 1 2 175 41 35 2 75 0 2 45 25 0 1 2 275 58 615 0 1 2 275 58 315 0 1 2 275 54
3/4 45 2 75 0 0 54 75 0 1 2 75 44 55 0 1 2 75 47 224 0 1 2 75 49 24 2 75 0 1 39 15 0 1 2 175 53 55 0 1 2 175 53 24 0 1 2 175 52 35 2 75 0 2 58 615 0 1 2 275 54 55 0 1 2 275 48 714 0 1 2 275 52
3/4 14 2 75 0 0 42 75 0 1 2 75 44 525 0 1 2 75 40 24 0 1 2 75 48 14 2 75 0 1 56 24 0 1 2 175 43 74 0 1 2 175 42 524 0 1 2 175 42 54 2 75 0 2 43 55 0 1 2 275 43 24 0 1 2 275 40 614 0 1 2 275 45
3/4 74 2 75 0 0 46 75 0 1 2 75 39 55 0 1 2 75 44 224 0 1 2 75 44 24 2 75 0 1 51 75 0 1 2 175 50 35 0 1 2 175 54 24 0 1 2 175 56 14 2 75 0 2 54 615 0 1 2 275 57 35 0 1 2 275 47 714 0 1 2 275 49
3/4 14 2 75 0 0 52 15 0 1 2 75 48 615 0 1 2 75 42 35 0 1 2 75 53 24 2 75 0 1 47 75 0 1 2 175 51 525 0 1 2 175 58 24 0 1 2 175 55 14 2 75 0 2 55 615 0 1 2 275 57 525 0 1 2 275 44 714 0 1 2 275 45
3/4 14 2 75 0 0 46 75 0 1 2 75 47 525 0 1 2 75 54 24 0 1 2 75 49 14 2 75 0 1 42 615 0 1 2 175 55 24 0 1 2 175 47 14 0 1 2 175 39 74 2 75 0 2 58 55 0 1 2 275 39 24 0 1 2 275 56 614 0 1 2 275 59
3/4 74 2 75 0 0 40 45 0 1 2 75 51 24 0 1 2 75 52 54 0 1 2 75 44 64 2 75 0 1 44 65 0 1 2 175 49 45 0 1 2 175 56 224 0 1 2 175 48 24 1 5 3 2333 51 25 0 1 2 275 52 65 0 1 2 275 57 315 0 1 2 275 66
3/4 25 0 1 0 0 57 65 0 1 0 0 69 315 0 1 0 0 67 45 1 5 3 333 66 46 0 1 2 75 66 25 0 1 2 75 78 55 0 1 2 75 63 65 1 5 3 1333 80 46 0 1 2 175 87 25 0 1 2 175 86 55 0 1 2 175 95 65 1 5 3 2333 89 36 0 1 2 275 66 15 0 1 2 275 69 525 0 1 2 275 71
3/4 36 0 1 0 0 73 15 0 1 0 0 74 525 0 1 0 0 79 55 1 5 3 333 59 25 0 1 2 75 70 75 0 1 2 75 53 525 0 1 2 75 53 55 1 5 3 1333 56 25 0 1 2 175 52 75 0 1 2 175 64 525 0 1 2 175 56 55 1 5 3 2333 63 15 0 1 2 275 74 615 0 1 2 275 69 525 0 1 2 275 68
3/4 15 0 1 0 0 59 615 0 1 0 0 66 525 0 1 0 0 69 55 1 5 3 333 65 25 0 1 2 75 70 75 0 1 2 75 80 525 0 1 2 75 73 55 1 5 3 1333 76 46 0 1 2 175 62 15 0 1 2 175 65 525 0 1 2 175 72 55 1 5 3 2333 55 36 0 1 2 275 56 15 0 1 2 275 66 525 0 1 2 275 63
3/4 36 0 1 0 0 58 15 0 1 0 0 58 525 0 1 0 0 63 55 1 5 3 333 63 525 0 1 2 75 60 24 0 1 2 75 63 714 0 1 2 75 56 14 1 5 3 1333 44 55 0 1 2 175 43 24 0 1 2 175 53 614 0 1 2 175 39 74 2 75 0 2 45 75 0 1 2 275 56 55 0 1 2 275 51 224 0 1 2 275 56
3/4 24 2 75 0 0 41 75 0 1 2 75 53 55 0 1 2 75 41 224 0 1 2 75 53 24 2 75 0 1 53 75 0 1 2 175 46 55 0 1 2 175 51 224 0 1 2 175 46 24 2 75 0 2 53 15 0 1 2 275 53 55 0 1 2 275 40 24 0 1 2 275 51
3/4 35 2 75 0 0 55 75 0 1 2 75 52 55 0 1 2 75 41 224 0 1 2 75 59 24 2 75 0 1 53 75 0 1 2 175 50 224 0 1 2 175 47 24 2 75 0 2 58 615 0 1 2 275 58 24 0 1 2 275 49 714 0 1 2 275 58
3/4 14 2 75 0 0 47 24 0 1 2 75 41 224 0 1 2 75 52 64 0 1 2 75 40 614 2 75 0 1 50 24 0 1 2 175 43 14 0 1 2 175 56 64 0 1 2 175 55 614 2 75 0 2 51 24 0 1 2 275 49 14 0 1 2 275 58 614 0 1 2 275 41
3/4 74 2 75 0 0 55 24 0 1 2 75 42 14 0 1 2 75 41 64 0 1 2 75 45 614 2 75 0 1 41 55 0 1 2 175 48 24 0 1 2 175 44 614 0 1 2 175 57 74 1 5 3 2333 57 75 0 1 2 275 58 55 0 1 2 275 58 224 0 1 2 275 47
3/4 75 0 1 0 0 50 55 0 1 0 0 42 224 0 1 0 0 39 24 1 5 3 333 48 75 0 1 2 75 53 55 0 1 2 75 59 224 0 1 2 75 45 24 1 5 3 1333 49 75 0 1 2 175 46 55 0 1 2 175 39 224 0 1 2 175 56 24 1 5 3 2333 47 15 0 1 2 275 53 55 0 1 2 275 48 24 0 1 2 275 46
3/4 15 0 1 0 0 58 55 0 1 0 0 55 24 0 1 0 0 52 35 1 5 3 333 40 75 0 1 2 75 39 55 0 1 2 75 47 224 0 1 2 75 49 24 1 5 3 1333 40 75 0 1 2 175 53 224 0 1 2 175 52 24 1 5 3 2333 48 615 0 1 2 275 52 24 0 1 2 275 57 714 0 1 2 275 51
3/4 615 0 1 0 0 54 24 0 1 0 0 49 714 0 1 0 0 42 14 1 5 3 333 45 24 0 1 2 75 51 224 0 1 2 75 51 64 0 1 2 75 56 614 1 5 3 1333 49 24 0 1 2 175 47 14 0 1 2 175 46 64 0 1 2 175 39 614 1 5 3 2333 47 24 0 1 2 275 51 14 0 1 2 275 44 614 0 1 2 275 48
3/4 24 0 1 0 0 45 14 0 1 0 0 42 614 0 1 0 0 51 74 1 5 3 333 58 24 0 1 2 75 54 14 0 1 2 75 48 64 0 1 2 75 47 614 1 5 3 1333 42 24 0 1 2 175 39 74 0 1 2 175 54 524 0 1 2 175 53 54 1 5 3 2333 61 55 0 1 2 275 70 24 0 1 2 275 71 614 0 1 2 275 73
3/4 55 0 1 0 0 69 24 0 1 0 0 55 614 0 1 0 0 70 74 1 5 3 333 68 75 0 1 2 75 68 55 0 1 2 75 75 224 0 1 2 75 69 24 1 5 3 1333 85 25 0 1 2 175 88 75 0 1 2 175 80 525 0 1 2 175 83 55 1 5 3 2333 91 56 0 1 2 275 96 25 0 1 2 275 91 615 0 1 2 275 91
3/4 56 0 1 0 0 91 25 0 1 0 0 89 615 0 1 0 0 95 75 1 5 3 333 94 76 0 1 2 75 89 56 0 1 2 75 96 225 0 1 2 75 97 25 1 5 3 1333 98 616 0 1 3 1667 104 316 0 1 3 1667 101 615 0 1 3 1667 103 57 0 1 2 175 118
3/4
3/4 25 0 1 3 1667 121 55 0 1 3 1667 104 24 0 1 3 1667 102 26 0 1 2 175 109
3/4
3/4 25 0 1 3 1667 48 615 0 1 3 1667 57 24 0 1 3 1667 57 26 0 1 2 175 53
3/4
3/4 14 2 25 2 175 101 55 0 1 2 175 91 54 0 1 2 175 104 714 0 1 0 2 91
3/4 714 0 2 0 0 100 55 0 1 0 0 99 54 0 1 0 0 101 14 2 25 2 175 87 714 0 1 0 2 91
3/4 55 0 1 0 0 87 54 0 1 0 0 98 714 0 2 0 0 88 14 2 25 3 1667 86 714 0 1 2 175 100 14 2 25 2 275 98
3/4 714 0 2 0 0 97 14 2 25 3 1667 88 714 0 1 2 175 89 14 2 25 2 275 93
3/4 714 2 175 0 0 96 14 2 25 2 175 86 714 3 333 0 2 87 14 3 333 3 2333 97 714 2 25 3 2667 93 14 2 25 2 275 95
3/4 714 3 333 0 0 90 14 3 333 3 333 108 714 2 25 3 667 91 14 2 25 2 75 93 714 3 333 0 1 99 14 3 333 3 1333 93 714 2 25 3 1667 99 14 2 25 2 175 113 714 3 333 0 2 97 14 3 333 3 2333 95 714 2 25 3 2667 100 14 2 25 2 275 103
3/4 714 3 333 0 0 117 14 3 333 3 333 103 714 2 25 3 667 118 14 2 25 2 75 100 714 3 333 0 1 114 14 3 333 3 1333 113 714 2 25 3 1667 101 14 2 25 2 175 108 714 3 333 0 2 103 14 3 333 3 2333 112 714 2 25 3 2667 115 14 2 25 2 275 110
3/4 714 3 333 0 0 121 14 3 333 3 333 124 714 2 25 3 667 125 14 2 25 2 75 126 714 3 333 0 1 112 14 3 333 3 1333 124 714 2 25 3 1667 117 14 2 25 2 175 118 714 3 333 0 2 127 14 3 333 3 2333 125 714 2 25 3 2667 120 14 2 25 2 275 121
3/4 714 3 333 0 0 116 614 3 333 3 333 125 714 3 333 3 667 127 24 3 333 0 1 120 14 3 333 2 125 117 714 3 333 1 15 128 714 2 125 2 175 120
17/4 714 2 175 0 0 125 23 0 1 2 175 123 54 0 1 2 275 132 614 0 1 2 375 132 714 0 1 2 475 128 24 0 1 2 575 128 55 0 1 2 675 116 615 0 1 2 775 128 715 0 1 2 875 131 25 0 1 2 975 131 56 0 1 2 1075 134 616 0 1 2 1175 130 716 0 2 2 1275 132
4/4 52 0 1 0 1 50 22 0 1 0 1 48 73 0 1 2 125 44 72 0 1 0 3 43 53 0 1 0 3 54 23 2 75 2 325 55
4/4 12 0 1 0 0 57 53 0 1 0 0 47 23 2 25 0 0 45 34 0 1 2 25 52 33 0 1 0 2 46 13 0 1 0 2 45 54 0 1 2 225 41 22 0 1 0 3 44 13 0 1 0 3 41 524 2 75 2 325 49
4/4 524 2 25 0 0 53 21 0 1 0 1 58 523 0 1 0 1 46 52 0 1 0 2 57 22 0 1 0 2 45 73 0 1 2 225 48
4/4 612 0 1 0 0 48 43 0 1 0 0 48 13 0 1 2 25 45 72 0 1 0 1 50 43 0 1 0 1 48 23 0 1 2 125 45 22 0 1 0 3 50 73 0 1 0 3 57 44 2 75 2 325 48
4/4 33 0 1 0 0 57 73 0 1 0 0 46 44 2 25 0 0 46 54 0 1 2 25 46 53 0 1 0 2 45 34 0 1 0 2 55 74 0 1 2 225 44 43 0 1 0 3 48 13 0 1 0 3 55 614 2 75 2 325 56
4/4 72 0 1 0 0 53 43 0 1 0 0 51 614 2 25 0 0 41 23 0 1 2 25 54 33 0 1 0 1 42 73 0 1 0 1 58 54 0 1 2 125 59 612 0 1 0 2 54 33 0 1 0 2 46 13 0 1 2 225 53
4/4 22 0 1 0 0 51 73 0 1 0 0 57 524 0 1 2 25 50 52 0 1 0 1 47 613 0 1 0 1 39 73 2 75 2 125 55 53 2 25 0 2 43 73 2 75 2 225 40 22 2 25 0 3 52 52 2 75 2 325 50
4/4 12 2 25 0 0 58 34 2 75 2 25 42 613 2 25 0 1 57 34 2 75 2 125 59 613 2 25 0 2 44 12 2 75 2 225 46 22 2 25 0 3 43 524 2 75 2 325 54
4/4 613 2 25 0 0 39 524 2 75 2 25 42 13 2 25 0 1 46 22 2 75 2 125 51 53 2 25 0 2 57 54 2 75 2 225 55 23 2 25 0 3 48 54 2 75 2 325 64
4/4 712 2 25 0 0 65 23 2 75 2 25 76 22 2 25 0 1 74 44 2 75 2 125 70 43 2 25 0 2 75 64 2 75 2 225 76 63 2 25 0 3 94 714 2 75 2 325 89
4/4 33 0 1 0 0 96 713 0 1 0 0 100 23 0 1 2 25 92 714 0 1 2 25 96 33 0 1 0 1 98 13 0 1 0 1 87 34 0 1 2 125 86 14 0 1 2 125 91 42 1 5 0 3 85
4/4 44 0 3 0 0 81 43 0 1 0 1 85 34 0 1 0 2 78 613 0 1 0 2 64
4/4 72 1 5 0 1 54 44 0 2 0 2 54 43 0 1 0 3 54
4/4 712 1 5 0 0 51 44 0 2 0 1 41 43 0 1 0 2 40 12 1 5 0 3 49
4/4 44 0 2 0 0 52 34 0 1 0 1 44 613 0 1 0 1 43 43 0 1 0 1 53 42 1 5 0 2 50 44 0 1 0 3 41
4/4 34 0 1 0 0 53 613 0 1 0 0 39 43 0 1 0 0 43 44 0 1 0 0 45 72 1 5 0 1 45 54 2 25 0 2 48 44 2 175 2 225 42 43 0 1 0 3 41
4/4 712 1 5 0 0 39 44 2 25 0 0 50 54 2 25 0 1 50 44 0 2 2 125 53 43 0 1 0 2 45 12 1 5 0 3 40
4/4 54 2 25 0 0 39 44 0 2 2 25 46 34 0 1 0 1 49 613 0 1 0 1 51 43 0 1 0 1 55 42 1 5 0 2 51 54 2 25 0 3 46 44 2 75 2 325 58
4/4 34 0 1 0 0 41 613 0 1 0 0 49 43 0 1 0 0 44 44 2 125 0 0 51 72 0 1 0 1 46 44 0 1 0 2 56 23 0 1 0 2 50 74 0 1 0 3 59 44 0 1 0 3 55
4/4 24 0 1 0 0 61 74 0 1 0 0 51 45 0 1 0 1 55 24 0 1 0 1 53 75 0 1 0 2 63 45 0 1 0 2 52 25 0 1 0 3 71 75 0 1 0 3 57
4/4
4/4 52 0 1 0 1 48 22 0 1 0 1 50 73 0 1 2 125 51 72 0 1 0 3 53 53 0 1 0 3 49 23 2 75 2 325 59
4/4 12 0 1 0 0 44 53 0 1 0 0 49 23 2 25 0 0 52 34 0 1 2 25 41 33 0 1 0 2 58 13 0 1 0 2 44 54 0 1 2 225 56 22 0 1 0 3 49 13 0 1 0 3 44 524 2 75 2 325 43
4/4 524 2 25 0 0 56 21 0 1 0 1 41 523 0 1 0 1 53 52 0 1 0 2 43 22 0 1 0 2 46 73 0 1 2 225 49
4/4 612 0 1 0 0 49 43 0 1 0 0 40 13 0 1 2 25 49 72 0 1 0 1 55 43 0 1 0 1 50 23 0 1 2 125 41 22 0 1 0 3 52 73 0 1 0 3 49 44 2 75 2 325 44
4/4 33 0 1 0 0 49 73 0 1 0 0 42 44 2 25 0 0 50 54 0 1 2 25 45 53 0 1 0 2 52 34 0 1 0 2 57 74 0 1 2 225 39 43 0 1 0 3 59 34 0 1 0 3 50 614 0 1 0 3 57
4/4 72 0 1 0 0 42 43 0 1 0 0 39 614 0 1 0 0 51 23 0 1 2 25 54 33 0 1 0 1 55 73 0 1 0 1 46 54 0 2 2 125 43 612 0 1 0 2 48 33 0 1 0 2 46 13 0 1 2 225 50
4/4 22 0 1 0 0 47 613 0 1 0 0 42 524 0 1 2 25 43 52 1 5 0 1 50 73 1 5 1 15 42 53 1 5 0 2 47 73 1 5 1 25 59 22 1 5 0 3 50 52 1 5 1 35 39
4/4 12 1 5 0 0 45 34 1 5 1 5 39 613 1 5 0 1 55 34 1 5 1 15 50 613 1 5 0 2 53 12 1 5 1 25 48 22 1 5 0 3 62 524 1 5 1 35 68
4/4 613 1 5 0 0 57 524 1 5 1 5 58 13 1 5 0 1 63 22 1 5 1 15 70 53 1 5 0 2 59 54 1 5 1 25 80 23 1 5 0 3 80 54 1 5 1 35 66
4/4 712 1 5 0 0 77 23 1 5 1 5 77 43 1 5 0 1 85 64 1 5 1 15 86 63 1 5 0 2 77 714 1 5 1 25 97 713 1 5 0 3 84 24 1 5 1 35 86 74 0 1 2 375 103 54 0 1 2 375 97 223 0 1 2 375 87
4/4 222 1 5 0 0 91 54 0 1 2 275 90 73 0 1 2 275 94 22 0 1 2 275 99 21 1 5 0 3 87
4/4 524 0 1 2 175 97 613 0 1 2 175 91 22 0 1 2 175 90 21 1 5 0 2 98
4/4 53 0 3 0 1 40 23 0 2 0 1 58 314 0 1 0 3 43
4/4 613 0 1 0 0 44 523 0 1 0 0 51 314 0 2 0 0 56 23 0 1 0 2 45 312 0 1 0 3 51 313 0 1 0 3 53
4/4 713 0 1 0 0 47 313 0 2 0 0 55 13 0 1 0 1 49 33 0 2 0 2 56 13 0 2 0 2 50
4/4 713 0 1 0 0 44 33 0 1 0 0 47 12 0 1 0 1 40 53 0 1 0 1 39 523 0 1 0 2 49 313 0 1 0 3 40
4/4 52 0 2 0 0 39 22 0 1 0 0 57 53 0 1 0 1 53 713 0 1 0 2 47 523 0 1 0 3 54 23 0 1 0 3 53
4/4 524 0 1 0 0 45 523 0 1 0 0 55 314 0 1 0 1 47 712 0 1 0 2 51 23 0 1 0 2 54 223 0 1 0 3 51
4/4 22 0 2 0 0 53 13 0 1 0 0 54 52 0 1 0 1 59 713 0 1 0 1 45 23 1 15 0 2 45 314 1 5 1 35 54
4/4 613 0 1 0 0 58 523 0 1 0 0 45 314 0 2 0 0 41 23 0 1 0 2 59 312 0 1 0 3 55 313 0 1 0 3 54
4/4 713 1 15 0 0 39 313 0 2 0 0 40 13 1 5 1 15 50 33 0 2 0 2 56 13 0 2 0 2 45
4/4 713 0 1 0 0 46 33 0 1 0 0 46 312 0 1 0 1 56 53 0 1 0 1 47 523 0 1 0 2 47 313 0 1 0 3 44
4/4 22 0 1 0 0 52 21 0 1 0 0 45 313 0 1 0 2 53 312 0 1 0 2 53 523 0 1 0 3 55 522 0 1 0 3 57
4/4 523 0 1 0 0 58 522 0 1 0 0 45 522 0 1 0 1 42 521 0 1 0 1 42 712 0 1 0 2 41 711 0 1 0 2 55
4/4 712 0 1 0 0 41 711 0 1 0 0 39 12 0 1 0 1 55 11 0 1 0 1 45
4/4 712 0 1 0 0 50 711 0 1 0 0 58 12 0 1 1 15 59 11 0 1 1 15 46 712 0 1 0 2 52 711 0 1 0 2 43 612 0 1 0 3 57 611 0 1 0 3 45
4/4 612 0 1 0 0 43 611 0 1 0 0 53 21 0 1 0 1 50 52 0 1 0 2 40 51 0 1 0 2 44
4/4 13 0 1 0 1 44 12 0 1 0 1 44
4/4 713 0 1 0 0 41 712 0 1 0 0 44 13 0 1 1 15 43 12 0 1 1 15 48 713 0 1 0 2 51 712 0 1 0 2 41 613 0 1 0 3 41 612 0 1 0 3 43
4/4 613 0 1 0 0 43 612 0 1 0 0 41 22 0 1 0 1 56 53 0 1 0 2 46 52 0 1 0 2 41
4/4 12 0 1 0 1 40 11 0 1 0 1 52 22 0 1 0 2 55 21 0 1 0 2 46 33 0 1 0 3 56 32 0 1 0 3 49
4/4 13 0 1 0 0 50 12 0 1 0 0 60 23 0 1 0 1 56 22 0 1 0 1 64 34 0 1 0 2 57 33 0 1 0 2 59 314 0 1 0 3 75 313 0 1 0 3 62
4/4 314 0 1 0 0 76 313 0 1 0 0 75 613 0 1 0 1 72 612 0 1 0 1 71 23 0 1 0 2 73 22 0 1 0 2 89
4/4 22 0 1 0 1 92 21 0 1 0 1 104 713 0 1 0 2 106 44 0 1 0 2 86 64 0 1 2 225 90 24 0 1 2 225 105 73 0 1 0 3 105 314 0 1 0 3 102 54 0 1 2 325 103 224 0 1 2 325 90
4/4 22 0 1 0 0 91 54 0 1 0 0 102 224 0 1 0 0 102 54 0 1 0 1 102 314 0 1 0 1 93 73 0 1 0 1 94 524 0 1 0 2 99 34 0 1 0 2 97 613 0 1 0 2 101 22 0 1 0 3 97 21 0 1 0 3 98
4/4 613 0 1 0 0 91 34 0 1 0 0 104 524 0 1 2 25 86 14 0 1 2 25 92 63 0 1 0 1 93 23 0 1 0 1 88 44 0 1 2 125 105 714 0 1 2 125 101 22 0 1 0 2 86 44 0 1 0 3 105 23 0 1 0 3 101 63 0 1 0 3 100
4/4 314 0 1 0 0 92 23 0 1 0 0 96 53 0 1 0 0 96 22 0 3 0 1 99 73 0 1 0 1 90 613 0 1 0 2 90 53 0 1 0 3 92
4/4 53 0 1 0 0 97 22 0 4 0 0 94 23 1 15 0 1 99 53 1 5 1 25 106 73 0 1 0 3 89
4/4 22 0 4 0 0 101 73 0 2 0 0 86 613 0 2 0 2 73
4/4 52 0 1 0 1 44 53 0 3 0 1 53 23 0 1 0 2 47 314 0 1 0 3 45
4/4 613 0 1 0 0 57 523 0 1 0 0 49 314 0 1 0 0 46 312 0 1 0 3 42 313 0 1 0 3 59
4/4 713 0 1 0 0 58 313 0 2 0 0 52 23 2 75 0 1 39 13 2 25 2 175 54 33 0 1 0 2 57 13 0 1 0 2 49
4/4 12 0 1 0 1 47 53 0 1 0 1 49 523 0 1 0 2 49 313 0 1 0 3 53
4/4 52 0 2 0 0 55 22 0 1 0 0 57 53 0 1 0 1 40 713 0 1 0 2 39 523 0 1 0 3 51 23 0 1 0 3 43
4/4 524 0 1 0 0 57 523 0 3 0 0 50 314 0 1 0 1 40 712 0 1 0 2 47 23 0 1 0 2 47 223 0 1 0 3 44
4/4 22 0 2 0 0 59 13 0 1 0 0 54 52 0 1 0 1 52 713 0 1 0 1 59 23 0 1 0 2 53 524 2 75 0 3 48 314 2 25 2 375 41
4/4 613 0 1 0 0 51 523 0 1 0 0 58 314 0 1 0 0 51 312 0 1 0 3 53 313 0 1 0 3 46
4/4 713 0 1 0 0 48 313 0 2 0 0 59 23 2 75 0 1 58 13 2 25 2 175 42 33 0 1 0 2 56 13 0 1 0 2 42
4/4 12 0 1 0 1 42 53 0 1 0 1 54 523 0 1 0 2 55 313 0 1 0 3 58
4/4 52 0 3 0 0 44 22 0 1 0 0 54 53 0 1 0 1 57 713 0 1 0 2 59 23 0 1 0 3 51
4/4 23 0 1 0 0 47 13 2 75 0 1 41 713 2 25 2 175 52 713 0 2 0 2 41
4/4 713 0 4 0 0 44
4/4 52 0 1 0 0 46 22 0 1 0 0 45 73 0 1 2 25 52 72 0 1 0 2 50 53 0 1 0 2 49 23 0 1 2 225 59 12 0 1 0 3 55 53 0 1 0 3 55 34 2 75 2 325 41
4/4 34 2 25 0 0 42 33 0 1 0 1 49 13 0 1 0 1 43 54 0 1 2 125 46 22 0 1 0 2 49 13 0 1 0 2 54 524 0 1 2 225 59
4/4 21 0 1 0 0 48 523 0 1 0 0 43 52 0 1 0 1 39 22 0 1 0 1 39 73 0 1 2 125 55 612 0 1 0 3 58 43 0 1 0 3 50 13 2 75 2 325 43
4/4 72 0 1 0 0 41 43 0 1 0 0 52 13 2 25 0 0 49 23 0 1 2 25 55 22 0 1 0 2 58 73 0 1 0 2 55 44 0 1 2 225 50 33 0 1 0 3 49 73 0 1 0 3 42 54 2 75 2 325 54
4/4 54 2 25 0 0 40 53 0 1 0 1 52 34 0 1 0 1 51 74 0 1 2 125 47 43 0 1 0 2 44 13 0 1 0 2 45 614 0 1 2 225 56 72 0 1 0 3 54 43 0 1 0 3 56 23 2 75 2 325 49
4/4 33 0 1 0 0 55 73 0 1 0 0 40 23 2 25 0 0 57 54 0 1 2 25 57 612 0 1 0 1 52 33 0 1 0 1 53 13 0 1 2 125 41 22 0 1 0 3 57 73 0 1 0 3 51 524 2 75 2 325 59
4/4 52 2 25 0 0 41 524 2 25 0 0 53 73 2 75 2 25 44 53 2 25 0 1 52 73 2 75 2 125 52 22 2 25 0 2 50 52 2 75 2 225 52 12 2 25 0 3 58 34 2 75 2 325 55
4/4 613 2 25 0 0 47 34 2 75 2 25 58 613 2 25 0 1 57 12 2 75 2 125 39 22 2 25 0 2 49 524 2 75 2 225 46 613 2 25 0 3 45 524 2 75 2 325 48
4/4 13 2 25 0 0 41 22 2 75 2 25 46 53 2 25 0 1 59 54 2 75 2 125 41 23 2 25 0 2 40 54 2 75 2 225 48 712 2 25 0 3 57 23 2 75 2 325 41
4/4 43 1 5 0 0 47 64 1 5 1 5 54 63 1 5 0 1 68 714 1 5 1 15 83 713 1 5 0 2 93 24 1 5 1 25 79 713 0 1 0 3 86 44 0 1 0 3 105 64 0 1 2 325 105 24 0 1 2 325 104
4/4 14 0 1 0 0 77 54 0 1 0 0 70 34 0 1 0 0 85 13 0 1 0 0 72 64 0 1 0 0 94 24 0 1 0 0 90 74 0 1 0 1 66 54 0 1 0 1 60 23 0 1 0 1 63 74 0 1 0 2 55 54 0 1 0 2 63 23 0 1 0 2 59 614 0 1 0 3 55 54 0 1 0 3 56 34 0 1 0 3 65
4/4 74 0 1 0 0 63 54 0 1 0 0 77 23 0 1 0 0 71 614 0 1 0 1 65 54 0 1 0 1 77 34 0 1 0 1 77 13 0 1 0 1 70 23 0 1 0 3 64 22 0 1 0 3 51
4/4 52 1 5 0 0 40 23 0 2 0 1 39 22 0 1 0 2 45 21 1 5 0 3 43
4/4 23 0 2 0 0 52 22 0 1 0 1 51 522 1 5 0 2 42 23 0 1 0 3 41
4/4 22 0 1 0 0 58 23 0 1 0 0 58 21 1 5 0 1 43 23 0 2 0 2 40 22 0 1 0 3 57
4/4 52 1 5 0 0 50 34 2 25 0 1 54 23 0 2 2 125 49 22 0 1 0 2 42 21 1 5 0 3 57
4/4 34 2 25 0 0 48 23 0 2 2 25 49 22 0 1 0 1 53 522 1 5 0 2 53 34 2 25 0 3 53 23 2 75 2 325 44
4/4 22 0 1 0 0 58 23 2 125 0 0 45 21 1 5 0 1 46 34 2 25 0 2 54 23 2 175 2 225 54 22 0 1 0 3 45
4/4 52 0 1 0 0 50 23 2 25 0 0 44 54 0 1 0 1 65 73 0 1 0 1 62 53 0 1 0 1 72 54 0 1 0 2 69 73 0 1 0 2 64 523 0 1 0 2 67 54 0 1 0 3 90 73 0 1 0 3 85 43 0 1 0 3 85
4/4 54 0 1 0 0 80 73 0 1 0 0 93 33 0 1 0 0 94 54 0 1 0 1 92 73 0 1 0 1 108 22 0 1 0 1 104 54 0 1 2 175 112 613 0 1 2 175 117 222 0 1 2 175 102 221 0 1 0 2 102
4/4
4/4 22 0 2 0 0 110 54 0 1 0 0 120 73 0 1 0 0 119 12 0 1 0 2 51 11 0 1 0 2 44 72 0 1 0 3 56 71 0 1 0 3 51
4/4 72 0 1 0 0 43 71 0 1 0 0 50 33 0 1 0 1 45 32 0 1 0 1 58 613 0 1 0 2 48 22 0 1 0 2 42 54 0 1 0 2 51
4/4 613 0 1 0 0 42 22 0 1 0 0 43 54 0 1 0 0 40 524 0 2 0 1 39
4/4 52 0 4 0 0 102 313 2 25 0 0 94 22 0 3 2 25 101 313 2 25 0 3 101 22 2 75 2 325 104
4/4 52 0 4 0 0 97 22 2 225 0 0 99 313 2 25 2 175 98 22 0 1 0 2 93 313 2 25 0 3 88 22 2 75 2 325 87
4/4 52 0 4 0 0 99 22 2 125 0 0 102 313 2 25 2 75 102 22 0 1 0 1 102 313 2 25 0 2 97 22 2 175 2 225 97
4/4 313 2 25 0 0 93 52 0 4 0 0 98 22 2 25 2 25 95 313 2 25 1 5 92 22 2 25 2 75 106 313 2 25 0 1 90 22 2 25 2 125 95 313 2 25 1 15 107 22 2 25 2 175 92 313 2 25 0 2 97 22 2 25 2 225 103 313 2 25 1 25 110 22 2 25 2 275 108 313 2 25 0 3 106 22 2 25 2 325 113 313 2 25 1 35 115 22 2 25 2 375 97
4/4 313 2 25 0 0 112 52 0 4 0 0 93 22 2 25 2 25 108 313 2 25 1 5 106 22 2 25 2 75 101 313 2 25 0 1 101 22 2 25 2 125 100 313 2 25 1 15 116 22 2 25 2 175 117 313 2 25 0 2 109 22 2 25 2 225 108 313 2 25 1 25 110 22 2 25 2 275 111 313 2 25 0 3 121 22 2 25 2 325 121 313 2 25 1 35 109 22 2 25 2 375 112
4/4 313 2 25 0 0 123 52 0 4 0 0 86 22 2 25 2 25 126 313 2 25 1 5 121 22 2 25 2 75 126 313 2 25 0 1 129 22 2 25 2 125 112 313 2 25 1 15 127 22 2 25 2 175 129 313 2 25 0 2 122 22 2 25 2 225 116 12 3 333 1 25 132 22 3 333 2 275 119 523 3 333 0 3 122 313 3 333 3 3333 128 22 3 333 3 3667 119
4/4 51 0 3 0 0 127 52 1 5 0 1 124 22 1 5 1 15 126 53 1 5 0 2 128 713 1 5 1 25 128
