4/4 64 1 5 0 0 67 713 1 5 1 5 67 223 1 5 0 1 67 713 1 5 1 15 67 64 1 5 0 2 67 713 1 5 1 25 67 223 1 5 0 3 67 713 1 5 1 35 67
4/4 314 1 5 0 0 67 713 1 5 1 5 67 223 1 5 0 1 67 713 1 5 1 15 67 714 1 5 0 2 67 713 1 5 1 25 67 223 1 5 0 3 67 713 1 5 1 35 67
4/4 64 1 5 0 0 67 713 1 5 1 5 67 223 1 5 0 1 67 713 1 5 1 15 67 64 1 5 0 2 67 713 1 5 1 25 67 223 1 5 0 3 67 713 1 5 1 35 67
4/4 314 1 5 0 0 67 713 1 5 1 5 67 223 1 5 0 1 67 713 1 5 1 15 67 714 1 5 0 2 67 713 1 5 1 25 67 223 1 5 0 3 67 713 1 5 1 35 67
4/4 64 1 5 0 0 67 713 1 5 1 5 67 223 1 5 0 1 67 713 1 5 1 15 67 64 1 5 0 2 67 713 1 5 1 25 67 223 1 5 0 3 67 713 1 5 1 35 67
4/4 314 1 5 0 0 67 713 1 5 1 5 67 223 1 5 0 1 67 713 1 5 1 15 67 714 1 5 0 2 67 713 1 5 1 25 67 223 1 5 0 3 67 713 1 5 1 35 67
4/4 64 1 5 0 0 67 713 1 5 1 5 67 223 1 5 0 1 67 713 1 5 1 15 67 64 1 5 0 2 67 713 1 5 1 25 67 223 1 5 0 3 67 713 1 5 1 35 67
4/4 613 0 1 0 0 64 713 0 1 0 0 64 223 0 1 2 25 64 314 0 1 2 25 64
4/4 315 1 5 1 5 68 315 2 25 0 1 68 315 1 5 2 125 68 315 2 75 2 175 68 24 1 5 1 25 68 224 1 5 0 3 68 714 1 5 1 35 68
4/4 714 2 75 0 0 68 224 2 275 2 75 68 614 2 25 2 375 68
4/4 614 1 5 0 0 68 615 1 5 1 5 68 615 1 5 0 1 68 615 1 5 1 15 68 65 1 5 0 2 68 525 1 5 1 25 68 315 1 5 0 3 68 614 2 25 1 35 68 525 2 25 2 375 68
4/4 525 0 1 0 0 68 524 0 1 0 1 68 525 1 5 0 2 68 315 1 5 1 25 68 24 1 5 0 3 68 525 2 25 1 35 68 315 2 25 2 375 68
4/4 315 1 25 0 0 68 614 2 25 2 275 68 714 2 25 0 3 68 224 2 75 2 325 68
4/4 614 0 1 0 0 68 224 0 1 0 0 68 224 2 25 1 5 68 224 2 75 2 75 68 224 1 5 1 15 68 315 1 5 0 2 68 224 1 5 1 25 68 714 1 5 0 3 68 614 1 5 1 35 68
4/4 614 2 75 0 0 68 714 0 3 2 75 68
4/4 614 0 1 0 1 68 64 0 2 0 2 68
4/4 315 1 5 1 5 68 315 2 25 0 1 68 315 1 5 2 125 68 315 2 75 2 175 68 24 1 5 1 25 68 224 1 5 0 3 68 714 1 5 1 35 68
4/4 714 2 75 0 0 68 224 2 225 2 75 68 313 2 75 0 3 73 614 2 25 2 375 68
4/4 614 1 5 0 0 68 615 1 5 1 5 68 615 1 5 0 1 68 615 1 5 1 15 68 65 1 5 0 2 68 525 1 5 1 25 68 315 1 5 0 3 68 614 2 25 1 35 68 525 2 25 2 375 68
4/4 525 0 1 0 0 68 524 0 1 0 1 68 525 1 5 0 2 68 315 1 5 1 25 68 24 1 5 0 3 68 525 2 25 1 35 68 315 2 25 2 375 68
4/4 315 1 25 0 0 68 614 2 25 2 275 68 714 2 25 0 3 68 224 2 75 2 325 68
4/4 614 0 1 0 0 68 224 0 1 0 0 68 224 2 25 1 5 68 224 2 75 2 75 68 224 1 5 1 15 68 315 1 5 0 2 68 224 1 5 1 25 68 714 1 5 0 3 68 614 1 5 1 35 68
4/4 614 1 5 0 0 68 714 1 5 1 5 68 224 1 5 0 1 68 714 0 1 1 15 68 614 1 5 1 25 68 64 1 5 0 3 68 614 2 25 1 35 68 614 2 25 2 375 68
4/4 614 2 275 0 0 68 525 1 5 0 3 68 225 1 5 1 35 68
4/4 224 0 1 0 0 67 525 0 1 0 0 67 225 0 1 0 0 67 714 0 1 1 5 67 715 0 1 1 5 67 714 0 1 2 75 67 715 0 1 2 75 67 614 0 1 2 125 67 615 0 1 2 125 67 714 0 1 1 15 67 715 0 1 1 15 67 525 1 5 0 3 67 615 1 5 1 35 67
4/4 224 0 1 0 0 64 525 0 1 0 0 64 225 0 1 0 0 64 714 0 1 1 5 64 715 0 1 1 5 64 714 0 1 2 75 64 715 0 1 2 75 64 614 0 1 2 125 64 615 0 1 2 125 64 714 0 1 1 15 64 715 0 1 1 15 64
4/4 315 0 1 0 0 64 65 0 1 0 0 64 316 0 1 0 0 64 315 0 1 1 5 64 65 0 1 1 5 64 316 0 1 1 5 64 315 0 1 2 75 64 65 0 1 2 75 64 316 0 1 2 75 64 315 0 1 2 125 64 65 0 1 2 125 64 316 0 1 2 125 64 315 0 1 1 15 64 65 0 1 1 15 64 316 0 1 1 15 64 24 0 1 1 25 64 25 0 1 1 25 64 224 0 1 0 3 64 225 0 1 0 3 64 715 0 1 1 35 64 716 0 1 1 35 64
4/4 615 0 1 0 0 64 616 0 1 0 0 64 224 0 1 1 5 64 225 0 1 1 5 64 224 0 1 2 75 64 225 0 1 2 75 64 525 1 5 0 3 64 615 1 5 1 35 64
4/4 224 0 1 0 0 64 525 0 1 0 0 64 225 0 1 0 0 64 714 0 1 1 5 64 715 0 1 1 5 64 714 0 1 2 75 64 715 0 1 2 75 64 614 0 1 2 125 64 615 0 1 2 125 64 714 0 1 1 15 64 715 0 1 1 15 64 525 1 5 0 3 64 615 1 5 1 35 64
4/4 224 0 1 0 0 64 315 0 1 0 0 64 225 0 1 0 0 64 714 0 1 1 5 64 715 0 1 1 5 64 714 0 1 2 75 64 715 0 1 2 75 64 614 0 1 2 125 64 615 0 1 2 125 64 714 0 1 1 15 64 715 0 1 1 15 64 614 0 1 1 35 64 615 0 1 1 35 64
4/4 614 0 1 0 0 64 615 0 1 0 0 64 714 0 1 1 5 64 715 0 1 1 5 64 224 0 1 0 1 64 225 0 1 0 1 64 714 0 1 1 15 64 715 0 1 1 15 64 314 0 1 1 25 64 315 0 1 1 25 64 314 0 1 0 3 64 315 0 1 0 3 64 614 0 1 1 35 64 615 0 1 1 35 64
4/4 614 0 1 0 0 64 615 0 1 0 0 64 714 0 1 1 5 64 715 0 1 1 5 64 224 0 1 0 1 64 225 0 1 0 1 64 714 0 1 2 175 64 315 0 1 2 175 64 715 0 1 2 175 64 614 1 5 1 35 64
4/4 64 0 2 0 0 64 524 0 1 0 2 64 614 0 1 0 3 64
2/4 314 0 1 0 0 64 64 0 1 0 0 64 714 0 1 0 0 64 224 0 1 0 1 72 225 0 1 0 1 72 24 0 1 1 15 76 25 0 1 1 15 76
4/4 315 0 1 0 0 80 615 0 1 0 0 80 225 0 1 0 0 80 316 0 1 0 0 80 315 0 1 1 5 80 615 0 1 1 5 80 225 0 1 1 5 80 316 0 1 1 5 80 315 0 1 2 75 80 615 0 1 2 75 80 225 0 1 2 75 80 316 0 1 2 75 80 315 0 1 2 125 80 615 0 1 2 125 80 225 0 1 2 125 80 316 0 1 2 125 80 315 0 1 1 15 80 615 0 1 1 15 80 225 0 1 1 15 80 316 0 1 1 15 80 525 0 1 1 25 80 526 0 1 1 25 80 315 0 1 0 3 80 316 0 1 0 3 80
4/4 315 0 1 0 0 80 65 0 1 0 0 80 715 0 1 0 0 80 316 0 1 0 0 80 315 0 1 1 5 80 65 0 1 1 5 80 715 0 1 1 5 80 316 0 1 1 5 80 315 0 1 2 75 80 65 0 1 2 75 80 715 0 1 2 75 80 316 0 1 2 75 80 315 0 1 2 125 80 65 0 1 2 125 80 715 0 1 2 125 80 316 0 1 2 125 80 715 0 1 1 15 80 716 0 1 1 15 80 615 0 1 1 25 80 616 0 1 1 25 80 65 0 1 0 3 80 66 0 1 0 3 80 615 0 1 1 35 80 616 0 1 1 35 80 615 0 1 2 375 80 225 0 1 2 375 80 616 0 1 2 375 80
4/4 615 0 1 0 0 80 225 0 1 0 0 80 616 0 1 0 0 80
4/4 615 0 1 0 0 80 225 0 1 0 0 80 616 0 1 0 0 80 615 0 1 1 15 80 225 0 1 1 15 80 616 0 1 1 15 80 65 0 1 0 2 80 225 0 1 0 2 80 66 0 1 0 2 80 615 0 1 1 25 80 225 0 1 1 25 80 616 0 1 1 25 80 65 0 1 0 3 80 225 0 1 0 3 80 66 0 1 0 3 80 315 0 1 1 35 80 316 0 1 1 35 80 525 0 1 2 375 80 526 0 1 2 375 80
4/4 525 0 1 0 0 80 526 0 1 0 0 80 525 0 1 1 15 80 526 0 1 1 15 80 525 0 1 0 2 80 526 0 1 0 2 80 315 0 1 1 25 80 316 0 1 1 25 80 24 0 1 0 3 80 25 0 1 0 3 80 525 0 1 1 35 80 526 0 1 1 35 80 315 0 1 2 375 80 316 0 1 2 375 80
4/4 315 0 1 0 0 80 316 0 1 0 0 80 525 2 25 2 175 80 224 0 1 0 2 80 525 0 1 0 2 80 225 0 1 0 2 80 714 0 1 1 25 80 715 0 1 1 25 80 714 0 1 2 275 80 715 0 1 2 275 80 614 0 1 1 35 80 615 0 1 1 35 80 714 0 1 2 375 80 715 0 1 2 375 80
4/4 714 0 1 0 0 80 715 0 1 0 0 80 525 2 25 1 15 80 615 2 25 2 175 80 224 0 1 0 2 80 525 0 1 0 2 80 225 0 1 0 2 80 714 0 1 1 25 80 715 0 1 1 25 80 714 0 1 2 275 80 715 0 1 2 275 80 614 0 1 1 35 80 615 0 1 1 35 80 714 0 1 2 375 80 715 0 1 2 375 80
4/4 714 0 1 0 0 80 715 0 1 0 0 80 614 0 1 0 1 80 64 0 1 0 2 80 224 0 1 0 3 80 225 0 1 0 3 80 24 0 1 1 35 80 25 0 1 1 35 80
4/4 315 0 1 0 0 80 615 0 1 0 0 80 225 0 1 0 0 80 316 0 1 0 0 80 315 0 1 1 5 80 615 0 1 1 5 80 225 0 1 1 5 80 316 0 1 1 5 80 315 0 1 2 75 80 615 0 1 2 75 80 225 0 1 2 75 80 316 0 1 2 75 80 315 0 1 2 125 80 615 0 1 2 125 80 225 0 1 2 125 80 316 0 1 2 125 80 315 0 1 1 15 80 615 0 1 1 15 80 225 0 1 1 15 80 316 0 1 1 15 80 525 0 1 1 25 80 526 0 1 1 25 80 315 0 1 0 3 80 316 0 1 0 3 80
4/4 315 0 1 0 0 80 65 0 1 0 0 80 715 0 1 0 0 80 316 0 1 0 0 80 315 0 1 1 5 80 65 0 1 1 5 80 715 0 1 1 5 80 316 0 1 1 5 80 315 0 1 2 75 80 65 0 1 2 75 80 715 0 1 2 75 80 316 0 1 2 75 80 315 0 1 2 125 80 65 0 1 2 125 80 715 0 1 2 125 80 316 0 1 2 125 80 715 0 1 1 15 80 716 0 1 1 15 80 615 0 1 1 25 80 616 0 1 1 25 80 65 0 1 0 3 80 66 0 1 0 3 80 615 0 1 1 35 80 616 0 1 1 35 80 615 0 1 2 375 80 225 0 1 2 375 80 616 0 1 2 375 80
4/4 615 0 1 0 0 80 225 0 1 0 0 80 616 0 1 0 0 80
4/4 524 0 1 0 0 80 614 0 1 0 0 80 615 0 1 1 15 80 616 0 1 1 15 80 65 0 1 0 2 80 66 0 1 0 2 80 615 0 1 1 25 80 616 0 1 1 25 80 65 0 1 0 3 80 66 0 1 0 3 80 315 0 1 1 35 80 316 0 1 1 35 80
4/4 525 0 1 0 0 80 526 0 1 0 0 80 224 0 1 0 1 80 225 0 1 0 1 80 714 0 1 0 2 80 715 0 1 0 2 80 614 0 1 1 25 80 615 0 1 1 25 80 614 0 1 2 275 80 615 0 1 2 275 80 714 0 1 2 325 80 715 0 1 2 325 80 714 0 1 1 35 80 715 0 1 1 35 80
4/4 714 0 1 0 0 80 715 0 1 0 0 80 314 0 1 2 275 80 315 0 1 2 275 80 524 0 1 0 3 80 525 0 1 0 3 80 614 0 1 1 35 80 615 0 1 1 35 80 614 0 1 2 375 80 615 0 1 2 375 80
4/4 614 0 1 0 0 80 615 0 1 0 0 80
4/4 614 0 1 0 0 80 615 0 1 0 0 80 45 0 1 0 2 80 615 0 1 0 2 80 46 0 1 0 2 80
4/4 315 1 5 1 5 80 315 2 25 0 1 80 315 1 5 2 125 80 315 2 75 2 175 80 24 1 5 1 25 80 224 1 5 0 3 80 714 1 5 1 35 80
4/4 714 2 75 0 0 80 224 2 225 2 75 80 313 2 75 0 3 84 614 2 25 2 375 80
4/4 614 1 5 0 0 80 615 1 5 1 5 80 615 1 5 0 1 80 615 1 5 1 15 80 65 1 5 0 2 80 525 1 5 1 25 80 315 1 5 0 3 80 614 2 25 1 35 80 525 2 25 2 375 80
4/4 525 0 2 0 0 80 525 1 5 0 2 80 315 1 5 1 25 80 24 1 5 0 3 80 525 2 25 1 35 80 315 2 25 2 375 80
4/4 315 1 25 0 0 80 614 2 25 2 275 80 714 2 25 0 3 80 224 2 75 2 325 80
4/4 614 0 1 0 0 80 224 0 1 0 0 80 224 2 25 1 5 80 224 2 75 2 75 80 224 1 5 1 15 80 315 1 5 0 2 80 224 1 5 1 25 80 714 1 5 0 3 80 614 1 5 1 35 80
4/4 614 1 5 0 0 80 714 1 5 1 5 80 224 1 5 0 1 80 714 0 1 1 15 80 614 1 5 1 25 80 64 1 5 0 3 80 614 2 25 1 35 80 614 2 25 2 375 80
4/4 614 2 275 0 0 80 525 1 5 0 3 80 225 1 5 1 35 80
4/4 224 0 1 0 0 80 525 0 1 0 0 80 225 0 1 0 0 80 714 0 1 1 5 80 715 0 1 1 5 80 714 0 1 2 75 80 715 0 1 2 75 80 614 0 1 2 125 80 615 0 1 2 125 80 714 0 1 1 15 80 715 0 1 1 15 80 525 2 25 1 35 80 615 2 25 2 375 80
4/4 224 0 1 0 0 80 525 0 1 0 0 80 225 0 1 0 0 80 714 0 1 1 5 80 715 0 1 1 5 80 714 0 1 2 75 80 715 0 1 2 75 80 614 0 1 2 125 80 615 0 1 2 125 80 714 0 1 1 15 80 715 0 1 1 15 80
4/4 315 0 1 0 0 80 65 0 1 0 0 80 316 0 1 0 0 80 315 0 1 1 5 80 65 0 1 1 5 80 316 0 1 1 5 80 315 0 1 2 75 80 65 0 1 2 75 80 316 0 1 2 75 80 315 0 1 2 125 80 65 0 1 2 125 80 316 0 1 2 125 80 315 0 1 1 15 80 65 0 1 1 15 80 316 0 1 1 15 80 24 0 1 1 25 80 25 0 1 1 25 80 224 0 1 0 3 80 225 0 1 0 3 80 715 0 1 1 35 80 716 0 1 1 35 80
4/4 615 0 1 0 0 80 616 0 1 0 0 80 224 0 1 1 5 80 225 0 1 1 5 80 224 0 1 2 75 80 225 0 1 2 75 80 525 1 5 0 3 80 615 1 5 1 35 80
4/4 224 0 1 0 0 80 525 0 1 0 0 80 225 0 1 0 0 80 714 0 1 1 5 80 715 0 1 1 5 80 714 0 1 2 75 80 715 0 1 2 75 80 614 0 1 2 125 80 615 0 1 2 125 80 714 0 1 1 15 80 715 0 1 1 15 80 525 2 25 1 35 80 615 2 25 2 375 80
4/4 224 0 1 0 0 80 315 0 1 0 0 80 225 0 1 0 0 80 714 0 1 1 5 80 715 0 1 1 5 80 714 0 1 2 75 80 715 0 1 2 75 80 315 0 1 2 125 80 316 0 1 2 125 80 224 0 1 1 15 80 225 0 1 1 15 80 714 0 1 1 25 80 715 0 1 1 25 80 615 1 5 1 35 80
4/4 615 1 5 0 0 80 715 1 5 1 5 80 225 1 5 0 1 80 715 0 1 1 15 80 315 1 5 1 25 80 315 1 5 0 3 80 615 1 5 1 35 80
4/4 615 1 5 0 0 80 715 1 5 1 5 80 225 2 75 0 1 80 714 0 1 2 175 80 315 0 1 2 175 80 715 0 1 2 175 80 614 1 5 1 35 80
4/4 64 1 15 0 0 80 314 1 5 1 15 80 524 0 1 0 2 80 614 0 1 0 3 80
2/4 54 0 1 0 0 80 224 0 1 0 1 80 225 0 1 0 1 80 24 0 1 1 15 80 25 0 1 1 15 80
4/4 315 0 1 0 0 80 615 0 1 0 0 80 225 0 1 0 0 80 316 0 1 0 0 80 315 0 1 1 5 80 615 0 1 1 5 80 225 0 1 1 5 80 316 0 1 1 5 80 315 0 1 2 75 80 615 0 1 2 75 80 225 0 1 2 75 80 316 0 1 2 75 80 315 0 1 2 125 80 615 0 1 2 125 80 225 0 1 2 125 80 316 0 1 2 125 80 315 0 1 1 15 80 615 0 1 1 15 80 225 0 1 1 15 80 316 0 1 1 15 80 525 0 1 1 25 80 526 0 1 1 25 80 315 0 1 0 3 80 316 0 1 0 3 80
4/4 315 0 1 0 0 80 65 0 1 0 0 80 715 0 1 0 0 80 316 0 1 0 0 80 315 0 1 1 5 80 65 0 1 1 5 80 715 0 1 1 5 80 316 0 1 1 5 80 315 0 1 2 75 80 65 0 1 2 75 80 715 0 1 2 75 80 316 0 1 2 75 80 315 0 1 2 125 80 65 0 1 2 125 80 715 0 1 2 125 80 316 0 1 2 125 80 715 0 1 1 15 80 716 0 1 1 15 80 615 0 1 1 25 80 616 0 1 1 25 80 65 0 1 0 3 80 66 0 1 0 3 80 615 0 1 1 35 80 616 0 1 1 35 80 615 0 1 2 375 80 225 0 1 2 375 80 616 0 1 2 375 80
4/4 615 0 1 0 0 80 225 0 1 0 0 80 616 0 1 0 0 80
4/4 615 0 1 0 0 80 225 0 1 0 0 80 616 0 1 0 0 80 615 0 1 1 15 80 225 0 1 1 15 80 616 0 1 1 15 80 65 0 1 0 2 80 225 0 1 0 2 80 66 0 1 0 2 80 615 0 1 1 25 80 225 0 1 1 25 80 616 0 1 1 25 80 65 0 1 0 3 80 225 0 1 0 3 80 66 0 1 0 3 80 315 0 1 1 35 80 316 0 1 1 35 80 525 0 1 2 375 80 526 0 1 2 375 80
4/4 525 0 1 0 0 80 526 0 1 0 0 80 525 0 1 1 15 80 526 0 1 1 15 80 525 0 1 0 2 80 526 0 1 0 2 80 315 0 1 1 25 80 316 0 1 1 25 80 24 0 1 0 3 80 25 0 1 0 3 80 525 0 1 1 35 80 526 0 1 1 35 80 315 0 1 2 375 80 316 0 1 2 375 80
4/4 315 0 1 0 0 80 316 0 1 0 0 80 525 2 25 2 175 80 224 0 1 0 2 80 525 0 1 0 2 80 225 0 1 0 2 80 714 0 1 1 25 80 715 0 1 1 25 80 714 0 1 2 275 80 715 0 1 2 275 80 614 0 1 1 35 80 615 0 1 1 35 80 714 0 1 2 375 80 715 0 1 2 375 80
4/4 714 0 1 0 0 80 715 0 1 0 0 80 525 2 25 1 15 80 615 2 25 2 175 80 224 0 1 0 2 80 525 0 1 0 2 80 225 0 1 0 2 80 714 0 1 1 25 80 715 0 1 1 25 80 714 0 1 2 275 80 715 0 1 2 275 80 614 0 1 1 35 80 615 0 1 1 35 80 714 0 1 2 375 80 715 0 1 2 375 80
4/4 714 0 1 0 0 80 715 0 1 0 0 80 614 0 1 0 1 80 64 0 1 0 2 80 224 0 1 0 3 80 225 0 1 0 3 80 24 0 1 1 35 80 25 0 1 1 35 80
4/4 315 0 1 0 0 80 615 0 1 0 0 80 225 0 1 0 0 80 316 0 1 0 0 80 315 0 1 1 5 80 615 0 1 1 5 80 225 0 1 1 5 80 316 0 1 1 5 80 315 0 1 2 75 80 615 0 1 2 75 80 225 0 1 2 75 80 316 0 1 2 75 80 315 0 1 2 125 80 615 0 1 2 125 80 225 0 1 2 125 80 316 0 1 2 125 80 315 0 1 1 15 80 615 0 1 1 15 80 225 0 1 1 15 80 316 0 1 1 15 80 525 0 1 1 25 80 526 0 1 1 25 80 315 0 1 0 3 80 316 0 1 0 3 80
4/4 315 0 1 0 0 80 65 0 1 0 0 80 715 0 1 0 0 80 316 0 1 0 0 80 315 0 1 1 5 80 65 0 1 1 5 80 715 0 1 1 5 80 316 0 1 1 5 80 315 0 1 2 75 80 65 0 1 2 75 80 715 0 1 2 75 80 316 0 1 2 75 80 315 0 1 2 125 80 65 0 1 2 125 80 715 0 1 2 125 80 316 0 1 2 125 80 715 0 1 1 15 80 716 0 1 1 15 80 615 0 1 1 25 80 616 0 1 1 25 80 65 0 1 0 3 80 66 0 1 0 3 80 615 0 1 1 35 80 616 0 1 1 35 80 615 0 1 2 375 80 225 0 1 2 375 80 616 0 1 2 375 80
4/4 615 0 1 0 0 80 225 0 1 0 0 80 616 0 1 0 0 80
4/4 524 0 1 0 0 80 614 0 1 0 0 80 615 0 1 1 15 80 616 0 1 1 15 80 65 0 1 0 2 80 66 0 1 0 2 80 615 0 1 1 25 80 616 0 1 1 25 80 65 0 1 0 3 80 66 0 1 0 3 80 315 0 1 1 35 80 316 0 1 1 35 80
4/4 525 0 1 0 0 80 526 0 1 0 0 80 224 0 1 0 1 80 225 0 1 0 1 80 714 0 1 0 2 80 715 0 1 0 2 80 614 0 1 1 25 80 615 0 1 1 25 80 614 0 1 2 275 80 615 0 1 2 275 80 714 0 1 2 325 80 715 0 1 2 325 80 714 0 1 1 35 80 715 0 1 1 35 80
4/4 714 0 1 0 0 80 715 0 1 0 0 80 314 0 1 1 25 80 315 0 1 1 25 80 524 0 1 2 275 80 525 0 1 2 275 80 614 0 1 2 325 80 615 0 1 2 325 80 614 0 1 1 35 80 615 0 1 1 35 80
4/4 614 0 1 0 0 80 615 0 1 0 0 80
4/4 64 0 1 0 0 80 224 0 1 0 0 80 315 0 1 0 0 80 65 0 1 0 0 80
4/4 524 0 1 0 0 80 614 0 1 0 0 80 24 0 1 0 0 80 525 0 1 0 0 80
4/4 314 0 1 0 0 80 64 0 1 0 0 80 224 0 1 0 0 80 315 0 1 0 0 80
4/4 524 0 1 0 0 80 614 0 1 0 0 80 24 0 1 0 0 80 525 0 1 0 0 80
4/4 314 0 1 0 0 80 64 0 1 0 0 80 224 0 1 0 0 80 315 0 1 0 0 80
4/4 24 2 25 0 0 80 23 2 25 2 25 80 524 2 25 1 5 80 614 2 25 2 75 80 24 2 25 0 1 80 23 2 25 2 125 80 524 2 25 1 15 80 614 2 25 2 175 80 24 2 25 0 2 80 23 2 25 2 225 80 524 2 25 1 25 80 614 2 25 2 275 80 24 2 25 0 3 80 23 2 25 2 325 80 524 2 25 1 35 80 614 2 25 2 375 80
4/4 24 2 25 0 0 80 23 2 25 2 25 80 524 2 25 1 5 80 614 2 25 2 75 80 24 2 25 0 1 80 23 2 25 2 125 80 524 2 25 1 15 80 614 2 25 2 175 80 24 2 25 0 2 80 23 2 25 2 225 80 524 2 25 1 25 80 614 2 25 2 275 80 24 2 25 0 3 80 23 2 25 2 325 80 524 2 25 1 35 80 614 2 25 2 375 80
4/4 24 2 25 0 0 80 23 2 25 2 25 80 524 2 25 1 5 80 614 2 25 2 75 80 24 2 25 0 1 80 23 2 25 2 125 80 524 2 25 1 15 80 614 2 25 2 175 80 24 2 25 0 2 80 23 2 25 2 225 80 524 2 25 1 25 80 614 2 25 2 275 80 24 2 25 0 3 80 23 2 25 2 325 80 524 2 25 1 35 80 614 2 25 2 375 80
4/4 314 0 1 0 0 80 64 0 1 0 0 80 714 0 1 0 0 80 315 0 1 0 0 80 314 0 1 1 5 80 64 0 1 1 5 80 714 0 1 2 75 80 315 0 1 2 75 80 65 0 1 2 125 80 715 0 1 2 125 80 316 0 1 1 15 80 66 0 1 1 15 80 716 2 25 2 175 80 317 0 1 0 2 80 224 0 1 0 3 80 225 0 1 0 3 80 24 0 1 1 35 80 25 0 1 1 35 80
4/4 315 0 1 0 0 96 615 0 1 0 0 96 225 0 1 0 0 96 316 0 1 0 0 96 315 0 1 1 5 96 615 0 1 1 5 96 225 0 1 1 5 96 316 0 1 1 5 96 315 0 1 2 75 96 615 0 1 2 75 96 225 0 1 2 75 96 316 0 1 2 75 96 315 0 1 2 125 96 615 0 1 2 125 96 225 0 1 2 125 96 316 0 1 2 125 96 315 0 1 1 15 96 615 0 1 1 15 96 225 0 1 1 15 96 316 0 1 1 15 96 525 0 1 1 25 96 526 0 1 1 25 96 315 0 1 0 3 96 316 0 1 0 3 96
4/4 315 0 1 0 0 96 65 0 1 0 0 96 715 0 1 0 0 96 316 0 1 0 0 96 315 0 1 1 5 96 65 0 1 1 5 96 715 0 1 1 5 96 316 0 1 1 5 96 315 0 1 2 75 96 65 0 1 2 75 96 715 0 1 2 75 96 316 0 1 2 75 96 315 0 1 2 125 96 65 0 1 2 125 96 715 0 1 2 125 96 316 0 1 2 125 96 715 0 1 1 15 96 716 0 1 1 15 96 615 0 1 1 25 96 616 0 1 1 25 96 65 0 1 0 3 96 66 0 1 0 3 96 615 0 1 1 35 96 616 0 1 1 35 96 615 0 1 2 375 96 225 0 1 2 375 96 616 0 1 2 375 96
4/4 615 0 1 0 0 96 225 0 1 0 0 96 616 0 1 0 0 96
4/4 615 0 1 0 0 96 225 0 1 0 0 96 616 0 1 0 0 96 615 0 1 1 15 96 225 0 1 1 15 96 616 0 1 1 15 96 65 0 1 0 2 96 225 0 1 0 2 96 66 0 1 0 2 96 615 0 1 1 25 96 225 0 1 1 25 96 616 0 1 1 25 96 65 0 1 0 3 96 225 0 1 0 3 96 66 0 1 0 3 96 315 0 1 1 35 96 316 0 1 1 35 96 525 0 1 2 375 96 526 0 1 2 375 96
4/4 525 0 1 0 0 96 526 0 1 0 0 96 525 0 1 1 15 96 526 0 1 1 15 96 525 0 1 0 2 96 526 0 1 0 2 96 315 0 1 1 25 96 316 0 1 1 25 96 24 0 1 0 3 96 25 0 1 0 3 96 525 0 1 1 35 96 526 0 1 1 35 96 315 0 1 2 375 96 316 0 1 2 375 96
4/4 315 0 1 0 0 96 316 0 1 0 0 96 525 2 25 2 175 96 224 0 1 0 2 96 525 0 1 0 2 96 225 0 1 0 2 96 714 0 1 1 25 96 715 0 1 1 25 96 714 0 1 2 275 96 715 0 1 2 275 96 614 0 1 1 35 96 615 0 1 1 35 96 714 0 1 2 375 96 715 0 1 2 375 96
4/4 714 0 1 0 0 96 715 0 1 0 0 96 525 2 25 1 15 96 615 2 25 2 175 96 224 0 1 0 2 96 525 0 1 0 2 96 225 0 1 0 2 96 714 0 1 1 25 96 715 0 1 1 25 96 714 0 1 2 275 96 715 0 1 2 275 96 614 0 1 1 35 96 615 0 1 1 35 96 714 0 1 2 375 96 715 0 1 2 375 96
4/4 714 0 1 0 0 96 715 0 1 0 0 96 614 0 1 0 1 96 64 0 1 0 2 96 224 0 1 0 3 96 225 0 1 0 3 96 24 0 1 1 35 96 25 0 1 1 35 96
4/4 315 0 1 0 0 96 615 0 1 0 0 96 225 0 1 0 0 96 316 0 1 0 0 96 315 0 1 1 5 96 615 0 1 1 5 96 225 0 1 1 5 96 316 0 1 1 5 96 315 0 1 2 75 96 615 0 1 2 75 96 225 0 1 2 75 96 316 0 1 2 75 96 315 0 1 2 125 96 615 0 1 2 125 96 225 0 1 2 125 96 316 0 1 2 125 96 315 0 1 1 15 96 615 0 1 1 15 96 225 0 1 1 15 96 316 0 1 1 15 96 525 0 1 1 25 96 526 0 1 1 25 96 315 0 1 0 3 96 316 0 1 0 3 96
4/4 315 0 1 0 0 96 65 0 1 0 0 96 715 0 1 0 0 96 316 0 1 0 0 96 315 0 1 1 5 96 65 0 1 1 5 96 715 0 1 1 5 96 316 0 1 1 5 96 315 0 1 2 75 96 65 0 1 2 75 96 715 0 1 2 75 96 316 0 1 2 75 96 315 0 1 2 125 96 65 0 1 2 125 96 715 0 1 2 125 96 316 0 1 2 125 96 715 0 1 1 15 96 716 0 1 1 15 96 615 0 1 1 25 96 616 0 1 1 25 96 65 0 1 0 3 96 66 0 1 0 3 96 615 0 1 1 35 96 616 0 1 1 35 96 615 0 1 2 375 96 225 0 1 2 375 96 616 0 1 2 375 96
4/4 615 0 1 0 0 96 225 0 1 0 0 96 616 0 1 0 0 96
4/4 524 0 1 0 0 80 614 0 1 0 0 80 615 0 1 1 15 80 616 0 1 1 15 80 65 0 1 0 2 80 66 0 1 0 2 80 615 0 1 1 25 80 616 0 1 1 25 80 65 0 1 0 3 80 66 0 1 0 3 80 315 0 1 1 35 80 316 0 1 1 35 80
4/4 525 0 1 0 0 80 526 0 1 0 0 80 224 0 1 0 1 80 225 0 1 0 1 80 714 0 1 0 2 80 715 0 1 0 2 80 614 0 1 1 25 80 615 0 1 1 25 80 614 0 1 2 275 80 615 0 1 2 275 80 714 0 1 2 325 80 715 0 1 2 325 80 714 0 1 1 35 80 715 0 1 1 35 80
4/4 714 0 1 0 0 80 715 0 1 0 0 80 314 0 1 1 25 80 315 0 1 1 25 80 524 0 1 2 275 80 525 0 1 2 275 80 614 0 1 2 325 80 615 0 1 2 325 80 614 0 1 1 35 80 615 0 1 1 35 80
4/4 524 0 1 0 0 80 64 0 1 0 1 80 614 0 1 0 2 80 224 1 5 0 3 80 524 1 5 1 35 80 614 0 1 2 375 80 24 0 1 2 375 80 45 0 1 2 375 80
4/4 614 0 1 0 0 80 24 0 1 0 0 80 45 0 1 0 0 80 615 1 35 2 25 80
4/4 614 0 1 0 0 80 24 0 1 0 0 80 45 0 1 2 25 80 615 0 1 2 25 80 714 0 1 0 2 80 315 0 1 0 2 80 65 0 1 0 2 80
4/4 224 0 1 0 2 80 315 0 1 0 2 80 615 0 1 0 2 80 225 0 1 0 2 80
4/4 616 0 1 0 0 76 226 0 1 0 0 76 617 0 1 0 0 84
4/4 612 2 375 0 0 64 313 0 1 1 5 58 613 0 1 1 5 58 313 0 1 1 15 58 613 0 1 1 15 58 313 0 1 1 25 58 613 0 1 1 25 58 313 0 1 1 35 58 613 0 1 1 35 58
4/4 612 2 375 0 0 64 313 0 1 1 5 58 613 0 1 1 5 58 313 0 1 1 15 58 613 0 1 1 15 58 313 0 1 1 25 58 613 0 1 1 25 58 313 0 1 1 35 58 613 0 1 1 35 58
4/4 612 2 375 0 0 64 313 0 1 1 5 58 613 0 1 1 5 58 313 0 1 1 15 58 613 0 1 1 15 58 313 0 1 1 25 58 613 0 1 1 25 58 313 0 1 1 35 58 613 0 1 1 35 58
4/4 612 2 375 0 0 64 313 0 1 1 5 58 613 0 1 1 5 58 313 0 1 1 15 58 613 0 1 1 15 58 313 0 1 1 25 58 613 0 1 1 25 58 313 0 1 1 35 58 613 0 1 1 35 58
4/4 612 2 375 0 0 64 313 0 1 1 5 58 613 0 1 1 5 58 313 0 1 1 15 58 613 0 1 1 15 58 313 0 1 1 25 58 613 0 1 1 25 58 313 0 1 1 35 58 613 0 1 1 35 58
4/4 612 2 375 0 0 64 313 0 1 1 5 58 613 0 1 1 5 58 313 0 1 1 15 58 613 0 1 1 15 58 313 0 1 1 25 58 613 0 1 1 25 58 313 0 1 1 35 58 613 0 1 1 35 58
4/4 612 2 375 0 0 64 313 0 1 1 5 58 613 0 1 1 5 58 313 0 1 1 15 58 613 0 1 1 15 58 313 0 1 1 25 58 613 0 1 1 25 58 313 0 1 1 35 58 613 0 1 1 35 58
4/4 612 0 1 0 0 64 313 0 1 0 0 64 613 2 375 2 25 64
4/4 223 0 1 0 0 60 314 0 1 0 0 60 614 0 1 0 0 60 613 2 375 0 0 60 223 0 1 0 1 60 314 0 1 0 1 60 614 0 1 0 1 60 223 0 1 0 2 60 314 0 1 0 2 60 614 0 1 0 2 60 223 0 1 0 3 60 314 0 1 0 3 60 614 0 1 0 3 60
4/4 713 0 1 0 0 60 314 0 1 0 0 60 64 0 1 0 0 60 63 2 375 0 0 60 713 0 1 0 1 60 314 0 1 0 1 60 64 0 1 0 1 60 713 0 1 0 2 60 314 0 1 0 2 60 64 0 1 0 2 60 713 0 1 0 3 60 314 0 1 0 3 60 64 0 1 0 3 60
4/4 613 0 1 0 0 60 223 0 1 0 0 60 524 0 1 0 0 60 523 0 2 0 0 60 613 0 1 0 1 60 223 0 1 0 1 60 524 0 1 0 1 60 613 0 1 0 2 60 223 0 1 0 2 60 524 0 1 0 2 60 313 0 2 0 2 60 613 0 1 0 3 60 223 0 1 0 3 60 524 0 1 0 3 60
4/4 613 0 1 0 0 60 314 0 1 0 0 60 22 0 2 0 0 60 613 0 1 0 1 60 23 0 1 0 1 60 23 0 1 0 2 60 524 0 1 0 2 60 23 0 1 0 3 60 524 0 1 0 3 60
4/4 222 0 1 0 0 60 314 0 1 0 0 60 223 0 1 0 1 60 314 0 1 0 1 60 64 0 1 0 1 60 223 0 1 0 2 60 614 0 1 0 2 60 223 0 1 0 3 60 314 0 1 0 3 60 614 0 1 0 3 60
4/4 613 0 1 0 0 60 223 0 1 0 0 60 523 2 375 0 0 60 613 0 1 0 1 60 223 0 1 0 1 60 314 0 1 0 1 60 613 0 1 0 2 60 223 0 1 0 2 60 314 0 1 0 2 60 613 0 1 0 3 60 223 0 1 0 3 60 314 0 1 0 3 60
4/4 712 2 275 0 0 60 523 0 1 0 0 60 713 0 1 0 0 60 23 2 75 2 25 60 523 0 1 0 1 60 713 0 1 0 1 60 23 0 1 0 1 60 523 0 1 0 2 60 713 0 1 0 2 60 23 0 1 0 2 60 523 0 1 0 3 60 713 0 1 0 3 60 524 0 1 0 3 60
4/4 313 0 1 0 0 60 713 0 1 0 0 60 524 0 1 0 0 60 713 0 1 0 1 60 524 0 1 0 1 60 313 0 1 0 2 60 713 0 1 0 2 60 314 0 1 0 2 60 314 0 1 0 3 60
4/4 223 0 1 0 0 60 314 0 1 0 0 60 614 0 1 0 0 60 613 2 375 0 0 60 223 0 1 0 1 60 314 0 1 0 1 60 614 0 1 0 1 60 223 0 1 0 2 60 314 0 1 0 2 60 614 0 1 0 2 60 223 0 1 0 3 60 314 0 1 0 3 60 614 0 1 0 3 60
4/4 713 0 1 0 0 60 314 0 1 0 0 60 64 0 1 0 0 60 63 2 375 0 0 60 713 0 1 0 1 60 314 0 1 0 1 60 64 0 1 0 1 60 713 0 1 0 2 60 314 0 1 0 2 60 64 0 1 0 2 60 713 0 1 0 3 58 314 0 1 0 3 58 64 0 1 0 3 58
4/4 613 0 1 0 0 60 223 0 1 0 0 60 524 0 1 0 0 60 523 0 2 0 0 60 613 0 1 0 1 60 223 0 1 0 1 60 524 0 1 0 1 60 613 0 1 0 2 60 223 0 1 0 2 60 524 0 1 0 2 60 313 0 2 0 2 60 613 0 1 0 3 60 223 0 1 0 3 60 524 0 1 0 3 60
4/4 613 0 1 0 0 60 314 0 1 0 0 60 22 0 2 0 0 60 613 0 1 0 1 60 23 0 1 0 1 60 613 0 1 0 2 60 524 0 1 0 2 60 613 0 1 0 3 60 524 0 1 0 3 60
4/4 222 0 1 0 0 60 314 0 1 0 0 60 223 0 1 0 1 60 314 0 1 0 1 60 64 0 1 0 1 60 223 0 1 0 2 60 314 0 1 0 2 60 714 0 1 0 2 60 223 0 1 0 3 60 314 0 1 0 3 60 64 0 1 0 3 60
4/4 613 0 1 0 0 60 223 0 1 0 0 60 314 0 1 0 0 60 523 2 375 0 0 60 613 0 1 0 1 60 223 0 1 0 1 60 314 0 1 0 1 60 613 0 1 0 2 60 223 0 1 0 2 60 314 0 1 0 2 60 613 0 1 0 3 60 223 0 1 0 3 60 314 0 1 0 3 60
4/4 712 0 1 0 0 60 523 0 1 0 0 60 713 0 1 0 0 60 23 0 1 0 0 60 713 0 1 0 1 60 524 0 1 0 1 60 713 0 1 0 2 60 314 0 1 0 2 60 313 0 2 0 2 60 713 0 1 0 3 60 314 0 1 0 3 60
4/4 612 0 1 0 0 60 313 0 1 0 0 60 713 0 1 0 0 60 314 1 5 0 1 60 613 1 15 1 15 60 223 0 1 0 2 60 54 0 1 0 2 60 314 0 1 0 3 60
4/4 22 0 1 0 0 60 613 0 1 0 0 60 23 0 1 0 0 60 23 0 1 0 1 60 524 0 1 0 1 60 613 2 275 0 1 60 23 0 1 0 2 60 524 0 1 0 2 60 23 0 1 0 3 60 524 0 1 0 3 60 22 2 25 2 375 64
4/4 63 0 1 0 0 64 713 0 1 0 0 64 314 0 1 0 0 64 22 2 75 0 0 64 314 0 1 0 1 64 64 0 1 0 1 64 713 2 275 0 1 64 314 0 1 0 2 64 64 0 1 0 2 64 314 0 1 0 3 64 64 0 1 0 3 64
4/4 222 0 1 0 0 64 63 0 1 0 0 64 223 0 1 0 0 64 314 0 1 0 1 64 64 0 1 0 1 64 714 0 1 0 1 64 223 2 275 0 1 64 314 0 1 0 2 64 64 0 1 0 2 64 714 0 1 0 2 64 314 0 1 0 3 64 64 0 1 0 3 64 714 0 1 0 3 64
4/4 223 0 1 0 0 64 314 0 1 0 0 64 523 2 375 0 0 64 223 0 1 0 1 64 314 0 1 0 1 64 223 0 1 0 2 64 314 0 1 0 2 64 223 0 1 0 3 64 314 0 1 0 3 64 712 0 1 2 375 64 523 0 1 2 375 64
4/4 713 0 1 0 0 64 23 0 1 0 0 64 712 0 1 0 0 64 523 0 1 0 0 64 23 0 1 0 1 64 524 0 1 0 1 64 23 0 1 0 2 64 524 0 1 0 2 64 23 0 1 0 3 64 524 0 1 0 3 64 222 0 1 2 375 64 63 0 1 2 375 64
4/4 222 0 1 0 0 64 63 0 1 0 0 64 314 2 75 2 25 64 314 0 1 0 1 64 64 0 1 0 1 64 223 2 275 0 1 64 314 0 1 0 2 64 64 0 1 0 2 64 314 0 1 0 3 64 64 0 1 0 3 64
4/4 22 1 5 0 0 64 613 1 5 1 5 64 23 1 5 0 1 64 222 0 1 1 15 64 63 1 5 1 25 64 223 0 1 0 3 64
4/4 712 1 5 0 0 64 523 1 5 1 5 64 713 1 5 0 1 64 23 1 5 1 15 64 313 1 5 0 2 64 713 1 5 1 25 64 524 0 1 0 3 64
4/4 313 1 5 0 0 64 713 1 5 1 5 64 313 1 5 0 1 64 314 1 5 1 15 64 22 1 5 0 2 64 613 1 5 1 25 64 23 0 1 0 3 64
4/4 313 1 5 0 0 64 713 1 5 1 5 68 314 0 1 0 1 72 613 2 25 0 2 80 314 2 25 2 225 80 614 2 25 1 25 80 314 2 25 2 275 80 613 2 25 0 3 80 314 2 25 2 325 80 614 2 25 1 35 80 314 2 25 2 375 80
4/4 613 2 25 0 0 80 314 2 25 2 25 80 614 2 25 1 5 80 314 2 25 2 75 80 613 2 25 0 1 80 314 2 25 2 125 80 614 2 25 1 15 80 314 2 25 2 175 80 63 2 25 0 2 80 314 2 25 2 225 80 714 2 25 1 25 80 314 2 25 2 275 80 63 2 25 0 3 80 314 2 25 2 325 80 714 2 25 1 35 80 314 2 25 2 375 80
4/4 313 2 25 0 0 80 713 2 25 2 25 80 64 2 25 1 5 80 314 2 25 2 75 80 313 2 25 0 1 80 713 2 25 2 125 80 64 2 25 1 15 80 314 2 25 2 175 80 523 2 25 0 2 80 223 2 25 2 225 80 614 2 25 1 25 80 524 2 25 2 275 80 523 2 25 0 3 80 223 2 25 2 325 80 614 2 25 1 35 80 524 2 25 2 375 80
4/4 523 2 25 0 0 80 223 2 25 2 25 80 614 2 25 1 5 80 524 2 25 2 75 80 523 2 25 0 1 80 223 2 25 2 125 80 614 2 25 1 15 80 524 2 25 2 175 80 313 2 25 0 2 80 223 2 25 2 225 80 614 2 25 1 25 80 524 2 25 2 275 80 313 2 25 0 3 80 223 2 25 2 325 80 614 2 25 1 35 80 524 2 25 2 375 80
4/4 313 2 25 0 0 80 223 2 25 2 25 80 614 2 25 1 5 80 524 2 25 2 75 80 313 2 25 0 1 80 223 2 25 2 125 80 614 2 25 1 15 80 524 2 25 2 175 80 22 2 25 0 2 80 613 2 25 2 225 80 524 2 25 1 25 80 613 2 25 2 275 80 22 2 25 0 3 80 613 2 25 2 325 80 524 2 25 1 35 80 613 2 25 2 375 80
4/4 22 2 25 0 0 80 613 2 25 2 25 80 524 2 25 1 5 80 613 2 25 2 75 80 22 2 25 0 1 80 613 2 25 2 125 80 524 2 25 1 15 80 613 2 25 2 175 80 222 2 25 0 2 80 63 2 25 2 225 80 314 2 25 1 25 80 63 2 25 2 275 80 222 2 25 0 3 80 63 2 25 2 325 80 314 2 25 1 35 80 63 2 25 2 375 80
4/4 523 2 25 0 0 80 223 2 25 2 25 80 314 2 25 1 5 80 223 2 25 2 75 80 523 2 25 0 1 80 223 2 25 2 125 80 314 2 25 1 15 80 223 2 25 2 175 80 712 2 25 0 2 80 523 2 25 2 225 80 23 2 25 1 25 80 713 2 25 2 275 80 712 2 25 0 3 80 523 2 25 2 325 80 23 2 25 1 35 80 713 2 25 2 375 80
4/4 712 2 25 0 0 80 523 2 25 2 25 80 23 2 25 1 5 80 713 2 25 2 75 80 712 2 25 0 1 80 523 2 25 2 125 80 23 2 25 1 15 80 713 2 25 2 175 80 312 2 25 0 2 80 313 2 25 2 225 80 313 2 25 1 25 80 713 2 25 2 275 80 314 2 25 0 3 80 713 2 25 2 325 80 313 2 25 1 35 80 713 2 25 2 375 80
4/4 313 2 25 0 0 80 713 2 25 2 25 80 314 2 25 1 5 80 713 2 25 2 75 80 313 2 25 0 1 80 713 2 25 2 125 80 314 2 25 1 15 80 713 2 25 2 175 80 613 2 25 0 2 80 314 2 25 2 225 80 614 2 25 1 25 80 314 2 25 2 275 80 613 2 25 0 3 80 314 2 25 2 325 80 614 2 25 1 35 80 314 2 25 2 375 80
4/4 613 2 25 0 0 80 314 2 25 2 25 80 614 2 25 1 5 80 314 2 25 2 75 80 613 2 25 0 1 80 314 2 25 2 125 80 614 2 25 1 15 80 314 2 25 2 175 80 63 2 25 0 2 80 314 2 25 2 225 80 714 2 25 1 25 80 314 2 25 2 275 80 63 2 25 0 3 80 314 2 25 2 325 80 714 2 25 1 35 80 314 2 25 2 375 80
4/4 313 2 25 0 0 80 713 2 25 2 25 80 64 2 25 1 5 80 314 2 25 2 75 80 313 2 25 0 1 80 713 2 25 2 125 80 64 2 25 1 15 80 314 2 25 2 175 80 523 2 25 0 2 80 223 2 25 2 225 80 614 2 25 1 25 80 524 2 25 2 275 80 523 2 25 0 3 80 223 2 25 2 325 80 614 2 25 1 35 80 524 2 25 2 375 80
4/4 523 2 25 0 0 80 223 2 25 2 25 80 614 2 25 1 5 80 524 2 25 2 75 80 523 2 25 0 1 80 223 2 25 2 125 80 614 2 25 1 15 80 524 2 25 2 175 80 33 2 25 0 2 80 613 2 25 2 225 80 34 2 25 1 25 80 524 2 25 2 275 80 614 2 25 0 3 80 34 2 25 2 325 80 614 2 25 1 35 80 35 2 25 2 375 80
4/4 525 0 2 0 0 80 22 0 1 0 2 80 23 0 1 0 2 80 613 2 25 2 225 80 23 2 25 1 25 80 524 2 25 2 275 80 614 0 1 0 3 80
4/4 222 0 1 0 0 80 223 0 1 0 0 80 222 2 25 1 5 80 223 0 1 2 75 80 314 0 1 2 75 80 712 2 25 0 2 80 523 2 25 2 225 80 713 2 25 1 25 80 23 2 25 2 275 80 524 0 1 0 3 80
4/4 313 0 1 0 0 80 713 0 1 0 0 80 314 0 1 0 0 80 612 2 25 0 2 80 313 2 25 2 225 80 613 2 25 1 25 80 713 2 25 2 275 80 223 2 25 0 3 80 613 2 25 2 325 80 314 2 25 1 35 80 223 2 25 2 375 80
4/4 614 2 25 0 0 80 314 2 25 2 25 80 223 2 25 1 5 80 613 2 25 2 75 80 313 2 25 0 1 80 612 2 25 2 125 80 613 2 25 1 15 80 313 2 25 2 175 80 22 2 25 0 2 80 613 2 25 2 225 80 23 2 25 1 25 80 44 2 25 2 275 80 614 2 25 0 3 80 23 2 25 2 325 80 614 2 25 1 35 80 24 2 25 2 375 80
4/4 613 2 25 0 2 70 314 2 25 2 225 70 614 2 25 1 25 70 314 2 25 2 275 70 613 2 25 0 3 70 314 2 25 2 325 70 614 2 25 1 35 70 314 2 25 2 375 70
4/4 613 2 25 0 0 70 314 2 25 2 25 70 614 2 25 1 5 70 314 2 25 2 75 70 613 2 25 0 1 70 314 2 25 2 125 70 614 2 25 1 15 70 314 2 25 2 175 70 63 2 25 0 2 70 314 2 25 2 225 70 64 2 25 1 25 70 314 2 25 2 275 70 63 2 25 0 3 70 314 2 25 2 325 70 64 2 25 1 35 70 314 2 25 2 375 70
4/4 63 2 25 0 0 70 314 2 25 2 25 70 64 2 25 1 5 70 314 2 25 2 75 70 63 2 25 0 1 70 314 2 25 2 125 70 64 2 25 1 15 70 314 2 25 2 175 70 523 2 25 0 2 70 223 2 25 2 225 70 524 2 25 1 25 70 223 2 25 2 275 70 523 2 25 0 3 70 223 2 25 2 325 70 524 2 25 1 35 70 223 2 25 2 375 70
4/4 313 2 25 0 0 70 223 2 25 2 25 70 314 2 25 1 5 70 223 2 25 2 75 70 313 2 25 0 1 70 223 2 25 2 125 70 314 2 25 1 15 70 223 2 25 2 175 70 22 2 25 0 2 70 613 2 25 2 225 70 524 2 25 1 25 70 613 2 25 2 275 70 22 2 25 0 3 70 613 2 25 2 325 70 524 2 25 1 35 70 613 2 25 2 375 70
4/4 22 2 25 0 0 70 613 2 25 2 25 70 524 2 25 1 5 70 613 2 25 2 75 70 22 2 25 0 1 70 613 2 25 2 125 70 524 2 25 1 15 70 613 2 25 2 175 70 222 2 25 0 2 70 63 2 25 2 225 70 314 2 25 1 25 70 63 2 25 2 275 70 222 2 25 0 3 70 63 2 25 2 325 70 314 2 25 1 35 70 63 2 25 2 375 70
4/4 222 2 25 0 0 70 63 2 25 2 25 70 314 2 25 1 5 70 63 2 25 2 75 70 222 2 25 0 1 70 63 2 25 2 125 70 314 2 25 1 15 70 63 2 25 2 175 70 523 2 25 0 2 70 223 2 25 2 225 70 314 2 25 1 25 70 223 2 25 2 275 70 523 2 25 0 3 70 223 2 25 2 325 70 314 2 25 1 35 70 223 2 25 2 375 70
4/4 523 2 25 0 0 70 223 2 25 2 25 70 314 2 25 1 5 70 223 2 25 2 75 70 523 2 25 0 1 70 223 2 25 2 125 70 314 2 25 1 15 70 223 2 25 2 175 70 712 2 25 0 2 70 523 2 25 2 225 70 23 2 25 1 25 70 713 2 25 2 275 70 712 2 25 0 3 70 523 2 25 2 325 70 23 2 25 1 35 70 713 2 25 2 375 70
4/4 312 2 25 0 0 70 313 2 25 2 25 70 313 2 25 1 5 70 713 2 25 2 75 70 314 2 25 0 1 70 713 2 25 2 125 70 313 2 25 1 15 70 713 2 25 2 175 70 612 2 25 0 2 70 313 2 25 2 225 70 613 2 25 1 25 70 713 2 25 2 275 70 223 2 25 0 3 70 613 2 25 2 325 70 223 2 25 1 35 70 314 2 25 2 375 70
4/4 54 0 1 0 0 70 223 0 1 0 1 70 22 0 1 0 2 80 613 0 1 0 2 80 524 2 175 2 225 80
4/4 22 0 1 0 0 80 613 0 1 0 0 80 524 1 5 0 0 80 613 1 5 1 5 80 23 0 1 0 1 80 524 0 1 0 1 80 22 0 1 0 2 80 63 0 1 0 2 80 713 0 1 0 2 80 314 0 1 2 225 80 713 0 1 1 35 80 314 0 1 1 35 80 64 0 1 1 35 80
4/4 713 0 1 0 0 80 314 0 1 0 0 80 64 0 1 0 0 80 713 1 5 1 5 80 314 0 1 0 1 80 64 0 1 0 1 80 713 1 5 1 15 80 222 0 1 0 2 80 63 0 1 0 2 80 314 2 125 2 225 80 223 0 1 1 35 80 314 0 1 1 35 80 64 0 1 1 35 80 714 0 1 1 35 80
4/4 223 0 1 0 0 80 314 0 1 0 0 80 64 0 1 0 0 80 714 0 1 0 0 80 223 0 1 0 1 80 714 0 1 0 1 80 523 0 2 0 2 80 613 0 1 0 2 80 223 0 1 0 2 80 314 0 1 0 2 80 223 0 1 1 35 80 314 0 1 1 35 80
4/4 523 2 175 0 0 80 223 0 1 0 0 80 314 0 1 0 0 80 613 1 5 1 5 80 223 0 1 0 1 80 314 0 1 0 1 80 712 0 1 0 2 80 523 0 1 0 2 80 713 0 1 2 225 80 23 0 1 2 225 80 713 0 1 1 35 80 23 0 1 1 35 80 524 0 1 1 35 80
4/4 713 0 1 0 0 80 23 0 1 0 0 80 524 0 1 0 0 80 713 1 5 1 5 80 23 0 1 0 1 80 524 0 1 0 1 80 222 0 1 0 2 80 314 0 1 0 2 80 223 0 1 1 35 80 314 0 1 1 35 80 64 0 1 1 35 80
4/4 223 0 1 0 0 80 314 0 1 0 0 80 64 0 1 0 0 80 64 0 1 0 1 80 22 1 5 0 2 80 613 1 5 1 25 80 23 1 5 0 3 80 222 1 5 1 35 80
4/4 222 1 5 0 0 80 63 1 5 1 5 80 223 0 1 0 1 80 713 1 5 0 2 80 524 1 5 1 25 80 714 1 5 0 3 80 24 1 5 1 35 80
4/4 313 1 5 0 0 80 713 1 5 1 5 80 524 0 1 0 1 80 313 1 5 0 2 80 713 1 5 1 25 80 313 1 5 0 3 80 314 1 5 1 35 80
4/4 22 1 5 0 0 80 613 1 5 1 5 80 23 0 1 0 1 80 53 1 5 0 2 80 23 1 5 1 25 80 54 0 1 0 3 80
4/4 613 2 25 0 0 72 314 2 25 2 25 72 614 2 25 1 5 72 314 2 25 2 75 72 613 2 25 0 1 72 314 2 25 2 125 72 614 2 25 1 15 72 314 2 25 2 175 72 613 2 25 0 2 72 314 2 25 2 225 72 614 2 25 1 25 72 314 2 25 2 275 72 613 2 25 0 3 72 314 2 25 2 325 72 614 2 25 1 35 72 314 2 25 2 375 72
4/4 63 2 25 0 0 72 314 2 25 2 25 72 714 2 25 1 5 72 314 2 25 2 75 72 63 2 25 0 1 72 314 2 25 2 125 72 714 2 25 1 15 72 314 2 25 2 175 72 313 2 25 0 2 72 713 2 25 2 225 72 64 2 25 1 25 72 314 2 25 2 275 72 313 2 25 0 3 72 713 2 25 2 325 72 64 2 25 1 35 72 314 2 25 2 375 72
4/4 523 2 25 0 0 72 223 2 25 2 25 72 614 2 25 1 5 72 524 2 25 2 75 72 523 2 25 0 1 72 223 2 25 2 125 72 614 2 25 1 15 72 524 2 25 2 175 72 523 2 25 0 2 72 223 2 25 2 225 72 614 2 25 1 25 72 524 2 25 2 275 72 523 2 25 0 3 72 223 2 25 2 325 72 614 2 25 1 35 72 524 2 25 2 375 72
4/4 313 2 25 0 0 72 223 2 25 2 25 72 614 2 25 1 5 72 524 2 25 2 75 72 313 2 25 0 1 72 223 2 25 2 125 72 614 2 25 1 15 72 524 2 25 2 175 72 313 2 25 0 2 72 223 2 25 2 225 72 614 2 25 1 25 72 524 2 25 2 275 72 313 2 25 0 3 72 223 2 25 2 325 72 614 2 25 1 35 72 524 2 25 2 375 72
4/4 22 2 25 0 0 72 613 2 25 2 25 72 524 2 25 1 5 72 613 2 25 2 75 72 22 2 25 0 1 72 613 2 25 2 125 72 524 2 25 1 15 72 613 2 25 2 175 72 22 2 25 0 2 72 613 2 25 2 225 72 524 2 25 1 25 72 613 2 25 2 275 72 22 2 25 0 3 72 613 2 25 2 325 72 524 2 25 1 35 72 613 2 25 2 375 72
4/4 222 2 25 0 0 72 63 2 25 2 25 72 314 2 25 1 5 72 63 2 25 2 75 72 222 2 25 0 1 72 63 2 25 2 125 72 314 2 25 1 15 72 63 2 25 2 175 72 523 2 25 0 2 72 223 2 25 2 225 72 314 2 25 1 25 72 223 2 25 2 275 72 523 2 25 0 3 72 223 2 25 2 325 72 314 2 25 1 35 72 223 2 25 2 375 72
4/4 712 2 25 0 0 72 523 2 25 2 25 72 23 2 25 1 5 72 713 2 25 2 75 72 712 2 25 0 1 72 523 2 25 2 125 72 23 2 25 1 15 72 713 2 25 2 175 72 712 2 25 0 2 72 523 2 25 2 225 72 23 2 25 1 25 72 713 2 25 2 275 72 712 2 25 0 3 72 523 2 25 2 325 72 23 2 25 1 35 72 713 2 25 2 375 72
4/4 312 2 25 0 0 72 313 2 25 2 25 72 313 2 25 1 5 72 713 2 25 2 75 72 314 2 25 0 1 72 713 2 25 2 125 72 313 2 25 1 15 72 713 2 25 2 175 72 313 2 25 0 2 72 713 2 25 2 225 72 314 2 25 1 25 72 713 2 25 2 275 72 313 2 25 0 3 72 713 2 25 2 325 72 314 2 25 1 35 72 713 2 25 2 375 72
4/4 613 2 25 0 0 72 314 2 25 2 25 72 614 2 25 1 5 72 314 2 25 2 75 72 613 2 25 0 1 72 314 2 25 2 125 72 614 2 25 1 15 72 314 2 25 2 175 72 613 2 25 0 2 72 314 2 25 2 225 72 614 2 25 1 25 72 314 2 25 2 275 72 613 2 25 0 3 72 314 2 25 2 325 72 614 2 25 1 35 72 314 2 25 2 375 72
4/4 63 2 25 0 0 72 314 2 25 2 25 72 714 2 25 1 5 72 314 2 25 2 75 72 63 2 25 0 1 72 314 2 25 2 125 72 714 2 25 1 15 72 314 2 25 2 175 72 313 2 25 0 2 72 713 2 25 2 225 72 64 2 25 1 25 72 314 2 25 2 275 72 313 2 25 0 3 72 713 2 25 2 325 72 64 2 25 1 35 72 314 2 25 2 375 72
4/4 523 2 25 0 0 72 223 2 25 2 25 72 614 2 25 1 5 72 524 2 25 2 75 72 523 2 25 0 1 72 223 2 25 2 125 72 614 2 25 1 15 72 524 2 25 2 175 72 523 2 25 0 2 72 223 2 25 2 225 72 614 2 25 1 25 72 524 2 25 2 275 72 523 2 25 0 3 72 223 2 25 2 325 72 614 2 25 1 35 72 524 2 25 2 375 72
4/4 33 2 25 0 0 72 613 2 25 2 25 72 34 2 25 1 5 72 524 2 25 2 75 72 614 2 25 0 1 72 34 2 25 2 125 72 614 2 25 1 15 72 35 2 25 2 175 72 525 0 2 0 2 72
4/4 22 0 1 0 0 80 23 0 1 0 0 80 613 2 25 2 25 80 23 2 25 1 5 80 524 2 25 2 75 80 614 0 1 0 1 80 222 0 1 0 2 80 223 0 1 0 2 80 222 2 25 1 25 80 223 0 1 2 275 80 314 0 1 2 275 80
4/4 712 2 25 0 0 80 523 2 25 2 25 80 713 2 25 1 5 80 23 2 25 2 75 80 524 0 1 0 1 80 313 0 1 0 2 80 713 0 1 0 2 80 314 0 1 0 2 80
4/4 21 2 25 0 0 80 612 2 25 2 25 80 22 2 25 1 5 80 313 2 25 2 75 80 523 2 25 0 1 80 22 2 25 2 125 80 613 2 25 1 15 80 23 2 25 2 175 80 524 2 25 0 2 80 23 2 25 2 225 80 613 2 25 1 25 80 523 2 25 2 275 80 22 2 25 0 3 80 612 2 25 2 325 80 21 2 25 1 35 80 612 2 25 2 375 80
4/4 221 2 25 0 0 80 62 2 25 2 25 80 313 2 25 1 5 80 222 2 25 2 75 80 63 2 25 0 1 80 222 2 25 2 125 80 63 2 25 1 15 80 223 2 25 2 175 80 314 2 25 0 2 80 223 2 25 2 225 80 63 2 25 1 25 80 313 2 25 2 275 80 222 2 25 0 3 80 62 2 25 2 325 80 221 2 25 1 35 80 222 2 25 2 375 80
4/4 21 2 25 0 0 80 612 2 25 2 25 80 22 2 25 1 5 80 523 2 25 2 75 80 613 2 25 0 1 80 22 2 25 2 125 80 613 2 25 1 15 80 23 2 25 2 175 80 524 2 25 0 2 80 23 2 25 2 225 80 613 2 25 1 25 80 523 2 25 2 275 80 22 2 25 0 3 80 612 2 25 2 325 80 21 2 25 1 35 80 612 2 25 2 375 80
4/4 221 2 25 0 0 80 222 2 25 2 25 80 222 2 25 1 5 80 63 2 25 2 75 80 222 2 25 0 1 80 63 2 25 2 125 80 223 2 25 1 15 80 314 2 25 2 175 80 64 2 25 0 2 80 314 2 25 2 225 80 223 2 25 1 25 80 63 2 25 2 275 80 313 2 25 0 3 80 222 2 25 2 325 80 62 2 25 1 35 80 221 2 25 2 375 80
4/4 21 2 25 0 0 80 612 2 25 2 25 80 22 2 25 1 5 80 523 2 25 2 75 80 613 2 25 0 1 80 22 2 25 2 125 80 613 2 25 1 15 80 23 2 25 2 175 80 524 2 25 0 2 80 23 2 25 2 225 80 613 2 25 1 25 80 523 2 25 2 275 80 22 2 25 0 3 80 612 2 25 2 325 80 21 2 25 1 35 80 612 2 25 2 375 80
4/4 221 2 25 0 0 80 222 2 25 2 25 80 222 2 25 1 5 80 63 2 25 2 75 80 222 2 25 0 1 80 63 2 25 2 125 80 223 2 25 1 15 80 314 2 25 2 175 80 64 2 25 0 2 80 314 2 25 2 225 80 223 2 25 1 25 80 63 2 25 2 275 80 313 2 25 0 3 80 222 2 25 2 325 80 62 2 25 1 35 80 221 2 25 2 375 80
4/4 712 0 1 0 0 80 711 2 375 0 0 80 712 0 1 0 1 80 712 0 1 0 2 80 712 0 1 0 3 80
4/4 712 0 1 0 0 80 711 2 375 0 0 80 712 0 1 0 1 80 712 0 1 0 2 80 712 0 1 0 3 80
4/4 312 0 1 0 0 80 313 0 1 0 0 80 313 0 1 0 1 80 713 0 1 0 1 80 314 0 1 0 1 80 713 0 1 0 2 80 713 0 1 0 3 80
4/4 313 0 1 0 0 80 713 0 1 0 0 80 314 0 1 0 2 80 313 0 1 0 3 80 713 0 1 0 3 80 314 0 1 0 3 80 64 1 5 2 325 80
4/4 613 2 25 0 0 96 314 2 25 2 25 96 614 2 25 1 5 96 314 2 25 2 75 96 613 2 25 0 1 96 314 2 25 2 125 96 614 2 25 1 15 96 314 2 25 2 175 96 613 2 25 0 2 96 314 2 25 2 225 96 614 2 25 1 25 96 314 2 25 2 275 96 613 2 25 0 3 96 314 2 25 2 325 96 614 2 25 1 35 96 314 2 25 2 375 96
4/4 63 2 25 0 0 96 314 2 25 2 25 96 714 2 25 1 5 96 314 2 25 2 75 96 63 2 25 0 1 96 314 2 25 2 125 96 714 2 25 1 15 96 314 2 25 2 175 96 313 2 25 0 2 96 713 2 25 2 225 96 64 2 25 1 25 96 314 2 25 2 275 96 313 2 25 0 3 96 713 2 25 2 325 96 64 2 25 1 35 96 314 2 25 2 375 96
4/4 523 2 25 0 0 96 223 2 25 2 25 96 614 2 25 1 5 96 524 2 25 2 75 96 523 2 25 0 1 96 223 2 25 2 125 96 614 2 25 1 15 96 524 2 25 2 175 96 523 2 25 0 2 96 223 2 25 2 225 96 614 2 25 1 25 96 524 2 25 2 275 96 523 2 25 0 3 96 223 2 25 2 325 96 614 2 25 1 35 96 524 2 25 2 375 96
4/4 313 2 25 0 0 96 223 2 25 2 25 96 614 2 25 1 5 96 524 2 25 2 75 96 313 2 25 0 1 96 223 2 25 2 125 96 614 2 25 1 15 96 524 2 25 2 175 96 313 2 25 0 2 96 223 2 25 2 225 96 614 2 25 1 25 96 524 2 25 2 275 96 313 2 25 0 3 96 223 2 25 2 325 96 614 2 25 1 35 96 524 2 25 2 375 96
4/4 22 2 25 0 0 96 613 2 25 2 25 96 524 2 25 1 5 96 613 2 25 2 75 96 22 2 25 0 1 96 613 2 25 2 125 96 524 2 25 1 15 96 613 2 25 2 175 96 22 2 25 0 2 96 613 2 25 2 225 96 524 2 25 1 25 96 613 2 25 2 275 96 22 2 25 0 3 96 613 2 25 2 325 96 524 2 25 1 35 96 613 2 25 2 375 96
4/4 222 2 25 0 0 96 63 2 25 2 25 96 314 2 25 1 5 96 63 2 25 2 75 96 222 2 25 0 1 96 63 2 25 2 125 96 314 2 25 1 15 96 63 2 25 2 175 96 523 2 25 0 2 96 223 2 25 2 225 96 314 2 25 1 25 96 223 2 25 2 275 96 523 2 25 0 3 96 223 2 25 2 325 96 314 2 25 1 35 96 223 2 25 2 375 96
4/4 712 2 25 0 0 96 523 2 25 2 25 96 23 2 25 1 5 96 713 2 25 2 75 96 712 2 25 0 1 96 523 2 25 2 125 96 23 2 25 1 15 96 713 2 25 2 175 96 712 2 25 0 2 96 523 2 25 2 225 96 23 2 25 1 25 96 713 2 25 2 275 96 712 2 25 0 3 96 523 2 25 2 325 96 23 2 25 1 35 96 713 2 25 2 375 96
4/4 312 2 25 0 0 96 313 2 25 2 25 96 313 2 25 1 5 96 713 2 25 2 75 96 314 2 25 0 1 96 713 2 25 2 125 96 313 2 25 1 15 96 713 2 25 2 175 96 312 2 25 0 2 96 713 2 25 2 225 96 314 2 25 1 25 96 713 2 25 2 275 96 313 2 25 0 3 96 713 2 25 2 325 96 314 2 25 1 35 96 713 2 25 2 375 96
4/4 612 2 25 0 0 96 313 2 25 2 25 96 223 2 25 1 5 96 613 2 25 2 75 96 314 2 25 0 1 96 223 2 25 2 125 96 314 2 25 1 15 96 614 2 25 2 175 96 224 2 25 0 2 96 614 2 25 2 225 96 314 2 25 1 25 96 223 2 25 2 275 96 613 2 25 0 3 96 313 2 25 2 325 96 612 2 25 1 35 96 313 2 25 2 375 96
4/4 62 2 25 0 0 96 313 2 25 2 25 96 713 2 25 1 5 96 63 2 25 2 75 96 314 2 25 0 1 96 63 2 25 2 125 96 314 2 25 1 15 96 64 2 25 2 175 96 714 2 25 0 2 96 64 2 25 2 225 96 314 2 25 1 25 96 223 2 25 2 275 96 63 2 25 0 3 96 313 2 25 2 325 96 62 2 25 1 35 96 313 2 25 2 375 96
4/4 522 2 25 0 0 96 222 2 25 2 25 96 613 2 25 1 5 96 523 2 25 2 75 96 223 2 25 0 1 96 613 2 25 2 125 96 223 2 25 1 15 96 524 2 25 2 175 96 224 2 25 0 2 96 614 2 25 2 225 96 524 2 25 1 25 96 223 2 25 2 275 96 523 2 25 0 3 96 222 2 25 2 325 96 522 2 25 1 35 96 523 2 25 2 375 96
4/4 32 2 25 0 0 80 33 2 25 2 25 80 523 2 25 1 5 80 613 2 25 2 75 80 33 2 25 0 1 80 613 2 25 2 125 80 34 2 25 1 15 80 524 2 25 2 175 80 35 0 2 0 2 80
4/4 22 2 25 0 0 80 613 2 25 2 25 80 23 2 25 1 5 80 524 2 25 2 75 80 614 0 1 0 1 80 222 0 1 0 2 80 223 0 1 0 2 80 222 2 25 1 25 80 223 0 1 2 275 80 314 0 1 2 275 80
4/4 712 2 25 0 0 80 523 2 25 2 25 80 713 2 25 1 5 80 23 2 25 2 75 80 524 0 1 0 1 80 313 0 1 0 2 80 713 0 1 0 2 80 314 0 1 0 2 80
4/4 22 0 1 0 0 80 23 0 1 0 0 80 613 1 5 1 5 80 313 0 1 0 1 80 314 0 1 0 1 80 713 1 5 1 15 80 523 0 1 0 2 80 524 0 1 0 2 80 223 1 5 1 25 80 524 0 1 0 3 80
4/4 22 1 5 0 0 80 613 1 5 1 5 80 44 1 5 0 1 80 23 1 5 1 15 80 614 1 5 0 2 80 44 1 5 1 25 80 24 1 5 0 3 80 614 1 5 1 35 80
4/4 313 1 5 0 0 80 23 1 5 1 5 80 44 1 5 0 1 80 614 1 5 1 15 80 313 0 1 2 175 80 713 0 1 2 175 80 314 0 1 2 175 80 64 0 1 0 2 80 312 0 1 1 35 80 313 0 1 1 35 80
4/4 611 0 1 0 0 80 612 0 1 0 0 80 613 0 1 0 2 80 314 0 1 0 2 80
4/4 614 0 1 0 0 80 315 0 1 0 0 80
