4/4
4/4
4/4
4/4
4/4
4/4
4/4
4/4
4/4
4/4 23 0 1 2 175 49 23 0 1 2 275 49 523 0 1 2 275 49 53 2 75 0 3 49 54 0 1 2 375 49 613 0 1 2 375 49
3/4 73 2 75 0 0 49 74 0 1 2 75 49 223 0 1 2 75 49 23 2 75 0 1 49 74 0 1 2 175 49 23 0 1 2 175 49 13 2 75 0 2 49 614 0 1 2 275 49 713 0 1 2 275 49
3/4 13 2 75 0 0 49 14 0 1 2 75 49 34 0 1 2 75 49 23 2 75 0 1 49 74 0 1 2 175 49 23 0 1 2 175 49 13 2 75 0 2 49 614 0 1 2 275 49 713 0 1 2 275 49
3/4 13 2 75 0 0 49 74 0 1 2 75 49 23 0 1 2 75 49 13 2 75 0 1 49 614 0 1 2 175 49 13 0 1 2 175 49 73 2 75 0 2 49 54 0 1 2 275 49 613 0 1 2 275 49
3/4 73 2 75 0 0 49 44 0 1 2 75 49 713 0 1 2 75 49 13 2 75 0 1 49 44 0 1 2 175 49 613 0 1 2 175 49 73 2 75 0 2 49 74 0 1 2 275 49 223 0 1 2 275 49
3/4 23 2 75 0 0 49 24 0 1 2 75 49 314 0 1 2 75 49 44 2 75 0 1 49 24 0 1 2 175 49 44 0 1 2 175 49 34 2 75 0 2 49 14 0 1 2 275 49 23 0 1 2 275 49
3/4 34 2 75 0 0 49 35 0 1 2 75 49 54 0 1 2 75 49 44 2 75 0 1 49 14 0 1 2 175 49 23 0 1 2 175 49 34 2 75 0 2 49 24 0 1 2 275 49 314 0 1 2 275 49
3/4 44 2 75 0 0 49 74 0 1 2 75 49 223 0 1 2 75 49 23 2 75 0 1 49 14 0 1 2 175 49 23 0 1 2 175 49 34 2 75 0 2 49 614 0 1 2 275 49 713 0 1 2 275 49
3/4 13 2 75 0 0 49 74 0 1 2 75 49 23 0 1 2 75 49 13 2 75 0 1 49 23 0 1 2 175 49 523 0 1 2 175 49 53 2 75 0 2 49 54 0 1 2 275 49 613 0 1 2 275 49
3/4 73 2 75 0 0 49 74 0 1 2 75 49 223 0 1 2 75 49 23 2 75 0 1 49 74 0 1 2 175 49 23 0 1 2 175 49 13 2 75 0 2 49 614 0 1 2 275 49 713 0 1 2 275 49
3/4 13 2 75 0 0 49 14 0 1 2 75 49 34 0 1 2 75 49 23 2 75 0 1 49 74 0 1 2 175 49 23 0 1 2 175 49 13 2 75 0 2 49 614 0 1 2 275 49 713 0 1 2 275 49
3/4 13 2 75 0 0 49 74 0 1 2 75 49 23 0 1 2 75 49 13 2 75 0 1 49 614 0 1 2 175 49 13 0 1 2 175 49 73 2 75 0 2 49 54 0 1 2 275 49 613 0 1 2 275 49
3/4 73 2 75 0 0 58 44 0 1 2 75 62 53 0 1 2 75 62 63 2 75 0 1 66 64 0 1 2 175 70 223 0 1 2 175 70 23 2 75 0 2 75 24 0 1 2 275 79 314 0 1 2 275 79
3/4 44 2 75 0 0 83 45 0 1 2 75 87 54 0 1 2 75 87 64 2 75 0 1 92 45 0 1 2 175 96 54 0 1 2 175 96 64 2 75 0 2 96 35 0 1 2 275 96 524 0 1 2 275 96
3/4 54 2 75 0 0 96 24 0 1 2 75 96 314 0 1 2 75 96 44 2 75 0 1 96 24 0 1 2 175 89 314 0 1 2 175 89 44 2 75 0 2 86 14 0 1 2 275 83 23 0 1 2 275 83
3/4 34 2 75 0 0 79 44 0 1 2 75 76 713 0 1 2 75 76 13 2 75 0 1 73 44 0 1 2 175 69 713 0 1 2 175 69 13 2 75 0 2 66 24 0 1 2 275 62 314 0 1 2 275 62
3/4 44 2 75 0 0 59 14 0 1 2 75 56 23 0 1 2 75 56 34 2 75 0 1 52 74 0 1 2 175 49 223 0 1 2 175 49 23 2 75 0 2 49 24 0 1 2 275 49 314 0 1 2 275 49
3/4 44 2 75 0 0 49 24 0 1 2 75 49 314 0 1 2 75 49 44 2 75 0 1 49 24 0 1 2 175 49 314 0 1 2 175 49 44 2 75 0 2 49 45 0 1 2 275 49 54 0 1 2 275 49
3/4 64 2 75 0 0 49 35 0 1 2 75 49 524 0 1 2 75 49 54 2 75 0 1 49 24 0 1 2 175 49 314 0 1 2 175 49 44 2 75 0 2 49 14 0 1 2 275 49 23 0 1 2 275 49
3/4 34 2 75 0 0 49 44 0 1 2 75 49 713 0 1 2 75 49 13 2 75 0 1 49 44 0 1 2 175 49 713 0 1 2 175 49 13 2 75 0 2 49 44 0 1 2 275 49 223 0 1 2 275 49
3/4 23 2 75 0 0 49 44 0 1 2 75 49 713 0 1 2 75 49 13 2 75 0 1 49 23 0 1 2 175 49 613 0 1 2 175 49 73 1 5 3 2333 49 44 0 1 2 275 49 223 0 1 2 275 49
3/4 44 0 1 0 0 49 223 0 1 0 0 49 23 1 5 3 333 49 24 0 1 2 75 49 314 0 1 2 75 49 44 1 5 3 1333 49 24 0 1 2 175 49 314 0 1 2 175 49 44 1 5 3 2333 49 45 0 1 2 275 49 54 0 1 2 275 49
3/4 45 0 1 0 0 49 54 0 1 0 0 49 64 1 5 3 333 49 35 0 1 2 75 49 524 0 1 2 75 49 54 1 5 3 1333 49 24 0 1 2 175 49 314 0 1 2 175 49 44 1 5 3 2333 49 14 0 1 2 275 49 23 0 1 2 275 49
3/4 14 0 1 0 0 49 23 0 1 0 0 49 34 1 5 3 333 49 44 0 1 2 75 49 713 0 1 2 75 49 13 1 5 3 1333 49 44 0 1 2 175 49 713 0 1 2 175 49 13 1 5 3 2333 49 44 0 1 2 275 49 223 0 1 2 275 49
3/4 44 0 1 0 0 49 223 0 1 0 0 49 23 1 5 3 333 49 44 0 1 2 75 49 713 0 1 2 75 49 13 1 5 3 1333 49 23 0 1 2 175 49 613 0 1 2 175 49 73 1 5 3 2333 51 44 0 1 2 275 52 223 0 1 2 275 52
3/4 44 0 1 0 0 52 223 0 1 0 0 52 23 1 5 3 333 54 74 0 1 2 75 55 314 0 1 2 75 55 44 1 5 3 1333 56 24 0 1 2 175 57 614 0 1 2 175 57 74 1 5 3 2333 58 45 0 1 2 275 59 224 0 1 2 275 59
3/4 45 0 1 0 0 59 224 0 1 0 0 59 24 1 5 3 333 61 75 0 1 2 75 62 315 0 1 2 75 62 45 1 5 3 1333 63 25 0 1 2 175 64 615 0 1 2 175 64 75 1 5 3 2333 62 75 0 1 2 275 60 315 0 1 2 275 60
3/4 75 0 1 0 0 60 315 0 1 0 0 60 45 1 5 3 333 59 45 0 1 2 75 58 224 0 1 2 75 58 24 1 5 3 1333 57 24 0 1 2 175 55 614 0 1 2 175 55 74 1 5 3 2333 54 74 0 1 2 275 53 314 0 1 2 275 53
3/4 74 0 1 0 0 53 314 0 1 0 0 53 44 1 5 3 333 52 44 0 1 2 75 50 223 0 1 2 75 50 23 1 5 3 1333 49 523 2 25 3 1667 49 53 0 1 2 175 49 23 0 1 2 175 49 613 2 25 3 2667 49 73 0 1 2 275 49 54 0 1 2 275 49
3/4 73 0 1 0 0 49 54 0 1 0 0 49 223 2 25 3 667 49 23 0 1 2 75 49 74 0 1 2 75 49 23 2 25 3 1667 49 13 0 1 2 175 49 74 0 1 2 175 49 713 2 25 3 2667 49 13 0 1 2 275 49 614 0 1 2 275 49
3/4 13 0 1 0 0 49 614 0 1 0 0 49 34 2 25 3 667 49 23 0 1 2 75 49 14 0 1 2 75 49 23 2 25 3 1667 49 13 0 1 2 175 49 74 0 1 2 175 49 713 2 25 3 2667 49 13 0 1 2 275 49 614 0 1 2 275 49
3/4 13 0 1 0 0 49 614 0 1 0 0 49 23 2 25 3 667 49 13 0 1 2 75 49 74 0 1 2 75 49 13 2 25 3 1667 49 73 0 1 2 175 49 614 0 1 2 175 49 613 2 25 3 2667 49 73 0 1 2 275 49 54 0 1 2 275 49
3/4 73 0 1 0 0 49 54 0 1 0 0 49 713 2 25 3 667 49 13 0 1 2 75 49 44 0 1 2 75 49 613 2 25 3 1667 49 73 0 1 2 175 49 44 0 1 2 175 49 223 2 25 3 2667 49 23 0 1 2 275 49 74 0 1 2 275 49
3/4 23 0 1 0 0 49 74 0 1 0 0 49 314 2 25 3 667 49 44 0 1 2 75 49 24 0 1 2 75 49 44 2 25 3 1667 49 34 0 1 2 175 49 24 0 1 2 175 49 23 2 25 3 2667 49 34 0 1 2 275 49 14 0 1 2 275 49
3/4 34 0 1 0 0 49 14 0 1 0 0 49 54 2 25 3 667 49 44 0 1 2 75 49 35 0 1 2 75 49 23 2 25 3 1667 49 34 0 1 2 175 49 14 0 1 2 175 49 314 2 25 3 2667 49 44 0 1 2 275 49 24 0 1 2 275 49
3/4 44 0 1 0 0 49 24 0 1 0 0 49 223 2 25 3 667 49 23 0 1 2 75 49 74 0 1 2 75 49 23 2 25 3 1667 49 34 0 1 2 175 49 14 0 1 2 175 49 713 2 25 3 2667 49 13 0 1 2 275 49 614 0 1 2 275 49
3/4 13 0 1 0 0 49 614 0 1 0 0 49 23 2 25 3 667 49 13 0 1 2 75 49 74 0 1 2 75 49 23 0 1 2 175 49 523 0 1 2 175 49 53 1 5 3 2333 49 54 0 1 2 275 49 613 0 1 2 275 49
3/4 54 0 1 0 0 49 613 0 1 0 0 49 73 1 5 3 333 49 74 0 1 2 75 49 223 0 1 2 75 49 23 1 5 3 1333 49 74 0 1 2 175 49 23 0 1 2 175 49 13 1 5 3 2333 49 614 0 1 2 275 49 713 0 1 2 275 49
3/4 614 0 1 0 0 49 713 0 1 0 0 49 13 1 5 3 333 49 14 0 1 2 75 53 34 0 1 2 75 53 23 1 5 3 1333 55 74 0 1 2 175 57 23 0 1 2 175 57 13 1 5 3 2333 59 614 0 1 2 275 61 713 0 1 2 275 61
3/4 614 0 1 0 0 61 713 0 1 0 0 61 13 1 5 3 333 63 74 0 1 2 75 65 23 0 1 2 75 65 13 1 5 3 1333 67 614 0 1 2 175 69 13 0 1 2 175 69 73 1 5 3 2333 71 54 0 1 2 275 74 613 0 1 2 275 74
3/4 54 0 1 0 0 74 613 0 1 0 0 74 73 1 5 3 333 76 44 0 1 2 75 78 53 0 1 2 75 78 63 1 5 3 1333 80 64 0 1 2 175 82 223 0 1 2 175 82 23 1 5 3 2333 84 24 0 1 2 275 86 314 0 1 2 275 86
3/4 24 0 1 0 0 86 314 0 1 0 0 86 44 1 5 3 333 88 45 0 1 2 75 90 54 0 1 2 75 90 64 1 5 3 1333 92 36 0 1 3 1667 94 75 0 1 3 1667 94 55 0 1 3 1667 94 56 1 5 2 175 96
3/4 24 0 1 3 1667 96 54 0 1 3 1667 96 23 0 1 3 1667 96 25 1 5 2 175 96
3/4 24 0 1 3 1667 96 524 0 1 3 1667 96 23 0 1 3 1667 96 25 1 5 2 175 96
3/4 23 0 1 2 225 49 53 0 1 2 225 49 713 3 333 1 25 49 23 2 25 2 275 49
3/4 24 0 1 2 25 49 54 0 1 2 25 49 714 3 333 1 5 49 24 2 25 2 75 49 25 0 1 2 125 49 55 0 1 2 125 49 715 3 333 1 15 49 24 2 25 2 175 49 25 0 1 2 225 49 55 0 1 2 225 49 615 3 333 1 25 49 24 2 25 2 275 49
3/4 24 0 1 2 25 49 524 0 1 2 25 49 614 3 333 1 5 49 23 2 25 2 75 49 23 0 1 2 125 49 523 0 1 2 125 49 613 3 333 1 15 49 712 0 1 2 175 49 713 0 1 2 225 49 313 0 1 2 225 49 53 3 333 1 25 49 713 2 25 2 275 49
3/4 714 0 1 2 25 49 314 0 1 2 25 49 54 3 333 1 5 49 14 2 25 2 75 49 15 0 1 2 125 49 315 0 1 2 125 49 55 3 333 1 15 49 14 2 25 2 175 49 15 0 1 2 225 49 35 0 1 2 225 49 525 3 333 1 25 49 14 2 25 2 275 49
3/4 14 0 1 2 25 49 34 0 1 2 25 49 524 3 333 1 5 49 13 2 25 2 75 49 713 0 1 2 125 49 33 0 1 2 125 49 523 3 333 1 15 49 712 2 25 2 175 49 53 0 1 2 225 49 12 0 1 2 225 49 313 3 333 1 25 49 53 2 25 2 275 49
3/4 54 0 1 2 25 49 13 0 1 2 25 49 314 3 333 1 5 49 54 2 25 2 75 49 55 0 1 2 125 49 14 0 1 2 125 49 315 3 333 1 15 49 55 2 25 2 175 49 56 0 1 2 225 49 15 0 1 2 225 49 316 3 333 1 25 49 55 2 25 2 275 49
3/4 25 0 1 2 25 49 55 0 1 2 25 49 715 3 333 1 5 49 24 2 25 2 75 49 715 0 1 2 125 49 24 0 1 2 125 49 55 3 333 1 15 49 714 2 25 2 175 49 525 0 1 2 225 49 714 0 1 2 225 49 24 3 333 1 25 49 524 2 25 2 275 49
3/4 24 0 1 2 25 49 524 0 1 2 25 49 714 3 333 1 5 49 73 2 25 2 75 49 74 0 1 2 125 49 223 0 1 2 125 49 524 3 333 1 15 49 713 2 25 2 175 49 714 0 1 2 225 49 23 0 1 2 225 49 524 3 333 1 25 49 523 2 25 2 275 49
3/4 524 0 1 2 25 49 713 0 1 2 25 49 23 3 333 1 5 49 22 2 25 2 75 49 23 0 1 2 125 49 523 0 1 2 125 49 613 3 333 1 15 49 22 0 1 2 175 49 23 0 1 2 225 49 53 0 1 2 225 49 713 3 333 1 25 49 23 2 25 2 275 49
3/4 24 0 1 2 25 49 54 0 1 2 25 49 714 3 333 1 5 49 24 2 25 2 75 49 25 0 1 2 125 49 55 0 1 2 125 49 715 3 333 1 15 49 24 2 25 2 175 49 25 0 1 2 225 49 55 0 1 2 225 49 615 3 333 1 25 49 24 2 25 2 275 49
3/4 24 0 1 2 25 49 524 0 1 2 25 49 614 3 333 1 5 49 23 2 25 2 75 49 23 0 1 2 125 49 523 0 1 2 125 49 613 3 333 1 15 49 712 0 1 2 175 49 713 0 1 2 225 49 313 0 1 2 225 49 53 3 333 1 25 49 713 2 25 2 275 49
3/4 714 0 1 2 25 49 314 0 1 2 25 49 54 3 333 1 5 49 14 2 25 2 75 49 15 0 1 2 125 49 315 0 1 2 125 49 55 3 333 1 15 49 14 2 25 2 175 49 15 0 1 2 225 49 35 0 1 2 225 49 525 3 333 1 25 49 14 2 25 2 275 49
3/4 14 0 1 2 25 49 34 0 1 2 25 49 524 3 333 1 5 49 13 2 25 2 75 49 713 0 1 2 125 49 33 0 1 2 125 49 523 3 333 1 15 49 712 2 25 2 175 49 313 0 1 2 225 49 712 0 1 2 225 49 222 3 333 1 25 49 53 2 25 2 275 49
3/4 54 0 1 2 25 49 713 0 1 2 25 49 223 3 333 1 5 49 54 2 25 2 75 49 55 0 1 2 125 49 714 0 1 2 125 49 224 3 333 1 15 49 524 2 25 2 175 49 525 0 1 2 225 49 714 0 1 2 225 49 24 3 333 1 25 49 524 2 25 2 275 49
3/4 524 0 1 2 25 49 713 0 1 2 25 49 23 3 333 1 5 49 523 2 25 2 75 49 53 0 1 2 125 49 314 0 1 2 125 49 53 3 667 2 125 49 223 3 333 1 15 49 313 2 25 2 175 49 523 0 1 2 225 49 314 0 1 2 225 49 523 3 667 2 225 49 713 3 333 1 25 49 22 2 25 2 275 49
3/4 523 0 1 2 25 49 23 0 1 2 25 49 523 3 667 2 25 49 713 3 333 1 5 49 222 2 25 2 75 49 313 0 1 2 125 49 223 0 1 2 125 49 313 3 667 2 125 49 73 3 333 1 15 49 222 2 25 2 175 49 313 0 1 2 225 49 223 0 1 2 225 49 313 3 667 2 225 49 523 3 333 1 25 49 222 2 25 2 275 49
3/4 22 0 1 2 25 49 713 0 1 2 25 49 22 3 667 2 25 49 523 3 333 1 5 49 712 2 25 2 75 49 22 0 1 2 125 49 713 0 1 2 125 49 22 3 667 2 125 49 523 3 333 1 15 49 52 2 25 2 175 49 523 0 1 2 225 49 612 0 1 2 225 49 313 3 333 1 25 49 53 2 25 2 275 49
3/4 524 0 1 2 25 49 613 0 1 2 25 49 314 3 333 1 5 49 54 2 25 2 75 49 525 0 1 2 125 49 614 0 1 2 125 49 315 3 333 1 15 49 54 2 25 2 175 49 315 0 1 2 225 49 714 0 1 2 225 49 24 3 333 1 25 49 54 2 25 2 275 49
3/4 314 0 1 2 25 49 713 0 1 2 25 49 23 3 333 1 5 49 53 2 25 2 75 49 54 0 1 2 125 49 713 0 1 2 125 49 314 3 333 1 15 49 53 2 25 2 175 49 23 0 1 2 225 49 53 0 1 2 225 49 713 3 333 1 25 49 313 2 25 2 275 49
3/4 22 0 1 2 25 49 52 0 1 2 25 49 712 3 333 1 5 49 21 2 25 2 75 49 22 0 1 2 125 49 522 0 1 2 125 49 12 3 333 1 15 49 21 2 25 2 175 49 12 0 1 2 225 49 52 0 1 2 225 49 712 3 333 1 25 49 22 2 25 2 275 49
3/4 13 0 1 2 25 49 53 0 1 2 25 49 713 3 333 1 5 49 23 2 25 2 75 49 14 0 1 2 125 49 54 0 1 2 125 49 714 3 333 1 15 49 53 2 25 2 175 49 524 0 1 2 225 49 613 0 1 2 225 49 314 3 333 1 25 49 54 2 25 2 275 49
3/4 525 0 1 2 25 49 614 0 1 2 25 49 315 3 333 1 5 49 55 2 25 2 75 49 526 0 1 2 125 49 615 0 1 2 125 49 316 3 333 1 15 49 55 2 25 2 175 49 316 0 1 2 225 49 715 0 1 2 225 49 25 3 333 1 25 49 55 2 25 2 275 49
3/4 315 0 1 2 25 49 714 0 1 2 25 49 24 3 333 1 5 49 54 2 25 2 75 49 55 0 1 2 125 49 714 0 1 2 125 49 315 3 333 1 15 49 54 2 25 2 175 49 24 0 1 2 225 49 54 0 1 2 225 49 714 3 333 1 25 49 314 2 25 2 275 49
3/4 23 0 1 2 25 49 53 0 1 2 25 49 713 3 333 1 5 49 22 2 25 2 75 49 23 0 1 2 125 49 523 0 1 2 125 49 13 3 333 1 15 49 22 2 25 2 175 49 13 0 1 2 225 49 53 0 1 2 225 49 713 3 333 1 25 49 23 2 25 2 275 49
3/4 14 0 1 2 25 49 54 0 1 2 25 49 714 3 333 1 5 49 23 2 25 2 75 49 13 0 1 2 125 49 53 0 1 2 125 49 713 3 333 1 15 49 33 0 1 2 175 49 713 0 1 2 225 49 53 0 1 2 225 49 613 3 333 1 25 49 22 2 25 2 275 49
3/4 22 2 75 0 0 49 713 0 1 2 25 49 53 0 1 2 25 49 613 3 333 1 5 49 12 0 1 2 75 49 713 0 1 2 125 52 53 0 1 2 125 52 613 3 333 1 15 54 34 0 1 2 175 55 714 0 1 2 225 57 54 0 1 2 225 57 614 3 333 1 25 58 23 2 25 2 275 60
3/4 23 2 75 0 0 60 714 0 1 2 25 61 54 0 1 2 25 61 614 3 333 1 5 63 13 0 1 2 75 64 714 0 1 2 125 66 54 0 1 2 125 66 614 3 333 1 15 67 223 2 25 2 175 69 714 0 1 2 225 70 54 0 1 2 225 70 614 3 333 1 25 72 224 2 25 2 275 73
3/4 715 0 1 2 25 75 55 0 1 2 25 75 615 3 333 1 5 76 224 2 25 2 75 78 316 0 1 2 125 79 55 0 1 2 125 79 615 3 333 1 15 81 24 2 25 2 175 82 25 0 1 2 225 84 525 0 1 2 225 84 615 3 333 1 25 85 24 2 25 2 275 87
3/4 24 0 1 2 25 88 524 0 1 2 25 88 614 3 333 1 5 90 23 2 25 2 75 91 23 0 1 2 125 93 523 0 1 2 125 93 613 3 333 1 15 94 712 2 25 2 175 96 23 0 1 2 225 96 43 0 1 2 225 96 63 3 333 1 25 96 714 2 25 2 275 96
3/4 25 0 1 2 25 96 45 0 1 2 25 96 65 3 333 1 5 96 74 2 25 2 75 96 225 0 1 2 125 96 315 0 1 2 125 96 55 3 333 1 15 96 74 2 25 2 175 96 225 0 1 2 225 96 315 0 1 2 225 96 55 3 333 1 25 96 74 2 25 2 275 96
3/4 224 0 1 2 25 96 314 0 1 2 25 96 54 3 333 1 5 96 613 2 25 2 75 96 14 0 1 2 125 96 34 0 1 2 125 96 524 3 333 1 15 96 613 2 25 2 175 96 14 0 1 2 225 96 34 0 1 2 225 96 524 3 333 1 25 96 614 2 25 2 275 96
3/4 15 0 1 2 25 96 35 0 1 2 25 96 525 3 333 1 5 96 64 2 25 2 75 96 715 0 1 2 125 96 24 0 1 2 125 96 45 3 333 1 15 96 64 2 25 2 175 96 715 0 1 2 225 96 24 0 1 2 225 96 45 3 333 1 25 96 64 2 25 2 275 96
3/4 714 0 1 2 25 96 23 0 1 2 25 96 44 3 333 1 5 96 53 2 25 2 75 96 74 0 1 2 125 96 23 0 1 2 125 96 314 3 333 1 15 96 53 0 1 2 175 96 54 0 1 2 225 96 23 0 1 2 225 96 314 3 333 1 25 96 613 2 25 2 275 96
3/4 613 2 75 0 0 96 614 0 1 2 25 96 23 0 1 2 25 96 314 3 333 1 5 96 73 0 1 2 75 96 74 0 1 2 125 96 23 0 1 2 125 96 314 3 333 1 15 96 73 0 1 2 175 96 74 0 1 2 225 96 23 0 1 2 225 96 314 3 333 1 25 96 613 2 25 2 275 96
3/4 613 2 75 0 0 96 614 0 1 2 25 96 23 0 1 2 25 96 314 3 333 1 5 96 53 0 1 2 75 96 54 0 1 2 125 96 23 0 1 2 125 96 314 3 333 1 15 96 53 0 1 2 175 96 54 0 1 2 225 96 23 0 1 2 225 96 314 3 333 1 25 96 53 2 25 2 275 96
3/4 53 2 75 0 0 96 54 0 1 2 25 90 223 0 1 2 25 90 314 3 333 1 5 87 53 0 1 2 75 84 54 0 1 2 125 81 223 0 1 2 125 81 34 3 333 1 15 78 53 0 1 2 175 75 54 0 1 2 225 73 13 0 1 2 225 73 34 3 333 1 25 70 523 2 25 2 275 67
3/4 523 2 75 0 0 67 524 0 1 2 25 64 13 0 1 2 25 64 23 3 333 1 5 61 22 0 1 2 75 58 23 0 1 2 125 55 523 0 1 2 125 55 13 3 333 1 15 52 22 0 1 2 175 49 23 0 1 0 2 49 53 0 1 0 2 49 713 3 333 3 2333 49 23 2 25 3 2667 49 24 0 1 2 275 49 54 0 1 2 275 49
3/4 714 3 333 0 0 49 24 3 333 3 333 49 25 0 1 3 667 49 55 0 1 3 667 49 715 2 25 2 75 49 24 3 333 0 1 49 25 0 1 3 1333 49 55 0 1 3 1333 49 715 2 25 3 1667 49 24 2 25 2 175 49 25 0 1 0 2 49 525 0 1 0 2 49 615 3 333 3 2333 49 24 2 25 3 2667 49 24 0 1 2 275 49 524 0 1 2 275 49
3/4 614 3 333 0 0 49 23 3 333 3 333 49 23 0 1 3 667 49 523 0 1 3 667 49 613 2 25 2 75 49 22 2 75 0 1 49 23 0 1 3 1333 49 523 0 1 3 1333 49 613 2 25 3 1667 49 712 0 1 2 175 49 713 0 1 0 2 49 313 0 1 0 2 49 53 3 333 3 2333 49 713 2 25 3 2667 49 714 0 1 2 275 49 314 0 1 2 275 49
3/4 54 3 333 0 0 49 714 3 333 3 333 49 715 0 1 3 667 49 315 0 1 3 667 49 55 2 25 2 75 49 14 3 333 0 1 49 15 0 1 3 1333 49 315 0 1 3 1333 49 55 2 25 3 1667 49 14 2 25 2 175 49 15 0 1 0 2 49 35 0 1 0 2 49 525 3 333 3 2333 49 14 2 25 3 2667 49 14 0 1 2 275 49 34 0 1 2 275 49
3/4 524 3 333 0 0 49 13 3 333 3 333 49 13 0 1 3 667 49 33 0 1 3 667 49 523 2 25 2 75 49 712 2 75 0 1 49 713 0 1 3 1333 49 33 0 1 3 1333 49 523 2 25 3 1667 49 712 2 25 2 175 49 53 0 1 0 2 49 12 0 1 0 2 49 313 3 333 3 2333 49 53 2 25 3 2667 49 54 0 1 2 275 49 13 0 1 2 275 49
3/4 314 3 333 0 0 49 54 3 333 3 333 49 55 0 1 3 667 49 14 0 1 3 667 49 315 2 25 2 75 49 55 3 333 0 1 49 56 0 1 3 1333 49 15 0 1 3 1333 49 316 2 25 3 1667 49 55 2 25 2 175 49 56 0 1 0 2 49 715 0 1 0 2 49 25 3 333 3 2333 49 55 2 25 3 2667 49 25 0 1 2 275 49 55 0 1 2 275 49
3/4 715 3 333 0 0 49 24 3 333 3 333 49 715 0 1 3 667 49 24 0 1 3 667 49 55 2 25 2 75 49 714 3 333 0 1 49 55 0 1 3 1333 49 714 0 1 3 1333 49 24 2 25 3 1667 49 524 2 25 2 175 49 525 0 1 0 2 49 714 0 1 0 2 49 24 3 333 3 2333 49 524 2 25 3 2667 49 24 0 1 2 275 49 524 0 1 2 275 49
3/4 714 3 333 0 0 49 23 3 333 3 333 49 714 0 1 3 667 49 23 0 1 3 667 49 524 2 75 2 75 49 73 3 333 0 1 49 74 0 1 3 1333 49 223 0 1 3 1333 49 524 2 25 3 1667 49 713 2 25 2 175 49 714 0 1 0 2 49 23 0 1 0 2 49 524 3 333 3 2333 49 713 2 25 3 2667 49 524 0 1 2 275 49 713 0 1 2 275 49
3/4 23 3 333 0 0 49 523 3 333 3 333 49 23 0 1 3 667 49 523 0 1 3 667 49 713 2 75 2 75 49 22 3 333 0 1 49 23 0 1 3 1333 49 523 0 1 3 1333 49 613 2 25 3 1667 49 22 0 1 2 175 49 23 0 1 0 2 49 53 0 1 0 2 49 713 3 333 3 2333 49 23 2 25 3 2667 49 24 0 1 2 275 49 54 0 1 2 275 49
3/4 714 3 333 0 0 49 24 3 333 3 333 49 25 0 1 3 667 49 55 0 1 3 667 49 715 2 25 2 75 49 24 3 333 0 1 49 25 0 1 3 1333 49 55 0 1 3 1333 49 715 2 25 3 1667 49 24 2 25 2 175 49 25 0 1 0 2 49 525 0 1 0 2 49 615 3 333 3 2333 49 24 2 25 3 2667 49 24 0 1 2 275 49 524 0 1 2 275 49
3/4 614 3 333 0 0 49 23 3 333 3 333 49 23 0 1 3 667 49 523 0 1 3 667 49 613 2 25 2 75 49 22 2 75 0 1 49 23 0 1 3 1333 49 523 0 1 3 1333 49 613 2 25 3 1667 49 712 0 1 2 175 49 713 0 1 0 2 49 313 0 1 0 2 49 53 3 333 3 2333 49 713 2 25 3 2667 49 714 0 1 2 275 49 314 0 1 2 275 49
3/4 54 3 333 0 0 49 714 3 333 3 333 49 715 0 1 3 667 49 315 0 1 3 667 49 55 2 25 2 75 49 14 3 333 0 1 49 15 0 1 3 1333 49 315 0 1 3 1333 49 55 2 25 3 1667 49 14 2 25 2 175 49 15 0 1 0 2 49 35 0 1 0 2 49 525 3 333 3 2333 49 14 2 25 3 2667 49 14 0 1 2 275 49 34 0 1 2 275 49
3/4 524 3 333 0 0 49 13 3 333 3 333 49 13 0 1 3 667 49 33 0 1 3 667 49 523 2 25 2 75 49 712 2 75 0 1 49 713 0 1 3 1333 49 33 0 1 3 1333 49 523 2 25 3 1667 49 712 2 25 2 175 49 53 0 1 0 2 49 12 0 1 0 2 49 313 3 333 3 2333 49 53 2 25 3 2667 49 54 0 1 2 275 49 13 0 1 2 275 49
3/4 314 3 333 0 0 49 54 3 333 3 333 49 55 0 1 3 667 49 14 0 1 3 667 49 315 2 25 2 75 49 55 3 333 0 1 49 56 0 1 3 1333 49 15 0 1 3 1333 49 316 2 25 3 1667 49 55 2 25 2 175 49 56 0 1 0 2 49 715 0 1 0 2 49 25 3 333 3 2333 49 55 2 25 3 2667 49 25 0 1 2 275 49 55 0 1 2 275 49
3/4 715 3 333 0 0 49 24 3 333 3 333 49 715 0 1 3 667 49 24 0 1 3 667 49 55 2 25 2 75 49 714 3 333 0 1 49 55 0 1 3 1333 49 714 0 1 3 1333 49 24 2 25 3 1667 49 54 2 25 2 175 49 24 0 1 0 2 49 54 0 1 0 2 49 714 3 333 3 2333 49 23 2 25 3 2667 49 714 0 1 2 275 49 23 0 1 2 275 49
3/4 54 3 333 0 0 49 713 3 333 3 333 49 54 0 1 3 667 49 713 0 1 3 667 49 23 2 25 2 75 49 53 3 333 0 1 49 23 0 1 3 1333 49 53 0 1 3 1333 49 713 2 25 3 1667 49 22 2 25 2 175 49 23 0 1 0 2 49 53 0 1 0 2 49 713 3 333 3 2333 49 22 2 25 3 2667 49 23 0 1 2 275 49 53 0 1 2 275 49
3/4 713 3 333 0 0 49 22 3 333 3 333 49 23 0 1 3 667 49 53 0 1 3 667 49 713 2 25 2 75 49 22 3 333 0 1 49 23 0 1 3 1333 49 53 0 1 3 1333 49 713 2 25 3 1667 49 22 2 25 2 175 49 23 0 1 0 2 46 53 0 1 0 2 46 713 3 333 3 2333 45 22 2 25 3 2667 44 23 0 1 2 275 42 53 0 1 2 275 42
3/4 713 3 333 0 0 41 22 3 333 3 333 40 23 0 1 3 667 38 53 0 1 3 667 38 713 2 25 2 75 37 22 3 333 0 1 36 23 0 1 3 1333 34 53 0 1 3 1333 34 713 2 25 3 1667 33 23 0 1 2 175 49 73 0 1 2 175 49 523 0 1 2 175 49 53 2 75 0 2 49 54 0 1 2 275 49 23 0 1 2 275 49 613 0 1 2 275 49
3/4 73 2 75 0 0 49 74 0 1 2 75 49 54 0 1 2 75 49 223 0 1 2 75 49 23 2 75 0 1 49 74 0 1 2 175 49 34 0 1 2 175 49 23 0 1 2 175 49 13 2 75 0 2 49 614 0 1 2 275 49 34 0 1 2 275 49 713 0 1 2 275 49
3/4 13 2 75 0 0 49 14 0 1 2 75 49 614 0 1 2 75 49 34 0 1 2 75 49 23 2 75 0 1 49 74 0 1 2 175 49 524 0 1 2 175 49 23 0 1 2 175 49 13 2 75 0 2 49 614 0 1 2 275 49 524 0 1 2 275 49 713 0 1 2 275 49
3/4 13 2 75 0 0 49 74 0 1 2 75 49 524 0 1 2 75 49 23 0 1 2 75 49 13 2 75 0 1 49 614 0 1 2 175 49 23 0 1 2 175 49 13 0 1 2 175 49 73 2 75 0 2 49 54 0 1 2 275 49 23 0 1 2 275 49 613 0 1 2 275 49
3/4 73 2 75 0 0 49 44 0 1 2 75 49 34 0 1 2 75 49 713 0 1 2 75 49 13 2 75 0 1 49 44 0 1 2 175 49 23 0 1 2 175 49 613 0 1 2 175 49 73 2 75 0 2 49 74 0 1 2 275 49 44 0 1 2 275 49 223 0 1 2 275 49
3/4 23 2 75 0 0 49 24 0 1 2 75 49 74 0 1 2 75 49 314 0 1 2 75 49 44 2 75 0 1 49 24 0 1 2 175 49 54 0 1 2 175 49 44 0 1 2 175 49 34 2 75 0 2 49 14 0 1 2 275 49 54 0 1 2 275 49 23 0 1 2 275 49
3/4 34 2 75 0 0 49 35 0 1 2 75 49 14 0 1 2 75 49 54 0 1 2 75 49 44 2 75 0 1 49 14 0 1 2 175 49 614 0 1 2 175 49 23 0 1 2 175 49 34 2 75 0 2 49 24 0 1 2 275 49 614 0 1 2 275 49 314 0 1 2 275 49
3/4 44 2 75 0 0 49 74 0 1 2 75 49 54 0 1 2 75 49 223 0 1 2 75 49 23 2 75 0 1 49 14 0 1 2 175 49 54 0 1 2 175 49 23 0 1 2 175 49 34 2 75 0 2 49 614 0 1 2 275 49 54 0 1 2 275 49 713 0 1 2 275 49
3/4 13 2 75 0 0 49 74 0 1 2 75 49 524 0 1 2 75 49 23 0 1 2 75 49 13 2 75 0 1 49 23 0 1 2 175 49 73 0 1 2 175 49 523 0 1 2 175 49 53 2 75 0 2 49 54 0 1 2 275 49 23 0 1 2 275 49 613 0 1 2 275 49
3/4 73 2 75 0 0 49 74 0 1 2 75 49 54 0 1 2 75 49 223 0 1 2 75 49 23 2 75 0 1 49 74 0 1 2 175 49 34 0 1 2 175 49 23 0 1 2 175 49 13 2 75 0 2 49 614 0 1 2 275 49 34 0 1 2 275 49 713 0 1 2 275 49
3/4 13 2 75 0 0 49 14 0 1 2 75 49 614 0 1 2 75 49 34 0 1 2 75 49 23 2 75 0 1 49 74 0 1 2 175 49 524 0 1 2 175 49 23 0 1 2 175 49 13 2 75 0 2 49 614 0 1 2 275 49 524 0 1 2 275 49 713 0 1 2 275 49
3/4 13 2 75 0 0 49 74 0 1 2 75 49 524 0 1 2 75 49 23 0 1 2 75 49 13 2 75 0 1 49 614 0 1 2 175 49 23 0 1 2 175 49 13 0 1 2 175 49 73 2 75 0 2 49 54 0 1 2 275 49 23 0 1 2 275 49 613 0 1 2 275 49
3/4 73 2 75 0 0 49 44 0 1 2 75 49 23 0 1 2 75 49 53 0 1 2 75 49 63 2 75 0 1 49 64 0 1 2 175 49 44 0 1 2 175 49 223 0 1 2 175 49 23 1 5 3 2333 58 24 0 1 2 275 62 64 0 1 2 275 62 314 0 1 2 275 62
3/4 24 0 1 0 0 62 64 0 1 0 0 62 314 0 1 0 0 62 44 1 5 3 333 67 45 0 1 2 75 71 24 0 1 2 75 71 54 0 1 2 75 71 64 1 5 3 1333 76 45 0 1 2 175 96 24 0 1 2 175 96 54 0 1 2 175 96 64 1 5 3 2333 82 35 0 1 2 275 76 14 0 1 2 275 76 524 0 1 2 275 76
3/4 35 0 1 0 0 76 14 0 1 0 0 76 524 0 1 0 0 76 54 1 5 3 333 69 24 0 1 2 75 62 74 0 1 2 75 62 524 0 1 2 75 62 54 1 5 3 1333 55 24 0 1 2 175 60 74 0 1 2 175 60 524 0 1 2 175 60 54 1 5 3 2333 63 14 0 1 2 275 65 614 0 1 2 275 65 524 0 1 2 275 65
3/4 14 0 1 0 0 65 614 0 1 0 0 65 524 0 1 0 0 65 54 1 5 3 333 68 24 0 1 2 75 70 74 0 1 2 75 70 524 0 1 2 75 70 54 1 5 3 1333 73 45 0 1 2 175 67 14 0 1 2 175 67 524 0 1 2 175 67 54 1 5 3 2333 64 35 0 1 2 275 61 14 0 1 2 275 61 524 0 1 2 275 61
3/4 35 0 1 0 0 61 14 0 1 0 0 61 524 0 1 0 0 61 54 1 5 3 333 58 524 0 1 2 75 55 23 0 1 2 75 55 713 0 1 2 75 55 13 1 5 3 1333 52 54 0 1 2 175 49 23 0 1 2 175 49 613 0 1 2 175 49 73 2 75 0 2 49 74 0 1 2 275 49 54 0 1 2 275 49 223 0 1 2 275 49
3/4 23 2 75 0 0 49 74 0 1 2 75 49 54 0 1 2 75 49 223 0 1 2 75 49 23 2 75 0 1 49 74 0 1 2 175 49 54 0 1 2 175 49 223 0 1 2 175 49 23 2 75 0 2 49 14 0 1 2 275 49 54 0 1 2 275 49 23 0 1 2 275 49
3/4 34 2 75 0 0 49 74 0 1 2 75 49 54 0 1 2 75 49 223 0 1 2 75 49 23 2 75 0 1 49 74 0 1 2 175 49 223 0 1 2 175 49 23 2 75 0 2 49 614 0 1 2 275 49 23 0 1 2 275 49 713 0 1 2 275 49
3/4 13 2 75 0 0 49 23 0 1 2 75 49 223 0 1 2 75 49 63 0 1 2 75 49 613 2 75 0 1 49 23 0 1 2 175 49 13 0 1 2 175 49 63 0 1 2 175 49 613 2 75 0 2 49 23 0 1 2 275 49 13 0 1 2 275 49 613 0 1 2 275 49
3/4 73 2 75 0 0 49 23 0 1 2 75 49 13 0 1 2 75 49 63 0 1 2 75 49 613 2 75 0 1 49 54 0 1 2 175 49 23 0 1 2 175 49 613 0 1 2 175 49 73 1 5 3 2333 49 74 0 1 2 275 49 54 0 1 2 275 49 223 0 1 2 275 49
3/4 74 0 1 0 0 49 54 0 1 0 0 49 223 0 1 0 0 49 23 1 5 3 333 49 74 0 1 2 75 49 54 0 1 2 75 49 223 0 1 2 75 49 23 1 5 3 1333 49 74 0 1 2 175 49 54 0 1 2 175 49 223 0 1 2 175 49 23 1 5 3 2333 49 14 0 1 2 275 49 54 0 1 2 275 49 23 0 1 2 275 49
3/4 14 0 1 0 0 49 54 0 1 0 0 49 23 0 1 0 0 49 34 1 5 3 333 49 74 0 1 2 75 49 54 0 1 2 75 49 223 0 1 2 75 49 23 1 5 3 1333 49 74 0 1 2 175 49 223 0 1 2 175 49 23 1 5 3 2333 49 614 0 1 2 275 49 23 0 1 2 275 49 713 0 1 2 275 49
3/4 614 0 1 0 0 49 23 0 1 0 0 49 713 0 1 0 0 49 13 1 5 3 333 49 23 0 1 2 75 49 223 0 1 2 75 49 63 0 1 2 75 49 613 1 5 3 1333 49 23 0 1 2 175 49 13 0 1 2 175 49 63 0 1 2 175 49 613 1 5 3 2333 49 23 0 1 2 275 49 13 0 1 2 275 49 613 0 1 2 275 49
3/4 23 0 1 0 0 49 13 0 1 0 0 49 613 0 1 0 0 49 73 1 5 3 333 49 23 0 1 2 75 49 13 0 1 2 75 49 63 0 1 2 75 49 613 1 5 3 1333 49 23 0 1 2 175 49 73 0 1 2 175 49 523 0 1 2 175 49 53 1 5 3 2333 58 54 0 1 2 275 63 23 0 1 2 275 63 613 0 1 2 275 63
3/4 54 0 1 0 0 63 23 0 1 0 0 63 613 0 1 0 0 63 73 1 5 3 333 67 74 0 1 2 75 72 54 0 1 2 75 72 223 0 1 2 75 72 23 1 5 3 1333 76 24 0 1 2 175 81 74 0 1 2 175 81 524 0 1 2 175 81 54 1 5 3 2333 85 55 0 1 2 275 90 24 0 1 2 275 90 614 0 1 2 275 90
3/4 55 0 1 0 0 90 24 0 1 0 0 90 614 0 1 0 0 90 74 1 5 3 333 94 75 0 1 2 75 99 55 0 1 2 75 99 224 0 1 2 75 99 24 1 5 3 1333 103 615 0 1 3 1667 108 315 0 1 3 1667 108 614 0 1 3 1667 108 56 0 1 2 175 112
3/4
3/4 24 0 1 3 1667 112 54 0 1 3 1667 112 23 0 1 3 1667 112 25 0 1 2 175 112
3/4
3/4 24 0 1 3 1667 49 614 0 1 3 1667 49 23 0 1 3 1667 49 25 0 1 2 175 49
3/4
3/4 13 2 25 2 175 96 54 0 1 2 175 96 53 0 1 2 175 96 713 0 1 0 2 96
3/4 713 0 2 0 0 96 54 0 1 0 0 96 53 0 1 0 0 96 13 2 25 2 175 96 713 0 1 0 2 96
3/4 54 0 1 0 0 96 53 0 1 0 0 96 713 0 2 0 0 96 13 2 25 3 1667 96 713 0 1 2 175 96 13 2 25 2 275 96
3/4 713 0 2 0 0 96 13 2 25 3 1667 96 713 0 1 2 175 96 13 2 25 2 275 96
3/4 713 2 175 0 0 96 13 2 25 2 175 96 713 3 333 0 2 97 13 3 333 3 2333 98 713 2 25 3 2667 99 13 2 25 2 275 99
3/4 713 3 333 0 0 100 13 3 333 3 333 100 713 2 25 3 667 101 13 2 25 2 75 102 713 3 333 0 1 102 13 3 333 3 1333 103 713 2 25 3 1667 104 13 2 25 2 175 104 713 3 333 0 2 105 13 3 333 3 2333 105 713 2 25 3 2667 106 13 2 25 2 275 107
3/4 713 3 333 0 0 107 13 3 333 3 333 108 713 2 25 3 667 109 13 2 25 2 75 109 713 3 333 0 1 110 13 3 333 3 1333 110 713 2 25 3 1667 111 13 2 25 2 175 112 713 3 333 0 2 112 13 3 333 3 2333 113 713 2 25 3 2667 114 13 2 25 2 275 114
3/4 713 3 333 0 0 115 13 3 333 3 333 115 713 2 25 3 667 116 13 2 25 2 75 117 713 3 333 0 1 117 13 3 333 3 1333 118 713 2 25 3 1667 119 13 2 25 2 175 119 713 3 333 0 2 120 13 3 333 3 2333 120 713 2 25 3 2667 121 13 2 25 2 275 122
3/4 713 3 333 0 0 122 613 3 333 3 333 123 713 3 333 3 667 124 23 3 333 0 1 124 13 3 333 2 125 125 713 3 333 1 15 125 713 2 125 2 175 126
17/4 713 2 175 0 0 126 22 0 1 2 175 126 53 0 1 2 275 126 613 0 1 2 375 126 713 0 1 2 475 126 23 0 1 2 575 126 54 0 1 2 675 126 614 0 1 2 775 126 714 0 1 2 875 126 24 0 1 2 975 126 55 0 1 2 1075 126 615 0 1 2 1175 126 715 0 2 2 1275 126
4/4 51 0 1 0 1 49 21 0 1 0 1 49 72 0 1 2 125 49 71 0 1 0 3 49 52 0 1 0 3 49 22 2 75 2 325 49
4/4 11 0 1 0 0 49 52 0 1 0 0 49 22 2 25 0 0 49 33 0 1 2 25 49 32 0 1 0 2 49 12 0 1 0 2 49 53 0 1 2 225 49 21 0 1 0 3 49 12 0 1 0 3 49 523 2 75 2 325 49
4/4 523 2 25 0 0 49 21 0 1 0 1 49 522 0 1 0 1 49 51 0 1 0 2 49 21 0 1 0 2 49 72 0 1 2 225 49
4/4 611 0 1 0 0 49 42 0 1 0 0 49 12 0 1 2 25 49 71 0 1 0 1 49 42 0 1 0 1 49 22 0 1 2 125 49 21 0 1 0 3 49 72 0 1 0 3 49 43 2 75 2 325 49
4/4 32 0 1 0 0 49 72 0 1 0 0 49 43 2 25 0 0 49 53 0 1 2 25 49 52 0 1 0 2 49 33 0 1 0 2 49 73 0 1 2 225 49 42 0 1 0 3 49 12 0 1 0 3 49 613 2 75 2 325 49
4/4 71 0 1 0 0 49 42 0 1 0 0 49 613 2 25 0 0 49 22 0 1 2 25 49 32 0 1 0 1 49 72 0 1 0 1 49 53 0 1 2 125 49 611 0 1 0 2 49 32 0 1 0 2 49 12 0 1 2 225 49
4/4 21 0 1 0 0 49 72 0 1 0 0 49 523 0 1 2 25 49 51 0 1 0 1 49 612 0 1 0 1 49 72 2 75 2 125 49 52 2 25 0 2 49 72 2 75 2 225 49 21 2 25 0 3 49 51 2 75 2 325 49
4/4 11 2 25 0 0 49 33 2 75 2 25 49 612 2 25 0 1 49 33 2 75 2 125 49 612 2 25 0 2 49 11 2 75 2 225 49 21 2 25 0 3 49 523 2 75 2 325 49
4/4 612 2 25 0 0 49 523 2 75 2 25 49 12 2 25 0 1 49 21 2 75 2 125 49 52 2 25 0 2 49 53 2 75 2 225 49 22 2 25 0 3 49 53 2 75 2 325 58
4/4 711 2 25 0 0 62 22 2 75 2 25 66 21 2 25 0 1 70 43 2 75 2 125 75 42 2 25 0 2 79 63 2 75 2 225 83 62 2 25 0 3 87 713 2 75 2 325 92
4/4 32 0 1 0 0 96 712 0 1 0 0 96 22 0 1 2 25 96 713 0 1 2 25 96 32 0 1 0 1 96 12 0 1 0 1 96 33 0 1 2 125 96 13 0 1 2 125 96 41 1 5 0 3 89
4/4 43 0 3 0 0 83 42 0 1 0 1 76 33 0 1 0 2 69 612 0 1 0 2 69
4/4 71 1 5 0 1 49 43 0 2 0 2 49 42 0 1 0 3 49
4/4 711 1 5 0 0 49 43 0 2 0 1 49 42 0 1 0 2 49 11 1 5 0 3 49
4/4 43 0 2 0 0 49 33 0 1 0 1 49 612 0 1 0 1 49 42 0 1 0 1 49 41 1 5 0 2 49 43 0 1 0 3 49
4/4 33 0 1 0 0 49 612 0 1 0 0 49 42 0 1 0 0 49 43 0 1 0 0 49 71 1 5 0 1 49 53 2 25 0 2 49 43 2 175 2 225 49 42 0 1 0 3 49
4/4 711 1 5 0 0 49 43 2 25 0 0 49 53 2 25 0 1 49 43 0 2 2 125 49 42 0 1 0 2 49 11 1 5 0 3 49
4/4 53 2 25 0 0 49 43 0 2 2 25 49 33 0 1 0 1 49 612 0 1 0 1 49 42 0 1 0 1 49 41 1 5 0 2 49 53 2 25 0 3 49 43 2 75 2 325 49
4/4 33 0 1 0 0 49 612 0 1 0 0 49 42 0 1 0 0 49 43 2 125 0 0 49 71 0 1 0 1 49 43 0 1 0 2 52 22 0 1 0 2 52 73 0 1 0 3 55 43 0 1 0 3 55
4/4 23 0 1 0 0 57 73 0 1 0 0 57 44 0 1 0 1 59 23 0 1 0 1 59 74 0 1 0 2 62 44 0 1 0 2 62 24 0 1 0 3 64 74 0 1 0 3 64
4/4
4/4 51 0 1 0 1 49 21 0 1 0 1 49 72 0 1 2 125 49 71 0 1 0 3 49 52 0 1 0 3 49 22 2 75 2 325 49
4/4 11 0 1 0 0 49 52 0 1 0 0 49 22 2 25 0 0 49 33 0 1 2 25 49 32 0 1 0 2 49 12 0 1 0 2 49 53 0 1 2 225 49 21 0 1 0 3 49 12 0 1 0 3 49 523 2 75 2 325 49
4/4 523 2 25 0 0 49 21 0 1 0 1 49 522 0 1 0 1 49 51 0 1 0 2 49 21 0 1 0 2 49 72 0 1 2 225 49
4/4 611 0 1 0 0 49 42 0 1 0 0 49 12 0 1 2 25 49 71 0 1 0 1 49 42 0 1 0 1 49 22 0 1 2 125 49 21 0 1 0 3 49 72 0 1 0 3 49 43 2 75 2 325 49
4/4 32 0 1 0 0 49 72 0 1 0 0 49 43 2 25 0 0 49 53 0 1 2 25 49 52 0 1 0 2 49 33 0 1 0 2 49 73 0 1 2 225 49 42 0 1 0 3 49 33 0 1 0 3 49 613 0 1 0 3 49
4/4 71 0 1 0 0 49 42 0 1 0 0 49 613 0 1 0 0 49 22 0 1 2 25 49 32 0 1 0 1 49 72 0 1 0 1 49 53 0 2 2 125 49 611 0 1 0 2 49 32 0 1 0 2 49 12 0 1 2 225 49
4/4 21 0 1 0 0 49 612 0 1 0 0 49 523 0 1 2 25 49 51 1 5 0 1 49 72 1 5 1 15 49 52 1 5 0 2 49 72 1 5 1 25 49 21 1 5 0 3 49 51 1 5 1 35 49
4/4 11 1 5 0 0 49 33 1 5 1 5 49 612 1 5 0 1 49 33 1 5 1 15 49 612 1 5 0 2 53 11 1 5 1 25 55 21 1 5 0 3 57 523 1 5 1 35 59
4/4 612 1 5 0 0 61 523 1 5 1 5 63 12 1 5 0 1 65 21 1 5 1 15 67 52 1 5 0 2 69 53 1 5 1 25 71 22 1 5 0 3 74 53 1 5 1 35 76
4/4 711 1 5 0 0 78 22 1 5 1 5 80 42 1 5 0 1 82 63 1 5 1 15 84 62 1 5 0 2 86 713 1 5 1 25 88 712 1 5 0 3 90 23 1 5 1 35 92 73 0 1 2 375 94 53 0 1 2 375 94 222 0 1 2 375 94
4/4 221 1 5 0 0 96 53 0 1 2 275 96 72 0 1 2 275 96 21 0 1 2 275 96 21 1 5 0 3 96
4/4 523 0 1 2 175 96 612 0 1 2 175 96 21 0 1 2 175 96 21 1 5 0 2 96
4/4 52 0 3 0 1 49 22 0 2 0 1 49 313 0 1 0 3 49
4/4 612 0 1 0 0 49 522 0 1 0 0 49 313 0 2 0 0 49 22 0 1 0 2 49 311 0 1 0 3 49 312 0 1 0 3 49
4/4 712 0 1 0 0 49 312 0 2 0 0 49 12 0 1 0 1 49 32 0 2 0 2 49 12 0 2 0 2 49
4/4 712 0 1 0 0 49 32 0 1 0 0 49 11 0 1 0 1 49 52 0 1 0 1 49 522 0 1 0 2 49 312 0 1 0 3 49
4/4 51 0 2 0 0 49 21 0 1 0 0 49 52 0 1 0 1 49 712 0 1 0 2 49 522 0 1 0 3 49 22 0 1 0 3 49
4/4 523 0 1 0 0 49 522 0 1 0 0 49 313 0 1 0 1 49 711 0 1 0 2 49 22 0 1 0 2 49 222 0 1 0 3 49
4/4 21 0 2 0 0 49 12 0 1 0 0 49 51 0 1 0 1 49 712 0 1 0 1 49 22 1 15 0 2 49 313 1 5 1 35 49
4/4 612 0 1 0 0 49 522 0 1 0 0 49 313 0 2 0 0 49 22 0 1 0 2 49 311 0 1 0 3 49 312 0 1 0 3 49
4/4 712 1 15 0 0 49 312 0 2 0 0 49 12 1 5 1 15 49 32 0 2 0 2 49 12 0 2 0 2 49
4/4 712 0 1 0 0 49 32 0 1 0 0 49 311 0 1 0 1 49 52 0 1 0 1 49 522 0 1 0 2 49 312 0 1 0 3 49
4/4 21 0 1 0 0 49 21 0 1 0 0 49 312 0 1 0 2 49 311 0 1 0 2 49 522 0 1 0 3 49 521 0 1 0 3 49
4/4 522 0 1 0 0 49 521 0 1 0 0 49 521 0 1 0 1 49 521 0 1 0 1 49 711 0 1 0 2 49 711 0 1 0 2 49
4/4 711 0 1 0 0 49 711 0 1 0 0 49 11 0 1 0 1 49 11 0 1 0 1 49
4/4 711 0 1 0 0 49 711 0 1 0 0 49 11 0 1 1 15 49 11 0 1 1 15 49 711 0 1 0 2 49 711 0 1 0 2 49 611 0 1 0 3 49 611 0 1 0 3 49
4/4 611 0 1 0 0 49 611 0 1 0 0 49 21 0 1 0 1 49 51 0 1 0 2 49 51 0 1 0 2 49
4/4 12 0 1 0 1 49 11 0 1 0 1 49
4/4 712 0 1 0 0 49 711 0 1 0 0 49 12 0 1 1 15 49 11 0 1 1 15 49 712 0 1 0 2 49 711 0 1 0 2 49 612 0 1 0 3 49 611 0 1 0 3 49
4/4 612 0 1 0 0 49 611 0 1 0 0 49 21 0 1 0 1 49 52 0 1 0 2 49 51 0 1 0 2 49
4/4 11 0 1 0 1 49 11 0 1 0 1 49 21 0 1 0 2 49 21 0 1 0 2 49 32 0 1 0 3 49 31 0 1 0 3 49
4/4 12 0 1 0 0 55 11 0 1 0 0 55 22 0 1 0 1 60 21 0 1 0 1 60 33 0 1 0 2 64 32 0 1 0 2 64 313 0 1 0 3 69 312 0 1 0 3 69
4/4 313 0 1 0 0 69 312 0 1 0 0 69 612 0 1 0 1 78 611 0 1 0 1 78 22 0 1 0 2 82 21 0 1 0 2 82
4/4 21 0 1 0 1 96 21 0 1 0 1 96 712 0 1 0 2 96 43 0 1 0 2 96 63 0 1 2 225 96 23 0 1 2 225 96 72 0 1 0 3 96 313 0 1 0 3 96 53 0 1 2 325 96 223 0 1 2 325 96
4/4 21 0 1 0 0 96 53 0 1 0 0 96 223 0 1 0 0 96 53 0 1 0 1 96 313 0 1 0 1 96 72 0 1 0 1 96 523 0 1 0 2 96 33 0 1 0 2 96 612 0 1 0 2 96 21 0 1 0 3 96 21 0 1 0 3 96
4/4 612 0 1 0 0 96 33 0 1 0 0 96 523 0 1 2 25 96 13 0 1 2 25 96 62 0 1 0 1 96 22 0 1 0 1 96 43 0 1 2 125 96 713 0 1 2 125 96 21 0 1 0 2 96 43 0 1 0 3 96 22 0 1 0 3 96 62 0 1 0 3 96
4/4 313 0 1 0 0 96 22 0 1 0 0 96 52 0 1 0 0 96 21 0 3 0 1 96 72 0 1 0 1 96 612 0 1 0 2 96 52 0 1 0 3 96
4/4 52 0 1 0 0 96 21 0 4 0 0 96 22 1 15 0 1 96 52 1 5 1 25 96 72 0 1 0 3 96
4/4 21 0 4 0 0 96 72 0 2 0 0 96 612 0 2 0 2 75
4/4 51 0 1 0 1 49 52 0 3 0 1 49 22 0 1 0 2 49 313 0 1 0 3 49
4/4 612 0 1 0 0 49 522 0 1 0 0 49 313 0 1 0 0 49 311 0 1 0 3 49 312 0 1 0 3 49
4/4 712 0 1 0 0 49 312 0 2 0 0 49 22 2 75 0 1 49 12 2 25 2 175 49 32 0 1 0 2 49 12 0 1 0 2 49
4/4 11 0 1 0 1 49 52 0 1 0 1 49 522 0 1 0 2 49 312 0 1 0 3 49
4/4 51 0 2 0 0 49 21 0 1 0 0 49 52 0 1 0 1 49 712 0 1 0 2 49 522 0 1 0 3 49 22 0 1 0 3 49
4/4 523 0 1 0 0 49 522 0 3 0 0 49 313 0 1 0 1 49 711 0 1 0 2 49 22 0 1 0 2 49 222 0 1 0 3 49
4/4 21 0 2 0 0 49 12 0 1 0 0 49 51 0 1 0 1 49 712 0 1 0 1 49 22 0 1 0 2 49 523 2 75 0 3 49 313 2 25 2 375 49
4/4 612 0 1 0 0 49 522 0 1 0 0 49 313 0 1 0 0 49 311 0 1 0 3 49 312 0 1 0 3 49
4/4 712 0 1 0 0 49 312 0 2 0 0 49 22 2 75 0 1 49 12 2 25 2 175 49 32 0 1 0 2 49 12 0 1 0 2 49
4/4 11 0 1 0 1 49 52 0 1 0 1 49 522 0 1 0 2 49 312 0 1 0 3 49
4/4 51 0 3 0 0 49 21 0 1 0 0 49 52 0 1 0 1 49 712 0 1 0 2 49 22 0 1 0 3 49
4/4 22 0 1 0 0 49 12 2 75 0 1 49 712 2 25 2 175 49 712 0 2 0 2 49
4/4 712 0 4 0 0 49
4/4 51 0 1 0 0 49 21 0 1 0 0 49 72 0 1 2 25 49 71 0 1 0 2 49 52 0 1 0 2 49 22 0 1 2 225 49 11 0 1 0 3 49 52 0 1 0 3 49 33 2 75 2 325 49
4/4 33 2 25 0 0 49 32 0 1 0 1 49 12 0 1 0 1 49 53 0 1 2 125 49 21 0 1 0 2 49 12 0 1 0 2 49 523 0 1 2 225 49
4/4 21 0 1 0 0 49 522 0 1 0 0 49 51 0 1 0 1 49 21 0 1 0 1 49 72 0 1 2 125 49 611 0 1 0 3 49 42 0 1 0 3 49 12 2 75 2 325 49
4/4 71 0 1 0 0 49 42 0 1 0 0 49 12 2 25 0 0 49 22 0 1 2 25 49 21 0 1 0 2 49 72 0 1 0 2 49 43 0 1 2 225 49 32 0 1 0 3 49 72 0 1 0 3 49 53 2 75 2 325 49
4/4 53 2 25 0 0 49 52 0 1 0 1 49 33 0 1 0 1 49 73 0 1 2 125 49 42 0 1 0 2 49 12 0 1 0 2 49 613 0 1 2 225 49 71 0 1 0 3 49 42 0 1 0 3 49 22 2 75 2 325 49
4/4 32 0 1 0 0 49 72 0 1 0 0 49 22 2 25 0 0 49 53 0 1 2 25 49 611 0 1 0 1 49 32 0 1 0 1 49 12 0 1 2 125 49 21 0 1 0 3 49 72 0 1 0 3 49 523 2 75 2 325 49
4/4 51 2 25 0 0 49 523 2 25 0 0 49 72 2 75 2 25 49 52 2 25 0 1 49 72 2 75 2 125 49 21 2 25 0 2 49 51 2 75 2 225 49 11 2 25 0 3 49 33 2 75 2 325 49
4/4 612 2 25 0 0 49 33 2 75 2 25 49 612 2 25 0 1 49 11 2 75 2 125 49 21 2 25 0 2 49 523 2 75 2 225 49 612 2 25 0 3 49 523 2 75 2 325 49
4/4 12 2 25 0 0 49 21 2 75 2 25 49 52 2 25 0 1 49 53 2 75 2 125 49 22 2 25 0 2 49 53 2 75 2 225 49 711 2 25 0 3 49 22 2 75 2 325 49
4/4 42 1 5 0 0 49 63 1 5 1 5 62 62 1 5 0 1 69 713 1 5 1 15 76 712 1 5 0 2 83 23 1 5 1 25 89 712 0 1 0 3 96 43 0 1 0 3 96 63 0 1 2 325 96 23 0 1 2 325 96
4/4 13 0 1 0 0 76 53 0 1 0 0 76 33 0 1 0 0 76 12 0 1 0 0 76 63 0 1 0 0 96 23 0 1 0 0 96 73 0 1 0 1 62 53 0 1 0 1 62 22 0 1 0 1 62 73 0 1 0 2 60 53 0 1 0 2 60 22 0 1 0 2 60 613 0 1 0 3 65 53 0 1 0 3 65 33 0 1 0 3 65
4/4 73 0 1 0 0 70 53 0 1 0 0 70 22 0 1 0 0 70 613 0 1 0 1 67 53 0 1 0 1 67 33 0 1 0 1 67 12 0 1 0 1 67 22 0 1 0 3 55 21 0 1 0 3 55
4/4 51 1 5 0 0 49 22 0 2 0 1 49 21 0 1 0 2 49 21 1 5 0 3 49
4/4 22 0 2 0 0 49 21 0 1 0 1 49 521 1 5 0 2 49 22 0 1 0 3 49
4/4 21 0 1 0 0 49 22 0 1 0 0 49 21 1 5 0 1 49 22 0 2 0 2 49 21 0 1 0 3 49
4/4 51 1 5 0 0 49 33 2 25 0 1 49 22 0 2 2 125 49 21 0 1 0 2 49 21 1 5 0 3 49
4/4 33 2 25 0 0 49 22 0 2 2 25 49 21 0 1 0 1 49 521 1 5 0 2 49 33 2 25 0 3 49 22 2 75 2 325 49
4/4 21 0 1 0 0 49 22 2 125 0 0 49 21 1 5 0 1 49 33 2 25 0 2 49 22 2 175 2 225 49 21 0 1 0 3 49
4/4 51 0 1 0 0 49 22 2 25 0 0 49 53 0 1 0 1 63 72 0 1 0 1 63 52 0 1 0 1 63 53 0 1 0 2 72 72 0 1 0 2 72 522 0 1 0 2 72 53 0 1 0 3 81 72 0 1 0 3 81 42 0 1 0 3 81
4/4 53 0 1 0 0 90 72 0 1 0 0 90 32 0 1 0 0 90 53 0 1 0 1 99 72 0 1 0 1 99 21 0 1 0 1 99 53 0 1 2 175 112 612 0 1 2 175 112 221 0 1 2 175 112 221 0 1 0 2 112
4/4
4/4 21 0 2 0 0 112 53 0 1 0 0 112 72 0 1 0 0 112 11 0 1 0 2 49 11 0 1 0 2 49 71 0 1 0 3 49 71 0 1 0 3 49
4/4 71 0 1 0 0 49 71 0 1 0 0 49 32 0 1 0 1 49 31 0 1 0 1 49 612 0 1 0 2 49 21 0 1 0 2 49 53 0 1 0 2 49
4/4 612 0 1 0 0 49 21 0 1 0 0 49 53 0 1 0 0 49 523 0 2 0 1 49
4/4 51 0 4 0 0 96 312 2 25 0 0 96 21 0 3 2 25 96 312 2 25 0 3 96 21 2 75 2 325 96
4/4 51 0 4 0 0 96 21 2 225 0 0 96 312 2 25 2 175 96 21 0 1 0 2 96 312 2 25 0 3 96 21 2 75 2 325 96
4/4 51 0 4 0 0 96 21 2 125 0 0 96 312 2 25 2 75 96 21 0 1 0 1 96 312 2 25 0 2 96 21 2 175 2 225 96
4/4 312 2 25 0 0 96 51 0 4 0 0 96 21 2 25 2 25 97 312 2 25 1 5 98 21 2 25 2 75 99 312 2 25 0 1 99 21 2 25 2 125 100 312 2 25 1 15 100 21 2 25 2 175 101 312 2 25 0 2 102 21 2 25 2 225 102 312 2 25 1 25 103 21 2 25 2 275 104 312 2 25 0 3 104 21 2 25 2 325 105 312 2 25 1 35 105 21 2 25 2 375 106
4/4 312 2 25 0 0 107 51 0 4 0 0 96 21 2 25 2 25 107 312 2 25 1 5 108 21 2 25 2 75 109 312 2 25 0 1 109 21 2 25 2 125 110 312 2 25 1 15 110 21 2 25 2 175 111 312 2 25 0 2 112 21 2 25 2 225 112 312 2 25 1 25 113 21 2 25 2 275 114 312 2 25 0 3 114 21 2 25 2 325 115 312 2 25 1 35 115 21 2 25 2 375 116
4/4 312 2 25 0 0 117 51 0 4 0 0 96 21 2 25 2 25 117 312 2 25 1 5 118 21 2 25 2 75 119 312 2 25 0 1 119 21 2 25 2 125 120 312 2 25 1 15 120 21 2 25 2 175 121 312 2 25 0 2 122 21 2 25 2 225 122 11 3 333 1 25 123 21 3 333 2 275 124 522 3 333 0 3 124 312 3 333 3 3333 125 21 3 333 3 3667 125
4/4 51 0 3 0 0 126 51 1 5 0 1 126 21 1 5 1 15 126 52 1 5 0 2 126 712 1 5 1 25 126
