4/4
4/4
4/4
4/4
4/4
4/4
4/4
4/4
4/4
4/4 23 0 1 2 175 39 23 0 1 2 275 39 522 0 1 2 275 57 53 2 75 0 3 46 54 0 1 2 375 40 612 0 1 2 375 52
3/4 73 2 75 0 0 42 74 0 1 2 75 41 222 0 1 2 75 43 23 2 75 0 1 42 74 0 1 2 175 46 22 0 1 2 175 45 13 2 75 0 2 48 614 0 1 2 275 50 712 0 1 2 275 43
3/4 13 2 75 0 0 49 14 0 1 2 75 43 33 0 1 2 75 50 23 2 75 0 1 44 74 0 1 2 175 55 22 0 1 2 175 44 13 2 75 0 2 50 614 0 1 2 275 46 712 0 1 2 275 53
3/4 13 2 75 0 0 52 74 0 1 2 75 47 22 0 1 2 75 43 13 2 75 0 1 49 614 0 1 2 175 46 12 0 1 2 175 52 73 2 75 0 2 47 54 0 1 2 275 42 612 0 1 2 275 39
3/4 73 2 75 0 0 40 44 0 1 2 75 56 712 0 1 2 75 57 13 2 75 0 1 58 44 0 1 2 175 50 612 0 1 2 175 41 73 2 75 0 2 48 74 0 1 2 275 55 222 0 1 2 275 46
3/4 23 2 75 0 0 57 24 0 1 2 75 39 313 0 1 2 75 51 44 2 75 0 1 42 24 0 1 2 175 40 43 0 1 2 175 48 34 2 75 0 2 45 14 0 1 2 275 58 22 0 1 2 275 56
3/4 34 2 75 0 0 48 35 0 1 2 75 56 53 0 1 2 75 45 44 2 75 0 1 42 14 0 1 2 175 39 22 0 1 2 175 59 34 2 75 0 2 58 24 0 1 2 275 48 313 0 1 2 275 40
3/4 44 2 75 0 0 48 74 0 1 2 75 43 222 0 1 2 75 50 23 2 75 0 1 53 14 0 1 2 175 49 22 0 1 2 175 40 34 2 75 0 2 56 614 0 1 2 275 42 712 0 1 2 275 56
3/4 13 2 75 0 0 41 74 0 1 2 75 48 22 0 1 2 75 52 13 2 75 0 1 41 23 0 1 2 175 58 522 0 1 2 175 56 53 2 75 0 2 55 54 0 1 2 275 40 612 0 1 2 275 45
3/4 73 2 75 0 0 57 74 0 1 2 75 42 222 0 1 2 75 41 23 2 75 0 1 50 74 0 1 2 175 43 22 0 1 2 175 41 13 2 75 0 2 42 614 0 1 2 275 51 712 0 1 2 275 53
3/4 13 2 75 0 0 51 14 0 1 2 75 41 33 0 1 2 75 46 23 2 75 0 1 49 74 0 1 2 175 44 22 0 1 2 175 49 13 2 75 0 2 58 614 0 1 2 275 53 712 0 1 2 275 52
3/4 13 2 75 0 0 54 74 0 1 2 75 55 22 0 1 2 75 46 13 2 75 0 1 46 614 0 1 2 175 42 12 0 1 2 175 42 73 2 75 0 2 50 54 0 1 2 275 59 612 0 1 2 275 56
3/4 73 2 75 0 0 54 44 0 1 2 75 71 52 0 1 2 75 59 63 2 75 0 1 60 64 0 1 2 175 72 222 0 1 2 175 64 23 2 75 0 2 66 24 0 1 2 275 84 313 0 1 2 275 84
3/4 44 2 75 0 0 78 45 0 1 2 75 86 53 0 1 2 75 93 64 2 75 0 1 87 45 0 1 2 175 96 53 0 1 2 175 97 64 2 75 0 2 104 35 0 1 2 275 102 523 0 1 2 275 88
3/4 54 2 75 0 0 90 24 0 1 2 75 106 313 0 1 2 75 94 44 2 75 0 1 99 24 0 1 2 175 97 313 0 1 2 175 98 44 2 75 0 2 86 14 0 1 2 275 73 22 0 1 2 275 91
3/4 34 2 75 0 0 80 44 0 1 2 75 82 712 0 1 2 75 83 13 2 75 0 1 79 44 0 1 2 175 72 712 0 1 2 175 79 13 2 75 0 2 73 24 0 1 2 275 65 313 0 1 2 275 56
3/4 44 2 75 0 0 59 14 0 1 2 75 52 22 0 1 2 75 62 34 2 75 0 1 51 74 0 1 2 175 39 222 0 1 2 175 50 23 2 75 0 2 56 24 0 1 2 275 44 313 0 1 2 275 50
3/4 44 2 75 0 0 50 24 0 1 2 75 45 313 0 1 2 75 39 44 2 75 0 1 52 24 0 1 2 175 57 313 0 1 2 175 41 44 2 75 0 2 56 45 0 1 2 275 47 53 0 1 2 275 50
3/4 64 2 75 0 0 51 35 0 1 2 75 42 523 0 1 2 75 58 54 2 75 0 1 55 24 0 1 2 175 44 313 0 1 2 175 40 44 2 75 0 2 53 14 0 1 2 275 57 22 0 1 2 275 50
3/4 34 2 75 0 0 54 44 0 1 2 75 48 712 0 1 2 75 57 13 2 75 0 1 51 44 0 1 2 175 52 712 0 1 2 175 43 13 2 75 0 2 53 44 0 1 2 275 52 222 0 1 2 275 56
3/4 23 2 75 0 0 53 44 0 1 2 75 59 712 0 1 2 75 55 13 2 75 0 1 49 23 0 1 2 175 59 612 0 1 2 175 41 73 1 5 3 2333 46 44 0 1 2 275 56 222 0 1 2 275 59
3/4 44 0 1 0 0 59 222 0 1 0 0 48 23 1 5 3 333 42 24 0 1 2 75 39 313 0 1 2 75 42 44 1 5 3 1333 57 24 0 1 2 175 50 313 0 1 2 175 56 44 1 5 3 2333 46 45 0 1 2 275 58 53 0 1 2 275 45
3/4 45 0 1 0 0 39 53 0 1 0 0 46 64 1 5 3 333 54 35 0 1 2 75 46 523 0 1 2 75 57 54 1 5 3 1333 49 24 0 1 2 175 51 313 0 1 2 175 44 44 1 5 3 2333 53 14 0 1 2 275 47 22 0 1 2 275 41
3/4 14 0 1 0 0 55 22 0 1 0 0 54 34 1 5 3 333 49 44 0 1 2 75 51 712 0 1 2 75 39 13 1 5 3 1333 52 44 0 1 2 175 50 712 0 1 2 175 52 13 1 5 3 2333 52 44 0 1 2 275 47 222 0 1 2 275 45
3/4 44 0 1 0 0 48 222 0 1 0 0 58 23 1 5 3 333 48 44 0 1 2 75 55 712 0 1 2 75 43 13 1 5 3 1333 45 23 0 1 2 175 47 612 0 1 2 175 49 73 1 5 3 2333 60 44 0 1 2 275 61 222 0 1 2 275 56
3/4 44 0 1 0 0 54 222 0 1 0 0 56 23 1 5 3 333 46 74 0 1 2 75 58 313 0 1 2 75 58 44 1 5 3 1333 66 24 0 1 2 175 56 613 0 1 2 175 62 74 1 5 3 2333 49 45 0 1 2 275 60 223 0 1 2 275 65
3/4 45 0 1 0 0 63 223 0 1 0 0 57 24 1 5 3 333 62 75 0 1 2 75 72 314 0 1 2 75 69 45 1 5 3 1333 71 25 0 1 2 175 60 614 0 1 2 175 55 75 1 5 3 2333 70 75 0 1 2 275 65 314 0 1 2 275 57
3/4 75 0 1 0 0 67 314 0 1 0 0 56 45 1 5 3 333 66 45 0 1 2 75 50 223 0 1 2 75 63 24 1 5 3 1333 66 24 0 1 2 175 55 613 0 1 2 175 59 74 1 5 3 2333 53 74 0 1 2 275 43 313 0 1 2 275 63
3/4 74 0 1 0 0 59 313 0 1 0 0 53 44 1 5 3 333 58 44 0 1 2 75 49 222 0 1 2 75 47 23 1 5 3 1333 42 523 2 25 3 1667 48 53 0 1 2 175 46 22 0 1 2 175 42 613 2 25 3 2667 48 73 0 1 2 275 41 53 0 1 2 275 45
3/4 73 0 1 0 0 45 53 0 1 0 0 52 223 2 25 3 667 49 23 0 1 2 75 40 73 0 1 2 75 52 23 2 25 3 1667 46 13 0 1 2 175 42 73 0 1 2 175 43 713 2 25 3 2667 49 13 0 1 2 275 53 613 0 1 2 275 55
3/4 13 0 1 0 0 48 613 0 1 0 0 40 34 2 25 3 667 47 23 0 1 2 75 46 13 0 1 2 75 40 23 2 25 3 1667 53 13 0 1 2 175 51 73 0 1 2 175 50 713 2 25 3 2667 59 13 0 1 2 275 54 613 0 1 2 275 41
3/4 13 0 1 0 0 47 613 0 1 0 0 49 23 2 25 3 667 52 13 0 1 2 75 44 73 0 1 2 75 42 13 2 25 3 1667 49 73 0 1 2 175 48 613 0 1 2 175 52 613 2 25 3 2667 58 73 0 1 2 275 59 53 0 1 2 275 49
3/4 73 0 1 0 0 57 53 0 1 0 0 56 713 2 25 3 667 57 13 0 1 2 75 43 43 0 1 2 75 59 613 2 25 3 1667 54 73 0 1 2 175 40 43 0 1 2 175 45 223 2 25 3 2667 50 23 0 1 2 275 46 73 0 1 2 275 50
3/4 23 0 1 0 0 39 73 0 1 0 0 41 314 2 25 3 667 50 44 0 1 2 75 53 23 0 1 2 75 45 44 2 25 3 1667 54 34 0 1 2 175 56 23 0 1 2 175 53 23 2 25 3 2667 45 34 0 1 2 275 48 13 0 1 2 275 54
3/4 34 0 1 0 0 59 13 0 1 0 0 49 54 2 25 3 667 57 44 0 1 2 75 39 34 0 1 2 75 54 23 2 25 3 1667 49 34 0 1 2 175 48 13 0 1 2 175 47 314 2 25 3 2667 57 44 0 1 2 275 46 23 0 1 2 275 46
3/4 44 0 1 0 0 41 23 0 1 0 0 39 223 2 25 3 667 52 23 0 1 2 75 57 73 0 1 2 75 40 23 2 25 3 1667 50 34 0 1 2 175 48 13 0 1 2 175 59 713 2 25 3 2667 58 13 0 1 2 275 54 613 0 1 2 275 44
3/4 13 0 1 0 0 54 613 0 1 0 0 52 23 2 25 3 667 59 13 0 1 2 75 55 73 0 1 2 75 44 23 0 1 2 175 56 522 0 1 2 175 50 53 1 5 3 2333 54 54 0 1 2 275 43 612 0 1 2 275 49
3/4 54 0 1 0 0 47 612 0 1 0 0 42 73 1 5 3 333 51 74 0 1 2 75 53 222 0 1 2 75 42 23 1 5 3 1333 50 74 0 1 2 175 53 22 0 1 2 175 47 13 1 5 3 2333 52 614 0 1 2 275 59 712 0 1 2 275 41
3/4 614 0 1 0 0 52 712 0 1 0 0 41 13 1 5 3 333 58 14 0 1 2 75 63 33 0 1 2 75 62 23 1 5 3 1333 63 74 0 1 2 175 56 22 0 1 2 175 54 13 1 5 3 2333 58 614 0 1 2 275 58 712 0 1 2 275 51
3/4 614 0 1 0 0 70 712 0 1 0 0 60 13 1 5 3 333 56 74 0 1 2 75 60 22 0 1 2 75 71 13 1 5 3 1333 74 614 0 1 2 175 79 12 0 1 2 175 71 73 1 5 3 2333 80 54 0 1 2 275 68 612 0 1 2 275 83
3/4 54 0 1 0 0 64 612 0 1 0 0 80 73 1 5 3 333 84 44 0 1 2 75 72 52 0 1 2 75 88 63 1 5 3 1333 79 64 0 1 2 175 85 222 0 1 2 175 81 23 1 5 3 2333 77 24 0 1 2 275 86 313 0 1 2 275 88
3/4 24 0 1 0 0 83 313 0 1 0 0 77 44 1 5 3 333 90 45 0 1 2 75 91 53 0 1 2 75 84 64 1 5 3 1333 89 36 0 1 3 1667 87 75 0 1 3 1667 101 54 0 1 3 1667 99 56 1 5 2 175 100
3/4 24 0 1 3 1667 90 54 0 1 3 1667 101 22 0 1 3 1667 87 25 1 5 2 175 90
3/4 24 0 1 3 1667 90 524 0 1 3 1667 98 22 0 1 3 1667 88 25 1 5 2 175 104
3/4 23 0 1 2 225 57 52 0 1 2 225 52 713 3 333 1 25 43 23 2 25 2 275 54
3/4 24 0 1 2 25 54 53 0 1 2 25 58 714 3 333 1 5 42 24 2 25 2 75 52 25 0 1 2 125 58 54 0 1 2 125 47 715 3 333 1 15 47 24 2 25 2 175 45 25 0 1 2 225 48 54 0 1 2 225 56 615 3 333 1 25 42 24 2 25 2 275 48
3/4 24 0 1 2 25 46 523 0 1 2 25 44 614 3 333 1 5 44 23 2 25 2 75 50 23 0 1 2 125 48 522 0 1 2 125 50 613 3 333 1 15 59 712 0 1 2 175 40 713 0 1 2 225 44 312 0 1 2 225 49 53 3 333 1 25 40 713 2 25 2 275 42
3/4 714 0 1 2 25 52 313 0 1 2 25 50 54 3 333 1 5 52 14 2 25 2 75 43 15 0 1 2 125 55 314 0 1 2 125 50 55 3 333 1 15 42 14 2 25 2 175 43 15 0 1 2 225 39 34 0 1 2 225 40 525 3 333 1 25 55 14 2 25 2 275 57
3/4 14 0 1 2 25 51 33 0 1 2 25 59 524 3 333 1 5 44 13 2 25 2 75 53 713 0 1 2 125 39 32 0 1 2 125 53 523 3 333 1 15 54 712 2 25 2 175 55 53 0 1 2 225 48 11 0 1 2 225 42 313 3 333 1 25 47 53 2 25 2 275 39
3/4 54 0 1 2 25 43 12 0 1 2 25 40 314 3 333 1 5 55 54 2 25 2 75 55 55 0 1 2 125 41 13 0 1 2 125 44 315 3 333 1 15 43 55 2 25 2 175 59 56 0 1 2 225 47 14 0 1 2 225 51 316 3 333 1 25 53 55 2 25 2 275 46
3/4 25 0 1 2 25 44 54 0 1 2 25 43 715 3 333 1 5 45 24 2 25 2 75 43 715 0 1 2 125 54 23 0 1 2 125 55 55 3 333 1 15 57 714 2 25 2 175 40 525 0 1 2 225 45 713 0 1 2 225 51 24 3 333 1 25 43 524 2 25 2 275 44
3/4 24 0 1 2 25 57 523 0 1 2 25 50 714 3 333 1 5 58 73 2 25 2 75 49 74 0 1 2 125 55 222 0 1 2 125 41 524 3 333 1 15 59 713 2 25 2 175 55 714 0 1 2 225 42 22 0 1 2 225 57 524 3 333 1 25 47 523 2 25 2 275 42
3/4 524 0 1 2 25 44 712 0 1 2 25 45 23 3 333 1 5 41 22 2 25 2 75 45 23 0 1 2 125 53 522 0 1 2 125 58 613 3 333 1 15 54 22 0 1 2 175 52 23 0 1 2 225 50 52 0 1 2 225 42 713 3 333 1 25 45 23 2 25 2 275 49
3/4 24 0 1 2 25 57 53 0 1 2 25 48 714 3 333 1 5 49 24 2 25 2 75 55 25 0 1 2 125 40 54 0 1 2 125 57 715 3 333 1 15 57 24 2 25 2 175 55 25 0 1 2 225 46 54 0 1 2 225 50 615 3 333 1 25 39 24 2 25 2 275 49
3/4 24 0 1 2 25 53 523 0 1 2 25 41 614 3 333 1 5 45 23 2 25 2 75 59 23 0 1 2 125 55 522 0 1 2 125 50 613 3 333 1 15 47 712 0 1 2 175 53 713 0 1 2 225 46 312 0 1 2 225 59 53 3 333 1 25 41 713 2 25 2 275 58
3/4 714 0 1 2 25 47 313 0 1 2 25 40 54 3 333 1 5 47 14 2 25 2 75 49 15 0 1 2 125 57 314 0 1 2 125 50 55 3 333 1 15 50 14 2 25 2 175 48 15 0 1 2 225 55 34 0 1 2 225 41 525 3 333 1 25 42 14 2 25 2 275 40
3/4 14 0 1 2 25 52 33 0 1 2 25 59 524 3 333 1 5 43 13 2 25 2 75 55 713 0 1 2 125 39 32 0 1 2 125 46 523 3 333 1 15 59 712 2 25 2 175 53 313 0 1 2 225 53 711 0 1 2 225 55 222 3 333 1 25 41 53 2 25 2 275 39
3/4 54 0 1 2 25 49 712 0 1 2 25 50 223 3 333 1 5 53 54 2 25 2 75 50 55 0 1 2 125 52 713 0 1 2 125 40 224 3 333 1 15 59 524 2 25 2 175 58 525 0 1 2 225 54 713 0 1 2 225 47 24 3 333 1 25 41 524 2 25 2 275 58
3/4 524 0 1 2 25 44 712 0 1 2 25 45 23 3 333 1 5 46 523 2 25 2 75 50 53 0 1 2 125 40 313 0 1 2 125 49 53 3 667 2 125 47 223 3 333 1 15 40 313 2 25 2 175 55 523 0 1 2 225 42 313 0 1 2 225 58 523 3 667 2 225 39 713 3 333 1 25 44 22 2 25 2 275 48
3/4 523 0 1 2 25 54 22 0 1 2 25 39 523 3 667 2 25 40 713 3 333 1 5 47 222 2 25 2 75 59 313 0 1 2 125 55 222 0 1 2 125 51 313 3 667 2 125 41 73 3 333 1 15 41 222 2 25 2 175 39 313 0 1 2 225 44 222 0 1 2 225 55 313 3 667 2 225 55 523 3 333 1 25 41 222 2 25 2 275 48
3/4 22 0 1 2 25 50 712 0 1 2 25 43 22 3 667 2 25 55 523 3 333 1 5 54 712 2 25 2 75 41 22 0 1 2 125 54 712 0 1 2 125 50 22 3 667 2 125 58 523 3 333 1 15 59 52 2 25 2 175 59 523 0 1 2 225 52 611 0 1 2 225 45 313 3 333 1 25 52 53 2 25 2 275 53
3/4 524 0 1 2 25 49 612 0 1 2 25 51 314 3 333 1 5 56 54 2 25 2 75 52 525 0 1 2 125 42 613 0 1 2 125 43 315 3 333 1 15 44 54 2 25 2 175 46 315 0 1 2 225 40 713 0 1 2 225 42 24 3 333 1 25 45 54 2 25 2 275 59
3/4 314 0 1 2 25 50 712 0 1 2 25 52 23 3 333 1 5 39 53 2 25 2 75 56 54 0 1 2 125 58 712 0 1 2 125 40 314 3 333 1 15 40 53 2 25 2 175 46 23 0 1 2 225 51 52 0 1 2 225 54 713 3 333 1 25 41 313 2 25 2 275 54
3/4 22 0 1 2 25 42 51 0 1 2 25 43 712 3 333 1 5 47 21 2 25 2 75 45 22 0 1 2 125 53 521 0 1 2 125 41 12 3 333 1 15 39 21 2 25 2 175 48 12 0 1 2 225 42 51 0 1 2 225 40 712 3 333 1 25 40 22 2 25 2 275 50
3/4 13 0 1 2 25 49 52 0 1 2 25 57 713 3 333 1 5 41 23 2 25 2 75 45 14 0 1 2 125 56 53 0 1 2 125 58 714 3 333 1 15 56 53 2 25 2 175 55 524 0 1 2 225 50 612 0 1 2 225 44 314 3 333 1 25 52 54 2 25 2 275 52
3/4 525 0 1 2 25 53 613 0 1 2 25 56 315 3 333 1 5 52 55 2 25 2 75 41 526 0 1 2 125 51 614 0 1 2 125 52 316 3 333 1 15 58 55 2 25 2 175 57 316 0 1 2 225 53 714 0 1 2 225 47 25 3 333 1 25 45 55 2 25 2 275 56
3/4 315 0 1 2 25 56 713 0 1 2 25 49 24 3 333 1 5 51 54 2 25 2 75 51 55 0 1 2 125 57 713 0 1 2 125 55 315 3 333 1 15 52 54 2 25 2 175 45 24 0 1 2 225 40 53 0 1 2 225 41 714 3 333 1 25 39 314 2 25 2 275 40
3/4 23 0 1 2 25 53 52 0 1 2 25 46 713 3 333 1 5 59 22 2 25 2 75 43 23 0 1 2 125 43 522 0 1 2 125 44 13 3 333 1 15 50 22 2 25 2 175 55 13 0 1 2 225 56 52 0 1 2 225 42 713 3 333 1 25 58 23 2 25 2 275 50
3/4 14 0 1 2 25 58 53 0 1 2 25 43 714 3 333 1 5 43 23 2 25 2 75 57 13 0 1 2 125 59 52 0 1 2 125 52 713 3 333 1 15 50 33 0 1 2 175 44 713 0 1 2 225 46 52 0 1 2 225 49 613 3 333 1 25 50 22 2 25 2 275 43
3/4 22 2 75 0 0 47 713 0 1 2 25 48 52 0 1 2 25 41 613 3 333 1 5 46 12 0 1 2 75 54 713 0 1 2 125 44 52 0 1 2 125 52 613 3 333 1 15 61 34 0 1 2 175 49 714 0 1 2 225 51 53 0 1 2 225 49 614 3 333 1 25 66 23 2 25 2 275 66
3/4 23 2 75 0 0 64 714 0 1 2 25 52 53 0 1 2 25 70 614 3 333 1 5 57 13 0 1 2 75 58 714 0 1 2 125 76 53 0 1 2 125 62 614 3 333 1 15 75 223 2 25 2 175 60 714 0 1 2 225 72 53 0 1 2 225 77 614 3 333 1 25 68 224 2 25 2 275 81
3/4 715 0 1 2 25 65 54 0 1 2 25 73 615 3 333 1 5 83 224 2 25 2 75 88 316 0 1 2 125 70 54 0 1 2 125 70 615 3 333 1 15 78 24 2 25 2 175 92 25 0 1 2 225 88 524 0 1 2 225 83 615 3 333 1 25 85 24 2 25 2 275 97
3/4 24 0 1 2 25 89 523 0 1 2 25 97 614 3 333 1 5 88 23 2 25 2 75 89 23 0 1 2 125 91 522 0 1 2 125 83 613 3 333 1 15 85 712 2 25 2 175 92 23 0 1 2 225 104 42 0 1 2 225 99 63 3 333 1 25 90 714 2 25 2 275 88
3/4 25 0 1 2 25 93 44 0 1 2 25 90 65 3 333 1 5 90 74 2 25 2 75 101 225 0 1 2 125 100 314 0 1 2 125 105 55 3 333 1 15 86 74 2 25 2 175 104 225 0 1 2 225 92 314 0 1 2 225 103 55 3 333 1 25 92 74 2 25 2 275 92
3/4 224 0 1 2 25 103 313 0 1 2 25 91 54 3 333 1 5 88 613 2 25 2 75 100 14 0 1 2 125 106 33 0 1 2 125 97 524 3 333 1 15 101 613 2 25 2 175 103 14 0 1 2 225 91 33 0 1 2 225 89 524 3 333 1 25 101 614 2 25 2 275 91
3/4 15 0 1 2 25 92 34 0 1 2 25 95 525 3 333 1 5 101 64 2 25 2 75 106 715 0 1 2 125 102 23 0 1 2 125 105 45 3 333 1 15 89 64 2 25 2 175 86 715 0 1 2 225 100 23 0 1 2 225 91 45 3 333 1 25 90 64 2 25 2 275 106
3/4 714 0 1 2 25 88 22 0 1 2 25 97 44 3 333 1 5 90 53 2 25 2 75 105 74 0 1 2 125 93 22 0 1 2 125 106 314 3 333 1 15 93 53 0 1 2 175 99 54 0 1 2 225 87 22 0 1 2 225 86 314 3 333 1 25 101 613 2 25 2 275 94
3/4 613 2 75 0 0 88 614 0 1 2 25 97 22 0 1 2 25 97 314 3 333 1 5 98 73 0 1 2 75 87 74 0 1 2 125 98 22 0 1 2 125 91 314 3 333 1 15 104 73 0 1 2 175 103 74 0 1 2 225 105 22 0 1 2 225 105 314 3 333 1 25 96 613 2 25 2 275 103
3/4 613 2 75 0 0 101 614 0 1 2 25 95 22 0 1 2 25 92 314 3 333 1 5 95 53 0 1 2 75 89 54 0 1 2 125 106 22 0 1 2 125 103 314 3 333 1 15 104 53 0 1 2 175 91 54 0 1 2 225 99 22 0 1 2 225 105 314 3 333 1 25 102 53 2 25 2 275 99
3/4 53 2 75 0 0 100 54 0 1 2 25 81 222 0 1 2 25 98 314 3 333 1 5 95 53 0 1 2 75 84 54 0 1 2 125 85 222 0 1 2 125 71 34 3 333 1 15 82 53 0 1 2 175 67 54 0 1 2 225 71 12 0 1 2 225 65 34 3 333 1 25 72 523 2 25 2 275 63
3/4 523 2 75 0 0 77 524 0 1 2 25 55 12 0 1 2 25 62 23 3 333 1 5 57 22 0 1 2 75 48 23 0 1 2 125 65 522 0 1 2 125 54 13 3 333 1 15 44 22 0 1 2 175 45 23 0 1 0 2 56 52 0 1 0 2 47 713 3 333 3 2333 53 23 2 25 3 2667 45 24 0 1 2 275 47 53 0 1 2 275 46
3/4 714 3 333 0 0 56 24 3 333 3 333 46 25 0 1 3 667 44 54 0 1 3 667 53 715 2 25 2 75 45 24 3 333 0 1 59 25 0 1 3 1333 51 54 0 1 3 1333 49 715 2 25 3 1667 57 24 2 25 2 175 59 25 0 1 0 2 46 524 0 1 0 2 39 615 3 333 3 2333 56 24 2 25 3 2667 41 24 0 1 2 275 39 523 0 1 2 275 58
3/4 614 3 333 0 0 57 23 3 333 3 333 58 23 0 1 3 667 41 522 0 1 3 667 53 613 2 25 2 75 48 22 2 75 0 1 52 23 0 1 3 1333 43 522 0 1 3 1333 56 613 2 25 3 1667 54 712 0 1 2 175 48 713 0 1 0 2 45 312 0 1 0 2 57 53 3 333 3 2333 47 713 2 25 3 2667 58 714 0 1 2 275 53 313 0 1 2 275 58
3/4 54 3 333 0 0 56 714 3 333 3 333 50 715 0 1 3 667 56 314 0 1 3 667 59 55 2 25 2 75 46 14 3 333 0 1 44 15 0 1 3 1333 40 314 0 1 3 1333 49 55 2 25 3 1667 54 14 2 25 2 175 45 15 0 1 0 2 48 34 0 1 0 2 58 525 3 333 3 2333 44 14 2 25 3 2667 56 14 0 1 2 275 41 33 0 1 2 275 40
3/4 524 3 333 0 0 46 13 3 333 3 333 52 13 0 1 3 667 57 32 0 1 3 667 46 523 2 25 2 75 52 712 2 75 0 1 50 713 0 1 3 1333 39 32 0 1 3 1333 43 523 2 25 3 1667 57 712 2 25 2 175 43 53 0 1 0 2 58 11 0 1 0 2 59 313 3 333 3 2333 39 53 2 25 3 2667 46 54 0 1 2 275 43 12 0 1 2 275 53
3/4 314 3 333 0 0 43 54 3 333 3 333 40 55 0 1 3 667 51 13 0 1 3 667 43 315 2 25 2 75 56 55 3 333 0 1 53 56 0 1 3 1333 43 14 0 1 3 1333 51 316 2 25 3 1667 56 55 2 25 2 175 51 56 0 1 0 2 44 714 0 1 0 2 41 25 3 333 3 2333 45 55 2 25 3 2667 39 25 0 1 2 275 54 54 0 1 2 275 51
3/4 715 3 333 0 0 54 24 3 333 3 333 41 715 0 1 3 667 54 23 0 1 3 667 47 55 2 25 2 75 41 714 3 333 0 1 52 55 0 1 3 1333 44 713 0 1 3 1333 50 24 2 25 3 1667 57 524 2 25 2 175 41 525 0 1 0 2 43 713 0 1 0 2 59 24 3 333 3 2333 39 524 2 25 3 2667 47 24 0 1 2 275 51 523 0 1 2 275 45
3/4 714 3 333 0 0 45 23 3 333 3 333 55 714 0 1 3 667 49 22 0 1 3 667 53 524 2 75 2 75 51 73 3 333 0 1 48 74 0 1 3 1333 42 222 0 1 3 1333 52 524 2 25 3 1667 52 713 2 25 2 175 46 714 0 1 0 2 48 22 0 1 0 2 40 524 3 333 3 2333 58 713 2 25 3 2667 47 524 0 1 2 275 55 712 0 1 2 275 59
3/4 23 3 333 0 0 55 523 3 333 3 333 56 23 0 1 3 667 46 522 0 1 3 667 48 713 2 75 2 75 41 22 3 333 0 1 49 23 0 1 3 1333 57 522 0 1 3 1333 57 613 2 25 3 1667 40 22 0 1 2 175 40 23 0 1 0 2 41 52 0 1 0 2 44 713 3 333 3 2333 54 23 2 25 3 2667 57 24 0 1 2 275 41 53 0 1 2 275 51
3/4 714 3 333 0 0 53 24 3 333 3 333 52 25 0 1 3 667 46 54 0 1 3 667 59 715 2 25 2 75 48 24 3 333 0 1 55 25 0 1 3 1333 47 54 0 1 3 1333 42 715 2 25 3 1667 44 24 2 25 2 175 56 25 0 1 0 2 59 524 0 1 0 2 52 615 3 333 3 2333 43 24 2 25 3 2667 45 24 0 1 2 275 43 523 0 1 2 275 46
3/4 614 3 333 0 0 57 23 3 333 3 333 42 23 0 1 3 667 44 522 0 1 3 667 52 613 2 25 2 75 41 22 2 75 0 1 43 23 0 1 3 1333 53 522 0 1 3 1333 54 613 2 25 3 1667 39 712 0 1 2 175 51 713 0 1 0 2 40 312 0 1 0 2 56 53 3 333 3 2333 52 713 2 25 3 2667 40 714 0 1 2 275 53 313 0 1 2 275 59
3/4 54 3 333 0 0 51 714 3 333 3 333 50 715 0 1 3 667 49 314 0 1 3 667 56 55 2 25 2 75 43 14 3 333 0 1 57 15 0 1 3 1333 47 314 0 1 3 1333 41 55 2 25 3 1667 51 14 2 25 2 175 45 15 0 1 0 2 55 34 0 1 0 2 46 525 3 333 3 2333 40 14 2 25 3 2667 58 14 0 1 2 275 55 33 0 1 2 275 53
3/4 524 3 333 0 0 49 13 3 333 3 333 46 13 0 1 3 667 40 32 0 1 3 667 53 523 2 25 2 75 55 712 2 75 0 1 53 713 0 1 3 1333 49 32 0 1 3 1333 45 523 2 25 3 1667 55 712 2 25 2 175 56 53 0 1 0 2 43 11 0 1 0 2 56 313 3 333 3 2333 45 53 2 25 3 2667 51 54 0 1 2 275 44 12 0 1 2 275 54
3/4 314 3 333 0 0 46 54 3 333 3 333 39 55 0 1 3 667 50 13 0 1 3 667 41 315 2 25 2 75 48 55 3 333 0 1 52 56 0 1 3 1333 50 14 0 1 3 1333 55 316 2 25 3 1667 51 55 2 25 2 175 59 56 0 1 0 2 41 714 0 1 0 2 57 25 3 333 3 2333 56 55 2 25 3 2667 39 25 0 1 2 275 41 54 0 1 2 275 49
3/4 715 3 333 0 0 41 24 3 333 3 333 51 715 0 1 3 667 56 23 0 1 3 667 39 55 2 25 2 75 40 714 3 333 0 1 57 55 0 1 3 1333 56 713 0 1 3 1333 46 24 2 25 3 1667 48 54 2 25 2 175 57 24 0 1 0 2 42 53 0 1 0 2 56 714 3 333 3 2333 41 23 2 25 3 2667 39 714 0 1 2 275 59 22 0 1 2 275 46
3/4 54 3 333 0 0 52 713 3 333 3 333 57 54 0 1 3 667 47 712 0 1 3 667 50 23 2 25 2 75 55 53 3 333 0 1 40 23 0 1 3 1333 51 52 0 1 3 1333 57 713 2 25 3 1667 54 22 2 25 2 175 39 23 0 1 0 2 59 52 0 1 0 2 50 713 3 333 3 2333 59 22 2 25 3 2667 49 23 0 1 2 275 46 52 0 1 2 275 49
3/4 713 3 333 0 0 40 22 3 333 3 333 59 23 0 1 3 667 45 52 0 1 3 667 43 713 2 25 2 75 42 22 3 333 0 1 42 23 0 1 3 1333 53 52 0 1 3 1333 52 713 2 25 3 1667 49 22 2 25 2 175 42 23 0 1 0 2 39 52 0 1 0 2 48 713 3 333 3 2333 47 22 2 25 3 2667 43 23 0 1 2 275 35 52 0 1 2 275 43
3/4 713 3 333 0 0 41 22 3 333 3 333 42 23 0 1 3 667 35 52 0 1 3 667 30 713 2 25 2 75 37 22 3 333 0 1 27 23 0 1 3 1333 31 52 0 1 3 1333 39 713 2 25 3 1667 38 23 0 1 2 175 42 73 0 1 2 175 56 522 0 1 2 175 59 53 2 75 0 2 54 54 0 1 2 275 48 23 0 1 2 275 49 612 0 1 2 275 50
3/4 73 2 75 0 0 52 74 0 1 2 75 55 54 0 1 2 75 56 222 0 1 2 75 59 23 2 75 0 1 57 74 0 1 2 175 58 34 0 1 2 175 59 22 0 1 2 175 53 13 2 75 0 2 52 614 0 1 2 275 57 34 0 1 2 275 43 712 0 1 2 275 58
3/4 13 2 75 0 0 49 14 0 1 2 75 39 614 0 1 2 75 57 33 0 1 2 75 51 23 2 75 0 1 53 74 0 1 2 175 59 524 0 1 2 175 42 22 0 1 2 175 41 13 2 75 0 2 41 614 0 1 2 275 52 524 0 1 2 275 48 712 0 1 2 275 53
3/4 13 2 75 0 0 46 74 0 1 2 75 43 524 0 1 2 75 59 22 0 1 2 75 57 13 2 75 0 1 51 614 0 1 2 175 39 23 0 1 2 175 54 12 0 1 2 175 50 73 2 75 0 2 59 54 0 1 2 275 41 23 0 1 2 275 56 612 0 1 2 275 55
3/4 73 2 75 0 0 48 44 0 1 2 75 46 34 0 1 2 75 42 712 0 1 2 75 44 13 2 75 0 1 45 44 0 1 2 175 41 23 0 1 2 175 48 612 0 1 2 175 49 73 2 75 0 2 53 74 0 1 2 275 48 44 0 1 2 275 57 222 0 1 2 275 55
3/4 23 2 75 0 0 45 24 0 1 2 75 57 74 0 1 2 75 47 313 0 1 2 75 47 44 2 75 0 1 57 24 0 1 2 175 39 54 0 1 2 175 43 43 0 1 2 175 39 34 2 75 0 2 47 14 0 1 2 275 46 54 0 1 2 275 53 22 0 1 2 275 56
3/4 34 2 75 0 0 44 35 0 1 2 75 54 14 0 1 2 75 41 53 0 1 2 75 46 44 2 75 0 1 56 14 0 1 2 175 46 614 0 1 2 175 41 22 0 1 2 175 39 34 2 75 0 2 46 24 0 1 2 275 57 614 0 1 2 275 48 313 0 1 2 275 46
3/4 44 2 75 0 0 54 74 0 1 2 75 46 54 0 1 2 75 44 222 0 1 2 75 50 23 2 75 0 1 53 14 0 1 2 175 51 54 0 1 2 175 51 22 0 1 2 175 53 34 2 75 0 2 42 614 0 1 2 275 43 54 0 1 2 275 45 712 0 1 2 275 49
3/4 13 2 75 0 0 49 74 0 1 2 75 47 524 0 1 2 75 44 22 0 1 2 75 53 13 2 75 0 1 58 23 0 1 2 175 56 73 0 1 2 175 54 522 0 1 2 175 52 53 2 75 0 2 56 54 0 1 2 275 54 23 0 1 2 275 54 612 0 1 2 275 58
3/4 73 2 75 0 0 44 74 0 1 2 75 40 54 0 1 2 75 52 222 0 1 2 75 50 23 2 75 0 1 58 74 0 1 2 175 40 34 0 1 2 175 48 22 0 1 2 175 45 13 2 75 0 2 44 614 0 1 2 275 53 34 0 1 2 275 57 712 0 1 2 275 49
3/4 13 2 75 0 0 46 14 0 1 2 75 54 614 0 1 2 75 54 33 0 1 2 75 43 23 2 75 0 1 45 74 0 1 2 175 49 524 0 1 2 175 50 22 0 1 2 175 40 13 2 75 0 2 41 614 0 1 2 275 47 524 0 1 2 275 54 712 0 1 2 275 51
3/4 13 2 75 0 0 57 74 0 1 2 75 49 524 0 1 2 75 39 22 0 1 2 75 56 13 2 75 0 1 47 614 0 1 2 175 51 23 0 1 2 175 52 12 0 1 2 175 46 73 2 75 0 2 56 54 0 1 2 275 48 23 0 1 2 275 47 612 0 1 2 275 39
3/4 73 2 75 0 0 40 44 0 1 2 75 46 23 0 1 2 75 52 52 0 1 2 75 52 63 2 75 0 1 55 64 0 1 2 175 57 44 0 1 2 175 47 222 0 1 2 175 45 23 1 5 3 2333 59 24 0 1 2 275 54 64 0 1 2 275 61 313 0 1 2 275 71
3/4 24 0 1 0 0 52 64 0 1 0 0 70 313 0 1 0 0 62 44 1 5 3 333 73 45 0 1 2 75 73 24 0 1 2 75 80 53 0 1 2 75 71 64 1 5 3 1333 79 45 0 1 2 175 94 24 0 1 2 175 93 53 0 1 2 175 93 64 1 5 3 2333 90 35 0 1 2 275 78 14 0 1 2 275 83 523 0 1 2 275 80
3/4 35 0 1 0 0 66 14 0 1 0 0 68 523 0 1 0 0 81 54 1 5 3 333 76 24 0 1 2 75 59 74 0 1 2 75 72 523 0 1 2 75 55 54 1 5 3 1333 64 24 0 1 2 175 53 74 0 1 2 175 54 523 0 1 2 175 56 54 1 5 3 2333 65 14 0 1 2 275 66 614 0 1 2 275 65 523 0 1 2 275 62
3/4 14 0 1 0 0 75 614 0 1 0 0 63 523 0 1 0 0 63 54 1 5 3 333 73 24 0 1 2 75 67 74 0 1 2 75 60 523 0 1 2 75 64 54 1 5 3 1333 69 45 0 1 2 175 75 14 0 1 2 175 57 523 0 1 2 175 63 54 1 5 3 2333 56 35 0 1 2 275 57 14 0 1 2 275 62 523 0 1 2 275 61
3/4 35 0 1 0 0 65 14 0 1 0 0 61 523 0 1 0 0 64 54 1 5 3 333 62 524 0 1 2 75 57 23 0 1 2 75 50 712 0 1 2 75 56 13 1 5 3 1333 57 54 0 1 2 175 47 23 0 1 2 175 43 612 0 1 2 175 51 73 2 75 0 2 44 74 0 1 2 275 44 54 0 1 2 275 55 222 0 1 2 275 50
3/4 23 2 75 0 0 44 74 0 1 2 75 53 54 0 1 2 75 58 222 0 1 2 75 53 23 2 75 0 1 45 74 0 1 2 175 43 54 0 1 2 175 41 222 0 1 2 175 41 23 2 75 0 2 42 14 0 1 2 275 39 54 0 1 2 275 56 22 0 1 2 275 59
3/4 34 2 75 0 0 50 74 0 1 2 75 56 54 0 1 2 75 56 222 0 1 2 75 55 23 2 75 0 1 52 74 0 1 2 175 42 222 0 1 2 175 46 23 2 75 0 2 58 614 0 1 2 275 41 23 0 1 2 275 43 712 0 1 2 275 59
3/4 13 2 75 0 0 39 23 0 1 2 75 40 223 0 1 2 75 44 62 0 1 2 75 52 613 2 75 0 1 41 23 0 1 2 175 54 13 0 1 2 175 42 62 0 1 2 175 55 613 2 75 0 2 48 23 0 1 2 275 44 13 0 1 2 275 56 612 0 1 2 275 45
3/4 73 2 75 0 0 49 23 0 1 2 75 44 13 0 1 2 75 50 62 0 1 2 75 58 613 2 75 0 1 51 54 0 1 2 175 49 23 0 1 2 175 49 612 0 1 2 175 50 73 1 5 3 2333 47 74 0 1 2 275 46 54 0 1 2 275 56 222 0 1 2 275 51
3/4 74 0 1 0 0 43 54 0 1 0 0 40 222 0 1 0 0 58 23 1 5 3 333 51 74 0 1 2 75 56 54 0 1 2 75 41 222 0 1 2 75 39 23 1 5 3 1333 53 74 0 1 2 175 50 54 0 1 2 175 59 222 0 1 2 175 55 23 1 5 3 2333 44 14 0 1 2 275 58 54 0 1 2 275 41 22 0 1 2 275 44
3/4 14 0 1 0 0 53 54 0 1 0 0 55 22 0 1 0 0 51 34 1 5 3 333 58 74 0 1 2 75 56 54 0 1 2 75 57 222 0 1 2 75 50 23 1 5 3 1333 59 74 0 1 2 175 42 222 0 1 2 175 43 23 1 5 3 2333 43 614 0 1 2 275 57 23 0 1 2 275 42 712 0 1 2 275 45
3/4 614 0 1 0 0 46 23 0 1 0 0 42 712 0 1 0 0 59 13 1 5 3 333 44 23 0 1 2 75 48 223 0 1 2 75 47 62 0 1 2 75 59 613 1 5 3 1333 56 23 0 1 2 175 55 13 0 1 2 175 50 62 0 1 2 175 42 613 1 5 3 2333 51 23 0 1 2 275 51 13 0 1 2 275 42 612 0 1 2 275 55
3/4 23 0 1 0 0 51 13 0 1 0 0 51 612 0 1 0 0 57 73 1 5 3 333 52 23 0 1 2 75 44 13 0 1 2 75 44 62 0 1 2 75 55 613 1 5 3 1333 42 23 0 1 2 175 51 73 0 1 2 175 51 522 0 1 2 175 39 53 1 5 3 2333 49 54 0 1 2 275 61 23 0 1 2 275 69 612 0 1 2 275 67
3/4 54 0 1 0 0 62 23 0 1 0 0 57 612 0 1 0 0 59 73 1 5 3 333 58 74 0 1 2 75 79 54 0 1 2 75 80 222 0 1 2 75 71 23 1 5 3 1333 85 24 0 1 2 175 90 74 0 1 2 175 90 523 0 1 2 175 84 54 1 5 3 2333 87 55 0 1 2 275 94 24 0 1 2 275 90 613 0 1 2 275 80
3/4 55 0 1 0 0 84 24 0 1 0 0 82 613 0 1 0 0 90 74 1 5 3 333 102 75 0 1 2 75 106 55 0 1 2 75 108 223 0 1 2 75 98 24 1 5 3 1333 105 615 0 1 3 1667 98 315 0 1 3 1667 105 613 0 1 3 1667 113 56 0 1 2 175 109
3/4
3/4 24 0 1 3 1667 112 54 0 1 3 1667 121 22 0 1 3 1667 109 25 0 1 2 175 108
3/4
3/4 24 0 1 3 1667 55 614 0 1 3 1667 47 22 0 1 3 1667 57 25 0 1 2 175 50
3/4
3/4 13 2 25 2 175 99 54 0 1 2 175 88 52 0 1 2 175 94 713 0 1 0 2 98
3/4 713 0 2 0 0 99 54 0 1 0 0 90 52 0 1 0 0 102 13 2 25 2 175 96 713 0 1 0 2 105
3/4 54 0 1 0 0 106 52 0 1 0 0 96 713 0 2 0 0 90 13 2 25 3 1667 103 713 0 1 2 175 101 13 2 25 2 275 86
3/4 713 0 2 0 0 97 13 2 25 3 1667 87 713 0 1 2 175 101 13 2 25 2 275 101
3/4 713 2 175 0 0 98 13 2 25 2 175 90 713 3 333 0 2 90 13 3 333 3 2333 93 713 2 25 3 2667 105 13 2 25 2 275 106
3/4 713 3 333 0 0 97 13 3 333 3 333 102 713 2 25 3 667 98 13 2 25 2 75 99 713 3 333 0 1 96 13 3 333 3 1333 110 713 2 25 3 1667 108 13 2 25 2 175 102 713 3 333 0 2 111 13 3 333 3 2333 102 713 2 25 3 2667 99 13 2 25 2 275 117
3/4 713 3 333 0 0 110 13 3 333 3 333 99 713 2 25 3 667 110 13 2 25 2 75 117 713 3 333 0 1 105 13 3 333 3 1333 100 713 2 25 3 1667 111 13 2 25 2 175 107 713 3 333 0 2 117 13 3 333 3 2333 107 713 2 25 3 2667 114 13 2 25 2 275 104
3/4 713 3 333 0 0 120 13 3 333 3 333 116 713 2 25 3 667 110 13 2 25 2 75 127 713 3 333 0 1 126 13 3 333 3 1333 126 713 2 25 3 1667 112 13 2 25 2 175 110 713 3 333 0 2 118 13 3 333 3 2333 122 713 2 25 3 2667 131 13 2 25 2 275 127
3/4 713 3 333 0 0 112 613 3 333 3 333 121 713 3 333 3 667 118 23 3 333 0 1 128 13 3 333 2 125 122 713 3 333 1 15 121 713 2 125 2 175 134
17/4 713 2 175 0 0 127 22 0 1 2 175 118 53 0 1 2 275 134 613 0 1 2 375 124 713 0 1 2 475 116 23 0 1 2 575 121 54 0 1 2 675 128 614 0 1 2 775 135 714 0 1 2 875 120 24 0 1 2 975 126 55 0 1 2 1075 116 615 0 1 2 1175 120 715 0 2 2 1275 116
4/4 51 0 1 0 1 43 21 0 1 0 1 52 72 0 1 2 125 47 71 0 1 0 3 46 51 0 1 0 3 50 22 2 75 2 325 44
4/4 11 0 1 0 0 52 51 0 1 0 0 40 22 2 25 0 0 45 33 0 1 2 25 40 32 0 1 0 2 41 11 0 1 0 2 45 53 0 1 2 225 45 21 0 1 0 3 51 11 0 1 0 3 42 523 2 75 2 325 41
4/4 523 2 25 0 0 59 21 0 1 0 1 47 521 0 1 0 1 52 51 0 1 0 2 51 21 0 1 0 2 51 72 0 1 2 225 54
4/4 611 0 1 0 0 48 41 0 1 0 0 45 12 0 1 2 25 57 71 0 1 0 1 53 41 0 1 0 1 52 22 0 1 2 125 44 21 0 1 0 3 45 71 0 1 0 3 40 43 2 75 2 325 52
4/4 32 0 1 0 0 42 71 0 1 0 0 53 43 2 25 0 0 57 53 0 1 2 25 43 52 0 1 0 2 49 32 0 1 0 2 41 73 0 1 2 225 57 42 0 1 0 3 53 11 0 1 0 3 43 613 2 75 2 325 49
4/4 71 0 1 0 0 48 41 0 1 0 0 58 613 2 25 0 0 47 22 0 1 2 25 42 32 0 1 0 1 50 71 0 1 0 1 42 53 0 1 2 125 43 611 0 1 0 2 46 31 0 1 0 2 58 12 0 1 2 225 48
4/4 21 0 1 0 0 48 71 0 1 0 0 46 523 0 1 2 25 58 51 0 1 0 1 42 611 0 1 0 1 39 72 2 75 2 125 45 52 2 25 0 2 56 72 2 75 2 225 57 21 2 25 0 3 50 51 2 75 2 325 45
4/4 11 2 25 0 0 56 33 2 75 2 25 59 612 2 25 0 1 50 33 2 75 2 125 50 612 2 25 0 2 47 11 2 75 2 225 59 21 2 25 0 3 56 523 2 75 2 325 55
4/4 612 2 25 0 0 55 523 2 75 2 25 41 12 2 25 0 1 50 21 2 75 2 125 42 52 2 25 0 2 43 53 2 75 2 225 54 22 2 25 0 3 52 53 2 75 2 325 65
4/4 711 2 25 0 0 58 22 2 75 2 25 71 21 2 25 0 1 70 43 2 75 2 125 65 42 2 25 0 2 82 63 2 75 2 225 75 62 2 25 0 3 97 713 2 75 2 325 85
4/4 32 0 1 0 0 101 711 0 1 0 0 91 22 0 1 2 25 95 712 0 1 2 25 96 32 0 1 0 1 93 11 0 1 0 1 93 33 0 1 2 125 103 12 0 1 2 125 101 41 1 5 0 3 79
4/4 43 0 3 0 0 91 42 0 1 0 1 68 33 0 1 0 2 73 611 0 1 0 2 75
4/4 71 1 5 0 1 49 43 0 2 0 2 52 42 0 1 0 3 43
4/4 711 1 5 0 0 43 43 0 2 0 1 51 42 0 1 0 2 54 11 1 5 0 3 58
4/4 43 0 2 0 0 52 33 0 1 0 1 54 612 0 1 0 1 58 41 0 1 0 1 59 41 1 5 0 2 44 43 0 1 0 3 56
4/4 33 0 1 0 0 46 612 0 1 0 0 51 41 0 1 0 0 40 43 0 1 0 0 46 71 1 5 0 1 43 53 2 25 0 2 49 43 2 175 2 225 59 42 0 1 0 3 54
4/4 711 1 5 0 0 40 43 2 25 0 0 48 53 2 25 0 1 57 43 0 2 2 125 45 42 0 1 0 2 45 11 1 5 0 3 50
4/4 53 2 25 0 0 50 43 0 2 2 25 47 33 0 1 0 1 50 612 0 1 0 1 59 41 0 1 0 1 49 41 1 5 0 2 58 53 2 25 0 3 58 43 2 75 2 325 46
4/4 33 0 1 0 0 54 612 0 1 0 0 45 41 0 1 0 0 47 43 2 125 0 0 41 71 0 1 0 1 43 43 0 1 0 2 42 21 0 1 0 2 42 73 0 1 0 3 51 42 0 1 0 3 50
4/4 23 0 1 0 0 47 72 0 1 0 0 59 44 0 1 0 1 67 22 0 1 0 1 67 74 0 1 0 2 62 43 0 1 0 2 60 24 0 1 0 3 56 73 0 1 0 3 66
4/4
4/4 51 0 1 0 1 49 21 0 1 0 1 41 72 0 1 2 125 58 71 0 1 0 3 43 51 0 1 0 3 58 22 2 75 2 325 51
4/4 11 0 1 0 0 53 51 0 1 0 0 59 22 2 25 0 0 53 33 0 1 2 25 39 32 0 1 0 2 51 11 0 1 0 2 42 53 0 1 2 225 48 21 0 1 0 3 39 11 0 1 0 3 49 523 2 75 2 325 52
4/4 523 2 25 0 0 42 21 0 1 0 1 54 521 0 1 0 1 46 51 0 1 0 2 39 21 0 1 0 2 40 72 0 1 2 225 46
4/4 611 0 1 0 0 57 41 0 1 0 0 44 12 0 1 2 25 45 71 0 1 0 1 54 41 0 1 0 1 57 22 0 1 2 125 47 21 0 1 0 3 52 71 0 1 0 3 53 43 2 75 2 325 59
4/4 32 0 1 0 0 43 71 0 1 0 0 53 43 2 25 0 0 51 53 0 1 2 25 54 52 0 1 0 2 40 32 0 1 0 2 44 73 0 1 2 225 50 42 0 1 0 3 51 32 0 1 0 3 56 613 0 1 0 3 41
4/4 71 0 1 0 0 46 41 0 1 0 0 58 613 0 1 0 0 48 22 0 1 2 25 43 32 0 1 0 1 40 71 0 1 0 1 47 53 0 2 2 125 47 611 0 1 0 2 42 31 0 1 0 2 52 12 0 1 2 225 54
4/4 21 0 1 0 0 50 611 0 1 0 0 41 523 0 1 2 25 55 51 1 5 0 1 42 72 1 5 1 15 54 52 1 5 0 2 49 72 1 5 1 25 49 21 1 5 0 3 40 51 1 5 1 35 46
4/4 11 1 5 0 0 39 33 1 5 1 5 41 612 1 5 0 1 46 33 1 5 1 15 59 612 1 5 0 2 44 11 1 5 1 25 53 21 1 5 0 3 57 523 1 5 1 35 69
4/4 612 1 5 0 0 59 523 1 5 1 5 67 12 1 5 0 1 65 21 1 5 1 15 58 52 1 5 0 2 62 53 1 5 1 25 80 22 1 5 0 3 71 53 1 5 1 35 66
4/4 711 1 5 0 0 79 22 1 5 1 5 90 42 1 5 0 1 86 63 1 5 1 15 77 62 1 5 0 2 87 713 1 5 1 25 90 712 1 5 0 3 95 23 1 5 1 35 90 73 0 1 2 375 96 53 0 1 2 375 101 221 0 1 2 375 88
4/4 221 1 5 0 0 95 53 0 1 2 275 106 72 0 1 2 275 102 21 0 1 2 275 90 21 1 5 0 3 87
4/4 523 0 1 2 175 87 612 0 1 2 175 98 21 0 1 2 175 98 21 1 5 0 2 97
4/4 52 0 3 0 1 57 22 0 2 0 1 55 313 0 1 0 3 44
4/4 612 0 1 0 0 48 521 0 1 0 0 54 313 0 2 0 0 58 22 0 1 0 2 53 311 0 1 0 3 44 312 0 1 0 3 58
4/4 712 0 1 0 0 42 312 0 2 0 0 57 12 0 1 0 1 58 32 0 2 0 2 51 12 0 2 0 2 58
4/4 712 0 1 0 0 49 32 0 1 0 0 42 11 0 1 0 1 44 51 0 1 0 1 42 522 0 1 0 2 41 312 0 1 0 3 49
4/4 51 0 2 0 0 48 21 0 1 0 0 53 52 0 1 0 1 53 712 0 1 0 2 43 522 0 1 0 3 41 22 0 1 0 3 50
4/4 523 0 1 0 0 44 522 0 1 0 0 48 313 0 1 0 1 41 711 0 1 0 2 43 21 0 1 0 2 59 222 0 1 0 3 46
4/4 21 0 2 0 0 59 12 0 1 0 0 56 51 0 1 0 1 56 711 0 1 0 1 53 22 1 15 0 2 50 313 1 5 1 35 39
4/4 612 0 1 0 0 57 521 0 1 0 0 53 313 0 2 0 0 50 22 0 1 0 2 43 311 0 1 0 3 48 312 0 1 0 3 58
4/4 712 1 15 0 0 58 312 0 2 0 0 42 12 1 5 1 15 55 32 0 2 0 2 39 12 0 2 0 2 39
4/4 712 0 1 0 0 57 32 0 1 0 0 57 311 0 1 0 1 57 51 0 1 0 1 45 522 0 1 0 2 40 312 0 1 0 3 41
4/4 21 0 1 0 0 54 21 0 1 0 0 46 312 0 1 0 2 54 311 0 1 0 2 57 522 0 1 0 3 50 521 0 1 0 3 44
4/4 522 0 1 0 0 56 521 0 1 0 0 53 521 0 1 0 1 46 521 0 1 0 1 55 711 0 1 0 2 59 711 0 1 0 2 41
4/4 711 0 1 0 0 54 711 0 1 0 0 53 11 0 1 0 1 56 11 0 1 0 1 42
4/4 711 0 1 0 0 54 711 0 1 0 0 44 11 0 1 1 15 55 11 0 1 1 15 48 711 0 1 0 2 53 711 0 1 0 2 45 611 0 1 0 3 49 611 0 1 0 3 40
4/4 611 0 1 0 0 51 611 0 1 0 0 44 21 0 1 0 1 55 51 0 1 0 2 53 51 0 1 0 2 51
4/4 12 0 1 0 1 55 11 0 1 0 1 55
4/4 712 0 1 0 0 50 711 0 1 0 0 46 12 0 1 1 15 56 11 0 1 1 15 58 712 0 1 0 2 40 711 0 1 0 2 39 612 0 1 0 3 39 611 0 1 0 3 54
4/4 612 0 1 0 0 53 611 0 1 0 0 51 21 0 1 0 1 55 52 0 1 0 2 39 51 0 1 0 2 52
4/4 11 0 1 0 1 45 11 0 1 0 1 47 21 0 1 0 2 56 21 0 1 0 2 55 32 0 1 0 3 47 31 0 1 0 3 39
4/4 12 0 1 0 0 58 11 0 1 0 0 64 22 0 1 0 1 70 21 0 1 0 1 62 33 0 1 0 2 67 31 0 1 0 2 73 313 0 1 0 3 68 311 0 1 0 3 65
4/4 313 0 1 0 0 60 311 0 1 0 0 65 612 0 1 0 1 75 611 0 1 0 1 83 22 0 1 0 2 87 21 0 1 0 2 81
4/4 21 0 1 0 1 97 21 0 1 0 1 104 712 0 1 0 2 94 42 0 1 0 2 95 63 0 1 2 225 89 22 0 1 2 225 92 72 0 1 0 3 101 312 0 1 0 3 98 53 0 1 2 325 91 222 0 1 2 325 86
4/4 21 0 1 0 0 104 53 0 1 0 0 87 222 0 1 0 0 90 53 0 1 0 1 95 313 0 1 0 1 90 71 0 1 0 1 102 523 0 1 0 2 102 33 0 1 0 2 101 611 0 1 0 2 105 21 0 1 0 3 105 21 0 1 0 3 93
4/4 612 0 1 0 0 90 32 0 1 0 0 106 523 0 1 2 25 102 12 0 1 2 25 106 62 0 1 0 1 89 21 0 1 0 1 89 43 0 1 2 125 105 712 0 1 2 125 89 21 0 1 0 2 104 43 0 1 0 3 87 22 0 1 0 3 106 61 0 1 0 3 104
4/4 313 0 1 0 0 91 22 0 1 0 0 95 51 0 1 0 0 105 21 0 3 0 1 104 72 0 1 0 1 100 612 0 1 0 2 90 52 0 1 0 3 104
4/4 52 0 1 0 0 89 21 0 4 0 0 89 22 1 15 0 1 88 52 1 5 1 25 106 72 0 1 0 3 86
4/4 21 0 4 0 0 94 72 0 2 0 0 104 612 0 2 0 2 69
4/4 51 0 1 0 1 53 52 0 3 0 1 46 22 0 1 0 2 43 313 0 1 0 3 39
4/4 612 0 1 0 0 42 522 0 1 0 0 53 312 0 1 0 0 50 311 0 1 0 3 46 312 0 1 0 3 52
4/4 712 0 1 0 0 46 312 0 2 0 0 54 22 2 75 0 1 54 12 2 25 2 175 43 32 0 1 0 2 57 11 0 1 0 2 41
4/4 11 0 1 0 1 40 51 0 1 0 1 43 522 0 1 0 2 51 312 0 1 0 3 59
4/4 51 0 2 0 0 54 21 0 1 0 0 47 52 0 1 0 1 52 712 0 1 0 2 48 522 0 1 0 3 43 22 0 1 0 3 45
4/4 523 0 1 0 0 48 522 0 3 0 0 39 313 0 1 0 1 45 711 0 1 0 2 53 21 0 1 0 2 39 222 0 1 0 3 39
4/4 21 0 2 0 0 48 12 0 1 0 0 49 51 0 1 0 1 52 711 0 1 0 1 39 22 0 1 0 2 56 523 2 75 0 3 56 313 2 25 2 375 48
4/4 612 0 1 0 0 39 522 0 1 0 0 46 312 0 1 0 0 50 311 0 1 0 3 57 312 0 1 0 3 43
4/4 712 0 1 0 0 50 312 0 2 0 0 52 22 2 75 0 1 45 12 2 25 2 175 43 32 0 1 0 2 48 11 0 1 0 2 42
4/4 11 0 1 0 1 59 51 0 1 0 1 47 522 0 1 0 2 59 312 0 1 0 3 49
4/4 51 0 3 0 0 49 21 0 1 0 0 42 52 0 1 0 1 57 712 0 1 0 2 53 22 0 1 0 3 45
4/4 22 0 1 0 0 55 12 2 75 0 1 56 712 2 25 2 175 44 712 0 2 0 2 58
4/4 712 0 4 0 0 56
4/4 51 0 1 0 0 41 21 0 1 0 0 52 72 0 1 2 25 51 71 0 1 0 2 57 51 0 1 0 2 40 22 0 1 2 225 59 11 0 1 0 3 42 51 0 1 0 3 55 33 2 75 2 325 51
4/4 33 2 25 0 0 45 32 0 1 0 1 44 11 0 1 0 1 48 53 0 1 2 125 40 21 0 1 0 2 44 11 0 1 0 2 51 523 0 1 2 225 52
4/4 21 0 1 0 0 57 521 0 1 0 0 59 51 0 1 0 1 48 21 0 1 0 1 45 72 0 1 2 125 41 611 0 1 0 3 48 41 0 1 0 3 44 12 2 75 2 325 49
4/4 71 0 1 0 0 56 41 0 1 0 0 40 12 2 25 0 0 47 22 0 1 2 25 56 21 0 1 0 2 54 71 0 1 0 2 55 43 0 1 2 225 57 32 0 1 0 3 46 71 0 1 0 3 46 53 2 75 2 325 52
4/4 53 2 25 0 0 46 52 0 1 0 1 43 32 0 1 0 1 45 73 0 1 2 125 42 42 0 1 0 2 58 11 0 1 0 2 52 613 0 1 2 225 51 71 0 1 0 3 58 41 0 1 0 3 41 22 2 75 2 325 44
4/4 32 0 1 0 0 40 71 0 1 0 0 55 22 2 25 0 0 40 53 0 1 2 25 39 611 0 1 0 1 41 31 0 1 0 1 54 12 0 1 2 125 53 21 0 1 0 3 57 71 0 1 0 3 51 523 2 75 2 325 42
4/4 51 2 25 0 0 58 523 2 25 0 0 52 72 2 75 2 25 53 52 2 25 0 1 40 72 2 75 2 125 53 21 2 25 0 2 43 51 2 75 2 225 59 11 2 25 0 3 52 33 2 75 2 325 58
4/4 612 2 25 0 0 49 33 2 75 2 25 54 612 2 25 0 1 39 11 2 75 2 125 53 21 2 25 0 2 47 523 2 75 2 225 55 612 2 25 0 3 47 523 2 75 2 325 55
4/4 12 2 25 0 0 55 21 2 75 2 25 56 52 2 25 0 1 58 53 2 75 2 125 50 22 2 25 0 2 53 53 2 75 2 225 55 711 2 25 0 3 50 22 2 75 2 325 49
4/4 42 1 5 0 0 45 63 1 5 1 5 68 62 1 5 0 1 78 713 1 5 1 15 72 712 1 5 0 2 88 23 1 5 1 25 79 712 0 1 0 3 97 42 0 1 0 3 104 63 0 1 2 325 95 22 0 1 2 325 90
4/4 13 0 1 0 0 71 53 0 1 0 0 86 33 0 1 0 0 71 11 0 1 0 0 82 63 0 1 0 0 89 22 0 1 0 0 93 73 0 1 0 1 69 53 0 1 0 1 72 21 0 1 0 1 64 73 0 1 0 2 50 53 0 1 0 2 67 21 0 1 0 2 70 613 0 1 0 3 74 53 0 1 0 3 74 32 0 1 0 3 73
4/4 73 0 1 0 0 65 53 0 1 0 0 80 21 0 1 0 0 66 613 0 1 0 1 74 53 0 1 0 1 70 33 0 1 0 1 70 11 0 1 0 1 65 22 0 1 0 3 57 21 0 1 0 3 57
4/4 51 1 5 0 0 51 22 0 2 0 1 42 21 0 1 0 2 44 21 1 5 0 3 56
4/4 22 0 2 0 0 56 21 0 1 0 1 50 521 1 5 0 2 40 22 0 1 0 3 46
4/4 21 0 1 0 0 42 22 0 1 0 0 45 21 1 5 0 1 41 22 0 2 0 2 39 21 0 1 0 3 59
4/4 51 1 5 0 0 40 33 2 25 0 1 44 22 0 2 2 125 48 21 0 1 0 2 46 21 1 5 0 3 50
4/4 33 2 25 0 0 39 22 0 2 2 25 52 21 0 1 0 1 50 521 1 5 0 2 50 33 2 25 0 3 58 22 2 75 2 325 41
4/4 21 0 1 0 0 41 22 2 125 0 0 54 21 1 5 0 1 46 33 2 25 0 2 58 22 2 175 2 225 40 21 0 1 0 3 39
4/4 51 0 1 0 0 40 22 2 25 0 0 51 53 0 1 0 1 59 72 0 1 0 1 67 51 0 1 0 1 65 53 0 1 0 2 68 72 0 1 0 2 63 521 0 1 0 2 80 53 0 1 0 3 80 72 0 1 0 3 87 41 0 1 0 3 82
4/4 53 0 1 0 0 89 72 0 1 0 0 84 31 0 1 0 0 89 53 0 1 0 1 93 72 0 1 0 1 89 21 0 1 0 1 109 53 0 1 2 175 109 612 0 1 2 175 120 221 0 1 2 175 112 221 0 1 0 2 111
4/4
4/4 21 0 2 0 0 120 53 0 1 0 0 114 71 0 1 0 0 113 11 0 1 0 2 53 11 0 1 0 2 53 71 0 1 0 3 56 71 0 1 0 3 45
4/4 71 0 1 0 0 55 71 0 1 0 0 45 32 0 1 0 1 46 31 0 1 0 1 58 612 0 1 0 2 47 21 0 1 0 2 43 52 0 1 0 2 47
4/4 612 0 1 0 0 55 21 0 1 0 0 52 52 0 1 0 0 51 523 0 2 0 1 39
4/4 51 0 4 0 0 102 312 2 25 0 0 90 21 0 3 2 25 96 312 2 25 0 3 100 21 2 75 2 325 91
4/4 51 0 4 0 0 98 21 2 225 0 0 101 312 2 25 2 175 94 21 0 1 0 2 88 312 2 25 0 3 87 21 2 75 2 325 103
4/4 51 0 4 0 0 106 21 2 125 0 0 86 312 2 25 2 75 104 21 0 1 0 1 90 312 2 25 0 2 97 21 2 175 2 225 104
4/4 312 2 25 0 0 90 51 0 4 0 0 89 21 2 25 2 25 100 312 2 25 1 5 94 21 2 25 2 75 106 312 2 25 0 1 90 21 2 25 2 125 94 312 2 25 1 15 109 21 2 25 2 175 109 312 2 25 0 2 98 21 2 25 2 225 100 312 2 25 1 25 97 21 2 25 2 275 106 312 2 25 0 3 110 21 2 25 2 325 110 312 2 25 1 35 114 21 2 25 2 375 96
4/4 312 2 25 0 0 101 51 0 4 0 0 91 21 2 25 2 25 112 312 2 25 1 5 112 21 2 25 2 75 111 312 2 25 0 1 113 21 2 25 2 125 101 312 2 25 1 15 115 21 2 25 2 175 102 312 2 25 0 2 105 21 2 25 2 225 113 312 2 25 1 25 108 21 2 25 2 275 123 312 2 25 0 3 115 21 2 25 2 325 113 312 2 25 1 35 118 21 2 25 2 375 113
4/4 312 2 25 0 0 124 51 0 4 0 0 102 21 2 25 2 25 114 312 2 25 1 5 118 21 2 25 2 75 112 312 2 25 0 1 127 21 2 25 2 125 116 312 2 25 1 15 118 21 2 25 2 175 114 312 2 25 0 2 114 21 2 25 2 225 124 11 3 333 1 25 117 21 3 333 2 275 127 522 3 333 0 3 126 312 3 333 3 3333 134 21 3 333 3 3667 115
4/4 51 0 3 0 0 119 51 1 5 0 1 128 21 1 5 1 15 117 52 1 5 0 2 133 712 1 5 1 25 126
