6/8 62 1 5 0 0 67 33 0 1 1 5 52 63 1 5 1 5 50 13 1 5 0 1 54 62 1 5 1 15 63 33 0 1 0 2 67 63 1 5 0 2 53 13 1 5 1 25 65
6/8 62 1 5 0 0 65 33 0 1 1 5 70 63 1 5 1 5 57 13 1 5 0 1 50 62 1 5 1 15 53 33 0 1 0 2 62 63 1 5 0 2 64 13 1 5 1 25 67
6/8 62 1 5 0 0 55 33 0 1 1 5 62 63 1 5 1 5 67 13 1 5 0 1 62 33 1 5 1 15 55 73 0 1 0 2 69 34 1 5 0 2 68 54 1 5 1 25 66
6/8 43 1 5 0 0 53 63 0 1 1 5 67 13 1 5 1 5 57 44 1 5 0 1 69 12 1 5 1 15 55 33 0 1 0 2 70 53 1 5 0 2 58 13 1 5 1 25 66
6/8 222 1 5 0 0 59 43 0 1 1 5 70 63 1 5 1 5 66 223 1 5 0 1 51 12 1 5 1 15 57 33 0 1 0 2 55 63 1 5 0 2 64 13 1 5 1 25 54
6/8 72 1 5 0 0 55 43 0 1 1 5 56 73 1 5 1 5 64 223 1 5 0 1 70 33 1 5 1 15 52 53 0 1 0 2 68 73 1 5 0 2 56 34 1 5 1 25 65
6/8 62 1 5 0 0 67 33 0 1 1 5 55 63 1 5 1 5 63 13 1 5 0 1 69 33 1 5 1 15 60 73 0 1 0 2 51 34 1 5 0 2 62 54 1 5 1 25 62
6/8 43 1 5 0 0 58 63 0 1 1 5 51 13 1 5 1 5 56 44 1 5 0 1 67 12 1 5 1 15 68 33 0 1 0 2 53 53 1 5 0 2 56 13 1 5 1 25 70
6/8 222 1 5 0 0 66 43 0 1 1 5 66 63 1 5 1 5 62 223 1 5 0 1 67 12 1 5 1 15 50 33 0 1 0 2 69 63 1 5 0 2 56 13 1 5 1 25 51
6/8 72 1 5 0 0 52 43 0 1 1 5 69 73 0 1 1 5 56 53 0 1 0 1 53 34 0 1 0 1 68 62 1 5 1 15 60 33 0 1 0 2 51 63 1 5 0 2 56 13 1 5 1 25 51
6/8 62 1 5 0 0 65 33 0 1 1 5 50 63 1 5 1 5 51 13 1 5 0 1 59 62 1 5 1 15 63 33 0 1 0 2 62 63 1 5 0 2 63 13 1 5 1 25 50
6/8 33 1 5 0 0 56 73 0 1 1 5 56 34 1 5 1 5 52 54 1 5 0 1 65 43 1 5 1 15 50 63 0 1 0 2 51 13 1 5 0 2 55 44 1 5 1 25 69
6/8 12 1 5 0 0 59 33 0 1 1 5 53 53 1 5 1 5 51 13 1 5 0 1 52 43 1 5 1 15 53 13 0 1 0 2 52 44 0 1 0 2 59 43 1 5 1 25 64
6/8 222 1 5 0 0 54 63 0 1 1 5 67 223 0 1 1 5 58 222 1 5 0 1 70 72 1 5 1 15 51 222 0 1 0 2 61 43 0 1 0 2 50 72 1 5 1 25 70
6/8 33 1 5 0 0 56 53 0 1 1 5 60 73 1 5 1 5 57 34 1 5 0 1 54 62 1 5 1 15 51 33 0 1 0 2 66 63 1 5 0 2 70 13 1 5 1 25 52
6/8 33 1 5 0 0 66 73 0 1 1 5 51 34 1 5 1 5 68 54 1 5 0 1 57 43 1 5 1 15 53 63 0 1 0 2 70 13 1 5 0 2 65 44 1 5 1 25 54
6/8 12 1 5 0 0 58 33 0 1 1 5 64 53 1 5 1 5 50 13 1 5 0 1 70 222 1 5 1 15 57 43 0 1 0 2 58 63 1 5 0 2 65 223 1 5 1 25 56
6/8 12 1 5 0 0 69 33 0 1 1 5 69 63 1 5 1 5 60 13 1 5 0 1 54 222 1 5 1 15 67 73 0 1 0 2 56 34 1 5 0 2 56 54 1 5 1 25 62
6/8 62 1 5 0 0 59 33 0 1 1 5 54 63 1 5 1 5 67 13 1 5 0 1 61 62 1 5 1 15 67 33 0 1 0 2 63 63 1 5 0 2 53 13 1 5 1 25 51
6/8 62 1 5 0 0 66 33 0 1 1 5 59 63 1 5 1 5 56 13 1 5 0 1 61 62 1 5 1 15 55 33 0 1 0 2 63 63 1 5 0 2 66 13 1 5 1 25 63
6/8 33 1 5 0 0 56 73 0 1 1 5 67 34 1 5 1 5 69 54 1 5 0 1 58 43 1 5 1 15 68 63 0 1 0 2 65 13 1 5 0 2 50 44 1 5 1 25 59
6/8 12 1 5 0 0 50 33 0 1 1 5 68 53 1 5 1 5 50 13 1 5 0 1 59 222 1 5 1 15 61 43 0 1 0 2 55 63 1 5 0 2 52 223 1 5 1 25 68
6/8 12 1 5 0 0 55 33 0 1 1 5 62 63 1 5 1 5 59 13 1 5 0 1 50 72 1 5 1 15 55 43 0 1 0 2 59 73 1 5 0 2 51 223 1 5 1 25 60
6/8 33 1 5 0 0 68 53 0 1 1 5 57 73 1 5 1 5 67 34 1 5 0 1 58 62 1 5 1 15 52 33 0 1 0 2 51 63 1 5 0 2 52 13 1 5 1 25 63
6/8 33 1 5 0 0 65 73 0 1 1 5 53 34 1 5 1 5 50 54 1 5 0 1 56 43 1 5 1 15 67 63 0 1 0 2 58 13 1 5 0 2 62 44 1 5 1 25 65
6/8 12 1 5 0 0 63 33 0 1 1 5 63 53 1 5 1 5 62 13 1 5 0 1 67 222 1 5 1 15 68 43 0 1 0 2 55 63 1 5 0 2 52 223 1 5 1 25 53
6/8 12 1 5 0 0 51 33 0 1 1 5 69 63 1 5 1 5 53 13 1 5 0 1 62 72 1 5 1 15 55 43 0 1 0 2 62 73 0 1 0 2 58 33 0 1 1 25 66 34 0 1 1 25 64
6/8 62 1 5 0 0 69 33 0 1 1 5 52 63 1 5 1 5 52 13 1 5 0 1 64 62 1 5 1 15 63 33 0 1 0 2 59 63 1 5 0 2 60 13 1 5 1 25 57
6/8 62 1 5 0 0 54 33 0 1 1 5 63 63 1 5 1 5 52 13 1 5 0 1 63 62 1 5 1 15 62 33 0 1 0 2 61 63 1 5 0 2 52 13 1 5 1 25 57
6/8 33 1 5 0 0 58 73 0 1 1 5 70 34 1 5 1 5 59 54 1 5 0 1 67 43 1 5 1 15 67 63 0 1 0 2 51 13 1 5 0 2 68 44 1 5 1 25 61
6/8 12 1 5 0 0 63 33 0 1 1 5 70 53 1 5 1 5 51 13 1 5 0 1 55 43 1 5 1 15 65 13 0 1 0 2 51 44 0 1 0 2 50 43 1 5 1 25 61
6/8 222 1 5 0 0 70 63 0 1 1 5 68 223 0 1 1 5 62 222 1 5 0 1 58 72 1 5 1 15 51 222 0 1 0 2 51 43 0 1 0 2 67 72 1 5 1 25 67
6/8 33 1 5 0 0 56 53 0 1 1 5 67 73 1 5 1 5 56 34 1 5 0 1 63 62 1 5 1 15 53 33 0 1 0 2 68 63 1 5 0 2 52 13 1 5 1 25 68
6/8 33 1 5 0 0 68 73 0 1 1 5 61 34 1 5 1 5 70 54 1 5 0 1 69 43 1 5 1 15 69 63 0 1 0 2 53 13 1 5 0 2 53 44 1 5 1 25 66
6/8 12 1 5 0 0 64 33 0 1 1 5 52 53 1 5 1 5 57 13 1 5 0 1 70 222 1 5 1 15 53 43 0 1 0 2 61 63 1 5 0 2 68 223 1 5 1 25 54
6/8 12 1 5 0 0 66 33 0 1 1 5 66 63 1 5 1 5 66 13 1 5 0 1 52 222 1 5 1 15 54 73 0 1 0 2 65 34 0 1 0 2 70 33 0 1 1 25 62 223 0 1 1 25 59
6/8 62 1 5 0 0 53 33 0 1 1 5 54 63 1 5 1 5 59 13 1 5 0 1 53 62 1 5 1 15 51 33 0 1 0 2 51 63 1 5 0 2 55 13 1 5 1 25 69
6/8 62 1 5 0 0 56 33 0 1 1 5 69 63 1 5 1 5 52 13 1 5 0 1 54 62 1 5 1 15 70 33 0 1 0 2 58 63 1 5 0 2 62 13 1 5 1 25 70
6/8 62 1 5 0 0 67 33 0 1 1 5 69 63 1 5 1 5 68 13 1 5 0 1 61 33 1 5 1 15 62 73 0 1 0 2 65 34 1 5 0 2 54 54 1 5 1 25 65
6/8 43 1 5 0 0 70 63 0 1 1 5 64 13 1 5 1 5 56 44 1 5 0 1 56 12 1 5 1 15 50 33 0 1 0 2 70 53 1 5 0 2 55 13 1 5 1 25 56
6/8 222 1 5 0 0 54 43 0 1 1 5 57 63 1 5 1 5 67 223 1 5 0 1 67 12 1 5 1 15 56 33 0 1 0 2 57 63 1 5 0 2 54 13 1 5 1 25 53
6/8 72 1 5 0 0 60 43 0 1 1 5 59 73 1 5 1 5 55 223 1 5 0 1 70 33 1 5 1 15 68 53 0 1 0 2 59 73 1 5 0 2 61 34 1 5 1 25 52
6/8 62 1 5 0 0 54 33 0 1 1 5 61 63 1 5 1 5 58 13 1 5 0 1 55 33 1 5 1 15 67 73 0 1 0 2 53 34 1 5 0 2 59 54 1 5 1 25 60
6/8 43 1 5 0 0 58 63 0 1 1 5 65 13 1 5 1 5 61 44 1 5 0 1 55 12 1 5 1 15 58 33 0 1 0 2 70 53 1 5 0 2 60 73 1 5 1 25 63
6/8 222 1 5 0 0 53 43 0 1 1 5 56 63 1 5 1 5 57 223 1 5 0 1 63 12 1 5 1 15 66 33 0 1 0 2 57 63 0 1 0 2 59 63 0 1 1 25 54 13 0 1 1 25 67
6/8 72 1 5 0 0 55 43 0 1 1 5 69 73 0 1 1 5 53 53 0 1 0 1 61 34 0 1 0 1 56 62 1 5 1 15 70 33 0 1 0 2 61 63 1 5 0 2 64 13 1 5 1 25 69
6/8 62 1 5 0 0 67 33 0 1 1 5 64 63 1 5 1 5 62 13 1 5 0 1 64 62 1 5 1 15 68 33 0 1 0 2 67 63 1 5 0 2 58 13 1 5 1 25 70
6/8 33 1 5 0 0 62 73 0 1 1 5 50 34 1 5 1 5 51 54 1 5 0 1 59 43 1 5 1 15 63 63 0 1 0 2 66 13 1 5 0 2 64 44 1 5 1 25 64
6/8 12 1 5 0 0 70 33 0 1 1 5 65 53 1 5 1 5 62 13 1 5 0 1 70 43 1 5 1 15 63 63 0 1 0 2 62 44 0 1 0 2 54 43 1 5 1 25 52
6/8 222 1 5 0 0 63 63 0 1 1 5 52 223 0 1 1 5 66 222 1 5 0 1 58 72 1 5 1 15 60 222 0 1 0 2 61 43 0 1 0 2 62 72 1 5 1 25 50
6/8 33 1 5 0 0 57 53 0 1 1 5 53 73 1 5 1 5 66 34 1 5 0 1 53 62 1 5 1 15 70 33 0 1 0 2 68 63 1 5 0 2 64 13 1 5 1 25 56
6/8 33 1 5 0 0 62 73 0 1 1 5 62 54 0 1 1 5 65 34 0 1 0 1 63 74 0 1 0 1 56 43 1 5 1 15 63 63 0 1 0 2 55 13 1 5 0 2 66 44 1 5 1 25 59
6/8 12 1 5 0 0 61 53 0 1 1 5 58 34 0 1 1 5 51 13 0 1 0 1 70 54 0 1 0 1 62 222 1 5 1 15 69 43 0 1 0 2 63 63 1 5 0 2 68 223 1 5 1 25 67
6/8 12 1 5 0 0 64 33 0 1 1 5 58 63 1 5 1 5 54 13 1 5 0 1 66 222 1 5 1 15 59 73 0 1 0 2 56 34 0 1 0 2 69 33 0 1 1 25 57 223 0 1 1 25 58
6/8 62 1 5 0 0 61 33 0 1 1 5 62 63 1 5 1 5 69 13 1 5 0 1 58 62 1 5 1 15 55 33 0 1 0 2 64 63 1 5 0 2 56 13 1 5 1 25 67
6/8 72 1 5 0 0 53 43 0 1 1 5 68 73 1 5 1 5 59 23 1 5 0 1 69 72 1 5 1 15 52 43 0 1 0 2 58 73 1 5 0 2 53 23 1 5 1 25 54
6/8 43 1 5 0 0 55 13 0 1 1 5 64 44 1 5 1 5 58 614 1 5 0 1 50 53 1 5 1 15 63 73 0 1 0 2 70 23 1 5 0 2 52 54 1 5 1 25 68
6/8 22 1 5 0 0 50 43 0 1 1 5 65 613 1 5 1 5 68 23 1 5 0 1 65 33 1 5 1 15 61 53 0 1 0 2 66 73 1 5 0 2 65 34 1 5 1 25 62
6/8 22 1 5 0 0 69 43 0 1 1 5 66 73 1 5 1 5 53 23 1 5 0 1 67 12 1 5 1 15 61 53 0 1 0 2 65 13 1 5 0 2 61 34 1 5 1 25 62
6/8 43 1 5 0 0 53 613 0 1 1 5 54 13 1 5 1 5 59 44 1 5 0 1 58 72 1 5 1 15 65 43 0 1 0 2 61 73 1 5 0 2 68 23 1 5 1 25 64
6/8 43 1 5 0 0 66 13 0 1 1 5 65 44 1 5 1 5 67 614 1 5 0 1 70 53 1 5 1 15 52 73 0 1 0 2 53 23 1 5 0 2 64 54 1 5 1 25 59
6/8 22 1 5 0 0 61 43 0 1 1 5 67 613 1 5 1 5 63 23 1 5 0 1 65 33 1 5 1 15 67 53 0 1 0 2 70 73 1 5 0 2 50 34 1 5 1 25 63
6/8 22 1 15 0 0 68 43 0 1 1 5 51 23 0 1 1 5 65 33 1 5 1 15 50 53 0 1 0 2 52 73 1 5 0 2 60 34 1 5 1 25 67
6/8 22 1 15 0 0 61 43 0 1 1 5 69 23 0 1 1 5 60 33 1 5 1 15 51 53 0 1 0 2 67 73 1 5 0 2 67 34 1 5 1 25 63
6/8 22 1 5 0 0 54 43 0 1 1 5 69 73 1 5 1 5 54 23 1 5 0 1 61 12 1 5 1 15 61 43 0 1 0 2 59 613 0 1 0 2 63 613 0 1 1 25 65 44 0 1 1 25 50
6/8 72 1 5 0 0 59 43 0 1 1 5 70 73 1 5 1 5 64 23 1 5 0 1 62 72 1 5 1 15 56 43 0 1 0 2 54 73 1 5 0 2 54 23 1 5 1 25 57
6/8 72 1 5 0 0 58 43 0 1 1 5 56 73 1 5 1 5 67 23 1 5 0 1 59 23 0 1 1 15 57 44 0 1 1 15 54 23 0 1 0 2 57 74 0 1 0 2 64 44 0 1 1 25 67 74 0 1 1 25 62
6/8 72 1 5 0 0 58 43 0 1 1 5 58 73 1 5 1 5 61 23 1 5 0 1 68 43 1 5 1 15 64 13 0 1 0 2 57 44 1 5 0 2 59 614 1 5 1 25 50
6/8 53 1 5 0 0 59 73 0 1 1 5 63 23 1 5 1 5 58 54 1 5 0 1 51 22 1 5 1 15 62 43 0 1 0 2 62 613 1 5 0 2 63 23 1 5 1 25 69
6/8 53 1 5 0 0 53 23 0 1 1 5 65 54 0 1 1 5 61 53 1 5 0 1 57 33 1 5 1 15 53 73 0 1 0 2 57 34 0 1 0 2 66 33 1 5 1 25 65
6/8 12 1 5 0 0 69 33 0 1 1 5 52 53 0 1 1 5 67 12 1 5 0 1 65 43 1 5 1 15 52 613 0 1 0 2 57 13 1 5 0 2 61 44 1 5 1 25 69
6/8 72 1 5 0 0 53 43 0 1 1 5 60 73 1 5 1 5 70 23 1 5 0 1 55 43 1 5 1 15 52 13 0 1 0 2 69 44 1 5 0 2 67 614 1 5 1 25 55
6/8 53 1 5 0 0 58 73 0 1 1 5 66 23 1 5 1 5 52 54 1 5 0 1 62 22 1 5 1 15 61 43 0 1 0 2 60 613 1 5 0 2 54 23 1 5 1 25 56
6/8 33 1 5 0 0 59 53 0 1 1 5 58 73 1 5 1 5 57 34 1 5 0 1 57 22 1 5 1 15 69 43 0 1 0 2 51 73 1 5 0 2 70 23 1 5 1 25 70
6/8 33 1 5 0 0 64 13 0 1 1 5 70 44 0 1 1 5 65 43 0 1 0 1 51 34 0 1 0 1 52 72 1 5 1 15 60 43 0 1 0 2 59 73 1 5 0 2 52 23 1 5 1 25 52
6/8 72 1 5 0 0 69 43 0 1 1 5 52 73 1 5 1 5 52 23 1 5 0 1 61 72 1 5 1 15 58 43 0 1 0 2 53 73 0 1 0 2 66 73 0 1 1 25 62 23 0 1 1 25 60
6/8 23 0 1 0 0 53 44 0 1 0 0 64 44 0 1 1 5 65 74 0 1 1 5 58 44 0 1 0 1 50 24 0 1 0 1 60
6/8 62 1 5 0 0 65 33 0 1 1 5 63 63 1 5 1 5 51 13 1 5 0 1 68 62 1 5 1 15 67 33 0 1 0 2 56 63 1 5 0 2 52 13 1 5 1 25 68
6/8 62 1 5 0 0 70 33 0 1 1 5 54 63 1 5 1 5 66 13 1 5 0 1 65 62 1 5 1 15 70 33 0 1 0 2 57 63 1 5 0 2 56 13 1 5 1 25 68
6/8 62 1 5 0 0 50 33 0 1 1 5 66 63 1 5 1 5 57 13 1 5 0 1 65 33 1 5 1 15 70 73 0 1 0 2 52 34 1 5 0 2 56 54 1 5 1 25 63
6/8 43 1 5 0 0 67 63 0 1 1 5 59 13 1 5 1 5 67 44 1 5 0 1 57 12 1 5 1 15 64 33 0 1 0 2 58 53 1 5 0 2 52 13 1 5 1 25 61
6/8 222 1 5 0 0 67 43 0 1 1 5 57 63 1 5 1 5 66 223 1 5 0 1 52 12 1 5 1 15 55 33 0 1 0 2 67 63 1 5 0 2 60 13 1 5 1 25 60
6/8 72 1 5 0 0 70 43 0 1 1 5 67 73 1 5 1 5 60 223 1 5 0 1 59 33 1 5 1 15 65 53 0 1 0 2 50 73 1 5 0 2 60 34 1 5 1 25 59
6/8 62 1 5 0 0 68 33 0 1 1 5 62 63 1 5 1 5 52 13 1 5 0 1 66 33 1 5 1 15 58 73 0 1 0 2 68 34 1 5 0 2 58 54 1 5 1 25 65
6/8 43 1 5 0 0 58 63 0 1 1 5 67 13 1 5 1 5 68 44 1 5 0 1 54 12 1 5 1 15 53 33 0 1 0 2 50 53 1 5 0 2 51 13 1 5 1 25 66
6/8 222 1 5 0 0 67 43 0 1 1 5 68 63 1 5 1 5 57 223 1 5 0 1 64 12 1 5 1 15 68 33 0 1 0 2 50 63 1 5 0 2 55 13 1 5 1 25 60
6/8 72 1 5 0 0 58 43 0 1 1 5 58 73 0 1 1 5 51 53 0 1 0 1 65 34 0 1 0 1 52 62 1 5 1 15 60 33 0 1 0 2 56 63 1 5 0 2 61 13 1 5 1 25 58
6/8 62 1 5 0 0 66 33 0 1 1 5 60 63 1 5 1 5 52 13 1 5 0 1 53 62 1 5 1 15 63 33 0 1 0 2 62 63 1 5 0 2 58 13 1 5 1 25 52
6/8 33 1 5 0 0 52 73 0 1 1 5 56 34 1 5 1 5 55 54 1 5 0 1 55 43 1 5 1 15 64 63 0 1 0 2 60 13 1 5 0 2 68 44 1 5 1 25 70
6/8 12 1 5 0 0 50 33 0 1 1 5 60 53 1 5 1 5 60 13 1 5 0 1 59 43 1 5 1 15 59 13 0 1 0 2 59 44 0 1 0 2 58 43 1 5 1 25 53
6/8 222 1 5 0 0 52 63 0 1 1 5 54 223 0 1 1 5 68 222 1 5 0 1 59 72 1 5 1 15 58 222 0 1 0 2 66 43 0 1 0 2 68 72 1 5 1 25 60
6/8 33 1 5 0 0 59 53 0 1 1 5 68 73 1 5 1 5 69 34 1 5 0 1 64 62 1 5 1 15 70 33 0 1 0 2 68 63 1 5 0 2 61 13 1 5 1 25 62
6/8 33 1 5 0 0 63 73 0 1 1 5 51 34 1 5 1 5 67 54 1 5 0 1 60 43 1 5 1 15 54 63 0 1 0 2 62 13 1 5 0 2 50 44 1 5 1 25 60
6/8 12 1 5 0 0 66 33 0 1 1 5 67 53 1 5 1 5 52 13 1 5 0 1 52 222 1 5 1 15 56 43 0 1 0 2 69 63 1 5 0 2 65 223 1 5 1 25 52
6/8 12 1 5 0 0 58 33 0 1 1 5 54 63 1 5 1 5 60 13 1 5 0 1 61 222 1 5 1 15 57 73 0 1 0 2 69 34 1 5 0 2 65 54 1 5 1 25 58
6/8 62 1 5 0 0 50 33 0 1 1 5 57 63 1 5 1 5 51 13 1 5 0 1 61 62 1 5 1 15 57 33 0 1 0 2 66 63 1 5 0 2 68 13 1 5 1 25 61
6/8 62 1 5 0 0 52 33 0 1 1 5 53 63 1 5 1 5 51 13 1 5 0 1 55 62 1 5 1 15 57 33 0 1 0 2 62 63 1 5 0 2 69 13 1 5 1 25 62
6/8 33 1 5 0 0 66 73 0 1 1 5 54 34 1 5 1 5 53 54 1 5 0 1 70 43 1 5 1 15 63 63 0 1 0 2 50 13 1 5 0 2 54 44 1 5 1 25 61
6/8 12 1 5 0 0 61 33 0 1 1 5 53 53 1 5 1 5 65 13 1 5 0 1 51 222 1 5 1 15 64 43 0 1 0 2 55 63 1 5 0 2 53 223 1 5 1 25 50
6/8 12 1 5 0 0 70 33 0 1 1 5 52 63 1 5 1 5 62 13 1 5 0 1 64 72 1 5 1 15 50 43 0 1 0 2 65 73 1 5 0 2 65 223 1 5 1 25 67
6/8 33 1 5 0 0 70 53 0 1 1 5 68 73 1 5 1 5 68 34 1 5 0 1 59 62 1 5 1 15 54 33 0 1 0 2 70 63 1 5 0 2 53 13 1 5 1 25 64
6/8 33 1 5 0 0 68 73 0 1 1 5 57 34 1 5 1 5 69 54 1 5 0 1 59 43 1 5 1 15 52 63 0 1 0 2 68 13 1 5 0 2 59 44 1 5 1 25 57
6/8 12 1 5 0 0 67 33 0 1 1 5 57 53 1 5 1 5 57 13 1 5 0 1 61 222 1 5 1 15 59 43 0 1 0 2 50 63 1 5 0 2 65 223 1 5 1 25 64
6/8 12 1 5 0 0 65 33 0 1 1 5 57 63 1 5 1 5 61 13 1 5 0 1 53 72 1 5 1 15 68 43 0 1 0 2 67 73 0 1 0 2 62 33 0 1 1 25 59 34 0 1 1 25 53
6/8 62 1 5 0 0 59 33 0 1 1 5 57 63 1 5 1 5 55 13 1 5 0 1 67 62 1 5 1 15 52 33 0 1 0 2 53 63 1 5 0 2 56 13 1 5 1 25 64
6/8 62 1 5 0 0 51 33 0 1 1 5 54 63 1 5 1 5 58 13 1 5 0 1 65 62 1 5 1 15 53 33 0 1 0 2 69 63 1 5 0 2 56 13 1 5 1 25 54
6/8 33 1 5 0 0 67 73 0 1 1 5 67 34 1 5 1 5 65 54 1 5 0 1 70 43 1 5 1 15 60 63 0 1 0 2 52 13 1 5 0 2 50 44 1 5 1 25 57
6/8 12 1 5 0 0 59 33 0 1 1 5 60 53 1 5 1 5 57 13 1 5 0 1 57 43 1 5 1 15 50 13 0 1 0 2 64 44 0 1 0 2 51 43 1 5 1 25 59
6/8 222 1 5 0 0 54 63 0 1 1 5 55 223 0 1 1 5 60 222 1 5 0 1 51 72 1 5 1 15 56 222 0 1 0 2 53 43 0 1 0 2 53 72 1 5 1 25 55
6/8 33 1 5 0 0 54 53 0 1 1 5 67 73 1 5 1 5 58 34 1 5 0 1 54 62 1 5 1 15 63 33 0 1 0 2 64 63 1 5 0 2 60 13 1 5 1 25 53
6/8 33 1 5 0 0 53 73 0 1 1 5 65 34 1 5 1 5 50 54 1 5 0 1 67 43 1 5 1 15 61 63 0 1 0 2 64 13 1 5 0 2 67 44 1 5 1 25 61
6/8 12 1 5 0 0 64 33 0 1 1 5 51 53 1 5 1 5 65 13 1 5 0 1 63 222 1 5 1 15 59 43 0 1 0 2 50 63 1 5 0 2 52 223 1 5 1 25 61
6/8 12 1 5 0 0 62 33 0 1 1 5 56 63 1 5 1 5 55 13 1 5 0 1 69 222 1 5 1 15 55 73 0 1 0 2 62 34 0 1 0 2 68 33 0 1 1 25 66 223 0 1 1 25 64
6/8 62 1 5 0 0 68 33 0 1 1 5 70 63 1 5 1 5 69 13 1 5 0 1 54 62 1 5 1 15 53 33 0 1 0 2 68 63 1 5 0 2 63 13 1 5 1 25 69
6/8 62 1 5 0 0 66 33 0 1 1 5 69 63 1 5 1 5 51 13 1 5 0 1 52 62 1 5 1 15 50 33 0 1 0 2 51 63 1 5 0 2 65 13 1 5 1 25 70
6/8 62 1 5 0 0 62 33 0 1 1 5 69 63 1 5 1 5 60 13 1 5 0 1 51 33 1 5 1 15 61 73 0 1 0 2 67 34 1 5 0 2 70 54 1 5 1 25 53
6/8 43 1 5 0 0 69 63 0 1 1 5 64 13 1 5 1 5 52 44 1 5 0 1 59 12 1 5 1 15 59 33 0 1 0 2 68 53 1 5 0 2 59 13 1 5 1 25 58
6/8 222 1 5 0 0 64 43 0 1 1 5 63 63 1 5 1 5 57 223 1 5 0 1 50 12 1 5 1 15 62 33 0 1 0 2 64 63 1 5 0 2 51 13 1 5 1 25 70
6/8 72 1 5 0 0 67 43 0 1 1 5 60 73 1 5 1 5 53 223 1 5 0 1 64 33 1 5 1 15 70 53 0 1 0 2 69 73 1 5 0 2 65 34 1 5 1 25 59
6/8 62 1 5 0 0 58 33 0 1 1 5 63 63 1 5 1 5 53 13 1 5 0 1 52 33 1 5 1 15 56 73 0 1 0 2 60 34 1 5 0 2 60 54 1 5 1 25 62
6/8 43 1 5 0 0 58 63 0 1 1 5 53 13 1 5 1 5 57 44 1 5 0 1 54 12 1 5 1 15 69 33 0 1 0 2 50 53 1 5 0 2 68 73 1 5 1 25 69
6/8 222 1 5 0 0 55 43 0 1 1 5 63 63 1 5 1 5 56 223 1 5 0 1 68 12 1 5 1 15 63 33 0 1 0 2 59 63 0 1 0 2 56 63 0 1 1 25 65 13 0 1 1 25 57
6/8 72 1 5 0 0 69 43 0 1 1 5 55 73 0 1 1 5 51 53 0 1 0 1 61 34 0 1 0 1 61 62 1 5 1 15 64 33 0 1 0 2 58 63 1 5 0 2 62 13 1 5 1 25 64
6/8 62 1 5 0 0 68 33 0 1 1 5 58 63 1 5 1 5 60 13 1 5 0 1 68 62 1 5 1 15 69 33 0 1 0 2 63 63 1 5 0 2 66 13 1 5 1 25 57
6/8 33 1 5 0 0 55 73 0 1 1 5 59 34 1 5 1 5 54 54 1 5 0 1 62 43 1 5 1 15 61 63 0 1 0 2 66 13 1 5 0 2 51 44 1 5 1 25 62
6/8 12 1 5 0 0 57 33 0 1 1 5 67 53 1 5 1 5 66 13 1 5 0 1 66 43 1 5 1 15 62 63 0 1 0 2 63 44 0 1 0 2 51 43 1 5 1 25 57
6/8 222 1 5 0 0 58 63 0 1 1 5 63 223 0 1 1 5 62 222 1 5 0 1 57 72 1 5 1 15 54 222 0 1 0 2 51 43 0 1 0 2 55 72 1 5 1 25 62
6/8 33 1 5 0 0 61 53 0 1 1 5 51 73 1 5 1 5 63 34 1 5 0 1 63 62 1 5 1 15 69 33 0 1 0 2 59 63 1 5 0 2 66 13 1 5 1 25 60
6/8 33 1 5 0 0 65 73 0 1 1 5 62 54 0 1 1 5 67 34 0 1 0 1 58 74 0 1 0 1 69 43 1 5 1 15 52 63 0 1 0 2 60 13 1 5 0 2 51 44 1 5 1 25 56
6/8 12 1 5 0 0 56 53 0 1 1 5 64 34 0 1 1 5 70 13 0 1 0 1 56 54 0 1 0 1 52 222 1 5 1 15 68 43 0 1 0 2 53 63 1 5 0 2 63 223 1 5 1 25 61
6/8 12 1 5 0 0 53 33 0 1 1 5 59 63 1 5 1 5 58 13 1 5 0 1 59 222 1 5 1 15 62 73 0 1 0 2 50 34 0 1 0 2 56 33 0 1 1 25 67 223 0 1 1 25 60
6/8 62 1 5 0 0 52 33 0 1 1 5 58 63 1 5 1 5 63 13 1 5 0 1 62 62 1 5 1 15 53 33 0 1 0 2 54 63 1 5 0 2 68 13 1 5 1 25 66
6/8 72 1 5 0 0 58 43 0 1 1 5 53 73 1 5 1 5 69 23 1 5 0 1 66 72 1 5 1 15 50 43 0 1 0 2 70 73 1 5 0 2 63 23 1 5 1 25 59
6/8 43 1 5 0 0 63 13 0 1 1 5 64 44 1 5 1 5 60 614 1 5 0 1 61 53 1 5 1 15 67 73 0 1 0 2 69 23 1 5 0 2 63 54 1 5 1 25 61
6/8 22 1 5 0 0 57 43 0 1 1 5 54 613 1 5 1 5 51 23 1 5 0 1 65 33 1 5 1 15 67 53 0 1 0 2 67 73 1 5 0 2 70 34 1 5 1 25 64
6/8 22 1 5 0 0 61 43 0 1 1 5 56 73 1 5 1 5 61 23 1 5 0 1 68 12 1 5 1 15 70 53 0 1 0 2 57 13 1 5 0 2 62 34 1 5 1 25 52
6/8 43 1 5 0 0 63 613 0 1 1 5 68 13 1 5 1 5 66 44 1 5 0 1 64 72 1 5 1 15 64 43 0 1 0 2 69 73 1 5 0 2 62 23 1 5 1 25 65
6/8 43 1 5 0 0 63 13 0 1 1 5 58 44 1 5 1 5 50 614 1 5 0 1 58 53 1 5 1 15 55 73 0 1 0 2 57 23 1 5 0 2 60 54 1 5 1 25 58
6/8 22 1 5 0 0 51 43 0 1 1 5 60 613 1 5 1 5 56 23 1 5 0 1 53 33 1 5 1 15 58 53 0 1 0 2 63 73 1 5 0 2 57 34 1 5 1 25 50
6/8 22 1 15 0 0 68 43 0 1 1 5 66 23 0 1 1 5 67 33 1 5 1 15 57 53 0 1 0 2 52 73 1 5 0 2 57 34 1 5 1 25 55
6/8 22 1 15 0 0 63 43 0 1 1 5 62 23 0 1 1 5 61 33 1 5 1 15 63 53 0 1 0 2 52 73 1 5 0 2 68 34 1 5 1 25 54
6/8 22 1 5 0 0 55 43 0 1 1 5 60 73 1 5 1 5 58 23 1 5 0 1 66 12 1 5 1 15 68 43 0 1 0 2 53 613 0 1 0 2 53 613 0 1 1 25 55 44 0 1 1 25 53
6/8 72 1 5 0 0 54 43 0 1 1 5 64 73 1 5 1 5 66 23 1 5 0 1 59 72 1 5 1 15 55 43 0 1 0 2 62 73 1 5 0 2 53 23 1 5 1 25 64
6/8 72 1 5 0 0 65 43 0 1 1 5 57 73 1 5 1 5 52 23 1 5 0 1 60 23 0 1 1 15 66 44 0 1 1 15 68 23 0 1 0 2 51 74 0 1 0 2 51 44 0 1 1 25 59 74 0 1 1 25 55
6/8 72 1 5 0 0 51 43 0 1 1 5 53 73 1 5 1 5 65 23 1 5 0 1 52 43 1 5 1 15 52 13 0 1 0 2 51 44 1 5 0 2 69 614 1 5 1 25 53
6/8 53 1 5 0 0 64 73 0 1 1 5 53 23 1 5 1 5 50 54 1 5 0 1 66 22 1 5 1 15 68 43 0 1 0 2 62 613 1 5 0 2 65 23 1 5 1 25 55
6/8 53 1 5 0 0 57 23 0 1 1 5 52 54 0 1 1 5 68 53 1 5 0 1 63 33 1 5 1 15 51 73 0 1 0 2 67 34 0 1 0 2 58 33 1 5 1 25 65
6/8 12 1 5 0 0 69 33 0 1 1 5 65 53 0 1 1 5 65 12 1 5 0 1 50 43 1 5 1 15 57 613 0 1 0 2 63 13 1 5 0 2 54 44 1 5 1 25 55
6/8 72 1 5 0 0 62 43 0 1 1 5 65 73 1 5 1 5 51 23 1 5 0 1 62 43 1 5 1 15 60 13 0 1 0 2 56 44 1 5 0 2 59 614 1 5 1 25 51
6/8 53 1 5 0 0 58 73 0 1 1 5 70 23 1 5 1 5 51 54 1 5 0 1 68 22 1 5 1 15 62 43 0 1 0 2 57 613 1 5 0 2 56 23 1 5 1 25 58
6/8 33 1 5 0 0 68 53 0 1 1 5 65 73 1 5 1 5 56 34 1 5 0 1 55 22 1 5 1 15 64 43 0 1 0 2 57 73 1 5 0 2 60 23 1 5 1 25 60
6/8 33 1 5 0 0 70 13 0 1 1 5 67 44 0 1 1 5 50 43 0 1 0 1 57 34 0 1 0 1 70 72 1 5 1 15 63 43 0 1 0 2 70 73 1 5 0 2 50 23 1 5 1 25 55
6/8 72 1 5 0 0 55 43 0 1 1 5 50 73 1 5 1 5 58 23 1 5 0 1 56 72 1 5 1 15 63 43 0 1 0 2 54 73 0 1 0 2 60 73 0 1 1 25 68 23 0 1 1 25 70
6/8 23 0 1 0 0 66 44 0 1 0 0 50 44 0 1 1 5 69 74 0 1 1 5 58 44 0 1 0 1 70 24 0 1 0 1 51
6/8
6/8 64 2 25 1 25 65 74 2 25 2 275 69
6/8 14 2 25 0 0 65 64 2 25 2 25 60 35 2 75 1 5 70 14 2 25 2 125 75 74 1 5 1 15 77 35 1 5 0 2 66 74 1 5 1 25 63
6/8 64 2 25 0 0 60 44 2 25 2 25 74 14 2 75 1 5 73 64 2 25 2 125 63 54 0 1 1 15 80 64 2 25 1 25 62 54 2 25 2 275 68
6/8 44 1 5 0 0 76 54 1 5 1 5 64 64 2 25 0 1 65 74 2 25 2 125 66 34 1 5 1 15 73 64 1 5 0 2 73 74 2 25 1 25 73 14 2 25 2 275 71
6/8 224 1 5 0 0 71 224 2 25 1 5 62 14 2 25 2 75 72 74 2 25 0 1 67 64 2 25 2 125 79 74 2 75 1 15 69 64 2 25 1 25 78 74 2 25 2 275 73
6/8 14 2 25 0 0 69 64 2 25 2 25 62 35 2 75 1 5 70 14 2 25 2 125 74 74 1 5 1 15 62 35 1 5 0 2 62 74 1 5 1 25 73
6/8 64 2 25 0 0 80 44 2 25 2 25 60 44 1 5 1 5 60 54 2 25 0 1 68 64 2 25 2 125 64 34 0 1 1 15 60 34 2 25 2 275 66
6/8 44 1 5 0 0 78 54 1 5 1 5 67 64 2 25 0 1 67 74 2 25 2 125 70 34 1 5 1 15 76 64 1 5 0 2 66 74 2 25 1 25 68 14 2 25 2 275 64
6/8 224 2 25 0 0 71 224 2 25 1 5 76 14 2 25 2 75 67 74 2 25 0 1 76 64 2 25 2 125 80 64 1 15 1 15 71
6/8 14 2 25 0 1 67 224 2 25 2 125 61 35 1 5 1 15 76 35 1 5 0 2 77 35 1 5 1 25 75
6/8 35 1 5 0 0 63 35 2 25 1 5 63 45 2 25 2 75 61 35 2 25 0 1 75 224 2 25 2 125 64 14 1 5 1 15 65 14 1 5 0 2 67 14 1 5 1 25 72
6/8 14 1 5 0 0 74 14 2 25 1 5 77 224 2 25 2 75 68 14 2 25 0 1 72 74 2 25 2 125 78 64 2 25 1 15 72 64 2 25 0 2 76 64 2 25 1 25 60 54 2 25 2 275 64
6/8 44 1 5 0 0 72 54 1 5 1 5 63 54 2 25 0 1 74 64 2 25 2 125 76 74 2 25 1 15 61 74 2 25 0 2 64 14 2 25 2 225 78 74 2 25 1 25 79 14 2 25 2 275 64
6/8 74 2 75 0 0 60 14 2 25 0 1 66 224 2 25 2 125 78 35 1 5 1 15 61 35 1 5 0 2 69 35 1 5 1 25 61
6/8 35 1 5 0 0 74 35 2 25 1 5 70 45 2 25 2 75 75 35 2 25 0 1 64 224 2 25 2 125 65 14 1 5 1 15 61 14 1 5 0 2 69 14 1 5 1 25 76
6/8 14 2 25 0 0 61 224 2 25 2 25 66 14 2 25 1 5 75 74 2 25 2 75 79 64 2 25 0 1 80 54 2 25 2 125 67 44 2 25 2 175 75 44 2 25 0 2 66 54 2 25 2 225 71 64 2 25 1 25 67 74 2 25 2 275 80
6/8 34 1 5 0 0 73 64 1 5 1 5 73 74 2 25 0 1 64 14 2 25 2 125 68 74 2 75 1 15 65 74 2 25 2 225 74 74 2 25 1 25 64 64 2 25 2 275 76
6/8 64 2 75 0 0 78
6/8 65 2 25 0 1 63 75 2 25 2 125 70 15 2 25 1 15 77 65 2 25 2 175 73 36 2 75 0 2 62 15 2 25 2 275 68
6/8 75 1 5 0 0 73 36 1 5 1 5 72 75 1 5 0 1 65 65 2 25 1 15 64 45 2 25 2 175 67 15 2 75 0 2 67 65 2 25 2 275 62
6/8 55 0 1 0 0 79 65 2 25 0 1 71 55 2 25 2 125 72 45 1 5 1 15 77 55 1 5 0 2 61 65 2 25 1 25 60 75 2 25 2 275 63
6/8 35 1 5 0 0 74 65 1 5 1 5 80 75 2 25 0 1 79 15 2 25 2 125 67 225 1 5 1 15 77 225 2 25 0 2 72 15 2 25 2 225 79 75 2 25 1 25 73 65 2 25 2 275 61
6/8 75 2 75 0 0 78 65 2 25 0 1 68 75 2 25 2 125 64 15 2 25 1 15 74 65 2 25 2 175 66 36 2 75 0 2 80 15 2 25 2 275 72
6/8 75 1 5 0 0 64 36 1 5 1 5 69 75 1 5 0 1 65 65 2 25 1 15 67 45 2 25 2 175 71 45 1 5 0 2 67 55 2 25 1 25 66 65 2 25 2 275 77
6/8 35 2 75 0 0 76 35 1 5 0 1 75 45 1 5 1 15 71 55 1 5 0 2 75 65 2 25 1 25 67 75 2 25 2 275 77
6/8 35 1 5 0 0 64 65 1 5 1 5 61 75 2 25 0 1 76 15 2 25 2 125 66 225 2 25 1 15 79 225 2 25 0 2 80 15 2 25 2 225 71 75 2 25 1 25 75 65 2 25 2 275 64
6/8 65 1 15 0 0 68
6/8 15 2 25 0 1 68 225 2 25 2 125 74 36 1 5 1 15 67 36 1 5 0 2 68 36 1 5 1 25 67
6/8 36 1 5 0 0 60 36 2 25 1 5 64 46 2 25 2 75 62 36 2 25 0 1 63 225 2 25 2 125 70 15 1 5 1 15 60 15 1 5 0 2 77 15 1 5 1 25 65
6/8 15 1 5 0 0 76 15 2 25 1 5 79 225 2 25 2 75 79 15 2 25 0 1 60 75 2 25 2 125 70 65 2 25 1 15 68 65 2 25 0 2 80 65 2 25 1 25 64 55 2 25 2 275 62
6/8 45 1 5 0 0 70 55 1 5 1 5 73 55 2 25 0 1 67 65 2 25 2 125 67 75 2 25 1 15 77 75 2 25 0 2 70 15 2 25 2 225 63 75 2 25 1 25 71 15 2 25 2 275 63
6/8 75 2 75 0 0 64 15 2 25 0 1 70 225 2 25 2 125 63 36 1 5 1 15 78 36 1 5 0 2 70 36 1 5 1 25 66
6/8 36 1 5 0 0 70 36 2 25 1 5 79 46 2 25 2 75 69 36 2 25 0 1 71 225 2 25 2 125 76 15 1 5 1 15 70 15 1 5 0 2 67 15 1 5 1 25 66
6/8 15 2 25 0 0 80 225 2 25 2 25 68 15 2 25 1 5 75 75 2 25 2 75 74 65 2 25 0 1 74 55 2 25 2 125 77 45 2 25 0 2 63 55 2 25 2 225 72 65 2 25 1 25 62 75 2 25 2 275 76
6/8 35 1 5 0 0 76 65 1 5 1 5 74 75 2 25 0 1 80 15 2 25 2 125 68 75 2 75 1 15 64 75 2 25 2 225 74 75 2 25 1 25 74 65 2 25 2 275 80
6/8 65 0 3 0 0 75
6/8 64 2 25 1 25 77 74 2 25 2 275 70
6/8 14 2 25 0 0 70 64 2 25 2 25 67 35 2 75 1 5 68 14 2 25 2 125 68 74 1 5 1 15 72 35 1 5 0 2 80 74 1 5 1 25 78
6/8 64 2 25 0 0 67 44 2 25 2 25 74 14 2 75 1 5 68 64 2 25 2 125 74 54 0 1 1 15 69 64 2 25 1 25 61 54 2 25 2 275 67
6/8 44 1 5 0 0 70 54 1 5 1 5 76 64 2 25 0 1 65 74 2 25 2 125 80 34 1 5 1 15 79 64 1 5 0 2 71 74 2 25 1 25 68 14 2 25 2 275 64
6/8 224 1 5 0 0 66 224 2 25 1 5 76 14 2 25 2 75 75 74 2 25 0 1 68 64 2 25 2 125 70 74 2 75 1 15 60 64 2 25 1 25 67 74 2 25 2 275 76
6/8 14 2 25 0 0 65 64 2 25 2 25 77 35 2 75 1 5 61 14 2 25 2 125 60 74 1 5 1 15 67 35 1 5 0 2 80 74 1 5 1 25 75
6/8 64 2 25 0 0 63 44 2 25 2 25 63 44 1 5 1 5 69 54 2 25 0 1 79 64 2 25 2 125 79 34 0 1 1 15 64 34 1 5 1 25 71
6/8 44 1 5 0 0 69 54 1 5 1 5 76 64 2 25 0 1 76 74 2 25 2 125 79 34 1 5 1 15 66 64 1 5 0 2 79 74 2 25 1 25 80 14 2 25 2 275 73
6/8 224 2 25 0 0 66 224 2 25 1 5 71 14 2 25 2 75 77 74 2 25 0 1 76 64 2 25 2 125 70 64 1 15 1 15 69
6/8 14 2 25 0 1 71 224 2 25 2 125 78 35 1 5 1 15 73 35 1 5 0 2 67 35 1 5 1 25 65
6/8 35 1 5 0 0 66 35 2 25 1 5 69 45 2 25 2 75 71 35 2 25 0 1 60 224 2 25 2 125 64 14 1 5 1 15 73 14 1 5 0 2 74 14 1 5 1 25 75
6/8 14 1 5 0 0 64 14 2 25 1 5 77 224 2 25 2 75 80 14 2 25 0 1 76 74 2 25 2 125 71 64 1 5 1 15 62 14 0 1 0 2 76 65 0 1 0 2 79 64 2 25 2 225 62 45 0 1 1 25 68 65 0 1 1 25 79 35 0 1 2 275 80 55 0 1 2 275 60
6/8 44 0 1 0 0 61 224 0 1 0 0 64 45 0 1 0 0 65 54 0 1 1 5 60 55 0 1 1 5 63 54 0 1 0 1 68 55 0 1 0 1 71 64 0 1 2 125 79 65 0 1 2 125 76 74 0 1 1 15 67 224 0 1 1 15 65 75 0 1 1 15 80 74 0 1 0 2 70 224 0 1 0 2 77 75 0 1 0 2 63 14 0 1 2 225 69 224 0 1 2 225 69 15 0 1 2 225 75 74 0 1 1 25 65 224 0 1 1 25 67 525 0 1 1 25 69 75 0 1 1 25 72 14 0 1 2 275 63 224 0 1 2 275 60 15 0 1 2 275 70
6/8 74 0 1 0 0 62 224 0 1 0 0 74 55 0 1 0 0 75 75 0 1 0 0 68 15 2 25 0 1 79 225 2 25 2 125 75 36 1 5 1 15 70 36 1 5 0 2 60 36 1 5 1 25 75
6/8 36 1 5 0 0 73 36 2 25 1 5 77 46 2 25 2 75 72 36 2 25 0 1 70 225 2 25 2 125 78 15 1 5 1 15 64 15 1 5 0 2 72 15 1 5 1 25 77
6/8 15 2 25 0 0 69 225 2 25 2 25 62 15 2 25 1 5 67 75 2 25 2 75 80 65 2 25 0 1 74 55 2 25 2 125 73 45 1 5 1 15 62 45 2 25 0 2 74 55 2 25 2 225 78 65 2 25 1 25 73 75 2 25 2 275 76
6/8 35 1 5 0 0 70 65 1 5 1 5 70 75 2 25 0 1 72 15 2 25 2 125 71 75 2 75 1 15 63 75 2 25 2 225 66 75 2 25 1 25 71 65 2 25 2 275 79
6/8 35 0 1 0 0 79 65 0 1 0 0 65
6/8 74 2 25 0 1 64 14 2 25 2 125 70 24 2 25 1 15 79 74 2 25 2 175 77 45 2 75 0 2 69 24 2 25 2 275 67
6/8 14 1 5 0 0 67 45 1 5 1 5 66 14 1 5 0 1 77 74 2 25 1 15 75 54 2 25 2 175 70 24 2 75 0 2 62 74 2 25 2 275 80
6/8 614 0 1 0 0 75 74 2 25 0 1 71 614 2 25 2 125 77 54 1 5 1 15 66 614 1 5 0 2 80 74 2 25 1 25 64 14 2 25 2 275 66
6/8 44 1 5 0 0 71 74 1 5 1 5 67 14 2 25 0 1 63 24 2 25 2 125 68 35 1 5 1 15 61 35 2 25 0 2 76 24 2 25 2 225 64 14 2 25 1 25 68 74 2 25 2 275 76
6/8 14 0 1 0 0 62 74 2 25 0 1 62 14 2 25 2 125 72 24 2 25 1 15 77 74 2 25 2 175 63 45 2 75 0 2 60 24 2 25 2 275 74
6/8 14 1 5 0 0 66 45 1 5 1 5 68 14 1 5 0 1 71 74 2 25 1 15 72 54 2 25 2 175 80 54 1 5 0 2 72 614 2 25 1 25 72 74 2 25 2 275 72
6/8 44 0 1 0 0 76 44 1 5 0 1 67 54 1 5 1 15 74 614 1 5 0 2 75 74 2 25 1 25 64 14 2 25 2 275 77
6/8 44 1 5 0 0 66 74 2 75 1 5 70 614 2 25 2 125 64 54 1 5 1 15 62 614 1 5 0 2 72 74 2 25 1 25 71 14 2 25 2 275 66
6/8 44 0 1 0 0 66 74 2 25 0 1 74 614 2 25 2 125 80 54 1 5 1 15 76 614 1 5 0 2 65 74 2 25 1 25 72 14 2 25 2 275 78
6/8 44 1 5 0 0 68 74 1 5 1 5 63 14 2 25 0 1 77 24 2 25 2 125 64 35 1 5 1 15 70 35 2 25 0 2 63 24 2 25 2 225 75 14 2 25 1 25 61 74 2 25 2 275 80
6/8 74 0 3 0 0 61
6/8 24 0 1 1 25 65 25 0 1 1 25 62 35 0 1 2 275 60 36 0 1 2 275 65
6/8 45 0 1 0 0 62 46 0 1 0 0 65 45 0 1 1 5 79 46 0 1 1 5 76 45 0 1 0 1 69 46 0 1 0 1 78 45 0 1 1 15 79 46 0 1 1 15 61 45 0 1 0 2 63 46 0 1 0 2 78 55 0 1 2 225 67 56 0 1 2 225 60 45 0 1 1 25 64 46 0 1 1 25 60 35 0 1 2 275 68 36 0 1 2 275 67
6/8 24 0 1 0 0 77 25 0 1 0 0 73 24 0 1 1 5 79 25 0 1 1 5 77 24 0 1 0 1 61 25 0 1 0 1 64 24 0 1 1 15 68 25 0 1 1 15 60 24 0 1 0 2 61 25 0 1 0 2 80 35 0 1 2 225 77 36 0 1 2 225 72 24 0 1 1 25 69 25 0 1 1 25 64 14 0 1 2 275 65 15 0 1 2 275 67
6/8 74 0 1 0 0 61 75 0 1 0 0 77 74 0 1 1 5 73 75 0 1 1 5 64 74 0 1 0 1 62 75 0 1 0 1 75 614 0 1 2 125 66 615 0 1 2 125 64 54 0 1 1 15 71 55 0 1 1 15 70 614 0 1 0 2 77 615 0 1 0 2 72 614 0 1 1 25 63 615 0 1 1 25 77 74 0 1 2 275 73 75 0 1 2 275 64
6/8 14 0 1 0 0 77 35 0 1 0 0 71 15 0 1 0 0 66 14 0 1 1 5 74 35 0 1 1 5 79 15 0 1 1 5 66 24 0 1 2 75 80 35 0 1 2 75 68 25 0 1 2 75 63 14 0 1 0 1 80 35 0 1 0 1 76 65 0 1 0 1 71 15 0 1 0 1 67 24 0 1 2 125 66 35 0 1 2 125 73 25 0 1 2 125 72 14 0 1 1 15 74 35 0 1 1 15 69 615 0 1 1 15 64 15 0 1 1 15 66 24 0 1 1 25 69 25 0 1 1 25 62 35 0 1 2 275 65 36 0 1 2 275 65
6/8 45 0 1 0 0 79 46 0 1 0 0 78 45 0 1 1 5 60 46 0 1 1 5 75 45 0 1 0 1 69 46 0 1 0 1 61 45 0 1 1 15 72 46 0 1 1 15 65 45 0 1 0 2 64 46 0 1 0 2 71 55 0 1 2 225 74 56 0 1 2 225 73 45 0 1 1 25 60 46 0 1 1 25 63 35 0 1 2 275 76 36 0 1 2 275 61
6/8 24 0 1 0 0 74 25 0 1 0 0 78 24 0 1 1 5 77 25 0 1 1 5 68 24 0 1 0 1 79 25 0 1 0 1 62 24 0 1 1 15 71 25 0 1 1 15 79 35 0 1 2 175 64 36 0 1 2 175 60 24 0 1 0 2 61 25 0 1 0 2 72 14 0 1 2 225 61 15 0 1 2 225 60 74 0 1 1 25 70 75 0 1 1 25 61 614 0 1 2 275 63 615 0 1 2 275 61
6/8 54 0 1 1 5 74 55 0 1 1 5 68 614 0 1 2 75 74 615 0 1 2 75 66 74 0 1 0 1 63 75 0 1 0 1 70 14 0 1 2 125 75 15 0 1 2 125 74 44 0 1 1 15 66 74 0 1 1 15 75 45 0 1 1 15 76 74 0 1 0 2 77 75 0 1 0 2 78 14 0 1 1 25 71 15 0 1 1 25 62 24 0 1 2 275 80 25 0 1 2 275 73
6/8 14 0 1 0 0 72 15 0 1 0 0 64 14 0 1 2 75 62 15 0 1 2 75 63 14 0 1 0 1 73 15 0 1 0 1 73 74 0 1 2 125 62 75 0 1 2 125 80 74 0 1 1 15 70 24 0 1 1 15 66 45 0 1 1 15 61 75 0 1 1 15 79
6/8 74 0 1 0 0 77 24 0 1 0 0 57 45 0 1 0 0 64 75 0 1 0 0 68
6/8 74 0 1 1 15 61 24 0 1 1 15 58 45 0 1 1 15 72 75 0 1 1 15 55
6/8
6/8 64 2 25 1 25 67 74 2 25 2 275 67
6/8 14 2 25 0 0 70 64 2 25 2 25 62 35 2 75 1 5 63 14 2 25 2 125 69 74 1 5 1 15 77 35 1 5 0 2 72 74 1 5 1 25 66
6/8 64 2 25 0 0 70 44 2 25 2 25 64 14 2 75 1 5 79 64 2 25 2 125 60 54 0 1 1 15 61 64 2 25 1 25 77 54 2 25 2 275 78
6/8 44 1 5 0 0 64 54 1 5 1 5 63 64 2 25 0 1 65 74 2 25 2 125 80 34 1 5 1 15 72 64 1 5 0 2 71 74 2 25 1 25 75 14 2 25 2 275 64
6/8 224 1 5 0 0 72 224 2 25 1 5 62 14 2 25 2 75 75 74 2 25 0 1 66 64 2 25 2 125 77 74 2 75 1 15 65 64 2 25 1 25 66 74 2 25 2 275 62
6/8 14 2 25 0 0 79 64 2 25 2 25 61 35 2 75 1 5 66 14 2 25 2 125 68 74 1 5 1 15 71 35 1 5 0 2 65 74 1 5 1 25 80
6/8 64 2 25 0 0 75 44 2 25 2 25 79 44 1 5 1 5 80 54 2 25 0 1 74 64 2 25 2 125 66 34 0 1 1 15 72 34 2 25 2 275 71
6/8 44 1 5 0 0 62 54 1 5 1 5 79 64 2 25 0 1 76 74 2 25 2 125 68 34 1 5 1 15 79 64 1 5 0 2 79 74 2 25 1 25 63 14 2 25 2 275 68
6/8 224 2 25 0 0 66 224 2 25 1 5 65 14 2 25 2 75 68 74 2 25 0 1 63 64 2 25 2 125 73 64 1 15 1 15 61
6/8 14 2 25 0 1 75 224 2 25 2 125 75 35 1 5 1 15 79 35 1 5 0 2 68 35 1 5 1 25 64
6/8 35 1 5 0 0 62 35 2 25 1 5 64 45 2 25 2 75 71 35 2 25 0 1 77 224 2 25 2 125 70 14 1 5 1 15 62 14 1 5 0 2 62 14 1 5 1 25 66
6/8 14 1 5 0 0 68 14 2 25 1 5 64 224 2 25 2 75 73 14 2 25 0 1 80 74 2 25 2 125 67 64 2 25 1 15 74 64 2 25 0 2 72 64 2 25 1 25 65 54 2 25 2 275 73
6/8 44 1 5 0 0 71 54 1 5 1 5 79 54 2 25 0 1 61 64 2 25 2 125 77 74 2 25 1 15 80 74 2 25 0 2 70 14 2 25 2 225 76 74 2 25 1 25 77 14 2 25 2 275 70
6/8 74 2 75 0 0 70 14 2 25 0 1 76 224 2 25 2 125 77 35 1 5 1 15 65 35 1 5 0 2 61 35 1 5 1 25 62
6/8 35 1 5 0 0 65 35 2 25 1 5 63 45 2 25 2 75 75 35 2 25 0 1 73 224 2 25 2 125 66 14 1 5 1 15 77 14 1 5 0 2 67 14 1 5 1 25 74
6/8 14 2 25 0 0 70 224 2 25 2 25 75 14 2 25 1 5 68 74 2 25 2 75 61 64 2 25 0 1 70 54 2 25 2 125 60 44 2 25 2 175 71 44 2 25 0 2 62 54 2 25 2 225 64 64 2 25 1 25 80 74 2 25 2 275 63
6/8 34 1 5 0 0 77 64 1 5 1 5 60 74 2 25 0 1 74 14 2 25 2 125 75 74 2 75 1 15 65 74 2 25 2 225 71 74 2 25 1 25 70 64 2 25 2 275 77
6/8 64 2 75 0 0 75
6/8 65 2 25 0 1 70 75 2 25 2 125 80 15 2 25 1 15 67 65 2 25 2 175 63 36 2 75 0 2 75 15 2 25 2 275 76
6/8 75 1 5 0 0 73 36 1 5 1 5 71 75 1 5 0 1 73 65 2 25 1 15 73 45 2 25 2 175 61 15 2 75 0 2 75 65 2 25 2 275 65
6/8 55 0 1 0 0 73 65 2 25 0 1 79 55 2 25 2 125 68 45 1 5 1 15 77 55 1 5 0 2 78 65 2 25 1 25 62 75 2 25 2 275 79
6/8 35 1 5 0 0 72 65 1 5 1 5 63 75 2 25 0 1 72 15 2 25 2 125 65 225 1 5 1 15 66 225 2 25 0 2 72 15 2 25 2 225 73 75 2 25 1 25 68 65 2 25 2 275 74
6/8 75 2 75 0 0 64 65 2 25 0 1 60 75 2 25 2 125 77 15 2 25 1 15 69 65 2 25 2 175 66 36 2 75 0 2 70 15 2 25 2 275 75
6/8 75 1 5 0 0 80 36 1 5 1 5 70 75 1 5 0 1 75 65 2 25 1 15 71 45 2 25 2 175 63 45 1 5 0 2 74 55 2 25 1 25 67 65 2 25 2 275 63
6/8 35 2 75 0 0 67 35 1 5 0 1 65 45 1 5 1 15 73 55 1 5 0 2 72 65 2 25 1 25 63 75 2 25 2 275 70
6/8 35 1 5 0 0 70 65 1 5 1 5 79 75 2 25 0 1 63 15 2 25 2 125 68 225 2 25 1 15 61 225 2 25 0 2 68 15 2 25 2 225 78 75 2 25 1 25 64 65 2 25 2 275 73
6/8 65 1 15 0 0 65
6/8 15 2 25 0 1 78 225 2 25 2 125 61 36 1 5 1 15 75 36 1 5 0 2 77 36 1 5 1 25 71
6/8 36 1 5 0 0 60 36 2 25 1 5 68 46 2 25 2 75 62 36 2 25 0 1 66 225 2 25 2 125 60 15 1 5 1 15 67 15 1 5 0 2 79 15 1 5 1 25 67
6/8 15 1 5 0 0 74 15 2 25 1 5 70 225 2 25 2 75 80 15 2 25 0 1 74 75 2 25 2 125 70 65 2 25 1 15 68 65 2 25 0 2 78 65 2 25 1 25 75 55 2 25 2 275 71
6/8 45 1 5 0 0 62 55 1 5 1 5 79 55 2 25 0 1 62 65 2 25 2 125 67 75 2 25 1 15 66 75 2 25 0 2 67 15 2 25 2 225 74 75 2 25 1 25 67 15 2 25 2 275 61
6/8 75 2 75 0 0 72 15 2 25 0 1 68 225 2 25 2 125 72 36 1 5 1 15 66 36 1 5 0 2 79 36 1 5 1 25 64
6/8 36 1 5 0 0 65 36 2 25 1 5 70 46 2 25 2 75 79 36 2 25 0 1 70 225 2 25 2 125 64 15 1 5 1 15 69 15 1 5 0 2 62 15 1 5 1 25 72
6/8 15 2 25 0 0 74 225 2 25 2 25 78 15 2 25 1 5 69 75 2 25 2 75 77 65 2 25 0 1 76 55 2 25 2 125 77 45 2 25 0 2 60 55 2 25 2 225 66 65 2 25 1 25 74 75 2 25 2 275 68
6/8 35 1 5 0 0 70 65 1 5 1 5 79 75 2 25 0 1 80 15 2 25 2 125 80 75 2 75 1 15 76 75 2 25 2 225 60 75 2 25 1 25 61 65 2 25 2 275 68
6/8 65 0 3 0 0 61
6/8 64 2 25 1 25 67 74 2 25 2 275 62
6/8 14 2 25 0 0 77 64 2 25 2 25 66 35 2 75 1 5 66 14 2 25 2 125 77 74 1 5 1 15 79 35 1 5 0 2 60 74 1 5 1 25 78
6/8 64 2 25 0 0 68 44 2 25 2 25 76 14 2 75 1 5 72 64 2 25 2 125 76 54 0 1 1 15 65 64 2 25 1 25 76 54 2 25 2 275 78
6/8 44 1 5 0 0 74 54 1 5 1 5 80 64 2 25 0 1 62 74 2 25 2 125 79 34 1 5 1 15 79 64 1 5 0 2 61 74 2 25 1 25 68 14 2 25 2 275 60
6/8 224 1 5 0 0 78 224 2 25 1 5 79 14 2 25 2 75 64 74 2 25 0 1 76 64 2 25 2 125 75 74 2 75 1 15 69 64 2 25 1 25 65 74 2 25 2 275 62
6/8 14 2 25 0 0 60 64 2 25 2 25 73 35 2 75 1 5 63 14 2 25 2 125 64 74 1 5 1 15 63 35 1 5 0 2 63 74 1 5 1 25 71
6/8 64 2 25 0 0 79 44 2 25 2 25 67 44 1 5 1 5 69 54 2 25 0 1 76 64 2 25 2 125 63 34 0 1 1 15 63 34 1 5 1 25 75
6/8 44 1 5 0 0 73 54 1 5 1 5 64 64 2 25 0 1 80 74 2 25 2 125 70 34 1 5 1 15 67 64 1 5 0 2 78 74 2 25 1 25 68 14 2 25 2 275 65
6/8 224 2 25 0 0 63 224 2 25 1 5 62 14 2 25 2 75 65 74 2 25 0 1 65 64 2 25 2 125 64 64 1 15 1 15 63
6/8 14 2 25 0 1 77 224 2 25 2 125 65 35 1 5 1 15 74 35 1 5 0 2 68 35 1 5 1 25 65
6/8 35 1 5 0 0 66 35 2 25 1 5 73 45 2 25 2 75 73 35 2 25 0 1 62 224 2 25 2 125 61 14 1 5 1 15 65 14 1 5 0 2 60 14 1 5 1 25 74
6/8 14 1 5 0 0 79 14 2 25 1 5 80 224 2 25 2 75 72 14 2 25 0 1 73 74 2 25 2 125 78 64 1 5 1 15 60 14 0 1 0 2 65 65 0 1 0 2 60 64 2 25 2 225 67 45 0 1 1 25 70 65 0 1 1 25 79 35 0 1 2 275 77 55 0 1 2 275 75
6/8 44 0 1 0 0 74 224 0 1 0 0 78 45 0 1 0 0 74 54 0 1 1 5 70 55 0 1 1 5 75 54 0 1 0 1 62 55 0 1 0 1 78 64 0 1 2 125 60 65 0 1 2 125 75 74 0 1 1 15 74 224 0 1 1 15 78 75 0 1 1 15 61 74 0 1 0 2 69 224 0 1 0 2 60 75 0 1 0 2 63 14 0 1 2 225 77 224 0 1 2 225 77 15 0 1 2 225 68 74 0 1 1 25 72 224 0 1 1 25 74 525 0 1 1 25 73 75 0 1 1 25 74 14 0 1 2 275 64 224 0 1 2 275 69 15 0 1 2 275 63
6/8 74 0 1 0 0 64 224 0 1 0 0 68 55 0 1 0 0 75 75 0 1 0 0 79 15 2 25 0 1 75 225 2 25 2 125 75 36 1 5 1 15 70 36 1 5 0 2 76 36 1 5 1 25 80
6/8 36 1 5 0 0 70 36 2 25 1 5 80 46 2 25 2 75 65 36 2 25 0 1 74 225 2 25 2 125 75 15 1 5 1 15 62 15 1 5 0 2 80 15 1 5 1 25 75
6/8 15 2 25 0 0 74 225 2 25 2 25 73 15 2 25 1 5 78 75 2 25 2 75 61 65 2 25 0 1 75 55 2 25 2 125 69 45 1 5 1 15 69 45 2 25 0 2 77 55 2 25 2 225 68 65 2 25 1 25 78 75 2 25 2 275 76
6/8 35 1 5 0 0 75 65 1 5 1 5 80 75 2 25 0 1 64 15 2 25 2 125 76 75 2 75 1 15 64 75 2 25 2 225 78 75 2 25 1 25 76 65 2 25 2 275 69
6/8 35 0 1 0 0 64 65 0 1 0 0 67
6/8 74 2 25 0 1 74 14 2 25 2 125 79 24 2 25 1 15 72 74 2 25 2 175 71 45 2 75 0 2 75 24 2 25 2 275 74
6/8 14 1 5 0 0 71 45 1 5 1 5 63 14 1 5 0 1 76 74 2 25 1 15 62 54 2 25 2 175 63 24 2 75 0 2 69 74 2 25 2 275 80
6/8 614 0 1 0 0 65 74 2 25 0 1 73 614 2 25 2 125 63 54 1 5 1 15 78 614 1 5 0 2 65 74 2 25 1 25 68 14 2 25 2 275 64
6/8 44 1 5 0 0 64 74 1 5 1 5 62 14 2 25 0 1 67 24 2 25 2 125 78 35 1 5 1 15 64 35 2 25 0 2 68 24 2 25 2 225 78 14 2 25 1 25 68 74 2 25 2 275 69
6/8 14 0 1 0 0 63 74 2 25 0 1 70 14 2 25 2 125 72 24 2 25 1 15 77 74 2 25 2 175 77 45 2 75 0 2 75 24 2 25 2 275 64
6/8 14 1 5 0 0 61 45 1 5 1 5 66 14 1 5 0 1 67 74 2 25 1 15 71 54 2 25 2 175 74 54 1 5 0 2 61 614 2 25 1 25 80 74 2 25 2 275 61
6/8 44 0 1 0 0 73 44 1 5 0 1 72 54 1 5 1 15 61 614 1 5 0 2 65 74 2 25 1 25 77 14 2 25 2 275 80
6/8 44 1 5 0 0 72 74 2 75 1 5 60 614 2 25 2 125 60 54 1 5 1 15 64 614 1 5 0 2 61 74 2 25 1 25 67 14 2 25 2 275 76
6/8 44 0 1 0 0 71 74 2 25 0 1 60 614 2 25 2 125 64 54 1 5 1 15 65 614 1 5 0 2 63 74 2 25 1 25 76 14 2 25 2 275 80
6/8 44 1 5 0 0 73 74 1 5 1 5 66 14 2 25 0 1 65 24 2 25 2 125 78 35 1 5 1 15 76 35 2 25 0 2 70 24 2 25 2 225 71 14 2 25 1 25 69 74 2 25 2 275 74
6/8 74 0 3 0 0 66
6/8 24 0 1 1 25 63 25 0 1 1 25 65 35 0 1 2 275 75 36 0 1 2 275 74
6/8 45 0 1 0 0 61 46 0 1 0 0 67 45 0 1 1 5 77 46 0 1 1 5 78 45 0 1 0 1 62 46 0 1 0 1 72 45 0 1 1 15 67 46 0 1 1 15 65 45 0 1 0 2 67 46 0 1 0 2 65 55 0 1 2 225 80 56 0 1 2 225 74 45 0 1 1 25 66 46 0 1 1 25 72 35 0 1 2 275 75 36 0 1 2 275 77
6/8 24 0 1 0 0 77 25 0 1 0 0 66 24 0 1 1 5 78 25 0 1 1 5 80 24 0 1 0 1 68 25 0 1 0 1 80 24 0 1 1 15 79 25 0 1 1 15 71 24 0 1 0 2 72 25 0 1 0 2 72 35 0 1 2 225 76 36 0 1 2 225 63 24 0 1 1 25 77 25 0 1 1 25 74 14 0 1 2 275 61 15 0 1 2 275 66
6/8 74 0 1 0 0 79 75 0 1 0 0 64 74 0 1 1 5 75 75 0 1 1 5 64 74 0 1 0 1 78 75 0 1 0 1 61 614 0 1 2 125 77 615 0 1 2 125 62 54 0 1 1 15 62 55 0 1 1 15 62 614 0 1 0 2 65 615 0 1 0 2 72 614 0 1 1 25 77 615 0 1 1 25 75 74 0 1 2 275 79 75 0 1 2 275 65
6/8 14 0 1 0 0 68 35 0 1 0 0 70 15 0 1 0 0 71 14 0 1 1 5 66 35 0 1 1 5 64 15 0 1 1 5 73 24 0 1 2 75 71 35 0 1 2 75 64 25 0 1 2 75 76 14 0 1 0 1 73 35 0 1 0 1 75 65 0 1 0 1 65 15 0 1 0 1 72 24 0 1 2 125 66 35 0 1 2 125 63 25 0 1 2 125 76 14 0 1 1 15 64 35 0 1 1 15 74 615 0 1 1 15 68 15 0 1 1 15 78 24 0 1 1 25 71 25 0 1 1 25 72 35 0 1 2 275 62 36 0 1 2 275 64
6/8 45 0 1 0 0 69 46 0 1 0 0 69 45 0 1 1 5 80 46 0 1 1 5 73 45 0 1 0 1 78 46 0 1 0 1 60 45 0 1 1 15 75 46 0 1 1 15 69 45 0 1 0 2 71 46 0 1 0 2 61 55 0 1 2 225 78 56 0 1 2 225 70 45 0 1 1 25 71 46 0 1 1 25 68 35 0 1 2 275 72 36 0 1 2 275 72
6/8 24 0 1 0 0 78 25 0 1 0 0 78 24 0 1 1 5 66 25 0 1 1 5 73 24 0 1 0 1 77 25 0 1 0 1 77 24 0 1 1 15 73 25 0 1 1 15 80 35 0 1 2 175 79 36 0 1 2 175 67 24 0 1 0 2 62 25 0 1 0 2 72 14 0 1 2 225 79 15 0 1 2 225 67 74 0 1 1 25 80 75 0 1 1 25 76 614 0 1 2 275 77 615 0 1 2 275 64
6/8 54 0 1 1 5 69 55 0 1 1 5 74 614 0 1 2 75 60 615 0 1 2 75 71 74 0 1 0 1 64 75 0 1 0 1 76 14 0 1 2 125 72 15 0 1 2 125 75 44 0 1 1 15 71 74 0 1 1 15 65 45 0 1 1 15 69 74 0 1 0 2 61 75 0 1 0 2 65 14 0 1 1 25 78 15 0 1 1 25 80 24 0 1 2 275 78 25 0 1 2 275 62
6/8 14 0 1 0 0 69 15 0 1 0 0 65 14 0 1 2 75 77 15 0 1 2 75 77 14 0 1 0 1 78 15 0 1 0 1 68 74 0 1 2 125 79 75 0 1 2 125 60 74 0 1 1 15 73 24 0 1 1 15 65 45 0 1 1 15 72 75 0 1 1 15 76
6/8 74 0 1 0 0 77 24 0 1 0 0 71 45 0 1 0 0 62 75 0 1 0 0 70
6/8 74 0 1 1 15 63 24 0 1 1 15 57 45 0 1 1 15 74 75 0 1 1 15 54
6/8
6/8
6/8
6/8
6/8
6/8
6/8
6/8
6/8
6/8
6/8
6/8
6/8
6/8
6/8
6/8
6/8
6/8
6/8
6/8 14 1 15 1 15 39
6/8 74 1 15 0 0 44 64 1 15 1 15 50
6/8 54 1 15 0 0 38 44 1 15 1 15 43
6/8 34 0 1 0 0 40 74 2 25 0 1 48 14 2 25 2 125 42 224 1 5 1 15 31 35 1 5 0 2 33 45 1 5 1 25 38
6/8 35 0 1 0 0 47 14 1 15 1 15 48
6/8 74 1 15 0 0 45 64 1 5 1 15 46 74 1 5 0 2 32 64 1 5 1 25 30
6/8 54 0 1 0 0 39 14 1 5 0 1 46 224 0 1 1 15 39 224 1 5 1 25 34
6/8 14 0 1 0 0 46 14 1 5 0 1 44 224 1 5 1 15 46 45 1 5 0 2 33 224 1 5 1 25 32
6/8 14 1 15 0 0 31
6/8 35 1 5 0 1 50 65 1 5 1 15 37 65 1 5 0 2 40 65 1 5 1 25 32
6/8 55 0 1 0 0 40 45 1 5 1 15 36 45 1 5 0 2 38 45 1 5 1 25 48
6/8 35 0 1 0 0 37 14 0 1 1 15 37 14 1 5 1 25 31
6/8 64 0 1 0 0 32 74 1 5 0 1 32 224 0 1 1 15 46 224 1 5 1 25 42
6/8 35 0 1 0 0 39 55 1 5 0 1 46 35 0 1 1 15 42 65 0 1 1 15 38 35 0 1 0 2 40 15 0 1 0 2 33 35 0 1 1 25 40 65 0 1 1 25 44
6/8 35 0 1 0 0 46 55 0 1 0 0 39 14 0 1 1 15 34 45 0 1 1 15 34 14 0 1 0 2 31 65 0 1 0 2 39 14 0 1 1 25 37 45 0 1 1 25 32
6/8 14 0 1 0 0 43 35 0 1 0 0 44 224 1 5 0 2 40 224 1 5 1 25 39
6/8 14 0 1 0 0 47 14 1 5 0 1 31 224 0 1 1 15 42 35 1 5 1 25 39
6/8 14 0 3 0 0 48
6/8
6/8 65 1 15 1 5 38 55 0 1 0 2 31
6/8 55 1 5 0 0 31 45 1 15 1 5 43 35 0 1 0 2 36
6/8 35 1 5 0 0 39 224 1 15 1 5 41 14 0 1 0 2 37
6/8 45 1 5 0 0 47 55 1 5 1 5 45 65 1 5 0 1 40 55 2 25 1 15 45 24 2 25 2 175 39 35 1 5 0 2 37
6/8 65 1 15 1 5 50 55 0 1 0 2 45
6/8 45 1 5 0 0 31 55 1 5 1 5 43 65 1 5 0 1 43 35 0 1 1 15 40 35 1 5 1 25 30
6/8 45 1 5 0 0 40 35 1 5 1 5 31 224 1 5 0 1 33 14 1 5 1 15 48 65 0 1 0 2 38
6/8 225 1 5 0 0 38 15 1 5 1 5 37 75 1 5 0 1 43 65 1 15 1 15 30
6/8 36 1 5 0 2 30 36 1 5 1 25 41
6/8 36 1 15 0 0 31 15 1 5 0 2 31 15 1 5 1 25 44
6/8 15 1 15 0 0 45
6/8
6/8 65 0 1 1 15 31 15 0 1 1 15 37
6/8 55 0 1 0 0 37 75 0 1 0 0 33 45 0 1 1 15 46 65 0 1 1 15 46
6/8 35 0 1 0 0 34 55 0 1 0 0 34 224 2 25 1 15 44 64 2 25 2 175 32 224 0 1 0 2 33
6/8 14 2 25 0 0 32 64 2 25 2 25 34 14 0 1 1 5 47 45 2 25 1 15 43 224 2 25 2 175 47 224 1 5 0 2 30 35 2 25 1 25 31 14 2 25 2 275 36
6/8 14 1 15 0 0 47
6/8
6/8
6/8
6/8
6/8
6/8
6/8
6/8
6/8
6/8
6/8
6/8
6/8 75 1 15 0 0 44 615 1 15 1 15 43
6/8 55 1 15 0 0 30 45 1 15 1 15 41
6/8 24 1 15 0 0 44 35 1 15 1 15 43
6/8
6/8 75 1 15 0 0 37 615 1 15 1 15 38
6/8 55 1 15 0 0 34 45 1 15 1 15 40
6/8 35 1 5 1 5 36 35 1 5 0 1 30 24 0 1 1 15 32 45 1 5 1 25 37
6/8 35 0 1 0 0 30 35 1 5 0 1 37
6/8
6/8
6/8
6/8
6/8
6/8
6/8
6/8
6/8
6/8
6/8
6/8
6/8
6/8
6/8
6/8
6/8
6/8
6/8
6/8
6/8
6/8 14 1 15 1 15 34
6/8 74 1 15 0 0 41 64 1 15 1 15 41
6/8 54 1 15 0 0 46 44 1 15 1 15 42
6/8 34 0 1 0 0 34 74 2 25 0 1 43 14 2 25 2 125 37 224 1 5 1 15 46 35 1 5 0 2 45 45 1 5 1 25 32
6/8 35 0 1 0 0 39 14 1 15 1 15 48
6/8 74 1 15 0 0 33 64 1 5 1 15 46 74 1 5 0 2 40 64 1 5 1 25 36
6/8 54 0 1 0 0 41 14 1 5 0 1 41 224 0 1 1 15 34 224 1 5 1 25 50
6/8 14 0 1 0 0 41 14 1 5 0 1 33 224 1 5 1 15 42 45 1 5 0 2 44 224 1 5 1 25 39
6/8 14 1 15 0 0 46
6/8 35 1 5 0 1 34 65 1 5 1 15 38 65 1 5 0 2 42 65 1 5 1 25 30
6/8 55 0 1 0 0 49 45 1 5 1 15 48 45 1 5 0 2 47 45 1 5 1 25 40
6/8 35 0 1 0 0 40 14 0 1 1 15 41 14 1 5 1 25 34
6/8 64 0 1 0 0 39 74 1 5 0 1 47 224 0 1 1 15 30 224 1 5 1 25 40
6/8 35 0 1 0 0 32 55 1 5 0 1 43 35 0 1 1 15 48 65 0 1 1 15 40 35 0 1 0 2 36 15 0 1 0 2 47 35 0 1 1 25 49 65 0 1 1 25 43
6/8 35 0 1 0 0 33 55 0 1 0 0 42 14 0 1 1 15 44 45 0 1 1 15 40 14 0 1 0 2 31 65 0 1 0 2 42 14 0 1 1 25 35 45 0 1 1 25 47
6/8 14 0 1 0 0 37 35 0 1 0 0 44 224 1 5 0 2 50 224 1 5 1 25 31
6/8 14 0 1 0 0 34 14 1 5 0 1 32 224 0 1 1 15 43 35 1 5 1 25 41
6/8 14 0 3 0 0 47
6/8
6/8 65 1 15 1 5 43 55 0 1 0 2 33
6/8 55 1 5 0 0 34 45 1 15 1 5 33 35 0 1 0 2 36
6/8 35 1 5 0 0 36 224 1 15 1 5 38 14 0 1 0 2 47
6/8 45 1 5 0 0 47 55 1 5 1 5 41 65 1 5 0 1 50 55 2 25 1 15 48 24 2 25 2 175 39 35 1 5 0 2 33
6/8 65 1 15 1 5 48 55 0 1 0 2 31
6/8 45 1 5 0 0 39 55 1 5 1 5 36 65 1 5 0 1 41 35 0 1 1 15 46 35 1 5 1 25 39
6/8 45 1 5 0 0 33 35 1 5 1 5 34 224 1 5 0 1 38 14 1 5 1 15 42 65 0 1 0 2 40
6/8 225 1 5 0 0 44 15 1 5 1 5 34 75 1 5 0 1 37 65 1 15 1 15 37
6/8 36 1 5 0 2 48 36 1 5 1 25 35
6/8 36 1 15 0 0 47 15 1 5 0 2 40 15 1 5 1 25 40
6/8 15 1 15 0 0 31
6/8
6/8 65 0 1 1 15 33 15 0 1 1 15 48
6/8 55 0 1 0 0 50 75 0 1 0 0 36 45 0 1 1 15 48 65 0 1 1 15 45
6/8 35 0 1 0 0 33 55 0 1 0 0 43 224 2 25 1 15 46 64 2 25 2 175 48 224 0 1 0 2 46
6/8 14 2 25 0 0 50 64 2 25 2 25 33 14 0 1 1 5 49 45 2 25 1 15 33 224 2 25 2 175 34 224 1 5 0 2 31 35 2 25 1 25 43 14 2 25 2 275 47
6/8 14 1 15 0 0 43
6/8
6/8
6/8
6/8
6/8
6/8
6/8
6/8
6/8
6/8
6/8
6/8
6/8 75 1 15 0 0 36 615 1 15 1 15 46
6/8 55 1 15 0 0 39 45 1 15 1 15 50
6/8 24 1 15 0 0 45 35 1 15 1 15 44
6/8
6/8 75 1 15 0 0 34 615 1 15 1 15 50
6/8 55 1 15 0 0 44 45 1 15 1 15 41
6/8 35 1 5 1 5 31 35 1 5 0 1 37 24 0 1 1 15 36 45 1 5 1 25 37
6/8 35 0 1 0 0 30 35 1 5 0 1 33
