3/4 71 1 5 0 0 64 42 1 5 1 5 64 72 1 5 0 1 64 22 1 5 1 15 64 72 1 5 0 2 64 42 1 5 1 25 64
3/4 71 1 5 0 0 64 42 1 5 1 5 64 72 1 5 0 1 64 22 1 5 1 15 64 72 1 5 0 2 64 42 1 5 1 25 64
3/4 73 0 1 0 0 64 71 1 5 0 0 64 42 1 5 1 5 64 44 1 15 0 1 64 72 1 5 0 1 64 22 1 5 1 15 64 72 1 5 0 2 64 73 0 1 1 25 64 42 0 1 1 25 64
3/4 613 0 1 0 0 64 21 1 5 0 0 64 612 1 5 1 5 64 44 1 15 0 1 64 22 1 5 0 1 64 43 1 5 1 15 64 22 1 5 0 2 64 44 0 1 1 25 64 612 0 1 1 25 64
3/4 54 0 1 0 0 64 32 1 5 0 0 64 72 1 5 1 5 64 44 0 1 0 1 64 33 1 5 0 1 64 53 1 5 1 15 64 34 0 1 0 2 64 33 1 5 0 2 64 72 1 5 1 25 64
3/4 44 0 2 0 0 64 21 1 5 0 0 64 72 1 5 1 5 64 43 1 5 0 1 64 72 1 5 1 15 64 54 0 1 0 2 64 53 0 1 0 2 64 614 0 1 1 25 64 72 0 1 1 25 64
3/4 74 0 1 0 0 64 32 1 5 0 0 64 72 1 5 1 5 64 614 0 1 0 1 64 43 1 5 0 1 64 72 1 5 1 15 64 54 0 1 0 2 64 33 1 5 0 2 64 72 1 5 1 25 64
3/4 44 0 1 0 0 64 21 1 5 0 0 64 72 1 5 1 5 64 74 0 1 0 1 64 43 1 5 0 1 64 72 1 5 1 15 64 73 0 1 0 2 64 43 0 1 0 2 64 13 0 1 1 25 64 612 0 1 1 25 64
3/4 23 1 15 0 0 64 52 1 5 0 0 64 72 1 5 1 5 64 53 0 1 0 1 64 73 0 1 0 1 64 54 0 1 1 15 64 72 0 1 1 15 64 23 0 1 0 2 64 53 0 1 0 2 64 73 0 1 0 2 64 73 0 1 1 25 64 72 0 1 1 25 64
3/4 13 0 3 0 0 64 42 1 5 0 0 64 12 1 5 1 5 64 43 0 1 0 1 64 73 0 1 0 1 64 12 1 5 1 15 64 43 0 1 0 2 64 613 0 1 0 2 64
3/4 73 0 1 0 0 64 71 1 5 0 0 64 42 1 5 1 5 64 44 1 15 0 1 64 72 1 5 0 1 64 22 1 5 1 15 64 72 1 5 0 2 64 73 0 1 1 25 64 42 0 1 1 25 64
3/4 613 0 1 0 0 64 21 1 5 0 0 64 612 1 5 1 5 64 44 1 15 0 1 64 22 1 5 0 1 64 43 1 5 1 15 64 22 1 5 0 2 64 44 0 1 1 25 64 612 0 1 1 25 64
3/4 54 0 1 0 0 64 32 1 5 0 0 64 72 1 5 1 5 64 44 0 1 0 1 64 33 1 5 0 1 64 53 1 5 1 15 64 34 0 1 0 2 64 33 1 5 0 2 64 72 1 5 1 25 64
3/4 44 0 2 0 0 64 21 1 5 0 0 64 72 1 5 1 5 64 43 1 5 0 1 64 72 1 5 1 15 64 54 0 1 0 2 64 53 0 1 0 2 64 614 0 1 1 25 64 72 0 1 1 25 64
3/4 74 0 1 0 0 64 32 1 5 0 0 64 72 1 5 1 5 64 614 0 1 0 1 64 43 1 5 0 1 64 72 1 5 1 15 64 54 0 1 0 2 64 33 1 5 0 2 64 72 1 5 1 25 64
3/4 44 0 1 0 0 64 21 1 5 0 0 64 72 1 5 1 5 64 74 0 1 0 1 64 43 1 5 0 1 64 72 1 5 1 15 64 24 0 1 0 2 64 22 1 5 0 2 64 72 1 5 1 25 64
3/4 35 0 1 0 0 64 52 1 5 0 0 64 72 1 5 1 5 64 54 0 1 0 1 64 53 0 1 0 1 64 614 0 1 1 15 64 43 0 1 1 15 64 24 0 1 0 2 64 33 0 1 0 2 64 14 0 1 1 25 64 12 0 1 1 25 64
3/4 74 1 15 0 0 64 71 1 5 0 0 64 42 1 5 1 5 64 72 1 5 0 1 64 43 0 1 1 15 64 22 0 1 1 15 64 73 0 1 0 2 64 72 0 1 0 2 64 23 0 1 1 25 64 71 0 1 1 25 64
3/4 13 0 1 0 0 64 42 1 5 0 0 64 12 1 5 1 5 64 13 1 15 0 1 64 43 1 5 0 1 64 12 1 5 1 15 64 43 1 5 0 2 64 43 0 1 1 25 64 12 0 1 1 25 64
3/4 43 0 1 0 0 64 73 0 1 0 0 64 23 0 1 0 0 64 71 1 5 0 0 64 42 1 5 1 5 64 22 1 5 0 1 64 42 1 5 1 15 64 72 1 5 0 2 64 23 0 1 1 25 64 42 0 1 1 25 64
3/4 53 0 1 0 0 64 73 0 1 0 0 64 34 0 1 0 0 64 32 1 5 0 0 64 72 1 5 1 5 64 53 0 1 0 1 64 73 0 1 0 1 64 34 0 1 0 1 64 33 1 5 0 1 64 72 1 5 1 15 64 23 0 1 0 2 64 33 0 1 0 2 64 34 0 1 1 25 64 72 0 1 1 25 64
3/4 43 0 1 0 0 64 73 0 1 0 0 64 23 0 1 0 0 64 44 0 1 0 0 64 71 1 5 0 0 64 42 1 5 1 5 64 72 1 5 0 1 64 22 1 5 1 15 64 72 1 5 0 2 64 44 0 1 1 25 64 42 0 1 1 25 64
3/4 53 0 1 0 0 64 223 0 1 0 0 64 44 0 1 0 0 64 611 0 1 0 0 64 314 0 1 1 5 64 312 0 1 1 5 64 314 0 1 0 1 64 222 1 5 0 1 64 312 1 5 1 15 64 44 0 1 0 2 64 222 0 1 0 2 64 54 0 1 1 25 64 312 0 1 1 25 64
3/4 53 0 1 0 0 64 23 0 1 0 0 64 54 0 1 0 0 64 21 1 5 0 0 64 612 1 5 1 5 64 44 0 1 0 1 64 43 1 5 0 1 64 612 1 5 1 15 64 44 0 1 0 2 64 43 0 1 0 2 64 54 0 1 1 25 64 612 0 1 1 25 64 63 0 1 2 275 64 23 0 1 2 275 64 44 0 1 2 275 64 64 0 1 2 275 64
3/4 21 1 5 0 0 64 63 0 1 0 0 64 23 0 1 0 0 64 44 0 1 0 0 64 64 0 1 0 0 64 62 1 5 1 5 64 54 0 1 0 1 64 43 1 5 0 1 64 62 1 5 1 15 64 44 0 1 0 2 64 22 1 5 0 2 64 62 1 5 1 25 64 53 0 1 2 275 64 13 0 1 2 275 64 34 0 1 2 275 64
3/4 52 1 5 0 0 64 53 0 1 0 0 64 13 0 1 0 0 64 34 0 1 0 0 64 12 1 5 1 5 64 23 0 1 0 1 64 33 1 5 0 1 64 53 1 5 1 15 64 34 0 1 0 2 64 33 0 1 0 2 64 44 0 1 1 25 64 12 0 1 1 25 64 73 0 1 2 275 64 34 0 1 2 275 64 54 0 1 2 275 64
3/4 11 1 5 0 0 64 73 0 1 0 0 64 34 0 1 0 0 64 54 0 1 0 0 64 52 1 5 1 5 64 44 0 1 0 1 64 33 1 5 0 1 64 52 1 5 1 15 64 34 0 1 0 2 64 12 1 5 0 2 64 52 1 5 1 25 64
3/4 43 0 1 0 0 64 613 0 1 0 0 64 23 0 1 0 0 64 42 1 5 0 0 64 12 1 5 1 5 64 223 0 1 0 1 64 53 1 5 0 1 64 12 1 5 1 15 64 13 0 1 0 2 64 43 1 5 0 2 64 12 1 5 1 25 64
3/4 73 0 1 0 0 64 71 1 5 0 0 64 42 1 5 1 5 64 44 1 15 0 1 64 72 1 5 0 1 64 22 1 5 1 15 64 72 1 5 0 2 64 73 0 1 1 25 64 42 0 1 1 25 64
3/4 613 0 1 0 0 64 21 1 5 0 0 64 612 1 5 1 5 64 44 1 15 0 1 64 22 1 5 0 1 64 43 1 5 1 15 64 22 1 5 0 2 64 44 0 1 1 25 64 612 0 1 1 25 64
3/4 54 0 1 0 0 64 32 1 5 0 0 64 72 1 5 1 5 64 44 0 1 0 1 64 33 1 5 0 1 64 53 1 5 1 15 64 34 0 1 0 2 64 33 1 5 0 2 64 72 1 5 1 25 64
3/4 44 0 2 0 0 64 21 1 5 0 0 64 72 1 5 1 5 64 43 1 5 0 1 64 72 1 5 1 15 64 54 0 1 0 2 64 53 0 1 0 2 64 614 0 1 1 25 64 72 0 1 1 25 64 34 0 1 2 275 64 54 0 1 2 275 64 74 0 1 2 275 64
3/4 32 1 5 0 0 64 34 0 1 0 0 64 54 0 1 0 0 64 74 0 1 0 0 64 72 1 5 1 5 64 74 0 1 0 1 64 43 1 5 0 1 64 72 1 5 1 15 64 614 0 1 0 2 64 53 0 1 0 2 64 14 0 1 1 25 64 72 0 1 1 25 64 23 0 1 2 275 64 44 0 1 2 275 64 74 0 1 2 275 64
3/4 21 1 5 0 0 64 23 0 1 0 0 64 44 0 1 0 0 64 74 0 1 0 0 64 72 1 5 1 5 64 74 0 1 0 1 64 43 1 5 0 1 64 72 1 5 1 15 64 14 0 1 0 2 64 53 1 5 0 2 64 72 1 5 1 25 64 34 0 1 2 275 64 54 0 1 2 275 64 74 0 1 2 275 64 24 0 1 2 275 64
3/4 11 1 5 0 0 64 34 0 1 0 0 64 54 0 1 0 0 64 74 0 1 0 0 64 24 0 1 0 0 64 52 1 5 1 5 64 35 0 1 0 1 64 12 1 5 0 1 64 33 1 5 1 15 64 24 0 1 0 2 64 12 0 1 0 2 64 14 0 1 1 25 64 52 0 1 1 25 64 23 0 1 2 275 64 44 0 1 2 275 64 74 0 1 2 275 64
3/4 71 1 5 0 0 64 23 0 1 0 0 64 44 0 1 0 0 64 74 0 1 0 0 64 42 1 5 1 5 64 72 1 5 0 1 64 22 1 5 1 15 64 72 1 5 0 2 64 42 1 5 1 25 64 71 0 1 2 275 64 42 0 1 2 275 64 72 0 1 2 275 64 22 0 1 2 275 64
3/4 71 0 1 0 0 64 42 0 1 0 0 64 72 0 1 0 0 64 22 0 1 0 0 64
3/4 71 0 1 0 0 64 42 0 1 0 0 64 72 0 1 0 0 64 22 0 1 0 0 64
