3/4 73 1 5 0 0 64 44 1 5 1 5 64 74 1 5 0 1 64 24 1 5 1 15 64 74 1 5 0 2 64 44 1 5 1 25 64
3/4 73 1 5 0 0 64 44 1 5 1 5 64 74 1 5 0 1 64 24 1 5 1 15 64 74 1 5 0 2 64 44 1 5 1 25 64
3/4 75 0 1 0 0 64 73 1 5 0 0 64 44 1 5 1 5 64 46 1 15 0 1 64 74 1 5 0 1 64 24 1 5 1 15 64 74 1 5 0 2 64 75 0 1 1 25 64 44 0 1 1 25 64
3/4 615 0 1 0 0 64 23 1 5 0 0 64 614 1 5 1 5 64 46 1 15 0 1 64 24 1 5 0 1 64 45 1 5 1 15 64 24 1 5 0 2 64 46 0 1 1 25 64 614 0 1 1 25 64
3/4 56 0 1 0 0 64 34 1 5 0 0 64 74 1 5 1 5 64 46 0 1 0 1 64 35 1 5 0 1 64 55 1 5 1 15 64 36 0 1 0 2 64 35 1 5 0 2 64 74 1 5 1 25 64
3/4 46 0 2 0 0 64 23 1 5 0 0 64 74 1 5 1 5 64 45 1 5 0 1 64 74 1 5 1 15 64 56 0 1 0 2 64 55 0 1 0 2 64 616 0 1 1 25 64 74 0 1 1 25 64
3/4 76 0 1 0 0 64 34 1 5 0 0 64 74 1 5 1 5 64 616 0 1 0 1 64 45 1 5 0 1 64 74 1 5 1 15 64 56 0 1 0 2 64 35 1 5 0 2 64 74 1 5 1 25 64
3/4 46 0 1 0 0 64 23 1 5 0 0 64 74 1 5 1 5 64 76 0 1 0 1 64 45 1 5 0 1 64 74 1 5 1 15 64 75 0 1 0 2 64 45 0 1 0 2 64 15 0 1 1 25 64 614 0 1 1 25 64
3/4 25 1 15 0 0 64 54 1 5 0 0 64 74 1 5 1 5 64 55 0 1 0 1 64 75 0 1 0 1 64 56 0 1 1 15 64 74 0 1 1 15 64 25 0 1 0 2 64 55 0 1 0 2 64 75 0 1 0 2 64 75 0 1 1 25 64 74 0 1 1 25 64
3/4 15 0 3 0 0 64 44 1 5 0 0 64 14 1 5 1 5 64 45 0 1 0 1 64 75 0 1 0 1 64 14 1 5 1 15 64 45 0 1 0 2 64 615 0 1 0 2 64
3/4 75 0 1 0 0 64 73 1 5 0 0 64 44 1 5 1 5 64 46 1 15 0 1 64 74 1 5 0 1 64 24 1 5 1 15 64 74 1 5 0 2 64 75 0 1 1 25 64 44 0 1 1 25 64
3/4 615 0 1 0 0 64 23 1 5 0 0 64 614 1 5 1 5 64 46 1 15 0 1 64 24 1 5 0 1 64 45 1 5 1 15 64 24 1 5 0 2 64 46 0 1 1 25 64 614 0 1 1 25 64
3/4 56 0 1 0 0 64 34 1 5 0 0 64 74 1 5 1 5 64 46 0 1 0 1 64 35 1 5 0 1 64 55 1 5 1 15 64 36 0 1 0 2 64 35 1 5 0 2 64 74 1 5 1 25 64
3/4 46 0 2 0 0 64 23 1 5 0 0 64 74 1 5 1 5 64 45 1 5 0 1 64 74 1 5 1 15 64 56 0 1 0 2 64 55 0 1 0 2 64 616 0 1 1 25 64 74 0 1 1 25 64
3/4 76 0 1 0 0 64 34 1 5 0 0 64 74 1 5 1 5 64 616 0 1 0 1 64 45 1 5 0 1 64 74 1 5 1 15 64 56 0 1 0 2 64 35 1 5 0 2 64 74 1 5 1 25 64
3/4 46 0 1 0 0 64 23 1 5 0 0 64 74 1 5 1 5 64 76 0 1 0 1 64 45 1 5 0 1 64 74 1 5 1 15 64 26 0 1 0 2 64 24 1 5 0 2 64 74 1 5 1 25 64
3/4 37 0 1 0 0 64 54 1 5 0 0 64 74 1 5 1 5 64 56 0 1 0 1 64 55 0 1 0 1 64 616 0 1 1 15 64 45 0 1 1 15 64 26 0 1 0 2 64 35 0 1 0 2 64 16 0 1 1 25 64 14 0 1 1 25 64
3/4 76 1 15 0 0 64 73 1 5 0 0 64 44 1 5 1 5 64 74 1 5 0 1 64 45 0 1 1 15 64 24 0 1 1 15 64 75 0 1 0 2 64 74 0 1 0 2 64 25 0 1 1 25 64 73 0 1 1 25 64
3/4 15 0 1 0 0 64 44 1 5 0 0 64 14 1 5 1 5 64 15 1 15 0 1 64 45 1 5 0 1 64 14 1 5 1 15 64 45 1 5 0 2 64 45 0 1 1 25 64 14 0 1 1 25 64
3/4 45 0 1 0 0 64 75 0 1 0 0 64 25 0 1 0 0 64 73 1 5 0 0 64 44 1 5 1 5 64 24 1 5 0 1 64 44 1 5 1 15 64 74 1 5 0 2 64 25 0 1 1 25 64 44 0 1 1 25 64
3/4 55 0 1 0 0 64 75 0 1 0 0 64 36 0 1 0 0 64 34 1 5 0 0 64 74 1 5 1 5 64 55 0 1 0 1 64 75 0 1 0 1 64 36 0 1 0 1 64 35 1 5 0 1 64 74 1 5 1 15 64 25 0 1 0 2 64 35 0 1 0 2 64 36 0 1 1 25 64 74 0 1 1 25 64
3/4 45 0 1 0 0 64 75 0 1 0 0 64 25 0 1 0 0 64 46 0 1 0 0 64 73 1 5 0 0 64 44 1 5 1 5 64 74 1 5 0 1 64 24 1 5 1 15 64 74 1 5 0 2 64 46 0 1 1 25 64 44 0 1 1 25 64
3/4 55 0 1 0 0 64 225 0 1 0 0 64 46 0 1 0 0 64 613 0 1 0 0 64 316 0 1 1 5 64 314 0 1 1 5 64 316 0 1 0 1 64 224 1 5 0 1 64 314 1 5 1 15 64 46 0 1 0 2 64 224 0 1 0 2 64 56 0 1 1 25 64 314 0 1 1 25 64
3/4 55 0 1 0 0 64 25 0 1 0 0 64 56 0 1 0 0 64 23 1 5 0 0 64 614 1 5 1 5 64 46 0 1 0 1 64 45 1 5 0 1 64 614 1 5 1 15 64 46 0 1 0 2 64 45 0 1 0 2 64 56 0 1 1 25 64 614 0 1 1 25 64 65 0 1 2 275 64 25 0 1 2 275 64 46 0 1 2 275 64 66 0 1 2 275 64
3/4 23 1 5 0 0 64 65 0 1 0 0 64 25 0 1 0 0 64 46 0 1 0 0 64 66 0 1 0 0 64 64 1 5 1 5 64 56 0 1 0 1 64 45 1 5 0 1 64 64 1 5 1 15 64 46 0 1 0 2 64 24 1 5 0 2 64 64 1 5 1 25 64 55 0 1 2 275 64 15 0 1 2 275 64 36 0 1 2 275 64
3/4 54 1 5 0 0 64 55 0 1 0 0 64 15 0 1 0 0 64 36 0 1 0 0 64 14 1 5 1 5 64 25 0 1 0 1 64 35 1 5 0 1 64 55 1 5 1 15 64 36 0 1 0 2 64 35 0 1 0 2 64 46 0 1 1 25 64 14 0 1 1 25 64 75 0 1 2 275 64 36 0 1 2 275 64 56 0 1 2 275 64
3/4 13 1 5 0 0 64 75 0 1 0 0 64 36 0 1 0 0 64 56 0 1 0 0 64 54 1 5 1 5 64 46 0 1 0 1 64 35 1 5 0 1 64 54 1 5 1 15 64 36 0 1 0 2 64 14 1 5 0 2 64 54 1 5 1 25 64
3/4 45 0 1 0 0 64 615 0 1 0 0 64 25 0 1 0 0 64 44 1 5 0 0 64 14 1 5 1 5 64 225 0 1 0 1 64 55 1 5 0 1 64 14 1 5 1 15 64 15 0 1 0 2 64 45 1 5 0 2 64 14 1 5 1 25 64
3/4 75 0 1 0 0 64 73 1 5 0 0 64 44 1 5 1 5 64 46 1 15 0 1 64 74 1 5 0 1 64 24 1 5 1 15 64 74 1 5 0 2 64 75 0 1 1 25 64 44 0 1 1 25 64
3/4 615 0 1 0 0 64 23 1 5 0 0 64 614 1 5 1 5 64 46 1 15 0 1 64 24 1 5 0 1 64 45 1 5 1 15 64 24 1 5 0 2 64 46 0 1 1 25 64 614 0 1 1 25 64
3/4 56 0 1 0 0 64 34 1 5 0 0 64 74 1 5 1 5 64 46 0 1 0 1 64 35 1 5 0 1 64 55 1 5 1 15 64 36 0 1 0 2 64 35 1 5 0 2 64 74 1 5 1 25 64
3/4 46 0 2 0 0 64 23 1 5 0 0 64 74 1 5 1 5 64 45 1 5 0 1 64 74 1 5 1 15 64 56 0 1 0 2 64 55 0 1 0 2 64 616 0 1 1 25 64 74 0 1 1 25 64 36 0 1 2 275 64 56 0 1 2 275 64 76 0 1 2 275 64
3/4 34 1 5 0 0 64 36 0 1 0 0 64 56 0 1 0 0 64 76 0 1 0 0 64 74 1 5 1 5 64 76 0 1 0 1 64 45 1 5 0 1 64 74 1 5 1 15 64 616 0 1 0 2 64 55 0 1 0 2 64 16 0 1 1 25 64 74 0 1 1 25 64 25 0 1 2 275 64 46 0 1 2 275 64 76 0 1 2 275 64
3/4 23 1 5 0 0 64 25 0 1 0 0 64 46 0 1 0 0 64 76 0 1 0 0 64 74 1 5 1 5 64 76 0 1 0 1 64 45 1 5 0 1 64 74 1 5 1 15 64 16 0 1 0 2 64 55 1 5 0 2 64 74 1 5 1 25 64 36 0 1 2 275 64 56 0 1 2 275 64 76 0 1 2 275 64 26 0 1 2 275 64
3/4 13 1 5 0 0 64 36 0 1 0 0 64 56 0 1 0 0 64 76 0 1 0 0 64 26 0 1 0 0 64 54 1 5 1 5 64 37 0 1 0 1 64 14 1 5 0 1 64 35 1 5 1 15 64 26 0 1 0 2 64 14 0 1 0 2 64 16 0 1 1 25 64 54 0 1 1 25 64 25 0 1 2 275 64 46 0 1 2 275 64 76 0 1 2 275 64
3/4 73 1 5 0 0 64 25 0 1 0 0 64 46 0 1 0 0 64 76 0 1 0 0 64 44 1 5 1 5 64 74 1 5 0 1 64 24 1 5 1 15 64 74 1 5 0 2 64 44 1 5 1 25 64 73 0 1 2 275 64 44 0 1 2 275 64 74 0 1 2 275 64 24 0 1 2 275 64
3/4 73 0 1 0 0 64 44 0 1 0 0 64 74 0 1 0 0 64 24 0 1 0 0 64
3/4 73 0 1 0 0 64 44 0 1 0 0 64 74 0 1 0 0 64 24 0 1 0 0 64
