6/8
6/8 65 2 25 1 25 69 75 2 25 2 275 69
6/8 15 2 25 0 0 74 65 2 25 2 25 69 36 2 75 1 5 69 15 2 25 2 125 69 75 1 5 1 15 69 36 1 5 0 2 69 75 1 5 1 25 69
6/8 65 2 25 0 0 74 45 2 25 2 25 69 15 2 75 1 5 69 65 2 25 2 125 69 55 0 1 1 15 69 65 2 25 1 25 69 55 2 25 2 275 69
6/8 45 1 5 0 0 74 55 1 5 1 5 69 65 2 25 0 1 69 75 2 25 2 125 69 35 1 5 1 15 69 65 1 5 0 2 69 75 2 25 1 25 69 15 2 25 2 275 69
6/8 225 1 5 0 0 74 225 0 1 1 5 69 15 0 1 1 5 69 75 2 25 0 1 69 65 2 25 2 125 69 75 0 1 1 15 69 65 2 25 1 25 69 75 2 25 2 275 69
6/8 15 2 25 0 0 74 65 2 25 2 25 69 36 2 75 1 5 69 15 2 25 2 125 69 75 1 5 1 15 69 36 1 5 0 2 69 75 1 5 1 25 69
6/8 65 2 25 0 0 74 45 2 25 2 25 69 45 1 5 1 5 69 55 2 25 0 1 69 65 2 25 2 125 69 35 2 125 1 15 69 35 2 25 2 275 57
6/8 45 1 5 0 0 74 55 1 5 1 5 69 65 2 25 0 1 69 75 2 25 2 125 69 35 1 5 1 15 69 65 1 5 0 2 69 75 2 25 1 25 69 15 2 25 2 275 69
6/8 225 1 5 0 0 74 225 0 1 1 5 69 15 0 1 1 5 69 75 2 25 0 1 69 65 2 25 2 125 69 65 1 15 1 15 69
6/8 15 2 25 0 1 69 225 2 25 2 125 69 36 1 5 1 15 57 36 1 5 0 2 57 36 1 5 1 25 57
6/8 36 1 5 0 0 62 36 0 1 1 5 69 46 0 1 1 5 69 36 2 25 0 1 69 225 2 25 2 125 69 15 1 5 1 15 57 15 1 5 0 2 57 15 1 5 1 25 57
6/8 15 1 5 0 0 62 15 0 1 1 5 69 225 0 1 1 5 69 15 2 25 0 1 69 75 2 25 2 125 69 65 1 5 1 15 57 65 1 5 0 2 57 65 2 25 1 25 69 55 2 25 2 275 69
6/8 45 1 5 0 0 74 55 1 5 1 5 69 55 2 25 0 1 69 65 2 25 2 125 69 75 1 5 1 15 69 75 0 1 0 2 69 15 0 1 0 2 69 75 2 25 1 25 69 15 2 25 2 275 69
6/8 75 0 1 0 0 74 15 2 25 0 1 69 225 2 25 2 125 69 36 1 5 1 15 57 36 1 5 0 2 57 36 1 5 1 25 57
6/8 36 1 5 0 0 62 36 0 1 1 5 69 46 0 1 1 5 69 36 2 25 0 1 69 225 2 25 2 125 69 15 1 5 1 15 57 15 1 5 0 2 57 15 1 5 1 25 57
6/8 15 2 25 0 0 74 225 0 1 2 25 69 15 0 1 2 25 69 75 0 1 2 75 69 65 0 1 2 75 69 55 2 25 2 125 69 45 0 1 2 175 69 45 0 1 2 175 69 55 0 1 2 225 69 65 0 1 2 225 69 75 2 25 2 275 69
6/8 35 1 5 0 0 74 65 1 5 1 5 69 75 2 25 0 1 69 15 2 25 2 125 69 75 2 75 1 15 69 75 0 1 2 225 69 75 0 1 2 225 69 65 2 25 2 275 69
6/8 65 1 15 0 0 74
6/8 66 2 25 0 1 71 76 2 25 2 125 71 16 2 25 1 15 71 66 2 25 2 175 71 37 2 75 0 2 71 16 2 25 2 275 71
6/8 76 1 5 0 0 76 37 1 5 1 5 71 76 1 5 0 1 71 66 2 25 1 15 71 46 2 25 2 175 71 16 2 75 0 2 71 66 2 25 2 275 71
6/8 56 0 1 0 0 76 66 2 25 0 1 71 56 2 25 2 125 71 46 1 5 1 15 71 56 1 5 0 2 71 66 2 25 1 25 71 76 2 25 2 275 71
6/8 36 1 5 0 0 76 66 1 5 1 5 71 76 2 25 0 1 71 16 2 25 2 125 71 226 1 5 1 15 71 226 0 1 0 2 71 16 0 1 0 2 71 76 2 25 1 25 71 66 2 25 2 275 71
6/8 76 0 1 0 0 76 66 2 25 0 1 71 76 2 25 2 125 71 16 2 25 1 15 71 66 2 25 2 175 71 37 2 75 0 2 71 16 2 25 2 275 71
6/8 76 1 5 0 0 76 37 1 5 1 5 71 76 1 5 0 1 71 66 2 25 1 15 71 46 2 25 2 175 71 46 1 5 0 2 71 56 2 25 1 25 71 66 2 25 2 275 71
6/8 36 0 1 0 0 76 36 1 5 0 1 71 46 1 5 1 15 71 56 1 5 0 2 71 66 2 25 1 25 71 76 2 25 2 275 71
6/8 36 1 5 0 0 76 66 1 5 1 5 71 76 2 25 0 1 71 16 2 25 2 125 71 226 1 5 1 15 71 226 0 1 0 2 71 16 0 1 0 2 71 76 2 25 1 25 71 66 2 25 2 275 71
6/8 66 1 15 0 0 76
6/8 64 1 5 1 5 64 14 1 5 0 1 64 64 1 5 0 2 64 14 1 5 1 25 64
6/8 64 1 5 1 5 64 14 1 5 0 1 64 64 1 5 0 2 64 14 1 5 1 25 64
6/8 64 1 5 1 5 64 14 1 5 0 1 64 35 1 5 0 2 64 55 1 5 1 25 64
6/8 14 1 5 1 5 64 45 1 5 0 1 64 54 1 5 0 2 64 14 1 5 1 25 64
6/8 64 1 5 1 5 64 224 1 5 0 1 64 64 1 5 0 2 64 14 1 5 1 25 64
6/8 74 1 5 1 5 64 224 1 5 0 1 64 74 1 5 0 2 64 35 1 5 1 25 64
6/8 64 1 5 1 5 64 14 1 5 0 1 64 35 1 5 0 2 64 55 1 5 1 25 64
6/8 14 1 5 1 5 64 45 1 5 0 1 64 54 1 5 0 2 64 14 1 5 1 25 64
6/8 64 1 5 1 5 64 224 1 5 0 1 64 64 1 5 0 2 64 14 1 5 1 25 64
6/8 74 1 5 1 5 64 35 1 5 0 1 64 64 1 5 0 2 64 14 1 5 1 25 64
6/8 64 1 5 1 5 64 14 1 5 0 1 64 64 1 5 0 2 64 14 1 5 1 25 64
6/8 35 1 5 1 5 64 55 1 5 0 1 64 14 1 5 0 2 64 45 1 5 1 25 64
6/8 54 1 5 1 5 64 14 1 5 0 1 64 45 1 5 0 2 64
6/8 224 1 5 1 5 64 45 1 5 0 2 64
6/8 74 1 5 1 5 64 35 1 5 0 1 64 64 1 5 0 2 64 14 1 5 1 25 64
6/8 35 1 5 1 5 64 55 1 5 0 1 64 14 1 5 0 2 64 45 1 5 1 25 64
6/8 54 1 5 1 5 64 14 1 5 0 1 64 64 1 5 0 2 64 224 1 5 1 25 64
6/8 64 1 5 1 5 64 14 1 5 0 1 64 35 1 5 0 2 64 45 1 5 1 25 64
6/8 64 1 5 1 5 64 14 1 5 0 1 64 64 1 5 0 2 64 14 1 5 1 25 64
6/8 15 1 15 1 15 69
6/8 75 1 15 0 0 74 65 1 15 1 15 69
6/8 55 1 15 0 0 74 45 1 15 1 15 69
6/8 35 0 1 0 0 74 75 2 25 0 1 69 15 2 25 2 125 69 225 1 5 1 15 69 36 1 5 0 2 69 46 1 5 1 25 69
6/8 15 1 15 0 1 71
6/8 75 1 15 0 0 76 65 1 5 1 15 71 75 1 5 0 2 71 65 1 5 1 25 71
6/8 55 0 1 0 0 76 15 1 5 0 1 71 225 0 1 1 15 71 225 1 5 1 25 71
6/8 15 0 1 0 0 76 15 1 5 0 1 71 225 1 5 1 15 71 46 1 5 0 2 71 225 1 5 1 25 71
6/8 15 1 15 0 0 76
6/8 63 1 5 0 0 76 34 1 5 1 5 71 34 1 5 0 1 71 63 1 5 1 15 71 34 1 5 0 2 71 34 1 5 1 25 71
6/8 63 1 5 0 0 76 34 1 5 1 5 71 34 1 5 0 1 71 63 1 5 1 15 71 34 1 5 0 2 71 34 1 5 1 25 71
6/8 63 1 5 0 0 76 34 1 5 1 5 71 34 1 5 0 1 71 34 1 5 1 15 71 74 1 5 0 2 71 74 1 5 1 25 71
6/8 44 1 5 0 0 76 64 1 5 1 5 71 64 1 5 0 1 71 13 1 5 1 15 71 34 1 5 0 2 71 34 1 5 1 25 71
6/8 223 1 5 0 0 76 44 1 5 1 5 71 44 1 5 0 1 71 13 1 5 1 15 71 34 1 5 0 2 71 34 1 5 1 25 71
6/8 73 1 5 0 0 76 44 1 5 1 5 71 44 1 5 0 1 71 34 1 5 1 15 71 54 1 5 0 2 71 54 1 5 1 25 71
6/8 63 1 5 0 0 76 34 1 5 1 5 71 34 1 5 0 1 71 34 1 5 1 15 71 74 1 5 0 2 71 74 1 5 1 25 71
6/8 44 1 5 0 0 76 64 1 5 1 5 71 64 1 5 0 1 71 13 1 5 1 15 71 54 1 5 0 2 71 54 1 5 1 25 71
6/8 223 1 5 0 0 76 44 1 5 1 5 71 44 1 5 0 1 71 13 1 5 1 15 71 34 1 5 0 2 71 34 1 5 1 25 71
6/8 73 1 5 0 0 76 44 1 5 1 5 71 54 1 5 0 1 71 63 1 5 1 15 71 34 1 5 0 2 71 34 1 5 1 25 71
6/8 63 1 5 0 0 76 34 1 5 1 5 71 34 1 5 0 1 71 63 1 5 1 15 71 34 1 5 0 2 71 34 1 5 1 25 71
6/8 34 1 5 0 0 76 74 1 5 1 5 71 74 1 5 0 1 71 44 1 5 1 15 71 64 1 5 0 2 71 64 1 5 1 25 71
6/8 13 1 5 0 0 76 34 1 5 1 5 71 34 1 5 0 1 71 44 1 5 1 15 71 14 1 5 0 2 71 44 1 5 1 25 71
6/8 223 1 5 0 0 76 64 1 5 1 5 71 223 1 5 0 1 71 73 1 5 1 15 71 223 1 5 0 2 71 73 1 5 1 25 71
6/8 34 1 5 0 0 76 54 1 5 1 5 71 54 1 5 0 1 71 63 1 5 1 15 71 34 1 5 0 2 71 34 1 5 1 25 71
6/8 34 1 5 0 0 76 74 1 5 1 5 71 74 1 5 0 1 71 44 1 5 1 15 71 64 1 5 0 2 71 64 1 5 1 25 71
6/8 13 1 5 0 0 76 34 1 5 1 5 71 34 1 5 0 1 71 223 1 5 1 15 71 44 1 5 0 2 71 44 1 5 1 25 71
6/8 13 1 5 0 0 76 34 1 5 1 5 71 34 1 5 0 1 71 223 1 5 1 15 71 74 1 5 0 2 71 74 1 5 1 25 71
6/8 63 1 5 0 0 76 34 1 5 1 5 71 34 1 5 0 1 71 63 1 5 1 15 71 34 1 5 0 2 71 34 1 5 1 25 71
6/8 63 1 5 0 0 76 34 1 5 1 5 71 14 1 5 0 1 71 63 1 5 1 15 71 34 1 5 0 2 71 14 1 5 1 25 71
6/8 34 1 5 0 0 76 74 1 5 1 5 71 55 1 5 0 1 71 44 1 5 1 15 71 64 1 5 0 2 71 45 1 5 1 25 71
6/8 13 1 5 0 0 76 34 1 5 1 5 71 14 1 5 0 1 71 223 1 5 1 15 71 44 1 5 0 2 71 224 1 5 1 25 71
6/8 13 1 5 0 0 76 34 1 5 1 5 71 14 1 5 0 1 71 223 1 5 1 15 71 44 1 5 0 2 71 224 1 5 1 25 71
6/8 34 1 5 0 0 76 54 1 5 1 5 71 35 1 5 0 1 71 63 1 5 1 15 71 34 1 5 0 2 71 14 1 5 1 25 71
6/8 34 1 5 0 0 76 74 1 5 1 5 71 35 1 5 0 1 71 44 1 5 1 15 71 64 1 5 0 2 71 45 1 5 1 25 71
6/8 13 1 5 0 0 76 34 1 5 1 5 71 14 1 5 0 1 71 223 1 5 1 15 71 44 1 5 0 2 71 224 1 5 1 25 71
6/8 13 1 5 0 0 76 34 1 5 1 5 71 224 1 5 0 1 71 223 1 5 1 15 71 44 1 5 0 2 71 35 1 5 1 25 71
6/8 63 1 15 0 0 76
