4/4
4/4
4/4
4/4
4/4 54 1 5 1 5 90 54 1 5 0 1 103 54 1 5 1 15 98 54 1 5 0 2 87 44 1 5 1 25 93 54 1 5 0 3 89 14 1 5 1 35 102
4/4 54 1 5 0 0 99 44 3 3333 1 5 100
4/4 44 1 5 1 5 93 44 1 5 0 1 94 44 1 5 1 15 104 44 1 5 0 2 97 34 1 5 1 25 104 44 1 5 0 3 88 74 1 5 1 35 93
4/4 44 1 5 0 0 94 34 1 5 1 5 87 23 1 5 0 1 92 34 3 1333 1 15 91 13 2 25 1 35 87 23 2 25 2 375 99
4/4 34 1 5 0 0 98 34 1 5 1 5 97 34 1 5 0 1 100 34 1 5 1 15 95 34 0 1 0 2 85 13 2 25 1 35 87 23 2 25 2 375 105
4/4 34 1 5 0 0 100 34 1 5 1 5 95 34 1 5 0 1 88 34 1 5 1 15 89 23 2 75 0 2 85 34 2 25 2 275 102 13 2 25 1 35 97 23 2 25 2 375 103
4/4 34 3 667 0 0 98 34 3 667 3 667 97 34 3 667 3 1333 100 34 3 667 0 2 95 74 3 667 3 2667 96 34 3 667 3 3333 86
4/4 44 2 175 0 0 90 54 0 1 0 2 88 64 0 1 0 3 103
4/4 74 1 5 0 0 91 74 1 5 1 5 89 74 1 5 0 1 93 74 1 5 1 15 99 74 1 5 0 2 96 64 1 5 1 25 105 54 1 5 0 3 105 44 1 5 1 35 91
4/4 44 1 5 0 0 103 54 1 5 1 5 100 34 2 175 0 1 90 54 1 5 0 3 101 64 1 5 1 35 87
4/4 74 1 5 0 0 85 74 1 5 1 5 89 74 1 5 0 1 103 74 1 5 1 15 91 74 1 5 0 2 93 64 1 5 1 25 103 54 1 5 0 3 101 44 1 5 1 35 90
4/4 44 1 5 0 0 102 54 2 225 1 5 87 34 1 5 0 3 99 44 1 5 1 35 90
4/4 54 1 15 0 0 94 13 1 5 1 15 101 34 0 2 0 2 87
4/4 34 2 175 0 0 100 14 1 5 0 3 101 24 1 5 1 35 100
4/4 35 1 5 0 0 88 35 1 5 1 5 94 45 1 5 0 1 102 35 1 5 1 15 94 24 0 1 0 2 86 54 1 5 0 3 93 74 1 5 1 35 105
4/4 14 1 5 0 0 91 14 1 5 1 5 91 74 1 5 0 1 89 64 1 5 1 15 99 74 2 175 0 2 102
4/4 74 1 5 0 0 95 64 1 5 1 5 102 64 1 5 0 1 104 524 1 5 1 15 105 64 0 1 0 2 93 34 1 5 0 3 85 64 1 5 1 35 105
4/4 74 1 15 0 0 104 714 1 5 1 15 105 74 0 1 0 2 97 14 1 5 0 3 97 24 1 5 1 35 85
4/4 35 1 5 0 0 98 35 1 5 1 5 92 45 1 5 0 1 101 35 1 5 1 15 98 24 0 1 0 2 104 54 1 5 0 3 96 74 1 5 1 35 97
4/4 14 1 5 0 0 87 14 1 5 1 5 104 74 1 5 0 1 96 64 1 5 1 15 97 74 2 175 0 2 93
4/4 74 1 5 0 0 95 64 1 5 1 5 86 64 1 5 0 1 91 524 1 5 1 15 95 64 0 1 0 2 87 74 1 5 0 3 101 714 1 5 1 35 100
4/4 224 1 5 0 0 92 714 1 5 1 5 99 714 1 5 0 1 100 74 1 5 1 15 97 714 0 1 0 2 85 74 3 333 0 3 94 714 3 333 3 3333 94 224 3 333 3 3667 87
4/4 35 2 275 0 0 91 14 1 5 0 3 87 24 1 5 1 35 88
4/4 35 2 225 0 0 98 35 1 5 1 25 86 24 1 5 0 3 88 35 1 5 1 35 93
4/4 45 2 175 0 0 85 74 1 5 1 25 86 35 1 5 0 3 87 24 1 5 1 35 93
4/4 35 2 375 0 0 100
4/4
4/4
4/4
4/4
4/4 54 1 5 1 5 97 54 1 5 0 1 85 54 1 5 1 15 105 54 1 5 0 2 85 44 1 5 1 25 103 54 1 5 0 3 90 14 1 5 1 35 95
4/4 54 1 5 0 0 99 44 3 3333 1 5 86
4/4 44 1 5 1 5 90 44 1 5 0 1 105 44 1 5 1 15 97 44 1 5 0 2 92 34 1 5 1 25 88 44 1 5 0 3 90 74 1 5 1 35 98
4/4 44 1 5 0 0 105 34 1 5 1 5 105 23 1 5 0 1 101 34 3 1333 1 15 87 13 2 25 1 35 90 23 2 25 2 375 90
4/4 34 1 5 0 0 95 34 1 5 1 5 94 34 1 5 0 1 97 34 1 5 1 15 100 34 0 1 0 2 94 13 2 25 1 35 105 23 2 25 2 375 86
4/4 34 1 5 0 0 92 34 1 5 1 5 87 34 1 5 0 1 95 34 1 5 1 15 100 23 2 75 0 2 88 34 2 25 2 275 91 13 2 25 1 35 85 23 2 25 2 375 99
4/4 34 3 667 0 0 94 34 3 667 3 667 95 34 3 667 3 1333 101 34 3 667 0 2 86 74 3 667 3 2667 92 34 3 667 3 3333 101
4/4 44 2 175 0 0 92 54 0 1 0 2 97 64 0 1 0 3 90
4/4 74 1 5 0 0 103 74 1 5 1 5 101 74 1 5 0 1 105 74 1 5 1 15 98 74 1 5 0 2 85 64 1 5 1 25 101 54 1 5 0 3 102 44 1 5 1 35 86
4/4 44 1 5 0 0 105 54 1 5 1 5 105 34 2 175 0 1 96 54 1 5 0 3 88 64 1 5 1 35 90
4/4 74 1 5 0 0 98 74 1 5 1 5 93 74 1 5 0 1 94 74 1 5 1 15 103 74 1 5 0 2 99 64 1 5 1 25 98 54 1 5 0 3 100 44 1 5 1 35 88
4/4 44 1 5 0 0 99 54 2 225 1 5 93 34 1 5 0 3 91 44 1 5 1 35 103
4/4 54 1 15 0 0 86 13 1 5 1 15 100 34 0 2 0 2 95
4/4 34 2 175 0 0 101 14 1 5 0 3 97 24 1 5 1 35 86
4/4 35 1 5 0 0 97 35 1 5 1 5 91 45 1 5 0 1 105 35 1 5 1 15 100 24 0 1 0 2 93 54 1 5 0 3 100 74 1 5 1 35 94
4/4 14 1 5 0 0 98 14 1 5 1 5 96 74 1 5 0 1 94 64 1 5 1 15 103 74 2 175 0 2 105
4/4 74 1 5 0 0 98 64 1 5 1 5 94 64 1 5 0 1 94 524 1 5 1 15 98 64 0 1 0 2 85 34 1 5 0 3 100 64 1 5 1 35 86
4/4 74 1 15 0 0 99 714 1 5 1 15 96 74 0 1 0 2 97 14 1 5 0 3 91 24 1 5 1 35 97
4/4 35 1 5 0 0 91 35 1 5 1 5 101 45 1 5 0 1 99 35 1 5 1 15 105 24 0 1 0 2 97 54 1 5 0 3 105 74 1 5 1 35 92
4/4 14 1 5 0 0 96 14 1 5 1 5 92 74 1 5 0 1 94 64 1 5 1 15 104 74 2 175 0 2 90
4/4 74 1 5 0 0 91 64 1 5 1 5 90 64 1 5 0 1 89 524 1 5 1 15 88 64 0 1 0 2 94 74 1 5 0 3 98 714 1 5 1 35 99
4/4 224 1 5 0 0 91 714 1 5 1 5 92 714 1 5 0 1 93 74 1 5 1 15 90 714 0 1 0 2 101 74 3 333 0 3 99 714 3 333 3 3333 86 224 3 333 3 3667 103
4/4 35 2 275 0 0 100 14 1 5 0 3 104 24 1 5 1 35 100
4/4 35 2 225 0 0 87 35 1 5 1 25 98 24 1 5 0 3 104 35 1 5 1 35 86
4/4 45 2 175 0 0 102 74 1 5 1 25 101 35 1 5 0 3 88 24 1 5 1 35 95
4/4 35 2 375 0 0 93
4/4
4/4
4/4
4/4
4/4
4/4
4/4 14 1 5 0 3 100 24 1 5 1 35 91
4/4 35 1 5 0 0 85 35 1 5 1 5 101 45 1 5 0 1 102 35 1 5 1 15 90 24 0 1 0 2 96 54 1 5 0 3 90 74 1 5 1 35 88
4/4 14 1 5 0 0 102 14 1 5 1 5 95 74 1 5 0 1 92 64 1 5 1 15 99 74 2 175 0 2 89
4/4 74 1 5 0 0 105 64 1 5 1 5 86 64 1 5 0 1 92 524 1 5 1 15 95 64 0 1 0 2 97 34 1 5 0 3 98 64 1 5 1 35 92
4/4 74 1 15 0 0 94 714 1 5 1 15 86 74 0 1 0 2 94 14 1 5 0 3 98 24 1 5 1 35 91
4/4 35 1 5 0 0 85 35 1 5 1 5 87 45 1 5 0 1 95 35 1 5 1 15 85 24 0 1 0 2 103 54 1 5 0 3 103 74 1 5 1 35 99
4/4 14 1 5 0 0 105 14 1 5 1 5 99 74 1 5 0 1 87 64 1 5 1 15 101 74 2 175 0 2 86
4/4 74 1 5 0 0 99 64 1 5 1 5 92 64 1 5 0 1 94 524 1 5 1 15 86 64 0 1 0 2 105 74 1 5 0 3 88 714 1 5 1 35 89
4/4 224 1 5 0 0 101 714 1 5 1 5 93 714 1 5 0 1 105 74 1 5 1 15 92 714 0 1 0 2 100 74 3 333 0 3 86 714 3 333 3 3333 90 224 3 333 3 3667 99
4/4 35 2 275 0 0 104 14 1 5 0 3 88 24 1 5 1 35 91
4/4 35 2 225 0 0 105 35 1 5 1 25 96 24 1 5 0 3 99 35 1 5 1 35 90
4/4 45 2 175 0 0 97 74 1 5 1 25 101 35 1 5 0 3 85 24 1 5 1 35 97
4/4 35 2 125 0 0 103 54 1 5 1 15 96 54 1 5 0 2 97 44 1 5 1 25 92 54 1 5 0 3 85 14 1 5 1 35 103
4/4 54 1 5 0 0 96 44 1 5 1 5 87 44 2 275 0 1 89
4/4 54 1 5 0 0 91 44 3 3333 1 5 87
4/4 44 1 5 1 5 105 44 1 5 0 1 86 44 1 5 1 15 89 44 1 5 0 2 104 34 1 5 1 25 102 44 1 5 0 3 96 74 1 5 1 35 87
4/4 44 1 5 0 0 101 34 1 5 1 5 88 23 1 5 0 1 93 34 3 1333 1 15 93 13 2 25 1 35 99 23 2 25 2 375 102
4/4 34 1 5 0 0 92 34 1 5 1 5 97 34 1 5 0 1 101 34 1 5 1 15 101 34 3 667 0 2 93 23 3 667 3 2667 91 13 3 667 3 3333 92
4/4 13 0 1 0 0 98 73 2 175 0 1 92 13 2 75 0 3 91 34 2 25 2 375 85
4/4 13 0 1 0 0 99 73 2 275 0 1 90
