6/8
6/8 63 2 25 1 25 72 73 2 25 2 275 73
6/8 13 2 25 0 0 66 63 2 25 2 25 68 34 2 75 1 5 71 13 2 25 2 125 59 73 1 5 1 15 70 34 1 5 0 2 76 73 1 5 1 25 73
6/8 63 2 25 0 0 68 43 2 25 2 25 66 13 2 75 1 5 77 63 2 25 2 125 74 53 0 1 1 15 79 63 2 25 1 25 68 53 2 25 2 275 66
6/8 43 1 5 0 0 78 53 1 5 1 5 68 63 2 25 0 1 67 73 2 25 2 125 74 33 1 5 1 15 68 63 1 5 0 2 67 73 2 25 1 25 79 13 2 25 2 275 77
6/8 223 1 5 0 0 65 223 0 1 1 5 64 12 0 1 1 5 63 73 2 25 0 1 68 63 2 25 2 125 77 73 0 1 1 15 67 63 2 25 1 25 69 73 2 25 2 275 64
6/8 13 2 25 0 0 73 63 2 25 2 25 73 34 2 75 1 5 65 13 2 25 2 125 65 73 1 5 1 15 73 34 1 5 0 2 68 73 1 5 1 25 71
6/8 63 2 25 0 0 73 43 2 25 2 25 77 43 1 5 1 5 61 53 2 25 0 1 66 63 2 25 2 125 73 33 2 125 1 15 68 33 2 25 2 275 62
6/8 43 1 5 0 0 71 53 1 5 1 5 67 63 2 25 0 1 72 73 2 25 2 125 61 33 1 5 1 15 66 63 1 5 0 2 73 73 2 25 1 25 70 13 2 25 2 275 74
6/8 223 1 5 0 0 65 223 0 1 1 5 60 12 0 1 1 5 68 73 2 25 0 1 65 63 2 25 2 125 67 63 1 15 1 15 67
6/8 13 2 25 0 1 76 223 2 25 2 125 77 34 1 5 1 15 67 34 1 5 0 2 54 34 1 5 1 25 54
6/8 34 1 5 0 0 66 34 0 1 1 5 79 43 0 1 1 5 61 34 2 25 0 1 77 223 2 25 2 125 77 13 1 5 1 15 66 13 1 5 0 2 49 13 1 5 1 25 48
6/8 13 1 5 0 0 52 13 0 1 1 5 63 222 0 1 1 5 69 13 2 25 0 1 71 73 2 25 2 125 67 63 1 5 1 15 60 63 1 5 0 2 50 63 2 25 1 25 65 53 2 25 2 275 60
6/8 43 1 5 0 0 64 53 1 5 1 5 77 53 2 25 0 1 77 63 2 25 2 125 70 73 1 5 1 15 59 73 0 1 0 2 74 12 0 1 0 2 60 73 2 25 1 25 60 13 2 25 2 275 73
6/8 73 0 1 0 0 81 13 2 25 0 1 68 223 2 25 2 125 61 34 1 5 1 15 57 34 1 5 0 2 57 34 1 5 1 25 55
6/8 34 1 5 0 0 63 34 0 1 1 5 74 43 0 1 1 5 65 34 2 25 0 1 65 223 2 25 2 125 63 13 1 5 1 15 48 13 1 5 0 2 55 13 1 5 1 25 62
6/8 13 2 25 0 0 68 223 0 1 2 25 76 12 0 1 2 25 60 73 0 1 2 75 69 62 0 1 2 75 71 53 2 25 2 125 68 43 0 1 2 175 74 42 0 1 2 175 59 53 0 1 2 225 77 62 0 1 2 225 75 73 2 25 2 275 66
6/8 33 1 5 0 0 73 63 1 5 1 5 61 73 2 25 0 1 59 13 2 25 2 125 68 73 2 75 1 15 66 73 0 1 2 225 66 72 0 1 2 225 65 63 2 25 2 275 64
6/8 63 1 15 0 0 78
6/8 64 2 25 0 1 63 74 2 25 2 125 77 14 2 25 1 15 77 64 2 25 2 175 65 35 2 75 0 2 80 14 2 25 2 275 75
6/8 74 1 5 0 0 75 35 1 5 1 5 62 74 1 5 0 1 63 64 2 25 1 15 66 44 2 25 2 175 81 14 2 75 0 2 64 64 2 25 2 275 70
6/8 54 0 1 0 0 72 64 2 25 0 1 78 54 2 25 2 125 63 44 1 5 1 15 65 54 1 5 0 2 76 64 2 25 1 25 80 74 2 25 2 275 66
6/8 34 1 5 0 0 85 64 1 5 1 5 66 74 2 25 0 1 65 14 2 25 2 125 67 224 1 5 1 15 70 224 0 1 0 2 72 13 0 1 0 2 63 74 2 25 1 25 74 64 2 25 2 275 78
6/8 74 0 1 0 0 86 64 2 25 0 1 70 74 2 25 2 125 70 14 2 25 1 15 65 64 2 25 2 175 67 35 2 75 0 2 78 14 2 25 2 275 62
6/8 74 1 5 0 0 81 35 1 5 1 5 76 74 1 5 0 1 80 64 2 25 1 15 70 44 2 25 2 175 61 44 1 5 0 2 61 54 2 25 1 25 78 64 2 25 2 275 77
6/8 34 0 1 0 0 75 34 1 5 0 1 64 44 1 5 1 15 61 54 1 5 0 2 65 64 2 25 1 25 78 74 2 25 2 275 80
6/8 34 1 5 0 0 86 64 1 5 1 5 63 74 2 25 0 1 71 14 2 25 2 125 61 224 1 5 1 15 64 224 0 1 0 2 75 13 0 1 0 2 62 74 2 25 1 25 65 64 2 25 2 275 74
6/8 64 1 15 0 0 68
6/8 62 1 5 1 5 54 12 1 5 0 1 55 62 1 5 0 2 66 12 1 5 1 25 65
6/8 62 1 5 1 5 65 12 1 5 0 1 56 62 1 5 0 2 72 12 1 5 1 25 68
6/8 62 1 5 1 5 60 12 1 5 0 1 70 33 1 5 0 2 67 53 1 5 1 25 66
6/8 12 1 5 1 5 62 43 1 5 0 1 59 52 1 5 0 2 58 12 1 5 1 25 67
6/8 62 1 5 1 5 63 222 1 5 0 1 54 62 1 5 0 2 58 12 1 5 1 25 71
6/8 72 1 5 1 5 57 222 1 5 0 1 58 72 1 5 0 2 70 33 1 5 1 25 64
6/8 62 1 5 1 5 74 12 1 5 0 1 74 33 1 5 0 2 61 53 1 5 1 25 61
6/8 12 1 5 1 5 73 43 1 5 0 1 70 52 1 5 0 2 63 12 1 5 1 25 72
6/8 62 1 5 1 5 59 222 1 5 0 1 62 62 1 5 0 2 66 12 1 5 1 25 66
6/8 72 1 5 1 5 63 33 1 5 0 1 67 62 1 5 0 2 55 12 1 5 1 25 62
6/8 62 1 5 1 5 71 12 1 5 0 1 62 62 1 5 0 2 67 12 1 5 1 25 58
6/8 33 1 5 1 5 54 53 1 5 0 1 69 12 1 5 0 2 72 43 1 5 1 25 64
6/8 52 1 5 1 5 59 12 1 5 0 1 71 43 1 5 0 2 73
6/8 222 1 5 1 5 74 43 1 5 0 2 62
6/8 72 1 5 1 5 71 33 1 5 0 1 73 62 1 5 0 2 54 12 1 5 1 25 54
6/8 33 1 5 1 5 55 53 1 5 0 1 54 12 1 5 0 2 72 43 1 5 1 25 59
6/8 52 1 5 1 5 70 12 1 5 0 1 65 62 1 5 0 2 71 222 1 5 1 25 70
6/8 62 1 5 1 5 72 12 1 5 0 1 68 33 1 5 0 2 61 43 1 5 1 25 65
6/8 62 1 5 1 5 57 12 1 5 0 1 69 62 1 5 0 2 55 12 1 5 1 25 63
6/8 13 1 15 1 15 64
6/8 73 1 15 0 0 68 63 1 15 1 15 72
6/8 53 1 15 0 0 68 43 1 15 1 15 70
6/8 33 0 1 0 0 68 73 2 25 0 1 74 13 2 25 2 125 71 223 1 5 1 15 69 34 1 5 0 2 66 44 1 5 1 25 62
6/8 13 1 15 0 1 64
6/8 73 1 15 0 0 85 63 1 5 1 15 73 73 1 5 0 2 63 63 1 5 1 25 76
6/8 53 0 1 0 0 86 13 1 5 0 1 80 223 0 1 1 15 67 223 1 5 1 25 66
6/8 13 0 1 0 0 67 13 1 5 0 1 77 223 1 5 1 15 68 44 1 5 0 2 62 223 1 5 1 25 77
6/8 13 1 15 0 0 78
6/8 61 1 5 0 0 79 32 1 5 1 5 76 32 1 5 0 1 63 61 1 5 1 15 61 32 1 5 0 2 79 32 1 5 1 25 79
6/8 61 1 5 0 0 81 32 1 5 1 5 64 32 1 5 0 1 79 61 1 5 1 15 61 32 1 5 0 2 66 32 1 5 1 25 64
6/8 61 1 5 0 0 69 32 1 5 1 5 68 32 1 5 0 1 68 32 1 5 1 15 70 72 1 5 0 2 78 72 1 5 1 25 66
6/8 42 1 5 0 0 79 62 1 5 1 5 77 62 1 5 0 1 81 11 1 5 1 15 68 32 1 5 0 2 62 32 1 5 1 25 79
6/8 221 1 5 0 0 69 42 1 5 1 5 63 42 1 5 0 1 65 11 1 5 1 15 70 32 1 5 0 2 75 32 1 5 1 25 69
6/8 71 1 5 0 0 85 42 1 5 1 5 72 42 1 5 0 1 72 32 1 5 1 15 80 52 1 5 0 2 75 52 1 5 1 25 78
6/8 61 1 5 0 0 80 32 1 5 1 5 76 32 1 5 0 1 81 32 1 5 1 15 77 72 1 5 0 2 74 72 1 5 1 25 73
6/8 42 1 5 0 0 76 62 1 5 1 5 71 62 1 5 0 1 77 11 1 5 1 15 64 52 1 5 0 2 71 52 1 5 1 25 66
6/8 221 1 5 0 0 84 42 1 5 1 5 79 42 1 5 0 1 62 11 1 5 1 15 66 32 1 5 0 2 76 32 1 5 1 25 69
6/8 71 1 5 0 0 75 42 1 5 1 5 63 52 1 5 0 1 71 61 1 5 1 15 78 32 1 5 0 2 78 32 1 5 1 25 62
6/8 61 1 5 0 0 73 32 1 5 1 5 73 32 1 5 0 1 65 61 1 5 1 15 81 32 1 5 0 2 81 32 1 5 1 25 63
6/8 32 1 5 0 0 76 72 1 5 1 5 81 72 1 5 0 1 73 42 1 5 1 15 73 62 1 5 0 2 78 62 1 5 1 25 70
6/8 11 1 5 0 0 83 32 1 5 1 5 61 32 1 5 0 1 75 42 1 5 1 15 76 12 1 5 0 2 78 42 1 5 1 25 65
6/8 221 1 5 0 0 82 62 1 5 1 5 67 221 1 5 0 1 67 71 1 5 1 15 74 221 1 5 0 2 68 71 1 5 1 25 67
6/8 32 1 5 0 0 80 52 1 5 1 5 81 52 1 5 0 1 80 61 1 5 1 15 74 32 1 5 0 2 77 32 1 5 1 25 74
6/8 32 1 5 0 0 74 72 1 5 1 5 76 72 1 5 0 1 69 42 1 5 1 15 70 62 1 5 0 2 71 62 1 5 1 25 73
6/8 11 1 5 0 0 77 32 1 5 1 5 74 32 1 5 0 1 68 221 1 5 1 15 62 42 1 5 0 2 64 42 1 5 1 25 75
6/8 11 1 5 0 0 74 32 1 5 1 5 71 32 1 5 0 1 62 221 1 5 1 15 62 72 1 5 0 2 74 72 1 5 1 25 75
6/8 61 1 5 0 0 68 32 1 5 1 5 68 32 1 5 0 1 68 61 1 5 1 15 61 32 1 5 0 2 81 32 1 5 1 25 68
6/8 61 1 5 0 0 66 32 1 5 1 5 65 12 1 5 0 1 72 61 1 5 1 15 71 32 1 5 0 2 68 12 1 5 1 25 65
6/8 32 1 5 0 0 74 72 1 5 1 5 71 53 1 5 0 1 69 42 1 5 1 15 65 62 1 5 0 2 67 43 1 5 1 25 69
6/8 11 1 5 0 0 72 32 1 5 1 5 76 12 1 5 0 1 81 221 1 5 1 15 64 42 1 5 0 2 73 222 1 5 1 25 73
6/8 11 1 5 0 0 84 32 1 5 1 5 76 12 1 5 0 1 63 221 1 5 1 15 65 42 1 5 0 2 63 222 1 5 1 25 74
6/8 32 1 5 0 0 66 52 1 5 1 5 71 33 1 5 0 1 69 61 1 5 1 15 81 32 1 5 0 2 64 12 1 5 1 25 65
6/8 32 1 5 0 0 68 72 1 5 1 5 73 33 1 5 0 1 66 42 1 5 1 15 62 62 1 5 0 2 68 43 1 5 1 25 74
6/8 11 1 5 0 0 70 32 1 5 1 5 64 12 1 5 0 1 80 221 1 5 1 15 62 42 1 5 0 2 77 222 1 5 1 25 69
6/8 11 1 5 0 0 78 32 1 5 1 5 81 222 1 5 0 1 76 221 1 5 1 15 78 42 1 5 0 2 76 33 1 5 1 25 72
6/8 61 1 15 0 0 78
