4/4 45 1 5 0 0 62 14 1 5 1 5 65 35 1 5 0 1 69 74 1 5 1 15 63 14 1 5 0 2 71 54 1 5 1 25 63 64 1 5 0 3 61 74 1 5 1 35 62
4/4 45 1 5 0 0 57 14 1 5 1 5 61 35 1 5 0 1 55 74 1 5 1 15 60 55 1 5 0 2 71 14 1 5 1 25 62 45 1 5 0 3 60 55 1 5 1 35 69
4/4 45 1 5 0 0 70 14 1 5 1 5 62 35 1 5 0 1 58 74 1 5 1 15 68 14 1 5 0 2 64 54 1 5 1 25 60 64 1 5 0 3 59 74 1 5 1 35 61
4/4 45 1 5 0 0 57 14 1 5 1 5 68 35 1 5 0 1 66 74 1 5 1 15 63 55 1 5 0 2 69 14 1 5 1 25 58 45 1 5 0 3 71 55 1 5 1 35 58
4/4 45 1 5 0 0 56 44 1 15 0 0 59 14 1 5 1 5 72 35 1 5 0 1 56 74 1 5 1 15 55 44 1 15 1 15 71 14 1 5 0 2 68 54 1 5 1 25 54 64 1 5 0 3 55 44 0 1 0 3 69 74 1 5 1 35 55
4/4 45 1 5 0 0 63 44 1 5 0 0 67 14 1 5 1 5 69 44 1 35 1 5 70 35 1 5 0 1 59 74 1 5 1 15 61 55 1 5 0 2 74 14 1 5 1 25 61 45 1 5 0 3 54 55 1 5 1 35 54
4/4 45 1 5 0 0 61 43 0 1 0 0 64 12 0 1 0 0 66 14 1 5 1 5 72 35 1 5 0 1 64 74 1 5 1 15 73 14 1 5 0 2 61 54 1 5 1 25 68 64 1 5 0 3 56 74 1 5 1 35 73
4/4 45 1 5 0 0 63 43 0 1 0 0 65 12 0 1 0 0 58 14 1 5 1 5 67 35 1 5 0 1 71 74 1 5 1 15 62 55 1 5 0 2 62 14 1 5 1 25 64 45 1 5 0 3 69 55 1 5 1 35 68
4/4 44 1 5 0 0 70 42 0 4 0 0 63 13 1 5 1 5 69 34 0 1 0 1 62 63 0 1 0 1 72 73 1 5 1 15 59 13 0 1 0 2 58 53 0 1 0 2 69 53 1 5 1 25 68 63 0 1 0 3 62 33 0 1 0 3 58 73 1 5 1 35 74
4/4 44 1 5 0 0 66 42 0 4 0 0 61 13 1 5 1 5 63 34 0 1 0 1 65 63 0 1 0 1 58 73 1 5 1 15 57 54 1 5 0 2 61 13 1 5 1 25 59 44 1 5 0 3 67 54 1 5 1 35 57
4/4 44 1 5 0 0 69 42 0 4 0 0 73 13 1 5 1 5 57 34 0 1 0 1 59 63 0 1 0 1 74 73 1 5 1 15 57 13 0 1 0 2 59 53 0 1 0 2 73 53 1 5 1 25 66 63 0 1 0 3 57 33 0 1 0 3 73 73 1 5 1 35 71
4/4 44 1 5 0 0 67 42 0 4 0 0 67 13 1 5 1 5 71 34 0 1 0 1 67 63 0 1 0 1 63 73 1 5 1 15 62 54 1 5 0 2 63 13 1 5 1 25 61 44 1 5 0 3 56 54 1 5 1 35 56
4/4 42 0 4 0 0 62 13 1 5 0 1 67 44 1 25 1 15 64
4/4 34 1 15 0 0 57 42 0 4 0 0 55 53 1 25 1 15 67
4/4 221 0 4 0 0 68 44 1 5 1 5 61 34 1 5 0 1 74 13 1 5 1 15 55 73 1 5 0 2 65 63 2 75 2 275 68 73 1 5 1 35 64
4/4 32 0 4 0 0 68 44 1 5 1 5 67 34 1 5 0 1 67 13 1 5 1 15 68 73 0 1 0 2 58 53 0 1 0 2 62 64 2 75 2 275 58 54 1 5 1 35 56
4/4 11 0 4 0 0 63 44 1 5 1 5 67 34 1 5 0 1 60 13 1 5 1 15 57 73 1 5 0 2 60 63 2 75 2 275 54 73 1 5 1 35 68
4/4 11 0 4 0 0 62 44 1 5 1 5 57 34 1 5 0 1 64 13 1 5 1 15 69 73 0 1 0 2 61 53 0 1 0 2 63 13 2 75 2 275 61 54 1 5 1 35 60
4/4 73 0 1 0 0 72 33 0 1 0 0 59 221 0 4 0 0 70 13 0 1 1 5 72 43 0 1 1 5 70
4/4 34 0 1 0 0 60 63 0 1 0 0 62 32 0 4 0 0 71 44 0 1 1 5 61 73 0 1 1 5 74 64 2 25 1 35 58 74 2 25 2 375 74
4/4 54 0 1 0 0 72 13 0 1 0 0 60 11 0 4 0 0 64
4/4 11 0 2 0 0 65 54 0 1 0 0 69 13 0 1 0 0 62 44 0 1 0 2 63 74 0 1 0 2 66 11 0 1 0 2 72 54 0 1 0 3 72 14 0 1 0 3 63 11 0 1 0 3 62
4/4 44 0 1 0 0 70 64 0 1 0 0 68 13 0 1 0 0 66 42 1 5 0 0 72 12 1 5 1 5 70 33 1 5 0 1 58 43 1 5 1 15 60 72 1 5 0 2 68 12 1 5 1 25 55 33 1 5 0 3 59 43 1 5 1 35 65
4/4 42 1 5 0 0 64 12 1 5 1 5 63 33 1 5 0 1 74 43 1 5 1 15 70 72 1 5 0 2 71 12 1 5 1 25 72 53 1 5 0 3 59 33 1 5 1 35 59
4/4 42 1 5 0 0 56 12 1 5 1 5 74 33 1 5 0 1 60 43 1 5 1 15 71 72 1 5 0 2 73 12 1 5 1 25 69 33 1 5 0 3 64 43 1 5 1 35 73
4/4 42 1 5 0 0 62 12 1 5 1 5 55 33 1 5 0 1 66 43 1 5 1 15 68 72 1 5 0 2 58 12 1 5 1 25 74 53 1 5 0 3 59 33 1 5 1 35 61
4/4 73 0 1 0 0 63 12 0 1 0 0 73 42 0 1 0 0 67 73 0 1 1 5 62 12 0 1 1 5 72 63 0 1 0 1 55 12 0 1 0 1 69 73 0 1 1 15 60 13 0 1 1 15 66 41 0 1 1 15 71 73 0 1 0 2 71 12 0 1 0 2 62 73 0 1 1 25 62 12 0 1 1 25 60 73 0 1 0 3 63 12 0 1 0 3 66 73 0 1 1 35 54 12 0 1 1 35 60
4/4 73 0 1 0 0 57 12 0 1 0 0 72 42 0 1 0 0 74 73 0 1 1 5 58 12 0 1 1 5 57 63 0 1 0 1 69 12 0 1 0 1 56 73 0 1 1 15 66 13 0 1 1 15 69 41 0 1 1 15 64 73 0 1 0 2 64 12 0 1 0 2 68 73 0 1 1 25 62 12 0 1 1 25 69 73 0 1 0 3 64 12 0 1 0 3 59 73 0 1 1 35 66 13 0 1 1 35 71 11 0 1 1 35 57
4/4 73 0 1 0 0 54 33 0 1 0 0 60 42 0 1 0 0 69 73 0 1 1 5 62 33 0 1 1 5 54 63 0 1 0 1 55 33 0 1 0 1 60 73 0 1 1 15 66 34 0 1 1 15 73 41 0 1 1 15 57 73 0 1 0 2 57 33 0 1 0 2 71 73 0 1 1 25 73 33 0 1 1 25 74 73 0 1 0 3 64 33 0 1 0 3 71 73 0 1 1 35 59 33 0 1 1 35 58
4/4 73 0 1 0 0 58 33 0 1 0 0 64 42 0 1 0 0 70 73 0 1 1 5 63 33 0 1 1 5 65 63 0 1 0 1 73 33 0 1 0 1 74 73 0 1 1 15 70 34 0 1 1 15 65 41 0 1 1 15 68 73 0 1 0 2 74 33 0 1 0 2 68 73 0 1 1 25 67 33 0 1 1 25 65 73 0 1 0 3 61 33 0 1 0 3 69 73 0 1 1 35 59 34 0 1 1 35 69 11 0 1 1 35 58
4/4 73 0 1 0 0 58 53 0 1 0 0 59 42 0 1 0 0 59 73 0 1 1 5 67 53 0 1 1 5 58 63 0 1 0 1 72 53 0 1 0 1 71 73 0 1 1 15 54 54 0 1 1 15 70 41 0 1 1 15 65 73 0 1 0 2 60 53 0 1 0 2 74 73 0 1 1 25 62 53 0 1 1 25 68 73 0 1 0 3 73 53 0 1 0 3 58 73 0 1 1 35 55 53 0 1 1 35 65
4/4 73 0 1 0 0 69 53 0 1 0 0 57 42 0 1 0 0 60 73 0 1 1 5 73 53 0 1 1 5 63 63 0 1 0 1 72 53 0 1 0 1 66 73 0 1 1 15 56 54 0 1 1 15 71 41 0 1 1 15 69 73 0 1 0 2 73 53 0 1 0 2 72 73 0 1 1 25 69 53 0 1 1 25 60 73 0 1 0 3 72 53 0 1 0 3 62 73 0 1 1 35 68 54 0 1 1 35 58 11 0 1 1 35 60
4/4 42 2 25 0 0 60 62 2 25 2 25 73 72 2 25 1 5 72 12 2 25 2 75 59 33 2 25 0 1 63 43 2 25 2 125 57 63 2 25 1 15 73 73 2 25 2 175 60 13 2 25 0 2 67 34 2 25 2 225 73 44 2 25 1 25 73 64 2 25 2 275 74 44 1 5 0 3 56 223 1 5 1 35 63
4/4 34 1 5 0 0 56 73 2 25 1 5 55 13 2 25 2 75 64 44 1 5 0 1 58 13 1 5 1 15 68 54 1 5 0 2 59 73 2 25 1 25 55 13 2 25 2 275 73 44 1 5 0 3 67 13 1 5 1 35 70
4/4 34 1 5 0 0 54 42 0 1 0 0 64 73 2 25 1 5 54 13 2 25 2 75 61 44 1 5 0 1 63 13 1 5 1 15 67 44 2 25 0 2 70 34 2 25 2 225 65 54 2 25 1 25 68 64 2 25 2 275 71 44 1 5 0 3 68 13 1 5 1 35 60
4/4 34 1 5 0 0 55 73 2 25 1 5 72 13 2 25 2 75 65 44 1 5 0 1 55 13 1 5 1 15 60 54 1 5 0 2 62 42 0 1 0 2 56 73 2 25 1 25 70 13 2 25 2 275 68 44 1 5 0 3 73 13 1 5 1 35 74
3/4 34 1 5 0 0 63 73 2 25 1 5 70 13 2 25 2 75 72 44 1 5 0 1 62 13 1 5 1 15 54 44 2 25 0 2 69 34 2 25 2 225 67 54 2 25 1 25 67 64 2 25 2 275 71
4/4 44 0 1 0 0 71 63 0 1 0 0 69 221 1 5 0 0 57 62 1 5 1 5 70 221 1 5 0 1 56 62 1 5 1 15 59 221 1 5 0 2 73 62 1 5 1 25 59 221 1 5 0 3 73 62 1 5 1 35 66
4/4 54 0 2 0 0 63 32 1 5 0 0 67 72 1 5 1 5 61 32 1 5 0 1 61 72 1 5 1 15 54 34 0 1 0 2 55 32 1 5 0 2 61 72 1 5 1 25 62 13 0 1 0 3 64 32 1 5 0 3 60 72 1 5 1 35 61
4/4 34 0 1 0 0 59 11 1 5 0 0 61 52 1 5 1 5 57 44 0 3 0 1 61 11 1 5 0 1 71 52 1 5 1 15 66 11 1 5 0 2 70 52 1 5 1 25 56 11 1 5 0 3 69 52 1 5 1 35 57
4/4 11 1 5 0 0 73 44 0 4 0 0 57 52 1 5 1 5 68 11 1 5 0 1 57 52 1 5 1 15 64 11 1 5 0 2 70 52 1 5 1 25 70 11 1 5 0 3 56 52 1 5 1 35 70
4/4 44 0 1 0 0 65 63 0 1 0 0 62 221 1 5 0 0 70 62 1 5 1 5 61 221 1 5 0 1 54 62 1 5 1 15 55 221 1 5 0 2 72 62 1 5 1 25 64 221 1 5 0 3 61 62 1 5 1 35 71
4/4 54 0 2 0 0 55 32 1 5 0 0 72 72 1 5 1 5 65 32 1 5 0 1 74 72 1 5 1 15 70 34 0 1 0 2 54 32 1 5 0 2 58 72 1 5 1 25 74 13 0 1 0 3 59 32 1 5 0 3 58 72 1 5 1 35 54
4/4 34 0 1 0 0 62 11 1 5 0 0 56 52 1 5 1 5 63 44 0 3 0 1 69 11 1 5 0 1 64 52 1 5 1 15 57 11 1 5 0 2 61 52 1 5 1 25 62 11 1 5 0 3 64 52 1 5 1 35 64
4/4 34 0 1 0 0 66 53 0 1 0 0 67 11 1 5 0 0 68 52 1 5 1 5 64 11 1 5 0 1 54 52 1 5 1 15 62 11 1 5 0 2 58 52 1 5 1 25 68 11 1 5 0 3 60 52 1 5 1 35 58
4/4 42 0 1 0 0 60 13 1 5 1 5 63 44 0 3 0 1 67 42 1 5 1 15 70 11 1 5 1 35 70
4/4 34 1 15 0 0 67 42 0 1 0 0 73 53 1 25 1 15 66 42 1 5 1 15 63 11 1 5 1 35 61
4/4 42 0 1 0 0 66 73 1 5 1 5 57 34 0 3 0 1 71 42 1 5 1 15 72 11 1 5 1 35 59
4/4 23 1 15 0 0 60 42 0 1 0 0 58 43 1 25 1 15 63 42 1 5 1 15 61 71 1 5 0 2 74 11 1 5 1 25 64 42 1 5 0 3 73 52 1 5 1 35 63
4/4 14 0 4 0 0 57 34 0 1 0 0 59 64 0 1 0 0 68 41 0 1 0 0 56
4/4 14 0 4 0 0 62
4/4 42 0 1 0 0 66 14 0 1 0 0 72 74 0 1 0 1 72 51 0 1 0 1 69 64 0 1 0 2 70 61 0 1 0 2 55 54 0 1 0 3 69 71 0 1 0 3 70
4/4 44 0 1 0 0 55 11 0 1 0 0 61 13 0 2 0 1 69 42 0 1 0 1 69 222 0 1 0 2 54 73 1 5 0 3 73 12 0 1 0 3 64 13 1 5 1 35 62
4/4 54 1 25 0 0 73 72 0 1 0 0 69 32 0 1 0 1 69 12 0 1 0 2 57 44 1 5 1 25 65 54 1 5 0 3 74 72 0 1 0 3 60 64 1 5 1 35 71
4/4 74 0 2 0 0 71 62 0 1 0 0 62 221 0 1 0 1 69 34 0 2 0 2 64 72 0 1 0 2 74 62 0 1 0 3 71
4/4 52 0 1 0 0 61 34 0 1 0 0 68 223 1 5 0 1 65 11 0 1 0 1 65 13 1 5 1 15 62 73 0 2 0 2 70 21 0 1 0 2 62 312 0 1 0 3 64
4/4 54 0 1 0 0 60 42 0 1 0 0 72 72 0 1 0 0 61 11 0 1 0 0 62 44 1 15 0 0 70 34 1 5 1 15 67 64 0 2 0 2 64 223 0 1 0 2 72 522 0 1 0 2 68 71 0 1 0 2 60 43 0 2 0 2 71 13 0 1 0 3 60
4/4 223 0 1 0 0 55 44 0 1 0 0 67 73 0 1 0 0 56 522 0 1 0 0 64 71 0 1 0 0 62 43 0 1 0 0 57 33 0 2 0 1 59
