4/4 54 0 2 0 2 55
4/4 56 0 4 0 0 55 24 0 4 0 0 64 54 0 4 0 0 69
4/4 74 0 2 0 0 65 56 1 15 0 0 55 54 0 8 0 0 63 25 1 5 1 15 55 55 3 667 0 2 74 14 0 2 0 2 66 15 3 667 3 2667 64 55 3 667 3 3333 60
4/4 45 0 3 0 0 72 14 0 2 0 0 55 24 0 2 0 2 71 55 2 25 1 35 63 615 2 25 2 375 68
4/4 75 1 35 0 0 66 13 0 1 0 0 67 34 0 1 0 0 63 54 0 1 0 0 59 55 1 5 1 35 72
4/4 25 1 5 0 0 59 23 0 1 0 0 58 44 0 1 0 0 71 614 0 1 0 0 69 15 1 35 1 5 68
4/4 54 0 1 0 0 74 74 0 1 0 0 54 25 1 5 1 5 56 55 1 5 0 1 67 15 1 25 1 15 63
4/4 54 0 1 0 0 55 74 0 1 0 0 71 75 1 5 1 5 58 24 1 5 0 1 67 615 1 25 1 15 68
4/4 54 1 5 0 0 72 53 0 1 0 0 69 73 0 1 0 0 60 54 1 5 1 5 68 54 1 5 0 1 65 614 1 5 1 15 63 614 1 15 0 2 61 53 0 1 0 2 69 13 0 1 0 2 72 614 1 5 1 35 69
4/4 74 0 1 0 0 71 53 0 1 0 0 68 34 0 1 0 0 66 614 0 1 0 1 61 44 1 15 0 2 67 53 0 1 0 2 73 13 0 1 0 2 54 23 1 5 1 35 63
4/4 54 0 1 0 0 54 53 0 1 0 0 63 73 0 1 0 0 63 53 0 1 0 2 59 73 0 1 0 2 72 54 1 5 1 25 68 54 1 5 0 3 64 24 1 5 1 35 60
4/4 24 0 1 0 0 62 12 0 1 0 0 55 33 0 1 0 0 61 73 0 1 0 0 64 12 0 1 0 2 56 33 0 1 0 2 63 73 0 1 0 2 68 54 1 5 1 25 61 54 1 5 0 3 60 24 1 5 1 35 64
4/4 24 1 5 0 0 57 43 0 1 0 0 68 613 0 1 0 0 63 14 1 25 1 5 57 43 0 1 0 2 57 613 0 1 0 2 74 614 1 5 0 3 70 74 1 5 1 35 60
2/4 614 1 15 0 0 72 43 0 1 0 0 71 613 0 1 0 0 69 44 1 5 1 15 63
4/4 54 0 3 0 0 55 23 1 5 1 5 72 53 1 5 0 1 63 13 1 5 1 15 71 73 1 5 0 2 71 22 1 5 1 25 72 54 0 1 0 3 57 53 0 1 0 3 63 614 0 1 1 35 73 43 0 1 1 35 62
4/4 74 0 1 0 0 58 33 0 1 0 0 59 53 0 1 0 0 65 614 1 5 0 1 70 74 1 5 1 15 70 14 0 1 0 2 56 33 0 1 0 2 54 613 0 1 0 2 68 74 1 5 0 3 65 14 1 5 1 35 69
4/4 24 0 1 0 0 73 22 0 1 0 0 74 43 0 1 0 0 69 13 0 1 0 0 70 14 1 5 0 1 54 24 1 5 1 15 69 35 0 1 0 2 55 222 0 1 0 2 66 43 0 1 0 2 64 713 0 1 0 2 72 35 1 5 1 35 68
4/4 24 1 5 0 0 70 12 0 1 0 0 69 33 0 1 0 0 57 53 0 1 0 0 69 54 1 5 1 5 67 54 1 5 0 1 60 24 1 5 1 15 54 14 1 15 0 2 57 22 0 1 0 2 57 43 0 1 0 2 68 613 0 1 0 2 69 44 1 5 1 35 70
4/4 54 0 4 0 0 67 53 0 1 0 0 60 13 0 1 0 0 70 53 0 1 0 2 58 713 0 1 0 2 69
4/4 63 0 1 0 0 74 13 0 1 0 0 54 54 0 1 1 5 60 63 0 1 1 5 59 13 0 1 1 5 70 74 1 5 0 1 68 54 0 1 1 15 65 63 0 1 1 15 74 13 0 1 1 15 60 44 0 1 0 2 59 63 0 1 0 2 66 13 0 1 0 2 59 34 0 1 1 25 55 63 0 1 1 25 61 13 0 1 1 25 62 13 1 5 0 3 66 54 0 1 1 35 66 63 0 1 1 35 70 13 0 1 1 35 71
4/4 54 1 15 0 0 65 53 0 1 0 0 70 73 0 1 0 0 69 53 0 1 1 5 56 73 0 1 1 5 58 44 0 1 1 15 54 53 0 1 1 15 59 73 0 1 1 15 66 54 2 25 2 175 62 74 0 1 0 2 68 53 0 1 0 2 57 73 0 1 0 2 74 14 0 1 1 25 64 53 0 1 1 25 60 73 0 1 1 25 68 74 2 125 2 275 57 53 0 1 1 35 56 73 0 1 1 35 57
4/4 63 0 1 0 0 71 13 0 1 0 0 66 54 0 1 1 5 69 63 0 1 1 5 56 13 0 1 1 5 71 74 1 5 0 1 64 54 0 1 1 15 71 63 0 1 1 15 59 13 0 1 1 15 61 44 0 1 0 2 73 63 0 1 0 2 74 13 0 1 0 2 57 34 0 1 1 25 74 63 0 1 1 25 54 13 0 1 1 25 67 13 1 5 0 3 72 54 0 1 1 35 65 63 0 1 1 35 59 13 0 1 1 35 72 54 2 25 2 375 59
4/4 53 0 1 0 0 69 73 0 1 0 0 61 54 0 1 0 0 61 53 0 1 1 5 61 73 0 1 1 5 61 44 0 1 1 15 55 53 0 1 1 15 63 73 0 1 1 15 62 54 2 25 2 175 68 74 0 1 0 2 69 53 0 1 0 2 72 73 0 1 0 2 61 14 2 25 2 225 67 74 0 1 1 25 55 53 0 1 1 25 63 73 0 1 1 25 65 54 0 1 1 35 63 53 0 1 1 35 69 73 0 1 1 35 68 74 2 25 2 375 73
4/4 14 0 1 0 0 60 43 0 1 0 0 73 63 0 1 0 0 70 14 0 1 1 5 68 43 0 1 1 5 54 63 0 1 1 5 55 14 1 15 0 1 59 43 0 1 1 15 61 63 0 1 1 15 58 43 0 1 0 2 54 63 0 1 0 2 55 74 0 1 1 25 73 43 0 1 1 25 69 63 0 1 1 25 72 74 1 5 0 3 71 14 0 1 1 35 70 43 0 1 1 35 73 63 0 1 1 35 58
4/4 24 0 3 0 0 72 53 0 1 0 0 73 73 0 1 0 0 62 53 0 1 1 5 68 73 0 1 1 5 61 53 0 1 1 15 56 73 0 1 1 15 66 53 0 1 0 2 56 73 0 1 0 2 56 53 0 1 1 25 57 73 0 1 1 25 59 54 0 1 1 35 73 53 0 1 1 35 68 73 0 1 1 35 67
4/4 35 1 5 0 0 72 13 1 15 0 0 65 24 1 5 1 5 62 74 1 5 0 1 54 54 0 1 1 15 60 13 0 1 1 15 62 74 1 5 0 2 62 53 0 1 0 2 59 23 0 1 0 2 73 14 1 5 1 25 73 74 1 5 0 3 68 14 1 5 1 35 74 53 0 1 1 35 64 23 0 1 1 35 71
4/4 63 0 1 0 0 56 34 0 1 0 0 73 14 0 3 0 0 61 63 0 1 1 15 59 34 0 1 1 15 66 73 0 1 0 2 69 23 0 1 0 2 72 73 0 1 1 25 61 23 0 1 1 25 61 54 0 1 1 35 73 73 0 1 1 35 71 23 0 1 1 35 55
4/4 35 1 5 0 0 68 13 1 15 0 0 62 24 1 5 1 5 56 74 1 5 0 1 73 54 0 1 1 15 60 13 0 1 1 15 63 74 1 5 0 2 60 53 0 1 0 2 55 23 0 1 0 2 64 14 1 5 1 25 71 24 1 5 0 3 73 14 1 5 1 35 63 53 0 1 1 35 66 23 0 1 1 35 63
4/4 63 0 1 0 0 57 34 0 1 0 0 73 14 0 3 0 0 54 63 0 1 1 15 60 34 0 1 1 15 65 73 0 1 0 2 63 23 0 1 0 2 70 73 0 1 1 25 71 23 0 1 1 25 58 14 1 5 0 3 62 35 0 1 1 35 58 73 0 1 1 35 56 23 0 1 1 35 59
4/4 45 0 1 0 0 68 63 0 1 0 0 55 13 0 1 0 0 63 55 0 1 0 1 61 63 0 1 1 15 69 13 0 1 1 15 72 45 0 1 0 2 74 53 0 1 0 2 64 713 0 1 0 2 57 23 0 1 0 2 58 35 1 5 0 3 73 24 0 1 1 35 62 53 0 1 1 35 74 713 0 1 1 35 74 23 0 1 1 35 74
4/4 54 0 3 0 0 66 13 0 1 0 0 64 34 0 1 0 0 73 13 0 1 1 15 66 34 0 1 1 15 59 73 0 1 0 2 71 34 0 1 0 2 65 73 0 1 1 25 69 34 0 1 1 25 67 54 1 5 0 3 72 74 0 1 1 35 63 73 0 1 1 35 58 34 0 1 1 35 59
4/4 14 0 1 0 0 62 63 0 1 0 0 59 34 0 1 0 0 58 54 1 5 0 1 74 74 0 1 1 15 62 63 0 1 1 15 64 34 0 1 1 15 74 14 1 5 0 2 64 73 0 1 0 2 67 44 0 1 0 2 71 35 1 5 1 25 74 24 1 5 0 3 61 74 0 1 1 35 74 73 0 1 1 35 57 44 0 1 1 35 69
4/4 14 0 4 0 0 72 13 0 1 0 0 60 44 0 1 0 0 61 13 0 1 1 5 63 44 0 1 1 5 67 13 0 1 1 15 61 44 0 1 1 15 60 13 0 1 0 2 56 314 0 1 0 2 62 13 0 1 1 25 56 314 0 1 1 25 61 13 0 1 1 35 63 314 0 1 1 35 74
4/4 223 0 1 0 0 64 44 0 1 0 0 61 14 0 1 0 1 65 223 0 1 1 15 56 44 0 1 1 15 58 224 0 1 0 2 65 223 0 1 0 2 66 44 0 1 0 2 60 35 0 1 0 3 74 223 0 1 1 35 68 44 0 1 1 35 64
4/4 45 0 2 0 0 66 13 0 1 0 0 72 34 0 1 0 0 61 54 0 1 0 0 74 13 0 1 1 15 58 34 0 1 1 15 57 54 0 1 1 15 58 55 0 2 0 2 67 13 0 1 0 2 72 34 0 1 0 2 57 54 0 1 0 2 70 13 0 1 1 35 68 34 0 1 1 35 55 54 0 1 1 35 68
4/4 63 0 1 0 0 72 13 0 1 0 0 74 54 0 1 0 0 70 55 0 1 0 0 55 55 0 1 0 1 58 63 0 1 1 15 55 13 0 1 1 15 56 54 0 1 1 15 59 65 0 1 0 2 58 63 0 1 0 2 57 13 0 1 0 2 57 54 0 1 0 2 68 63 0 1 1 25 63 13 0 1 1 25 54 54 0 1 1 25 61 75 0 1 0 3 60 63 0 1 1 35 63 13 0 1 1 35 66 54 0 1 1 35 59
4/4 15 0 2 0 0 61 23 0 1 0 0 59 44 0 1 0 0 61 23 0 1 1 15 54 44 0 1 1 15 55 25 0 2 0 2 72 23 0 1 0 2 54 44 0 1 0 2 56 23 0 1 1 35 62 44 0 1 1 35 70
4/4 23 0 1 0 0 68 44 0 1 0 0 56 25 0 2 0 0 67 23 0 1 1 15 69 44 0 1 1 15 59 36 0 1 2 175 61 316 0 1 2 175 71 46 0 2 0 2 60 23 0 1 0 2 59 44 0 1 0 2 65 23 0 1 1 25 68 44 0 1 1 25 70 23 0 1 1 35 65 44 0 1 1 35 73
4/4 54 2 25 0 0 56 614 2 25 2 25 62 53 2 25 1 5 60 23 2 25 2 75 65 54 2 25 0 1 74 614 2 25 2 125 70 53 2 25 1 15 61 23 2 25 2 175 54 54 2 25 0 2 71 614 2 25 2 225 70 53 2 25 1 25 55 23 2 25 2 275 73 54 2 25 0 3 67 614 2 25 2 325 56 53 2 25 1 35 61 23 2 25 2 375 62
4/4 54 1 5 0 0 69 53 0 1 0 0 70 73 0 1 0 0 69 54 1 5 1 5 56 54 1 5 0 1 60 614 1 5 1 15 54 614 1 15 0 2 61 53 0 1 0 2 69 13 0 1 0 2 57 614 1 5 1 35 59
4/4 74 0 1 0 0 69 53 0 1 0 0 68 34 0 1 0 0 74 614 0 1 0 1 73 44 1 15 0 2 66 53 0 1 0 2 62 13 0 1 0 2 63 23 1 5 1 35 70
4/4 54 0 1 0 0 65 53 0 1 0 0 71 73 0 1 0 0 65 53 0 1 0 2 74 73 0 1 0 2 72 54 1 5 1 25 54 54 1 5 0 3 66 24 1 5 1 35 62
4/4 24 0 1 0 0 73 12 0 1 0 0 60 33 0 1 0 0 73 73 0 1 0 0 68 12 0 1 0 2 66 33 0 1 0 2 66 73 0 1 0 2 70 54 1 5 1 25 56 54 1 5 0 3 72 24 1 5 1 35 64
4/4 24 1 5 0 0 55 43 0 1 0 0 71 613 0 1 0 0 58 14 1 25 1 5 71 43 0 1 0 2 69 613 0 1 0 2 65 614 1 5 0 3 64 74 1 5 1 35 56
2/4 614 1 15 0 0 65 43 0 1 0 0 54 613 0 1 0 0 63 44 1 5 1 15 66
4/4 54 0 3 0 0 55 23 1 5 1 5 68 53 1 5 0 1 56 13 1 5 1 15 71 73 1 5 0 2 66 22 1 5 1 25 67 54 0 1 0 3 59 53 0 1 0 3 69 614 0 1 1 35 69 43 0 1 1 35 74
4/4 74 0 1 0 0 55 33 0 1 0 0 73 53 0 1 0 0 71 614 1 5 0 1 67 74 1 5 1 15 60 14 0 1 0 2 72 33 0 1 0 2 55 613 0 1 0 2 55 74 1 5 0 3 57 14 1 5 1 35 62
4/4 24 0 1 0 0 70 22 0 1 0 0 63 43 0 1 0 0 73 13 0 1 0 0 67 14 1 5 0 1 65 24 1 5 1 15 73 35 0 1 0 2 73 222 0 1 0 2 57 43 0 1 0 2 70 713 0 1 0 2 67 35 1 5 1 35 55
4/4 24 1 5 0 0 64 12 0 1 0 0 62 33 0 1 0 0 71 53 0 1 0 0 59 54 1 5 1 5 74 54 1 5 0 1 68 24 1 5 1 15 68 14 1 15 0 2 74 22 0 1 0 2 72 43 0 1 0 2 63 613 0 1 0 2 70 44 1 5 1 35 73
4/4 54 0 4 0 0 70 53 0 1 0 0 67 13 0 1 0 0 70 53 0 1 0 2 68 713 0 1 0 2 67
4/4 63 0 1 0 0 59 13 0 1 0 0 65 54 0 1 1 5 68 63 0 1 1 5 60 13 0 1 1 5 72 74 1 5 0 1 70 54 0 1 1 15 65 63 0 1 1 15 54 13 0 1 1 15 58 44 0 1 0 2 72 63 0 1 0 2 71 13 0 1 0 2 64 34 0 1 1 25 67 63 0 1 1 25 68 13 0 1 1 25 63 13 1 5 0 3 65 54 0 1 1 35 73 63 0 1 1 35 55 13 0 1 1 35 59
4/4 54 1 15 0 0 69 53 0 1 0 0 59 73 0 1 0 0 57 53 0 1 1 5 60 73 0 1 1 5 66 44 0 1 1 15 61 53 0 1 1 15 57 73 0 1 1 15 56 54 2 25 2 175 74 74 0 1 0 2 67 53 0 1 0 2 70 73 0 1 0 2 66 14 0 1 1 25 58 53 0 1 1 25 66 73 0 1 1 25 55 74 2 125 2 275 70 53 0 1 1 35 66 73 0 1 1 35 59
4/4 63 0 1 0 0 61 13 0 1 0 0 54 54 0 1 1 5 65 63 0 1 1 5 66 13 0 1 1 5 61 74 1 5 0 1 54 54 0 1 1 15 64 63 0 1 1 15 66 13 0 1 1 15 66 44 0 1 0 2 71 63 0 1 0 2 71 13 0 1 0 2 58 34 0 1 1 25 69 63 0 1 1 25 64 13 0 1 1 25 65 13 1 5 0 3 67 54 0 1 1 35 70 63 0 1 1 35 63 13 0 1 1 35 64 54 2 25 2 375 57
4/4 53 0 1 0 0 67 73 0 1 0 0 63 54 0 1 0 0 68 53 0 1 1 5 73 73 0 1 1 5 73 44 0 1 1 15 68 53 0 1 1 15 69 73 0 1 1 15 65 54 2 25 2 175 54 74 0 1 0 2 64 53 0 1 0 2 61 73 0 1 0 2 65 14 2 25 2 225 56 74 0 1 1 25 57 53 0 1 1 25 58 73 0 1 1 25 62 54 0 1 1 35 69 53 0 1 1 35 60 73 0 1 1 35 71 74 2 25 2 375 62
4/4 14 0 1 0 0 57 43 0 1 0 0 58 63 0 1 0 0 68 14 0 1 1 5 54 43 0 1 1 5 71 63 0 1 1 5 56 14 1 15 0 1 58 43 0 1 1 15 74 63 0 1 1 15 62 43 0 1 0 2 56 63 0 1 0 2 59 74 0 1 1 25 61 43 0 1 1 25 73 63 0 1 1 25 66 74 1 5 0 3 56 14 0 1 1 35 59 43 0 1 1 35 69 63 0 1 1 35 62
4/4 24 0 3 0 0 67 53 0 1 0 0 59 73 0 1 0 0 63 53 0 1 1 5 66 73 0 1 1 5 65 53 0 1 1 15 55 73 0 1 1 15 65 53 0 1 0 2 56 73 0 1 0 2 56 53 0 1 1 25 66 73 0 1 1 25 72 54 0 1 1 35 64 53 0 1 1 35 66 73 0 1 1 35 58
4/4 35 1 5 0 0 59 13 1 15 0 0 57 24 1 5 1 5 70 74 1 5 0 1 61 54 0 1 1 15 58 13 0 1 1 15 56 74 1 5 0 2 73 53 0 1 0 2 67 23 0 1 0 2 63 14 1 5 1 25 71 74 1 5 0 3 54 14 1 5 1 35 73 53 0 1 1 35 57 23 0 1 1 35 66
4/4 63 0 1 0 0 55 34 0 1 0 0 57 14 0 3 0 0 58 63 0 1 1 15 57 34 0 1 1 15 65 73 0 1 0 2 74 23 0 1 0 2 64 73 0 1 1 25 63 23 0 1 1 25 69 54 0 1 1 35 68 73 0 1 1 35 72 23 0 1 1 35 65
4/4 35 1 5 0 0 73 13 1 15 0 0 58 24 1 5 1 5 70 74 1 5 0 1 64 54 0 1 1 15 57 13 0 1 1 15 68 74 1 5 0 2 63 53 0 1 0 2 71 23 0 1 0 2 73 14 1 5 1 25 56 24 1 5 0 3 66 14 0 1 1 35 58 53 0 1 1 35 54 23 0 1 1 35 57
4/4 14 0 3 0 0 72 63 0 1 0 0 55 34 0 1 0 0 71 63 0 1 1 15 56 34 0 1 1 15 59 73 0 1 0 2 66 23 0 1 0 2 71 73 0 1 1 25 69 23 0 1 1 25 63 54 0 1 1 35 58 73 0 1 1 35 74 23 0 1 1 35 57
4/4 35 1 5 0 0 69 13 1 15 0 0 60 24 1 5 1 5 66 74 1 5 0 1 57 54 0 1 1 15 59 13 0 1 1 15 72 74 1 5 0 2 71 53 0 1 0 2 66 23 0 1 0 2 55 14 1 5 1 25 60 74 1 5 0 3 54 14 1 5 1 35 60 53 0 1 1 35 62 23 0 1 1 35 68
4/4 63 0 1 0 0 65 34 0 1 0 0 57 14 0 3 0 0 65 63 0 1 1 15 54 34 0 1 1 15 58 73 0 1 0 2 57 23 0 1 0 2 69 73 0 1 1 25 59 23 0 1 1 25 73 54 0 1 1 35 55 73 0 1 1 35 70 23 0 1 1 35 73
4/4 35 1 5 0 0 66 13 1 15 0 0 68 24 1 5 1 5 64 74 1 5 0 1 56 54 0 1 1 15 54 13 0 1 1 15 63 74 1 5 0 2 68 53 0 1 0 2 70 23 0 1 0 2 74 14 1 5 1 25 66 24 1 5 0 3 58 14 1 5 1 35 68 53 0 1 1 35 60 23 0 1 1 35 55
4/4 63 0 1 0 0 71 34 0 1 0 0 70 14 0 3 0 0 59 63 0 1 1 15 67 34 0 1 1 15 65 73 0 1 0 2 65 23 0 1 0 2 71 73 0 1 1 25 55 23 0 1 1 25 71 14 1 5 0 3 65 35 0 1 1 35 66 73 0 1 1 35 58 23 0 1 1 35 73
4/4 45 0 1 0 0 62 63 0 1 0 0 66 13 0 1 0 0 57 55 0 1 0 1 74 63 0 1 1 15 56 13 0 1 1 15 56 45 0 1 0 2 59 53 0 1 0 2 59 713 0 1 0 2 74 23 0 1 0 2 70 35 1 5 0 3 70 24 0 1 1 35 71 53 0 1 1 35 63 713 0 1 1 35 63 23 0 1 1 35 69
4/4 54 0 3 0 0 55 13 0 1 0 0 56 34 0 1 0 0 57 13 0 1 1 15 55 34 0 1 1 15 69 73 0 1 0 2 70 34 0 1 0 2 65 73 0 1 1 25 63 34 0 1 1 25 74 54 1 5 0 3 63 74 0 1 1 35 66 73 0 1 1 35 54 34 0 1 1 35 74
4/4 14 0 1 0 0 54 63 0 1 0 0 69 34 0 1 0 0 62 54 1 5 0 1 63 74 0 1 1 15 62 63 0 1 1 15 54 34 0 1 1 15 54 14 1 5 0 2 66 73 0 1 0 2 73 44 0 1 0 2 58 35 1 5 1 25 65 24 1 5 0 3 58 74 0 1 1 35 58 73 0 1 1 35 70 44 0 1 1 35 74
4/4 14 0 4 0 0 74 13 0 1 0 0 54 44 0 1 0 0 60 13 0 1 1 5 71 44 0 1 1 5 64 13 0 1 1 15 58 44 0 1 1 15 70 13 0 1 0 2 54 314 0 1 0 2 55 13 0 1 1 25 62 314 0 1 1 25 71 13 0 1 1 35 68 314 0 1 1 35 58
4/4 15 0 1 0 0 61 223 0 1 0 0 68 44 0 1 0 0 64 56 0 1 0 1 54 46 0 1 0 2 69 223 0 1 0 2 74 44 0 1 0 2 56 75 0 1 0 3 74
4/4 65 0 1 0 0 66 523 0 1 0 0 59 34 0 1 0 0 64 36 0 1 0 1 72 225 0 1 0 2 55 63 0 1 0 2 60 34 0 1 0 2 63 45 0 1 0 3 71
4/4 45 0 1 0 0 55 15 0 1 0 0 74 23 1 15 0 0 69 55 1 5 1 5 59 45 1 5 0 1 63 55 0 1 1 15 61 23 0 1 1 15 62 45 0 1 0 2 68 15 0 1 0 2 62 23 0 1 0 2 63 55 1 5 1 25 70 23 0 1 1 25 66 45 1 5 0 3 63 55 0 1 1 35 68 23 0 1 1 35 72
4/4 45 0 1 0 0 62 15 0 1 0 0 64 23 1 15 0 0 57 55 1 5 1 5 67 45 1 5 0 1 74 55 0 1 1 15 70 23 0 1 1 15 66 45 0 1 0 2 65 15 0 1 0 2 67 23 0 1 0 2 69 55 1 5 1 25 72 23 0 1 1 25 64 45 1 5 0 3 60 55 0 1 1 35 74 23 0 1 1 35 57 15 0 1 2 375 57 53 0 1 2 375 58 25 0 1 2 375 64 56 0 1 2 375 60 23 0 1 2 375 62
4/4 15 0 1 0 0 68 53 0 1 0 0 69 25 0 1 0 0 74 56 0 1 0 0 55 23 0 1 0 0 57
