4/4 524 0 1 0 0 74 74 0 1 0 0 76 24 0 1 0 0 78 33 0 1 0 0 65 33 0 1 0 1 64 33 0 1 0 2 74 33 0 1 0 3 71
4/4 44 0 1 0 0 63 614 0 1 0 0 78 223 1 15 0 0 74 33 0 1 0 0 79 33 0 1 0 1 78 13 1 15 1 15 66 33 0 1 0 2 72 713 0 1 0 3 73 33 0 1 0 3 75
4/4 524 0 1 0 0 91 74 0 1 0 0 94 24 0 1 0 0 88 33 0 1 0 0 92 33 0 1 0 1 93 33 0 1 0 2 76 33 0 1 0 3 79
4/4 44 0 1 0 0 68 614 0 1 0 0 67 223 1 15 0 0 82 33 0 1 0 0 92 33 0 1 0 1 90 13 1 15 1 15 79 33 0 1 0 2 88 713 0 1 0 3 87 33 0 1 0 3 77
4/4 73 0 1 0 0 70 713 0 1 0 0 77 314 0 1 0 0 80 64 0 1 0 0 84 33 0 1 0 0 83 33 0 1 0 1 93 23 0 1 0 2 68 524 0 1 0 2 68 33 0 1 0 2 87 33 0 1 0 3 92
4/4 33 0 1 0 0 77 64 0 3 0 1 68 73 0 1 0 1 74 713 0 1 0 1 72 314 0 1 0 1 76 33 0 1 0 1 80 23 0 1 0 2 85 524 0 1 0 2 88 33 0 1 0 2 76
4/4 32 3 333 0 0 64 33 3 333 0 1 92 32 3 333 0 2 73 33 3 333 0 3 94
4/4 32 3 333 0 0 78 33 3 333 0 1 82 32 3 333 0 2 61 33 3 333 0 3 105
4/4 34 0 1 0 0 75 32 3 333 0 0 69 34 0 1 0 1 87 524 0 1 0 1 98 74 0 1 0 1 106 33 0 1 0 1 95 34 0 1 1 15 90 524 0 1 1 15 84 74 0 1 1 15 80 34 0 1 0 2 78 44 0 1 0 2 84 614 0 1 0 2 76 32 3 333 0 2 79 34 0 1 0 3 94 524 0 1 0 3 81 74 0 1 0 3 92 33 3 333 0 3 88
4/4 34 0 1 0 0 78 64 0 1 0 0 82 714 0 1 0 0 84 32 0 1 0 0 71 34 0 1 0 1 86 64 0 1 0 1 81 714 0 1 0 1 83 33 0 1 0 1 91 34 0 1 1 15 69 524 0 1 1 15 70 74 0 1 1 15 66 23 0 1 0 2 81 44 0 1 0 2 85 64 0 1 0 2 75 32 3 333 0 2 65 34 0 1 0 3 79 524 0 1 0 3 88 33 0 1 0 3 84 23 0 1 1 35 65 44 0 1 1 35 66
4/4 34 0 1 0 0 81 32 3 333 0 0 69 34 0 1 0 1 95 524 0 1 0 1 89 74 0 1 0 1 98 33 0 1 0 1 105 34 0 1 1 15 81 524 0 1 1 15 84 74 0 1 1 15 88 34 0 1 0 2 71 44 0 1 0 2 84 614 0 1 0 2 83 32 3 333 0 2 86 34 0 1 0 3 84 524 0 1 0 3 89 74 0 1 0 3 95 33 3 333 0 3 89
4/4 34 0 1 0 0 84 64 0 1 0 0 94 714 0 1 0 0 93 32 0 1 0 0 65 34 0 1 0 1 84 64 0 1 0 1 94 714 0 1 0 1 81 33 0 1 0 1 101 34 0 1 1 15 92 524 0 1 1 15 85 74 0 1 1 15 81 23 0 1 0 2 69 44 0 1 0 2 69 64 0 1 0 2 88 32 3 333 0 2 79 34 0 1 0 3 75 524 0 1 0 3 69 33 0 1 0 3 89 23 0 1 1 35 86 44 0 1 1 35 78 64 0 1 1 35 81
4/4 524 0 1 0 0 97 74 0 1 0 0 91 32 0 1 0 0 65 44 0 1 1 5 85 64 0 1 1 5 92 34 0 1 0 1 80 524 0 1 0 1 86 33 0 1 0 1 90 23 0 1 1 15 72 44 0 1 1 15 75 73 0 1 0 2 70 34 0 1 0 2 74 32 0 1 0 2 66 34 0 1 0 3 84 524 0 1 0 3 88 33 0 1 0 3 96
4/4 613 0 1 0 0 85 44 0 1 0 0 84 72 0 1 0 0 74 34 1 5 1 5 70 613 0 1 0 1 73 223 0 1 0 1 87 72 0 1 0 1 75 13 2 25 1 15 81 73 0 1 0 2 83 72 0 1 0 2 98
4/4 64 0 1 0 0 66 62 3 333 0 0 76 64 0 1 0 1 86 714 0 1 0 1 85 35 0 1 0 1 101 63 0 1 0 1 101 64 0 1 1 15 72 714 0 1 1 15 72 35 0 1 1 15 77 64 0 1 0 2 82 74 0 1 0 2 81 24 0 1 0 2 85 62 3 333 0 2 67 64 0 1 0 3 88 714 0 1 0 3 82 35 0 1 0 3 90 63 3 333 0 3 97
4/4 64 0 1 0 0 95 224 0 1 0 0 94 315 0 1 0 0 81 62 0 1 0 0 78 64 0 1 0 1 72 224 0 1 0 1 83 315 0 1 0 1 76 63 0 1 0 1 99 64 0 1 1 15 71 714 0 1 1 15 82 35 0 1 1 15 77 54 0 1 0 2 70 74 0 1 0 2 67 224 0 1 0 2 71 62 3 333 0 2 62 64 0 1 0 3 73 714 0 1 0 3 71 63 0 1 0 3 101 54 0 1 1 35 74 74 0 1 1 35 83
4/4 64 0 1 0 0 86 62 3 333 0 0 85 64 0 1 0 1 93 714 0 1 0 1 103 35 0 1 0 1 93 63 0 1 0 1 100 64 0 1 1 15 83 714 0 1 1 15 82 35 0 1 1 15 96 64 0 1 0 2 69 74 0 1 0 2 88 24 0 1 0 2 86 62 3 333 0 2 69 64 0 1 0 3 76 714 0 1 0 3 90 35 0 1 0 3 78 63 3 333 0 3 105
4/4 64 0 1 0 0 94 224 0 1 0 0 86 315 0 1 0 0 82 62 0 1 0 0 82 64 0 1 0 1 82 224 0 1 0 1 75 315 0 1 0 1 80 63 0 1 0 1 78 64 0 1 1 15 74 714 0 1 1 15 78 35 0 1 1 15 81 54 0 1 0 2 86 74 0 1 0 2 82 224 0 1 0 2 76 62 3 333 0 2 70 64 0 1 0 3 76 714 0 1 0 3 82 63 0 1 0 3 99 74 0 1 1 35 91 224 0 1 1 35 79
4/4 34 0 1 0 0 98 714 0 1 0 0 90 35 0 1 0 0 94 62 0 1 0 0 77 74 0 1 1 5 78 224 0 1 1 5 89 34 0 1 0 1 81 64 0 1 0 1 73 714 0 1 0 1 88 63 0 1 0 1 83 34 0 1 1 15 77 54 0 1 1 15 89 74 0 1 1 15 85 34 0 1 0 2 70 64 0 1 0 2 69 62 0 1 0 2 73 64 0 1 0 3 96 714 0 1 0 3 103 63 0 1 0 3 91
4/4 23 0 1 0 0 82 44 0 1 0 0 78 74 0 1 0 0 76 32 0 1 0 0 79 44 0 1 1 5 75 64 0 1 1 5 64 23 0 1 0 1 84 524 0 1 0 1 88 33 0 1 0 1 91 23 0 1 1 15 87 44 0 1 1 15 70 34 0 1 0 2 87 32 3 333 0 2 72 33 3 333 0 3 86
4/4 524 0 1 0 0 87 74 0 1 0 0 81 24 0 1 0 0 85 32 3 333 0 0 79 33 1 5 0 1 92 524 0 1 1 15 94 714 0 1 1 15 87 35 0 1 1 15 84 524 0 1 0 2 69 74 0 1 0 2 69 24 0 1 0 2 89 32 3 333 0 2 68 33 1 5 0 3 97 524 0 1 1 35 86 714 0 1 1 35 88 35 0 1 1 35 97
4/4 223 0 1 0 0 61 44 0 1 0 0 73 614 0 1 0 0 63 32 3 333 0 0 73 33 1 5 0 1 101 23 0 1 1 15 85 524 0 1 1 15 85 74 0 1 1 15 94 223 0 1 0 2 83 44 0 1 0 2 74 614 0 1 0 2 82 32 3 333 0 2 81 33 1 5 0 3 102 23 0 1 1 35 86 524 0 1 1 35 87 74 0 1 1 35 93
4/4 524 0 1 0 0 98 74 0 1 0 0 88 24 0 1 0 0 98 32 3 333 0 0 73 33 1 5 0 1 88 524 0 1 1 15 90 714 0 1 1 15 91 35 0 1 1 15 76 524 0 1 0 2 73 74 0 1 0 2 75 24 0 1 0 2 72 32 3 333 0 2 75 33 1 5 0 3 83 524 0 1 1 35 85 714 0 1 1 35 96 35 0 1 1 35 84
4/4 64 0 1 0 0 91 714 0 1 0 0 78 315 0 1 0 0 96 32 3 333 0 0 66 33 3 333 0 1 99 32 1 5 0 2 83 64 0 1 1 25 78 714 0 1 1 25 71 315 0 1 1 25 70 33 3 333 0 3 98
4/4 614 0 1 0 0 77 74 0 1 0 0 75 24 0 1 0 0 71 32 3 333 0 0 79 33 3 333 0 1 97 32 1 5 0 2 69 614 0 1 1 25 76 74 0 1 1 25 74 24 0 1 1 25 84 33 3 333 0 3 82
4/4 524 0 1 0 0 109 74 0 1 0 0 117 35 0 1 0 0 113 32 0 1 0 0 85 72 1 5 0 1 64 72 1 5 1 15 64 34 0 1 0 2 72 524 0 1 0 2 81 612 0 1 0 2 63 72 0 1 0 3 82
4/4 34 0 1 0 0 90 44 0 1 0 0 86 712 0 1 0 0 79 712 1 5 0 1 65 72 1 5 1 15 61 23 0 1 0 2 81 44 0 1 0 2 89 62 0 1 0 2 60 522 1 5 0 3 60 42 1 5 1 35 74
4/4 524 0 1 0 0 120 32 0 1 0 0 79 74 0 1 0 0 132 35 2 25 2 25 120 72 1 5 0 1 72 72 1 5 1 15 69 34 0 1 0 2 74 524 0 1 0 2 83 612 0 1 0 2 78 72 0 1 0 3 76
4/4 34 0 1 0 0 75 44 0 1 0 0 80 712 0 1 0 0 64 712 1 5 0 1 82 72 1 5 1 15 77 23 0 1 0 2 81 44 0 1 0 2 82 62 0 1 0 2 57 522 1 5 0 3 59 42 1 5 1 35 58
4/4 34 2 25 0 0 89 32 0 1 0 0 97 72 0 1 0 0 111 73 2 25 1 5 99 713 2 25 0 1 98 73 2 25 1 15 88 32 0 1 1 15 93 72 0 1 1 15 82 34 2 25 0 2 116 73 2 25 1 25 95 713 2 25 0 3 99 73 2 25 1 35 101
4/4 34 2 25 0 0 108 32 0 1 0 0 109 222 0 1 0 0 101 73 2 25 1 5 86 713 2 25 0 1 92 73 2 25 1 15 91 32 0 1 1 15 102 12 0 1 1 15 102 34 2 25 0 2 106 73 2 25 1 25 87 713 2 25 0 3 96 32 0 1 0 3 97 712 0 1 0 3 94 73 2 25 1 35 95
4/4 34 2 25 0 0 115 32 0 1 0 0 90 72 0 1 0 0 105 73 2 25 1 5 95 713 2 25 0 1 92 73 2 25 1 15 102 32 0 1 1 15 78 72 0 1 1 15 78 34 2 25 0 2 115 73 2 25 1 25 94 713 2 25 0 3 108 73 2 25 1 35 97
4/4 34 2 25 0 0 117 32 0 1 0 0 108 222 0 1 0 0 109 73 2 25 1 5 102 713 2 25 0 1 93 73 2 25 1 15 97 42 0 1 1 15 99 12 0 1 1 15 100 34 2 25 0 2 107 73 2 25 1 25 98 713 2 25 0 3 99 312 0 1 0 3 96 712 0 1 0 3 104 73 2 25 1 35 101
4/4 33 0 1 0 0 116 73 0 1 0 0 115 32 0 1 0 0 98 72 0 1 0 0 94 33 0 1 1 5 88 73 0 1 1 5 105 33 0 1 0 1 96 73 0 1 0 1 105 33 0 1 1 15 124 73 0 1 1 15 130 33 0 1 0 2 99 73 0 1 0 2 110 33 0 1 1 25 91 73 0 1 1 25 102 33 0 1 0 3 103 73 0 1 0 3 98 33 0 1 1 35 97 73 0 1 1 35 97
4/4 33 0 1 0 0 136 73 0 1 0 0 124 33 0 1 1 5 105 73 0 1 1 5 100 33 0 1 0 1 105 73 0 1 0 1 102 33 0 1 1 15 125 73 0 1 1 15 111 33 0 1 0 2 107 73 0 1 0 2 94 33 0 1 1 25 103 73 0 1 1 25 89 33 0 1 0 3 103 73 0 1 0 3 97 33 0 1 1 35 89 73 0 1 1 35 104
4/4 35 0 1 0 0 117 33 0 1 0 0 74 73 0 1 0 0 83 33 0 1 1 5 75 73 0 1 1 5 95 35 0 1 0 1 106 525 0 1 0 1 99 75 0 1 0 1 106 33 0 1 0 1 83 73 0 1 0 1 74 35 0 1 1 15 89 525 0 1 1 15 90 75 0 1 1 15 81 33 0 1 1 15 74 73 0 1 1 15 82 35 0 1 0 2 74 45 0 1 0 2 69 615 0 1 0 2 83 33 0 1 0 2 75 613 0 1 0 2 87 33 0 1 1 25 76 613 0 1 1 25 82 35 0 1 0 3 79 525 0 1 0 3 74 75 0 1 0 3 84 33 0 1 0 3 101 73 0 1 0 3 89 33 0 1 1 35 71 73 0 1 1 35 75
4/4 35 0 1 0 0 91 65 0 1 0 0 87 715 0 1 0 0 81 33 0 1 0 0 97 713 0 1 0 0 83 33 0 1 1 5 84 713 0 1 1 5 93 35 0 1 0 1 94 65 0 1 0 1 79 715 0 1 0 1 76 33 0 1 0 1 77 713 0 1 0 1 78 35 0 1 1 15 75 525 0 1 1 15 74 75 0 1 1 15 85 33 0 1 1 15 79 713 0 1 1 15 92 24 0 1 0 2 83 45 0 1 0 2 83 65 0 1 0 2 86 33 0 1 0 2 92 23 0 1 0 2 92 33 0 1 1 25 82 23 0 1 1 25 86 35 0 1 0 3 82 525 0 1 0 3 74 33 0 1 0 3 84 23 0 1 0 3 79 24 0 1 1 35 74 45 0 1 1 35 77 33 0 1 1 35 84 23 0 1 1 35 89
4/4 35 0 1 0 0 81 33 0 1 0 0 88 73 0 1 0 0 70 33 0 1 1 5 75 73 0 1 1 5 89 35 0 1 0 1 97 525 0 1 0 1 108 75 0 1 0 1 93 33 0 1 0 1 95 73 0 1 0 1 78 35 0 1 1 15 82 525 0 1 1 15 92 75 0 1 1 15 88 33 0 1 1 15 86 73 0 1 1 15 90 35 0 1 0 2 89 45 0 1 0 2 80 615 0 1 0 2 77 33 0 1 0 2 85 613 0 1 0 2 83 33 0 1 1 25 87 613 0 1 1 25 75 35 0 1 0 3 85 525 0 1 0 3 75 75 0 1 0 3 86 33 0 1 0 3 77 73 0 1 0 3 81 33 0 1 1 35 74 73 0 1 1 35 86
4/4 55 0 1 0 0 96 36 0 1 0 0 91 33 0 1 0 0 91 223 0 1 0 0 85 33 0 1 1 5 92 223 0 1 1 5 91 55 0 1 0 1 90 36 0 1 0 1 90 55 0 1 1 15 76 225 0 1 1 15 74 33 0 1 1 15 78 223 0 1 1 15 83 715 0 2 0 2 90 75 0 1 0 2 75 63 0 1 0 2 82 34 0 1 0 2 93 63 0 1 1 25 90 34 0 1 1 25 94 65 1 5 0 3 83 525 0 1 1 35 59 63 0 1 1 35 83 34 0 1 1 35 73
4/4 45 0 1 0 0 84 225 0 1 0 0 85 222 0 1 0 0 73 713 0 1 0 0 82 222 0 1 1 5 74 713 0 1 1 5 94 45 0 1 0 1 79 225 0 1 0 1 72 45 0 1 1 15 68 715 0 1 1 15 68 222 0 1 1 15 87 713 0 1 1 15 83 75 0 2 0 2 97 65 0 1 0 2 79 523 0 1 0 2 91 223 0 1 0 2 82 523 0 1 1 25 82 223 0 1 1 25 95 525 1 5 0 3 79 45 0 1 1 35 58 523 0 1 1 35 90 223 0 1 1 35 93
4/4 35 0 1 0 0 94 715 0 1 0 0 85 712 0 1 0 0 75 523 0 1 0 0 64 712 0 1 1 5 86 523 0 1 1 5 79 35 0 1 0 1 72 715 0 1 0 1 77 35 0 1 1 15 70 75 0 1 1 15 64 712 0 1 1 15 74 523 0 1 1 15 83 65 0 2 0 2 87 525 0 1 0 2 58 313 0 1 0 2 83 713 0 1 0 2 86 313 0 1 1 25 77 713 0 1 1 25 85 315 1 5 0 3 65 35 0 1 1 35 72 313 0 1 1 35 73 713 0 1 1 35 83
4/4 75 0 1 0 0 88 72 0 1 0 0 85 63 0 1 0 0 88 24 0 1 0 0 69 65 1 5 1 5 75 525 1 5 0 1 85 24 0 1 0 1 72 72 0 1 0 1 85 63 0 1 0 1 90 45 1 5 1 15 69 35 0 1 0 2 78 32 0 1 0 2 76 33 0 1 0 2 76 65 0 1 0 3 87 715 0 1 0 3 90 25 0 1 0 3 106 74 0 1 0 3 124
4/4 525 0 1 0 0 104 75 0 1 0 0 106 36 0 1 0 0 106 34 0 1 0 0 104 64 0 1 0 1 64 714 0 1 0 1 49 24 0 1 0 1 66 72 0 1 0 1 77 524 0 1 0 2 64 74 0 1 0 2 53 35 0 1 0 2 66 33 0 1 0 2 66
4/4 33 2 25 0 0 71 73 2 25 1 5 74 713 2 25 0 1 73 73 2 25 1 15 64 33 2 25 0 2 57 73 2 25 1 25 73 713 2 25 0 3 75 73 2 25 1 35 73
4/4 34 0 1 0 0 70 33 0 1 0 0 69 34 0 1 1 5 78 73 0 1 1 5 72 34 0 1 0 1 74 713 0 1 0 1 80 34 0 1 1 15 85 73 0 1 1 15 60 34 0 1 0 2 94 33 0 1 0 2 75 34 0 1 1 25 79 73 0 1 1 25 71 34 0 1 0 3 87 713 0 1 0 3 85 34 0 1 1 35 75 73 0 1 1 35 80
4/4 36 0 1 0 0 107 33 0 1 0 0 73 526 0 1 1 5 93 76 0 1 1 5 93 73 0 1 1 5 82 46 0 1 2 75 109 616 0 1 2 75 97 66 0 1 0 1 80 716 0 1 0 1 75 713 0 1 0 1 83 526 0 1 1 15 75 76 0 1 1 15 77 73 0 1 1 15 71 25 0 1 0 2 80 526 0 1 0 2 77 33 2 25 0 2 66 73 2 25 1 25 73 713 2 25 0 3 74 73 2 25 1 35 78
4/4 225 0 1 0 0 70 46 0 1 0 0 85 33 2 25 0 0 54 73 2 25 1 5 74 713 2 25 0 1 72 73 2 25 1 15 77 33 2 25 0 2 63 73 2 25 1 25 81 713 2 25 0 3 71 73 2 25 1 35 69
4/4 36 0 1 0 0 67 33 0 1 0 0 71 526 0 1 1 5 106 76 0 1 1 5 96 73 0 1 1 5 77 46 0 1 2 75 88 616 0 1 2 75 83 66 0 1 0 1 91 716 0 1 0 1 85 713 0 1 0 1 70 526 0 1 1 15 71 76 0 1 1 15 85 73 0 1 1 15 75 15 0 1 0 2 66 316 0 1 0 2 65 33 2 25 0 2 65 73 2 25 1 25 76 713 2 25 0 3 72 73 2 25 1 35 65
4/4 715 0 1 0 0 74 36 0 1 0 0 67 33 2 25 0 0 54 73 2 25 1 5 64 713 2 25 0 1 75 73 2 25 1 15 71 75 0 1 0 2 82 25 0 1 0 2 77 33 2 25 0 2 74 73 2 25 1 25 80 713 2 25 0 3 76 73 2 25 1 35 77
4/4 35 0 1 0 0 77 33 0 1 0 0 60 525 2 25 2 25 88 45 0 1 1 5 80 73 0 1 1 5 65 35 2 25 2 75 70 45 0 1 0 1 92 713 0 1 0 1 65 525 2 25 2 125 90 65 0 1 1 15 95 73 0 1 1 15 65 75 2 25 2 175 92 715 0 1 0 2 77 33 0 1 0 2 58 715 0 1 1 25 85 73 0 1 1 25 74 75 2 25 2 275 79 65 0 1 0 3 73 713 0 1 0 3 80 525 2 25 2 325 80 45 0 1 1 35 79 73 0 1 1 35 70 24 2 25 2 375 73
4/4 35 0 1 0 0 90 33 0 1 0 0 57 525 2 25 2 25 101 45 0 1 1 5 74 73 0 1 1 5 70 35 2 25 2 75 61 45 0 1 0 1 82 713 0 1 0 1 77 525 2 25 2 125 102 65 0 1 1 15 99 73 0 1 1 15 60 75 2 25 2 175 103 25 0 1 0 2 88 33 0 1 0 2 61 25 0 1 1 25 64 73 0 1 1 25 68 75 2 25 2 275 58 65 0 1 0 3 79 713 0 1 0 3 69 525 2 25 2 325 71 45 0 1 1 35 87 73 0 1 1 35 78 525 2 25 2 375 74
4/4 35 0 1 0 0 88 33 0 1 0 0 69 224 2 25 2 25 75 714 0 1 1 5 75 73 0 1 1 5 83 74 2 25 2 75 75 224 0 1 0 1 88 713 0 1 0 1 87 714 2 25 2 125 82 74 0 1 1 15 84 73 0 1 1 15 66 64 2 25 2 175 62 714 0 1 0 2 94 33 0 1 0 2 70 74 2 25 2 225 78 64 0 1 1 25 81 73 0 1 1 25 73 524 2 25 2 275 73 74 0 1 0 3 83 713 0 1 0 3 70 64 2 25 2 325 87 524 0 1 1 35 85 73 0 1 1 35 61 44 2 25 2 375 75
4/4 35 2 25 0 0 110 524 0 4 0 0 88 34 1 15 0 0 82 525 2 25 2 25 117 45 2 25 1 5 95 35 2 25 2 75 91 45 2 25 0 1 78 525 2 25 2 125 101 615 2 25 1 15 99 23 1 15 1 15 76 75 2 25 2 175 102 15 2 25 0 2 84 75 2 25 2 225 73 36 2 25 1 25 86 225 2 25 2 275 89 15 2 25 0 3 80 223 0 1 0 3 58 75 2 25 2 325 72 615 2 25 1 35 91 525 2 25 2 375 83
4/4 35 2 25 0 0 75 23 0 1 0 0 102 44 0 1 0 0 97 525 2 25 2 25 90 45 2 25 1 5 79 35 2 25 2 75 65 45 2 25 0 1 91 525 2 25 2 125 97 65 2 25 1 15 97 44 0 1 1 15 102 64 0 1 1 15 98 75 2 25 2 175 89 715 2 25 0 2 90 75 2 25 2 225 78 25 2 25 1 25 93 34 0 1 1 25 94 524 0 1 1 25 83 75 2 25 2 275 92 65 2 25 0 3 66 23 0 1 0 3 77 44 0 1 0 3 73 525 2 25 2 325 75 45 2 25 1 35 81 24 2 25 2 375 81
4/4 35 0 1 0 0 82 33 0 1 0 0 74 525 2 25 2 25 105 45 0 1 1 5 75 73 0 1 1 5 79 35 2 25 2 75 71 45 0 1 0 1 81 713 0 1 0 1 80 525 2 25 2 125 81 65 0 1 1 15 88 73 0 1 1 15 76 75 2 25 2 175 98 715 0 1 0 2 94 33 0 1 0 2 68 75 2 25 2 225 69 715 0 1 1 25 92 73 0 1 1 25 100 75 2 25 2 275 74 65 0 1 0 3 78 713 0 1 0 3 82 525 2 25 2 325 79 45 0 1 1 35 81 73 0 1 1 35 87 24 2 25 2 375 58
4/4 35 0 1 0 0 84 33 0 1 0 0 69 525 2 25 2 25 102 45 0 1 1 5 90 73 0 1 1 5 99 35 2 25 2 75 88 45 0 1 0 1 83 713 0 1 0 1 78 525 2 25 2 125 90 65 0 1 1 15 92 73 0 1 1 15 93 75 2 25 2 175 91 25 0 1 0 2 99 33 0 1 0 2 82 75 2 25 2 225 88 25 0 1 1 25 86 73 0 1 1 25 96 75 2 25 2 275 80 65 0 1 0 3 76 713 0 1 0 3 83 525 2 25 2 325 76 45 0 1 1 35 76 73 0 1 1 35 90 24 2 25 2 375 65
4/4 35 2 25 0 0 85 33 0 1 0 0 110 53 0 1 0 0 101 73 0 1 0 0 92 223 0 1 0 0 94 315 2 25 2 25 86 525 2 25 1 5 98 55 2 25 2 75 103 75 2 25 0 1 81 715 2 25 2 125 88 225 0 1 1 15 84 33 0 1 1 15 87 53 0 1 1 15 96 73 0 1 1 15 90 223 0 1 1 15 85 36 2 25 2 175 110 225 2 25 0 2 73 63 0 1 0 2 120 713 0 1 0 2 107 34 0 1 0 2 121 524 0 1 0 2 114 715 2 25 2 225 81 75 2 25 1 25 73 225 2 25 2 275 91 715 2 25 0 3 84 75 2 25 2 325 79 65 0 1 1 35 79 63 0 1 1 35 96 713 0 1 1 35 77 34 0 1 1 35 91 524 0 1 1 35 87 525 2 25 2 375 74
4/4 45 2 25 0 0 81 222 0 1 0 0 80 43 0 1 0 0 83 63 0 1 0 0 80 713 0 1 0 0 95 525 2 25 2 25 81 65 2 25 1 5 92 75 2 25 2 75 89 715 2 25 0 1 101 75 2 25 2 125 88 225 0 1 1 15 87 222 0 1 1 15 92 43 0 1 1 15 104 63 0 1 1 15 103 713 0 1 1 15 100 715 2 25 2 175 97 75 2 25 0 2 87 523 0 1 0 2 96 73 0 1 0 2 98 223 0 1 0 2 106 44 0 1 0 2 104 65 2 25 2 225 78 525 2 25 1 25 78 45 2 25 2 275 79 65 2 25 0 3 79 525 2 25 2 325 84 45 0 1 1 35 75 523 0 1 1 35 95 73 0 1 1 35 100 223 0 1 1 35 92 44 0 1 1 35 90 35 2 25 2 375 63
4/4 224 2 25 0 0 83 712 0 1 0 0 91 33 0 1 0 0 88 523 0 1 0 0 96 73 0 1 0 0 85 714 2 25 2 25 79 35 2 25 1 5 102 714 2 25 2 75 83 74 1 5 0 1 72 35 0 1 1 15 91 712 0 1 1 15 84 33 0 1 1 15 100 523 0 1 1 15 91 73 0 1 1 15 80 74 2 25 2 175 62 224 2 25 0 2 78 43 0 1 0 2 97 613 0 1 0 2 97 713 0 1 0 2 105 34 0 1 0 2 92 714 2 25 2 225 75 525 2 25 1 25 101 35 2 25 2 275 76 614 1 5 0 3 82 35 0 1 1 35 101 43 0 1 1 35 70 613 0 1 1 35 75 713 0 1 1 35 87 34 0 1 1 35 85 614 2 25 2 375 85
4/4 74 2 25 0 0 89 73 1 15 0 0 88 72 0 4 0 0 68 74 2 25 1 5 93 74 2 25 0 1 91 614 0 1 1 15 95 74 0 1 1 15 96 613 1 15 1 15 92 614 0 1 0 2 82 74 0 1 0 2 87 614 0 1 1 25 84 74 0 1 1 25 100 64 0 1 0 3 106 74 0 1 0 3 104 63 0 1 0 3 100 64 0 1 1 35 94 74 0 1 1 35 90
4/4 524 0 1 0 0 95 74 0 1 0 0 105 523 1 15 0 0 109 72 0 4 0 0 70 524 0 1 1 5 105 74 0 1 1 5 99 524 0 1 0 1 99 74 0 1 0 1 94 44 0 1 1 15 112 74 0 1 1 15 106 43 1 15 1 15 101 44 0 1 0 2 105 74 0 1 0 2 119 44 0 1 1 25 107 74 0 1 1 25 113 314 0 1 0 3 107 74 0 1 0 3 105 313 0 1 0 3 102 314 0 1 1 35 124 74 0 1 1 35 119
4/4 32 0 1 0 0 121 72 0 1 0 0 113 33 0 1 0 0 120 35 0 1 0 1 86 525 0 1 0 1 89 75 0 1 0 1 105 35 0 1 1 15 109 525 0 1 1 15 115 75 0 1 1 15 103 35 0 1 0 2 99 45 0 1 0 2 114 615 0 1 0 2 109 24 0 1 0 3 108 525 0 1 0 3 114 75 0 1 0 3 108 32 0 1 1 35 96 32 0 1 1 35 114 32 2 25 2 375 124
4/4 35 0 1 0 0 121 65 0 1 0 0 125 715 0 1 0 0 126 32 0 1 0 0 130 35 0 1 0 1 109 65 0 1 0 1 108 715 0 1 0 1 105 35 0 1 1 15 105 525 0 1 1 15 113 75 0 1 1 15 115 32 0 1 1 15 118 32 0 1 1 15 98 32 0 1 1 15 105 32 2 25 2 175 102 24 0 1 0 2 110 45 0 1 0 2 99 65 0 1 0 2 99 32 0 2 0 2 121 24 0 1 0 3 108 525 0 1 0 3 102 24 0 1 1 35 97 45 0 1 1 35 106
4/4 32 0 1 0 0 137 72 0 1 0 0 119 33 0 1 0 0 136 35 0 1 0 1 105 525 0 1 0 1 94 75 0 1 0 1 89 35 0 1 1 15 108 525 0 1 1 15 106 75 0 1 1 15 121 24 0 1 0 2 104 45 0 1 0 2 103 615 0 1 0 2 115 35 0 1 0 3 121 525 0 1 0 3 109 75 0 1 0 3 115 32 0 1 1 35 93 32 0 1 1 35 112 32 2 25 2 375 107
4/4 55 0 1 0 0 120 75 0 1 0 0 130 36 0 1 0 0 130 32 0 1 0 0 116 55 0 1 1 5 116 75 0 1 1 5 119 316 0 1 1 5 109 55 0 1 0 1 119 75 0 1 0 1 112 36 0 1 0 1 109 55 0 1 1 15 116 75 0 1 1 15 115 225 0 1 1 15 116 32 0 1 1 15 116 32 0 1 1 15 108 32 0 1 1 15 121 32 2 25 2 175 126 224 0 1 0 2 107 55 0 1 0 2 96 715 0 1 0 2 94 32 0 2 0 2 117 224 0 1 0 3 114 55 0 1 0 3 118 75 0 1 0 3 111
4/4 525 0 1 0 0 125 225 0 1 0 0 118 61 0 1 0 0 122 62 0 1 0 0 120 525 0 1 1 5 106 715 0 1 1 5 112 525 0 1 0 1 90 75 0 1 0 1 95 713 0 1 0 1 135 34 0 1 0 1 121 524 0 1 0 1 133 74 0 1 0 1 119 525 0 1 1 15 112 715 0 1 1 15 111 714 0 1 0 2 97 35 0 1 0 2 93 45 0 1 0 2 112 65 0 1 0 2 94 221 0 1 0 2 98 222 0 1 0 2 97 63 0 1 0 3 136 713 0 1 0 3 126 34 0 1 0 3 124 44 0 1 0 3 120
4/4 45 0 1 0 0 131 715 0 1 0 0 134 521 0 1 0 0 100 522 0 1 0 0 97 45 0 1 1 5 122 75 0 1 1 5 122 45 0 1 0 1 106 615 0 1 0 1 101 63 0 1 0 1 134 73 0 1 0 1 131 223 0 1 0 1 122 44 0 1 0 1 127 45 0 1 1 15 114 75 0 1 1 15 108 74 0 1 0 2 98 224 0 1 0 2 105 35 0 1 0 2 88 525 0 1 0 2 101 711 0 1 0 2 106 712 0 1 0 2 96 73 0 1 0 3 127 713 0 1 0 3 129 34 0 1 0 3 124
4/4 64 0 1 0 0 125 65 0 1 0 0 122 312 0 1 0 0 98 313 0 1 0 0 97 524 0 1 1 5 112 525 0 1 1 5 104 314 0 1 0 1 114 315 0 1 0 1 109 34 0 1 1 15 107 35 0 1 1 15 94 314 0 1 0 2 117 315 0 1 0 2 131 34 0 1 1 25 112 35 0 1 1 25 122 223 0 1 0 3 101 224 0 1 0 3 99 713 0 1 1 35 100 714 0 1 1 35 93
4/4 713 0 1 0 0 92 34 0 1 0 0 108 44 0 1 0 0 104 74 0 1 0 0 112 42 0 1 0 0 99 315 0 1 0 1 131 65 0 1 0 1 118 75 0 1 0 1 121 25 0 1 0 1 125 72 0 1 0 1 133 73 0 1 0 1 135 315 0 1 0 3 130 65 0 1 0 3 132 75 0 1 0 3 137 25 0 1 0 3 129 72 0 1 0 3 129 73 0 1 0 3 122
4/4 713 0 1 0 0 76 34 0 1 0 0 71 44 0 1 0 0 84 74 0 1 0 0 87 42 0 1 0 0 98 315 0 1 0 1 129 65 0 1 0 1 117 75 0 1 0 1 131 25 0 1 0 1 136 72 0 1 0 1 135 73 0 1 0 1 132 315 0 1 0 3 123 65 0 1 0 3 115 75 0 1 0 3 133 25 0 1 0 3 129 72 0 1 0 3 137 73 0 1 0 3 125
4/4 73 0 1 0 0 65 32 0 1 0 0 68 72 0 1 0 0 62 613 0 1 1 5 88 32 0 1 1 5 91 72 0 1 1 5 84 713 0 1 0 1 77 32 0 1 0 1 81 72 0 1 0 1 85 73 0 1 1 15 97 32 0 1 1 15 95 72 0 1 1 15 90 74 0 1 0 2 113 32 0 1 0 2 96 72 0 1 0 2 86 34 0 2 0 2 82 614 0 1 1 25 98 32 0 1 1 25 98 72 0 1 1 25 83 714 0 1 0 3 94 32 0 1 0 3 94 72 0 1 0 3 87 74 0 1 1 35 89 32 0 1 1 35 89 72 0 1 1 35 101
4/4 75 0 1 0 0 117 32 0 1 0 0 99 72 0 1 0 0 109 35 0 2 0 0 110 615 0 1 1 5 100 32 0 1 1 5 94 72 0 1 1 5 85 715 0 1 0 1 95 32 0 1 0 1 95 72 0 1 0 1 101 75 0 1 1 15 82 32 0 1 1 15 89 72 0 1 1 15 87 76 0 1 0 2 121 33 0 1 0 2 108 73 0 1 0 2 116 36 0 2 0 2 130 616 0 1 1 25 88 33 0 1 1 25 110 73 0 1 1 25 104 716 0 1 0 3 104 33 0 1 0 3 92 73 0 1 0 3 107 76 0 1 1 35 94 33 0 1 1 35 96 73 0 1 1 35 107
4/4 36 0 1 0 0 117 76 0 1 0 0 116 37 0 1 0 0 116 33 0 1 0 0 129 73 0 1 0 0 129
