4/4 613 0 1 2 375 55 23 0 1 2 375 46 54 0 1 2 375 61 14 0 1 2 375 50 44 0 1 2 375 51
4/4 613 0 1 0 0 49 23 0 1 0 0 56 54 0 1 0 0 48 14 0 1 0 0 50 44 0 1 0 0 49
4/4 51 3 667 0 0 56 21 1 5 1 5 53 72 1 5 0 1 55 53 1 5 1 15 61 43 1 5 0 2 65 612 1 15 1 25 53
4/4 612 0 4 0 0 64
4/4 51 3 667 0 0 57 32 1 5 1 5 53 72 1 5 0 1 61 53 1 5 1 15 53 43 1 5 0 2 52 612 1 15 1 25 66 44 1 5 1 35 58
4/4 54 0 4 0 0 58 612 0 4 0 0 55 12 0 1 0 1 61 72 0 1 0 2 56 612 0 1 0 3 65
4/4 31 1 5 0 0 59 52 0 4 0 0 61 11 1 5 1 5 55 72 1 5 0 1 69 43 1 5 1 15 70 33 1 5 0 2 69 52 1 15 1 25 58
4/4 41 3 667 0 0 64 11 1 5 1 5 52 72 1 5 0 1 57 43 1 5 1 15 58 33 1 5 0 2 58 612 1 15 1 25 53
4/4 51 3 667 0 0 54 24 0 1 1 5 56 21 0 1 1 5 52 54 0 1 0 1 71 71 0 1 0 1 65 14 1 25 1 15 72 53 1 5 1 15 66 43 1 5 0 2 68 612 1 15 1 25 63
4/4 14 1 5 0 0 68 612 0 4 0 0 64 74 1 5 1 5 55 23 1 5 0 1 69 54 1 25 1 15 64
4/4 51 3 667 0 0 71 24 0 1 1 5 54 31 0 1 1 5 53 14 0 1 0 1 53 71 0 1 0 1 62 24 0 1 1 15 64 52 0 1 1 15 63 55 0 1 0 2 67 42 0 1 0 2 59 24 1 15 1 25 70 612 1 15 1 25 56
4/4 24 1 15 0 0 54 612 0 4 0 0 64 14 1 5 1 15 61 24 0 1 0 2 61 14 3 333 0 3 54 74 3 333 3 3333 60 614 3 333 3 3667 66
4/4 54 0 3 0 0 48 31 3 667 0 0 55 11 1 5 1 5 70 72 1 5 0 1 55 43 1 5 1 15 68 33 1 5 0 2 62 52 1 15 1 25 61 44 1 5 1 35 56
4/4 54 0 1 0 0 52 41 0 1 0 0 71 23 1 35 1 5 66 11 1 5 1 5 53 72 1 5 0 1 55 43 1 5 1 15 68 33 1 5 0 2 68 612 1 15 1 25 63
4/4 612 0 1 0 0 55 23 0 1 0 0 56 74 0 2 0 1 60 24 0 1 0 3 61
4/4 74 0 4 0 0 64 35 0 2 0 0 54 45 0 2 0 2 51
4/4 54 0 2 0 0 56 74 2 25 0 0 62 45 0 3 0 1 66 54 0 1 0 2 57 63 0 1 0 2 59
4/4 35 0 2 0 0 59 54 0 1 0 0 45 63 0 1 0 0 68 54 0 1 0 2 58 64 0 1 0 2 58 23 0 1 0 2 59
4/4 71 3 667 0 0 71 42 1 5 1 5 63 12 1 5 0 1 61 63 1 25 1 15 56 44 0 1 1 35 66 33 0 1 1 35 58 223 2 25 2 375 60
4/4 13 0 3 0 0 54 71 3 667 0 0 72 522 1 5 1 5 60 12 1 5 0 1 55 63 1 15 1 15 60 33 0 1 0 3 53 34 1 5 1 35 53
4/4 64 0 4 0 0 48 71 0 1 0 0 45 711 0 1 0 0 64 62 1 5 1 5 53 712 1 5 0 1 52 63 1 25 1 15 66
4/4 71 0 1 0 0 52 611 0 1 0 0 76 522 1 5 1 5 59 12 1 5 0 1 69 613 1 25 1 15 61
4/4 45 0 1 0 0 42 75 0 1 0 0 64 54 0 1 0 0 31 13 0 1 0 0 50 35 0 1 0 2 50 64 0 1 0 2 57 44 0 1 0 2 34 73 0 1 0 2 65 224 0 1 0 3 47 524 0 1 0 3 53
4/4 14 0 1 0 0 44 45 0 1 0 0 45 314 0 1 0 0 37 613 0 1 0 0 44
4/4 35 0 1 0 0 32 65 0 1 0 0 63 44 0 1 0 0 40 73 0 1 0 0 59 224 0 1 0 2 48 524 0 1 0 2 55 34 0 1 0 2 39 63 0 1 0 2 57 714 0 1 0 3 47 314 0 1 0 3 45
4/4 74 0 1 0 0 41 35 0 1 0 0 59 23 0 1 0 0 28 53 0 1 0 0 56
4/4 224 0 1 0 0 50 525 0 1 0 0 60 73 0 1 0 0 31 34 0 1 0 0 51 63 0 1 0 0 46 714 0 1 0 2 38 315 0 1 0 2 64 63 0 1 0 2 27 223 0 1 0 2 40 523 0 1 0 2 51
4/4 53 0 1 0 0 31 13 0 1 0 0 35 44 0 1 0 0 31 74 0 1 0 0 38 34 0 1 0 0 54
4/4 523 0 1 0 0 50 713 0 1 0 0 54 314 0 1 0 0 49 64 0 1 0 0 47 34 0 1 0 0 37
4/4 54 1 15 0 0 35 74 0 2 0 0 41 35 0 4 0 0 42 43 3 667 0 0 59 223 1 5 1 5 32 54 0 3 0 1 29 74 1 25 1 15 25 313 0 1 2 175 46 54 0 1 2 175 30 74 0 1 2 175 42 34 0 1 2 175 49
4/4 73 0 1 0 0 41 74 0 1 0 0 53 61 0 1 0 0 57 713 0 1 1 5 36 714 0 1 1 5 49 31 0 1 1 5 44 73 0 1 0 1 31 74 0 1 0 1 50 71 0 1 0 1 42 713 0 1 1 15 48 714 0 1 1 15 49 522 0 1 1 15 59 73 0 1 0 2 40 74 0 1 0 2 59 312 0 1 0 2 41 713 0 1 1 25 44 713 0 1 1 25 46 62 1 15 1 25 36 73 0 1 0 3 34 73 0 1 0 3 60 713 0 1 1 35 38 713 0 1 1 35 40
4/4 524 0 1 0 0 35 525 0 1 0 0 55 521 0 1 0 0 55 713 0 1 1 5 47 714 0 1 1 5 58 221 0 1 1 5 50 73 0 1 0 1 36 74 0 1 0 1 63 71 0 1 0 1 54 713 0 1 1 15 44 714 0 1 1 15 65 522 0 1 1 15 44 524 0 1 0 2 50 525 0 1 0 2 62 312 0 1 0 2 40 713 0 1 1 25 33 713 0 1 1 25 49 62 1 15 1 25 51 73 0 1 0 3 46 73 0 1 0 3 65 713 0 1 1 35 41 713 0 1 1 35 51
4/4 524 0 1 0 0 41 525 0 1 0 0 54 311 0 1 0 0 54 713 0 1 1 5 41 714 0 1 1 5 53 711 0 1 1 5 42 73 0 1 0 1 40 74 0 1 0 1 64 71 0 1 0 1 43 713 0 1 1 15 33 714 0 1 1 15 49 522 0 1 1 15 55 524 0 1 0 2 39 525 0 1 0 2 61 312 0 1 0 2 57 713 0 1 1 25 46 713 0 1 1 25 46 62 1 15 1 25 42 73 0 1 0 3 36 73 0 1 0 3 61 713 0 1 1 35 27 713 0 1 1 35 52
4/4 524 0 1 0 0 61 525 0 1 0 0 87 31 0 1 0 0 83 713 0 1 1 5 73 714 0 1 1 5 72 71 0 1 1 5 71 73 0 1 0 1 64 74 0 1 0 1 88 71 0 1 0 1 66 713 0 1 1 15 72 714 0 1 1 15 89 522 0 1 1 15 83 524 0 1 0 2 67 525 0 1 0 2 84 312 0 1 0 2 79 713 0 1 1 25 70 713 0 1 1 25 71 52 1 15 1 25 77 73 0 1 0 3 72 73 0 1 0 3 73 713 0 1 1 35 56 713 0 1 1 35 69
4/4 73 0 1 0 0 45 73 0 1 0 0 53 52 2 375 0 0 83 713 0 1 1 5 32 713 0 1 1 5 58 73 0 1 0 1 25 73 0 1 0 1 48 713 0 1 1 15 39 713 0 1 1 15 45 73 0 1 0 2 27 73 0 1 0 2 38 713 0 1 1 25 19 713 0 1 1 25 39 73 0 1 0 3 31 73 0 1 0 3 42 713 0 1 1 35 24 713 0 1 1 35 21
4/4 31 0 1 0 0 35 71 0 1 0 0 63 72 0 1 0 0 54 222 0 3 0 1 42
4/4 41 0 1 0 0 41 11 0 1 0 0 47 12 0 2 0 0 47 62 0 2 0 2 55
4/4 51 0 1 0 0 43 21 0 1 0 0 53 72 0 2 0 0 51 72 1 15 2 175 33 22 0 1 0 2 30 52 0 1 0 2 42
4/4 51 3 667 0 0 49 21 1 5 1 5 40 72 1 5 0 1 58 53 1 5 1 15 43 43 1 5 0 2 58 612 1 15 1 25 53 23 1 5 1 35 48
4/4 614 2 325 0 0 50 612 0 4 0 0 39 53 0 1 0 3 53
4/4 51 3 667 0 0 49 53 0 1 0 0 56 32 1 5 1 5 59 613 0 1 0 1 38 71 0 1 0 1 56 53 1 5 1 15 43 43 1 5 0 2 43 612 1 15 1 25 50 54 1 5 1 35 40
4/4 44 0 1 0 0 51 13 0 1 0 0 59 612 0 4 0 0 45 23 0 1 0 2 51 45 0 1 0 3 56
4/4 13 0 1 0 0 38 23 0 1 0 0 52 31 3 667 0 0 53 11 1 5 1 5 41 72 1 5 0 1 53 43 1 5 1 15 42 33 1 5 0 2 43 52 1 15 1 25 42 14 1 5 1 35 45
4/4 24 0 1 0 0 59 41 0 1 0 0 39 54 1 35 1 5 51 11 1 5 1 5 39 72 1 5 0 1 56 43 1 5 1 15 51 33 1 5 0 2 40 612 1 15 1 25 41
4/4 44 0 1 0 0 36 44 0 1 0 0 55 51 3 667 0 0 50 21 1 5 1 5 41 72 1 5 0 1 50 53 1 5 1 15 49 43 1 5 0 2 46 612 1 15 1 25 42
4/4 54 0 1 0 0 33 54 0 1 0 0 64 612 0 4 0 0 46 614 0 1 0 2 40 614 0 1 0 2 52 74 0 1 0 3 45 74 0 1 0 3 50
4/4 14 0 1 0 0 27 14 0 1 0 0 51 51 3 667 0 0 50 21 1 5 1 5 58 72 1 5 0 1 40 53 1 5 1 15 54 43 1 5 0 2 58 612 1 15 1 25 41
4/4 24 0 1 0 0 39 24 0 1 0 0 63 612 0 4 0 0 50
4/4 31 3 667 0 0 44 24 0 1 0 0 44 24 0 1 0 0 46 11 1 5 1 5 56 72 1 5 0 1 49 43 1 5 1 15 56 33 1 5 0 2 44 14 0 1 3 2333 31 14 0 1 3 2333 45 52 1 15 1 25 34 45 0 1 0 3 51 45 0 1 0 3 57 24 0 1 3 3333 32 24 0 1 3 3333 64
4/4 54 0 1 0 0 51 54 0 1 0 0 50 41 3 667 0 0 41 11 1 5 1 5 40 72 1 5 0 1 48 43 1 5 1 15 44 614 0 1 0 2 32 614 0 1 0 2 59 33 1 5 0 2 59 612 1 15 1 25 38
4/4 51 3 667 0 0 54 24 0 1 1 5 56 21 0 1 1 5 55 54 0 1 0 1 58 71 0 1 0 1 54 14 1 25 1 15 58 53 1 5 1 15 53 43 1 5 0 2 42 612 1 15 1 25 58
4/4 14 1 5 0 0 44 612 0 4 0 0 51 74 1 5 1 5 39 23 1 5 0 1 56 54 1 25 1 15 57
4/4 51 1 5 0 0 51 24 0 1 1 5 47 21 0 1 1 5 55 14 0 1 0 1 56 71 0 1 0 1 47 24 0 1 1 15 57 52 0 1 1 15 39 55 0 1 0 2 42 42 0 1 0 2 46 24 1 15 1 25 43 612 1 15 1 25 47
4/4 614 0 1 0 0 39 44 0 1 0 0 48 612 0 4 0 0 55 14 1 5 1 15 42 24 0 1 0 2 45 14 3 333 0 3 58 74 3 333 3 3333 42 614 2 25 3 3667 38
4/4 54 0 3 0 0 47 31 3 667 0 0 48 11 1 5 1 5 46 72 1 5 0 1 50 43 1 5 1 15 54 33 1 5 0 2 40 52 1 15 1 25 37 44 1 5 1 35 47
4/4 54 0 1 0 0 54 41 0 1 0 0 43 23 1 15 1 5 44 11 1 5 1 5 43 72 1 5 0 1 58 43 1 5 1 15 40 54 0 1 0 2 46 13 0 1 0 2 67 33 1 5 0 2 40 612 1 15 1 25 41
4/4 74 0 1 0 0 19 23 0 1 0 0 51 54 1 5 1 5 36 14 0 1 0 1 36 34 0 1 0 1 38 54 1 5 1 15 34 24 0 1 0 2 20 44 0 1 0 2 33 54 1 5 1 25 33 14 0 1 0 3 37 34 0 1 0 3 44 54 1 5 1 35 43
4/4 74 0 1 0 0 22 23 0 1 0 0 48 54 1 5 1 5 44 614 0 1 0 1 21 13 0 1 0 1 41 54 1 5 1 15 33 74 0 1 0 2 36 23 0 1 0 2 44 54 1 5 1 25 39 54 0 1 0 3 18 73 0 1 0 3 32 54 1 5 1 35 32
4/4 614 0 1 0 0 19 13 0 1 0 0 35 54 1 5 1 5 42 74 0 1 0 1 21 23 0 1 0 1 36 54 1 5 1 15 41 24 0 1 0 2 19 44 0 1 0 2 34 54 1 5 1 25 33 35 0 1 0 3 26 54 0 1 0 3 32 54 1 5 1 35 32
4/4 24 0 1 0 0 22 44 0 1 0 0 33 54 1 5 1 5 40 74 0 1 0 1 23 23 0 1 0 1 38 54 1 5 1 15 36 614 0 1 0 2 34 13 0 1 0 2 32 54 1 5 1 25 46 24 0 1 0 3 30 44 0 1 0 3 51 54 1 5 1 35 34
4/4 74 0 1 0 0 39 24 0 1 0 0 55 51 0 1 0 0 48 54 0 1 1 5 54 21 0 1 1 5 40 14 0 1 0 1 32 35 0 1 0 1 57 71 0 1 0 1 45 54 0 1 1 15 55 52 0 1 1 15 52 24 0 1 0 2 31 45 0 1 0 2 65 42 0 1 0 2 39 54 1 5 1 25 52 612 1 15 1 25 46 14 0 1 0 3 44 34 0 1 0 3 60 54 1 5 1 35 45
4/4 74 0 1 0 0 34 23 0 1 0 0 53 612 0 4 0 0 56 54 1 5 1 5 53 614 0 1 0 1 40 13 0 1 0 1 47 54 1 5 1 15 55 74 0 1 0 2 41 23 0 1 0 2 46 54 1 5 1 25 56 54 0 1 0 3 51 73 0 1 0 3 51 54 1 5 1 35 51
4/4 614 0 1 0 0 46 14 0 1 0 0 50 51 0 1 0 0 51 54 0 1 1 5 52 31 0 1 1 5 40 74 0 1 0 1 40 24 0 1 0 1 61 71 0 1 0 1 43 54 0 1 1 15 44 52 0 1 1 15 52 24 0 1 0 2 37 45 0 1 0 2 45 42 0 1 0 2 41 54 1 5 1 25 47 612 1 15 1 25 48 35 0 1 0 3 32 54 0 1 0 3 47 54 1 5 1 35 58
4/4 24 0 1 0 0 44 44 0 1 0 0 63 612 0 4 0 0 53 54 1 5 1 5 57 74 0 1 0 1 43 23 0 1 0 1 59 54 1 5 1 15 51 614 0 1 0 2 39 13 0 1 0 2 59 54 1 5 1 25 46 24 0 1 0 3 43 44 0 1 0 3 65 54 1 5 1 35 49
4/4 74 0 1 0 0 40 24 0 1 0 0 51 31 0 1 0 0 45 54 0 1 1 5 40 11 0 1 1 5 58 614 0 1 0 1 51 14 0 1 0 1 50 71 0 1 0 1 60 54 0 1 1 15 59 42 0 1 1 15 59 74 0 1 0 2 50 24 0 1 0 2 53 32 0 1 0 2 60 54 1 5 1 25 42 52 1 15 1 25 54 24 0 1 0 3 45 44 0 1 0 3 64 54 1 5 1 35 52
4/4 45 0 1 0 0 47 615 0 1 0 0 62 41 0 1 0 0 69 54 0 1 1 5 39 11 0 1 1 5 62 35 0 1 0 1 46 55 0 1 0 1 53 71 0 1 0 1 60 54 0 1 1 15 44 42 0 1 1 15 61 24 0 1 0 2 42 45 0 1 0 2 55 32 0 1 0 2 79 522 0 2 0 2 79 54 1 5 1 25 48 612 3 1333 1 25 57 14 0 1 0 3 50 34 0 1 0 3 46 54 1 5 1 35 34
4/4 54 0 1 0 0 47 14 0 1 0 0 33 45 0 1 0 0 52 22 0 1 0 0 43 44 0 1 1 5 39 614 0 1 1 5 26 24 0 1 1 5 44 12 0 1 1 5 39 14 0 1 0 2 46 614 0 1 0 2 46 613 0 1 0 2 54 44 0 1 0 2 54 53 0 1 0 2 52 14 0 1 1 25 33 23 0 1 1 25 59
4/4 53 0 1 0 0 31 13 0 1 0 0 38 22 0 1 0 0 57 51 1 5 0 2 56 21 1 5 1 25 45 72 1 5 0 3 54 53 1 5 1 35 42
4/4 43 3 667 0 0 41 612 1 35 1 5 59 13 1 5 0 1 57 44 1 5 1 15 58 14 0 1 0 2 29 14 0 1 0 2 42
