4/4 45 1 5 0 0 64 14 1 5 1 5 64 35 1 5 0 1 64 74 1 5 1 15 64 14 1 5 0 2 64 54 1 5 1 25 64 64 1 5 0 3 64 74 1 5 1 35 64
4/4 45 1 5 0 0 64 14 1 5 1 5 64 35 1 5 0 1 64 74 1 5 1 15 64 55 1 5 0 2 64 14 1 5 1 25 64 45 1 5 0 3 64 55 1 5 1 35 64
4/4 45 1 5 0 0 64 14 1 5 1 5 64 35 1 5 0 1 64 74 1 5 1 15 64 14 1 5 0 2 64 54 1 5 1 25 64 64 1 5 0 3 64 74 1 5 1 35 64
4/4 45 1 5 0 0 64 14 1 5 1 5 64 35 1 5 0 1 64 74 1 5 1 15 64 55 1 5 0 2 64 14 1 5 1 25 64 45 1 5 0 3 64 55 1 5 1 35 64
4/4 45 1 5 0 0 64 44 1 15 0 0 64 14 1 5 1 5 64 35 1 5 0 1 64 74 1 5 1 15 64 44 1 15 1 15 64 14 1 5 0 2 64 54 1 5 1 25 64 64 1 5 0 3 64 44 0 1 0 3 64 74 1 5 1 35 64
4/4 45 1 5 0 0 64 44 1 5 0 0 64 14 1 5 1 5 64 44 1 35 1 5 64 35 1 5 0 1 64 74 1 5 1 15 64 55 1 5 0 2 64 14 1 5 1 25 64 45 1 5 0 3 64 55 1 5 1 35 64
4/4 45 1 5 0 0 64 43 0 1 0 0 64 13 0 1 0 0 64 14 1 5 1 5 64 35 1 5 0 1 64 74 1 5 1 15 64 14 1 5 0 2 64 54 1 5 1 25 64 64 1 5 0 3 64 74 1 5 1 35 64
4/4 45 1 5 0 0 64 43 0 1 0 0 64 13 0 1 0 0 64 14 1 5 1 5 64 35 1 5 0 1 64 74 1 5 1 15 64 55 1 5 0 2 64 14 1 5 1 25 64 45 1 5 0 3 64 55 1 5 1 35 64
4/4 44 1 5 0 0 64 42 0 4 0 0 64 13 1 5 1 5 64 34 0 1 0 1 64 64 0 1 0 1 64 73 1 5 1 15 64 13 0 1 0 2 64 54 0 1 0 2 64 53 1 5 1 25 64 63 0 1 0 3 64 34 0 1 0 3 64 73 1 5 1 35 64
4/4 44 1 5 0 0 64 42 0 4 0 0 64 13 1 5 1 5 64 34 0 1 0 1 64 64 0 1 0 1 64 73 1 5 1 15 64 54 1 5 0 2 64 13 1 5 1 25 64 44 1 5 0 3 64 54 1 5 1 35 64
4/4 44 1 5 0 0 64 42 0 4 0 0 64 13 1 5 1 5 64 34 0 1 0 1 64 64 0 1 0 1 64 73 1 5 1 15 64 13 0 1 0 2 64 54 0 1 0 2 64 53 1 5 1 25 64 63 0 1 0 3 64 34 0 1 0 3 64 73 1 5 1 35 64
4/4 44 1 5 0 0 64 42 0 4 0 0 64 13 1 5 1 5 64 34 0 1 0 1 64 64 0 1 0 1 64 73 1 5 1 15 64 54 1 5 0 2 64 13 1 5 1 25 64 44 1 5 0 3 64 54 1 5 1 35 64
4/4 42 0 4 0 0 64 13 1 5 0 1 64 44 1 25 1 15 64
4/4 34 1 15 0 0 64 42 0 4 0 0 64 53 1 25 1 15 64
4/4 221 0 4 0 0 64 44 1 5 1 5 64 34 1 5 0 1 64 13 1 5 1 15 64 73 1 5 0 2 64 63 2 75 2 275 64 73 1 5 1 35 64
4/4 32 0 4 0 0 64 44 1 5 1 5 64 34 1 5 0 1 64 13 1 5 1 15 64 73 0 1 0 2 64 54 0 1 0 2 64 64 2 75 2 275 64 54 1 5 1 35 64
4/4 11 0 4 0 0 64 44 1 5 1 5 64 34 1 5 0 1 64 13 1 5 1 15 64 73 1 5 0 2 64 63 2 75 2 275 64 73 1 5 1 35 64
4/4 11 0 4 0 0 64 44 1 5 1 5 64 34 1 5 0 1 64 13 1 5 1 15 64 73 0 1 0 2 64 54 0 1 0 2 64 13 2 75 2 275 64 54 1 5 1 35 64
4/4 73 0 1 0 0 64 34 0 1 0 0 64 221 0 4 0 0 64 13 0 1 1 5 64 44 0 1 1 5 64
4/4 34 0 1 0 0 64 64 0 1 0 0 64 32 0 4 0 0 64 44 0 1 1 5 64 74 0 1 1 5 64 64 2 25 1 35 64 74 2 25 2 375 64
4/4 54 0 1 0 0 64 14 0 1 0 0 64 11 0 4 0 0 64
4/4 11 0 2 0 0 64 54 0 1 0 0 64 14 0 1 0 0 64 44 0 1 0 2 64 74 0 1 0 2 64 11 0 1 0 2 64 54 0 1 0 3 64 14 0 1 0 3 64 11 0 1 0 3 64
4/4 44 0 1 0 0 64 64 0 1 0 0 64 14 0 1 0 0 64 42 1 5 0 0 64 12 1 5 1 5 64 33 1 5 0 1 64 43 1 5 1 15 64 72 1 5 0 2 64 12 1 5 1 25 64 33 1 5 0 3 64 43 1 5 1 35 64
4/4 42 1 5 0 0 64 12 1 5 1 5 64 33 1 5 0 1 64 43 1 5 1 15 64 72 1 5 0 2 64 12 1 5 1 25 64 53 1 5 0 3 64 33 1 5 1 35 64
4/4 42 1 5 0 0 64 12 1 5 1 5 64 33 1 5 0 1 64 43 1 5 1 15 64 72 1 5 0 2 64 12 1 5 1 25 64 33 1 5 0 3 64 43 1 5 1 35 64
4/4 42 1 5 0 0 64 12 1 5 1 5 64 33 1 5 0 1 64 43 1 5 1 15 64 72 1 5 0 2 64 12 1 5 1 25 64 53 1 5 0 3 64 33 1 5 1 35 64
4/4 73 0 1 0 0 64 13 0 1 0 0 64 42 0 1 0 0 64 73 0 1 1 5 64 13 0 1 1 5 64 63 0 1 0 1 64 13 0 1 0 1 64 73 0 1 1 15 64 13 0 1 1 15 64 42 0 1 1 15 64 73 0 1 0 2 64 13 0 1 0 2 64 73 0 1 1 25 64 13 0 1 1 25 64 73 0 1 0 3 64 13 0 1 0 3 64 73 0 1 1 35 64 13 0 1 1 35 64
4/4 73 0 1 0 0 64 13 0 1 0 0 64 42 0 1 0 0 64 73 0 1 1 5 64 13 0 1 1 5 64 63 0 1 0 1 64 13 0 1 0 1 64 73 0 1 1 15 64 13 0 1 1 15 64 42 0 1 1 15 64 73 0 1 0 2 64 13 0 1 0 2 64 73 0 1 1 25 64 13 0 1 1 25 64 73 0 1 0 3 64 13 0 1 0 3 64 73 0 1 1 35 64 13 0 1 1 35 64 11 0 1 1 35 64
4/4 73 0 1 0 0 64 34 0 1 0 0 64 42 0 1 0 0 64 73 0 1 1 5 64 34 0 1 1 5 64 63 0 1 0 1 64 34 0 1 0 1 64 73 0 1 1 15 64 34 0 1 1 15 64 42 0 1 1 15 64 73 0 1 0 2 64 34 0 1 0 2 64 73 0 1 1 25 64 34 0 1 1 25 64 73 0 1 0 3 64 34 0 1 0 3 64 73 0 1 1 35 64 34 0 1 1 35 64
4/4 73 0 1 0 0 64 34 0 1 0 0 64 42 0 1 0 0 64 73 0 1 1 5 64 34 0 1 1 5 64 63 0 1 0 1 64 34 0 1 0 1 64 73 0 1 1 15 64 34 0 1 1 15 64 42 0 1 1 15 64 73 0 1 0 2 64 34 0 1 0 2 64 73 0 1 1 25 64 34 0 1 1 25 64 73 0 1 0 3 64 34 0 1 0 3 64 73 0 1 1 35 64 34 0 1 1 35 64 11 0 1 1 35 64
4/4 73 0 1 0 0 64 54 0 1 0 0 64 42 0 1 0 0 64 73 0 1 1 5 64 54 0 1 1 5 64 63 0 1 0 1 64 54 0 1 0 1 64 73 0 1 1 15 64 54 0 1 1 15 64 42 0 1 1 15 64 73 0 1 0 2 64 54 0 1 0 2 64 73 0 1 1 25 64 54 0 1 1 25 64 73 0 1 0 3 64 54 0 1 0 3 64 73 0 1 1 35 64 54 0 1 1 35 64
4/4 73 0 1 0 0 64 54 0 1 0 0 64 42 0 1 0 0 64 73 0 1 1 5 64 54 0 1 1 5 64 63 0 1 0 1 64 54 0 1 0 1 64 73 0 1 1 15 64 54 0 1 1 15 64 42 0 1 1 15 64 73 0 1 0 2 64 54 0 1 0 2 64 73 0 1 1 25 64 54 0 1 1 25 64 73 0 1 0 3 64 54 0 1 0 3 64 73 0 1 1 35 64 54 0 1 1 35 64 11 0 1 1 35 64
4/4 42 2 25 0 0 64 62 2 25 2 25 64 72 2 25 1 5 64 12 2 25 2 75 64 33 2 25 0 1 64 43 2 25 2 125 64 63 2 25 1 15 64 73 2 25 2 175 64 13 2 25 0 2 64 34 2 25 2 225 64 44 2 25 1 25 64 64 2 25 2 275 64 44 1 5 0 3 64 223 1 5 1 35 64
4/4 34 1 5 0 0 64 73 2 25 1 5 64 13 2 25 2 75 64 44 1 5 0 1 64 13 1 5 1 15 64 54 1 5 0 2 64 73 2 25 1 25 64 13 2 25 2 275 64 44 1 5 0 3 64 13 1 5 1 35 64
4/4 34 1 5 0 0 64 42 0 1 0 0 64 73 2 25 1 5 64 13 2 25 2 75 64 44 1 5 0 1 64 13 1 5 1 15 64 44 2 25 0 2 64 34 2 25 2 225 64 54 2 25 1 25 64 64 2 25 2 275 64 44 1 5 0 3 64 13 1 5 1 35 64
4/4 34 1 5 0 0 64 73 2 25 1 5 64 13 2 25 2 75 64 44 1 5 0 1 64 13 1 5 1 15 64 54 1 5 0 2 64 42 0 1 0 2 64 73 2 25 1 25 64 13 2 25 2 275 64 44 1 5 0 3 64 13 1 5 1 35 64
3/4 34 1 5 0 0 64 73 2 25 1 5 64 13 2 25 2 75 64 44 1 5 0 1 64 13 1 5 1 15 64 44 2 25 0 2 64 34 2 25 2 225 64 54 2 25 1 25 64 64 2 25 2 275 64
4/4 44 0 1 0 0 64 64 0 1 0 0 64 221 1 5 0 0 64 62 1 5 1 5 64 221 1 5 0 1 64 62 1 5 1 15 64 221 1 5 0 2 64 62 1 5 1 25 64 221 1 5 0 3 64 62 1 5 1 35 64
4/4 54 0 2 0 0 64 32 1 5 0 0 64 72 1 5 1 5 64 32 1 5 0 1 64 72 1 5 1 15 64 34 0 1 0 2 64 32 1 5 0 2 64 72 1 5 1 25 64 13 0 1 0 3 64 32 1 5 0 3 64 72 1 5 1 35 64
4/4 34 0 1 0 0 64 11 1 5 0 0 64 52 1 5 1 5 64 44 0 3 0 1 64 11 1 5 0 1 64 52 1 5 1 15 64 11 1 5 0 2 64 52 1 5 1 25 64 11 1 5 0 3 64 52 1 5 1 35 64
4/4 11 1 5 0 0 64 44 0 4 0 0 64 52 1 5 1 5 64 11 1 5 0 1 64 52 1 5 1 15 64 11 1 5 0 2 64 52 1 5 1 25 64 11 1 5 0 3 64 52 1 5 1 35 64
4/4 44 0 1 0 0 64 64 0 1 0 0 64 221 1 5 0 0 64 62 1 5 1 5 64 221 1 5 0 1 64 62 1 5 1 15 64 221 1 5 0 2 64 62 1 5 1 25 64 221 1 5 0 3 64 62 1 5 1 35 64
4/4 54 0 2 0 0 64 32 1 5 0 0 64 72 1 5 1 5 64 32 1 5 0 1 64 72 1 5 1 15 64 34 0 1 0 2 64 32 1 5 0 2 64 72 1 5 1 25 64 13 0 1 0 3 64 32 1 5 0 3 64 72 1 5 1 35 64
4/4 34 0 1 0 0 64 11 1 5 0 0 64 52 1 5 1 5 64 44 0 3 0 1 64 11 1 5 0 1 64 52 1 5 1 15 64 11 1 5 0 2 64 52 1 5 1 25 64 11 1 5 0 3 64 52 1 5 1 35 64
4/4 34 0 1 0 0 64 54 0 1 0 0 64 11 1 5 0 0 64 52 1 5 1 5 64 11 1 5 0 1 64 52 1 5 1 15 64 11 1 5 0 2 64 52 1 5 1 25 64 11 1 5 0 3 64 52 1 5 1 35 64
4/4 42 0 1 0 0 64 13 1 5 1 5 64 44 0 3 0 1 64 42 1 5 1 15 64 11 1 5 1 35 64
4/4 34 1 15 0 0 64 42 0 1 0 0 64 53 1 25 1 15 64 42 1 5 1 15 64 11 1 5 1 35 64
4/4 42 0 1 0 0 64 73 1 5 1 5 64 34 0 3 0 1 64 42 1 5 1 15 64 11 1 5 1 35 64
4/4 23 1 15 0 0 64 42 0 1 0 0 64 43 1 25 1 15 64 42 1 5 1 15 64 71 1 5 0 2 64 11 1 5 1 25 64 42 1 5 0 3 64 52 1 5 1 35 64
4/4 14 0 4 0 0 64 34 0 1 0 0 64 64 0 1 0 0 64 42 0 1 0 0 64
4/4 14 0 4 0 0 64
4/4 42 0 1 0 0 64 14 0 1 0 0 64 74 0 1 0 1 64 52 0 1 0 1 64 64 0 1 0 2 64 62 0 1 0 2 64 54 0 1 0 3 64 72 0 1 0 3 64
4/4 44 0 1 0 0 64 12 0 1 0 0 64 13 0 2 0 1 64 42 0 1 0 1 64 222 0 1 0 2 64 73 1 5 0 3 64 12 0 1 0 3 64 13 1 5 1 35 64
4/4 54 1 25 0 0 64 72 0 1 0 0 64 32 0 1 0 1 64 12 0 1 0 2 64 44 1 5 1 25 64 54 1 5 0 3 64 72 0 1 0 3 64 64 1 5 1 35 64
4/4 74 0 2 0 0 64 62 0 1 0 0 64 221 0 1 0 1 64 34 0 2 0 2 64 72 0 1 0 2 64 62 0 1 0 3 64
4/4 52 0 1 0 0 64 34 0 1 0 0 64 223 1 5 0 1 64 11 0 1 0 1 64 13 1 5 1 15 64 73 0 2 0 2 64 21 0 1 0 2 64 312 0 1 0 3 64
4/4 54 0 1 0 0 64 42 0 1 0 0 64 72 0 1 0 0 64 12 0 1 0 0 64 44 1 15 0 0 64 34 1 5 1 15 64 64 0 2 0 2 64 223 0 1 0 2 64 522 0 1 0 2 64 72 0 1 0 2 64 43 0 2 0 2 64 13 0 1 0 3 64
4/4 223 0 1 0 0 64 44 0 1 0 0 64 74 0 1 0 0 64 522 0 1 0 0 64 72 0 1 0 0 64 43 0 1 0 0 64 33 0 2 0 1 64
