3/4 62 0 3 0 0 96 33 0 1 0 1 45 63 0 1 0 1 91 13 0 1 0 2 83
3/4 62 0 3 0 0 90 33 0 1 0 1 45 63 0 1 0 1 87 13 0 1 0 2 79
3/4 62 0 3 0 0 84 33 0 1 0 1 45 63 0 1 0 1 77 13 0 1 0 2 55
3/4 62 0 3 0 0 77 33 0 1 0 1 45 63 0 1 0 1 73 64 1 5 0 2 97 13 0 1 0 2 55 74 1 5 1 25 82
3/4 14 1 5 0 0 105 62 0 3 0 0 77 64 1 5 1 5 87 35 1 15 0 1 97 33 0 1 0 1 45 63 0 1 0 1 74 13 0 1 0 2 55 14 1 5 1 25 90
3/4 74 0 1 0 0 102 53 0 1 0 0 53 33 0 3 0 0 82 35 0 1 0 1 102 73 0 1 0 1 79 74 0 1 0 2 84 54 0 1 0 2 55
3/4 64 1 5 0 0 97 43 0 3 0 0 82 44 1 5 1 5 84 14 1 15 0 1 93 63 0 1 0 1 79 44 0 1 0 2 55 64 1 5 1 25 87
3/4 54 2 175 0 0 84 12 0 3 0 0 82 53 0 1 0 1 53 34 0 1 0 1 79 54 0 1 0 2 84
3/4 44 0 1 0 0 97 222 0 3 0 0 82 54 0 1 0 1 87 63 0 1 0 1 53 223 0 1 0 1 79 64 1 5 0 2 84 44 0 1 0 2 61 74 1 5 1 25 78
3/4 34 0 1 0 0 97 12 0 3 0 0 82 64 0 1 0 1 100 63 0 1 0 1 53 13 0 1 0 1 79 74 1 5 0 2 87 34 0 1 0 2 61 14 1 5 1 25 93
3/4 224 0 1 0 0 109 72 0 3 0 0 82 224 1 5 0 1 102 43 0 1 0 1 53 73 0 1 0 1 79 14 1 5 1 15 82 74 1 5 0 2 87 223 0 1 0 2 61 64 1 5 1 25 75
3/4 54 0 1 0 0 56 74 0 1 0 0 87 33 0 3 0 0 82 73 0 2 0 1 79 64 1 5 0 2 87 74 1 5 1 25 74
3/4 14 1 5 0 0 97 62 0 3 0 0 77 64 1 5 1 5 79 35 1 15 0 1 87 33 0 1 0 1 45 63 0 1 0 1 74 13 0 1 0 2 55 14 1 5 1 25 83
3/4 74 0 1 0 0 93 53 0 1 0 0 53 33 0 3 0 0 82 35 0 1 0 1 93 73 0 1 0 1 79 74 0 1 0 2 76 54 0 1 0 2 55
3/4 64 1 5 0 0 87 43 0 3 0 0 82 44 1 5 1 5 76 44 0 1 0 1 87 63 0 1 0 1 79 54 1 5 0 2 84 13 0 1 0 2 55 64 1 5 1 25 79
3/4 34 2 175 0 0 76 12 0 3 0 0 82 53 0 1 0 1 53 13 0 1 0 1 79 34 1 5 1 25 76
3/4 44 0 1 0 0 87 222 0 3 0 0 82 54 0 1 0 1 79 63 0 1 0 1 53 223 0 1 0 1 79 64 1 5 0 2 76 44 0 1 0 2 61 74 1 5 1 25 71
3/4 34 0 1 0 0 87 12 0 3 0 0 82 64 0 1 0 1 90 63 0 1 0 1 53 13 0 1 0 1 79 74 1 5 0 2 79 34 0 1 0 2 61 14 1 5 1 25 86
3/4 224 0 1 0 0 100 72 0 2 0 0 82 224 1 5 0 1 93 43 0 1 0 1 53 73 0 1 0 1 79 14 1 5 1 15 74 74 1 5 0 2 79 33 0 1 0 2 61 64 1 5 1 25 69
3/4 64 0 1 0 0 79 62 0 1 0 0 82 33 0 1 0 1 53 63 0 1 0 1 79 13 0 1 0 2 61
3/4 62 0 3 0 0 82 33 0 1 0 1 53 63 0 1 0 1 79 14 1 5 0 2 84 224 1 5 1 25 84
3/4 35 0 1 0 0 102 62 0 3 0 0 82 35 0 1 0 1 93 33 0 1 0 1 53 63 0 1 0 1 79 35 2 75 0 2 84
3/4 35 0 1 0 0 97 53 0 1 0 0 53 33 0 3 0 0 82 35 1 5 0 1 97 73 0 1 0 1 79 45 1 5 1 15 82 35 1 5 0 2 87 54 0 1 0 2 55 224 1 5 1 25 75
3/4 14 0 1 0 0 87 43 0 3 0 0 82 14 0 1 0 1 84 63 0 1 0 1 79 14 0 1 0 2 75 44 0 1 0 2 55
3/4 14 0 1 0 0 90 12 0 3 0 0 82 14 1 5 0 1 90 53 0 1 0 1 45 13 0 1 0 1 79 224 1 5 1 15 72 14 1 5 0 2 87 34 0 1 0 2 55 74 1 5 1 25 72
3/4 64 2 75 0 0 87 43 0 3 0 0 82 64 0 1 0 1 82 13 0 1 0 1 45 44 0 1 0 1 79 64 1 5 0 2 84 63 0 1 0 2 55 54 1 5 1 25 69
3/4 44 0 1 0 0 87 222 0 3 0 0 82 54 0 1 0 1 87 63 0 1 0 1 79 54 1 5 0 2 87 223 0 1 0 2 55 64 1 5 1 25 78
3/4 74 0 1 0 0 87 72 0 1 0 0 82 223 0 1 0 0 64 74 1 5 0 1 87 43 0 1 0 1 45 73 0 1 0 1 79 14 1 5 1 15 75 74 1 5 0 2 84 223 0 1 0 2 55 14 1 5 1 25 78
3/4 54 0 1 0 0 72 74 0 1 0 0 92 33 0 3 0 0 82 73 0 1 0 1 45 34 0 1 0 1 79 14 1 5 0 2 84 54 0 1 0 2 55 224 1 5 1 25 84
3/4 35 0 1 0 0 102 62 0 3 0 0 84 35 0 1 0 1 93 33 0 1 0 1 45 63 0 1 0 1 82 35 0 1 0 2 84 13 0 1 0 2 55
3/4 35 0 1 0 0 97 53 0 1 0 0 54 33 0 3 0 0 84 35 1 5 0 1 97 73 0 1 0 1 82 45 1 5 1 15 82 35 1 5 0 2 87 54 0 1 0 2 55 224 1 5 1 25 75
3/4 14 0 1 0 0 87 43 0 3 0 0 84 14 0 1 0 1 84 13 0 1 0 1 82 14 0 1 0 2 75 64 0 1 0 2 55
3/4 14 1 5 0 0 90 12 0 3 0 0 84 224 1 5 1 5 78 14 1 5 0 1 87 53 0 1 0 1 82 74 1 5 1 15 72 64 1 5 0 2 87 34 0 1 0 2 55 54 1 5 1 25 72
3/4 44 2 75 0 0 87 222 0 3 0 0 84 44 1 5 0 1 82 63 0 1 0 1 45 223 0 1 0 1 82 54 1 5 1 15 75 64 1 5 0 2 84 44 0 1 0 2 55 74 1 5 1 25 69
3/4 34 0 1 0 0 87 12 0 3 0 0 84 64 0 1 0 1 87 63 0 1 0 1 45 13 0 1 0 1 82 74 1 5 0 2 87 34 0 1 0 2 55 14 1 5 1 25 78
3/4 74 3 1333 0 0 87 222 0 2 0 0 84 43 0 1 0 1 45 73 0 1 0 1 82 74 1 5 1 15 69 74 1 5 0 2 84 33 0 1 0 2 55 64 1 5 1 25 69
3/4 64 0 1 0 0 84 62 0 1 0 0 72 63 0 1 0 1 48 13 0 1 0 1 71
3/4 62 0 3 0 0 77 33 0 1 0 1 45 63 0 1 0 1 74 13 0 1 0 2 55
3/4 62 0 3 0 0 77 33 0 1 0 1 45 63 0 1 0 1 73 64 1 5 0 2 97 13 0 1 0 2 55 74 1 5 1 25 82
3/4 14 1 5 0 0 105 62 0 3 0 0 77 64 1 5 1 5 87 35 1 15 0 1 97 33 0 1 0 1 45 63 0 1 0 1 74 13 0 1 0 2 55 14 1 5 1 25 90
3/4 74 0 1 0 0 102 53 0 1 0 0 53 33 0 3 0 0 82 35 0 1 0 1 102 73 0 1 0 1 79 74 0 1 0 2 84 54 0 1 0 2 55
3/4 64 1 5 0 0 97 43 0 3 0 0 82 44 1 5 1 5 84 14 1 15 0 1 93 63 0 1 0 1 79 44 0 1 0 2 55 64 1 5 1 25 87
3/4 54 2 175 0 0 84 12 0 3 0 0 82 53 0 1 0 1 53 34 0 1 0 1 79 54 0 1 0 2 84
3/4 44 0 1 0 0 97 222 0 3 0 0 82 54 0 1 0 1 87 63 0 1 0 1 53 223 0 1 0 1 79 64 1 5 0 2 84 44 0 1 0 2 61 74 1 5 1 25 78
3/4 34 0 1 0 0 97 12 0 3 0 0 82 64 0 1 0 1 100 63 0 1 0 1 53 13 0 1 0 1 79 74 1 5 0 2 87 34 0 1 0 2 61 14 1 5 1 25 93
3/4 224 0 1 0 0 109 72 0 3 0 0 82 224 1 5 0 1 102 43 0 1 0 1 53 73 0 1 0 1 79 14 1 5 1 15 82 74 1 5 0 2 87 223 0 1 0 2 61 64 1 5 1 25 75
3/4 54 0 1 0 0 56 74 0 1 0 0 87 33 0 3 0 0 82 73 0 2 0 1 79 64 1 5 0 2 87 74 1 5 1 25 74
3/4 14 1 5 0 0 97 62 0 3 0 0 77 64 1 5 1 5 79 35 1 15 0 1 87 33 0 1 0 1 45 63 0 1 0 1 74 13 0 1 0 2 55 14 1 5 1 25 83
3/4 74 0 1 0 0 93 53 0 1 0 0 53 33 0 3 0 0 82 35 0 1 0 1 93 73 0 1 0 1 79 74 0 1 0 2 76 54 0 1 0 2 55
3/4 64 1 5 0 0 87 43 0 3 0 0 82 44 1 5 1 5 76 44 0 1 0 1 87 63 0 1 0 1 79 54 1 5 0 2 84 13 0 1 0 2 55 64 1 5 1 25 79
3/4 34 2 175 0 0 76 12 0 3 0 0 82 53 0 1 0 1 53 13 0 1 0 1 79 34 1 5 1 25 76
3/4 44 0 1 0 0 87 222 0 3 0 0 82 54 0 1 0 1 79 63 0 1 0 1 53 223 0 1 0 1 79 64 1 5 0 2 76 44 0 1 0 2 61 74 1 5 1 25 71
3/4 34 0 1 0 0 87 12 0 3 0 0 82 64 0 1 0 1 90 63 0 1 0 1 53 13 0 1 0 1 79 74 1 5 0 2 79 34 0 1 0 2 61 14 1 5 1 25 86
3/4 224 0 1 0 0 100 72 0 2 0 0 82 224 1 5 0 1 93 43 0 1 0 1 53 73 0 1 0 1 79 14 1 5 1 15 74 74 1 5 0 2 79 33 0 1 0 2 61 64 1 5 1 25 69
3/4 64 0 1 0 0 79 62 0 1 0 0 82 33 0 1 0 1 53 63 0 1 0 1 79 13 0 1 0 2 61
3/4 62 0 3 0 0 82 33 0 1 0 1 53 63 0 1 0 1 79 14 1 5 0 2 84 224 1 5 1 25 84
3/4 35 0 1 0 0 102 62 0 3 0 0 82 35 0 1 0 1 93 33 0 1 0 1 53 63 0 1 0 1 79 35 2 75 0 2 84
3/4 35 0 1 0 0 97 53 0 1 0 0 53 33 0 3 0 0 82 35 1 5 0 1 97 73 0 1 0 1 79 45 1 5 1 15 82 35 1 5 0 2 87 54 0 1 0 2 55 224 1 5 1 25 75
3/4 14 0 1 0 0 87 43 0 3 0 0 82 14 0 1 0 1 84 63 0 1 0 1 79 14 0 1 0 2 75 44 0 1 0 2 55
3/4 14 0 1 0 0 90 12 0 3 0 0 82 14 1 5 0 1 90 53 0 1 0 1 45 13 0 1 0 1 79 224 1 5 1 15 72 14 1 5 0 2 87 34 0 1 0 2 55 74 1 5 1 25 72
3/4 64 2 75 0 0 87 43 0 3 0 0 82 64 0 1 0 1 82 13 0 1 0 1 45 44 0 1 0 1 79 64 1 5 0 2 84 63 0 1 0 2 55 54 1 5 1 25 69
3/4 44 0 1 0 0 87 222 0 3 0 0 82 54 0 1 0 1 87 63 0 1 0 1 79 54 1 5 0 2 87 223 0 1 0 2 55 64 1 5 1 25 78
3/4 74 0 1 0 0 87 72 0 1 0 0 82 223 0 1 0 0 64 74 1 5 0 1 87 43 0 1 0 1 45 73 0 1 0 1 79 14 1 5 1 15 75 74 1 5 0 2 84 223 0 1 0 2 55 14 1 5 1 25 78
3/4 54 0 1 0 0 72 74 0 1 0 0 92 33 0 3 0 0 82 73 0 1 0 1 45 34 0 1 0 1 79 14 1 5 0 2 84 54 0 1 0 2 55 224 1 5 1 25 84
3/4 35 0 1 0 0 102 62 0 3 0 0 84 35 0 1 0 1 93 33 0 1 0 1 45 63 0 1 0 1 82 35 0 1 0 2 84 13 0 1 0 2 55
3/4 35 0 1 0 0 97 53 0 1 0 0 54 33 0 3 0 0 84 35 1 5 0 1 97 73 0 1 0 1 82 45 1 5 1 15 82 35 1 5 0 2 87 54 0 1 0 2 55 224 1 5 1 25 75
3/4 14 0 1 0 0 87 43 0 3 0 0 84 14 0 1 0 1 84 13 0 1 0 1 82 14 0 1 0 2 75 64 0 1 0 2 55
3/4 14 1 5 0 0 90 12 0 3 0 0 84 224 1 5 1 5 78 14 1 5 0 1 87 53 0 1 0 1 82 74 1 5 1 15 72 64 1 5 0 2 87 34 0 1 0 2 55 54 1 5 1 25 72
3/4 44 2 75 0 0 87 222 0 3 0 0 84 44 1 5 0 1 82 63 0 1 0 1 45 223 0 1 0 1 82 54 1 5 1 15 75 64 1 5 0 2 84 44 0 1 0 2 55 74 1 5 1 25 69
3/4 34 0 1 0 0 87 12 0 3 0 0 84 64 0 1 0 1 87 63 0 1 0 1 45 13 0 1 0 1 82 74 1 5 0 2 87 34 0 1 0 2 55 14 1 5 1 25 78
3/4 74 3 1333 0 0 87 222 0 2 0 0 84 43 0 1 0 1 45 73 0 1 0 1 82 74 1 5 1 15 69 74 1 5 0 2 84 33 0 1 0 2 55 64 1 5 1 25 69
3/4 64 0 1 0 0 84 62 0 1 0 0 72 63 0 1 0 1 48 13 0 1 0 1 71
3/4 62 0 3 0 0 77 33 0 1 0 1 45 63 0 1 0 1 74 13 0 1 0 2 55
3/4 62 0 3 0 0 82 33 0 1 0 1 45 63 0 1 0 1 79 13 0 1 0 2 55
3/4 62 0 3 0 0 77 33 0 1 0 1 45 63 0 1 0 1 74 13 0 1 0 2 55
3/4 62 0 3 0 0 82 33 0 1 0 1 45 63 0 1 0 1 79 64 1 5 0 2 104 13 0 1 0 2 55 74 1 5 1 25 87
3/4 14 1 5 0 0 113 61 0 1 0 0 96 64 1 5 1 5 93 35 1 15 0 1 104 32 0 1 0 1 84 12 0 1 0 2 55 14 1 5 1 25 97
3/4 74 0 1 0 0 110 32 0 1 0 0 96 54 0 3 0 0 64 35 0 1 0 1 110 72 0 1 0 1 53 74 0 1 0 2 90 53 0 1 0 2 55
3/4 64 1 5 0 0 104 42 0 1 0 0 96 44 1 5 1 5 90 14 1 15 0 1 100 12 0 1 0 1 53 63 0 1 0 2 55 64 1 5 1 25 93
3/4 54 2 175 0 0 90 11 0 3 0 0 96 52 0 1 0 1 56 33 0 1 0 1 70 54 0 1 0 2 90
3/4 44 0 1 0 0 104 221 0 1 0 0 96 54 0 1 0 1 93 62 0 1 0 1 53 64 1 5 0 2 90 43 0 1 0 2 55 74 1 5 1 25 84
3/4 34 0 1 0 0 104 11 0 1 0 0 96 64 0 1 0 1 108 62 0 1 0 1 53 74 1 5 0 2 93 33 0 1 0 2 55 14 1 5 1 25 100
3/4 224 0 1 0 0 116 71 0 1 0 0 96 44 0 3 0 0 64 224 1 5 0 1 110 42 0 1 0 1 84 14 1 5 1 15 87 74 1 5 0 2 93 222 0 1 0 2 55 64 1 5 1 25 82
3/4 74 0 2 0 0 93 32 0 1 0 0 96 72 0 1 0 1 56 53 0 1 0 1 70 64 1 5 0 2 93 74 1 5 1 25 78
3/4 14 1 5 0 0 104 61 0 1 0 0 96 64 1 5 1 5 86 35 1 15 0 1 93 32 0 1 0 1 84 12 0 1 0 2 55 14 1 5 1 25 89
3/4 74 0 1 0 0 100 32 0 1 0 0 96 54 0 3 0 0 64 35 0 1 0 1 100 72 0 1 0 1 53 74 0 1 0 2 83 53 0 1 0 2 55
3/4 64 1 5 0 0 93 42 0 1 0 0 96 44 1 5 1 5 83 44 0 1 0 1 93 12 0 1 0 1 53 54 1 5 0 2 90 63 0 1 0 2 55 64 1 5 1 25 86
3/4 34 2 175 0 0 83 11 0 3 0 0 96 52 0 1 0 1 56 33 0 1 0 1 70 34 0 1 0 2 83
3/4 44 0 1 0 0 93 221 0 1 0 0 96 54 0 1 0 1 86 62 0 1 0 1 53 64 1 5 0 2 83 43 0 1 0 2 55 74 1 5 1 25 75
3/4 34 0 1 0 0 93 11 0 1 0 0 96 64 0 1 0 1 97 62 0 1 0 1 53 74 1 5 0 2 86 33 0 1 0 2 55 14 1 5 1 25 92
3/4 224 0 1 0 0 108 71 0 2 0 0 96 44 0 3 0 0 64 224 1 5 0 1 100 42 0 1 0 1 45 222 0 1 0 1 59 14 1 5 1 15 78 74 1 5 0 2 86 32 0 1 0 2 55 64 1 5 1 25 74
3/4 13 0 1 0 0 76 64 0 1 0 0 86 61 0 1 0 0 96 32 0 1 0 1 84 12 0 1 0 2 55
3/4 61 0 1 0 0 87 32 0 1 0 1 76 14 1 5 0 2 90 12 0 1 0 2 55 224 1 5 1 25 90
3/4 35 0 1 0 0 110 61 0 1 0 0 87 14 0 3 0 0 64 35 0 1 0 1 100 32 0 1 0 1 76 35 0 1 0 2 90 12 0 1 0 2 55
3/4 35 0 1 0 0 104 32 0 1 0 0 87 54 0 3 0 0 64 35 1 5 0 1 104 72 0 1 0 1 53 45 1 5 1 15 87 35 1 5 0 2 93 53 0 1 0 2 55 224 1 5 1 25 82
3/4 14 0 1 0 0 104 42 0 1 0 0 87 64 0 3 0 0 64 14 0 1 0 1 90 12 0 1 0 1 53 14 0 1 0 2 82 63 0 1 0 2 55
3/4 14 0 1 0 0 104 11 0 1 0 0 87 34 0 3 0 0 64 14 0 1 0 1 97 52 0 1 0 1 76 224 3 333 0 2 93 33 0 1 0 2 55 14 3 333 3 2333 84 74 3 333 3 2667 68
3/4 64 2 75 0 0 93 42 0 1 0 0 87 64 0 1 0 1 87 12 0 1 0 1 53 64 1 5 0 2 90 63 0 1 0 2 55 54 1 5 1 25 74
3/4 44 0 1 0 0 93 221 0 1 0 0 87 223 0 3 0 0 64 54 0 1 0 1 93 62 0 1 0 1 53 54 1 5 0 2 93 43 0 1 0 2 55 64 1 5 1 25 84
3/4 74 0 1 0 0 93 71 0 1 0 0 87 223 0 3 0 0 64 74 1 5 0 1 93 42 0 1 0 1 76 14 1 5 1 15 82 74 1 5 0 2 90 222 0 1 0 2 55 14 1 5 1 25 84
3/4 54 0 1 0 0 76 74 0 1 0 0 98 32 0 1 0 0 87 72 0 1 0 1 53 14 1 5 0 2 90 53 0 1 0 2 55 224 1 5 1 25 90
3/4 35 0 1 0 0 110 61 0 1 0 0 87 14 0 3 0 0 64 35 0 1 0 1 100 32 0 1 0 1 76 35 0 1 0 2 90 12 0 1 0 2 55
3/4 35 0 1 0 0 104 32 0 1 0 0 87 54 0 3 0 0 64 35 1 5 0 1 104 72 0 1 0 1 53 45 1 5 1 15 87 35 1 5 0 2 93 53 0 1 0 2 55 224 1 5 1 25 82
3/4 14 0 1 0 0 93 42 0 1 0 0 87 64 0 3 0 0 64 14 0 1 0 1 90 12 0 1 0 1 53 14 0 1 0 2 82 63 0 1 0 2 55
3/4 14 1 5 0 0 97 11 0 1 0 0 87 34 0 3 0 0 64 224 1 5 1 5 84 14 1 5 0 1 93 52 0 1 0 1 76 74 1 5 1 15 76 64 1 5 0 2 93 33 0 1 0 2 55 54 1 5 1 25 76
3/4 44 2 75 0 0 93 221 0 1 0 0 87 44 1 5 0 1 87 62 0 1 0 1 53 54 1 5 1 15 82 64 1 5 0 2 90 43 0 1 0 2 55 74 1 5 1 25 74
3/4 34 0 1 0 0 93 11 0 1 0 0 87 64 0 1 0 1 93 62 0 1 0 1 53 74 1 5 0 2 93 33 0 1 0 2 55 14 1 5 1 25 84
3/4 74 3 1333 0 0 93 71 0 2 0 0 87 44 0 3 0 0 64 42 0 1 0 1 45 222 0 1 0 1 59 74 1 5 1 15 74 74 1 5 0 2 90 32 0 1 0 2 55 64 1 5 1 25 74
3/4 13 0 1 0 0 76 64 0 1 0 0 90 61 0 1 0 0 87 32 0 1 0 1 56 12 0 1 0 1 70
3/4 61 0 1 0 0 96 32 0 1 0 1 84 12 0 1 0 2 55
3/4 61 0 1 0 0 96 32 0 1 0 1 84 64 1 5 0 2 104 12 0 1 0 2 55 74 1 5 1 25 87
3/4 14 1 5 0 0 113 61 0 1 0 0 96 64 1 5 1 5 93 35 1 15 0 1 104 32 0 1 0 1 84 12 0 1 0 2 55 14 1 5 1 25 97
3/4 74 0 1 0 0 110 32 0 1 0 0 96 54 0 3 0 0 64 35 0 1 0 1 110 72 0 1 0 1 53 74 0 1 0 2 90 53 0 1 0 2 55
3/4 64 1 5 0 0 104 42 0 1 0 0 96 44 1 5 1 5 90 14 1 15 0 1 100 12 0 1 0 1 53 63 0 1 0 2 55 64 1 5 1 25 93
3/4 54 2 175 0 0 90 11 0 3 0 0 96 52 0 1 0 1 56 33 0 1 0 1 70 54 0 1 0 2 90
3/4 44 0 1 0 0 104 221 0 1 0 0 96 54 0 1 0 1 93 62 0 1 0 1 53 64 1 5 0 2 90 43 0 1 0 2 55 74 1 5 1 25 84
3/4 34 0 1 0 0 104 11 0 1 0 0 96 64 0 1 0 1 108 62 0 1 0 1 53 74 1 5 0 2 93 33 0 1 0 2 55 14 1 5 1 25 100
3/4 224 0 1 0 0 116 71 0 1 0 0 96 44 0 3 0 0 64 224 1 5 0 1 110 42 0 1 0 1 84 14 1 5 1 15 87 74 1 5 0 2 93 222 0 1 0 2 55 64 1 5 1 25 82
3/4 74 0 2 0 0 93 32 0 1 0 0 96 72 0 1 0 1 56 53 0 1 0 1 70 64 1 5 0 2 93 74 1 5 1 25 78
3/4 14 1 5 0 0 104 61 0 1 0 0 96 64 1 5 1 5 86 35 1 15 0 1 93 32 0 1 0 1 84 12 0 1 0 2 55 14 1 5 1 25 89
3/4 74 0 1 0 0 100 32 0 1 0 0 96 54 0 3 0 0 64 35 0 1 0 1 100 72 0 1 0 1 53 74 0 1 0 2 83 53 0 1 0 2 55
3/4 64 1 5 0 0 93 42 0 1 0 0 96 44 1 5 1 5 83 44 0 1 0 1 93 12 0 1 0 1 53 54 1 5 0 2 90 63 0 1 0 2 55 64 1 5 1 25 86
3/4 34 2 175 0 0 83 11 0 3 0 0 96 52 0 1 0 1 56 33 0 1 0 1 70 34 0 1 0 2 83
3/4 44 0 1 0 0 93 221 0 1 0 0 96 54 0 1 0 1 86 62 0 1 0 1 65 64 1 5 0 2 83 43 0 1 0 2 67 74 1 5 1 25 75
3/4 34 0 1 0 0 93 11 0 1 0 0 96 64 0 1 0 1 97 62 0 1 0 1 65 74 1 5 0 2 86 33 0 1 0 2 67 14 1 5 1 25 92
3/4 224 0 1 0 0 108 71 0 2 0 0 96 44 0 3 0 0 64 224 1 5 0 1 100 42 0 1 0 1 57 222 0 1 0 1 71 14 1 5 1 15 78 74 1 5 0 2 86 32 0 1 0 2 72 64 1 5 1 25 74
3/4 13 0 1 0 0 76 64 0 1 0 0 86 62 0 1 0 0 92 33 0 1 0 1 57 63 0 1 0 1 88 13 0 1 0 2 78
3/4 62 0 3 0 0 94 33 0 1 0 1 57 63 0 1 0 1 91 13 0 1 0 2 70
3/4 62 0 3 0 0 88 33 0 1 0 1 56 63 0 1 0 1 84 63 0 1 0 2 56 13 0 1 0 2 73
3/4 13 0 1 0 0 56 34 0 1 0 0 83 34 0 1 0 1 44 64 0 1 0 1 71 14 1 5 0 2 77 64 0 1 0 2 53 224 1 5 1 25 77
3/4 35 0 1 0 0 93 62 0 3 0 0 82 35 0 1 0 1 85 33 0 1 0 1 53 63 0 1 0 1 79 35 2 75 0 2 77
3/4 35 0 1 0 0 89 53 0 1 0 0 53 33 0 3 0 0 82 35 1 5 0 1 89 73 0 1 0 1 79 45 1 5 1 15 75 35 1 5 0 2 80 54 0 1 0 2 55 224 1 5 1 25 69
3/4 14 0 1 0 0 80 43 0 3 0 0 82 14 0 1 0 1 77 63 0 1 0 1 79 14 0 1 0 2 69 44 0 1 0 2 55
3/4 14 0 1 0 0 82 12 0 3 0 0 82 14 1 5 0 1 82 53 0 1 0 1 45 13 0 1 0 1 79 224 1 5 1 15 66 14 1 5 0 2 80 34 0 1 0 2 55 74 1 5 1 25 66
3/4 64 2 75 0 0 80 43 0 3 0 0 82 64 0 1 0 1 75 13 0 1 0 1 45 44 0 1 0 1 79 64 1 5 0 2 77 63 0 1 0 2 55 54 1 5 1 25 63
3/4 44 0 1 0 0 80 222 0 3 0 0 82 54 0 1 0 1 80 63 0 1 0 1 79 54 1 5 0 2 80 223 0 1 0 2 55 64 1 5 1 25 71
3/4 74 0 1 0 0 80 72 0 1 0 0 82 223 0 1 0 0 64 74 1 5 0 1 80 43 0 1 0 1 45 73 0 1 0 1 79 14 1 5 1 15 69 74 1 5 0 2 77 223 0 1 0 2 55 14 1 5 1 25 71
3/4 54 0 1 0 0 56 74 0 1 0 0 84 33 0 3 0 0 82 73 0 1 0 1 45 34 0 1 0 1 79 14 1 5 0 2 80 54 0 1 0 2 55 224 1 5 1 25 80
3/4 35 0 1 0 0 97 62 0 3 0 0 82 35 0 1 0 1 89 33 0 1 0 1 45 63 0 1 0 1 79 35 0 1 0 2 80 13 0 1 0 2 55
3/4 35 0 1 0 0 93 53 0 1 0 0 53 33 0 3 0 0 82 35 1 5 0 1 93 73 0 1 0 1 79 45 1 5 1 15 78 35 1 5 0 2 83 54 0 1 0 2 55 224 1 5 1 25 72
3/4 14 0 1 0 0 83 43 0 3 0 0 82 14 0 1 0 1 80 13 0 1 0 1 79 14 0 1 0 2 72 64 0 1 0 2 55
3/4 14 1 5 0 0 86 12 0 3 0 0 82 224 1 5 1 5 74 14 1 5 0 1 83 53 0 1 0 1 79 74 1 5 1 15 69 64 1 5 0 2 83 34 0 1 0 2 55 54 1 5 1 25 69
3/4 44 2 75 0 0 83 222 0 3 0 0 82 44 1 5 0 1 78 63 0 1 0 1 45 223 0 1 0 1 79 54 1 5 1 15 72 64 1 5 0 2 80 44 0 1 0 2 55 74 1 5 1 25 66
3/4 34 0 1 0 0 83 12 0 3 0 0 82 64 0 1 0 1 83 63 0 1 0 1 45 13 0 1 0 1 79 74 1 5 0 2 83 34 0 1 0 2 55 14 1 5 1 25 74
3/4 74 0 1 0 0 83 222 0 1 0 0 82 43 0 1 0 1 45 73 0 1 0 1 79 74 1 5 0 2 80 33 0 1 0 2 55 64 1 5 1 25 66
3/4 64 0 1 0 0 80 62 0 1 0 0 79 33 0 1 0 1 45 63 0 1 0 1 76 13 0 1 0 2 55
3/4 62 0 3 0 0 94 33 0 1 0 1 45 63 0 1 0 1 91 13 0 1 0 2 55
3/4 62 0 3 0 0 88 33 0 1 0 1 45 63 0 1 0 1 84 63 0 1 0 2 55 13 0 1 0 2 55
3/4 13 0 1 0 0 56 34 0 1 0 0 57 34 0 1 0 1 44 64 0 1 0 1 53 64 0 1 0 2 53 14 0 1 0 2 55
3/4 62 0 1 0 0 56 33 0 1 0 0 70 34 0 1 2 25 56 14 0 1 2 25 70
