4/4
4/4 13 0 1 2 325 60 23 0 1 2 325 68 61 0 1 2 325 58 54 1 5 1 35 83
4/4 13 0 1 0 0 63 23 0 1 0 0 66 61 0 1 0 0 57 54 2 175 0 0 87 33 2 375 2 25 69 63 0 3 0 1 67 44 3 2333 3 1667 68
4/4 74 0 1 0 0 74 33 3 583 0 0 69 63 1 15 0 0 70 44 3 167 0 0 72 13 0 1 2 125 62 22 0 1 2 125 76 72 3 2667 3 1333 73 54 2 225 1 15 87 43 0 2 0 2 87 73 2 125 2 275 80 44 1 5 1 35 80
4/4 13 0 1 0 0 60 22 0 1 0 0 73 72 3 333 0 0 76 43 1 5 0 0 79 44 2 75 0 0 74 53 0 1 0 3 65 72 0 1 0 3 66 23 2 75 2 325 57 32 2 75 2 325 57 44 3 667 3 3333 65
4/4 72 2 325 0 0 68 53 0 1 0 0 50 72 0 1 0 0 70 23 3 1583 0 0 56 32 0 3 0 0 68 44 3 1083 0 0 64 33 0 2 3 667 87 34 0 1 3 1333 99 74 2 75 2 325 80
4/4 74 2 25 0 0 86 73 3 2333 3 333 59 23 1 15 1 5 67 11 2 75 3 667 51 44 0 2 3 667 85 52 3 667 3 1333 81 22 2 75 0 2 68 33 0 1 2 275 60 13 0 1 2 275 78 33 0 1 2 275 77
4/4 13 0 1 0 0 82 33 0 1 0 0 77 23 2 175 2 75 54 61 2 125 3 2333 64 13 3 1667 3 2333 57 32 0 1 2 325 56 52 0 1 2 325 60 53 0 1 2 375 85 61 0 1 2 375 62
4/4 53 0 1 0 0 82 61 0 1 0 0 75 12 3 667 1 5 64 53 3 333 1 5 80 53 0 1 2 125 82 21 0 1 2 125 61 43 0 1 2 175 69 11 0 1 2 175 60 53 2 75 1 25 93 13 2 75 2 325 91
4/4 22 0 1 0 0 59 11 0 1 0 0 72 53 2 75 0 0 66 71 0 4 0 0 59 42 3 3333 3 667 64 43 2 25 3 667 70 43 0 3 0 1 64 62 3 2667 3 1333 56 22 2 125 0 2 70
4/4 12 2 75 0 0 51 71 3 333 0 0 67 42 3 167 0 0 54 62 3 83 0 0 74 72 0 1 1 15 54 21 0 1 1 15 62 31 2 125 1 15 58 71 1 5 2 225 68 43 2 25 2 225 69 32 3 667 0 3 76 43 3 333 0 3 90 52 3 333 3 3667 83 12 3 333 3 3667 84 43 3 333 3 3667 89
4/4 52 3 1917 0 0 79 12 3 2333 0 0 93 43 2 75 2 25 91 33 2 75 0 1 93 72 2 25 1 15 56 43 2 75 1 15 81 73 2 75 2 225 84 22 0 1 0 3 68 11 0 1 0 3 69 43 2 75 0 3 81 52 0 1 0 3 55 33 3 333 3 3667 67
4/4 11 0 4 0 0 56 52 3 3667 0 0 49 33 3 417 0 0 80 22 3 667 3 333 72 33 0 3 0 1 61 12 0 2 2 125 48
4/4 12 0 1 1 5 84 22 1 5 0 1 86 41 3 2667 3 1333 65 33 1 5 3 1333 69 62 0 1 1 15 60 71 0 1 1 15 42 33 3 333 0 2 71 11 0 2 0 2 75 42 2 125 2 275 78 33 3 333 2 275 82 33 3 333 1 35 90
4/4 62 0 1 0 0 42 71 0 1 0 0 45 42 1 35 0 0 79 41 3 2667 0 0 52 11 0 1 0 0 58 33 3 333 2 25 79 33 3 1667 0 1 50 12 3 333 3 2667 58 22 3 333 0 3 76 72 0 1 2 325 55 51 0 1 2 325 78 33 1 5 3 3333 72
4/4 21 0 4 0 0 77 33 3 333 0 0 75 72 0 1 0 0 57 51 0 1 0 0 75 52 0 1 3 667 70 41 0 1 3 667 62 33 3 333 3 667 69 33 2 25 1 15 77 22 2 25 0 2 59 33 0 1 0 3 74
4/4 21 3 667 0 0 74 52 0 1 0 0 60 41 0 1 0 0 57 33 3 667 0 0 70 12 3 333 3 667 79 22 1 5 0 1 62 61 0 1 3 1333 63 71 0 1 3 1333 73 33 1 5 3 1333 76 33 0 1 0 2 79 31 0 1 0 2 54 72 3 667 2 275 77 33 3 333 2 275 84 33 1 5 1 35 71 12 1 5 1 35 56
4/4 12 0 2 0 0 58 33 2 125 2 25 91 73 2 175 0 1 71 33 3 1667 3 2333 66 12 0 1 0 3 66 43 0 1 0 3 65 71 0 1 0 3 68 42 2 25 2 375 60
4/4 33 3 1083 0 0 61 12 0 1 0 0 54 43 0 1 0 0 70 71 0 1 0 0 54 42 2 275 0 0 57 62 2 325 1 5 70 33 0 1 0 2 32 11 0 1 0 2 60 53 0 1 0 2 62 12 0 1 3 3333 66 33 0 1 3 3333 59 71 0 1 3 3333 66 63 1 5 1 35 85
4/4 63 1 5 0 0 78 12 1 25 3 667 53 33 0 2 2 75 61 43 0 1 0 1 71 61 0 1 0 1 57 73 1 5 0 1 85 32 0 1 2 175 67 72 0 1 2 175 85 62 3 667 3 2667 88 73 1 5 2 325 105 712 2 25 2 375 59
4/4 51 2 175 0 0 71 43 3 1333 0 0 70 73 2 75 0 0 88 712 0 2 0 0 54 21 0 1 2 75 72 62 0 1 2 75 96 52 2 125 1 15 80 53 2 75 1 15 79 43 2 25 2 225 105 43 2 75 0 3 71 11 0 1 0 3 54 72 0 1 0 3 73 52 3 333 3 3667 75 53 3 333 3 3667 72
4/4 33 0 2 0 0 73 11 2 125 0 0 62 52 3 417 0 0 68 53 3 167 0 0 83 12 3 333 3 333 79 71 1 15 0 2 52 222 0 1 0 2 79 61 0 1 0 2 64 12 2 25 3 2667 85 72 0 1 2 325 32 222 0 1 2 325 77 52 0 1 2 325 75 32 3 667 3 3333 69
4/4 32 3 833 0 0 63 63 2 25 2 25 92 12 3 2667 2 75 16 33 0 1 2 75 56 43 0 1 2 75 79 61 0 1 2 75 64 73 1 5 0 1 89 32 2 75 2 175 61 73 3 333 2 175 83 62 0 1 1 25 84 72 0 1 1 25 84 73 2 25 2 325 93 51 0 1 2 375 69 42 0 1 2 375 62
4/4 712 1 25 0 0 75 73 3 667 0 0 93 51 0 1 0 0 60 42 0 1 0 0 66 21 0 1 3 667 65 62 0 1 3 667 95 52 0 1 3 1333 79 53 3 667 3 1333 80 43 2 25 0 2 64 43 2 125 2 275 81 11 2 125 2 275 71 72 2 75 2 275 66 33 2 125 2 275 78 53 0 1 1 35 70 51 0 1 1 35 65
4/4 43 3 83 0 0 76 11 2 325 0 0 81 53 0 1 0 0 69 51 0 1 0 0 60 33 2 75 0 0 70 12 3 1667 2 25 74 22 1 5 2 75 89 33 2 75 1 15 81 22 2 25 2 225 76 33 1 5 0 3 80 12 2 25 0 3 67 52 0 1 3 3667 78 42 0 1 3 3667 54
4/4 612 0 1 2 25 60 32 0 1 2 25 63 41 0 3 1 5 72 53 3 1667 1 5 85 11 0 2 2 125 72 42 2 75 2 175 62 12 3 667 1 25 59 612 3 1333 1 25 67 33 2 75 2 325 56
4/4 12 2 75 0 0 62 33 2 25 0 0 60 612 3 667 3 667 73 63 0 1 2 175 63 12 0 1 2 175 56 71 3 1333 0 2 46 34 0 2 0 2 69 54 2 175 2 225 75 42 3 667 0 3 69 62 3 333 3 3667 58
4/4 62 3 417 0 0 59 54 3 583 0 0 83 72 3 667 3 333 60 63 0 1 0 1 66 11 0 1 0 1 66 23 0 1 0 1 77 43 0 1 0 1 74 72 2 75 2 175 78 13 0 1 1 25 96 22 0 1 1 25 59 62 0 1 1 25 84 72 2 25 3 3333 82 23 1 5 3 3333 76
4/4 11 0 1 2 25 80 33 0 1 2 25 72 53 0 1 2 25 80 12 0 1 2 25 71 34 0 1 0 1 80 51 0 1 0 1 85 13 0 1 2 175 77 44 0 1 2 175 75 33 0 1 2 175 59 52 0 1 2 175 79 34 2 75 1 25 85 53 0 1 1 25 70 52 0 1 1 25 80 12 0 1 1 25 28 23 2 75 2 325 77 53 0 1 2 325 60 71 0 1 2 325 61
4/4 52 1 5 0 0 62 23 2 75 0 0 75 53 2 75 2 75 77 22 3 333 2 75 59 52 2 25 1 15 66 73 1 5 1 15 101 33 0 1 0 2 51 62 0 1 0 2 75 61 0 1 2 225 93 12 0 1 2 225 70 32 0 1 0 3 64 12 0 1 0 3 97 12 2 25 3 3667 52 73 0 1 3 3667 94 32 0 1 3 3667 79
4/4 73 0 1 0 0 87 32 0 1 0 0 89 63 0 1 3 333 102 31 0 1 3 333 63 51 3 667 0 1 72 33 0 1 2 125 67 42 0 1 2 125 77 73 1 15 2 125 65 32 0 2 0 2 67 72 3 333 3 2667 61 73 3 333 3 3333 64
4/4 521 0 1 0 0 56 72 0 1 0 0 67 43 0 1 0 0 70 32 0 1 0 0 53 32 2 125 2 75 76 63 1 5 2 75 80 72 2 25 1 15 70 63 0 1 1 15 80 33 0 1 1 15 69 42 0 1 1 15 75 523 2 75 3 2333 96 41 0 1 0 3 67 63 0 1 0 3 91 32 0 1 0 3 59 11 2 25 2 375 80
4/4 62 3 667 1 5 87 33 0 1 1 5 75 63 2 75 2 125 84 523 0 1 0 2 80 22 0 1 0 2 66 311 0 1 0 2 89 73 0 2 0 2 80 61 1 5 2 275 94 32 0 1 1 35 84 21 0 1 1 35 76 523 2 25 1 35 39
4/4 311 2 25 0 0 82 32 0 1 0 0 77 21 0 1 0 0 70 713 1 5 2 25 96 33 2 75 2 75 77 63 0 1 0 1 83 72 0 1 0 1 89 71 2 175 0 1 73 42 2 75 3 1667 77 13 0 1 3 2333 104 33 0 1 3 2333 77 72 0 1 3 2333 77 62 0 1 3 2333 90 71 0 1 2 325 93 33 0 1 2 325 86 23 0 1 2 325 101 62 0 1 2 325 83
4/4 11 2 175 0 0 87 34 0 1 0 0 103 33 0 1 0 0 74 52 0 1 0 0 81 52 3 667 2 75 70 34 0 1 0 1 96 52 0 1 0 1 90 44 0 1 3 1667 90 11 0 1 3 1667 74 53 0 1 3 1667 94 34 0 1 3 2333 91 51 0 1 3 2333 64 71 0 1 0 3 81 72 0 1 0 3 73 23 0 1 0 3 79 53 0 1 0 3 64 52 2 25 2 375 85
4/4 52 1 5 0 0 92 23 1 5 0 0 90 22 2 25 1 5 65 53 2 75 1 5 92 52 0 1 2 125 69 72 0 1 2 125 91 33 2 225 2 175 57 63 1 15 0 2 78 61 0 1 0 2 77 12 0 1 0 2 84 32 0 1 3 2667 59 12 0 1 3 2667 86 12 2 25 3 3333 51 73 3 667 3 3333 84
4/4 63 2 25 0 0 89 33 2 25 0 0 48 32 1 5 2 25 55 33 0 1 2 75 57 42 0 1 2 75 64 51 2 75 2 75 60 73 2 125 2 75 97 32 2 75 3 1667 60 72 3 667 3 2333 72 73 2 25 0 3 72 521 2 25 2 375 74 33 2 25 2 375 68 73 2 25 2 375 71 43 2 25 2 375 59
4/4 521 1 15 0 0 79 33 3 2417 0 0 59 73 1 5 0 0 72 43 3 1083 0 0 78 32 0 1 1 5 73 62 0 1 1 5 83 43 0 1 2 125 54 62 0 1 2 125 66 522 2 125 2 125 80 523 2 75 0 2 88 521 3 333 0 2 87 63 0 1 3 2667 77 32 0 1 3 2667 72 41 0 1 3 2667 92 42 0 1 3 2667 69 42 1 5 1 35 91
4/4 42 3 833 0 0 97 33 0 1 2 25 91 73 1 5 2 25 91 713 3 667 2 75 105 41 2 25 2 75 84 311 0 1 1 15 100 223 0 1 1 15 103 32 0 1 1 15 82 63 3 667 3 1667 92 312 3 1333 3 2333 96 713 0 1 1 25 92 62 0 1 1 25 50 713 0 1 0 3 104 62 0 1 0 3 92 33 2 75 0 3 83 311 0 1 2 375 98 72 0 1 2 375 96
4/4 31 1 15 1 5 99 713 0 1 3 667 105 53 0 1 3 667 81 32 0 1 3 667 81 32 2 175 3 1333 90 73 0 1 0 2 96 52 0 1 0 2 88 713 0 1 3 2667 95 63 0 1 3 2667 82 31 0 1 3 2667 94 223 0 1 0 3 105 72 0 1 0 3 91 523 0 1 1 35 67 712 0 1 1 35 81 61 1 5 1 35 87 34 3 333 3 3667 81
4/4 523 0 1 0 0 66 712 0 1 0 0 89 61 2 25 0 0 99 34 3 4167 0 0 90 32 3 667 3 333 70 713 0 1 0 1 86 522 0 1 0 1 71 712 1 5 0 1 52 32 2 75 2 175 78 73 0 1 1 25 59 521 0 1 1 25 75 523 1 15 1 25 69 32 1 5 2 325 69
4/4 713 0 1 0 0 103 71 0 1 0 0 85 523 3 833 0 0 76 223 2 75 3 667 92 32 3 333 3 667 61 41 2 75 3 1333 80 34 3 2667 3 1333 95 73 2 225 3 1333 99 42 1 5 2 225 78 62 2 125 2 275 88 712 1 5 1 35 60 63 1 5 1 35 77
4/4 62 0 1 0 0 94 712 0 1 0 0 71 34 3 667 0 0 93 63 1 15 0 0 85 34 0 1 0 1 80 32 0 1 0 1 40 712 0 1 2 175 70 22 0 1 2 175 87 523 2 125 0 2 77 34 1 5 3 2667 84 62 2 25 3 2667 59 63 0 1 0 3 66 713 0 1 0 3 68 22 0 1 0 3 74 71 3 667 3 3333 72 44 3 667 3 3333 80
4/4 62 2 75 0 0 78 44 3 833 0 0 85 63 0 1 0 0 61 713 0 1 0 0 65 22 0 1 0 0 59 712 3 333 2 75 45 22 1 15 1 15 75 43 2 75 2 225 74 73 2 75 0 3 77 34 3 333 3 3667 74
4/4 34 3 417 0 0 66 23 2 25 1 5 66 62 0 1 0 1 57 32 0 1 0 1 60 12 0 3 0 1 66 53 2 275 2 125 62 13 3 2667 3 1333 82 34 0 1 3 1333 72 54 2 75 2 225 69 44 0 1 0 3 91 54 1 5 1 35 90
4/4 62 0 1 0 0 59 32 0 1 0 0 59 12 1 15 0 0 72 53 3 1917 0 0 66 13 3 2333 0 0 71 44 1 5 0 0 95 54 2 25 0 0 105 14 2 75 2 25 78 54 2 75 0 1 76 44 2 75 2 175 69 54 1 5 1 25 71 52 0 1 2 325 60 43 0 1 2 325 70 33 0 1 2 325 60 71 0 1 2 325 77 13 2 75 2 325 73 54 2 25 2 375 85
4/4 52 0 1 0 0 61 43 0 1 0 0 55 33 0 1 0 0 73 71 0 1 0 0 64 13 2 425 0 0 74 54 3 417 0 0 75 44 2 75 3 667 78 54 2 75 3 1333 94 14 2 75 0 2 87 54 2 75 2 275 82 44 1 5 1 35 69
4/4 44 2 25 0 0 75 54 0 1 2 25 78 42 2 325 2 75 68 33 0 1 0 1 80 61 0 1 0 1 67 12 0 1 0 1 75 61 0 1 0 1 68 13 2 225 0 1 64 54 2 75 3 1667 82 44 2 75 3 2333 75 54 2 75 0 3 88 14 2 25 2 375 72
4/4 14 1 5 0 0 61 42 2 75 0 0 74 33 0 1 0 0 79 61 0 1 0 0 67 12 0 1 0 0 68 61 0 1 0 0 64 54 2 75 1 5 72 44 2 75 2 125 69 54 2 75 0 2 58 22 0 1 3 2667 65 72 0 1 3 2667 81 52 0 1 3 2667 64 42 0 1 3 2667 68 13 2 125 2 275 48 54 1 5 1 35 71
4/4 13 2 425 0 0 52 54 2 25 0 0 69 44 2 75 2 25 79 54 2 75 0 1 94 14 0 1 3 1667 88 54 2 75 1 25 66 44 2 75 2 325 58
4/4 54 3 333 2 25 61 13 0 1 3 667 50 33 0 1 3 667 58 54 1 5 0 1 60 61 0 1 0 1 67 13 0 1 0 1 66 32 3 667 0 2 45 54 3 333 0 2 60 62 2 75 3 2667 68 13 0 1 3 2667 63 53 0 1 3 2667 77 54 0 1 3 3333 89 12 0 1 3 3333 87 12 3 667 3 3333 80
4/4 22 0 1 0 0 79 53 0 1 0 0 90 13 3 2333 0 0 80 12 3 83 0 0 67 44 2 75 2 75 96 12 0 1 0 1 61 54 2 75 1 15 98 53 2 25 1 15 75 14 2 25 3 2333 77 13 0 1 0 3 62 23 0 1 0 3 62 71 0 1 0 3 59 54 3 667 2 325 84 44 2 25 2 375 71 42 2 25 2 375 70
4/4 13 1 15 0 0 63 23 3 667 0 0 50 71 2 25 0 0 78 42 3 417 0 0 61 44 3 2333 2 25 79 62 2 75 1 5 89 12 0 1 2 125 85 22 0 1 2 125 73 22 3 667 0 2 72 43 0 1 3 2667 55 12 0 1 3 2667 70 63 2 25 3 3333 51 23 1 5 1 35 63
4/4 23 2 25 0 0 54 44 2 125 2 25 41 31 2 125 2 75 65 73 0 1 0 1 56 22 0 1 0 1 68 71 2 75 1 15 86 44 3 333 1 15 78 32 0 1 2 225 72 43 0 1 2 225 98 44 0 1 0 3 91 12 0 1 0 3 87 52 0 1 0 3 79 13 3 333 3 3667 75 44 0 1 3 3667 86 71 0 1 3 3667 82
4/4 13 3 1667 0 0 85 52 2 25 0 0 93 44 0 1 0 0 92 71 0 1 0 0 72 34 0 1 2 25 101 21 0 1 2 25 80 44 0 1 0 1 97 42 0 1 0 1 69 74 1 5 2 175 87 44 0 1 1 25 72 22 0 1 1 25 50 11 2 125 1 25 84 34 0 1 0 3 89 51 0 1 0 3 65 12 2 25 2 375 77 23 2 25 2 375 87
4/4 12 2 25 0 0 70 23 1 5 0 0 83 33 2 175 1 5 80 13 1 5 1 5 84 34 2 325 1 5 78 53 2 75 2 125 94 13 3 667 0 2 76 53 3 667 3 2667 62 33 2 25 3 3333 74 13 1 5 3 3333 84 23 2 25 2 375 93
4/4 23 2 25 0 0 82 41 3 1333 2 25 72 63 0 1 2 25 64 72 0 1 2 25 60 34 1 5 3 333 66 34 0 1 0 1 97 11 0 1 0 1 60 42 0 1 3 1667 71 33 0 1 3 1667 96 62 3 1667 3 2333 78 34 3 333 3 2333 81 34 0 1 0 3 79 12 0 1 0 3 52 12 0 1 0 3 68 33 2 25 2 375 63
4/4 62 3 333 0 0 74 63 0 1 0 0 59 72 0 1 0 0 59 34 2 125 0 0 91 33 1 5 0 0 61 12 1 5 1 5 72 62 2 25 0 1 55 13 3 333 2 125 84 23 1 5 1 15 80 51 3 1333 0 2 77 34 3 667 0 2 79 73 0 2 0 2 80 21 2 75 3 2667 91 34 3 333 3 2667 90 42 0 1 3 3333 86 33 0 1 3 3333 98
4/4 52 0 3 0 0 87 34 3 667 0 0 81 73 1 25 0 0 67 72 2 175 3 667 76 23 2 75 2 75 79 33 0 1 3 1333 67 33 0 1 3 1333 63 53 2 25 2 225 45 33 0 1 2 275 67 12 0 1 2 275 79 23 1 5 0 3 72 34 1 5 1 35 84 61 1 5 1 35 87 73 1 5 1 35 65
4/4 61 1 5 0 0 71 73 1 35 0 0 71 32 0 1 2 25 67 34 2 25 2 25 83 72 0 1 2 75 60 33 0 1 2 75 77 34 0 1 1 15 88 711 0 1 1 15 63 523 0 1 2 225 69 33 0 1 2 225 69 63 1 5 0 3 53 74 0 1 0 3 72 33 1 5 1 35 68
4/4 33 3 167 0 0 86 74 3 333 0 0 78 712 2 25 3 333 61 64 3 667 3 333 87 524 1 5 1 5 96 71 1 25 0 1 81 44 2 275 0 1 99 42 2 75 2 175 101 72 3 1333 1 25 96 13 0 1 0 3 70 42 2 75 0 3 82 71 2 25 2 375 84 54 2 25 2 375 89 34 2 25 2 375 100
4/4 71 2 225 0 0 91 54 3 1417 0 0 109 13 2 75 0 0 79 34 0 1 0 0 81 64 2 125 1 15 93 34 3 333 1 15 78 13 2 75 1 15 84 13 0 1 2 275 69 44 0 1 2 275 76 61 0 1 2 275 72 34 0 1 0 3 68 44 0 1 0 3 65 61 0 1 0 3 62 74 1 5 2 325 87
4/4 32 0 1 0 0 54 73 0 1 0 0 77 13 0 1 0 0 68 44 0 1 0 0 67 61 0 1 0 0 81 34 0 1 0 0 59 44 0 1 0 0 81 61 0 1 0 0 66 62 1 5 3 667 70 74 2 25 1 15 71 713 0 2 0 2 63 51 0 1 0 2 65 43 0 1 0 2 47 74 2 75 2 225 82 64 0 1 2 275 99 21 0 1 2 275 64 52 0 1 1 35 85 53 0 1 1 35 90
4/4 713 3 333 0 0 52 52 0 1 0 0 85 53 0 1 0 0 93 712 0 1 2 25 91 43 0 1 2 25 96 11 0 1 0 1 86 72 0 1 0 1 60 44 2 75 0 1 84 52 2 75 2 175 66 54 1 5 2 175 93 34 2 175 2 225 71 12 2 75 1 25 76 52 1 5 2 325 86
4/4 72 0 1 0 0 90 71 0 1 0 0 82 223 0 1 0 0 102 62 0 1 0 0 81 34 2 25 0 0 76 13 2 25 3 667 66 32 0 1 3 1333 98 53 0 1 3 1333 97 223 0 1 3 1333 100 72 0 1 3 1333 75 223 0 1 2 225 80 64 0 1 2 225 112 72 0 1 2 225 60 13 0 1 3 2667 73 43 0 1 3 2667 97 34 0 1 2 275 71 44 0 1 2 275 83 61 0 1 2 275 89 74 3 667 0 3 101 32 3 333 3 3667 78 74 3 333 3 3667 97
4/4 13 0 1 0 0 62 43 0 1 0 0 86 34 0 1 0 0 68 44 0 1 0 0 95 61 0 1 0 0 86 32 0 1 0 0 62 74 0 1 3 333 98 61 0 1 3 333 99 74 1 5 2 125 114 51 3 1667 2 175 72 713 0 1 0 2 70 43 0 1 0 2 66 74 3 667 0 2 81 21 0 1 1 25 62 63 0 1 1 25 79 713 0 1 2 325 52 52 0 1 2 325 56 53 0 1 2 325 74
4/4 44 2 25 0 0 76 11 0 1 3 667 59 43 0 1 3 667 87 73 3 3333 3 667 77 34 0 3 3 667 82 52 2 75 3 1333 68 54 1 25 1 15 68 12 2 75 2 225 65 22 2 75 0 3 82 33 3 333 3 3667 62
4/4 54 3 833 0 0 70 73 0 1 0 0 80 33 3 333 0 0 66 22 3 667 3 333 61 34 1 5 0 1 68 52 2 25 0 1 57 44 2 25 2 175 79 613 3 667 2 225 57 34 2 25 3 2333 57 41 0 1 1 25 82 53 0 1 1 25 95 11 3 667 2 325 72 42 2 25 2 375 65
4/4 42 1 5 0 0 70 13 0 1 1 5 62 611 0 1 1 5 56 34 1 15 2 125 75 12 2 75 2 125 62 33 2 75 0 2 68 12 3 667 3 2667 74 612 2 25 3 3333 63 63 0 1 2 375 56 13 0 1 2 375 62 33 0 1 2 375 51
4/4 71 0 1 0 0 57 53 0 1 0 0 77 63 0 1 0 0 54 13 0 1 0 0 51 33 0 1 0 0 48 62 2 75 2 75 69 12 3 333 1 15 64 33 1 5 2 225 71 63 0 1 2 275 54 23 0 1 2 275 63 43 0 1 2 275 75 43 0 1 2 275 66 33 3 333 3 3667 96
4/4 33 3 417 0 0 97 12 0 1 3 333 77 13 0 1 3 333 90 13 0 1 3 333 104 24 0 1 2 125 108 33 0 1 2 125 74 22 0 1 2 125 92 11 0 2 0 2 84 54 0 1 2 225 90 35 0 1 2 225 103 14 0 1 2 225 84 33 0 1 2 225 79 52 2 75 0 3 94 54 0 1 0 3 95 35 0 1 0 3 107 14 0 1 0 3 90 33 0 1 0 3 85 45 0 1 2 375 106 12 0 1 2 375 90 14 0 1 2 375 92 53 0 1 2 375 105
4/4 11 1 5 0 0 89 45 0 1 0 0 98 12 0 1 0 0 87 14 0 1 0 0 84 53 0 1 0 0 96 14 0 1 1 5 85 53 0 1 1 5 90 35 0 1 1 5 104 51 0 1 1 5 74 71 0 1 2 125 98 54 0 1 2 125 99 74 0 1 2 125 107 23 0 1 2 125 85 52 3 667 0 2 96 22 0 1 3 2667 72 54 0 1 3 2667 108 22 0 1 3 2667 82 52 0 1 3 3333 69 23 0 1 3 3333 84 53 0 1 3 3333 96 74 0 1 3 3333 107 23 0 1 3 3333 93 53 0 1 3 3333 89
4/4 61 0 1 0 0 92 14 0 1 0 0 85 34 0 1 0 0 79 63 0 1 0 0 83 32 0 1 0 1 69 14 0 1 0 1 96 34 0 1 0 1 79 63 0 1 0 1 107 12 0 1 3 1667 73 73 0 1 3 1667 93 34 0 1 3 1667 76 32 0 1 3 2333 81 63 0 1 3 2333 102 74 0 1 0 3 113 44 0 1 0 3 88 33 0 1 0 3 61 51 0 1 0 3 68 32 2 25 2 375 89
4/4 74 3 667 0 0 103 51 2 125 0 0 68 32 1 5 0 0 85 52 0 1 1 5 96 33 0 1 1 5 75 32 3 667 2 125 88 74 3 333 3 1333 100 521 0 1 0 2 99 74 0 1 0 2 86 43 0 1 0 2 73 34 0 1 2 225 88 32 2 75 2 275 66 64 1 5 2 275 86 64 0 1 1 35 96 72 0 1 1 35 84 44 0 1 1 35 75 33 0 1 1 35 84
4/4 32 0 1 2 25 82 523 0 1 2 25 93 34 0 1 0 1 75 63 0 1 0 1 86 64 0 1 0 1 89 41 0 1 0 1 78 31 2 25 0 1 66 11 3 667 3 1667 83 62 0 1 3 2333 67 63 0 1 3 2333 72 33 0 1 3 2333 100 11 0 1 0 3 71 63 0 1 0 3 105 23 0 1 2 375 77 524 0 1 2 375 70 73 0 1 2 375 89 311 0 1 2 375 98 74 0 1 2 375 99 311 0 1 2 375 98
4/4 23 0 1 0 0 76 524 0 1 0 0 77 73 0 1 0 0 77 311 0 1 0 0 99 74 0 1 0 0 99 311 0 1 0 0 108 312 3 1667 3 667 105 524 0 1 3 1333 94 73 0 1 3 1333 81 22 0 1 3 1333 70 714 0 1 0 2 108 311 0 1 0 2 94 74 0 1 2 275 99 34 0 1 2 275 102 63 0 1 2 275 89 71 2 125 2 275 99 42 1 5 1 35 106
4/4 42 2 25 0 0 108 71 3 417 0 0 81 64 0 1 2 25 105 34 0 1 2 25 89 14 0 1 2 25 91 12 0 1 2 25 90 72 1 15 2 25 86 23 0 1 0 1 91 24 0 1 0 1 106 71 0 1 0 1 105 11 2 225 2 175 98 54 0 1 0 2 83 35 0 1 0 2 105 33 0 1 0 2 85 52 3 667 3 2667 95 35 0 1 2 275 94 54 0 1 2 275 94 33 0 1 2 275 89 12 1 5 1 35 85 44 0 1 1 35 114 44 0 1 1 35 82
4/4 11 2 25 0 0 83 12 2 25 0 0 70 52 0 1 2 25 94 34 0 1 2 25 95 34 0 1 2 25 104 74 0 1 0 1 85 24 0 1 0 1 95 22 0 1 0 1 98 71 0 2 0 1 86 52 3 667 3 1667 91 72 1 5 3 2333 95 54 0 1 3 2333 104 22 0 1 3 2333 92 52 2 25 0 3 78 74 3 333 0 3 105 61 0 1 2 375 103 64 0 1 2 375 103 33 0 1 2 375 82 14 2 25 2 375 99
4/4 61 0 1 0 0 106 64 0 1 0 0 94 33 0 1 0 0 75 14 2 25 0 0 104 14 0 1 1 5 97 32 0 1 1 5 78 34 0 1 1 5 75 63 0 1 1 5 90 12 0 1 2 125 61 34 0 1 2 125 78 73 0 1 2 125 99 32 1 5 0 2 71 64 2 25 0 2 88 51 2 75 3 2667 75 44 0 1 3 2667 98 33 0 1 3 2667 80 74 3 1333 3 2667 104 32 1 5 1 35 62
4/4 32 2 25 0 0 65 44 0 1 0 0 94 33 0 1 0 0 72 74 3 167 0 0 105 72 2 25 2 25 80 32 0 1 2 75 80 73 0 1 2 75 99 521 0 1 1 15 87 44 0 1 1 15 80 33 0 1 1 15 70 74 2 75 3 1667 97 522 0 1 3 2333 95 63 0 1 3 2333 85 64 0 1 0 3 85 44 0 1 0 3 79 33 0 1 0 3 64 72 2 25 2 325 81 222 0 1 2 375 104 34 0 1 2 375 51 43 0 1 2 375 45 524 2 25 2 375 89
4/4 524 1 5 0 0 85 41 0 1 1 5 99 64 0 1 1 5 82 44 0 1 1 5 77 33 0 1 1 5 78 42 2 25 2 125 83 34 0 1 0 2 84 52 0 1 0 2 73 44 0 1 0 2 74 73 0 1 0 2 102 714 0 1 3 2667 114 72 0 1 3 2667 77 33 0 1 3 2667 94 311 0 1 3 3333 108 224 0 1 3 3333 92 223 0 1 3 3333 100 63 0 1 3 3333 84
4/4 312 0 1 2 25 107 223 0 1 2 25 89 714 0 1 2 25 99 63 0 1 2 25 93 714 0 1 0 1 116 713 0 1 0 1 103 63 0 1 0 1 86 62 0 1 0 1 85 712 0 1 0 1 95 713 0 1 1 15 72 712 0 1 1 15 99 73 0 1 1 15 105 31 0 1 3 2333 96 714 0 1 3 2333 101 53 0 1 3 2333 83 223 0 1 3 2333 88 53 0 1 3 2333 79 32 1 5 2 325 86 52 2 25 2 375 98
4/4 74 0 1 0 0 104 53 0 1 0 0 104 52 3 1083 0 0 88 714 0 1 1 5 95 64 0 1 1 5 102 71 0 1 1 5 96 74 0 1 0 1 91 224 0 1 0 1 102 32 0 1 0 1 69 524 0 1 3 1333 72 74 0 1 3 1333 90 61 0 1 3 1333 99 713 0 1 3 1333 91 35 1 25 1 15 99 32 2 75 2 225 91 714 0 1 0 3 106 74 0 1 0 3 88 711 0 1 0 3 89 32 2 25 2 375 81 524 2 25 2 375 72
4/4 32 3 417 0 0 82 35 2 75 0 0 95 524 0 1 0 0 78 521 0 1 1 5 112 73 0 1 1 5 99 32 1 5 2 125 79 72 0 1 0 2 84 714 0 1 0 2 105 523 0 1 0 2 101 32 0 1 3 2667 72 223 0 1 3 2667 102 41 0 1 3 3333 81 64 0 1 3 3333 76 34 0 1 3 3333 91 34 1 5 1 35 89
4/4 34 1 5 0 0 89 42 2 25 2 25 87 62 3 667 0 1 92 712 0 1 1 15 89 63 0 1 1 15 103 33 2 75 2 225 93 712 0 1 0 3 100 34 0 1 0 3 99 24 0 1 3 3667 88 61 0 1 3 3667 82 524 2 25 3 3667 100
4/4 24 0 1 0 0 83 61 0 1 0 0 85 712 0 1 3 333 101 34 0 1 3 333 89 64 0 1 2 75 63 714 0 1 2 75 65 23 0 1 2 75 70 71 0 1 0 1 84 44 0 1 0 1 105 62 2 75 2 175 84 712 1 15 1 25 71 22 2 75 2 325 71
4/4 43 0 1 0 0 69 712 3 167 0 0 78 22 0 1 0 0 68 73 2 175 2 75 91 34 0 1 2 175 64 23 2 75 3 2667 52 32 0 1 1 35 53 52 0 1 1 35 48 34 3 333 3 3667 67
4/4 32 0 1 0 0 64 52 0 1 0 0 42 34 3 10333 0 0 65 72 3 1333 3 333 63 33 2 75 0 1 79 73 0 2 2 175 70 21 1 15 1 25 65 43 1 15 1 25 69 72 2 75 2 325 71
4/4 22 2 75 0 0 55 21 2 75 0 0 69 43 3 833 0 0 70 73 0 1 2 75 55 221 3 2333 1 15 62 33 2 175 3 1667 61 72 2 25 3 2333 60 222 0 1 0 3 69 33 2 25 2 375 80
4/4 33 1 15 0 0 73 11 2 225 1 5 57 73 0 1 1 5 76 62 2 75 2 125 72 33 0 1 0 2 67 62 0 1 0 2 86 12 3 667 0 2 59 62 2 25 3 2667 85 64 0 1 3 3333 82 43 0 1 3 3333 76 72 0 1 1 35 78 71 0 1 1 35 69
4/4 64 0 1 0 0 71 43 0 1 0 0 87 72 0 1 0 0 70 71 0 1 0 0 71 34 0 1 2 25 96 53 0 1 2 25 100 524 0 1 0 1 103 22 0 1 0 1 78 34 0 1 2 175 71 53 0 1 2 175 102 611 0 1 3 2333 57 611 0 1 3 2333 50 34 3 1667 3 2333 70 54 0 1 1 25 77 13 0 1 1 25 84 35 2 125 2 275 69
4/4 611 0 1 0 0 51 611 0 1 0 0 48 34 3 583 0 0 69 54 0 1 0 0 77 13 0 1 0 0 73 35 3 83 0 0 86 34 0 1 2 175 73 53 0 1 2 175 59 13 0 1 1 25 57 33 0 1 1 25 47 61 1 15 1 25 61 54 2 125 2 275 84 32 1 5 1 35 80
4/4 61 0 1 0 0 50 54 3 83 0 0 87 32 2 25 0 0 87 62 3 1667 2 25 74 63 0 1 1 15 41 73 0 1 1 15 59 22 0 1 1 15 46 44 1 15 2 175 76 71 2 225 2 175 68 42 3 667 3 2667 51 72 3 667 3 3333 50
4/4 42 2 25 0 0 51 73 3 2667 1 5 53 34 0 1 3 667 44 43 0 1 3 667 61 51 0 1 2 75 57 74 2 125 0 1 78 52 3 333 2 175 62 72 3 1333 1 25 64 33 1 5 2 325 80
4/4 34 0 1 0 0 96 53 0 1 0 0 65 72 0 1 0 0 87 33 3 667 3 667 93 73 0 1 3 1333 87 52 0 1 3 1333 71 34 0 1 3 1333 99 72 0 1 3 1333 84 52 0 1 3 1333 78 52 3 333 0 2 86 73 3 1667 3 2333 75 23 0 1 1 25 70 34 0 1 1 25 69 53 0 1 1 25 77 11 3 1333 3 2667 86 52 1 5 1 35 68
4/4 73 3 83 0 0 71 11 3 1667 0 0 74 52 2 25 0 0 80 12 3 667 2 25 58 22 0 1 2 75 85 33 2 75 1 15 80 22 2 75 2 225 55 12 3 333 0 3 54
4/4 52 3 667 0 0 35 73 2 375 2 25 62 23 1 35 1 5 43 44 2 175 1 5 77 51 3 1333 1 5 62 74 2 325 3 667 77 21 2 75 3 1333 75 52 2 75 0 2 86 612 3 667 3 2667 91 72 3 667 3 3333 101
4/4 73 3 917 0 0 51 72 3 83 0 0 94 22 2 75 2 25 103 43 2 25 0 1 89 22 2 25 3 1667 61 63 0 1 0 2 51 13 0 1 0 2 54 33 0 1 0 2 47 61 0 1 3 2333 76 54 1 5 3 2333 98 32 1 5 0 3 71 62 2 25 2 375 70
4/4 62 2 25 0 0 72 12 2 25 1 5 91 44 0 1 2 125 84 72 0 1 2 125 106 23 0 1 2 125 90 63 0 1 2 125 82 72 0 1 2 125 84 71 1 15 2 125 105 13 0 1 2 275 89 13 0 1 2 275 97 72 0 1 2 275 98 71 0 1 3 3667 103 24 0 1 3 3667 110 22 0 1 3 3667 80
4/4 11 1 25 1 5 95 35 0 1 1 5 82 34 0 1 1 5 91 14 0 1 1 5 91 53 0 1 1 5 73 52 3 667 3 1333 80 35 0 1 3 1333 85 34 0 1 3 1333 70 54 0 1 3 1333 89 13 0 1 3 1333 77 12 3 667 0 2 61 45 0 1 2 225 107 43 0 1 2 225 85 52 3 667 2 275 83 35 0 1 0 3 87 33 0 1 0 3 84 23 0 1 3 3667 75 24 0 1 3 3667 81 74 0 1 3 3667 80 53 0 1 3 3667 65 71 3 333 3 3667 85
4/4 23 0 1 0 0 94 24 0 1 0 0 79 74 0 1 0 0 96 53 0 1 0 0 65 71 3 1917 0 0 88 52 3 667 3 333 88 54 0 1 0 1 105 53 0 1 0 1 101 71 0 1 0 1 65 52 0 1 2 175 73 74 0 1 2 175 102 72 0 1 2 175 92 64 0 1 3 2667 87 34 0 1 3 2667 74 14 0 1 3 2667 99 12 0 1 3 2667 93 61 3 1333 3 2667 92 34 0 1 3 3333 65 14 0 1 3 3333 84 64 0 1 3 3333 84 12 0 1 3 3333 83 32 3 667 3 3333 81
4/4 74 0 1 0 0 102 73 0 1 0 0 100 34 0 1 0 0 57 63 0 1 0 0 75 61 3 917 0 0 91 62 0 1 2 25 86 72 0 1 2 25 97 32 0 1 2 75 73 64 0 1 2 75 103 62 0 1 2 75 70 51 0 1 1 15 82 33 0 1 1 15 68 74 1 15 1 15 108 44 2 125 1 15 85 73 1 25 1 15 93 32 3 667 3 2333 87 72 1 5 0 3 100 74 0 1 2 375 105 31 0 1 2 375 61
4/4 74 0 1 0 0 109 31 0 1 0 0 65 521 0 1 1 5 88 74 0 1 1 5 96 44 0 1 1 5 86 33 0 1 1 5 66 73 0 1 1 5 60 64 0 1 2 125 104 31 0 1 2 125 65 34 2 25 2 125 57 64 0 1 0 2 95 34 0 1 0 2 89 71 0 1 0 2 74 73 0 1 0 2 80 32 2 25 2 275 77 524 1 5 2 275 84 41 0 1 1 35 81 33 0 1 1 35 89 64 1 5 1 35 78
4/4 41 0 1 0 0 85 33 0 1 0 0 71 64 3 833 0 0 94 11 1 5 2 25 84 62 1 5 2 75 76 34 3 667 2 75 96 11 2 25 3 1667 64 64 3 667 3 1667 98 524 0 1 3 2333 85 22 0 1 3 2333 73 74 3 1667 3 2333 86 311 2 75 3 2333 107 312 2 75 2 325 97
4/4 23 0 1 0 0 87 312 2 75 0 0 91 714 1 5 3 667 97 311 2 25 3 667 102 64 0 1 3 1333 84 34 0 1 3 1333 77 73 0 1 3 1333 105 71 2 75 3 1333 81 42 3 667 2 225 109 64 0 1 2 275 91 14 0 1 2 275 95 12 0 1 2 275 108 72 0 1 2 275 91 24 0 1 3 3667 102 71 0 1 3 3667 97 22 0 1 3 3667 104
4/4 11 1 25 1 5 97 54 0 1 1 5 93 35 0 1 1 5 113 33 0 1 1 5 104 52 0 1 2 125 78 35 0 1 2 125 110 34 0 1 2 125 84 53 0 1 2 125 90 45 0 1 0 2 103 12 0 1 0 2 64 43 0 1 0 2 99 35 0 1 2 275 91 33 0 1 2 275 90 52 2 75 2 275 77 24 0 1 1 35 91 23 0 1 1 35 77 74 0 1 1 35 93 53 0 1 1 35 64 71 1 5 1 35 74
4/4 24 0 1 0 0 91 23 0 1 0 0 78 74 0 1 0 0 95 53 0 1 0 0 65 71 1 15 0 0 88 52 1 5 2 25 78 72 2 75 0 1 69 54 0 1 0 1 94 72 0 1 0 1 76 74 0 1 3 1667 97 23 0 1 3 1667 87 51 0 1 3 1667 79 34 0 1 1 25 70 12 0 1 1 25 81 64 0 1 1 25 78 13 0 1 1 25 102 61 1 15 1 25 73 64 0 1 2 325 74 13 0 1 2 325 92 32 2 75 2 325 78
4/4 74 0 1 0 0 96 73 0 1 0 0 86 62 0 1 0 0 70 33 0 1 0 0 84 61 1 5 0 0 83 32 0 1 3 667 69 64 0 1 3 667 103 34 0 1 3 667 89 62 0 1 3 667 98 51 2 75 3 1333 76 44 0 1 1 15 82 73 0 1 1 15 79 34 0 1 1 15 67 73 0 1 1 15 82 32 2 75 2 225 86 72 3 333 0 3 83 74 0 1 3 3667 108 73 0 1 3 3667 89 44 0 1 3 3667 96 33 0 1 3 3667 67 32 3 333 3 3667 52
4/4 32 3 417 0 0 55 521 3 1667 1 5 102 74 3 667 1 5 100 73 0 2 1 5 88 44 0 1 1 5 65 33 0 1 1 5 60 64 0 1 2 125 93 31 0 1 2 125 67 44 0 1 0 2 82 64 0 1 0 2 72 522 0 1 0 2 102 33 0 1 0 2 72 521 0 1 3 2667 95 523 0 1 3 2667 87 64 0 1 3 3333 101 44 0 1 3 3333 89 33 0 1 3 3333 84 41 3 667 3 3333 89
4/4 42 3 1333 0 0 91 64 0 1 0 0 93 44 0 1 0 0 83 33 0 1 0 0 70 41 3 1333 0 0 82 44 0 1 2 75 83 74 0 1 2 75 110 33 0 1 2 75 81 41 3 667 1 15 86 714 0 1 1 15 101 33 0 1 1 15 69 224 0 1 2 225 107 63 0 1 2 225 88 311 0 1 2 225 105 22 0 1 2 225 85 714 0 1 0 3 106 63 0 1 0 3 83 312 0 1 0 3 104 714 0 1 2 375 91 311 0 1 2 375 106 64 0 1 2 375 104 22 0 1 2 375 69
4/4 714 0 1 0 0 102 311 0 1 0 0 106 64 0 1 0 0 106 22 0 1 0 0 78 312 3 333 0 0 102 74 2 25 3 667 101 312 1 5 3 667 122 31 0 1 1 15 93 34 0 1 1 15 85 53 0 1 1 15 98 714 0 1 1 15 107 53 0 1 1 15 93 32 2 25 2 225 100 52 2 75 2 275 92 74 0 1 2 275 105 53 0 1 2 275 83 714 0 1 3 3333 94 63 0 1 3 3333 99 72 0 1 3 3667 99 74 0 1 3 3667 99 223 0 1 3 3667 95
4/4 34 0 1 2 25 74 74 0 1 2 25 87 713 0 1 2 25 87 61 0 1 3 333 91 713 0 1 3 333 91 35 3 3667 3 333 91 32 2 75 2 125 95 34 0 1 0 2 79 73 0 1 0 2 79 714 2 125 0 2 91 712 1 5 0 2 78 32 3 667 1 25 93 74 3 667 3 3333 106 521 3 667 3 3333 94
4/4 32 1 5 0 0 81 74 3 333 0 0 100 521 3 83 0 0 103 35 3 833 0 0 107 714 3 667 2 75 103 72 2 25 2 75 87 32 0 1 1 15 72 223 0 1 1 15 109 41 2 75 2 225 74 35 3 1667 3 2333 93 74 0 1 3 2333 108 42 2 75 0 3 95 62 2 25 2 375 103
4/4 62 1 5 0 0 106 35 3 583 0 0 97 64 2 25 1 5 96 712 2 75 1 5 69 33 2 75 2 125 81 63 0 1 0 2 74 34 0 1 0 2 115 33 2 25 3 2667 72 24 2 75 2 275 96 712 2 25 3 3333 76 35 1 5 1 35 114
4/4 45 0 4 0 0 87 24 1 35 0 0 104 714 2 225 2 25 98 64 2 125 2 25 94 71 2 75 2 25 78 62 3 667 2 75 71 712 3 1333 3 1667 97 22 2 75 2 225 89 43 0 1 0 3 73 74 2 25 2 375 85
4/4 45 1 5 0 0 102 74 3 1417 0 0 84 43 1 5 0 0 79 35 2 75 1 5 88 24 2 25 2 125 89 54 0 1 2 175 62 74 0 1 2 175 65 34 0 1 2 175 86 61 0 1 0 2 60 54 0 1 0 2 91 32 2 75 2 275 61 62 1 5 1 35 81
4/4 12 0 1 2 25 78 45 3 1333 2 25 98 54 0 1 2 25 98 22 2 75 0 1 89 12 3 1333 3 1667 72 74 0 1 1 25 84 75 0 1 1 25 91 45 0 1 1 25 75 52 0 1 1 25 56 71 2 25 2 375 83
4/4 64 0 1 0 0 82 23 0 1 0 0 74 55 0 2 0 0 86 71 2 75 0 0 74 42 3 667 2 75 79 12 2 75 3 1333 64 22 1 15 0 2 65 45 0 2 0 2 77 12 3 333 3 3667 64
4/4 64 0 1 0 0 84 23 0 1 0 0 79 12 3 917 0 0 59 45 1 25 0 0 78 53 2 25 3 333 66 31 3 1333 0 2 73 71 3 667 3 2667 68 32 3 333 3 3333 60
4/4 52 2 225 0 0 70 54 0 1 2 75 67 23 0 1 2 75 70 74 0 1 2 75 71 23 0 1 2 75 66 72 1 15 2 75 51 45 2 325 2 75 88 22 2 25 3 2333 55
4/4 11 2 125 0 0 70 54 0 1 0 0 67 23 0 1 0 0 70 74 0 1 0 0 67 23 0 1 0 0 81 45 1 25 0 0 75 52 3 667 3 667 63 12 2 25 3 1333 80 53 2 75 0 2 77 54 0 1 2 275 82 13 0 1 2 275 91 13 0 1 2 275 86 34 0 1 2 275 86 33 2 125 2 275 71
4/4 13 0 1 0 0 71 34 0 1 0 0 90 33 0 1 0 0 75 24 0 1 3 333 74 53 0 1 3 333 57 53 0 1 3 333 58 13 0 1 3 1667 43 34 0 1 3 1667 51 53 0 1 3 1667 63 61 3 1333 2 175 56 14 0 2 0 2 62 32 3 667 3 2667 56 62 3 667 3 3333 85
4/4 12 0 1 0 0 84 62 3 83 0 0 85 14 2 25 0 0 51 33 1 5 3 667 61 34 0 1 3 667 76 12 0 1 3 667 86 54 3 2667 3 667 89 63 2 75 1 15 83 12 0 1 2 225 56 12 0 1 2 225 66 34 2 75 0 3 71 71 3 333 3 3667 65 54 0 1 3 3667 73 72 0 1 3 3667 61 23 3 333 3 3667 67
4/4 71 0 1 0 0 76 54 0 1 0 0 87 72 0 1 0 0 54 23 3 1417 0 0 69 42 2 75 1 5 74 72 2 75 0 1 80 42 3 667 0 2 65 73 2 175 2 225 65 23 0 1 3 2333 60 43 0 1 3 2333 57 22 0 1 1 25 70 74 3 1333 1 25 76 42 2 75 2 325 63
4/4 72 3 333 0 0 68 42 2 25 0 0 74 73 1 5 0 0 56 73 0 1 3 1333 65 12 0 1 3 1333 59 23 0 1 2 175 41 43 0 1 2 175 75 31 1 15 2 175 51 71 2 75 2 275 61 32 1 5 1 35 62
4/4 73 0 1 0 0 65 12 0 1 0 0 64 23 0 1 0 0 33 43 0 1 0 0 85 32 3 167 0 0 68 52 2 175 3 333 81 72 2 75 1 15 54
4/4 31 0 2 0 2 68 74 0 1 3 2333 48 71 0 1 3 2333 65 14 2 125 2 275 63 24 0 1 0 3 71 55 1 5 1 35 50
4/4 31 0 1 0 0 60 74 0 1 0 0 50 71 0 1 0 0 58 14 2 75 0 0 62 24 1 5 0 0 72 55 2 75 0 0 50
