4/4
4/4 14 0 1 2 325 75 24 0 1 2 325 68 63 0 1 2 325 66 55 1 5 1 35 84
4/4 14 0 1 0 0 74 24 0 1 0 0 49 63 0 1 0 0 68 55 2 175 0 0 80 34 2 375 2 25 70 64 0 3 0 1 70 45 3 2333 3 1667 75
4/4 75 0 1 0 0 74 34 3 583 0 0 78 64 1 15 0 0 67 45 3 167 0 0 68 14 0 1 2 125 60 24 0 1 2 125 69 73 3 2667 3 1333 77 55 2 225 1 15 84 44 0 2 0 2 89 74 2 125 2 275 68 45 1 5 1 35 69
4/4 14 0 1 0 0 49 24 0 1 0 0 73 73 3 333 0 0 81 44 1 5 0 0 89 45 2 75 0 0 78 54 0 1 0 3 50 74 0 1 0 3 54 24 2 75 2 325 57 33 2 75 2 325 57 45 3 667 3 3333 73
4/4 73 2 325 0 0 71 54 0 1 0 0 64 74 0 1 0 0 54 24 3 1583 0 0 61 33 0 3 0 0 61 45 3 1083 0 0 75 34 0 2 3 667 92 35 0 1 3 1333 96 75 2 75 2 325 71
4/4 75 2 25 0 0 86 74 3 2333 3 333 59 24 1 15 1 5 53 12 2 75 3 667 49 45 0 2 3 667 84 53 3 667 3 1333 86 23 2 75 0 2 78 34 0 1 2 275 58 14 0 1 2 275 78 35 0 1 2 275 72
4/4 14 0 1 0 0 80 35 0 1 0 0 68 24 2 175 2 75 53 62 2 125 3 2333 73 14 3 1667 3 2333 54 33 0 1 2 325 46 54 0 1 2 325 57 54 0 1 2 375 89 63 0 1 2 375 68
4/4 54 0 1 0 0 80 63 0 1 0 0 68 13 3 667 1 5 71 54 3 333 1 5 78 54 0 1 2 125 97 23 0 1 2 125 50 44 0 1 2 175 76 13 0 1 2 175 61 54 2 75 1 25 95 14 2 75 2 325 74
4/4 23 0 1 0 0 68 13 0 1 0 0 73 54 2 75 0 0 74 72 0 4 0 0 62 43 3 3333 3 667 55 44 2 25 3 667 63 44 0 3 0 1 63 63 3 2667 3 1333 63 23 2 125 0 2 55
4/4 13 2 75 0 0 45 72 3 333 0 0 63 43 3 167 0 0 65 63 3 83 0 0 58 73 0 1 1 15 51 23 0 1 1 15 63 32 2 125 1 15 62 72 1 5 2 225 76 44 2 25 2 225 67 33 3 667 0 3 77 44 3 333 0 3 103 53 3 333 3 3667 75 13 3 333 3 3667 75 44 3 333 3 3667 98
4/4 53 3 1917 0 0 68 13 3 2333 0 0 81 44 2 75 2 25 88 34 2 75 0 1 98 73 2 25 1 15 56 44 2 75 1 15 97 74 2 75 2 225 82 23 0 1 0 3 68 12 0 1 0 3 74 44 2 75 0 3 67 53 0 1 0 3 56 34 3 333 3 3667 80
4/4 12 0 4 0 0 57 53 3 3667 0 0 58 34 3 417 0 0 65 23 3 667 3 333 71 34 0 3 0 1 63 13 0 2 2 125 64
4/4 13 0 1 1 5 78 23 1 5 0 1 86 42 3 2667 3 1333 60 34 1 5 3 1333 67 63 0 1 1 15 41 73 0 1 1 15 43 34 3 333 0 2 75 12 0 2 0 2 73 43 2 125 2 275 63 34 3 333 2 275 75 34 3 333 1 35 85
4/4 63 0 1 0 0 46 73 0 1 0 0 57 43 1 35 0 0 60 42 3 2667 0 0 62 12 0 1 0 0 66 34 3 333 2 25 71 34 3 1667 0 1 62 13 3 333 3 2667 60 23 3 333 0 3 77 73 0 1 2 325 54 52 0 1 2 325 63 34 1 5 3 3333 74
4/4 22 0 4 0 0 72 34 3 333 0 0 86 73 0 1 0 0 65 52 0 1 0 0 68 53 0 1 3 667 70 43 0 1 3 667 66 34 3 333 3 667 81 34 2 25 1 15 61 23 2 25 0 2 76 34 0 1 0 3 81
4/4 22 3 667 0 0 62 53 0 1 0 0 63 43 0 1 0 0 54 34 3 667 0 0 87 13 3 333 3 667 64 23 1 5 0 1 69 62 0 1 3 1333 70 73 0 1 3 1333 72 34 1 5 3 1333 75 34 0 1 0 2 92 33 0 1 0 2 53 73 3 667 2 275 76 34 3 333 2 275 72 34 1 5 1 35 87 13 1 5 1 35 74
4/4 13 0 2 0 0 71 34 2 125 2 25 85 74 2 175 0 1 71 34 3 1667 3 2333 67 13 0 1 0 3 60 44 0 1 0 3 72 72 0 1 0 3 62 43 2 25 2 375 60
4/4 34 3 1083 0 0 79 13 0 1 0 0 59 44 0 1 0 0 71 72 0 1 0 0 65 43 2 275 0 0 76 63 2 325 1 5 57 34 0 1 0 2 41 13 0 1 0 2 75 54 0 1 0 2 79 13 0 1 3 3333 65 34 0 1 3 3333 70 72 0 1 3 3333 64 64 1 5 1 35 74
4/4 64 1 5 0 0 86 13 1 25 3 667 60 34 0 2 2 75 58 44 0 1 0 1 75 62 0 1 0 1 74 74 1 5 0 1 77 33 0 1 2 175 63 74 0 1 2 175 75 63 3 667 3 2667 78 74 1 5 2 325 90 713 2 25 2 375 43
4/4 52 2 175 0 0 77 44 3 1333 0 0 73 74 2 75 0 0 81 713 0 2 0 0 59 22 0 1 2 75 74 64 0 1 2 75 92 53 2 125 1 15 91 54 2 75 1 15 88 44 2 25 2 225 102 44 2 75 0 3 73 12 0 1 0 3 69 73 0 1 0 3 66 53 3 333 3 3667 62 54 3 333 3 3667 66
4/4 34 0 2 0 0 66 12 2 125 0 0 68 53 3 417 0 0 58 54 3 167 0 0 80 13 3 333 3 333 79 72 1 15 0 2 47 223 0 1 0 2 87 63 0 1 0 2 58 13 2 25 3 2667 85 73 0 1 2 325 43 223 0 1 2 325 77 54 0 1 2 325 78 33 3 667 3 3333 66
4/4 33 3 833 0 0 78 64 2 25 2 25 73 13 3 2667 2 75 15 34 0 1 2 75 49 44 0 1 2 75 80 62 0 1 2 75 79 74 1 5 0 1 81 33 2 75 2 175 60 74 3 333 2 175 82 63 0 1 1 25 79 74 0 1 1 25 88 74 2 25 2 325 94 52 0 1 2 375 71 44 0 1 2 375 52
4/4 713 1 25 0 0 59 74 3 667 0 0 89 52 0 1 0 0 64 44 0 1 0 0 48 22 0 1 3 667 68 64 0 1 3 667 82 53 0 1 3 1333 66 54 3 667 3 1333 68 44 2 25 0 2 68 44 2 125 2 275 81 12 2 125 2 275 74 73 2 75 2 275 78 34 2 125 2 275 69 54 0 1 1 35 83 53 0 1 1 35 64
4/4 44 3 83 0 0 71 12 2 325 0 0 67 54 0 1 0 0 83 53 0 1 0 0 70 34 2 75 0 0 78 13 3 1667 2 25 68 23 1 5 2 75 76 34 2 75 1 15 76 23 2 25 2 225 72 34 1 5 0 3 75 13 2 25 0 3 66 53 0 1 3 3667 61 44 0 1 3 3667 54
4/4 613 0 1 2 25 51 34 0 1 2 25 66 42 0 3 1 5 60 54 3 1667 1 5 87 12 0 2 2 125 73 43 2 75 2 175 72 13 3 667 1 25 75 613 3 1333 1 25 51 34 2 75 2 325 61
4/4 13 2 75 0 0 60 34 2 25 0 0 72 613 3 667 3 667 54 64 0 1 2 175 72 14 0 1 2 175 74 72 3 1333 0 2 46 35 0 2 0 2 52 55 2 175 2 225 79 43 3 667 0 3 70 63 3 333 3 3667 66
4/4 63 3 417 0 0 70 55 3 583 0 0 92 73 3 667 3 333 58 64 0 1 0 1 79 13 0 1 0 1 71 24 0 1 0 1 59 45 0 1 0 1 89 73 2 75 2 175 87 14 0 1 1 25 90 23 0 1 1 25 60 64 0 1 1 25 75 73 2 25 3 3333 69 24 1 5 3 3333 74
4/4 12 0 1 2 25 84 35 0 1 2 25 69 54 0 1 2 25 77 14 0 1 2 25 72 35 0 1 0 1 79 53 0 1 0 1 76 14 0 1 2 175 62 45 0 1 2 175 79 34 0 1 2 175 61 54 0 1 2 175 87 35 2 75 1 25 87 54 0 1 1 25 82 53 0 1 1 25 65 14 0 1 1 25 33 24 2 75 2 325 74 54 0 1 2 325 61 72 0 1 2 325 76
4/4 53 1 5 0 0 67 24 2 75 0 0 80 54 2 75 2 75 88 23 3 333 2 75 70 53 2 25 1 15 65 74 1 5 1 15 84 34 0 1 0 2 55 64 0 1 0 2 75 62 0 1 2 225 93 14 0 1 2 225 68 33 0 1 0 3 75 14 0 1 0 3 92 13 2 25 3 3667 58 74 0 1 3 3667 95 34 0 1 3 3667 80
4/4 74 0 1 0 0 88 34 0 1 0 0 84 64 0 1 3 333 109 33 0 1 3 333 64 52 3 667 0 1 61 34 0 1 2 125 56 44 0 1 2 125 75 74 1 15 2 125 73 33 0 2 0 2 67 73 3 333 3 2667 69 74 3 333 3 3333 59
4/4 522 0 1 0 0 63 74 0 1 0 0 66 44 0 1 0 0 56 34 0 1 0 0 50 33 2 125 2 75 66 64 1 5 2 75 91 73 2 25 1 15 63 64 0 1 1 15 91 34 0 1 1 15 74 44 0 1 1 15 69 524 2 75 3 2333 96 42 0 1 0 3 65 64 0 1 0 3 86 34 0 1 0 3 67 12 2 25 2 375 79
4/4 63 3 667 1 5 87 34 0 1 1 5 88 64 2 75 2 125 97 524 0 1 0 2 86 23 0 1 0 2 65 312 0 1 0 2 71 74 0 2 0 2 78 62 1 5 2 275 93 33 0 1 1 35 75 23 0 1 1 35 65 524 2 25 1 35 47
4/4 312 2 25 0 0 89 33 0 1 0 0 82 23 0 1 0 0 79 714 1 5 2 25 98 34 2 75 2 75 76 64 0 1 0 1 66 74 0 1 0 1 74 72 2 175 0 1 72 43 2 75 3 1667 69 14 0 1 3 2333 93 34 0 1 3 2333 90 73 0 1 3 2333 73 64 0 1 3 2333 90 72 0 1 2 325 78 34 0 1 2 325 81 24 0 1 2 325 91 64 0 1 2 325 81
4/4 12 2 175 0 0 72 35 0 1 0 0 106 34 0 1 0 0 78 54 0 1 0 0 87 53 3 667 2 75 78 35 0 1 0 1 97 54 0 1 0 1 81 45 0 1 3 1667 88 13 0 1 3 1667 60 54 0 1 3 1667 80 35 0 1 3 2333 76 53 0 1 3 2333 57 72 0 1 0 3 69 74 0 1 0 3 78 24 0 1 0 3 80 54 0 1 0 3 60 53 2 25 2 375 88
4/4 53 1 5 0 0 85 24 1 5 0 0 78 23 2 25 1 5 78 54 2 75 1 5 93 53 0 1 2 125 74 74 0 1 2 125 90 34 2 225 2 175 60 64 1 15 0 2 66 62 0 1 0 2 71 14 0 1 0 2 92 33 0 1 3 2667 67 14 0 1 3 2667 84 13 2 25 3 3333 58 74 3 667 3 3333 73
4/4 64 2 25 0 0 75 34 2 25 0 0 49 33 1 5 2 25 63 34 0 1 2 75 55 44 0 1 2 75 75 52 2 75 2 75 73 74 2 125 2 75 94 33 2 75 3 1667 69 73 3 667 3 2333 71 74 2 25 0 3 67 522 2 25 2 375 88 34 2 25 2 375 71 74 2 25 2 375 77 44 2 25 2 375 66
4/4 522 1 15 0 0 78 34 3 2417 0 0 60 74 1 5 0 0 74 44 3 1083 0 0 71 33 0 1 1 5 65 64 0 1 1 5 81 44 0 1 2 125 42 64 0 1 2 125 70 523 2 125 2 125 94 524 2 75 0 2 101 522 3 333 0 2 85 64 0 1 3 2667 81 34 0 1 3 2667 76 42 0 1 3 2667 81 44 0 1 3 2667 82 43 1 5 1 35 99
4/4 43 3 833 0 0 107 34 0 1 2 25 93 74 1 5 2 25 92 714 3 667 2 75 103 42 2 25 2 75 80 312 0 1 1 15 108 224 0 1 1 15 93 34 0 1 1 15 80 64 3 667 3 1667 81 313 3 1333 3 2333 110 714 0 1 1 25 98 64 0 1 1 25 68 714 0 1 0 3 90 64 0 1 0 3 87 34 2 75 0 3 73 312 0 1 2 375 100 74 0 1 2 375 101
4/4 32 1 15 1 5 104 714 0 1 3 667 102 54 0 1 3 667 86 34 0 1 3 667 72 33 2 175 3 1333 103 74 0 1 0 2 98 54 0 1 0 2 82 714 0 1 3 2667 81 64 0 1 3 2667 82 32 0 1 3 2667 81 224 0 1 0 3 110 74 0 1 0 3 87 524 0 1 1 35 64 714 0 1 1 35 81 62 1 5 1 35 86 35 3 333 3 3667 93
4/4 524 0 1 0 0 78 714 0 1 0 0 96 62 2 25 0 0 83 35 3 4167 0 0 83 33 3 667 3 333 73 714 0 1 0 1 66 524 0 1 0 1 84 713 1 5 0 1 65 33 2 75 2 175 75 74 0 1 1 25 74 522 0 1 1 25 86 524 1 15 1 25 69 33 1 5 2 325 65
4/4 714 0 1 0 0 107 73 0 1 0 0 77 524 3 833 0 0 70 224 2 75 3 667 105 33 3 333 3 667 72 42 2 75 3 1333 97 35 3 2667 3 1333 84 74 2 225 3 1333 97 43 1 5 2 225 91 63 2 125 2 275 81 713 1 5 1 35 68 64 1 5 1 35 76
4/4 63 0 1 0 0 87 713 0 1 0 0 61 35 3 667 0 0 86 64 1 15 0 0 81 35 0 1 0 1 83 34 0 1 0 1 44 713 0 1 2 175 78 24 0 1 2 175 79 524 2 125 0 2 79 35 1 5 3 2667 93 63 2 25 3 2667 70 64 0 1 0 3 66 714 0 1 0 3 72 24 0 1 0 3 75 72 3 667 3 3333 81 45 3 667 3 3333 95
4/4 63 2 75 0 0 71 45 3 833 0 0 80 64 0 1 0 0 62 714 0 1 0 0 68 24 0 1 0 0 75 713 3 333 2 75 59 23 1 15 1 15 66 44 2 75 2 225 58 74 2 75 0 3 59 35 3 333 3 3667 73
4/4 35 3 417 0 0 73 24 2 25 1 5 60 63 0 1 0 1 52 34 0 1 0 1 62 13 0 3 0 1 56 54 2 275 2 125 79 14 3 2667 3 1333 68 35 0 1 3 1333 76 55 2 75 2 225 78 45 0 1 0 3 83 55 1 5 1 35 99
4/4 63 0 1 0 0 52 34 0 1 0 0 54 13 1 15 0 0 64 54 3 1917 0 0 80 14 3 2333 0 0 76 45 1 5 0 0 87 55 2 25 0 0 107 15 2 75 2 25 84 55 2 75 0 1 71 45 2 75 2 175 64 55 1 5 1 25 70 53 0 1 2 325 72 44 0 1 2 325 73 34 0 1 2 325 75 73 0 1 2 325 58 14 2 75 2 325 70 55 2 25 2 375 68
4/4 53 0 1 0 0 69 44 0 1 0 0 66 34 0 1 0 0 57 73 0 1 0 0 64 14 2 425 0 0 71 55 3 417 0 0 77 45 2 75 3 667 70 55 2 75 3 1333 95 15 2 75 0 2 77 55 2 75 2 275 78 45 1 5 1 35 82
4/4 45 2 25 0 0 67 55 0 1 2 25 91 43 2 325 2 75 72 34 0 1 0 1 60 63 0 1 0 1 63 13 0 1 0 1 72 63 0 1 0 1 74 14 2 225 0 1 64 55 2 75 3 1667 93 45 2 75 3 2333 80 55 2 75 0 3 87 15 2 25 2 375 68
4/4 15 1 5 0 0 60 43 2 75 0 0 68 34 0 1 0 0 72 63 0 1 0 0 66 13 0 1 0 0 74 63 0 1 0 0 80 55 2 75 1 5 69 45 2 75 2 125 72 55 2 75 0 2 65 23 0 1 3 2667 53 73 0 1 3 2667 74 53 0 1 3 2667 64 44 0 1 3 2667 67 14 2 125 2 275 59 55 1 5 1 35 61
4/4 14 2 425 0 0 61 55 2 25 0 0 60 45 2 75 2 25 75 55 2 75 0 1 83 15 0 1 3 1667 83 55 2 75 1 25 73 45 2 75 2 325 51
4/4 55 3 333 2 25 61 14 0 1 3 667 69 35 0 1 3 667 62 55 1 5 0 1 64 62 0 1 0 1 54 15 0 1 0 1 67 33 3 667 0 2 49 55 3 333 0 2 53 63 2 75 3 2667 76 14 0 1 3 2667 58 55 0 1 3 2667 67 55 0 1 3 3333 95 14 0 1 3 3333 85 13 3 667 3 3333 71
4/4 23 0 1 0 0 79 55 0 1 0 0 93 14 3 2333 0 0 77 13 3 83 0 0 69 45 2 75 2 75 90 13 0 1 0 1 71 55 2 75 1 15 91 54 2 25 1 15 56 15 2 25 3 2333 82 14 0 1 0 3 57 24 0 1 0 3 52 72 0 1 0 3 71 55 3 667 2 325 73 45 2 25 2 375 68 43 2 25 2 375 76
4/4 14 1 15 0 0 57 24 3 667 0 0 70 72 2 25 0 0 69 43 3 417 0 0 67 45 3 2333 2 25 86 63 2 75 1 5 77 13 0 1 2 125 77 24 0 1 2 125 82 23 3 667 0 2 80 44 0 1 3 2667 61 14 0 1 3 2667 51 64 2 25 3 3333 48 24 1 5 1 35 60
4/4 24 2 25 0 0 63 45 2 125 2 25 52 32 2 125 2 75 64 74 0 1 0 1 50 24 0 1 0 1 60 72 2 75 1 15 76 45 3 333 1 15 72 33 0 1 2 225 80 45 0 1 2 225 99 45 0 1 0 3 104 14 0 1 0 3 83 53 0 1 0 3 86 14 3 333 3 3667 75 45 0 1 3 3667 98 73 0 1 3 3667 83
4/4 14 3 1667 0 0 76 53 2 25 0 0 90 45 0 1 0 0 87 73 0 1 0 0 81 35 0 1 2 25 91 23 0 1 2 25 73 45 0 1 0 1 93 44 0 1 0 1 70 75 1 5 2 175 71 45 0 1 1 25 73 24 0 1 1 25 55 12 2 125 1 25 68 35 0 1 0 3 89 53 0 1 0 3 72 13 2 25 2 375 82 24 2 25 2 375 82
4/4 13 2 25 0 0 64 24 1 5 0 0 90 34 2 175 1 5 77 14 1 5 1 5 73 35 2 325 1 5 80 54 2 75 2 125 83 14 3 667 0 2 71 54 3 667 3 2667 65 34 2 25 3 3333 57 14 1 5 3 3333 79 24 2 25 2 375 78
4/4 24 2 25 0 0 87 42 3 1333 2 25 68 64 0 1 2 25 52 74 0 1 2 25 65 35 1 5 3 333 66 35 0 1 0 1 98 12 0 1 0 1 62 43 0 1 3 1667 74 35 0 1 3 1667 98 63 3 1667 3 2333 78 35 3 333 3 2333 75 35 0 1 0 3 88 13 0 1 0 3 52 14 0 1 0 3 68 34 2 25 2 375 58
4/4 63 3 333 0 0 81 64 0 1 0 0 64 74 0 1 0 0 47 35 2 125 0 0 89 34 1 5 0 0 55 13 1 5 1 5 73 63 2 25 0 1 65 14 3 333 2 125 71 24 1 5 1 15 93 52 3 1333 0 2 77 35 3 667 0 2 74 74 0 2 0 2 66 22 2 75 3 2667 90 35 3 333 3 2667 83 43 0 1 3 3333 83 35 0 1 3 3333 95
4/4 53 0 3 0 0 94 35 3 667 0 0 97 74 1 25 0 0 78 73 2 175 3 667 77 24 2 75 2 75 69 34 0 1 3 1333 67 35 0 1 3 1333 57 54 2 25 2 225 50 34 0 1 2 275 74 14 0 1 2 275 76 24 1 5 0 3 83 35 1 5 1 35 75 62 1 5 1 35 81 74 1 5 1 35 84
4/4 62 1 5 0 0 87 74 1 35 0 0 79 33 0 1 2 25 64 35 2 25 2 25 82 73 0 1 2 75 60 35 0 1 2 75 78 35 0 1 1 15 83 713 0 1 1 15 69 524 0 1 2 225 64 35 0 1 2 225 74 64 1 5 0 3 63 75 0 1 0 3 71 34 1 5 1 35 75
4/4 34 3 167 0 0 79 75 3 333 0 0 76 713 2 25 3 333 62 65 3 667 3 333 87 525 1 5 1 5 92 72 1 25 0 1 89 45 2 275 0 1 88 43 2 75 2 175 99 73 3 1333 1 25 78 14 0 1 0 3 68 43 2 75 0 3 89 72 2 25 2 375 94 55 2 25 2 375 104 35 2 25 2 375 100
4/4 72 2 225 0 0 82 55 3 1417 0 0 107 14 2 75 0 0 87 35 0 1 0 0 99 65 2 125 1 15 107 35 3 333 1 15 74 14 2 75 1 15 93 14 0 1 2 275 59 45 0 1 2 275 81 62 0 1 2 275 70 35 0 1 0 3 72 45 0 1 0 3 64 62 0 1 0 3 64 75 1 5 2 325 85
4/4 33 0 1 0 0 66 75 0 1 0 0 76 14 0 1 0 0 62 45 0 1 0 0 74 62 0 1 0 0 79 35 0 1 0 0 59 45 0 1 0 0 79 62 0 1 0 0 75 63 1 5 3 667 68 75 2 25 1 15 73 714 0 2 0 2 53 52 0 1 0 2 64 45 0 1 0 2 60 75 2 75 2 225 88 65 0 1 2 275 104 22 0 1 2 275 78 53 0 1 1 35 92 55 0 1 1 35 101
4/4 714 3 333 0 0 51 53 0 1 0 0 81 55 0 1 0 0 91 713 0 1 2 25 81 45 0 1 2 25 102 12 0 1 0 1 72 74 0 1 0 1 72 45 2 75 0 1 81 53 2 75 2 175 63 55 1 5 2 175 93 35 2 175 2 225 84 13 2 75 1 25 79 53 1 5 2 325 89
4/4 73 0 1 0 0 89 72 0 1 0 0 77 224 0 1 0 0 96 64 0 1 0 0 70 35 2 25 0 0 77 14 2 25 3 667 65 33 0 1 3 1333 82 55 0 1 3 1333 94 224 0 1 3 1333 101 74 0 1 3 1333 61 224 0 1 2 225 91 65 0 1 2 225 100 74 0 1 2 225 68 14 0 1 3 2667 57 45 0 1 3 2667 96 35 0 1 2 275 80 45 0 1 2 275 96 62 0 1 2 275 85 75 3 667 0 3 97 33 3 333 3 3667 63 75 3 333 3 3667 95
4/4 14 0 1 0 0 70 45 0 1 0 0 83 35 0 1 0 0 79 45 0 1 0 0 93 62 0 1 0 0 78 33 0 1 0 0 65 75 0 1 3 333 89 63 0 1 3 333 89 75 1 5 2 125 112 52 3 1667 2 175 64 714 0 1 0 2 86 45 0 1 0 2 69 75 3 667 0 2 92 22 0 1 1 25 79 65 0 1 1 25 88 714 0 1 2 325 59 53 0 1 2 325 53 55 0 1 2 325 80
4/4 45 2 25 0 0 78 12 0 1 3 667 75 45 0 1 3 667 72 74 3 3333 3 667 75 35 0 3 3 667 66 53 2 75 3 1333 70 55 1 25 1 15 81 13 2 75 2 225 76 23 2 75 0 3 78 34 3 333 3 3667 66
4/4 55 3 833 0 0 67 74 0 1 0 0 82 34 3 333 0 0 74 23 3 667 3 333 64 35 1 5 0 1 76 53 2 25 0 1 58 45 2 25 2 175 67 614 3 667 2 225 58 35 2 25 3 2333 59 42 0 1 1 25 74 55 0 1 1 25 81 12 3 667 2 325 72 43 2 25 2 375 73
4/4 43 1 5 0 0 78 14 0 1 1 5 64 613 0 1 1 5 52 35 1 15 2 125 68 13 2 75 2 125 73 34 2 75 0 2 69 13 3 667 3 2667 58 613 2 25 3 3333 60 64 0 1 2 375 57 14 0 1 2 375 51 35 0 1 2 375 63
4/4 72 0 1 0 0 57 55 0 1 0 0 77 64 0 1 0 0 59 14 0 1 0 0 50 35 0 1 0 0 62 63 2 75 2 75 64 13 3 333 1 15 63 34 1 5 2 225 67 64 0 1 2 275 56 24 0 1 2 275 62 44 0 1 2 275 71 45 0 1 2 275 73 34 3 333 3 3667 86
4/4 34 3 417 0 0 83 13 0 1 3 333 68 14 0 1 3 333 85 15 0 1 3 333 116 25 0 1 2 125 107 34 0 1 2 125 90 24 0 1 2 125 99 12 0 2 0 2 93 55 0 1 2 225 94 36 0 1 2 225 96 15 0 1 2 225 89 35 0 1 2 225 88 53 2 75 0 3 82 55 0 1 0 3 104 36 0 1 0 3 105 15 0 1 0 3 86 35 0 1 0 3 93 46 0 1 2 375 97 13 0 1 2 375 83 15 0 1 2 375 83 55 0 1 2 375 109
4/4 12 1 5 0 0 77 46 0 1 0 0 95 13 0 1 0 0 78 15 0 1 0 0 79 55 0 1 0 0 107 15 0 1 1 5 93 55 0 1 1 5 84 36 0 1 1 5 95 53 0 1 1 5 75 72 0 1 2 125 92 55 0 1 2 125 94 75 0 1 2 125 98 25 0 1 2 125 80 53 3 667 0 2 110 23 0 1 3 2667 67 55 0 1 3 2667 114 24 0 1 3 2667 92 53 0 1 3 3333 80 24 0 1 3 3333 93 55 0 1 3 3333 95 75 0 1 3 3333 98 24 0 1 3 3333 101 55 0 1 3 3333 103
4/4 62 0 1 0 0 97 15 0 1 0 0 96 35 0 1 0 0 63 65 0 1 0 0 84 33 0 1 0 1 73 15 0 1 0 1 89 35 0 1 0 1 62 65 0 1 0 1 94 13 0 1 3 1667 79 75 0 1 3 1667 97 35 0 1 3 1667 73 33 0 1 3 2333 74 65 0 1 3 2333 100 75 0 1 0 3 101 45 0 1 0 3 102 35 0 1 0 3 69 52 0 1 0 3 85 33 2 25 2 375 74
4/4 75 3 667 0 0 96 52 2 125 0 0 85 33 1 5 0 0 75 53 0 1 1 5 94 35 0 1 1 5 74 33 3 667 2 125 91 75 3 333 3 1333 102 522 0 1 0 2 112 75 0 1 0 2 87 45 0 1 0 2 86 35 0 1 2 225 86 33 2 75 2 275 72 65 1 5 2 275 100 65 0 1 1 35 98 73 0 1 1 35 91 45 0 1 1 35 90 35 0 1 1 35 87
4/4 33 0 1 2 25 73 525 0 1 2 25 87 35 0 1 0 1 71 64 0 1 0 1 84 65 0 1 0 1 80 42 0 1 0 1 79 32 2 25 0 1 65 12 3 667 3 1667 84 63 0 1 3 2333 74 64 0 1 3 2333 61 35 0 1 3 2333 95 12 0 1 0 3 80 65 0 1 0 3 104 24 0 1 2 375 62 525 0 1 2 375 74 74 0 1 2 375 86 312 0 1 2 375 98 75 0 1 2 375 94 312 0 1 2 375 96
4/4 24 0 1 0 0 73 525 0 1 0 0 61 74 0 1 0 0 87 312 0 1 0 0 98 75 0 1 0 0 96 312 0 1 0 0 102 313 3 1667 3 667 115 525 0 1 3 1333 92 74 0 1 3 1333 69 24 0 1 3 1333 61 715 0 1 0 2 109 312 0 1 0 2 98 75 0 1 2 275 95 35 0 1 2 275 85 65 0 1 2 275 104 72 2 125 2 275 90 43 1 5 1 35 96
4/4 43 2 25 0 0 106 72 3 417 0 0 89 65 0 1 2 25 95 35 0 1 2 25 78 15 0 1 2 25 110 14 0 1 2 25 106 73 1 15 2 25 88 24 0 1 0 1 102 25 0 1 0 1 115 72 0 1 0 1 104 12 2 225 2 175 93 55 0 1 0 2 99 36 0 1 0 2 110 35 0 1 0 2 77 53 3 667 3 2667 91 36 0 1 2 275 99 55 0 1 2 275 94 35 0 1 2 275 92 13 1 5 1 35 88 45 0 1 1 35 96 46 0 1 1 35 97
4/4 12 2 25 0 0 92 13 2 25 0 0 89 53 0 1 2 25 85 35 0 1 2 25 100 36 0 1 2 25 105 75 0 1 0 1 87 25 0 1 0 1 97 24 0 1 0 1 100 72 0 2 0 1 75 53 3 667 3 1667 81 73 1 5 3 2333 85 55 0 1 3 2333 95 24 0 1 3 2333 83 53 2 25 0 3 93 75 3 333 0 3 99 62 0 1 2 375 98 65 0 1 2 375 87 35 0 1 2 375 75 15 2 25 2 375 104
4/4 62 0 1 0 0 98 65 0 1 0 0 93 35 0 1 0 0 84 15 2 25 0 0 98 15 0 1 1 5 102 33 0 1 1 5 75 35 0 1 1 5 84 65 0 1 1 5 74 13 0 1 2 125 79 35 0 1 2 125 87 75 0 1 2 125 92 33 1 5 0 2 68 65 2 25 0 2 70 52 2 75 3 2667 83 45 0 1 3 2667 99 35 0 1 3 2667 90 75 3 1333 3 2667 97 33 1 5 1 35 64
4/4 33 2 25 0 0 56 45 0 1 0 0 98 35 0 1 0 0 72 75 3 167 0 0 103 73 2 25 2 25 84 33 0 1 2 75 63 75 0 1 2 75 101 522 0 1 1 15 99 45 0 1 1 15 77 35 0 1 1 15 74 75 2 75 3 1667 96 523 0 1 3 2333 95 65 0 1 3 2333 90 65 0 1 0 3 103 45 0 1 0 3 88 35 0 1 0 3 82 73 2 25 2 325 88 223 0 1 2 375 97 35 0 1 2 375 62 45 0 1 2 375 50 525 2 25 2 375 93
4/4 525 1 5 0 0 91 42 0 1 1 5 86 65 0 1 1 5 95 45 0 1 1 5 91 35 0 1 1 5 89 43 2 25 2 125 84 35 0 1 0 2 79 53 0 1 0 2 73 45 0 1 0 2 70 75 0 1 0 2 101 715 0 1 3 2667 97 73 0 1 3 2667 65 35 0 1 3 2667 80 312 0 1 3 3333 108 225 0 1 3 3333 106 224 0 1 3 3333 88 65 0 1 3 3333 87
4/4 313 0 1 2 25 98 224 0 1 2 25 92 715 0 1 2 25 89 65 0 1 2 25 78 715 0 1 0 1 105 714 0 1 0 1 104 65 0 1 0 1 87 63 0 1 0 1 97 714 0 1 0 1 90 714 0 1 1 15 70 713 0 1 1 15 103 75 0 1 1 15 100 32 0 1 3 2333 97 715 0 1 3 2333 117 55 0 1 3 2333 90 224 0 1 3 2333 93 55 0 1 3 2333 92 33 1 5 2 325 86 53 2 25 2 375 92
4/4 75 0 1 0 0 99 55 0 1 0 0 103 53 3 1083 0 0 97 715 0 1 1 5 89 65 0 1 1 5 103 73 0 1 1 5 99 75 0 1 0 1 92 225 0 1 0 1 99 34 0 1 0 1 78 525 0 1 3 1333 86 75 0 1 3 1333 92 62 0 1 3 1333 96 715 0 1 3 1333 71 36 1 25 1 15 102 33 2 75 2 225 92 715 0 1 0 3 101 75 0 1 0 3 85 713 0 1 0 3 78 33 2 25 2 375 71 525 2 25 2 375 74
4/4 33 3 417 0 0 74 36 2 75 0 0 101 525 0 1 0 0 79 522 0 1 1 5 97 75 0 1 1 5 91 33 1 5 2 125 79 73 0 1 0 2 88 715 0 1 0 2 102 525 0 1 0 2 102 33 0 1 3 2667 85 225 0 1 3 2667 107 42 0 1 3 3333 88 65 0 1 3 3333 91 36 0 1 3 3333 101 35 1 5 1 35 100
4/4 35 1 5 0 0 95 43 2 25 2 25 98 63 3 667 0 1 93 713 0 1 1 15 96 65 0 1 1 15 97 34 2 75 2 225 94 713 0 1 0 3 103 36 0 1 0 3 101 25 0 1 3 3667 85 63 0 1 3 3667 89 525 2 25 3 3667 104
4/4 25 0 1 0 0 87 63 0 1 0 0 80 713 0 1 3 333 103 36 0 1 3 333 98 65 0 1 2 75 50 715 0 1 2 75 64 25 0 1 2 75 67 72 0 1 0 1 92 46 0 1 0 1 108 63 2 75 2 175 78 713 1 15 1 25 67 23 2 75 2 325 70
4/4 44 0 1 0 0 87 713 3 167 0 0 70 23 0 1 0 0 82 74 2 175 2 75 96 35 0 1 2 175 69 24 2 75 3 2667 62 33 0 1 1 35 62 54 0 1 1 35 51 35 3 333 3 3667 67
4/4 33 0 1 0 0 67 54 0 1 0 0 58 35 3 10333 0 0 70 73 3 1333 3 333 62 34 2 75 0 1 84 74 0 2 2 175 57 22 1 15 1 25 57 44 1 15 1 25 74 73 2 75 2 325 80
4/4 23 2 75 0 0 49 22 2 75 0 0 57 44 3 833 0 0 82 74 0 1 2 75 56 222 3 2333 1 15 55 34 2 175 3 1667 78 73 2 25 3 2333 57 223 0 1 0 3 61 34 2 25 2 375 74
4/4 34 1 15 0 0 77 12 2 225 1 5 70 74 0 1 1 5 64 63 2 75 2 125 80 34 0 1 0 2 56 64 0 1 0 2 92 13 3 667 0 2 73 63 2 25 3 2667 78 65 0 1 3 3333 71 45 0 1 3 3333 83 73 0 1 1 35 61 72 0 1 1 35 66
4/4 65 0 1 0 0 83 45 0 1 0 0 80 73 0 1 0 0 66 72 0 1 0 0 80 35 0 1 2 25 94 55 0 1 2 25 89 525 0 1 0 1 88 24 0 1 0 1 86 35 0 1 2 175 73 55 0 1 2 175 100 612 0 1 3 2333 66 613 0 1 3 2333 57 35 3 1667 3 2333 59 55 0 1 1 25 86 15 0 1 1 25 90 36 2 125 2 275 74
4/4 612 0 1 0 0 51 613 0 1 0 0 46 35 3 583 0 0 62 55 0 1 0 0 84 15 0 1 0 0 84 36 3 83 0 0 69 35 0 1 2 175 72 55 0 1 2 175 61 14 0 1 1 25 58 35 0 1 1 25 63 62 1 15 1 25 65 55 2 125 2 275 81 33 1 5 1 35 85
4/4 62 0 1 0 0 49 55 3 83 0 0 88 33 2 25 0 0 80 63 3 1667 2 25 56 64 0 1 1 15 41 74 0 1 1 15 59 24 0 1 1 15 51 45 1 15 2 175 75 72 2 225 2 175 64 43 3 667 3 2667 68 73 3 667 3 3333 54
4/4 43 2 25 0 0 45 74 3 2667 1 5 62 35 0 1 3 667 37 45 0 1 3 667 61 52 0 1 2 75 66 75 2 125 0 1 64 53 3 333 2 175 66 73 3 1333 1 25 75 34 1 5 2 325 96
4/4 35 0 1 0 0 81 54 0 1 0 0 69 74 0 1 0 0 69 34 3 667 3 667 89 74 0 1 3 1333 93 54 0 1 3 1333 75 35 0 1 3 1333 87 73 0 1 3 1333 76 54 0 1 3 1333 62 53 3 333 0 2 69 74 3 1667 3 2333 74 24 0 1 1 25 58 35 0 1 1 25 60 55 0 1 1 25 73 12 3 1333 3 2667 83 53 1 5 1 35 76
4/4 74 3 83 0 0 65 12 3 1667 0 0 85 53 2 25 0 0 76 13 3 667 2 25 74 23 0 1 2 75 87 34 2 75 1 15 61 23 2 75 2 225 63 13 3 333 0 3 58
4/4 53 3 667 0 0 37 74 2 375 2 25 60 24 1 35 1 5 50 45 2 175 1 5 62 52 3 1333 1 5 47 75 2 325 3 667 81 22 2 75 3 1333 70 53 2 75 0 2 89 613 3 667 3 2667 86 73 3 667 3 3333 110
4/4 74 3 917 0 0 66 73 3 83 0 0 94 23 2 75 2 25 103 44 2 25 0 1 79 23 2 25 3 1667 65 64 0 1 0 2 66 14 0 1 0 2 55 35 0 1 0 2 61 62 0 1 3 2333 74 55 1 5 3 2333 87 33 1 5 0 3 65 63 2 25 2 375 67
4/4 63 2 25 0 0 83 13 2 25 1 5 87 45 0 1 2 125 101 73 0 1 2 125 92 24 0 1 2 125 93 64 0 1 2 125 78 74 0 1 2 125 85 72 1 15 2 125 96 14 0 1 2 275 95 15 0 1 2 275 94 73 0 1 2 275 103 72 0 1 3 3667 99 25 0 1 3 3667 101 24 0 1 3 3667 74
4/4 12 1 25 1 5 85 36 0 1 1 5 82 35 0 1 1 5 78 15 0 1 1 5 72 55 0 1 1 5 90 53 3 667 3 1333 90 36 0 1 3 1333 77 35 0 1 3 1333 80 55 0 1 3 1333 78 15 0 1 3 1333 74 13 3 667 0 2 79 46 0 1 2 225 88 45 0 1 2 225 89 53 3 667 2 275 84 36 0 1 0 3 99 35 0 1 0 3 101 24 0 1 3 3667 95 25 0 1 3 3667 86 75 0 1 3 3667 83 55 0 1 3 3667 62 72 3 333 3 3667 84
4/4 24 0 1 0 0 79 25 0 1 0 0 80 75 0 1 0 0 81 55 0 1 0 0 63 72 3 1917 0 0 77 53 3 667 3 333 86 55 0 1 0 1 98 54 0 1 0 1 89 73 0 1 0 1 73 53 0 1 2 175 91 75 0 1 2 175 101 74 0 1 2 175 88 65 0 1 3 2667 73 35 0 1 3 2667 84 15 0 1 3 2667 90 14 0 1 3 2667 82 62 3 1333 3 2667 95 35 0 1 3 3333 72 15 0 1 3 3333 87 65 0 1 3 3333 74 14 0 1 3 3333 100 33 3 667 3 3333 88
4/4 75 0 1 0 0 90 74 0 1 0 0 93 35 0 1 0 0 75 65 0 1 0 0 63 62 3 917 0 0 80 63 0 1 2 25 67 74 0 1 2 25 89 33 0 1 2 75 77 65 0 1 2 75 103 64 0 1 2 75 77 52 0 1 1 15 80 35 0 1 1 15 74 75 1 15 1 15 98 45 2 125 1 15 92 74 1 25 1 15 91 33 3 667 3 2333 77 73 1 5 0 3 85 75 0 1 2 375 97 33 0 1 2 375 58
4/4 75 0 1 0 0 111 33 0 1 0 0 62 522 0 1 1 5 87 75 0 1 1 5 100 45 0 1 1 5 90 35 0 1 1 5 70 74 0 1 1 5 74 65 0 1 2 125 99 33 0 1 2 125 72 35 2 25 2 125 48 65 0 1 0 2 99 35 0 1 0 2 84 73 0 1 0 2 71 74 0 1 0 2 71 33 2 25 2 275 59 525 1 5 2 275 84 42 0 1 1 35 75 35 0 1 1 35 75 65 1 5 1 35 80
4/4 42 0 1 0 0 85 35 0 1 0 0 89 65 3 833 0 0 95 12 1 5 2 25 89 63 1 5 2 75 76 35 3 667 2 75 95 12 2 25 3 1667 67 65 3 667 3 1667 86 525 0 1 3 2333 82 24 0 1 3 2333 81 75 3 1667 3 2333 91 312 2 75 3 2333 99 313 2 75 2 325 110
4/4 24 0 1 0 0 96 313 2 75 0 0 92 715 1 5 3 667 101 312 2 25 3 667 102 65 0 1 3 1333 81 35 0 1 3 1333 84 75 0 1 3 1333 105 72 2 75 3 1333 95 43 3 667 2 225 100 65 0 1 2 275 91 15 0 1 2 275 103 14 0 1 2 275 102 73 0 1 2 275 73 25 0 1 3 3667 112 72 0 1 3 3667 91 24 0 1 3 3667 103
4/4 12 1 25 1 5 88 55 0 1 1 5 85 36 0 1 1 5 111 35 0 1 1 5 85 53 0 1 2 125 75 36 0 1 2 125 100 35 0 1 2 125 90 55 0 1 2 125 94 46 0 1 0 2 104 13 0 1 0 2 60 45 0 1 0 2 107 36 0 1 2 275 99 35 0 1 2 275 89 53 2 75 2 275 64 25 0 1 1 35 82 24 0 1 1 35 73 75 0 1 1 35 86 55 0 1 1 35 69 72 1 5 1 35 92
4/4 25 0 1 0 0 77 24 0 1 0 0 90 75 0 1 0 0 90 55 0 1 0 0 66 72 1 15 0 0 88 53 1 5 2 25 79 73 2 75 0 1 74 55 0 1 0 1 98 74 0 1 0 1 88 75 0 1 3 1667 113 24 0 1 3 1667 86 53 0 1 3 1667 80 35 0 1 1 25 80 14 0 1 1 25 91 65 0 1 1 25 74 15 0 1 1 25 94 62 1 15 1 25 92 65 0 1 2 325 77 15 0 1 2 325 109 33 2 75 2 325 73
4/4 75 0 1 0 0 112 74 0 1 0 0 83 63 0 1 0 0 74 35 0 1 0 0 86 62 1 5 0 0 77 33 0 1 3 667 86 65 0 1 3 667 109 35 0 1 3 667 89 64 0 1 3 667 99 52 2 75 3 1333 83 45 0 1 1 15 86 74 0 1 1 15 95 35 0 1 1 15 64 75 0 1 1 15 95 33 2 75 2 225 70 73 3 333 0 3 88 75 0 1 3 3667 109 74 0 1 3 3667 86 45 0 1 3 3667 86 35 0 1 3 3667 61 33 3 333 3 3667 65
4/4 33 3 417 0 0 58 522 3 1667 1 5 100 75 3 667 1 5 89 74 0 2 1 5 87 45 0 1 1 5 71 35 0 1 1 5 70 65 0 1 2 125 92 33 0 1 2 125 76 45 0 1 0 2 80 65 0 1 0 2 69 523 0 1 0 2 85 35 0 1 0 2 69 522 0 1 3 2667 82 525 0 1 3 2667 85 65 0 1 3 3333 87 45 0 1 3 3333 92 35 0 1 3 3333 80 42 3 667 3 3333 77
4/4 43 3 1333 0 0 106 65 0 1 0 0 90 45 0 1 0 0 74 35 0 1 0 0 75 42 3 1333 0 0 91 45 0 1 2 75 90 75 0 1 2 75 108 35 0 1 2 75 83 42 3 667 1 15 86 715 0 1 1 15 93 35 0 1 1 15 66 225 0 1 2 225 105 65 0 1 2 225 84 312 0 1 2 225 109 24 0 1 2 225 78 715 0 1 0 3 104 65 0 1 0 3 81 313 0 1 0 3 98 715 0 1 2 375 95 312 0 1 2 375 108 65 0 1 2 375 101 24 0 1 2 375 73
4/4 715 0 1 0 0 102 312 0 1 0 0 103 65 0 1 0 0 89 24 0 1 0 0 81 313 3 333 0 0 96 75 2 25 3 667 88 313 1 5 3 667 122 32 0 1 1 15 97 35 0 1 1 15 81 55 0 1 1 15 82 715 0 1 1 15 106 55 0 1 1 15 93 33 2 25 2 225 104 53 2 75 2 275 87 75 0 1 2 275 96 55 0 1 2 275 84 715 0 1 3 3333 97 65 0 1 3 3333 94 73 0 1 3 3667 86 75 0 1 3 3667 95 225 0 1 3 3667 109
4/4 35 0 1 2 25 59 75 0 1 2 25 90 715 0 1 2 25 96 62 0 1 3 333 93 715 0 1 3 333 83 36 3 3667 3 333 106 33 2 75 2 125 91 35 0 1 0 2 72 75 0 1 0 2 81 715 2 125 0 2 84 713 1 5 0 2 89 33 3 667 1 25 90 75 3 667 3 3333 109 522 3 667 3 3333 101
4/4 33 1 5 0 0 84 75 3 333 0 0 93 522 3 83 0 0 95 36 3 833 0 0 95 715 3 667 2 75 110 73 2 25 2 75 78 33 0 1 1 15 81 225 0 1 1 15 102 42 2 75 2 225 90 36 3 1667 3 2333 99 75 0 1 3 2333 106 43 2 75 0 3 84 63 2 25 2 375 110
4/4 63 1 5 0 0 105 36 3 583 0 0 91 65 2 25 1 5 102 713 2 75 1 5 75 34 2 75 2 125 91 64 0 1 0 2 71 36 0 1 0 2 96 34 2 25 3 2667 76 25 2 75 2 275 90 713 2 25 3 3333 73 36 1 5 1 35 94
4/4 46 0 4 0 0 102 25 1 35 0 0 98 715 2 225 2 25 86 65 2 125 2 25 100 72 2 75 2 25 82 63 3 667 2 75 80 713 3 1333 3 1667 85 23 2 75 2 225 83 44 0 1 0 3 79 75 2 25 2 375 86
4/4 46 1 5 0 0 91 75 3 1417 0 0 69 44 1 5 0 0 79 36 2 75 1 5 88 25 2 25 2 125 76 55 0 1 2 175 47 75 0 1 2 175 64 36 0 1 2 175 87 62 0 1 0 2 61 56 0 1 0 2 74 33 2 75 2 275 62 63 1 5 1 35 82
4/4 13 0 1 2 25 77 46 3 1333 2 25 81 55 0 1 2 25 83 23 2 75 0 1 75 13 3 1333 3 1667 83 75 0 1 1 25 83 76 0 1 1 25 74 46 0 1 1 25 77 54 0 1 1 25 59 72 2 25 2 375 68
4/4 65 0 1 0 0 85 25 0 1 0 0 68 56 0 2 0 0 95 72 2 75 0 0 87 43 3 667 2 75 70 13 2 75 3 1333 81 23 1 15 0 2 73 46 0 2 0 2 79 13 3 333 3 3667 65
4/4 65 0 1 0 0 93 25 0 1 0 0 83 13 3 917 0 0 57 46 1 25 0 0 70 54 2 25 3 333 60 32 3 1333 0 2 56 72 3 667 3 2667 73 33 3 333 3 3333 78
4/4 53 2 225 0 0 58 55 0 1 2 75 69 25 0 1 2 75 86 75 0 1 2 75 73 25 0 1 2 75 76 73 1 15 2 75 56 46 2 325 2 75 72 23 2 25 3 2333 65
4/4 12 2 125 0 0 66 55 0 1 0 0 59 25 0 1 0 0 79 75 0 1 0 0 70 25 0 1 0 0 71 46 1 25 0 0 70 53 3 667 3 667 66 13 2 25 3 1333 74 54 2 75 0 2 76 55 0 1 2 275 76 15 0 1 2 275 85 14 0 1 2 275 72 36 0 1 2 275 95 34 2 125 2 275 77
4/4 14 0 1 0 0 74 36 0 1 0 0 81 34 0 1 0 0 72 25 0 1 3 333 84 54 0 1 3 333 41 55 0 1 3 333 56 14 0 1 3 1667 44 35 0 1 3 1667 49 55 0 1 3 1667 71 62 3 1333 2 175 61 15 0 2 0 2 68 33 3 667 3 2667 76 63 3 667 3 3333 87
4/4 13 0 1 0 0 89 63 3 83 0 0 77 15 2 25 0 0 57 34 1 5 3 667 59 35 0 1 3 667 71 14 0 1 3 667 82 55 3 2667 3 667 89 64 2 75 1 15 83 13 0 1 2 225 57 14 0 1 2 225 78 35 2 75 0 3 73 72 3 333 3 3667 72 55 0 1 3 3667 68 74 0 1 3 3667 54 24 3 333 3 3667 63
4/4 72 0 1 0 0 67 55 0 1 0 0 80 74 0 1 0 0 73 24 3 1417 0 0 63 43 2 75 1 5 69 73 2 75 0 1 81 43 3 667 0 2 50 74 2 175 2 225 67 24 0 1 3 2333 60 45 0 1 3 2333 53 23 0 1 1 25 69 75 3 1333 1 25 94 43 2 75 2 325 67
4/4 73 3 333 0 0 67 43 2 25 0 0 78 74 1 5 0 0 52 74 0 1 3 1333 62 14 0 1 3 1333 53 24 0 1 2 175 33 45 0 1 2 175 68 32 1 15 2 175 60 72 2 75 2 275 48 33 1 5 1 35 67
4/4 74 0 1 0 0 52 14 0 1 0 0 51 24 0 1 0 0 46 45 0 1 0 0 67 33 3 167 0 0 49 53 2 175 3 333 76 73 2 75 1 15 63
4/4 32 0 2 0 2 61 75 0 1 3 2333 50 72 0 1 3 2333 69 15 2 125 2 275 60 25 0 1 0 3 62 56 1 5 1 35 61
4/4 32 0 1 0 0 54 75 0 1 0 0 50 72 0 1 0 0 71 15 2 75 0 0 52 25 1 5 0 0 64 56 2 75 0 0 68
