4/4
4/4
4/4
4/4
4/4 54 1 5 1 5 95 54 1 5 0 1 95 54 1 5 1 15 95 54 1 5 0 2 95 44 1 5 1 25 95 54 1 5 0 3 95 14 1 5 1 35 95
4/4 54 1 5 0 0 95 44 3 3333 1 5 95
4/4 44 1 5 1 5 95 44 1 5 0 1 95 44 1 5 1 15 95 44 1 5 0 2 95 34 1 5 1 25 95 44 1 5 0 3 95 74 1 5 1 35 95
4/4 44 1 5 0 0 95 34 1 5 1 5 95 23 1 5 0 1 95 34 3 1333 1 15 95 13 2 25 1 35 95 23 2 25 2 375 95
4/4 34 1 5 0 0 95 34 1 5 1 5 95 34 1 5 0 1 95 34 1 5 1 15 95 34 0 1 0 2 95 13 2 25 1 35 95 23 2 25 2 375 95
4/4 34 1 5 0 0 95 34 1 5 1 5 95 34 1 5 0 1 95 34 1 5 1 15 95 23 2 75 0 2 95 34 2 25 2 275 95 13 2 25 1 35 95 23 2 25 2 375 95
4/4 34 3 667 0 0 95 34 3 667 3 667 95 34 3 667 3 1333 95 34 3 667 0 2 95 74 3 667 3 2667 95 34 3 667 3 3333 95
4/4 44 2 175 0 0 95 54 0 1 0 2 95 64 0 1 0 3 95
4/4 74 1 5 0 0 95 74 1 5 1 5 95 74 1 5 0 1 95 74 1 5 1 15 95 74 1 5 0 2 95 64 1 5 1 25 95 54 1 5 0 3 95 44 1 5 1 35 95
4/4 44 1 5 0 0 95 54 1 5 1 5 95 34 2 175 0 1 95 54 1 5 0 3 95 64 1 5 1 35 95
4/4 74 1 5 0 0 95 74 1 5 1 5 95 74 1 5 0 1 95 74 1 5 1 15 95 74 1 5 0 2 95 64 1 5 1 25 95 54 1 5 0 3 95 44 1 5 1 35 95
4/4 44 1 5 0 0 95 54 2 225 1 5 95 34 1 5 0 3 95 44 1 5 1 35 95
4/4 54 1 15 0 0 95 13 1 5 1 15 95 34 0 2 0 2 95
4/4 34 2 175 0 0 95 14 1 5 0 3 95 24 1 5 1 35 95
4/4 35 1 5 0 0 95 35 1 5 1 5 95 45 1 5 0 1 95 35 1 5 1 15 95 24 0 1 0 2 95 54 1 5 0 3 95 74 1 5 1 35 95
4/4 14 1 5 0 0 95 14 1 5 1 5 95 74 1 5 0 1 95 64 1 5 1 15 95 74 2 175 0 2 95
4/4 74 1 5 0 0 95 64 1 5 1 5 95 64 1 5 0 1 95 524 1 5 1 15 95 64 0 1 0 2 95 34 1 5 0 3 95 64 1 5 1 35 95
4/4 74 1 15 0 0 95 714 1 5 1 15 95 74 0 1 0 2 95 14 1 5 0 3 95 24 1 5 1 35 95
4/4 35 1 5 0 0 95 35 1 5 1 5 95 45 1 5 0 1 95 35 1 5 1 15 95 24 0 1 0 2 95 54 1 5 0 3 95 74 1 5 1 35 95
4/4 14 1 5 0 0 95 14 1 5 1 5 95 74 1 5 0 1 95 64 1 5 1 15 95 74 2 175 0 2 95
4/4 74 1 5 0 0 95 64 1 5 1 5 95 64 1 5 0 1 95 524 1 5 1 15 95 64 0 1 0 2 95 74 1 5 0 3 95 714 1 5 1 35 95
4/4 224 1 5 0 0 95 714 1 5 1 5 95 714 1 5 0 1 95 74 1 5 1 15 95 714 0 1 0 2 95 74 3 333 0 3 95 714 3 333 3 3333 95 224 3 333 3 3667 95
4/4 35 2 275 0 0 95 14 1 5 0 3 95 24 1 5 1 35 95
4/4 35 2 225 0 0 95 35 1 5 1 25 95 24 1 5 0 3 95 35 1 5 1 35 95
4/4 45 2 175 0 0 95 74 1 5 1 25 95 35 1 5 0 3 95 24 1 5 1 35 95
4/4 35 2 375 0 0 95
4/4
4/4
4/4
4/4
4/4 54 1 5 1 5 95 54 1 5 0 1 95 54 1 5 1 15 95 54 1 5 0 2 95 44 1 5 1 25 95 54 1 5 0 3 95 14 1 5 1 35 95
4/4 54 1 5 0 0 95 44 3 3333 1 5 95
4/4 44 1 5 1 5 95 44 1 5 0 1 95 44 1 5 1 15 95 44 1 5 0 2 95 34 1 5 1 25 95 44 1 5 0 3 95 74 1 5 1 35 95
4/4 44 1 5 0 0 95 34 1 5 1 5 95 23 1 5 0 1 95 34 3 1333 1 15 95 13 2 25 1 35 95 23 2 25 2 375 95
4/4 34 1 5 0 0 95 34 1 5 1 5 95 34 1 5 0 1 95 34 1 5 1 15 95 34 0 1 0 2 95 13 2 25 1 35 95 23 2 25 2 375 95
4/4 34 1 5 0 0 95 34 1 5 1 5 95 34 1 5 0 1 95 34 1 5 1 15 95 23 2 75 0 2 95 34 2 25 2 275 95 13 2 25 1 35 95 23 2 25 2 375 95
4/4 34 3 667 0 0 95 34 3 667 3 667 95 34 3 667 3 1333 95 34 3 667 0 2 95 74 3 667 3 2667 95 34 3 667 3 3333 95
4/4 44 2 175 0 0 95 54 0 1 0 2 95 64 0 1 0 3 95
4/4 74 1 5 0 0 95 74 1 5 1 5 95 74 1 5 0 1 95 74 1 5 1 15 95 74 1 5 0 2 95 64 1 5 1 25 95 54 1 5 0 3 95 44 1 5 1 35 95
4/4 44 1 5 0 0 95 54 1 5 1 5 95 34 2 175 0 1 95 54 1 5 0 3 95 64 1 5 1 35 95
4/4 74 1 5 0 0 95 74 1 5 1 5 95 74 1 5 0 1 95 74 1 5 1 15 95 74 1 5 0 2 95 64 1 5 1 25 95 54 1 5 0 3 95 44 1 5 1 35 95
4/4 44 1 5 0 0 95 54 2 225 1 5 95 34 1 5 0 3 95 44 1 5 1 35 95
4/4 54 1 15 0 0 95 13 1 5 1 15 95 34 0 2 0 2 95
4/4 34 2 175 0 0 95 14 1 5 0 3 95 24 1 5 1 35 95
4/4 35 1 5 0 0 95 35 1 5 1 5 95 45 1 5 0 1 95 35 1 5 1 15 95 24 0 1 0 2 95 54 1 5 0 3 95 74 1 5 1 35 95
4/4 14 1 5 0 0 95 14 1 5 1 5 95 74 1 5 0 1 95 64 1 5 1 15 95 74 2 175 0 2 95
4/4 74 1 5 0 0 95 64 1 5 1 5 95 64 1 5 0 1 95 524 1 5 1 15 95 64 0 1 0 2 95 34 1 5 0 3 95 64 1 5 1 35 95
4/4 74 1 15 0 0 95 714 1 5 1 15 95 74 0 1 0 2 95 14 1 5 0 3 95 24 1 5 1 35 95
4/4 35 1 5 0 0 95 35 1 5 1 5 95 45 1 5 0 1 95 35 1 5 1 15 95 24 0 1 0 2 95 54 1 5 0 3 95 74 1 5 1 35 95
4/4 14 1 5 0 0 95 14 1 5 1 5 95 74 1 5 0 1 95 64 1 5 1 15 95 74 2 175 0 2 95
4/4 74 1 5 0 0 95 64 1 5 1 5 95 64 1 5 0 1 95 524 1 5 1 15 95 64 0 1 0 2 95 74 1 5 0 3 95 714 1 5 1 35 95
4/4 224 1 5 0 0 95 714 1 5 1 5 95 714 1 5 0 1 95 74 1 5 1 15 95 714 0 1 0 2 95 74 3 333 0 3 95 714 3 333 3 3333 95 224 3 333 3 3667 95
4/4 35 2 275 0 0 95 14 1 5 0 3 95 24 1 5 1 35 95
4/4 35 2 225 0 0 95 35 1 5 1 25 95 24 1 5 0 3 95 35 1 5 1 35 95
4/4 45 2 175 0 0 95 74 1 5 1 25 95 35 1 5 0 3 95 24 1 5 1 35 95
4/4 35 2 375 0 0 95
4/4
4/4
4/4
4/4
4/4
4/4
4/4 14 1 5 0 3 95 24 1 5 1 35 95
4/4 35 1 5 0 0 95 35 1 5 1 5 95 45 1 5 0 1 95 35 1 5 1 15 95 24 0 1 0 2 95 54 1 5 0 3 95 74 1 5 1 35 95
4/4 14 1 5 0 0 95 14 1 5 1 5 95 74 1 5 0 1 95 64 1 5 1 15 95 74 2 175 0 2 95
4/4 74 1 5 0 0 95 64 1 5 1 5 95 64 1 5 0 1 95 524 1 5 1 15 95 64 0 1 0 2 95 34 1 5 0 3 95 64 1 5 1 35 95
4/4 74 1 15 0 0 95 714 1 5 1 15 95 74 0 1 0 2 95 14 1 5 0 3 95 24 1 5 1 35 95
4/4 35 1 5 0 0 95 35 1 5 1 5 95 45 1 5 0 1 95 35 1 5 1 15 95 24 0 1 0 2 95 54 1 5 0 3 95 74 1 5 1 35 95
4/4 14 1 5 0 0 95 14 1 5 1 5 95 74 1 5 0 1 95 64 1 5 1 15 95 74 2 175 0 2 95
4/4 74 1 5 0 0 95 64 1 5 1 5 95 64 1 5 0 1 95 524 1 5 1 15 95 64 0 1 0 2 95 74 1 5 0 3 95 714 1 5 1 35 95
4/4 224 1 5 0 0 95 714 1 5 1 5 95 714 1 5 0 1 95 74 1 5 1 15 95 714 0 1 0 2 95 74 3 333 0 3 95 714 3 333 3 3333 95 224 3 333 3 3667 95
4/4 35 2 275 0 0 95 14 1 5 0 3 95 24 1 5 1 35 95
4/4 35 2 225 0 0 95 35 1 5 1 25 95 24 1 5 0 3 95 35 1 5 1 35 95
4/4 45 2 175 0 0 95 74 1 5 1 25 95 35 1 5 0 3 95 24 1 5 1 35 95
4/4 35 2 125 0 0 95 54 1 5 1 15 95 54 1 5 0 2 95 44 1 5 1 25 95 54 1 5 0 3 95 14 1 5 1 35 95
4/4 54 1 5 0 0 95 44 1 5 1 5 95 44 2 275 0 1 95
4/4 54 1 5 0 0 95 44 3 3333 1 5 95
4/4 44 1 5 1 5 95 44 1 5 0 1 95 44 1 5 1 15 95 44 1 5 0 2 95 34 1 5 1 25 95 44 1 5 0 3 95 74 1 5 1 35 95
4/4 44 1 5 0 0 95 34 1 5 1 5 95 23 1 5 0 1 95 34 3 1333 1 15 95 13 2 25 1 35 95 23 2 25 2 375 95
4/4 34 1 5 0 0 95 34 1 5 1 5 95 34 1 5 0 1 95 34 1 5 1 15 95 34 3 667 0 2 95 23 3 667 3 2667 95 13 3 667 3 3333 95
4/4 13 0 1 0 0 95 73 2 175 0 1 95 13 2 75 0 3 95 34 2 25 2 375 95
4/4 13 0 1 0 0 95 73 2 275 0 1 95
