3/4 71 1 5 0 0 63 42 1 5 1 5 64 72 1 5 0 1 54 22 1 5 1 15 74 72 1 5 0 2 69 42 1 5 1 25 58
3/4 71 1 5 0 0 68 42 1 5 1 5 57 72 1 5 0 1 70 22 1 5 1 15 56 72 1 5 0 2 69 42 1 5 1 25 72
3/4 73 0 1 0 0 66 71 1 5 0 0 73 42 1 5 1 5 69 44 1 15 0 1 55 72 1 5 0 1 65 22 1 5 1 15 55 72 1 5 0 2 71 73 0 1 1 25 56 41 0 1 1 25 56
3/4 613 0 1 0 0 70 21 1 5 0 0 54 612 1 5 1 5 68 44 1 15 0 1 71 22 1 5 0 1 64 43 1 5 1 15 74 22 1 5 0 2 62 44 0 1 1 25 55 611 0 1 1 25 70
3/4 54 0 1 0 0 65 32 1 5 0 0 60 72 1 5 1 5 70 44 0 1 0 1 74 33 1 5 0 1 70 53 1 5 1 15 59 34 0 1 0 2 59 33 1 5 0 2 57 72 1 5 1 25 55
3/4 44 0 2 0 0 73 21 1 5 0 0 61 72 1 5 1 5 69 43 1 5 0 1 63 72 1 5 1 15 69 54 0 1 0 2 62 52 0 1 0 2 57 614 0 1 1 25 59 71 0 1 1 25 67
3/4 74 0 1 0 0 62 32 1 5 0 0 62 72 1 5 1 5 69 614 0 1 0 1 65 43 1 5 0 1 56 72 1 5 1 15 63 54 0 1 0 2 62 33 1 5 0 2 58 72 1 5 1 25 67
3/4 44 0 1 0 0 67 21 1 5 0 0 73 72 1 5 1 5 69 74 0 1 0 1 71 43 1 5 0 1 56 72 1 5 1 15 56 73 0 1 0 2 59 42 0 1 0 2 68 13 0 1 1 25 71 611 0 1 1 25 55
3/4 23 1 15 0 0 71 52 1 5 0 0 73 72 1 5 1 5 59 53 0 1 0 1 56 72 0 1 0 1 73 54 0 1 1 15 60 71 0 1 1 15 55 23 0 1 0 2 68 53 0 1 0 2 74 72 0 1 0 2 70 73 0 1 1 25 71 71 0 1 1 25 57
3/4 13 0 3 0 0 57 42 1 5 0 0 65 12 1 5 1 5 70 43 0 1 0 1 66 72 0 1 0 1 63 12 1 5 1 15 70 43 0 1 0 2 70 612 0 1 0 2 58
3/4 73 0 1 0 0 63 71 1 5 0 0 70 42 1 5 1 5 54 44 1 15 0 1 68 72 1 5 0 1 61 22 1 5 1 15 72 72 1 5 0 2 71 73 0 1 1 25 65 41 0 1 1 25 61
3/4 613 0 1 0 0 62 21 1 5 0 0 59 612 1 5 1 5 59 44 1 15 0 1 56 22 1 5 0 1 70 43 1 5 1 15 54 22 1 5 0 2 70 44 0 1 1 25 72 611 0 1 1 25 67
3/4 54 0 1 0 0 60 32 1 5 0 0 61 72 1 5 1 5 68 44 0 1 0 1 70 33 1 5 0 1 68 53 1 5 1 15 73 34 0 1 0 2 72 33 1 5 0 2 59 72 1 5 1 25 54
3/4 44 0 2 0 0 72 21 1 5 0 0 67 72 1 5 1 5 63 43 1 5 0 1 64 72 1 5 1 15 64 54 0 1 0 2 73 52 0 1 0 2 58 614 0 1 1 25 74 71 0 1 1 25 67
3/4 74 0 1 0 0 59 32 1 5 0 0 55 72 1 5 1 5 67 614 0 1 0 1 66 43 1 5 0 1 55 72 1 5 1 15 55 54 0 1 0 2 68 33 1 5 0 2 59 72 1 5 1 25 63
3/4 44 0 1 0 0 73 21 1 5 0 0 73 72 1 5 1 5 67 74 0 1 0 1 54 43 1 5 0 1 71 72 1 5 1 15 59 24 0 1 0 2 61 22 1 5 0 2 63 72 1 5 1 25 62
3/4 35 0 1 0 0 61 52 1 5 0 0 74 72 1 5 1 5 58 54 0 1 0 1 74 52 0 1 0 1 74 614 0 1 1 15 60 42 0 1 1 15 55 24 0 1 0 2 69 32 0 1 0 2 64 14 0 1 1 25 60 11 0 1 1 25 62
3/4 74 1 15 0 0 60 71 1 5 0 0 64 42 1 5 1 5 74 72 1 5 0 1 61 43 0 1 1 15 57 21 0 1 1 15 73 73 0 1 0 2 73 71 0 1 0 2 60 23 0 1 1 25 69 71 0 1 1 25 71
3/4 13 0 1 0 0 73 42 1 5 0 0 66 12 1 5 1 5 69 13 1 15 0 1 72 43 1 5 0 1 66 12 1 5 1 15 64 43 1 5 0 2 73 43 0 1 1 25 58 11 0 1 1 25 68
3/4 43 0 1 0 0 74 73 0 1 0 0 62 22 0 1 0 0 68 71 1 5 0 0 59 42 1 5 1 5 56 22 1 5 0 1 61 42 1 5 1 15 59 72 1 5 0 2 70 23 0 1 1 25 67 41 0 1 1 25 63
3/4 53 0 1 0 0 62 73 0 1 0 0 64 33 0 1 0 0 68 32 1 5 0 0 56 72 1 5 1 5 70 53 0 1 0 1 71 73 0 1 0 1 66 33 0 1 0 1 56 33 1 5 0 1 65 72 1 5 1 15 61 23 0 1 0 2 74 32 0 1 0 2 70 34 0 1 1 25 64 71 0 1 1 25 69
3/4 43 0 1 0 0 65 73 0 1 0 0 60 23 0 1 0 0 57 43 0 1 0 0 61 71 1 5 0 0 63 42 1 5 1 5 72 72 1 5 0 1 67 22 1 5 1 15 58 72 1 5 0 2 63 44 0 1 1 25 58 41 0 1 1 25 71
3/4 53 0 1 0 0 62 223 0 1 0 0 57 44 0 1 0 0 71 611 0 1 0 0 67 314 0 1 1 5 74 311 0 1 1 5 69 314 0 1 0 1 66 222 1 5 0 1 56 312 1 5 1 15 60 44 0 1 0 2 67 221 0 1 0 2 59 54 0 1 1 25 65 311 0 1 1 25 67
3/4 53 0 1 0 0 54 23 0 1 0 0 73 53 0 1 0 0 64 21 1 5 0 0 59 612 1 5 1 5 56 44 0 1 0 1 58 43 1 5 0 1 57 612 1 5 1 15 70 44 0 1 0 2 73 42 0 1 0 2 64 54 0 1 1 25 72 611 0 1 1 25 64 63 0 1 2 275 65 23 0 1 2 275 62 44 0 1 2 275 61 63 0 1 2 275 61
3/4 21 1 5 0 0 55 63 0 1 0 0 73 23 0 1 0 0 72 44 0 1 0 0 71 63 0 1 0 0 60 62 1 5 1 5 54 54 0 1 0 1 60 43 1 5 0 1 69 62 1 5 1 15 73 44 0 1 0 2 67 22 1 5 0 2 62 62 1 5 1 25 73 53 0 1 2 275 66 13 0 1 2 275 59 33 0 1 2 275 69
3/4 52 1 5 0 0 70 53 0 1 0 0 67 13 0 1 0 0 72 33 0 1 0 0 62 12 1 5 1 5 63 23 0 1 0 1 72 33 1 5 0 1 73 53 1 5 1 15 62 34 0 1 0 2 72 32 0 1 0 2 57 44 0 1 1 25 67 11 0 1 1 25 69 73 0 1 2 275 60 34 0 1 2 275 67 53 0 1 2 275 62
3/4 11 1 5 0 0 55 73 0 1 0 0 62 34 0 1 0 0 72 53 0 1 0 0 67 52 1 5 1 5 54 44 0 1 0 1 71 33 1 5 0 1 63 52 1 5 1 15 54 34 0 1 0 2 55 12 1 5 0 2 58 52 1 5 1 25 55
3/4 43 0 1 0 0 61 613 0 1 0 0 55 22 0 1 0 0 70 42 1 5 0 0 65 12 1 5 1 5 65 223 0 1 0 1 60 53 1 5 0 1 58 12 1 5 1 15 65 13 0 1 0 2 74 43 1 5 0 2 60 12 1 5 1 25 74
3/4 73 0 1 0 0 67 71 1 5 0 0 61 42 1 5 1 5 57 44 1 15 0 1 69 72 1 5 0 1 67 22 1 5 1 15 65 72 1 5 0 2 56 73 0 1 1 25 72 41 0 1 1 25 72
3/4 613 0 1 0 0 70 21 1 5 0 0 61 612 1 5 1 5 71 44 1 15 0 1 65 22 1 5 0 1 56 43 1 5 1 15 58 22 1 5 0 2 58 44 0 1 1 25 66 611 0 1 1 25 67
3/4 54 0 1 0 0 64 32 1 5 0 0 61 72 1 5 1 5 59 44 0 1 0 1 59 33 1 5 0 1 65 53 1 5 1 15 69 34 0 1 0 2 55 33 1 5 0 2 54 72 1 5 1 25 70
3/4 44 0 2 0 0 73 21 1 5 0 0 66 72 1 5 1 5 68 43 1 5 0 1 61 72 1 5 1 15 57 54 0 1 0 2 69 52 0 1 0 2 63 614 0 1 1 25 69 71 0 1 1 25 62 34 0 1 2 275 72 54 0 1 2 275 65 73 0 1 2 275 74
3/4 32 1 5 0 0 71 34 0 1 0 0 61 54 0 1 0 0 64 73 0 1 0 0 61 72 1 5 1 5 56 74 0 1 0 1 74 43 1 5 0 1 62 72 1 5 1 15 67 614 0 1 0 2 61 52 0 1 0 2 67 14 0 1 1 25 74 71 0 1 1 25 72 23 0 1 2 275 68 44 0 1 2 275 60 73 0 1 2 275 68
3/4 21 1 5 0 0 69 23 0 1 0 0 63 44 0 1 0 0 59 73 0 1 0 0 72 72 1 5 1 5 68 74 0 1 0 1 56 43 1 5 0 1 67 72 1 5 1 15 73 14 0 1 0 2 54 53 1 5 0 2 71 72 1 5 1 25 65 34 0 1 2 275 68 54 0 1 2 275 74 74 0 1 2 275 65 23 0 1 2 275 67
3/4 11 1 5 0 0 61 34 0 1 0 0 69 54 0 1 0 0 74 74 0 1 0 0 55 23 0 1 0 0 54 52 1 5 1 5 73 35 0 1 0 1 55 12 1 5 0 1 59 33 1 5 1 15 57 24 0 1 0 2 61 11 0 1 0 2 73 14 0 1 1 25 68 51 0 1 1 25 55 23 0 1 2 275 74 44 0 1 2 275 70 73 0 1 2 275 64
3/4 71 1 5 0 0 72 23 0 1 0 0 57 44 0 1 0 0 59 73 0 1 0 0 72 42 1 5 1 5 70 72 1 5 0 1 62 22 1 5 1 15 64 72 1 5 0 2 63 42 1 5 1 25 58 71 0 1 2 275 63 42 0 1 2 275 57 72 0 1 2 275 65 21 0 1 2 275 54
3/4 71 0 1 0 0 74 42 0 1 0 0 74 72 0 1 0 0 65 21 0 1 0 0 58
3/4 71 0 1 0 0 63 42 0 1 0 0 69 72 0 1 0 0 68 21 0 1 0 0 60
