4/4
4/4 15 0 1 2 325 65 25 0 1 2 325 58 64 0 1 2 325 65 56 1 5 1 35 77
4/4 15 0 1 0 0 65 25 0 1 0 0 58 64 0 1 0 0 65 56 2 175 0 0 77 35 2 375 2 25 70 65 0 3 0 1 73 46 3 2333 3 1667 70
4/4 76 0 1 0 0 76 35 3 583 0 0 70 65 1 15 0 0 73 46 3 167 0 0 70 15 0 1 2 125 57 25 0 1 2 125 69 74 3 2667 3 1333 71 56 2 225 1 15 90 45 0 2 0 2 86 75 2 125 2 275 78 46 1 5 1 35 76
4/4 15 0 1 0 0 57 25 0 1 0 0 69 74 3 333 0 0 71 45 1 5 0 0 86 46 2 75 0 0 76 55 0 1 0 3 56 75 0 1 0 3 61 25 2 75 2 325 65 34 2 75 2 325 63 46 3 667 3 3333 70
4/4 74 2 325 0 0 78 55 0 1 0 0 56 75 0 1 0 0 61 25 3 1583 0 0 65 34 0 3 0 0 63 46 3 1083 0 0 70 35 0 2 3 667 87 36 0 1 3 1333 89 76 2 75 2 325 81
4/4 76 2 25 0 0 81 75 3 2333 3 333 52 25 1 15 1 5 58 13 2 75 3 667 56 46 0 2 3 667 81 54 3 667 3 1333 81 24 2 75 0 2 78 35 0 1 2 275 57 15 0 1 2 275 72 36 0 1 2 275 70
4/4 15 0 1 0 0 72 36 0 1 0 0 70 25 2 175 2 75 59 63 2 125 3 2333 65 15 3 1667 3 2333 58 34 0 1 2 325 53 55 0 1 2 325 67 55 0 1 2 375 83 64 0 1 2 375 67
4/4 55 0 1 0 0 83 64 0 1 0 0 67 14 3 667 1 5 68 55 3 333 1 5 83 55 0 1 2 125 92 24 0 1 2 125 56 45 0 1 2 175 75 14 0 1 2 175 63 55 2 75 1 25 85 15 2 75 2 325 81
4/4 24 0 1 0 0 62 14 0 1 0 0 64 55 2 75 0 0 75 73 0 4 0 0 67 44 3 3333 3 667 61 45 2 25 3 667 71 45 0 3 0 1 62 64 3 2667 3 1333 66 24 2 125 0 2 63
4/4 14 2 75 0 0 55 73 3 333 0 0 67 44 3 167 0 0 61 64 3 83 0 0 66 74 0 1 1 15 60 24 0 1 1 15 58 33 2 125 1 15 56 73 1 5 2 225 70 45 2 25 2 225 74 34 3 667 0 3 76 45 3 333 0 3 95 54 3 333 3 3667 78 14 3 333 3 3667 84 45 3 333 3 3667 92
4/4 54 3 1917 0 0 78 14 3 2333 0 0 84 45 2 75 2 25 90 35 2 75 0 1 88 74 2 25 1 15 57 45 2 75 1 15 91 75 2 75 2 225 85 24 0 1 0 3 60 13 0 1 0 3 66 45 2 75 0 3 72 54 0 1 0 3 56 35 3 333 3 3667 71
4/4 13 0 4 0 0 66 54 3 3667 0 0 56 35 3 417 0 0 71 24 3 667 3 333 69 35 0 3 0 1 64 14 0 2 2 125 57
4/4 14 0 1 1 5 74 24 1 5 0 1 78 43 3 2667 3 1333 61 35 1 5 3 1333 65 64 0 1 1 15 50 74 0 1 1 15 51 35 3 333 0 2 81 13 0 2 0 2 66 44 2 125 2 275 69 35 3 333 2 275 78 35 3 333 1 35 86
4/4 64 0 1 0 0 50 74 0 1 0 0 51 44 1 35 0 0 69 43 3 2667 0 0 61 13 0 1 0 0 66 35 3 333 2 25 73 35 3 1667 0 1 60 14 3 333 3 2667 62 24 3 333 0 3 73 74 0 1 2 325 59 53 0 1 2 325 70 35 1 5 3 3333 81
4/4 23 0 4 0 0 71 35 3 333 0 0 85 74 0 1 0 0 59 53 0 1 0 0 70 54 0 1 3 667 61 44 0 1 3 667 58 35 3 333 3 667 71 35 2 25 1 15 71 24 2 25 0 2 69 35 0 1 0 3 77
4/4 23 3 667 0 0 71 54 0 1 0 0 61 44 0 1 0 0 58 35 3 667 0 0 77 14 3 333 3 667 73 24 1 5 0 1 72 63 0 1 3 1333 69 74 0 1 3 1333 70 35 1 5 3 1333 78 35 0 1 0 2 87 34 0 1 0 2 55 74 3 667 2 275 70 35 3 333 2 275 80 35 1 5 1 35 81 14 1 5 1 35 66
4/4 14 0 2 0 0 66 35 2 125 2 25 86 75 2 175 0 1 70 35 3 1667 3 2333 69 14 0 1 0 3 56 45 0 1 0 3 64 73 0 1 0 3 58 44 2 25 2 375 66
4/4 35 3 1083 0 0 69 14 0 1 0 0 56 45 0 1 0 0 64 73 0 1 0 0 58 44 2 275 0 0 66 64 2 325 1 5 60 35 0 1 0 2 33 14 0 1 0 2 66 55 0 1 0 2 72 14 0 1 3 3333 62 35 0 1 3 3333 68 73 0 1 3 3333 68 65 1 5 1 35 84
4/4 65 1 5 0 0 84 14 1 25 3 667 61 35 0 2 2 75 56 45 0 1 0 1 67 63 0 1 0 1 65 75 1 5 0 1 78 34 0 1 2 175 61 75 0 1 2 175 82 64 3 667 3 2667 82 75 1 5 2 325 99 714 2 25 2 375 51
4/4 53 2 175 0 0 70 45 3 1333 0 0 67 75 2 75 0 0 83 714 0 2 0 0 51 23 0 1 2 75 77 65 0 1 2 75 94 54 2 125 1 15 88 55 2 75 1 15 83 45 2 25 2 225 95 45 2 75 0 3 81 13 0 1 0 3 63 74 0 1 0 3 73 54 3 333 3 3667 68 55 3 333 3 3667 73
4/4 35 0 2 0 0 72 13 2 125 0 0 63 54 3 417 0 0 68 55 3 167 0 0 73 14 3 333 3 333 70 73 1 15 0 2 43 224 0 1 0 2 80 64 0 1 0 2 65 14 2 25 3 2667 79 74 0 1 2 325 37 224 0 1 2 325 67 55 0 1 2 325 83 34 3 667 3 3333 70
4/4 34 3 833 0 0 70 65 2 25 2 25 82 14 3 2667 2 75 21 35 0 1 2 75 48 45 0 1 2 75 77 63 0 1 2 75 74 75 1 5 0 1 80 34 2 75 2 175 62 75 3 333 2 175 76 64 0 1 1 25 84 75 0 1 1 25 83 75 2 25 2 325 101 53 0 1 2 375 64 45 0 1 2 375 58
4/4 714 1 25 0 0 68 75 3 667 0 0 87 53 0 1 0 0 64 45 0 1 0 0 58 23 0 1 3 667 70 65 0 1 3 667 86 54 0 1 3 1333 73 55 3 667 3 1333 77 45 2 25 0 2 73 45 2 125 2 275 81 13 2 125 2 275 72 74 2 75 2 275 73 35 2 125 2 275 70 55 0 1 1 35 78 54 0 1 1 35 66
4/4 45 3 83 0 0 81 13 2 325 0 0 72 55 0 1 0 0 78 54 0 1 0 0 66 35 2 75 0 0 70 14 3 1667 2 25 78 24 1 5 2 75 84 35 2 75 1 15 74 24 2 25 2 225 67 35 1 5 0 3 74 14 2 25 0 3 65 54 0 1 3 3667 71 45 0 1 3 3667 58
4/4 614 0 1 2 25 51 35 0 1 2 25 62 43 0 3 1 5 70 55 3 1667 1 5 80 13 0 2 2 125 64 44 2 75 2 175 63 14 3 667 1 25 65 614 3 1333 1 25 60 35 2 75 2 325 65
4/4 14 2 75 0 0 69 35 2 25 0 0 65 614 3 667 3 667 63 65 0 1 2 175 62 15 0 1 2 175 64 73 3 1333 0 2 55 36 0 2 0 2 62 56 2 175 2 225 82 44 3 667 0 3 60 64 3 333 3 3667 67
4/4 64 3 417 0 0 67 56 3 583 0 0 82 74 3 667 3 333 67 65 0 1 0 1 70 14 0 1 0 1 67 25 0 1 0 1 67 46 0 1 0 1 79 74 2 75 2 175 88 15 0 1 1 25 99 24 0 1 1 25 66 65 0 1 1 25 85 74 2 25 3 3333 78 25 1 5 3 3333 84
4/4 13 0 1 2 25 75 36 0 1 2 25 79 55 0 1 2 25 77 15 0 1 2 25 70 36 0 1 0 1 87 54 0 1 0 1 78 15 0 1 2 175 70 46 0 1 2 175 81 35 0 1 2 175 64 55 0 1 2 175 83 36 2 75 1 25 80 55 0 1 1 25 72 54 0 1 1 25 70 15 0 1 1 25 30 25 2 75 2 325 73 55 0 1 2 325 70 73 0 1 2 325 71
4/4 54 1 5 0 0 65 25 2 75 0 0 73 55 2 75 2 75 83 24 3 333 2 75 61 54 2 25 1 15 71 75 1 5 1 15 94 35 0 1 0 2 55 65 0 1 0 2 74 63 0 1 2 225 83 15 0 1 2 225 76 34 0 1 0 3 71 15 0 1 0 3 99 14 2 25 3 3667 61 75 0 1 3 3667 96 35 0 1 3 3667 82
4/4 75 0 1 0 0 96 35 0 1 0 0 82 65 0 1 3 333 99 34 0 1 3 333 57 53 3 667 0 1 65 35 0 1 2 125 65 45 0 1 2 125 70 75 1 15 2 125 75 34 0 2 0 2 57 74 3 333 3 2667 67 75 3 333 3 3333 69
4/4 523 0 1 0 0 61 75 0 1 0 0 73 45 0 1 0 0 66 35 0 1 0 0 59 34 2 125 2 75 68 65 1 5 2 75 84 74 2 25 1 15 72 65 0 1 1 15 88 35 0 1 1 15 74 45 0 1 1 15 70 525 2 75 3 2333 94 43 0 1 0 3 68 65 0 1 0 3 81 35 0 1 0 3 68 13 2 25 2 375 83
4/4 64 3 667 1 5 78 35 0 1 1 5 84 65 2 75 2 125 94 525 0 1 0 2 82 24 0 1 0 2 64 313 0 1 0 2 81 75 0 2 0 2 74 63 1 5 2 275 85 34 0 1 1 35 84 24 0 1 1 35 74 525 2 25 1 35 37
4/4 313 2 25 0 0 82 34 0 1 0 0 84 24 0 1 0 0 74 715 1 5 2 25 95 35 2 75 2 75 70 65 0 1 0 1 74 75 0 1 0 1 80 73 2 175 0 1 77 44 2 75 3 1667 78 15 0 1 3 2333 96 35 0 1 3 2333 83 74 0 1 3 2333 79 65 0 1 3 2333 90 73 0 1 2 325 83 35 0 1 2 325 89 25 0 1 2 325 94 65 0 1 2 325 84
4/4 13 2 175 0 0 81 36 0 1 0 0 100 35 0 1 0 0 78 55 0 1 0 0 84 54 3 667 2 75 71 36 0 1 0 1 90 55 0 1 0 1 82 46 0 1 3 1667 90 14 0 1 3 1667 64 55 0 1 3 1667 84 36 0 1 3 2333 85 54 0 1 3 2333 61 73 0 1 0 3 76 75 0 1 0 3 79 25 0 1 0 3 80 55 0 1 0 3 70 54 2 25 2 375 89
4/4 54 1 5 0 0 89 25 1 5 0 0 80 24 2 25 1 5 72 55 2 75 1 5 92 54 0 1 2 125 75 75 0 1 2 125 99 35 2 225 2 175 56 65 1 15 0 2 76 63 0 1 0 2 78 15 0 1 0 2 87 34 0 1 3 2667 67 15 0 1 3 2667 85 14 2 25 3 3333 58 75 3 667 3 3333 79
4/4 65 2 25 0 0 80 35 2 25 0 0 56 34 1 5 2 25 56 35 0 1 2 75 54 45 0 1 2 75 70 53 2 75 2 75 70 75 2 125 2 75 88 34 2 75 3 1667 68 74 3 667 3 2333 65 75 2 25 0 3 70 523 2 25 2 375 82 35 2 25 2 375 65 75 2 25 2 375 78 45 2 25 2 375 68
4/4 523 1 15 0 0 82 35 3 2417 0 0 65 75 1 5 0 0 78 45 3 1083 0 0 68 34 0 1 1 5 72 65 0 1 1 5 74 45 0 1 2 125 51 65 0 1 2 125 74 524 2 125 2 125 84 525 2 75 0 2 95 523 3 333 0 2 88 65 0 1 3 2667 82 35 0 1 3 2667 70 43 0 1 3 2667 85 45 0 1 3 2667 74 44 1 5 1 35 99
4/4 44 3 833 0 0 99 35 0 1 2 25 94 75 1 5 2 25 99 715 3 667 2 75 98 43 2 25 2 75 85 313 0 1 1 15 109 225 0 1 1 15 99 35 0 1 1 15 87 65 3 667 3 1667 83 314 3 1333 3 2333 104 715 0 1 1 25 94 65 0 1 1 25 59 715 0 1 0 3 99 65 0 1 0 3 84 35 2 75 0 3 83 313 0 1 2 375 97 75 0 1 2 375 95
4/4 33 1 15 1 5 99 715 0 1 3 667 99 55 0 1 3 667 84 35 0 1 3 667 77 34 2 175 3 1333 97 75 0 1 0 2 101 55 0 1 0 2 85 715 0 1 3 2667 90 65 0 1 3 2667 85 33 0 1 3 2667 89 225 0 1 0 3 101 75 0 1 0 3 94 525 0 1 1 35 71 715 0 1 1 35 91 63 1 5 1 35 90 36 3 333 3 3667 85
4/4 525 0 1 0 0 71 715 0 1 0 0 91 63 2 25 0 0 90 36 3 4167 0 0 85 34 3 667 3 333 73 715 0 1 0 1 76 525 0 1 0 1 80 714 1 5 0 1 62 34 2 75 2 175 72 75 0 1 1 25 66 523 0 1 1 25 77 525 1 15 1 25 66 34 1 5 2 325 73
4/4 715 0 1 0 0 97 74 0 1 0 0 79 525 3 833 0 0 66 225 2 75 3 667 95 34 3 333 3 667 70 43 2 75 3 1333 89 36 3 2667 3 1333 90 75 2 225 3 1333 98 44 1 5 2 225 88 64 2 125 2 275 88 714 1 5 1 35 68 65 1 5 1 35 85
4/4 64 0 1 0 0 88 714 0 1 0 0 68 36 3 667 0 0 90 65 1 15 0 0 85 36 0 1 0 1 73 35 0 1 0 1 46 714 0 1 2 175 69 25 0 1 2 175 84 525 2 125 0 2 77 36 1 5 3 2667 91 64 2 25 3 2667 66 65 0 1 0 3 57 715 0 1 0 3 62 25 0 1 0 3 65 73 3 667 3 3333 77 46 3 667 3 3333 85
4/4 64 2 75 0 0 72 46 3 833 0 0 85 65 0 1 0 0 57 715 0 1 0 0 62 25 0 1 0 0 65 714 3 333 2 75 53 24 1 15 1 15 69 45 2 75 2 225 66 75 2 75 0 3 69 36 3 333 3 3667 72
4/4 36 3 417 0 0 72 25 2 25 1 5 65 64 0 1 0 1 59 35 0 1 0 1 64 14 0 3 0 1 63 55 2 275 2 125 70 15 3 2667 3 1333 74 36 0 1 3 1333 70 56 2 75 2 225 71 46 0 1 0 3 90 56 1 5 1 35 99
4/4 64 0 1 0 0 59 35 0 1 0 0 64 14 1 15 0 0 63 55 3 1917 0 0 70 15 3 2333 0 0 74 46 1 5 0 0 90 56 2 25 0 0 99 16 2 75 2 25 83 56 2 75 0 1 67 46 2 75 2 175 69 56 1 5 1 25 66 54 0 1 2 325 65 45 0 1 2 325 64 35 0 1 2 325 65 74 0 1 2 325 68 15 2 75 2 325 68 56 2 25 2 375 76
4/4 54 0 1 0 0 65 45 0 1 0 0 64 35 0 1 0 0 65 74 0 1 0 0 68 15 2 425 0 0 68 56 3 417 0 0 76 46 2 75 3 667 80 56 2 75 3 1333 100 16 2 75 0 2 82 56 2 75 2 275 80 46 1 5 1 35 74
4/4 46 2 25 0 0 74 56 0 1 2 25 83 44 2 325 2 75 72 35 0 1 0 1 70 64 0 1 0 1 70 14 0 1 0 1 75 64 0 1 0 1 70 15 2 225 0 1 72 56 2 75 3 1667 91 46 2 75 3 2333 80 56 2 75 0 3 91 16 2 25 2 375 70
4/4 16 1 5 0 0 70 44 2 75 0 0 72 35 0 1 0 0 70 64 0 1 0 0 70 14 0 1 0 0 75 64 0 1 0 0 70 56 2 75 1 5 66 46 2 75 2 125 70 56 2 75 0 2 60 24 0 1 3 2667 58 74 0 1 3 2667 72 54 0 1 3 2667 56 45 0 1 3 2667 62 15 2 125 2 275 55 56 1 5 1 35 65
4/4 15 2 425 0 0 55 56 2 25 0 0 65 46 2 75 2 25 75 56 2 75 0 1 84 16 0 1 3 1667 86 56 2 75 1 25 71 46 2 75 2 325 52
4/4 56 3 333 2 25 60 15 0 1 3 667 60 36 0 1 3 667 61 56 1 5 0 1 56 63 0 1 0 1 63 16 0 1 0 1 60 34 3 667 0 2 54 56 3 333 0 2 63 64 2 75 3 2667 70 15 0 1 3 2667 66 56 0 1 3 2667 70 56 0 1 3 3333 90 15 0 1 3 3333 77 14 3 667 3 3333 73
4/4 24 0 1 0 0 78 56 0 1 0 0 91 15 3 2333 0 0 84 14 3 83 0 0 73 46 2 75 2 75 87 14 0 1 0 1 66 56 2 75 1 15 89 55 2 25 1 15 66 16 2 25 3 2333 83 15 0 1 0 3 65 25 0 1 0 3 60 73 0 1 0 3 68 56 3 667 2 325 78 46 2 25 2 375 78 44 2 25 2 375 66
4/4 15 1 15 0 0 65 25 3 667 0 0 60 73 2 25 0 0 68 44 3 417 0 0 66 46 3 2333 2 25 83 64 2 75 1 5 82 14 0 1 2 125 79 25 0 1 2 125 74 24 3 667 0 2 75 45 0 1 3 2667 65 15 0 1 3 2667 61 65 2 25 3 3333 56 25 1 5 1 35 60
4/4 25 2 25 0 0 60 46 2 125 2 25 48 33 2 125 2 75 61 75 0 1 0 1 58 25 0 1 0 1 70 73 2 75 1 15 81 46 3 333 1 15 81 34 0 1 2 225 78 46 0 1 2 225 90 46 0 1 0 3 96 15 0 1 0 3 83 54 0 1 0 3 88 15 3 333 3 3667 83 46 0 1 3 3667 95 74 0 1 3 3667 78
4/4 15 3 1667 0 0 83 54 2 25 0 0 88 46 0 1 0 0 95 74 0 1 0 0 78 36 0 1 2 25 95 24 0 1 2 25 74 46 0 1 0 1 92 45 0 1 0 1 74 76 1 5 2 175 77 46 0 1 1 25 80 25 0 1 1 25 57 13 2 125 1 25 78 36 0 1 0 3 82 54 0 1 0 3 73 14 2 25 2 375 73 25 2 25 2 375 80
4/4 14 2 25 0 0 73 25 1 5 0 0 80 35 2 175 1 5 74 15 1 5 1 5 78 36 2 325 1 5 74 55 2 75 2 125 88 15 3 667 0 2 68 55 3 667 3 2667 72 35 2 25 3 3333 65 15 1 5 3 3333 75 25 2 25 2 375 84
4/4 25 2 25 0 0 84 43 3 1333 2 25 77 65 0 1 2 25 59 75 0 1 2 25 56 36 1 5 3 333 70 36 0 1 0 1 88 13 0 1 0 1 70 44 0 1 3 1667 73 36 0 1 3 1667 92 64 3 1667 3 2333 79 36 3 333 3 2333 85 36 0 1 0 3 81 14 0 1 0 3 58 15 0 1 0 3 70 35 2 25 2 375 54
4/4 64 3 333 0 0 79 65 0 1 0 0 59 75 0 1 0 0 56 36 2 125 0 0 81 35 1 5 0 0 54 14 1 5 1 5 66 64 2 25 0 1 65 15 3 333 2 125 74 25 1 5 1 15 83 53 3 1333 0 2 71 36 3 667 0 2 78 75 0 2 0 2 73 23 2 75 3 2667 86 36 3 333 3 2667 85 44 0 1 3 3333 78 36 0 1 3 3333 92
4/4 54 0 3 0 0 84 36 3 667 0 0 89 75 1 25 0 0 73 74 2 175 3 667 76 25 2 75 2 75 69 35 0 1 3 1333 67 36 0 1 3 1333 56 55 2 25 2 225 55 35 0 1 2 275 70 15 0 1 2 275 76 25 1 5 0 3 81 36 1 5 1 35 80 63 1 5 1 35 80 75 1 5 1 35 74
4/4 63 1 5 0 0 80 75 1 35 0 0 74 34 0 1 2 25 72 36 2 25 2 25 89 74 0 1 2 75 66 36 0 1 2 75 84 36 0 1 1 15 86 714 0 1 1 15 64 525 0 1 2 225 70 36 0 1 2 225 70 65 1 5 0 3 56 76 0 1 0 3 73 35 1 5 1 35 78
4/4 35 3 167 0 0 78 76 3 333 0 0 73 714 2 25 3 333 69 66 3 667 3 333 94 526 1 5 1 5 93 73 1 25 0 1 85 46 2 275 0 1 91 44 2 75 2 175 92 74 3 1333 1 25 88 15 0 1 0 3 78 44 2 75 0 3 82 73 2 25 2 375 90 56 2 25 2 375 99 36 2 25 2 375 90
4/4 73 2 225 0 0 90 56 3 1417 0 0 99 15 2 75 0 0 78 36 0 1 0 0 90 66 2 125 1 15 103 36 3 333 1 15 75 15 2 75 1 15 83 15 0 1 2 275 65 46 0 1 2 275 74 63 0 1 2 275 72 36 0 1 0 3 65 46 0 1 0 3 74 63 0 1 0 3 72 76 1 5 2 325 90
4/4 34 0 1 0 0 62 76 0 1 0 0 78 15 0 1 0 0 65 46 0 1 0 0 74 63 0 1 0 0 72 36 0 1 0 0 65 46 0 1 0 0 74 63 0 1 0 0 72 64 1 5 3 667 67 76 2 25 1 15 76 715 0 2 0 2 57 53 0 1 0 2 66 46 0 1 0 2 55 76 2 75 2 225 79 66 0 1 2 275 95 23 0 1 2 275 72 54 0 1 1 35 86 56 0 1 1 35 95
4/4 715 3 333 0 0 57 54 0 1 0 0 86 56 0 1 0 0 95 714 0 1 2 25 85 46 0 1 2 25 99 13 0 1 0 1 82 75 0 1 0 1 66 46 2 75 0 1 90 54 2 75 2 175 72 56 1 5 2 175 83 36 2 175 2 225 74 14 2 75 1 25 81 54 1 5 2 325 83
4/4 74 0 1 0 0 85 73 0 1 0 0 75 225 0 1 0 0 93 65 0 1 0 0 76 36 2 25 0 0 74 15 2 25 3 667 75 34 0 1 3 1333 88 56 0 1 3 1333 100 225 0 1 3 1333 93 75 0 1 3 1333 65 225 0 1 2 225 88 66 0 1 2 225 104 75 0 1 2 225 66 15 0 1 3 2667 64 46 0 1 3 2667 87 36 0 1 2 275 74 46 0 1 2 275 87 63 0 1 2 275 88 76 3 667 0 3 98 34 3 333 3 3667 72 76 3 333 3 3667 99
4/4 15 0 1 0 0 64 46 0 1 0 0 87 36 0 1 0 0 74 46 0 1 0 0 87 63 0 1 0 0 88 34 0 1 0 0 72 76 0 1 3 333 93 64 0 1 3 333 91 76 1 5 2 125 105 53 3 1667 2 175 71 715 0 1 0 2 80 46 0 1 0 2 75 76 3 667 0 2 87 23 0 1 1 25 70 66 0 1 1 25 87 715 0 1 2 325 60 54 0 1 2 325 61 56 0 1 2 325 79
4/4 46 2 25 0 0 76 13 0 1 3 667 68 46 0 1 3 667 82 75 3 3333 3 667 79 36 0 3 3 667 73 54 2 75 3 1333 70 56 1 25 1 15 77 14 2 75 2 225 72 24 2 75 0 3 86 35 3 333 3 3667 70
4/4 56 3 833 0 0 77 75 0 1 0 0 79 35 3 333 0 0 70 24 3 667 3 333 70 36 1 5 0 1 70 54 2 25 0 1 57 46 2 25 2 175 74 615 3 667 2 225 66 36 2 25 3 2333 52 43 0 1 1 25 75 56 0 1 1 25 89 13 3 667 2 325 73 44 2 25 2 375 73
4/4 44 1 5 0 0 73 15 0 1 1 5 66 614 0 1 1 5 62 36 1 15 2 125 70 14 2 75 2 125 64 35 2 75 0 2 59 14 3 667 3 2667 67 614 2 25 3 3333 65 65 0 1 2 375 62 15 0 1 2 375 57 36 0 1 2 375 56
4/4 73 0 1 0 0 61 56 0 1 0 0 85 65 0 1 0 0 62 15 0 1 0 0 57 36 0 1 0 0 56 64 2 75 2 75 62 14 3 333 1 15 67 35 1 5 2 225 61 65 0 1 2 275 60 25 0 1 2 275 64 45 0 1 2 275 75 46 0 1 2 275 74 35 3 333 3 3667 87
4/4 35 3 417 0 0 87 14 0 1 3 333 77 15 0 1 3 333 95 16 0 1 3 333 109 26 0 1 2 125 109 35 0 1 2 125 84 25 0 1 2 125 99 13 0 2 0 2 86 56 0 1 2 225 86 37 0 1 2 225 94 16 0 1 2 225 85 36 0 1 2 225 83 54 2 75 0 3 86 56 0 1 0 3 99 37 0 1 0 3 100 16 0 1 0 3 87 36 0 1 0 3 94 47 0 1 2 375 101 14 0 1 2 375 83 16 0 1 2 375 87 56 0 1 2 375 100
4/4 13 1 5 0 0 86 47 0 1 0 0 101 14 0 1 0 0 83 16 0 1 0 0 87 56 0 1 0 0 100 16 0 1 1 5 91 56 0 1 1 5 94 37 0 1 1 5 100 54 0 1 1 5 83 73 0 1 2 125 94 56 0 1 2 125 100 76 0 1 2 125 98 26 0 1 2 125 90 54 3 667 0 2 100 24 0 1 3 2667 73 56 0 1 3 2667 105 25 0 1 3 2667 90 54 0 1 3 3333 77 25 0 1 3 3333 94 56 0 1 3 3333 95 76 0 1 3 3333 100 25 0 1 3 3333 94 56 0 1 3 3333 95
4/4 63 0 1 0 0 91 16 0 1 0 0 87 36 0 1 0 0 70 66 0 1 0 0 89 34 0 1 0 1 76 16 0 1 0 1 97 36 0 1 0 1 70 66 0 1 0 1 99 14 0 1 3 1667 74 76 0 1 3 1667 99 36 0 1 3 1667 70 34 0 1 3 2333 73 66 0 1 3 2333 102 76 0 1 0 3 104 46 0 1 0 3 92 36 0 1 0 3 70 53 0 1 0 3 75 34 2 25 2 375 84
4/4 76 3 667 0 0 104 53 2 125 0 0 75 34 1 5 0 0 84 54 0 1 1 5 90 36 0 1 1 5 76 34 3 667 2 125 86 76 3 333 3 1333 104 523 0 1 0 2 102 76 0 1 0 2 93 46 0 1 0 2 83 36 0 1 2 225 78 34 2 75 2 275 75 66 1 5 2 275 93 66 0 1 1 35 98 74 0 1 1 35 84 46 0 1 1 35 82 36 0 1 1 35 78
4/4 34 0 1 2 25 78 526 0 1 2 25 89 36 0 1 0 1 75 65 0 1 0 1 76 66 0 1 0 1 84 43 0 1 0 1 73 33 2 25 0 1 69 13 3 667 3 1667 84 64 0 1 3 2333 72 65 0 1 3 2333 70 36 0 1 3 2333 93 13 0 1 0 3 78 66 0 1 0 3 104 25 0 1 2 375 70 526 0 1 2 375 70 75 0 1 2 375 86 313 0 1 2 375 101 76 0 1 2 375 103 313 0 1 2 375 101
4/4 25 0 1 0 0 70 526 0 1 0 0 70 75 0 1 0 0 86 313 0 1 0 0 101 76 0 1 0 0 103 313 0 1 0 0 101 314 3 1667 3 667 108 526 0 1 3 1333 97 75 0 1 3 1333 76 25 0 1 3 1333 70 716 0 1 0 2 99 313 0 1 0 2 102 76 0 1 2 275 96 36 0 1 2 275 93 66 0 1 2 275 94 73 2 125 2 275 90 44 1 5 1 35 100
4/4 44 2 25 0 0 100 73 3 417 0 0 90 66 0 1 2 25 96 36 0 1 2 25 88 16 0 1 2 25 100 15 0 1 2 25 99 74 1 15 2 25 95 25 0 1 0 1 95 26 0 1 0 1 108 73 0 1 0 1 102 13 2 225 2 175 91 56 0 1 0 2 91 37 0 1 0 2 103 36 0 1 0 2 87 54 3 667 3 2667 88 37 0 1 2 275 102 56 0 1 2 275 96 36 0 1 2 275 89 14 1 5 1 35 79 46 0 1 1 35 104 47 0 1 1 35 91
4/4 13 2 25 0 0 91 14 2 25 0 0 79 54 0 1 2 25 87 36 0 1 2 25 100 37 0 1 2 25 100 76 0 1 0 1 95 26 0 1 0 1 103 25 0 1 0 1 104 73 0 2 0 1 83 54 3 667 3 1667 88 74 1 5 3 2333 86 56 0 1 3 2333 100 25 0 1 3 2333 83 54 2 25 0 3 88 76 3 333 0 3 100 63 0 1 2 375 97 66 0 1 2 375 93 36 0 1 2 375 75 16 2 25 2 375 94
4/4 63 0 1 0 0 97 66 0 1 0 0 93 36 0 1 0 0 75 16 2 25 0 0 94 16 0 1 1 5 96 34 0 1 1 5 70 36 0 1 1 5 84 66 0 1 1 5 83 14 0 1 2 125 69 36 0 1 2 125 84 76 0 1 2 125 95 34 1 5 0 2 69 66 2 25 0 2 80 53 2 75 3 2667 83 46 0 1 3 2667 90 36 0 1 3 2667 81 76 3 1333 3 2667 104 34 1 5 1 35 66
4/4 34 2 25 0 0 66 46 0 1 0 0 90 36 0 1 0 0 81 76 3 167 0 0 104 74 2 25 2 25 89 34 0 1 2 75 70 76 0 1 2 75 104 523 0 1 1 15 92 46 0 1 1 15 79 36 0 1 1 15 76 76 2 75 3 1667 96 524 0 1 3 2333 92 66 0 1 3 2333 90 66 0 1 0 3 94 46 0 1 0 3 78 36 0 1 0 3 72 74 2 25 2 325 88 224 0 1 2 375 106 36 0 1 2 375 56 46 0 1 2 375 54 526 2 25 2 375 95
4/4 526 1 5 0 0 95 43 0 1 1 5 96 66 0 1 1 5 91 46 0 1 1 5 84 36 0 1 1 5 79 44 2 25 2 125 79 36 0 1 0 2 82 54 0 1 0 2 70 46 0 1 0 2 80 76 0 1 0 2 105 716 0 1 3 2667 107 74 0 1 3 2667 72 36 0 1 3 2667 87 313 0 1 3 3333 107 226 0 1 3 3333 99 225 0 1 3 3333 98 66 0 1 3 3333 78
4/4 314 0 1 2 25 104 225 0 1 2 25 93 716 0 1 2 25 94 66 0 1 2 25 85 716 0 1 0 1 106 715 0 1 0 1 97 66 0 1 0 1 81 64 0 1 0 1 89 715 0 1 0 1 97 715 0 1 1 15 80 714 0 1 1 15 102 76 0 1 1 15 96 33 0 1 3 2333 105 716 0 1 3 2333 108 56 0 1 3 2333 86 225 0 1 3 2333 89 56 0 1 3 2333 86 34 1 5 2 325 90 54 2 25 2 375 90
4/4 76 0 1 0 0 100 56 0 1 0 0 100 54 3 1083 0 0 90 716 0 1 1 5 93 66 0 1 1 5 95 74 0 1 1 5 93 76 0 1 0 1 101 226 0 1 0 1 102 35 0 1 0 1 72 526 0 1 3 1333 76 76 0 1 3 1333 88 63 0 1 3 1333 92 716 0 1 3 1333 81 37 1 25 1 15 96 34 2 75 2 225 84 716 0 1 0 3 97 76 0 1 0 3 86 714 0 1 0 3 83 34 2 25 2 375 80 526 2 25 2 375 76
4/4 34 3 417 0 0 80 37 2 75 0 0 96 526 0 1 0 0 76 523 0 1 1 5 103 76 0 1 1 5 91 34 1 5 2 125 82 74 0 1 0 2 82 716 0 1 0 2 103 526 0 1 0 2 102 34 0 1 3 2667 75 226 0 1 3 2667 99 43 0 1 3 3333 79 66 0 1 3 3333 86 37 0 1 3 3333 94 36 1 5 1 35 90
4/4 36 1 5 0 0 90 44 2 25 2 25 95 64 3 667 0 1 97 714 0 1 1 15 94 66 0 1 1 15 93 35 2 75 2 225 95 714 0 1 0 3 93 37 0 1 0 3 104 26 0 1 3 3667 91 64 0 1 3 3667 85 526 2 25 3 3667 100
4/4 26 0 1 0 0 91 64 0 1 0 0 85 714 0 1 3 333 100 37 0 1 3 333 97 66 0 1 2 75 58 716 0 1 2 75 65 26 0 1 2 75 70 73 0 1 0 1 87 47 0 1 0 1 99 64 2 75 2 175 79 714 1 15 1 25 71 24 2 75 2 325 77
4/4 45 0 1 0 0 77 714 3 167 0 0 71 24 0 1 0 0 77 75 2 175 2 75 86 36 0 1 2 175 73 25 2 75 3 2667 57 34 0 1 1 35 58 55 0 1 1 35 51 36 3 333 3 3667 65
4/4 34 0 1 0 0 58 55 0 1 0 0 51 36 3 10333 0 0 65 74 3 1333 3 333 70 35 2 75 0 1 77 75 0 2 2 175 60 23 1 15 1 25 67 45 1 15 1 25 76 74 2 75 2 325 71
4/4 24 2 75 0 0 50 23 2 75 0 0 67 45 3 833 0 0 76 75 0 1 2 75 56 223 3 2333 1 15 57 35 2 175 3 1667 69 74 2 25 3 2333 62 224 0 1 0 3 71 35 2 25 2 375 82
4/4 35 1 15 0 0 82 13 2 225 1 5 66 75 0 1 1 5 66 64 2 75 2 125 73 35 0 1 0 2 59 65 0 1 0 2 94 14 3 667 0 2 65 64 2 25 3 2667 78 66 0 1 3 3333 81 46 0 1 3 3333 79 74 0 1 1 35 70 73 0 1 1 35 70
4/4 66 0 1 0 0 81 46 0 1 0 0 79 74 0 1 0 0 70 73 0 1 0 0 70 36 0 1 2 25 89 56 0 1 2 25 96 526 0 1 0 1 94 25 0 1 0 1 85 36 0 1 2 175 72 56 0 1 2 175 101 613 0 1 3 2333 60 614 0 1 3 2333 56 36 3 1667 3 2333 60 56 0 1 1 25 76 16 0 1 1 25 80 37 2 125 2 275 77
4/4 613 0 1 0 0 60 614 0 1 0 0 56 36 3 583 0 0 60 56 0 1 0 0 76 16 0 1 0 0 80 37 3 83 0 0 77 36 0 1 2 175 73 56 0 1 2 175 59 15 0 1 1 25 60 36 0 1 1 25 56 63 1 15 1 25 57 56 2 125 2 275 80 34 1 5 1 35 78
4/4 63 0 1 0 0 57 56 3 83 0 0 80 34 2 25 0 0 78 64 3 1667 2 25 65 65 0 1 1 15 37 75 0 1 1 15 58 25 0 1 1 15 47 46 1 15 2 175 73 73 2 225 2 175 66 44 3 667 3 2667 59 74 3 667 3 3333 55
4/4 44 2 25 0 0 53 75 3 2667 1 5 61 36 0 1 3 667 40 46 0 1 3 667 57 53 0 1 2 75 61 76 2 125 0 1 73 54 3 333 2 175 57 74 3 1333 1 25 71 35 1 5 2 325 88
4/4 36 0 1 0 0 91 55 0 1 0 0 72 75 0 1 0 0 79 35 3 667 3 667 95 75 0 1 3 1333 92 55 0 1 3 1333 72 36 0 1 3 1333 91 74 0 1 3 1333 79 55 0 1 3 1333 72 54 3 333 0 2 78 75 3 1667 3 2333 68 25 0 1 1 25 66 36 0 1 1 25 70 56 0 1 1 25 83 13 3 1333 3 2667 77 54 1 5 1 35 70
4/4 75 3 83 0 0 68 13 3 1667 0 0 77 54 2 25 0 0 70 14 3 667 2 25 65 24 0 1 2 75 82 35 2 75 1 15 70 24 2 75 2 225 56 14 3 333 0 3 55
4/4 54 3 667 0 0 42 75 2 375 2 25 61 25 1 35 1 5 44 46 2 175 1 5 70 53 3 1333 1 5 57 76 2 325 3 667 79 23 2 75 3 1333 78 54 2 75 0 2 79 614 3 667 3 2667 87 74 3 667 3 3333 101
4/4 75 3 917 0 0 61 74 3 83 0 0 101 24 2 75 2 25 93 45 2 25 0 1 79 24 2 25 3 1667 69 65 0 1 0 2 58 15 0 1 0 2 61 36 0 1 0 2 54 63 0 1 3 2333 78 56 1 5 3 2333 88 34 1 5 0 3 61 64 2 25 2 375 74
4/4 64 2 25 0 0 74 14 2 25 1 5 82 46 0 1 2 125 94 74 0 1 2 125 99 25 0 1 2 125 87 65 0 1 2 125 86 75 0 1 2 125 86 73 1 15 2 125 96 15 0 1 2 275 96 16 0 1 2 275 103 74 0 1 2 275 95 73 0 1 3 3667 99 26 0 1 3 3667 104 25 0 1 3 3667 84
4/4 13 1 25 1 5 94 37 0 1 1 5 91 36 0 1 1 5 86 16 0 1 1 5 82 56 0 1 1 5 83 54 3 667 3 1333 83 37 0 1 3 1333 87 36 0 1 3 1333 80 56 0 1 3 1333 79 16 0 1 3 1333 83 14 3 667 0 2 70 47 0 1 2 225 97 46 0 1 2 225 95 54 3 667 2 275 80 37 0 1 0 3 94 36 0 1 0 3 91 25 0 1 3 3667 85 26 0 1 3 3667 87 76 0 1 3 3667 89 56 0 1 3 3667 71 73 3 333 3 3667 78
4/4 25 0 1 0 0 85 26 0 1 0 0 87 76 0 1 0 0 89 56 0 1 0 0 71 73 3 1917 0 0 78 54 3 667 3 333 84 56 0 1 0 1 103 55 0 1 0 1 99 74 0 1 0 1 69 54 0 1 2 175 81 76 0 1 2 175 109 75 0 1 2 175 90 66 0 1 3 2667 83 36 0 1 3 2667 76 16 0 1 3 2667 90 15 0 1 3 2667 83 63 3 1333 3 2667 86 36 0 1 3 3333 71 16 0 1 3 3333 85 66 0 1 3 3333 82 15 0 1 3 3333 90 34 3 667 3 3333 79
4/4 76 0 1 0 0 94 75 0 1 0 0 98 36 0 1 0 0 65 66 0 1 0 0 68 63 3 917 0 0 86 64 0 1 2 25 76 75 0 1 2 25 98 34 0 1 2 75 80 66 0 1 2 75 104 65 0 1 2 75 80 53 0 1 1 15 86 36 0 1 1 15 70 76 1 15 1 15 104 46 2 125 1 15 91 75 1 25 1 15 86 34 3 667 3 2333 83 74 1 5 0 3 91 76 0 1 2 375 104 34 0 1 2 375 57
4/4 76 0 1 0 0 104 34 0 1 0 0 57 523 0 1 1 5 91 76 0 1 1 5 101 46 0 1 1 5 88 36 0 1 1 5 72 75 0 1 1 5 70 66 0 1 2 125 100 34 0 1 2 125 70 36 2 25 2 125 56 66 0 1 0 2 105 36 0 1 0 2 83 74 0 1 0 2 79 75 0 1 0 2 76 34 2 25 2 275 69 526 1 5 2 275 94 43 0 1 1 35 83 36 0 1 1 35 79 66 1 5 1 35 86
4/4 43 0 1 0 0 83 36 0 1 0 0 79 66 3 833 0 0 86 13 1 5 2 25 83 64 1 5 2 75 78 36 3 667 2 75 91 13 2 25 3 1667 68 66 3 667 3 1667 95 526 0 1 3 2333 90 25 0 1 3 2333 80 76 3 1667 3 2333 88 313 2 75 3 2333 101 314 2 75 2 325 100
4/4 25 0 1 0 0 96 314 2 75 0 0 100 716 1 5 3 667 103 313 2 25 3 667 97 66 0 1 3 1333 88 36 0 1 3 1333 87 76 0 1 3 1333 95 73 2 75 3 1333 89 44 3 667 2 225 99 66 0 1 2 275 99 16 0 1 2 275 101 15 0 1 2 275 99 74 0 1 2 275 83 26 0 1 3 3667 105 73 0 1 3 3667 94 25 0 1 3 3667 94
4/4 13 1 25 1 5 94 56 0 1 1 5 93 37 0 1 1 5 104 36 0 1 1 5 95 54 0 1 2 125 79 37 0 1 2 125 102 36 0 1 2 125 89 56 0 1 2 125 93 47 0 1 0 2 103 14 0 1 0 2 69 46 0 1 0 2 100 37 0 1 2 275 98 36 0 1 2 275 92 54 2 75 2 275 73 26 0 1 1 35 81 25 0 1 1 35 82 76 0 1 1 35 89 56 0 1 1 35 70 73 1 5 1 35 82
4/4 26 0 1 0 0 81 25 0 1 0 0 82 76 0 1 0 0 89 56 0 1 0 0 70 73 1 15 0 0 82 54 1 5 2 25 84 74 2 75 0 1 69 56 0 1 0 1 103 75 0 1 0 1 83 76 0 1 3 1667 105 25 0 1 3 1667 86 54 0 1 3 1667 75 36 0 1 1 25 78 15 0 1 1 25 85 66 0 1 1 25 77 16 0 1 1 25 93 63 1 15 1 25 83 66 0 1 2 325 84 16 0 1 2 325 101 34 2 75 2 325 80
4/4 76 0 1 0 0 102 75 0 1 0 0 87 64 0 1 0 0 74 36 0 1 0 0 83 63 1 5 0 0 83 34 0 1 3 667 77 66 0 1 3 667 103 36 0 1 3 667 88 65 0 1 3 667 95 53 2 75 3 1333 73 46 0 1 1 15 86 75 0 1 1 15 85 36 0 1 1 15 72 76 0 1 1 15 90 34 2 75 2 225 76 74 3 333 0 3 88 76 0 1 3 3667 99 75 0 1 3 3667 89 46 0 1 3 3667 88 36 0 1 3 3667 66 34 3 333 3 3667 55
4/4 34 3 417 0 0 55 523 3 1667 1 5 94 76 3 667 1 5 91 75 0 2 1 5 78 46 0 1 1 5 73 36 0 1 1 5 61 66 0 1 2 125 91 34 0 1 2 125 70 46 0 1 0 2 75 66 0 1 0 2 72 524 0 1 0 2 93 36 0 1 0 2 62 523 0 1 3 2667 89 526 0 1 3 2667 95 66 0 1 3 3333 95 46 0 1 3 3333 84 36 0 1 3 3333 77 43 3 667 3 3333 85
4/4 44 3 1333 0 0 97 66 0 1 0 0 95 46 0 1 0 0 84 36 0 1 0 0 77 43 3 1333 0 0 85 46 0 1 2 75 87 76 0 1 2 75 104 36 0 1 2 75 88 43 3 667 1 15 91 716 0 1 1 15 98 36 0 1 1 15 71 226 0 1 2 225 99 66 0 1 2 225 78 313 0 1 2 225 108 25 0 1 2 225 78 716 0 1 0 3 99 66 0 1 0 3 78 314 0 1 0 3 95 716 0 1 2 375 96 313 0 1 2 375 103 66 0 1 2 375 97 25 0 1 2 375 79
4/4 716 0 1 0 0 96 313 0 1 0 0 103 66 0 1 0 0 97 25 0 1 0 0 79 314 3 333 0 0 95 76 2 25 3 667 95 314 1 5 3 667 112 33 0 1 1 15 96 36 0 1 1 15 83 56 0 1 1 15 90 716 0 1 1 15 105 56 0 1 1 15 90 34 2 25 2 225 100 54 2 75 2 275 82 76 0 1 2 275 101 56 0 1 2 275 90 716 0 1 3 3333 95 66 0 1 3 3333 93 74 0 1 3 3667 89 76 0 1 3 3667 95 226 0 1 3 3667 99
4/4 36 0 1 2 25 68 76 0 1 2 25 83 716 0 1 2 25 87 63 0 1 3 333 90 716 0 1 3 333 87 37 3 3667 3 333 100 34 2 75 2 125 86 36 0 1 0 2 74 76 0 1 0 2 83 716 2 125 0 2 84 714 1 5 0 2 80 34 3 667 1 25 86 76 3 667 3 3333 100 523 3 667 3 3333 95
4/4 34 1 5 0 0 85 76 3 333 0 0 100 523 3 83 0 0 95 37 3 833 0 0 100 716 3 667 2 75 103 74 2 25 2 75 83 34 0 1 1 15 74 226 0 1 1 15 101 43 2 75 2 225 83 37 3 1667 3 2333 100 76 0 1 3 2333 98 44 2 75 0 3 94 64 2 25 2 375 105
4/4 64 1 5 0 0 105 37 3 583 0 0 100 66 2 25 1 5 96 714 2 75 1 5 70 35 2 75 2 125 86 65 0 1 0 2 76 37 0 1 0 2 106 35 2 25 3 2667 74 26 2 75 2 275 99 714 2 25 3 3333 72 37 1 5 1 35 104
4/4 47 0 4 0 0 97 26 1 35 0 0 99 716 2 225 2 25 95 66 2 125 2 25 99 73 2 75 2 25 72 64 3 667 2 75 80 714 3 1333 3 1667 92 24 2 75 2 225 81 45 0 1 0 3 83 76 2 25 2 375 78
4/4 47 1 5 0 0 97 76 3 1417 0 0 78 45 1 5 0 0 83 37 2 75 1 5 86 26 2 25 2 125 86 56 0 1 2 175 57 76 0 1 2 175 69 37 0 1 2 175 77 63 0 1 0 2 70 57 0 1 0 2 83 34 2 75 2 275 71 64 1 5 1 35 86
4/4 14 0 1 2 25 76 47 3 1333 2 25 91 56 0 1 2 25 88 24 2 75 0 1 81 14 3 1333 3 1667 81 76 0 1 1 25 74 77 0 1 1 25 84 47 0 1 1 25 72 55 0 1 1 25 58 73 2 25 2 375 77
4/4 66 0 1 0 0 83 26 0 1 0 0 77 57 0 2 0 0 85 73 2 75 0 0 77 44 3 667 2 75 78 14 2 75 3 1333 71 24 1 15 0 2 70 47 0 2 0 2 76 14 3 333 3 3667 56
4/4 66 0 1 0 0 83 26 0 1 0 0 77 14 3 917 0 0 56 47 1 25 0 0 76 55 2 25 3 333 69 33 3 1333 0 2 66 73 3 667 3 2667 74 34 3 333 3 3333 68
4/4 54 2 225 0 0 67 56 0 1 2 75 67 26 0 1 2 75 76 76 0 1 2 75 72 26 0 1 2 75 76 74 1 15 2 75 60 47 2 325 2 75 78 24 2 25 3 2333 56
4/4 13 2 125 0 0 63 56 0 1 0 0 67 26 0 1 0 0 76 76 0 1 0 0 72 26 0 1 0 0 76 47 1 25 0 0 78 54 3 667 3 667 73 14 2 25 3 1333 75 55 2 75 0 2 84 56 0 1 2 275 77 16 0 1 2 275 87 15 0 1 2 275 78 37 0 1 2 275 90 35 2 125 2 275 71
4/4 15 0 1 0 0 78 37 0 1 0 0 90 35 0 1 0 0 71 26 0 1 3 333 76 55 0 1 3 333 49 56 0 1 3 333 56 15 0 1 3 1667 44 36 0 1 3 1667 50 56 0 1 3 1667 63 63 3 1333 2 175 60 16 0 2 0 2 58 34 3 667 3 2667 66 64 3 667 3 3333 77
4/4 14 0 1 0 0 84 64 3 83 0 0 77 16 2 25 0 0 58 35 1 5 3 667 66 36 0 1 3 667 78 15 0 1 3 667 83 56 3 2667 3 667 94 65 2 75 1 15 87 14 0 1 2 225 66 15 0 1 2 225 75 36 2 75 0 3 76 73 3 333 3 3667 68 56 0 1 3 3667 78 75 0 1 3 3667 64 25 3 333 3 3667 70
4/4 73 0 1 0 0 68 56 0 1 0 0 78 75 0 1 0 0 64 25 3 1417 0 0 70 44 2 75 1 5 70 74 2 75 0 1 74 44 3 667 0 2 59 75 2 175 2 225 57 25 0 1 3 2333 51 46 0 1 3 2333 59 24 0 1 1 25 67 76 3 1333 1 25 86 44 2 75 2 325 70
4/4 74 3 333 0 0 65 44 2 25 0 0 70 75 1 5 0 0 57 75 0 1 3 1333 58 15 0 1 3 1333 57 25 0 1 2 175 43 46 0 1 2 175 75 33 1 15 2 175 56 73 2 75 2 275 56 34 1 5 1 35 58
4/4 75 0 1 0 0 58 15 0 1 0 0 57 25 0 1 0 0 43 46 0 1 0 0 75 34 3 167 0 0 58 54 2 175 3 333 84 74 2 75 1 15 60
4/4 33 0 2 0 2 60 76 0 1 3 2333 57 73 0 1 3 2333 66 16 2 125 2 275 62 26 0 1 0 3 66 57 1 5 1 35 60
4/4 33 0 1 0 0 60 76 0 1 0 0 57 73 0 1 0 0 66 16 2 75 0 0 62 26 1 5 0 0 66 57 2 75 0 0 60
