4/4 46 1 5 0 0 56 15 1 5 1 5 67 36 1 5 0 1 70 75 1 5 1 15 64 15 1 5 0 2 69 55 1 5 1 25 55 65 1 5 0 3 55 75 1 5 1 35 57
4/4 46 1 5 0 0 68 15 1 5 1 5 58 36 1 5 0 1 59 75 1 5 1 15 72 56 1 5 0 2 63 15 1 5 1 25 66 46 1 5 0 3 54 56 1 5 1 35 57
4/4 46 1 5 0 0 68 15 1 5 1 5 55 36 1 5 0 1 57 75 1 5 1 15 74 15 1 5 0 2 65 55 1 5 1 25 57 65 1 5 0 3 63 75 1 5 1 35 74
4/4 46 1 5 0 0 68 15 1 5 1 5 69 36 1 5 0 1 63 75 1 5 1 15 54 56 1 5 0 2 68 15 1 5 1 25 64 46 1 5 0 3 70 56 1 5 1 35 54
4/4 46 1 5 0 0 66 45 1 15 0 0 70 15 1 5 1 5 58 36 1 5 0 1 63 75 1 5 1 15 71 45 1 15 1 15 72 15 1 5 0 2 56 55 1 5 1 25 56 65 1 5 0 3 69 45 0 1 0 3 66 75 1 5 1 35 66
4/4 46 1 5 0 0 56 45 1 5 0 0 57 15 1 5 1 5 68 45 1 35 1 5 54 36 1 5 0 1 61 75 1 5 1 15 69 56 1 5 0 2 62 15 1 5 1 25 58 46 1 5 0 3 67 56 1 5 1 35 64
4/4 46 1 5 0 0 56 44 0 1 0 0 72 14 0 1 0 0 69 15 1 5 1 5 66 36 1 5 0 1 61 75 1 5 1 15 73 15 1 5 0 2 56 55 1 5 1 25 65 65 1 5 0 3 70 75 1 5 1 35 59
4/4 46 1 5 0 0 54 44 0 1 0 0 72 14 0 1 0 0 61 15 1 5 1 5 54 36 1 5 0 1 61 75 1 5 1 15 71 56 1 5 0 2 72 15 1 5 1 25 55 46 1 5 0 3 61 56 1 5 1 35 54
4/4 45 1 5 0 0 72 43 0 4 0 0 69 14 1 5 1 5 61 35 0 1 0 1 65 65 0 1 0 1 73 74 1 5 1 15 56 14 0 1 0 2 58 55 0 1 0 2 69 54 1 5 1 25 73 64 0 1 0 3 72 35 0 1 0 3 60 74 1 5 1 35 54
4/4 45 1 5 0 0 54 43 0 4 0 0 61 14 1 5 1 5 57 35 0 1 0 1 63 65 0 1 0 1 59 74 1 5 1 15 54 55 1 5 0 2 70 14 1 5 1 25 57 45 1 5 0 3 61 55 1 5 1 35 60
4/4 45 1 5 0 0 73 43 0 4 0 0 69 14 1 5 1 5 62 35 0 1 0 1 57 65 0 1 0 1 68 74 1 5 1 15 58 14 0 1 0 2 61 55 0 1 0 2 71 54 1 5 1 25 68 64 0 1 0 3 61 35 0 1 0 3 68 74 1 5 1 35 70
4/4 45 1 5 0 0 57 43 0 4 0 0 57 14 1 5 1 5 73 35 0 1 0 1 56 65 0 1 0 1 70 74 1 5 1 15 59 55 1 5 0 2 57 14 1 5 1 25 59 45 1 5 0 3 70 55 1 5 1 35 64
4/4 43 0 4 0 0 71 14 1 5 0 1 60 45 1 25 1 15 62
4/4 35 1 15 0 0 68 43 0 4 0 0 65 54 1 25 1 15 68
4/4 222 0 4 0 0 69 45 1 5 1 5 62 35 1 5 0 1 69 14 1 5 1 15 74 74 1 5 0 2 69 64 2 75 2 275 72 74 1 5 1 35 71
4/4 33 0 4 0 0 64 45 1 5 1 5 71 35 1 5 0 1 56 14 1 5 1 15 70 74 0 1 0 2 69 55 0 1 0 2 70 65 2 75 2 275 58 55 1 5 1 35 61
4/4 12 0 4 0 0 74 45 1 5 1 5 71 35 1 5 0 1 70 14 1 5 1 15 66 74 1 5 0 2 56 64 2 75 2 275 61 74 1 5 1 35 68
4/4 12 0 4 0 0 73 45 1 5 1 5 67 35 1 5 0 1 71 14 1 5 1 15 58 74 0 1 0 2 66 55 0 1 0 2 69 14 2 75 2 275 66 55 1 5 1 35 63
4/4 74 0 1 0 0 59 35 0 1 0 0 55 222 0 4 0 0 70 14 0 1 1 5 62 45 0 1 1 5 58
4/4 35 0 1 0 0 58 65 0 1 0 0 59 33 0 4 0 0 54 45 0 1 1 5 65 75 0 1 1 5 67 65 2 25 1 35 71 75 2 25 2 375 59
4/4 55 0 1 0 0 59 15 0 1 0 0 70 12 0 4 0 0 66
4/4 12 0 2 0 0 64 55 0 1 0 0 65 15 0 1 0 0 74 45 0 1 0 2 65 75 0 1 0 2 72 12 0 1 0 2 63 55 0 1 0 3 67 15 0 1 0 3 70 12 0 1 0 3 59
4/4 45 0 1 0 0 68 65 0 1 0 0 55 15 0 1 0 0 66 43 1 5 0 0 65 13 1 5 1 5 69 34 1 5 0 1 63 44 1 5 1 15 72 73 1 5 0 2 71 13 1 5 1 25 71 34 1 5 0 3 54 44 1 5 1 35 54
4/4 43 1 5 0 0 65 13 1 5 1 5 60 34 1 5 0 1 65 44 1 5 1 15 65 73 1 5 0 2 55 13 1 5 1 25 67 54 1 5 0 3 65 34 1 5 1 35 64
4/4 43 1 5 0 0 55 13 1 5 1 5 60 34 1 5 0 1 71 44 1 5 1 15 71 73 1 5 0 2 65 13 1 5 1 25 68 34 1 5 0 3 70 44 1 5 1 35 57
4/4 43 1 5 0 0 72 13 1 5 1 5 73 34 1 5 0 1 73 44 1 5 1 15 66 73 1 5 0 2 66 13 1 5 1 25 55 54 1 5 0 3 74 34 1 5 1 35 56
4/4 74 0 1 0 0 60 14 0 1 0 0 55 43 0 1 0 0 69 74 0 1 1 5 60 14 0 1 1 5 59 64 0 1 0 1 63 14 0 1 0 1 62 74 0 1 1 15 66 14 0 1 1 15 54 43 0 1 1 15 68 74 0 1 0 2 66 14 0 1 0 2 66 74 0 1 1 25 61 14 0 1 1 25 56 74 0 1 0 3 59 14 0 1 0 3 57 74 0 1 1 35 58 14 0 1 1 35 67
4/4 74 0 1 0 0 61 14 0 1 0 0 55 43 0 1 0 0 61 74 0 1 1 5 67 14 0 1 1 5 66 64 0 1 0 1 58 14 0 1 0 1 73 74 0 1 1 15 59 14 0 1 1 15 60 43 0 1 1 15 63 74 0 1 0 2 68 14 0 1 0 2 64 74 0 1 1 25 56 14 0 1 1 25 61 74 0 1 0 3 61 14 0 1 0 3 64 74 0 1 1 35 55 14 0 1 1 35 74 12 0 1 1 35 72
4/4 74 0 1 0 0 55 35 0 1 0 0 71 43 0 1 0 0 66 74 0 1 1 5 67 35 0 1 1 5 70 64 0 1 0 1 66 35 0 1 0 1 55 74 0 1 1 15 58 35 0 1 1 15 71 43 0 1 1 15 70 74 0 1 0 2 60 35 0 1 0 2 70 74 0 1 1 25 72 35 0 1 1 25 69 74 0 1 0 3 73 35 0 1 0 3 63 74 0 1 1 35 61 35 0 1 1 35 67
4/4 74 0 1 0 0 54 35 0 1 0 0 60 43 0 1 0 0 74 74 0 1 1 5 74 35 0 1 1 5 55 64 0 1 0 1 70 35 0 1 0 1 55 74 0 1 1 15 74 35 0 1 1 15 74 43 0 1 1 15 62 74 0 1 0 2 59 35 0 1 0 2 69 74 0 1 1 25 67 35 0 1 1 25 64 74 0 1 0 3 65 35 0 1 0 3 55 74 0 1 1 35 63 35 0 1 1 35 68 12 0 1 1 35 72
4/4 74 0 1 0 0 71 55 0 1 0 0 71 43 0 1 0 0 58 74 0 1 1 5 64 55 0 1 1 5 62 64 0 1 0 1 66 55 0 1 0 1 58 74 0 1 1 15 61 55 0 1 1 15 58 43 0 1 1 15 60 74 0 1 0 2 69 55 0 1 0 2 56 74 0 1 1 25 54 55 0 1 1 25 59 74 0 1 0 3 74 55 0 1 0 3 61 74 0 1 1 35 55 55 0 1 1 35 65
4/4 74 0 1 0 0 71 55 0 1 0 0 73 43 0 1 0 0 72 74 0 1 1 5 70 55 0 1 1 5 60 64 0 1 0 1 55 55 0 1 0 1 71 74 0 1 1 15 61 55 0 1 1 15 65 43 0 1 1 15 56 74 0 1 0 2 61 55 0 1 0 2 56 74 0 1 1 25 55 55 0 1 1 25 57 74 0 1 0 3 67 55 0 1 0 3 71 74 0 1 1 35 74 55 0 1 1 35 63 12 0 1 1 35 54
4/4 43 2 25 0 0 57 63 2 25 2 25 59 73 2 25 1 5 60 13 2 25 2 75 72 34 2 25 0 1 61 44 2 25 2 125 56 64 2 25 1 15 71 74 2 25 2 175 69 14 2 25 0 2 56 35 2 25 2 225 66 45 2 25 1 25 69 65 2 25 2 275 67 45 1 5 0 3 59 224 1 5 1 35 66
4/4 35 1 5 0 0 57 74 2 25 1 5 72 14 2 25 2 75 61 45 1 5 0 1 55 14 1 5 1 15 74 55 1 5 0 2 70 74 2 25 1 25 70 14 2 25 2 275 63 45 1 5 0 3 66 14 1 5 1 35 62
4/4 35 1 5 0 0 55 43 0 1 0 0 70 74 2 25 1 5 58 14 2 25 2 75 64 45 1 5 0 1 73 14 1 5 1 15 55 45 2 25 0 2 68 35 2 25 2 225 73 55 2 25 1 25 57 65 2 25 2 275 63 45 1 5 0 3 66 14 1 5 1 35 55
4/4 35 1 5 0 0 57 74 2 25 1 5 70 14 2 25 2 75 71 45 1 5 0 1 57 14 1 5 1 15 63 55 1 5 0 2 68 43 0 1 0 2 61 74 2 25 1 25 62 14 2 25 2 275 66 45 1 5 0 3 58 14 1 5 1 35 58
3/4 35 1 5 0 0 69 74 2 25 1 5 62 14 2 25 2 75 74 45 1 5 0 1 69 14 1 5 1 15 70 45 2 25 0 2 58 35 2 25 2 225 71 55 2 25 1 25 72 65 2 25 2 275 74
4/4 45 0 1 0 0 72 65 0 1 0 0 60 222 1 5 0 0 69 63 1 5 1 5 54 222 1 5 0 1 54 63 1 5 1 15 72 222 1 5 0 2 57 63 1 5 1 25 54 222 1 5 0 3 74 63 1 5 1 35 56
4/4 55 0 2 0 0 74 33 1 5 0 0 66 73 1 5 1 5 56 33 1 5 0 1 62 73 1 5 1 15 54 35 0 1 0 2 64 33 1 5 0 2 73 73 1 5 1 25 71 14 0 1 0 3 68 33 1 5 0 3 66 73 1 5 1 35 72
4/4 35 0 1 0 0 72 12 1 5 0 0 72 53 1 5 1 5 62 45 0 3 0 1 58 12 1 5 0 1 74 53 1 5 1 15 56 12 1 5 0 2 71 53 1 5 1 25 54 12 1 5 0 3 58 53 1 5 1 35 63
4/4 12 1 5 0 0 62 45 0 4 0 0 72 53 1 5 1 5 71 12 1 5 0 1 64 53 1 5 1 15 71 12 1 5 0 2 66 53 1 5 1 25 60 12 1 5 0 3 70 53 1 5 1 35 68
4/4 45 0 1 0 0 63 65 0 1 0 0 72 222 1 5 0 0 72 63 1 5 1 5 61 222 1 5 0 1 62 63 1 5 1 15 74 222 1 5 0 2 63 63 1 5 1 25 69 222 1 5 0 3 57 63 1 5 1 35 67
4/4 55 0 2 0 0 70 33 1 5 0 0 65 73 1 5 1 5 57 33 1 5 0 1 56 73 1 5 1 15 64 35 0 1 0 2 66 33 1 5 0 2 59 73 1 5 1 25 59 14 0 1 0 3 67 33 1 5 0 3 73 73 1 5 1 35 74
4/4 35 0 1 0 0 70 12 1 5 0 0 57 53 1 5 1 5 71 45 0 3 0 1 73 12 1 5 0 1 73 53 1 5 1 15 68 12 1 5 0 2 72 53 1 5 1 25 68 12 1 5 0 3 74 53 1 5 1 35 74
4/4 35 0 1 0 0 60 55 0 1 0 0 57 12 1 5 0 0 71 53 1 5 1 5 68 12 1 5 0 1 69 53 1 5 1 15 64 12 1 5 0 2 60 53 1 5 1 25 62 12 1 5 0 3 61 53 1 5 1 35 61
4/4 43 0 1 0 0 69 14 1 5 1 5 56 45 0 3 0 1 65 43 1 5 1 15 62 12 1 5 1 35 58
4/4 35 1 15 0 0 70 43 0 1 0 0 61 54 1 25 1 15 56 43 1 5 1 15 62 12 1 5 1 35 60
4/4 43 0 1 0 0 63 74 1 5 1 5 55 35 0 3 0 1 63 43 1 5 1 15 56 12 1 5 1 35 62
4/4 24 1 15 0 0 56 43 0 1 0 0 69 44 1 25 1 15 55 43 1 5 1 15 69 72 1 5 0 2 73 12 1 5 1 25 61 43 1 5 0 3 73 53 1 5 1 35 73
4/4 15 0 4 0 0 72 35 0 1 0 0 73 65 0 1 0 0 63 43 0 1 0 0 67
4/4 15 0 4 0 0 71
4/4 43 0 1 0 0 70 15 0 1 0 0 57 75 0 1 0 1 63 53 0 1 0 1 73 65 0 1 0 2 62 63 0 1 0 2 58 55 0 1 0 3 74 73 0 1 0 3 66
4/4 45 0 1 0 0 69 13 0 1 0 0 55 14 0 2 0 1 59 43 0 1 0 1 64 223 0 1 0 2 62 74 1 5 0 3 71 13 0 1 0 3 56 14 1 5 1 35 70
4/4 55 1 25 0 0 74 73 0 1 0 0 73 33 0 1 0 1 60 13 0 1 0 2 57 45 1 5 1 25 62 55 1 5 0 3 60 73 0 1 0 3 58 65 1 5 1 35 72
4/4 75 0 2 0 0 68 63 0 1 0 0 63 222 0 1 0 1 59 35 0 2 0 2 60 73 0 1 0 2 70 63 0 1 0 3 60
4/4 53 0 1 0 0 69 35 0 1 0 0 72 224 1 5 0 1 74 12 0 1 0 1 72 14 1 5 1 15 67 74 0 2 0 2 63 22 0 1 0 2 57 313 0 1 0 3 63
4/4 55 0 1 0 0 71 43 0 1 0 0 72 73 0 1 0 0 59 13 0 1 0 0 57 45 1 15 0 0 72 35 1 5 1 15 69 65 0 2 0 2 61 224 0 1 0 2 71 523 0 1 0 2 64 73 0 1 0 2 74 44 0 2 0 2 67 14 0 1 0 3 74
4/4 224 0 1 0 0 54 45 0 1 0 0 63 75 0 1 0 0 71 523 0 1 0 0 62 73 0 1 0 0 67 44 0 1 0 0 65 34 0 2 0 1 68
