3/4 63 0 3 0 0 100 34 0 1 0 1 54 64 0 1 0 1 99 14 0 1 0 2 82
3/4 63 0 3 0 0 90 34 0 1 0 1 45 64 0 1 0 1 77 14 0 1 0 2 86
3/4 63 0 3 0 0 93 34 0 1 0 1 54 64 0 1 0 1 80 14 0 1 0 2 61
3/4 63 0 3 0 0 85 34 0 1 0 1 50 64 0 1 0 1 72 65 1 5 0 2 100 14 0 1 0 2 56 75 1 5 1 25 89
3/4 15 1 5 0 0 100 63 0 3 0 0 86 65 1 5 1 5 83 36 1 15 0 1 87 34 0 1 0 1 48 64 0 1 0 1 84 14 0 1 0 2 60 15 1 5 1 25 89
3/4 75 0 1 0 0 100 54 0 1 0 0 61 34 0 3 0 0 92 36 0 1 0 1 103 74 0 1 0 1 86 75 0 1 0 2 86 55 0 1 0 2 48
3/4 65 1 5 0 0 105 44 0 3 0 0 91 45 1 5 1 5 79 15 1 15 0 1 102 64 0 1 0 1 74 45 0 1 0 2 50 65 1 5 1 25 83
3/4 55 2 175 0 0 83 13 0 3 0 0 78 54 0 1 0 1 44 35 0 1 0 1 89 55 0 1 0 2 87
3/4 45 0 1 0 0 102 223 0 3 0 0 76 55 0 1 0 1 84 64 0 1 0 1 59 224 0 1 0 1 83 65 1 5 0 2 91 45 0 1 0 2 62 75 1 5 1 25 76
3/4 35 0 1 0 0 92 13 0 3 0 0 76 65 0 1 0 1 109 64 0 1 0 1 55 14 0 1 0 1 79 75 1 5 0 2 85 35 0 1 0 2 62 15 1 5 1 25 83
3/4 225 0 1 0 0 101 73 0 3 0 0 88 225 1 5 0 1 105 44 0 1 0 1 63 74 0 1 0 1 71 15 1 5 1 15 80 75 1 5 0 2 82 224 0 1 0 2 52 65 1 5 1 25 83
3/4 55 0 1 0 0 52 75 0 1 0 0 77 34 0 3 0 0 74 74 0 2 0 1 81 65 1 5 0 2 83 75 1 5 1 25 67
3/4 15 1 5 0 0 99 63 0 3 0 0 84 65 1 5 1 5 85 36 1 15 0 1 86 34 0 1 0 1 35 64 0 1 0 1 70 14 0 1 0 2 62 15 1 5 1 25 81
3/4 75 0 1 0 0 88 54 0 1 0 0 56 34 0 3 0 0 79 36 0 1 0 1 95 74 0 1 0 1 79 75 0 1 0 2 71 55 0 1 0 2 61
3/4 65 1 5 0 0 78 44 0 3 0 0 77 45 1 5 1 5 83 45 0 1 0 1 82 64 0 1 0 1 85 55 1 5 0 2 94 14 0 1 0 2 55 65 1 5 1 25 76
3/4 35 2 175 0 0 82 13 0 3 0 0 72 54 0 1 0 1 55 14 0 1 0 1 73 35 1 5 1 25 72
3/4 45 0 1 0 0 90 223 0 3 0 0 88 55 0 1 0 1 70 64 0 1 0 1 47 224 0 1 0 1 70 65 1 5 0 2 83 45 0 1 0 2 55 75 1 5 1 25 72
3/4 35 0 1 0 0 80 13 0 3 0 0 85 65 0 1 0 1 92 64 0 1 0 1 59 14 0 1 0 1 75 75 1 5 0 2 70 35 0 1 0 2 52 15 1 5 1 25 89
3/4 225 0 1 0 0 94 73 0 2 0 0 81 225 1 5 0 1 86 44 0 1 0 1 61 74 0 1 0 1 88 15 1 5 1 15 83 75 1 5 0 2 69 34 0 1 0 2 71 65 1 5 1 25 68
3/4 65 0 1 0 0 77 63 0 1 0 0 92 34 0 1 0 1 45 64 0 1 0 1 86 14 0 1 0 2 60
3/4 63 0 3 0 0 81 34 0 1 0 1 54 64 0 1 0 1 86 15 1 5 0 2 91 225 1 5 1 25 88
3/4 36 0 1 0 0 92 63 0 3 0 0 90 36 0 1 0 1 85 34 0 1 0 1 58 64 0 1 0 1 72 36 2 75 0 2 82
3/4 36 0 1 0 0 100 54 0 1 0 0 55 34 0 3 0 0 78 36 1 5 0 1 88 74 0 1 0 1 72 46 1 5 1 15 77 36 1 5 0 2 81 55 0 1 0 2 63 225 1 5 1 25 70
3/4 15 0 1 0 0 85 44 0 3 0 0 82 15 0 1 0 1 94 64 0 1 0 1 69 15 0 1 0 2 69 45 0 1 0 2 62
3/4 15 0 1 0 0 90 13 0 3 0 0 77 15 1 5 0 1 86 54 0 1 0 1 52 14 0 1 0 1 75 225 1 5 1 15 70 15 1 5 0 2 83 35 0 1 0 2 55 75 1 5 1 25 71
3/4 65 2 75 0 0 95 44 0 3 0 0 75 65 0 1 0 1 81 14 0 1 0 1 37 45 0 1 0 1 87 65 1 5 0 2 85 64 0 1 0 2 47 55 1 5 1 25 77
3/4 45 0 1 0 0 85 223 0 3 0 0 85 55 0 1 0 1 96 64 0 1 0 1 84 55 1 5 0 2 82 224 0 1 0 2 57 65 1 5 1 25 76
3/4 75 0 1 0 0 93 73 0 1 0 0 74 224 0 1 0 0 61 75 1 5 0 1 81 44 0 1 0 1 38 74 0 1 0 1 77 15 1 5 1 15 80 75 1 5 0 2 80 224 0 1 0 2 46 15 1 5 1 25 79
3/4 55 0 1 0 0 75 75 0 1 0 0 83 34 0 3 0 0 77 74 0 1 0 1 38 35 0 1 0 1 84 15 1 5 0 2 79 55 0 1 0 2 62 225 1 5 1 25 77
3/4 36 0 1 0 0 93 63 0 3 0 0 90 36 0 1 0 1 96 34 0 1 0 1 49 64 0 1 0 1 79 36 0 1 0 2 80 14 0 1 0 2 57
3/4 36 0 1 0 0 101 54 0 1 0 0 48 34 0 3 0 0 86 36 1 5 0 1 89 74 0 1 0 1 72 46 1 5 1 15 77 36 1 5 0 2 82 55 0 1 0 2 46 225 1 5 1 25 71
3/4 15 0 1 0 0 95 44 0 3 0 0 86 15 0 1 0 1 87 14 0 1 0 1 92 15 0 1 0 2 75 65 0 1 0 2 60
3/4 15 1 5 0 0 87 13 0 3 0 0 84 225 1 5 1 5 78 15 1 5 0 1 89 54 0 1 0 1 87 75 1 5 1 15 77 65 1 5 0 2 90 35 0 1 0 2 48 55 1 5 1 25 63
3/4 45 2 75 0 0 92 223 0 3 0 0 85 45 1 5 0 1 86 64 0 1 0 1 46 224 0 1 0 1 88 55 1 5 1 15 73 65 1 5 0 2 76 45 0 1 0 2 46 75 1 5 1 25 72
3/4 35 0 1 0 0 93 13 0 3 0 0 74 65 0 1 0 1 97 64 0 1 0 1 52 14 0 1 0 1 77 75 1 5 0 2 94 35 0 1 0 2 45 15 1 5 1 25 87
3/4 75 3 1333 0 0 82 223 0 2 0 0 78 44 0 1 0 1 43 74 0 1 0 1 73 75 1 5 1 15 62 75 1 5 0 2 76 34 0 1 0 2 62 65 1 5 1 25 60
3/4 65 0 1 0 0 85 63 0 1 0 0 66 64 0 1 0 1 52 14 0 1 0 1 79
3/4 63 0 3 0 0 77 34 0 1 0 1 43 64 0 1 0 1 83 14 0 1 0 2 47
3/4 63 0 3 0 0 71 34 0 1 0 1 49 64 0 1 0 1 82 65 1 5 0 2 91 14 0 1 0 2 60 75 1 5 1 25 88
3/4 15 1 5 0 0 96 63 0 3 0 0 72 65 1 5 1 5 93 36 1 15 0 1 87 34 0 1 0 1 38 64 0 1 0 1 82 14 0 1 0 2 61 15 1 5 1 25 82
3/4 75 0 1 0 0 111 54 0 1 0 0 46 34 0 3 0 0 79 36 0 1 0 1 104 74 0 1 0 1 69 75 0 1 0 2 80 55 0 1 0 2 53
3/4 65 1 5 0 0 96 44 0 3 0 0 75 45 1 5 1 5 84 15 1 15 0 1 88 64 0 1 0 1 71 45 0 1 0 2 56 65 1 5 1 25 87
3/4 55 2 175 0 0 85 13 0 3 0 0 91 54 0 1 0 1 51 35 0 1 0 1 80 55 0 1 0 2 77
3/4 45 0 1 0 0 88 223 0 3 0 0 81 55 0 1 0 1 96 64 0 1 0 1 46 224 0 1 0 1 85 65 1 5 0 2 76 45 0 1 0 2 54 75 1 5 1 25 82
3/4 35 0 1 0 0 93 13 0 3 0 0 80 65 0 1 0 1 104 64 0 1 0 1 61 14 0 1 0 1 75 75 1 5 0 2 88 35 0 1 0 2 55 15 1 5 1 25 96
3/4 225 0 1 0 0 116 73 0 3 0 0 89 225 1 5 0 1 94 44 0 1 0 1 44 74 0 1 0 1 87 15 1 5 1 15 77 75 1 5 0 2 94 224 0 1 0 2 65 65 1 5 1 25 73
3/4 55 0 1 0 0 65 75 0 1 0 0 89 34 0 3 0 0 91 74 0 2 0 1 84 65 1 5 0 2 81 75 1 5 1 25 80
3/4 15 1 5 0 0 90 63 0 3 0 0 71 65 1 5 1 5 74 36 1 15 0 1 83 34 0 1 0 1 35 64 0 1 0 1 84 14 0 1 0 2 60 15 1 5 1 25 79
3/4 75 0 1 0 0 97 54 0 1 0 0 62 34 0 3 0 0 82 36 0 1 0 1 100 74 0 1 0 1 78 75 0 1 0 2 86 55 0 1 0 2 51
3/4 65 1 5 0 0 80 44 0 3 0 0 90 45 1 5 1 5 80 45 0 1 0 1 85 64 0 1 0 1 80 55 1 5 0 2 82 14 0 1 0 2 65 65 1 5 1 25 78
3/4 35 2 175 0 0 68 13 0 3 0 0 79 54 0 1 0 1 58 14 0 1 0 1 87 35 1 5 1 25 81
3/4 45 0 1 0 0 90 223 0 3 0 0 74 55 0 1 0 1 85 64 0 1 0 1 58 224 0 1 0 1 73 65 1 5 0 2 72 45 0 1 0 2 54 75 1 5 1 25 68
3/4 35 0 1 0 0 79 13 0 3 0 0 86 65 0 1 0 1 84 64 0 1 0 1 44 14 0 1 0 1 78 75 1 5 0 2 83 35 0 1 0 2 67 15 1 5 1 25 89
3/4 225 0 1 0 0 93 73 0 2 0 0 73 225 1 5 0 1 85 44 0 1 0 1 51 74 0 1 0 1 79 15 1 5 1 15 75 75 1 5 0 2 74 34 0 1 0 2 55 65 1 5 1 25 73
3/4 65 0 1 0 0 86 63 0 1 0 0 89 34 0 1 0 1 53 64 0 1 0 1 77 14 0 1 0 2 65
3/4 63 0 3 0 0 87 34 0 1 0 1 57 64 0 1 0 1 74 15 1 5 0 2 85 225 1 5 1 25 86
3/4 36 0 1 0 0 92 63 0 3 0 0 77 36 0 1 0 1 101 34 0 1 0 1 55 64 0 1 0 1 79 36 2 75 0 2 93
3/4 36 0 1 0 0 94 54 0 1 0 0 44 34 0 3 0 0 88 36 1 5 0 1 93 74 0 1 0 1 89 46 1 5 1 15 80 36 1 5 0 2 77 55 0 1 0 2 57 225 1 5 1 25 82
3/4 15 0 1 0 0 90 44 0 3 0 0 89 15 0 1 0 1 80 64 0 1 0 1 72 15 0 1 0 2 84 45 0 1 0 2 60
3/4 15 0 1 0 0 90 13 0 3 0 0 78 15 1 5 0 1 91 54 0 1 0 1 45 14 0 1 0 1 76 225 1 5 1 15 81 15 1 5 0 2 90 35 0 1 0 2 61 75 1 5 1 25 77
3/4 65 2 75 0 0 95 44 0 3 0 0 90 65 0 1 0 1 82 14 0 1 0 1 40 45 0 1 0 1 79 65 1 5 0 2 75 64 0 1 0 2 56 55 1 5 1 25 67
3/4 45 0 1 0 0 88 223 0 3 0 0 78 55 0 1 0 1 88 64 0 1 0 1 74 55 1 5 0 2 77 224 0 1 0 2 56 65 1 5 1 25 83
3/4 75 0 1 0 0 85 73 0 1 0 0 89 224 0 1 0 0 69 75 1 5 0 1 95 44 0 1 0 1 55 74 0 1 0 1 69 15 1 5 1 15 73 75 1 5 0 2 75 224 0 1 0 2 58 15 1 5 1 25 68
3/4 55 0 1 0 0 65 75 0 1 0 0 99 34 0 3 0 0 89 74 0 1 0 1 49 35 0 1 0 1 70 15 1 5 0 2 74 55 0 1 0 2 52 225 1 5 1 25 92
3/4 36 0 1 0 0 97 63 0 3 0 0 91 36 0 1 0 1 85 34 0 1 0 1 53 64 0 1 0 1 78 36 0 1 0 2 74 14 0 1 0 2 55
3/4 36 0 1 0 0 107 54 0 1 0 0 64 34 0 3 0 0 75 36 1 5 0 1 106 74 0 1 0 1 75 46 1 5 1 15 80 36 1 5 0 2 94 55 0 1 0 2 46 225 1 5 1 25 81
3/4 15 0 1 0 0 80 44 0 3 0 0 93 15 0 1 0 1 89 14 0 1 0 1 84 15 0 1 0 2 79 65 0 1 0 2 60
3/4 15 1 5 0 0 90 13 0 3 0 0 84 225 1 5 1 5 86 15 1 5 0 1 97 54 0 1 0 1 80 75 1 5 1 15 66 65 1 5 0 2 80 35 0 1 0 2 64 55 1 5 1 25 79
3/4 45 2 75 0 0 93 223 0 3 0 0 77 45 1 5 0 1 91 64 0 1 0 1 43 224 0 1 0 1 77 55 1 5 1 15 84 65 1 5 0 2 88 45 0 1 0 2 63 75 1 5 1 25 78
3/4 35 0 1 0 0 89 13 0 3 0 0 80 65 0 1 0 1 82 64 0 1 0 1 51 14 0 1 0 1 91 75 1 5 0 2 83 35 0 1 0 2 65 15 1 5 1 25 78
3/4 75 3 1333 0 0 89 223 0 2 0 0 85 44 0 1 0 1 48 74 0 1 0 1 79 75 1 5 1 15 61 75 1 5 0 2 88 34 0 1 0 2 59 65 1 5 1 25 61
3/4 65 0 1 0 0 80 63 0 1 0 0 62 64 0 1 0 1 50 14 0 1 0 1 73
3/4 63 0 3 0 0 77 34 0 1 0 1 52 64 0 1 0 1 70 14 0 1 0 2 60
3/4 63 0 3 0 0 87 34 0 1 0 1 36 64 0 1 0 1 85 14 0 1 0 2 48
3/4 63 0 3 0 0 80 34 0 1 0 1 38 64 0 1 0 1 82 14 0 1 0 2 56
3/4 63 0 3 0 0 75 34 0 1 0 1 35 64 0 1 0 1 73 65 1 5 0 2 94 14 0 1 0 2 60 75 1 5 1 25 92
3/4 15 1 5 0 0 122 62 0 1 0 0 96 65 1 5 1 5 99 36 1 15 0 1 99 33 0 1 0 1 84 13 0 1 0 2 48 15 1 5 1 25 96
3/4 75 0 1 0 0 108 33 0 1 0 0 97 55 0 3 0 0 58 36 0 1 0 1 108 73 0 1 0 1 43 75 0 1 0 2 80 54 0 1 0 2 59
3/4 65 1 5 0 0 110 43 0 1 0 0 89 45 1 5 1 5 88 15 1 15 0 1 94 13 0 1 0 1 50 64 0 1 0 2 54 65 1 5 1 25 88
3/4 55 2 175 0 0 92 12 0 3 0 0 97 53 0 1 0 1 56 34 0 1 0 1 79 55 0 1 0 2 84
3/4 45 0 1 0 0 103 222 0 1 0 0 97 55 0 1 0 1 97 63 0 1 0 1 47 65 1 5 0 2 84 44 0 1 0 2 57 75 1 5 1 25 90
3/4 35 0 1 0 0 94 12 0 1 0 0 96 65 0 1 0 1 115 63 0 1 0 1 47 75 1 5 0 2 90 34 0 1 0 2 47 15 1 5 1 25 101
3/4 225 0 1 0 0 126 72 0 1 0 0 104 45 0 3 0 0 68 225 1 5 0 1 107 43 0 1 0 1 92 15 1 5 1 15 84 75 1 5 0 2 89 223 0 1 0 2 55 65 1 5 1 25 80
3/4 75 0 2 0 0 99 33 0 1 0 0 102 73 0 1 0 1 48 54 0 1 0 1 69 65 1 5 0 2 98 75 1 5 1 25 69
3/4 15 1 5 0 0 110 62 0 1 0 0 86 65 1 5 1 5 80 36 1 15 0 1 87 33 0 1 0 1 87 13 0 1 0 2 64 15 1 5 1 25 80
3/4 75 0 1 0 0 109 33 0 1 0 0 102 55 0 3 0 0 57 36 0 1 0 1 104 73 0 1 0 1 50 75 0 1 0 2 90 54 0 1 0 2 51
3/4 65 1 5 0 0 97 43 0 1 0 0 99 45 1 5 1 5 87 45 0 1 0 1 100 13 0 1 0 1 49 55 1 5 0 2 100 64 0 1 0 2 63 65 1 5 1 25 85
3/4 35 2 175 0 0 92 12 0 3 0 0 95 53 0 1 0 1 62 34 0 1 0 1 76 35 0 1 0 2 91
3/4 45 0 1 0 0 103 222 0 1 0 0 89 55 0 1 0 1 93 63 0 1 0 1 44 65 1 5 0 2 78 44 0 1 0 2 52 75 1 5 1 25 80
3/4 35 0 1 0 0 101 12 0 1 0 0 94 65 0 1 0 1 103 63 0 1 0 1 60 75 1 5 0 2 87 34 0 1 0 2 57 15 1 5 1 25 82
3/4 225 0 1 0 0 115 72 0 2 0 0 97 45 0 3 0 0 68 225 1 5 0 1 107 43 0 1 0 1 36 223 0 1 0 1 60 15 1 5 1 15 78 75 1 5 0 2 79 33 0 1 0 2 45 65 1 5 1 25 81
3/4 14 0 1 0 0 73 65 0 1 0 0 93 62 0 1 0 0 90 33 0 1 0 1 77 13 0 1 0 2 50
3/4 62 0 1 0 0 87 33 0 1 0 1 85 15 1 5 0 2 88 13 0 1 0 2 58 225 1 5 1 25 83
3/4 36 0 1 0 0 110 62 0 1 0 0 77 15 0 3 0 0 74 36 0 1 0 1 106 33 0 1 0 1 66 36 0 1 0 2 96 13 0 1 0 2 51
3/4 36 0 1 0 0 106 33 0 1 0 0 78 55 0 3 0 0 65 36 1 5 0 1 102 73 0 1 0 1 44 46 1 5 1 15 93 36 1 5 0 2 98 54 0 1 0 2 51 225 1 5 1 25 89
3/4 15 0 1 0 0 96 43 0 1 0 0 94 65 0 3 0 0 71 15 0 1 0 1 86 13 0 1 0 1 59 15 0 1 0 2 91 64 0 1 0 2 59
3/4 15 0 1 0 0 102 12 0 1 0 0 78 35 0 3 0 0 66 15 0 1 0 1 88 53 0 1 0 1 69 225 3 333 0 2 91 34 0 1 0 2 50 15 3 333 3 2333 77 75 3 333 3 2667 69
3/4 65 2 75 0 0 103 43 0 1 0 0 94 65 0 1 0 1 82 13 0 1 0 1 47 65 1 5 0 2 81 64 0 1 0 2 56 55 1 5 1 25 82
3/4 45 0 1 0 0 95 222 0 1 0 0 86 224 0 3 0 0 63 55 0 1 0 1 103 63 0 1 0 1 49 55 1 5 0 2 83 44 0 1 0 2 49 65 1 5 1 25 80
3/4 75 0 1 0 0 102 72 0 1 0 0 78 224 0 3 0 0 72 75 1 5 0 1 84 43 0 1 0 1 78 15 1 5 1 15 75 75 1 5 0 2 82 223 0 1 0 2 61 15 1 5 1 25 77
3/4 55 0 1 0 0 76 75 0 1 0 0 98 33 0 1 0 0 86 73 0 1 0 1 61 15 1 5 0 2 93 54 0 1 0 2 59 225 1 5 1 25 86
3/4 36 0 1 0 0 108 62 0 1 0 0 91 15 0 3 0 0 64 36 0 1 0 1 94 33 0 1 0 1 85 36 0 1 0 2 83 13 0 1 0 2 54
3/4 36 0 1 0 0 99 33 0 1 0 0 79 55 0 3 0 0 67 36 1 5 0 1 111 73 0 1 0 1 49 46 1 5 1 15 81 36 1 5 0 2 90 54 0 1 0 2 59 225 1 5 1 25 81
3/4 15 0 1 0 0 102 43 0 1 0 0 83 65 0 3 0 0 62 15 0 1 0 1 86 13 0 1 0 1 58 15 0 1 0 2 72 64 0 1 0 2 57
3/4 15 1 5 0 0 101 12 0 1 0 0 89 35 0 3 0 0 65 225 1 5 1 5 83 15 1 5 0 1 97 53 0 1 0 1 78 75 1 5 1 15 67 65 1 5 0 2 94 34 0 1 0 2 58 55 1 5 1 25 76
3/4 45 2 75 0 0 84 222 0 1 0 0 91 45 1 5 0 1 92 63 0 1 0 1 60 55 1 5 1 15 74 65 1 5 0 2 86 44 0 1 0 2 64 75 1 5 1 25 64
3/4 35 0 1 0 0 87 12 0 1 0 0 82 65 0 1 0 1 93 63 0 1 0 1 59 75 1 5 0 2 95 34 0 1 0 2 48 15 1 5 1 25 78
3/4 75 3 1333 0 0 88 72 0 2 0 0 78 45 0 3 0 0 57 43 0 1 0 1 37 223 0 1 0 1 50 75 1 5 1 15 78 75 1 5 0 2 98 33 0 1 0 2 58 65 1 5 1 25 67
3/4 14 0 1 0 0 81 65 0 1 0 0 85 62 0 1 0 0 93 33 0 1 0 1 55 13 0 1 0 1 73
3/4 62 0 1 0 0 92 33 0 1 0 1 78 13 0 1 0 2 62
3/4 62 0 1 0 0 86 33 0 1 0 1 79 65 1 5 0 2 100 13 0 1 0 2 55 75 1 5 1 25 81
3/4 15 1 5 0 0 116 62 0 1 0 0 96 65 1 5 1 5 97 36 1 15 0 1 111 33 0 1 0 1 78 13 0 1 0 2 46 15 1 5 1 25 88
3/4 75 0 1 0 0 120 33 0 1 0 0 96 55 0 3 0 0 58 36 0 1 0 1 114 73 0 1 0 1 50 75 0 1 0 2 82 54 0 1 0 2 49
3/4 65 1 5 0 0 97 43 0 1 0 0 106 45 1 5 1 5 91 15 1 15 0 1 107 13 0 1 0 1 58 64 0 1 0 2 57 65 1 5 1 25 95
3/4 55 2 175 0 0 82 12 0 3 0 0 87 53 0 1 0 1 46 34 0 1 0 1 75 55 0 1 0 2 84
3/4 45 0 1 0 0 110 222 0 1 0 0 105 55 0 1 0 1 103 63 0 1 0 1 60 65 1 5 0 2 97 44 0 1 0 2 58 75 1 5 1 25 76
3/4 35 0 1 0 0 110 12 0 1 0 0 104 65 0 1 0 1 98 63 0 1 0 1 44 75 1 5 0 2 95 34 0 1 0 2 57 15 1 5 1 25 106
3/4 225 0 1 0 0 114 72 0 1 0 0 90 45 0 3 0 0 72 225 1 5 0 1 114 43 0 1 0 1 83 15 1 5 1 15 80 75 1 5 0 2 84 223 0 1 0 2 65 65 1 5 1 25 77
3/4 75 0 2 0 0 97 33 0 1 0 0 101 73 0 1 0 1 53 54 0 1 0 1 78 65 1 5 0 2 94 75 1 5 1 25 73
3/4 15 1 5 0 0 105 62 0 1 0 0 95 65 1 5 1 5 92 36 1 15 0 1 99 33 0 1 0 1 80 13 0 1 0 2 56 15 1 5 1 25 81
3/4 75 0 1 0 0 103 33 0 1 0 0 102 55 0 3 0 0 61 36 0 1 0 1 109 73 0 1 0 1 52 75 0 1 0 2 74 54 0 1 0 2 52
3/4 65 1 5 0 0 92 43 0 1 0 0 88 45 1 5 1 5 81 45 0 1 0 1 89 13 0 1 0 1 59 55 1 5 0 2 90 64 0 1 0 2 64 65 1 5 1 25 84
3/4 35 2 175 0 0 80 12 0 3 0 0 102 53 0 1 0 1 65 34 0 1 0 1 77 35 0 1 0 2 90
3/4 45 0 1 0 0 101 222 0 1 0 0 102 55 0 1 0 1 87 63 0 1 0 1 69 65 1 5 0 2 73 44 0 1 0 2 62 75 1 5 1 25 82
3/4 35 0 1 0 0 91 12 0 1 0 0 87 65 0 1 0 1 106 63 0 1 0 1 67 75 1 5 0 2 76 34 0 1 0 2 69 15 1 5 1 25 100
3/4 225 0 1 0 0 100 72 0 2 0 0 95 45 0 3 0 0 54 225 1 5 0 1 94 43 0 1 0 1 61 223 0 1 0 1 73 15 1 5 1 15 74 75 1 5 0 2 96 33 0 1 0 2 68 65 1 5 1 25 74
3/4 14 0 1 0 0 77 65 0 1 0 0 81 63 0 1 0 0 82 34 0 1 0 1 50 64 0 1 0 1 78 14 0 1 0 2 76
3/4 63 0 3 0 0 97 34 0 1 0 1 59 64 0 1 0 1 85 14 0 1 0 2 73
3/4 63 0 3 0 0 80 34 0 1 0 1 55 64 0 1 0 1 78 64 0 1 0 2 55 14 0 1 0 2 75
3/4 14 0 1 0 0 51 35 0 1 0 0 93 35 0 1 0 1 36 65 0 1 0 1 71 15 1 5 0 2 70 65 0 1 0 2 45 225 1 5 1 25 68
3/4 36 0 1 0 0 95 63 0 3 0 0 89 36 0 1 0 1 77 34 0 1 0 1 48 64 0 1 0 1 78 36 2 75 0 2 70
3/4 36 0 1 0 0 95 54 0 1 0 0 52 34 0 3 0 0 78 36 1 5 0 1 87 74 0 1 0 1 72 46 1 5 1 15 83 36 1 5 0 2 76 55 0 1 0 2 47 225 1 5 1 25 68
3/4 15 0 1 0 0 87 44 0 3 0 0 91 15 0 1 0 1 75 64 0 1 0 1 71 15 0 1 0 2 68 45 0 1 0 2 54
3/4 15 0 1 0 0 76 13 0 3 0 0 89 15 1 5 0 1 82 54 0 1 0 1 52 14 0 1 0 1 78 225 1 5 1 15 66 15 1 5 0 2 70 35 0 1 0 2 57 75 1 5 1 25 68
3/4 65 2 75 0 0 88 44 0 3 0 0 85 65 0 1 0 1 83 14 0 1 0 1 55 45 0 1 0 1 78 65 1 5 0 2 86 64 0 1 0 2 62 55 1 5 1 25 64
3/4 45 0 1 0 0 80 223 0 3 0 0 77 55 0 1 0 1 71 64 0 1 0 1 77 55 1 5 0 2 80 224 0 1 0 2 54 65 1 5 1 25 62
3/4 75 0 1 0 0 86 73 0 1 0 0 79 224 0 1 0 0 71 75 1 5 0 1 77 44 0 1 0 1 40 74 0 1 0 1 80 15 1 5 1 15 71 75 1 5 0 2 79 224 0 1 0 2 59 15 1 5 1 25 78
3/4 55 0 1 0 0 57 75 0 1 0 0 83 34 0 3 0 0 79 74 0 1 0 1 37 35 0 1 0 1 83 15 1 5 0 2 73 55 0 1 0 2 48 225 1 5 1 25 78
3/4 36 0 1 0 0 100 63 0 3 0 0 81 36 0 1 0 1 91 34 0 1 0 1 54 64 0 1 0 1 86 36 0 1 0 2 71 14 0 1 0 2 50
3/4 36 0 1 0 0 92 54 0 1 0 0 50 34 0 3 0 0 76 36 1 5 0 1 87 74 0 1 0 1 89 46 1 5 1 15 75 36 1 5 0 2 89 55 0 1 0 2 51 225 1 5 1 25 64
3/4 15 0 1 0 0 74 44 0 3 0 0 75 15 0 1 0 1 72 14 0 1 0 1 85 15 0 1 0 2 78 65 0 1 0 2 59
3/4 15 1 5 0 0 76 13 0 3 0 0 72 225 1 5 1 5 76 15 1 5 0 1 90 54 0 1 0 1 70 75 1 5 1 15 79 65 1 5 0 2 77 35 0 1 0 2 47 55 1 5 1 25 61
3/4 45 2 75 0 0 88 223 0 3 0 0 85 45 1 5 0 1 75 64 0 1 0 1 48 224 0 1 0 1 86 55 1 5 1 15 82 65 1 5 0 2 77 45 0 1 0 2 63 75 1 5 1 25 75
3/4 35 0 1 0 0 85 13 0 3 0 0 81 65 0 1 0 1 79 64 0 1 0 1 35 14 0 1 0 1 77 75 1 5 0 2 78 35 0 1 0 2 55 15 1 5 1 25 74
3/4 75 0 1 0 0 79 223 0 1 0 0 76 44 0 1 0 1 44 74 0 1 0 1 80 75 1 5 0 2 76 34 0 1 0 2 60 65 1 5 1 25 68
3/4 65 0 1 0 0 71 63 0 1 0 0 80 34 0 1 0 1 42 64 0 1 0 1 79 14 0 1 0 2 50
3/4 63 0 3 0 0 84 34 0 1 0 1 51 64 0 1 0 1 89 14 0 1 0 2 61
3/4 63 0 3 0 0 97 34 0 1 0 1 35 64 0 1 0 1 75 64 0 1 0 2 62 14 0 1 0 2 51
3/4 14 0 1 0 0 63 35 0 1 0 0 47 35 0 1 0 1 35 65 0 1 0 1 46 65 0 1 0 2 43 15 0 1 0 2 53
3/4 63 0 1 0 0 51 34 0 1 0 0 63 35 0 1 2 25 51 15 0 1 2 25 64
