6/8 63 1 5 0 0 60 34 0 1 1 5 60 64 1 5 1 5 60 14 1 5 0 1 60 63 1 5 1 15 60 34 0 1 0 2 60 64 1 5 0 2 60 14 1 5 1 25 60
6/8 63 1 5 0 0 60 34 0 1 1 5 60 64 1 5 1 5 60 14 1 5 0 1 60 63 1 5 1 15 60 34 0 1 0 2 60 64 1 5 0 2 60 14 1 5 1 25 60
6/8 63 1 5 0 0 60 34 0 1 1 5 60 64 1 5 1 5 60 14 1 5 0 1 60 34 1 5 1 15 60 74 0 1 0 2 60 35 1 5 0 2 60 55 1 5 1 25 60
6/8 44 1 5 0 0 60 64 0 1 1 5 60 14 1 5 1 5 60 45 1 5 0 1 60 13 1 5 1 15 60 34 0 1 0 2 60 54 1 5 0 2 60 14 1 5 1 25 60
6/8 223 1 5 0 0 60 44 0 1 1 5 60 64 1 5 1 5 60 224 1 5 0 1 60 13 1 5 1 15 60 34 0 1 0 2 60 64 1 5 0 2 60 14 1 5 1 25 60
6/8 73 1 5 0 0 60 44 0 1 1 5 60 74 1 5 1 5 60 224 1 5 0 1 60 34 1 5 1 15 60 54 0 1 0 2 60 74 1 5 0 2 60 35 1 5 1 25 60
6/8 63 1 5 0 0 60 34 0 1 1 5 60 64 1 5 1 5 60 14 1 5 0 1 60 34 1 5 1 15 60 74 0 1 0 2 60 35 1 5 0 2 60 55 1 5 1 25 60
6/8 44 1 5 0 0 60 64 0 1 1 5 60 14 1 5 1 5 60 45 1 5 0 1 60 13 1 5 1 15 60 34 0 1 0 2 60 54 1 5 0 2 60 14 1 5 1 25 60
6/8 223 1 5 0 0 60 44 0 1 1 5 60 64 1 5 1 5 60 224 1 5 0 1 60 13 1 5 1 15 60 34 0 1 0 2 60 64 1 5 0 2 60 14 1 5 1 25 60
6/8 73 1 5 0 0 60 44 0 1 1 5 60 74 0 1 1 5 60 54 0 1 0 1 60 35 0 1 0 1 60 63 1 5 1 15 60 34 0 1 0 2 60 64 1 5 0 2 60 14 1 5 1 25 60
6/8 63 1 5 0 0 60 34 0 1 1 5 60 64 1 5 1 5 60 14 1 5 0 1 60 63 1 5 1 15 60 34 0 1 0 2 60 64 1 5 0 2 60 14 1 5 1 25 60
6/8 34 1 5 0 0 60 74 0 1 1 5 60 35 1 5 1 5 60 55 1 5 0 1 60 44 1 5 1 15 60 64 0 1 0 2 60 14 1 5 0 2 60 45 1 5 1 25 60
6/8 13 1 5 0 0 60 34 0 1 1 5 60 54 1 5 1 5 60 14 1 5 0 1 60 44 1 5 1 15 60 14 0 1 0 2 60 45 0 1 0 2 60 44 1 5 1 25 60
6/8 223 1 5 0 0 60 64 0 1 1 5 60 224 0 1 1 5 60 223 1 5 0 1 60 73 1 5 1 15 60 223 0 1 0 2 60 44 0 1 0 2 60 73 1 5 1 25 60
6/8 34 1 5 0 0 60 54 0 1 1 5 60 74 1 5 1 5 60 35 1 5 0 1 60 63 1 5 1 15 60 34 0 1 0 2 60 64 1 5 0 2 60 14 1 5 1 25 60
6/8 34 1 5 0 0 60 74 0 1 1 5 60 35 1 5 1 5 60 55 1 5 0 1 60 44 1 5 1 15 60 64 0 1 0 2 60 14 1 5 0 2 60 45 1 5 1 25 60
6/8 13 1 5 0 0 60 34 0 1 1 5 60 54 1 5 1 5 60 14 1 5 0 1 60 223 1 5 1 15 60 44 0 1 0 2 60 64 1 5 0 2 60 224 1 5 1 25 60
6/8 13 1 5 0 0 60 34 0 1 1 5 60 64 1 5 1 5 60 14 1 5 0 1 60 223 1 5 1 15 60 74 0 1 0 2 60 35 1 5 0 2 60 55 1 5 1 25 60
6/8 63 1 5 0 0 60 34 0 1 1 5 60 64 1 5 1 5 60 14 1 5 0 1 60 63 1 5 1 15 60 34 0 1 0 2 60 64 1 5 0 2 60 14 1 5 1 25 60
6/8 63 1 5 0 0 60 34 0 1 1 5 60 64 1 5 1 5 60 14 1 5 0 1 60 63 1 5 1 15 60 34 0 1 0 2 60 64 1 5 0 2 60 14 1 5 1 25 60
6/8 34 1 5 0 0 60 74 0 1 1 5 60 35 1 5 1 5 60 55 1 5 0 1 60 44 1 5 1 15 60 64 0 1 0 2 60 14 1 5 0 2 60 45 1 5 1 25 60
6/8 13 1 5 0 0 60 34 0 1 1 5 60 54 1 5 1 5 60 14 1 5 0 1 60 223 1 5 1 15 60 44 0 1 0 2 60 64 1 5 0 2 60 224 1 5 1 25 60
6/8 13 1 5 0 0 60 34 0 1 1 5 60 64 1 5 1 5 60 14 1 5 0 1 60 73 1 5 1 15 60 44 0 1 0 2 60 74 1 5 0 2 60 224 1 5 1 25 60
6/8 34 1 5 0 0 60 54 0 1 1 5 60 74 1 5 1 5 60 35 1 5 0 1 60 63 1 5 1 15 60 34 0 1 0 2 60 64 1 5 0 2 60 14 1 5 1 25 60
6/8 34 1 5 0 0 60 74 0 1 1 5 60 35 1 5 1 5 60 55 1 5 0 1 60 44 1 5 1 15 60 64 0 1 0 2 60 14 1 5 0 2 60 45 1 5 1 25 60
6/8 13 1 5 0 0 60 34 0 1 1 5 60 54 1 5 1 5 60 14 1 5 0 1 60 223 1 5 1 15 60 44 0 1 0 2 60 64 1 5 0 2 60 224 1 5 1 25 60
6/8 13 1 5 0 0 60 34 0 1 1 5 60 64 1 5 1 5 60 14 1 5 0 1 60 73 1 5 1 15 60 44 0 1 0 2 60 74 0 1 0 2 60 34 0 1 1 25 60 35 0 1 1 25 60
6/8 63 1 5 0 0 60 34 0 1 1 5 60 64 1 5 1 5 60 14 1 5 0 1 60 63 1 5 1 15 60 34 0 1 0 2 60 64 1 5 0 2 60 14 1 5 1 25 60
6/8 63 1 5 0 0 60 34 0 1 1 5 60 64 1 5 1 5 60 14 1 5 0 1 60 63 1 5 1 15 60 34 0 1 0 2 60 64 1 5 0 2 60 14 1 5 1 25 60
6/8 34 1 5 0 0 60 74 0 1 1 5 60 35 1 5 1 5 60 55 1 5 0 1 60 44 1 5 1 15 60 64 0 1 0 2 60 14 1 5 0 2 60 45 1 5 1 25 60
6/8 13 1 5 0 0 60 34 0 1 1 5 60 54 1 5 1 5 60 14 1 5 0 1 60 44 1 5 1 15 60 14 0 1 0 2 60 45 0 1 0 2 60 44 1 5 1 25 60
6/8 223 1 5 0 0 60 64 0 1 1 5 60 224 0 1 1 5 60 223 1 5 0 1 60 73 1 5 1 15 60 223 0 1 0 2 60 44 0 1 0 2 60 73 1 5 1 25 60
6/8 34 1 5 0 0 60 54 0 1 1 5 60 74 1 5 1 5 60 35 1 5 0 1 60 63 1 5 1 15 60 34 0 1 0 2 60 64 1 5 0 2 60 14 1 5 1 25 60
6/8 34 1 5 0 0 60 74 0 1 1 5 60 35 1 5 1 5 60 55 1 5 0 1 60 44 1 5 1 15 60 64 0 1 0 2 60 14 1 5 0 2 60 45 1 5 1 25 60
6/8 13 1 5 0 0 60 34 0 1 1 5 60 54 1 5 1 5 60 14 1 5 0 1 60 223 1 5 1 15 60 44 0 1 0 2 60 64 1 5 0 2 60 224 1 5 1 25 60
6/8 13 1 5 0 0 60 34 0 1 1 5 60 64 1 5 1 5 60 14 1 5 0 1 60 223 1 5 1 15 60 74 0 1 0 2 60 35 0 1 0 2 60 34 0 1 1 25 60 224 0 1 1 25 60
6/8 63 1 5 0 0 60 34 0 1 1 5 60 64 1 5 1 5 60 14 1 5 0 1 60 63 1 5 1 15 60 34 0 1 0 2 60 64 1 5 0 2 60 14 1 5 1 25 60
6/8 63 1 5 0 0 60 34 0 1 1 5 60 64 1 5 1 5 60 14 1 5 0 1 60 63 1 5 1 15 60 34 0 1 0 2 60 64 1 5 0 2 60 14 1 5 1 25 60
6/8 63 1 5 0 0 60 34 0 1 1 5 60 64 1 5 1 5 60 14 1 5 0 1 60 34 1 5 1 15 60 74 0 1 0 2 60 35 1 5 0 2 60 55 1 5 1 25 60
6/8 44 1 5 0 0 60 64 0 1 1 5 60 14 1 5 1 5 60 45 1 5 0 1 60 13 1 5 1 15 60 34 0 1 0 2 60 54 1 5 0 2 60 14 1 5 1 25 60
6/8 223 1 5 0 0 60 44 0 1 1 5 60 64 1 5 1 5 60 224 1 5 0 1 60 13 1 5 1 15 60 34 0 1 0 2 60 64 1 5 0 2 60 14 1 5 1 25 60
6/8 73 1 5 0 0 60 44 0 1 1 5 60 74 1 5 1 5 60 224 1 5 0 1 60 34 1 5 1 15 60 54 0 1 0 2 60 74 1 5 0 2 60 35 1 5 1 25 60
6/8 63 1 5 0 0 60 34 0 1 1 5 60 64 1 5 1 5 60 14 1 5 0 1 60 34 1 5 1 15 60 74 0 1 0 2 60 35 1 5 0 2 60 55 1 5 1 25 60
6/8 44 1 5 0 0 60 64 0 1 1 5 60 14 1 5 1 5 60 45 1 5 0 1 60 13 1 5 1 15 60 34 0 1 0 2 60 54 1 5 0 2 60 74 1 5 1 25 60
6/8 223 1 5 0 0 60 44 0 1 1 5 60 64 1 5 1 5 60 224 1 5 0 1 60 13 1 5 1 15 60 34 0 1 0 2 60 64 0 1 0 2 60 64 0 1 1 25 60 14 0 1 1 25 60
6/8 73 1 5 0 0 60 44 0 1 1 5 60 74 0 1 1 5 60 54 0 1 0 1 60 35 0 1 0 1 60 63 1 5 1 15 60 34 0 1 0 2 60 64 1 5 0 2 60 14 1 5 1 25 60
6/8 63 1 5 0 0 60 34 0 1 1 5 60 64 1 5 1 5 60 14 1 5 0 1 60 63 1 5 1 15 60 34 0 1 0 2 60 64 1 5 0 2 60 14 1 5 1 25 60
6/8 34 1 5 0 0 60 74 0 1 1 5 60 35 1 5 1 5 60 55 1 5 0 1 60 44 1 5 1 15 60 64 0 1 0 2 60 14 1 5 0 2 60 45 1 5 1 25 60
6/8 13 1 5 0 0 60 34 0 1 1 5 60 54 1 5 1 5 60 14 1 5 0 1 60 44 1 5 1 15 60 64 0 1 0 2 60 45 0 1 0 2 60 44 1 5 1 25 60
6/8 223 1 5 0 0 60 64 0 1 1 5 60 224 0 1 1 5 60 223 1 5 0 1 60 73 1 5 1 15 60 223 0 1 0 2 60 44 0 1 0 2 60 73 1 5 1 25 60
6/8 34 1 5 0 0 60 54 0 1 1 5 60 74 1 5 1 5 60 35 1 5 0 1 60 63 1 5 1 15 60 34 0 1 0 2 60 64 1 5 0 2 60 14 1 5 1 25 60
6/8 34 1 5 0 0 60 74 0 1 1 5 60 55 0 1 1 5 60 35 0 1 0 1 60 75 0 1 0 1 60 44 1 5 1 15 60 64 0 1 0 2 60 14 1 5 0 2 60 45 1 5 1 25 60
6/8 13 1 5 0 0 60 54 0 1 1 5 60 35 0 1 1 5 60 14 0 1 0 1 60 55 0 1 0 1 60 223 1 5 1 15 60 44 0 1 0 2 60 64 1 5 0 2 60 224 1 5 1 25 60
6/8 13 1 5 0 0 60 34 0 1 1 5 60 64 1 5 1 5 60 14 1 5 0 1 60 223 1 5 1 15 60 74 0 1 0 2 60 35 0 1 0 2 60 34 0 1 1 25 60 224 0 1 1 25 60
6/8 63 1 5 0 0 60 34 0 1 1 5 60 64 1 5 1 5 60 14 1 5 0 1 60 63 1 5 1 15 60 34 0 1 0 2 60 64 1 5 0 2 60 14 1 5 1 25 60
6/8 73 1 5 0 0 60 44 0 1 1 5 60 74 1 5 1 5 60 24 1 5 0 1 60 73 1 5 1 15 60 44 0 1 0 2 60 74 1 5 0 2 60 24 1 5 1 25 60
6/8 44 1 5 0 0 60 14 0 1 1 5 60 45 1 5 1 5 60 615 1 5 0 1 60 54 1 5 1 15 60 74 0 1 0 2 60 24 1 5 0 2 60 55 1 5 1 25 60
6/8 23 1 5 0 0 60 44 0 1 1 5 60 614 1 5 1 5 60 24 1 5 0 1 60 34 1 5 1 15 60 54 0 1 0 2 60 74 1 5 0 2 60 35 1 5 1 25 60
6/8 23 1 5 0 0 60 44 0 1 1 5 60 74 1 5 1 5 60 24 1 5 0 1 60 13 1 5 1 15 60 54 0 1 0 2 60 14 1 5 0 2 60 35 1 5 1 25 60
6/8 44 1 5 0 0 60 614 0 1 1 5 60 14 1 5 1 5 60 45 1 5 0 1 60 73 1 5 1 15 60 44 0 1 0 2 60 74 1 5 0 2 60 24 1 5 1 25 60
6/8 44 1 5 0 0 60 14 0 1 1 5 60 45 1 5 1 5 60 615 1 5 0 1 60 54 1 5 1 15 60 74 0 1 0 2 60 24 1 5 0 2 60 55 1 5 1 25 60
6/8 23 1 5 0 0 60 44 0 1 1 5 60 614 1 5 1 5 60 24 1 5 0 1 60 34 1 5 1 15 60 54 0 1 0 2 60 74 1 5 0 2 60 35 1 5 1 25 60
6/8 23 1 15 0 0 60 44 0 1 1 5 60 24 0 1 1 5 60 34 1 5 1 15 60 54 0 1 0 2 60 74 1 5 0 2 60 35 1 5 1 25 60
6/8 23 1 15 0 0 60 44 0 1 1 5 60 24 0 1 1 5 60 34 1 5 1 15 60 54 0 1 0 2 60 74 1 5 0 2 60 35 1 5 1 25 60
6/8 23 1 5 0 0 60 44 0 1 1 5 60 74 1 5 1 5 60 24 1 5 0 1 60 13 1 5 1 15 60 44 0 1 0 2 60 614 0 1 0 2 60 614 0 1 1 25 60 45 0 1 1 25 60
6/8 73 1 5 0 0 60 44 0 1 1 5 60 74 1 5 1 5 60 24 1 5 0 1 60 73 1 5 1 15 60 44 0 1 0 2 60 74 1 5 0 2 60 24 1 5 1 25 60
6/8 73 1 5 0 0 60 44 0 1 1 5 60 74 1 5 1 5 60 24 1 5 0 1 60 24 0 1 1 15 60 45 0 1 1 15 60 24 0 1 0 2 60 75 0 1 0 2 60 45 0 1 1 25 60 75 0 1 1 25 60
6/8 73 1 5 0 0 60 44 0 1 1 5 60 74 1 5 1 5 60 24 1 5 0 1 60 44 1 5 1 15 60 14 0 1 0 2 60 45 1 5 0 2 60 615 1 5 1 25 60
6/8 54 1 5 0 0 60 74 0 1 1 5 60 24 1 5 1 5 60 55 1 5 0 1 60 23 1 5 1 15 60 44 0 1 0 2 60 614 1 5 0 2 60 24 1 5 1 25 60
6/8 54 1 5 0 0 60 24 0 1 1 5 60 55 0 1 1 5 60 54 1 5 0 1 60 34 1 5 1 15 60 74 0 1 0 2 60 35 0 1 0 2 60 34 1 5 1 25 60
6/8 13 1 5 0 0 60 34 0 1 1 5 60 54 0 1 1 5 60 13 1 5 0 1 60 44 1 5 1 15 60 614 0 1 0 2 60 14 1 5 0 2 60 45 1 5 1 25 60
6/8 73 1 5 0 0 60 44 0 1 1 5 60 74 1 5 1 5 60 24 1 5 0 1 60 44 1 5 1 15 60 14 0 1 0 2 60 45 1 5 0 2 60 615 1 5 1 25 60
6/8 54 1 5 0 0 60 74 0 1 1 5 60 24 1 5 1 5 60 55 1 5 0 1 60 23 1 5 1 15 60 44 0 1 0 2 60 614 1 5 0 2 60 24 1 5 1 25 60
6/8 34 1 5 0 0 60 54 0 1 1 5 60 74 1 5 1 5 60 35 1 5 0 1 60 23 1 5 1 15 60 44 0 1 0 2 60 74 1 5 0 2 60 24 1 5 1 25 60
6/8 34 1 5 0 0 60 14 0 1 1 5 60 45 0 1 1 5 60 44 0 1 0 1 60 35 0 1 0 1 60 73 1 5 1 15 60 44 0 1 0 2 60 74 1 5 0 2 60 24 1 5 1 25 60
6/8 73 1 5 0 0 60 44 0 1 1 5 60 74 1 5 1 5 60 24 1 5 0 1 60 73 1 5 1 15 60 44 0 1 0 2 60 74 0 1 0 2 60 74 0 1 1 25 60 24 0 1 1 25 60
6/8 24 0 1 0 0 60 45 0 1 0 0 60 45 0 1 1 5 60 75 0 1 1 5 60 45 0 1 0 1 60 25 0 1 0 1 60
6/8 63 1 5 0 0 60 34 0 1 1 5 60 64 1 5 1 5 60 14 1 5 0 1 60 63 1 5 1 15 60 34 0 1 0 2 60 64 1 5 0 2 60 14 1 5 1 25 60
6/8 63 1 5 0 0 60 34 0 1 1 5 60 64 1 5 1 5 60 14 1 5 0 1 60 63 1 5 1 15 60 34 0 1 0 2 60 64 1 5 0 2 60 14 1 5 1 25 60
6/8 63 1 5 0 0 60 34 0 1 1 5 60 64 1 5 1 5 60 14 1 5 0 1 60 34 1 5 1 15 60 74 0 1 0 2 60 35 1 5 0 2 60 55 1 5 1 25 60
6/8 44 1 5 0 0 60 64 0 1 1 5 60 14 1 5 1 5 60 45 1 5 0 1 60 13 1 5 1 15 60 34 0 1 0 2 60 54 1 5 0 2 60 14 1 5 1 25 60
6/8 223 1 5 0 0 60 44 0 1 1 5 60 64 1 5 1 5 60 224 1 5 0 1 60 13 1 5 1 15 60 34 0 1 0 2 60 64 1 5 0 2 60 14 1 5 1 25 60
6/8 73 1 5 0 0 60 44 0 1 1 5 60 74 1 5 1 5 60 224 1 5 0 1 60 34 1 5 1 15 60 54 0 1 0 2 60 74 1 5 0 2 60 35 1 5 1 25 60
6/8 63 1 5 0 0 60 34 0 1 1 5 60 64 1 5 1 5 60 14 1 5 0 1 60 34 1 5 1 15 60 74 0 1 0 2 60 35 1 5 0 2 60 55 1 5 1 25 60
6/8 44 1 5 0 0 60 64 0 1 1 5 60 14 1 5 1 5 60 45 1 5 0 1 60 13 1 5 1 15 60 34 0 1 0 2 60 54 1 5 0 2 60 14 1 5 1 25 60
6/8 223 1 5 0 0 60 44 0 1 1 5 60 64 1 5 1 5 60 224 1 5 0 1 60 13 1 5 1 15 60 34 0 1 0 2 60 64 1 5 0 2 60 14 1 5 1 25 60
6/8 73 1 5 0 0 60 44 0 1 1 5 60 74 0 1 1 5 60 54 0 1 0 1 60 35 0 1 0 1 60 63 1 5 1 15 60 34 0 1 0 2 60 64 1 5 0 2 60 14 1 5 1 25 60
6/8 63 1 5 0 0 60 34 0 1 1 5 60 64 1 5 1 5 60 14 1 5 0 1 60 63 1 5 1 15 60 34 0 1 0 2 60 64 1 5 0 2 60 14 1 5 1 25 60
6/8 34 1 5 0 0 60 74 0 1 1 5 60 35 1 5 1 5 60 55 1 5 0 1 60 44 1 5 1 15 60 64 0 1 0 2 60 14 1 5 0 2 60 45 1 5 1 25 60
6/8 13 1 5 0 0 60 34 0 1 1 5 60 54 1 5 1 5 60 14 1 5 0 1 60 44 1 5 1 15 60 14 0 1 0 2 60 45 0 1 0 2 60 44 1 5 1 25 60
6/8 223 1 5 0 0 60 64 0 1 1 5 60 224 0 1 1 5 60 223 1 5 0 1 60 73 1 5 1 15 60 223 0 1 0 2 60 44 0 1 0 2 60 73 1 5 1 25 60
6/8 34 1 5 0 0 60 54 0 1 1 5 60 74 1 5 1 5 60 35 1 5 0 1 60 63 1 5 1 15 60 34 0 1 0 2 60 64 1 5 0 2 60 14 1 5 1 25 60
6/8 34 1 5 0 0 60 74 0 1 1 5 60 35 1 5 1 5 60 55 1 5 0 1 60 44 1 5 1 15 60 64 0 1 0 2 60 14 1 5 0 2 60 45 1 5 1 25 60
6/8 13 1 5 0 0 60 34 0 1 1 5 60 54 1 5 1 5 60 14 1 5 0 1 60 223 1 5 1 15 60 44 0 1 0 2 60 64 1 5 0 2 60 224 1 5 1 25 60
6/8 13 1 5 0 0 60 34 0 1 1 5 60 64 1 5 1 5 60 14 1 5 0 1 60 223 1 5 1 15 60 74 0 1 0 2 60 35 1 5 0 2 60 55 1 5 1 25 60
6/8 63 1 5 0 0 60 34 0 1 1 5 60 64 1 5 1 5 60 14 1 5 0 1 60 63 1 5 1 15 60 34 0 1 0 2 60 64 1 5 0 2 60 14 1 5 1 25 60
6/8 63 1 5 0 0 60 34 0 1 1 5 60 64 1 5 1 5 60 14 1 5 0 1 60 63 1 5 1 15 60 34 0 1 0 2 60 64 1 5 0 2 60 14 1 5 1 25 60
6/8 34 1 5 0 0 60 74 0 1 1 5 60 35 1 5 1 5 60 55 1 5 0 1 60 44 1 5 1 15 60 64 0 1 0 2 60 14 1 5 0 2 60 45 1 5 1 25 60
6/8 13 1 5 0 0 60 34 0 1 1 5 60 54 1 5 1 5 60 14 1 5 0 1 60 223 1 5 1 15 60 44 0 1 0 2 60 64 1 5 0 2 60 224 1 5 1 25 60
6/8 13 1 5 0 0 60 34 0 1 1 5 60 64 1 5 1 5 60 14 1 5 0 1 60 73 1 5 1 15 60 44 0 1 0 2 60 74 1 5 0 2 60 224 1 5 1 25 60
6/8 34 1 5 0 0 60 54 0 1 1 5 60 74 1 5 1 5 60 35 1 5 0 1 60 63 1 5 1 15 60 34 0 1 0 2 60 64 1 5 0 2 60 14 1 5 1 25 60
6/8 34 1 5 0 0 60 74 0 1 1 5 60 35 1 5 1 5 60 55 1 5 0 1 60 44 1 5 1 15 60 64 0 1 0 2 60 14 1 5 0 2 60 45 1 5 1 25 60
6/8 13 1 5 0 0 60 34 0 1 1 5 60 54 1 5 1 5 60 14 1 5 0 1 60 223 1 5 1 15 60 44 0 1 0 2 60 64 1 5 0 2 60 224 1 5 1 25 60
6/8 13 1 5 0 0 60 34 0 1 1 5 60 64 1 5 1 5 60 14 1 5 0 1 60 73 1 5 1 15 60 44 0 1 0 2 60 74 0 1 0 2 60 34 0 1 1 25 60 35 0 1 1 25 60
6/8 63 1 5 0 0 60 34 0 1 1 5 60 64 1 5 1 5 60 14 1 5 0 1 60 63 1 5 1 15 60 34 0 1 0 2 60 64 1 5 0 2 60 14 1 5 1 25 60
6/8 63 1 5 0 0 60 34 0 1 1 5 60 64 1 5 1 5 60 14 1 5 0 1 60 63 1 5 1 15 60 34 0 1 0 2 60 64 1 5 0 2 60 14 1 5 1 25 60
6/8 34 1 5 0 0 60 74 0 1 1 5 60 35 1 5 1 5 60 55 1 5 0 1 60 44 1 5 1 15 60 64 0 1 0 2 60 14 1 5 0 2 60 45 1 5 1 25 60
6/8 13 1 5 0 0 60 34 0 1 1 5 60 54 1 5 1 5 60 14 1 5 0 1 60 44 1 5 1 15 60 14 0 1 0 2 60 45 0 1 0 2 60 44 1 5 1 25 60
6/8 223 1 5 0 0 60 64 0 1 1 5 60 224 0 1 1 5 60 223 1 5 0 1 60 73 1 5 1 15 60 223 0 1 0 2 60 44 0 1 0 2 60 73 1 5 1 25 60
6/8 34 1 5 0 0 60 54 0 1 1 5 60 74 1 5 1 5 60 35 1 5 0 1 60 63 1 5 1 15 60 34 0 1 0 2 60 64 1 5 0 2 60 14 1 5 1 25 60
6/8 34 1 5 0 0 60 74 0 1 1 5 60 35 1 5 1 5 60 55 1 5 0 1 60 44 1 5 1 15 60 64 0 1 0 2 60 14 1 5 0 2 60 45 1 5 1 25 60
6/8 13 1 5 0 0 60 34 0 1 1 5 60 54 1 5 1 5 60 14 1 5 0 1 60 223 1 5 1 15 60 44 0 1 0 2 60 64 1 5 0 2 60 224 1 5 1 25 60
6/8 13 1 5 0 0 60 34 0 1 1 5 60 64 1 5 1 5 60 14 1 5 0 1 60 223 1 5 1 15 60 74 0 1 0 2 60 35 0 1 0 2 60 34 0 1 1 25 60 224 0 1 1 25 60
6/8 63 1 5 0 0 60 34 0 1 1 5 60 64 1 5 1 5 60 14 1 5 0 1 60 63 1 5 1 15 60 34 0 1 0 2 60 64 1 5 0 2 60 14 1 5 1 25 60
6/8 63 1 5 0 0 60 34 0 1 1 5 60 64 1 5 1 5 60 14 1 5 0 1 60 63 1 5 1 15 60 34 0 1 0 2 60 64 1 5 0 2 60 14 1 5 1 25 60
6/8 63 1 5 0 0 60 34 0 1 1 5 60 64 1 5 1 5 60 14 1 5 0 1 60 34 1 5 1 15 60 74 0 1 0 2 60 35 1 5 0 2 60 55 1 5 1 25 60
6/8 44 1 5 0 0 60 64 0 1 1 5 60 14 1 5 1 5 60 45 1 5 0 1 60 13 1 5 1 15 60 34 0 1 0 2 60 54 1 5 0 2 60 14 1 5 1 25 60
6/8 223 1 5 0 0 60 44 0 1 1 5 60 64 1 5 1 5 60 224 1 5 0 1 60 13 1 5 1 15 60 34 0 1 0 2 60 64 1 5 0 2 60 14 1 5 1 25 60
6/8 73 1 5 0 0 60 44 0 1 1 5 60 74 1 5 1 5 60 224 1 5 0 1 60 34 1 5 1 15 60 54 0 1 0 2 60 74 1 5 0 2 60 35 1 5 1 25 60
6/8 63 1 5 0 0 60 34 0 1 1 5 60 64 1 5 1 5 60 14 1 5 0 1 60 34 1 5 1 15 60 74 0 1 0 2 60 35 1 5 0 2 60 55 1 5 1 25 60
6/8 44 1 5 0 0 60 64 0 1 1 5 60 14 1 5 1 5 60 45 1 5 0 1 60 13 1 5 1 15 60 34 0 1 0 2 60 54 1 5 0 2 60 74 1 5 1 25 60
6/8 223 1 5 0 0 60 44 0 1 1 5 60 64 1 5 1 5 60 224 1 5 0 1 60 13 1 5 1 15 60 34 0 1 0 2 60 64 0 1 0 2 60 64 0 1 1 25 60 14 0 1 1 25 60
6/8 73 1 5 0 0 60 44 0 1 1 5 60 74 0 1 1 5 60 54 0 1 0 1 60 35 0 1 0 1 60 63 1 5 1 15 60 34 0 1 0 2 60 64 1 5 0 2 60 14 1 5 1 25 60
6/8 63 1 5 0 0 60 34 0 1 1 5 60 64 1 5 1 5 60 14 1 5 0 1 60 63 1 5 1 15 60 34 0 1 0 2 60 64 1 5 0 2 60 14 1 5 1 25 60
6/8 34 1 5 0 0 60 74 0 1 1 5 60 35 1 5 1 5 60 55 1 5 0 1 60 44 1 5 1 15 60 64 0 1 0 2 60 14 1 5 0 2 60 45 1 5 1 25 60
6/8 13 1 5 0 0 60 34 0 1 1 5 60 54 1 5 1 5 60 14 1 5 0 1 60 44 1 5 1 15 60 64 0 1 0 2 60 45 0 1 0 2 60 44 1 5 1 25 60
6/8 223 1 5 0 0 60 64 0 1 1 5 60 224 0 1 1 5 60 223 1 5 0 1 60 73 1 5 1 15 60 223 0 1 0 2 60 44 0 1 0 2 60 73 1 5 1 25 60
6/8 34 1 5 0 0 60 54 0 1 1 5 60 74 1 5 1 5 60 35 1 5 0 1 60 63 1 5 1 15 60 34 0 1 0 2 60 64 1 5 0 2 60 14 1 5 1 25 60
6/8 34 1 5 0 0 60 74 0 1 1 5 60 55 0 1 1 5 60 35 0 1 0 1 60 75 0 1 0 1 60 44 1 5 1 15 60 64 0 1 0 2 60 14 1 5 0 2 60 45 1 5 1 25 60
6/8 13 1 5 0 0 60 54 0 1 1 5 60 35 0 1 1 5 60 14 0 1 0 1 60 55 0 1 0 1 60 223 1 5 1 15 60 44 0 1 0 2 60 64 1 5 0 2 60 224 1 5 1 25 60
6/8 13 1 5 0 0 60 34 0 1 1 5 60 64 1 5 1 5 60 14 1 5 0 1 60 223 1 5 1 15 60 74 0 1 0 2 60 35 0 1 0 2 60 34 0 1 1 25 60 224 0 1 1 25 60
6/8 63 1 5 0 0 60 34 0 1 1 5 60 64 1 5 1 5 60 14 1 5 0 1 60 63 1 5 1 15 60 34 0 1 0 2 60 64 1 5 0 2 60 14 1 5 1 25 60
6/8 73 1 5 0 0 60 44 0 1 1 5 60 74 1 5 1 5 60 24 1 5 0 1 60 73 1 5 1 15 60 44 0 1 0 2 60 74 1 5 0 2 60 24 1 5 1 25 60
6/8 44 1 5 0 0 60 14 0 1 1 5 60 45 1 5 1 5 60 615 1 5 0 1 60 54 1 5 1 15 60 74 0 1 0 2 60 24 1 5 0 2 60 55 1 5 1 25 60
6/8 23 1 5 0 0 60 44 0 1 1 5 60 614 1 5 1 5 60 24 1 5 0 1 60 34 1 5 1 15 60 54 0 1 0 2 60 74 1 5 0 2 60 35 1 5 1 25 60
6/8 23 1 5 0 0 60 44 0 1 1 5 60 74 1 5 1 5 60 24 1 5 0 1 60 13 1 5 1 15 60 54 0 1 0 2 60 14 1 5 0 2 60 35 1 5 1 25 60
6/8 44 1 5 0 0 60 614 0 1 1 5 60 14 1 5 1 5 60 45 1 5 0 1 60 73 1 5 1 15 60 44 0 1 0 2 60 74 1 5 0 2 60 24 1 5 1 25 60
6/8 44 1 5 0 0 60 14 0 1 1 5 60 45 1 5 1 5 60 615 1 5 0 1 60 54 1 5 1 15 60 74 0 1 0 2 60 24 1 5 0 2 60 55 1 5 1 25 60
6/8 23 1 5 0 0 60 44 0 1 1 5 60 614 1 5 1 5 60 24 1 5 0 1 60 34 1 5 1 15 60 54 0 1 0 2 60 74 1 5 0 2 60 35 1 5 1 25 60
6/8 23 1 15 0 0 60 44 0 1 1 5 60 24 0 1 1 5 60 34 1 5 1 15 60 54 0 1 0 2 60 74 1 5 0 2 60 35 1 5 1 25 60
6/8 23 1 15 0 0 60 44 0 1 1 5 60 24 0 1 1 5 60 34 1 5 1 15 60 54 0 1 0 2 60 74 1 5 0 2 60 35 1 5 1 25 60
6/8 23 1 5 0 0 60 44 0 1 1 5 60 74 1 5 1 5 60 24 1 5 0 1 60 13 1 5 1 15 60 44 0 1 0 2 60 614 0 1 0 2 60 614 0 1 1 25 60 45 0 1 1 25 60
6/8 73 1 5 0 0 60 44 0 1 1 5 60 74 1 5 1 5 60 24 1 5 0 1 60 73 1 5 1 15 60 44 0 1 0 2 60 74 1 5 0 2 60 24 1 5 1 25 60
6/8 73 1 5 0 0 60 44 0 1 1 5 60 74 1 5 1 5 60 24 1 5 0 1 60 24 0 1 1 15 60 45 0 1 1 15 60 24 0 1 0 2 60 75 0 1 0 2 60 45 0 1 1 25 60 75 0 1 1 25 60
6/8 73 1 5 0 0 60 44 0 1 1 5 60 74 1 5 1 5 60 24 1 5 0 1 60 44 1 5 1 15 60 14 0 1 0 2 60 45 1 5 0 2 60 615 1 5 1 25 60
6/8 54 1 5 0 0 60 74 0 1 1 5 60 24 1 5 1 5 60 55 1 5 0 1 60 23 1 5 1 15 60 44 0 1 0 2 60 614 1 5 0 2 60 24 1 5 1 25 60
6/8 54 1 5 0 0 60 24 0 1 1 5 60 55 0 1 1 5 60 54 1 5 0 1 60 34 1 5 1 15 60 74 0 1 0 2 60 35 0 1 0 2 60 34 1 5 1 25 60
6/8 13 1 5 0 0 60 34 0 1 1 5 60 54 0 1 1 5 60 13 1 5 0 1 60 44 1 5 1 15 60 614 0 1 0 2 60 14 1 5 0 2 60 45 1 5 1 25 60
6/8 73 1 5 0 0 60 44 0 1 1 5 60 74 1 5 1 5 60 24 1 5 0 1 60 44 1 5 1 15 60 14 0 1 0 2 60 45 1 5 0 2 60 615 1 5 1 25 60
6/8 54 1 5 0 0 60 74 0 1 1 5 60 24 1 5 1 5 60 55 1 5 0 1 60 23 1 5 1 15 60 44 0 1 0 2 60 614 1 5 0 2 60 24 1 5 1 25 60
6/8 34 1 5 0 0 60 54 0 1 1 5 60 74 1 5 1 5 60 35 1 5 0 1 60 23 1 5 1 15 60 44 0 1 0 2 60 74 1 5 0 2 60 24 1 5 1 25 60
6/8 34 1 5 0 0 60 14 0 1 1 5 60 45 0 1 1 5 60 44 0 1 0 1 60 35 0 1 0 1 60 73 1 5 1 15 60 44 0 1 0 2 60 74 1 5 0 2 60 24 1 5 1 25 60
6/8 73 1 5 0 0 60 44 0 1 1 5 60 74 1 5 1 5 60 24 1 5 0 1 60 73 1 5 1 15 60 44 0 1 0 2 60 74 0 1 0 2 60 74 0 1 1 25 60 24 0 1 1 25 60
6/8 24 0 1 0 0 60 45 0 1 0 0 60 45 0 1 1 5 60 75 0 1 1 5 60 45 0 1 0 1 60 25 0 1 0 1 60
6/8
6/8 65 2 25 1 25 70 75 2 25 2 275 70
6/8 15 2 25 0 0 70 65 2 25 2 25 70 36 2 75 1 5 70 15 2 25 2 125 70 75 1 5 1 15 70 36 1 5 0 2 70 75 1 5 1 25 70
6/8 65 2 25 0 0 70 45 2 25 2 25 70 15 2 75 1 5 70 65 2 25 2 125 70 55 0 1 1 15 70 65 2 25 1 25 70 55 2 25 2 275 70
6/8 45 1 5 0 0 70 55 1 5 1 5 70 65 2 25 0 1 70 75 2 25 2 125 70 35 1 5 1 15 70 65 1 5 0 2 70 75 2 25 1 25 70 15 2 25 2 275 70
6/8 225 1 5 0 0 70 225 2 25 1 5 70 15 2 25 2 75 70 75 2 25 0 1 70 65 2 25 2 125 70 75 2 75 1 15 70 65 2 25 1 25 70 75 2 25 2 275 70
6/8 15 2 25 0 0 70 65 2 25 2 25 70 36 2 75 1 5 70 15 2 25 2 125 70 75 1 5 1 15 70 36 1 5 0 2 70 75 1 5 1 25 70
6/8 65 2 25 0 0 70 45 2 25 2 25 70 45 1 5 1 5 70 55 2 25 0 1 70 65 2 25 2 125 70 35 0 1 1 15 70 35 2 25 2 275 70
6/8 45 1 5 0 0 70 55 1 5 1 5 70 65 2 25 0 1 70 75 2 25 2 125 70 35 1 5 1 15 70 65 1 5 0 2 70 75 2 25 1 25 70 15 2 25 2 275 70
6/8 225 2 25 0 0 70 225 2 25 1 5 70 15 2 25 2 75 70 75 2 25 0 1 70 65 2 25 2 125 70 65 1 15 1 15 70
6/8 15 2 25 0 1 70 225 2 25 2 125 70 36 1 5 1 15 70 36 1 5 0 2 70 36 1 5 1 25 70
6/8 36 1 5 0 0 70 36 2 25 1 5 70 46 2 25 2 75 70 36 2 25 0 1 70 225 2 25 2 125 70 15 1 5 1 15 70 15 1 5 0 2 70 15 1 5 1 25 70
6/8 15 1 5 0 0 70 15 2 25 1 5 70 225 2 25 2 75 70 15 2 25 0 1 70 75 2 25 2 125 70 65 2 25 1 15 70 65 2 25 0 2 70 65 2 25 1 25 70 55 2 25 2 275 70
6/8 45 1 5 0 0 70 55 1 5 1 5 70 55 2 25 0 1 70 65 2 25 2 125 70 75 2 25 1 15 70 75 2 25 0 2 70 15 2 25 2 225 70 75 2 25 1 25 70 15 2 25 2 275 70
6/8 75 2 75 0 0 70 15 2 25 0 1 70 225 2 25 2 125 70 36 1 5 1 15 70 36 1 5 0 2 70 36 1 5 1 25 70
6/8 36 1 5 0 0 70 36 2 25 1 5 70 46 2 25 2 75 70 36 2 25 0 1 70 225 2 25 2 125 70 15 1 5 1 15 70 15 1 5 0 2 70 15 1 5 1 25 70
6/8 15 2 25 0 0 70 225 2 25 2 25 70 15 2 25 1 5 70 75 2 25 2 75 70 65 2 25 0 1 70 55 2 25 2 125 70 45 2 25 2 175 70 45 2 25 0 2 70 55 2 25 2 225 70 65 2 25 1 25 70 75 2 25 2 275 70
6/8 35 1 5 0 0 70 65 1 5 1 5 70 75 2 25 0 1 70 15 2 25 2 125 70 75 2 75 1 15 70 75 2 25 2 225 70 75 2 25 1 25 70 65 2 25 2 275 70
6/8 65 2 75 0 0 70
6/8 66 2 25 0 1 70 76 2 25 2 125 70 16 2 25 1 15 70 66 2 25 2 175 70 37 2 75 0 2 70 16 2 25 2 275 70
6/8 76 1 5 0 0 70 37 1 5 1 5 70 76 1 5 0 1 70 66 2 25 1 15 70 46 2 25 2 175 70 16 2 75 0 2 70 66 2 25 2 275 70
6/8 56 0 1 0 0 70 66 2 25 0 1 70 56 2 25 2 125 70 46 1 5 1 15 70 56 1 5 0 2 70 66 2 25 1 25 70 76 2 25 2 275 70
6/8 36 1 5 0 0 70 66 1 5 1 5 70 76 2 25 0 1 70 16 2 25 2 125 70 226 1 5 1 15 70 226 2 25 0 2 70 16 2 25 2 225 70 76 2 25 1 25 70 66 2 25 2 275 70
6/8 76 2 75 0 0 70 66 2 25 0 1 70 76 2 25 2 125 70 16 2 25 1 15 70 66 2 25 2 175 70 37 2 75 0 2 70 16 2 25 2 275 70
6/8 76 1 5 0 0 70 37 1 5 1 5 70 76 1 5 0 1 70 66 2 25 1 15 70 46 2 25 2 175 70 46 1 5 0 2 70 56 2 25 1 25 70 66 2 25 2 275 70
6/8 36 2 75 0 0 70 36 1 5 0 1 70 46 1 5 1 15 70 56 1 5 0 2 70 66 2 25 1 25 70 76 2 25 2 275 70
6/8 36 1 5 0 0 70 66 1 5 1 5 70 76 2 25 0 1 70 16 2 25 2 125 70 226 2 25 1 15 70 226 2 25 0 2 70 16 2 25 2 225 70 76 2 25 1 25 70 66 2 25 2 275 70
6/8 66 1 15 0 0 70
6/8 16 2 25 0 1 70 226 2 25 2 125 70 37 1 5 1 15 70 37 1 5 0 2 70 37 1 5 1 25 70
6/8 37 1 5 0 0 70 37 2 25 1 5 70 47 2 25 2 75 70 37 2 25 0 1 70 226 2 25 2 125 70 16 1 5 1 15 70 16 1 5 0 2 70 16 1 5 1 25 70
6/8 16 1 5 0 0 70 16 2 25 1 5 70 226 2 25 2 75 70 16 2 25 0 1 70 76 2 25 2 125 70 66 2 25 1 15 70 66 2 25 0 2 70 66 2 25 1 25 70 56 2 25 2 275 70
6/8 46 1 5 0 0 70 56 1 5 1 5 70 56 2 25 0 1 70 66 2 25 2 125 70 76 2 25 1 15 70 76 2 25 0 2 70 16 2 25 2 225 70 76 2 25 1 25 70 16 2 25 2 275 70
6/8 76 2 75 0 0 70 16 2 25 0 1 70 226 2 25 2 125 70 37 1 5 1 15 70 37 1 5 0 2 70 37 1 5 1 25 70
6/8 37 1 5 0 0 70 37 2 25 1 5 70 47 2 25 2 75 70 37 2 25 0 1 70 226 2 25 2 125 70 16 1 5 1 15 70 16 1 5 0 2 70 16 1 5 1 25 70
6/8 16 2 25 0 0 70 226 2 25 2 25 70 16 2 25 1 5 70 76 2 25 2 75 70 66 2 25 0 1 70 56 2 25 2 125 70 46 2 25 0 2 70 56 2 25 2 225 70 66 2 25 1 25 70 76 2 25 2 275 70
6/8 36 1 5 0 0 70 66 1 5 1 5 70 76 2 25 0 1 70 16 2 25 2 125 70 76 2 75 1 15 70 76 2 25 2 225 70 76 2 25 1 25 70 66 2 25 2 275 70
6/8 66 0 3 0 0 70
6/8 65 2 25 1 25 70 75 2 25 2 275 70
6/8 15 2 25 0 0 70 65 2 25 2 25 70 36 2 75 1 5 70 15 2 25 2 125 70 75 1 5 1 15 70 36 1 5 0 2 70 75 1 5 1 25 70
6/8 65 2 25 0 0 70 45 2 25 2 25 70 15 2 75 1 5 70 65 2 25 2 125 70 55 0 1 1 15 70 65 2 25 1 25 70 55 2 25 2 275 70
6/8 45 1 5 0 0 70 55 1 5 1 5 70 65 2 25 0 1 70 75 2 25 2 125 70 35 1 5 1 15 70 65 1 5 0 2 70 75 2 25 1 25 70 15 2 25 2 275 70
6/8 225 1 5 0 0 70 225 2 25 1 5 70 15 2 25 2 75 70 75 2 25 0 1 70 65 2 25 2 125 70 75 2 75 1 15 70 65 2 25 1 25 70 75 2 25 2 275 70
6/8 15 2 25 0 0 70 65 2 25 2 25 70 36 2 75 1 5 70 15 2 25 2 125 70 75 1 5 1 15 70 36 1 5 0 2 70 75 1 5 1 25 70
6/8 65 2 25 0 0 70 45 2 25 2 25 70 45 1 5 1 5 70 55 2 25 0 1 70 65 2 25 2 125 70 35 0 1 1 15 70 35 1 5 1 25 70
6/8 45 1 5 0 0 70 55 1 5 1 5 70 65 2 25 0 1 70 75 2 25 2 125 70 35 1 5 1 15 70 65 1 5 0 2 70 75 2 25 1 25 70 15 2 25 2 275 70
6/8 225 2 25 0 0 70 225 2 25 1 5 70 15 2 25 2 75 70 75 2 25 0 1 70 65 2 25 2 125 70 65 1 15 1 15 70
6/8 15 2 25 0 1 70 225 2 25 2 125 70 36 1 5 1 15 70 36 1 5 0 2 70 36 1 5 1 25 70
6/8 36 1 5 0 0 70 36 2 25 1 5 70 46 2 25 2 75 70 36 2 25 0 1 70 225 2 25 2 125 70 15 1 5 1 15 70 15 1 5 0 2 70 15 1 5 1 25 70
6/8 15 1 5 0 0 70 15 2 25 1 5 70 225 2 25 2 75 70 15 2 25 0 1 70 75 2 25 2 125 70 65 1 5 1 15 70 15 0 1 0 2 70 66 0 1 0 2 70 65 2 25 2 225 70 46 0 1 1 25 70 66 0 1 1 25 70 36 0 1 2 275 70 56 0 1 2 275 70
6/8 45 0 1 0 0 70 225 0 1 0 0 70 46 0 1 0 0 70 55 0 1 1 5 70 56 0 1 1 5 70 55 0 1 0 1 70 56 0 1 0 1 70 65 0 1 2 125 70 66 0 1 2 125 70 75 0 1 1 15 70 225 0 1 1 15 70 76 0 1 1 15 70 75 0 1 0 2 70 225 0 1 0 2 70 76 0 1 0 2 70 15 0 1 2 225 70 225 0 1 2 225 70 16 0 1 2 225 70 75 0 1 1 25 70 225 0 1 1 25 70 526 0 1 1 25 64 76 0 1 1 25 70 15 0 1 2 275 70 225 0 1 2 275 70 16 0 1 2 275 70
6/8 75 0 1 0 0 70 225 0 1 0 0 70 56 0 1 0 0 70 76 0 1 0 0 70 16 2 25 0 1 70 226 2 25 2 125 70 37 1 5 1 15 70 37 1 5 0 2 70 37 1 5 1 25 70
6/8 37 1 5 0 0 70 37 2 25 1 5 70 47 2 25 2 75 70 37 2 25 0 1 70 226 2 25 2 125 70 16 1 5 1 15 70 16 1 5 0 2 70 16 1 5 1 25 70
6/8 16 2 25 0 0 70 226 2 25 2 25 70 16 2 25 1 5 70 76 2 25 2 75 70 66 2 25 0 1 70 56 2 25 2 125 70 46 1 5 1 15 70 46 2 25 0 2 70 56 2 25 2 225 70 66 2 25 1 25 70 76 2 25 2 275 70
6/8 36 1 5 0 0 70 66 1 5 1 5 70 76 2 25 0 1 70 16 2 25 2 125 70 76 2 75 1 15 70 76 2 25 2 225 70 76 2 25 1 25 70 66 2 25 2 275 70
6/8 36 0 1 0 0 70 66 0 1 0 0 70
6/8 75 2 25 0 1 70 15 2 25 2 125 70 25 2 25 1 15 70 75 2 25 2 175 70 46 2 75 0 2 70 25 2 25 2 275 70
6/8 15 1 5 0 0 70 46 1 5 1 5 70 15 1 5 0 1 70 75 2 25 1 15 70 55 2 25 2 175 70 25 2 75 0 2 70 75 2 25 2 275 70
6/8 615 0 1 0 0 70 75 2 25 0 1 70 615 2 25 2 125 70 55 1 5 1 15 70 615 1 5 0 2 70 75 2 25 1 25 70 15 2 25 2 275 70
6/8 45 1 5 0 0 70 75 1 5 1 5 70 15 2 25 0 1 70 25 2 25 2 125 70 36 1 5 1 15 70 36 2 25 0 2 70 25 2 25 2 225 70 15 2 25 1 25 70 75 2 25 2 275 70
6/8 15 0 1 0 0 70 75 2 25 0 1 70 15 2 25 2 125 70 25 2 25 1 15 70 75 2 25 2 175 70 46 2 75 0 2 70 25 2 25 2 275 70
6/8 15 1 5 0 0 70 46 1 5 1 5 70 15 1 5 0 1 70 75 2 25 1 15 70 55 2 25 2 175 70 55 1 5 0 2 70 615 2 25 1 25 70 75 2 25 2 275 70
6/8 45 0 1 0 0 70 45 1 5 0 1 70 55 1 5 1 15 70 615 1 5 0 2 70 75 2 25 1 25 70 15 2 25 2 275 70
6/8 45 1 5 0 0 70 75 2 75 1 5 70 615 2 25 2 125 70 55 1 5 1 15 70 615 1 5 0 2 70 75 2 25 1 25 70 15 2 25 2 275 70
6/8 45 0 1 0 0 70 75 2 25 0 1 70 615 2 25 2 125 70 55 1 5 1 15 70 615 1 5 0 2 70 75 2 25 1 25 70 15 2 25 2 275 70
6/8 45 1 5 0 0 70 75 1 5 1 5 70 15 2 25 0 1 70 25 2 25 2 125 70 36 1 5 1 15 70 36 2 25 0 2 70 25 2 25 2 225 70 15 2 25 1 25 70 75 2 25 2 275 70
6/8 75 0 3 0 0 70
6/8 25 0 1 1 25 70 26 0 1 1 25 70 36 0 1 2 275 70 37 0 1 2 275 70
6/8 46 0 1 0 0 70 47 0 1 0 0 70 46 0 1 1 5 70 47 0 1 1 5 70 46 0 1 0 1 70 47 0 1 0 1 70 46 0 1 1 15 70 47 0 1 1 15 70 46 0 1 0 2 70 47 0 1 0 2 70 56 0 1 2 225 70 57 0 1 2 225 70 46 0 1 1 25 70 47 0 1 1 25 70 36 0 1 2 275 70 37 0 1 2 275 70
6/8 25 0 1 0 0 70 26 0 1 0 0 70 25 0 1 1 5 70 26 0 1 1 5 70 25 0 1 0 1 70 26 0 1 0 1 70 25 0 1 1 15 70 26 0 1 1 15 70 25 0 1 0 2 70 26 0 1 0 2 70 36 0 1 2 225 70 37 0 1 2 225 70 25 0 1 1 25 70 26 0 1 1 25 70 15 0 1 2 275 70 16 0 1 2 275 70
6/8 75 0 1 0 0 70 76 0 1 0 0 70 75 0 1 1 5 70 76 0 1 1 5 70 75 0 1 0 1 70 76 0 1 0 1 70 615 0 1 2 125 70 616 0 1 2 125 70 55 0 1 1 15 70 56 0 1 1 15 70 615 0 1 0 2 70 616 0 1 0 2 70 615 0 1 1 25 70 616 0 1 1 25 70 75 0 1 2 275 70 76 0 1 2 275 70
6/8 15 0 1 0 0 70 36 0 1 0 0 70 16 0 1 0 0 70 15 0 1 1 5 70 36 0 1 1 5 70 16 0 1 1 5 70 25 0 1 2 75 70 36 0 1 2 75 70 26 0 1 2 75 70 15 0 1 0 1 70 36 0 1 0 1 70 66 0 1 0 1 64 16 0 1 0 1 70 25 0 1 2 125 70 36 0 1 2 125 70 26 0 1 2 125 70 15 0 1 1 15 70 36 0 1 1 15 70 616 0 1 1 15 64 16 0 1 1 15 70 25 0 1 1 25 70 26 0 1 1 25 70 36 0 1 2 275 70 37 0 1 2 275 70
6/8 46 0 1 0 0 70 47 0 1 0 0 70 46 0 1 1 5 70 47 0 1 1 5 70 46 0 1 0 1 70 47 0 1 0 1 70 46 0 1 1 15 70 47 0 1 1 15 70 46 0 1 0 2 70 47 0 1 0 2 70 56 0 1 2 225 70 57 0 1 2 225 70 46 0 1 1 25 70 47 0 1 1 25 70 36 0 1 2 275 70 37 0 1 2 275 70
6/8 25 0 1 0 0 70 26 0 1 0 0 70 25 0 1 1 5 70 26 0 1 1 5 70 25 0 1 0 1 70 26 0 1 0 1 70 25 0 1 1 15 70 26 0 1 1 15 70 36 0 1 2 175 70 37 0 1 2 175 70 25 0 1 0 2 70 26 0 1 0 2 70 15 0 1 2 225 70 16 0 1 2 225 70 75 0 1 1 25 70 76 0 1 1 25 70 615 0 1 2 275 70 616 0 1 2 275 70
6/8 55 0 1 1 5 70 56 0 1 1 5 70 615 0 1 2 75 70 616 0 1 2 75 70 75 0 1 0 1 70 76 0 1 0 1 70 15 0 1 2 125 70 16 0 1 2 125 70 45 0 1 1 15 70 75 0 1 1 15 70 46 0 1 1 15 70 75 0 1 0 2 70 76 0 1 0 2 70 15 0 1 1 25 70 16 0 1 1 25 70 25 0 1 2 275 70 26 0 1 2 275 70
6/8 15 0 1 0 0 70 16 0 1 0 0 70 15 0 1 2 75 70 16 0 1 2 75 70 15 0 1 0 1 70 16 0 1 0 1 70 75 0 1 2 125 70 76 0 1 2 125 70 75 0 1 1 15 70 25 0 1 1 15 64 46 0 1 1 15 64 76 0 1 1 15 70
6/8 75 0 1 0 0 70 25 0 1 0 0 64 46 0 1 0 0 64 76 0 1 0 0 70
6/8 75 0 1 1 15 64 25 0 1 1 15 64 46 0 1 1 15 64 76 0 1 1 15 64
6/8
6/8 65 2 25 1 25 70 75 2 25 2 275 70
6/8 15 2 25 0 0 70 65 2 25 2 25 70 36 2 75 1 5 70 15 2 25 2 125 70 75 1 5 1 15 70 36 1 5 0 2 70 75 1 5 1 25 70
6/8 65 2 25 0 0 70 45 2 25 2 25 70 15 2 75 1 5 70 65 2 25 2 125 70 55 0 1 1 15 70 65 2 25 1 25 70 55 2 25 2 275 70
6/8 45 1 5 0 0 70 55 1 5 1 5 70 65 2 25 0 1 70 75 2 25 2 125 70 35 1 5 1 15 70 65 1 5 0 2 70 75 2 25 1 25 70 15 2 25 2 275 70
6/8 225 1 5 0 0 70 225 2 25 1 5 70 15 2 25 2 75 70 75 2 25 0 1 70 65 2 25 2 125 70 75 2 75 1 15 70 65 2 25 1 25 70 75 2 25 2 275 70
6/8 15 2 25 0 0 70 65 2 25 2 25 70 36 2 75 1 5 70 15 2 25 2 125 70 75 1 5 1 15 70 36 1 5 0 2 70 75 1 5 1 25 70
6/8 65 2 25 0 0 70 45 2 25 2 25 70 45 1 5 1 5 70 55 2 25 0 1 70 65 2 25 2 125 70 35 0 1 1 15 70 35 2 25 2 275 70
6/8 45 1 5 0 0 70 55 1 5 1 5 70 65 2 25 0 1 70 75 2 25 2 125 70 35 1 5 1 15 70 65 1 5 0 2 70 75 2 25 1 25 70 15 2 25 2 275 70
6/8 225 2 25 0 0 70 225 2 25 1 5 70 15 2 25 2 75 70 75 2 25 0 1 70 65 2 25 2 125 70 65 1 15 1 15 70
6/8 15 2 25 0 1 70 225 2 25 2 125 70 36 1 5 1 15 70 36 1 5 0 2 70 36 1 5 1 25 70
6/8 36 1 5 0 0 70 36 2 25 1 5 70 46 2 25 2 75 70 36 2 25 0 1 70 225 2 25 2 125 70 15 1 5 1 15 70 15 1 5 0 2 70 15 1 5 1 25 70
6/8 15 1 5 0 0 70 15 2 25 1 5 70 225 2 25 2 75 70 15 2 25 0 1 70 75 2 25 2 125 70 65 2 25 1 15 70 65 2 25 0 2 70 65 2 25 1 25 70 55 2 25 2 275 70
6/8 45 1 5 0 0 70 55 1 5 1 5 70 55 2 25 0 1 70 65 2 25 2 125 70 75 2 25 1 15 70 75 2 25 0 2 70 15 2 25 2 225 70 75 2 25 1 25 70 15 2 25 2 275 70
6/8 75 2 75 0 0 70 15 2 25 0 1 70 225 2 25 2 125 70 36 1 5 1 15 70 36 1 5 0 2 70 36 1 5 1 25 70
6/8 36 1 5 0 0 70 36 2 25 1 5 70 46 2 25 2 75 70 36 2 25 0 1 70 225 2 25 2 125 70 15 1 5 1 15 70 15 1 5 0 2 70 15 1 5 1 25 70
6/8 15 2 25 0 0 70 225 2 25 2 25 70 15 2 25 1 5 70 75 2 25 2 75 70 65 2 25 0 1 70 55 2 25 2 125 70 45 2 25 2 175 70 45 2 25 0 2 70 55 2 25 2 225 70 65 2 25 1 25 70 75 2 25 2 275 70
6/8 35 1 5 0 0 70 65 1 5 1 5 70 75 2 25 0 1 70 15 2 25 2 125 70 75 2 75 1 15 70 75 2 25 2 225 70 75 2 25 1 25 70 65 2 25 2 275 70
6/8 65 2 75 0 0 70
6/8 66 2 25 0 1 70 76 2 25 2 125 70 16 2 25 1 15 70 66 2 25 2 175 70 37 2 75 0 2 70 16 2 25 2 275 70
6/8 76 1 5 0 0 70 37 1 5 1 5 70 76 1 5 0 1 70 66 2 25 1 15 70 46 2 25 2 175 70 16 2 75 0 2 70 66 2 25 2 275 70
6/8 56 0 1 0 0 70 66 2 25 0 1 70 56 2 25 2 125 70 46 1 5 1 15 70 56 1 5 0 2 70 66 2 25 1 25 70 76 2 25 2 275 70
6/8 36 1 5 0 0 70 66 1 5 1 5 70 76 2 25 0 1 70 16 2 25 2 125 70 226 1 5 1 15 70 226 2 25 0 2 70 16 2 25 2 225 70 76 2 25 1 25 70 66 2 25 2 275 70
6/8 76 2 75 0 0 70 66 2 25 0 1 70 76 2 25 2 125 70 16 2 25 1 15 70 66 2 25 2 175 70 37 2 75 0 2 70 16 2 25 2 275 70
6/8 76 1 5 0 0 70 37 1 5 1 5 70 76 1 5 0 1 70 66 2 25 1 15 70 46 2 25 2 175 70 46 1 5 0 2 70 56 2 25 1 25 70 66 2 25 2 275 70
6/8 36 2 75 0 0 70 36 1 5 0 1 70 46 1 5 1 15 70 56 1 5 0 2 70 66 2 25 1 25 70 76 2 25 2 275 70
6/8 36 1 5 0 0 70 66 1 5 1 5 70 76 2 25 0 1 70 16 2 25 2 125 70 226 2 25 1 15 70 226 2 25 0 2 70 16 2 25 2 225 70 76 2 25 1 25 70 66 2 25 2 275 70
6/8 66 1 15 0 0 70
6/8 16 2 25 0 1 70 226 2 25 2 125 70 37 1 5 1 15 70 37 1 5 0 2 70 37 1 5 1 25 70
6/8 37 1 5 0 0 70 37 2 25 1 5 70 47 2 25 2 75 70 37 2 25 0 1 70 226 2 25 2 125 70 16 1 5 1 15 70 16 1 5 0 2 70 16 1 5 1 25 70
6/8 16 1 5 0 0 70 16 2 25 1 5 70 226 2 25 2 75 70 16 2 25 0 1 70 76 2 25 2 125 70 66 2 25 1 15 70 66 2 25 0 2 70 66 2 25 1 25 70 56 2 25 2 275 70
6/8 46 1 5 0 0 70 56 1 5 1 5 70 56 2 25 0 1 70 66 2 25 2 125 70 76 2 25 1 15 70 76 2 25 0 2 70 16 2 25 2 225 70 76 2 25 1 25 70 16 2 25 2 275 70
6/8 76 2 75 0 0 70 16 2 25 0 1 70 226 2 25 2 125 70 37 1 5 1 15 70 37 1 5 0 2 70 37 1 5 1 25 70
6/8 37 1 5 0 0 70 37 2 25 1 5 70 47 2 25 2 75 70 37 2 25 0 1 70 226 2 25 2 125 70 16 1 5 1 15 70 16 1 5 0 2 70 16 1 5 1 25 70
6/8 16 2 25 0 0 70 226 2 25 2 25 70 16 2 25 1 5 70 76 2 25 2 75 70 66 2 25 0 1 70 56 2 25 2 125 70 46 2 25 0 2 70 56 2 25 2 225 70 66 2 25 1 25 70 76 2 25 2 275 70
6/8 36 1 5 0 0 70 66 1 5 1 5 70 76 2 25 0 1 70 16 2 25 2 125 70 76 2 75 1 15 70 76 2 25 2 225 70 76 2 25 1 25 70 66 2 25 2 275 70
6/8 66 0 3 0 0 70
6/8 65 2 25 1 25 70 75 2 25 2 275 70
6/8 15 2 25 0 0 70 65 2 25 2 25 70 36 2 75 1 5 70 15 2 25 2 125 70 75 1 5 1 15 70 36 1 5 0 2 70 75 1 5 1 25 70
6/8 65 2 25 0 0 70 45 2 25 2 25 70 15 2 75 1 5 70 65 2 25 2 125 70 55 0 1 1 15 70 65 2 25 1 25 70 55 2 25 2 275 70
6/8 45 1 5 0 0 70 55 1 5 1 5 70 65 2 25 0 1 70 75 2 25 2 125 70 35 1 5 1 15 70 65 1 5 0 2 70 75 2 25 1 25 70 15 2 25 2 275 70
6/8 225 1 5 0 0 70 225 2 25 1 5 70 15 2 25 2 75 70 75 2 25 0 1 70 65 2 25 2 125 70 75 2 75 1 15 70 65 2 25 1 25 70 75 2 25 2 275 70
6/8 15 2 25 0 0 70 65 2 25 2 25 70 36 2 75 1 5 70 15 2 25 2 125 70 75 1 5 1 15 70 36 1 5 0 2 70 75 1 5 1 25 70
6/8 65 2 25 0 0 70 45 2 25 2 25 70 45 1 5 1 5 70 55 2 25 0 1 70 65 2 25 2 125 70 35 0 1 1 15 70 35 1 5 1 25 70
6/8 45 1 5 0 0 70 55 1 5 1 5 70 65 2 25 0 1 70 75 2 25 2 125 70 35 1 5 1 15 70 65 1 5 0 2 70 75 2 25 1 25 70 15 2 25 2 275 70
6/8 225 2 25 0 0 70 225 2 25 1 5 70 15 2 25 2 75 70 75 2 25 0 1 70 65 2 25 2 125 70 65 1 15 1 15 70
6/8 15 2 25 0 1 70 225 2 25 2 125 70 36 1 5 1 15 70 36 1 5 0 2 70 36 1 5 1 25 70
6/8 36 1 5 0 0 70 36 2 25 1 5 70 46 2 25 2 75 70 36 2 25 0 1 70 225 2 25 2 125 70 15 1 5 1 15 70 15 1 5 0 2 70 15 1 5 1 25 70
6/8 15 1 5 0 0 70 15 2 25 1 5 70 225 2 25 2 75 70 15 2 25 0 1 70 75 2 25 2 125 70 65 1 5 1 15 70 15 0 1 0 2 70 66 0 1 0 2 70 65 2 25 2 225 70 46 0 1 1 25 70 66 0 1 1 25 70 36 0 1 2 275 70 56 0 1 2 275 70
6/8 45 0 1 0 0 70 225 0 1 0 0 70 46 0 1 0 0 70 55 0 1 1 5 70 56 0 1 1 5 70 55 0 1 0 1 70 56 0 1 0 1 70 65 0 1 2 125 70 66 0 1 2 125 70 75 0 1 1 15 70 225 0 1 1 15 70 76 0 1 1 15 70 75 0 1 0 2 70 225 0 1 0 2 70 76 0 1 0 2 70 15 0 1 2 225 70 225 0 1 2 225 70 16 0 1 2 225 70 75 0 1 1 25 70 225 0 1 1 25 70 526 0 1 1 25 64 76 0 1 1 25 70 15 0 1 2 275 70 225 0 1 2 275 70 16 0 1 2 275 70
6/8 75 0 1 0 0 70 225 0 1 0 0 70 56 0 1 0 0 70 76 0 1 0 0 70 16 2 25 0 1 70 226 2 25 2 125 70 37 1 5 1 15 70 37 1 5 0 2 70 37 1 5 1 25 70
6/8 37 1 5 0 0 70 37 2 25 1 5 70 47 2 25 2 75 70 37 2 25 0 1 70 226 2 25 2 125 70 16 1 5 1 15 70 16 1 5 0 2 70 16 1 5 1 25 70
6/8 16 2 25 0 0 70 226 2 25 2 25 70 16 2 25 1 5 70 76 2 25 2 75 70 66 2 25 0 1 70 56 2 25 2 125 70 46 1 5 1 15 70 46 2 25 0 2 70 56 2 25 2 225 70 66 2 25 1 25 70 76 2 25 2 275 70
6/8 36 1 5 0 0 70 66 1 5 1 5 70 76 2 25 0 1 70 16 2 25 2 125 70 76 2 75 1 15 70 76 2 25 2 225 70 76 2 25 1 25 70 66 2 25 2 275 70
6/8 36 0 1 0 0 70 66 0 1 0 0 70
6/8 75 2 25 0 1 70 15 2 25 2 125 70 25 2 25 1 15 70 75 2 25 2 175 70 46 2 75 0 2 70 25 2 25 2 275 70
6/8 15 1 5 0 0 70 46 1 5 1 5 70 15 1 5 0 1 70 75 2 25 1 15 70 55 2 25 2 175 70 25 2 75 0 2 70 75 2 25 2 275 70
6/8 615 0 1 0 0 70 75 2 25 0 1 70 615 2 25 2 125 70 55 1 5 1 15 70 615 1 5 0 2 70 75 2 25 1 25 70 15 2 25 2 275 70
6/8 45 1 5 0 0 70 75 1 5 1 5 70 15 2 25 0 1 70 25 2 25 2 125 70 36 1 5 1 15 70 36 2 25 0 2 70 25 2 25 2 225 70 15 2 25 1 25 70 75 2 25 2 275 70
6/8 15 0 1 0 0 70 75 2 25 0 1 70 15 2 25 2 125 70 25 2 25 1 15 70 75 2 25 2 175 70 46 2 75 0 2 70 25 2 25 2 275 70
6/8 15 1 5 0 0 70 46 1 5 1 5 70 15 1 5 0 1 70 75 2 25 1 15 70 55 2 25 2 175 70 55 1 5 0 2 70 615 2 25 1 25 70 75 2 25 2 275 70
6/8 45 0 1 0 0 70 45 1 5 0 1 70 55 1 5 1 15 70 615 1 5 0 2 70 75 2 25 1 25 70 15 2 25 2 275 70
6/8 45 1 5 0 0 70 75 2 75 1 5 70 615 2 25 2 125 70 55 1 5 1 15 70 615 1 5 0 2 70 75 2 25 1 25 70 15 2 25 2 275 70
6/8 45 0 1 0 0 70 75 2 25 0 1 70 615 2 25 2 125 70 55 1 5 1 15 70 615 1 5 0 2 70 75 2 25 1 25 70 15 2 25 2 275 70
6/8 45 1 5 0 0 70 75 1 5 1 5 70 15 2 25 0 1 70 25 2 25 2 125 70 36 1 5 1 15 70 36 2 25 0 2 70 25 2 25 2 225 70 15 2 25 1 25 70 75 2 25 2 275 70
6/8 75 0 3 0 0 70
6/8 25 0 1 1 25 70 26 0 1 1 25 70 36 0 1 2 275 70 37 0 1 2 275 70
6/8 46 0 1 0 0 70 47 0 1 0 0 70 46 0 1 1 5 70 47 0 1 1 5 70 46 0 1 0 1 70 47 0 1 0 1 70 46 0 1 1 15 70 47 0 1 1 15 70 46 0 1 0 2 70 47 0 1 0 2 70 56 0 1 2 225 70 57 0 1 2 225 70 46 0 1 1 25 70 47 0 1 1 25 70 36 0 1 2 275 70 37 0 1 2 275 70
6/8 25 0 1 0 0 70 26 0 1 0 0 70 25 0 1 1 5 70 26 0 1 1 5 70 25 0 1 0 1 70 26 0 1 0 1 70 25 0 1 1 15 70 26 0 1 1 15 70 25 0 1 0 2 70 26 0 1 0 2 70 36 0 1 2 225 70 37 0 1 2 225 70 25 0 1 1 25 70 26 0 1 1 25 70 15 0 1 2 275 70 16 0 1 2 275 70
6/8 75 0 1 0 0 70 76 0 1 0 0 70 75 0 1 1 5 70 76 0 1 1 5 70 75 0 1 0 1 70 76 0 1 0 1 70 615 0 1 2 125 70 616 0 1 2 125 70 55 0 1 1 15 70 56 0 1 1 15 70 615 0 1 0 2 70 616 0 1 0 2 70 615 0 1 1 25 70 616 0 1 1 25 70 75 0 1 2 275 70 76 0 1 2 275 70
6/8 15 0 1 0 0 70 36 0 1 0 0 70 16 0 1 0 0 70 15 0 1 1 5 70 36 0 1 1 5 70 16 0 1 1 5 70 25 0 1 2 75 70 36 0 1 2 75 70 26 0 1 2 75 70 15 0 1 0 1 70 36 0 1 0 1 70 66 0 1 0 1 64 16 0 1 0 1 70 25 0 1 2 125 70 36 0 1 2 125 70 26 0 1 2 125 70 15 0 1 1 15 70 36 0 1 1 15 70 616 0 1 1 15 64 16 0 1 1 15 70 25 0 1 1 25 70 26 0 1 1 25 70 36 0 1 2 275 70 37 0 1 2 275 70
6/8 46 0 1 0 0 70 47 0 1 0 0 70 46 0 1 1 5 70 47 0 1 1 5 70 46 0 1 0 1 70 47 0 1 0 1 70 46 0 1 1 15 70 47 0 1 1 15 70 46 0 1 0 2 70 47 0 1 0 2 70 56 0 1 2 225 70 57 0 1 2 225 70 46 0 1 1 25 70 47 0 1 1 25 70 36 0 1 2 275 70 37 0 1 2 275 70
6/8 25 0 1 0 0 70 26 0 1 0 0 70 25 0 1 1 5 70 26 0 1 1 5 70 25 0 1 0 1 70 26 0 1 0 1 70 25 0 1 1 15 70 26 0 1 1 15 70 36 0 1 2 175 70 37 0 1 2 175 70 25 0 1 0 2 70 26 0 1 0 2 70 15 0 1 2 225 70 16 0 1 2 225 70 75 0 1 1 25 70 76 0 1 1 25 70 615 0 1 2 275 70 616 0 1 2 275 70
6/8 55 0 1 1 5 70 56 0 1 1 5 70 615 0 1 2 75 70 616 0 1 2 75 70 75 0 1 0 1 70 76 0 1 0 1 70 15 0 1 2 125 70 16 0 1 2 125 70 45 0 1 1 15 70 75 0 1 1 15 70 46 0 1 1 15 70 75 0 1 0 2 70 76 0 1 0 2 70 15 0 1 1 25 70 16 0 1 1 25 70 25 0 1 2 275 70 26 0 1 2 275 70
6/8 15 0 1 0 0 70 16 0 1 0 0 70 15 0 1 2 75 70 16 0 1 2 75 70 15 0 1 0 1 70 16 0 1 0 1 70 75 0 1 2 125 70 76 0 1 2 125 70 75 0 1 1 15 70 25 0 1 1 15 64 46 0 1 1 15 64 76 0 1 1 15 70
6/8 75 0 1 0 0 70 25 0 1 0 0 64 46 0 1 0 0 64 76 0 1 0 0 70
6/8 75 0 1 1 15 64 25 0 1 1 15 64 46 0 1 1 15 64 76 0 1 1 15 64
6/8
6/8
6/8
6/8
6/8
6/8
6/8
6/8
6/8
6/8
6/8
6/8
6/8
6/8
6/8
6/8
6/8
6/8
6/8
6/8 15 1 15 1 15 40
6/8 75 1 15 0 0 40 65 1 15 1 15 40
6/8 55 1 15 0 0 40 45 1 15 1 15 40
6/8 35 0 1 0 0 40 75 2 25 0 1 40 15 2 25 2 125 40 225 1 5 1 15 40 36 1 5 0 2 40 46 1 5 1 25 40
6/8 36 0 1 0 0 40 15 1 15 1 15 40
6/8 75 1 15 0 0 40 65 1 5 1 15 40 75 1 5 0 2 40 65 1 5 1 25 40
6/8 55 0 1 0 0 40 15 1 5 0 1 40 225 0 1 1 15 40 225 1 5 1 25 40
6/8 15 0 1 0 0 40 15 1 5 0 1 40 225 1 5 1 15 40 46 1 5 0 2 40 225 1 5 1 25 40
6/8 15 1 15 0 0 40
6/8 36 1 5 0 1 40 66 1 5 1 15 40 66 1 5 0 2 40 66 1 5 1 25 40
6/8 56 0 1 0 0 40 46 1 5 1 15 40 46 1 5 0 2 40 46 1 5 1 25 40
6/8 36 0 1 0 0 40 15 0 1 1 15 40 15 1 5 1 25 40
6/8 65 0 1 0 0 40 75 1 5 0 1 40 225 0 1 1 15 40 225 1 5 1 25 40
6/8 36 0 1 0 0 40 56 1 5 0 1 40 36 0 1 1 15 40 66 0 1 1 15 40 36 0 1 0 2 40 16 0 1 0 2 40 36 0 1 1 25 40 66 0 1 1 25 40
6/8 36 0 1 0 0 40 56 0 1 0 0 40 15 0 1 1 15 40 46 0 1 1 15 40 15 0 1 0 2 40 66 0 1 0 2 40 15 0 1 1 25 40 46 0 1 1 25 40
6/8 15 0 1 0 0 40 36 0 1 0 0 40 225 1 5 0 2 40 225 1 5 1 25 40
6/8 15 0 1 0 0 40 15 1 5 0 1 40 225 0 1 1 15 40 36 1 5 1 25 40
6/8 15 0 3 0 0 40
6/8
6/8 66 1 15 1 5 40 56 0 1 0 2 40
6/8 56 1 5 0 0 40 46 1 15 1 5 40 36 0 1 0 2 40
6/8 36 1 5 0 0 40 225 1 15 1 5 40 15 0 1 0 2 40
6/8 46 1 5 0 0 40 56 1 5 1 5 40 66 1 5 0 1 40 56 2 25 1 15 40 25 2 25 2 175 40 36 1 5 0 2 40
6/8 66 1 15 1 5 40 56 0 1 0 2 40
6/8 46 1 5 0 0 40 56 1 5 1 5 40 66 1 5 0 1 40 36 0 1 1 15 40 36 1 5 1 25 40
6/8 46 1 5 0 0 40 36 1 5 1 5 40 225 1 5 0 1 40 15 1 5 1 15 40 66 0 1 0 2 40
6/8 226 1 5 0 0 40 16 1 5 1 5 40 76 1 5 0 1 40 66 1 15 1 15 40
6/8 37 1 5 0 2 40 37 1 5 1 25 40
6/8 37 1 15 0 0 40 16 1 5 0 2 40 16 1 5 1 25 40
6/8 16 1 15 0 0 40
6/8
6/8 66 0 1 1 15 40 16 0 1 1 15 40
6/8 56 0 1 0 0 40 76 0 1 0 0 40 46 0 1 1 15 40 66 0 1 1 15 40
6/8 36 0 1 0 0 40 56 0 1 0 0 40 225 2 25 1 15 40 65 2 25 2 175 40 225 0 1 0 2 40
6/8 15 2 25 0 0 40 65 2 25 2 25 40 15 0 1 1 5 40 46 2 25 1 15 40 225 2 25 2 175 40 225 1 5 0 2 40 36 2 25 1 25 40 15 2 25 2 275 40
6/8 15 1 15 0 0 40
6/8
6/8
6/8
6/8
6/8
6/8
6/8
6/8
6/8
6/8
6/8
6/8
6/8 76 1 15 0 0 40 616 1 15 1 15 40
6/8 56 1 15 0 0 40 46 1 15 1 15 40
6/8 25 1 15 0 0 40 36 1 15 1 15 40
6/8
6/8 76 1 15 0 0 40 616 1 15 1 15 40
6/8 56 1 15 0 0 40 46 1 15 1 15 40
6/8 36 1 5 1 5 40 36 1 5 0 1 40 25 0 1 1 15 40 46 1 5 1 25 40
6/8 36 0 1 0 0 40 36 1 5 0 1 40
6/8
6/8
6/8
6/8
6/8
6/8
6/8
6/8
6/8
6/8
6/8
6/8
6/8
6/8
6/8
6/8
6/8
6/8
6/8
6/8
6/8
6/8 15 1 15 1 15 40
6/8 75 1 15 0 0 40 65 1 15 1 15 40
6/8 55 1 15 0 0 40 45 1 15 1 15 40
6/8 35 0 1 0 0 40 75 2 25 0 1 40 15 2 25 2 125 40 225 1 5 1 15 40 36 1 5 0 2 40 46 1 5 1 25 40
6/8 36 0 1 0 0 40 15 1 15 1 15 40
6/8 75 1 15 0 0 40 65 1 5 1 15 40 75 1 5 0 2 40 65 1 5 1 25 40
6/8 55 0 1 0 0 40 15 1 5 0 1 40 225 0 1 1 15 40 225 1 5 1 25 40
6/8 15 0 1 0 0 40 15 1 5 0 1 40 225 1 5 1 15 40 46 1 5 0 2 40 225 1 5 1 25 40
6/8 15 1 15 0 0 40
6/8 36 1 5 0 1 40 66 1 5 1 15 40 66 1 5 0 2 40 66 1 5 1 25 40
6/8 56 0 1 0 0 40 46 1 5 1 15 40 46 1 5 0 2 40 46 1 5 1 25 40
6/8 36 0 1 0 0 40 15 0 1 1 15 40 15 1 5 1 25 40
6/8 65 0 1 0 0 40 75 1 5 0 1 40 225 0 1 1 15 40 225 1 5 1 25 40
6/8 36 0 1 0 0 40 56 1 5 0 1 40 36 0 1 1 15 40 66 0 1 1 15 40 36 0 1 0 2 40 16 0 1 0 2 40 36 0 1 1 25 40 66 0 1 1 25 40
6/8 36 0 1 0 0 40 56 0 1 0 0 40 15 0 1 1 15 40 46 0 1 1 15 40 15 0 1 0 2 40 66 0 1 0 2 40 15 0 1 1 25 40 46 0 1 1 25 40
6/8 15 0 1 0 0 40 36 0 1 0 0 40 225 1 5 0 2 40 225 1 5 1 25 40
6/8 15 0 1 0 0 40 15 1 5 0 1 40 225 0 1 1 15 40 36 1 5 1 25 40
6/8 15 0 3 0 0 40
6/8
6/8 66 1 15 1 5 40 56 0 1 0 2 40
6/8 56 1 5 0 0 40 46 1 15 1 5 40 36 0 1 0 2 40
6/8 36 1 5 0 0 40 225 1 15 1 5 40 15 0 1 0 2 40
6/8 46 1 5 0 0 40 56 1 5 1 5 40 66 1 5 0 1 40 56 2 25 1 15 40 25 2 25 2 175 40 36 1 5 0 2 40
6/8 66 1 15 1 5 40 56 0 1 0 2 40
6/8 46 1 5 0 0 40 56 1 5 1 5 40 66 1 5 0 1 40 36 0 1 1 15 40 36 1 5 1 25 40
6/8 46 1 5 0 0 40 36 1 5 1 5 40 225 1 5 0 1 40 15 1 5 1 15 40 66 0 1 0 2 40
6/8 226 1 5 0 0 40 16 1 5 1 5 40 76 1 5 0 1 40 66 1 15 1 15 40
6/8 37 1 5 0 2 40 37 1 5 1 25 40
6/8 37 1 15 0 0 40 16 1 5 0 2 40 16 1 5 1 25 40
6/8 16 1 15 0 0 40
6/8
6/8 66 0 1 1 15 40 16 0 1 1 15 40
6/8 56 0 1 0 0 40 76 0 1 0 0 40 46 0 1 1 15 40 66 0 1 1 15 40
6/8 36 0 1 0 0 40 56 0 1 0 0 40 225 2 25 1 15 40 65 2 25 2 175 40 225 0 1 0 2 40
6/8 15 2 25 0 0 40 65 2 25 2 25 40 15 0 1 1 5 40 46 2 25 1 15 40 225 2 25 2 175 40 225 1 5 0 2 40 36 2 25 1 25 40 15 2 25 2 275 40
6/8 15 1 15 0 0 40
6/8
6/8
6/8
6/8
6/8
6/8
6/8
6/8
6/8
6/8
6/8
6/8
6/8 76 1 15 0 0 40 616 1 15 1 15 40
6/8 56 1 15 0 0 40 46 1 15 1 15 40
6/8 25 1 15 0 0 40 36 1 15 1 15 40
6/8
6/8 76 1 15 0 0 40 616 1 15 1 15 40
6/8 56 1 15 0 0 40 46 1 15 1 15 40
6/8 36 1 5 1 5 40 36 1 5 0 1 40 25 0 1 1 15 40 46 1 5 1 25 40
6/8 36 0 1 0 0 40 36 1 5 0 1 40
