6/8
6/8 65 2 25 1 25 93 75 2 25 2 275 93
6/8 15 2 25 0 0 93 65 2 25 2 25 93 36 2 75 1 5 93 15 2 25 2 125 93 75 1 5 1 15 93 36 1 5 0 2 93 75 1 5 1 25 93
6/8 65 2 25 0 0 93 45 2 25 2 25 93 15 2 75 1 5 93 65 2 25 2 125 93 55 0 1 1 15 93 65 2 25 1 25 93 55 2 25 2 275 93
6/8 45 1 5 0 0 93 55 1 5 1 5 93 65 2 25 0 1 93 75 2 25 2 125 93 35 1 5 1 15 93 65 1 5 0 2 93 75 2 25 1 25 93 15 2 25 2 275 93
6/8 225 1 5 0 0 93 225 2 25 1 5 93 15 2 25 2 75 93 75 2 25 0 1 93 65 2 25 2 125 93 75 2 75 1 15 93 65 2 25 1 25 92 75 2 25 2 275 94
6/8 15 2 25 0 0 93 65 2 25 2 25 93 36 2 75 1 5 93 15 2 25 2 125 93 75 1 5 1 15 93 36 1 5 0 2 93 75 1 5 1 25 93
6/8 65 2 25 0 0 93 45 2 25 2 25 93 45 1 5 1 5 93 55 2 25 0 1 93 65 2 25 2 125 93 35 0 1 1 15 93 35 2 25 2 275 93
6/8 45 1 5 0 0 93 55 1 5 1 5 93 65 2 25 0 1 93 75 2 25 2 125 93 35 1 5 1 15 93 65 1 5 0 2 93 75 2 25 1 25 93 15 2 25 2 275 93
6/8 225 2 25 0 0 93 225 2 25 1 5 93 15 2 25 2 75 93 75 2 25 0 1 93 65 2 25 2 125 93 65 1 15 1 15 93
6/8 15 2 25 0 1 95 225 2 25 2 125 95 36 1 5 1 15 95 36 1 5 0 2 95 36 1 5 1 25 95
6/8 36 1 5 0 0 95 36 2 25 1 5 95 46 2 25 2 75 96 36 2 25 0 1 95 225 2 25 2 125 95 15 1 5 1 15 96 15 1 5 0 2 96 15 1 5 1 25 96
6/8 15 1 5 0 0 96 15 2 25 1 5 96 225 2 25 2 75 96 15 2 25 0 1 96 75 2 25 2 125 96 65 2 25 1 15 96 65 2 25 0 2 96 65 2 25 1 25 96 55 2 25 2 275 96
6/8 45 1 5 0 0 96 55 1 5 1 5 95 55 2 25 0 1 95 65 2 25 2 125 95 75 2 25 1 15 95 75 2 25 0 2 95 15 2 25 2 225 95 75 2 25 1 25 95 15 2 25 2 275 95
6/8 75 2 75 0 0 95 15 2 25 0 1 95 225 2 25 2 125 95 36 1 5 1 15 98 36 1 5 0 2 98 36 1 5 1 25 98
6/8 36 1 5 0 0 98 36 2 25 1 5 98 46 2 25 2 75 98 36 2 25 0 1 98 225 2 25 2 125 98 15 1 5 1 15 98 15 1 5 0 2 98 15 1 5 1 25 97
6/8 15 2 25 0 0 97 225 2 25 2 25 97 15 2 25 1 5 97 75 2 25 2 75 97 65 2 25 0 1 97 55 2 25 2 125 97 45 2 25 2 175 97 45 2 25 0 2 97 55 2 25 2 225 97 65 2 25 1 25 97 75 2 25 2 275 97
6/8 35 1 5 0 0 97 65 1 5 1 5 97 75 2 25 0 1 96 15 2 25 2 125 96 75 2 75 1 15 96 75 2 25 2 225 96 75 2 25 1 25 96 65 2 25 2 275 96
6/8 65 2 75 0 0 96
6/8 65 2 25 0 1 93 75 2 25 2 125 93 15 2 25 1 15 93 65 2 25 2 175 93 36 2 75 0 2 93 15 2 25 2 275 93
6/8 75 1 5 0 0 93 36 1 5 1 5 93 75 1 5 0 1 93 65 2 25 1 15 93 45 2 25 2 175 93 15 2 75 0 2 93 65 2 25 2 275 93
6/8 55 0 1 0 0 93 65 2 25 0 1 93 55 2 25 2 125 93 45 1 5 1 15 93 55 1 5 0 2 93 65 2 25 1 25 93 75 2 25 2 275 93
6/8 35 1 5 0 0 93 65 1 5 1 5 93 75 2 25 0 1 93 15 2 25 2 125 93 225 1 5 1 15 93 225 2 25 0 2 93 15 2 25 2 225 93 75 2 25 1 25 93 65 2 25 2 275 93
6/8 75 2 75 0 0 93 65 2 25 0 1 92 75 2 25 2 125 94 15 2 25 1 15 93 65 2 25 2 175 93 36 2 75 0 2 93 15 2 25 2 275 93
6/8 75 1 5 0 0 93 36 1 5 1 5 93 75 1 5 0 1 93 65 2 25 1 15 93 45 2 25 2 175 93 45 1 5 0 2 93 55 2 25 1 25 93 65 2 25 2 275 93
6/8 35 2 75 0 0 93 35 1 5 0 1 93 45 1 5 1 15 93 55 1 5 0 2 93 65 2 25 1 25 93 75 2 25 2 275 93
6/8 35 1 5 0 0 93 65 1 5 1 5 93 75 2 25 0 1 93 15 2 25 2 125 93 225 2 25 1 15 93 225 2 25 0 2 93 15 2 25 2 225 93 75 2 25 1 25 93 65 2 25 2 275 93
6/8 65 1 15 0 0 93
6/8 15 2 25 0 1 95 225 2 25 2 125 95 36 1 5 1 15 95 36 1 5 0 2 95 36 1 5 1 25 95
6/8 36 1 5 0 0 95 36 2 25 1 5 95 46 2 25 2 75 96 36 2 25 0 1 95 225 2 25 2 125 95 15 1 5 1 15 96 15 1 5 0 2 96 15 1 5 1 25 96
6/8 15 1 5 0 0 96 15 2 25 1 5 96 225 2 25 2 75 96 15 2 25 0 1 96 75 2 25 2 125 96 65 2 25 1 15 96 65 2 25 0 2 96 65 2 25 1 25 96 55 2 25 2 275 96
6/8 45 1 5 0 0 96 55 1 5 1 5 95 55 2 25 0 1 95 65 2 25 2 125 95 75 2 25 1 15 95 75 2 25 0 2 95 15 2 25 2 225 95 75 2 25 1 25 95 15 2 25 2 275 95
6/8 75 2 75 0 0 95 15 2 25 0 1 95 225 2 25 2 125 95 36 1 5 1 15 98 36 1 5 0 2 98 36 1 5 1 25 98
6/8 36 1 5 0 0 98 36 2 25 1 5 98 46 2 25 2 75 98 36 2 25 0 1 98 225 2 25 2 125 98 15 1 5 1 15 98 15 1 5 0 2 98 15 1 5 1 25 97
6/8 15 2 25 0 0 97 225 2 25 2 25 97 15 2 25 1 5 97 75 2 25 2 75 97 65 2 25 0 1 97 55 2 25 2 125 97 45 2 25 0 2 97 55 2 25 2 225 97 65 2 25 1 25 97 75 2 25 2 275 97
6/8 35 1 5 0 0 97 65 1 5 1 5 96 75 2 25 0 1 96 15 2 25 2 125 96 75 2 75 1 15 96 75 2 25 2 225 96 75 2 25 1 25 96 65 2 25 2 275 96
6/8 65 0 3 0 0 96
6/8 65 1 15 0 0 96 65 2 25 1 25 93 75 2 25 2 275 93
6/8 15 2 25 0 0 93 65 2 25 2 25 93 36 2 75 1 5 93 15 2 25 2 125 93 75 1 5 1 15 93 36 1 5 0 2 93 75 1 5 1 25 93
6/8 65 2 25 0 0 93 45 2 25 2 25 93 15 2 75 1 5 93 65 2 25 2 125 93 55 0 1 1 15 93 65 2 25 1 25 93 55 2 25 2 275 93
6/8 45 1 5 0 0 93 55 1 5 1 5 93 65 2 25 0 1 93 75 2 25 2 125 93 35 1 5 1 15 93 65 1 5 0 2 93 75 2 25 1 25 93 15 2 25 2 275 93
6/8 225 1 5 0 0 93 225 2 25 1 5 93 15 2 25 2 75 93 75 2 25 0 1 93 65 2 25 2 125 93 75 2 75 1 15 93 65 2 25 1 25 92 75 2 25 2 275 94
6/8 15 2 25 0 0 93 65 2 25 2 25 93 36 2 75 1 5 93 15 2 25 2 125 93 75 1 5 1 15 93 36 1 5 0 2 93 75 1 5 1 25 93
6/8 65 2 25 0 0 93 45 2 25 2 25 93 45 1 5 1 5 93 55 2 25 0 1 93 65 2 25 2 125 93 35 2 75 1 15 93 35 1 5 1 25 93
6/8 45 1 5 0 0 93 55 1 5 1 5 93 65 2 25 0 1 93 75 2 25 2 125 93 35 1 5 1 15 93 65 1 5 0 2 93 75 2 25 1 25 93 15 2 25 2 275 93
6/8 225 2 25 0 0 93 225 2 25 1 5 93 15 2 25 2 75 93 75 2 25 0 1 93 65 2 25 2 125 93 65 1 15 1 15 93
6/8 15 2 25 0 1 95 225 2 25 2 125 95 36 1 5 1 15 95 36 1 5 0 2 95 36 1 5 1 25 95
6/8 36 1 5 0 0 95 36 2 25 1 5 95 46 2 25 2 75 96 36 2 25 0 1 95 225 2 25 2 125 95 15 1 5 1 15 96 15 1 5 0 2 96 15 1 5 1 25 96
6/8 15 1 5 0 0 96 15 2 25 1 5 96 225 2 25 2 75 96 15 2 25 0 1 96 75 2 25 2 125 96 65 2 25 1 15 96 65 2 25 0 2 96 65 2 25 1 25 96 55 2 25 2 275 96
6/8 45 1 5 0 0 96 55 1 5 1 5 95 55 2 25 0 1 95 65 2 25 2 125 95 75 2 25 1 15 95 75 2 25 0 2 95 15 2 25 2 225 95 75 2 25 1 25 95 15 2 25 2 275 95
6/8 75 2 75 0 0 95 15 2 25 0 1 95 225 2 25 2 125 95 36 1 5 1 15 98 36 1 5 0 2 98 36 1 5 1 25 98
6/8 36 1 5 0 0 98 36 2 25 1 5 98 46 2 25 2 75 98 36 2 25 0 1 98 225 2 25 2 125 98 15 1 5 1 15 98 15 1 5 0 2 98 15 1 5 1 25 97
6/8 15 2 25 0 0 97 225 2 25 2 25 97 15 2 25 1 5 97 75 2 25 2 75 97 65 2 25 0 1 97 55 2 25 2 125 97 45 1 5 1 15 96 45 2 25 0 2 97 55 2 25 2 225 97 65 2 25 1 25 97 75 2 25 2 275 97
6/8 35 1 5 0 0 97 65 1 5 1 5 96 75 2 25 0 1 96 15 2 25 2 125 96 75 2 75 1 15 96 75 2 25 2 225 96 75 2 25 1 25 96 65 2 25 2 275 96
6/8 65 2 75 0 0 96
6/8 65 2 25 0 1 93 75 2 25 2 125 93 15 2 25 1 15 93 65 2 25 2 175 93 36 2 75 0 2 93 15 2 25 2 275 93
6/8 75 1 5 0 0 93 36 1 5 1 5 93 75 1 5 0 1 93 65 2 25 1 15 93 45 2 25 2 175 93 15 2 75 0 2 93 65 2 25 2 275 93
6/8 55 0 1 0 0 93 65 2 25 0 1 93 55 2 25 2 125 93 45 1 5 1 15 93 55 1 5 0 2 93 65 2 25 1 25 93 75 2 25 2 275 93
6/8 35 1 5 0 0 93 65 1 5 1 5 93 75 2 25 0 1 93 15 2 25 2 125 93 225 1 5 1 15 93 225 2 25 0 2 93 15 2 25 2 225 93 75 2 25 1 25 93 65 2 25 2 275 93
6/8 75 2 75 0 0 93 65 2 25 0 1 92 75 2 25 2 125 94 15 2 25 1 15 93 65 2 25 2 175 93 36 2 75 0 2 93 15 2 25 2 275 93
6/8 75 1 5 0 0 93 36 1 5 1 5 93 75 1 5 0 1 93 65 2 25 1 15 93 45 2 25 2 175 93 45 1 5 0 2 93 55 2 25 1 25 93 65 2 25 2 275 93
6/8 35 2 75 0 0 69 35 1 5 0 1 65 45 1 5 1 15 64 55 1 5 0 2 60 65 2 25 1 25 52 75 2 25 2 275 67
6/8 35 1 5 0 0 61 65 2 75 1 5 62 55 2 25 2 125 75 45 1 5 1 15 86 55 1 5 0 2 67 65 2 25 1 25 58 75 2 25 2 275 62
6/8 35 0 1 0 0 63 65 2 25 0 1 51 55 2 25 2 125 57 45 1 5 1 15 75 55 1 5 0 2 64 65 2 25 1 25 54 75 2 25 2 275 64
6/8 35 1 5 0 0 58 65 1 5 1 5 54 75 2 25 0 1 48 15 2 25 2 125 57 225 1 5 1 15 42 225 2 25 0 2 47 15 2 25 2 225 42 75 2 25 1 25 45 65 2 25 2 275 44
6/8 65 0 3 0 0 60
6/8 15 2 25 1 25 95 225 2 25 2 275 95
6/8 36 1 5 0 0 95 36 1 5 1 5 95 36 1 5 0 1 95 36 1 5 1 15 95 36 2 25 0 2 95 46 2 25 2 225 96 36 2 25 1 25 95 225 2 25 2 275 95
6/8 15 1 5 0 0 96 15 1 5 1 5 96 15 1 5 0 1 96 15 1 5 1 15 96 15 2 25 0 2 96 225 2 25 2 225 96 15 2 25 1 25 96 75 2 25 2 275 96
6/8 65 2 25 0 0 96 65 2 25 1 5 96 65 2 25 0 1 96 55 2 25 2 125 96 45 1 5 1 15 96 55 1 5 0 2 95 55 2 25 1 25 95 65 2 25 2 275 95
6/8 75 2 25 0 0 95 75 2 25 1 5 95 15 2 25 2 75 95 75 2 25 0 1 95 15 2 25 2 125 95 75 2 75 1 15 95 15 2 25 1 25 95 225 2 25 2 275 95
6/8 36 1 5 0 0 98 36 1 5 1 5 98 36 1 5 0 1 98 36 1 5 1 15 98 36 2 25 0 2 98 46 2 25 2 225 98 36 2 25 1 25 98 225 2 25 2 275 98
6/8 15 1 5 0 0 98 15 1 5 1 5 98 15 1 5 0 1 97 15 2 25 1 15 97 225 2 25 2 175 97 15 2 25 0 2 97 75 2 25 2 225 97 65 2 25 1 25 97 55 2 25 2 275 97
6/8 45 2 25 1 5 97 55 2 25 2 75 97 65 2 25 0 1 97 75 2 25 2 125 97 35 1 5 1 15 97 65 1 5 0 2 96 75 2 25 1 25 96 15 2 25 2 275 96
6/8 75 2 75 0 0 96 75 2 25 2 75 96 75 2 25 0 1 96 65 2 25 2 125 96 65 1 15 1 15 96
6/8 65 0 3 0 0 96
6/8 64 1 5 0 0 57 65 1 5 1 5 57 35 0 1 1 5 57 15 1 5 0 1 57 64 1 5 1 15 57 65 1 5 0 2 57 35 0 1 0 2 57 15 1 5 1 25 57
6/8 64 1 5 0 0 57 65 1 5 1 5 57 35 0 1 1 5 57 15 1 5 0 1 57 64 1 5 1 15 57 65 1 5 0 2 57 35 0 1 0 2 57 15 1 5 1 25 57
6/8 64 1 5 0 0 57 65 1 5 1 5 57 35 0 1 1 5 57 15 1 5 0 1 57 55 0 1 1 15 57 35 0 1 1 15 57 36 1 5 0 2 57 75 0 1 0 2 57 56 1 5 1 25 57
6/8 65 0 1 0 0 57 45 0 1 0 0 57 66 1 5 1 5 57 15 0 1 1 5 57 46 1 5 0 1 57 55 0 1 1 15 57 14 0 1 1 15 57 15 1 5 0 2 57 35 0 1 0 2 57 36 1 5 1 25 57
6/8 224 1 5 0 0 57 65 1 5 1 5 57 45 0 1 1 5 57 225 1 5 0 1 57 14 1 5 1 15 57 65 1 5 0 2 57 35 0 1 0 2 57 15 1 5 1 25 57
6/8 45 0 1 0 0 57 74 0 1 0 0 57 75 1 5 1 5 57 45 0 1 1 5 57 225 1 5 0 1 57 35 1 5 1 15 57 75 0 1 0 2 57 55 0 1 0 2 57 36 0 1 1 25 57 75 0 1 1 25 57
6/8 64 1 5 0 0 57 65 1 5 1 5 57 35 0 1 1 5 57 15 1 5 0 1 57 55 0 1 1 15 57 35 0 1 1 15 57 36 1 5 0 2 57 75 0 1 0 2 57 56 1 5 1 25 57
6/8 65 0 1 0 0 57 45 0 1 0 0 57 66 1 5 1 5 57 15 0 1 1 5 57 46 1 5 0 1 57 55 0 1 1 15 57 14 0 1 1 15 57 15 1 5 0 2 57 35 0 1 0 2 57 36 1 5 1 25 57
6/8 224 1 5 0 0 57 65 1 5 1 5 57 45 0 1 1 5 57 225 1 5 0 1 57 14 1 5 1 15 57 65 0 1 0 2 57 35 0 1 0 2 57 15 0 1 1 25 57 65 0 1 1 25 57
6/8 45 0 1 0 0 57 74 0 1 0 0 57 75 0 1 1 5 57 45 0 1 1 5 57 36 0 1 0 1 57 35 0 1 0 1 57 64 1 5 1 15 57 65 1 5 0 2 57 35 0 1 0 2 57 15 1 5 1 25 57
6/8 64 1 5 0 0 57 65 1 5 1 5 57 35 0 1 1 5 57 15 1 5 0 1 57 64 1 5 1 15 57 65 1 5 0 2 57 35 0 1 0 2 57 15 1 5 1 25 57
6/8 55 0 1 0 0 57 35 0 1 0 0 57 56 0 1 1 5 57 75 0 1 1 5 57 76 0 1 0 1 57 36 0 1 0 1 57 45 1 5 1 15 57 15 0 1 0 2 57 65 0 1 0 2 57 46 0 1 1 25 57 15 0 1 1 25 57
6/8 14 1 5 0 0 57 15 0 1 1 5 57 35 0 1 1 5 57 36 0 1 0 1 57 55 0 1 0 1 57 45 1 5 1 15 57 46 0 1 0 2 57 65 0 1 0 2 57 15 0 1 1 25 57 45 0 1 1 25 57
6/8 224 1 5 0 0 57 65 1 5 1 5 57 45 0 1 1 5 57 225 1 5 0 1 57 74 1 5 1 15 57 45 0 1 0 2 57 224 0 1 0 2 57 225 0 1 1 25 57 45 0 1 1 25 57
6/8 35 1 5 0 0 57 36 0 1 1 5 57 75 0 1 1 5 57 56 0 1 0 1 57 36 0 1 0 1 57 64 1 5 1 15 57 65 1 5 0 2 57 35 0 1 0 2 57 15 1 5 1 25 57
6/8 55 0 1 0 0 57 35 0 1 0 0 57 56 0 1 1 5 57 75 0 1 1 5 57 76 0 1 0 1 57 36 0 1 0 1 57 45 1 5 1 15 57 15 0 1 0 2 57 65 0 1 0 2 57 46 0 1 1 25 57 15 0 1 1 25 57
6/8 14 1 5 0 0 57 56 0 1 1 5 57 35 0 1 1 5 57 36 0 1 0 1 57 55 0 1 0 1 57 224 1 5 1 15 57 65 0 1 0 2 57 45 0 1 0 2 57 46 0 1 1 25 57 225 0 1 1 25 57
6/8 14 1 5 0 0 57 65 1 5 1 5 57 35 0 1 1 5 57 15 1 5 0 1 57 224 1 5 1 15 57 36 1 5 0 2 57 75 0 1 0 2 57 56 1 5 1 25 57
6/8 64 1 5 0 0 57 65 1 5 1 5 57 35 0 1 1 5 57 15 1 5 0 1 57 64 1 5 1 15 57 65 1 5 0 2 57 35 0 1 0 2 57 15 1 5 1 25 57
6/8 64 1 5 0 0 57 65 1 5 1 5 57 35 0 1 1 5 57 15 1 5 0 1 57 64 1 5 1 15 57 65 1 5 0 2 57 35 0 1 0 2 57 15 1 5 1 25 57
6/8 55 0 1 0 0 57 35 0 1 0 0 57 36 1 5 1 5 57 75 0 1 1 5 57 56 1 5 0 1 57 65 0 1 1 15 57 45 0 1 1 15 57 66 1 5 0 2 57 15 0 1 0 2 57 46 1 5 1 25 57
6/8 55 0 1 0 0 57 14 0 1 0 0 57 15 1 5 1 5 57 35 0 1 1 5 57 36 1 5 0 1 57 224 1 5 1 15 57 65 1 5 0 2 57 45 0 1 0 2 57 225 1 5 1 25 57
6/8 14 1 5 0 0 57 65 1 5 1 5 57 35 0 1 1 5 57 15 1 5 0 1 57 45 0 1 1 15 57 74 0 1 1 15 57 75 1 5 0 2 57 45 0 1 0 2 57 225 1 5 1 25 57
6/8 35 1 5 0 0 57 75 0 1 1 5 57 55 0 1 1 5 57 36 0 1 0 1 57 75 0 1 0 1 57 64 1 5 1 15 57 65 1 5 0 2 57 35 0 1 0 2 57 15 1 5 1 25 57
6/8 55 0 1 0 0 57 35 0 1 0 0 57 36 1 5 1 5 57 75 0 1 1 5 57 56 1 5 0 1 57 65 0 1 1 15 57 45 0 1 1 15 57 66 1 5 0 2 57 15 0 1 0 2 57 46 1 5 1 25 57
6/8 55 0 1 0 0 57 14 0 1 0 0 57 15 1 5 1 5 57 35 0 1 1 5 57 36 1 5 0 1 57 224 1 5 1 15 57 65 1 5 0 2 57 45 0 1 0 2 57 225 1 5 1 25 57
6/8 14 1 5 0 0 57 65 0 1 1 5 57 35 0 1 1 5 57 15 0 1 0 1 57 65 0 1 0 1 57 45 0 1 1 15 57 74 0 1 1 15 57 75 0 1 0 2 57 45 0 1 0 2 57 36 0 1 1 25 57 35 0 1 1 25 57
6/8 64 1 5 0 0 57 65 1 5 1 5 57 35 0 1 1 5 57 15 1 5 0 1 57 64 1 5 1 15 57 65 1 5 0 2 57 35 0 1 0 2 57 15 1 5 1 25 57
6/8 64 1 5 0 0 57 65 1 5 1 5 57 35 0 1 1 5 57 15 1 5 0 1 57 64 1 5 1 15 57 65 1 5 0 2 57 35 0 1 0 2 57 15 1 5 1 25 57
6/8 55 0 1 0 0 57 35 0 1 0 0 57 56 0 1 1 5 57 75 0 1 1 5 57 76 0 1 0 1 57 36 0 1 0 1 57 45 1 5 1 15 57 15 0 1 0 2 57 65 0 1 0 2 57 46 0 1 1 25 57 15 0 1 1 25 57
6/8 14 1 5 0 0 57 15 0 1 1 5 57 35 0 1 1 5 57 36 0 1 0 1 57 55 0 1 0 1 57 45 1 5 1 15 57 46 0 1 0 2 57 65 0 1 0 2 57 15 0 1 1 25 57 45 0 1 1 25 57
6/8 224 1 5 0 0 57 65 1 5 1 5 57 45 0 1 1 5 57 225 1 5 0 1 57 74 1 5 1 15 57 45 0 1 0 2 57 224 0 1 0 2 57 225 0 1 1 25 57 45 0 1 1 25 57
6/8 35 1 5 0 0 57 36 0 1 1 5 57 75 0 1 1 5 57 56 0 1 0 1 57 36 0 1 0 1 57 64 1 5 1 15 57 65 1 5 0 2 57 35 0 1 0 2 57 15 1 5 1 25 57
6/8 55 0 1 0 0 57 35 0 1 0 0 57 56 0 1 1 5 57 75 0 1 1 5 57 76 0 1 0 1 57 36 0 1 0 1 57 45 1 5 1 15 57 15 0 1 0 2 57 65 0 1 0 2 57 46 0 1 1 25 57 15 0 1 1 25 57
6/8 14 1 5 0 0 57 56 0 1 1 5 57 35 0 1 1 5 57 36 0 1 0 1 57 55 0 1 0 1 57 224 1 5 1 15 57 65 0 1 0 2 57 45 0 1 0 2 57 46 0 1 1 25 57 225 0 1 1 25 57
6/8 14 1 5 0 0 57 65 1 5 1 5 57 35 0 1 1 5 57 15 1 5 0 1 57 224 1 5 1 15 57 36 0 1 0 2 57 75 0 1 0 2 57 56 0 1 1 25 57 35 0 1 1 25 57
6/8 64 1 5 0 0 57 65 1 5 1 5 57 35 0 1 1 5 57 15 1 5 0 1 57 64 1 5 1 15 57 65 1 5 0 2 57 35 0 1 0 2 57 15 1 5 1 25 57
6/8 64 1 5 0 0 57 65 1 5 1 5 57 35 0 1 1 5 57 15 1 5 0 1 57 64 1 5 1 15 57 65 1 5 0 2 57 35 0 1 0 2 57 15 1 5 1 25 57
6/8 64 1 5 0 0 57 65 1 5 1 5 57 35 0 1 1 5 57 15 1 5 0 1 57 55 0 1 1 15 57 35 0 1 1 15 57 36 1 5 0 2 57 75 0 1 0 2 57 56 1 5 1 25 57
6/8 65 0 1 0 0 57 45 0 1 0 0 57 66 1 5 1 5 57 15 0 1 1 5 57 46 1 5 0 1 57 55 0 1 1 15 57 14 0 1 1 15 57 15 1 5 0 2 57 35 0 1 0 2 57 36 1 5 1 25 57
6/8 224 1 5 0 0 57 65 1 5 1 5 57 45 0 1 1 5 57 225 1 5 0 1 57 14 1 5 1 15 57 65 1 5 0 2 57 35 0 1 0 2 57 15 1 5 1 25 57
6/8 45 0 1 0 0 57 74 0 1 0 0 57 75 1 5 1 5 57 45 0 1 1 5 57 225 1 5 0 1 57 35 1 5 1 15 57 75 0 1 0 2 57 55 0 1 0 2 57 36 0 1 1 25 57 75 0 1 1 25 57
6/8 64 1 5 0 0 57 65 1 5 1 5 57 35 0 1 1 5 57 15 1 5 0 1 57 55 0 1 1 15 57 35 0 1 1 15 57 36 1 5 0 2 57 75 0 1 0 2 57 56 1 5 1 25 57
6/8 65 0 1 0 0 57 45 0 1 0 0 57 66 1 5 1 5 57 15 0 1 1 5 57 46 1 5 0 1 57 55 0 1 1 15 57 14 0 1 1 15 57 15 1 5 0 2 57 35 0 1 0 2 57 36 1 5 1 25 57
6/8 224 1 5 0 0 57 65 1 5 1 5 57 45 0 1 1 5 57 225 1 5 0 1 57 14 1 5 1 15 57 65 0 1 0 2 57 35 0 1 0 2 57 15 0 1 1 25 57 65 0 1 1 25 57
6/8 45 0 1 0 0 57 74 0 1 0 0 57 75 0 1 1 5 57 45 0 1 1 5 57 36 0 1 0 1 57 35 0 1 0 1 57 64 1 5 1 15 57 65 1 5 0 2 57 35 0 1 0 2 57 15 1 5 1 25 57
6/8 64 1 5 0 0 57 65 1 5 1 5 57 35 0 1 1 5 57 15 1 5 0 1 57 64 1 5 1 15 57 65 1 5 0 2 57 35 0 1 0 2 57 15 1 5 1 25 57
6/8 55 0 1 0 0 57 35 0 1 0 0 57 56 0 1 1 5 57 75 0 1 1 5 57 76 0 1 0 1 57 36 0 1 0 1 57 45 1 5 1 15 57 15 0 1 0 2 57 65 0 1 0 2 57 46 0 1 1 25 57 15 0 1 1 25 57
6/8 14 1 5 0 0 57 15 0 1 1 5 57 35 0 1 1 5 57 36 0 1 0 1 57 55 0 1 0 1 57 45 1 5 1 15 57 46 0 1 0 2 57 65 0 1 0 2 57 15 0 1 1 25 57 45 0 1 1 25 57
6/8 224 1 5 0 0 57 65 1 5 1 5 57 45 0 1 1 5 57 225 1 5 0 1 57 74 1 5 1 15 57 45 0 1 0 2 57 224 0 1 0 2 57 225 0 1 1 25 57 45 0 1 1 25 57
6/8 35 1 5 0 0 57 36 0 1 1 5 57 75 0 1 1 5 57 56 0 1 0 1 57 36 0 1 0 1 57 64 1 5 1 15 57 65 1 5 0 2 57 35 0 1 0 2 57 15 1 5 1 25 57
6/8 55 0 1 0 0 57 35 0 1 0 0 57 56 0 1 1 5 57 75 0 1 1 5 57 76 0 1 0 1 57 36 0 1 0 1 57 45 1 5 1 15 57 15 0 1 0 2 57 65 0 1 0 2 57 46 0 1 1 25 57 15 0 1 1 25 57
6/8 14 1 5 0 0 57 56 0 1 1 5 57 35 0 1 1 5 57 36 0 1 0 1 57 55 0 1 0 1 57 224 1 5 1 15 57 65 0 1 0 2 57 45 0 1 0 2 57 46 0 1 1 25 57 225 0 1 1 25 57
6/8 14 1 5 0 0 57 65 1 5 1 5 57 35 0 1 1 5 57 15 1 5 0 1 57 224 1 5 1 15 57 36 0 1 0 2 57 75 0 1 0 2 57 56 0 1 1 25 57 35 0 1 1 25 57
6/8 64 1 5 0 0 57 65 1 5 1 5 57 35 0 1 1 5 57 15 1 5 0 1 57 64 1 5 1 15 57 65 1 5 0 2 57 35 0 1 0 2 57 15 1 5 1 25 57
6/8 64 1 5 0 0 57 65 1 5 1 5 57 35 0 1 1 5 57 15 1 5 0 1 57 64 1 5 1 15 57 65 1 5 0 2 57 35 0 1 0 2 57 15 1 5 1 25 57
6/8 55 0 1 0 0 57 35 0 1 0 0 57 36 1 5 1 5 57 75 0 1 1 5 57 56 1 5 0 1 57 65 0 1 1 15 57 45 0 1 1 15 57 66 1 5 0 2 57 15 0 1 0 2 57 46 1 5 1 25 57
6/8 55 0 1 0 0 57 14 0 1 0 0 57 15 1 5 1 5 57 35 0 1 1 5 57 36 1 5 0 1 57 224 1 5 1 15 57 65 1 5 0 2 57 45 0 1 0 2 57 225 1 5 1 25 57
6/8 14 1 5 0 0 57 65 1 5 1 5 57 35 0 1 1 5 57 15 1 5 0 1 57 45 0 1 1 15 57 74 0 1 1 15 57 75 1 5 0 2 57 45 0 1 0 2 57 225 1 5 1 25 57
6/8 35 1 5 0 0 57 75 0 1 1 5 57 55 0 1 1 5 57 36 0 1 0 1 57 75 0 1 0 1 57 64 1 5 1 15 57 65 1 5 0 2 57 35 0 1 0 2 57 15 1 5 1 25 57
6/8 55 0 1 0 0 57 35 0 1 0 0 57 36 1 5 1 5 57 75 0 1 1 5 57 56 1 5 0 1 57 65 0 1 1 15 57 45 0 1 1 15 57 66 1 5 0 2 57 15 0 1 0 2 57 46 1 5 1 25 57
6/8 55 0 1 0 0 57 14 0 1 0 0 57 15 1 5 1 5 57 35 0 1 1 5 57 36 1 5 0 1 57 224 1 5 1 15 57 65 1 5 0 2 57 45 0 1 0 2 57 225 1 5 1 25 57
6/8 14 1 5 0 0 57 35 0 1 1 5 57 35 0 1 1 5 57 224 1 5 1 15 57 65 1 5 0 2 57 45 0 1 0 2 57 225 1 5 1 25 57
6/8 14 1 5 0 0 57 15 0 1 1 5 57 35 0 1 1 5 57 224 1 5 1 15 57 65 1 5 0 2 57 45 0 1 0 2 57 225 1 5 1 25 57
6/8 14 1 5 0 0 57 65 1 5 1 5 57 35 0 1 1 5 57 15 1 5 0 1 57 74 1 5 1 15 57 75 0 1 0 2 57 55 0 1 0 2 57 36 0 1 1 25 57 35 0 1 1 25 57
6/8 64 1 5 0 0 57 65 1 5 1 5 57 35 0 1 1 5 57 15 1 5 0 1 57 64 1 5 1 15 57 65 1 5 0 2 57 35 0 1 0 2 57 15 1 5 1 25 57
6/8 64 1 5 0 0 57 65 1 5 1 5 57 35 0 1 1 5 57 15 1 5 0 1 57 36 0 1 1 15 57 15 0 1 1 15 57 66 0 1 0 2 57 15 0 1 0 2 57 16 0 1 1 25 57 36 0 1 1 25 57
6/8 64 1 5 0 0 57 65 1 5 1 5 57 35 0 1 1 5 57 15 1 5 0 1 57 55 0 1 1 15 57 35 0 1 1 15 57 56 0 1 0 2 57 75 0 1 0 2 57 76 0 1 1 25 57 36 0 1 1 25 57
6/8 45 1 5 0 0 57 15 0 1 1 5 57 65 0 1 1 5 57 46 0 1 0 1 57 15 0 1 0 1 57 14 1 5 1 15 57 15 0 1 0 2 57 35 0 1 0 2 57 36 0 1 1 25 57 55 0 1 1 25 57
6/8 45 1 5 0 0 57 46 0 1 1 5 57 65 0 1 1 5 57 15 0 1 0 1 57 45 0 1 0 1 57 224 1 5 1 15 57 65 1 5 0 2 57 45 0 1 0 2 57 225 1 5 1 25 57
6/8 74 1 5 0 0 57 45 0 1 1 5 57 224 0 1 1 5 57 225 0 1 0 1 57 45 0 1 0 1 57 35 1 5 1 15 57 36 0 1 0 2 57 75 0 1 0 2 57 56 0 1 1 25 57 36 0 1 1 25 57
6/8 64 1 5 0 0 57 65 1 5 1 5 57 35 0 1 1 5 57 15 1 5 0 1 57 55 0 1 1 15 57 35 0 1 1 15 57 56 0 1 0 2 57 75 0 1 0 2 57 76 0 1 1 25 57 36 0 1 1 25 57
6/8 45 1 5 0 0 57 15 0 1 1 5 57 65 0 1 1 5 57 46 0 1 0 1 57 15 0 1 0 1 57 14 1 5 1 15 57 56 0 1 0 2 57 35 0 1 0 2 57 36 0 1 1 25 57 55 0 1 1 25 57
6/8 224 1 5 0 0 57 65 0 1 1 5 57 45 0 1 1 5 57 46 0 1 0 1 57 225 0 1 0 1 57 14 1 5 1 15 57 65 1 5 0 2 57 35 0 1 0 2 57 15 1 5 1 25 57
6/8 224 1 5 0 0 57 36 0 1 1 5 57 75 0 1 1 5 57 56 0 1 0 1 57 35 0 1 0 1 57 64 1 5 1 15 57 65 0 1 0 2 57 35 0 1 0 2 57 15 0 1 1 25 57 65 0 1 1 25 57
6/8 36 0 1 0 0 57 15 0 1 0 0 57 66 0 1 1 5 57 36 0 1 1 5 57 16 0 1 0 1 57 36 0 1 0 1 57 37 0 1 3 1333 57 66 0 1 3 1333 64 16 0 1 3 1333 64 67 0 1 3 1333 57 36 0 1 3 1333 64 65 0 1 1 15 57 15 0 1 1 15 57
6/8 65 0 1 0 0 57 15 0 1 0 0 57
