4/4 613 0 1 2 375 47 23 0 1 2 375 55 54 0 1 2 375 53 14 0 1 2 375 66 44 0 1 2 375 56
4/4 613 0 1 0 0 48 23 0 1 0 0 52 54 0 1 0 0 50 14 0 1 0 0 49 44 0 1 0 0 57
4/4 51 3 667 0 0 68 21 1 5 1 5 68 72 1 5 0 1 58 53 1 5 1 15 56 43 1 5 0 2 53 612 1 15 1 25 57
4/4 612 0 4 0 0 65
4/4 51 3 667 0 0 52 32 1 5 1 5 68 72 1 5 0 1 62 53 1 5 1 15 70 43 1 5 0 2 72 612 1 15 1 25 70 44 1 5 1 35 59
4/4 54 0 4 0 0 53 612 0 4 0 0 65 12 0 1 0 1 54 72 0 1 0 2 74 612 0 1 0 3 55
4/4 31 1 5 0 0 46 52 0 4 0 0 58 11 1 5 1 5 59 72 1 5 0 1 57 43 1 5 1 15 56 33 1 5 0 2 68 52 1 15 1 25 67
4/4 41 3 667 0 0 57 11 1 5 1 5 66 72 1 5 0 1 66 43 1 5 1 15 56 33 1 5 0 2 66 612 1 15 1 25 49
4/4 51 3 667 0 0 68 24 0 1 1 5 53 21 0 1 1 5 55 54 0 1 0 1 66 71 0 1 0 1 65 14 1 25 1 15 70 53 1 5 1 15 52 43 1 5 0 2 66 612 1 15 1 25 67
4/4 14 1 5 0 0 69 612 0 4 0 0 62 74 1 5 1 5 56 23 1 5 0 1 71 54 1 25 1 15 69
4/4 51 3 667 0 0 68 24 0 1 1 5 59 31 0 1 1 5 66 14 0 1 0 1 72 71 0 1 0 1 65 24 0 1 1 15 69 52 0 1 1 15 59 55 0 1 0 2 69 42 0 1 0 2 56 24 1 15 1 25 59 612 1 15 1 25 58
4/4 24 1 15 0 0 70 612 0 4 0 0 66 14 1 5 1 15 72 24 0 1 0 2 56 14 3 333 0 3 58 74 3 333 3 3333 55 614 3 333 3 3667 56
4/4 54 0 3 0 0 56 31 3 667 0 0 68 11 1 5 1 5 60 72 1 5 0 1 62 43 1 5 1 15 71 33 1 5 0 2 65 52 1 15 1 25 67 44 1 5 1 35 67
4/4 54 0 1 0 0 54 41 0 1 0 0 71 23 1 35 1 5 64 11 1 5 1 5 52 72 1 5 0 1 62 43 1 5 1 15 59 33 1 5 0 2 52 612 1 15 1 25 60
4/4 612 0 1 0 0 53 23 0 1 0 0 54 74 0 2 0 1 69 24 0 1 0 3 72
4/4 74 0 4 0 0 62 35 0 2 0 0 53 45 0 2 0 2 60
4/4 54 0 2 0 0 55 74 2 25 0 0 63 45 0 3 0 1 60 54 0 1 0 2 62 63 0 1 0 2 65
4/4 35 0 2 0 0 59 54 0 1 0 0 45 63 0 1 0 0 57 54 0 1 0 2 47 64 0 1 0 2 50 23 0 1 0 2 49
4/4 71 3 667 0 0 56 42 1 5 1 5 54 12 1 5 0 1 59 63 1 25 1 15 65 44 0 1 1 35 58 33 0 1 1 35 72 223 2 25 2 375 67
4/4 13 0 3 0 0 60 71 3 667 0 0 68 522 1 5 1 5 57 12 1 5 0 1 54 63 1 15 1 15 67 33 0 1 0 3 62 34 1 5 1 35 58
4/4 64 0 4 0 0 66 71 0 1 0 0 58 711 0 1 0 0 59 62 1 5 1 5 52 712 1 5 0 1 58 63 1 25 1 15 55
4/4 71 0 1 0 0 49 611 0 1 0 0 78 522 1 5 1 5 52 12 1 5 0 1 57 613 1 25 1 15 63
4/4 45 0 1 0 0 47 75 0 1 0 0 62 54 0 1 0 0 47 13 0 1 0 0 61 35 0 1 0 2 32 64 0 1 0 2 62 44 0 1 0 2 47 73 0 1 0 2 56 224 0 1 0 3 34 524 0 1 0 3 48
4/4 14 0 1 0 0 31 45 0 1 0 0 50 314 0 1 0 0 35 613 0 1 0 0 45
4/4 35 0 1 0 0 38 65 0 1 0 0 56 44 0 1 0 0 43 73 0 1 0 0 52 224 0 1 0 2 50 524 0 1 0 2 61 34 0 1 0 2 38 63 0 1 0 2 51 714 0 1 0 3 45 314 0 1 0 3 49
4/4 74 0 1 0 0 37 35 0 1 0 0 56 23 0 1 0 0 29 53 0 1 0 0 57
4/4 224 0 1 0 0 37 525 0 1 0 0 57 73 0 1 0 0 51 34 0 1 0 0 40 63 0 1 0 0 56 714 0 1 0 2 32 315 0 1 0 2 52 63 0 1 0 2 26 223 0 1 0 2 28 523 0 1 0 2 59
4/4 53 0 1 0 0 31 13 0 1 0 0 42 44 0 1 0 0 48 74 0 1 0 0 45 34 0 1 0 0 54
4/4 523 0 1 0 0 44 713 0 1 0 0 55 314 0 1 0 0 50 64 0 1 0 0 42 34 0 1 0 0 42
4/4 54 1 15 0 0 31 74 0 2 0 0 41 35 0 4 0 0 53 43 3 667 0 0 40 223 1 5 1 5 50 54 0 3 0 1 32 74 1 25 1 15 19 313 0 1 2 175 29 54 0 1 2 175 46 74 0 1 2 175 44 34 0 1 2 175 41
4/4 73 0 1 0 0 51 74 0 1 0 0 59 61 0 1 0 0 44 713 0 1 1 5 33 714 0 1 1 5 58 31 0 1 1 5 39 73 0 1 0 1 34 74 0 1 0 1 51 71 0 1 0 1 59 713 0 1 1 15 47 714 0 1 1 15 62 522 0 1 1 15 52 73 0 1 0 2 49 74 0 1 0 2 64 312 0 1 0 2 52 713 0 1 1 25 47 713 0 1 1 25 62 62 1 15 1 25 34 73 0 1 0 3 31 73 0 1 0 3 61 713 0 1 1 35 42 713 0 1 1 35 49
4/4 524 0 1 0 0 33 525 0 1 0 0 59 521 0 1 0 0 41 713 0 1 1 5 35 714 0 1 1 5 63 221 0 1 1 5 58 73 0 1 0 1 40 74 0 1 0 1 54 71 0 1 0 1 54 713 0 1 1 15 43 714 0 1 1 15 56 522 0 1 1 15 50 524 0 1 0 2 36 525 0 1 0 2 58 312 0 1 0 2 48 713 0 1 1 25 47 713 0 1 1 25 50 62 1 15 1 25 44 73 0 1 0 3 42 73 0 1 0 3 49 713 0 1 1 35 29 713 0 1 1 35 58
4/4 524 0 1 0 0 31 525 0 1 0 0 51 311 0 1 0 0 49 713 0 1 1 5 36 714 0 1 1 5 61 711 0 1 1 5 42 73 0 1 0 1 36 74 0 1 0 1 62 71 0 1 0 1 46 713 0 1 1 15 32 714 0 1 1 15 47 522 0 1 1 15 51 524 0 1 0 2 35 525 0 1 0 2 57 312 0 1 0 2 56 713 0 1 1 25 38 713 0 1 1 25 52 62 1 15 1 25 53 73 0 1 0 3 37 73 0 1 0 3 45 713 0 1 1 35 35 713 0 1 1 35 57
4/4 524 0 1 0 0 70 525 0 1 0 0 77 31 0 1 0 0 82 713 0 1 1 5 57 714 0 1 1 5 81 71 0 1 1 5 71 73 0 1 0 1 73 74 0 1 0 1 71 71 0 1 0 1 71 713 0 1 1 15 66 714 0 1 1 15 72 522 0 1 1 15 66 524 0 1 0 2 59 525 0 1 0 2 78 312 0 1 0 2 72 713 0 1 1 25 69 713 0 1 1 25 79 52 1 15 1 25 77 73 0 1 0 3 75 73 0 1 0 3 91 713 0 1 1 35 62 713 0 1 1 35 86
4/4 73 0 1 0 0 35 73 0 1 0 0 43 52 2 375 0 0 66 713 0 1 1 5 44 713 0 1 1 5 51 73 0 1 0 1 42 73 0 1 0 1 38 713 0 1 1 15 22 713 0 1 1 15 49 73 0 1 0 2 20 73 0 1 0 2 35 713 0 1 1 25 18 713 0 1 1 25 36 73 0 1 0 3 14 73 0 1 0 3 37 713 0 1 1 35 17 713 0 1 1 35 28
4/4 31 0 1 0 0 44 71 0 1 0 0 55 72 0 1 0 0 42 222 0 3 0 1 57
4/4 41 0 1 0 0 49 11 0 1 0 0 61 12 0 2 0 0 45 62 0 2 0 2 52
4/4 51 0 1 0 0 44 21 0 1 0 0 48 72 0 2 0 0 54 72 1 15 2 175 29 22 0 1 0 2 44 52 0 1 0 2 40
4/4 51 3 667 0 0 55 21 1 5 1 5 48 72 1 5 0 1 57 53 1 5 1 15 53 43 1 5 0 2 56 612 1 15 1 25 58 23 1 5 1 35 41
4/4 614 2 325 0 0 57 612 0 4 0 0 39 53 0 1 0 3 39
4/4 51 3 667 0 0 43 53 0 1 0 0 56 32 1 5 1 5 39 613 0 1 0 1 39 71 0 1 0 1 55 53 1 5 1 15 54 43 1 5 0 2 46 612 1 15 1 25 51 54 1 5 1 35 45
4/4 44 0 1 0 0 51 13 0 1 0 0 64 612 0 4 0 0 42 23 0 1 0 2 56 45 0 1 0 3 45
4/4 13 0 1 0 0 32 23 0 1 0 0 57 31 3 667 0 0 40 11 1 5 1 5 49 72 1 5 0 1 47 43 1 5 1 15 56 33 1 5 0 2 43 52 1 15 1 25 36 14 1 5 1 35 58
4/4 24 0 1 0 0 49 41 0 1 0 0 51 54 1 35 1 5 39 11 1 5 1 5 57 72 1 5 0 1 40 43 1 5 1 15 57 33 1 5 0 2 51 612 1 15 1 25 47
4/4 44 0 1 0 0 40 44 0 1 0 0 57 51 3 667 0 0 41 21 1 5 1 5 57 72 1 5 0 1 50 53 1 5 1 15 59 43 1 5 0 2 56 612 1 15 1 25 39
4/4 54 0 1 0 0 51 54 0 1 0 0 47 612 0 4 0 0 59 614 0 1 0 2 47 614 0 1 0 2 50 74 0 1 0 3 42 74 0 1 0 3 63
4/4 14 0 1 0 0 31 14 0 1 0 0 40 51 3 667 0 0 49 21 1 5 1 5 47 72 1 5 0 1 41 53 1 5 1 15 42 43 1 5 0 2 44 612 1 15 1 25 50
4/4 24 0 1 0 0 33 24 0 1 0 0 58 612 0 4 0 0 54
4/4 31 3 667 0 0 55 24 0 1 0 0 45 24 0 1 0 0 65 11 1 5 1 5 53 72 1 5 0 1 54 43 1 5 1 15 49 33 1 5 0 2 47 14 0 1 3 2333 42 14 0 1 3 2333 48 52 1 15 1 25 35 45 0 1 0 3 35 45 0 1 0 3 64 24 0 1 3 3333 44 24 0 1 3 3333 64
4/4 54 0 1 0 0 42 54 0 1 0 0 49 41 3 667 0 0 53 11 1 5 1 5 41 72 1 5 0 1 59 43 1 5 1 15 46 614 0 1 0 2 34 614 0 1 0 2 51 33 1 5 0 2 53 612 1 15 1 25 43
4/4 51 3 667 0 0 41 24 0 1 1 5 44 21 0 1 1 5 54 54 0 1 0 1 51 71 0 1 0 1 45 14 1 25 1 15 56 53 1 5 1 15 56 43 1 5 0 2 46 612 1 15 1 25 46
4/4 14 1 5 0 0 58 612 0 4 0 0 41 74 1 5 1 5 43 23 1 5 0 1 57 54 1 25 1 15 53
4/4 51 1 5 0 0 48 24 0 1 1 5 47 21 0 1 1 5 50 14 0 1 0 1 44 71 0 1 0 1 45 24 0 1 1 15 49 52 0 1 1 15 59 55 0 1 0 2 46 42 0 1 0 2 59 24 1 15 1 25 44 612 1 15 1 25 45
4/4 614 0 1 0 0 46 44 0 1 0 0 58 612 0 4 0 0 54 14 1 5 1 15 54 24 0 1 0 2 40 14 3 333 0 3 50 74 3 333 3 3333 44 614 2 25 3 3667 44
4/4 54 0 3 0 0 45 31 3 667 0 0 51 11 1 5 1 5 39 72 1 5 0 1 51 43 1 5 1 15 43 33 1 5 0 2 52 52 1 15 1 25 36 44 1 5 1 35 53
4/4 54 0 1 0 0 41 41 0 1 0 0 54 23 1 15 1 5 49 11 1 5 1 5 51 72 1 5 0 1 45 43 1 5 1 15 52 54 0 1 0 2 52 13 0 1 0 2 49 33 1 5 0 2 48 612 1 15 1 25 42
4/4 74 0 1 0 0 30 23 0 1 0 0 46 54 1 5 1 5 43 14 0 1 0 1 26 34 0 1 0 1 43 54 1 5 1 15 31 24 0 1 0 2 20 44 0 1 0 2 51 54 1 5 1 25 38 14 0 1 0 3 31 34 0 1 0 3 43 54 1 5 1 35 31
4/4 74 0 1 0 0 30 23 0 1 0 0 45 54 1 5 1 5 26 614 0 1 0 1 35 13 0 1 0 1 33 54 1 5 1 15 43 74 0 1 0 2 37 23 0 1 0 2 42 54 1 5 1 25 35 54 0 1 0 3 35 73 0 1 0 3 48 54 1 5 1 35 41
4/4 614 0 1 0 0 18 13 0 1 0 0 39 54 1 5 1 5 40 74 0 1 0 1 27 23 0 1 0 1 40 54 1 5 1 15 27 24 0 1 0 2 36 44 0 1 0 2 34 54 1 5 1 25 26 35 0 1 0 3 33 54 0 1 0 3 32 54 1 5 1 35 39
4/4 24 0 1 0 0 24 44 0 1 0 0 45 54 1 5 1 5 44 74 0 1 0 1 38 23 0 1 0 1 43 54 1 5 1 15 27 614 0 1 0 2 28 13 0 1 0 2 47 54 1 5 1 25 33 24 0 1 0 3 38 44 0 1 0 3 42 54 1 5 1 35 36
4/4 74 0 1 0 0 43 24 0 1 0 0 45 51 0 1 0 0 54 54 0 1 1 5 51 21 0 1 1 5 53 14 0 1 0 1 37 35 0 1 0 1 56 71 0 1 0 1 44 54 0 1 1 15 59 52 0 1 1 15 49 24 0 1 0 2 35 45 0 1 0 2 55 42 0 1 0 2 43 54 1 5 1 25 45 612 1 15 1 25 40 14 0 1 0 3 37 34 0 1 0 3 64 54 1 5 1 35 56
4/4 74 0 1 0 0 32 23 0 1 0 0 52 612 0 4 0 0 49 54 1 5 1 5 55 614 0 1 0 1 41 13 0 1 0 1 55 54 1 5 1 15 48 74 0 1 0 2 45 23 0 1 0 2 45 54 1 5 1 25 51 54 0 1 0 3 33 73 0 1 0 3 45 54 1 5 1 35 40
4/4 614 0 1 0 0 39 14 0 1 0 0 54 51 0 1 0 0 41 54 0 1 1 5 42 31 0 1 1 5 47 74 0 1 0 1 48 24 0 1 0 1 45 71 0 1 0 1 54 54 0 1 1 15 44 52 0 1 1 15 53 24 0 1 0 2 39 45 0 1 0 2 58 42 0 1 0 2 44 54 1 5 1 25 56 612 1 15 1 25 52 35 0 1 0 3 44 54 0 1 0 3 63 54 1 5 1 35 50
4/4 24 0 1 0 0 50 44 0 1 0 0 56 612 0 4 0 0 44 54 1 5 1 5 43 74 0 1 0 1 48 23 0 1 0 1 46 54 1 5 1 15 50 614 0 1 0 2 47 13 0 1 0 2 56 54 1 5 1 25 56 24 0 1 0 3 46 44 0 1 0 3 63 54 1 5 1 35 49
4/4 74 0 1 0 0 46 24 0 1 0 0 55 31 0 1 0 0 42 54 0 1 1 5 43 11 0 1 1 5 55 614 0 1 0 1 49 14 0 1 0 1 57 71 0 1 0 1 61 54 0 1 1 15 43 42 0 1 1 15 58 74 0 1 0 2 40 24 0 1 0 2 58 32 0 1 0 2 61 54 1 5 1 25 50 52 1 15 1 25 46 24 0 1 0 3 41 44 0 1 0 3 54 54 1 5 1 35 46
4/4 45 0 1 0 0 39 615 0 1 0 0 47 41 0 1 0 0 67 54 0 1 1 5 48 11 0 1 1 5 74 35 0 1 0 1 41 55 0 1 0 1 46 71 0 1 0 1 75 54 0 1 1 15 57 42 0 1 1 15 78 24 0 1 0 2 36 45 0 1 0 2 45 32 0 1 0 2 61 522 0 2 0 2 74 54 1 5 1 25 49 612 3 1333 1 25 77 14 0 1 0 3 34 34 0 1 0 3 61 54 1 5 1 35 35
4/4 54 0 1 0 0 32 14 0 1 0 0 39 45 0 1 0 0 58 22 0 1 0 0 50 44 0 1 1 5 31 614 0 1 1 5 36 24 0 1 1 5 58 12 0 1 1 5 39 14 0 1 0 2 48 614 0 1 0 2 49 613 0 1 0 2 52 44 0 1 0 2 42 53 0 1 0 2 50 14 0 1 1 25 42 23 0 1 1 25 55
4/4 53 0 1 0 0 36 13 0 1 0 0 32 22 0 1 0 0 51 51 1 5 0 2 46 21 1 5 1 25 48 72 1 5 0 3 53 53 1 5 1 35 39
4/4 43 3 667 0 0 50 612 1 35 1 5 47 13 1 5 0 1 51 44 1 5 1 15 44 14 0 1 0 2 35 14 0 1 0 2 53
