6/8
6/8 63 2 25 1 25 93 73 2 25 2 275 93
6/8 13 2 25 0 0 93 63 2 25 2 25 93 34 2 75 1 5 93 13 2 25 2 125 93 73 1 5 1 15 93 34 1 5 0 2 93 73 1 5 1 25 93
6/8 63 2 25 0 0 93 43 2 25 2 25 93 13 2 75 1 5 93 63 2 25 2 125 93 53 0 1 1 15 93 63 2 25 1 25 93 53 2 25 2 275 93
6/8 43 1 5 0 0 93 53 1 5 1 5 93 63 2 25 0 1 93 73 2 25 2 125 93 33 1 5 1 15 93 63 1 5 0 2 93 73 2 25 1 25 93 13 2 25 2 275 93
6/8 223 1 5 0 0 93 223 2 25 1 5 93 13 2 25 2 75 93 73 2 25 0 1 93 63 2 25 2 125 93 73 2 75 1 15 93 63 2 25 1 25 92 73 2 25 2 275 94
6/8 13 2 25 0 0 93 63 2 25 2 25 93 34 2 75 1 5 93 13 2 25 2 125 93 73 1 5 1 15 93 34 1 5 0 2 93 73 1 5 1 25 93
6/8 63 2 25 0 0 93 43 2 25 2 25 93 43 1 5 1 5 93 53 2 25 0 1 93 63 2 25 2 125 93 33 0 1 1 15 93 33 2 25 2 275 93
6/8 43 1 5 0 0 93 53 1 5 1 5 93 63 2 25 0 1 93 73 2 25 2 125 93 33 1 5 1 15 93 63 1 5 0 2 93 73 2 25 1 25 93 13 2 25 2 275 93
6/8 223 2 25 0 0 93 223 2 25 1 5 93 13 2 25 2 75 93 73 2 25 0 1 93 63 2 25 2 125 93 63 1 15 1 15 93
6/8 13 2 25 0 1 95 223 2 25 2 125 95 34 1 5 1 15 95 34 1 5 0 2 95 34 1 5 1 25 95
6/8 34 1 5 0 0 95 34 2 25 1 5 95 44 2 25 2 75 96 34 2 25 0 1 95 223 2 25 2 125 95 13 1 5 1 15 96 13 1 5 0 2 96 13 1 5 1 25 96
6/8 13 1 5 0 0 96 13 2 25 1 5 96 223 2 25 2 75 96 13 2 25 0 1 96 73 2 25 2 125 96 63 2 25 1 15 96 63 2 25 0 2 96 63 2 25 1 25 96 53 2 25 2 275 96
6/8 43 1 5 0 0 96 53 1 5 1 5 95 53 2 25 0 1 95 63 2 25 2 125 95 73 2 25 1 15 95 73 2 25 0 2 95 13 2 25 2 225 95 73 2 25 1 25 95 13 2 25 2 275 95
6/8 73 2 75 0 0 95 13 2 25 0 1 95 223 2 25 2 125 95 34 1 5 1 15 98 34 1 5 0 2 98 34 1 5 1 25 98
6/8 34 1 5 0 0 98 34 2 25 1 5 98 44 2 25 2 75 98 34 2 25 0 1 98 223 2 25 2 125 98 13 1 5 1 15 98 13 1 5 0 2 98 13 1 5 1 25 97
6/8 13 2 25 0 0 97 223 2 25 2 25 97 13 2 25 1 5 97 73 2 25 2 75 97 63 2 25 0 1 97 53 2 25 2 125 97 43 2 25 2 175 97 43 2 25 0 2 97 53 2 25 2 225 97 63 2 25 1 25 97 73 2 25 2 275 97
6/8 33 1 5 0 0 97 63 1 5 1 5 97 73 2 25 0 1 96 13 2 25 2 125 96 73 2 75 1 15 96 73 2 25 2 225 96 73 2 25 1 25 96 63 2 25 2 275 96
6/8 63 2 75 0 0 96
6/8 63 2 25 0 1 93 73 2 25 2 125 93 13 2 25 1 15 93 63 2 25 2 175 93 34 2 75 0 2 93 13 2 25 2 275 93
6/8 73 1 5 0 0 93 34 1 5 1 5 93 73 1 5 0 1 93 63 2 25 1 15 93 43 2 25 2 175 93 13 2 75 0 2 93 63 2 25 2 275 93
6/8 53 0 1 0 0 93 63 2 25 0 1 93 53 2 25 2 125 93 43 1 5 1 15 93 53 1 5 0 2 93 63 2 25 1 25 93 73 2 25 2 275 93
6/8 33 1 5 0 0 93 63 1 5 1 5 93 73 2 25 0 1 93 13 2 25 2 125 93 223 1 5 1 15 93 223 2 25 0 2 93 13 2 25 2 225 93 73 2 25 1 25 93 63 2 25 2 275 93
6/8 73 2 75 0 0 93 63 2 25 0 1 92 73 2 25 2 125 94 13 2 25 1 15 93 63 2 25 2 175 93 34 2 75 0 2 93 13 2 25 2 275 93
6/8 73 1 5 0 0 93 34 1 5 1 5 93 73 1 5 0 1 93 63 2 25 1 15 93 43 2 25 2 175 93 43 1 5 0 2 93 53 2 25 1 25 93 63 2 25 2 275 93
6/8 33 2 75 0 0 93 33 1 5 0 1 93 43 1 5 1 15 93 53 1 5 0 2 93 63 2 25 1 25 93 73 2 25 2 275 93
6/8 33 1 5 0 0 93 63 1 5 1 5 93 73 2 25 0 1 93 13 2 25 2 125 93 223 2 25 1 15 93 223 2 25 0 2 93 13 2 25 2 225 93 73 2 25 1 25 93 63 2 25 2 275 93
6/8 63 1 15 0 0 93
6/8 13 2 25 0 1 95 223 2 25 2 125 95 34 1 5 1 15 95 34 1 5 0 2 95 34 1 5 1 25 95
6/8 34 1 5 0 0 95 34 2 25 1 5 95 44 2 25 2 75 96 34 2 25 0 1 95 223 2 25 2 125 95 13 1 5 1 15 96 13 1 5 0 2 96 13 1 5 1 25 96
6/8 13 1 5 0 0 96 13 2 25 1 5 96 223 2 25 2 75 96 13 2 25 0 1 96 73 2 25 2 125 96 63 2 25 1 15 96 63 2 25 0 2 96 63 2 25 1 25 96 53 2 25 2 275 96
6/8 43 1 5 0 0 96 53 1 5 1 5 95 53 2 25 0 1 95 63 2 25 2 125 95 73 2 25 1 15 95 73 2 25 0 2 95 13 2 25 2 225 95 73 2 25 1 25 95 13 2 25 2 275 95
6/8 73 2 75 0 0 95 13 2 25 0 1 95 223 2 25 2 125 95 34 1 5 1 15 98 34 1 5 0 2 98 34 1 5 1 25 98
6/8 34 1 5 0 0 98 34 2 25 1 5 98 44 2 25 2 75 98 34 2 25 0 1 98 223 2 25 2 125 98 13 1 5 1 15 98 13 1 5 0 2 98 13 1 5 1 25 97
6/8 13 2 25 0 0 97 223 2 25 2 25 97 13 2 25 1 5 97 73 2 25 2 75 97 63 2 25 0 1 97 53 2 25 2 125 97 43 2 25 0 2 97 53 2 25 2 225 97 63 2 25 1 25 97 73 2 25 2 275 97
6/8 33 1 5 0 0 97 63 1 5 1 5 96 73 2 25 0 1 96 13 2 25 2 125 96 73 2 75 1 15 96 73 2 25 2 225 96 73 2 25 1 25 96 63 2 25 2 275 96
6/8 63 0 3 0 0 96
6/8 63 1 15 0 0 96 63 2 25 1 25 93 73 2 25 2 275 93
6/8 13 2 25 0 0 93 63 2 25 2 25 93 34 2 75 1 5 93 13 2 25 2 125 93 73 1 5 1 15 93 34 1 5 0 2 93 73 1 5 1 25 93
6/8 63 2 25 0 0 93 43 2 25 2 25 93 13 2 75 1 5 93 63 2 25 2 125 93 53 0 1 1 15 93 63 2 25 1 25 93 53 2 25 2 275 93
6/8 43 1 5 0 0 93 53 1 5 1 5 93 63 2 25 0 1 93 73 2 25 2 125 93 33 1 5 1 15 93 63 1 5 0 2 93 73 2 25 1 25 93 13 2 25 2 275 93
6/8 223 1 5 0 0 93 223 2 25 1 5 93 13 2 25 2 75 93 73 2 25 0 1 93 63 2 25 2 125 93 73 2 75 1 15 93 63 2 25 1 25 92 73 2 25 2 275 94
6/8 13 2 25 0 0 93 63 2 25 2 25 93 34 2 75 1 5 93 13 2 25 2 125 93 73 1 5 1 15 93 34 1 5 0 2 93 73 1 5 1 25 93
6/8 63 2 25 0 0 93 43 2 25 2 25 93 43 1 5 1 5 93 53 2 25 0 1 93 63 2 25 2 125 93 33 2 75 1 15 93 33 1 5 1 25 93
6/8 43 1 5 0 0 93 53 1 5 1 5 93 63 2 25 0 1 93 73 2 25 2 125 93 33 1 5 1 15 93 63 1 5 0 2 93 73 2 25 1 25 93 13 2 25 2 275 93
6/8 223 2 25 0 0 93 223 2 25 1 5 93 13 2 25 2 75 93 73 2 25 0 1 93 63 2 25 2 125 93 63 1 15 1 15 93
6/8 13 2 25 0 1 95 223 2 25 2 125 95 34 1 5 1 15 95 34 1 5 0 2 95 34 1 5 1 25 95
6/8 34 1 5 0 0 95 34 2 25 1 5 95 44 2 25 2 75 96 34 2 25 0 1 95 223 2 25 2 125 95 13 1 5 1 15 96 13 1 5 0 2 96 13 1 5 1 25 96
6/8 13 1 5 0 0 96 13 2 25 1 5 96 223 2 25 2 75 96 13 2 25 0 1 96 73 2 25 2 125 96 63 2 25 1 15 96 63 2 25 0 2 96 63 2 25 1 25 96 53 2 25 2 275 96
6/8 43 1 5 0 0 96 53 1 5 1 5 95 53 2 25 0 1 95 63 2 25 2 125 95 73 2 25 1 15 95 73 2 25 0 2 95 13 2 25 2 225 95 73 2 25 1 25 95 13 2 25 2 275 95
6/8 73 2 75 0 0 95 13 2 25 0 1 95 223 2 25 2 125 95 34 1 5 1 15 98 34 1 5 0 2 98 34 1 5 1 25 98
6/8 34 1 5 0 0 98 34 2 25 1 5 98 44 2 25 2 75 98 34 2 25 0 1 98 223 2 25 2 125 98 13 1 5 1 15 98 13 1 5 0 2 98 13 1 5 1 25 97
6/8 13 2 25 0 0 97 223 2 25 2 25 97 13 2 25 1 5 97 73 2 25 2 75 97 63 2 25 0 1 97 53 2 25 2 125 97 43 1 5 1 15 96 43 2 25 0 2 97 53 2 25 2 225 97 63 2 25 1 25 97 73 2 25 2 275 97
6/8 33 1 5 0 0 97 63 1 5 1 5 96 73 2 25 0 1 96 13 2 25 2 125 96 73 2 75 1 15 96 73 2 25 2 225 96 73 2 25 1 25 96 63 2 25 2 275 96
6/8 63 2 75 0 0 96
6/8 63 2 25 0 1 93 73 2 25 2 125 93 13 2 25 1 15 93 63 2 25 2 175 93 34 2 75 0 2 93 13 2 25 2 275 93
6/8 73 1 5 0 0 93 34 1 5 1 5 93 73 1 5 0 1 93 63 2 25 1 15 93 43 2 25 2 175 93 13 2 75 0 2 93 63 2 25 2 275 93
6/8 53 0 1 0 0 93 63 2 25 0 1 93 53 2 25 2 125 93 43 1 5 1 15 93 53 1 5 0 2 93 63 2 25 1 25 93 73 2 25 2 275 93
6/8 33 1 5 0 0 93 63 1 5 1 5 93 73 2 25 0 1 93 13 2 25 2 125 93 223 1 5 1 15 93 223 2 25 0 2 93 13 2 25 2 225 93 73 2 25 1 25 93 63 2 25 2 275 93
6/8 73 2 75 0 0 93 63 2 25 0 1 92 73 2 25 2 125 94 13 2 25 1 15 93 63 2 25 2 175 93 34 2 75 0 2 93 13 2 25 2 275 93
6/8 73 1 5 0 0 93 34 1 5 1 5 93 73 1 5 0 1 93 63 2 25 1 15 93 43 2 25 2 175 93 43 1 5 0 2 93 53 2 25 1 25 93 63 2 25 2 275 93
6/8 33 2 75 0 0 69 33 1 5 0 1 65 43 1 5 1 15 64 53 1 5 0 2 60 63 2 25 1 25 52 73 2 25 2 275 67
6/8 33 1 5 0 0 61 63 2 75 1 5 62 53 2 25 2 125 75 43 1 5 1 15 86 53 1 5 0 2 67 63 2 25 1 25 58 73 2 25 2 275 62
6/8 33 0 1 0 0 63 63 2 25 0 1 51 53 2 25 2 125 57 43 1 5 1 15 75 53 1 5 0 2 64 63 2 25 1 25 54 73 2 25 2 275 64
6/8 33 1 5 0 0 58 63 1 5 1 5 54 73 2 25 0 1 48 13 2 25 2 125 57 223 1 5 1 15 42 223 2 25 0 2 47 13 2 25 2 225 42 73 2 25 1 25 45 63 2 25 2 275 44
6/8 63 0 3 0 0 60
6/8 13 2 25 1 25 95 223 2 25 2 275 95
6/8 34 1 5 0 0 95 34 1 5 1 5 95 34 1 5 0 1 95 34 1 5 1 15 95 34 2 25 0 2 95 44 2 25 2 225 96 34 2 25 1 25 95 223 2 25 2 275 95
6/8 13 1 5 0 0 96 13 1 5 1 5 96 13 1 5 0 1 96 13 1 5 1 15 96 13 2 25 0 2 96 223 2 25 2 225 96 13 2 25 1 25 96 73 2 25 2 275 96
6/8 63 2 25 0 0 96 63 2 25 1 5 96 63 2 25 0 1 96 53 2 25 2 125 96 43 1 5 1 15 96 53 1 5 0 2 95 53 2 25 1 25 95 63 2 25 2 275 95
6/8 73 2 25 0 0 95 73 2 25 1 5 95 13 2 25 2 75 95 73 2 25 0 1 95 13 2 25 2 125 95 73 2 75 1 15 95 13 2 25 1 25 95 223 2 25 2 275 95
6/8 34 1 5 0 0 98 34 1 5 1 5 98 34 1 5 0 1 98 34 1 5 1 15 98 34 2 25 0 2 98 44 2 25 2 225 98 34 2 25 1 25 98 223 2 25 2 275 98
6/8 13 1 5 0 0 98 13 1 5 1 5 98 13 1 5 0 1 97 13 2 25 1 15 97 223 2 25 2 175 97 13 2 25 0 2 97 73 2 25 2 225 97 63 2 25 1 25 97 53 2 25 2 275 97
6/8 43 2 25 1 5 97 53 2 25 2 75 97 63 2 25 0 1 97 73 2 25 2 125 97 33 1 5 1 15 97 63 1 5 0 2 96 73 2 25 1 25 96 13 2 25 2 275 96
6/8 73 2 75 0 0 96 73 2 25 2 75 96 73 2 25 0 1 96 63 2 25 2 125 96 63 1 15 1 15 96
6/8 63 0 3 0 0 96
6/8 62 1 5 0 0 57 63 1 5 1 5 57 33 0 1 1 5 57 13 1 5 0 1 57 62 1 5 1 15 57 63 1 5 0 2 57 33 0 1 0 2 57 13 1 5 1 25 57
6/8 62 1 5 0 0 57 63 1 5 1 5 57 33 0 1 1 5 57 13 1 5 0 1 57 62 1 5 1 15 57 63 1 5 0 2 57 33 0 1 0 2 57 13 1 5 1 25 57
6/8 62 1 5 0 0 57 63 1 5 1 5 57 33 0 1 1 5 57 13 1 5 0 1 57 53 0 1 1 15 57 33 0 1 1 15 57 34 1 5 0 2 57 73 0 1 0 2 57 54 1 5 1 25 57
6/8 63 0 1 0 0 57 43 0 1 0 0 57 64 1 5 1 5 57 13 0 1 1 5 57 44 1 5 0 1 57 53 0 1 1 15 57 12 0 1 1 15 57 13 1 5 0 2 57 33 0 1 0 2 57 34 1 5 1 25 57
6/8 222 1 5 0 0 57 63 1 5 1 5 57 43 0 1 1 5 57 223 1 5 0 1 57 12 1 5 1 15 57 63 1 5 0 2 57 33 0 1 0 2 57 13 1 5 1 25 57
6/8 43 0 1 0 0 57 72 0 1 0 0 57 73 1 5 1 5 57 43 0 1 1 5 57 223 1 5 0 1 57 33 1 5 1 15 57 73 0 1 0 2 57 53 0 1 0 2 57 34 0 1 1 25 57 73 0 1 1 25 57
6/8 62 1 5 0 0 57 63 1 5 1 5 57 33 0 1 1 5 57 13 1 5 0 1 57 53 0 1 1 15 57 33 0 1 1 15 57 34 1 5 0 2 57 73 0 1 0 2 57 54 1 5 1 25 57
6/8 63 0 1 0 0 57 43 0 1 0 0 57 64 1 5 1 5 57 13 0 1 1 5 57 44 1 5 0 1 57 53 0 1 1 15 57 12 0 1 1 15 57 13 1 5 0 2 57 33 0 1 0 2 57 34 1 5 1 25 57
6/8 222 1 5 0 0 57 63 1 5 1 5 57 43 0 1 1 5 57 223 1 5 0 1 57 12 1 5 1 15 57 63 0 1 0 2 57 33 0 1 0 2 57 13 0 1 1 25 57 63 0 1 1 25 57
6/8 43 0 1 0 0 57 72 0 1 0 0 57 73 0 1 1 5 57 43 0 1 1 5 57 34 0 1 0 1 57 33 0 1 0 1 57 62 1 5 1 15 57 63 1 5 0 2 57 33 0 1 0 2 57 13 1 5 1 25 57
6/8 62 1 5 0 0 57 63 1 5 1 5 57 33 0 1 1 5 57 13 1 5 0 1 57 62 1 5 1 15 57 63 1 5 0 2 57 33 0 1 0 2 57 13 1 5 1 25 57
6/8 53 0 1 0 0 57 33 0 1 0 0 57 54 0 1 1 5 57 73 0 1 1 5 57 74 0 1 0 1 57 34 0 1 0 1 57 43 1 5 1 15 57 13 0 1 0 2 57 63 0 1 0 2 57 44 0 1 1 25 57 13 0 1 1 25 57
6/8 12 1 5 0 0 57 13 0 1 1 5 57 33 0 1 1 5 57 34 0 1 0 1 57 53 0 1 0 1 57 43 1 5 1 15 57 44 0 1 0 2 57 63 0 1 0 2 57 13 0 1 1 25 57 43 0 1 1 25 57
6/8 222 1 5 0 0 57 63 1 5 1 5 57 43 0 1 1 5 57 223 1 5 0 1 57 72 1 5 1 15 57 43 0 1 0 2 57 222 0 1 0 2 57 223 0 1 1 25 57 43 0 1 1 25 57
6/8 33 1 5 0 0 57 34 0 1 1 5 57 73 0 1 1 5 57 54 0 1 0 1 57 34 0 1 0 1 57 62 1 5 1 15 57 63 1 5 0 2 57 33 0 1 0 2 57 13 1 5 1 25 57
6/8 53 0 1 0 0 57 33 0 1 0 0 57 54 0 1 1 5 57 73 0 1 1 5 57 74 0 1 0 1 57 34 0 1 0 1 57 43 1 5 1 15 57 13 0 1 0 2 57 63 0 1 0 2 57 44 0 1 1 25 57 13 0 1 1 25 57
6/8 12 1 5 0 0 57 54 0 1 1 5 57 33 0 1 1 5 57 34 0 1 0 1 57 53 0 1 0 1 57 222 1 5 1 15 57 63 0 1 0 2 57 43 0 1 0 2 57 44 0 1 1 25 57 223 0 1 1 25 57
6/8 12 1 5 0 0 57 63 1 5 1 5 57 33 0 1 1 5 57 13 1 5 0 1 57 222 1 5 1 15 57 34 1 5 0 2 57 73 0 1 0 2 57 54 1 5 1 25 57
6/8 62 1 5 0 0 57 63 1 5 1 5 57 33 0 1 1 5 57 13 1 5 0 1 57 62 1 5 1 15 57 63 1 5 0 2 57 33 0 1 0 2 57 13 1 5 1 25 57
6/8 62 1 5 0 0 57 63 1 5 1 5 57 33 0 1 1 5 57 13 1 5 0 1 57 62 1 5 1 15 57 63 1 5 0 2 57 33 0 1 0 2 57 13 1 5 1 25 57
6/8 53 0 1 0 0 57 33 0 1 0 0 57 34 1 5 1 5 57 73 0 1 1 5 57 54 1 5 0 1 57 63 0 1 1 15 57 43 0 1 1 15 57 64 1 5 0 2 57 13 0 1 0 2 57 44 1 5 1 25 57
6/8 53 0 1 0 0 57 12 0 1 0 0 57 13 1 5 1 5 57 33 0 1 1 5 57 34 1 5 0 1 57 222 1 5 1 15 57 63 1 5 0 2 57 43 0 1 0 2 57 223 1 5 1 25 57
6/8 12 1 5 0 0 57 63 1 5 1 5 57 33 0 1 1 5 57 13 1 5 0 1 57 43 0 1 1 15 57 72 0 1 1 15 57 73 1 5 0 2 57 43 0 1 0 2 57 223 1 5 1 25 57
6/8 33 1 5 0 0 57 73 0 1 1 5 57 53 0 1 1 5 57 34 0 1 0 1 57 73 0 1 0 1 57 62 1 5 1 15 57 63 1 5 0 2 57 33 0 1 0 2 57 13 1 5 1 25 57
6/8 53 0 1 0 0 57 33 0 1 0 0 57 34 1 5 1 5 57 73 0 1 1 5 57 54 1 5 0 1 57 63 0 1 1 15 57 43 0 1 1 15 57 64 1 5 0 2 57 13 0 1 0 2 57 44 1 5 1 25 57
6/8 53 0 1 0 0 57 12 0 1 0 0 57 13 1 5 1 5 57 33 0 1 1 5 57 34 1 5 0 1 57 222 1 5 1 15 57 63 1 5 0 2 57 43 0 1 0 2 57 223 1 5 1 25 57
6/8 12 1 5 0 0 57 63 0 1 1 5 57 33 0 1 1 5 57 13 0 1 0 1 57 63 0 1 0 1 57 43 0 1 1 15 57 72 0 1 1 15 57 73 0 1 0 2 57 43 0 1 0 2 57 34 0 1 1 25 57 33 0 1 1 25 57
6/8 62 1 5 0 0 57 63 1 5 1 5 57 33 0 1 1 5 57 13 1 5 0 1 57 62 1 5 1 15 57 63 1 5 0 2 57 33 0 1 0 2 57 13 1 5 1 25 57
6/8 62 1 5 0 0 57 63 1 5 1 5 57 33 0 1 1 5 57 13 1 5 0 1 57 62 1 5 1 15 57 63 1 5 0 2 57 33 0 1 0 2 57 13 1 5 1 25 57
6/8 53 0 1 0 0 57 33 0 1 0 0 57 54 0 1 1 5 57 73 0 1 1 5 57 74 0 1 0 1 57 34 0 1 0 1 57 43 1 5 1 15 57 13 0 1 0 2 57 63 0 1 0 2 57 44 0 1 1 25 57 13 0 1 1 25 57
6/8 12 1 5 0 0 57 13 0 1 1 5 57 33 0 1 1 5 57 34 0 1 0 1 57 53 0 1 0 1 57 43 1 5 1 15 57 44 0 1 0 2 57 63 0 1 0 2 57 13 0 1 1 25 57 43 0 1 1 25 57
6/8 222 1 5 0 0 57 63 1 5 1 5 57 43 0 1 1 5 57 223 1 5 0 1 57 72 1 5 1 15 57 43 0 1 0 2 57 222 0 1 0 2 57 223 0 1 1 25 57 43 0 1 1 25 57
6/8 33 1 5 0 0 57 34 0 1 1 5 57 73 0 1 1 5 57 54 0 1 0 1 57 34 0 1 0 1 57 62 1 5 1 15 57 63 1 5 0 2 57 33 0 1 0 2 57 13 1 5 1 25 57
6/8 53 0 1 0 0 57 33 0 1 0 0 57 54 0 1 1 5 57 73 0 1 1 5 57 74 0 1 0 1 57 34 0 1 0 1 57 43 1 5 1 15 57 13 0 1 0 2 57 63 0 1 0 2 57 44 0 1 1 25 57 13 0 1 1 25 57
6/8 12 1 5 0 0 57 54 0 1 1 5 57 33 0 1 1 5 57 34 0 1 0 1 57 53 0 1 0 1 57 222 1 5 1 15 57 63 0 1 0 2 57 43 0 1 0 2 57 44 0 1 1 25 57 223 0 1 1 25 57
6/8 12 1 5 0 0 57 63 1 5 1 5 57 33 0 1 1 5 57 13 1 5 0 1 57 222 1 5 1 15 57 34 0 1 0 2 57 73 0 1 0 2 57 54 0 1 1 25 57 33 0 1 1 25 57
6/8 62 1 5 0 0 57 63 1 5 1 5 57 33 0 1 1 5 57 13 1 5 0 1 57 62 1 5 1 15 57 63 1 5 0 2 57 33 0 1 0 2 57 13 1 5 1 25 57
6/8 62 1 5 0 0 57 63 1 5 1 5 57 33 0 1 1 5 57 13 1 5 0 1 57 62 1 5 1 15 57 63 1 5 0 2 57 33 0 1 0 2 57 13 1 5 1 25 57
6/8 62 1 5 0 0 57 63 1 5 1 5 57 33 0 1 1 5 57 13 1 5 0 1 57 53 0 1 1 15 57 33 0 1 1 15 57 34 1 5 0 2 57 73 0 1 0 2 57 54 1 5 1 25 57
6/8 63 0 1 0 0 57 43 0 1 0 0 57 64 1 5 1 5 57 13 0 1 1 5 57 44 1 5 0 1 57 53 0 1 1 15 57 12 0 1 1 15 57 13 1 5 0 2 57 33 0 1 0 2 57 34 1 5 1 25 57
6/8 222 1 5 0 0 57 63 1 5 1 5 57 43 0 1 1 5 57 223 1 5 0 1 57 12 1 5 1 15 57 63 1 5 0 2 57 33 0 1 0 2 57 13 1 5 1 25 57
6/8 43 0 1 0 0 57 72 0 1 0 0 57 73 1 5 1 5 57 43 0 1 1 5 57 223 1 5 0 1 57 33 1 5 1 15 57 73 0 1 0 2 57 53 0 1 0 2 57 34 0 1 1 25 57 73 0 1 1 25 57
6/8 62 1 5 0 0 57 63 1 5 1 5 57 33 0 1 1 5 57 13 1 5 0 1 57 53 0 1 1 15 57 33 0 1 1 15 57 34 1 5 0 2 57 73 0 1 0 2 57 54 1 5 1 25 57
6/8 63 0 1 0 0 57 43 0 1 0 0 57 64 1 5 1 5 57 13 0 1 1 5 57 44 1 5 0 1 57 53 0 1 1 15 57 12 0 1 1 15 57 13 1 5 0 2 57 33 0 1 0 2 57 34 1 5 1 25 57
6/8 222 1 5 0 0 57 63 1 5 1 5 57 43 0 1 1 5 57 223 1 5 0 1 57 12 1 5 1 15 57 63 0 1 0 2 57 33 0 1 0 2 57 13 0 1 1 25 57 63 0 1 1 25 57
6/8 43 0 1 0 0 57 72 0 1 0 0 57 73 0 1 1 5 57 43 0 1 1 5 57 34 0 1 0 1 57 33 0 1 0 1 57 62 1 5 1 15 57 63 1 5 0 2 57 33 0 1 0 2 57 13 1 5 1 25 57
6/8 62 1 5 0 0 57 63 1 5 1 5 57 33 0 1 1 5 57 13 1 5 0 1 57 62 1 5 1 15 57 63 1 5 0 2 57 33 0 1 0 2 57 13 1 5 1 25 57
6/8 53 0 1 0 0 57 33 0 1 0 0 57 54 0 1 1 5 57 73 0 1 1 5 57 74 0 1 0 1 57 34 0 1 0 1 57 43 1 5 1 15 57 13 0 1 0 2 57 63 0 1 0 2 57 44 0 1 1 25 57 13 0 1 1 25 57
6/8 12 1 5 0 0 57 13 0 1 1 5 57 33 0 1 1 5 57 34 0 1 0 1 57 53 0 1 0 1 57 43 1 5 1 15 57 44 0 1 0 2 57 63 0 1 0 2 57 13 0 1 1 25 57 43 0 1 1 25 57
6/8 222 1 5 0 0 57 63 1 5 1 5 57 43 0 1 1 5 57 223 1 5 0 1 57 72 1 5 1 15 57 43 0 1 0 2 57 222 0 1 0 2 57 223 0 1 1 25 57 43 0 1 1 25 57
6/8 33 1 5 0 0 57 34 0 1 1 5 57 73 0 1 1 5 57 54 0 1 0 1 57 34 0 1 0 1 57 62 1 5 1 15 57 63 1 5 0 2 57 33 0 1 0 2 57 13 1 5 1 25 57
6/8 53 0 1 0 0 57 33 0 1 0 0 57 54 0 1 1 5 57 73 0 1 1 5 57 74 0 1 0 1 57 34 0 1 0 1 57 43 1 5 1 15 57 13 0 1 0 2 57 63 0 1 0 2 57 44 0 1 1 25 57 13 0 1 1 25 57
6/8 12 1 5 0 0 57 54 0 1 1 5 57 33 0 1 1 5 57 34 0 1 0 1 57 53 0 1 0 1 57 222 1 5 1 15 57 63 0 1 0 2 57 43 0 1 0 2 57 44 0 1 1 25 57 223 0 1 1 25 57
6/8 12 1 5 0 0 57 63 1 5 1 5 57 33 0 1 1 5 57 13 1 5 0 1 57 222 1 5 1 15 57 34 0 1 0 2 57 73 0 1 0 2 57 54 0 1 1 25 57 33 0 1 1 25 57
6/8 62 1 5 0 0 57 63 1 5 1 5 57 33 0 1 1 5 57 13 1 5 0 1 57 62 1 5 1 15 57 63 1 5 0 2 57 33 0 1 0 2 57 13 1 5 1 25 57
6/8 62 1 5 0 0 57 63 1 5 1 5 57 33 0 1 1 5 57 13 1 5 0 1 57 62 1 5 1 15 57 63 1 5 0 2 57 33 0 1 0 2 57 13 1 5 1 25 57
6/8 53 0 1 0 0 57 33 0 1 0 0 57 34 1 5 1 5 57 73 0 1 1 5 57 54 1 5 0 1 57 63 0 1 1 15 57 43 0 1 1 15 57 64 1 5 0 2 57 13 0 1 0 2 57 44 1 5 1 25 57
6/8 53 0 1 0 0 57 12 0 1 0 0 57 13 1 5 1 5 57 33 0 1 1 5 57 34 1 5 0 1 57 222 1 5 1 15 57 63 1 5 0 2 57 43 0 1 0 2 57 223 1 5 1 25 57
6/8 12 1 5 0 0 57 63 1 5 1 5 57 33 0 1 1 5 57 13 1 5 0 1 57 43 0 1 1 15 57 72 0 1 1 15 57 73 1 5 0 2 57 43 0 1 0 2 57 223 1 5 1 25 57
6/8 33 1 5 0 0 57 73 0 1 1 5 57 53 0 1 1 5 57 34 0 1 0 1 57 73 0 1 0 1 57 62 1 5 1 15 57 63 1 5 0 2 57 33 0 1 0 2 57 13 1 5 1 25 57
6/8 53 0 1 0 0 57 33 0 1 0 0 57 34 1 5 1 5 57 73 0 1 1 5 57 54 1 5 0 1 57 63 0 1 1 15 57 43 0 1 1 15 57 64 1 5 0 2 57 13 0 1 0 2 57 44 1 5 1 25 57
6/8 53 0 1 0 0 57 12 0 1 0 0 57 13 1 5 1 5 57 33 0 1 1 5 57 34 1 5 0 1 57 222 1 5 1 15 57 63 1 5 0 2 57 43 0 1 0 2 57 223 1 5 1 25 57
6/8 12 1 5 0 0 57 33 0 1 1 5 57 33 0 1 1 5 57 222 1 5 1 15 57 63 1 5 0 2 57 43 0 1 0 2 57 223 1 5 1 25 57
6/8 12 1 5 0 0 57 13 0 1 1 5 57 33 0 1 1 5 57 222 1 5 1 15 57 63 1 5 0 2 57 43 0 1 0 2 57 223 1 5 1 25 57
6/8 12 1 5 0 0 57 63 1 5 1 5 57 33 0 1 1 5 57 13 1 5 0 1 57 72 1 5 1 15 57 73 0 1 0 2 57 53 0 1 0 2 57 34 0 1 1 25 57 33 0 1 1 25 57
6/8 62 1 5 0 0 57 63 1 5 1 5 57 33 0 1 1 5 57 13 1 5 0 1 57 62 1 5 1 15 57 63 1 5 0 2 57 33 0 1 0 2 57 13 1 5 1 25 57
6/8 62 1 5 0 0 57 63 1 5 1 5 57 33 0 1 1 5 57 13 1 5 0 1 57 34 0 1 1 15 57 13 0 1 1 15 57 64 0 1 0 2 57 13 0 1 0 2 57 14 0 1 1 25 57 34 0 1 1 25 57
6/8 62 1 5 0 0 57 63 1 5 1 5 57 33 0 1 1 5 57 13 1 5 0 1 57 53 0 1 1 15 57 33 0 1 1 15 57 54 0 1 0 2 57 73 0 1 0 2 57 74 0 1 1 25 57 34 0 1 1 25 57
6/8 43 1 5 0 0 57 13 0 1 1 5 57 63 0 1 1 5 57 44 0 1 0 1 57 13 0 1 0 1 57 12 1 5 1 15 57 13 0 1 0 2 57 33 0 1 0 2 57 34 0 1 1 25 57 53 0 1 1 25 57
6/8 43 1 5 0 0 57 44 0 1 1 5 57 63 0 1 1 5 57 13 0 1 0 1 57 43 0 1 0 1 57 222 1 5 1 15 57 63 1 5 0 2 57 43 0 1 0 2 57 223 1 5 1 25 57
6/8 72 1 5 0 0 57 43 0 1 1 5 57 222 0 1 1 5 57 223 0 1 0 1 57 43 0 1 0 1 57 33 1 5 1 15 57 34 0 1 0 2 57 73 0 1 0 2 57 54 0 1 1 25 57 34 0 1 1 25 57
6/8 62 1 5 0 0 57 63 1 5 1 5 57 33 0 1 1 5 57 13 1 5 0 1 57 53 0 1 1 15 57 33 0 1 1 15 57 54 0 1 0 2 57 73 0 1 0 2 57 74 0 1 1 25 57 34 0 1 1 25 57
6/8 43 1 5 0 0 57 13 0 1 1 5 57 63 0 1 1 5 57 44 0 1 0 1 57 13 0 1 0 1 57 12 1 5 1 15 57 54 0 1 0 2 57 33 0 1 0 2 57 34 0 1 1 25 57 53 0 1 1 25 57
6/8 222 1 5 0 0 57 63 0 1 1 5 57 43 0 1 1 5 57 44 0 1 0 1 57 223 0 1 0 1 57 12 1 5 1 15 57 63 1 5 0 2 57 33 0 1 0 2 57 13 1 5 1 25 57
6/8 222 1 5 0 0 57 34 0 1 1 5 57 73 0 1 1 5 57 54 0 1 0 1 57 33 0 1 0 1 57 62 1 5 1 15 57 63 0 1 0 2 57 33 0 1 0 2 57 13 0 1 1 25 57 63 0 1 1 25 57
6/8 34 0 1 0 0 57 13 0 1 0 0 57 64 0 1 1 5 57 34 0 1 1 5 57 14 0 1 0 1 57 34 0 1 0 1 57 35 0 1 3 1333 57 64 0 1 3 1333 64 14 0 1 3 1333 64 65 0 1 3 1333 57 34 0 1 3 1333 64 63 0 1 1 15 57 13 0 1 1 15 57
6/8 63 0 1 0 0 57 13 0 1 0 0 57
