4/4 55 0 2 0 2 64
4/4 57 0 4 0 0 64 25 0 4 0 0 64 55 0 4 0 0 64
4/4 75 0 2 0 0 64 57 1 15 0 0 64 55 0 8 0 0 64 26 1 5 1 15 64 56 3 667 0 2 64 15 0 2 0 2 64 16 3 667 3 2667 64 56 3 667 3 3333 64
4/4 46 0 3 0 0 64 15 0 2 0 0 64 25 0 2 0 2 64 56 2 25 1 35 64 616 2 25 2 375 64
4/4 76 1 35 0 0 64 14 0 1 0 0 64 35 0 1 0 0 64 55 0 1 0 0 64 56 1 5 1 35 64
4/4 26 1 5 0 0 64 24 0 1 0 0 64 45 0 1 0 0 64 615 0 1 0 0 64 16 1 35 1 5 64
4/4 55 0 1 0 0 64 75 0 1 0 0 64 26 1 5 1 5 64 56 1 5 0 1 64 16 1 25 1 15 64
4/4 55 0 1 0 0 64 75 0 1 0 0 64 76 1 5 1 5 64 25 1 5 0 1 64 616 1 25 1 15 64
4/4 55 1 5 0 0 64 54 0 1 0 0 64 74 0 1 0 0 64 55 1 5 1 5 64 55 1 5 0 1 64 615 1 5 1 15 64 615 1 15 0 2 64 54 0 1 0 2 64 14 0 1 0 2 64 615 1 5 1 35 64
4/4 75 0 1 0 0 64 54 0 1 0 0 64 35 0 1 0 0 64 615 0 1 0 1 64 45 1 15 0 2 64 54 0 1 0 2 64 14 0 1 0 2 64 24 1 5 1 35 64
4/4 55 0 1 0 0 64 54 0 1 0 0 64 74 0 1 0 0 64 54 0 1 0 2 64 74 0 1 0 2 64 55 1 5 1 25 64 55 1 5 0 3 64 25 1 5 1 35 64
4/4 25 0 1 0 0 64 13 0 1 0 0 64 34 0 1 0 0 64 74 0 1 0 0 64 13 0 1 0 2 64 34 0 1 0 2 64 74 0 1 0 2 64 55 1 5 1 25 64 55 1 5 0 3 64 25 1 5 1 35 64
4/4 25 1 5 0 0 64 44 0 1 0 0 64 614 0 1 0 0 64 15 1 25 1 5 64 44 0 1 0 2 64 614 0 1 0 2 64 615 1 5 0 3 64 75 1 5 1 35 64
2/4 615 1 15 0 0 64 44 0 1 0 0 64 614 0 1 0 0 64 45 1 5 1 15 64
4/4 55 0 3 0 0 64 24 1 5 1 5 64 54 1 5 0 1 64 14 1 5 1 15 64 74 1 5 0 2 64 23 1 5 1 25 64 55 0 1 0 3 64 54 0 1 0 3 64 615 0 1 1 35 64 44 0 1 1 35 64
4/4 75 0 1 0 0 64 34 0 1 0 0 64 54 0 1 0 0 64 615 1 5 0 1 64 75 1 5 1 15 64 15 0 1 0 2 64 34 0 1 0 2 64 614 0 1 0 2 64 75 1 5 0 3 64 15 1 5 1 35 64
4/4 25 0 1 0 0 64 23 0 1 0 0 64 44 0 1 0 0 64 14 0 1 0 0 64 15 1 5 0 1 64 25 1 5 1 15 64 36 0 1 0 2 64 223 0 1 0 2 64 44 0 1 0 2 64 714 0 1 0 2 64 36 1 5 1 35 64
4/4 25 1 5 0 0 64 13 0 1 0 0 64 34 0 1 0 0 64 54 0 1 0 0 64 55 1 5 1 5 64 55 1 5 0 1 64 25 1 5 1 15 64 15 1 15 0 2 64 23 0 1 0 2 64 44 0 1 0 2 64 614 0 1 0 2 64 45 1 5 1 35 64
4/4 55 0 4 0 0 64 54 0 1 0 0 64 14 0 1 0 0 64 54 0 1 0 2 64 714 0 1 0 2 64
4/4 64 0 1 0 0 64 14 0 1 0 0 64 55 0 1 1 5 64 64 0 1 1 5 64 14 0 1 1 5 64 75 1 5 0 1 64 55 0 1 1 15 64 64 0 1 1 15 64 14 0 1 1 15 64 45 0 1 0 2 64 64 0 1 0 2 64 14 0 1 0 2 64 35 0 1 1 25 64 64 0 1 1 25 64 14 0 1 1 25 64 14 1 5 0 3 64 55 0 1 1 35 64 64 0 1 1 35 64 14 0 1 1 35 64
4/4 55 1 15 0 0 64 54 0 1 0 0 64 74 0 1 0 0 64 54 0 1 1 5 64 74 0 1 1 5 64 45 0 1 1 15 64 54 0 1 1 15 64 74 0 1 1 15 64 55 2 25 2 175 64 75 0 1 0 2 64 54 0 1 0 2 64 74 0 1 0 2 64 15 0 1 1 25 64 54 0 1 1 25 64 74 0 1 1 25 64 75 2 125 2 275 64 54 0 1 1 35 64 74 0 1 1 35 64
4/4 64 0 1 0 0 64 14 0 1 0 0 64 55 0 1 1 5 64 64 0 1 1 5 64 14 0 1 1 5 64 75 1 5 0 1 64 55 0 1 1 15 64 64 0 1 1 15 64 14 0 1 1 15 64 45 0 1 0 2 64 64 0 1 0 2 64 14 0 1 0 2 64 35 0 1 1 25 64 64 0 1 1 25 64 14 0 1 1 25 64 14 1 5 0 3 64 55 0 1 1 35 64 64 0 1 1 35 64 14 0 1 1 35 64 55 2 25 2 375 64
4/4 54 0 1 0 0 64 74 0 1 0 0 64 55 0 1 0 0 64 54 0 1 1 5 64 74 0 1 1 5 64 45 0 1 1 15 64 54 0 1 1 15 64 74 0 1 1 15 64 55 2 25 2 175 64 75 0 1 0 2 64 54 0 1 0 2 64 74 0 1 0 2 64 15 2 25 2 225 64 75 0 1 1 25 64 54 0 1 1 25 64 74 0 1 1 25 64 55 0 1 1 35 64 54 0 1 1 35 64 74 0 1 1 35 64 75 2 25 2 375 64
4/4 15 0 1 0 0 64 44 0 1 0 0 64 64 0 1 0 0 64 15 0 1 1 5 64 44 0 1 1 5 64 64 0 1 1 5 64 15 1 15 0 1 64 44 0 1 1 15 64 64 0 1 1 15 64 44 0 1 0 2 64 64 0 1 0 2 64 75 0 1 1 25 64 44 0 1 1 25 64 64 0 1 1 25 64 75 1 5 0 3 64 15 0 1 1 35 64 44 0 1 1 35 64 64 0 1 1 35 64
4/4 25 0 3 0 0 64 54 0 1 0 0 64 74 0 1 0 0 64 54 0 1 1 5 64 74 0 1 1 5 64 54 0 1 1 15 64 74 0 1 1 15 64 54 0 1 0 2 64 74 0 1 0 2 64 54 0 1 1 25 64 74 0 1 1 25 64 55 0 1 1 35 64 54 0 1 1 35 64 74 0 1 1 35 64
4/4 36 1 5 0 0 64 14 1 15 0 0 64 25 1 5 1 5 64 75 1 5 0 1 64 55 0 1 1 15 64 14 0 1 1 15 64 75 1 5 0 2 64 54 0 1 0 2 64 24 0 1 0 2 64 15 1 5 1 25 64 75 1 5 0 3 64 15 1 5 1 35 64 54 0 1 1 35 64 24 0 1 1 35 64
4/4 64 0 1 0 0 64 35 0 1 0 0 64 15 0 3 0 0 64 64 0 1 1 15 64 35 0 1 1 15 64 74 0 1 0 2 64 24 0 1 0 2 64 74 0 1 1 25 64 24 0 1 1 25 64 55 0 1 1 35 64 74 0 1 1 35 64 24 0 1 1 35 64
4/4 36 1 5 0 0 64 14 1 15 0 0 64 25 1 5 1 5 64 75 1 5 0 1 64 55 0 1 1 15 64 14 0 1 1 15 64 75 1 5 0 2 64 54 0 1 0 2 64 24 0 1 0 2 64 15 1 5 1 25 64 25 1 5 0 3 64 15 1 5 1 35 64 54 0 1 1 35 64 24 0 1 1 35 64
4/4 64 0 1 0 0 64 35 0 1 0 0 64 15 0 3 0 0 64 64 0 1 1 15 64 35 0 1 1 15 64 74 0 1 0 2 64 24 0 1 0 2 64 74 0 1 1 25 64 24 0 1 1 25 64 15 1 5 0 3 64 36 0 1 1 35 64 74 0 1 1 35 64 24 0 1 1 35 64
4/4 46 0 1 0 0 64 64 0 1 0 0 64 14 0 1 0 0 64 56 0 1 0 1 64 64 0 1 1 15 64 14 0 1 1 15 64 46 0 1 0 2 64 54 0 1 0 2 64 714 0 1 0 2 64 24 0 1 0 2 64 36 1 5 0 3 64 25 0 1 1 35 64 54 0 1 1 35 64 714 0 1 1 35 64 24 0 1 1 35 64
4/4 55 0 3 0 0 64 14 0 1 0 0 64 35 0 1 0 0 64 14 0 1 1 15 64 35 0 1 1 15 64 74 0 1 0 2 64 35 0 1 0 2 64 74 0 1 1 25 64 35 0 1 1 25 64 55 1 5 0 3 64 75 0 1 1 35 64 74 0 1 1 35 64 35 0 1 1 35 64
4/4 15 0 1 0 0 64 64 0 1 0 0 64 35 0 1 0 0 64 55 1 5 0 1 64 75 0 1 1 15 64 64 0 1 1 15 64 35 0 1 1 15 64 15 1 5 0 2 64 74 0 1 0 2 64 45 0 1 0 2 64 36 1 5 1 25 64 25 1 5 0 3 64 75 0 1 1 35 64 74 0 1 1 35 64 45 0 1 1 35 64
4/4 15 0 4 0 0 64 14 0 1 0 0 64 45 0 1 0 0 64 14 0 1 1 5 64 45 0 1 1 5 64 14 0 1 1 15 64 45 0 1 1 15 64 14 0 1 0 2 64 315 0 1 0 2 64 14 0 1 1 25 64 315 0 1 1 25 64 14 0 1 1 35 64 315 0 1 1 35 64
4/4 224 0 1 0 0 64 45 0 1 0 0 64 15 0 1 0 1 64 224 0 1 1 15 64 45 0 1 1 15 64 225 0 1 0 2 64 224 0 1 0 2 64 45 0 1 0 2 64 36 0 1 0 3 64 224 0 1 1 35 64 45 0 1 1 35 64
4/4 46 0 2 0 0 64 14 0 1 0 0 64 35 0 1 0 0 64 55 0 1 0 0 64 14 0 1 1 15 64 35 0 1 1 15 64 55 0 1 1 15 64 56 0 2 0 2 64 14 0 1 0 2 64 35 0 1 0 2 64 55 0 1 0 2 64 14 0 1 1 35 64 35 0 1 1 35 64 55 0 1 1 35 64
4/4 64 0 1 0 0 64 14 0 1 0 0 64 55 0 1 0 0 64 56 0 1 0 0 64 56 0 1 0 1 64 64 0 1 1 15 64 14 0 1 1 15 64 55 0 1 1 15 64 66 0 1 0 2 64 64 0 1 0 2 64 14 0 1 0 2 64 55 0 1 0 2 64 64 0 1 1 25 64 14 0 1 1 25 64 55 0 1 1 25 64 76 0 1 0 3 64 64 0 1 1 35 64 14 0 1 1 35 64 55 0 1 1 35 64
4/4 16 0 2 0 0 64 24 0 1 0 0 64 45 0 1 0 0 64 24 0 1 1 15 64 45 0 1 1 15 64 26 0 2 0 2 64 24 0 1 0 2 64 45 0 1 0 2 64 24 0 1 1 35 64 45 0 1 1 35 64
4/4 24 0 1 0 0 64 45 0 1 0 0 64 26 0 2 0 0 64 24 0 1 1 15 64 45 0 1 1 15 64 37 0 1 2 175 64 317 0 1 2 175 64 47 0 2 0 2 64 24 0 1 0 2 64 45 0 1 0 2 64 24 0 1 1 25 64 45 0 1 1 25 64 24 0 1 1 35 64 45 0 1 1 35 64
4/4 55 2 25 0 0 64 615 2 25 2 25 64 54 2 25 1 5 64 24 2 25 2 75 64 55 2 25 0 1 64 615 2 25 2 125 64 54 2 25 1 15 64 24 2 25 2 175 64 55 2 25 0 2 64 615 2 25 2 225 64 54 2 25 1 25 64 24 2 25 2 275 64 55 2 25 0 3 64 615 2 25 2 325 64 54 2 25 1 35 64 24 2 25 2 375 64
4/4 55 1 5 0 0 64 54 0 1 0 0 64 74 0 1 0 0 64 55 1 5 1 5 64 55 1 5 0 1 64 615 1 5 1 15 64 615 1 15 0 2 64 54 0 1 0 2 64 14 0 1 0 2 64 615 1 5 1 35 64
4/4 75 0 1 0 0 64 54 0 1 0 0 64 35 0 1 0 0 64 615 0 1 0 1 64 45 1 15 0 2 64 54 0 1 0 2 64 14 0 1 0 2 64 24 1 5 1 35 64
4/4 55 0 1 0 0 64 54 0 1 0 0 64 74 0 1 0 0 64 54 0 1 0 2 64 74 0 1 0 2 64 55 1 5 1 25 64 55 1 5 0 3 64 25 1 5 1 35 64
4/4 25 0 1 0 0 64 13 0 1 0 0 64 34 0 1 0 0 64 74 0 1 0 0 64 13 0 1 0 2 64 34 0 1 0 2 64 74 0 1 0 2 64 55 1 5 1 25 64 55 1 5 0 3 64 25 1 5 1 35 64
4/4 25 1 5 0 0 64 44 0 1 0 0 64 614 0 1 0 0 64 15 1 25 1 5 64 44 0 1 0 2 64 614 0 1 0 2 64 615 1 5 0 3 64 75 1 5 1 35 64
2/4 615 1 15 0 0 64 44 0 1 0 0 64 614 0 1 0 0 64 45 1 5 1 15 64
4/4 55 0 3 0 0 64 24 1 5 1 5 64 54 1 5 0 1 64 14 1 5 1 15 64 74 1 5 0 2 64 23 1 5 1 25 64 55 0 1 0 3 64 54 0 1 0 3 64 615 0 1 1 35 64 44 0 1 1 35 64
4/4 75 0 1 0 0 64 34 0 1 0 0 64 54 0 1 0 0 64 615 1 5 0 1 64 75 1 5 1 15 64 15 0 1 0 2 64 34 0 1 0 2 64 614 0 1 0 2 64 75 1 5 0 3 64 15 1 5 1 35 64
4/4 25 0 1 0 0 64 23 0 1 0 0 64 44 0 1 0 0 64 14 0 1 0 0 64 15 1 5 0 1 64 25 1 5 1 15 64 36 0 1 0 2 64 223 0 1 0 2 64 44 0 1 0 2 64 714 0 1 0 2 64 36 1 5 1 35 64
4/4 25 1 5 0 0 64 13 0 1 0 0 64 34 0 1 0 0 64 54 0 1 0 0 64 55 1 5 1 5 64 55 1 5 0 1 64 25 1 5 1 15 64 15 1 15 0 2 64 23 0 1 0 2 64 44 0 1 0 2 64 614 0 1 0 2 64 45 1 5 1 35 64
4/4 55 0 4 0 0 64 54 0 1 0 0 64 14 0 1 0 0 64 54 0 1 0 2 64 714 0 1 0 2 64
4/4 64 0 1 0 0 64 14 0 1 0 0 64 55 0 1 1 5 64 64 0 1 1 5 64 14 0 1 1 5 64 75 1 5 0 1 64 55 0 1 1 15 64 64 0 1 1 15 64 14 0 1 1 15 64 45 0 1 0 2 64 64 0 1 0 2 64 14 0 1 0 2 64 35 0 1 1 25 64 64 0 1 1 25 64 14 0 1 1 25 64 14 1 5 0 3 64 55 0 1 1 35 64 64 0 1 1 35 64 14 0 1 1 35 64
4/4 55 1 15 0 0 64 54 0 1 0 0 64 74 0 1 0 0 64 54 0 1 1 5 64 74 0 1 1 5 64 45 0 1 1 15 64 54 0 1 1 15 64 74 0 1 1 15 64 55 2 25 2 175 64 75 0 1 0 2 64 54 0 1 0 2 64 74 0 1 0 2 64 15 0 1 1 25 64 54 0 1 1 25 64 74 0 1 1 25 64 75 2 125 2 275 64 54 0 1 1 35 64 74 0 1 1 35 64
4/4 64 0 1 0 0 64 14 0 1 0 0 64 55 0 1 1 5 64 64 0 1 1 5 64 14 0 1 1 5 64 75 1 5 0 1 64 55 0 1 1 15 64 64 0 1 1 15 64 14 0 1 1 15 64 45 0 1 0 2 64 64 0 1 0 2 64 14 0 1 0 2 64 35 0 1 1 25 64 64 0 1 1 25 64 14 0 1 1 25 64 14 1 5 0 3 64 55 0 1 1 35 64 64 0 1 1 35 64 14 0 1 1 35 64 55 2 25 2 375 64
4/4 54 0 1 0 0 64 74 0 1 0 0 64 55 0 1 0 0 64 54 0 1 1 5 64 74 0 1 1 5 64 45 0 1 1 15 64 54 0 1 1 15 64 74 0 1 1 15 64 55 2 25 2 175 64 75 0 1 0 2 64 54 0 1 0 2 64 74 0 1 0 2 64 15 2 25 2 225 64 75 0 1 1 25 64 54 0 1 1 25 64 74 0 1 1 25 64 55 0 1 1 35 64 54 0 1 1 35 64 74 0 1 1 35 64 75 2 25 2 375 64
4/4 15 0 1 0 0 64 44 0 1 0 0 64 64 0 1 0 0 64 15 0 1 1 5 64 44 0 1 1 5 64 64 0 1 1 5 64 15 1 15 0 1 64 44 0 1 1 15 64 64 0 1 1 15 64 44 0 1 0 2 64 64 0 1 0 2 64 75 0 1 1 25 64 44 0 1 1 25 64 64 0 1 1 25 64 75 1 5 0 3 64 15 0 1 1 35 64 44 0 1 1 35 64 64 0 1 1 35 64
4/4 25 0 3 0 0 64 54 0 1 0 0 64 74 0 1 0 0 64 54 0 1 1 5 64 74 0 1 1 5 64 54 0 1 1 15 64 74 0 1 1 15 64 54 0 1 0 2 64 74 0 1 0 2 64 54 0 1 1 25 64 74 0 1 1 25 64 55 0 1 1 35 64 54 0 1 1 35 64 74 0 1 1 35 64
4/4 36 1 5 0 0 64 14 1 15 0 0 64 25 1 5 1 5 64 75 1 5 0 1 64 55 0 1 1 15 64 14 0 1 1 15 64 75 1 5 0 2 64 54 0 1 0 2 64 24 0 1 0 2 64 15 1 5 1 25 64 75 1 5 0 3 64 15 1 5 1 35 64 54 0 1 1 35 64 24 0 1 1 35 64
4/4 64 0 1 0 0 64 35 0 1 0 0 64 15 0 3 0 0 64 64 0 1 1 15 64 35 0 1 1 15 64 74 0 1 0 2 64 24 0 1 0 2 64 74 0 1 1 25 64 24 0 1 1 25 64 55 0 1 1 35 64 74 0 1 1 35 64 24 0 1 1 35 64
4/4 36 1 5 0 0 64 14 1 15 0 0 64 25 1 5 1 5 64 75 1 5 0 1 64 55 0 1 1 15 64 14 0 1 1 15 64 75 1 5 0 2 64 54 0 1 0 2 64 24 0 1 0 2 64 15 1 5 1 25 64 25 1 5 0 3 64 15 0 1 1 35 64 54 0 1 1 35 64 24 0 1 1 35 64
4/4 15 0 3 0 0 64 64 0 1 0 0 64 35 0 1 0 0 64 64 0 1 1 15 64 35 0 1 1 15 64 74 0 1 0 2 64 24 0 1 0 2 64 74 0 1 1 25 64 24 0 1 1 25 64 55 0 1 1 35 64 74 0 1 1 35 64 24 0 1 1 35 64
4/4 36 1 5 0 0 64 14 1 15 0 0 64 25 1 5 1 5 64 75 1 5 0 1 64 55 0 1 1 15 64 14 0 1 1 15 64 75 1 5 0 2 64 54 0 1 0 2 64 24 0 1 0 2 64 15 1 5 1 25 64 75 1 5 0 3 64 15 1 5 1 35 64 54 0 1 1 35 64 24 0 1 1 35 64
4/4 64 0 1 0 0 64 35 0 1 0 0 64 15 0 3 0 0 64 64 0 1 1 15 64 35 0 1 1 15 64 74 0 1 0 2 64 24 0 1 0 2 64 74 0 1 1 25 64 24 0 1 1 25 64 55 0 1 1 35 64 74 0 1 1 35 64 24 0 1 1 35 64
4/4 36 1 5 0 0 64 14 1 15 0 0 64 25 1 5 1 5 64 75 1 5 0 1 64 55 0 1 1 15 64 14 0 1 1 15 64 75 1 5 0 2 64 54 0 1 0 2 64 24 0 1 0 2 64 15 1 5 1 25 64 25 1 5 0 3 64 15 1 5 1 35 64 54 0 1 1 35 64 24 0 1 1 35 64
4/4 64 0 1 0 0 64 35 0 1 0 0 64 15 0 3 0 0 64 64 0 1 1 15 64 35 0 1 1 15 64 74 0 1 0 2 64 24 0 1 0 2 64 74 0 1 1 25 64 24 0 1 1 25 64 15 1 5 0 3 64 36 0 1 1 35 64 74 0 1 1 35 64 24 0 1 1 35 64
4/4 46 0 1 0 0 64 64 0 1 0 0 64 14 0 1 0 0 64 56 0 1 0 1 64 64 0 1 1 15 64 14 0 1 1 15 64 46 0 1 0 2 64 54 0 1 0 2 64 714 0 1 0 2 64 24 0 1 0 2 64 36 1 5 0 3 64 25 0 1 1 35 64 54 0 1 1 35 64 714 0 1 1 35 64 24 0 1 1 35 64
4/4 55 0 3 0 0 64 14 0 1 0 0 64 35 0 1 0 0 64 14 0 1 1 15 64 35 0 1 1 15 64 74 0 1 0 2 64 35 0 1 0 2 64 74 0 1 1 25 64 35 0 1 1 25 64 55 1 5 0 3 64 75 0 1 1 35 64 74 0 1 1 35 64 35 0 1 1 35 64
4/4 15 0 1 0 0 64 64 0 1 0 0 64 35 0 1 0 0 64 55 1 5 0 1 64 75 0 1 1 15 64 64 0 1 1 15 64 35 0 1 1 15 64 15 1 5 0 2 64 74 0 1 0 2 64 45 0 1 0 2 64 36 1 5 1 25 64 25 1 5 0 3 64 75 0 1 1 35 64 74 0 1 1 35 64 45 0 1 1 35 64
4/4 15 0 4 0 0 64 14 0 1 0 0 64 45 0 1 0 0 64 14 0 1 1 5 64 45 0 1 1 5 64 14 0 1 1 15 64 45 0 1 1 15 64 14 0 1 0 2 64 315 0 1 0 2 64 14 0 1 1 25 64 315 0 1 1 25 64 14 0 1 1 35 64 315 0 1 1 35 64
4/4 16 0 1 0 0 64 224 0 1 0 0 64 45 0 1 0 0 64 57 0 1 0 1 64 47 0 1 0 2 64 224 0 1 0 2 64 45 0 1 0 2 64 76 0 1 0 3 64
4/4 66 0 1 0 0 64 524 0 1 0 0 64 35 0 1 0 0 64 37 0 1 0 1 64 226 0 1 0 2 64 64 0 1 0 2 64 35 0 1 0 2 64 46 0 1 0 3 64
4/4 46 0 1 0 0 64 16 0 1 0 0 64 24 1 15 0 0 64 56 1 5 1 5 64 46 1 5 0 1 64 56 0 1 1 15 64 24 0 1 1 15 64 46 0 1 0 2 64 16 0 1 0 2 64 24 0 1 0 2 64 56 1 5 1 25 64 24 0 1 1 25 64 46 1 5 0 3 64 56 0 1 1 35 64 24 0 1 1 35 64
4/4 46 0 1 0 0 64 16 0 1 0 0 64 24 1 15 0 0 64 56 1 5 1 5 64 46 1 5 0 1 64 56 0 1 1 15 64 24 0 1 1 15 64 46 0 1 0 2 64 16 0 1 0 2 64 24 0 1 0 2 64 56 1 5 1 25 64 24 0 1 1 25 64 46 1 5 0 3 64 56 0 1 1 35 64 24 0 1 1 35 64 16 0 1 2 375 64 54 0 1 2 375 64 26 0 1 2 375 64 57 0 1 2 375 64 24 0 1 2 375 64
4/4 16 0 1 0 0 64 54 0 1 0 0 64 26 0 1 0 0 64 57 0 1 0 0 64 24 0 1 0 0 64
