4/4 525 0 1 0 0 75 75 0 1 0 0 75 25 0 1 0 0 75 34 0 1 0 0 66 34 0 1 0 1 74 34 0 1 0 2 71 34 0 1 0 3 71
4/4 45 0 1 0 0 70 615 0 1 0 0 70 224 1 15 0 0 68 34 0 1 0 0 72 34 0 1 0 1 74 14 1 15 1 15 64 34 0 1 0 2 67 714 0 1 0 3 74 34 0 1 0 3 72
4/4 525 0 1 0 0 88 75 0 1 0 0 88 25 0 1 0 0 88 34 0 1 0 0 82 34 0 1 0 1 86 34 0 1 0 2 80 34 0 1 0 3 80
4/4 45 0 1 0 0 73 615 0 1 0 0 73 224 1 15 0 0 78 34 0 1 0 0 82 34 0 1 0 1 84 14 1 15 1 15 76 34 0 1 0 2 86 714 0 1 0 3 78 34 0 1 0 3 80
4/4 74 0 1 0 0 79 714 0 1 0 0 79 315 0 1 0 0 79 65 0 1 0 0 79 34 0 1 0 0 88 34 0 1 0 1 85 24 0 1 0 2 75 525 0 1 0 2 75 34 0 1 0 2 87 34 0 1 0 3 85
4/4 34 0 1 0 0 86 65 0 3 0 1 75 74 0 1 0 1 66 714 0 1 0 1 66 315 0 1 0 1 66 34 0 1 0 1 88 24 0 1 0 2 80 525 0 1 0 2 80 34 0 1 0 2 81
4/4 33 3 333 0 0 73 34 3 333 0 1 93 33 3 333 0 2 75 34 3 333 0 3 94
4/4 33 3 333 0 0 73 34 3 333 0 1 91 33 3 333 0 2 71 34 3 333 0 3 95
4/4 35 0 1 0 0 70 33 3 333 0 0 79 35 0 1 0 1 96 525 0 1 0 1 96 75 0 1 0 1 96 34 0 1 0 1 89 35 0 1 1 15 86 525 0 1 1 15 86 75 0 1 1 15 86 35 0 1 0 2 80 45 0 1 0 2 80 615 0 1 0 2 80 33 3 333 0 2 73 35 0 1 0 3 87 525 0 1 0 3 87 75 0 1 0 3 87 34 3 333 0 3 90
4/4 35 0 1 0 0 86 65 0 1 0 0 86 715 0 1 0 0 86 33 0 1 0 0 73 35 0 1 0 1 83 65 0 1 0 1 83 715 0 1 0 1 83 34 0 1 0 1 89 35 0 1 1 15 74 525 0 1 1 15 74 75 0 1 1 15 74 24 0 1 0 2 76 45 0 1 0 2 76 65 0 1 0 2 76 33 3 333 0 2 75 35 0 1 0 3 80 525 0 1 0 3 80 34 0 1 0 3 91 24 0 1 1 35 75 45 0 1 1 35 75
4/4 35 0 1 0 0 75 33 3 333 0 0 76 35 0 1 0 1 99 525 0 1 0 1 99 75 0 1 0 1 99 34 0 1 0 1 97 35 0 1 1 15 89 525 0 1 1 15 89 75 0 1 1 15 89 35 0 1 0 2 77 45 0 1 0 2 77 615 0 1 0 2 77 33 3 333 0 2 76 35 0 1 0 3 88 525 0 1 0 3 88 75 0 1 0 3 88 34 3 333 0 3 93
4/4 35 0 1 0 0 91 65 0 1 0 0 91 715 0 1 0 0 91 33 0 1 0 0 75 35 0 1 0 1 87 65 0 1 0 1 87 715 0 1 0 1 87 34 0 1 0 1 97 35 0 1 1 15 82 525 0 1 1 15 82 75 0 1 1 15 82 24 0 1 0 2 79 45 0 1 0 2 79 65 0 1 0 2 79 33 3 333 0 2 70 35 0 1 0 3 77 525 0 1 0 3 77 34 0 1 0 3 91 24 0 1 1 35 80 45 0 1 1 35 80 65 0 1 1 35 80
4/4 525 0 1 0 0 90 75 0 1 0 0 90 33 0 1 0 0 75 45 0 1 1 5 84 65 0 1 1 5 84 35 0 1 0 1 82 525 0 1 0 1 82 34 0 1 0 1 94 24 0 1 1 15 80 45 0 1 1 15 80 74 0 1 0 2 78 35 0 1 0 2 78 33 0 1 0 2 72 35 0 1 0 3 93 525 0 1 0 3 93 34 0 1 0 3 91
4/4 614 0 1 0 0 81 45 0 1 0 0 81 73 0 1 0 0 80 35 1 5 1 5 73 614 0 1 0 1 77 224 0 1 0 1 77 73 0 1 0 1 83 14 2 25 1 15 83 74 0 1 0 2 89 73 0 1 0 2 91
4/4 65 0 1 0 0 75 63 3 333 0 0 75 65 0 1 0 1 94 715 0 1 0 1 94 36 0 1 0 1 94 64 0 1 0 1 94 65 0 1 1 15 82 715 0 1 1 15 82 36 0 1 1 15 82 65 0 1 0 2 78 75 0 1 0 2 78 25 0 1 0 2 78 63 3 333 0 2 72 65 0 1 0 3 81 715 0 1 0 3 81 36 0 1 0 3 81 64 3 333 0 3 98
4/4 65 0 1 0 0 89 225 0 1 0 0 89 316 0 1 0 0 89 63 0 1 0 0 73 65 0 1 0 1 81 225 0 1 0 1 81 316 0 1 0 1 81 64 0 1 0 1 96 65 0 1 1 15 81 715 0 1 1 15 81 36 0 1 1 15 81 55 0 1 0 2 77 75 0 1 0 2 77 225 0 1 0 2 77 63 3 333 0 2 70 65 0 1 0 3 69 715 0 1 0 3 69 64 0 1 0 3 92 55 0 1 1 35 78 75 0 1 1 35 78
4/4 65 0 1 0 0 81 63 3 333 0 0 76 65 0 1 0 1 100 715 0 1 0 1 100 36 0 1 0 1 100 64 0 1 0 1 96 65 0 1 1 15 88 715 0 1 1 15 88 36 0 1 1 15 88 65 0 1 0 2 79 75 0 1 0 2 79 25 0 1 0 2 79 63 3 333 0 2 70 65 0 1 0 3 83 715 0 1 0 3 83 36 0 1 0 3 83 64 3 333 0 3 97
4/4 65 0 1 0 0 91 225 0 1 0 0 91 316 0 1 0 0 91 63 0 1 0 0 74 65 0 1 0 1 80 225 0 1 0 1 80 316 0 1 0 1 80 64 0 1 0 1 88 65 0 1 1 15 82 715 0 1 1 15 82 36 0 1 1 15 82 55 0 1 0 2 78 75 0 1 0 2 78 225 0 1 0 2 78 63 3 333 0 2 77 65 0 1 0 3 74 715 0 1 0 3 74 64 0 1 0 3 91 75 0 1 1 35 83 225 0 1 1 35 83
4/4 35 0 1 0 0 88 715 0 1 0 0 88 36 0 1 0 0 88 63 0 1 0 0 72 75 0 1 1 5 81 225 0 1 1 5 81 35 0 1 0 1 79 65 0 1 0 1 79 715 0 1 0 1 79 64 0 1 0 1 92 35 0 1 1 15 79 55 0 1 1 15 79 75 0 1 1 15 79 35 0 1 0 2 77 65 0 1 0 2 77 63 0 1 0 2 76 65 0 1 0 3 97 715 0 1 0 3 97 64 0 1 0 3 94
4/4 24 0 1 0 0 80 45 0 1 0 0 80 75 0 1 0 0 80 33 0 1 0 0 72 45 0 1 1 5 72 65 0 1 1 5 72 24 0 1 0 1 78 525 0 1 0 1 78 34 0 1 0 1 94 24 0 1 1 15 78 45 0 1 1 15 78 35 0 1 0 2 81 33 3 333 0 2 71 34 3 333 0 3 93
4/4 525 0 1 0 0 78 75 0 1 0 0 78 25 0 1 0 0 78 33 3 333 0 0 72 34 1 5 0 1 95 525 0 1 1 15 89 715 0 1 1 15 89 36 0 1 1 15 89 525 0 1 0 2 79 75 0 1 0 2 79 25 0 1 0 2 79 33 3 333 0 2 77 34 1 5 0 3 92 525 0 1 1 35 87 715 0 1 1 35 87 36 0 1 1 35 87
4/4 224 0 1 0 0 68 45 0 1 0 0 68 615 0 1 0 0 68 33 3 333 0 0 71 34 1 5 0 1 92 24 0 1 1 15 86 525 0 1 1 15 86 75 0 1 1 15 86 224 0 1 0 2 83 45 0 1 0 2 83 615 0 1 0 2 83 33 3 333 0 2 71 34 1 5 0 3 96 24 0 1 1 35 88 525 0 1 1 35 88 75 0 1 1 35 88
4/4 525 0 1 0 0 97 75 0 1 0 0 97 25 0 1 0 0 97 33 3 333 0 0 75 34 1 5 0 1 96 525 0 1 1 15 84 715 0 1 1 15 84 36 0 1 1 15 84 525 0 1 0 2 77 75 0 1 0 2 77 25 0 1 0 2 77 33 3 333 0 2 69 34 1 5 0 3 91 525 0 1 1 35 88 715 0 1 1 35 88 36 0 1 1 35 88
4/4 65 0 1 0 0 88 715 0 1 0 0 88 316 0 1 0 0 88 33 3 333 0 0 75 34 3 333 0 1 94 33 1 5 0 2 77 65 0 1 1 25 75 715 0 1 1 25 75 316 0 1 1 25 75 34 3 333 0 3 98
4/4 615 0 1 0 0 76 75 0 1 0 0 76 25 0 1 0 0 76 33 3 333 0 0 76 34 3 333 0 1 96 33 1 5 0 2 77 615 0 1 1 25 78 75 0 1 1 25 78 25 0 1 1 25 78 34 3 333 0 3 90
4/4 525 0 1 0 0 107 75 0 1 0 0 107 36 0 1 0 0 107 33 0 1 0 0 77 73 1 5 0 1 71 73 1 5 1 15 71 35 0 1 0 2 75 525 0 1 0 2 75 613 0 1 0 2 69 73 0 1 0 3 73
4/4 35 0 1 0 0 84 45 0 1 0 0 84 713 0 1 0 0 74 713 1 5 0 1 71 73 1 5 1 15 70 24 0 1 0 2 81 45 0 1 0 2 81 63 0 1 0 2 70 523 1 5 0 3 70 43 1 5 1 35 67
4/4 525 0 1 0 0 126 33 0 1 0 0 69 75 0 1 0 0 126 36 2 25 2 25 126 73 1 5 0 1 79 73 1 5 1 15 74 35 0 1 0 2 74 525 0 1 0 2 74 613 0 1 0 2 69 73 0 1 0 3 68
4/4 35 0 1 0 0 83 45 0 1 0 0 83 713 0 1 0 0 73 713 1 5 0 1 72 73 1 5 1 15 72 24 0 1 0 2 89 45 0 1 0 2 89 63 0 1 0 2 67 523 1 5 0 3 69 43 1 5 1 35 67
4/4 35 2 25 0 0 93 33 0 1 0 0 107 73 0 1 0 0 107 74 2 25 1 5 90 714 2 25 0 1 101 74 2 25 1 15 90 33 0 1 1 15 90 73 0 1 1 15 90 35 2 25 0 2 112 74 2 25 1 25 94 714 2 25 0 3 98 74 2 25 1 35 96
4/4 35 2 25 0 0 111 33 0 1 0 0 102 223 0 1 0 0 102 74 2 25 1 5 90 714 2 25 0 1 97 74 2 25 1 15 95 33 0 1 1 15 93 13 0 1 1 15 93 35 2 25 0 2 112 74 2 25 1 25 95 714 2 25 0 3 98 33 0 1 0 3 92 713 0 1 0 3 92 74 2 25 1 35 93
4/4 35 2 25 0 0 110 33 0 1 0 0 95 73 0 1 0 0 95 74 2 25 1 5 96 714 2 25 0 1 100 74 2 25 1 15 99 33 0 1 1 15 84 73 0 1 1 15 84 35 2 25 0 2 109 74 2 25 1 25 94 714 2 25 0 3 101 74 2 25 1 35 94
4/4 35 2 25 0 0 111 33 0 1 0 0 102 223 0 1 0 0 102 74 2 25 1 5 92 714 2 25 0 1 98 74 2 25 1 15 98 43 0 1 1 15 95 13 0 1 1 15 95 35 2 25 0 2 112 74 2 25 1 25 92 714 2 25 0 3 104 313 0 1 0 3 97 713 0 1 0 3 97 74 2 25 1 35 95
4/4 34 0 1 0 0 117 74 0 1 0 0 117 33 0 1 0 0 99 73 0 1 0 0 99 34 0 1 1 5 97 74 0 1 1 5 97 34 0 1 0 1 96 74 0 1 0 1 96 34 0 1 1 15 120 74 0 1 1 15 120 34 0 1 0 2 105 74 0 1 0 2 105 34 0 1 1 25 96 74 0 1 1 25 96 34 0 1 0 3 100 74 0 1 0 3 100 34 0 1 1 35 97 74 0 1 1 35 97
4/4 34 0 1 0 0 127 74 0 1 0 0 127 34 0 1 1 5 98 74 0 1 1 5 98 34 0 1 0 1 97 74 0 1 0 1 97 34 0 1 1 15 118 74 0 1 1 15 118 34 0 1 0 2 98 74 0 1 0 2 98 34 0 1 1 25 94 74 0 1 1 25 94 34 0 1 0 3 102 74 0 1 0 3 102 34 0 1 1 35 97 74 0 1 1 35 97
4/4 36 0 1 0 0 107 34 0 1 0 0 84 74 0 1 0 0 84 34 0 1 1 5 85 74 0 1 1 5 85 36 0 1 0 1 99 526 0 1 0 1 99 76 0 1 0 1 99 34 0 1 0 1 82 74 0 1 0 1 82 36 0 1 1 15 89 526 0 1 1 15 89 76 0 1 1 15 89 34 0 1 1 15 79 74 0 1 1 15 79 36 0 1 0 2 77 46 0 1 0 2 77 616 0 1 0 2 77 34 0 1 0 2 77 614 0 1 0 2 77 34 0 1 1 25 82 614 0 1 1 25 82 36 0 1 0 3 80 526 0 1 0 3 80 76 0 1 0 3 80 34 0 1 0 3 92 74 0 1 0 3 92 34 0 1 1 35 80 74 0 1 1 35 80
4/4 36 0 1 0 0 88 66 0 1 0 0 88 716 0 1 0 0 88 34 0 1 0 0 89 714 0 1 0 0 89 34 0 1 1 5 84 714 0 1 1 5 84 36 0 1 0 1 84 66 0 1 0 1 84 716 0 1 0 1 84 34 0 1 0 1 80 714 0 1 0 1 80 36 0 1 1 15 80 526 0 1 1 15 80 76 0 1 1 15 80 34 0 1 1 15 87 714 0 1 1 15 87 25 0 1 0 2 79 46 0 1 0 2 79 66 0 1 0 2 79 34 0 1 0 2 87 24 0 1 0 2 87 34 0 1 1 25 85 24 0 1 1 25 85 36 0 1 0 3 79 526 0 1 0 3 79 34 0 1 0 3 83 24 0 1 0 3 83 25 0 1 1 35 81 46 0 1 1 35 81 34 0 1 1 35 82 24 0 1 1 35 82
4/4 36 0 1 0 0 75 34 0 1 0 0 79 74 0 1 0 0 79 34 0 1 1 5 85 74 0 1 1 5 85 36 0 1 0 1 98 526 0 1 0 1 98 76 0 1 0 1 98 34 0 1 0 1 85 74 0 1 0 1 85 36 0 1 1 15 89 526 0 1 1 15 89 76 0 1 1 15 89 34 0 1 1 15 82 74 0 1 1 15 82 36 0 1 0 2 80 46 0 1 0 2 80 616 0 1 0 2 80 34 0 1 0 2 77 614 0 1 0 2 77 34 0 1 1 25 84 614 0 1 1 25 84 36 0 1 0 3 85 526 0 1 0 3 85 76 0 1 0 3 85 34 0 1 0 3 84 74 0 1 0 3 84 34 0 1 1 35 83 74 0 1 1 35 83
4/4 56 0 1 0 0 96 37 0 1 0 0 96 34 0 1 0 0 88 224 0 1 0 0 88 34 0 1 1 5 85 224 0 1 1 5 85 56 0 1 0 1 86 37 0 1 0 1 86 56 0 1 1 15 72 226 0 1 1 15 72 34 0 1 1 15 79 224 0 1 1 15 79 716 0 2 0 2 88 76 0 1 0 2 70 64 0 1 0 2 90 35 0 1 0 2 90 64 0 1 1 25 85 35 0 1 1 25 85 66 1 5 0 3 73 526 0 1 1 35 64 64 0 1 1 35 82 35 0 1 1 35 82
4/4 46 0 1 0 0 89 226 0 1 0 0 89 223 0 1 0 0 77 714 0 1 0 0 77 223 0 1 1 5 84 714 0 1 1 5 84 46 0 1 0 1 82 226 0 1 0 1 82 46 0 1 1 15 73 716 0 1 1 15 73 223 0 1 1 15 84 714 0 1 1 15 84 76 0 2 0 2 87 66 0 1 0 2 71 524 0 1 0 2 92 224 0 1 0 2 92 524 0 1 1 25 87 224 0 1 1 25 87 526 1 5 0 3 69 46 0 1 1 35 62 524 0 1 1 35 84 224 0 1 1 35 84
4/4 36 0 1 0 0 85 716 0 1 0 0 85 713 0 1 0 0 73 524 0 1 0 0 73 713 0 1 1 5 81 524 0 1 1 5 81 36 0 1 0 1 80 716 0 1 0 1 80 36 0 1 1 15 73 76 0 1 1 15 73 713 0 1 1 15 81 524 0 1 1 15 81 66 0 2 0 2 89 526 0 1 0 2 63 314 0 1 0 2 88 714 0 1 0 2 88 314 0 1 1 25 84 714 0 1 1 25 84 316 1 5 0 3 69 36 0 1 1 35 65 314 0 1 1 35 82 714 0 1 1 35 82
4/4 76 0 1 0 0 85 73 0 1 0 0 80 64 0 1 0 0 80 25 0 1 0 0 68 66 1 5 1 5 81 526 1 5 0 1 75 25 0 1 0 1 77 73 0 1 0 1 88 64 0 1 0 1 88 46 1 5 1 15 73 36 0 1 0 2 76 33 0 1 0 2 82 34 0 1 0 2 82 66 0 1 0 3 97 716 0 1 0 3 97 26 0 1 0 3 97 75 0 1 0 3 114
4/4 526 0 1 0 0 111 76 0 1 0 0 111 37 0 1 0 0 111 35 0 1 0 0 98 65 0 1 0 1 57 715 0 1 0 1 57 25 0 1 0 1 57 73 0 1 0 1 73 525 0 1 0 2 57 75 0 1 0 2 57 36 0 1 0 2 57 34 0 1 0 2 74
4/4 34 2 25 0 0 69 74 2 25 1 5 75 714 2 25 0 1 68 74 2 25 1 15 68 34 2 25 0 2 63 74 2 25 1 25 77 714 2 25 0 3 71 74 2 25 1 35 68
4/4 35 0 1 0 0 73 34 0 1 0 0 68 35 0 1 1 5 82 74 0 1 1 5 78 35 0 1 0 1 82 714 0 1 0 1 74 35 0 1 1 15 83 74 0 1 1 15 68 35 0 1 0 2 85 34 0 1 0 2 67 35 0 1 1 25 83 74 0 1 1 25 78 35 0 1 0 3 79 714 0 1 0 3 76 35 0 1 1 35 83 74 0 1 1 35 71
4/4 37 0 1 0 0 109 34 0 1 0 0 67 527 0 1 1 5 100 77 0 1 1 5 100 74 0 1 1 5 78 47 0 1 2 75 101 617 0 1 2 75 101 67 0 1 0 1 85 717 0 1 0 1 85 714 0 1 0 1 73 527 0 1 1 15 81 77 0 1 1 15 81 74 0 1 1 15 64 26 0 1 0 2 81 527 0 1 0 2 81 34 2 25 0 2 66 74 2 25 1 25 72 714 2 25 0 3 73 74 2 25 1 35 70
4/4 226 0 1 0 0 80 47 0 1 0 0 80 34 2 25 0 0 64 74 2 25 1 5 75 714 2 25 0 1 73 74 2 25 1 15 71 34 2 25 0 2 66 74 2 25 1 25 78 714 2 25 0 3 69 74 2 25 1 35 65
4/4 37 0 1 0 0 74 34 0 1 0 0 61 527 0 1 1 5 98 77 0 1 1 5 98 74 0 1 1 5 78 47 0 1 2 75 93 617 0 1 2 75 93 67 0 1 0 1 88 717 0 1 0 1 88 714 0 1 0 1 70 527 0 1 1 15 80 77 0 1 1 15 80 74 0 1 1 15 74 16 0 1 0 2 67 317 0 1 0 2 67 34 2 25 0 2 64 74 2 25 1 25 82 714 2 25 0 3 74 74 2 25 1 35 70
4/4 716 0 1 0 0 77 37 0 1 0 0 77 34 2 25 0 0 63 74 2 25 1 5 74 714 2 25 0 1 75 74 2 25 1 15 66 76 0 1 0 2 83 26 0 1 0 2 83 34 2 25 0 2 65 74 2 25 1 25 75 714 2 25 0 3 72 74 2 25 1 35 70
4/4 36 0 1 0 0 85 34 0 1 0 0 63 526 2 25 2 25 88 46 0 1 1 5 84 74 0 1 1 5 75 36 2 25 2 75 79 46 0 1 0 1 91 714 0 1 0 1 73 526 2 25 2 125 97 66 0 1 1 15 89 74 0 1 1 15 67 76 2 25 2 175 92 716 0 1 0 2 86 34 0 1 0 2 66 716 0 1 1 25 75 74 0 1 1 25 81 76 2 25 2 275 71 66 0 1 0 3 83 714 0 1 0 3 73 526 2 25 2 325 77 46 0 1 1 35 74 74 0 1 1 35 67 25 2 25 2 375 69
4/4 36 0 1 0 0 86 34 0 1 0 0 65 526 2 25 2 25 93 46 0 1 1 5 77 74 0 1 1 5 74 36 2 25 2 75 71 46 0 1 0 1 88 714 0 1 0 1 75 526 2 25 2 125 94 66 0 1 1 15 90 74 0 1 1 15 67 76 2 25 2 175 93 26 0 1 0 2 97 34 0 1 0 2 66 26 0 1 1 25 73 74 0 1 1 25 76 76 2 25 2 275 65 66 0 1 0 3 76 714 0 1 0 3 76 526 2 25 2 325 71 46 0 1 1 35 80 74 0 1 1 35 69 526 2 25 2 375 79
4/4 36 0 1 0 0 78 34 0 1 0 0 62 225 2 25 2 25 67 715 0 1 1 5 75 74 0 1 1 5 77 75 2 25 2 75 69 225 0 1 0 1 90 714 0 1 0 1 77 715 2 25 2 125 85 75 0 1 1 15 77 74 0 1 1 15 73 65 2 25 2 175 72 715 0 1 0 2 86 34 0 1 0 2 66 75 2 25 2 225 83 65 0 1 1 25 80 74 0 1 1 25 79 525 2 25 2 275 72 75 0 1 0 3 90 714 0 1 0 3 73 65 2 25 2 325 87 525 0 1 1 35 79 74 0 1 1 35 70 45 2 25 2 375 71
4/4 36 2 25 0 0 104 525 0 4 0 0 98 35 1 15 0 0 73 526 2 25 2 25 114 46 2 25 1 5 85 36 2 25 2 75 82 46 2 25 0 1 87 526 2 25 2 125 92 616 2 25 1 15 90 24 1 15 1 15 70 76 2 25 2 175 95 16 2 25 0 2 85 76 2 25 2 225 79 37 2 25 1 25 95 226 2 25 2 275 87 16 2 25 0 3 77 224 0 1 0 3 68 76 2 25 2 325 73 616 2 25 1 35 82 526 2 25 2 375 74
4/4 36 2 25 0 0 79 24 0 1 0 0 100 45 0 1 0 0 100 526 2 25 2 25 81 46 2 25 1 5 79 36 2 25 2 75 74 46 2 25 0 1 88 526 2 25 2 125 91 66 2 25 1 15 93 45 0 1 1 15 92 65 0 1 1 15 92 76 2 25 2 175 96 716 2 25 0 2 86 76 2 25 2 225 80 26 2 25 1 25 98 35 0 1 1 25 87 525 0 1 1 25 87 76 2 25 2 275 93 66 2 25 0 3 74 24 0 1 0 3 77 45 0 1 0 3 77 526 2 25 2 325 72 46 2 25 1 35 80 25 2 25 2 375 72
4/4 36 0 1 0 0 89 34 0 1 0 0 76 526 2 25 2 25 97 46 0 1 1 5 83 74 0 1 1 5 89 36 2 25 2 75 77 46 0 1 0 1 86 714 0 1 0 1 84 526 2 25 2 125 87 66 0 1 1 15 87 74 0 1 1 15 75 76 2 25 2 175 98 716 0 1 0 2 87 34 0 1 0 2 77 76 2 25 2 225 79 716 0 1 1 25 89 74 0 1 1 25 94 76 2 25 2 275 81 66 0 1 0 3 79 714 0 1 0 3 86 526 2 25 2 325 75 46 0 1 1 35 75 74 0 1 1 35 80 25 2 25 2 375 68
4/4 36 0 1 0 0 86 34 0 1 0 0 77 526 2 25 2 25 98 46 0 1 1 5 82 74 0 1 1 5 91 36 2 25 2 75 78 46 0 1 0 1 85 714 0 1 0 1 88 526 2 25 2 125 91 66 0 1 1 15 91 74 0 1 1 15 84 76 2 25 2 175 98 26 0 1 0 2 98 34 0 1 0 2 77 76 2 25 2 225 88 26 0 1 1 25 91 74 0 1 1 25 89 76 2 25 2 275 83 66 0 1 0 3 78 714 0 1 0 3 87 526 2 25 2 325 71 46 0 1 1 35 79 74 0 1 1 35 82 25 2 25 2 375 70
4/4 36 2 25 0 0 92 34 0 1 0 0 102 54 0 1 0 0 102 74 0 1 0 0 102 224 0 1 0 0 102 316 2 25 2 25 95 526 2 25 1 5 100 56 2 25 2 75 109 76 2 25 0 1 90 716 2 25 2 125 93 226 0 1 1 15 91 34 0 1 1 15 87 54 0 1 1 15 87 74 0 1 1 15 87 224 0 1 1 15 87 37 2 25 2 175 104 226 2 25 0 2 79 64 0 1 0 2 113 714 0 1 0 2 113 35 0 1 0 2 113 525 0 1 0 2 113 716 2 25 2 225 76 76 2 25 1 25 83 226 2 25 2 275 86 716 2 25 0 3 79 76 2 25 2 325 75 66 0 1 1 35 78 64 0 1 1 35 86 714 0 1 1 35 86 35 0 1 1 35 86 525 0 1 1 35 86 526 2 25 2 375 77
4/4 46 2 25 0 0 75 223 0 1 0 0 89 44 0 1 0 0 89 64 0 1 0 0 89 714 0 1 0 0 89 526 2 25 2 25 78 66 2 25 1 5 89 76 2 25 2 75 96 716 2 25 0 1 95 76 2 25 2 125 92 226 0 1 1 15 88 223 0 1 1 15 94 44 0 1 1 15 94 64 0 1 1 15 94 714 0 1 1 15 94 716 2 25 2 175 87 76 2 25 0 2 77 524 0 1 0 2 96 74 0 1 0 2 96 224 0 1 0 2 96 45 0 1 0 2 96 66 2 25 2 225 74 526 2 25 1 25 74 46 2 25 2 275 70 66 2 25 0 3 87 526 2 25 2 325 78 46 0 1 1 35 74 524 0 1 1 35 92 74 0 1 1 35 92 224 0 1 1 35 92 45 0 1 1 35 92 36 2 25 2 375 67
4/4 225 2 25 0 0 76 713 0 1 0 0 91 34 0 1 0 0 91 524 0 1 0 0 91 74 0 1 0 0 91 715 2 25 2 25 72 36 2 25 1 5 97 715 2 25 2 75 88 75 1 5 0 1 76 36 0 1 1 15 89 713 0 1 1 15 90 34 0 1 1 15 90 524 0 1 1 15 90 74 0 1 1 15 90 75 2 25 2 175 72 225 2 25 0 2 77 44 0 1 0 2 95 614 0 1 0 2 95 714 0 1 0 2 95 35 0 1 0 2 95 715 2 25 2 225 81 526 2 25 1 25 100 36 2 25 2 275 85 615 1 5 0 3 74 36 0 1 1 35 95 44 0 1 1 35 79 614 0 1 1 35 79 714 0 1 1 35 79 35 0 1 1 35 79 615 2 25 2 375 84
4/4 75 2 25 0 0 79 74 1 15 0 0 92 73 0 4 0 0 62 75 2 25 1 5 85 75 2 25 0 1 92 615 0 1 1 15 93 75 0 1 1 15 93 614 1 15 1 15 87 615 0 1 0 2 91 75 0 1 0 2 91 615 0 1 1 25 91 75 0 1 1 25 91 65 0 1 0 3 97 75 0 1 0 3 97 64 0 1 0 3 92 65 0 1 1 35 97 75 0 1 1 35 97
4/4 525 0 1 0 0 104 75 0 1 0 0 104 524 1 15 0 0 101 73 0 4 0 0 62 525 0 1 1 5 101 75 0 1 1 5 101 525 0 1 0 1 103 75 0 1 0 1 103 45 0 1 1 15 106 75 0 1 1 15 106 44 1 15 1 15 104 45 0 1 0 2 114 75 0 1 0 2 114 45 0 1 1 25 107 75 0 1 1 25 107 315 0 1 0 3 108 75 0 1 0 3 108 314 0 1 0 3 107 315 0 1 1 35 117 75 0 1 1 35 117
4/4 33 0 1 0 0 123 73 0 1 0 0 123 34 0 1 0 0 123 36 0 1 0 1 96 526 0 1 0 1 96 76 0 1 0 1 96 36 0 1 1 15 112 526 0 1 1 15 112 76 0 1 1 15 112 36 0 1 0 2 106 46 0 1 0 2 106 616 0 1 0 2 106 25 0 1 0 3 117 526 0 1 0 3 117 76 0 1 0 3 117 33 0 1 1 35 103 33 0 1 1 35 113 33 2 25 2 375 116
4/4 36 0 1 0 0 127 66 0 1 0 0 127 716 0 1 0 0 127 33 0 1 0 0 121 36 0 1 0 1 108 66 0 1 0 1 108 716 0 1 0 1 108 36 0 1 1 15 106 526 0 1 1 15 106 76 0 1 1 15 106 33 0 1 1 15 110 33 0 1 1 15 99 33 0 1 1 15 110 33 2 25 2 175 111 25 0 1 0 2 107 46 0 1 0 2 107 66 0 1 0 2 107 33 0 2 0 2 124 25 0 1 0 3 100 526 0 1 0 3 100 25 0 1 1 35 104 46 0 1 1 35 104
4/4 33 0 1 0 0 127 73 0 1 0 0 127 34 0 1 0 0 127 36 0 1 0 1 96 526 0 1 0 1 96 76 0 1 0 1 96 36 0 1 1 15 113 526 0 1 1 15 113 76 0 1 1 15 113 25 0 1 0 2 108 46 0 1 0 2 108 616 0 1 0 2 108 36 0 1 0 3 117 526 0 1 0 3 117 76 0 1 0 3 117 33 0 1 1 35 97 33 0 1 1 35 107 33 2 25 2 375 114
4/4 56 0 1 0 0 127 76 0 1 0 0 127 37 0 1 0 0 127 33 0 1 0 0 124 56 0 1 1 5 117 76 0 1 1 5 117 317 0 1 1 5 117 56 0 1 0 1 110 76 0 1 0 1 110 37 0 1 0 1 110 56 0 1 1 15 110 76 0 1 1 15 110 226 0 1 1 15 110 33 0 1 1 15 112 33 0 1 1 15 99 33 0 1 1 15 112 33 2 25 2 175 117 225 0 1 0 2 97 56 0 1 0 2 97 716 0 1 0 2 97 33 0 2 0 2 126 225 0 1 0 3 111 56 0 1 0 3 111 76 0 1 0 3 111
4/4 526 0 1 0 0 120 226 0 1 0 0 120 62 0 1 0 0 120 63 0 1 0 0 120 526 0 1 1 5 113 716 0 1 1 5 113 526 0 1 0 1 100 76 0 1 0 1 100 714 0 1 0 1 127 35 0 1 0 1 127 525 0 1 0 1 127 75 0 1 0 1 127 526 0 1 1 15 103 716 0 1 1 15 103 715 0 1 0 2 103 36 0 1 0 2 103 46 0 1 0 2 103 66 0 1 0 2 103 222 0 1 0 2 101 223 0 1 0 2 101 64 0 1 0 3 127 714 0 1 0 3 127 35 0 1 0 3 127 45 0 1 0 3 127
4/4 46 0 1 0 0 125 716 0 1 0 0 125 522 0 1 0 0 102 523 0 1 0 0 102 46 0 1 1 5 120 76 0 1 1 5 120 46 0 1 0 1 108 616 0 1 0 1 108 64 0 1 0 1 127 74 0 1 0 1 127 224 0 1 0 1 127 45 0 1 0 1 127 46 0 1 1 15 114 76 0 1 1 15 114 75 0 1 0 2 97 225 0 1 0 2 97 36 0 1 0 2 97 526 0 1 0 2 97 712 0 1 0 2 99 713 0 1 0 2 99 74 0 1 0 3 127 714 0 1 0 3 127 35 0 1 0 3 127
4/4 65 0 1 0 0 118 66 0 1 0 0 118 313 0 1 0 0 104 314 0 1 0 0 104 525 0 1 1 5 107 526 0 1 1 5 107 315 0 1 0 1 108 316 0 1 0 1 108 35 0 1 1 15 101 36 0 1 1 15 101 315 0 1 0 2 121 316 0 1 0 2 121 35 0 1 1 25 117 36 0 1 1 25 117 224 0 1 0 3 102 225 0 1 0 3 102 714 0 1 1 35 93 715 0 1 1 35 93
4/4 714 0 1 0 0 102 35 0 1 0 0 102 45 0 1 0 0 102 75 0 1 0 0 102 43 0 1 0 0 98 316 0 1 0 1 127 66 0 1 0 1 127 76 0 1 0 1 127 26 0 1 0 1 127 73 0 1 0 1 127 74 0 1 0 1 127 316 0 1 0 3 127 66 0 1 0 3 127 76 0 1 0 3 127 26 0 1 0 3 127 73 0 1 0 3 125 74 0 1 0 3 125
4/4 714 0 1 0 0 79 35 0 1 0 0 79 45 0 1 0 0 79 75 0 1 0 0 79 43 0 1 0 0 98 316 0 1 0 1 127 66 0 1 0 1 127 76 0 1 0 1 127 26 0 1 0 1 127 73 0 1 0 1 127 74 0 1 0 1 127 316 0 1 0 3 124 66 0 1 0 3 124 76 0 1 0 3 124 26 0 1 0 3 124 73 0 1 0 3 127 74 0 1 0 3 127
4/4 74 0 1 0 0 73 33 0 1 0 0 72 73 0 1 0 0 72 614 0 1 1 5 82 33 0 1 1 5 83 73 0 1 1 5 83 714 0 1 0 1 86 33 0 1 0 1 85 73 0 1 0 1 85 74 0 1 1 15 89 33 0 1 1 15 85 73 0 1 1 15 85 75 0 1 0 2 113 33 0 1 0 2 89 73 0 1 0 2 89 35 0 2 0 2 80 615 0 1 1 25 90 33 0 1 1 25 88 73 0 1 1 25 88 715 0 1 0 3 95 33 0 1 0 3 91 73 0 1 0 3 91 75 0 1 1 35 91 33 0 1 1 35 95 73 0 1 1 35 95
4/4 76 0 1 0 0 118 33 0 1 0 0 100 73 0 1 0 0 100 36 0 2 0 0 120 616 0 1 1 5 93 33 0 1 1 5 95 73 0 1 1 5 95 716 0 1 0 1 103 33 0 1 0 1 100 73 0 1 0 1 100 76 0 1 1 15 92 33 0 1 1 15 96 73 0 1 1 15 96 77 0 1 0 2 124 34 0 1 0 2 113 74 0 1 0 2 113 37 0 2 0 2 127 617 0 1 1 25 97 34 0 1 1 25 102 74 0 1 1 25 102 717 0 1 0 3 102 34 0 1 0 3 97 74 0 1 0 3 97 77 0 1 1 35 93 34 0 1 1 35 99 74 0 1 1 35 99
4/4 37 0 1 0 0 125 77 0 1 0 0 125 38 0 1 0 0 125 34 0 1 0 0 127 74 0 1 0 0 127
