4/4 614 0 1 2 375 55 24 0 1 2 375 48 55 0 1 2 375 58 15 0 1 2 375 52 46 0 1 2 375 47
4/4 614 0 1 0 0 66 24 0 1 0 0 62 55 0 1 0 0 54 15 0 1 0 0 56 46 0 1 0 0 63
4/4 52 3 667 0 0 61 22 1 5 1 5 60 73 1 5 0 1 65 54 1 5 1 15 63 44 1 5 0 2 62 613 1 15 1 25 58
4/4 613 0 4 0 0 57
4/4 52 3 667 0 0 59 33 1 5 1 5 52 73 1 5 0 1 61 54 1 5 1 15 72 44 1 5 0 2 62 613 1 15 1 25 56 45 1 5 1 35 58
4/4 55 0 4 0 0 53 613 0 4 0 0 64 13 0 1 0 1 67 73 0 1 0 2 70 613 0 1 0 3 66
4/4 32 1 5 0 0 59 53 0 4 0 0 58 12 1 5 1 5 60 73 1 5 0 1 57 44 1 5 1 15 70 34 1 5 0 2 69 53 1 15 1 25 49
4/4 42 3 667 0 0 52 12 1 5 1 5 66 73 1 5 0 1 62 44 1 5 1 15 69 34 1 5 0 2 70 613 1 15 1 25 55
4/4 52 3 667 0 0 54 25 0 1 1 5 71 22 0 1 1 5 69 55 0 1 0 1 65 73 0 1 0 1 57 15 1 25 1 15 61 54 1 5 1 15 61 44 1 5 0 2 59 613 1 15 1 25 57
4/4 15 1 5 0 0 54 613 0 4 0 0 56 75 1 5 1 5 71 24 1 5 0 1 70 55 1 25 1 15 64
4/4 52 3 667 0 0 55 25 0 1 1 5 67 33 0 1 1 5 71 15 0 1 0 1 69 73 0 1 0 1 68 25 0 1 1 15 55 54 0 1 1 15 71 56 0 1 0 2 59 44 0 1 0 2 71 25 1 15 1 25 70 613 1 15 1 25 63
4/4 25 1 15 0 0 56 613 0 4 0 0 57 15 1 5 1 15 62 25 0 1 0 2 70 15 3 333 0 3 68 75 3 333 3 3333 64 615 3 333 3 3667 61
4/4 55 0 3 0 0 59 32 3 667 0 0 59 12 1 5 1 5 56 73 1 5 0 1 71 44 1 5 1 15 68 34 1 5 0 2 62 53 1 15 1 25 58 45 1 5 1 35 60
4/4 55 0 1 0 0 69 42 0 1 0 0 69 24 1 35 1 5 70 12 1 5 1 5 66 73 1 5 0 1 59 44 1 5 1 15 68 34 1 5 0 2 67 613 1 15 1 25 64
4/4 613 0 1 0 0 59 24 0 1 0 0 70 75 0 2 0 1 63 25 0 1 0 3 64
4/4 75 0 4 0 0 68 36 0 2 0 0 55 46 0 2 0 2 48
4/4 55 0 2 0 0 62 75 2 25 0 0 60 46 0 3 0 1 63 55 0 1 0 2 60 65 0 1 0 2 73
4/4 36 0 2 0 0 59 55 0 1 0 0 48 65 0 1 0 0 69 55 0 1 0 2 54 65 0 1 0 2 53 25 0 1 0 2 55
4/4 72 3 667 0 0 55 43 1 5 1 5 68 13 1 5 0 1 59 64 1 25 1 15 70 45 0 1 1 35 72 35 0 1 1 35 53 224 2 25 2 375 69
4/4 14 0 3 0 0 52 72 3 667 0 0 56 523 1 5 1 5 71 13 1 5 0 1 67 64 1 15 1 15 64 34 0 1 0 3 50 35 1 5 1 35 60
4/4 65 0 4 0 0 65 72 0 1 0 0 52 713 0 1 0 0 66 63 1 5 1 5 66 713 1 5 0 1 58 64 1 25 1 15 52
4/4 72 0 1 0 0 57 613 0 1 0 0 61 523 1 5 1 5 52 13 1 5 0 1 53 614 1 25 1 15 64
4/4 46 0 1 0 0 40 76 0 1 0 0 49 55 0 1 0 0 45 15 0 1 0 0 49 36 0 1 0 2 36 66 0 1 0 2 56 45 0 1 0 2 33 75 0 1 0 2 57 225 0 1 0 3 51 526 0 1 0 3 53
4/4 15 0 1 0 0 41 46 0 1 0 0 59 315 0 1 0 0 33 615 0 1 0 0 47
4/4 36 0 1 0 0 48 66 0 1 0 0 53 45 0 1 0 0 33 75 0 1 0 0 51 225 0 1 0 2 40 526 0 1 0 2 65 35 0 1 0 2 42 65 0 1 0 2 56 715 0 1 0 3 46 316 0 1 0 3 47
4/4 75 0 1 0 0 42 36 0 1 0 0 51 24 0 1 0 0 27 55 0 1 0 0 54
4/4 225 0 1 0 0 38 526 0 1 0 0 57 74 0 1 0 0 40 35 0 1 0 0 42 65 0 1 0 0 48 715 0 1 0 2 32 316 0 1 0 2 48 64 0 1 0 2 28 224 0 1 0 2 40 525 0 1 0 2 40
4/4 54 0 1 0 0 43 14 0 1 0 0 50 45 0 1 0 0 49 75 0 1 0 0 38 36 0 1 0 0 45
4/4 524 0 1 0 0 53 714 0 1 0 0 54 315 0 1 0 0 49 65 0 1 0 0 52 36 0 1 0 0 55
4/4 55 1 15 0 0 46 75 0 2 0 0 39 36 0 4 0 0 40 44 3 667 0 0 44 224 1 5 1 5 44 55 0 3 0 1 28 75 1 25 1 15 16 314 0 1 2 175 31 55 0 1 2 175 26 75 0 1 2 175 29 36 0 1 2 175 40
4/4 74 0 1 0 0 50 75 0 1 0 0 62 62 0 1 0 0 54 714 0 1 1 5 35 715 0 1 1 5 64 33 0 1 1 5 58 74 0 1 0 1 39 75 0 1 0 1 54 73 0 1 0 1 42 714 0 1 1 15 43 715 0 1 1 15 60 524 0 1 1 15 47 74 0 1 0 2 45 75 0 1 0 2 48 314 0 1 0 2 55 714 0 1 1 25 44 715 0 1 1 25 61 63 1 15 1 25 51 74 0 1 0 3 45 75 0 1 0 3 59 714 0 1 1 35 44 715 0 1 1 35 59
4/4 525 0 1 0 0 33 526 0 1 0 0 49 522 0 1 0 0 53 714 0 1 1 5 33 715 0 1 1 5 47 222 0 1 1 5 56 74 0 1 0 1 31 75 0 1 0 1 56 73 0 1 0 1 39 714 0 1 1 15 34 715 0 1 1 15 56 524 0 1 1 15 58 525 0 1 0 2 44 526 0 1 0 2 53 314 0 1 0 2 45 714 0 1 1 25 32 715 0 1 1 25 54 63 1 15 1 25 38 74 0 1 0 3 39 75 0 1 0 3 51 714 0 1 1 35 26 715 0 1 1 35 40
4/4 525 0 1 0 0 48 526 0 1 0 0 47 312 0 1 0 0 40 714 0 1 1 5 37 715 0 1 1 5 51 712 0 1 1 5 59 74 0 1 0 1 43 75 0 1 0 1 62 73 0 1 0 1 42 714 0 1 1 15 40 715 0 1 1 15 45 524 0 1 1 15 46 525 0 1 0 2 49 526 0 1 0 2 57 314 0 1 0 2 45 714 0 1 1 25 39 715 0 1 1 25 58 63 1 15 1 25 36 74 0 1 0 3 31 75 0 1 0 3 46 714 0 1 1 35 44 715 0 1 1 35 49
4/4 525 0 1 0 0 65 526 0 1 0 0 76 32 0 1 0 0 83 714 0 1 1 5 77 715 0 1 1 5 71 72 0 1 1 5 77 74 0 1 0 1 61 75 0 1 0 1 84 73 0 1 0 1 72 714 0 1 1 15 71 715 0 1 1 15 76 524 0 1 1 15 85 525 0 1 0 2 77 526 0 1 0 2 76 314 0 1 0 2 75 714 0 1 1 25 71 715 0 1 1 25 79 53 1 15 1 25 71 74 0 1 0 3 73 75 0 1 0 3 74 714 0 1 1 35 54 715 0 1 1 35 70
4/4 74 0 1 0 0 39 75 0 1 0 0 61 53 2 375 0 0 85 714 0 1 1 5 44 715 0 1 1 5 49 74 0 1 0 1 41 75 0 1 0 1 47 714 0 1 1 15 34 715 0 1 1 15 53 74 0 1 0 2 28 75 0 1 0 2 43 714 0 1 1 25 33 715 0 1 1 25 43 74 0 1 0 3 34 75 0 1 0 3 42 714 0 1 1 35 22 715 0 1 1 35 25
4/4 32 0 1 0 0 47 72 0 1 0 0 52 73 0 1 0 0 41 223 0 3 0 1 50
4/4 42 0 1 0 0 44 12 0 1 0 0 65 13 0 2 0 0 58 63 0 2 0 2 54
4/4 52 0 1 0 0 44 22 0 1 0 0 64 73 0 2 0 0 47 73 1 15 2 175 45 23 0 1 0 2 33 54 0 1 0 2 58
4/4 52 3 667 0 0 58 22 1 5 1 5 59 73 1 5 0 1 39 54 1 5 1 15 45 44 1 5 0 2 44 613 1 15 1 25 50 24 1 5 1 35 47
4/4 615 2 325 0 0 43 613 0 4 0 0 49 54 0 1 0 3 39
4/4 52 3 667 0 0 53 54 0 1 0 0 46 33 1 5 1 5 57 614 0 1 0 1 41 73 0 1 0 1 55 54 1 5 1 15 56 44 1 5 0 2 45 613 1 15 1 25 58 55 1 5 1 35 46
4/4 45 0 1 0 0 37 15 0 1 0 0 61 613 0 4 0 0 41 24 0 1 0 2 49 46 0 1 0 3 49
4/4 14 0 1 0 0 38 25 0 1 0 0 53 32 3 667 0 0 41 12 1 5 1 5 55 73 1 5 0 1 42 44 1 5 1 15 42 34 1 5 0 2 39 53 1 15 1 25 54 15 1 5 1 35 57
4/4 25 0 1 0 0 46 42 0 1 0 0 41 55 1 35 1 5 50 12 1 5 1 5 45 73 1 5 0 1 43 44 1 5 1 15 39 34 1 5 0 2 39 613 1 15 1 25 44
4/4 45 0 1 0 0 42 46 0 1 0 0 61 52 3 667 0 0 56 22 1 5 1 5 40 73 1 5 0 1 42 54 1 5 1 15 46 44 1 5 0 2 42 613 1 15 1 25 39
4/4 55 0 1 0 0 38 56 0 1 0 0 55 613 0 4 0 0 51 615 0 1 0 2 43 616 0 1 0 2 65 75 0 1 0 3 49 76 0 1 0 3 57
4/4 15 0 1 0 0 27 16 0 1 0 0 51 52 3 667 0 0 52 22 1 5 1 5 40 73 1 5 0 1 50 54 1 5 1 15 52 44 1 5 0 2 50 613 1 15 1 25 39
4/4 25 0 1 0 0 40 26 0 1 0 0 51 613 0 4 0 0 55
4/4 32 3 667 0 0 42 25 0 1 0 0 38 26 0 1 0 0 60 12 1 5 1 5 40 73 1 5 0 1 44 44 1 5 1 15 50 34 1 5 0 2 49 15 0 1 3 2333 39 16 0 1 3 2333 51 53 1 15 1 25 43 46 0 1 0 3 46 47 0 1 0 3 53 25 0 1 3 3333 42 26 0 1 3 3333 59
4/4 55 0 1 0 0 49 56 0 1 0 0 51 42 3 667 0 0 58 12 1 5 1 5 46 73 1 5 0 1 50 44 1 5 1 15 45 615 0 1 0 2 46 616 0 1 0 2 54 34 1 5 0 2 46 613 1 15 1 25 43
4/4 52 3 667 0 0 57 25 0 1 1 5 41 22 0 1 1 5 58 55 0 1 0 1 52 73 0 1 0 1 54 15 1 25 1 15 59 54 1 5 1 15 47 44 1 5 0 2 57 613 1 15 1 25 56
4/4 15 1 5 0 0 42 613 0 4 0 0 46 75 1 5 1 5 56 24 1 5 0 1 46 55 1 25 1 15 56
4/4 52 1 5 0 0 44 25 0 1 1 5 52 22 0 1 1 5 54 15 0 1 0 1 46 73 0 1 0 1 42 25 0 1 1 15 39 54 0 1 1 15 51 56 0 1 0 2 40 44 0 1 0 2 53 25 1 15 1 25 40 613 1 15 1 25 46
4/4 615 0 1 0 0 46 46 0 1 0 0 63 613 0 4 0 0 39 15 1 5 1 15 41 25 0 1 0 2 47 15 3 333 0 3 56 75 3 333 3 3333 48 615 2 25 3 3667 53
4/4 55 0 3 0 0 52 32 3 667 0 0 56 12 1 5 1 5 39 73 1 5 0 1 41 44 1 5 1 15 42 34 1 5 0 2 59 53 1 15 1 25 43 45 1 5 1 35 44
4/4 55 0 1 0 0 50 42 0 1 0 0 55 24 1 15 1 5 35 12 1 5 1 5 50 73 1 5 0 1 58 44 1 5 1 15 42 55 0 1 0 2 54 15 0 1 0 2 65 34 1 5 0 2 52 613 1 15 1 25 35
4/4 75 0 1 0 0 34 25 0 1 0 0 46 55 1 5 1 5 45 15 0 1 0 1 19 36 0 1 0 1 44 55 1 5 1 15 33 25 0 1 0 2 35 46 0 1 0 2 37 55 1 5 1 25 42 15 0 1 0 3 31 36 0 1 0 3 42 55 1 5 1 35 40
4/4 75 0 1 0 0 18 25 0 1 0 0 38 55 1 5 1 5 32 615 0 1 0 1 37 15 0 1 0 1 34 55 1 5 1 15 30 75 0 1 0 2 18 25 0 1 0 2 37 55 1 5 1 25 41 55 0 1 0 3 24 75 0 1 0 3 42 55 1 5 1 35 23
4/4 615 0 1 0 0 22 15 0 1 0 0 33 55 1 5 1 5 36 75 0 1 0 1 22 25 0 1 0 1 34 55 1 5 1 15 43 25 0 1 0 2 21 46 0 1 0 2 39 55 1 5 1 25 37 36 0 1 0 3 37 56 0 1 0 3 44 55 1 5 1 35 39
4/4 25 0 1 0 0 26 46 0 1 0 0 51 55 1 5 1 5 46 75 0 1 0 1 20 25 0 1 0 1 49 55 1 5 1 15 38 615 0 1 0 2 31 15 0 1 0 2 39 55 1 5 1 25 45 25 0 1 0 3 35 46 0 1 0 3 47 55 1 5 1 35 32
4/4 75 0 1 0 0 46 25 0 1 0 0 60 52 0 1 0 0 53 55 0 1 1 5 44 22 0 1 1 5 46 15 0 1 0 1 43 36 0 1 0 1 65 73 0 1 0 1 50 55 0 1 1 15 52 54 0 1 1 15 39 25 0 1 0 2 31 46 0 1 0 2 45 44 0 1 0 2 48 55 1 5 1 25 51 613 1 15 1 25 47 15 0 1 0 3 42 36 0 1 0 3 61 55 1 5 1 35 55
4/4 75 0 1 0 0 33 25 0 1 0 0 63 613 0 4 0 0 55 55 1 5 1 5 54 615 0 1 0 1 48 15 0 1 0 1 48 55 1 5 1 15 47 75 0 1 0 2 38 25 0 1 0 2 48 55 1 5 1 25 41 55 0 1 0 3 45 75 0 1 0 3 46 55 1 5 1 35 49
4/4 615 0 1 0 0 40 15 0 1 0 0 59 52 0 1 0 0 57 55 0 1 1 5 58 33 0 1 1 5 50 75 0 1 0 1 45 25 0 1 0 1 54 73 0 1 0 1 48 55 0 1 1 15 39 54 0 1 1 15 58 25 0 1 0 2 32 46 0 1 0 2 49 44 0 1 0 2 53 55 1 5 1 25 42 613 1 15 1 25 51 36 0 1 0 3 38 56 0 1 0 3 46 55 1 5 1 35 53
4/4 25 0 1 0 0 35 46 0 1 0 0 46 613 0 4 0 0 46 55 1 5 1 5 59 75 0 1 0 1 41 25 0 1 0 1 45 55 1 5 1 15 56 615 0 1 0 2 47 15 0 1 0 2 56 55 1 5 1 25 40 25 0 1 0 3 36 46 0 1 0 3 48 55 1 5 1 35 53
4/4 75 0 1 0 0 50 25 0 1 0 0 62 32 0 1 0 0 50 55 0 1 1 5 41 12 0 1 1 5 59 615 0 1 0 1 51 15 0 1 0 1 50 73 0 1 0 1 46 55 0 1 1 15 52 44 0 1 1 15 61 75 0 1 0 2 48 25 0 1 0 2 54 34 0 1 0 2 57 55 1 5 1 25 39 53 1 15 1 25 63 25 0 1 0 3 44 46 0 1 0 3 51 55 1 5 1 35 50
4/4 46 0 1 0 0 46 616 0 1 0 0 65 42 0 1 0 0 71 55 0 1 1 5 58 12 0 1 1 5 69 36 0 1 0 1 36 56 0 1 0 1 63 73 0 1 0 1 58 55 0 1 1 15 46 44 0 1 1 15 77 25 0 1 0 2 41 46 0 1 0 2 64 34 0 1 0 2 69 523 0 2 0 2 63 55 1 5 1 25 45 613 3 1333 1 25 62 15 0 1 0 3 49 36 0 1 0 3 65 55 1 5 1 35 40
4/4 55 0 1 0 0 51 15 0 1 0 0 35 46 0 1 0 0 60 24 0 1 0 0 52 45 0 1 1 5 32 615 0 1 1 5 44 25 0 1 1 5 59 14 0 1 1 5 49 15 0 1 0 2 44 616 0 1 0 2 54 614 0 1 0 2 36 45 0 1 0 2 45 55 0 1 0 2 64 15 0 1 1 25 44 25 0 1 1 25 44
4/4 54 0 1 0 0 31 14 0 1 0 0 36 24 0 1 0 0 63 52 1 5 0 2 42 22 1 5 1 25 46 73 1 5 0 3 48 54 1 5 1 35 49
4/4 44 3 667 0 0 54 613 1 35 1 5 51 14 1 5 0 1 48 45 1 5 1 15 59 15 0 1 0 2 39 16 0 1 0 2 43
