6/8
6/8 64 2 25 1 25 91 74 2 25 2 275 97
6/8 14 2 25 0 0 83 64 2 25 2 25 87 35 2 75 1 5 84 14 2 25 2 125 86 74 1 5 1 15 91 35 1 5 0 2 103 74 1 5 1 25 98
6/8 64 2 25 0 0 100 44 2 25 2 25 100 14 2 75 1 5 87 64 2 25 2 125 96 54 0 1 1 15 89 64 2 25 1 25 86 54 2 25 2 275 100
6/8 44 1 5 0 0 87 54 1 5 1 5 101 64 2 25 0 1 102 74 2 25 2 125 102 34 1 5 1 15 93 64 1 5 0 2 85 74 2 25 1 25 102 14 2 25 2 275 91
6/8 224 1 5 0 0 102 224 2 25 1 5 101 14 2 25 2 75 88 74 2 25 0 1 84 64 2 25 2 125 96 74 2 75 1 15 83 64 2 25 1 25 82 74 2 25 2 275 104
6/8 14 2 25 0 0 101 64 2 25 2 25 101 35 2 75 1 5 102 14 2 25 2 125 96 74 1 5 1 15 100 35 1 5 0 2 98 74 1 5 1 25 92
6/8 64 2 25 0 0 102 44 2 25 2 25 101 44 1 5 1 5 84 54 2 25 0 1 91 64 2 25 2 125 94 34 0 1 1 15 92 34 2 25 2 275 96
6/8 44 1 5 0 0 96 54 1 5 1 5 87 64 2 25 0 1 98 74 2 25 2 125 86 34 1 5 1 15 92 64 1 5 0 2 85 74 2 25 1 25 97 14 2 25 2 275 91
6/8 224 2 25 0 0 87 224 2 25 1 5 103 14 2 25 2 75 99 74 2 25 0 1 91 64 2 25 2 125 84 64 1 15 1 15 87
6/8 14 2 25 0 1 88 224 2 25 2 125 90 35 1 5 1 15 99 35 1 5 0 2 85 35 1 5 1 25 91
6/8 35 1 5 0 0 88 35 2 25 1 5 87 45 2 25 2 75 97 35 2 25 0 1 92 224 2 25 2 125 105 14 1 5 1 15 93 14 1 5 0 2 100 14 1 5 1 25 99
6/8 14 1 5 0 0 104 14 2 25 1 5 89 224 2 25 2 75 86 14 2 25 0 1 101 74 2 25 2 125 98 64 2 25 1 15 106 64 2 25 0 2 86 64 2 25 1 25 100 54 2 25 2 275 103
6/8 44 1 5 0 0 105 54 1 5 1 5 100 54 2 25 0 1 105 64 2 25 2 125 94 74 2 25 1 15 92 74 2 25 0 2 96 14 2 25 2 225 100 74 2 25 1 25 96 14 2 25 2 275 88
6/8 74 2 75 0 0 87 14 2 25 0 1 97 224 2 25 2 125 98 35 1 5 1 15 99 35 1 5 0 2 91 35 1 5 1 25 94
6/8 35 1 5 0 0 95 35 2 25 1 5 100 45 2 25 2 75 104 35 2 25 0 1 101 224 2 25 2 125 93 14 1 5 1 15 93 14 1 5 0 2 89 14 1 5 1 25 100
6/8 14 2 25 0 0 100 224 2 25 2 25 107 14 2 25 1 5 99 74 2 25 2 75 102 64 2 25 0 1 101 54 2 25 2 125 92 44 2 25 2 175 99 44 2 25 0 2 105 54 2 25 2 225 90 64 2 25 1 25 104 74 2 25 2 275 88
6/8 34 1 5 0 0 95 64 1 5 1 5 100 74 2 25 0 1 96 14 2 25 2 125 88 74 2 75 1 15 98 74 2 25 2 225 89 74 2 25 1 25 87 64 2 25 2 275 92
6/8 64 2 75 0 0 101
6/8 64 2 25 0 1 92 74 2 25 2 125 89 14 2 25 1 15 103 64 2 25 2 175 101 35 2 75 0 2 102 14 2 25 2 275 99
6/8 74 1 5 0 0 103 35 1 5 1 5 90 74 1 5 0 1 84 64 2 25 1 15 83 44 2 25 2 175 85 14 2 75 0 2 84 64 2 25 2 275 100
6/8 54 0 1 0 0 96 64 2 25 0 1 96 54 2 25 2 125 85 44 1 5 1 15 94 54 1 5 0 2 97 64 2 25 1 25 86 74 2 25 2 275 99
6/8 34 1 5 0 0 98 64 1 5 1 5 101 74 2 25 0 1 97 14 2 25 2 125 87 224 1 5 1 15 100 224 2 25 0 2 87 14 2 25 2 225 86 74 2 25 1 25 103 64 2 25 2 275 98
6/8 74 2 75 0 0 83 64 2 25 0 1 92 74 2 25 2 125 89 14 2 25 1 15 87 64 2 25 2 175 102 35 2 75 0 2 95 14 2 25 2 275 102
6/8 74 1 5 0 0 83 35 1 5 1 5 99 74 1 5 0 1 83 64 2 25 1 15 93 44 2 25 2 175 96 44 1 5 0 2 100 54 2 25 1 25 90 64 2 25 2 275 101
6/8 34 2 75 0 0 91 34 1 5 0 1 87 44 1 5 1 15 101 54 1 5 0 2 91 64 2 25 1 25 98 74 2 25 2 275 87
6/8 34 1 5 0 0 87 64 1 5 1 5 90 74 2 25 0 1 90 14 2 25 2 125 94 224 2 25 1 15 88 224 2 25 0 2 90 14 2 25 2 225 97 74 2 25 1 25 98 64 2 25 2 275 97
6/8 64 1 15 0 0 83
6/8 14 2 25 0 1 104 224 2 25 2 125 104 35 1 5 1 15 91 35 1 5 0 2 87 35 1 5 1 25 98
6/8 35 1 5 0 0 90 35 2 25 1 5 88 45 2 25 2 75 93 35 2 25 0 1 99 224 2 25 2 125 93 14 1 5 1 15 100 14 1 5 0 2 101 14 1 5 1 25 86
6/8 14 1 5 0 0 90 14 2 25 1 5 103 224 2 25 2 75 90 14 2 25 0 1 93 74 2 25 2 125 104 64 2 25 1 15 86 64 2 25 0 2 104 64 2 25 1 25 97 54 2 25 2 275 91
6/8 44 1 5 0 0 105 54 1 5 1 5 94 54 2 25 0 1 100 64 2 25 2 125 90 74 2 25 1 15 85 74 2 25 0 2 85 14 2 25 2 225 103 74 2 25 1 25 97 14 2 25 2 275 92
6/8 74 2 75 0 0 100 14 2 25 0 1 99 224 2 25 2 125 99 35 1 5 1 15 106 35 1 5 0 2 100 35 1 5 1 25 92
6/8 35 1 5 0 0 101 35 2 25 1 5 94 45 2 25 2 75 95 35 2 25 0 1 95 224 2 25 2 125 92 14 1 5 1 15 99 14 1 5 0 2 97 14 1 5 1 25 94
6/8 14 2 25 0 0 100 224 2 25 2 25 94 14 2 25 1 5 93 74 2 25 2 75 94 64 2 25 0 1 92 54 2 25 2 125 89 44 2 25 0 2 98 54 2 25 2 225 107 64 2 25 1 25 103 74 2 25 2 275 101
6/8 34 1 5 0 0 100 64 1 5 1 5 88 74 2 25 0 1 93 14 2 25 2 125 86 74 2 75 1 15 95 74 2 25 2 225 103 74 2 25 1 25 87 64 2 25 2 275 97
6/8 64 0 3 0 0 95
6/8 64 1 15 0 0 95 64 2 25 1 25 93 74 2 25 2 275 98
6/8 14 2 25 0 0 88 64 2 25 2 25 92 35 2 75 1 5 98 14 2 25 2 125 89 74 1 5 1 15 83 35 1 5 0 2 85 74 1 5 1 25 83
6/8 64 2 25 0 0 93 44 2 25 2 25 99 14 2 75 1 5 96 64 2 25 2 125 84 54 0 1 1 15 86 64 2 25 1 25 100 54 2 25 2 275 102
6/8 44 1 5 0 0 84 54 1 5 1 5 99 64 2 25 0 1 99 74 2 25 2 125 95 34 1 5 1 15 92 64 1 5 0 2 92 74 2 25 1 25 83 14 2 25 2 275 85
6/8 224 1 5 0 0 101 224 2 25 1 5 87 14 2 25 2 75 92 74 2 25 0 1 103 64 2 25 2 125 87 74 2 75 1 15 88 64 2 25 1 25 99 74 2 25 2 275 87
6/8 14 2 25 0 0 103 64 2 25 2 25 103 35 2 75 1 5 103 14 2 25 2 125 103 74 1 5 1 15 87 35 1 5 0 2 85 74 1 5 1 25 84
6/8 64 2 25 0 0 97 44 2 25 2 25 100 44 1 5 1 5 94 54 2 25 0 1 91 64 2 25 2 125 89 34 2 75 1 15 97 34 1 5 1 25 95
6/8 44 1 5 0 0 93 54 1 5 1 5 101 64 2 25 0 1 85 74 2 25 2 125 94 34 1 5 1 15 86 64 1 5 0 2 93 74 2 25 1 25 83 14 2 25 2 275 86
6/8 224 2 25 0 0 103 224 2 25 1 5 83 14 2 25 2 75 100 74 2 25 0 1 100 64 2 25 2 125 101 64 1 15 1 15 92
6/8 14 2 25 0 1 89 224 2 25 2 125 97 35 1 5 1 15 98 35 1 5 0 2 103 35 1 5 1 25 93
6/8 35 1 5 0 0 102 35 2 25 1 5 104 45 2 25 2 75 103 35 2 25 0 1 103 224 2 25 2 125 102 14 1 5 1 15 86 14 1 5 0 2 91 14 1 5 1 25 95
6/8 14 1 5 0 0 105 14 2 25 1 5 87 224 2 25 2 75 86 14 2 25 0 1 93 74 2 25 2 125 93 64 2 25 1 15 97 64 2 25 0 2 94 64 2 25 1 25 105 54 2 25 2 275 100
6/8 44 1 5 0 0 92 54 1 5 1 5 96 54 2 25 0 1 89 64 2 25 2 125 88 74 2 25 1 15 103 74 2 25 0 2 105 14 2 25 2 225 98 74 2 25 1 25 87 14 2 25 2 275 87
6/8 74 2 75 0 0 95 14 2 25 0 1 91 224 2 25 2 125 98 35 1 5 1 15 97 35 1 5 0 2 98 35 1 5 1 25 98
6/8 35 1 5 0 0 94 35 2 25 1 5 94 45 2 25 2 75 98 35 2 25 0 1 97 224 2 25 2 125 102 14 1 5 1 15 96 14 1 5 0 2 91 14 1 5 1 25 105
6/8 14 2 25 0 0 96 224 2 25 2 25 106 14 2 25 1 5 105 74 2 25 2 75 107 64 2 25 0 1 93 54 2 25 2 125 101 44 1 5 1 15 93 44 2 25 0 2 89 54 2 25 2 225 90 64 2 25 1 25 96 74 2 25 2 275 90
6/8 34 1 5 0 0 103 64 1 5 1 5 88 74 2 25 0 1 90 14 2 25 2 125 93 74 2 75 1 15 90 74 2 25 2 225 89 74 2 25 1 25 88 64 2 25 2 275 100
6/8 64 2 75 0 0 95
6/8 64 2 25 0 1 84 74 2 25 2 125 83 14 2 25 1 15 94 64 2 25 2 175 89 35 2 75 0 2 91 14 2 25 2 275 84
6/8 74 1 5 0 0 85 35 1 5 1 5 95 74 1 5 0 1 96 64 2 25 1 15 96 44 2 25 2 175 101 14 2 75 0 2 89 64 2 25 2 275 85
6/8 54 0 1 0 0 100 64 2 25 0 1 102 54 2 25 2 125 83 44 1 5 1 15 89 54 1 5 0 2 90 64 2 25 1 25 90 74 2 25 2 275 85
6/8 34 1 5 0 0 101 64 1 5 1 5 92 74 2 25 0 1 94 14 2 25 2 125 86 224 1 5 1 15 90 224 2 25 0 2 103 14 2 25 2 225 92 74 2 25 1 25 99 64 2 25 2 275 100
6/8 74 2 75 0 0 98 64 2 25 0 1 84 74 2 25 2 125 88 14 2 25 1 15 90 64 2 25 2 175 89 35 2 75 0 2 91 14 2 25 2 275 98
6/8 74 1 5 0 0 91 35 1 5 1 5 99 74 1 5 0 1 91 64 2 25 1 15 97 44 2 25 2 175 101 44 1 5 0 2 98 54 2 25 1 25 84 64 2 25 2 275 86
6/8 34 2 75 0 0 71 34 1 5 0 1 69 44 1 5 1 15 62 54 1 5 0 2 68 64 2 25 1 25 55 74 2 25 2 275 72
6/8 34 1 5 0 0 56 64 2 75 1 5 59 54 2 25 2 125 69 44 1 5 1 15 80 54 1 5 0 2 74 64 2 25 1 25 62 74 2 25 2 275 71
6/8 34 0 1 0 0 70 64 2 25 0 1 49 54 2 25 2 125 63 44 1 5 1 15 67 54 1 5 0 2 74 64 2 25 1 25 57 74 2 25 2 275 72
6/8 34 1 5 0 0 49 64 1 5 1 5 52 74 2 25 0 1 40 14 2 25 2 125 59 224 1 5 1 15 35 224 2 25 0 2 48 14 2 25 2 225 32 74 2 25 1 25 46 64 2 25 2 275 44
6/8 64 0 3 0 0 51
6/8 14 2 25 1 25 92 224 2 25 2 275 105
6/8 35 1 5 0 0 103 35 1 5 1 5 93 35 1 5 0 1 95 35 1 5 1 15 96 35 2 25 0 2 105 45 2 25 2 225 89 35 2 25 1 25 105 224 2 25 2 275 103
6/8 14 1 5 0 0 100 14 1 5 1 5 90 14 1 5 0 1 100 14 1 5 1 15 91 14 2 25 0 2 101 224 2 25 2 225 94 14 2 25 1 25 90 74 2 25 2 275 91
6/8 64 2 25 0 0 104 64 2 25 1 5 94 64 2 25 0 1 88 54 2 25 2 125 99 44 1 5 1 15 88 54 1 5 0 2 87 54 2 25 1 25 90 64 2 25 2 275 91
6/8 74 2 25 0 0 94 74 2 25 1 5 93 14 2 25 2 75 96 74 2 25 0 1 97 14 2 25 2 125 88 74 2 75 1 15 94 14 2 25 1 25 91 224 2 25 2 275 101
6/8 35 1 5 0 0 105 35 1 5 1 5 95 35 1 5 0 1 102 35 1 5 1 15 98 35 2 25 0 2 90 45 2 25 2 225 101 35 2 25 1 25 92 224 2 25 2 275 93
6/8 14 1 5 0 0 103 14 1 5 1 5 108 14 1 5 0 1 102 14 2 25 1 15 89 224 2 25 2 175 87 14 2 25 0 2 105 74 2 25 2 225 105 64 2 25 1 25 101 54 2 25 2 275 103
6/8 44 2 25 1 5 96 54 2 25 2 75 87 64 2 25 0 1 103 74 2 25 2 125 104 34 1 5 1 15 101 64 1 5 0 2 93 74 2 25 1 25 102 14 2 25 2 275 103
6/8 74 2 75 0 0 101 74 2 25 2 75 100 74 2 25 0 1 104 64 2 25 2 125 95 64 1 15 1 15 88
6/8 64 0 3 0 0 91
6/8 63 1 5 0 0 47 64 1 5 1 5 50 34 0 1 1 5 56 14 1 5 0 1 57 63 1 5 1 15 61 64 1 5 0 2 51 34 0 1 0 2 49 14 1 5 1 25 61
6/8 63 1 5 0 0 66 64 1 5 1 5 57 34 0 1 1 5 54 14 1 5 0 1 60 63 1 5 1 15 66 64 1 5 0 2 52 34 0 1 0 2 49 14 1 5 1 25 66
6/8 63 1 5 0 0 56 64 1 5 1 5 48 34 0 1 1 5 66 14 1 5 0 1 60 54 0 1 1 15 57 34 0 1 1 15 61 35 1 5 0 2 54 74 0 1 0 2 53 55 1 5 1 25 57
6/8 64 0 1 0 0 49 44 0 1 0 0 62 65 1 5 1 5 58 14 0 1 1 5 47 45 1 5 0 1 58 54 0 1 1 15 58 13 0 1 1 15 52 14 1 5 0 2 61 34 0 1 0 2 65 35 1 5 1 25 58
6/8 223 1 5 0 0 64 64 1 5 1 5 65 44 0 1 1 5 51 224 1 5 0 1 54 13 1 5 1 15 64 64 1 5 0 2 51 34 0 1 0 2 52 14 1 5 1 25 55
6/8 44 0 1 0 0 59 73 0 1 0 0 62 74 1 5 1 5 47 44 0 1 1 5 49 224 1 5 0 1 56 34 1 5 1 15 51 74 0 1 0 2 60 54 0 1 0 2 64 35 0 1 1 25 62 74 0 1 1 25 57
6/8 63 1 5 0 0 62 64 1 5 1 5 64 34 0 1 1 5 64 14 1 5 0 1 67 54 0 1 1 15 54 34 0 1 1 15 51 35 1 5 0 2 64 74 0 1 0 2 63 55 1 5 1 25 62
6/8 64 0 1 0 0 62 44 0 1 0 0 54 65 1 5 1 5 54 14 0 1 1 5 59 45 1 5 0 1 55 54 0 1 1 15 64 13 0 1 1 15 49 14 1 5 0 2 61 34 0 1 0 2 65 35 1 5 1 25 59
6/8 223 1 5 0 0 56 64 1 5 1 5 49 44 0 1 1 5 47 224 1 5 0 1 57 13 1 5 1 15 62 64 0 1 0 2 47 34 0 1 0 2 59 14 0 1 1 25 54 64 0 1 1 25 50
6/8 44 0 1 0 0 61 73 0 1 0 0 66 74 0 1 1 5 60 44 0 1 1 5 66 35 0 1 0 1 47 34 0 1 0 1 56 63 1 5 1 15 64 64 1 5 0 2 62 34 0 1 0 2 52 14 1 5 1 25 63
6/8 63 1 5 0 0 51 64 1 5 1 5 62 34 0 1 1 5 49 14 1 5 0 1 66 63 1 5 1 15 58 64 1 5 0 2 54 34 0 1 0 2 49 14 1 5 1 25 65
6/8 54 0 1 0 0 65 34 0 1 0 0 51 55 0 1 1 5 55 74 0 1 1 5 63 75 0 1 0 1 58 35 0 1 0 1 47 44 1 5 1 15 51 14 0 1 0 2 47 64 0 1 0 2 58 45 0 1 1 25 60 14 0 1 1 25 59
6/8 13 1 5 0 0 67 14 0 1 1 5 55 34 0 1 1 5 49 35 0 1 0 1 53 54 0 1 0 1 67 44 1 5 1 15 66 45 0 1 0 2 57 64 0 1 0 2 67 14 0 1 1 25 65 44 0 1 1 25 60
6/8 223 1 5 0 0 47 64 1 5 1 5 53 44 0 1 1 5 49 224 1 5 0 1 57 73 1 5 1 15 50 44 0 1 0 2 52 223 0 1 0 2 66 224 0 1 1 25 67 44 0 1 1 25 49
6/8 34 1 5 0 0 52 35 0 1 1 5 66 74 0 1 1 5 63 55 0 1 0 1 62 35 0 1 0 1 54 63 1 5 1 15 56 64 1 5 0 2 58 34 0 1 0 2 49 14 1 5 1 25 61
6/8 54 0 1 0 0 53 34 0 1 0 0 67 55 0 1 1 5 54 74 0 1 1 5 49 75 0 1 0 1 49 35 0 1 0 1 55 44 1 5 1 15 62 14 0 1 0 2 53 64 0 1 0 2 64 45 0 1 1 25 48 14 0 1 1 25 53
6/8 13 1 5 0 0 64 55 0 1 1 5 49 34 0 1 1 5 64 35 0 1 0 1 50 54 0 1 0 1 48 223 1 5 1 15 62 64 0 1 0 2 63 44 0 1 0 2 54 45 0 1 1 25 49 224 0 1 1 25 60
6/8 13 1 5 0 0 65 64 1 5 1 5 66 34 0 1 1 5 52 14 1 5 0 1 53 223 1 5 1 15 64 35 1 5 0 2 51 74 0 1 0 2 52 55 1 5 1 25 58
6/8 63 1 5 0 0 63 64 1 5 1 5 48 34 0 1 1 5 54 14 1 5 0 1 48 63 1 5 1 15 52 64 1 5 0 2 60 34 0 1 0 2 58 14 1 5 1 25 54
6/8 63 1 5 0 0 52 64 1 5 1 5 62 34 0 1 1 5 50 14 1 5 0 1 61 63 1 5 1 15 65 64 1 5 0 2 55 34 0 1 0 2 61 14 1 5 1 25 56
6/8 54 0 1 0 0 52 34 0 1 0 0 52 35 1 5 1 5 53 74 0 1 1 5 47 55 1 5 0 1 54 64 0 1 1 15 64 44 0 1 1 15 55 65 1 5 0 2 57 14 0 1 0 2 59 45 1 5 1 25 56
6/8 54 0 1 0 0 54 13 0 1 0 0 51 14 1 5 1 5 54 34 0 1 1 5 60 35 1 5 0 1 50 223 1 5 1 15 66 64 1 5 0 2 64 44 0 1 0 2 56 224 1 5 1 25 64
6/8 13 1 5 0 0 48 64 1 5 1 5 52 34 0 1 1 5 49 14 1 5 0 1 63 44 0 1 1 15 53 73 0 1 1 15 55 74 1 5 0 2 62 44 0 1 0 2 49 224 1 5 1 25 67
6/8 34 1 5 0 0 47 74 0 1 1 5 65 54 0 1 1 5 62 35 0 1 0 1 61 74 0 1 0 1 55 63 1 5 1 15 66 64 1 5 0 2 62 34 0 1 0 2 67 14 1 5 1 25 51
6/8 54 0 1 0 0 53 34 0 1 0 0 52 35 1 5 1 5 54 74 0 1 1 5 49 55 1 5 0 1 59 64 0 1 1 15 51 44 0 1 1 15 63 65 1 5 0 2 56 14 0 1 0 2 59 45 1 5 1 25 53
6/8 54 0 1 0 0 56 13 0 1 0 0 61 14 1 5 1 5 64 34 0 1 1 5 58 35 1 5 0 1 66 223 1 5 1 15 66 64 1 5 0 2 58 44 0 1 0 2 64 224 1 5 1 25 59
6/8 13 1 5 0 0 59 64 0 1 1 5 59 34 0 1 1 5 61 14 0 1 0 1 64 64 0 1 0 1 66 44 0 1 1 15 57 73 0 1 1 15 66 74 0 1 0 2 55 44 0 1 0 2 50 35 0 1 1 25 57 34 0 1 1 25 51
6/8 63 1 5 0 0 66 64 1 5 1 5 62 34 0 1 1 5 61 14 1 5 0 1 49 63 1 5 1 15 64 64 1 5 0 2 48 34 0 1 0 2 50 14 1 5 1 25 54
6/8 63 1 5 0 0 56 64 1 5 1 5 54 34 0 1 1 5 62 14 1 5 0 1 58 63 1 5 1 15 62 64 1 5 0 2 60 34 0 1 0 2 65 14 1 5 1 25 64
6/8 54 0 1 0 0 66 34 0 1 0 0 52 55 0 1 1 5 49 74 0 1 1 5 60 75 0 1 0 1 63 35 0 1 0 1 56 44 1 5 1 15 48 14 0 1 0 2 62 64 0 1 0 2 60 45 0 1 1 25 57 14 0 1 1 25 60
6/8 13 1 5 0 0 59 14 0 1 1 5 58 34 0 1 1 5 49 35 0 1 0 1 63 54 0 1 0 1 55 44 1 5 1 15 57 45 0 1 0 2 67 64 0 1 0 2 54 14 0 1 1 25 57 44 0 1 1 25 63
6/8 223 1 5 0 0 60 64 1 5 1 5 57 44 0 1 1 5 57 224 1 5 0 1 61 73 1 5 1 15 66 44 0 1 0 2 57 223 0 1 0 2 58 224 0 1 1 25 63 44 0 1 1 25 64
6/8 34 1 5 0 0 49 35 0 1 1 5 48 74 0 1 1 5 54 55 0 1 0 1 64 35 0 1 0 1 55 63 1 5 1 15 52 64 1 5 0 2 58 34 0 1 0 2 63 14 1 5 1 25 59
6/8 54 0 1 0 0 53 34 0 1 0 0 63 55 0 1 1 5 64 74 0 1 1 5 66 75 0 1 0 1 47 35 0 1 0 1 52 44 1 5 1 15 54 14 0 1 0 2 61 64 0 1 0 2 63 45 0 1 1 25 54 14 0 1 1 25 56
6/8 13 1 5 0 0 56 55 0 1 1 5 55 34 0 1 1 5 50 35 0 1 0 1 61 54 0 1 0 1 61 223 1 5 1 15 50 64 0 1 0 2 59 44 0 1 0 2 66 45 0 1 1 25 53 224 0 1 1 25 65
6/8 13 1 5 0 0 56 64 1 5 1 5 65 34 0 1 1 5 50 14 1 5 0 1 62 223 1 5 1 15 52 35 0 1 0 2 48 74 0 1 0 2 52 55 0 1 1 25 66 34 0 1 1 25 66
6/8 63 1 5 0 0 59 64 1 5 1 5 53 34 0 1 1 5 50 14 1 5 0 1 59 63 1 5 1 15 63 64 1 5 0 2 63 34 0 1 0 2 53 14 1 5 1 25 57
6/8 63 1 5 0 0 60 64 1 5 1 5 59 34 0 1 1 5 50 14 1 5 0 1 53 63 1 5 1 15 59 64 1 5 0 2 51 34 0 1 0 2 61 14 1 5 1 25 57
6/8 63 1 5 0 0 65 64 1 5 1 5 65 34 0 1 1 5 58 14 1 5 0 1 59 54 0 1 1 15 63 34 0 1 1 15 55 35 1 5 0 2 56 74 0 1 0 2 49 55 1 5 1 25 67
6/8 64 0 1 0 0 61 44 0 1 0 0 48 65 1 5 1 5 51 14 0 1 1 5 54 45 1 5 0 1 62 54 0 1 1 15 51 13 0 1 1 15 54 14 1 5 0 2 55 34 0 1 0 2 64 35 1 5 1 25 60
6/8 223 1 5 0 0 63 64 1 5 1 5 65 44 0 1 1 5 61 224 1 5 0 1 50 13 1 5 1 15 65 64 1 5 0 2 62 34 0 1 0 2 59 14 1 5 1 25 51
6/8 44 0 1 0 0 65 73 0 1 0 0 53 74 1 5 1 5 48 44 0 1 1 5 59 224 1 5 0 1 56 34 1 5 1 15 62 74 0 1 0 2 67 54 0 1 0 2 54 35 0 1 1 25 62 74 0 1 1 25 65
6/8 63 1 5 0 0 61 64 1 5 1 5 62 34 0 1 1 5 52 14 1 5 0 1 60 54 0 1 1 15 58 34 0 1 1 15 60 35 1 5 0 2 54 74 0 1 0 2 48 55 1 5 1 25 53
6/8 64 0 1 0 0 52 44 0 1 0 0 62 65 1 5 1 5 59 14 0 1 1 5 47 45 1 5 0 1 63 54 0 1 1 15 51 13 0 1 1 15 64 14 1 5 0 2 48 34 0 1 0 2 48 35 1 5 1 25 60
6/8 223 1 5 0 0 55 64 1 5 1 5 67 44 0 1 1 5 49 224 1 5 0 1 63 13 1 5 1 15 51 64 0 1 0 2 54 34 0 1 0 2 59 14 0 1 1 25 54 64 0 1 1 25 48
6/8 44 0 1 0 0 55 73 0 1 0 0 48 74 0 1 1 5 51 44 0 1 1 5 58 35 0 1 0 1 56 34 0 1 0 1 50 63 1 5 1 15 65 64 1 5 0 2 55 34 0 1 0 2 49 14 1 5 1 25 66
6/8 63 1 5 0 0 67 64 1 5 1 5 54 34 0 1 1 5 60 14 1 5 0 1 58 63 1 5 1 15 63 64 1 5 0 2 56 34 0 1 0 2 67 14 1 5 1 25 58
6/8 54 0 1 0 0 64 34 0 1 0 0 55 55 0 1 1 5 60 74 0 1 1 5 52 75 0 1 0 1 62 35 0 1 0 1 66 44 1 5 1 15 63 14 0 1 0 2 51 64 0 1 0 2 62 45 0 1 1 25 59 14 0 1 1 25 50
6/8 13 1 5 0 0 56 14 0 1 1 5 65 34 0 1 1 5 53 35 0 1 0 1 67 54 0 1 0 1 54 44 1 5 1 15 55 45 0 1 0 2 64 64 0 1 0 2 49 14 0 1 1 25 50 44 0 1 1 25 47
6/8 223 1 5 0 0 51 64 1 5 1 5 51 44 0 1 1 5 51 224 1 5 0 1 62 73 1 5 1 15 50 44 0 1 0 2 48 223 0 1 0 2 58 224 0 1 1 25 51 44 0 1 1 25 50
6/8 34 1 5 0 0 55 35 0 1 1 5 47 74 0 1 1 5 52 55 0 1 0 1 53 35 0 1 0 1 57 63 1 5 1 15 54 64 1 5 0 2 63 34 0 1 0 2 64 14 1 5 1 25 51
6/8 54 0 1 0 0 51 34 0 1 0 0 50 55 0 1 1 5 59 74 0 1 1 5 53 75 0 1 0 1 62 35 0 1 0 1 56 44 1 5 1 15 47 14 0 1 0 2 67 64 0 1 0 2 52 45 0 1 1 25 65 14 0 1 1 25 54
6/8 13 1 5 0 0 51 55 0 1 1 5 57 34 0 1 1 5 66 35 0 1 0 1 53 54 0 1 0 1 67 223 1 5 1 15 64 64 0 1 0 2 59 44 0 1 0 2 58 45 0 1 1 25 48 224 0 1 1 25 48
6/8 13 1 5 0 0 64 64 1 5 1 5 47 34 0 1 1 5 58 14 1 5 0 1 65 223 1 5 1 15 58 35 0 1 0 2 62 74 0 1 0 2 59 55 0 1 1 25 47 34 0 1 1 25 67
6/8 63 1 5 0 0 66 64 1 5 1 5 53 34 0 1 1 5 63 14 1 5 0 1 65 63 1 5 1 15 50 64 1 5 0 2 63 34 0 1 0 2 66 14 1 5 1 25 63
6/8 63 1 5 0 0 61 64 1 5 1 5 48 34 0 1 1 5 58 14 1 5 0 1 48 63 1 5 1 15 63 64 1 5 0 2 59 34 0 1 0 2 55 14 1 5 1 25 55
6/8 54 0 1 0 0 59 34 0 1 0 0 62 35 1 5 1 5 48 74 0 1 1 5 55 55 1 5 0 1 67 64 0 1 1 15 56 44 0 1 1 15 49 65 1 5 0 2 51 14 0 1 0 2 51 45 1 5 1 25 61
6/8 54 0 1 0 0 47 13 0 1 0 0 63 14 1 5 1 5 65 34 0 1 1 5 65 35 1 5 0 1 60 223 1 5 1 15 48 64 1 5 0 2 67 44 0 1 0 2 52 224 1 5 1 25 59
6/8 13 1 5 0 0 64 64 1 5 1 5 47 34 0 1 1 5 60 14 1 5 0 1 51 44 0 1 1 15 57 73 0 1 1 15 59 74 1 5 0 2 53 44 0 1 0 2 54 224 1 5 1 25 54
6/8 34 1 5 0 0 52 74 0 1 1 5 50 54 0 1 1 5 65 35 0 1 0 1 58 74 0 1 0 1 58 63 1 5 1 15 62 64 1 5 0 2 57 34 0 1 0 2 56 14 1 5 1 25 59
6/8 54 0 1 0 0 65 34 0 1 0 0 51 35 1 5 1 5 50 74 0 1 1 5 51 55 1 5 0 1 54 64 0 1 1 15 48 44 0 1 1 15 57 65 1 5 0 2 57 14 0 1 0 2 57 45 1 5 1 25 60
6/8 54 0 1 0 0 56 13 0 1 0 0 50 14 1 5 1 5 60 34 0 1 1 5 61 35 1 5 0 1 53 223 1 5 1 15 56 64 1 5 0 2 47 44 0 1 0 2 49 224 1 5 1 25 64
6/8 13 1 5 0 0 62 34 0 1 1 5 47 34 0 1 1 5 49 223 1 5 1 15 56 64 1 5 0 2 63 44 0 1 0 2 48 224 1 5 1 25 66
6/8 13 1 5 0 0 50 14 0 1 1 5 58 34 0 1 1 5 64 223 1 5 1 15 52 64 1 5 0 2 64 44 0 1 0 2 57 224 1 5 1 25 63
6/8 13 1 5 0 0 63 64 1 5 1 5 64 34 0 1 1 5 54 14 1 5 0 1 61 73 1 5 1 15 56 74 0 1 0 2 66 54 0 1 0 2 62 35 0 1 1 25 65 34 0 1 1 25 51
6/8 63 1 5 0 0 67 64 1 5 1 5 52 34 0 1 1 5 63 14 1 5 0 1 47 63 1 5 1 15 59 64 1 5 0 2 63 34 0 1 0 2 62 14 1 5 1 25 55
6/8 63 1 5 0 0 47 64 1 5 1 5 56 34 0 1 1 5 54 14 1 5 0 1 55 35 0 1 1 15 49 14 0 1 1 15 50 65 0 1 0 2 56 14 0 1 0 2 55 15 0 1 1 25 48 35 0 1 1 25 67
6/8 63 1 5 0 0 49 64 1 5 1 5 63 34 0 1 1 5 60 14 1 5 0 1 63 54 0 1 1 15 52 34 0 1 1 15 64 55 0 1 0 2 48 74 0 1 0 2 67 75 0 1 1 25 50 35 0 1 1 25 57
6/8 44 1 5 0 0 59 14 0 1 1 5 60 64 0 1 1 5 52 45 0 1 0 1 49 14 0 1 0 1 47 13 1 5 1 15 58 14 0 1 0 2 64 34 0 1 0 2 48 35 0 1 1 25 56 54 0 1 1 25 67
6/8 44 1 5 0 0 52 45 0 1 1 5 58 64 0 1 1 5 50 14 0 1 0 1 51 44 0 1 0 1 50 223 1 5 1 15 66 64 1 5 0 2 62 44 0 1 0 2 62 224 1 5 1 25 67
6/8 73 1 5 0 0 63 44 0 1 1 5 67 223 0 1 1 5 57 224 0 1 0 1 56 44 0 1 0 1 61 34 1 5 1 15 56 35 0 1 0 2 63 74 0 1 0 2 49 55 0 1 1 25 57 35 0 1 1 25 59
6/8 63 1 5 0 0 49 64 1 5 1 5 55 34 0 1 1 5 53 14 1 5 0 1 62 54 0 1 1 15 59 34 0 1 1 15 66 55 0 1 0 2 55 74 0 1 0 2 66 75 0 1 1 25 48 35 0 1 1 25 49
6/8 44 1 5 0 0 62 14 0 1 1 5 60 64 0 1 1 5 51 45 0 1 0 1 63 14 0 1 0 1 57 13 1 5 1 15 55 55 0 1 0 2 64 34 0 1 0 2 59 35 0 1 1 25 48 54 0 1 1 25 58
6/8 223 1 5 0 0 66 64 0 1 1 5 49 44 0 1 1 5 63 45 0 1 0 1 65 224 0 1 0 1 58 13 1 5 1 15 54 64 1 5 0 2 65 34 0 1 0 2 49 14 1 5 1 25 62
6/8 223 1 5 0 0 55 35 0 1 1 5 62 74 0 1 1 5 53 55 0 1 0 1 55 34 0 1 0 1 56 63 1 5 1 15 61 64 0 1 0 2 55 34 0 1 0 2 61 14 0 1 1 25 64 64 0 1 1 25 60
6/8 35 0 1 0 0 65 14 0 1 0 0 66 65 0 1 1 5 52 35 0 1 1 5 65 15 0 1 0 1 64 35 0 1 0 1 55 36 0 1 3 1333 47 65 0 1 3 1333 61 15 0 1 3 1333 56 66 0 1 3 1333 57 35 0 1 3 1333 66 64 0 1 1 15 66 14 0 1 1 15 63
6/8 64 0 1 0 0 49 14 0 1 0 0 56
