4/4 613 0 1 2 375 56 23 0 1 2 375 56 54 0 1 2 375 56 14 0 1 2 375 56 45 0 1 2 375 55
4/4 613 0 1 0 0 56 23 0 1 0 0 56 54 0 1 0 0 56 14 0 1 0 0 56 45 0 1 0 0 55
4/4 51 3 667 0 0 61 21 1 5 1 5 62 72 1 5 0 1 62 53 1 5 1 15 62 43 1 5 0 2 62 612 1 15 1 25 62
4/4 612 0 4 0 0 62
4/4 51 3 667 0 0 61 32 1 5 1 5 62 72 1 5 0 1 62 53 1 5 1 15 62 43 1 5 0 2 62 612 1 15 1 25 62 44 1 5 1 35 62
4/4 54 0 4 0 0 62 612 0 4 0 0 62 12 0 1 0 1 63 72 0 1 0 2 65 612 0 1 0 3 63
4/4 31 1 5 0 0 55 52 0 4 0 0 62 11 1 5 1 5 62 72 1 5 0 1 62 43 1 5 1 15 62 33 1 5 0 2 62 52 1 15 1 25 57
4/4 41 3 667 0 0 61 11 1 5 1 5 62 72 1 5 0 1 62 43 1 5 1 15 62 33 1 5 0 2 62 612 1 15 1 25 57
4/4 51 3 667 0 0 61 24 0 1 1 5 62 21 0 1 1 5 62 54 0 1 0 1 62 72 0 1 0 1 62 14 1 25 1 15 62 53 1 5 1 15 62 43 1 5 0 2 62 612 1 15 1 25 62
4/4 14 1 5 0 0 62 612 0 4 0 0 62 74 1 5 1 5 62 23 1 5 0 1 62 54 1 25 1 15 62
4/4 51 3 667 0 0 61 24 0 1 1 5 62 32 0 1 1 5 62 14 0 1 0 1 62 72 0 1 0 1 62 24 0 1 1 15 62 53 0 1 1 15 62 55 0 1 0 2 62 43 0 1 0 2 62 24 1 15 1 25 62 612 1 15 1 25 62
4/4 24 1 15 0 0 62 612 0 4 0 0 62 14 1 5 1 15 62 24 0 1 0 2 62 14 3 333 0 3 62 74 3 333 3 3333 62 614 3 333 3 3667 62
4/4 54 0 3 0 0 57 31 3 667 0 0 60 11 1 5 1 5 62 72 1 5 0 1 62 43 1 5 1 15 62 33 1 5 0 2 62 52 1 15 1 25 57 44 1 5 1 35 62
4/4 54 0 1 0 0 62 41 0 1 0 0 61 23 1 35 1 5 62 11 1 5 1 5 62 72 1 5 0 1 62 43 1 5 1 15 62 33 1 5 0 2 62 612 1 15 1 25 62
4/4 612 0 1 0 0 62 23 0 1 0 0 62 74 0 2 0 1 62 24 0 1 0 3 62
4/4 74 0 4 0 0 62 35 0 2 0 0 62 45 0 2 0 2 57
4/4 54 0 2 0 0 62 74 2 25 0 0 62 45 0 3 0 1 62 54 0 1 0 2 54 64 0 1 0 2 64
4/4 35 0 2 0 0 62 54 0 1 0 0 54 64 0 1 0 0 64 54 0 1 0 2 49 64 0 1 0 2 59 24 0 1 0 2 57
4/4 71 3 667 0 0 62 42 1 5 1 5 62 12 1 5 0 1 62 63 1 25 1 15 62 44 0 1 1 35 62 34 0 1 1 35 62 223 2 25 2 375 62
4/4 13 0 3 0 0 57 71 3 667 0 0 62 522 1 5 1 5 62 12 1 5 0 1 62 63 1 15 1 15 62 33 0 1 0 3 57 34 1 5 1 35 62
4/4 64 0 4 0 0 57 71 0 1 0 0 54 712 0 1 0 0 68 62 1 5 1 5 62 712 1 5 0 1 62 63 1 25 1 15 62
4/4 71 0 1 0 0 54 612 0 1 0 0 68 522 1 5 1 5 62 12 1 5 0 1 62 613 1 25 1 15 62
4/4 45 0 1 0 0 41 75 0 1 0 0 55 54 0 1 0 0 41 14 0 1 0 0 55 35 0 1 0 2 41 65 0 1 0 2 55 44 0 1 0 2 41 74 0 1 0 2 55 224 0 1 0 3 41 525 0 1 0 3 55
4/4 14 0 1 0 0 36 45 0 1 0 0 50 314 0 1 0 0 36 614 0 1 0 0 50
4/4 35 0 1 0 0 41 65 0 1 0 0 55 44 0 1 0 0 41 74 0 1 0 0 55 224 0 1 0 2 41 525 0 1 0 2 55 34 0 1 0 2 41 64 0 1 0 2 55 714 0 1 0 3 41 315 0 1 0 3 55
4/4 74 0 1 0 0 36 35 0 1 0 0 50 23 0 1 0 0 36 54 0 1 0 0 50
4/4 224 0 1 0 0 41 525 0 1 0 0 55 73 0 1 0 0 41 34 0 1 0 0 41 64 0 1 0 0 55 714 0 1 0 2 41 315 0 1 0 2 55 63 0 1 0 2 36 223 0 1 0 2 36 524 0 1 0 2 50
4/4 53 0 1 0 0 41 13 0 1 0 0 41 44 0 1 0 0 41 74 0 1 0 0 41 35 0 1 0 0 55
4/4 523 0 1 0 0 52 713 0 1 0 0 52 314 0 1 0 0 52 64 0 1 0 0 52 35 0 1 0 0 47
4/4 54 1 15 0 0 36 74 0 2 0 0 36 35 0 4 0 0 50 43 3 667 0 0 49 223 1 5 1 5 41 54 0 3 0 1 32 74 1 25 1 15 23 313 0 1 2 175 36 54 0 1 2 175 36 74 0 1 2 175 36 35 0 1 2 175 50
4/4 73 0 1 0 0 41 74 0 1 0 0 55 61 0 1 0 0 49 713 0 1 1 5 41 714 0 1 1 5 55 32 0 1 1 5 49 73 0 1 0 1 41 74 0 1 0 1 55 72 0 1 0 1 49 713 0 1 1 15 41 714 0 1 1 15 55 523 0 1 1 15 49 73 0 1 0 2 41 74 0 1 0 2 55 313 0 1 0 2 49 713 0 1 1 25 41 714 0 1 1 25 55 62 1 15 1 25 44 73 0 1 0 3 41 74 0 1 0 3 55 713 0 1 1 35 36 714 0 1 1 35 50
4/4 524 0 1 0 0 41 525 0 1 0 0 55 521 0 1 0 0 48 713 0 1 1 5 41 714 0 1 1 5 55 221 0 1 1 5 49 73 0 1 0 1 41 74 0 1 0 1 55 72 0 1 0 1 49 713 0 1 1 15 41 714 0 1 1 15 55 523 0 1 1 15 49 524 0 1 0 2 41 525 0 1 0 2 55 313 0 1 0 2 49 713 0 1 1 25 41 714 0 1 1 25 55 62 1 15 1 25 44 73 0 1 0 3 41 74 0 1 0 3 55 713 0 1 1 35 36 714 0 1 1 35 50
4/4 524 0 1 0 0 41 525 0 1 0 0 55 311 0 1 0 0 48 713 0 1 1 5 41 714 0 1 1 5 55 711 0 1 1 5 49 73 0 1 0 1 41 74 0 1 0 1 55 72 0 1 0 1 49 713 0 1 1 15 41 714 0 1 1 15 55 523 0 1 1 15 49 524 0 1 0 2 41 525 0 1 0 2 55 313 0 1 0 2 49 713 0 1 1 25 41 714 0 1 1 25 55 62 1 15 1 25 44 73 0 1 0 3 41 74 0 1 0 3 55 713 0 1 1 35 36 714 0 1 1 35 50
4/4 524 0 1 0 0 67 525 0 1 0 0 81 31 0 1 0 0 73 713 0 1 1 5 67 714 0 1 1 5 81 71 0 1 1 5 75 73 0 1 0 1 67 74 0 1 0 1 81 72 0 1 0 1 75 713 0 1 1 15 67 714 0 1 1 15 81 523 0 1 1 15 75 524 0 1 0 2 67 525 0 1 0 2 81 313 0 1 0 2 75 713 0 1 1 25 67 714 0 1 1 25 81 52 1 15 1 25 75 73 0 1 0 3 67 74 0 1 0 3 81 713 0 1 1 35 62 714 0 1 1 35 76
4/4 73 0 1 0 0 39 74 0 1 0 0 53 52 2 375 0 0 75 713 0 1 1 5 37 714 0 1 1 5 51 73 0 1 0 1 34 74 0 1 0 1 48 713 0 1 1 15 32 714 0 1 1 15 46 73 0 1 0 2 29 74 0 1 0 2 43 713 0 1 1 25 27 714 0 1 1 25 41 73 0 1 0 3 24 74 0 1 0 3 38 713 0 1 1 35 17 714 0 1 1 35 31
4/4 31 0 1 0 0 39 71 0 1 0 0 55 72 0 1 0 0 49 222 0 3 0 1 49
4/4 41 0 1 0 0 40 11 0 1 0 0 55 12 0 2 0 0 49 62 0 2 0 2 49
4/4 51 0 1 0 0 40 21 0 1 0 0 55 72 0 2 0 0 49 72 1 15 2 175 36 22 0 1 0 2 36 53 0 1 0 2 50
4/4 51 3 667 0 0 48 21 1 5 1 5 49 72 1 5 0 1 49 53 1 5 1 15 49 43 1 5 0 2 49 612 1 15 1 25 49 23 1 5 1 35 49
4/4 614 2 325 0 0 49 612 0 4 0 0 49 53 0 1 0 3 49
4/4 51 3 667 0 0 48 53 0 1 0 0 49 32 1 5 1 5 49 613 0 1 0 1 44 72 0 1 0 1 49 53 1 5 1 15 49 43 1 5 0 2 49 612 1 15 1 25 49 54 1 5 1 35 49
4/4 44 0 1 0 0 41 14 0 1 0 0 55 612 0 4 0 0 49 23 0 1 0 2 49 45 0 1 0 3 49
4/4 13 0 1 0 0 36 24 0 1 0 0 50 31 3 667 0 0 47 11 1 5 1 5 49 72 1 5 0 1 49 43 1 5 1 15 49 33 1 5 0 2 49 52 1 15 1 25 44 14 1 5 1 35 49
4/4 24 0 1 0 0 49 41 0 1 0 0 48 54 1 35 1 5 49 11 1 5 1 5 49 72 1 5 0 1 49 43 1 5 1 15 49 33 1 5 0 2 49 612 1 15 1 25 44
4/4 44 0 1 0 0 41 45 0 1 0 0 55 51 3 667 0 0 48 21 1 5 1 5 49 72 1 5 0 1 49 53 1 5 1 15 49 43 1 5 0 2 49 612 1 15 1 25 49
4/4 54 0 1 0 0 41 55 0 1 0 0 55 612 0 4 0 0 49 614 0 1 0 2 41 615 0 1 0 2 55 74 0 1 0 3 41 75 0 1 0 3 55
4/4 14 0 1 0 0 36 15 0 1 0 0 50 51 3 667 0 0 48 21 1 5 1 5 49 72 1 5 0 1 49 53 1 5 1 15 49 43 1 5 0 2 49 612 1 15 1 25 49
4/4 24 0 1 0 0 41 25 0 1 0 0 55 612 0 4 0 0 49
4/4 31 3 667 0 0 47 24 0 1 0 0 41 25 0 1 0 0 55 11 1 5 1 5 49 72 1 5 0 1 49 43 1 5 1 15 49 33 1 5 0 2 49 14 0 1 3 2333 41 15 0 1 3 2333 55 52 1 15 1 25 44 45 0 1 0 3 41 46 0 1 0 3 55 24 0 1 3 3333 41 25 0 1 3 3333 55
4/4 54 0 1 0 0 41 55 0 1 0 0 55 41 3 667 0 0 48 11 1 5 1 5 49 72 1 5 0 1 49 43 1 5 1 15 49 614 0 1 0 2 36 615 0 1 0 2 50 33 1 5 0 2 49 612 1 15 1 25 44
4/4 51 3 667 0 0 48 24 0 1 1 5 49 21 0 1 1 5 49 54 0 1 0 1 49 72 0 1 0 1 49 14 1 25 1 15 49 53 1 5 1 15 49 43 1 5 0 2 49 612 1 15 1 25 49
4/4 14 1 5 0 0 49 612 0 4 0 0 49 74 1 5 1 5 49 23 1 5 0 1 49 54 1 25 1 15 49
4/4 51 1 5 0 0 53 24 0 1 1 5 49 21 0 1 1 5 49 14 0 1 0 1 49 72 0 1 0 1 50 24 0 1 1 15 49 53 0 1 1 15 49 55 0 1 0 2 49 43 0 1 0 2 52 24 1 15 1 25 49 612 1 15 1 25 49
4/4 614 0 1 0 0 41 45 0 1 0 0 55 612 0 4 0 0 49 14 1 5 1 15 49 24 0 1 0 2 49 14 3 333 0 3 49 74 3 333 3 3333 49 614 2 25 3 3667 44
4/4 54 0 3 0 0 49 31 3 667 0 0 47 11 1 5 1 5 49 72 1 5 0 1 49 43 1 5 1 15 49 33 1 5 0 2 49 52 1 15 1 25 44 44 1 5 1 35 49
4/4 54 0 1 0 0 49 41 0 1 0 0 48 23 1 15 1 5 44 11 1 5 1 5 49 72 1 5 0 1 49 43 1 5 1 15 49 54 0 1 0 2 44 14 0 1 0 2 58 33 1 5 0 2 49 612 1 15 1 25 44
4/4 74 0 1 0 0 28 24 0 1 0 0 42 54 1 5 1 5 36 14 0 1 0 1 28 35 0 1 0 1 42 54 1 5 1 15 36 24 0 1 0 2 28 45 0 1 0 2 42 54 1 5 1 25 36 14 0 1 0 3 28 35 0 1 0 3 42 54 1 5 1 35 36
4/4 74 0 1 0 0 28 24 0 1 0 0 42 54 1 5 1 5 36 614 0 1 0 1 28 14 0 1 0 1 42 54 1 5 1 15 36 74 0 1 0 2 28 24 0 1 0 2 42 54 1 5 1 25 36 54 0 1 0 3 28 74 0 1 0 3 42 54 1 5 1 35 31
4/4 614 0 1 0 0 28 14 0 1 0 0 42 54 1 5 1 5 36 74 0 1 0 1 28 24 0 1 0 1 42 54 1 5 1 15 36 24 0 1 0 2 28 45 0 1 0 2 42 54 1 5 1 25 36 35 0 1 0 3 28 55 0 1 0 3 42 54 1 5 1 35 36
4/4 24 0 1 0 0 28 45 0 1 0 0 42 54 1 5 1 5 36 74 0 1 0 1 28 24 0 1 0 1 42 54 1 5 1 15 36 614 0 1 0 2 28 14 0 1 0 2 42 54 1 5 1 25 36 24 0 1 0 3 28 45 0 1 0 3 42 54 1 5 1 35 31
4/4 74 0 1 0 0 41 24 0 1 0 0 55 51 0 1 0 0 48 54 0 1 1 5 49 21 0 1 1 5 49 14 0 1 0 1 41 35 0 1 0 1 55 72 0 1 0 1 49 54 0 1 1 15 49 53 0 1 1 15 49 24 0 1 0 2 41 45 0 1 0 2 55 43 0 1 0 2 49 54 1 5 1 25 49 612 1 15 1 25 49 14 0 1 0 3 41 35 0 1 0 3 55 54 1 5 1 35 49
4/4 74 0 1 0 0 41 24 0 1 0 0 55 612 0 4 0 0 49 54 1 5 1 5 49 614 0 1 0 1 41 14 0 1 0 1 55 54 1 5 1 15 49 74 0 1 0 2 41 24 0 1 0 2 55 54 1 5 1 25 49 54 0 1 0 3 41 74 0 1 0 3 55 54 1 5 1 35 44
4/4 614 0 1 0 0 41 14 0 1 0 0 55 51 0 1 0 0 48 54 0 1 1 5 49 32 0 1 1 5 49 74 0 1 0 1 41 24 0 1 0 1 55 72 0 1 0 1 49 54 0 1 1 15 49 53 0 1 1 15 49 24 0 1 0 2 41 45 0 1 0 2 55 43 0 1 0 2 49 54 1 5 1 25 49 612 1 15 1 25 49 35 0 1 0 3 41 55 0 1 0 3 55 54 1 5 1 35 49
4/4 24 0 1 0 0 41 45 0 1 0 0 55 612 0 4 0 0 49 54 1 5 1 5 49 74 0 1 0 1 41 24 0 1 0 1 55 54 1 5 1 15 49 614 0 1 0 2 41 14 0 1 0 2 55 54 1 5 1 25 49 24 0 1 0 3 41 45 0 1 0 3 55 54 1 5 1 35 44
4/4 74 0 1 0 0 41 24 0 1 0 0 55 31 0 1 0 0 47 54 0 1 1 5 49 11 0 1 1 5 50 614 0 1 0 1 41 14 0 1 0 1 55 72 0 1 0 1 52 54 0 1 1 15 49 43 0 1 1 15 54 74 0 1 0 2 41 24 0 1 0 2 55 33 0 1 0 2 56 54 1 5 1 25 49 52 1 15 1 25 53 24 0 1 0 3 41 45 0 1 0 3 55 54 1 5 1 35 49
4/4 45 0 1 0 0 41 615 0 1 0 0 55 41 0 1 0 0 62 54 0 1 1 5 49 11 0 1 1 5 65 35 0 1 0 1 41 55 0 1 0 1 55 72 0 1 0 1 67 54 0 1 1 15 49 43 0 1 1 15 69 24 0 1 0 2 41 45 0 1 0 2 55 33 0 1 0 2 71 522 0 2 0 2 71 54 1 5 1 25 49 612 3 1333 1 25 67 14 0 1 0 3 41 35 0 1 0 3 55 54 1 5 1 35 44
4/4 54 0 1 0 0 41 14 0 1 0 0 41 45 0 1 0 0 55 23 0 1 0 0 49 44 0 1 1 5 36 614 0 1 1 5 36 24 0 1 1 5 50 13 0 1 1 5 44 14 0 1 0 2 41 615 0 1 0 2 55 613 0 1 0 2 44 44 0 1 0 2 44 54 0 1 0 2 58 14 0 1 1 25 36 24 0 1 1 25 50
4/4 53 0 1 0 0 41 13 0 1 0 0 41 23 0 1 0 0 55 51 1 5 0 2 48 21 1 5 1 25 49 72 1 5 0 3 49 53 1 5 1 35 49
4/4 43 3 667 0 0 49 612 1 35 1 5 49 13 1 5 0 1 49 44 1 5 1 15 49 14 0 1 0 2 36 15 0 1 0 2 50
