4/4 615 0 1 2 375 56 25 0 1 2 375 56 56 0 1 2 375 56 16 0 1 2 375 56 47 0 1 2 375 55
4/4 615 0 1 0 0 56 25 0 1 0 0 56 56 0 1 0 0 56 16 0 1 0 0 56 47 0 1 0 0 55
4/4 53 3 667 0 0 61 23 1 5 1 5 62 74 1 5 0 1 62 55 1 5 1 15 62 45 1 5 0 2 62 614 1 15 1 25 62
4/4 614 0 4 0 0 62
4/4 53 3 667 0 0 61 34 1 5 1 5 62 74 1 5 0 1 62 55 1 5 1 15 62 45 1 5 0 2 62 614 1 15 1 25 62 46 1 5 1 35 62
4/4 56 0 4 0 0 62 614 0 4 0 0 62 14 0 1 0 1 63 74 0 1 0 2 65 614 0 1 0 3 63
4/4 33 1 5 0 0 55 54 0 4 0 0 62 13 1 5 1 5 62 74 1 5 0 1 62 45 1 5 1 15 62 35 1 5 0 2 62 54 1 15 1 25 57
4/4 43 3 667 0 0 61 13 1 5 1 5 62 74 1 5 0 1 62 45 1 5 1 15 62 35 1 5 0 2 62 614 1 15 1 25 57
4/4 53 3 667 0 0 61 26 0 1 1 5 62 23 0 1 1 5 62 56 0 1 0 1 62 74 0 1 0 1 62 16 1 25 1 15 62 55 1 5 1 15 62 45 1 5 0 2 62 614 1 15 1 25 62
4/4 16 1 5 0 0 62 614 0 4 0 0 62 76 1 5 1 5 62 25 1 5 0 1 62 56 1 25 1 15 62
4/4 53 3 667 0 0 61 26 0 1 1 5 62 34 0 1 1 5 62 16 0 1 0 1 62 74 0 1 0 1 62 26 0 1 1 15 62 55 0 1 1 15 62 57 0 1 0 2 62 45 0 1 0 2 62 26 1 15 1 25 62 614 1 15 1 25 62
4/4 26 1 15 0 0 62 614 0 4 0 0 62 16 1 5 1 15 62 26 0 1 0 2 62 16 3 333 0 3 62 76 3 333 3 3333 62 616 3 333 3 3667 62
4/4 56 0 3 0 0 57 33 3 667 0 0 60 13 1 5 1 5 62 74 1 5 0 1 62 45 1 5 1 15 62 35 1 5 0 2 62 54 1 15 1 25 57 46 1 5 1 35 62
4/4 56 0 1 0 0 62 43 0 1 0 0 61 25 1 35 1 5 62 13 1 5 1 5 62 74 1 5 0 1 62 45 1 5 1 15 62 35 1 5 0 2 62 614 1 15 1 25 62
4/4 614 0 1 0 0 62 25 0 1 0 0 62 76 0 2 0 1 62 26 0 1 0 3 62
4/4 76 0 4 0 0 62 37 0 2 0 0 62 47 0 2 0 2 57
4/4 56 0 2 0 0 62 76 2 25 0 0 62 47 0 3 0 1 62 56 0 1 0 2 54 66 0 1 0 2 64
4/4 37 0 2 0 0 62 56 0 1 0 0 54 66 0 1 0 0 64 56 0 1 0 2 49 66 0 1 0 2 59 26 0 1 0 2 57
4/4 73 3 667 0 0 62 44 1 5 1 5 62 14 1 5 0 1 62 65 1 25 1 15 62 46 0 1 1 35 62 36 0 1 1 35 62 225 2 25 2 375 62
4/4 15 0 3 0 0 57 73 3 667 0 0 62 524 1 5 1 5 62 14 1 5 0 1 62 65 1 15 1 15 62 35 0 1 0 3 57 36 1 5 1 35 62
4/4 66 0 4 0 0 57 73 0 1 0 0 54 714 0 1 0 0 68 64 1 5 1 5 62 714 1 5 0 1 62 65 1 25 1 15 62
4/4 73 0 1 0 0 54 614 0 1 0 0 68 524 1 5 1 5 62 14 1 5 0 1 62 615 1 25 1 15 62
4/4 47 0 1 0 0 41 77 0 1 0 0 55 56 0 1 0 0 41 16 0 1 0 0 55 37 0 1 0 2 41 67 0 1 0 2 55 46 0 1 0 2 41 76 0 1 0 2 55 226 0 1 0 3 41 527 0 1 0 3 55
4/4 16 0 1 0 0 36 47 0 1 0 0 50 316 0 1 0 0 36 616 0 1 0 0 50
4/4 37 0 1 0 0 41 67 0 1 0 0 55 46 0 1 0 0 41 76 0 1 0 0 55 226 0 1 0 2 41 527 0 1 0 2 55 36 0 1 0 2 41 66 0 1 0 2 55 716 0 1 0 3 41 317 0 1 0 3 55
4/4 76 0 1 0 0 36 37 0 1 0 0 50 25 0 1 0 0 36 56 0 1 0 0 50
4/4 226 0 1 0 0 41 527 0 1 0 0 55 75 0 1 0 0 41 36 0 1 0 0 41 66 0 1 0 0 55 716 0 1 0 2 41 317 0 1 0 2 55 65 0 1 0 2 36 225 0 1 0 2 36 526 0 1 0 2 50
4/4 55 0 1 0 0 41 15 0 1 0 0 41 46 0 1 0 0 41 76 0 1 0 0 41 37 0 1 0 0 55
4/4 525 0 1 0 0 52 715 0 1 0 0 52 316 0 1 0 0 52 66 0 1 0 0 52 37 0 1 0 0 47
4/4 56 1 15 0 0 36 76 0 2 0 0 36 37 0 4 0 0 50 45 3 667 0 0 49 225 1 5 1 5 41 56 0 3 0 1 32 76 1 25 1 15 23 315 0 1 2 175 36 56 0 1 2 175 36 76 0 1 2 175 36 37 0 1 2 175 50
4/4 75 0 1 0 0 41 76 0 1 0 0 55 63 0 1 0 0 49 715 0 1 1 5 41 716 0 1 1 5 55 34 0 1 1 5 49 75 0 1 0 1 41 76 0 1 0 1 55 74 0 1 0 1 49 715 0 1 1 15 41 716 0 1 1 15 55 525 0 1 1 15 49 75 0 1 0 2 41 76 0 1 0 2 55 315 0 1 0 2 49 715 0 1 1 25 41 716 0 1 1 25 55 64 1 15 1 25 44 75 0 1 0 3 41 76 0 1 0 3 55 715 0 1 1 35 36 716 0 1 1 35 50
4/4 526 0 1 0 0 41 527 0 1 0 0 55 523 0 1 0 0 48 715 0 1 1 5 41 716 0 1 1 5 55 223 0 1 1 5 49 75 0 1 0 1 41 76 0 1 0 1 55 74 0 1 0 1 49 715 0 1 1 15 41 716 0 1 1 15 55 525 0 1 1 15 49 526 0 1 0 2 41 527 0 1 0 2 55 315 0 1 0 2 49 715 0 1 1 25 41 716 0 1 1 25 55 64 1 15 1 25 44 75 0 1 0 3 41 76 0 1 0 3 55 715 0 1 1 35 36 716 0 1 1 35 50
4/4 526 0 1 0 0 41 527 0 1 0 0 55 313 0 1 0 0 48 715 0 1 1 5 41 716 0 1 1 5 55 713 0 1 1 5 49 75 0 1 0 1 41 76 0 1 0 1 55 74 0 1 0 1 49 715 0 1 1 15 41 716 0 1 1 15 55 525 0 1 1 15 49 526 0 1 0 2 41 527 0 1 0 2 55 315 0 1 0 2 49 715 0 1 1 25 41 716 0 1 1 25 55 64 1 15 1 25 44 75 0 1 0 3 41 76 0 1 0 3 55 715 0 1 1 35 36 716 0 1 1 35 50
4/4 526 0 1 0 0 67 527 0 1 0 0 81 33 0 1 0 0 73 715 0 1 1 5 67 716 0 1 1 5 81 73 0 1 1 5 75 75 0 1 0 1 67 76 0 1 0 1 81 74 0 1 0 1 75 715 0 1 1 15 67 716 0 1 1 15 81 525 0 1 1 15 75 526 0 1 0 2 67 527 0 1 0 2 81 315 0 1 0 2 75 715 0 1 1 25 67 716 0 1 1 25 81 54 1 15 1 25 75 75 0 1 0 3 67 76 0 1 0 3 81 715 0 1 1 35 62 716 0 1 1 35 76
4/4 75 0 1 0 0 39 76 0 1 0 0 53 54 2 375 0 0 75 715 0 1 1 5 37 716 0 1 1 5 51 75 0 1 0 1 34 76 0 1 0 1 48 715 0 1 1 15 32 716 0 1 1 15 46 75 0 1 0 2 29 76 0 1 0 2 43 715 0 1 1 25 27 716 0 1 1 25 41 75 0 1 0 3 24 76 0 1 0 3 38 715 0 1 1 35 17 716 0 1 1 35 31
4/4 33 0 1 0 0 39 73 0 1 0 0 55 74 0 1 0 0 49 224 0 3 0 1 49
4/4 43 0 1 0 0 40 13 0 1 0 0 55 14 0 2 0 0 49 64 0 2 0 2 49
4/4 53 0 1 0 0 40 23 0 1 0 0 55 74 0 2 0 0 49 74 1 15 2 175 36 24 0 1 0 2 36 55 0 1 0 2 50
4/4 53 3 667 0 0 48 23 1 5 1 5 49 74 1 5 0 1 49 55 1 5 1 15 49 45 1 5 0 2 49 614 1 15 1 25 49 25 1 5 1 35 49
4/4 616 2 325 0 0 49 614 0 4 0 0 49 55 0 1 0 3 49
4/4 53 3 667 0 0 48 55 0 1 0 0 49 34 1 5 1 5 49 615 0 1 0 1 44 74 0 1 0 1 49 55 1 5 1 15 49 45 1 5 0 2 49 614 1 15 1 25 49 56 1 5 1 35 49
4/4 46 0 1 0 0 41 16 0 1 0 0 55 614 0 4 0 0 49 25 0 1 0 2 49 47 0 1 0 3 49
4/4 15 0 1 0 0 36 26 0 1 0 0 50 33 3 667 0 0 47 13 1 5 1 5 49 74 1 5 0 1 49 45 1 5 1 15 49 35 1 5 0 2 49 54 1 15 1 25 44 16 1 5 1 35 49
4/4 26 0 1 0 0 49 43 0 1 0 0 48 56 1 35 1 5 49 13 1 5 1 5 49 74 1 5 0 1 49 45 1 5 1 15 49 35 1 5 0 2 49 614 1 15 1 25 44
4/4 46 0 1 0 0 41 47 0 1 0 0 55 53 3 667 0 0 48 23 1 5 1 5 49 74 1 5 0 1 49 55 1 5 1 15 49 45 1 5 0 2 49 614 1 15 1 25 49
4/4 56 0 1 0 0 41 57 0 1 0 0 55 614 0 4 0 0 49 616 0 1 0 2 41 617 0 1 0 2 55 76 0 1 0 3 41 77 0 1 0 3 55
4/4 16 0 1 0 0 36 17 0 1 0 0 50 53 3 667 0 0 48 23 1 5 1 5 49 74 1 5 0 1 49 55 1 5 1 15 49 45 1 5 0 2 49 614 1 15 1 25 49
4/4 26 0 1 0 0 41 27 0 1 0 0 55 614 0 4 0 0 49
4/4 33 3 667 0 0 47 26 0 1 0 0 41 27 0 1 0 0 55 13 1 5 1 5 49 74 1 5 0 1 49 45 1 5 1 15 49 35 1 5 0 2 49 16 0 1 3 2333 41 17 0 1 3 2333 55 54 1 15 1 25 44 47 0 1 0 3 41 48 0 1 0 3 55 26 0 1 3 3333 41 27 0 1 3 3333 55
4/4 56 0 1 0 0 41 57 0 1 0 0 55 43 3 667 0 0 48 13 1 5 1 5 49 74 1 5 0 1 49 45 1 5 1 15 49 616 0 1 0 2 36 617 0 1 0 2 50 35 1 5 0 2 49 614 1 15 1 25 44
4/4 53 3 667 0 0 48 26 0 1 1 5 49 23 0 1 1 5 49 56 0 1 0 1 49 74 0 1 0 1 49 16 1 25 1 15 49 55 1 5 1 15 49 45 1 5 0 2 49 614 1 15 1 25 49
4/4 16 1 5 0 0 49 614 0 4 0 0 49 76 1 5 1 5 49 25 1 5 0 1 49 56 1 25 1 15 49
4/4 53 1 5 0 0 53 26 0 1 1 5 49 23 0 1 1 5 49 16 0 1 0 1 49 74 0 1 0 1 50 26 0 1 1 15 49 55 0 1 1 15 49 57 0 1 0 2 49 45 0 1 0 2 52 26 1 15 1 25 49 614 1 15 1 25 49
4/4 616 0 1 0 0 41 47 0 1 0 0 55 614 0 4 0 0 49 16 1 5 1 15 49 26 0 1 0 2 49 16 3 333 0 3 49 76 3 333 3 3333 49 616 2 25 3 3667 44
4/4 56 0 3 0 0 49 33 3 667 0 0 47 13 1 5 1 5 49 74 1 5 0 1 49 45 1 5 1 15 49 35 1 5 0 2 49 54 1 15 1 25 44 46 1 5 1 35 49
4/4 56 0 1 0 0 49 43 0 1 0 0 48 25 1 15 1 5 44 13 1 5 1 5 49 74 1 5 0 1 49 45 1 5 1 15 49 56 0 1 0 2 44 16 0 1 0 2 58 35 1 5 0 2 49 614 1 15 1 25 44
4/4 76 0 1 0 0 28 26 0 1 0 0 42 56 1 5 1 5 36 16 0 1 0 1 28 37 0 1 0 1 42 56 1 5 1 15 36 26 0 1 0 2 28 47 0 1 0 2 42 56 1 5 1 25 36 16 0 1 0 3 28 37 0 1 0 3 42 56 1 5 1 35 36
4/4 76 0 1 0 0 28 26 0 1 0 0 42 56 1 5 1 5 36 616 0 1 0 1 28 16 0 1 0 1 42 56 1 5 1 15 36 76 0 1 0 2 28 26 0 1 0 2 42 56 1 5 1 25 36 56 0 1 0 3 28 76 0 1 0 3 42 56 1 5 1 35 31
4/4 616 0 1 0 0 28 16 0 1 0 0 42 56 1 5 1 5 36 76 0 1 0 1 28 26 0 1 0 1 42 56 1 5 1 15 36 26 0 1 0 2 28 47 0 1 0 2 42 56 1 5 1 25 36 37 0 1 0 3 28 57 0 1 0 3 42 56 1 5 1 35 36
4/4 26 0 1 0 0 28 47 0 1 0 0 42 56 1 5 1 5 36 76 0 1 0 1 28 26 0 1 0 1 42 56 1 5 1 15 36 616 0 1 0 2 28 16 0 1 0 2 42 56 1 5 1 25 36 26 0 1 0 3 28 47 0 1 0 3 42 56 1 5 1 35 31
4/4 76 0 1 0 0 41 26 0 1 0 0 55 53 0 1 0 0 48 56 0 1 1 5 49 23 0 1 1 5 49 16 0 1 0 1 41 37 0 1 0 1 55 74 0 1 0 1 49 56 0 1 1 15 49 55 0 1 1 15 49 26 0 1 0 2 41 47 0 1 0 2 55 45 0 1 0 2 49 56 1 5 1 25 49 614 1 15 1 25 49 16 0 1 0 3 41 37 0 1 0 3 55 56 1 5 1 35 49
4/4 76 0 1 0 0 41 26 0 1 0 0 55 614 0 4 0 0 49 56 1 5 1 5 49 616 0 1 0 1 41 16 0 1 0 1 55 56 1 5 1 15 49 76 0 1 0 2 41 26 0 1 0 2 55 56 1 5 1 25 49 56 0 1 0 3 41 76 0 1 0 3 55 56 1 5 1 35 44
4/4 616 0 1 0 0 41 16 0 1 0 0 55 53 0 1 0 0 48 56 0 1 1 5 49 34 0 1 1 5 49 76 0 1 0 1 41 26 0 1 0 1 55 74 0 1 0 1 49 56 0 1 1 15 49 55 0 1 1 15 49 26 0 1 0 2 41 47 0 1 0 2 55 45 0 1 0 2 49 56 1 5 1 25 49 614 1 15 1 25 49 37 0 1 0 3 41 57 0 1 0 3 55 56 1 5 1 35 49
4/4 26 0 1 0 0 41 47 0 1 0 0 55 614 0 4 0 0 49 56 1 5 1 5 49 76 0 1 0 1 41 26 0 1 0 1 55 56 1 5 1 15 49 616 0 1 0 2 41 16 0 1 0 2 55 56 1 5 1 25 49 26 0 1 0 3 41 47 0 1 0 3 55 56 1 5 1 35 44
4/4 76 0 1 0 0 41 26 0 1 0 0 55 33 0 1 0 0 47 56 0 1 1 5 49 13 0 1 1 5 50 616 0 1 0 1 41 16 0 1 0 1 55 74 0 1 0 1 52 56 0 1 1 15 49 45 0 1 1 15 54 76 0 1 0 2 41 26 0 1 0 2 55 35 0 1 0 2 56 56 1 5 1 25 49 54 1 15 1 25 53 26 0 1 0 3 41 47 0 1 0 3 55 56 1 5 1 35 49
4/4 47 0 1 0 0 41 617 0 1 0 0 55 43 0 1 0 0 62 56 0 1 1 5 49 13 0 1 1 5 65 37 0 1 0 1 41 57 0 1 0 1 55 74 0 1 0 1 67 56 0 1 1 15 49 45 0 1 1 15 69 26 0 1 0 2 41 47 0 1 0 2 55 35 0 1 0 2 71 524 0 2 0 2 71 56 1 5 1 25 49 614 3 1333 1 25 67 16 0 1 0 3 41 37 0 1 0 3 55 56 1 5 1 35 44
4/4 56 0 1 0 0 41 16 0 1 0 0 41 47 0 1 0 0 55 25 0 1 0 0 49 46 0 1 1 5 36 616 0 1 1 5 36 26 0 1 1 5 50 15 0 1 1 5 44 16 0 1 0 2 41 617 0 1 0 2 55 615 0 1 0 2 44 46 0 1 0 2 44 56 0 1 0 2 58 16 0 1 1 25 36 26 0 1 1 25 50
4/4 55 0 1 0 0 41 15 0 1 0 0 41 25 0 1 0 0 55 53 1 5 0 2 48 23 1 5 1 25 49 74 1 5 0 3 49 55 1 5 1 35 49
4/4 45 3 667 0 0 49 614 1 35 1 5 49 15 1 5 0 1 49 46 1 5 1 15 49 16 0 1 0 2 36 17 0 1 0 2 50
