3/4 64 0 3 0 0 96 35 0 1 0 1 45 65 0 1 0 1 91 15 0 1 0 2 83
3/4 64 0 3 0 0 90 35 0 1 0 1 45 65 0 1 0 1 87 15 0 1 0 2 79
3/4 64 0 3 0 0 84 35 0 1 0 1 45 65 0 1 0 1 77 15 0 1 0 2 55
3/4 64 0 3 0 0 77 35 0 1 0 1 45 65 0 1 0 1 73 66 1 5 0 2 97 15 0 1 0 2 55 76 1 5 1 25 82
3/4 16 1 5 0 0 105 64 0 3 0 0 77 66 1 5 1 5 87 37 1 15 0 1 97 35 0 1 0 1 45 65 0 1 0 1 74 15 0 1 0 2 55 16 1 5 1 25 90
3/4 76 0 1 0 0 102 55 0 1 0 0 53 35 0 3 0 0 82 37 0 1 0 1 102 75 0 1 0 1 79 76 0 1 0 2 84 56 0 1 0 2 55
3/4 66 1 5 0 0 97 45 0 3 0 0 82 46 1 5 1 5 84 16 1 15 0 1 93 65 0 1 0 1 79 46 0 1 0 2 55 66 1 5 1 25 87
3/4 56 2 175 0 0 84 14 0 3 0 0 82 55 0 1 0 1 53 36 0 1 0 1 79 56 0 1 0 2 84
3/4 46 0 1 0 0 97 224 0 3 0 0 82 56 0 1 0 1 87 65 0 1 0 1 53 225 0 1 0 1 79 66 1 5 0 2 84 46 0 1 0 2 61 76 1 5 1 25 78
3/4 36 0 1 0 0 97 14 0 3 0 0 82 66 0 1 0 1 100 65 0 1 0 1 53 15 0 1 0 1 79 76 1 5 0 2 87 36 0 1 0 2 61 16 1 5 1 25 93
3/4 226 0 1 0 0 109 74 0 3 0 0 82 226 1 5 0 1 102 45 0 1 0 1 53 75 0 1 0 1 79 16 1 5 1 15 82 76 1 5 0 2 87 225 0 1 0 2 61 66 1 5 1 25 75
3/4 56 0 1 0 0 56 76 0 1 0 0 87 35 0 3 0 0 82 75 0 2 0 1 79 66 1 5 0 2 87 76 1 5 1 25 74
3/4 16 1 5 0 0 97 64 0 3 0 0 77 66 1 5 1 5 79 37 1 15 0 1 87 35 0 1 0 1 45 65 0 1 0 1 74 15 0 1 0 2 55 16 1 5 1 25 83
3/4 76 0 1 0 0 93 55 0 1 0 0 53 35 0 3 0 0 82 37 0 1 0 1 93 75 0 1 0 1 79 76 0 1 0 2 76 56 0 1 0 2 55
3/4 66 1 5 0 0 87 45 0 3 0 0 82 46 1 5 1 5 76 46 0 1 0 1 87 65 0 1 0 1 79 56 1 5 0 2 84 15 0 1 0 2 55 66 1 5 1 25 79
3/4 36 2 175 0 0 76 14 0 3 0 0 82 55 0 1 0 1 53 15 0 1 0 1 79 36 1 5 1 25 76
3/4 46 0 1 0 0 87 224 0 3 0 0 82 56 0 1 0 1 79 65 0 1 0 1 53 225 0 1 0 1 79 66 1 5 0 2 76 46 0 1 0 2 61 76 1 5 1 25 71
3/4 36 0 1 0 0 87 14 0 3 0 0 82 66 0 1 0 1 90 65 0 1 0 1 53 15 0 1 0 1 79 76 1 5 0 2 79 36 0 1 0 2 61 16 1 5 1 25 86
3/4 226 0 1 0 0 100 74 0 2 0 0 82 226 1 5 0 1 93 45 0 1 0 1 53 75 0 1 0 1 79 16 1 5 1 15 74 76 1 5 0 2 79 35 0 1 0 2 61 66 1 5 1 25 69
3/4 66 0 1 0 0 79 64 0 1 0 0 82 35 0 1 0 1 53 65 0 1 0 1 79 15 0 1 0 2 61
3/4 64 0 3 0 0 82 35 0 1 0 1 53 65 0 1 0 1 79 16 1 5 0 2 84 226 1 5 1 25 84
3/4 37 0 1 0 0 102 64 0 3 0 0 82 37 0 1 0 1 93 35 0 1 0 1 53 65 0 1 0 1 79 37 2 75 0 2 84
3/4 37 0 1 0 0 97 55 0 1 0 0 53 35 0 3 0 0 82 37 1 5 0 1 97 75 0 1 0 1 79 47 1 5 1 15 82 37 1 5 0 2 87 56 0 1 0 2 55 226 1 5 1 25 75
3/4 16 0 1 0 0 87 45 0 3 0 0 82 16 0 1 0 1 84 65 0 1 0 1 79 16 0 1 0 2 75 46 0 1 0 2 55
3/4 16 0 1 0 0 90 14 0 3 0 0 82 16 1 5 0 1 90 55 0 1 0 1 45 15 0 1 0 1 79 226 1 5 1 15 72 16 1 5 0 2 87 36 0 1 0 2 55 76 1 5 1 25 72
3/4 66 2 75 0 0 87 45 0 3 0 0 82 66 0 1 0 1 82 15 0 1 0 1 45 46 0 1 0 1 79 66 1 5 0 2 84 65 0 1 0 2 55 56 1 5 1 25 69
3/4 46 0 1 0 0 87 224 0 3 0 0 82 56 0 1 0 1 87 65 0 1 0 1 79 56 1 5 0 2 87 225 0 1 0 2 55 66 1 5 1 25 78
3/4 76 0 1 0 0 87 74 0 1 0 0 82 225 0 1 0 0 64 76 1 5 0 1 87 45 0 1 0 1 45 75 0 1 0 1 79 16 1 5 1 15 75 76 1 5 0 2 84 225 0 1 0 2 55 16 1 5 1 25 78
3/4 56 0 1 0 0 72 76 0 1 0 0 92 35 0 3 0 0 82 75 0 1 0 1 45 36 0 1 0 1 79 16 1 5 0 2 84 56 0 1 0 2 55 226 1 5 1 25 84
3/4 37 0 1 0 0 102 64 0 3 0 0 84 37 0 1 0 1 93 35 0 1 0 1 45 65 0 1 0 1 82 37 0 1 0 2 84 15 0 1 0 2 55
3/4 37 0 1 0 0 97 55 0 1 0 0 54 35 0 3 0 0 84 37 1 5 0 1 97 75 0 1 0 1 82 47 1 5 1 15 82 37 1 5 0 2 87 56 0 1 0 2 55 226 1 5 1 25 75
3/4 16 0 1 0 0 87 45 0 3 0 0 84 16 0 1 0 1 84 15 0 1 0 1 82 16 0 1 0 2 75 66 0 1 0 2 55
3/4 16 1 5 0 0 90 14 0 3 0 0 84 226 1 5 1 5 78 16 1 5 0 1 87 55 0 1 0 1 82 76 1 5 1 15 72 66 1 5 0 2 87 36 0 1 0 2 55 56 1 5 1 25 72
3/4 46 2 75 0 0 87 224 0 3 0 0 84 46 1 5 0 1 82 65 0 1 0 1 45 225 0 1 0 1 82 56 1 5 1 15 75 66 1 5 0 2 84 46 0 1 0 2 55 76 1 5 1 25 69
3/4 36 0 1 0 0 87 14 0 3 0 0 84 66 0 1 0 1 87 65 0 1 0 1 45 15 0 1 0 1 82 76 1 5 0 2 87 36 0 1 0 2 55 16 1 5 1 25 78
3/4 76 3 1333 0 0 87 224 0 2 0 0 84 45 0 1 0 1 45 75 0 1 0 1 82 76 1 5 1 15 69 76 1 5 0 2 84 35 0 1 0 2 55 66 1 5 1 25 69
3/4 66 0 1 0 0 84 64 0 1 0 0 72 65 0 1 0 1 48 15 0 1 0 1 71
3/4 64 0 3 0 0 77 35 0 1 0 1 45 65 0 1 0 1 74 15 0 1 0 2 55
3/4 64 0 3 0 0 77 35 0 1 0 1 45 65 0 1 0 1 73 66 1 5 0 2 97 15 0 1 0 2 55 76 1 5 1 25 82
3/4 16 1 5 0 0 105 64 0 3 0 0 77 66 1 5 1 5 87 37 1 15 0 1 97 35 0 1 0 1 45 65 0 1 0 1 74 15 0 1 0 2 55 16 1 5 1 25 90
3/4 76 0 1 0 0 102 55 0 1 0 0 53 35 0 3 0 0 82 37 0 1 0 1 102 75 0 1 0 1 79 76 0 1 0 2 84 56 0 1 0 2 55
3/4 66 1 5 0 0 97 45 0 3 0 0 82 46 1 5 1 5 84 16 1 15 0 1 93 65 0 1 0 1 79 46 0 1 0 2 55 66 1 5 1 25 87
3/4 56 2 175 0 0 84 14 0 3 0 0 82 55 0 1 0 1 53 36 0 1 0 1 79 56 0 1 0 2 84
3/4 46 0 1 0 0 97 224 0 3 0 0 82 56 0 1 0 1 87 65 0 1 0 1 53 225 0 1 0 1 79 66 1 5 0 2 84 46 0 1 0 2 61 76 1 5 1 25 78
3/4 36 0 1 0 0 97 14 0 3 0 0 82 66 0 1 0 1 100 65 0 1 0 1 53 15 0 1 0 1 79 76 1 5 0 2 87 36 0 1 0 2 61 16 1 5 1 25 93
3/4 226 0 1 0 0 109 74 0 3 0 0 82 226 1 5 0 1 102 45 0 1 0 1 53 75 0 1 0 1 79 16 1 5 1 15 82 76 1 5 0 2 87 225 0 1 0 2 61 66 1 5 1 25 75
3/4 56 0 1 0 0 56 76 0 1 0 0 87 35 0 3 0 0 82 75 0 2 0 1 79 66 1 5 0 2 87 76 1 5 1 25 74
3/4 16 1 5 0 0 97 64 0 3 0 0 77 66 1 5 1 5 79 37 1 15 0 1 87 35 0 1 0 1 45 65 0 1 0 1 74 15 0 1 0 2 55 16 1 5 1 25 83
3/4 76 0 1 0 0 93 55 0 1 0 0 53 35 0 3 0 0 82 37 0 1 0 1 93 75 0 1 0 1 79 76 0 1 0 2 76 56 0 1 0 2 55
3/4 66 1 5 0 0 87 45 0 3 0 0 82 46 1 5 1 5 76 46 0 1 0 1 87 65 0 1 0 1 79 56 1 5 0 2 84 15 0 1 0 2 55 66 1 5 1 25 79
3/4 36 2 175 0 0 76 14 0 3 0 0 82 55 0 1 0 1 53 15 0 1 0 1 79 36 1 5 1 25 76
3/4 46 0 1 0 0 87 224 0 3 0 0 82 56 0 1 0 1 79 65 0 1 0 1 53 225 0 1 0 1 79 66 1 5 0 2 76 46 0 1 0 2 61 76 1 5 1 25 71
3/4 36 0 1 0 0 87 14 0 3 0 0 82 66 0 1 0 1 90 65 0 1 0 1 53 15 0 1 0 1 79 76 1 5 0 2 79 36 0 1 0 2 61 16 1 5 1 25 86
3/4 226 0 1 0 0 100 74 0 2 0 0 82 226 1 5 0 1 93 45 0 1 0 1 53 75 0 1 0 1 79 16 1 5 1 15 74 76 1 5 0 2 79 35 0 1 0 2 61 66 1 5 1 25 69
3/4 66 0 1 0 0 79 64 0 1 0 0 82 35 0 1 0 1 53 65 0 1 0 1 79 15 0 1 0 2 61
3/4 64 0 3 0 0 82 35 0 1 0 1 53 65 0 1 0 1 79 16 1 5 0 2 84 226 1 5 1 25 84
3/4 37 0 1 0 0 102 64 0 3 0 0 82 37 0 1 0 1 93 35 0 1 0 1 53 65 0 1 0 1 79 37 2 75 0 2 84
3/4 37 0 1 0 0 97 55 0 1 0 0 53 35 0 3 0 0 82 37 1 5 0 1 97 75 0 1 0 1 79 47 1 5 1 15 82 37 1 5 0 2 87 56 0 1 0 2 55 226 1 5 1 25 75
3/4 16 0 1 0 0 87 45 0 3 0 0 82 16 0 1 0 1 84 65 0 1 0 1 79 16 0 1 0 2 75 46 0 1 0 2 55
3/4 16 0 1 0 0 90 14 0 3 0 0 82 16 1 5 0 1 90 55 0 1 0 1 45 15 0 1 0 1 79 226 1 5 1 15 72 16 1 5 0 2 87 36 0 1 0 2 55 76 1 5 1 25 72
3/4 66 2 75 0 0 87 45 0 3 0 0 82 66 0 1 0 1 82 15 0 1 0 1 45 46 0 1 0 1 79 66 1 5 0 2 84 65 0 1 0 2 55 56 1 5 1 25 69
3/4 46 0 1 0 0 87 224 0 3 0 0 82 56 0 1 0 1 87 65 0 1 0 1 79 56 1 5 0 2 87 225 0 1 0 2 55 66 1 5 1 25 78
3/4 76 0 1 0 0 87 74 0 1 0 0 82 225 0 1 0 0 64 76 1 5 0 1 87 45 0 1 0 1 45 75 0 1 0 1 79 16 1 5 1 15 75 76 1 5 0 2 84 225 0 1 0 2 55 16 1 5 1 25 78
3/4 56 0 1 0 0 72 76 0 1 0 0 92 35 0 3 0 0 82 75 0 1 0 1 45 36 0 1 0 1 79 16 1 5 0 2 84 56 0 1 0 2 55 226 1 5 1 25 84
3/4 37 0 1 0 0 102 64 0 3 0 0 84 37 0 1 0 1 93 35 0 1 0 1 45 65 0 1 0 1 82 37 0 1 0 2 84 15 0 1 0 2 55
3/4 37 0 1 0 0 97 55 0 1 0 0 54 35 0 3 0 0 84 37 1 5 0 1 97 75 0 1 0 1 82 47 1 5 1 15 82 37 1 5 0 2 87 56 0 1 0 2 55 226 1 5 1 25 75
3/4 16 0 1 0 0 87 45 0 3 0 0 84 16 0 1 0 1 84 15 0 1 0 1 82 16 0 1 0 2 75 66 0 1 0 2 55
3/4 16 1 5 0 0 90 14 0 3 0 0 84 226 1 5 1 5 78 16 1 5 0 1 87 55 0 1 0 1 82 76 1 5 1 15 72 66 1 5 0 2 87 36 0 1 0 2 55 56 1 5 1 25 72
3/4 46 2 75 0 0 87 224 0 3 0 0 84 46 1 5 0 1 82 65 0 1 0 1 45 225 0 1 0 1 82 56 1 5 1 15 75 66 1 5 0 2 84 46 0 1 0 2 55 76 1 5 1 25 69
3/4 36 0 1 0 0 87 14 0 3 0 0 84 66 0 1 0 1 87 65 0 1 0 1 45 15 0 1 0 1 82 76 1 5 0 2 87 36 0 1 0 2 55 16 1 5 1 25 78
3/4 76 3 1333 0 0 87 224 0 2 0 0 84 45 0 1 0 1 45 75 0 1 0 1 82 76 1 5 1 15 69 76 1 5 0 2 84 35 0 1 0 2 55 66 1 5 1 25 69
3/4 66 0 1 0 0 84 64 0 1 0 0 72 65 0 1 0 1 48 15 0 1 0 1 71
3/4 64 0 3 0 0 77 35 0 1 0 1 45 65 0 1 0 1 74 15 0 1 0 2 55
3/4 64 0 3 0 0 82 35 0 1 0 1 45 65 0 1 0 1 79 15 0 1 0 2 55
3/4 64 0 3 0 0 77 35 0 1 0 1 45 65 0 1 0 1 74 15 0 1 0 2 55
3/4 64 0 3 0 0 82 35 0 1 0 1 45 65 0 1 0 1 79 66 1 5 0 2 104 15 0 1 0 2 55 76 1 5 1 25 87
3/4 16 1 5 0 0 113 63 0 1 0 0 96 66 1 5 1 5 93 37 1 15 0 1 104 34 0 1 0 1 84 14 0 1 0 2 55 16 1 5 1 25 97
3/4 76 0 1 0 0 110 34 0 1 0 0 96 56 0 3 0 0 64 37 0 1 0 1 110 74 0 1 0 1 53 76 0 1 0 2 90 55 0 1 0 2 55
3/4 66 1 5 0 0 104 44 0 1 0 0 96 46 1 5 1 5 90 16 1 15 0 1 100 14 0 1 0 1 53 65 0 1 0 2 55 66 1 5 1 25 93
3/4 56 2 175 0 0 90 13 0 3 0 0 96 54 0 1 0 1 56 35 0 1 0 1 70 56 0 1 0 2 90
3/4 46 0 1 0 0 104 223 0 1 0 0 96 56 0 1 0 1 93 64 0 1 0 1 53 66 1 5 0 2 90 45 0 1 0 2 55 76 1 5 1 25 84
3/4 36 0 1 0 0 104 13 0 1 0 0 96 66 0 1 0 1 108 64 0 1 0 1 53 76 1 5 0 2 93 35 0 1 0 2 55 16 1 5 1 25 100
3/4 226 0 1 0 0 116 73 0 1 0 0 96 46 0 3 0 0 64 226 1 5 0 1 110 44 0 1 0 1 84 16 1 5 1 15 87 76 1 5 0 2 93 224 0 1 0 2 55 66 1 5 1 25 82
3/4 76 0 2 0 0 93 34 0 1 0 0 96 74 0 1 0 1 56 55 0 1 0 1 70 66 1 5 0 2 93 76 1 5 1 25 78
3/4 16 1 5 0 0 104 63 0 1 0 0 96 66 1 5 1 5 86 37 1 15 0 1 93 34 0 1 0 1 84 14 0 1 0 2 55 16 1 5 1 25 89
3/4 76 0 1 0 0 100 34 0 1 0 0 96 56 0 3 0 0 64 37 0 1 0 1 100 74 0 1 0 1 53 76 0 1 0 2 83 55 0 1 0 2 55
3/4 66 1 5 0 0 93 44 0 1 0 0 96 46 1 5 1 5 83 46 0 1 0 1 93 14 0 1 0 1 53 56 1 5 0 2 90 65 0 1 0 2 55 66 1 5 1 25 86
3/4 36 2 175 0 0 83 13 0 3 0 0 96 54 0 1 0 1 56 35 0 1 0 1 70 36 0 1 0 2 83
3/4 46 0 1 0 0 93 223 0 1 0 0 96 56 0 1 0 1 86 64 0 1 0 1 53 66 1 5 0 2 83 45 0 1 0 2 55 76 1 5 1 25 75
3/4 36 0 1 0 0 93 13 0 1 0 0 96 66 0 1 0 1 97 64 0 1 0 1 53 76 1 5 0 2 86 35 0 1 0 2 55 16 1 5 1 25 92
3/4 226 0 1 0 0 108 73 0 2 0 0 96 46 0 3 0 0 64 226 1 5 0 1 100 44 0 1 0 1 45 224 0 1 0 1 59 16 1 5 1 15 78 76 1 5 0 2 86 34 0 1 0 2 55 66 1 5 1 25 74
3/4 15 0 1 0 0 76 66 0 1 0 0 86 63 0 1 0 0 96 34 0 1 0 1 84 14 0 1 0 2 55
3/4 63 0 1 0 0 87 34 0 1 0 1 76 16 1 5 0 2 90 14 0 1 0 2 55 226 1 5 1 25 90
3/4 37 0 1 0 0 110 63 0 1 0 0 87 16 0 3 0 0 64 37 0 1 0 1 100 34 0 1 0 1 76 37 0 1 0 2 90 14 0 1 0 2 55
3/4 37 0 1 0 0 104 34 0 1 0 0 87 56 0 3 0 0 64 37 1 5 0 1 104 74 0 1 0 1 53 47 1 5 1 15 87 37 1 5 0 2 93 55 0 1 0 2 55 226 1 5 1 25 82
3/4 16 0 1 0 0 104 44 0 1 0 0 87 66 0 3 0 0 64 16 0 1 0 1 90 14 0 1 0 1 53 16 0 1 0 2 82 65 0 1 0 2 55
3/4 16 0 1 0 0 104 13 0 1 0 0 87 36 0 3 0 0 64 16 0 1 0 1 97 54 0 1 0 1 76 226 3 333 0 2 93 35 0 1 0 2 55 16 3 333 3 2333 84 76 3 333 3 2667 68
3/4 66 2 75 0 0 93 44 0 1 0 0 87 66 0 1 0 1 87 14 0 1 0 1 53 66 1 5 0 2 90 65 0 1 0 2 55 56 1 5 1 25 74
3/4 46 0 1 0 0 93 223 0 1 0 0 87 225 0 3 0 0 64 56 0 1 0 1 93 64 0 1 0 1 53 56 1 5 0 2 93 45 0 1 0 2 55 66 1 5 1 25 84
3/4 76 0 1 0 0 93 73 0 1 0 0 87 225 0 3 0 0 64 76 1 5 0 1 93 44 0 1 0 1 76 16 1 5 1 15 82 76 1 5 0 2 90 224 0 1 0 2 55 16 1 5 1 25 84
3/4 56 0 1 0 0 76 76 0 1 0 0 98 34 0 1 0 0 87 74 0 1 0 1 53 16 1 5 0 2 90 55 0 1 0 2 55 226 1 5 1 25 90
3/4 37 0 1 0 0 110 63 0 1 0 0 87 16 0 3 0 0 64 37 0 1 0 1 100 34 0 1 0 1 76 37 0 1 0 2 90 14 0 1 0 2 55
3/4 37 0 1 0 0 104 34 0 1 0 0 87 56 0 3 0 0 64 37 1 5 0 1 104 74 0 1 0 1 53 47 1 5 1 15 87 37 1 5 0 2 93 55 0 1 0 2 55 226 1 5 1 25 82
3/4 16 0 1 0 0 93 44 0 1 0 0 87 66 0 3 0 0 64 16 0 1 0 1 90 14 0 1 0 1 53 16 0 1 0 2 82 65 0 1 0 2 55
3/4 16 1 5 0 0 97 13 0 1 0 0 87 36 0 3 0 0 64 226 1 5 1 5 84 16 1 5 0 1 93 54 0 1 0 1 76 76 1 5 1 15 76 66 1 5 0 2 93 35 0 1 0 2 55 56 1 5 1 25 76
3/4 46 2 75 0 0 93 223 0 1 0 0 87 46 1 5 0 1 87 64 0 1 0 1 53 56 1 5 1 15 82 66 1 5 0 2 90 45 0 1 0 2 55 76 1 5 1 25 74
3/4 36 0 1 0 0 93 13 0 1 0 0 87 66 0 1 0 1 93 64 0 1 0 1 53 76 1 5 0 2 93 35 0 1 0 2 55 16 1 5 1 25 84
3/4 76 3 1333 0 0 93 73 0 2 0 0 87 46 0 3 0 0 64 44 0 1 0 1 45 224 0 1 0 1 59 76 1 5 1 15 74 76 1 5 0 2 90 34 0 1 0 2 55 66 1 5 1 25 74
3/4 15 0 1 0 0 76 66 0 1 0 0 90 63 0 1 0 0 87 34 0 1 0 1 56 14 0 1 0 1 70
3/4 63 0 1 0 0 96 34 0 1 0 1 84 14 0 1 0 2 55
3/4 63 0 1 0 0 96 34 0 1 0 1 84 66 1 5 0 2 104 14 0 1 0 2 55 76 1 5 1 25 87
3/4 16 1 5 0 0 113 63 0 1 0 0 96 66 1 5 1 5 93 37 1 15 0 1 104 34 0 1 0 1 84 14 0 1 0 2 55 16 1 5 1 25 97
3/4 76 0 1 0 0 110 34 0 1 0 0 96 56 0 3 0 0 64 37 0 1 0 1 110 74 0 1 0 1 53 76 0 1 0 2 90 55 0 1 0 2 55
3/4 66 1 5 0 0 104 44 0 1 0 0 96 46 1 5 1 5 90 16 1 15 0 1 100 14 0 1 0 1 53 65 0 1 0 2 55 66 1 5 1 25 93
3/4 56 2 175 0 0 90 13 0 3 0 0 96 54 0 1 0 1 56 35 0 1 0 1 70 56 0 1 0 2 90
3/4 46 0 1 0 0 104 223 0 1 0 0 96 56 0 1 0 1 93 64 0 1 0 1 53 66 1 5 0 2 90 45 0 1 0 2 55 76 1 5 1 25 84
3/4 36 0 1 0 0 104 13 0 1 0 0 96 66 0 1 0 1 108 64 0 1 0 1 53 76 1 5 0 2 93 35 0 1 0 2 55 16 1 5 1 25 100
3/4 226 0 1 0 0 116 73 0 1 0 0 96 46 0 3 0 0 64 226 1 5 0 1 110 44 0 1 0 1 84 16 1 5 1 15 87 76 1 5 0 2 93 224 0 1 0 2 55 66 1 5 1 25 82
3/4 76 0 2 0 0 93 34 0 1 0 0 96 74 0 1 0 1 56 55 0 1 0 1 70 66 1 5 0 2 93 76 1 5 1 25 78
3/4 16 1 5 0 0 104 63 0 1 0 0 96 66 1 5 1 5 86 37 1 15 0 1 93 34 0 1 0 1 84 14 0 1 0 2 55 16 1 5 1 25 89
3/4 76 0 1 0 0 100 34 0 1 0 0 96 56 0 3 0 0 64 37 0 1 0 1 100 74 0 1 0 1 53 76 0 1 0 2 83 55 0 1 0 2 55
3/4 66 1 5 0 0 93 44 0 1 0 0 96 46 1 5 1 5 83 46 0 1 0 1 93 14 0 1 0 1 53 56 1 5 0 2 90 65 0 1 0 2 55 66 1 5 1 25 86
3/4 36 2 175 0 0 83 13 0 3 0 0 96 54 0 1 0 1 56 35 0 1 0 1 70 36 0 1 0 2 83
3/4 46 0 1 0 0 93 223 0 1 0 0 96 56 0 1 0 1 86 64 0 1 0 1 65 66 1 5 0 2 83 45 0 1 0 2 67 76 1 5 1 25 75
3/4 36 0 1 0 0 93 13 0 1 0 0 96 66 0 1 0 1 97 64 0 1 0 1 65 76 1 5 0 2 86 35 0 1 0 2 67 16 1 5 1 25 92
3/4 226 0 1 0 0 108 73 0 2 0 0 96 46 0 3 0 0 64 226 1 5 0 1 100 44 0 1 0 1 57 224 0 1 0 1 71 16 1 5 1 15 78 76 1 5 0 2 86 34 0 1 0 2 72 66 1 5 1 25 74
3/4 15 0 1 0 0 76 66 0 1 0 0 86 64 0 1 0 0 92 35 0 1 0 1 57 65 0 1 0 1 88 15 0 1 0 2 78
3/4 64 0 3 0 0 94 35 0 1 0 1 57 65 0 1 0 1 91 15 0 1 0 2 70
3/4 64 0 3 0 0 88 35 0 1 0 1 56 65 0 1 0 1 84 65 0 1 0 2 56 15 0 1 0 2 73
3/4 15 0 1 0 0 56 36 0 1 0 0 83 36 0 1 0 1 44 66 0 1 0 1 71 16 1 5 0 2 77 66 0 1 0 2 53 226 1 5 1 25 77
3/4 37 0 1 0 0 93 64 0 3 0 0 82 37 0 1 0 1 85 35 0 1 0 1 53 65 0 1 0 1 79 37 2 75 0 2 77
3/4 37 0 1 0 0 89 55 0 1 0 0 53 35 0 3 0 0 82 37 1 5 0 1 89 75 0 1 0 1 79 47 1 5 1 15 75 37 1 5 0 2 80 56 0 1 0 2 55 226 1 5 1 25 69
3/4 16 0 1 0 0 80 45 0 3 0 0 82 16 0 1 0 1 77 65 0 1 0 1 79 16 0 1 0 2 69 46 0 1 0 2 55
3/4 16 0 1 0 0 82 14 0 3 0 0 82 16 1 5 0 1 82 55 0 1 0 1 45 15 0 1 0 1 79 226 1 5 1 15 66 16 1 5 0 2 80 36 0 1 0 2 55 76 1 5 1 25 66
3/4 66 2 75 0 0 80 45 0 3 0 0 82 66 0 1 0 1 75 15 0 1 0 1 45 46 0 1 0 1 79 66 1 5 0 2 77 65 0 1 0 2 55 56 1 5 1 25 63
3/4 46 0 1 0 0 80 224 0 3 0 0 82 56 0 1 0 1 80 65 0 1 0 1 79 56 1 5 0 2 80 225 0 1 0 2 55 66 1 5 1 25 71
3/4 76 0 1 0 0 80 74 0 1 0 0 82 225 0 1 0 0 64 76 1 5 0 1 80 45 0 1 0 1 45 75 0 1 0 1 79 16 1 5 1 15 69 76 1 5 0 2 77 225 0 1 0 2 55 16 1 5 1 25 71
3/4 56 0 1 0 0 56 76 0 1 0 0 84 35 0 3 0 0 82 75 0 1 0 1 45 36 0 1 0 1 79 16 1 5 0 2 80 56 0 1 0 2 55 226 1 5 1 25 80
3/4 37 0 1 0 0 97 64 0 3 0 0 82 37 0 1 0 1 89 35 0 1 0 1 45 65 0 1 0 1 79 37 0 1 0 2 80 15 0 1 0 2 55
3/4 37 0 1 0 0 93 55 0 1 0 0 53 35 0 3 0 0 82 37 1 5 0 1 93 75 0 1 0 1 79 47 1 5 1 15 78 37 1 5 0 2 83 56 0 1 0 2 55 226 1 5 1 25 72
3/4 16 0 1 0 0 83 45 0 3 0 0 82 16 0 1 0 1 80 15 0 1 0 1 79 16 0 1 0 2 72 66 0 1 0 2 55
3/4 16 1 5 0 0 86 14 0 3 0 0 82 226 1 5 1 5 74 16 1 5 0 1 83 55 0 1 0 1 79 76 1 5 1 15 69 66 1 5 0 2 83 36 0 1 0 2 55 56 1 5 1 25 69
3/4 46 2 75 0 0 83 224 0 3 0 0 82 46 1 5 0 1 78 65 0 1 0 1 45 225 0 1 0 1 79 56 1 5 1 15 72 66 1 5 0 2 80 46 0 1 0 2 55 76 1 5 1 25 66
3/4 36 0 1 0 0 83 14 0 3 0 0 82 66 0 1 0 1 83 65 0 1 0 1 45 15 0 1 0 1 79 76 1 5 0 2 83 36 0 1 0 2 55 16 1 5 1 25 74
3/4 76 0 1 0 0 83 224 0 1 0 0 82 45 0 1 0 1 45 75 0 1 0 1 79 76 1 5 0 2 80 35 0 1 0 2 55 66 1 5 1 25 66
3/4 66 0 1 0 0 80 64 0 1 0 0 79 35 0 1 0 1 45 65 0 1 0 1 76 15 0 1 0 2 55
3/4 64 0 3 0 0 94 35 0 1 0 1 45 65 0 1 0 1 91 15 0 1 0 2 55
3/4 64 0 3 0 0 88 35 0 1 0 1 45 65 0 1 0 1 84 65 0 1 0 2 55 15 0 1 0 2 55
3/4 15 0 1 0 0 56 36 0 1 0 0 57 36 0 1 0 1 44 66 0 1 0 1 53 66 0 1 0 2 53 16 0 1 0 2 55
3/4 64 0 1 0 0 56 35 0 1 0 0 70 36 0 1 2 25 56 16 0 1 2 25 70
