6/8
6/8 63 2 25 1 25 69 73 2 25 2 275 69
6/8 13 2 25 0 0 74 63 2 25 2 25 69 34 2 75 1 5 69 13 2 25 2 125 69 73 1 5 1 15 69 34 1 5 0 2 69 73 1 5 1 25 69
6/8 63 2 25 0 0 74 43 2 25 2 25 69 13 2 75 1 5 69 63 2 25 2 125 69 53 0 1 1 15 69 63 2 25 1 25 69 53 2 25 2 275 69
6/8 43 1 5 0 0 74 53 1 5 1 5 69 63 2 25 0 1 69 73 2 25 2 125 69 33 1 5 1 15 69 63 1 5 0 2 69 73 2 25 1 25 69 13 2 25 2 275 69
6/8 223 1 5 0 0 74 223 0 1 1 5 69 13 0 1 1 5 69 73 2 25 0 1 69 63 2 25 2 125 69 73 0 1 1 15 69 63 2 25 1 25 69 73 2 25 2 275 69
6/8 13 2 25 0 0 74 63 2 25 2 25 69 34 2 75 1 5 69 13 2 25 2 125 69 73 1 5 1 15 69 34 1 5 0 2 69 73 1 5 1 25 69
6/8 63 2 25 0 0 74 43 2 25 2 25 69 43 1 5 1 5 69 53 2 25 0 1 69 63 2 25 2 125 69 33 2 125 1 15 69 33 2 25 2 275 57
6/8 43 1 5 0 0 74 53 1 5 1 5 69 63 2 25 0 1 69 73 2 25 2 125 69 33 1 5 1 15 69 63 1 5 0 2 69 73 2 25 1 25 69 13 2 25 2 275 69
6/8 223 1 5 0 0 74 223 0 1 1 5 69 13 0 1 1 5 69 73 2 25 0 1 69 63 2 25 2 125 69 63 1 15 1 15 69
6/8 13 2 25 0 1 69 223 2 25 2 125 69 34 1 5 1 15 57 34 1 5 0 2 57 34 1 5 1 25 57
6/8 34 1 5 0 0 62 34 0 1 1 5 69 44 0 1 1 5 69 34 2 25 0 1 69 223 2 25 2 125 69 13 1 5 1 15 57 13 1 5 0 2 57 13 1 5 1 25 57
6/8 13 1 5 0 0 62 13 0 1 1 5 69 223 0 1 1 5 69 13 2 25 0 1 69 73 2 25 2 125 69 63 1 5 1 15 57 63 1 5 0 2 57 63 2 25 1 25 69 53 2 25 2 275 69
6/8 43 1 5 0 0 74 53 1 5 1 5 69 53 2 25 0 1 69 63 2 25 2 125 69 73 1 5 1 15 69 73 0 1 0 2 69 13 0 1 0 2 69 73 2 25 1 25 69 13 2 25 2 275 69
6/8 73 0 1 0 0 74 13 2 25 0 1 69 223 2 25 2 125 69 34 1 5 1 15 57 34 1 5 0 2 57 34 1 5 1 25 57
6/8 34 1 5 0 0 62 34 0 1 1 5 69 44 0 1 1 5 69 34 2 25 0 1 69 223 2 25 2 125 69 13 1 5 1 15 57 13 1 5 0 2 57 13 1 5 1 25 57
6/8 13 2 25 0 0 74 223 0 1 2 25 69 13 0 1 2 25 69 73 0 1 2 75 69 63 0 1 2 75 69 53 2 25 2 125 69 43 0 1 2 175 69 43 0 1 2 175 69 53 0 1 2 225 69 63 0 1 2 225 69 73 2 25 2 275 69
6/8 33 1 5 0 0 74 63 1 5 1 5 69 73 2 25 0 1 69 13 2 25 2 125 69 73 2 75 1 15 69 73 0 1 2 225 69 73 0 1 2 225 69 63 2 25 2 275 69
6/8 63 1 15 0 0 74
6/8 64 2 25 0 1 71 74 2 25 2 125 71 14 2 25 1 15 71 64 2 25 2 175 71 35 2 75 0 2 71 14 2 25 2 275 71
6/8 74 1 5 0 0 76 35 1 5 1 5 71 74 1 5 0 1 71 64 2 25 1 15 71 44 2 25 2 175 71 14 2 75 0 2 71 64 2 25 2 275 71
6/8 54 0 1 0 0 76 64 2 25 0 1 71 54 2 25 2 125 71 44 1 5 1 15 71 54 1 5 0 2 71 64 2 25 1 25 71 74 2 25 2 275 71
6/8 34 1 5 0 0 76 64 1 5 1 5 71 74 2 25 0 1 71 14 2 25 2 125 71 224 1 5 1 15 71 224 0 1 0 2 71 14 0 1 0 2 71 74 2 25 1 25 71 64 2 25 2 275 71
6/8 74 0 1 0 0 76 64 2 25 0 1 71 74 2 25 2 125 71 14 2 25 1 15 71 64 2 25 2 175 71 35 2 75 0 2 71 14 2 25 2 275 71
6/8 74 1 5 0 0 76 35 1 5 1 5 71 74 1 5 0 1 71 64 2 25 1 15 71 44 2 25 2 175 71 44 1 5 0 2 71 54 2 25 1 25 71 64 2 25 2 275 71
6/8 34 0 1 0 0 76 34 1 5 0 1 71 44 1 5 1 15 71 54 1 5 0 2 71 64 2 25 1 25 71 74 2 25 2 275 71
6/8 34 1 5 0 0 76 64 1 5 1 5 71 74 2 25 0 1 71 14 2 25 2 125 71 224 1 5 1 15 71 224 0 1 0 2 71 14 0 1 0 2 71 74 2 25 1 25 71 64 2 25 2 275 71
6/8 64 1 15 0 0 76
6/8 62 1 5 1 5 64 12 1 5 0 1 64 62 1 5 0 2 64 12 1 5 1 25 64
6/8 62 1 5 1 5 64 12 1 5 0 1 64 62 1 5 0 2 64 12 1 5 1 25 64
6/8 62 1 5 1 5 64 12 1 5 0 1 64 33 1 5 0 2 64 53 1 5 1 25 64
6/8 12 1 5 1 5 64 43 1 5 0 1 64 52 1 5 0 2 64 12 1 5 1 25 64
6/8 62 1 5 1 5 64 222 1 5 0 1 64 62 1 5 0 2 64 12 1 5 1 25 64
6/8 72 1 5 1 5 64 222 1 5 0 1 64 72 1 5 0 2 64 33 1 5 1 25 64
6/8 62 1 5 1 5 64 12 1 5 0 1 64 33 1 5 0 2 64 53 1 5 1 25 64
6/8 12 1 5 1 5 64 43 1 5 0 1 64 52 1 5 0 2 64 12 1 5 1 25 64
6/8 62 1 5 1 5 64 222 1 5 0 1 64 62 1 5 0 2 64 12 1 5 1 25 64
6/8 72 1 5 1 5 64 33 1 5 0 1 64 62 1 5 0 2 64 12 1 5 1 25 64
6/8 62 1 5 1 5 64 12 1 5 0 1 64 62 1 5 0 2 64 12 1 5 1 25 64
6/8 33 1 5 1 5 64 53 1 5 0 1 64 12 1 5 0 2 64 43 1 5 1 25 64
6/8 52 1 5 1 5 64 12 1 5 0 1 64 43 1 5 0 2 64
6/8 222 1 5 1 5 64 43 1 5 0 2 64
6/8 72 1 5 1 5 64 33 1 5 0 1 64 62 1 5 0 2 64 12 1 5 1 25 64
6/8 33 1 5 1 5 64 53 1 5 0 1 64 12 1 5 0 2 64 43 1 5 1 25 64
6/8 52 1 5 1 5 64 12 1 5 0 1 64 62 1 5 0 2 64 222 1 5 1 25 64
6/8 62 1 5 1 5 64 12 1 5 0 1 64 33 1 5 0 2 64 43 1 5 1 25 64
6/8 62 1 5 1 5 64 12 1 5 0 1 64 62 1 5 0 2 64 12 1 5 1 25 64
6/8 13 1 15 1 15 69
6/8 73 1 15 0 0 74 63 1 15 1 15 69
6/8 53 1 15 0 0 74 43 1 15 1 15 69
6/8 33 0 1 0 0 74 73 2 25 0 1 69 13 2 25 2 125 69 223 1 5 1 15 69 34 1 5 0 2 69 44 1 5 1 25 69
6/8 13 1 15 0 1 71
6/8 73 1 15 0 0 76 63 1 5 1 15 71 73 1 5 0 2 71 63 1 5 1 25 71
6/8 53 0 1 0 0 76 13 1 5 0 1 71 223 0 1 1 15 71 223 1 5 1 25 71
6/8 13 0 1 0 0 76 13 1 5 0 1 71 223 1 5 1 15 71 44 1 5 0 2 71 223 1 5 1 25 71
6/8 13 1 15 0 0 76
6/8 61 1 5 0 0 76 32 1 5 1 5 71 32 1 5 0 1 71 61 1 5 1 15 71 32 1 5 0 2 71 32 1 5 1 25 71
6/8 61 1 5 0 0 76 32 1 5 1 5 71 32 1 5 0 1 71 61 1 5 1 15 71 32 1 5 0 2 71 32 1 5 1 25 71
6/8 61 1 5 0 0 76 32 1 5 1 5 71 32 1 5 0 1 71 32 1 5 1 15 71 72 1 5 0 2 71 72 1 5 1 25 71
6/8 42 1 5 0 0 76 62 1 5 1 5 71 62 1 5 0 1 71 11 1 5 1 15 71 32 1 5 0 2 71 32 1 5 1 25 71
6/8 221 1 5 0 0 76 42 1 5 1 5 71 42 1 5 0 1 71 11 1 5 1 15 71 32 1 5 0 2 71 32 1 5 1 25 71
6/8 71 1 5 0 0 76 42 1 5 1 5 71 42 1 5 0 1 71 32 1 5 1 15 71 52 1 5 0 2 71 52 1 5 1 25 71
6/8 61 1 5 0 0 76 32 1 5 1 5 71 32 1 5 0 1 71 32 1 5 1 15 71 72 1 5 0 2 71 72 1 5 1 25 71
6/8 42 1 5 0 0 76 62 1 5 1 5 71 62 1 5 0 1 71 11 1 5 1 15 71 52 1 5 0 2 71 52 1 5 1 25 71
6/8 221 1 5 0 0 76 42 1 5 1 5 71 42 1 5 0 1 71 11 1 5 1 15 71 32 1 5 0 2 71 32 1 5 1 25 71
6/8 71 1 5 0 0 76 42 1 5 1 5 71 52 1 5 0 1 71 61 1 5 1 15 71 32 1 5 0 2 71 32 1 5 1 25 71
6/8 61 1 5 0 0 76 32 1 5 1 5 71 32 1 5 0 1 71 61 1 5 1 15 71 32 1 5 0 2 71 32 1 5 1 25 71
6/8 32 1 5 0 0 76 72 1 5 1 5 71 72 1 5 0 1 71 42 1 5 1 15 71 62 1 5 0 2 71 62 1 5 1 25 71
6/8 11 1 5 0 0 76 32 1 5 1 5 71 32 1 5 0 1 71 42 1 5 1 15 71 12 1 5 0 2 71 42 1 5 1 25 71
6/8 221 1 5 0 0 76 62 1 5 1 5 71 221 1 5 0 1 71 71 1 5 1 15 71 221 1 5 0 2 71 71 1 5 1 25 71
6/8 32 1 5 0 0 76 52 1 5 1 5 71 52 1 5 0 1 71 61 1 5 1 15 71 32 1 5 0 2 71 32 1 5 1 25 71
6/8 32 1 5 0 0 76 72 1 5 1 5 71 72 1 5 0 1 71 42 1 5 1 15 71 62 1 5 0 2 71 62 1 5 1 25 71
6/8 11 1 5 0 0 76 32 1 5 1 5 71 32 1 5 0 1 71 221 1 5 1 15 71 42 1 5 0 2 71 42 1 5 1 25 71
6/8 11 1 5 0 0 76 32 1 5 1 5 71 32 1 5 0 1 71 221 1 5 1 15 71 72 1 5 0 2 71 72 1 5 1 25 71
6/8 61 1 5 0 0 76 32 1 5 1 5 71 32 1 5 0 1 71 61 1 5 1 15 71 32 1 5 0 2 71 32 1 5 1 25 71
6/8 61 1 5 0 0 76 32 1 5 1 5 71 12 1 5 0 1 71 61 1 5 1 15 71 32 1 5 0 2 71 12 1 5 1 25 71
6/8 32 1 5 0 0 76 72 1 5 1 5 71 53 1 5 0 1 71 42 1 5 1 15 71 62 1 5 0 2 71 43 1 5 1 25 71
6/8 11 1 5 0 0 76 32 1 5 1 5 71 12 1 5 0 1 71 221 1 5 1 15 71 42 1 5 0 2 71 222 1 5 1 25 71
6/8 11 1 5 0 0 76 32 1 5 1 5 71 12 1 5 0 1 71 221 1 5 1 15 71 42 1 5 0 2 71 222 1 5 1 25 71
6/8 32 1 5 0 0 76 52 1 5 1 5 71 33 1 5 0 1 71 61 1 5 1 15 71 32 1 5 0 2 71 12 1 5 1 25 71
6/8 32 1 5 0 0 76 72 1 5 1 5 71 33 1 5 0 1 71 42 1 5 1 15 71 62 1 5 0 2 71 43 1 5 1 25 71
6/8 11 1 5 0 0 76 32 1 5 1 5 71 12 1 5 0 1 71 221 1 5 1 15 71 42 1 5 0 2 71 222 1 5 1 25 71
6/8 11 1 5 0 0 76 32 1 5 1 5 71 222 1 5 0 1 71 221 1 5 1 15 71 42 1 5 0 2 71 33 1 5 1 25 71
6/8 61 1 15 0 0 76
