4/4 46 1 5 0 0 64 15 1 5 1 5 64 36 1 5 0 1 64 75 1 5 1 15 64 15 1 5 0 2 64 55 1 5 1 25 64 65 1 5 0 3 64 75 1 5 1 35 64
4/4 46 1 5 0 0 64 15 1 5 1 5 64 36 1 5 0 1 64 75 1 5 1 15 64 56 1 5 0 2 64 15 1 5 1 25 64 46 1 5 0 3 64 56 1 5 1 35 64
4/4 46 1 5 0 0 64 15 1 5 1 5 64 36 1 5 0 1 64 75 1 5 1 15 64 15 1 5 0 2 64 55 1 5 1 25 64 65 1 5 0 3 64 75 1 5 1 35 64
4/4 46 1 5 0 0 64 15 1 5 1 5 64 36 1 5 0 1 64 75 1 5 1 15 64 56 1 5 0 2 64 15 1 5 1 25 64 46 1 5 0 3 64 56 1 5 1 35 64
4/4 46 1 5 0 0 64 45 1 15 0 0 64 15 1 5 1 5 64 36 1 5 0 1 64 75 1 5 1 15 64 45 1 15 1 15 64 15 1 5 0 2 64 55 1 5 1 25 64 65 1 5 0 3 64 45 0 1 0 3 64 75 1 5 1 35 64
4/4 46 1 5 0 0 64 45 1 5 0 0 64 15 1 5 1 5 64 45 1 35 1 5 64 36 1 5 0 1 64 75 1 5 1 15 64 56 1 5 0 2 64 15 1 5 1 25 64 46 1 5 0 3 64 56 1 5 1 35 64
4/4 46 1 5 0 0 64 44 0 1 0 0 64 14 0 1 0 0 64 15 1 5 1 5 64 36 1 5 0 1 64 75 1 5 1 15 64 15 1 5 0 2 64 55 1 5 1 25 64 65 1 5 0 3 64 75 1 5 1 35 64
4/4 46 1 5 0 0 64 44 0 1 0 0 64 14 0 1 0 0 64 15 1 5 1 5 64 36 1 5 0 1 64 75 1 5 1 15 64 56 1 5 0 2 64 15 1 5 1 25 64 46 1 5 0 3 64 56 1 5 1 35 64
4/4 45 1 5 0 0 64 43 0 4 0 0 64 14 1 5 1 5 64 35 0 1 0 1 64 65 0 1 0 1 64 74 1 5 1 15 64 14 0 1 0 2 64 55 0 1 0 2 64 54 1 5 1 25 64 64 0 1 0 3 64 35 0 1 0 3 64 74 1 5 1 35 64
4/4 45 1 5 0 0 64 43 0 4 0 0 64 14 1 5 1 5 64 35 0 1 0 1 64 65 0 1 0 1 64 74 1 5 1 15 64 55 1 5 0 2 64 14 1 5 1 25 64 45 1 5 0 3 64 55 1 5 1 35 64
4/4 45 1 5 0 0 64 43 0 4 0 0 64 14 1 5 1 5 64 35 0 1 0 1 64 65 0 1 0 1 64 74 1 5 1 15 64 14 0 1 0 2 64 55 0 1 0 2 64 54 1 5 1 25 64 64 0 1 0 3 64 35 0 1 0 3 64 74 1 5 1 35 64
4/4 45 1 5 0 0 64 43 0 4 0 0 64 14 1 5 1 5 64 35 0 1 0 1 64 65 0 1 0 1 64 74 1 5 1 15 64 55 1 5 0 2 64 14 1 5 1 25 64 45 1 5 0 3 64 55 1 5 1 35 64
4/4 43 0 4 0 0 64 14 1 5 0 1 64 45 1 25 1 15 64
4/4 35 1 15 0 0 64 43 0 4 0 0 64 54 1 25 1 15 64
4/4 222 0 4 0 0 64 45 1 5 1 5 64 35 1 5 0 1 64 14 1 5 1 15 64 74 1 5 0 2 64 64 2 75 2 275 64 74 1 5 1 35 64
4/4 33 0 4 0 0 64 45 1 5 1 5 64 35 1 5 0 1 64 14 1 5 1 15 64 74 0 1 0 2 64 55 0 1 0 2 64 65 2 75 2 275 64 55 1 5 1 35 64
4/4 12 0 4 0 0 64 45 1 5 1 5 64 35 1 5 0 1 64 14 1 5 1 15 64 74 1 5 0 2 64 64 2 75 2 275 64 74 1 5 1 35 64
4/4 12 0 4 0 0 64 45 1 5 1 5 64 35 1 5 0 1 64 14 1 5 1 15 64 74 0 1 0 2 64 55 0 1 0 2 64 14 2 75 2 275 64 55 1 5 1 35 64
4/4 74 0 1 0 0 64 35 0 1 0 0 64 222 0 4 0 0 64 14 0 1 1 5 64 45 0 1 1 5 64
4/4 35 0 1 0 0 64 65 0 1 0 0 64 33 0 4 0 0 64 45 0 1 1 5 64 75 0 1 1 5 64 65 2 25 1 35 64 75 2 25 2 375 64
4/4 55 0 1 0 0 64 15 0 1 0 0 64 12 0 4 0 0 64
4/4 12 0 2 0 0 64 55 0 1 0 0 64 15 0 1 0 0 64 45 0 1 0 2 64 75 0 1 0 2 64 12 0 1 0 2 64 55 0 1 0 3 64 15 0 1 0 3 64 12 0 1 0 3 64
4/4 45 0 1 0 0 64 65 0 1 0 0 64 15 0 1 0 0 64 43 1 5 0 0 64 13 1 5 1 5 64 34 1 5 0 1 64 44 1 5 1 15 64 73 1 5 0 2 64 13 1 5 1 25 64 34 1 5 0 3 64 44 1 5 1 35 64
4/4 43 1 5 0 0 64 13 1 5 1 5 64 34 1 5 0 1 64 44 1 5 1 15 64 73 1 5 0 2 64 13 1 5 1 25 64 54 1 5 0 3 64 34 1 5 1 35 64
4/4 43 1 5 0 0 64 13 1 5 1 5 64 34 1 5 0 1 64 44 1 5 1 15 64 73 1 5 0 2 64 13 1 5 1 25 64 34 1 5 0 3 64 44 1 5 1 35 64
4/4 43 1 5 0 0 64 13 1 5 1 5 64 34 1 5 0 1 64 44 1 5 1 15 64 73 1 5 0 2 64 13 1 5 1 25 64 54 1 5 0 3 64 34 1 5 1 35 64
4/4 74 0 1 0 0 64 14 0 1 0 0 64 43 0 1 0 0 64 74 0 1 1 5 64 14 0 1 1 5 64 64 0 1 0 1 64 14 0 1 0 1 64 74 0 1 1 15 64 14 0 1 1 15 64 43 0 1 1 15 64 74 0 1 0 2 64 14 0 1 0 2 64 74 0 1 1 25 64 14 0 1 1 25 64 74 0 1 0 3 64 14 0 1 0 3 64 74 0 1 1 35 64 14 0 1 1 35 64
4/4 74 0 1 0 0 64 14 0 1 0 0 64 43 0 1 0 0 64 74 0 1 1 5 64 14 0 1 1 5 64 64 0 1 0 1 64 14 0 1 0 1 64 74 0 1 1 15 64 14 0 1 1 15 64 43 0 1 1 15 64 74 0 1 0 2 64 14 0 1 0 2 64 74 0 1 1 25 64 14 0 1 1 25 64 74 0 1 0 3 64 14 0 1 0 3 64 74 0 1 1 35 64 14 0 1 1 35 64 12 0 1 1 35 64
4/4 74 0 1 0 0 64 35 0 1 0 0 64 43 0 1 0 0 64 74 0 1 1 5 64 35 0 1 1 5 64 64 0 1 0 1 64 35 0 1 0 1 64 74 0 1 1 15 64 35 0 1 1 15 64 43 0 1 1 15 64 74 0 1 0 2 64 35 0 1 0 2 64 74 0 1 1 25 64 35 0 1 1 25 64 74 0 1 0 3 64 35 0 1 0 3 64 74 0 1 1 35 64 35 0 1 1 35 64
4/4 74 0 1 0 0 64 35 0 1 0 0 64 43 0 1 0 0 64 74 0 1 1 5 64 35 0 1 1 5 64 64 0 1 0 1 64 35 0 1 0 1 64 74 0 1 1 15 64 35 0 1 1 15 64 43 0 1 1 15 64 74 0 1 0 2 64 35 0 1 0 2 64 74 0 1 1 25 64 35 0 1 1 25 64 74 0 1 0 3 64 35 0 1 0 3 64 74 0 1 1 35 64 35 0 1 1 35 64 12 0 1 1 35 64
4/4 74 0 1 0 0 64 55 0 1 0 0 64 43 0 1 0 0 64 74 0 1 1 5 64 55 0 1 1 5 64 64 0 1 0 1 64 55 0 1 0 1 64 74 0 1 1 15 64 55 0 1 1 15 64 43 0 1 1 15 64 74 0 1 0 2 64 55 0 1 0 2 64 74 0 1 1 25 64 55 0 1 1 25 64 74 0 1 0 3 64 55 0 1 0 3 64 74 0 1 1 35 64 55 0 1 1 35 64
4/4 74 0 1 0 0 64 55 0 1 0 0 64 43 0 1 0 0 64 74 0 1 1 5 64 55 0 1 1 5 64 64 0 1 0 1 64 55 0 1 0 1 64 74 0 1 1 15 64 55 0 1 1 15 64 43 0 1 1 15 64 74 0 1 0 2 64 55 0 1 0 2 64 74 0 1 1 25 64 55 0 1 1 25 64 74 0 1 0 3 64 55 0 1 0 3 64 74 0 1 1 35 64 55 0 1 1 35 64 12 0 1 1 35 64
4/4 43 2 25 0 0 64 63 2 25 2 25 64 73 2 25 1 5 64 13 2 25 2 75 64 34 2 25 0 1 64 44 2 25 2 125 64 64 2 25 1 15 64 74 2 25 2 175 64 14 2 25 0 2 64 35 2 25 2 225 64 45 2 25 1 25 64 65 2 25 2 275 64 45 1 5 0 3 64 224 1 5 1 35 64
4/4 35 1 5 0 0 64 74 2 25 1 5 64 14 2 25 2 75 64 45 1 5 0 1 64 14 1 5 1 15 64 55 1 5 0 2 64 74 2 25 1 25 64 14 2 25 2 275 64 45 1 5 0 3 64 14 1 5 1 35 64
4/4 35 1 5 0 0 64 43 0 1 0 0 64 74 2 25 1 5 64 14 2 25 2 75 64 45 1 5 0 1 64 14 1 5 1 15 64 45 2 25 0 2 64 35 2 25 2 225 64 55 2 25 1 25 64 65 2 25 2 275 64 45 1 5 0 3 64 14 1 5 1 35 64
4/4 35 1 5 0 0 64 74 2 25 1 5 64 14 2 25 2 75 64 45 1 5 0 1 64 14 1 5 1 15 64 55 1 5 0 2 64 43 0 1 0 2 64 74 2 25 1 25 64 14 2 25 2 275 64 45 1 5 0 3 64 14 1 5 1 35 64
3/4 35 1 5 0 0 64 74 2 25 1 5 64 14 2 25 2 75 64 45 1 5 0 1 64 14 1 5 1 15 64 45 2 25 0 2 64 35 2 25 2 225 64 55 2 25 1 25 64 65 2 25 2 275 64
4/4 45 0 1 0 0 64 65 0 1 0 0 64 222 1 5 0 0 64 63 1 5 1 5 64 222 1 5 0 1 64 63 1 5 1 15 64 222 1 5 0 2 64 63 1 5 1 25 64 222 1 5 0 3 64 63 1 5 1 35 64
4/4 55 0 2 0 0 64 33 1 5 0 0 64 73 1 5 1 5 64 33 1 5 0 1 64 73 1 5 1 15 64 35 0 1 0 2 64 33 1 5 0 2 64 73 1 5 1 25 64 14 0 1 0 3 64 33 1 5 0 3 64 73 1 5 1 35 64
4/4 35 0 1 0 0 64 12 1 5 0 0 64 53 1 5 1 5 64 45 0 3 0 1 64 12 1 5 0 1 64 53 1 5 1 15 64 12 1 5 0 2 64 53 1 5 1 25 64 12 1 5 0 3 64 53 1 5 1 35 64
4/4 12 1 5 0 0 64 45 0 4 0 0 64 53 1 5 1 5 64 12 1 5 0 1 64 53 1 5 1 15 64 12 1 5 0 2 64 53 1 5 1 25 64 12 1 5 0 3 64 53 1 5 1 35 64
4/4 45 0 1 0 0 64 65 0 1 0 0 64 222 1 5 0 0 64 63 1 5 1 5 64 222 1 5 0 1 64 63 1 5 1 15 64 222 1 5 0 2 64 63 1 5 1 25 64 222 1 5 0 3 64 63 1 5 1 35 64
4/4 55 0 2 0 0 64 33 1 5 0 0 64 73 1 5 1 5 64 33 1 5 0 1 64 73 1 5 1 15 64 35 0 1 0 2 64 33 1 5 0 2 64 73 1 5 1 25 64 14 0 1 0 3 64 33 1 5 0 3 64 73 1 5 1 35 64
4/4 35 0 1 0 0 64 12 1 5 0 0 64 53 1 5 1 5 64 45 0 3 0 1 64 12 1 5 0 1 64 53 1 5 1 15 64 12 1 5 0 2 64 53 1 5 1 25 64 12 1 5 0 3 64 53 1 5 1 35 64
4/4 35 0 1 0 0 64 55 0 1 0 0 64 12 1 5 0 0 64 53 1 5 1 5 64 12 1 5 0 1 64 53 1 5 1 15 64 12 1 5 0 2 64 53 1 5 1 25 64 12 1 5 0 3 64 53 1 5 1 35 64
4/4 43 0 1 0 0 64 14 1 5 1 5 64 45 0 3 0 1 64 43 1 5 1 15 64 12 1 5 1 35 64
4/4 35 1 15 0 0 64 43 0 1 0 0 64 54 1 25 1 15 64 43 1 5 1 15 64 12 1 5 1 35 64
4/4 43 0 1 0 0 64 74 1 5 1 5 64 35 0 3 0 1 64 43 1 5 1 15 64 12 1 5 1 35 64
4/4 24 1 15 0 0 64 43 0 1 0 0 64 44 1 25 1 15 64 43 1 5 1 15 64 72 1 5 0 2 64 12 1 5 1 25 64 43 1 5 0 3 64 53 1 5 1 35 64
4/4 15 0 4 0 0 64 35 0 1 0 0 64 65 0 1 0 0 64 43 0 1 0 0 64
4/4 15 0 4 0 0 64
4/4 43 0 1 0 0 64 15 0 1 0 0 64 75 0 1 0 1 64 53 0 1 0 1 64 65 0 1 0 2 64 63 0 1 0 2 64 55 0 1 0 3 64 73 0 1 0 3 64
4/4 45 0 1 0 0 64 13 0 1 0 0 64 14 0 2 0 1 64 43 0 1 0 1 64 223 0 1 0 2 64 74 1 5 0 3 64 13 0 1 0 3 64 14 1 5 1 35 64
4/4 55 1 25 0 0 64 73 0 1 0 0 64 33 0 1 0 1 64 13 0 1 0 2 64 45 1 5 1 25 64 55 1 5 0 3 64 73 0 1 0 3 64 65 1 5 1 35 64
4/4 75 0 2 0 0 64 63 0 1 0 0 64 222 0 1 0 1 64 35 0 2 0 2 64 73 0 1 0 2 64 63 0 1 0 3 64
4/4 53 0 1 0 0 64 35 0 1 0 0 64 224 1 5 0 1 64 12 0 1 0 1 64 14 1 5 1 15 64 74 0 2 0 2 64 22 0 1 0 2 64 313 0 1 0 3 64
4/4 55 0 1 0 0 64 43 0 1 0 0 64 73 0 1 0 0 64 13 0 1 0 0 64 45 1 15 0 0 64 35 1 5 1 15 64 65 0 2 0 2 64 224 0 1 0 2 64 523 0 1 0 2 64 73 0 1 0 2 64 44 0 2 0 2 64 14 0 1 0 3 64
4/4 224 0 1 0 0 64 45 0 1 0 0 64 75 0 1 0 0 64 523 0 1 0 0 64 73 0 1 0 0 64 44 0 1 0 0 64 34 0 2 0 1 64
