6/8 61 1 5 0 0 54 32 0 1 1 5 66 62 1 5 1 5 63 12 1 5 0 1 51 61 1 5 1 15 58 32 0 1 0 2 54 62 1 5 0 2 57 12 1 5 1 25 54
6/8 61 1 5 0 0 70 32 0 1 1 5 51 62 1 5 1 5 51 12 1 5 0 1 56 61 1 5 1 15 50 32 0 1 0 2 69 62 1 5 0 2 61 12 1 5 1 25 59
6/8 61 1 5 0 0 63 32 0 1 1 5 57 62 1 5 1 5 65 12 1 5 0 1 50 32 1 5 1 15 54 72 0 1 0 2 58 33 1 5 0 2 52 53 1 5 1 25 59
6/8 42 1 5 0 0 61 62 0 1 1 5 52 12 1 5 1 5 54 43 1 5 0 1 67 11 1 5 1 15 57 32 0 1 0 2 62 52 1 5 0 2 54 12 1 5 1 25 64
6/8 221 1 5 0 0 67 42 0 1 1 5 62 62 1 5 1 5 59 222 1 5 0 1 51 11 1 5 1 15 59 32 0 1 0 2 52 62 1 5 0 2 56 12 1 5 1 25 66
6/8 71 1 5 0 0 61 42 0 1 1 5 67 72 1 5 1 5 52 222 1 5 0 1 66 32 1 5 1 15 61 52 0 1 0 2 52 72 1 5 0 2 54 33 1 5 1 25 54
6/8 61 1 5 0 0 52 32 0 1 1 5 64 62 1 5 1 5 70 12 1 5 0 1 60 32 1 5 1 15 70 72 0 1 0 2 52 33 1 5 0 2 60 53 1 5 1 25 55
6/8 42 1 5 0 0 55 62 0 1 1 5 54 12 1 5 1 5 64 43 1 5 0 1 52 11 1 5 1 15 51 32 0 1 0 2 65 52 1 5 0 2 69 12 1 5 1 25 60
6/8 221 1 5 0 0 51 42 0 1 1 5 69 62 1 5 1 5 60 222 1 5 0 1 54 11 1 5 1 15 64 32 0 1 0 2 70 62 1 5 0 2 59 12 1 5 1 25 55
6/8 71 1 5 0 0 56 42 0 1 1 5 65 71 0 1 1 5 59 52 0 1 0 1 50 32 0 1 0 1 57 61 1 5 1 15 68 32 0 1 0 2 65 62 1 5 0 2 60 12 1 5 1 25 50
6/8 61 1 5 0 0 62 32 0 1 1 5 59 62 1 5 1 5 61 12 1 5 0 1 66 61 1 5 1 15 69 32 0 1 0 2 57 62 1 5 0 2 64 12 1 5 1 25 60
6/8 32 1 5 0 0 53 72 0 1 1 5 57 33 1 5 1 5 63 53 1 5 0 1 69 42 1 5 1 15 53 62 0 1 0 2 61 12 1 5 0 2 54 43 1 5 1 25 67
6/8 11 1 5 0 0 68 32 0 1 1 5 59 52 1 5 1 5 67 12 1 5 0 1 60 42 1 5 1 15 56 12 0 1 0 2 54 42 0 1 0 2 51 42 1 5 1 25 69
6/8 221 1 5 0 0 55 62 0 1 1 5 67 221 0 1 1 5 65 221 1 5 0 1 63 71 1 5 1 15 52 221 0 1 0 2 59 41 0 1 0 2 67 71 1 5 1 25 55
6/8 32 1 5 0 0 56 52 0 1 1 5 64 72 1 5 1 5 70 33 1 5 0 1 64 61 1 5 1 15 50 32 0 1 0 2 59 62 1 5 0 2 65 12 1 5 1 25 59
6/8 32 1 5 0 0 51 72 0 1 1 5 70 33 1 5 1 5 50 53 1 5 0 1 70 42 1 5 1 15 51 62 0 1 0 2 53 12 1 5 0 2 63 43 1 5 1 25 64
6/8 11 1 5 0 0 50 32 0 1 1 5 66 52 1 5 1 5 62 12 1 5 0 1 53 221 1 5 1 15 64 42 0 1 0 2 58 62 1 5 0 2 51 222 1 5 1 25 67
6/8 11 1 5 0 0 55 32 0 1 1 5 56 62 1 5 1 5 64 12 1 5 0 1 56 221 1 5 1 15 63 72 0 1 0 2 70 33 1 5 0 2 59 53 1 5 1 25 58
6/8 61 1 5 0 0 70 32 0 1 1 5 66 62 1 5 1 5 60 12 1 5 0 1 63 61 1 5 1 15 55 32 0 1 0 2 55 62 1 5 0 2 51 12 1 5 1 25 52
6/8 61 1 5 0 0 56 32 0 1 1 5 54 62 1 5 1 5 57 12 1 5 0 1 63 61 1 5 1 15 52 32 0 1 0 2 60 62 1 5 0 2 50 12 1 5 1 25 66
6/8 32 1 5 0 0 67 72 0 1 1 5 64 33 1 5 1 5 53 53 1 5 0 1 53 42 1 5 1 15 57 62 0 1 0 2 57 12 1 5 0 2 61 43 1 5 1 25 50
6/8 11 1 5 0 0 58 32 0 1 1 5 69 52 1 5 1 5 50 12 1 5 0 1 62 221 1 5 1 15 65 42 0 1 0 2 57 62 1 5 0 2 50 222 1 5 1 25 51
6/8 11 1 5 0 0 63 32 0 1 1 5 60 62 1 5 1 5 58 12 1 5 0 1 51 71 1 5 1 15 70 42 0 1 0 2 54 72 1 5 0 2 56 222 1 5 1 25 58
6/8 32 1 5 0 0 60 52 0 1 1 5 70 72 1 5 1 5 69 33 1 5 0 1 63 61 1 5 1 15 70 32 0 1 0 2 63 62 1 5 0 2 64 12 1 5 1 25 69
6/8 32 1 5 0 0 68 72 0 1 1 5 68 33 1 5 1 5 60 53 1 5 0 1 55 42 1 5 1 15 51 62 0 1 0 2 67 12 1 5 0 2 60 43 1 5 1 25 68
6/8 11 1 5 0 0 52 32 0 1 1 5 57 52 1 5 1 5 69 12 1 5 0 1 55 221 1 5 1 15 56 42 0 1 0 2 65 62 1 5 0 2 68 222 1 5 1 25 67
6/8 11 1 5 0 0 55 32 0 1 1 5 59 62 1 5 1 5 53 12 1 5 0 1 65 71 1 5 1 15 51 42 0 1 0 2 57 71 0 1 0 2 52 32 0 1 1 25 67 32 0 1 1 25 70
6/8 61 1 5 0 0 51 32 0 1 1 5 70 62 1 5 1 5 61 12 1 5 0 1 66 61 1 5 1 15 68 32 0 1 0 2 64 62 1 5 0 2 64 12 1 5 1 25 54
6/8 61 1 5 0 0 57 32 0 1 1 5 63 62 1 5 1 5 53 12 1 5 0 1 55 61 1 5 1 15 67 32 0 1 0 2 61 62 1 5 0 2 56 12 1 5 1 25 53
6/8 32 1 5 0 0 50 72 0 1 1 5 54 33 1 5 1 5 56 53 1 5 0 1 57 42 1 5 1 15 59 62 0 1 0 2 67 12 1 5 0 2 62 43 1 5 1 25 63
6/8 11 1 5 0 0 56 32 0 1 1 5 58 52 1 5 1 5 66 12 1 5 0 1 57 42 1 5 1 15 68 12 0 1 0 2 51 42 0 1 0 2 63 42 1 5 1 25 59
6/8 221 1 5 0 0 67 62 0 1 1 5 62 221 0 1 1 5 64 221 1 5 0 1 59 71 1 5 1 15 64 221 0 1 0 2 57 41 0 1 0 2 65 71 1 5 1 25 68
6/8 32 1 5 0 0 51 52 0 1 1 5 50 72 1 5 1 5 67 33 1 5 0 1 62 61 1 5 1 15 62 32 0 1 0 2 50 62 1 5 0 2 68 12 1 5 1 25 54
6/8 32 1 5 0 0 55 72 0 1 1 5 55 33 1 5 1 5 68 53 1 5 0 1 53 42 1 5 1 15 60 62 0 1 0 2 65 12 1 5 0 2 60 43 1 5 1 25 61
6/8 11 1 5 0 0 63 32 0 1 1 5 66 52 1 5 1 5 53 12 1 5 0 1 65 221 1 5 1 15 67 42 0 1 0 2 52 62 1 5 0 2 59 222 1 5 1 25 66
6/8 11 1 5 0 0 58 32 0 1 1 5 52 62 1 5 1 5 51 12 1 5 0 1 58 221 1 5 1 15 58 72 0 1 0 2 68 32 0 1 0 2 70 32 0 1 1 25 60 221 0 1 1 25 57
6/8 61 1 5 0 0 51 32 0 1 1 5 60 62 1 5 1 5 50 12 1 5 0 1 62 61 1 5 1 15 56 32 0 1 0 2 58 62 1 5 0 2 51 12 1 5 1 25 69
6/8 61 1 5 0 0 65 32 0 1 1 5 61 62 1 5 1 5 54 12 1 5 0 1 64 61 1 5 1 15 66 32 0 1 0 2 55 62 1 5 0 2 65 12 1 5 1 25 52
6/8 61 1 5 0 0 57 32 0 1 1 5 64 62 1 5 1 5 67 12 1 5 0 1 59 32 1 5 1 15 60 72 0 1 0 2 52 33 1 5 0 2 55 53 1 5 1 25 59
6/8 42 1 5 0 0 69 62 0 1 1 5 67 12 1 5 1 5 57 43 1 5 0 1 70 11 1 5 1 15 62 32 0 1 0 2 54 52 1 5 0 2 66 12 1 5 1 25 63
6/8 221 1 5 0 0 56 42 0 1 1 5 68 62 1 5 1 5 56 222 1 5 0 1 63 11 1 5 1 15 60 32 0 1 0 2 57 62 1 5 0 2 61 12 1 5 1 25 50
6/8 71 1 5 0 0 60 42 0 1 1 5 50 72 1 5 1 5 69 222 1 5 0 1 53 32 1 5 1 15 70 52 0 1 0 2 67 72 1 5 0 2 57 33 1 5 1 25 67
6/8 61 1 5 0 0 56 32 0 1 1 5 69 62 1 5 1 5 58 12 1 5 0 1 60 32 1 5 1 15 53 72 0 1 0 2 69 33 1 5 0 2 65 53 1 5 1 25 64
6/8 42 1 5 0 0 55 62 0 1 1 5 64 12 1 5 1 5 62 43 1 5 0 1 59 11 1 5 1 15 59 32 0 1 0 2 53 52 1 5 0 2 63 72 1 5 1 25 55
6/8 221 1 5 0 0 67 42 0 1 1 5 55 62 1 5 1 5 59 222 1 5 0 1 63 11 1 5 1 15 62 32 0 1 0 2 51 61 0 1 0 2 58 62 0 1 1 25 68 11 0 1 1 25 52
6/8 71 1 5 0 0 61 42 0 1 1 5 58 71 0 1 1 5 67 52 0 1 0 1 60 32 0 1 0 1 62 61 1 5 1 15 54 32 0 1 0 2 50 62 1 5 0 2 52 12 1 5 1 25 64
6/8 61 1 5 0 0 63 32 0 1 1 5 70 62 1 5 1 5 61 12 1 5 0 1 61 61 1 5 1 15 51 32 0 1 0 2 67 62 1 5 0 2 58 12 1 5 1 25 56
6/8 32 1 5 0 0 51 72 0 1 1 5 69 33 1 5 1 5 61 53 1 5 0 1 64 42 1 5 1 15 69 62 0 1 0 2 65 12 1 5 0 2 51 43 1 5 1 25 61
6/8 11 1 5 0 0 64 32 0 1 1 5 54 52 1 5 1 5 61 12 1 5 0 1 60 42 1 5 1 15 66 62 0 1 0 2 50 42 0 1 0 2 66 42 1 5 1 25 50
6/8 221 1 5 0 0 58 62 0 1 1 5 63 221 0 1 1 5 52 221 1 5 0 1 56 71 1 5 1 15 56 221 0 1 0 2 57 41 0 1 0 2 51 71 1 5 1 25 70
6/8 32 1 5 0 0 64 52 0 1 1 5 54 72 1 5 1 5 53 33 1 5 0 1 55 61 1 5 1 15 57 32 0 1 0 2 57 62 1 5 0 2 50 12 1 5 1 25 53
6/8 32 1 5 0 0 68 72 0 1 1 5 67 52 0 1 1 5 66 33 0 1 0 1 65 72 0 1 0 1 54 42 1 5 1 15 67 62 0 1 0 2 57 12 1 5 0 2 69 43 1 5 1 25 61
6/8 11 1 5 0 0 62 52 0 1 1 5 64 32 0 1 1 5 58 12 0 1 0 1 56 52 0 1 0 1 70 221 1 5 1 15 59 42 0 1 0 2 57 62 1 5 0 2 68 222 1 5 1 25 62
6/8 11 1 5 0 0 70 32 0 1 1 5 55 62 1 5 1 5 52 12 1 5 0 1 70 221 1 5 1 15 63 72 0 1 0 2 66 32 0 1 0 2 63 32 0 1 1 25 55 221 0 1 1 25 54
6/8 61 1 5 0 0 67 32 0 1 1 5 54 62 1 5 1 5 55 12 1 5 0 1 59 61 1 5 1 15 66 32 0 1 0 2 67 62 1 5 0 2 66 12 1 5 1 25 50
6/8 71 1 5 0 0 51 42 0 1 1 5 60 72 1 5 1 5 55 22 1 5 0 1 57 71 1 5 1 15 64 42 0 1 0 2 67 72 1 5 0 2 67 22 1 5 1 25 53
6/8 42 1 5 0 0 52 12 0 1 1 5 59 43 1 5 1 5 55 613 1 5 0 1 51 52 1 5 1 15 50 72 0 1 0 2 64 22 1 5 0 2 58 53 1 5 1 25 70
6/8 21 1 5 0 0 53 42 0 1 1 5 58 612 1 5 1 5 52 22 1 5 0 1 60 32 1 5 1 15 55 52 0 1 0 2 50 72 1 5 0 2 51 33 1 5 1 25 55
6/8 21 1 5 0 0 67 42 0 1 1 5 59 72 1 5 1 5 63 22 1 5 0 1 67 11 1 5 1 15 64 52 0 1 0 2 63 12 1 5 0 2 61 33 1 5 1 25 64
6/8 42 1 5 0 0 70 612 0 1 1 5 67 12 1 5 1 5 63 43 1 5 0 1 55 71 1 5 1 15 63 42 0 1 0 2 69 72 1 5 0 2 52 22 1 5 1 25 69
6/8 42 1 5 0 0 54 12 0 1 1 5 56 43 1 5 1 5 54 613 1 5 0 1 66 52 1 5 1 15 63 72 0 1 0 2 50 22 1 5 0 2 55 53 1 5 1 25 54
6/8 21 1 5 0 0 56 42 0 1 1 5 61 612 1 5 1 5 63 22 1 5 0 1 65 32 1 5 1 15 56 52 0 1 0 2 62 72 1 5 0 2 63 33 1 5 1 25 54
6/8 21 1 15 0 0 57 42 0 1 1 5 63 21 0 1 1 5 52 32 1 5 1 15 54 52 0 1 0 2 52 72 1 5 0 2 68 33 1 5 1 25 59
6/8 21 1 15 0 0 58 42 0 1 1 5 60 21 0 1 1 5 56 32 1 5 1 15 70 52 0 1 0 2 58 72 1 5 0 2 53 33 1 5 1 25 61
6/8 21 1 5 0 0 51 42 0 1 1 5 61 72 1 5 1 5 70 22 1 5 0 1 66 11 1 5 1 15 70 42 0 1 0 2 67 611 0 1 0 2 68 612 0 1 1 25 51 42 0 1 1 25 66
6/8 71 1 5 0 0 63 42 0 1 1 5 70 72 1 5 1 5 66 22 1 5 0 1 70 71 1 5 1 15 55 42 0 1 0 2 70 72 1 5 0 2 64 22 1 5 1 25 57
6/8 71 1 5 0 0 56 42 0 1 1 5 52 72 1 5 1 5 62 22 1 5 0 1 69 22 0 1 1 15 57 42 0 1 1 15 64 22 0 1 0 2 68 72 0 1 0 2 60 43 0 1 1 25 67 72 0 1 1 25 66
6/8 71 1 5 0 0 67 42 0 1 1 5 69 72 1 5 1 5 60 22 1 5 0 1 55 42 1 5 1 15 63 12 0 1 0 2 54 43 1 5 0 2 53 613 1 5 1 25 52
6/8 52 1 5 0 0 61 72 0 1 1 5 70 22 1 5 1 5 62 53 1 5 0 1 62 21 1 5 1 15 60 42 0 1 0 2 60 612 1 5 0 2 52 22 1 5 1 25 52
6/8 52 1 5 0 0 56 22 0 1 1 5 53 52 0 1 1 5 66 52 1 5 0 1 56 32 1 5 1 15 50 72 0 1 0 2 50 32 0 1 0 2 53 32 1 5 1 25 53
6/8 11 1 5 0 0 53 32 0 1 1 5 53 51 0 1 1 5 63 11 1 5 0 1 63 42 1 5 1 15 56 612 0 1 0 2 54 12 1 5 0 2 62 43 1 5 1 25 55
6/8 71 1 5 0 0 60 42 0 1 1 5 56 72 1 5 1 5 56 22 1 5 0 1 53 42 1 5 1 15 70 12 0 1 0 2 63 43 1 5 0 2 69 613 1 5 1 25 60
6/8 52 1 5 0 0 68 72 0 1 1 5 64 22 1 5 1 5 67 53 1 5 0 1 66 21 1 5 1 15 60 42 0 1 0 2 53 612 1 5 0 2 69 22 1 5 1 25 56
6/8 32 1 5 0 0 63 52 0 1 1 5 64 72 1 5 1 5 56 33 1 5 0 1 58 21 1 5 1 15 55 42 0 1 0 2 54 72 1 5 0 2 58 22 1 5 1 25 52
6/8 32 1 5 0 0 53 12 0 1 1 5 70 42 0 1 1 5 61 42 0 1 0 1 69 32 0 1 0 1 51 71 1 5 1 15 58 42 0 1 0 2 54 72 1 5 0 2 58 22 1 5 1 25 65
6/8 71 1 5 0 0 59 42 0 1 1 5 70 72 1 5 1 5 59 22 1 5 0 1 63 71 1 5 1 15 55 42 0 1 0 2 60 71 0 1 0 2 58 72 0 1 1 25 63 21 0 1 1 25 56
6/8 22 0 1 0 0 58 42 0 1 0 0 69 43 0 1 1 5 61 72 0 1 1 5 56 43 0 1 0 1 68 22 0 1 0 1 52
6/8 61 1 5 0 0 68 32 0 1 1 5 51 62 1 5 1 5 56 12 1 5 0 1 56 61 1 5 1 15 64 32 0 1 0 2 68 62 1 5 0 2 55 12 1 5 1 25 56
6/8 61 1 5 0 0 66 32 0 1 1 5 62 62 1 5 1 5 68 12 1 5 0 1 55 61 1 5 1 15 58 32 0 1 0 2 54 62 1 5 0 2 51 12 1 5 1 25 68
6/8 61 1 5 0 0 54 32 0 1 1 5 68 62 1 5 1 5 68 12 1 5 0 1 54 32 1 5 1 15 55 72 0 1 0 2 50 33 1 5 0 2 59 53 1 5 1 25 64
6/8 42 1 5 0 0 51 62 0 1 1 5 51 12 1 5 1 5 66 43 1 5 0 1 69 11 1 5 1 15 55 32 0 1 0 2 68 52 1 5 0 2 55 12 1 5 1 25 68
6/8 221 1 5 0 0 67 42 0 1 1 5 53 62 1 5 1 5 69 222 1 5 0 1 66 11 1 5 1 15 62 32 0 1 0 2 61 62 1 5 0 2 65 12 1 5 1 25 66
6/8 71 1 5 0 0 58 42 0 1 1 5 56 72 1 5 1 5 58 222 1 5 0 1 57 32 1 5 1 15 60 52 0 1 0 2 54 72 1 5 0 2 60 33 1 5 1 25 50
6/8 61 1 5 0 0 50 32 0 1 1 5 68 62 1 5 1 5 65 12 1 5 0 1 50 32 1 5 1 15 68 72 0 1 0 2 55 33 1 5 0 2 59 53 1 5 1 25 55
6/8 42 1 5 0 0 63 62 0 1 1 5 50 12 1 5 1 5 50 43 1 5 0 1 60 11 1 5 1 15 54 32 0 1 0 2 53 52 1 5 0 2 57 12 1 5 1 25 56
6/8 221 1 5 0 0 57 42 0 1 1 5 70 62 1 5 1 5 54 222 1 5 0 1 61 11 1 5 1 15 52 32 0 1 0 2 66 62 1 5 0 2 67 12 1 5 1 25 67
6/8 71 1 5 0 0 69 42 0 1 1 5 67 71 0 1 1 5 55 52 0 1 0 1 61 32 0 1 0 1 55 61 1 5 1 15 66 32 0 1 0 2 55 62 1 5 0 2 56 12 1 5 1 25 56
6/8 61 1 5 0 0 68 32 0 1 1 5 70 62 1 5 1 5 56 12 1 5 0 1 54 61 1 5 1 15 51 32 0 1 0 2 69 62 1 5 0 2 55 12 1 5 1 25 63
6/8 32 1 5 0 0 68 72 0 1 1 5 50 33 1 5 1 5 60 53 1 5 0 1 51 42 1 5 1 15 53 62 0 1 0 2 62 12 1 5 0 2 64 43 1 5 1 25 65
6/8 11 1 5 0 0 66 32 0 1 1 5 61 52 1 5 1 5 59 12 1 5 0 1 61 42 1 5 1 15 52 12 0 1 0 2 66 42 0 1 0 2 56 42 1 5 1 25 52
6/8 221 1 5 0 0 67 62 0 1 1 5 59 221 0 1 1 5 51 221 1 5 0 1 50 71 1 5 1 15 54 221 0 1 0 2 56 41 0 1 0 2 51 71 1 5 1 25 60
6/8 32 1 5 0 0 59 52 0 1 1 5 60 72 1 5 1 5 64 33 1 5 0 1 56 61 1 5 1 15 51 32 0 1 0 2 61 62 1 5 0 2 58 12 1 5 1 25 65
6/8 32 1 5 0 0 62 72 0 1 1 5 52 33 1 5 1 5 55 53 1 5 0 1 51 42 1 5 1 15 53 62 0 1 0 2 60 12 1 5 0 2 63 43 1 5 1 25 57
6/8 11 1 5 0 0 56 32 0 1 1 5 62 52 1 5 1 5 62 12 1 5 0 1 68 221 1 5 1 15 68 42 0 1 0 2 64 62 1 5 0 2 52 222 1 5 1 25 56
6/8 11 1 5 0 0 67 32 0 1 1 5 67 62 1 5 1 5 51 12 1 5 0 1 53 221 1 5 1 15 64 72 0 1 0 2 64 33 1 5 0 2 60 53 1 5 1 25 67
6/8 61 1 5 0 0 58 32 0 1 1 5 59 62 1 5 1 5 50 12 1 5 0 1 70 61 1 5 1 15 69 32 0 1 0 2 51 62 1 5 0 2 58 12 1 5 1 25 62
6/8 61 1 5 0 0 65 32 0 1 1 5 57 62 1 5 1 5 70 12 1 5 0 1 58 61 1 5 1 15 61 32 0 1 0 2 54 62 1 5 0 2 50 12 1 5 1 25 65
6/8 32 1 5 0 0 56 72 0 1 1 5 52 33 1 5 1 5 54 53 1 5 0 1 69 42 1 5 1 15 68 62 0 1 0 2 67 12 1 5 0 2 62 43 1 5 1 25 61
6/8 11 1 5 0 0 55 32 0 1 1 5 69 52 1 5 1 5 69 12 1 5 0 1 55 221 1 5 1 15 59 42 0 1 0 2 57 62 1 5 0 2 61 222 1 5 1 25 63
6/8 11 1 5 0 0 52 32 0 1 1 5 59 62 1 5 1 5 59 12 1 5 0 1 69 71 1 5 1 15 65 42 0 1 0 2 62 72 1 5 0 2 52 222 1 5 1 25 54
6/8 32 1 5 0 0 67 52 0 1 1 5 59 72 1 5 1 5 59 33 1 5 0 1 66 61 1 5 1 15 65 32 0 1 0 2 70 62 1 5 0 2 63 12 1 5 1 25 53
6/8 32 1 5 0 0 57 72 0 1 1 5 50 33 1 5 1 5 50 53 1 5 0 1 68 42 1 5 1 15 66 62 0 1 0 2 62 12 1 5 0 2 66 43 1 5 1 25 57
6/8 11 1 5 0 0 62 32 0 1 1 5 67 52 1 5 1 5 65 12 1 5 0 1 61 221 1 5 1 15 53 42 0 1 0 2 52 62 1 5 0 2 54 222 1 5 1 25 70
6/8 11 1 5 0 0 67 32 0 1 1 5 64 62 1 5 1 5 58 12 1 5 0 1 53 71 1 5 1 15 59 42 0 1 0 2 60 71 0 1 0 2 52 32 0 1 1 25 69 32 0 1 1 25 63
6/8 61 1 5 0 0 62 32 0 1 1 5 64 62 1 5 1 5 54 12 1 5 0 1 55 61 1 5 1 15 66 32 0 1 0 2 54 62 1 5 0 2 55 12 1 5 1 25 63
6/8 61 1 5 0 0 52 32 0 1 1 5 52 62 1 5 1 5 53 12 1 5 0 1 69 61 1 5 1 15 64 32 0 1 0 2 70 62 1 5 0 2 52 12 1 5 1 25 55
6/8 32 1 5 0 0 61 72 0 1 1 5 65 33 1 5 1 5 56 53 1 5 0 1 59 42 1 5 1 15 70 62 0 1 0 2 52 12 1 5 0 2 55 43 1 5 1 25 69
6/8 11 1 5 0 0 54 32 0 1 1 5 63 52 1 5 1 5 67 12 1 5 0 1 67 42 1 5 1 15 52 12 0 1 0 2 58 42 0 1 0 2 61 42 1 5 1 25 63
6/8 221 1 5 0 0 51 62 0 1 1 5 65 221 0 1 1 5 64 221 1 5 0 1 67 71 1 5 1 15 55 221 0 1 0 2 63 41 0 1 0 2 51 71 1 5 1 25 56
6/8 32 1 5 0 0 53 52 0 1 1 5 53 72 1 5 1 5 55 33 1 5 0 1 62 61 1 5 1 15 65 32 0 1 0 2 51 62 1 5 0 2 58 12 1 5 1 25 70
6/8 32 1 5 0 0 68 72 0 1 1 5 70 33 1 5 1 5 67 53 1 5 0 1 60 42 1 5 1 15 61 62 0 1 0 2 50 12 1 5 0 2 54 43 1 5 1 25 67
6/8 11 1 5 0 0 63 32 0 1 1 5 55 52 1 5 1 5 70 12 1 5 0 1 68 221 1 5 1 15 66 42 0 1 0 2 56 62 1 5 0 2 65 222 1 5 1 25 69
6/8 11 1 5 0 0 58 32 0 1 1 5 54 62 1 5 1 5 53 12 1 5 0 1 61 221 1 5 1 15 70 72 0 1 0 2 52 32 0 1 0 2 60 32 0 1 1 25 56 221 0 1 1 25 67
6/8 61 1 5 0 0 61 32 0 1 1 5 59 62 1 5 1 5 60 12 1 5 0 1 64 61 1 5 1 15 53 32 0 1 0 2 59 62 1 5 0 2 56 12 1 5 1 25 59
6/8 61 1 5 0 0 70 32 0 1 1 5 50 62 1 5 1 5 50 12 1 5 0 1 61 61 1 5 1 15 68 32 0 1 0 2 68 62 1 5 0 2 64 12 1 5 1 25 57
6/8 61 1 5 0 0 57 32 0 1 1 5 60 62 1 5 1 5 69 12 1 5 0 1 65 32 1 5 1 15 54 72 0 1 0 2 59 33 1 5 0 2 58 53 1 5 1 25 66
6/8 42 1 5 0 0 66 62 0 1 1 5 50 12 1 5 1 5 68 43 1 5 0 1 61 11 1 5 1 15 56 32 0 1 0 2 60 52 1 5 0 2 70 12 1 5 1 25 50
6/8 221 1 5 0 0 54 42 0 1 1 5 50 62 1 5 1 5 62 222 1 5 0 1 53 11 1 5 1 15 68 32 0 1 0 2 63 62 1 5 0 2 69 12 1 5 1 25 56
6/8 71 1 5 0 0 51 42 0 1 1 5 62 72 1 5 1 5 58 222 1 5 0 1 52 32 1 5 1 15 50 52 0 1 0 2 50 72 1 5 0 2 58 33 1 5 1 25 65
6/8 61 1 5 0 0 66 32 0 1 1 5 70 62 1 5 1 5 69 12 1 5 0 1 60 32 1 5 1 15 57 72 0 1 0 2 55 33 1 5 0 2 65 53 1 5 1 25 64
6/8 42 1 5 0 0 55 62 0 1 1 5 52 12 1 5 1 5 68 43 1 5 0 1 63 11 1 5 1 15 55 32 0 1 0 2 54 52 1 5 0 2 50 72 1 5 1 25 60
6/8 221 1 5 0 0 64 42 0 1 1 5 52 62 1 5 1 5 54 222 1 5 0 1 51 11 1 5 1 15 60 32 0 1 0 2 69 61 0 1 0 2 52 62 0 1 1 25 50 11 0 1 1 25 61
6/8 71 1 5 0 0 58 42 0 1 1 5 63 71 0 1 1 5 67 52 0 1 0 1 50 32 0 1 0 1 50 61 1 5 1 15 65 32 0 1 0 2 69 62 1 5 0 2 58 12 1 5 1 25 55
6/8 61 1 5 0 0 55 32 0 1 1 5 51 62 1 5 1 5 70 12 1 5 0 1 65 61 1 5 1 15 66 32 0 1 0 2 68 62 1 5 0 2 68 12 1 5 1 25 60
6/8 32 1 5 0 0 60 72 0 1 1 5 58 33 1 5 1 5 52 53 1 5 0 1 64 42 1 5 1 15 68 62 0 1 0 2 66 12 1 5 0 2 65 43 1 5 1 25 57
6/8 11 1 5 0 0 54 32 0 1 1 5 66 52 1 5 1 5 58 12 1 5 0 1 62 42 1 5 1 15 53 62 0 1 0 2 57 42 0 1 0 2 57 42 1 5 1 25 53
6/8 221 1 5 0 0 62 62 0 1 1 5 60 221 0 1 1 5 61 221 1 5 0 1 59 71 1 5 1 15 70 221 0 1 0 2 61 41 0 1 0 2 64 71 1 5 1 25 61
6/8 32 1 5 0 0 65 52 0 1 1 5 67 72 1 5 1 5 50 33 1 5 0 1 51 61 1 5 1 15 63 32 0 1 0 2 65 62 1 5 0 2 69 12 1 5 1 25 53
6/8 32 1 5 0 0 56 72 0 1 1 5 67 52 0 1 1 5 66 33 0 1 0 1 62 72 0 1 0 1 55 42 1 5 1 15 70 62 0 1 0 2 67 12 1 5 0 2 61 43 1 5 1 25 59
6/8 11 1 5 0 0 52 52 0 1 1 5 61 32 0 1 1 5 69 12 0 1 0 1 61 52 0 1 0 1 68 221 1 5 1 15 50 42 0 1 0 2 55 62 1 5 0 2 62 222 1 5 1 25 52
6/8 11 1 5 0 0 65 32 0 1 1 5 54 62 1 5 1 5 58 12 1 5 0 1 65 221 1 5 1 15 57 72 0 1 0 2 69 32 0 1 0 2 57 32 0 1 1 25 52 221 0 1 1 25 54
6/8 61 1 5 0 0 56 32 0 1 1 5 64 62 1 5 1 5 70 12 1 5 0 1 58 61 1 5 1 15 68 32 0 1 0 2 70 62 1 5 0 2 54 12 1 5 1 25 57
6/8 71 1 5 0 0 64 42 0 1 1 5 68 72 1 5 1 5 61 22 1 5 0 1 70 71 1 5 1 15 59 42 0 1 0 2 65 72 1 5 0 2 64 22 1 5 1 25 61
6/8 42 1 5 0 0 62 12 0 1 1 5 68 43 1 5 1 5 67 613 1 5 0 1 70 52 1 5 1 15 57 72 0 1 0 2 60 22 1 5 0 2 60 53 1 5 1 25 51
6/8 21 1 5 0 0 65 42 0 1 1 5 63 612 1 5 1 5 62 22 1 5 0 1 70 32 1 5 1 15 52 52 0 1 0 2 59 72 1 5 0 2 65 33 1 5 1 25 54
6/8 21 1 5 0 0 67 42 0 1 1 5 58 72 1 5 1 5 58 22 1 5 0 1 64 11 1 5 1 15 50 52 0 1 0 2 69 12 1 5 0 2 62 33 1 5 1 25 56
6/8 42 1 5 0 0 65 612 0 1 1 5 60 12 1 5 1 5 62 43 1 5 0 1 60 71 1 5 1 15 70 42 0 1 0 2 55 72 1 5 0 2 58 22 1 5 1 25 51
6/8 42 1 5 0 0 66 12 0 1 1 5 57 43 1 5 1 5 65 613 1 5 0 1 69 52 1 5 1 15 51 72 0 1 0 2 58 22 1 5 0 2 60 53 1 5 1 25 59
6/8 21 1 5 0 0 67 42 0 1 1 5 50 612 1 5 1 5 56 22 1 5 0 1 66 32 1 5 1 15 64 52 0 1 0 2 56 72 1 5 0 2 65 33 1 5 1 25 50
6/8 21 1 15 0 0 62 42 0 1 1 5 67 21 0 1 1 5 52 32 1 5 1 15 56 52 0 1 0 2 62 72 1 5 0 2 63 33 1 5 1 25 56
6/8 21 1 15 0 0 53 42 0 1 1 5 52 21 0 1 1 5 68 32 1 5 1 15 53 52 0 1 0 2 67 72 1 5 0 2 54 33 1 5 1 25 51
6/8 21 1 5 0 0 64 42 0 1 1 5 58 72 1 5 1 5 70 22 1 5 0 1 60 11 1 5 1 15 54 42 0 1 0 2 65 611 0 1 0 2 68 612 0 1 1 25 69 42 0 1 1 25 69
6/8 71 1 5 0 0 60 42 0 1 1 5 63 72 1 5 1 5 61 22 1 5 0 1 55 71 1 5 1 15 56 42 0 1 0 2 53 72 1 5 0 2 58 22 1 5 1 25 58
6/8 71 1 5 0 0 65 42 0 1 1 5 64 72 1 5 1 5 64 22 1 5 0 1 68 22 0 1 1 15 64 42 0 1 1 15 62 22 0 1 0 2 63 72 0 1 0 2 70 43 0 1 1 25 52 72 0 1 1 25 62
6/8 71 1 5 0 0 51 42 0 1 1 5 69 72 1 5 1 5 62 22 1 5 0 1 51 42 1 5 1 15 61 12 0 1 0 2 63 43 1 5 0 2 60 613 1 5 1 25 52
6/8 52 1 5 0 0 64 72 0 1 1 5 58 22 1 5 1 5 54 53 1 5 0 1 59 21 1 5 1 15 53 42 0 1 0 2 63 612 1 5 0 2 62 22 1 5 1 25 53
6/8 52 1 5 0 0 58 22 0 1 1 5 53 52 0 1 1 5 67 52 1 5 0 1 57 32 1 5 1 15 62 72 0 1 0 2 70 32 0 1 0 2 53 32 1 5 1 25 70
6/8 11 1 5 0 0 58 32 0 1 1 5 65 51 0 1 1 5 56 11 1 5 0 1 50 42 1 5 1 15 70 612 0 1 0 2 63 12 1 5 0 2 60 43 1 5 1 25 70
6/8 71 1 5 0 0 63 42 0 1 1 5 52 72 1 5 1 5 55 22 1 5 0 1 52 42 1 5 1 15 54 12 0 1 0 2 58 43 1 5 0 2 61 613 1 5 1 25 51
6/8 52 1 5 0 0 58 72 0 1 1 5 67 22 1 5 1 5 53 53 1 5 0 1 66 21 1 5 1 15 55 42 0 1 0 2 66 612 1 5 0 2 63 22 1 5 1 25 62
6/8 32 1 5 0 0 53 52 0 1 1 5 61 72 1 5 1 5 64 33 1 5 0 1 53 21 1 5 1 15 54 42 0 1 0 2 68 72 1 5 0 2 58 22 1 5 1 25 69
6/8 32 1 5 0 0 62 12 0 1 1 5 53 42 0 1 1 5 64 42 0 1 0 1 50 32 0 1 0 1 65 71 1 5 1 15 62 42 0 1 0 2 55 72 1 5 0 2 61 22 1 5 1 25 62
6/8 71 1 5 0 0 59 42 0 1 1 5 69 72 1 5 1 5 53 22 1 5 0 1 57 71 1 5 1 15 66 42 0 1 0 2 63 71 0 1 0 2 68 72 0 1 1 25 60 21 0 1 1 25 51
6/8 22 0 1 0 0 60 42 0 1 0 0 59 43 0 1 1 5 62 72 0 1 1 5 61 43 0 1 0 1 53 22 0 1 0 1 61
6/8
6/8 63 2 25 1 25 71 73 2 25 2 275 71
6/8 13 2 25 0 0 75 63 2 25 2 25 71 34 2 75 1 5 69 13 2 25 2 125 76 73 1 5 1 15 68 34 1 5 0 2 69 73 1 5 1 25 66
6/8 63 2 25 0 0 71 43 2 25 2 25 79 13 2 75 1 5 67 63 2 25 2 125 64 53 0 1 1 15 75 63 2 25 1 25 63 53 2 25 2 275 63
6/8 43 1 5 0 0 74 53 1 5 1 5 63 63 2 25 0 1 76 73 2 25 2 125 74 33 1 5 1 15 60 63 1 5 0 2 74 73 2 25 1 25 80 13 2 25 2 275 77
6/8 223 1 5 0 0 76 223 2 25 1 5 80 13 2 25 2 75 70 73 2 25 0 1 60 63 2 25 2 125 60 73 2 75 1 15 76 63 2 25 1 25 67 73 2 25 2 275 75
6/8 13 2 25 0 0 65 63 2 25 2 25 77 34 2 75 1 5 62 13 2 25 2 125 67 73 1 5 1 15 72 34 1 5 0 2 62 73 1 5 1 25 61
6/8 63 2 25 0 0 65 43 2 25 2 25 60 43 1 5 1 5 76 53 2 25 0 1 68 63 2 25 2 125 71 33 0 1 1 15 67 33 2 25 2 275 68
6/8 43 1 5 0 0 71 53 1 5 1 5 79 63 2 25 0 1 65 73 2 25 2 125 74 33 1 5 1 15 65 63 1 5 0 2 76 73 2 25 1 25 75 13 2 25 2 275 71
6/8 223 2 25 0 0 80 223 2 25 1 5 65 13 2 25 2 75 68 73 2 25 0 1 77 63 2 25 2 125 79 63 1 15 1 15 75
6/8 13 2 25 0 1 76 223 2 25 2 125 75 34 1 5 1 15 68 34 1 5 0 2 72 34 1 5 1 25 64
6/8 34 1 5 0 0 77 34 2 25 1 5 60 44 2 25 2 75 60 34 2 25 0 1 75 223 2 25 2 125 78 13 1 5 1 15 79 13 1 5 0 2 63 13 1 5 1 25 72
6/8 13 1 5 0 0 79 13 2 25 1 5 63 223 2 25 2 75 78 13 2 25 0 1 79 73 2 25 2 125 65 63 2 25 1 15 69 63 2 25 0 2 65 63 2 25 1 25 76 53 2 25 2 275 78
6/8 43 1 5 0 0 77 53 1 5 1 5 77 53 2 25 0 1 74 63 2 25 2 125 60 73 2 25 1 15 73 73 2 25 0 2 64 13 2 25 2 225 71 73 2 25 1 25 66 13 2 25 2 275 75
6/8 73 2 75 0 0 63 13 2 25 0 1 60 223 2 25 2 125 79 34 1 5 1 15 62 34 1 5 0 2 75 34 1 5 1 25 66
6/8 34 1 5 0 0 76 34 2 25 1 5 63 44 2 25 2 75 74 34 2 25 0 1 72 223 2 25 2 125 62 13 1 5 1 15 65 13 1 5 0 2 71 13 1 5 1 25 80
6/8 13 2 25 0 0 78 223 2 25 2 25 71 13 2 25 1 5 74 73 2 25 2 75 77 63 2 25 0 1 60 53 2 25 2 125 64 43 2 25 2 175 63 43 2 25 0 2 78 53 2 25 2 225 60 63 2 25 1 25 67 73 2 25 2 275 66
6/8 33 1 5 0 0 79 63 1 5 1 5 65 73 2 25 0 1 60 13 2 25 2 125 74 73 2 75 1 15 77 73 2 25 2 225 74 73 2 25 1 25 74 63 2 25 2 275 75
6/8 63 2 75 0 0 73
6/8 64 2 25 0 1 78 74 2 25 2 125 70 14 2 25 1 15 74 64 2 25 2 175 70 35 2 75 0 2 79 14 2 25 2 275 61
6/8 74 1 5 0 0 62 35 1 5 1 5 66 74 1 5 0 1 65 64 2 25 1 15 70 44 2 25 2 175 65 14 2 75 0 2 62 64 2 25 2 275 64
6/8 54 0 1 0 0 67 64 2 25 0 1 67 54 2 25 2 125 61 44 1 5 1 15 65 54 1 5 0 2 68 64 2 25 1 25 68 74 2 25 2 275 72
6/8 34 1 5 0 0 67 64 1 5 1 5 67 74 2 25 0 1 79 14 2 25 2 125 64 224 1 5 1 15 67 224 2 25 0 2 61 14 2 25 2 225 77 74 2 25 1 25 68 64 2 25 2 275 61
6/8 74 2 75 0 0 71 64 2 25 0 1 79 74 2 25 2 125 71 14 2 25 1 15 61 64 2 25 2 175 73 35 2 75 0 2 71 14 2 25 2 275 61
6/8 74 1 5 0 0 69 35 1 5 1 5 65 74 1 5 0 1 65 64 2 25 1 15 68 44 2 25 2 175 66 44 1 5 0 2 61 54 2 25 1 25 76 64 2 25 2 275 62
6/8 34 2 75 0 0 76 34 1 5 0 1 68 44 1 5 1 15 63 54 1 5 0 2 66 64 2 25 1 25 77 74 2 25 2 275 63
6/8 34 1 5 0 0 78 64 1 5 1 5 67 74 2 25 0 1 73 14 2 25 2 125 62 224 2 25 1 15 70 224 2 25 0 2 78 14 2 25 2 225 80 74 2 25 1 25 76 64 2 25 2 275 73
6/8 64 1 15 0 0 72
6/8 14 2 25 0 1 64 224 2 25 2 125 76 35 1 5 1 15 68 35 1 5 0 2 65 35 1 5 1 25 60
6/8 35 1 5 0 0 67 35 2 25 1 5 75 45 2 25 2 75 61 35 2 25 0 1 67 224 2 25 2 125 68 14 1 5 1 15 70 14 1 5 0 2 69 14 1 5 1 25 75
6/8 14 1 5 0 0 74 14 2 25 1 5 67 224 2 25 2 75 61 14 2 25 0 1 67 74 2 25 2 125 61 64 2 25 1 15 64 64 2 25 0 2 61 64 2 25 1 25 75 54 2 25 2 275 73
6/8 44 1 5 0 0 77 54 1 5 1 5 63 54 2 25 0 1 68 64 2 25 2 125 69 74 2 25 1 15 62 74 2 25 0 2 79 14 2 25 2 225 80 74 2 25 1 25 64 14 2 25 2 275 60
6/8 74 2 75 0 0 62 14 2 25 0 1 64 224 2 25 2 125 66 35 1 5 1 15 61 35 1 5 0 2 73 35 1 5 1 25 75
6/8 35 1 5 0 0 70 35 2 25 1 5 80 45 2 25 2 75 70 35 2 25 0 1 74 224 2 25 2 125 73 14 1 5 1 15 62 14 1 5 0 2 71 14 1 5 1 25 74
6/8 14 2 25 0 0 78 224 2 25 2 25 63 14 2 25 1 5 63 74 2 25 2 75 67 64 2 25 0 1 64 54 2 25 2 125 64 44 2 25 0 2 70 54 2 25 2 225 65 64 2 25 1 25 78 74 2 25 2 275 80
6/8 34 1 5 0 0 73 64 1 5 1 5 65 74 2 25 0 1 66 14 2 25 2 125 72 74 2 75 1 15 63 74 2 25 2 225 79 74 2 25 1 25 60 64 2 25 2 275 63
6/8 64 0 3 0 0 71
6/8 63 2 25 1 25 70 73 2 25 2 275 66
6/8 13 2 25 0 0 74 63 2 25 2 25 63 34 2 75 1 5 80 13 2 25 2 125 78 73 1 5 1 15 65 34 1 5 0 2 63 73 1 5 1 25 79
6/8 63 2 25 0 0 70 43 2 25 2 25 74 13 2 75 1 5 68 63 2 25 2 125 64 53 0 1 1 15 72 63 2 25 1 25 75 53 2 25 2 275 72
6/8 43 1 5 0 0 71 53 1 5 1 5 72 63 2 25 0 1 80 73 2 25 2 125 69 33 1 5 1 15 66 63 1 5 0 2 75 73 2 25 1 25 77 13 2 25 2 275 75
6/8 223 1 5 0 0 74 223 2 25 1 5 65 13 2 25 2 75 78 73 2 25 0 1 74 63 2 25 2 125 72 73 2 75 1 15 79 63 2 25 1 25 80 73 2 25 2 275 76
6/8 13 2 25 0 0 65 63 2 25 2 25 63 34 2 75 1 5 74 13 2 25 2 125 74 73 1 5 1 15 61 34 1 5 0 2 64 73 1 5 1 25 78
6/8 63 2 25 0 0 64 43 2 25 2 25 73 43 1 5 1 5 70 53 2 25 0 1 69 63 2 25 2 125 61 33 0 1 1 15 79 33 1 5 1 25 61
6/8 43 1 5 0 0 67 53 1 5 1 5 76 63 2 25 0 1 69 73 2 25 2 125 66 33 1 5 1 15 67 63 1 5 0 2 72 73 2 25 1 25 68 13 2 25 2 275 78
6/8 223 2 25 0 0 61 223 2 25 1 5 64 13 2 25 2 75 63 73 2 25 0 1 80 63 2 25 2 125 68 63 1 15 1 15 75
6/8 13 2 25 0 1 73 223 2 25 2 125 72 34 1 5 1 15 74 34 1 5 0 2 67 34 1 5 1 25 71
6/8 34 1 5 0 0 80 34 2 25 1 5 62 44 2 25 2 75 69 34 2 25 0 1 65 223 2 25 2 125 66 13 1 5 1 15 67 13 1 5 0 2 66 13 1 5 1 25 65
6/8 13 1 5 0 0 64 13 2 25 1 5 70 223 2 25 2 75 60 13 2 25 0 1 71 73 2 25 2 125 79 63 1 5 1 15 69 13 0 1 0 2 68 63 0 1 0 2 60 63 2 25 2 225 61 44 0 1 1 25 75 63 0 1 1 25 68 34 0 1 2 275 60 53 0 1 2 275 71
6/8 43 0 1 0 0 79 223 0 1 0 0 79 43 0 1 0 0 77 53 0 1 1 5 73 53 0 1 1 5 65 53 0 1 0 1 74 53 0 1 0 1 77 63 0 1 2 125 78 63 0 1 2 125 63 73 0 1 1 15 75 223 0 1 1 15 67 73 0 1 1 15 73 73 0 1 0 2 75 223 0 1 0 2 63 73 0 1 0 2 77 13 0 1 2 225 60 223 0 1 2 225 67 13 0 1 2 225 66 73 0 1 1 25 78 223 0 1 1 25 74 524 0 1 1 25 74 73 0 1 1 25 62 13 0 1 2 275 76 223 0 1 2 275 69 13 0 1 2 275 72
6/8 73 0 1 0 0 67 223 0 1 0 0 77 54 0 1 0 0 72 73 0 1 0 0 71 14 2 25 0 1 68 224 2 25 2 125 67 35 1 5 1 15 68 35 1 5 0 2 79 35 1 5 1 25 72
6/8 35 1 5 0 0 80 35 2 25 1 5 62 45 2 25 2 75 77 35 2 25 0 1 64 224 2 25 2 125 73 14 1 5 1 15 80 14 1 5 0 2 68 14 1 5 1 25 78
6/8 14 2 25 0 0 60 224 2 25 2 25 67 14 2 25 1 5 66 74 2 25 2 75 80 64 2 25 0 1 63 54 2 25 2 125 61 44 1 5 1 15 72 44 2 25 0 2 79 54 2 25 2 225 77 64 2 25 1 25 70 74 2 25 2 275 73
6/8 34 1 5 0 0 77 64 1 5 1 5 68 74 2 25 0 1 76 14 2 25 2 125 75 74 2 75 1 15 68 74 2 25 2 225 67 74 2 25 1 25 80 64 2 25 2 275 72
6/8 34 0 1 0 0 63 63 0 1 0 0 78
6/8 73 2 25 0 1 64 13 2 25 2 125 65 23 2 25 1 15 76 73 2 25 2 175 68 44 2 75 0 2 76 23 2 25 2 275 75
6/8 13 1 5 0 0 72 44 1 5 1 5 79 13 1 5 0 1 69 73 2 25 1 15 70 53 2 25 2 175 65 23 2 75 0 2 67 73 2 25 2 275 76
6/8 613 0 1 0 0 65 73 2 25 0 1 79 613 2 25 2 125 73 53 1 5 1 15 78 613 1 5 0 2 80 73 2 25 1 25 71 13 2 25 2 275 75
6/8 43 1 5 0 0 72 73 1 5 1 5 80 13 2 25 0 1 63 23 2 25 2 125 65 34 1 5 1 15 71 34 2 25 0 2 65 23 2 25 2 225 74 13 2 25 1 25 69 73 2 25 2 275 78
6/8 13 0 1 0 0 77 73 2 25 0 1 69 13 2 25 2 125 62 23 2 25 1 15 75 73 2 25 2 175 61 44 2 75 0 2 78 23 2 25 2 275 79
6/8 13 1 5 0 0 64 44 1 5 1 5 60 13 1 5 0 1 75 73 2 25 1 15 78 53 2 25 2 175 79 53 1 5 0 2 65 613 2 25 1 25 77 73 2 25 2 275 78
6/8 43 0 1 0 0 75 43 1 5 0 1 65 53 1 5 1 15 70 613 1 5 0 2 75 73 2 25 1 25 73 13 2 25 2 275 77
6/8 43 1 5 0 0 75 73 2 75 1 5 68 613 2 25 2 125 76 53 1 5 1 15 69 613 1 5 0 2 67 73 2 25 1 25 71 13 2 25 2 275 68
6/8 43 0 1 0 0 60 73 2 25 0 1 64 613 2 25 2 125 62 53 1 5 1 15 78 613 1 5 0 2 75 73 2 25 1 25 68 13 2 25 2 275 70
6/8 43 1 5 0 0 60 73 1 5 1 5 61 13 2 25 0 1 79 23 2 25 2 125 63 34 1 5 1 15 62 34 2 25 0 2 61 23 2 25 2 225 67 13 2 25 1 25 68 73 2 25 2 275 79
6/8 73 0 3 0 0 64
6/8 23 0 1 1 25 68 23 0 1 1 25 64 34 0 1 2 275 79 34 0 1 2 275 75
6/8 44 0 1 0 0 74 44 0 1 0 0 71 44 0 1 1 5 60 44 0 1 1 5 77 44 0 1 0 1 76 44 0 1 0 1 68 44 0 1 1 15 78 44 0 1 1 15 80 44 0 1 0 2 69 44 0 1 0 2 66 54 0 1 2 225 65 54 0 1 2 225 73 44 0 1 1 25 60 44 0 1 1 25 74 34 0 1 2 275 72 34 0 1 2 275 77
6/8 23 0 1 0 0 60 23 0 1 0 0 65 23 0 1 1 5 65 23 0 1 1 5 61 23 0 1 0 1 76 23 0 1 0 1 76 23 0 1 1 15 63 23 0 1 1 15 75 23 0 1 0 2 71 23 0 1 0 2 62 34 0 1 2 225 70 34 0 1 2 225 60 23 0 1 1 25 66 23 0 1 1 25 67 13 0 1 2 275 68 13 0 1 2 275 78
6/8 73 0 1 0 0 75 73 0 1 0 0 72 73 0 1 1 5 79 73 0 1 1 5 63 73 0 1 0 1 60 73 0 1 0 1 73 613 0 1 2 125 67 613 0 1 2 125 74 53 0 1 1 15 60 53 0 1 1 15 62 613 0 1 0 2 77 613 0 1 0 2 78 613 0 1 1 25 70 613 0 1 1 25 65 73 0 1 2 275 75 73 0 1 2 275 68
6/8 13 0 1 0 0 72 34 0 1 0 0 78 13 0 1 0 0 60 13 0 1 1 5 64 34 0 1 1 5 70 13 0 1 1 5 65 23 0 1 2 75 73 34 0 1 2 75 67 23 0 1 2 75 78 13 0 1 0 1 67 34 0 1 0 1 79 64 0 1 0 1 71 13 0 1 0 1 72 23 0 1 2 125 60 34 0 1 2 125 60 23 0 1 2 125 70 13 0 1 1 15 66 34 0 1 1 15 60 614 0 1 1 15 55 13 0 1 1 15 60 23 0 1 1 25 65 23 0 1 1 25 74 34 0 1 2 275 62 34 0 1 2 275 63
6/8 44 0 1 0 0 64 44 0 1 0 0 62 44 0 1 1 5 74 44 0 1 1 5 70 44 0 1 0 1 60 44 0 1 0 1 71 44 0 1 1 15 74 44 0 1 1 15 77 44 0 1 0 2 72 44 0 1 0 2 67 54 0 1 2 225 78 54 0 1 2 225 62 44 0 1 1 25 79 44 0 1 1 25 75 34 0 1 2 275 69 34 0 1 2 275 66
6/8 23 0 1 0 0 70 23 0 1 0 0 76 23 0 1 1 5 60 23 0 1 1 5 65 23 0 1 0 1 75 23 0 1 0 1 71 23 0 1 1 15 63 23 0 1 1 15 62 34 0 1 2 175 63 34 0 1 2 175 66 23 0 1 0 2 75 23 0 1 0 2 71 13 0 1 2 225 67 13 0 1 2 225 61 73 0 1 1 25 76 73 0 1 1 25 75 613 0 1 2 275 76 613 0 1 2 275 72
6/8 53 0 1 1 5 72 53 0 1 1 5 78 613 0 1 2 75 63 613 0 1 2 75 64 73 0 1 0 1 68 73 0 1 0 1 71 13 0 1 2 125 80 13 0 1 2 125 70 43 0 1 1 15 78 73 0 1 1 15 79 43 0 1 1 15 64 73 0 1 0 2 60 73 0 1 0 2 66 13 0 1 1 25 77 13 0 1 1 25 75 23 0 1 2 275 64 23 0 1 2 275 73
6/8 13 0 1 0 0 67 13 0 1 0 0 60 13 0 1 2 75 64 13 0 1 2 75 69 13 0 1 0 1 70 13 0 1 0 1 77 73 0 1 2 125 62 73 0 1 2 125 71 73 0 1 1 15 65 23 0 1 1 15 74 44 0 1 1 15 55 73 0 1 1 15 65
6/8 73 0 1 0 0 60 23 0 1 0 0 60 44 0 1 0 0 67 73 0 1 0 0 63
6/8 73 0 1 1 15 72 23 0 1 1 15 67 44 0 1 1 15 59 73 0 1 1 15 64
6/8
6/8 63 2 25 1 25 80 73 2 25 2 275 71
6/8 13 2 25 0 0 78 63 2 25 2 25 67 34 2 75 1 5 73 13 2 25 2 125 79 73 1 5 1 15 64 34 1 5 0 2 80 73 1 5 1 25 67
6/8 63 2 25 0 0 80 43 2 25 2 25 79 13 2 75 1 5 72 63 2 25 2 125 62 53 0 1 1 15 70 63 2 25 1 25 78 53 2 25 2 275 64
6/8 43 1 5 0 0 68 53 1 5 1 5 63 63 2 25 0 1 63 73 2 25 2 125 61 33 1 5 1 15 74 63 1 5 0 2 71 73 2 25 1 25 73 13 2 25 2 275 67
6/8 223 1 5 0 0 63 223 2 25 1 5 64 13 2 25 2 75 66 73 2 25 0 1 63 63 2 25 2 125 70 73 2 75 1 15 69 63 2 25 1 25 79 73 2 25 2 275 62
6/8 13 2 25 0 0 70 63 2 25 2 25 77 34 2 75 1 5 72 13 2 25 2 125 64 73 1 5 1 15 65 34 1 5 0 2 65 73 1 5 1 25 75
6/8 63 2 25 0 0 68 43 2 25 2 25 73 43 1 5 1 5 78 53 2 25 0 1 60 63 2 25 2 125 68 33 0 1 1 15 61 33 2 25 2 275 76
6/8 43 1 5 0 0 78 53 1 5 1 5 61 63 2 25 0 1 69 73 2 25 2 125 72 33 1 5 1 15 68 63 1 5 0 2 74 73 2 25 1 25 63 13 2 25 2 275 66
6/8 223 2 25 0 0 76 223 2 25 1 5 73 13 2 25 2 75 78 73 2 25 0 1 72 63 2 25 2 125 64 63 1 15 1 15 72
6/8 13 2 25 0 1 72 223 2 25 2 125 73 34 1 5 1 15 74 34 1 5 0 2 64 34 1 5 1 25 68
6/8 34 1 5 0 0 76 34 2 25 1 5 79 44 2 25 2 75 76 34 2 25 0 1 60 223 2 25 2 125 67 13 1 5 1 15 73 13 1 5 0 2 68 13 1 5 1 25 70
6/8 13 1 5 0 0 61 13 2 25 1 5 79 223 2 25 2 75 71 13 2 25 0 1 64 73 2 25 2 125 71 63 2 25 1 15 68 63 2 25 0 2 64 63 2 25 1 25 73 53 2 25 2 275 67
6/8 43 1 5 0 0 62 53 1 5 1 5 62 53 2 25 0 1 62 63 2 25 2 125 60 73 2 25 1 15 78 73 2 25 0 2 74 13 2 25 2 225 75 73 2 25 1 25 69 13 2 25 2 275 60
6/8 73 2 75 0 0 73 13 2 25 0 1 65 223 2 25 2 125 68 34 1 5 1 15 69 34 1 5 0 2 62 34 1 5 1 25 72
6/8 34 1 5 0 0 66 34 2 25 1 5 73 44 2 25 2 75 62 34 2 25 0 1 70 223 2 25 2 125 61 13 1 5 1 15 68 13 1 5 0 2 73 13 1 5 1 25 61
6/8 13 2 25 0 0 73 223 2 25 2 25 64 13 2 25 1 5 80 73 2 25 2 75 69 63 2 25 0 1 76 53 2 25 2 125 76 43 2 25 2 175 63 43 2 25 0 2 63 53 2 25 2 225 77 63 2 25 1 25 68 73 2 25 2 275 69
6/8 33 1 5 0 0 79 63 1 5 1 5 66 73 2 25 0 1 74 13 2 25 2 125 60 73 2 75 1 15 78 73 2 25 2 225 75 73 2 25 1 25 66 63 2 25 2 275 67
6/8 63 2 75 0 0 71
6/8 64 2 25 0 1 77 74 2 25 2 125 62 14 2 25 1 15 79 64 2 25 2 175 75 35 2 75 0 2 73 14 2 25 2 275 65
6/8 74 1 5 0 0 80 35 1 5 1 5 70 74 1 5 0 1 78 64 2 25 1 15 72 44 2 25 2 175 60 14 2 75 0 2 60 64 2 25 2 275 60
6/8 54 0 1 0 0 64 64 2 25 0 1 60 54 2 25 2 125 63 44 1 5 1 15 66 54 1 5 0 2 70 64 2 25 1 25 79 74 2 25 2 275 62
6/8 34 1 5 0 0 74 64 1 5 1 5 80 74 2 25 0 1 67 14 2 25 2 125 60 224 1 5 1 15 66 224 2 25 0 2 61 14 2 25 2 225 60 74 2 25 1 25 71 64 2 25 2 275 78
6/8 74 2 75 0 0 75 64 2 25 0 1 61 74 2 25 2 125 74 14 2 25 1 15 67 64 2 25 2 175 68 35 2 75 0 2 74 14 2 25 2 275 77
6/8 74 1 5 0 0 77 35 1 5 1 5 77 74 1 5 0 1 64 64 2 25 1 15 63 44 2 25 2 175 64 44 1 5 0 2 71 54 2 25 1 25 72 64 2 25 2 275 71
6/8 34 2 75 0 0 69 34 1 5 0 1 63 44 1 5 1 15 61 54 1 5 0 2 60 64 2 25 1 25 72 74 2 25 2 275 71
6/8 34 1 5 0 0 71 64 1 5 1 5 70 74 2 25 0 1 64 14 2 25 2 125 79 224 2 25 1 15 78 224 2 25 0 2 67 14 2 25 2 225 68 74 2 25 1 25 60 64 2 25 2 275 69
6/8 64 1 15 0 0 72
6/8 14 2 25 0 1 71 224 2 25 2 125 78 35 1 5 1 15 62 35 1 5 0 2 67 35 1 5 1 25 74
6/8 35 1 5 0 0 60 35 2 25 1 5 68 45 2 25 2 75 68 35 2 25 0 1 66 224 2 25 2 125 76 14 1 5 1 15 76 14 1 5 0 2 71 14 1 5 1 25 63
6/8 14 1 5 0 0 64 14 2 25 1 5 61 224 2 25 2 75 71 14 2 25 0 1 76 74 2 25 2 125 64 64 2 25 1 15 76 64 2 25 0 2 77 64 2 25 1 25 70 54 2 25 2 275 69
6/8 44 1 5 0 0 75 54 1 5 1 5 77 54 2 25 0 1 76 64 2 25 2 125 73 74 2 25 1 15 73 74 2 25 0 2 60 14 2 25 2 225 60 74 2 25 1 25 62 14 2 25 2 275 64
6/8 74 2 75 0 0 76 14 2 25 0 1 77 224 2 25 2 125 71 35 1 5 1 15 63 35 1 5 0 2 62 35 1 5 1 25 63
6/8 35 1 5 0 0 74 35 2 25 1 5 78 45 2 25 2 75 65 35 2 25 0 1 66 224 2 25 2 125 67 14 1 5 1 15 72 14 1 5 0 2 79 14 1 5 1 25 66
6/8 14 2 25 0 0 69 224 2 25 2 25 61 14 2 25 1 5 75 74 2 25 2 75 73 64 2 25 0 1 62 54 2 25 2 125 67 44 2 25 0 2 71 54 2 25 2 225 68 64 2 25 1 25 78 74 2 25 2 275 65
6/8 34 1 5 0 0 62 64 1 5 1 5 75 74 2 25 0 1 78 14 2 25 2 125 79 74 2 75 1 15 61 74 2 25 2 225 73 74 2 25 1 25 76 64 2 25 2 275 68
6/8 64 0 3 0 0 72
6/8 63 2 25 1 25 70 73 2 25 2 275 71
6/8 13 2 25 0 0 78 63 2 25 2 25 79 34 2 75 1 5 74 13 2 25 2 125 73 73 1 5 1 15 78 34 1 5 0 2 60 73 1 5 1 25 69
6/8 63 2 25 0 0 64 43 2 25 2 25 67 13 2 75 1 5 73 63 2 25 2 125 65 53 0 1 1 15 60 63 2 25 1 25 76 53 2 25 2 275 73
6/8 43 1 5 0 0 76 53 1 5 1 5 79 63 2 25 0 1 61 73 2 25 2 125 68 33 1 5 1 15 75 63 1 5 0 2 77 73 2 25 1 25 66 13 2 25 2 275 70
6/8 223 1 5 0 0 64 223 2 25 1 5 68 13 2 25 2 75 68 73 2 25 0 1 66 63 2 25 2 125 61 73 2 75 1 15 60 63 2 25 1 25 66 73 2 25 2 275 73
6/8 13 2 25 0 0 72 63 2 25 2 25 66 34 2 75 1 5 69 13 2 25 2 125 67 73 1 5 1 15 69 34 1 5 0 2 62 73 1 5 1 25 80
6/8 63 2 25 0 0 73 43 2 25 2 25 78 43 1 5 1 5 78 53 2 25 0 1 68 63 2 25 2 125 70 33 0 1 1 15 78 33 1 5 1 25 64
6/8 43 1 5 0 0 78 53 1 5 1 5 79 63 2 25 0 1 60 73 2 25 2 125 77 33 1 5 1 15 71 63 1 5 0 2 64 73 2 25 1 25 72 13 2 25 2 275 77
6/8 223 2 25 0 0 75 223 2 25 1 5 79 13 2 25 2 75 67 73 2 25 0 1 70 63 2 25 2 125 70 63 1 15 1 15 67
6/8 13 2 25 0 1 64 223 2 25 2 125 62 34 1 5 1 15 61 34 1 5 0 2 65 34 1 5 1 25 60
6/8 34 1 5 0 0 80 34 2 25 1 5 77 44 2 25 2 75 78 34 2 25 0 1 68 223 2 25 2 125 71 13 1 5 1 15 67 13 1 5 0 2 64 13 1 5 1 25 76
6/8 13 1 5 0 0 63 13 2 25 1 5 73 223 2 25 2 75 69 13 2 25 0 1 70 73 2 25 2 125 66 63 1 5 1 15 75 13 0 1 0 2 60 63 0 1 0 2 78 63 2 25 2 225 68 44 0 1 1 25 80 63 0 1 1 25 73 34 0 1 2 275 62 53 0 1 2 275 72
6/8 43 0 1 0 0 74 223 0 1 0 0 60 43 0 1 0 0 65 53 0 1 1 5 68 53 0 1 1 5 77 53 0 1 0 1 79 53 0 1 0 1 66 63 0 1 2 125 79 63 0 1 2 125 70 73 0 1 1 15 75 223 0 1 1 15 62 73 0 1 1 15 78 73 0 1 0 2 70 223 0 1 0 2 74 73 0 1 0 2 64 13 0 1 2 225 63 223 0 1 2 225 62 13 0 1 2 225 68 73 0 1 1 25 69 223 0 1 1 25 62 524 0 1 1 25 72 73 0 1 1 25 61 13 0 1 2 275 75 223 0 1 2 275 71 13 0 1 2 275 66
6/8 73 0 1 0 0 78 223 0 1 0 0 69 54 0 1 0 0 76 73 0 1 0 0 72 14 2 25 0 1 79 224 2 25 2 125 63 35 1 5 1 15 80 35 1 5 0 2 69 35 1 5 1 25 68
6/8 35 1 5 0 0 80 35 2 25 1 5 64 45 2 25 2 75 80 35 2 25 0 1 69 224 2 25 2 125 75 14 1 5 1 15 61 14 1 5 0 2 61 14 1 5 1 25 63
6/8 14 2 25 0 0 73 224 2 25 2 25 75 14 2 25 1 5 74 74 2 25 2 75 80 64 2 25 0 1 67 54 2 25 2 125 63 44 1 5 1 15 63 44 2 25 0 2 68 54 2 25 2 225 73 64 2 25 1 25 77 74 2 25 2 275 76
6/8 34 1 5 0 0 73 64 1 5 1 5 80 74 2 25 0 1 68 14 2 25 2 125 63 74 2 75 1 15 66 74 2 25 2 225 79 74 2 25 1 25 67 64 2 25 2 275 62
6/8 34 0 1 0 0 68 63 0 1 0 0 76
6/8 73 2 25 0 1 79 13 2 25 2 125 60 23 2 25 1 15 69 73 2 25 2 175 78 44 2 75 0 2 76 23 2 25 2 275 60
6/8 13 1 5 0 0 69 44 1 5 1 5 76 13 1 5 0 1 76 73 2 25 1 15 65 53 2 25 2 175 73 23 2 75 0 2 79 73 2 25 2 275 74
6/8 613 0 1 0 0 60 73 2 25 0 1 65 613 2 25 2 125 69 53 1 5 1 15 75 613 1 5 0 2 66 73 2 25 1 25 64 13 2 25 2 275 76
6/8 43 1 5 0 0 61 73 1 5 1 5 66 13 2 25 0 1 72 23 2 25 2 125 63 34 1 5 1 15 73 34 2 25 0 2 68 23 2 25 2 225 73 13 2 25 1 25 72 73 2 25 2 275 76
6/8 13 0 1 0 0 60 73 2 25 0 1 77 13 2 25 2 125 78 23 2 25 1 15 74 73 2 25 2 175 75 44 2 75 0 2 68 23 2 25 2 275 73
6/8 13 1 5 0 0 63 44 1 5 1 5 71 13 1 5 0 1 69 73 2 25 1 15 69 53 2 25 2 175 64 53 1 5 0 2 71 613 2 25 1 25 74 73 2 25 2 275 64
6/8 43 0 1 0 0 73 43 1 5 0 1 73 53 1 5 1 15 68 613 1 5 0 2 60 73 2 25 1 25 61 13 2 25 2 275 76
6/8 43 1 5 0 0 70 73 2 75 1 5 67 613 2 25 2 125 65 53 1 5 1 15 72 613 1 5 0 2 63 73 2 25 1 25 63 13 2 25 2 275 60
6/8 43 0 1 0 0 79 73 2 25 0 1 62 613 2 25 2 125 79 53 1 5 1 15 60 613 1 5 0 2 79 73 2 25 1 25 79 13 2 25 2 275 65
6/8 43 1 5 0 0 74 73 1 5 1 5 65 13 2 25 0 1 74 23 2 25 2 125 77 34 1 5 1 15 74 34 2 25 0 2 70 23 2 25 2 225 69 13 2 25 1 25 65 73 2 25 2 275 67
6/8 73 0 3 0 0 65
6/8 23 0 1 1 25 69 23 0 1 1 25 67 34 0 1 2 275 73 34 0 1 2 275 61
6/8 44 0 1 0 0 65 44 0 1 0 0 75 44 0 1 1 5 71 44 0 1 1 5 71 44 0 1 0 1 68 44 0 1 0 1 74 44 0 1 1 15 60 44 0 1 1 15 70 44 0 1 0 2 80 44 0 1 0 2 63 54 0 1 2 225 69 54 0 1 2 225 60 44 0 1 1 25 79 44 0 1 1 25 63 34 0 1 2 275 64 34 0 1 2 275 71
6/8 23 0 1 0 0 67 23 0 1 0 0 65 23 0 1 1 5 61 23 0 1 1 5 80 23 0 1 0 1 75 23 0 1 0 1 63 23 0 1 1 15 73 23 0 1 1 15 80 23 0 1 0 2 64 23 0 1 0 2 62 34 0 1 2 225 63 34 0 1 2 225 73 23 0 1 1 25 71 23 0 1 1 25 79 13 0 1 2 275 67 13 0 1 2 275 67
6/8 73 0 1 0 0 70 73 0 1 0 0 60 73 0 1 1 5 72 73 0 1 1 5 69 73 0 1 0 1 71 73 0 1 0 1 72 613 0 1 2 125 64 613 0 1 2 125 72 53 0 1 1 15 71 53 0 1 1 15 78 613 0 1 0 2 80 613 0 1 0 2 80 613 0 1 1 25 64 613 0 1 1 25 66 73 0 1 2 275 74 73 0 1 2 275 63
6/8 13 0 1 0 0 61 34 0 1 0 0 70 13 0 1 0 0 74 13 0 1 1 5 77 34 0 1 1 5 78 13 0 1 1 5 77 23 0 1 2 75 77 34 0 1 2 75 64 23 0 1 2 75 65 13 0 1 0 1 69 34 0 1 0 1 64 64 0 1 0 1 65 13 0 1 0 1 71 23 0 1 2 125 77 34 0 1 2 125 66 23 0 1 2 125 69 13 0 1 1 15 66 34 0 1 1 15 66 614 0 1 1 15 59 13 0 1 1 15 68 23 0 1 1 25 61 23 0 1 1 25 69 34 0 1 2 275 65 34 0 1 2 275 70
6/8 44 0 1 0 0 66 44 0 1 0 0 69 44 0 1 1 5 62 44 0 1 1 5 80 44 0 1 0 1 71 44 0 1 0 1 61 44 0 1 1 15 68 44 0 1 1 15 66 44 0 1 0 2 64 44 0 1 0 2 63 54 0 1 2 225 60 54 0 1 2 225 75 44 0 1 1 25 68 44 0 1 1 25 69 34 0 1 2 275 62 34 0 1 2 275 77
6/8 23 0 1 0 0 78 23 0 1 0 0 72 23 0 1 1 5 72 23 0 1 1 5 67 23 0 1 0 1 80 23 0 1 0 1 75 23 0 1 1 15 65 23 0 1 1 15 61 34 0 1 2 175 75 34 0 1 2 175 67 23 0 1 0 2 78 23 0 1 0 2 68 13 0 1 2 225 75 13 0 1 2 225 76 73 0 1 1 25 75 73 0 1 1 25 64 613 0 1 2 275 61 613 0 1 2 275 75
6/8 53 0 1 1 5 74 53 0 1 1 5 63 613 0 1 2 75 75 613 0 1 2 75 80 73 0 1 0 1 74 73 0 1 0 1 66 13 0 1 2 125 69 13 0 1 2 125 73 43 0 1 1 15 61 73 0 1 1 15 79 43 0 1 1 15 67 73 0 1 0 2 65 73 0 1 0 2 60 13 0 1 1 25 65 13 0 1 1 25 75 23 0 1 2 275 64 23 0 1 2 275 68
6/8 13 0 1 0 0 66 13 0 1 0 0 75 13 0 1 2 75 67 13 0 1 2 75 77 13 0 1 0 1 74 13 0 1 0 1 71 73 0 1 2 125 79 73 0 1 2 125 79 73 0 1 1 15 77 23 0 1 1 15 69 44 0 1 1 15 65 73 0 1 1 15 66
6/8 73 0 1 0 0 61 23 0 1 0 0 58 44 0 1 0 0 70 73 0 1 0 0 63
6/8 73 0 1 1 15 71 23 0 1 1 15 62 44 0 1 1 15 55 73 0 1 1 15 56
6/8
6/8
6/8
6/8
6/8
6/8
6/8
6/8
6/8
6/8
6/8
6/8
6/8
6/8
6/8
6/8
6/8
6/8
6/8
6/8 13 1 15 1 15 39
6/8 73 1 15 0 0 43 63 1 15 1 15 49
6/8 53 1 15 0 0 46 43 1 15 1 15 39
6/8 33 0 1 0 0 37 73 2 25 0 1 46 13 2 25 2 125 32 223 1 5 1 15 41 34 1 5 0 2 30 44 1 5 1 25 48
6/8 34 0 1 0 0 33 13 1 15 1 15 48
6/8 73 1 15 0 0 44 63 1 5 1 15 34 73 1 5 0 2 45 63 1 5 1 25 34
6/8 53 0 1 0 0 35 13 1 5 0 1 44 223 0 1 1 15 39 223 1 5 1 25 42
6/8 13 0 1 0 0 49 13 1 5 0 1 50 223 1 5 1 15 46 44 1 5 0 2 36 223 1 5 1 25 47
6/8 13 1 15 0 0 30
6/8 34 1 5 0 1 32 64 1 5 1 15 36 64 1 5 0 2 38 64 1 5 1 25 41
6/8 54 0 1 0 0 33 44 1 5 1 15 35 44 1 5 0 2 34 44 1 5 1 25 50
6/8 34 0 1 0 0 37 13 0 1 1 15 33 13 1 5 1 25 37
6/8 63 0 1 0 0 45 73 1 5 0 1 31 223 0 1 1 15 46 223 1 5 1 25 37
6/8 34 0 1 0 0 30 54 1 5 0 1 35 34 0 1 1 15 39 63 0 1 1 15 40 34 0 1 0 2 45 13 0 1 0 2 47 34 0 1 1 25 39 63 0 1 1 25 30
6/8 34 0 1 0 0 38 53 0 1 0 0 32 13 0 1 1 15 39 43 0 1 1 15 44 13 0 1 0 2 48 63 0 1 0 2 31 13 0 1 1 25 35 43 0 1 1 25 43
6/8 13 0 1 0 0 39 33 0 1 0 0 32 223 1 5 0 2 31 223 1 5 1 25 41
6/8 13 0 1 0 0 36 13 1 5 0 1 35 223 0 1 1 15 33 34 1 5 1 25 38
6/8 13 0 3 0 0 43
6/8
6/8 64 1 15 1 5 36 54 0 1 0 2 34
6/8 54 1 5 0 0 30 44 1 15 1 5 47 34 0 1 0 2 42
6/8 34 1 5 0 0 39 223 1 15 1 5 33 13 0 1 0 2 35
6/8 44 1 5 0 0 43 54 1 5 1 5 42 64 1 5 0 1 37 54 2 25 1 15 39 23 2 25 2 175 42 34 1 5 0 2 41
6/8 64 1 15 1 5 47 54 0 1 0 2 46
6/8 44 1 5 0 0 39 54 1 5 1 5 36 64 1 5 0 1 40 34 0 1 1 15 30 34 1 5 1 25 42
6/8 44 1 5 0 0 36 34 1 5 1 5 34 223 1 5 0 1 40 13 1 5 1 15 49 64 0 1 0 2 45
6/8 224 1 5 0 0 46 14 1 5 1 5 33 74 1 5 0 1 42 64 1 15 1 15 33
6/8 35 1 5 0 2 42 35 1 5 1 25 31
6/8 35 1 15 0 0 46 14 1 5 0 2 41 14 1 5 1 25 49
6/8 14 1 15 0 0 31
6/8
6/8 64 0 1 1 15 30 13 0 1 1 15 36
6/8 54 0 1 0 0 48 73 0 1 0 0 41 44 0 1 1 15 45 63 0 1 1 15 43
6/8 34 0 1 0 0 50 53 0 1 0 0 47 223 2 25 1 15 38 63 2 25 2 175 42 223 0 1 0 2 43
6/8 13 2 25 0 0 48 63 2 25 2 25 34 13 0 1 1 5 43 44 2 25 1 15 41 223 2 25 2 175 33 223 1 5 0 2 49 34 2 25 1 25 49 13 2 25 2 275 34
6/8 13 1 15 0 0 41
6/8
6/8
6/8
6/8
6/8
6/8
6/8
6/8
6/8
6/8
6/8
6/8
6/8 74 1 15 0 0 36 614 1 15 1 15 48
6/8 54 1 15 0 0 31 44 1 15 1 15 48
6/8 23 1 15 0 0 48 34 1 15 1 15 40
6/8
6/8 74 1 15 0 0 37 614 1 15 1 15 35
6/8 54 1 15 0 0 44 44 1 15 1 15 47
6/8 34 1 5 1 5 48 34 1 5 0 1 41 23 0 1 1 15 32 44 1 5 1 25 48
6/8 34 0 1 0 0 40 34 1 5 0 1 41
6/8
6/8
6/8
6/8
6/8
6/8
6/8
6/8
6/8
6/8
6/8
6/8
6/8
6/8
6/8
6/8
6/8
6/8
6/8
6/8
6/8
6/8 13 1 15 1 15 30
6/8 73 1 15 0 0 40 63 1 15 1 15 32
6/8 53 1 15 0 0 36 43 1 15 1 15 44
6/8 33 0 1 0 0 31 73 2 25 0 1 40 13 2 25 2 125 38 223 1 5 1 15 33 34 1 5 0 2 33 44 1 5 1 25 34
6/8 34 0 1 0 0 50 13 1 15 1 15 30
6/8 73 1 15 0 0 37 63 1 5 1 15 43 73 1 5 0 2 49 63 1 5 1 25 31
6/8 53 0 1 0 0 35 13 1 5 0 1 39 223 0 1 1 15 47 223 1 5 1 25 33
6/8 13 0 1 0 0 46 13 1 5 0 1 43 223 1 5 1 15 44 44 1 5 0 2 34 223 1 5 1 25 44
6/8 13 1 15 0 0 42
6/8 34 1 5 0 1 50 64 1 5 1 15 39 64 1 5 0 2 48 64 1 5 1 25 37
6/8 54 0 1 0 0 40 44 1 5 1 15 50 44 1 5 0 2 38 44 1 5 1 25 47
6/8 34 0 1 0 0 35 13 0 1 1 15 48 13 1 5 1 25 41
6/8 63 0 1 0 0 37 73 1 5 0 1 48 223 0 1 1 15 32 223 1 5 1 25 47
6/8 34 0 1 0 0 43 54 1 5 0 1 50 34 0 1 1 15 50 63 0 1 1 15 30 34 0 1 0 2 49 13 0 1 0 2 50 34 0 1 1 25 36 63 0 1 1 25 31
6/8 34 0 1 0 0 36 53 0 1 0 0 49 13 0 1 1 15 35 43 0 1 1 15 31 13 0 1 0 2 31 63 0 1 0 2 32 13 0 1 1 25 47 43 0 1 1 25 43
6/8 13 0 1 0 0 39 33 0 1 0 0 42 223 1 5 0 2 42 223 1 5 1 25 47
6/8 13 0 1 0 0 38 13 1 5 0 1 33 223 0 1 1 15 43 34 1 5 1 25 36
6/8 13 0 3 0 0 47
6/8
6/8 64 1 15 1 5 31 54 0 1 0 2 45
6/8 54 1 5 0 0 46 44 1 15 1 5 32 34 0 1 0 2 46
6/8 34 1 5 0 0 31 223 1 15 1 5 38 13 0 1 0 2 34
6/8 44 1 5 0 0 35 54 1 5 1 5 38 64 1 5 0 1 31 54 2 25 1 15 36 23 2 25 2 175 50 34 1 5 0 2 31
6/8 64 1 15 1 5 31 54 0 1 0 2 47
6/8 44 1 5 0 0 37 54 1 5 1 5 31 64 1 5 0 1 45 34 0 1 1 15 40 34 1 5 1 25 32
6/8 44 1 5 0 0 31 34 1 5 1 5 32 223 1 5 0 1 32 13 1 5 1 15 48 64 0 1 0 2 30
6/8 224 1 5 0 0 32 14 1 5 1 5 47 74 1 5 0 1 39 64 1 15 1 15 44
6/8 35 1 5 0 2 44 35 1 5 1 25 49
6/8 35 1 15 0 0 43 14 1 5 0 2 30 14 1 5 1 25 42
6/8 14 1 15 0 0 44
6/8
6/8 64 0 1 1 15 49 13 0 1 1 15 32
6/8 54 0 1 0 0 47 73 0 1 0 0 44 44 0 1 1 15 33 63 0 1 1 15 37
6/8 34 0 1 0 0 40 53 0 1 0 0 48 223 2 25 1 15 41 63 2 25 2 175 43 223 0 1 0 2 35
6/8 13 2 25 0 0 49 63 2 25 2 25 31 13 0 1 1 5 38 44 2 25 1 15 49 223 2 25 2 175 41 223 1 5 0 2 47 34 2 25 1 25 49 13 2 25 2 275 38
6/8 13 1 15 0 0 41
6/8
6/8
6/8
6/8
6/8
6/8
6/8
6/8
6/8
6/8
6/8
6/8
6/8 74 1 15 0 0 31 614 1 15 1 15 43
6/8 54 1 15 0 0 32 44 1 15 1 15 38
6/8 23 1 15 0 0 34 34 1 15 1 15 39
6/8
6/8 74 1 15 0 0 31 614 1 15 1 15 47
6/8 54 1 15 0 0 34 44 1 15 1 15 30
6/8 34 1 5 1 5 30 34 1 5 0 1 38 23 0 1 1 15 49 44 1 5 1 25 44
6/8 34 0 1 0 0 39 34 1 5 0 1 41
