3/4 72 1 5 0 0 74 43 1 5 1 5 57 73 1 5 0 1 71 23 1 5 1 15 61 73 1 5 0 2 54 43 1 5 1 25 60
3/4 72 1 5 0 0 74 43 1 5 1 5 70 73 1 5 0 1 64 23 1 5 1 15 71 73 1 5 0 2 60 43 1 5 1 25 55
3/4 74 0 1 0 0 68 72 1 5 0 0 63 43 1 5 1 5 57 45 1 15 0 1 65 73 1 5 0 1 55 23 1 5 1 15 73 73 1 5 0 2 63 74 0 1 1 25 74 43 0 1 1 25 61
3/4 614 0 1 0 0 55 22 1 5 0 0 57 613 1 5 1 5 54 45 1 15 0 1 55 23 1 5 0 1 74 44 1 5 1 15 70 23 1 5 0 2 61 45 0 1 1 25 63 613 0 1 1 25 61
3/4 55 0 1 0 0 66 33 1 5 0 0 65 73 1 5 1 5 55 45 0 1 0 1 62 34 1 5 0 1 62 54 1 5 1 15 55 35 0 1 0 2 72 34 1 5 0 2 70 73 1 5 1 25 56
3/4 45 0 2 0 0 59 22 1 5 0 0 61 73 1 5 1 5 71 44 1 5 0 1 59 73 1 5 1 15 68 55 0 1 0 2 67 54 0 1 0 2 63 615 0 1 1 25 61 73 0 1 1 25 71
3/4 75 0 1 0 0 60 33 1 5 0 0 69 73 1 5 1 5 57 615 0 1 0 1 70 44 1 5 0 1 68 73 1 5 1 15 63 55 0 1 0 2 59 34 1 5 0 2 60 73 1 5 1 25 56
3/4 45 0 1 0 0 66 22 1 5 0 0 62 73 1 5 1 5 74 75 0 1 0 1 73 44 1 5 0 1 69 73 1 5 1 15 61 74 0 1 0 2 56 44 0 1 0 2 56 14 0 1 1 25 58 613 0 1 1 25 67
3/4 24 1 15 0 0 74 53 1 5 0 0 59 73 1 5 1 5 68 54 0 1 0 1 67 74 0 1 0 1 59 55 0 1 1 15 57 73 0 1 1 15 68 24 0 1 0 2 54 54 0 1 0 2 55 74 0 1 0 2 65 74 0 1 1 25 55 73 0 1 1 25 71
3/4 14 0 3 0 0 62 43 1 5 0 0 63 13 1 5 1 5 63 44 0 1 0 1 55 74 0 1 0 1 72 13 1 5 1 15 54 44 0 1 0 2 74 614 0 1 0 2 59
3/4 74 0 1 0 0 57 72 1 5 0 0 69 43 1 5 1 5 59 45 1 15 0 1 62 73 1 5 0 1 65 23 1 5 1 15 70 73 1 5 0 2 57 74 0 1 1 25 74 43 0 1 1 25 73
3/4 614 0 1 0 0 54 22 1 5 0 0 72 613 1 5 1 5 64 45 1 15 0 1 55 23 1 5 0 1 70 44 1 5 1 15 71 23 1 5 0 2 70 45 0 1 1 25 63 613 0 1 1 25 58
3/4 55 0 1 0 0 73 33 1 5 0 0 71 73 1 5 1 5 69 45 0 1 0 1 72 34 1 5 0 1 59 54 1 5 1 15 60 35 0 1 0 2 58 34 1 5 0 2 63 73 1 5 1 25 57
3/4 45 0 2 0 0 54 22 1 5 0 0 59 73 1 5 1 5 74 44 1 5 0 1 55 73 1 5 1 15 54 55 0 1 0 2 71 54 0 1 0 2 74 615 0 1 1 25 61 73 0 1 1 25 67
3/4 75 0 1 0 0 65 33 1 5 0 0 68 73 1 5 1 5 59 615 0 1 0 1 60 44 1 5 0 1 54 73 1 5 1 15 70 55 0 1 0 2 68 34 1 5 0 2 55 73 1 5 1 25 67
3/4 45 0 1 0 0 66 22 1 5 0 0 72 73 1 5 1 5 67 75 0 1 0 1 61 44 1 5 0 1 74 73 1 5 1 15 66 25 0 1 0 2 60 23 1 5 0 2 69 73 1 5 1 25 70
3/4 36 0 1 0 0 71 53 1 5 0 0 67 73 1 5 1 5 55 55 0 1 0 1 70 54 0 1 0 1 58 615 0 1 1 15 65 44 0 1 1 15 64 25 0 1 0 2 69 34 0 1 0 2 59 15 0 1 1 25 74 13 0 1 1 25 58
3/4 75 1 15 0 0 63 72 1 5 0 0 72 43 1 5 1 5 66 73 1 5 0 1 63 44 0 1 1 15 71 23 0 1 1 15 60 74 0 1 0 2 74 73 0 1 0 2 71 24 0 1 1 25 66 72 0 1 1 25 73
3/4 14 0 1 0 0 72 43 1 5 0 0 60 13 1 5 1 5 54 14 1 15 0 1 61 44 1 5 0 1 72 13 1 5 1 15 70 44 1 5 0 2 60 44 0 1 1 25 68 13 0 1 1 25 60
3/4 44 0 1 0 0 55 74 0 1 0 0 63 24 0 1 0 0 69 72 1 5 0 0 68 43 1 5 1 5 69 23 1 5 0 1 58 43 1 5 1 15 65 73 1 5 0 2 56 24 0 1 1 25 66 43 0 1 1 25 54
3/4 54 0 1 0 0 61 74 0 1 0 0 71 35 0 1 0 0 60 33 1 5 0 0 69 73 1 5 1 5 68 54 0 1 0 1 64 74 0 1 0 1 70 35 0 1 0 1 63 34 1 5 0 1 72 73 1 5 1 15 60 24 0 1 0 2 59 34 0 1 0 2 67 35 0 1 1 25 74 73 0 1 1 25 56
3/4 44 0 1 0 0 68 74 0 1 0 0 70 24 0 1 0 0 66 45 0 1 0 0 70 72 1 5 0 0 72 43 1 5 1 5 55 73 1 5 0 1 62 23 1 5 1 15 72 73 1 5 0 2 59 45 0 1 1 25 68 43 0 1 1 25 59
3/4 54 0 1 0 0 67 224 0 1 0 0 55 45 0 1 0 0 65 612 0 1 0 0 69 315 0 1 1 5 56 313 0 1 1 5 74 315 0 1 0 1 74 223 1 5 0 1 67 313 1 5 1 15 56 45 0 1 0 2 54 223 0 1 0 2 54 55 0 1 1 25 54 313 0 1 1 25 55
3/4 54 0 1 0 0 67 24 0 1 0 0 57 55 0 1 0 0 71 22 1 5 0 0 61 613 1 5 1 5 68 45 0 1 0 1 56 44 1 5 0 1 57 613 1 5 1 15 65 45 0 1 0 2 59 44 0 1 0 2 71 55 0 1 1 25 64 613 0 1 1 25 69 64 0 1 2 275 55 24 0 1 2 275 66 45 0 1 2 275 61 65 0 1 2 275 56
3/4 22 1 5 0 0 62 64 0 1 0 0 73 24 0 1 0 0 63 45 0 1 0 0 58 65 0 1 0 0 63 63 1 5 1 5 56 55 0 1 0 1 73 44 1 5 0 1 74 63 1 5 1 15 74 45 0 1 0 2 74 23 1 5 0 2 68 63 1 5 1 25 55 54 0 1 2 275 71 14 0 1 2 275 63 35 0 1 2 275 72
3/4 53 1 5 0 0 67 54 0 1 0 0 68 14 0 1 0 0 69 35 0 1 0 0 68 13 1 5 1 5 60 24 0 1 0 1 64 34 1 5 0 1 56 54 1 5 1 15 57 35 0 1 0 2 58 34 0 1 0 2 63 45 0 1 1 25 66 13 0 1 1 25 70 74 0 1 2 275 65 35 0 1 2 275 58 55 0 1 2 275 62
3/4 12 1 5 0 0 72 74 0 1 0 0 62 35 0 1 0 0 58 55 0 1 0 0 62 53 1 5 1 5 71 45 0 1 0 1 69 34 1 5 0 1 61 53 1 5 1 15 73 35 0 1 0 2 68 13 1 5 0 2 62 53 1 5 1 25 70
3/4 44 0 1 0 0 56 614 0 1 0 0 61 24 0 1 0 0 74 43 1 5 0 0 72 13 1 5 1 5 68 224 0 1 0 1 69 54 1 5 0 1 73 13 1 5 1 15 62 14 0 1 0 2 62 44 1 5 0 2 54 13 1 5 1 25 66
3/4 74 0 1 0 0 66 72 1 5 0 0 68 43 1 5 1 5 73 45 1 15 0 1 69 73 1 5 0 1 73 23 1 5 1 15 68 73 1 5 0 2 61 74 0 1 1 25 69 43 0 1 1 25 63
3/4 614 0 1 0 0 70 22 1 5 0 0 69 613 1 5 1 5 55 45 1 15 0 1 68 23 1 5 0 1 65 44 1 5 1 15 66 23 1 5 0 2 62 45 0 1 1 25 60 613 0 1 1 25 57
3/4 55 0 1 0 0 66 33 1 5 0 0 62 73 1 5 1 5 68 45 0 1 0 1 58 34 1 5 0 1 57 54 1 5 1 15 71 35 0 1 0 2 62 34 1 5 0 2 72 73 1 5 1 25 74
3/4 45 0 2 0 0 59 22 1 5 0 0 69 73 1 5 1 5 54 44 1 5 0 1 58 73 1 5 1 15 71 55 0 1 0 2 60 54 0 1 0 2 68 615 0 1 1 25 72 73 0 1 1 25 74 35 0 1 2 275 71 55 0 1 2 275 72 75 0 1 2 275 56
3/4 33 1 5 0 0 61 35 0 1 0 0 60 55 0 1 0 0 55 75 0 1 0 0 66 73 1 5 1 5 67 75 0 1 0 1 65 44 1 5 0 1 63 73 1 5 1 15 54 615 0 1 0 2 73 54 0 1 0 2 58 15 0 1 1 25 55 73 0 1 1 25 65 24 0 1 2 275 65 45 0 1 2 275 69 75 0 1 2 275 57
3/4 22 1 5 0 0 66 24 0 1 0 0 72 45 0 1 0 0 67 75 0 1 0 0 62 73 1 5 1 5 71 75 0 1 0 1 54 44 1 5 0 1 58 73 1 5 1 15 59 15 0 1 0 2 69 54 1 5 0 2 58 73 1 5 1 25 57 35 0 1 2 275 72 55 0 1 2 275 72 75 0 1 2 275 64 25 0 1 2 275 66
3/4 12 1 5 0 0 69 35 0 1 0 0 67 55 0 1 0 0 55 75 0 1 0 0 74 25 0 1 0 0 56 53 1 5 1 5 73 36 0 1 0 1 74 13 1 5 0 1 54 34 1 5 1 15 60 25 0 1 0 2 69 13 0 1 0 2 73 15 0 1 1 25 71 53 0 1 1 25 74 24 0 1 2 275 72 45 0 1 2 275 70 75 0 1 2 275 71
3/4 72 1 5 0 0 73 24 0 1 0 0 61 45 0 1 0 0 73 75 0 1 0 0 74 43 1 5 1 5 72 73 1 5 0 1 66 23 1 5 1 15 56 73 1 5 0 2 74 43 1 5 1 25 70 72 0 1 2 275 67 43 0 1 2 275 73 73 0 1 2 275 56 23 0 1 2 275 73
3/4 72 0 1 0 0 61 43 0 1 0 0 74 73 0 1 0 0 55 23 0 1 0 0 54
3/4 72 0 1 0 0 63 43 0 1 0 0 58 73 0 1 0 0 54 23 0 1 0 0 58
