4/4
4/4 13 0 1 2 325 65 23 0 1 2 325 58 62 0 1 2 325 65 54 1 5 1 35 77
4/4 13 0 1 0 0 65 23 0 1 0 0 58 62 0 1 0 0 65 54 2 175 0 0 77 33 2 375 2 25 70 63 0 3 0 1 73 44 3 2333 3 1667 70
4/4 74 0 1 0 0 76 33 3 583 0 0 70 63 1 15 0 0 73 44 3 167 0 0 70 13 0 1 2 125 57 23 0 1 2 125 69 72 3 2667 3 1333 71 54 2 225 1 15 90 43 0 2 0 2 86 73 2 125 2 275 78 44 1 5 1 35 76
4/4 13 0 1 0 0 57 23 0 1 0 0 69 72 3 333 0 0 71 43 1 5 0 0 86 44 2 75 0 0 76 53 0 1 0 3 56 73 0 1 0 3 61 23 2 75 2 325 65 32 2 75 2 325 63 44 3 667 3 3333 70
4/4 72 2 325 0 0 78 53 0 1 0 0 56 73 0 1 0 0 61 23 3 1583 0 0 65 32 0 3 0 0 63 44 3 1083 0 0 70 33 0 2 3 667 87 34 0 1 3 1333 89 74 2 75 2 325 81
4/4 74 2 25 0 0 81 73 3 2333 3 333 52 23 1 15 1 5 58 11 2 75 3 667 56 44 0 2 3 667 81 52 3 667 3 1333 81 22 2 75 0 2 78 33 0 1 2 275 57 13 0 1 2 275 72 34 0 1 2 275 70
4/4 13 0 1 0 0 72 34 0 1 0 0 70 23 2 175 2 75 59 61 2 125 3 2333 65 13 3 1667 3 2333 58 32 0 1 2 325 53 53 0 1 2 325 67 53 0 1 2 375 83 62 0 1 2 375 67
4/4 53 0 1 0 0 83 62 0 1 0 0 67 12 3 667 1 5 68 53 3 333 1 5 83 53 0 1 2 125 92 22 0 1 2 125 56 43 0 1 2 175 75 12 0 1 2 175 63 53 2 75 1 25 85 13 2 75 2 325 81
4/4 22 0 1 0 0 62 12 0 1 0 0 64 53 2 75 0 0 75 71 0 4 0 0 67 42 3 3333 3 667 61 43 2 25 3 667 71 43 0 3 0 1 62 62 3 2667 3 1333 66 22 2 125 0 2 63
4/4 12 2 75 0 0 55 71 3 333 0 0 67 42 3 167 0 0 61 62 3 83 0 0 66 72 0 1 1 15 60 22 0 1 1 15 58 31 2 125 1 15 56 71 1 5 2 225 70 43 2 25 2 225 74 32 3 667 0 3 76 43 3 333 0 3 95 52 3 333 3 3667 78 12 3 333 3 3667 84 43 3 333 3 3667 92
4/4 52 3 1917 0 0 78 12 3 2333 0 0 84 43 2 75 2 25 90 33 2 75 0 1 88 72 2 25 1 15 57 43 2 75 1 15 91 73 2 75 2 225 85 22 0 1 0 3 60 11 0 1 0 3 66 43 2 75 0 3 72 52 0 1 0 3 56 33 3 333 3 3667 71
4/4 11 0 4 0 0 66 52 3 3667 0 0 56 33 3 417 0 0 71 22 3 667 3 333 69 33 0 3 0 1 64 12 0 2 2 125 57
4/4 12 0 1 1 5 74 22 1 5 0 1 78 41 3 2667 3 1333 61 33 1 5 3 1333 65 62 0 1 1 15 50 72 0 1 1 15 51 33 3 333 0 2 81 11 0 2 0 2 66 42 2 125 2 275 69 33 3 333 2 275 78 33 3 333 1 35 86
4/4 62 0 1 0 0 50 72 0 1 0 0 51 42 1 35 0 0 69 41 3 2667 0 0 61 11 0 1 0 0 66 33 3 333 2 25 73 33 3 1667 0 1 60 12 3 333 3 2667 62 22 3 333 0 3 73 72 0 1 2 325 59 51 0 1 2 325 70 33 1 5 3 3333 81
4/4 21 0 4 0 0 71 33 3 333 0 0 85 72 0 1 0 0 59 51 0 1 0 0 70 52 0 1 3 667 61 42 0 1 3 667 58 33 3 333 3 667 71 33 2 25 1 15 71 22 2 25 0 2 69 33 0 1 0 3 77
4/4 21 3 667 0 0 71 52 0 1 0 0 61 42 0 1 0 0 58 33 3 667 0 0 77 12 3 333 3 667 73 22 1 5 0 1 72 61 0 1 3 1333 69 72 0 1 3 1333 70 33 1 5 3 1333 78 33 0 1 0 2 87 32 0 1 0 2 55 72 3 667 2 275 70 33 3 333 2 275 80 33 1 5 1 35 81 12 1 5 1 35 66
4/4 12 0 2 0 0 66 33 2 125 2 25 86 73 2 175 0 1 70 33 3 1667 3 2333 69 12 0 1 0 3 56 43 0 1 0 3 64 71 0 1 0 3 58 42 2 25 2 375 66
4/4 33 3 1083 0 0 69 12 0 1 0 0 56 43 0 1 0 0 64 71 0 1 0 0 58 42 2 275 0 0 66 62 2 325 1 5 60 33 0 1 0 2 33 12 0 1 0 2 66 53 0 1 0 2 72 12 0 1 3 3333 62 33 0 1 3 3333 68 71 0 1 3 3333 68 63 1 5 1 35 84
4/4 63 1 5 0 0 84 12 1 25 3 667 61 33 0 2 2 75 56 43 0 1 0 1 67 61 0 1 0 1 65 73 1 5 0 1 78 32 0 1 2 175 61 73 0 1 2 175 82 62 3 667 3 2667 82 73 1 5 2 325 99 712 2 25 2 375 51
4/4 51 2 175 0 0 70 43 3 1333 0 0 67 73 2 75 0 0 83 712 0 2 0 0 51 21 0 1 2 75 77 63 0 1 2 75 94 52 2 125 1 15 88 53 2 75 1 15 83 43 2 25 2 225 95 43 2 75 0 3 81 11 0 1 0 3 63 72 0 1 0 3 73 52 3 333 3 3667 68 53 3 333 3 3667 73
4/4 33 0 2 0 0 72 11 2 125 0 0 63 52 3 417 0 0 68 53 3 167 0 0 73 12 3 333 3 333 70 71 1 15 0 2 43 222 0 1 0 2 80 62 0 1 0 2 65 12 2 25 3 2667 79 72 0 1 2 325 37 222 0 1 2 325 67 53 0 1 2 325 83 32 3 667 3 3333 70
4/4 32 3 833 0 0 70 63 2 25 2 25 82 12 3 2667 2 75 21 33 0 1 2 75 48 43 0 1 2 75 77 61 0 1 2 75 74 73 1 5 0 1 80 32 2 75 2 175 62 73 3 333 2 175 76 62 0 1 1 25 84 73 0 1 1 25 83 73 2 25 2 325 101 51 0 1 2 375 64 43 0 1 2 375 58
4/4 712 1 25 0 0 68 73 3 667 0 0 87 51 0 1 0 0 64 43 0 1 0 0 58 21 0 1 3 667 70 63 0 1 3 667 86 52 0 1 3 1333 73 53 3 667 3 1333 77 43 2 25 0 2 73 43 2 125 2 275 81 11 2 125 2 275 72 72 2 75 2 275 73 33 2 125 2 275 70 53 0 1 1 35 78 52 0 1 1 35 66
4/4 43 3 83 0 0 81 11 2 325 0 0 72 53 0 1 0 0 78 52 0 1 0 0 66 33 2 75 0 0 70 12 3 1667 2 25 78 22 1 5 2 75 84 33 2 75 1 15 74 22 2 25 2 225 67 33 1 5 0 3 74 12 2 25 0 3 65 52 0 1 3 3667 71 43 0 1 3 3667 58
4/4 612 0 1 2 25 51 33 0 1 2 25 62 41 0 3 1 5 70 53 3 1667 1 5 80 11 0 2 2 125 64 42 2 75 2 175 63 12 3 667 1 25 65 612 3 1333 1 25 60 33 2 75 2 325 65
4/4 12 2 75 0 0 69 33 2 25 0 0 65 612 3 667 3 667 63 63 0 1 2 175 62 13 0 1 2 175 64 71 3 1333 0 2 55 34 0 2 0 2 62 54 2 175 2 225 82 42 3 667 0 3 60 62 3 333 3 3667 67
4/4 62 3 417 0 0 67 54 3 583 0 0 82 72 3 667 3 333 67 63 0 1 0 1 70 12 0 1 0 1 67 23 0 1 0 1 67 44 0 1 0 1 79 72 2 75 2 175 88 13 0 1 1 25 99 22 0 1 1 25 66 63 0 1 1 25 85 72 2 25 3 3333 78 23 1 5 3 3333 84
4/4 11 0 1 2 25 75 34 0 1 2 25 79 53 0 1 2 25 77 13 0 1 2 25 70 34 0 1 0 1 87 52 0 1 0 1 78 13 0 1 2 175 70 44 0 1 2 175 81 33 0 1 2 175 64 53 0 1 2 175 83 34 2 75 1 25 80 53 0 1 1 25 72 52 0 1 1 25 70 13 0 1 1 25 30 23 2 75 2 325 73 53 0 1 2 325 70 71 0 1 2 325 71
4/4 52 1 5 0 0 65 23 2 75 0 0 73 53 2 75 2 75 83 22 3 333 2 75 61 52 2 25 1 15 71 73 1 5 1 15 94 33 0 1 0 2 55 63 0 1 0 2 74 61 0 1 2 225 83 13 0 1 2 225 76 32 0 1 0 3 71 13 0 1 0 3 99 12 2 25 3 3667 61 73 0 1 3 3667 96 33 0 1 3 3667 82
4/4 73 0 1 0 0 96 33 0 1 0 0 82 63 0 1 3 333 99 32 0 1 3 333 57 51 3 667 0 1 65 33 0 1 2 125 65 43 0 1 2 125 70 73 1 15 2 125 75 32 0 2 0 2 57 72 3 333 3 2667 67 73 3 333 3 3333 69
4/4 521 0 1 0 0 61 73 0 1 0 0 73 43 0 1 0 0 66 33 0 1 0 0 59 32 2 125 2 75 68 63 1 5 2 75 84 72 2 25 1 15 72 63 0 1 1 15 88 33 0 1 1 15 74 43 0 1 1 15 70 523 2 75 3 2333 94 41 0 1 0 3 68 63 0 1 0 3 81 33 0 1 0 3 68 11 2 25 2 375 83
4/4 62 3 667 1 5 78 33 0 1 1 5 84 63 2 75 2 125 94 523 0 1 0 2 82 22 0 1 0 2 64 311 0 1 0 2 81 73 0 2 0 2 74 61 1 5 2 275 85 32 0 1 1 35 84 22 0 1 1 35 74 523 2 25 1 35 37
4/4 311 2 25 0 0 82 32 0 1 0 0 84 22 0 1 0 0 74 713 1 5 2 25 95 33 2 75 2 75 70 63 0 1 0 1 74 73 0 1 0 1 80 71 2 175 0 1 77 42 2 75 3 1667 78 13 0 1 3 2333 96 33 0 1 3 2333 83 72 0 1 3 2333 79 63 0 1 3 2333 90 71 0 1 2 325 83 33 0 1 2 325 89 23 0 1 2 325 94 63 0 1 2 325 84
4/4 11 2 175 0 0 81 34 0 1 0 0 100 33 0 1 0 0 78 53 0 1 0 0 84 52 3 667 2 75 71 34 0 1 0 1 90 53 0 1 0 1 82 44 0 1 3 1667 90 12 0 1 3 1667 64 53 0 1 3 1667 84 34 0 1 3 2333 85 52 0 1 3 2333 61 71 0 1 0 3 76 73 0 1 0 3 79 23 0 1 0 3 80 53 0 1 0 3 70 52 2 25 2 375 89
4/4 52 1 5 0 0 89 23 1 5 0 0 80 22 2 25 1 5 72 53 2 75 1 5 92 52 0 1 2 125 75 73 0 1 2 125 99 33 2 225 2 175 56 63 1 15 0 2 76 61 0 1 0 2 78 13 0 1 0 2 87 32 0 1 3 2667 67 13 0 1 3 2667 85 12 2 25 3 3333 58 73 3 667 3 3333 79
4/4 63 2 25 0 0 80 33 2 25 0 0 56 32 1 5 2 25 56 33 0 1 2 75 54 43 0 1 2 75 70 51 2 75 2 75 70 73 2 125 2 75 88 32 2 75 3 1667 68 72 3 667 3 2333 65 73 2 25 0 3 70 521 2 25 2 375 82 33 2 25 2 375 65 73 2 25 2 375 78 43 2 25 2 375 68
4/4 521 1 15 0 0 82 33 3 2417 0 0 65 73 1 5 0 0 78 43 3 1083 0 0 68 32 0 1 1 5 72 63 0 1 1 5 74 43 0 1 2 125 51 63 0 1 2 125 74 522 2 125 2 125 84 523 2 75 0 2 95 521 3 333 0 2 88 63 0 1 3 2667 82 33 0 1 3 2667 70 41 0 1 3 2667 85 43 0 1 3 2667 74 42 1 5 1 35 99
4/4 42 3 833 0 0 99 33 0 1 2 25 94 73 1 5 2 25 99 713 3 667 2 75 98 41 2 25 2 75 85 311 0 1 1 15 109 223 0 1 1 15 99 33 0 1 1 15 87 63 3 667 3 1667 83 312 3 1333 3 2333 104 713 0 1 1 25 94 63 0 1 1 25 59 713 0 1 0 3 99 63 0 1 0 3 84 33 2 75 0 3 83 311 0 1 2 375 97 73 0 1 2 375 95
4/4 31 1 15 1 5 99 713 0 1 3 667 99 53 0 1 3 667 84 33 0 1 3 667 77 32 2 175 3 1333 97 73 0 1 0 2 101 53 0 1 0 2 85 713 0 1 3 2667 90 63 0 1 3 2667 85 31 0 1 3 2667 89 223 0 1 0 3 101 73 0 1 0 3 94 523 0 1 1 35 71 713 0 1 1 35 91 61 1 5 1 35 90 34 3 333 3 3667 85
4/4 523 0 1 0 0 71 713 0 1 0 0 91 61 2 25 0 0 90 34 3 4167 0 0 85 32 3 667 3 333 73 713 0 1 0 1 76 523 0 1 0 1 80 712 1 5 0 1 62 32 2 75 2 175 72 73 0 1 1 25 66 521 0 1 1 25 77 523 1 15 1 25 66 32 1 5 2 325 73
4/4 713 0 1 0 0 97 72 0 1 0 0 79 523 3 833 0 0 66 223 2 75 3 667 95 32 3 333 3 667 70 41 2 75 3 1333 89 34 3 2667 3 1333 90 73 2 225 3 1333 98 42 1 5 2 225 88 62 2 125 2 275 88 712 1 5 1 35 68 63 1 5 1 35 85
4/4 62 0 1 0 0 88 712 0 1 0 0 68 34 3 667 0 0 90 63 1 15 0 0 85 34 0 1 0 1 73 33 0 1 0 1 46 712 0 1 2 175 69 23 0 1 2 175 84 523 2 125 0 2 77 34 1 5 3 2667 91 62 2 25 3 2667 66 63 0 1 0 3 57 713 0 1 0 3 62 23 0 1 0 3 65 71 3 667 3 3333 77 44 3 667 3 3333 85
4/4 62 2 75 0 0 72 44 3 833 0 0 85 63 0 1 0 0 57 713 0 1 0 0 62 23 0 1 0 0 65 712 3 333 2 75 53 22 1 15 1 15 69 43 2 75 2 225 66 73 2 75 0 3 69 34 3 333 3 3667 72
4/4 34 3 417 0 0 72 23 2 25 1 5 65 62 0 1 0 1 59 33 0 1 0 1 64 12 0 3 0 1 63 53 2 275 2 125 70 13 3 2667 3 1333 74 34 0 1 3 1333 70 54 2 75 2 225 71 44 0 1 0 3 90 54 1 5 1 35 99
4/4 62 0 1 0 0 59 33 0 1 0 0 64 12 1 15 0 0 63 53 3 1917 0 0 70 13 3 2333 0 0 74 44 1 5 0 0 90 54 2 25 0 0 99 14 2 75 2 25 83 54 2 75 0 1 67 44 2 75 2 175 69 54 1 5 1 25 66 52 0 1 2 325 65 43 0 1 2 325 64 33 0 1 2 325 65 72 0 1 2 325 68 13 2 75 2 325 68 54 2 25 2 375 76
4/4 52 0 1 0 0 65 43 0 1 0 0 64 33 0 1 0 0 65 72 0 1 0 0 68 13 2 425 0 0 68 54 3 417 0 0 76 44 2 75 3 667 80 54 2 75 3 1333 100 14 2 75 0 2 82 54 2 75 2 275 80 44 1 5 1 35 74
4/4 44 2 25 0 0 74 54 0 1 2 25 83 42 2 325 2 75 72 33 0 1 0 1 70 62 0 1 0 1 70 12 0 1 0 1 75 62 0 1 0 1 70 13 2 225 0 1 72 54 2 75 3 1667 91 44 2 75 3 2333 80 54 2 75 0 3 91 14 2 25 2 375 70
4/4 14 1 5 0 0 70 42 2 75 0 0 72 33 0 1 0 0 70 62 0 1 0 0 70 12 0 1 0 0 75 62 0 1 0 0 70 54 2 75 1 5 66 44 2 75 2 125 70 54 2 75 0 2 60 22 0 1 3 2667 58 72 0 1 3 2667 72 52 0 1 3 2667 56 43 0 1 3 2667 62 13 2 125 2 275 55 54 1 5 1 35 65
4/4 13 2 425 0 0 55 54 2 25 0 0 65 44 2 75 2 25 75 54 2 75 0 1 84 14 0 1 3 1667 86 54 2 75 1 25 71 44 2 75 2 325 52
4/4 54 3 333 2 25 60 13 0 1 3 667 60 34 0 1 3 667 61 54 1 5 0 1 56 61 0 1 0 1 63 14 0 1 0 1 60 32 3 667 0 2 54 54 3 333 0 2 63 62 2 75 3 2667 70 13 0 1 3 2667 66 54 0 1 3 2667 70 54 0 1 3 3333 90 13 0 1 3 3333 77 12 3 667 3 3333 73
4/4 22 0 1 0 0 78 54 0 1 0 0 91 13 3 2333 0 0 84 12 3 83 0 0 73 44 2 75 2 75 87 12 0 1 0 1 66 54 2 75 1 15 89 53 2 25 1 15 66 14 2 25 3 2333 83 13 0 1 0 3 65 23 0 1 0 3 60 71 0 1 0 3 68 54 3 667 2 325 78 44 2 25 2 375 78 42 2 25 2 375 66
4/4 13 1 15 0 0 65 23 3 667 0 0 60 71 2 25 0 0 68 42 3 417 0 0 66 44 3 2333 2 25 83 62 2 75 1 5 82 12 0 1 2 125 79 23 0 1 2 125 74 22 3 667 0 2 75 43 0 1 3 2667 65 13 0 1 3 2667 61 63 2 25 3 3333 56 23 1 5 1 35 60
4/4 23 2 25 0 0 60 44 2 125 2 25 48 31 2 125 2 75 61 73 0 1 0 1 58 23 0 1 0 1 70 71 2 75 1 15 81 44 3 333 1 15 81 32 0 1 2 225 78 44 0 1 2 225 90 44 0 1 0 3 96 13 0 1 0 3 83 52 0 1 0 3 88 13 3 333 3 3667 83 44 0 1 3 3667 95 72 0 1 3 3667 78
4/4 13 3 1667 0 0 83 52 2 25 0 0 88 44 0 1 0 0 95 72 0 1 0 0 78 34 0 1 2 25 95 22 0 1 2 25 74 44 0 1 0 1 92 43 0 1 0 1 74 74 1 5 2 175 77 44 0 1 1 25 80 23 0 1 1 25 57 11 2 125 1 25 78 34 0 1 0 3 82 52 0 1 0 3 73 12 2 25 2 375 73 23 2 25 2 375 80
4/4 12 2 25 0 0 73 23 1 5 0 0 80 33 2 175 1 5 74 13 1 5 1 5 78 34 2 325 1 5 74 53 2 75 2 125 88 13 3 667 0 2 68 53 3 667 3 2667 72 33 2 25 3 3333 65 13 1 5 3 3333 75 23 2 25 2 375 84
4/4 23 2 25 0 0 84 41 3 1333 2 25 77 63 0 1 2 25 59 73 0 1 2 25 56 34 1 5 3 333 70 34 0 1 0 1 88 11 0 1 0 1 70 42 0 1 3 1667 73 34 0 1 3 1667 92 62 3 1667 3 2333 79 34 3 333 3 2333 85 34 0 1 0 3 81 12 0 1 0 3 58 13 0 1 0 3 70 33 2 25 2 375 54
4/4 62 3 333 0 0 79 63 0 1 0 0 59 73 0 1 0 0 56 34 2 125 0 0 81 33 1 5 0 0 54 12 1 5 1 5 66 62 2 25 0 1 65 13 3 333 2 125 74 23 1 5 1 15 83 51 3 1333 0 2 71 34 3 667 0 2 78 73 0 2 0 2 73 21 2 75 3 2667 86 34 3 333 3 2667 85 42 0 1 3 3333 78 34 0 1 3 3333 92
4/4 52 0 3 0 0 84 34 3 667 0 0 89 73 1 25 0 0 73 72 2 175 3 667 76 23 2 75 2 75 69 33 0 1 3 1333 67 34 0 1 3 1333 56 53 2 25 2 225 55 33 0 1 2 275 70 13 0 1 2 275 76 23 1 5 0 3 81 34 1 5 1 35 80 61 1 5 1 35 80 73 1 5 1 35 74
4/4 61 1 5 0 0 80 73 1 35 0 0 74 32 0 1 2 25 72 34 2 25 2 25 89 72 0 1 2 75 66 34 0 1 2 75 84 34 0 1 1 15 86 712 0 1 1 15 64 523 0 1 2 225 70 34 0 1 2 225 70 63 1 5 0 3 56 74 0 1 0 3 73 33 1 5 1 35 78
4/4 33 3 167 0 0 78 74 3 333 0 0 73 712 2 25 3 333 69 64 3 667 3 333 94 524 1 5 1 5 93 71 1 25 0 1 85 44 2 275 0 1 91 42 2 75 2 175 92 72 3 1333 1 25 88 13 0 1 0 3 78 42 2 75 0 3 82 71 2 25 2 375 90 54 2 25 2 375 99 34 2 25 2 375 90
4/4 71 2 225 0 0 90 54 3 1417 0 0 99 13 2 75 0 0 78 34 0 1 0 0 90 64 2 125 1 15 103 34 3 333 1 15 75 13 2 75 1 15 83 13 0 1 2 275 65 44 0 1 2 275 74 61 0 1 2 275 72 34 0 1 0 3 65 44 0 1 0 3 74 61 0 1 0 3 72 74 1 5 2 325 90
4/4 32 0 1 0 0 62 74 0 1 0 0 78 13 0 1 0 0 65 44 0 1 0 0 74 61 0 1 0 0 72 34 0 1 0 0 65 44 0 1 0 0 74 61 0 1 0 0 72 62 1 5 3 667 67 74 2 25 1 15 76 713 0 2 0 2 57 51 0 1 0 2 66 44 0 1 0 2 55 74 2 75 2 225 79 64 0 1 2 275 95 21 0 1 2 275 72 52 0 1 1 35 86 54 0 1 1 35 95
4/4 713 3 333 0 0 57 52 0 1 0 0 86 54 0 1 0 0 95 712 0 1 2 25 85 44 0 1 2 25 99 11 0 1 0 1 82 73 0 1 0 1 66 44 2 75 0 1 90 52 2 75 2 175 72 54 1 5 2 175 83 34 2 175 2 225 74 12 2 75 1 25 81 52 1 5 2 325 83
4/4 72 0 1 0 0 85 71 0 1 0 0 75 223 0 1 0 0 93 63 0 1 0 0 76 34 2 25 0 0 74 13 2 25 3 667 75 32 0 1 3 1333 88 54 0 1 3 1333 100 223 0 1 3 1333 93 73 0 1 3 1333 65 223 0 1 2 225 88 64 0 1 2 225 104 73 0 1 2 225 66 13 0 1 3 2667 64 44 0 1 3 2667 87 34 0 1 2 275 74 44 0 1 2 275 87 61 0 1 2 275 88 74 3 667 0 3 98 32 3 333 3 3667 72 74 3 333 3 3667 99
4/4 13 0 1 0 0 64 44 0 1 0 0 87 34 0 1 0 0 74 44 0 1 0 0 87 61 0 1 0 0 88 32 0 1 0 0 72 74 0 1 3 333 93 62 0 1 3 333 91 74 1 5 2 125 105 51 3 1667 2 175 71 713 0 1 0 2 80 44 0 1 0 2 75 74 3 667 0 2 87 21 0 1 1 25 70 64 0 1 1 25 87 713 0 1 2 325 60 52 0 1 2 325 61 54 0 1 2 325 79
4/4 44 2 25 0 0 76 11 0 1 3 667 68 44 0 1 3 667 82 73 3 3333 3 667 79 34 0 3 3 667 73 52 2 75 3 1333 70 54 1 25 1 15 77 12 2 75 2 225 72 22 2 75 0 3 86 33 3 333 3 3667 70
4/4 54 3 833 0 0 77 73 0 1 0 0 79 33 3 333 0 0 70 22 3 667 3 333 70 34 1 5 0 1 70 52 2 25 0 1 57 44 2 25 2 175 74 613 3 667 2 225 66 34 2 25 3 2333 52 41 0 1 1 25 75 54 0 1 1 25 89 11 3 667 2 325 73 42 2 25 2 375 73
4/4 42 1 5 0 0 73 13 0 1 1 5 66 612 0 1 1 5 62 34 1 15 2 125 70 12 2 75 2 125 64 33 2 75 0 2 59 12 3 667 3 2667 67 612 2 25 3 3333 65 63 0 1 2 375 62 13 0 1 2 375 57 34 0 1 2 375 56
4/4 71 0 1 0 0 61 54 0 1 0 0 85 63 0 1 0 0 62 13 0 1 0 0 57 34 0 1 0 0 56 62 2 75 2 75 62 12 3 333 1 15 67 33 1 5 2 225 61 63 0 1 2 275 60 23 0 1 2 275 64 43 0 1 2 275 75 44 0 1 2 275 74 33 3 333 3 3667 87
4/4 33 3 417 0 0 87 12 0 1 3 333 77 13 0 1 3 333 95 14 0 1 3 333 109 24 0 1 2 125 109 33 0 1 2 125 84 23 0 1 2 125 99 11 0 2 0 2 86 54 0 1 2 225 86 35 0 1 2 225 94 14 0 1 2 225 85 34 0 1 2 225 83 52 2 75 0 3 86 54 0 1 0 3 99 35 0 1 0 3 100 14 0 1 0 3 87 34 0 1 0 3 94 45 0 1 2 375 101 12 0 1 2 375 83 14 0 1 2 375 87 54 0 1 2 375 100
4/4 11 1 5 0 0 86 45 0 1 0 0 101 12 0 1 0 0 83 14 0 1 0 0 87 54 0 1 0 0 100 14 0 1 1 5 91 54 0 1 1 5 94 35 0 1 1 5 100 52 0 1 1 5 83 71 0 1 2 125 94 54 0 1 2 125 100 74 0 1 2 125 98 24 0 1 2 125 90 52 3 667 0 2 100 22 0 1 3 2667 73 54 0 1 3 2667 105 23 0 1 3 2667 90 52 0 1 3 3333 77 23 0 1 3 3333 94 54 0 1 3 3333 95 74 0 1 3 3333 100 23 0 1 3 3333 94 54 0 1 3 3333 95
4/4 61 0 1 0 0 91 14 0 1 0 0 87 34 0 1 0 0 70 64 0 1 0 0 89 32 0 1 0 1 76 14 0 1 0 1 97 34 0 1 0 1 70 64 0 1 0 1 99 12 0 1 3 1667 74 74 0 1 3 1667 99 34 0 1 3 1667 70 32 0 1 3 2333 73 64 0 1 3 2333 102 74 0 1 0 3 104 44 0 1 0 3 92 34 0 1 0 3 70 51 0 1 0 3 75 32 2 25 2 375 84
4/4 74 3 667 0 0 104 51 2 125 0 0 75 32 1 5 0 0 84 52 0 1 1 5 90 34 0 1 1 5 76 32 3 667 2 125 86 74 3 333 3 1333 104 521 0 1 0 2 102 74 0 1 0 2 93 44 0 1 0 2 83 34 0 1 2 225 78 32 2 75 2 275 75 64 1 5 2 275 93 64 0 1 1 35 98 72 0 1 1 35 84 44 0 1 1 35 82 34 0 1 1 35 78
4/4 32 0 1 2 25 78 524 0 1 2 25 89 34 0 1 0 1 75 63 0 1 0 1 76 64 0 1 0 1 84 41 0 1 0 1 73 31 2 25 0 1 69 11 3 667 3 1667 84 62 0 1 3 2333 72 63 0 1 3 2333 70 34 0 1 3 2333 93 11 0 1 0 3 78 64 0 1 0 3 104 23 0 1 2 375 70 524 0 1 2 375 70 73 0 1 2 375 86 311 0 1 2 375 101 74 0 1 2 375 103 311 0 1 2 375 101
4/4 23 0 1 0 0 70 524 0 1 0 0 70 73 0 1 0 0 86 311 0 1 0 0 101 74 0 1 0 0 103 311 0 1 0 0 101 312 3 1667 3 667 108 524 0 1 3 1333 97 73 0 1 3 1333 76 23 0 1 3 1333 70 714 0 1 0 2 99 311 0 1 0 2 102 74 0 1 2 275 96 34 0 1 2 275 93 64 0 1 2 275 94 71 2 125 2 275 90 42 1 5 1 35 100
4/4 42 2 25 0 0 100 71 3 417 0 0 90 64 0 1 2 25 96 34 0 1 2 25 88 14 0 1 2 25 100 13 0 1 2 25 99 72 1 15 2 25 95 23 0 1 0 1 95 24 0 1 0 1 108 71 0 1 0 1 102 11 2 225 2 175 91 54 0 1 0 2 91 35 0 1 0 2 103 34 0 1 0 2 87 52 3 667 3 2667 88 35 0 1 2 275 102 54 0 1 2 275 96 34 0 1 2 275 89 12 1 5 1 35 79 44 0 1 1 35 104 45 0 1 1 35 91
4/4 11 2 25 0 0 91 12 2 25 0 0 79 52 0 1 2 25 87 34 0 1 2 25 100 35 0 1 2 25 100 74 0 1 0 1 95 24 0 1 0 1 103 23 0 1 0 1 104 71 0 2 0 1 83 52 3 667 3 1667 88 72 1 5 3 2333 86 54 0 1 3 2333 100 23 0 1 3 2333 83 52 2 25 0 3 88 74 3 333 0 3 100 61 0 1 2 375 97 64 0 1 2 375 93 34 0 1 2 375 75 14 2 25 2 375 94
4/4 61 0 1 0 0 97 64 0 1 0 0 93 34 0 1 0 0 75 14 2 25 0 0 94 14 0 1 1 5 96 32 0 1 1 5 70 34 0 1 1 5 84 64 0 1 1 5 83 12 0 1 2 125 69 34 0 1 2 125 84 74 0 1 2 125 95 32 1 5 0 2 69 64 2 25 0 2 80 51 2 75 3 2667 83 44 0 1 3 2667 90 34 0 1 3 2667 81 74 3 1333 3 2667 104 32 1 5 1 35 66
4/4 32 2 25 0 0 66 44 0 1 0 0 90 34 0 1 0 0 81 74 3 167 0 0 104 72 2 25 2 25 89 32 0 1 2 75 70 74 0 1 2 75 104 521 0 1 1 15 92 44 0 1 1 15 79 34 0 1 1 15 76 74 2 75 3 1667 96 522 0 1 3 2333 92 64 0 1 3 2333 90 64 0 1 0 3 94 44 0 1 0 3 78 34 0 1 0 3 72 72 2 25 2 325 88 222 0 1 2 375 106 34 0 1 2 375 56 44 0 1 2 375 54 524 2 25 2 375 95
4/4 524 1 5 0 0 95 41 0 1 1 5 96 64 0 1 1 5 91 44 0 1 1 5 84 34 0 1 1 5 79 42 2 25 2 125 79 34 0 1 0 2 82 52 0 1 0 2 70 44 0 1 0 2 80 74 0 1 0 2 105 714 0 1 3 2667 107 72 0 1 3 2667 72 34 0 1 3 2667 87 311 0 1 3 3333 107 224 0 1 3 3333 99 223 0 1 3 3333 98 64 0 1 3 3333 78
4/4 312 0 1 2 25 104 223 0 1 2 25 93 714 0 1 2 25 94 64 0 1 2 25 85 714 0 1 0 1 106 713 0 1 0 1 97 64 0 1 0 1 81 62 0 1 0 1 89 713 0 1 0 1 97 713 0 1 1 15 80 712 0 1 1 15 102 74 0 1 1 15 96 31 0 1 3 2333 105 714 0 1 3 2333 108 54 0 1 3 2333 86 223 0 1 3 2333 89 54 0 1 3 2333 86 32 1 5 2 325 90 52 2 25 2 375 90
4/4 74 0 1 0 0 100 54 0 1 0 0 100 52 3 1083 0 0 90 714 0 1 1 5 93 64 0 1 1 5 95 72 0 1 1 5 93 74 0 1 0 1 101 224 0 1 0 1 102 33 0 1 0 1 72 524 0 1 3 1333 76 74 0 1 3 1333 88 61 0 1 3 1333 92 714 0 1 3 1333 81 35 1 25 1 15 96 32 2 75 2 225 84 714 0 1 0 3 97 74 0 1 0 3 86 712 0 1 0 3 83 32 2 25 2 375 80 524 2 25 2 375 76
4/4 32 3 417 0 0 80 35 2 75 0 0 96 524 0 1 0 0 76 521 0 1 1 5 103 74 0 1 1 5 91 32 1 5 2 125 82 72 0 1 0 2 82 714 0 1 0 2 103 524 0 1 0 2 102 32 0 1 3 2667 75 224 0 1 3 2667 99 41 0 1 3 3333 79 64 0 1 3 3333 86 35 0 1 3 3333 94 34 1 5 1 35 90
4/4 34 1 5 0 0 90 42 2 25 2 25 95 62 3 667 0 1 97 712 0 1 1 15 94 64 0 1 1 15 93 33 2 75 2 225 95 712 0 1 0 3 93 35 0 1 0 3 104 24 0 1 3 3667 91 62 0 1 3 3667 85 524 2 25 3 3667 100
4/4 24 0 1 0 0 91 62 0 1 0 0 85 712 0 1 3 333 100 35 0 1 3 333 97 64 0 1 2 75 58 714 0 1 2 75 65 24 0 1 2 75 70 71 0 1 0 1 87 45 0 1 0 1 99 62 2 75 2 175 79 712 1 15 1 25 71 22 2 75 2 325 77
4/4 43 0 1 0 0 77 712 3 167 0 0 71 22 0 1 0 0 77 73 2 175 2 75 86 34 0 1 2 175 73 23 2 75 3 2667 57 32 0 1 1 35 58 53 0 1 1 35 51 34 3 333 3 3667 65
4/4 32 0 1 0 0 58 53 0 1 0 0 51 34 3 10333 0 0 65 72 3 1333 3 333 70 33 2 75 0 1 77 73 0 2 2 175 60 21 1 15 1 25 67 43 1 15 1 25 76 72 2 75 2 325 71
4/4 22 2 75 0 0 50 21 2 75 0 0 67 43 3 833 0 0 76 73 0 1 2 75 56 221 3 2333 1 15 57 33 2 175 3 1667 69 72 2 25 3 2333 62 222 0 1 0 3 71 33 2 25 2 375 82
4/4 33 1 15 0 0 82 11 2 225 1 5 66 73 0 1 1 5 66 62 2 75 2 125 73 33 0 1 0 2 59 63 0 1 0 2 94 12 3 667 0 2 65 62 2 25 3 2667 78 64 0 1 3 3333 81 44 0 1 3 3333 79 72 0 1 1 35 70 71 0 1 1 35 70
4/4 64 0 1 0 0 81 44 0 1 0 0 79 72 0 1 0 0 70 71 0 1 0 0 70 34 0 1 2 25 89 54 0 1 2 25 96 524 0 1 0 1 94 23 0 1 0 1 85 34 0 1 2 175 72 54 0 1 2 175 101 611 0 1 3 2333 60 612 0 1 3 2333 56 34 3 1667 3 2333 60 54 0 1 1 25 76 14 0 1 1 25 80 35 2 125 2 275 77
4/4 611 0 1 0 0 60 612 0 1 0 0 56 34 3 583 0 0 60 54 0 1 0 0 76 14 0 1 0 0 80 35 3 83 0 0 77 34 0 1 2 175 73 54 0 1 2 175 59 13 0 1 1 25 60 34 0 1 1 25 56 61 1 15 1 25 57 54 2 125 2 275 80 32 1 5 1 35 78
4/4 61 0 1 0 0 57 54 3 83 0 0 80 32 2 25 0 0 78 62 3 1667 2 25 65 63 0 1 1 15 37 73 0 1 1 15 58 23 0 1 1 15 47 44 1 15 2 175 73 71 2 225 2 175 66 42 3 667 3 2667 59 72 3 667 3 3333 55
4/4 42 2 25 0 0 53 73 3 2667 1 5 61 34 0 1 3 667 40 44 0 1 3 667 57 51 0 1 2 75 61 74 2 125 0 1 73 52 3 333 2 175 57 72 3 1333 1 25 71 33 1 5 2 325 88
4/4 34 0 1 0 0 91 53 0 1 0 0 72 73 0 1 0 0 79 33 3 667 3 667 95 73 0 1 3 1333 92 53 0 1 3 1333 72 34 0 1 3 1333 91 72 0 1 3 1333 79 53 0 1 3 1333 72 52 3 333 0 2 78 73 3 1667 3 2333 68 23 0 1 1 25 66 34 0 1 1 25 70 54 0 1 1 25 83 11 3 1333 3 2667 77 52 1 5 1 35 70
4/4 73 3 83 0 0 68 11 3 1667 0 0 77 52 2 25 0 0 70 12 3 667 2 25 65 22 0 1 2 75 82 33 2 75 1 15 70 22 2 75 2 225 56 12 3 333 0 3 55
4/4 52 3 667 0 0 42 73 2 375 2 25 61 23 1 35 1 5 44 44 2 175 1 5 70 51 3 1333 1 5 57 74 2 325 3 667 79 21 2 75 3 1333 78 52 2 75 0 2 79 612 3 667 3 2667 87 72 3 667 3 3333 101
4/4 73 3 917 0 0 61 72 3 83 0 0 101 22 2 75 2 25 93 43 2 25 0 1 79 22 2 25 3 1667 69 63 0 1 0 2 58 13 0 1 0 2 61 34 0 1 0 2 54 61 0 1 3 2333 78 54 1 5 3 2333 88 32 1 5 0 3 61 62 2 25 2 375 74
4/4 62 2 25 0 0 74 12 2 25 1 5 82 44 0 1 2 125 94 72 0 1 2 125 99 23 0 1 2 125 87 63 0 1 2 125 86 73 0 1 2 125 86 71 1 15 2 125 96 13 0 1 2 275 96 14 0 1 2 275 103 72 0 1 2 275 95 71 0 1 3 3667 99 24 0 1 3 3667 104 23 0 1 3 3667 84
4/4 11 1 25 1 5 94 35 0 1 1 5 91 34 0 1 1 5 86 14 0 1 1 5 82 54 0 1 1 5 83 52 3 667 3 1333 83 35 0 1 3 1333 87 34 0 1 3 1333 80 54 0 1 3 1333 79 14 0 1 3 1333 83 12 3 667 0 2 70 45 0 1 2 225 97 44 0 1 2 225 95 52 3 667 2 275 80 35 0 1 0 3 94 34 0 1 0 3 91 23 0 1 3 3667 85 24 0 1 3 3667 87 74 0 1 3 3667 89 54 0 1 3 3667 71 71 3 333 3 3667 78
4/4 23 0 1 0 0 85 24 0 1 0 0 87 74 0 1 0 0 89 54 0 1 0 0 71 71 3 1917 0 0 78 52 3 667 3 333 84 54 0 1 0 1 103 53 0 1 0 1 99 72 0 1 0 1 69 52 0 1 2 175 81 74 0 1 2 175 109 73 0 1 2 175 90 64 0 1 3 2667 83 34 0 1 3 2667 76 14 0 1 3 2667 90 13 0 1 3 2667 83 61 3 1333 3 2667 86 34 0 1 3 3333 71 14 0 1 3 3333 85 64 0 1 3 3333 82 13 0 1 3 3333 90 32 3 667 3 3333 79
4/4 74 0 1 0 0 94 73 0 1 0 0 98 34 0 1 0 0 65 64 0 1 0 0 68 61 3 917 0 0 86 62 0 1 2 25 76 73 0 1 2 25 98 32 0 1 2 75 80 64 0 1 2 75 104 63 0 1 2 75 80 51 0 1 1 15 86 34 0 1 1 15 70 74 1 15 1 15 104 44 2 125 1 15 91 73 1 25 1 15 86 32 3 667 3 2333 83 72 1 5 0 3 91 74 0 1 2 375 104 32 0 1 2 375 57
4/4 74 0 1 0 0 104 32 0 1 0 0 57 521 0 1 1 5 91 74 0 1 1 5 101 44 0 1 1 5 88 34 0 1 1 5 72 73 0 1 1 5 70 64 0 1 2 125 100 32 0 1 2 125 70 34 2 25 2 125 56 64 0 1 0 2 105 34 0 1 0 2 83 72 0 1 0 2 79 73 0 1 0 2 76 32 2 25 2 275 69 524 1 5 2 275 94 41 0 1 1 35 83 34 0 1 1 35 79 64 1 5 1 35 86
4/4 41 0 1 0 0 83 34 0 1 0 0 79 64 3 833 0 0 86 11 1 5 2 25 83 62 1 5 2 75 78 34 3 667 2 75 91 11 2 25 3 1667 68 64 3 667 3 1667 95 524 0 1 3 2333 90 23 0 1 3 2333 80 74 3 1667 3 2333 88 311 2 75 3 2333 101 312 2 75 2 325 100
4/4 23 0 1 0 0 96 312 2 75 0 0 100 714 1 5 3 667 103 311 2 25 3 667 97 64 0 1 3 1333 88 34 0 1 3 1333 87 74 0 1 3 1333 95 71 2 75 3 1333 89 42 3 667 2 225 99 64 0 1 2 275 99 14 0 1 2 275 101 13 0 1 2 275 99 72 0 1 2 275 83 24 0 1 3 3667 105 71 0 1 3 3667 94 23 0 1 3 3667 94
4/4 11 1 25 1 5 94 54 0 1 1 5 93 35 0 1 1 5 104 34 0 1 1 5 95 52 0 1 2 125 79 35 0 1 2 125 102 34 0 1 2 125 89 54 0 1 2 125 93 45 0 1 0 2 103 12 0 1 0 2 69 44 0 1 0 2 100 35 0 1 2 275 98 34 0 1 2 275 92 52 2 75 2 275 73 24 0 1 1 35 81 23 0 1 1 35 82 74 0 1 1 35 89 54 0 1 1 35 70 71 1 5 1 35 82
4/4 24 0 1 0 0 81 23 0 1 0 0 82 74 0 1 0 0 89 54 0 1 0 0 70 71 1 15 0 0 82 52 1 5 2 25 84 72 2 75 0 1 69 54 0 1 0 1 103 73 0 1 0 1 83 74 0 1 3 1667 105 23 0 1 3 1667 86 52 0 1 3 1667 75 34 0 1 1 25 78 13 0 1 1 25 85 64 0 1 1 25 77 14 0 1 1 25 93 61 1 15 1 25 83 64 0 1 2 325 84 14 0 1 2 325 101 32 2 75 2 325 80
4/4 74 0 1 0 0 102 73 0 1 0 0 87 62 0 1 0 0 74 34 0 1 0 0 83 61 1 5 0 0 83 32 0 1 3 667 77 64 0 1 3 667 103 34 0 1 3 667 88 63 0 1 3 667 95 51 2 75 3 1333 73 44 0 1 1 15 86 73 0 1 1 15 85 34 0 1 1 15 72 74 0 1 1 15 90 32 2 75 2 225 76 72 3 333 0 3 88 74 0 1 3 3667 99 73 0 1 3 3667 89 44 0 1 3 3667 88 34 0 1 3 3667 66 32 3 333 3 3667 55
4/4 32 3 417 0 0 55 521 3 1667 1 5 94 74 3 667 1 5 91 73 0 2 1 5 78 44 0 1 1 5 73 34 0 1 1 5 61 64 0 1 2 125 91 32 0 1 2 125 70 44 0 1 0 2 75 64 0 1 0 2 72 522 0 1 0 2 93 34 0 1 0 2 62 521 0 1 3 2667 89 524 0 1 3 2667 95 64 0 1 3 3333 95 44 0 1 3 3333 84 34 0 1 3 3333 77 41 3 667 3 3333 85
4/4 42 3 1333 0 0 97 64 0 1 0 0 95 44 0 1 0 0 84 34 0 1 0 0 77 41 3 1333 0 0 85 44 0 1 2 75 87 74 0 1 2 75 104 34 0 1 2 75 88 41 3 667 1 15 91 714 0 1 1 15 98 34 0 1 1 15 71 224 0 1 2 225 99 64 0 1 2 225 78 311 0 1 2 225 108 23 0 1 2 225 78 714 0 1 0 3 99 64 0 1 0 3 78 312 0 1 0 3 95 714 0 1 2 375 96 311 0 1 2 375 103 64 0 1 2 375 97 23 0 1 2 375 79
4/4 714 0 1 0 0 96 311 0 1 0 0 103 64 0 1 0 0 97 23 0 1 0 0 79 312 3 333 0 0 95 74 2 25 3 667 95 312 1 5 3 667 112 31 0 1 1 15 96 34 0 1 1 15 83 54 0 1 1 15 90 714 0 1 1 15 105 54 0 1 1 15 90 32 2 25 2 225 100 52 2 75 2 275 82 74 0 1 2 275 101 54 0 1 2 275 90 714 0 1 3 3333 95 64 0 1 3 3333 93 72 0 1 3 3667 89 74 0 1 3 3667 95 224 0 1 3 3667 99
4/4 34 0 1 2 25 68 74 0 1 2 25 83 714 0 1 2 25 87 61 0 1 3 333 90 714 0 1 3 333 87 35 3 3667 3 333 100 32 2 75 2 125 86 34 0 1 0 2 74 74 0 1 0 2 83 714 2 125 0 2 84 712 1 5 0 2 80 32 3 667 1 25 86 74 3 667 3 3333 100 521 3 667 3 3333 95
4/4 32 1 5 0 0 85 74 3 333 0 0 100 521 3 83 0 0 95 35 3 833 0 0 100 714 3 667 2 75 103 72 2 25 2 75 83 32 0 1 1 15 74 224 0 1 1 15 101 41 2 75 2 225 83 35 3 1667 3 2333 100 74 0 1 3 2333 98 42 2 75 0 3 94 62 2 25 2 375 105
4/4 62 1 5 0 0 105 35 3 583 0 0 100 64 2 25 1 5 96 712 2 75 1 5 70 33 2 75 2 125 86 63 0 1 0 2 76 35 0 1 0 2 106 33 2 25 3 2667 74 24 2 75 2 275 99 712 2 25 3 3333 72 35 1 5 1 35 104
4/4 45 0 4 0 0 97 24 1 35 0 0 99 714 2 225 2 25 95 64 2 125 2 25 99 71 2 75 2 25 72 62 3 667 2 75 80 712 3 1333 3 1667 92 22 2 75 2 225 81 43 0 1 0 3 83 74 2 25 2 375 78
4/4 45 1 5 0 0 97 74 3 1417 0 0 78 43 1 5 0 0 83 35 2 75 1 5 86 24 2 25 2 125 86 54 0 1 2 175 57 74 0 1 2 175 69 35 0 1 2 175 77 61 0 1 0 2 70 55 0 1 0 2 83 32 2 75 2 275 71 62 1 5 1 35 86
4/4 12 0 1 2 25 76 45 3 1333 2 25 91 54 0 1 2 25 88 22 2 75 0 1 81 12 3 1333 3 1667 81 74 0 1 1 25 74 75 0 1 1 25 84 45 0 1 1 25 72 53 0 1 1 25 58 71 2 25 2 375 77
4/4 64 0 1 0 0 83 24 0 1 0 0 77 55 0 2 0 0 85 71 2 75 0 0 77 42 3 667 2 75 78 12 2 75 3 1333 71 22 1 15 0 2 70 45 0 2 0 2 76 12 3 333 3 3667 56
4/4 64 0 1 0 0 83 24 0 1 0 0 77 12 3 917 0 0 56 45 1 25 0 0 76 53 2 25 3 333 69 31 3 1333 0 2 66 71 3 667 3 2667 74 32 3 333 3 3333 68
4/4 52 2 225 0 0 67 54 0 1 2 75 67 24 0 1 2 75 76 74 0 1 2 75 72 24 0 1 2 75 76 72 1 15 2 75 60 45 2 325 2 75 78 22 2 25 3 2333 56
4/4 11 2 125 0 0 63 54 0 1 0 0 67 24 0 1 0 0 76 74 0 1 0 0 72 24 0 1 0 0 76 45 1 25 0 0 78 52 3 667 3 667 73 12 2 25 3 1333 75 53 2 75 0 2 84 54 0 1 2 275 77 14 0 1 2 275 87 13 0 1 2 275 78 35 0 1 2 275 90 33 2 125 2 275 71
4/4 13 0 1 0 0 78 35 0 1 0 0 90 33 0 1 0 0 71 24 0 1 3 333 76 53 0 1 3 333 49 54 0 1 3 333 56 13 0 1 3 1667 44 34 0 1 3 1667 50 54 0 1 3 1667 63 61 3 1333 2 175 60 14 0 2 0 2 58 32 3 667 3 2667 66 62 3 667 3 3333 77
4/4 12 0 1 0 0 84 62 3 83 0 0 77 14 2 25 0 0 58 33 1 5 3 667 66 34 0 1 3 667 78 13 0 1 3 667 83 54 3 2667 3 667 94 63 2 75 1 15 87 12 0 1 2 225 66 13 0 1 2 225 75 34 2 75 0 3 76 71 3 333 3 3667 68 54 0 1 3 3667 78 73 0 1 3 3667 64 23 3 333 3 3667 70
4/4 71 0 1 0 0 68 54 0 1 0 0 78 73 0 1 0 0 64 23 3 1417 0 0 70 42 2 75 1 5 70 72 2 75 0 1 74 42 3 667 0 2 59 73 2 175 2 225 57 23 0 1 3 2333 51 44 0 1 3 2333 59 22 0 1 1 25 67 74 3 1333 1 25 86 42 2 75 2 325 70
4/4 72 3 333 0 0 65 42 2 25 0 0 70 73 1 5 0 0 57 73 0 1 3 1333 58 13 0 1 3 1333 57 23 0 1 2 175 43 44 0 1 2 175 75 31 1 15 2 175 56 71 2 75 2 275 56 32 1 5 1 35 58
4/4 73 0 1 0 0 58 13 0 1 0 0 57 23 0 1 0 0 43 44 0 1 0 0 75 32 3 167 0 0 58 52 2 175 3 333 84 72 2 75 1 15 60
4/4 31 0 2 0 2 60 74 0 1 3 2333 57 71 0 1 3 2333 66 14 2 125 2 275 62 24 0 1 0 3 66 55 1 5 1 35 60
4/4 31 0 1 0 0 60 74 0 1 0 0 57 71 0 1 0 0 66 14 2 75 0 0 62 24 1 5 0 0 66 55 2 75 0 0 60
