6/8 62 1 5 0 0 60 33 0 1 1 5 60 63 1 5 1 5 60 13 1 5 0 1 60 62 1 5 1 15 60 33 0 1 0 2 60 63 1 5 0 2 60 13 1 5 1 25 60
6/8 62 1 5 0 0 60 33 0 1 1 5 60 63 1 5 1 5 60 13 1 5 0 1 60 62 1 5 1 15 60 33 0 1 0 2 60 63 1 5 0 2 60 13 1 5 1 25 60
6/8 62 1 5 0 0 60 33 0 1 1 5 60 63 1 5 1 5 60 13 1 5 0 1 60 33 1 5 1 15 60 73 0 1 0 2 60 34 1 5 0 2 60 54 1 5 1 25 60
6/8 43 1 5 0 0 60 63 0 1 1 5 60 13 1 5 1 5 60 44 1 5 0 1 60 12 1 5 1 15 60 33 0 1 0 2 60 53 1 5 0 2 60 13 1 5 1 25 60
6/8 222 1 5 0 0 60 43 0 1 1 5 60 63 1 5 1 5 60 223 1 5 0 1 60 12 1 5 1 15 60 33 0 1 0 2 60 63 1 5 0 2 60 13 1 5 1 25 60
6/8 72 1 5 0 0 60 43 0 1 1 5 60 73 1 5 1 5 60 223 1 5 0 1 60 33 1 5 1 15 60 53 0 1 0 2 60 73 1 5 0 2 60 34 1 5 1 25 60
6/8 62 1 5 0 0 60 33 0 1 1 5 60 63 1 5 1 5 60 13 1 5 0 1 60 33 1 5 1 15 60 73 0 1 0 2 60 34 1 5 0 2 60 54 1 5 1 25 60
6/8 43 1 5 0 0 60 63 0 1 1 5 60 13 1 5 1 5 60 44 1 5 0 1 60 12 1 5 1 15 60 33 0 1 0 2 60 53 1 5 0 2 60 13 1 5 1 25 60
6/8 222 1 5 0 0 60 43 0 1 1 5 60 63 1 5 1 5 60 223 1 5 0 1 60 12 1 5 1 15 60 33 0 1 0 2 60 63 1 5 0 2 60 13 1 5 1 25 60
6/8 72 1 5 0 0 60 43 0 1 1 5 60 72 0 1 1 5 60 53 0 1 0 1 60 33 0 1 0 1 60 62 1 5 1 15 60 33 0 1 0 2 60 63 1 5 0 2 60 13 1 5 1 25 60
6/8 62 1 5 0 0 60 33 0 1 1 5 60 63 1 5 1 5 60 13 1 5 0 1 60 62 1 5 1 15 60 33 0 1 0 2 60 63 1 5 0 2 60 13 1 5 1 25 60
6/8 33 1 5 0 0 60 73 0 1 1 5 60 34 1 5 1 5 60 54 1 5 0 1 60 43 1 5 1 15 60 63 0 1 0 2 60 13 1 5 0 2 60 44 1 5 1 25 60
6/8 12 1 5 0 0 60 33 0 1 1 5 60 53 1 5 1 5 60 13 1 5 0 1 60 43 1 5 1 15 60 13 0 1 0 2 60 43 0 1 0 2 60 43 1 5 1 25 60
6/8 222 1 5 0 0 60 63 0 1 1 5 60 222 0 1 1 5 60 222 1 5 0 1 60 72 1 5 1 15 60 222 0 1 0 2 60 42 0 1 0 2 60 72 1 5 1 25 60
6/8 33 1 5 0 0 60 53 0 1 1 5 60 73 1 5 1 5 60 34 1 5 0 1 60 62 1 5 1 15 60 33 0 1 0 2 60 63 1 5 0 2 60 13 1 5 1 25 60
6/8 33 1 5 0 0 60 73 0 1 1 5 60 34 1 5 1 5 60 54 1 5 0 1 60 43 1 5 1 15 60 63 0 1 0 2 60 13 1 5 0 2 60 44 1 5 1 25 60
6/8 12 1 5 0 0 60 33 0 1 1 5 60 53 1 5 1 5 60 13 1 5 0 1 60 222 1 5 1 15 60 43 0 1 0 2 60 63 1 5 0 2 60 223 1 5 1 25 60
6/8 12 1 5 0 0 60 33 0 1 1 5 60 63 1 5 1 5 60 13 1 5 0 1 60 222 1 5 1 15 60 73 0 1 0 2 60 34 1 5 0 2 60 54 1 5 1 25 60
6/8 62 1 5 0 0 60 33 0 1 1 5 60 63 1 5 1 5 60 13 1 5 0 1 60 62 1 5 1 15 60 33 0 1 0 2 60 63 1 5 0 2 60 13 1 5 1 25 60
6/8 62 1 5 0 0 60 33 0 1 1 5 60 63 1 5 1 5 60 13 1 5 0 1 60 62 1 5 1 15 60 33 0 1 0 2 60 63 1 5 0 2 60 13 1 5 1 25 60
6/8 33 1 5 0 0 60 73 0 1 1 5 60 34 1 5 1 5 60 54 1 5 0 1 60 43 1 5 1 15 60 63 0 1 0 2 60 13 1 5 0 2 60 44 1 5 1 25 60
6/8 12 1 5 0 0 60 33 0 1 1 5 60 53 1 5 1 5 60 13 1 5 0 1 60 222 1 5 1 15 60 43 0 1 0 2 60 63 1 5 0 2 60 223 1 5 1 25 60
6/8 12 1 5 0 0 60 33 0 1 1 5 60 63 1 5 1 5 60 13 1 5 0 1 60 72 1 5 1 15 60 43 0 1 0 2 60 73 1 5 0 2 60 223 1 5 1 25 60
6/8 33 1 5 0 0 60 53 0 1 1 5 60 73 1 5 1 5 60 34 1 5 0 1 60 62 1 5 1 15 60 33 0 1 0 2 60 63 1 5 0 2 60 13 1 5 1 25 60
6/8 33 1 5 0 0 60 73 0 1 1 5 60 34 1 5 1 5 60 54 1 5 0 1 60 43 1 5 1 15 60 63 0 1 0 2 60 13 1 5 0 2 60 44 1 5 1 25 60
6/8 12 1 5 0 0 60 33 0 1 1 5 60 53 1 5 1 5 60 13 1 5 0 1 60 222 1 5 1 15 60 43 0 1 0 2 60 63 1 5 0 2 60 223 1 5 1 25 60
6/8 12 1 5 0 0 60 33 0 1 1 5 60 63 1 5 1 5 60 13 1 5 0 1 60 72 1 5 1 15 60 43 0 1 0 2 60 72 0 1 0 2 60 33 0 1 1 25 60 33 0 1 1 25 60
6/8 62 1 5 0 0 60 33 0 1 1 5 60 63 1 5 1 5 60 13 1 5 0 1 60 62 1 5 1 15 60 33 0 1 0 2 60 63 1 5 0 2 60 13 1 5 1 25 60
6/8 62 1 5 0 0 60 33 0 1 1 5 60 63 1 5 1 5 60 13 1 5 0 1 60 62 1 5 1 15 60 33 0 1 0 2 60 63 1 5 0 2 60 13 1 5 1 25 60
6/8 33 1 5 0 0 60 73 0 1 1 5 60 34 1 5 1 5 60 54 1 5 0 1 60 43 1 5 1 15 60 63 0 1 0 2 60 13 1 5 0 2 60 44 1 5 1 25 60
6/8 12 1 5 0 0 60 33 0 1 1 5 60 53 1 5 1 5 60 13 1 5 0 1 60 43 1 5 1 15 60 13 0 1 0 2 60 43 0 1 0 2 60 43 1 5 1 25 60
6/8 222 1 5 0 0 60 63 0 1 1 5 60 222 0 1 1 5 60 222 1 5 0 1 60 72 1 5 1 15 60 222 0 1 0 2 60 42 0 1 0 2 60 72 1 5 1 25 60
6/8 33 1 5 0 0 60 53 0 1 1 5 60 73 1 5 1 5 60 34 1 5 0 1 60 62 1 5 1 15 60 33 0 1 0 2 60 63 1 5 0 2 60 13 1 5 1 25 60
6/8 33 1 5 0 0 60 73 0 1 1 5 60 34 1 5 1 5 60 54 1 5 0 1 60 43 1 5 1 15 60 63 0 1 0 2 60 13 1 5 0 2 60 44 1 5 1 25 60
6/8 12 1 5 0 0 60 33 0 1 1 5 60 53 1 5 1 5 60 13 1 5 0 1 60 222 1 5 1 15 60 43 0 1 0 2 60 63 1 5 0 2 60 223 1 5 1 25 60
6/8 12 1 5 0 0 60 33 0 1 1 5 60 63 1 5 1 5 60 13 1 5 0 1 60 222 1 5 1 15 60 73 0 1 0 2 60 33 0 1 0 2 60 33 0 1 1 25 60 222 0 1 1 25 60
6/8 62 1 5 0 0 60 33 0 1 1 5 60 63 1 5 1 5 60 13 1 5 0 1 60 62 1 5 1 15 60 33 0 1 0 2 60 63 1 5 0 2 60 13 1 5 1 25 60
6/8 62 1 5 0 0 60 33 0 1 1 5 60 63 1 5 1 5 60 13 1 5 0 1 60 62 1 5 1 15 60 33 0 1 0 2 60 63 1 5 0 2 60 13 1 5 1 25 60
6/8 62 1 5 0 0 60 33 0 1 1 5 60 63 1 5 1 5 60 13 1 5 0 1 60 33 1 5 1 15 60 73 0 1 0 2 60 34 1 5 0 2 60 54 1 5 1 25 60
6/8 43 1 5 0 0 60 63 0 1 1 5 60 13 1 5 1 5 60 44 1 5 0 1 60 12 1 5 1 15 60 33 0 1 0 2 60 53 1 5 0 2 60 13 1 5 1 25 60
6/8 222 1 5 0 0 60 43 0 1 1 5 60 63 1 5 1 5 60 223 1 5 0 1 60 12 1 5 1 15 60 33 0 1 0 2 60 63 1 5 0 2 60 13 1 5 1 25 60
6/8 72 1 5 0 0 60 43 0 1 1 5 60 73 1 5 1 5 60 223 1 5 0 1 60 33 1 5 1 15 60 53 0 1 0 2 60 73 1 5 0 2 60 34 1 5 1 25 60
6/8 62 1 5 0 0 60 33 0 1 1 5 60 63 1 5 1 5 60 13 1 5 0 1 60 33 1 5 1 15 60 73 0 1 0 2 60 34 1 5 0 2 60 54 1 5 1 25 60
6/8 43 1 5 0 0 60 63 0 1 1 5 60 13 1 5 1 5 60 44 1 5 0 1 60 12 1 5 1 15 60 33 0 1 0 2 60 53 1 5 0 2 60 73 1 5 1 25 60
6/8 222 1 5 0 0 60 43 0 1 1 5 60 63 1 5 1 5 60 223 1 5 0 1 60 12 1 5 1 15 60 33 0 1 0 2 60 62 0 1 0 2 60 63 0 1 1 25 60 12 0 1 1 25 60
6/8 72 1 5 0 0 60 43 0 1 1 5 60 72 0 1 1 5 60 53 0 1 0 1 60 33 0 1 0 1 60 62 1 5 1 15 60 33 0 1 0 2 60 63 1 5 0 2 60 13 1 5 1 25 60
6/8 62 1 5 0 0 60 33 0 1 1 5 60 63 1 5 1 5 60 13 1 5 0 1 60 62 1 5 1 15 60 33 0 1 0 2 60 63 1 5 0 2 60 13 1 5 1 25 60
6/8 33 1 5 0 0 60 73 0 1 1 5 60 34 1 5 1 5 60 54 1 5 0 1 60 43 1 5 1 15 60 63 0 1 0 2 60 13 1 5 0 2 60 44 1 5 1 25 60
6/8 12 1 5 0 0 60 33 0 1 1 5 60 53 1 5 1 5 60 13 1 5 0 1 60 43 1 5 1 15 60 63 0 1 0 2 60 43 0 1 0 2 60 43 1 5 1 25 60
6/8 222 1 5 0 0 60 63 0 1 1 5 60 222 0 1 1 5 60 222 1 5 0 1 60 72 1 5 1 15 60 222 0 1 0 2 60 42 0 1 0 2 60 72 1 5 1 25 60
6/8 33 1 5 0 0 60 53 0 1 1 5 60 73 1 5 1 5 60 34 1 5 0 1 60 62 1 5 1 15 60 33 0 1 0 2 60 63 1 5 0 2 60 13 1 5 1 25 60
6/8 33 1 5 0 0 60 73 0 1 1 5 60 53 0 1 1 5 60 34 0 1 0 1 60 73 0 1 0 1 60 43 1 5 1 15 60 63 0 1 0 2 60 13 1 5 0 2 60 44 1 5 1 25 60
6/8 12 1 5 0 0 60 53 0 1 1 5 60 33 0 1 1 5 60 13 0 1 0 1 60 53 0 1 0 1 60 222 1 5 1 15 60 43 0 1 0 2 60 63 1 5 0 2 60 223 1 5 1 25 60
6/8 12 1 5 0 0 60 33 0 1 1 5 60 63 1 5 1 5 60 13 1 5 0 1 60 222 1 5 1 15 60 73 0 1 0 2 60 33 0 1 0 2 60 33 0 1 1 25 60 222 0 1 1 25 60
6/8 62 1 5 0 0 60 33 0 1 1 5 60 63 1 5 1 5 60 13 1 5 0 1 60 62 1 5 1 15 60 33 0 1 0 2 60 63 1 5 0 2 60 13 1 5 1 25 60
6/8 72 1 5 0 0 60 43 0 1 1 5 60 73 1 5 1 5 60 23 1 5 0 1 60 72 1 5 1 15 60 43 0 1 0 2 60 73 1 5 0 2 60 23 1 5 1 25 60
6/8 43 1 5 0 0 60 13 0 1 1 5 60 44 1 5 1 5 60 614 1 5 0 1 60 53 1 5 1 15 60 73 0 1 0 2 60 23 1 5 0 2 60 54 1 5 1 25 60
6/8 22 1 5 0 0 60 43 0 1 1 5 60 613 1 5 1 5 60 23 1 5 0 1 60 33 1 5 1 15 60 53 0 1 0 2 60 73 1 5 0 2 60 34 1 5 1 25 60
6/8 22 1 5 0 0 60 43 0 1 1 5 60 73 1 5 1 5 60 23 1 5 0 1 60 12 1 5 1 15 60 53 0 1 0 2 60 13 1 5 0 2 60 34 1 5 1 25 60
6/8 43 1 5 0 0 60 613 0 1 1 5 60 13 1 5 1 5 60 44 1 5 0 1 60 72 1 5 1 15 60 43 0 1 0 2 60 73 1 5 0 2 60 23 1 5 1 25 60
6/8 43 1 5 0 0 60 13 0 1 1 5 60 44 1 5 1 5 60 614 1 5 0 1 60 53 1 5 1 15 60 73 0 1 0 2 60 23 1 5 0 2 60 54 1 5 1 25 60
6/8 22 1 5 0 0 60 43 0 1 1 5 60 613 1 5 1 5 60 23 1 5 0 1 60 33 1 5 1 15 60 53 0 1 0 2 60 73 1 5 0 2 60 34 1 5 1 25 60
6/8 22 1 15 0 0 60 43 0 1 1 5 60 22 0 1 1 5 60 33 1 5 1 15 60 53 0 1 0 2 60 73 1 5 0 2 60 34 1 5 1 25 60
6/8 22 1 15 0 0 60 43 0 1 1 5 60 22 0 1 1 5 60 33 1 5 1 15 60 53 0 1 0 2 60 73 1 5 0 2 60 34 1 5 1 25 60
6/8 22 1 5 0 0 60 43 0 1 1 5 60 73 1 5 1 5 60 23 1 5 0 1 60 12 1 5 1 15 60 43 0 1 0 2 60 612 0 1 0 2 60 613 0 1 1 25 60 43 0 1 1 25 60
6/8 72 1 5 0 0 60 43 0 1 1 5 60 73 1 5 1 5 60 23 1 5 0 1 60 72 1 5 1 15 60 43 0 1 0 2 60 73 1 5 0 2 60 23 1 5 1 25 60
6/8 72 1 5 0 0 60 43 0 1 1 5 60 73 1 5 1 5 60 23 1 5 0 1 60 23 0 1 1 15 60 43 0 1 1 15 60 23 0 1 0 2 60 73 0 1 0 2 60 44 0 1 1 25 60 73 0 1 1 25 60
6/8 72 1 5 0 0 60 43 0 1 1 5 60 73 1 5 1 5 60 23 1 5 0 1 60 43 1 5 1 15 60 13 0 1 0 2 60 44 1 5 0 2 60 614 1 5 1 25 60
6/8 53 1 5 0 0 60 73 0 1 1 5 60 23 1 5 1 5 60 54 1 5 0 1 60 22 1 5 1 15 60 43 0 1 0 2 60 613 1 5 0 2 60 23 1 5 1 25 60
6/8 53 1 5 0 0 60 23 0 1 1 5 60 53 0 1 1 5 60 53 1 5 0 1 60 33 1 5 1 15 60 73 0 1 0 2 60 33 0 1 0 2 60 33 1 5 1 25 60
6/8 12 1 5 0 0 60 33 0 1 1 5 60 52 0 1 1 5 60 12 1 5 0 1 60 43 1 5 1 15 60 613 0 1 0 2 60 13 1 5 0 2 60 44 1 5 1 25 60
6/8 72 1 5 0 0 60 43 0 1 1 5 60 73 1 5 1 5 60 23 1 5 0 1 60 43 1 5 1 15 60 13 0 1 0 2 60 44 1 5 0 2 60 614 1 5 1 25 60
6/8 53 1 5 0 0 60 73 0 1 1 5 60 23 1 5 1 5 60 54 1 5 0 1 60 22 1 5 1 15 60 43 0 1 0 2 60 613 1 5 0 2 60 23 1 5 1 25 60
6/8 33 1 5 0 0 60 53 0 1 1 5 60 73 1 5 1 5 60 34 1 5 0 1 60 22 1 5 1 15 60 43 0 1 0 2 60 73 1 5 0 2 60 23 1 5 1 25 60
6/8 33 1 5 0 0 60 13 0 1 1 5 60 43 0 1 1 5 60 43 0 1 0 1 60 33 0 1 0 1 60 72 1 5 1 15 60 43 0 1 0 2 60 73 1 5 0 2 60 23 1 5 1 25 60
6/8 72 1 5 0 0 60 43 0 1 1 5 60 73 1 5 1 5 60 23 1 5 0 1 60 72 1 5 1 15 60 43 0 1 0 2 60 72 0 1 0 2 60 73 0 1 1 25 60 22 0 1 1 25 60
6/8 23 0 1 0 0 60 43 0 1 0 0 60 44 0 1 1 5 60 73 0 1 1 5 60 44 0 1 0 1 60 23 0 1 0 1 60
6/8 62 1 5 0 0 60 33 0 1 1 5 60 63 1 5 1 5 60 13 1 5 0 1 60 62 1 5 1 15 60 33 0 1 0 2 60 63 1 5 0 2 60 13 1 5 1 25 60
6/8 62 1 5 0 0 60 33 0 1 1 5 60 63 1 5 1 5 60 13 1 5 0 1 60 62 1 5 1 15 60 33 0 1 0 2 60 63 1 5 0 2 60 13 1 5 1 25 60
6/8 62 1 5 0 0 60 33 0 1 1 5 60 63 1 5 1 5 60 13 1 5 0 1 60 33 1 5 1 15 60 73 0 1 0 2 60 34 1 5 0 2 60 54 1 5 1 25 60
6/8 43 1 5 0 0 60 63 0 1 1 5 60 13 1 5 1 5 60 44 1 5 0 1 60 12 1 5 1 15 60 33 0 1 0 2 60 53 1 5 0 2 60 13 1 5 1 25 60
6/8 222 1 5 0 0 60 43 0 1 1 5 60 63 1 5 1 5 60 223 1 5 0 1 60 12 1 5 1 15 60 33 0 1 0 2 60 63 1 5 0 2 60 13 1 5 1 25 60
6/8 72 1 5 0 0 60 43 0 1 1 5 60 73 1 5 1 5 60 223 1 5 0 1 60 33 1 5 1 15 60 53 0 1 0 2 60 73 1 5 0 2 60 34 1 5 1 25 60
6/8 62 1 5 0 0 60 33 0 1 1 5 60 63 1 5 1 5 60 13 1 5 0 1 60 33 1 5 1 15 60 73 0 1 0 2 60 34 1 5 0 2 60 54 1 5 1 25 60
6/8 43 1 5 0 0 60 63 0 1 1 5 60 13 1 5 1 5 60 44 1 5 0 1 60 12 1 5 1 15 60 33 0 1 0 2 60 53 1 5 0 2 60 13 1 5 1 25 60
6/8 222 1 5 0 0 60 43 0 1 1 5 60 63 1 5 1 5 60 223 1 5 0 1 60 12 1 5 1 15 60 33 0 1 0 2 60 63 1 5 0 2 60 13 1 5 1 25 60
6/8 72 1 5 0 0 60 43 0 1 1 5 60 72 0 1 1 5 60 53 0 1 0 1 60 33 0 1 0 1 60 62 1 5 1 15 60 33 0 1 0 2 60 63 1 5 0 2 60 13 1 5 1 25 60
6/8 62 1 5 0 0 60 33 0 1 1 5 60 63 1 5 1 5 60 13 1 5 0 1 60 62 1 5 1 15 60 33 0 1 0 2 60 63 1 5 0 2 60 13 1 5 1 25 60
6/8 33 1 5 0 0 60 73 0 1 1 5 60 34 1 5 1 5 60 54 1 5 0 1 60 43 1 5 1 15 60 63 0 1 0 2 60 13 1 5 0 2 60 44 1 5 1 25 60
6/8 12 1 5 0 0 60 33 0 1 1 5 60 53 1 5 1 5 60 13 1 5 0 1 60 43 1 5 1 15 60 13 0 1 0 2 60 43 0 1 0 2 60 43 1 5 1 25 60
6/8 222 1 5 0 0 60 63 0 1 1 5 60 222 0 1 1 5 60 222 1 5 0 1 60 72 1 5 1 15 60 222 0 1 0 2 60 42 0 1 0 2 60 72 1 5 1 25 60
6/8 33 1 5 0 0 60 53 0 1 1 5 60 73 1 5 1 5 60 34 1 5 0 1 60 62 1 5 1 15 60 33 0 1 0 2 60 63 1 5 0 2 60 13 1 5 1 25 60
6/8 33 1 5 0 0 60 73 0 1 1 5 60 34 1 5 1 5 60 54 1 5 0 1 60 43 1 5 1 15 60 63 0 1 0 2 60 13 1 5 0 2 60 44 1 5 1 25 60
6/8 12 1 5 0 0 60 33 0 1 1 5 60 53 1 5 1 5 60 13 1 5 0 1 60 222 1 5 1 15 60 43 0 1 0 2 60 63 1 5 0 2 60 223 1 5 1 25 60
6/8 12 1 5 0 0 60 33 0 1 1 5 60 63 1 5 1 5 60 13 1 5 0 1 60 222 1 5 1 15 60 73 0 1 0 2 60 34 1 5 0 2 60 54 1 5 1 25 60
6/8 62 1 5 0 0 60 33 0 1 1 5 60 63 1 5 1 5 60 13 1 5 0 1 60 62 1 5 1 15 60 33 0 1 0 2 60 63 1 5 0 2 60 13 1 5 1 25 60
6/8 62 1 5 0 0 60 33 0 1 1 5 60 63 1 5 1 5 60 13 1 5 0 1 60 62 1 5 1 15 60 33 0 1 0 2 60 63 1 5 0 2 60 13 1 5 1 25 60
6/8 33 1 5 0 0 60 73 0 1 1 5 60 34 1 5 1 5 60 54 1 5 0 1 60 43 1 5 1 15 60 63 0 1 0 2 60 13 1 5 0 2 60 44 1 5 1 25 60
6/8 12 1 5 0 0 60 33 0 1 1 5 60 53 1 5 1 5 60 13 1 5 0 1 60 222 1 5 1 15 60 43 0 1 0 2 60 63 1 5 0 2 60 223 1 5 1 25 60
6/8 12 1 5 0 0 60 33 0 1 1 5 60 63 1 5 1 5 60 13 1 5 0 1 60 72 1 5 1 15 60 43 0 1 0 2 60 73 1 5 0 2 60 223 1 5 1 25 60
6/8 33 1 5 0 0 60 53 0 1 1 5 60 73 1 5 1 5 60 34 1 5 0 1 60 62 1 5 1 15 60 33 0 1 0 2 60 63 1 5 0 2 60 13 1 5 1 25 60
6/8 33 1 5 0 0 60 73 0 1 1 5 60 34 1 5 1 5 60 54 1 5 0 1 60 43 1 5 1 15 60 63 0 1 0 2 60 13 1 5 0 2 60 44 1 5 1 25 60
6/8 12 1 5 0 0 60 33 0 1 1 5 60 53 1 5 1 5 60 13 1 5 0 1 60 222 1 5 1 15 60 43 0 1 0 2 60 63 1 5 0 2 60 223 1 5 1 25 60
6/8 12 1 5 0 0 60 33 0 1 1 5 60 63 1 5 1 5 60 13 1 5 0 1 60 72 1 5 1 15 60 43 0 1 0 2 60 72 0 1 0 2 60 33 0 1 1 25 60 33 0 1 1 25 60
6/8 62 1 5 0 0 60 33 0 1 1 5 60 63 1 5 1 5 60 13 1 5 0 1 60 62 1 5 1 15 60 33 0 1 0 2 60 63 1 5 0 2 60 13 1 5 1 25 60
6/8 62 1 5 0 0 60 33 0 1 1 5 60 63 1 5 1 5 60 13 1 5 0 1 60 62 1 5 1 15 60 33 0 1 0 2 60 63 1 5 0 2 60 13 1 5 1 25 60
6/8 33 1 5 0 0 60 73 0 1 1 5 60 34 1 5 1 5 60 54 1 5 0 1 60 43 1 5 1 15 60 63 0 1 0 2 60 13 1 5 0 2 60 44 1 5 1 25 60
6/8 12 1 5 0 0 60 33 0 1 1 5 60 53 1 5 1 5 60 13 1 5 0 1 60 43 1 5 1 15 60 13 0 1 0 2 60 43 0 1 0 2 60 43 1 5 1 25 60
6/8 222 1 5 0 0 60 63 0 1 1 5 60 222 0 1 1 5 60 222 1 5 0 1 60 72 1 5 1 15 60 222 0 1 0 2 60 42 0 1 0 2 60 72 1 5 1 25 60
6/8 33 1 5 0 0 60 53 0 1 1 5 60 73 1 5 1 5 60 34 1 5 0 1 60 62 1 5 1 15 60 33 0 1 0 2 60 63 1 5 0 2 60 13 1 5 1 25 60
6/8 33 1 5 0 0 60 73 0 1 1 5 60 34 1 5 1 5 60 54 1 5 0 1 60 43 1 5 1 15 60 63 0 1 0 2 60 13 1 5 0 2 60 44 1 5 1 25 60
6/8 12 1 5 0 0 60 33 0 1 1 5 60 53 1 5 1 5 60 13 1 5 0 1 60 222 1 5 1 15 60 43 0 1 0 2 60 63 1 5 0 2 60 223 1 5 1 25 60
6/8 12 1 5 0 0 60 33 0 1 1 5 60 63 1 5 1 5 60 13 1 5 0 1 60 222 1 5 1 15 60 73 0 1 0 2 60 33 0 1 0 2 60 33 0 1 1 25 60 222 0 1 1 25 60
6/8 62 1 5 0 0 60 33 0 1 1 5 60 63 1 5 1 5 60 13 1 5 0 1 60 62 1 5 1 15 60 33 0 1 0 2 60 63 1 5 0 2 60 13 1 5 1 25 60
6/8 62 1 5 0 0 60 33 0 1 1 5 60 63 1 5 1 5 60 13 1 5 0 1 60 62 1 5 1 15 60 33 0 1 0 2 60 63 1 5 0 2 60 13 1 5 1 25 60
6/8 62 1 5 0 0 60 33 0 1 1 5 60 63 1 5 1 5 60 13 1 5 0 1 60 33 1 5 1 15 60 73 0 1 0 2 60 34 1 5 0 2 60 54 1 5 1 25 60
6/8 43 1 5 0 0 60 63 0 1 1 5 60 13 1 5 1 5 60 44 1 5 0 1 60 12 1 5 1 15 60 33 0 1 0 2 60 53 1 5 0 2 60 13 1 5 1 25 60
6/8 222 1 5 0 0 60 43 0 1 1 5 60 63 1 5 1 5 60 223 1 5 0 1 60 12 1 5 1 15 60 33 0 1 0 2 60 63 1 5 0 2 60 13 1 5 1 25 60
6/8 72 1 5 0 0 60 43 0 1 1 5 60 73 1 5 1 5 60 223 1 5 0 1 60 33 1 5 1 15 60 53 0 1 0 2 60 73 1 5 0 2 60 34 1 5 1 25 60
6/8 62 1 5 0 0 60 33 0 1 1 5 60 63 1 5 1 5 60 13 1 5 0 1 60 33 1 5 1 15 60 73 0 1 0 2 60 34 1 5 0 2 60 54 1 5 1 25 60
6/8 43 1 5 0 0 60 63 0 1 1 5 60 13 1 5 1 5 60 44 1 5 0 1 60 12 1 5 1 15 60 33 0 1 0 2 60 53 1 5 0 2 60 73 1 5 1 25 60
6/8 222 1 5 0 0 60 43 0 1 1 5 60 63 1 5 1 5 60 223 1 5 0 1 60 12 1 5 1 15 60 33 0 1 0 2 60 62 0 1 0 2 60 63 0 1 1 25 60 12 0 1 1 25 60
6/8 72 1 5 0 0 60 43 0 1 1 5 60 72 0 1 1 5 60 53 0 1 0 1 60 33 0 1 0 1 60 62 1 5 1 15 60 33 0 1 0 2 60 63 1 5 0 2 60 13 1 5 1 25 60
6/8 62 1 5 0 0 60 33 0 1 1 5 60 63 1 5 1 5 60 13 1 5 0 1 60 62 1 5 1 15 60 33 0 1 0 2 60 63 1 5 0 2 60 13 1 5 1 25 60
6/8 33 1 5 0 0 60 73 0 1 1 5 60 34 1 5 1 5 60 54 1 5 0 1 60 43 1 5 1 15 60 63 0 1 0 2 60 13 1 5 0 2 60 44 1 5 1 25 60
6/8 12 1 5 0 0 60 33 0 1 1 5 60 53 1 5 1 5 60 13 1 5 0 1 60 43 1 5 1 15 60 63 0 1 0 2 60 43 0 1 0 2 60 43 1 5 1 25 60
6/8 222 1 5 0 0 60 63 0 1 1 5 60 222 0 1 1 5 60 222 1 5 0 1 60 72 1 5 1 15 60 222 0 1 0 2 60 42 0 1 0 2 60 72 1 5 1 25 60
6/8 33 1 5 0 0 60 53 0 1 1 5 60 73 1 5 1 5 60 34 1 5 0 1 60 62 1 5 1 15 60 33 0 1 0 2 60 63 1 5 0 2 60 13 1 5 1 25 60
6/8 33 1 5 0 0 60 73 0 1 1 5 60 53 0 1 1 5 60 34 0 1 0 1 60 73 0 1 0 1 60 43 1 5 1 15 60 63 0 1 0 2 60 13 1 5 0 2 60 44 1 5 1 25 60
6/8 12 1 5 0 0 60 53 0 1 1 5 60 33 0 1 1 5 60 13 0 1 0 1 60 53 0 1 0 1 60 222 1 5 1 15 60 43 0 1 0 2 60 63 1 5 0 2 60 223 1 5 1 25 60
6/8 12 1 5 0 0 60 33 0 1 1 5 60 63 1 5 1 5 60 13 1 5 0 1 60 222 1 5 1 15 60 73 0 1 0 2 60 33 0 1 0 2 60 33 0 1 1 25 60 222 0 1 1 25 60
6/8 62 1 5 0 0 60 33 0 1 1 5 60 63 1 5 1 5 60 13 1 5 0 1 60 62 1 5 1 15 60 33 0 1 0 2 60 63 1 5 0 2 60 13 1 5 1 25 60
6/8 72 1 5 0 0 60 43 0 1 1 5 60 73 1 5 1 5 60 23 1 5 0 1 60 72 1 5 1 15 60 43 0 1 0 2 60 73 1 5 0 2 60 23 1 5 1 25 60
6/8 43 1 5 0 0 60 13 0 1 1 5 60 44 1 5 1 5 60 614 1 5 0 1 60 53 1 5 1 15 60 73 0 1 0 2 60 23 1 5 0 2 60 54 1 5 1 25 60
6/8 22 1 5 0 0 60 43 0 1 1 5 60 613 1 5 1 5 60 23 1 5 0 1 60 33 1 5 1 15 60 53 0 1 0 2 60 73 1 5 0 2 60 34 1 5 1 25 60
6/8 22 1 5 0 0 60 43 0 1 1 5 60 73 1 5 1 5 60 23 1 5 0 1 60 12 1 5 1 15 60 53 0 1 0 2 60 13 1 5 0 2 60 34 1 5 1 25 60
6/8 43 1 5 0 0 60 613 0 1 1 5 60 13 1 5 1 5 60 44 1 5 0 1 60 72 1 5 1 15 60 43 0 1 0 2 60 73 1 5 0 2 60 23 1 5 1 25 60
6/8 43 1 5 0 0 60 13 0 1 1 5 60 44 1 5 1 5 60 614 1 5 0 1 60 53 1 5 1 15 60 73 0 1 0 2 60 23 1 5 0 2 60 54 1 5 1 25 60
6/8 22 1 5 0 0 60 43 0 1 1 5 60 613 1 5 1 5 60 23 1 5 0 1 60 33 1 5 1 15 60 53 0 1 0 2 60 73 1 5 0 2 60 34 1 5 1 25 60
6/8 22 1 15 0 0 60 43 0 1 1 5 60 22 0 1 1 5 60 33 1 5 1 15 60 53 0 1 0 2 60 73 1 5 0 2 60 34 1 5 1 25 60
6/8 22 1 15 0 0 60 43 0 1 1 5 60 22 0 1 1 5 60 33 1 5 1 15 60 53 0 1 0 2 60 73 1 5 0 2 60 34 1 5 1 25 60
6/8 22 1 5 0 0 60 43 0 1 1 5 60 73 1 5 1 5 60 23 1 5 0 1 60 12 1 5 1 15 60 43 0 1 0 2 60 612 0 1 0 2 60 613 0 1 1 25 60 43 0 1 1 25 60
6/8 72 1 5 0 0 60 43 0 1 1 5 60 73 1 5 1 5 60 23 1 5 0 1 60 72 1 5 1 15 60 43 0 1 0 2 60 73 1 5 0 2 60 23 1 5 1 25 60
6/8 72 1 5 0 0 60 43 0 1 1 5 60 73 1 5 1 5 60 23 1 5 0 1 60 23 0 1 1 15 60 43 0 1 1 15 60 23 0 1 0 2 60 73 0 1 0 2 60 44 0 1 1 25 60 73 0 1 1 25 60
6/8 72 1 5 0 0 60 43 0 1 1 5 60 73 1 5 1 5 60 23 1 5 0 1 60 43 1 5 1 15 60 13 0 1 0 2 60 44 1 5 0 2 60 614 1 5 1 25 60
6/8 53 1 5 0 0 60 73 0 1 1 5 60 23 1 5 1 5 60 54 1 5 0 1 60 22 1 5 1 15 60 43 0 1 0 2 60 613 1 5 0 2 60 23 1 5 1 25 60
6/8 53 1 5 0 0 60 23 0 1 1 5 60 53 0 1 1 5 60 53 1 5 0 1 60 33 1 5 1 15 60 73 0 1 0 2 60 33 0 1 0 2 60 33 1 5 1 25 60
6/8 12 1 5 0 0 60 33 0 1 1 5 60 52 0 1 1 5 60 12 1 5 0 1 60 43 1 5 1 15 60 613 0 1 0 2 60 13 1 5 0 2 60 44 1 5 1 25 60
6/8 72 1 5 0 0 60 43 0 1 1 5 60 73 1 5 1 5 60 23 1 5 0 1 60 43 1 5 1 15 60 13 0 1 0 2 60 44 1 5 0 2 60 614 1 5 1 25 60
6/8 53 1 5 0 0 60 73 0 1 1 5 60 23 1 5 1 5 60 54 1 5 0 1 60 22 1 5 1 15 60 43 0 1 0 2 60 613 1 5 0 2 60 23 1 5 1 25 60
6/8 33 1 5 0 0 60 53 0 1 1 5 60 73 1 5 1 5 60 34 1 5 0 1 60 22 1 5 1 15 60 43 0 1 0 2 60 73 1 5 0 2 60 23 1 5 1 25 60
6/8 33 1 5 0 0 60 13 0 1 1 5 60 43 0 1 1 5 60 43 0 1 0 1 60 33 0 1 0 1 60 72 1 5 1 15 60 43 0 1 0 2 60 73 1 5 0 2 60 23 1 5 1 25 60
6/8 72 1 5 0 0 60 43 0 1 1 5 60 73 1 5 1 5 60 23 1 5 0 1 60 72 1 5 1 15 60 43 0 1 0 2 60 72 0 1 0 2 60 73 0 1 1 25 60 22 0 1 1 25 60
6/8 23 0 1 0 0 60 43 0 1 0 0 60 44 0 1 1 5 60 73 0 1 1 5 60 44 0 1 0 1 60 23 0 1 0 1 60
6/8
6/8 64 2 25 1 25 70 74 2 25 2 275 70
6/8 14 2 25 0 0 70 64 2 25 2 25 70 35 2 75 1 5 70 14 2 25 2 125 70 74 1 5 1 15 70 35 1 5 0 2 70 74 1 5 1 25 70
6/8 64 2 25 0 0 70 44 2 25 2 25 70 14 2 75 1 5 70 64 2 25 2 125 70 54 0 1 1 15 70 64 2 25 1 25 70 54 2 25 2 275 70
6/8 44 1 5 0 0 70 54 1 5 1 5 70 64 2 25 0 1 70 74 2 25 2 125 70 34 1 5 1 15 70 64 1 5 0 2 70 74 2 25 1 25 70 14 2 25 2 275 70
6/8 224 1 5 0 0 70 224 2 25 1 5 70 14 2 25 2 75 70 74 2 25 0 1 70 64 2 25 2 125 70 74 2 75 1 15 70 64 2 25 1 25 70 74 2 25 2 275 70
6/8 14 2 25 0 0 70 64 2 25 2 25 70 35 2 75 1 5 70 14 2 25 2 125 70 74 1 5 1 15 70 35 1 5 0 2 70 74 1 5 1 25 70
6/8 64 2 25 0 0 70 44 2 25 2 25 70 44 1 5 1 5 70 54 2 25 0 1 70 64 2 25 2 125 70 34 0 1 1 15 70 34 2 25 2 275 70
6/8 44 1 5 0 0 70 54 1 5 1 5 70 64 2 25 0 1 70 74 2 25 2 125 70 34 1 5 1 15 70 64 1 5 0 2 70 74 2 25 1 25 70 14 2 25 2 275 70
6/8 224 2 25 0 0 70 224 2 25 1 5 70 14 2 25 2 75 70 74 2 25 0 1 70 64 2 25 2 125 70 64 1 15 1 15 70
6/8 14 2 25 0 1 70 224 2 25 2 125 70 35 1 5 1 15 70 35 1 5 0 2 70 35 1 5 1 25 70
6/8 35 1 5 0 0 70 35 2 25 1 5 70 45 2 25 2 75 70 35 2 25 0 1 70 224 2 25 2 125 70 14 1 5 1 15 70 14 1 5 0 2 70 14 1 5 1 25 70
6/8 14 1 5 0 0 70 14 2 25 1 5 70 224 2 25 2 75 70 14 2 25 0 1 70 74 2 25 2 125 70 64 2 25 1 15 70 64 2 25 0 2 70 64 2 25 1 25 70 54 2 25 2 275 70
6/8 44 1 5 0 0 70 54 1 5 1 5 70 54 2 25 0 1 70 64 2 25 2 125 70 74 2 25 1 15 70 74 2 25 0 2 70 14 2 25 2 225 70 74 2 25 1 25 70 14 2 25 2 275 70
6/8 74 2 75 0 0 70 14 2 25 0 1 70 224 2 25 2 125 70 35 1 5 1 15 70 35 1 5 0 2 70 35 1 5 1 25 70
6/8 35 1 5 0 0 70 35 2 25 1 5 70 45 2 25 2 75 70 35 2 25 0 1 70 224 2 25 2 125 70 14 1 5 1 15 70 14 1 5 0 2 70 14 1 5 1 25 70
6/8 14 2 25 0 0 70 224 2 25 2 25 70 14 2 25 1 5 70 74 2 25 2 75 70 64 2 25 0 1 70 54 2 25 2 125 70 44 2 25 2 175 70 44 2 25 0 2 70 54 2 25 2 225 70 64 2 25 1 25 70 74 2 25 2 275 70
6/8 34 1 5 0 0 70 64 1 5 1 5 70 74 2 25 0 1 70 14 2 25 2 125 70 74 2 75 1 15 70 74 2 25 2 225 70 74 2 25 1 25 70 64 2 25 2 275 70
6/8 64 2 75 0 0 70
6/8 65 2 25 0 1 70 75 2 25 2 125 70 15 2 25 1 15 70 65 2 25 2 175 70 36 2 75 0 2 70 15 2 25 2 275 70
6/8 75 1 5 0 0 70 36 1 5 1 5 70 75 1 5 0 1 70 65 2 25 1 15 70 45 2 25 2 175 70 15 2 75 0 2 70 65 2 25 2 275 70
6/8 55 0 1 0 0 70 65 2 25 0 1 70 55 2 25 2 125 70 45 1 5 1 15 70 55 1 5 0 2 70 65 2 25 1 25 70 75 2 25 2 275 70
6/8 35 1 5 0 0 70 65 1 5 1 5 70 75 2 25 0 1 70 15 2 25 2 125 70 225 1 5 1 15 70 225 2 25 0 2 70 15 2 25 2 225 70 75 2 25 1 25 70 65 2 25 2 275 70
6/8 75 2 75 0 0 70 65 2 25 0 1 70 75 2 25 2 125 70 15 2 25 1 15 70 65 2 25 2 175 70 36 2 75 0 2 70 15 2 25 2 275 70
6/8 75 1 5 0 0 70 36 1 5 1 5 70 75 1 5 0 1 70 65 2 25 1 15 70 45 2 25 2 175 70 45 1 5 0 2 70 55 2 25 1 25 70 65 2 25 2 275 70
6/8 35 2 75 0 0 70 35 1 5 0 1 70 45 1 5 1 15 70 55 1 5 0 2 70 65 2 25 1 25 70 75 2 25 2 275 70
6/8 35 1 5 0 0 70 65 1 5 1 5 70 75 2 25 0 1 70 15 2 25 2 125 70 225 2 25 1 15 70 225 2 25 0 2 70 15 2 25 2 225 70 75 2 25 1 25 70 65 2 25 2 275 70
6/8 65 1 15 0 0 70
6/8 15 2 25 0 1 70 225 2 25 2 125 70 36 1 5 1 15 70 36 1 5 0 2 70 36 1 5 1 25 70
6/8 36 1 5 0 0 70 36 2 25 1 5 70 46 2 25 2 75 70 36 2 25 0 1 70 225 2 25 2 125 70 15 1 5 1 15 70 15 1 5 0 2 70 15 1 5 1 25 70
6/8 15 1 5 0 0 70 15 2 25 1 5 70 225 2 25 2 75 70 15 2 25 0 1 70 75 2 25 2 125 70 65 2 25 1 15 70 65 2 25 0 2 70 65 2 25 1 25 70 55 2 25 2 275 70
6/8 45 1 5 0 0 70 55 1 5 1 5 70 55 2 25 0 1 70 65 2 25 2 125 70 75 2 25 1 15 70 75 2 25 0 2 70 15 2 25 2 225 70 75 2 25 1 25 70 15 2 25 2 275 70
6/8 75 2 75 0 0 70 15 2 25 0 1 70 225 2 25 2 125 70 36 1 5 1 15 70 36 1 5 0 2 70 36 1 5 1 25 70
6/8 36 1 5 0 0 70 36 2 25 1 5 70 46 2 25 2 75 70 36 2 25 0 1 70 225 2 25 2 125 70 15 1 5 1 15 70 15 1 5 0 2 70 15 1 5 1 25 70
6/8 15 2 25 0 0 70 225 2 25 2 25 70 15 2 25 1 5 70 75 2 25 2 75 70 65 2 25 0 1 70 55 2 25 2 125 70 45 2 25 0 2 70 55 2 25 2 225 70 65 2 25 1 25 70 75 2 25 2 275 70
6/8 35 1 5 0 0 70 65 1 5 1 5 70 75 2 25 0 1 70 15 2 25 2 125 70 75 2 75 1 15 70 75 2 25 2 225 70 75 2 25 1 25 70 65 2 25 2 275 70
6/8 65 0 3 0 0 70
6/8 64 2 25 1 25 70 74 2 25 2 275 70
6/8 14 2 25 0 0 70 64 2 25 2 25 70 35 2 75 1 5 70 14 2 25 2 125 70 74 1 5 1 15 70 35 1 5 0 2 70 74 1 5 1 25 70
6/8 64 2 25 0 0 70 44 2 25 2 25 70 14 2 75 1 5 70 64 2 25 2 125 70 54 0 1 1 15 70 64 2 25 1 25 70 54 2 25 2 275 70
6/8 44 1 5 0 0 70 54 1 5 1 5 70 64 2 25 0 1 70 74 2 25 2 125 70 34 1 5 1 15 70 64 1 5 0 2 70 74 2 25 1 25 70 14 2 25 2 275 70
6/8 224 1 5 0 0 70 224 2 25 1 5 70 14 2 25 2 75 70 74 2 25 0 1 70 64 2 25 2 125 70 74 2 75 1 15 70 64 2 25 1 25 70 74 2 25 2 275 70
6/8 14 2 25 0 0 70 64 2 25 2 25 70 35 2 75 1 5 70 14 2 25 2 125 70 74 1 5 1 15 70 35 1 5 0 2 70 74 1 5 1 25 70
6/8 64 2 25 0 0 70 44 2 25 2 25 70 44 1 5 1 5 70 54 2 25 0 1 70 64 2 25 2 125 70 34 0 1 1 15 70 34 1 5 1 25 70
6/8 44 1 5 0 0 70 54 1 5 1 5 70 64 2 25 0 1 70 74 2 25 2 125 70 34 1 5 1 15 70 64 1 5 0 2 70 74 2 25 1 25 70 14 2 25 2 275 70
6/8 224 2 25 0 0 70 224 2 25 1 5 70 14 2 25 2 75 70 74 2 25 0 1 70 64 2 25 2 125 70 64 1 15 1 15 70
6/8 14 2 25 0 1 70 224 2 25 2 125 70 35 1 5 1 15 70 35 1 5 0 2 70 35 1 5 1 25 70
6/8 35 1 5 0 0 70 35 2 25 1 5 70 45 2 25 2 75 70 35 2 25 0 1 70 224 2 25 2 125 70 14 1 5 1 15 70 14 1 5 0 2 70 14 1 5 1 25 70
6/8 14 1 5 0 0 70 14 2 25 1 5 70 224 2 25 2 75 70 14 2 25 0 1 70 74 2 25 2 125 70 64 1 5 1 15 70 14 0 1 0 2 70 64 0 1 0 2 70 64 2 25 2 225 70 45 0 1 1 25 70 64 0 1 1 25 70 35 0 1 2 275 70 54 0 1 2 275 70
6/8 44 0 1 0 0 70 224 0 1 0 0 70 44 0 1 0 0 70 54 0 1 1 5 70 54 0 1 1 5 70 54 0 1 0 1 70 54 0 1 0 1 70 64 0 1 2 125 70 64 0 1 2 125 70 74 0 1 1 15 70 224 0 1 1 15 70 74 0 1 1 15 70 74 0 1 0 2 70 224 0 1 0 2 70 74 0 1 0 2 70 14 0 1 2 225 70 224 0 1 2 225 70 14 0 1 2 225 70 74 0 1 1 25 70 224 0 1 1 25 70 525 0 1 1 25 64 74 0 1 1 25 70 14 0 1 2 275 70 224 0 1 2 275 70 14 0 1 2 275 70
6/8 74 0 1 0 0 70 224 0 1 0 0 70 55 0 1 0 0 70 74 0 1 0 0 70 15 2 25 0 1 70 225 2 25 2 125 70 36 1 5 1 15 70 36 1 5 0 2 70 36 1 5 1 25 70
6/8 36 1 5 0 0 70 36 2 25 1 5 70 46 2 25 2 75 70 36 2 25 0 1 70 225 2 25 2 125 70 15 1 5 1 15 70 15 1 5 0 2 70 15 1 5 1 25 70
6/8 15 2 25 0 0 70 225 2 25 2 25 70 15 2 25 1 5 70 75 2 25 2 75 70 65 2 25 0 1 70 55 2 25 2 125 70 45 1 5 1 15 70 45 2 25 0 2 70 55 2 25 2 225 70 65 2 25 1 25 70 75 2 25 2 275 70
6/8 35 1 5 0 0 70 65 1 5 1 5 70 75 2 25 0 1 70 15 2 25 2 125 70 75 2 75 1 15 70 75 2 25 2 225 70 75 2 25 1 25 70 65 2 25 2 275 70
6/8 35 0 1 0 0 70 64 0 1 0 0 70
6/8 74 2 25 0 1 70 14 2 25 2 125 70 24 2 25 1 15 70 74 2 25 2 175 70 45 2 75 0 2 70 24 2 25 2 275 70
6/8 14 1 5 0 0 70 45 1 5 1 5 70 14 1 5 0 1 70 74 2 25 1 15 70 54 2 25 2 175 70 24 2 75 0 2 70 74 2 25 2 275 70
6/8 614 0 1 0 0 70 74 2 25 0 1 70 614 2 25 2 125 70 54 1 5 1 15 70 614 1 5 0 2 70 74 2 25 1 25 70 14 2 25 2 275 70
6/8 44 1 5 0 0 70 74 1 5 1 5 70 14 2 25 0 1 70 24 2 25 2 125 70 35 1 5 1 15 70 35 2 25 0 2 70 24 2 25 2 225 70 14 2 25 1 25 70 74 2 25 2 275 70
6/8 14 0 1 0 0 70 74 2 25 0 1 70 14 2 25 2 125 70 24 2 25 1 15 70 74 2 25 2 175 70 45 2 75 0 2 70 24 2 25 2 275 70
6/8 14 1 5 0 0 70 45 1 5 1 5 70 14 1 5 0 1 70 74 2 25 1 15 70 54 2 25 2 175 70 54 1 5 0 2 70 614 2 25 1 25 70 74 2 25 2 275 70
6/8 44 0 1 0 0 70 44 1 5 0 1 70 54 1 5 1 15 70 614 1 5 0 2 70 74 2 25 1 25 70 14 2 25 2 275 70
6/8 44 1 5 0 0 70 74 2 75 1 5 70 614 2 25 2 125 70 54 1 5 1 15 70 614 1 5 0 2 70 74 2 25 1 25 70 14 2 25 2 275 70
6/8 44 0 1 0 0 70 74 2 25 0 1 70 614 2 25 2 125 70 54 1 5 1 15 70 614 1 5 0 2 70 74 2 25 1 25 70 14 2 25 2 275 70
6/8 44 1 5 0 0 70 74 1 5 1 5 70 14 2 25 0 1 70 24 2 25 2 125 70 35 1 5 1 15 70 35 2 25 0 2 70 24 2 25 2 225 70 14 2 25 1 25 70 74 2 25 2 275 70
6/8 74 0 3 0 0 70
6/8 24 0 1 1 25 70 24 0 1 1 25 70 35 0 1 2 275 70 35 0 1 2 275 70
6/8 45 0 1 0 0 70 45 0 1 0 0 70 45 0 1 1 5 70 45 0 1 1 5 70 45 0 1 0 1 70 45 0 1 0 1 70 45 0 1 1 15 70 45 0 1 1 15 70 45 0 1 0 2 70 45 0 1 0 2 70 55 0 1 2 225 70 55 0 1 2 225 70 45 0 1 1 25 70 45 0 1 1 25 70 35 0 1 2 275 70 35 0 1 2 275 70
6/8 24 0 1 0 0 70 24 0 1 0 0 70 24 0 1 1 5 70 24 0 1 1 5 70 24 0 1 0 1 70 24 0 1 0 1 70 24 0 1 1 15 70 24 0 1 1 15 70 24 0 1 0 2 70 24 0 1 0 2 70 35 0 1 2 225 70 35 0 1 2 225 70 24 0 1 1 25 70 24 0 1 1 25 70 14 0 1 2 275 70 14 0 1 2 275 70
6/8 74 0 1 0 0 70 74 0 1 0 0 70 74 0 1 1 5 70 74 0 1 1 5 70 74 0 1 0 1 70 74 0 1 0 1 70 614 0 1 2 125 70 614 0 1 2 125 70 54 0 1 1 15 70 54 0 1 1 15 70 614 0 1 0 2 70 614 0 1 0 2 70 614 0 1 1 25 70 614 0 1 1 25 70 74 0 1 2 275 70 74 0 1 2 275 70
6/8 14 0 1 0 0 70 35 0 1 0 0 70 14 0 1 0 0 70 14 0 1 1 5 70 35 0 1 1 5 70 14 0 1 1 5 70 24 0 1 2 75 70 35 0 1 2 75 70 24 0 1 2 75 70 14 0 1 0 1 70 35 0 1 0 1 70 65 0 1 0 1 64 14 0 1 0 1 70 24 0 1 2 125 70 35 0 1 2 125 70 24 0 1 2 125 70 14 0 1 1 15 70 35 0 1 1 15 70 615 0 1 1 15 64 14 0 1 1 15 70 24 0 1 1 25 70 24 0 1 1 25 70 35 0 1 2 275 70 35 0 1 2 275 70
6/8 45 0 1 0 0 70 45 0 1 0 0 70 45 0 1 1 5 70 45 0 1 1 5 70 45 0 1 0 1 70 45 0 1 0 1 70 45 0 1 1 15 70 45 0 1 1 15 70 45 0 1 0 2 70 45 0 1 0 2 70 55 0 1 2 225 70 55 0 1 2 225 70 45 0 1 1 25 70 45 0 1 1 25 70 35 0 1 2 275 70 35 0 1 2 275 70
6/8 24 0 1 0 0 70 24 0 1 0 0 70 24 0 1 1 5 70 24 0 1 1 5 70 24 0 1 0 1 70 24 0 1 0 1 70 24 0 1 1 15 70 24 0 1 1 15 70 35 0 1 2 175 70 35 0 1 2 175 70 24 0 1 0 2 70 24 0 1 0 2 70 14 0 1 2 225 70 14 0 1 2 225 70 74 0 1 1 25 70 74 0 1 1 25 70 614 0 1 2 275 70 614 0 1 2 275 70
6/8 54 0 1 1 5 70 54 0 1 1 5 70 614 0 1 2 75 70 614 0 1 2 75 70 74 0 1 0 1 70 74 0 1 0 1 70 14 0 1 2 125 70 14 0 1 2 125 70 44 0 1 1 15 70 74 0 1 1 15 70 44 0 1 1 15 70 74 0 1 0 2 70 74 0 1 0 2 70 14 0 1 1 25 70 14 0 1 1 25 70 24 0 1 2 275 70 24 0 1 2 275 70
6/8 14 0 1 0 0 70 14 0 1 0 0 70 14 0 1 2 75 70 14 0 1 2 75 70 14 0 1 0 1 70 14 0 1 0 1 70 74 0 1 2 125 70 74 0 1 2 125 70 74 0 1 1 15 70 24 0 1 1 15 64 45 0 1 1 15 64 74 0 1 1 15 70
6/8 74 0 1 0 0 70 24 0 1 0 0 64 45 0 1 0 0 64 74 0 1 0 0 70
6/8 74 0 1 1 15 64 24 0 1 1 15 64 45 0 1 1 15 64 74 0 1 1 15 64
6/8
6/8 64 2 25 1 25 70 74 2 25 2 275 70
6/8 14 2 25 0 0 70 64 2 25 2 25 70 35 2 75 1 5 70 14 2 25 2 125 70 74 1 5 1 15 70 35 1 5 0 2 70 74 1 5 1 25 70
6/8 64 2 25 0 0 70 44 2 25 2 25 70 14 2 75 1 5 70 64 2 25 2 125 70 54 0 1 1 15 70 64 2 25 1 25 70 54 2 25 2 275 70
6/8 44 1 5 0 0 70 54 1 5 1 5 70 64 2 25 0 1 70 74 2 25 2 125 70 34 1 5 1 15 70 64 1 5 0 2 70 74 2 25 1 25 70 14 2 25 2 275 70
6/8 224 1 5 0 0 70 224 2 25 1 5 70 14 2 25 2 75 70 74 2 25 0 1 70 64 2 25 2 125 70 74 2 75 1 15 70 64 2 25 1 25 70 74 2 25 2 275 70
6/8 14 2 25 0 0 70 64 2 25 2 25 70 35 2 75 1 5 70 14 2 25 2 125 70 74 1 5 1 15 70 35 1 5 0 2 70 74 1 5 1 25 70
6/8 64 2 25 0 0 70 44 2 25 2 25 70 44 1 5 1 5 70 54 2 25 0 1 70 64 2 25 2 125 70 34 0 1 1 15 70 34 2 25 2 275 70
6/8 44 1 5 0 0 70 54 1 5 1 5 70 64 2 25 0 1 70 74 2 25 2 125 70 34 1 5 1 15 70 64 1 5 0 2 70 74 2 25 1 25 70 14 2 25 2 275 70
6/8 224 2 25 0 0 70 224 2 25 1 5 70 14 2 25 2 75 70 74 2 25 0 1 70 64 2 25 2 125 70 64 1 15 1 15 70
6/8 14 2 25 0 1 70 224 2 25 2 125 70 35 1 5 1 15 70 35 1 5 0 2 70 35 1 5 1 25 70
6/8 35 1 5 0 0 70 35 2 25 1 5 70 45 2 25 2 75 70 35 2 25 0 1 70 224 2 25 2 125 70 14 1 5 1 15 70 14 1 5 0 2 70 14 1 5 1 25 70
6/8 14 1 5 0 0 70 14 2 25 1 5 70 224 2 25 2 75 70 14 2 25 0 1 70 74 2 25 2 125 70 64 2 25 1 15 70 64 2 25 0 2 70 64 2 25 1 25 70 54 2 25 2 275 70
6/8 44 1 5 0 0 70 54 1 5 1 5 70 54 2 25 0 1 70 64 2 25 2 125 70 74 2 25 1 15 70 74 2 25 0 2 70 14 2 25 2 225 70 74 2 25 1 25 70 14 2 25 2 275 70
6/8 74 2 75 0 0 70 14 2 25 0 1 70 224 2 25 2 125 70 35 1 5 1 15 70 35 1 5 0 2 70 35 1 5 1 25 70
6/8 35 1 5 0 0 70 35 2 25 1 5 70 45 2 25 2 75 70 35 2 25 0 1 70 224 2 25 2 125 70 14 1 5 1 15 70 14 1 5 0 2 70 14 1 5 1 25 70
6/8 14 2 25 0 0 70 224 2 25 2 25 70 14 2 25 1 5 70 74 2 25 2 75 70 64 2 25 0 1 70 54 2 25 2 125 70 44 2 25 2 175 70 44 2 25 0 2 70 54 2 25 2 225 70 64 2 25 1 25 70 74 2 25 2 275 70
6/8 34 1 5 0 0 70 64 1 5 1 5 70 74 2 25 0 1 70 14 2 25 2 125 70 74 2 75 1 15 70 74 2 25 2 225 70 74 2 25 1 25 70 64 2 25 2 275 70
6/8 64 2 75 0 0 70
6/8 65 2 25 0 1 70 75 2 25 2 125 70 15 2 25 1 15 70 65 2 25 2 175 70 36 2 75 0 2 70 15 2 25 2 275 70
6/8 75 1 5 0 0 70 36 1 5 1 5 70 75 1 5 0 1 70 65 2 25 1 15 70 45 2 25 2 175 70 15 2 75 0 2 70 65 2 25 2 275 70
6/8 55 0 1 0 0 70 65 2 25 0 1 70 55 2 25 2 125 70 45 1 5 1 15 70 55 1 5 0 2 70 65 2 25 1 25 70 75 2 25 2 275 70
6/8 35 1 5 0 0 70 65 1 5 1 5 70 75 2 25 0 1 70 15 2 25 2 125 70 225 1 5 1 15 70 225 2 25 0 2 70 15 2 25 2 225 70 75 2 25 1 25 70 65 2 25 2 275 70
6/8 75 2 75 0 0 70 65 2 25 0 1 70 75 2 25 2 125 70 15 2 25 1 15 70 65 2 25 2 175 70 36 2 75 0 2 70 15 2 25 2 275 70
6/8 75 1 5 0 0 70 36 1 5 1 5 70 75 1 5 0 1 70 65 2 25 1 15 70 45 2 25 2 175 70 45 1 5 0 2 70 55 2 25 1 25 70 65 2 25 2 275 70
6/8 35 2 75 0 0 70 35 1 5 0 1 70 45 1 5 1 15 70 55 1 5 0 2 70 65 2 25 1 25 70 75 2 25 2 275 70
6/8 35 1 5 0 0 70 65 1 5 1 5 70 75 2 25 0 1 70 15 2 25 2 125 70 225 2 25 1 15 70 225 2 25 0 2 70 15 2 25 2 225 70 75 2 25 1 25 70 65 2 25 2 275 70
6/8 65 1 15 0 0 70
6/8 15 2 25 0 1 70 225 2 25 2 125 70 36 1 5 1 15 70 36 1 5 0 2 70 36 1 5 1 25 70
6/8 36 1 5 0 0 70 36 2 25 1 5 70 46 2 25 2 75 70 36 2 25 0 1 70 225 2 25 2 125 70 15 1 5 1 15 70 15 1 5 0 2 70 15 1 5 1 25 70
6/8 15 1 5 0 0 70 15 2 25 1 5 70 225 2 25 2 75 70 15 2 25 0 1 70 75 2 25 2 125 70 65 2 25 1 15 70 65 2 25 0 2 70 65 2 25 1 25 70 55 2 25 2 275 70
6/8 45 1 5 0 0 70 55 1 5 1 5 70 55 2 25 0 1 70 65 2 25 2 125 70 75 2 25 1 15 70 75 2 25 0 2 70 15 2 25 2 225 70 75 2 25 1 25 70 15 2 25 2 275 70
6/8 75 2 75 0 0 70 15 2 25 0 1 70 225 2 25 2 125 70 36 1 5 1 15 70 36 1 5 0 2 70 36 1 5 1 25 70
6/8 36 1 5 0 0 70 36 2 25 1 5 70 46 2 25 2 75 70 36 2 25 0 1 70 225 2 25 2 125 70 15 1 5 1 15 70 15 1 5 0 2 70 15 1 5 1 25 70
6/8 15 2 25 0 0 70 225 2 25 2 25 70 15 2 25 1 5 70 75 2 25 2 75 70 65 2 25 0 1 70 55 2 25 2 125 70 45 2 25 0 2 70 55 2 25 2 225 70 65 2 25 1 25 70 75 2 25 2 275 70
6/8 35 1 5 0 0 70 65 1 5 1 5 70 75 2 25 0 1 70 15 2 25 2 125 70 75 2 75 1 15 70 75 2 25 2 225 70 75 2 25 1 25 70 65 2 25 2 275 70
6/8 65 0 3 0 0 70
6/8 64 2 25 1 25 70 74 2 25 2 275 70
6/8 14 2 25 0 0 70 64 2 25 2 25 70 35 2 75 1 5 70 14 2 25 2 125 70 74 1 5 1 15 70 35 1 5 0 2 70 74 1 5 1 25 70
6/8 64 2 25 0 0 70 44 2 25 2 25 70 14 2 75 1 5 70 64 2 25 2 125 70 54 0 1 1 15 70 64 2 25 1 25 70 54 2 25 2 275 70
6/8 44 1 5 0 0 70 54 1 5 1 5 70 64 2 25 0 1 70 74 2 25 2 125 70 34 1 5 1 15 70 64 1 5 0 2 70 74 2 25 1 25 70 14 2 25 2 275 70
6/8 224 1 5 0 0 70 224 2 25 1 5 70 14 2 25 2 75 70 74 2 25 0 1 70 64 2 25 2 125 70 74 2 75 1 15 70 64 2 25 1 25 70 74 2 25 2 275 70
6/8 14 2 25 0 0 70 64 2 25 2 25 70 35 2 75 1 5 70 14 2 25 2 125 70 74 1 5 1 15 70 35 1 5 0 2 70 74 1 5 1 25 70
6/8 64 2 25 0 0 70 44 2 25 2 25 70 44 1 5 1 5 70 54 2 25 0 1 70 64 2 25 2 125 70 34 0 1 1 15 70 34 1 5 1 25 70
6/8 44 1 5 0 0 70 54 1 5 1 5 70 64 2 25 0 1 70 74 2 25 2 125 70 34 1 5 1 15 70 64 1 5 0 2 70 74 2 25 1 25 70 14 2 25 2 275 70
6/8 224 2 25 0 0 70 224 2 25 1 5 70 14 2 25 2 75 70 74 2 25 0 1 70 64 2 25 2 125 70 64 1 15 1 15 70
6/8 14 2 25 0 1 70 224 2 25 2 125 70 35 1 5 1 15 70 35 1 5 0 2 70 35 1 5 1 25 70
6/8 35 1 5 0 0 70 35 2 25 1 5 70 45 2 25 2 75 70 35 2 25 0 1 70 224 2 25 2 125 70 14 1 5 1 15 70 14 1 5 0 2 70 14 1 5 1 25 70
6/8 14 1 5 0 0 70 14 2 25 1 5 70 224 2 25 2 75 70 14 2 25 0 1 70 74 2 25 2 125 70 64 1 5 1 15 70 14 0 1 0 2 70 64 0 1 0 2 70 64 2 25 2 225 70 45 0 1 1 25 70 64 0 1 1 25 70 35 0 1 2 275 70 54 0 1 2 275 70
6/8 44 0 1 0 0 70 224 0 1 0 0 70 44 0 1 0 0 70 54 0 1 1 5 70 54 0 1 1 5 70 54 0 1 0 1 70 54 0 1 0 1 70 64 0 1 2 125 70 64 0 1 2 125 70 74 0 1 1 15 70 224 0 1 1 15 70 74 0 1 1 15 70 74 0 1 0 2 70 224 0 1 0 2 70 74 0 1 0 2 70 14 0 1 2 225 70 224 0 1 2 225 70 14 0 1 2 225 70 74 0 1 1 25 70 224 0 1 1 25 70 525 0 1 1 25 64 74 0 1 1 25 70 14 0 1 2 275 70 224 0 1 2 275 70 14 0 1 2 275 70
6/8 74 0 1 0 0 70 224 0 1 0 0 70 55 0 1 0 0 70 74 0 1 0 0 70 15 2 25 0 1 70 225 2 25 2 125 70 36 1 5 1 15 70 36 1 5 0 2 70 36 1 5 1 25 70
6/8 36 1 5 0 0 70 36 2 25 1 5 70 46 2 25 2 75 70 36 2 25 0 1 70 225 2 25 2 125 70 15 1 5 1 15 70 15 1 5 0 2 70 15 1 5 1 25 70
6/8 15 2 25 0 0 70 225 2 25 2 25 70 15 2 25 1 5 70 75 2 25 2 75 70 65 2 25 0 1 70 55 2 25 2 125 70 45 1 5 1 15 70 45 2 25 0 2 70 55 2 25 2 225 70 65 2 25 1 25 70 75 2 25 2 275 70
6/8 35 1 5 0 0 70 65 1 5 1 5 70 75 2 25 0 1 70 15 2 25 2 125 70 75 2 75 1 15 70 75 2 25 2 225 70 75 2 25 1 25 70 65 2 25 2 275 70
6/8 35 0 1 0 0 70 64 0 1 0 0 70
6/8 74 2 25 0 1 70 14 2 25 2 125 70 24 2 25 1 15 70 74 2 25 2 175 70 45 2 75 0 2 70 24 2 25 2 275 70
6/8 14 1 5 0 0 70 45 1 5 1 5 70 14 1 5 0 1 70 74 2 25 1 15 70 54 2 25 2 175 70 24 2 75 0 2 70 74 2 25 2 275 70
6/8 614 0 1 0 0 70 74 2 25 0 1 70 614 2 25 2 125 70 54 1 5 1 15 70 614 1 5 0 2 70 74 2 25 1 25 70 14 2 25 2 275 70
6/8 44 1 5 0 0 70 74 1 5 1 5 70 14 2 25 0 1 70 24 2 25 2 125 70 35 1 5 1 15 70 35 2 25 0 2 70 24 2 25 2 225 70 14 2 25 1 25 70 74 2 25 2 275 70
6/8 14 0 1 0 0 70 74 2 25 0 1 70 14 2 25 2 125 70 24 2 25 1 15 70 74 2 25 2 175 70 45 2 75 0 2 70 24 2 25 2 275 70
6/8 14 1 5 0 0 70 45 1 5 1 5 70 14 1 5 0 1 70 74 2 25 1 15 70 54 2 25 2 175 70 54 1 5 0 2 70 614 2 25 1 25 70 74 2 25 2 275 70
6/8 44 0 1 0 0 70 44 1 5 0 1 70 54 1 5 1 15 70 614 1 5 0 2 70 74 2 25 1 25 70 14 2 25 2 275 70
6/8 44 1 5 0 0 70 74 2 75 1 5 70 614 2 25 2 125 70 54 1 5 1 15 70 614 1 5 0 2 70 74 2 25 1 25 70 14 2 25 2 275 70
6/8 44 0 1 0 0 70 74 2 25 0 1 70 614 2 25 2 125 70 54 1 5 1 15 70 614 1 5 0 2 70 74 2 25 1 25 70 14 2 25 2 275 70
6/8 44 1 5 0 0 70 74 1 5 1 5 70 14 2 25 0 1 70 24 2 25 2 125 70 35 1 5 1 15 70 35 2 25 0 2 70 24 2 25 2 225 70 14 2 25 1 25 70 74 2 25 2 275 70
6/8 74 0 3 0 0 70
6/8 24 0 1 1 25 70 24 0 1 1 25 70 35 0 1 2 275 70 35 0 1 2 275 70
6/8 45 0 1 0 0 70 45 0 1 0 0 70 45 0 1 1 5 70 45 0 1 1 5 70 45 0 1 0 1 70 45 0 1 0 1 70 45 0 1 1 15 70 45 0 1 1 15 70 45 0 1 0 2 70 45 0 1 0 2 70 55 0 1 2 225 70 55 0 1 2 225 70 45 0 1 1 25 70 45 0 1 1 25 70 35 0 1 2 275 70 35 0 1 2 275 70
6/8 24 0 1 0 0 70 24 0 1 0 0 70 24 0 1 1 5 70 24 0 1 1 5 70 24 0 1 0 1 70 24 0 1 0 1 70 24 0 1 1 15 70 24 0 1 1 15 70 24 0 1 0 2 70 24 0 1 0 2 70 35 0 1 2 225 70 35 0 1 2 225 70 24 0 1 1 25 70 24 0 1 1 25 70 14 0 1 2 275 70 14 0 1 2 275 70
6/8 74 0 1 0 0 70 74 0 1 0 0 70 74 0 1 1 5 70 74 0 1 1 5 70 74 0 1 0 1 70 74 0 1 0 1 70 614 0 1 2 125 70 614 0 1 2 125 70 54 0 1 1 15 70 54 0 1 1 15 70 614 0 1 0 2 70 614 0 1 0 2 70 614 0 1 1 25 70 614 0 1 1 25 70 74 0 1 2 275 70 74 0 1 2 275 70
6/8 14 0 1 0 0 70 35 0 1 0 0 70 14 0 1 0 0 70 14 0 1 1 5 70 35 0 1 1 5 70 14 0 1 1 5 70 24 0 1 2 75 70 35 0 1 2 75 70 24 0 1 2 75 70 14 0 1 0 1 70 35 0 1 0 1 70 65 0 1 0 1 64 14 0 1 0 1 70 24 0 1 2 125 70 35 0 1 2 125 70 24 0 1 2 125 70 14 0 1 1 15 70 35 0 1 1 15 70 615 0 1 1 15 64 14 0 1 1 15 70 24 0 1 1 25 70 24 0 1 1 25 70 35 0 1 2 275 70 35 0 1 2 275 70
6/8 45 0 1 0 0 70 45 0 1 0 0 70 45 0 1 1 5 70 45 0 1 1 5 70 45 0 1 0 1 70 45 0 1 0 1 70 45 0 1 1 15 70 45 0 1 1 15 70 45 0 1 0 2 70 45 0 1 0 2 70 55 0 1 2 225 70 55 0 1 2 225 70 45 0 1 1 25 70 45 0 1 1 25 70 35 0 1 2 275 70 35 0 1 2 275 70
6/8 24 0 1 0 0 70 24 0 1 0 0 70 24 0 1 1 5 70 24 0 1 1 5 70 24 0 1 0 1 70 24 0 1 0 1 70 24 0 1 1 15 70 24 0 1 1 15 70 35 0 1 2 175 70 35 0 1 2 175 70 24 0 1 0 2 70 24 0 1 0 2 70 14 0 1 2 225 70 14 0 1 2 225 70 74 0 1 1 25 70 74 0 1 1 25 70 614 0 1 2 275 70 614 0 1 2 275 70
6/8 54 0 1 1 5 70 54 0 1 1 5 70 614 0 1 2 75 70 614 0 1 2 75 70 74 0 1 0 1 70 74 0 1 0 1 70 14 0 1 2 125 70 14 0 1 2 125 70 44 0 1 1 15 70 74 0 1 1 15 70 44 0 1 1 15 70 74 0 1 0 2 70 74 0 1 0 2 70 14 0 1 1 25 70 14 0 1 1 25 70 24 0 1 2 275 70 24 0 1 2 275 70
6/8 14 0 1 0 0 70 14 0 1 0 0 70 14 0 1 2 75 70 14 0 1 2 75 70 14 0 1 0 1 70 14 0 1 0 1 70 74 0 1 2 125 70 74 0 1 2 125 70 74 0 1 1 15 70 24 0 1 1 15 64 45 0 1 1 15 64 74 0 1 1 15 70
6/8 74 0 1 0 0 70 24 0 1 0 0 64 45 0 1 0 0 64 74 0 1 0 0 70
6/8 74 0 1 1 15 64 24 0 1 1 15 64 45 0 1 1 15 64 74 0 1 1 15 64
6/8
6/8
6/8
6/8
6/8
6/8
6/8
6/8
6/8
6/8
6/8
6/8
6/8
6/8
6/8
6/8
6/8
6/8
6/8
6/8 14 1 15 1 15 40
6/8 74 1 15 0 0 40 64 1 15 1 15 40
6/8 54 1 15 0 0 40 44 1 15 1 15 40
6/8 34 0 1 0 0 40 74 2 25 0 1 40 14 2 25 2 125 40 224 1 5 1 15 40 35 1 5 0 2 40 45 1 5 1 25 40
6/8 35 0 1 0 0 40 14 1 15 1 15 40
6/8 74 1 15 0 0 40 64 1 5 1 15 40 74 1 5 0 2 40 64 1 5 1 25 40
6/8 54 0 1 0 0 40 14 1 5 0 1 40 224 0 1 1 15 40 224 1 5 1 25 40
6/8 14 0 1 0 0 40 14 1 5 0 1 40 224 1 5 1 15 40 45 1 5 0 2 40 224 1 5 1 25 40
6/8 14 1 15 0 0 40
6/8 35 1 5 0 1 40 65 1 5 1 15 40 65 1 5 0 2 40 65 1 5 1 25 40
6/8 55 0 1 0 0 40 45 1 5 1 15 40 45 1 5 0 2 40 45 1 5 1 25 40
6/8 35 0 1 0 0 40 14 0 1 1 15 40 14 1 5 1 25 40
6/8 64 0 1 0 0 40 74 1 5 0 1 40 224 0 1 1 15 40 224 1 5 1 25 40
6/8 35 0 1 0 0 40 55 1 5 0 1 40 35 0 1 1 15 40 64 0 1 1 15 40 35 0 1 0 2 40 14 0 1 0 2 40 35 0 1 1 25 40 64 0 1 1 25 40
6/8 35 0 1 0 0 40 54 0 1 0 0 40 14 0 1 1 15 40 44 0 1 1 15 40 14 0 1 0 2 40 64 0 1 0 2 40 14 0 1 1 25 40 44 0 1 1 25 40
6/8 14 0 1 0 0 40 34 0 1 0 0 40 224 1 5 0 2 40 224 1 5 1 25 40
6/8 14 0 1 0 0 40 14 1 5 0 1 40 224 0 1 1 15 40 35 1 5 1 25 40
6/8 14 0 3 0 0 40
6/8
6/8 65 1 15 1 5 40 55 0 1 0 2 40
6/8 55 1 5 0 0 40 45 1 15 1 5 40 35 0 1 0 2 40
6/8 35 1 5 0 0 40 224 1 15 1 5 40 14 0 1 0 2 40
6/8 45 1 5 0 0 40 55 1 5 1 5 40 65 1 5 0 1 40 55 2 25 1 15 40 24 2 25 2 175 40 35 1 5 0 2 40
6/8 65 1 15 1 5 40 55 0 1 0 2 40
6/8 45 1 5 0 0 40 55 1 5 1 5 40 65 1 5 0 1 40 35 0 1 1 15 40 35 1 5 1 25 40
6/8 45 1 5 0 0 40 35 1 5 1 5 40 224 1 5 0 1 40 14 1 5 1 15 40 65 0 1 0 2 40
6/8 225 1 5 0 0 40 15 1 5 1 5 40 75 1 5 0 1 40 65 1 15 1 15 40
6/8 36 1 5 0 2 40 36 1 5 1 25 40
6/8 36 1 15 0 0 40 15 1 5 0 2 40 15 1 5 1 25 40
6/8 15 1 15 0 0 40
6/8
6/8 65 0 1 1 15 40 14 0 1 1 15 40
6/8 55 0 1 0 0 40 74 0 1 0 0 40 45 0 1 1 15 40 64 0 1 1 15 40
6/8 35 0 1 0 0 40 54 0 1 0 0 40 224 2 25 1 15 40 64 2 25 2 175 40 224 0 1 0 2 40
6/8 14 2 25 0 0 40 64 2 25 2 25 40 14 0 1 1 5 40 45 2 25 1 15 40 224 2 25 2 175 40 224 1 5 0 2 40 35 2 25 1 25 40 14 2 25 2 275 40
6/8 14 1 15 0 0 40
6/8
6/8
6/8
6/8
6/8
6/8
6/8
6/8
6/8
6/8
6/8
6/8
6/8 75 1 15 0 0 40 615 1 15 1 15 40
6/8 55 1 15 0 0 40 45 1 15 1 15 40
6/8 24 1 15 0 0 40 35 1 15 1 15 40
6/8
6/8 75 1 15 0 0 40 615 1 15 1 15 40
6/8 55 1 15 0 0 40 45 1 15 1 15 40
6/8 35 1 5 1 5 40 35 1 5 0 1 40 24 0 1 1 15 40 45 1 5 1 25 40
6/8 35 0 1 0 0 40 35 1 5 0 1 40
6/8
6/8
6/8
6/8
6/8
6/8
6/8
6/8
6/8
6/8
6/8
6/8
6/8
6/8
6/8
6/8
6/8
6/8
6/8
6/8
6/8
6/8 14 1 15 1 15 40
6/8 74 1 15 0 0 40 64 1 15 1 15 40
6/8 54 1 15 0 0 40 44 1 15 1 15 40
6/8 34 0 1 0 0 40 74 2 25 0 1 40 14 2 25 2 125 40 224 1 5 1 15 40 35 1 5 0 2 40 45 1 5 1 25 40
6/8 35 0 1 0 0 40 14 1 15 1 15 40
6/8 74 1 15 0 0 40 64 1 5 1 15 40 74 1 5 0 2 40 64 1 5 1 25 40
6/8 54 0 1 0 0 40 14 1 5 0 1 40 224 0 1 1 15 40 224 1 5 1 25 40
6/8 14 0 1 0 0 40 14 1 5 0 1 40 224 1 5 1 15 40 45 1 5 0 2 40 224 1 5 1 25 40
6/8 14 1 15 0 0 40
6/8 35 1 5 0 1 40 65 1 5 1 15 40 65 1 5 0 2 40 65 1 5 1 25 40
6/8 55 0 1 0 0 40 45 1 5 1 15 40 45 1 5 0 2 40 45 1 5 1 25 40
6/8 35 0 1 0 0 40 14 0 1 1 15 40 14 1 5 1 25 40
6/8 64 0 1 0 0 40 74 1 5 0 1 40 224 0 1 1 15 40 224 1 5 1 25 40
6/8 35 0 1 0 0 40 55 1 5 0 1 40 35 0 1 1 15 40 64 0 1 1 15 40 35 0 1 0 2 40 14 0 1 0 2 40 35 0 1 1 25 40 64 0 1 1 25 40
6/8 35 0 1 0 0 40 54 0 1 0 0 40 14 0 1 1 15 40 44 0 1 1 15 40 14 0 1 0 2 40 64 0 1 0 2 40 14 0 1 1 25 40 44 0 1 1 25 40
6/8 14 0 1 0 0 40 34 0 1 0 0 40 224 1 5 0 2 40 224 1 5 1 25 40
6/8 14 0 1 0 0 40 14 1 5 0 1 40 224 0 1 1 15 40 35 1 5 1 25 40
6/8 14 0 3 0 0 40
6/8
6/8 65 1 15 1 5 40 55 0 1 0 2 40
6/8 55 1 5 0 0 40 45 1 15 1 5 40 35 0 1 0 2 40
6/8 35 1 5 0 0 40 224 1 15 1 5 40 14 0 1 0 2 40
6/8 45 1 5 0 0 40 55 1 5 1 5 40 65 1 5 0 1 40 55 2 25 1 15 40 24 2 25 2 175 40 35 1 5 0 2 40
6/8 65 1 15 1 5 40 55 0 1 0 2 40
6/8 45 1 5 0 0 40 55 1 5 1 5 40 65 1 5 0 1 40 35 0 1 1 15 40 35 1 5 1 25 40
6/8 45 1 5 0 0 40 35 1 5 1 5 40 224 1 5 0 1 40 14 1 5 1 15 40 65 0 1 0 2 40
6/8 225 1 5 0 0 40 15 1 5 1 5 40 75 1 5 0 1 40 65 1 15 1 15 40
6/8 36 1 5 0 2 40 36 1 5 1 25 40
6/8 36 1 15 0 0 40 15 1 5 0 2 40 15 1 5 1 25 40
6/8 15 1 15 0 0 40
6/8
6/8 65 0 1 1 15 40 14 0 1 1 15 40
6/8 55 0 1 0 0 40 74 0 1 0 0 40 45 0 1 1 15 40 64 0 1 1 15 40
6/8 35 0 1 0 0 40 54 0 1 0 0 40 224 2 25 1 15 40 64 2 25 2 175 40 224 0 1 0 2 40
6/8 14 2 25 0 0 40 64 2 25 2 25 40 14 0 1 1 5 40 45 2 25 1 15 40 224 2 25 2 175 40 224 1 5 0 2 40 35 2 25 1 25 40 14 2 25 2 275 40
6/8 14 1 15 0 0 40
6/8
6/8
6/8
6/8
6/8
6/8
6/8
6/8
6/8
6/8
6/8
6/8
6/8 75 1 15 0 0 40 615 1 15 1 15 40
6/8 55 1 15 0 0 40 45 1 15 1 15 40
6/8 24 1 15 0 0 40 35 1 15 1 15 40
6/8
6/8 75 1 15 0 0 40 615 1 15 1 15 40
6/8 55 1 15 0 0 40 45 1 15 1 15 40
6/8 35 1 5 1 5 40 35 1 5 0 1 40 24 0 1 1 15 40 45 1 5 1 25 40
6/8 35 0 1 0 0 40 35 1 5 0 1 40
