3/4 62 0 3 0 0 90 33 0 1 0 1 54 62 0 1 0 1 89 13 0 1 0 2 85
3/4 62 0 3 0 0 86 33 0 1 0 1 38 62 0 1 0 1 97 13 0 1 0 2 82
3/4 62 0 3 0 0 86 33 0 1 0 1 48 62 0 1 0 1 82 13 0 1 0 2 57
3/4 62 0 3 0 0 86 33 0 1 0 1 53 62 0 1 0 1 72 64 1 5 0 2 99 13 0 1 0 2 45 74 1 5 1 25 89
3/4 14 1 5 0 0 112 62 0 3 0 0 80 64 1 5 1 5 77 35 1 15 0 1 93 33 0 1 0 1 48 62 0 1 0 1 72 13 0 1 0 2 64 14 1 5 1 25 93
3/4 74 0 1 0 0 99 52 0 1 0 0 61 33 0 3 0 0 92 35 0 1 0 1 96 72 0 1 0 1 71 74 0 1 0 2 84 53 0 1 0 2 62
3/4 64 1 5 0 0 103 43 0 3 0 0 73 44 1 5 1 5 88 14 1 15 0 1 93 63 0 1 0 1 82 44 0 1 0 2 51 64 1 5 1 25 87
3/4 54 2 175 0 0 92 12 0 3 0 0 87 53 0 1 0 1 60 33 0 1 0 1 89 54 0 1 0 2 76
3/4 44 0 1 0 0 98 222 0 3 0 0 72 54 0 1 0 1 89 63 0 1 0 1 57 222 0 1 0 1 78 64 1 5 0 2 78 44 0 1 0 2 51 74 1 5 1 25 71
3/4 34 0 1 0 0 96 12 0 3 0 0 74 64 0 1 0 1 94 63 0 1 0 1 55 12 0 1 0 1 84 74 1 5 0 2 84 34 0 1 0 2 61 14 1 5 1 25 94
3/4 224 0 1 0 0 112 72 0 3 0 0 80 224 1 5 0 1 111 43 0 1 0 1 44 72 0 1 0 1 80 14 1 5 1 15 88 74 1 5 0 2 86 223 0 1 0 2 63 64 1 5 1 25 85
3/4 54 0 1 0 0 59 73 0 1 0 0 79 33 0 3 0 0 82 73 0 2 0 1 76 64 1 5 0 2 91 74 1 5 1 25 71
3/4 14 1 5 0 0 93 62 0 3 0 0 68 64 1 5 1 5 87 35 1 15 0 1 90 33 0 1 0 1 44 62 0 1 0 1 66 13 0 1 0 2 46 14 1 5 1 25 91
3/4 74 0 1 0 0 102 52 0 1 0 0 53 33 0 3 0 0 80 35 0 1 0 1 93 72 0 1 0 1 88 74 0 1 0 2 77 53 0 1 0 2 61
3/4 64 1 5 0 0 92 43 0 3 0 0 79 44 1 5 1 5 76 44 0 1 0 1 88 62 0 1 0 1 80 54 1 5 0 2 82 13 0 1 0 2 63 64 1 5 1 25 87
3/4 34 2 175 0 0 74 12 0 3 0 0 86 53 0 1 0 1 52 12 0 1 0 1 83 34 1 5 1 25 78
3/4 44 0 1 0 0 96 222 0 3 0 0 74 54 0 1 0 1 75 63 0 1 0 1 56 222 0 1 0 1 74 64 1 5 0 2 66 44 0 1 0 2 52 74 1 5 1 25 62
3/4 34 0 1 0 0 92 12 0 3 0 0 92 64 0 1 0 1 88 63 0 1 0 1 53 12 0 1 0 1 82 74 1 5 0 2 81 34 0 1 0 2 61 14 1 5 1 25 95
3/4 224 0 1 0 0 101 72 0 2 0 0 78 224 1 5 0 1 99 43 0 1 0 1 58 72 0 1 0 1 84 14 1 5 1 15 84 74 1 5 0 2 82 33 0 1 0 2 59 64 1 5 1 25 65
3/4 64 0 1 0 0 81 61 0 1 0 0 90 33 0 1 0 1 57 62 0 1 0 1 69 13 0 1 0 2 67
3/4 62 0 3 0 0 74 33 0 1 0 1 52 62 0 1 0 1 77 14 1 5 0 2 76 224 1 5 1 25 94
3/4 35 0 1 0 0 105 62 0 3 0 0 86 35 0 1 0 1 84 33 0 1 0 1 53 62 0 1 0 1 78 35 2 75 0 2 79
3/4 35 0 1 0 0 87 52 0 1 0 0 59 33 0 3 0 0 75 35 1 5 0 1 100 73 0 1 0 1 83 45 1 5 1 15 87 35 1 5 0 2 85 54 0 1 0 2 63 224 1 5 1 25 78
3/4 14 0 1 0 0 87 43 0 3 0 0 72 14 0 1 0 1 74 62 0 1 0 1 83 14 0 1 0 2 79 43 0 1 0 2 58
3/4 14 0 1 0 0 88 12 0 3 0 0 80 14 1 5 0 1 89 53 0 1 0 1 38 12 0 1 0 1 88 224 1 5 1 15 78 14 1 5 0 2 84 34 0 1 0 2 55 74 1 5 1 25 77
3/4 64 2 75 0 0 80 43 0 3 0 0 77 64 0 1 0 1 75 13 0 1 0 1 51 43 0 1 0 1 86 64 1 5 0 2 92 63 0 1 0 2 52 54 1 5 1 25 74
3/4 44 0 1 0 0 89 222 0 3 0 0 74 54 0 1 0 1 83 62 0 1 0 1 84 54 1 5 0 2 78 223 0 1 0 2 50 64 1 5 1 25 80
3/4 74 0 1 0 0 97 72 0 1 0 0 74 222 0 1 0 0 65 74 1 5 0 1 97 43 0 1 0 1 40 72 0 1 0 1 73 14 1 5 1 15 80 74 1 5 0 2 77 223 0 1 0 2 64 14 1 5 1 25 71
3/4 54 0 1 0 0 63 73 0 1 0 0 94 33 0 3 0 0 75 73 0 1 0 1 40 33 0 1 0 1 77 14 1 5 0 2 77 54 0 1 0 2 61 224 1 5 1 25 80
3/4 35 0 1 0 0 97 62 0 3 0 0 88 35 0 1 0 1 100 33 0 1 0 1 40 62 0 1 0 1 82 35 0 1 0 2 77 12 0 1 0 2 62
3/4 35 0 1 0 0 107 52 0 1 0 0 54 33 0 3 0 0 77 35 1 5 0 1 101 73 0 1 0 1 89 45 1 5 1 15 89 35 1 5 0 2 88 54 0 1 0 2 52 224 1 5 1 25 71
3/4 14 0 1 0 0 77 43 0 3 0 0 86 14 0 1 0 1 77 12 0 1 0 1 72 14 0 1 0 2 71 63 0 1 0 2 45
3/4 14 1 5 0 0 86 12 0 3 0 0 84 224 1 5 1 5 79 14 1 5 0 1 78 53 0 1 0 1 83 74 1 5 1 15 70 64 1 5 0 2 82 34 0 1 0 2 54 54 1 5 1 25 66
3/4 44 2 75 0 0 94 222 0 3 0 0 77 44 1 5 0 1 81 63 0 1 0 1 39 222 0 1 0 1 77 54 1 5 1 15 80 64 1 5 0 2 85 44 0 1 0 2 55 74 1 5 1 25 59
3/4 34 0 1 0 0 84 12 0 3 0 0 76 64 0 1 0 1 81 63 0 1 0 1 51 12 0 1 0 1 92 74 1 5 0 2 93 34 0 1 0 2 60 14 1 5 1 25 69
3/4 74 3 1333 0 0 78 222 0 2 0 0 85 43 0 1 0 1 40 72 0 1 0 1 74 74 1 5 1 15 79 74 1 5 0 2 74 33 0 1 0 2 60 64 1 5 1 25 70
3/4 64 0 1 0 0 85 61 0 1 0 0 71 63 0 1 0 1 45 12 0 1 0 1 69
3/4 62 0 3 0 0 77 33 0 1 0 1 48 62 0 1 0 1 79 13 0 1 0 2 64
3/4 62 0 3 0 0 75 33 0 1 0 1 54 62 0 1 0 1 76 64 1 5 0 2 106 13 0 1 0 2 63 74 1 5 1 25 82
3/4 14 1 5 0 0 101 62 0 3 0 0 85 64 1 5 1 5 90 35 1 15 0 1 103 33 0 1 0 1 40 62 0 1 0 1 75 13 0 1 0 2 54 14 1 5 1 25 99
3/4 74 0 1 0 0 98 52 0 1 0 0 60 33 0 3 0 0 73 35 0 1 0 1 102 72 0 1 0 1 70 74 0 1 0 2 84 53 0 1 0 2 60
3/4 64 1 5 0 0 103 43 0 3 0 0 84 44 1 5 1 5 89 14 1 15 0 1 95 63 0 1 0 1 77 44 0 1 0 2 60 64 1 5 1 25 78
3/4 54 2 175 0 0 90 12 0 3 0 0 91 53 0 1 0 1 52 33 0 1 0 1 69 54 0 1 0 2 83
3/4 44 0 1 0 0 106 222 0 3 0 0 89 54 0 1 0 1 88 63 0 1 0 1 46 222 0 1 0 1 69 64 1 5 0 2 92 44 0 1 0 2 63 74 1 5 1 25 87
3/4 34 0 1 0 0 104 12 0 3 0 0 92 64 0 1 0 1 104 63 0 1 0 1 63 12 0 1 0 1 70 74 1 5 0 2 81 34 0 1 0 2 54 14 1 5 1 25 94
3/4 224 0 1 0 0 108 72 0 3 0 0 91 224 1 5 0 1 108 43 0 1 0 1 59 72 0 1 0 1 69 14 1 5 1 15 81 74 1 5 0 2 90 223 0 1 0 2 62 64 1 5 1 25 68
3/4 54 0 1 0 0 63 73 0 1 0 0 83 33 0 3 0 0 78 73 0 2 0 1 69 64 1 5 0 2 88 74 1 5 1 25 80
3/4 14 1 5 0 0 87 62 0 3 0 0 70 64 1 5 1 5 79 35 1 15 0 1 97 33 0 1 0 1 45 62 0 1 0 1 73 13 0 1 0 2 62 14 1 5 1 25 76
3/4 74 0 1 0 0 103 52 0 1 0 0 57 33 0 3 0 0 72 35 0 1 0 1 102 72 0 1 0 1 81 74 0 1 0 2 68 53 0 1 0 2 62
3/4 64 1 5 0 0 95 43 0 3 0 0 86 44 1 5 1 5 66 44 0 1 0 1 80 62 0 1 0 1 76 54 1 5 0 2 88 13 0 1 0 2 47 64 1 5 1 25 80
3/4 34 2 175 0 0 73 12 0 3 0 0 90 53 0 1 0 1 59 12 0 1 0 1 77 34 1 5 1 25 74
3/4 44 0 1 0 0 91 222 0 3 0 0 76 54 0 1 0 1 80 63 0 1 0 1 54 222 0 1 0 1 73 64 1 5 0 2 77 44 0 1 0 2 54 74 1 5 1 25 81
3/4 34 0 1 0 0 92 12 0 3 0 0 85 64 0 1 0 1 86 63 0 1 0 1 50 12 0 1 0 1 88 74 1 5 0 2 87 34 0 1 0 2 66 14 1 5 1 25 91
3/4 224 0 1 0 0 93 72 0 2 0 0 89 224 1 5 0 1 84 43 0 1 0 1 49 72 0 1 0 1 79 14 1 5 1 15 69 74 1 5 0 2 84 33 0 1 0 2 63 64 1 5 1 25 60
3/4 64 0 1 0 0 72 61 0 1 0 0 83 33 0 1 0 1 53 62 0 1 0 1 72 13 0 1 0 2 58
3/4 62 0 3 0 0 82 33 0 1 0 1 52 62 0 1 0 1 82 14 1 5 0 2 92 224 1 5 1 25 79
3/4 35 0 1 0 0 110 62 0 3 0 0 91 35 0 1 0 1 91 33 0 1 0 1 46 62 0 1 0 1 75 35 2 75 0 2 94
3/4 35 0 1 0 0 105 52 0 1 0 0 50 33 0 3 0 0 92 35 1 5 0 1 101 73 0 1 0 1 71 45 1 5 1 15 73 35 1 5 0 2 91 54 0 1 0 2 65 224 1 5 1 25 85
3/4 14 0 1 0 0 87 43 0 3 0 0 77 14 0 1 0 1 82 62 0 1 0 1 87 14 0 1 0 2 82 43 0 1 0 2 63
3/4 14 0 1 0 0 91 12 0 3 0 0 85 14 1 5 0 1 96 53 0 1 0 1 49 12 0 1 0 1 75 224 1 5 1 15 64 14 1 5 0 2 97 34 0 1 0 2 51 74 1 5 1 25 66
3/4 64 2 75 0 0 86 43 0 3 0 0 88 64 0 1 0 1 91 13 0 1 0 1 41 43 0 1 0 1 84 64 1 5 0 2 86 63 0 1 0 2 49 54 1 5 1 25 74
3/4 44 0 1 0 0 94 222 0 3 0 0 72 54 0 1 0 1 88 62 0 1 0 1 89 54 1 5 0 2 91 223 0 1 0 2 57 64 1 5 1 25 73
3/4 74 0 1 0 0 90 72 0 1 0 0 74 222 0 1 0 0 54 74 1 5 0 1 96 43 0 1 0 1 48 72 0 1 0 1 77 14 1 5 1 15 79 74 1 5 0 2 82 223 0 1 0 2 50 14 1 5 1 25 81
3/4 54 0 1 0 0 73 73 0 1 0 0 95 33 0 3 0 0 81 73 0 1 0 1 55 33 0 1 0 1 85 14 1 5 0 2 87 54 0 1 0 2 64 224 1 5 1 25 93
3/4 35 0 1 0 0 95 62 0 3 0 0 90 35 0 1 0 1 87 33 0 1 0 1 55 62 0 1 0 1 79 35 0 1 0 2 85 12 0 1 0 2 53
3/4 35 0 1 0 0 102 52 0 1 0 0 51 33 0 3 0 0 79 35 1 5 0 1 89 73 0 1 0 1 77 45 1 5 1 15 76 35 1 5 0 2 91 54 0 1 0 2 58 224 1 5 1 25 78
3/4 14 0 1 0 0 79 43 0 3 0 0 89 14 0 1 0 1 74 12 0 1 0 1 79 14 0 1 0 2 69 63 0 1 0 2 56
3/4 14 1 5 0 0 92 12 0 3 0 0 76 224 1 5 1 5 87 14 1 5 0 1 80 53 0 1 0 1 85 74 1 5 1 15 68 64 1 5 0 2 85 34 0 1 0 2 48 54 1 5 1 25 82
3/4 44 2 75 0 0 97 222 0 3 0 0 89 44 1 5 0 1 84 63 0 1 0 1 45 222 0 1 0 1 92 54 1 5 1 15 67 64 1 5 0 2 86 44 0 1 0 2 46 74 1 5 1 25 79
3/4 34 0 1 0 0 77 12 0 3 0 0 74 64 0 1 0 1 94 63 0 1 0 1 49 12 0 1 0 1 84 74 1 5 0 2 84 34 0 1 0 2 56 14 1 5 1 25 81
3/4 74 3 1333 0 0 80 222 0 2 0 0 79 43 0 1 0 1 41 72 0 1 0 1 80 74 1 5 1 15 74 74 1 5 0 2 88 33 0 1 0 2 61 64 1 5 1 25 62
3/4 64 0 1 0 0 80 61 0 1 0 0 75 63 0 1 0 1 50 12 0 1 0 1 75
3/4 62 0 3 0 0 78 33 0 1 0 1 39 62 0 1 0 1 67 13 0 1 0 2 45
3/4 62 0 3 0 0 72 33 0 1 0 1 43 62 0 1 0 1 87 13 0 1 0 2 49
3/4 62 0 3 0 0 84 33 0 1 0 1 44 62 0 1 0 1 81 13 0 1 0 2 54
3/4 62 0 3 0 0 86 33 0 1 0 1 47 62 0 1 0 1 87 64 1 5 0 2 101 13 0 1 0 2 47 74 1 5 1 25 77
3/4 14 1 5 0 0 104 61 0 1 0 0 102 64 1 5 1 5 97 35 1 15 0 1 103 32 0 1 0 1 78 12 0 1 0 2 61 14 1 5 1 25 96
3/4 74 0 1 0 0 117 31 0 1 0 0 96 54 0 3 0 0 73 35 0 1 0 1 105 71 0 1 0 1 47 74 0 1 0 2 88 52 0 1 0 2 49
3/4 64 1 5 0 0 107 42 0 1 0 0 91 44 1 5 1 5 82 14 1 15 0 1 92 12 0 1 0 1 56 63 0 1 0 2 58 64 1 5 1 25 87
3/4 54 2 175 0 0 81 11 0 3 0 0 102 52 0 1 0 1 57 32 0 1 0 1 77 54 0 1 0 2 92
3/4 44 0 1 0 0 106 221 0 1 0 0 102 54 0 1 0 1 83 61 0 1 0 1 60 64 1 5 0 2 100 43 0 1 0 2 46 74 1 5 1 25 91
3/4 34 0 1 0 0 96 11 0 1 0 0 101 64 0 1 0 1 117 61 0 1 0 1 48 74 1 5 0 2 101 33 0 1 0 2 50 14 1 5 1 25 97
3/4 224 0 1 0 0 118 71 0 1 0 0 88 44 0 3 0 0 56 224 1 5 0 1 118 42 0 1 0 1 83 14 1 5 1 15 93 74 1 5 0 2 86 222 0 1 0 2 57 64 1 5 1 25 72
3/4 74 0 2 0 0 88 32 0 1 0 0 90 72 0 1 0 1 49 52 0 1 0 1 71 64 1 5 0 2 92 74 1 5 1 25 79
3/4 14 1 5 0 0 99 61 0 1 0 0 91 64 1 5 1 5 82 35 1 15 0 1 101 32 0 1 0 1 85 12 0 1 0 2 54 14 1 5 1 25 85
3/4 74 0 1 0 0 91 31 0 1 0 0 93 54 0 3 0 0 64 35 0 1 0 1 95 71 0 1 0 1 44 74 0 1 0 2 78 52 0 1 0 2 57
3/4 64 1 5 0 0 103 42 0 1 0 0 96 44 1 5 1 5 86 44 0 1 0 1 100 11 0 1 0 1 58 54 1 5 0 2 100 63 0 1 0 2 55 64 1 5 1 25 85
3/4 34 2 175 0 0 83 11 0 3 0 0 104 52 0 1 0 1 66 32 0 1 0 1 64 34 0 1 0 2 90
3/4 44 0 1 0 0 88 221 0 1 0 0 94 54 0 1 0 1 85 61 0 1 0 1 48 64 1 5 0 2 81 43 0 1 0 2 52 74 1 5 1 25 81
3/4 34 0 1 0 0 86 11 0 1 0 0 105 64 0 1 0 1 102 61 0 1 0 1 46 74 1 5 0 2 81 33 0 1 0 2 55 14 1 5 1 25 84
3/4 224 0 1 0 0 111 71 0 2 0 0 100 44 0 3 0 0 74 224 1 5 0 1 99 42 0 1 0 1 50 221 0 1 0 1 61 14 1 5 1 15 71 74 1 5 0 2 94 32 0 1 0 2 63 64 1 5 1 25 82
3/4 13 0 1 0 0 69 63 0 1 0 0 82 61 0 1 0 0 95 32 0 1 0 1 87 12 0 1 0 2 61
3/4 61 0 1 0 0 91 32 0 1 0 1 73 14 1 5 0 2 83 12 0 1 0 2 54 224 1 5 1 25 88
3/4 35 0 1 0 0 120 61 0 1 0 0 85 14 0 3 0 0 60 35 0 1 0 1 100 31 0 1 0 1 69 35 0 1 0 2 97 11 0 1 0 2 50
3/4 35 0 1 0 0 104 31 0 1 0 0 85 54 0 3 0 0 57 35 1 5 0 1 104 72 0 1 0 1 46 45 1 5 1 15 83 35 1 5 0 2 87 53 0 1 0 2 64 224 1 5 1 25 92
3/4 14 0 1 0 0 106 41 0 1 0 0 78 64 0 3 0 0 66 14 0 1 0 1 92 11 0 1 0 1 46 14 0 1 0 2 88 62 0 1 0 2 47
3/4 14 0 1 0 0 95 11 0 1 0 0 87 34 0 3 0 0 74 14 0 1 0 1 100 51 0 1 0 1 80 224 3 333 0 2 88 33 0 1 0 2 51 14 3 333 3 2333 87 74 3 333 3 2667 73
3/4 64 2 75 0 0 93 42 0 1 0 0 87 64 0 1 0 1 85 11 0 1 0 1 63 64 1 5 0 2 97 63 0 1 0 2 60 54 1 5 1 25 84
3/4 44 0 1 0 0 93 221 0 1 0 0 88 223 0 3 0 0 60 54 0 1 0 1 95 61 0 1 0 1 58 54 1 5 0 2 86 43 0 1 0 2 61 64 1 5 1 25 90
3/4 74 0 1 0 0 99 71 0 1 0 0 80 223 0 3 0 0 70 74 1 5 0 1 87 42 0 1 0 1 86 14 1 5 1 15 88 74 1 5 0 2 86 222 0 1 0 2 57 14 1 5 1 25 86
3/4 54 0 1 0 0 76 73 0 1 0 0 96 32 0 1 0 0 81 72 0 1 0 1 43 14 1 5 0 2 93 53 0 1 0 2 45 224 1 5 1 25 80
3/4 35 0 1 0 0 104 61 0 1 0 0 92 14 0 3 0 0 60 35 0 1 0 1 95 31 0 1 0 1 69 35 0 1 0 2 97 11 0 1 0 2 65
3/4 35 0 1 0 0 110 31 0 1 0 0 94 54 0 3 0 0 72 35 1 5 0 1 97 72 0 1 0 1 53 45 1 5 1 15 96 35 1 5 0 2 97 53 0 1 0 2 64 224 1 5 1 25 76
3/4 14 0 1 0 0 87 41 0 1 0 0 90 64 0 3 0 0 56 14 0 1 0 1 88 11 0 1 0 1 55 14 0 1 0 2 78 62 0 1 0 2 45
3/4 14 1 5 0 0 95 11 0 1 0 0 90 34 0 3 0 0 68 224 1 5 1 5 83 14 1 5 0 1 103 52 0 1 0 1 81 74 1 5 1 15 72 64 1 5 0 2 96 33 0 1 0 2 45 54 1 5 1 25 68
3/4 44 2 75 0 0 87 221 0 1 0 0 93 44 1 5 0 1 78 62 0 1 0 1 48 54 1 5 1 15 74 64 1 5 0 2 85 43 0 1 0 2 50 74 1 5 1 25 70
3/4 34 0 1 0 0 85 11 0 1 0 0 87 64 0 1 0 1 95 61 0 1 0 1 49 74 1 5 0 2 102 33 0 1 0 2 46 14 1 5 1 25 75
3/4 74 3 1333 0 0 91 71 0 2 0 0 87 44 0 3 0 0 70 42 0 1 0 1 55 221 0 1 0 1 50 74 1 5 1 15 70 74 1 5 0 2 89 32 0 1 0 2 56 64 1 5 1 25 79
3/4 13 0 1 0 0 73 64 0 1 0 0 97 61 0 1 0 0 77 32 0 1 0 1 61 11 0 1 0 1 70
3/4 61 0 1 0 0 96 32 0 1 0 1 76 12 0 1 0 2 46
3/4 61 0 1 0 0 93 32 0 1 0 1 78 64 1 5 0 2 114 12 0 1 0 2 63 74 1 5 1 25 86
3/4 14 1 5 0 0 108 61 0 1 0 0 88 64 1 5 1 5 99 35 1 15 0 1 103 32 0 1 0 1 74 12 0 1 0 2 45 14 1 5 1 25 89
3/4 74 0 1 0 0 108 31 0 1 0 0 93 54 0 3 0 0 64 35 0 1 0 1 105 71 0 1 0 1 48 74 0 1 0 2 99 52 0 1 0 2 53
3/4 64 1 5 0 0 94 42 0 1 0 0 105 44 1 5 1 5 84 14 1 15 0 1 100 12 0 1 0 1 55 63 0 1 0 2 63 64 1 5 1 25 89
3/4 54 2 175 0 0 93 11 0 3 0 0 102 52 0 1 0 1 59 32 0 1 0 1 65 54 0 1 0 2 80
3/4 44 0 1 0 0 101 221 0 1 0 0 98 54 0 1 0 1 100 61 0 1 0 1 55 64 1 5 0 2 90 43 0 1 0 2 51 74 1 5 1 25 86
3/4 34 0 1 0 0 106 11 0 1 0 0 91 64 0 1 0 1 99 61 0 1 0 1 63 74 1 5 0 2 97 33 0 1 0 2 49 14 1 5 1 25 97
3/4 224 0 1 0 0 126 71 0 1 0 0 94 44 0 3 0 0 54 224 1 5 0 1 116 42 0 1 0 1 89 14 1 5 1 15 77 74 1 5 0 2 102 222 0 1 0 2 50 64 1 5 1 25 89
3/4 74 0 2 0 0 86 32 0 1 0 0 103 72 0 1 0 1 53 52 0 1 0 1 61 64 1 5 0 2 90 74 1 5 1 25 78
3/4 14 1 5 0 0 98 61 0 1 0 0 103 64 1 5 1 5 82 35 1 15 0 1 85 32 0 1 0 1 75 12 0 1 0 2 59 14 1 5 1 25 91
3/4 74 0 1 0 0 97 31 0 1 0 0 92 54 0 3 0 0 59 35 0 1 0 1 105 71 0 1 0 1 49 74 0 1 0 2 86 52 0 1 0 2 56
3/4 64 1 5 0 0 85 42 0 1 0 0 105 44 1 5 1 5 91 44 0 1 0 1 99 11 0 1 0 1 48 54 1 5 0 2 94 63 0 1 0 2 46 64 1 5 1 25 84
3/4 34 2 175 0 0 73 11 0 3 0 0 104 52 0 1 0 1 56 32 0 1 0 1 77 34 0 1 0 2 73
3/4 44 0 1 0 0 97 221 0 1 0 0 101 54 0 1 0 1 80 61 0 1 0 1 61 64 1 5 0 2 93 43 0 1 0 2 70 74 1 5 1 25 81
3/4 34 0 1 0 0 88 11 0 1 0 0 93 64 0 1 0 1 92 61 0 1 0 1 56 74 1 5 0 2 92 33 0 1 0 2 69 14 1 5 1 25 87
3/4 224 0 1 0 0 105 71 0 2 0 0 94 44 0 3 0 0 62 224 1 5 0 1 107 42 0 1 0 1 47 221 0 1 0 1 78 14 1 5 1 15 80 74 1 5 0 2 91 32 0 1 0 2 81 64 1 5 1 25 75
3/4 13 0 1 0 0 71 64 0 1 0 0 81 61 0 1 0 0 102 33 0 1 0 1 51 62 0 1 0 1 80 13 0 1 0 2 82
3/4 62 0 3 0 0 93 33 0 1 0 1 62 62 0 1 0 1 99 13 0 1 0 2 65
3/4 62 0 3 0 0 98 33 0 1 0 1 62 62 0 1 0 1 85 63 0 1 0 2 60 12 0 1 0 2 73
3/4 13 0 1 0 0 58 33 0 1 0 0 78 34 0 1 0 1 49 63 0 1 0 1 65 14 1 5 0 2 78 64 0 1 0 2 61 224 1 5 1 25 70
3/4 35 0 1 0 0 95 62 0 3 0 0 76 35 0 1 0 1 90 33 0 1 0 1 56 62 0 1 0 1 75 35 2 75 0 2 73
3/4 35 0 1 0 0 90 52 0 1 0 0 52 33 0 3 0 0 85 35 1 5 0 1 90 73 0 1 0 1 79 45 1 5 1 15 80 35 1 5 0 2 74 54 0 1 0 2 60 224 1 5 1 25 68
3/4 14 0 1 0 0 73 43 0 3 0 0 90 14 0 1 0 1 80 62 0 1 0 1 72 14 0 1 0 2 67 43 0 1 0 2 47
3/4 14 0 1 0 0 79 12 0 3 0 0 78 14 1 5 0 1 72 53 0 1 0 1 48 12 0 1 0 1 89 224 1 5 1 15 60 14 1 5 0 2 82 34 0 1 0 2 55 74 1 5 1 25 71
3/4 64 2 75 0 0 83 43 0 3 0 0 74 64 0 1 0 1 78 13 0 1 0 1 35 43 0 1 0 1 89 64 1 5 0 2 69 63 0 1 0 2 55 54 1 5 1 25 65
3/4 44 0 1 0 0 79 222 0 3 0 0 76 54 0 1 0 1 75 62 0 1 0 1 79 54 1 5 0 2 70 223 0 1 0 2 53 64 1 5 1 25 68
3/4 74 0 1 0 0 83 72 0 1 0 0 82 222 0 1 0 0 56 74 1 5 0 1 72 43 0 1 0 1 49 72 0 1 0 1 81 14 1 5 1 15 62 74 1 5 0 2 84 223 0 1 0 2 54 14 1 5 1 25 66
3/4 54 0 1 0 0 64 73 0 1 0 0 78 33 0 3 0 0 88 73 0 1 0 1 51 33 0 1 0 1 74 14 1 5 0 2 76 54 0 1 0 2 57 224 1 5 1 25 81
3/4 35 0 1 0 0 88 62 0 3 0 0 74 35 0 1 0 1 83 33 0 1 0 1 44 62 0 1 0 1 84 35 0 1 0 2 88 12 0 1 0 2 55
3/4 35 0 1 0 0 99 52 0 1 0 0 48 33 0 3 0 0 84 35 1 5 0 1 97 73 0 1 0 1 73 45 1 5 1 15 85 35 1 5 0 2 90 54 0 1 0 2 50 224 1 5 1 25 73
3/4 14 0 1 0 0 77 43 0 3 0 0 77 14 0 1 0 1 78 12 0 1 0 1 71 14 0 1 0 2 68 63 0 1 0 2 50
3/4 14 1 5 0 0 92 12 0 3 0 0 84 224 1 5 1 5 70 14 1 5 0 1 82 53 0 1 0 1 89 74 1 5 1 15 59 64 1 5 0 2 83 34 0 1 0 2 64 54 1 5 1 25 79
3/4 44 2 75 0 0 82 222 0 3 0 0 81 44 1 5 0 1 69 63 0 1 0 1 50 222 0 1 0 1 70 54 1 5 1 15 78 64 1 5 0 2 83 44 0 1 0 2 51 74 1 5 1 25 60
3/4 34 0 1 0 0 79 12 0 3 0 0 80 64 0 1 0 1 84 63 0 1 0 1 47 12 0 1 0 1 81 74 1 5 0 2 84 34 0 1 0 2 49 14 1 5 1 25 81
3/4 74 0 1 0 0 79 221 0 1 0 0 78 43 0 1 0 1 50 72 0 1 0 1 81 74 1 5 0 2 89 33 0 1 0 2 48 64 1 5 1 25 63
3/4 64 0 1 0 0 76 61 0 1 0 0 89 33 0 1 0 1 51 62 0 1 0 1 83 13 0 1 0 2 64
3/4 62 0 3 0 0 90 33 0 1 0 1 50 62 0 1 0 1 87 13 0 1 0 2 45
3/4 62 0 3 0 0 83 33 0 1 0 1 41 62 0 1 0 1 80 63 0 1 0 2 46 12 0 1 0 2 64
3/4 13 0 1 0 0 49 33 0 1 0 0 49 34 0 1 0 1 37 63 0 1 0 1 49 64 0 1 0 2 61 13 0 1 0 2 54
3/4 62 0 1 0 0 52 32 0 1 0 0 62 34 0 1 2 25 65 13 0 1 2 25 73
