4/4 614 0 1 2 375 63 24 0 1 2 375 58 55 0 1 2 375 47 15 0 1 2 375 54 46 0 1 2 375 51
4/4 614 0 1 0 0 66 24 0 1 0 0 46 55 0 1 0 0 56 15 0 1 0 0 46 46 0 1 0 0 45
4/4 52 3 667 0 0 66 22 1 5 1 5 65 73 1 5 0 1 61 54 1 5 1 15 52 44 1 5 0 2 64 613 1 15 1 25 69
4/4 613 0 4 0 0 58
4/4 52 3 667 0 0 56 33 1 5 1 5 69 73 1 5 0 1 64 54 1 5 1 15 54 44 1 5 0 2 71 613 1 15 1 25 52 45 1 5 1 35 71
4/4 55 0 4 0 0 55 613 0 4 0 0 66 13 0 1 0 1 58 73 0 1 0 2 74 613 0 1 0 3 59
4/4 32 1 5 0 0 53 53 0 4 0 0 65 12 1 5 1 5 72 73 1 5 0 1 64 44 1 5 1 15 63 34 1 5 0 2 56 53 1 15 1 25 48
4/4 42 3 667 0 0 69 12 1 5 1 5 64 73 1 5 0 1 68 44 1 5 1 15 53 34 1 5 0 2 61 613 1 15 1 25 52
4/4 52 3 667 0 0 61 25 0 1 1 5 60 22 0 1 1 5 54 55 0 1 0 1 71 73 0 1 0 1 55 15 1 25 1 15 55 54 1 5 1 15 71 44 1 5 0 2 69 613 1 15 1 25 72
4/4 15 1 5 0 0 65 613 0 4 0 0 71 75 1 5 1 5 65 24 1 5 0 1 68 55 1 25 1 15 64
4/4 52 3 667 0 0 67 25 0 1 1 5 55 33 0 1 1 5 65 15 0 1 0 1 64 73 0 1 0 1 54 25 0 1 1 15 60 54 0 1 1 15 67 56 0 1 0 2 72 44 0 1 0 2 71 25 1 15 1 25 53 613 1 15 1 25 68
4/4 25 1 15 0 0 56 613 0 4 0 0 52 15 1 5 1 15 55 25 0 1 0 2 62 15 3 333 0 3 60 75 3 333 3 3333 66 615 3 333 3 3667 66
4/4 55 0 3 0 0 58 32 3 667 0 0 51 12 1 5 1 5 64 73 1 5 0 1 54 44 1 5 1 15 65 34 1 5 0 2 71 53 1 15 1 25 53 45 1 5 1 35 56
4/4 55 0 1 0 0 60 42 0 1 0 0 56 24 1 35 1 5 63 12 1 5 1 5 61 73 1 5 0 1 68 44 1 5 1 15 72 34 1 5 0 2 71 613 1 15 1 25 60
4/4 613 0 1 0 0 72 24 0 1 0 0 52 75 0 2 0 1 59 25 0 1 0 3 62
4/4 75 0 4 0 0 64 36 0 2 0 0 53 46 0 2 0 2 54
4/4 55 0 2 0 0 60 75 2 25 0 0 63 46 0 3 0 1 54 55 0 1 0 2 51 65 0 1 0 2 55
4/4 36 0 2 0 0 53 55 0 1 0 0 51 65 0 1 0 0 61 55 0 1 0 2 47 65 0 1 0 2 50 25 0 1 0 2 56
4/4 72 3 667 0 0 60 43 1 5 1 5 52 13 1 5 0 1 56 64 1 25 1 15 69 45 0 1 1 35 69 35 0 1 1 35 72 224 2 25 2 375 69
4/4 14 0 3 0 0 53 72 3 667 0 0 57 523 1 5 1 5 56 13 1 5 0 1 72 64 1 15 1 15 58 34 0 1 0 3 64 35 1 5 1 35 53
4/4 65 0 4 0 0 55 72 0 1 0 0 45 713 0 1 0 0 72 63 1 5 1 5 63 713 1 5 0 1 52 64 1 25 1 15 57
4/4 72 0 1 0 0 62 613 0 1 0 0 65 523 1 5 1 5 53 13 1 5 0 1 56 614 1 25 1 15 65
4/4 46 0 1 0 0 35 76 0 1 0 0 64 55 0 1 0 0 48 15 0 1 0 0 64 36 0 1 0 2 50 66 0 1 0 2 65 45 0 1 0 2 44 75 0 1 0 2 60 225 0 1 0 3 46 526 0 1 0 3 53
4/4 15 0 1 0 0 27 46 0 1 0 0 46 315 0 1 0 0 31 615 0 1 0 0 44
4/4 36 0 1 0 0 50 66 0 1 0 0 53 45 0 1 0 0 37 75 0 1 0 0 61 225 0 1 0 2 42 526 0 1 0 2 55 35 0 1 0 2 41 65 0 1 0 2 49 715 0 1 0 3 39 316 0 1 0 3 64
4/4 75 0 1 0 0 27 36 0 1 0 0 59 24 0 1 0 0 28 55 0 1 0 0 58
4/4 225 0 1 0 0 46 526 0 1 0 0 49 74 0 1 0 0 45 35 0 1 0 0 47 65 0 1 0 0 45 715 0 1 0 2 49 316 0 1 0 2 62 64 0 1 0 2 40 224 0 1 0 2 29 525 0 1 0 2 45
4/4 54 0 1 0 0 33 14 0 1 0 0 36 45 0 1 0 0 51 75 0 1 0 0 42 36 0 1 0 0 65
4/4 524 0 1 0 0 56 714 0 1 0 0 45 315 0 1 0 0 56 65 0 1 0 0 61 36 0 1 0 0 42
4/4 55 1 15 0 0 30 75 0 2 0 0 28 36 0 4 0 0 45 44 3 667 0 0 46 224 1 5 1 5 43 55 0 3 0 1 42 75 1 25 1 15 14 314 0 1 2 175 32 55 0 1 2 175 26 75 0 1 2 175 37 36 0 1 2 175 52
4/4 74 0 1 0 0 38 75 0 1 0 0 47 62 0 1 0 0 53 714 0 1 1 5 42 715 0 1 1 5 58 33 0 1 1 5 54 74 0 1 0 1 40 75 0 1 0 1 48 73 0 1 0 1 54 714 0 1 1 15 40 715 0 1 1 15 60 524 0 1 1 15 43 74 0 1 0 2 45 75 0 1 0 2 64 314 0 1 0 2 56 714 0 1 1 25 32 715 0 1 1 25 59 63 1 15 1 25 43 74 0 1 0 3 36 75 0 1 0 3 54 714 0 1 1 35 39 715 0 1 1 35 57
4/4 525 0 1 0 0 44 526 0 1 0 0 56 522 0 1 0 0 41 714 0 1 1 5 43 715 0 1 1 5 46 222 0 1 1 5 46 74 0 1 0 1 36 75 0 1 0 1 61 73 0 1 0 1 43 714 0 1 1 15 37 715 0 1 1 15 57 524 0 1 1 15 55 525 0 1 0 2 38 526 0 1 0 2 48 314 0 1 0 2 39 714 0 1 1 25 50 715 0 1 1 25 51 63 1 15 1 25 43 74 0 1 0 3 44 75 0 1 0 3 52 714 0 1 1 35 35 715 0 1 1 35 54
4/4 525 0 1 0 0 35 526 0 1 0 0 52 312 0 1 0 0 41 714 0 1 1 5 32 715 0 1 1 5 50 712 0 1 1 5 47 74 0 1 0 1 40 75 0 1 0 1 58 73 0 1 0 1 48 714 0 1 1 15 32 715 0 1 1 15 48 524 0 1 1 15 41 525 0 1 0 2 45 526 0 1 0 2 58 314 0 1 0 2 42 714 0 1 1 25 41 715 0 1 1 25 60 63 1 15 1 25 40 74 0 1 0 3 31 75 0 1 0 3 65 714 0 1 1 35 42 715 0 1 1 35 49
4/4 525 0 1 0 0 57 526 0 1 0 0 72 32 0 1 0 0 64 714 0 1 1 5 59 715 0 1 1 5 80 72 0 1 1 5 74 74 0 1 0 1 61 75 0 1 0 1 90 73 0 1 0 1 82 714 0 1 1 15 75 715 0 1 1 15 76 524 0 1 1 15 66 525 0 1 0 2 62 526 0 1 0 2 72 314 0 1 0 2 70 714 0 1 1 25 71 715 0 1 1 25 81 53 1 15 1 25 71 74 0 1 0 3 66 75 0 1 0 3 72 714 0 1 1 35 72 715 0 1 1 35 66
4/4 74 0 1 0 0 36 75 0 1 0 0 63 53 2 375 0 0 71 714 0 1 1 5 30 715 0 1 1 5 50 74 0 1 0 1 32 75 0 1 0 1 42 714 0 1 1 15 26 715 0 1 1 15 43 74 0 1 0 2 25 75 0 1 0 2 35 714 0 1 1 25 33 715 0 1 1 25 36 74 0 1 0 3 23 75 0 1 0 3 38 714 0 1 1 35 11 715 0 1 1 35 25
4/4 32 0 1 0 0 47 72 0 1 0 0 62 73 0 1 0 0 45 223 0 3 0 1 58
4/4 42 0 1 0 0 40 12 0 1 0 0 63 13 0 2 0 0 46 63 0 2 0 2 48
4/4 52 0 1 0 0 34 22 0 1 0 0 57 73 0 2 0 0 46 73 1 15 2 175 31 23 0 1 0 2 33 54 0 1 0 2 54
4/4 52 3 667 0 0 48 22 1 5 1 5 40 73 1 5 0 1 40 54 1 5 1 15 58 44 1 5 0 2 47 613 1 15 1 25 42 24 1 5 1 35 47
4/4 615 2 325 0 0 39 613 0 4 0 0 53 54 0 1 0 3 55
4/4 52 3 667 0 0 45 54 0 1 0 0 42 33 1 5 1 5 57 614 0 1 0 1 43 73 0 1 0 1 52 54 1 5 1 15 55 44 1 5 0 2 45 613 1 15 1 25 55 55 1 5 1 35 54
4/4 45 0 1 0 0 34 15 0 1 0 0 52 613 0 4 0 0 54 24 0 1 0 2 53 46 0 1 0 3 39
4/4 14 0 1 0 0 28 25 0 1 0 0 53 32 3 667 0 0 47 12 1 5 1 5 53 73 1 5 0 1 51 44 1 5 1 15 41 34 1 5 0 2 59 53 1 15 1 25 37 15 1 5 1 35 47
4/4 25 0 1 0 0 55 42 0 1 0 0 58 55 1 35 1 5 48 12 1 5 1 5 55 73 1 5 0 1 43 44 1 5 1 15 59 34 1 5 0 2 54 613 1 15 1 25 42
4/4 45 0 1 0 0 41 46 0 1 0 0 45 52 3 667 0 0 58 22 1 5 1 5 40 73 1 5 0 1 50 54 1 5 1 15 52 44 1 5 0 2 58 613 1 15 1 25 44
4/4 55 0 1 0 0 45 56 0 1 0 0 63 613 0 4 0 0 51 615 0 1 0 2 32 616 0 1 0 2 52 75 0 1 0 3 37 76 0 1 0 3 61
4/4 15 0 1 0 0 37 16 0 1 0 0 43 52 3 667 0 0 40 22 1 5 1 5 54 73 1 5 0 1 58 54 1 5 1 15 39 44 1 5 0 2 58 613 1 15 1 25 57
4/4 25 0 1 0 0 37 26 0 1 0 0 54 613 0 4 0 0 57
4/4 32 3 667 0 0 56 25 0 1 0 0 34 26 0 1 0 0 51 12 1 5 1 5 55 73 1 5 0 1 39 44 1 5 1 15 45 34 1 5 0 2 50 15 0 1 3 2333 33 16 0 1 3 2333 52 53 1 15 1 25 40 46 0 1 0 3 46 47 0 1 0 3 46 25 0 1 3 3333 37 26 0 1 3 3333 56
4/4 55 0 1 0 0 36 56 0 1 0 0 58 42 3 667 0 0 50 12 1 5 1 5 45 73 1 5 0 1 57 44 1 5 1 15 40 615 0 1 0 2 29 616 0 1 0 2 50 34 1 5 0 2 57 613 1 15 1 25 41
4/4 52 3 667 0 0 46 25 0 1 1 5 45 22 0 1 1 5 41 55 0 1 0 1 53 73 0 1 0 1 52 15 1 25 1 15 42 54 1 5 1 15 40 44 1 5 0 2 52 613 1 15 1 25 41
4/4 15 1 5 0 0 59 613 0 4 0 0 44 75 1 5 1 5 43 24 1 5 0 1 45 55 1 25 1 15 49
4/4 52 1 5 0 0 54 25 0 1 1 5 59 22 0 1 1 5 49 15 0 1 0 1 52 73 0 1 0 1 41 25 0 1 1 15 45 54 0 1 1 15 52 56 0 1 0 2 47 44 0 1 0 2 58 25 1 15 1 25 47 613 1 15 1 25 53
4/4 615 0 1 0 0 49 46 0 1 0 0 56 613 0 4 0 0 44 15 1 5 1 15 56 25 0 1 0 2 45 15 3 333 0 3 59 75 3 333 3 3333 47 615 2 25 3 3667 39
4/4 55 0 3 0 0 50 32 3 667 0 0 38 12 1 5 1 5 52 73 1 5 0 1 55 44 1 5 1 15 43 34 1 5 0 2 49 53 1 15 1 25 38 45 1 5 1 35 48
4/4 55 0 1 0 0 52 42 0 1 0 0 55 24 1 15 1 5 38 12 1 5 1 5 58 73 1 5 0 1 53 44 1 5 1 15 51 55 0 1 0 2 44 15 0 1 0 2 60 34 1 5 0 2 43 613 1 15 1 25 51
4/4 75 0 1 0 0 27 25 0 1 0 0 51 55 1 5 1 5 28 15 0 1 0 1 35 36 0 1 0 1 32 55 1 5 1 15 44 25 0 1 0 2 28 46 0 1 0 2 52 55 1 5 1 25 38 15 0 1 0 3 26 36 0 1 0 3 34 55 1 5 1 35 38
4/4 75 0 1 0 0 20 25 0 1 0 0 37 55 1 5 1 5 43 615 0 1 0 1 20 15 0 1 0 1 50 55 1 5 1 15 30 75 0 1 0 2 24 25 0 1 0 2 33 55 1 5 1 25 31 55 0 1 0 3 35 75 0 1 0 3 35 55 1 5 1 35 35
4/4 615 0 1 0 0 24 15 0 1 0 0 45 55 1 5 1 5 46 75 0 1 0 1 19 25 0 1 0 1 48 55 1 5 1 15 30 25 0 1 0 2 29 46 0 1 0 2 35 55 1 5 1 25 32 36 0 1 0 3 35 56 0 1 0 3 49 55 1 5 1 35 27
4/4 25 0 1 0 0 26 46 0 1 0 0 32 55 1 5 1 5 36 75 0 1 0 1 22 25 0 1 0 1 42 55 1 5 1 15 38 615 0 1 0 2 23 15 0 1 0 2 36 55 1 5 1 25 36 25 0 1 0 3 33 46 0 1 0 3 32 55 1 5 1 35 33
4/4 75 0 1 0 0 36 25 0 1 0 0 54 52 0 1 0 0 54 55 0 1 1 5 46 22 0 1 1 5 51 15 0 1 0 1 50 36 0 1 0 1 60 73 0 1 0 1 53 55 0 1 1 15 53 54 0 1 1 15 43 25 0 1 0 2 47 46 0 1 0 2 56 44 0 1 0 2 40 55 1 5 1 25 43 613 1 15 1 25 55 15 0 1 0 3 51 36 0 1 0 3 56 55 1 5 1 35 52
4/4 75 0 1 0 0 31 25 0 1 0 0 62 613 0 4 0 0 52 55 1 5 1 5 46 615 0 1 0 1 48 15 0 1 0 1 48 55 1 5 1 15 49 75 0 1 0 2 35 25 0 1 0 2 54 55 1 5 1 25 51 55 0 1 0 3 50 75 0 1 0 3 50 55 1 5 1 35 42
4/4 615 0 1 0 0 51 15 0 1 0 0 52 52 0 1 0 0 56 55 0 1 1 5 53 33 0 1 1 5 41 75 0 1 0 1 35 25 0 1 0 1 57 73 0 1 0 1 58 55 0 1 1 15 57 54 0 1 1 15 54 25 0 1 0 2 45 46 0 1 0 2 64 44 0 1 0 2 57 55 1 5 1 25 53 613 1 15 1 25 51 36 0 1 0 3 38 56 0 1 0 3 48 55 1 5 1 35 58
4/4 25 0 1 0 0 49 46 0 1 0 0 47 613 0 4 0 0 44 55 1 5 1 5 59 75 0 1 0 1 45 25 0 1 0 1 52 55 1 5 1 15 53 615 0 1 0 2 35 15 0 1 0 2 58 55 1 5 1 25 52 25 0 1 0 3 48 46 0 1 0 3 59 55 1 5 1 35 38
4/4 75 0 1 0 0 41 25 0 1 0 0 65 32 0 1 0 0 37 55 0 1 1 5 54 12 0 1 1 5 58 615 0 1 0 1 39 15 0 1 0 1 52 73 0 1 0 1 43 55 0 1 1 15 47 44 0 1 1 15 56 75 0 1 0 2 46 25 0 1 0 2 51 34 0 1 0 2 51 55 1 5 1 25 45 53 1 15 1 25 52 25 0 1 0 3 45 46 0 1 0 3 55 55 1 5 1 35 50
4/4 46 0 1 0 0 46 616 0 1 0 0 60 42 0 1 0 0 71 55 0 1 1 5 42 12 0 1 1 5 71 36 0 1 0 1 39 56 0 1 0 1 64 73 0 1 0 1 58 55 0 1 1 15 57 44 0 1 1 15 69 25 0 1 0 2 36 46 0 1 0 2 51 34 0 1 0 2 63 523 0 2 0 2 76 55 1 5 1 25 51 613 3 1333 1 25 77 15 0 1 0 3 48 36 0 1 0 3 62 55 1 5 1 35 35
4/4 55 0 1 0 0 41 15 0 1 0 0 43 46 0 1 0 0 55 24 0 1 0 0 52 45 0 1 1 5 32 615 0 1 1 5 34 25 0 1 1 5 50 14 0 1 1 5 37 15 0 1 0 2 31 616 0 1 0 2 56 614 0 1 0 2 35 45 0 1 0 2 35 55 0 1 0 2 52 15 0 1 1 25 45 25 0 1 1 25 47
4/4 54 0 1 0 0 34 14 0 1 0 0 47 24 0 1 0 0 53 52 1 5 0 2 52 22 1 5 1 25 41 73 1 5 0 3 56 54 1 5 1 35 48
4/4 44 3 667 0 0 44 613 1 35 1 5 59 14 1 5 0 1 43 45 1 5 1 15 40 15 0 1 0 2 27 16 0 1 0 2 60
