4/4
4/4
4/4
4/4
4/4 56 1 5 1 5 95 56 1 5 0 1 95 56 1 5 1 15 95 56 1 5 0 2 95 46 1 5 1 25 95 56 1 5 0 3 95 16 1 5 1 35 95
4/4 56 1 5 0 0 95 46 3 3333 1 5 95
4/4 46 1 5 1 5 95 46 1 5 0 1 95 46 1 5 1 15 95 46 1 5 0 2 95 36 1 5 1 25 95 46 1 5 0 3 95 76 1 5 1 35 95
4/4 46 1 5 0 0 95 36 1 5 1 5 95 25 1 5 0 1 95 36 3 1333 1 15 95 15 2 25 1 35 95 25 2 25 2 375 95
4/4 36 1 5 0 0 95 36 1 5 1 5 95 36 1 5 0 1 95 36 1 5 1 15 95 36 0 1 0 2 95 15 2 25 1 35 95 25 2 25 2 375 95
4/4 36 1 5 0 0 95 36 1 5 1 5 95 36 1 5 0 1 95 36 1 5 1 15 95 25 2 75 0 2 95 36 2 25 2 275 95 15 2 25 1 35 95 25 2 25 2 375 95
4/4 36 3 667 0 0 95 36 3 667 3 667 95 36 3 667 3 1333 95 36 3 667 0 2 95 76 3 667 3 2667 95 36 3 667 3 3333 95
4/4 46 2 175 0 0 95 56 0 1 0 2 95 66 0 1 0 3 95
4/4 76 1 5 0 0 95 76 1 5 1 5 95 76 1 5 0 1 95 76 1 5 1 15 95 76 1 5 0 2 95 66 1 5 1 25 95 56 1 5 0 3 95 46 1 5 1 35 95
4/4 46 1 5 0 0 95 56 1 5 1 5 95 36 2 175 0 1 95 56 1 5 0 3 95 66 1 5 1 35 95
4/4 76 1 5 0 0 95 76 1 5 1 5 95 76 1 5 0 1 95 76 1 5 1 15 95 76 1 5 0 2 95 66 1 5 1 25 95 56 1 5 0 3 95 46 1 5 1 35 95
4/4 46 1 5 0 0 95 56 2 225 1 5 95 36 1 5 0 3 95 46 1 5 1 35 95
4/4 56 1 15 0 0 95 15 1 5 1 15 95 36 0 2 0 2 95
4/4 36 2 175 0 0 95 16 1 5 0 3 95 26 1 5 1 35 95
4/4 37 1 5 0 0 95 37 1 5 1 5 95 47 1 5 0 1 95 37 1 5 1 15 95 26 0 1 0 2 95 56 1 5 0 3 95 76 1 5 1 35 95
4/4 16 1 5 0 0 95 16 1 5 1 5 95 76 1 5 0 1 95 66 1 5 1 15 95 76 2 175 0 2 95
4/4 76 1 5 0 0 95 66 1 5 1 5 95 66 1 5 0 1 95 526 1 5 1 15 95 66 0 1 0 2 95 36 1 5 0 3 95 66 1 5 1 35 95
4/4 76 1 15 0 0 95 716 1 5 1 15 95 76 0 1 0 2 95 16 1 5 0 3 95 26 1 5 1 35 95
4/4 37 1 5 0 0 95 37 1 5 1 5 95 47 1 5 0 1 95 37 1 5 1 15 95 26 0 1 0 2 95 56 1 5 0 3 95 76 1 5 1 35 95
4/4 16 1 5 0 0 95 16 1 5 1 5 95 76 1 5 0 1 95 66 1 5 1 15 95 76 2 175 0 2 95
4/4 76 1 5 0 0 95 66 1 5 1 5 95 66 1 5 0 1 95 526 1 5 1 15 95 66 0 1 0 2 95 76 1 5 0 3 95 716 1 5 1 35 95
4/4 226 1 5 0 0 95 716 1 5 1 5 95 716 1 5 0 1 95 76 1 5 1 15 95 716 0 1 0 2 95 76 3 333 0 3 95 716 3 333 3 3333 95 226 3 333 3 3667 95
4/4 37 2 275 0 0 95 16 1 5 0 3 95 26 1 5 1 35 95
4/4 37 2 225 0 0 95 37 1 5 1 25 95 26 1 5 0 3 95 37 1 5 1 35 95
4/4 47 2 175 0 0 95 76 1 5 1 25 95 37 1 5 0 3 95 26 1 5 1 35 95
4/4 37 2 375 0 0 95
4/4
4/4
4/4
4/4
4/4 56 1 5 1 5 95 56 1 5 0 1 95 56 1 5 1 15 95 56 1 5 0 2 95 46 1 5 1 25 95 56 1 5 0 3 95 16 1 5 1 35 95
4/4 56 1 5 0 0 95 46 3 3333 1 5 95
4/4 46 1 5 1 5 95 46 1 5 0 1 95 46 1 5 1 15 95 46 1 5 0 2 95 36 1 5 1 25 95 46 1 5 0 3 95 76 1 5 1 35 95
4/4 46 1 5 0 0 95 36 1 5 1 5 95 25 1 5 0 1 95 36 3 1333 1 15 95 15 2 25 1 35 95 25 2 25 2 375 95
4/4 36 1 5 0 0 95 36 1 5 1 5 95 36 1 5 0 1 95 36 1 5 1 15 95 36 0 1 0 2 95 15 2 25 1 35 95 25 2 25 2 375 95
4/4 36 1 5 0 0 95 36 1 5 1 5 95 36 1 5 0 1 95 36 1 5 1 15 95 25 2 75 0 2 95 36 2 25 2 275 95 15 2 25 1 35 95 25 2 25 2 375 95
4/4 36 3 667 0 0 95 36 3 667 3 667 95 36 3 667 3 1333 95 36 3 667 0 2 95 76 3 667 3 2667 95 36 3 667 3 3333 95
4/4 46 2 175 0 0 95 56 0 1 0 2 95 66 0 1 0 3 95
4/4 76 1 5 0 0 95 76 1 5 1 5 95 76 1 5 0 1 95 76 1 5 1 15 95 76 1 5 0 2 95 66 1 5 1 25 95 56 1 5 0 3 95 46 1 5 1 35 95
4/4 46 1 5 0 0 95 56 1 5 1 5 95 36 2 175 0 1 95 56 1 5 0 3 95 66 1 5 1 35 95
4/4 76 1 5 0 0 95 76 1 5 1 5 95 76 1 5 0 1 95 76 1 5 1 15 95 76 1 5 0 2 95 66 1 5 1 25 95 56 1 5 0 3 95 46 1 5 1 35 95
4/4 46 1 5 0 0 95 56 2 225 1 5 95 36 1 5 0 3 95 46 1 5 1 35 95
4/4 56 1 15 0 0 95 15 1 5 1 15 95 36 0 2 0 2 95
4/4 36 2 175 0 0 95 16 1 5 0 3 95 26 1 5 1 35 95
4/4 37 1 5 0 0 95 37 1 5 1 5 95 47 1 5 0 1 95 37 1 5 1 15 95 26 0 1 0 2 95 56 1 5 0 3 95 76 1 5 1 35 95
4/4 16 1 5 0 0 95 16 1 5 1 5 95 76 1 5 0 1 95 66 1 5 1 15 95 76 2 175 0 2 95
4/4 76 1 5 0 0 95 66 1 5 1 5 95 66 1 5 0 1 95 526 1 5 1 15 95 66 0 1 0 2 95 36 1 5 0 3 95 66 1 5 1 35 95
4/4 76 1 15 0 0 95 716 1 5 1 15 95 76 0 1 0 2 95 16 1 5 0 3 95 26 1 5 1 35 95
4/4 37 1 5 0 0 95 37 1 5 1 5 95 47 1 5 0 1 95 37 1 5 1 15 95 26 0 1 0 2 95 56 1 5 0 3 95 76 1 5 1 35 95
4/4 16 1 5 0 0 95 16 1 5 1 5 95 76 1 5 0 1 95 66 1 5 1 15 95 76 2 175 0 2 95
4/4 76 1 5 0 0 95 66 1 5 1 5 95 66 1 5 0 1 95 526 1 5 1 15 95 66 0 1 0 2 95 76 1 5 0 3 95 716 1 5 1 35 95
4/4 226 1 5 0 0 95 716 1 5 1 5 95 716 1 5 0 1 95 76 1 5 1 15 95 716 0 1 0 2 95 76 3 333 0 3 95 716 3 333 3 3333 95 226 3 333 3 3667 95
4/4 37 2 275 0 0 95 16 1 5 0 3 95 26 1 5 1 35 95
4/4 37 2 225 0 0 95 37 1 5 1 25 95 26 1 5 0 3 95 37 1 5 1 35 95
4/4 47 2 175 0 0 95 76 1 5 1 25 95 37 1 5 0 3 95 26 1 5 1 35 95
4/4 37 2 375 0 0 95
4/4
4/4
4/4
4/4
4/4
4/4
4/4 16 1 5 0 3 95 26 1 5 1 35 95
4/4 37 1 5 0 0 95 37 1 5 1 5 95 47 1 5 0 1 95 37 1 5 1 15 95 26 0 1 0 2 95 56 1 5 0 3 95 76 1 5 1 35 95
4/4 16 1 5 0 0 95 16 1 5 1 5 95 76 1 5 0 1 95 66 1 5 1 15 95 76 2 175 0 2 95
4/4 76 1 5 0 0 95 66 1 5 1 5 95 66 1 5 0 1 95 526 1 5 1 15 95 66 0 1 0 2 95 36 1 5 0 3 95 66 1 5 1 35 95
4/4 76 1 15 0 0 95 716 1 5 1 15 95 76 0 1 0 2 95 16 1 5 0 3 95 26 1 5 1 35 95
4/4 37 1 5 0 0 95 37 1 5 1 5 95 47 1 5 0 1 95 37 1 5 1 15 95 26 0 1 0 2 95 56 1 5 0 3 95 76 1 5 1 35 95
4/4 16 1 5 0 0 95 16 1 5 1 5 95 76 1 5 0 1 95 66 1 5 1 15 95 76 2 175 0 2 95
4/4 76 1 5 0 0 95 66 1 5 1 5 95 66 1 5 0 1 95 526 1 5 1 15 95 66 0 1 0 2 95 76 1 5 0 3 95 716 1 5 1 35 95
4/4 226 1 5 0 0 95 716 1 5 1 5 95 716 1 5 0 1 95 76 1 5 1 15 95 716 0 1 0 2 95 76 3 333 0 3 95 716 3 333 3 3333 95 226 3 333 3 3667 95
4/4 37 2 275 0 0 95 16 1 5 0 3 95 26 1 5 1 35 95
4/4 37 2 225 0 0 95 37 1 5 1 25 95 26 1 5 0 3 95 37 1 5 1 35 95
4/4 47 2 175 0 0 95 76 1 5 1 25 95 37 1 5 0 3 95 26 1 5 1 35 95
4/4 37 2 125 0 0 95 56 1 5 1 15 95 56 1 5 0 2 95 46 1 5 1 25 95 56 1 5 0 3 95 16 1 5 1 35 95
4/4 56 1 5 0 0 95 46 1 5 1 5 95 46 2 275 0 1 95
4/4 56 1 5 0 0 95 46 3 3333 1 5 95
4/4 46 1 5 1 5 95 46 1 5 0 1 95 46 1 5 1 15 95 46 1 5 0 2 95 36 1 5 1 25 95 46 1 5 0 3 95 76 1 5 1 35 95
4/4 46 1 5 0 0 95 36 1 5 1 5 95 25 1 5 0 1 95 36 3 1333 1 15 95 15 2 25 1 35 95 25 2 25 2 375 95
4/4 36 1 5 0 0 95 36 1 5 1 5 95 36 1 5 0 1 95 36 1 5 1 15 95 36 3 667 0 2 95 25 3 667 3 2667 95 15 3 667 3 3333 95
4/4 15 0 1 0 0 95 75 2 175 0 1 95 15 2 75 0 3 95 36 2 25 2 375 95
4/4 15 0 1 0 0 95 75 2 275 0 1 95
