4/4 53 0 2 0 2 65
4/4 55 0 4 0 0 55 23 0 4 0 0 65 53 0 4 0 0 72
4/4 73 0 2 0 0 73 55 1 15 0 0 67 53 0 8 0 0 65 24 1 5 1 15 55 54 3 667 0 2 73 13 0 2 0 2 55 14 3 667 3 2667 69 54 3 667 3 3333 74
4/4 44 0 3 0 0 56 13 0 2 0 0 69 23 0 2 0 2 65 54 2 25 1 35 60 614 2 25 2 375 67
4/4 74 1 35 0 0 64 12 0 1 0 0 68 33 0 1 0 0 74 52 0 1 0 0 57 54 1 5 1 35 72
4/4 24 1 5 0 0 62 22 0 1 0 0 66 43 0 1 0 0 54 612 0 1 0 0 71 14 1 35 1 5 66
4/4 53 0 1 0 0 66 72 0 1 0 0 74 24 1 5 1 5 57 54 1 5 0 1 72 14 1 25 1 15 54
4/4 53 0 1 0 0 57 72 0 1 0 0 58 74 1 5 1 5 73 23 1 5 0 1 59 614 1 25 1 15 62
4/4 53 1 5 0 0 66 52 0 1 0 0 68 71 0 1 0 0 57 53 1 5 1 5 71 53 1 5 0 1 62 613 1 5 1 15 56 613 1 15 0 2 57 52 0 1 0 2 62 11 0 1 0 2 70 613 1 5 1 35 70
4/4 73 0 1 0 0 63 52 0 1 0 0 58 32 0 1 0 0 66 613 0 1 0 1 73 43 1 15 0 2 73 52 0 1 0 2 64 11 0 1 0 2 59 22 1 5 1 35 70
4/4 53 0 1 0 0 68 52 0 1 0 0 70 71 0 1 0 0 71 52 0 1 0 2 66 71 0 1 0 2 63 53 1 5 1 25 67 53 1 5 0 3 74 23 1 5 1 35 60
4/4 23 0 1 0 0 68 11 0 1 0 0 70 32 0 1 0 0 57 71 0 1 0 0 71 11 0 1 0 2 55 32 0 1 0 2 68 71 0 1 0 2 66 53 1 5 1 25 71 53 1 5 0 3 57 23 1 5 1 35 70
4/4 23 1 5 0 0 59 42 0 1 0 0 71 611 0 1 0 0 61 13 1 25 1 5 68 42 0 1 0 2 65 611 0 1 0 2 59 613 1 5 0 3 64 73 1 5 1 35 54
2/4 613 1 15 0 0 72 42 0 1 0 0 62 611 0 1 0 0 65 43 1 5 1 15 60
4/4 53 0 3 0 0 58 22 1 5 1 5 61 52 1 5 0 1 58 12 1 5 1 15 54 72 1 5 0 2 55 21 1 5 1 25 69 53 0 1 0 3 62 51 0 1 0 3 57 613 0 1 1 35 73 41 0 1 1 35 61
4/4 73 0 1 0 0 71 32 0 1 0 0 64 51 0 1 0 0 58 613 1 5 0 1 73 73 1 5 1 15 63 13 0 1 0 2 71 32 0 1 0 2 57 611 0 1 0 2 66 73 1 5 0 3 56 13 1 5 1 35 69
4/4 23 0 1 0 0 58 21 0 1 0 0 56 42 0 1 0 0 71 11 0 1 0 0 66 13 1 5 0 1 67 23 1 5 1 15 54 34 0 1 0 2 70 221 0 1 0 2 56 42 0 1 0 2 70 711 0 1 0 2 73 34 1 5 1 35 56
4/4 23 1 5 0 0 56 11 0 1 0 0 60 32 0 1 0 0 62 51 0 1 0 0 64 53 1 5 1 5 62 53 1 5 0 1 57 23 1 5 1 15 61 13 1 15 0 2 70 21 0 1 0 2 68 42 0 1 0 2 66 611 0 1 0 2 54 43 1 5 1 35 71
4/4 53 0 4 0 0 55 52 0 1 0 0 54 11 0 1 0 0 66 52 0 1 0 2 54 711 0 1 0 2 56
4/4 62 0 1 0 0 65 11 0 1 0 0 70 53 0 1 1 5 60 62 0 1 1 5 60 11 0 1 1 5 70 73 1 5 0 1 70 53 0 1 1 15 58 62 0 1 1 15 62 11 0 1 1 15 69 43 0 1 0 2 67 62 0 1 0 2 66 11 0 1 0 2 54 33 0 1 1 25 71 62 0 1 1 25 69 11 0 1 1 25 60 12 1 5 0 3 65 53 0 1 1 35 74 62 0 1 1 35 64 11 0 1 1 35 66
4/4 53 1 15 0 0 55 52 0 1 0 0 60 71 0 1 0 0 64 52 0 1 1 5 64 71 0 1 1 5 69 43 0 1 1 15 68 52 0 1 1 15 71 71 0 1 1 15 56 53 2 25 2 175 58 73 0 1 0 2 58 52 0 1 0 2 60 71 0 1 0 2 54 13 0 1 1 25 60 52 0 1 1 25 60 71 0 1 1 25 65 73 2 125 2 275 61 52 0 1 1 35 73 71 0 1 1 35 57
4/4 62 0 1 0 0 61 11 0 1 0 0 59 53 0 1 1 5 64 62 0 1 1 5 61 11 0 1 1 5 70 73 1 5 0 1 58 53 0 1 1 15 58 62 0 1 1 15 72 11 0 1 1 15 61 43 0 1 0 2 74 62 0 1 0 2 63 11 0 1 0 2 56 33 0 1 1 25 54 62 0 1 1 25 57 11 0 1 1 25 54 12 1 5 0 3 64 53 0 1 1 35 56 62 0 1 1 35 58 11 0 1 1 35 59 53 2 25 2 375 57
4/4 52 0 1 0 0 69 71 0 1 0 0 61 53 0 1 0 0 57 52 0 1 1 5 61 71 0 1 1 5 70 43 0 1 1 15 54 52 0 1 1 15 66 71 0 1 1 15 66 53 2 25 2 175 59 73 0 1 0 2 63 52 0 1 0 2 56 71 0 1 0 2 64 13 2 25 2 225 67 73 0 1 1 25 71 52 0 1 1 25 64 71 0 1 1 25 72 53 0 1 1 35 73 52 0 1 1 35 73 71 0 1 1 35 59 73 2 25 2 375 55
4/4 13 0 1 0 0 73 42 0 1 0 0 54 61 0 1 0 0 59 13 0 1 1 5 69 42 0 1 1 5 65 61 0 1 1 5 72 13 1 15 0 1 60 42 0 1 1 15 65 61 0 1 1 15 55 42 0 1 0 2 65 61 0 1 0 2 67 73 0 1 1 25 67 42 0 1 1 25 59 61 0 1 1 25 62 73 1 5 0 3 69 13 0 1 1 35 71 42 0 1 1 35 71 61 0 1 1 35 58
4/4 23 0 3 0 0 58 52 0 1 0 0 61 71 0 1 0 0 55 52 0 1 1 5 63 71 0 1 1 5 73 52 0 1 1 15 54 71 0 1 1 15 62 52 0 1 0 2 68 71 0 1 0 2 54 52 0 1 1 25 70 71 0 1 1 25 61 53 0 1 1 35 66 52 0 1 1 35 74 71 0 1 1 35 65
4/4 34 1 5 0 0 69 12 1 15 0 0 72 23 1 5 1 5 71 73 1 5 0 1 71 53 0 1 1 15 74 11 0 1 1 15 55 73 1 5 0 2 71 52 0 1 0 2 67 21 0 1 0 2 70 13 1 5 1 25 68 73 1 5 0 3 74 13 1 5 1 35 65 52 0 1 1 35 61 21 0 1 1 35 65
4/4 62 0 1 0 0 54 32 0 1 0 0 60 13 0 3 0 0 57 62 0 1 1 15 68 32 0 1 1 15 67 72 0 1 0 2 67 21 0 1 0 2 58 72 0 1 1 25 67 21 0 1 1 25 69 53 0 1 1 35 55 72 0 1 1 35 66 21 0 1 1 35 71
4/4 34 1 5 0 0 62 12 1 15 0 0 66 23 1 5 1 5 54 73 1 5 0 1 57 53 0 1 1 15 72 11 0 1 1 15 62 73 1 5 0 2 67 52 0 1 0 2 65 21 0 1 0 2 68 13 1 5 1 25 60 23 1 5 0 3 65 13 1 5 1 35 65 52 0 1 1 35 62 21 0 1 1 35 63
4/4 62 0 1 0 0 70 32 0 1 0 0 68 13 0 3 0 0 61 62 0 1 1 15 56 32 0 1 1 15 58 72 0 1 0 2 71 21 0 1 0 2 55 72 0 1 1 25 66 21 0 1 1 25 71 13 1 5 0 3 58 34 0 1 1 35 54 72 0 1 1 35 72 21 0 1 1 35 56
4/4 44 0 1 0 0 71 62 0 1 0 0 69 11 0 1 0 0 56 54 0 1 0 1 55 62 0 1 1 15 74 11 0 1 1 15 69 44 0 1 0 2 62 52 0 1 0 2 58 712 0 1 0 2 54 21 0 1 0 2 58 34 1 5 0 3 64 23 0 1 1 35 74 52 0 1 1 35 64 712 0 1 1 35 58 21 0 1 1 35 59
4/4 53 0 3 0 0 62 12 0 1 0 0 66 32 0 1 0 0 56 12 0 1 1 15 59 32 0 1 1 15 73 72 0 1 0 2 63 32 0 1 0 2 71 72 0 1 1 25 66 32 0 1 1 25 60 53 1 5 0 3 60 73 0 1 1 35 68 72 0 1 1 35 69 32 0 1 1 35 65
4/4 13 0 1 0 0 72 62 0 1 0 0 70 32 0 1 0 0 71 53 1 5 0 1 55 73 0 1 1 15 55 62 0 1 1 15 58 32 0 1 1 15 66 13 1 5 0 2 62 72 0 1 0 2 62 42 0 1 0 2 61 34 1 5 1 25 62 23 1 5 0 3 72 73 0 1 1 35 69 72 0 1 1 35 58 42 0 1 1 35 54
4/4 13 0 4 0 0 58 12 0 1 0 0 74 42 0 1 0 0 64 12 0 1 1 5 68 42 0 1 1 5 56 12 0 1 1 15 62 42 0 1 1 15 66 12 0 1 0 2 65 312 0 1 0 2 68 12 0 1 1 25 60 312 0 1 1 25 60 12 0 1 1 35 59 312 0 1 1 35 65
4/4 222 0 1 0 0 60 42 0 1 0 0 70 13 0 1 0 1 57 222 0 1 1 15 71 42 0 1 1 15 58 223 0 1 0 2 61 222 0 1 0 2 56 42 0 1 0 2 59 34 0 1 0 3 73 222 0 1 1 35 58 42 0 1 1 35 65
4/4 44 0 2 0 0 63 12 0 1 0 0 60 33 0 1 0 0 59 52 0 1 0 0 60 12 0 1 1 15 58 33 0 1 1 15 67 52 0 1 1 15 57 54 0 2 0 2 71 12 0 1 0 2 61 33 0 1 0 2 70 52 0 1 0 2 63 12 0 1 1 35 58 33 0 1 1 35 63 52 0 1 1 35 73
4/4 62 0 1 0 0 74 12 0 1 0 0 68 52 0 1 0 0 58 54 0 1 0 0 54 54 0 1 0 1 66 62 0 1 1 15 72 12 0 1 1 15 74 52 0 1 1 15 58 64 0 1 0 2 62 62 0 1 0 2 62 12 0 1 0 2 72 52 0 1 0 2 62 62 0 1 1 25 61 12 0 1 1 25 66 52 0 1 1 25 62 74 0 1 0 3 56 62 0 1 1 35 63 12 0 1 1 35 62 52 0 1 1 35 58
4/4 14 0 2 0 0 73 22 0 1 0 0 63 42 0 1 0 0 73 22 0 1 1 15 57 42 0 1 1 15 59 24 0 2 0 2 58 22 0 1 0 2 54 42 0 1 0 2 67 22 0 1 1 35 68 42 0 1 1 35 73
4/4 22 0 1 0 0 68 42 0 1 0 0 72 24 0 2 0 0 68 22 0 1 1 15 54 42 0 1 1 15 72 35 0 1 2 175 72 314 0 1 2 175 67 45 0 2 0 2 69 22 0 1 0 2 72 42 0 1 0 2 56 22 0 1 1 25 73 42 0 1 1 25 56 22 0 1 1 35 66 42 0 1 1 35 61
4/4 53 2 25 0 0 56 613 2 25 2 25 56 52 2 25 1 5 74 22 2 25 2 75 56 53 2 25 0 1 71 613 2 25 2 125 66 52 2 25 1 15 55 22 2 25 2 175 57 53 2 25 0 2 59 613 2 25 2 225 56 52 2 25 1 25 62 22 2 25 2 275 55 53 2 25 0 3 61 613 2 25 2 325 61 52 2 25 1 35 70 22 2 25 2 375 72
4/4 53 1 5 0 0 56 52 0 1 0 0 58 71 0 1 0 0 63 53 1 5 1 5 69 53 1 5 0 1 54 613 1 5 1 15 73 613 1 15 0 2 61 52 0 1 0 2 58 11 0 1 0 2 70 613 1 5 1 35 65
4/4 73 0 1 0 0 58 52 0 1 0 0 63 32 0 1 0 0 65 613 0 1 0 1 72 43 1 15 0 2 68 52 0 1 0 2 54 11 0 1 0 2 66 22 1 5 1 35 55
4/4 53 0 1 0 0 67 52 0 1 0 0 57 71 0 1 0 0 54 52 0 1 0 2 67 71 0 1 0 2 63 53 1 5 1 25 67 53 1 5 0 3 74 23 1 5 1 35 71
4/4 23 0 1 0 0 62 11 0 1 0 0 74 32 0 1 0 0 60 71 0 1 0 0 69 11 0 1 0 2 66 32 0 1 0 2 56 71 0 1 0 2 59 53 1 5 1 25 66 53 1 5 0 3 63 23 1 5 1 35 74
4/4 23 1 5 0 0 58 42 0 1 0 0 55 611 0 1 0 0 70 13 1 25 1 5 60 42 0 1 0 2 74 611 0 1 0 2 60 613 1 5 0 3 61 73 1 5 1 35 71
2/4 613 1 15 0 0 70 42 0 1 0 0 58 611 0 1 0 0 55 43 1 5 1 15 61
4/4 53 0 3 0 0 64 22 1 5 1 5 55 52 1 5 0 1 63 12 1 5 1 15 57 72 1 5 0 2 71 21 1 5 1 25 69 53 0 1 0 3 59 51 0 1 0 3 55 613 0 1 1 35 71 41 0 1 1 35 66
4/4 73 0 1 0 0 74 32 0 1 0 0 66 51 0 1 0 0 73 613 1 5 0 1 55 73 1 5 1 15 61 13 0 1 0 2 72 32 0 1 0 2 59 611 0 1 0 2 55 73 1 5 0 3 62 13 1 5 1 35 66
4/4 23 0 1 0 0 61 21 0 1 0 0 68 42 0 1 0 0 59 11 0 1 0 0 61 13 1 5 0 1 62 23 1 5 1 15 59 34 0 1 0 2 74 221 0 1 0 2 60 42 0 1 0 2 68 711 0 1 0 2 62 34 1 5 1 35 71
4/4 23 1 5 0 0 63 11 0 1 0 0 57 32 0 1 0 0 59 51 0 1 0 0 69 53 1 5 1 5 68 53 1 5 0 1 68 23 1 5 1 15 61 13 1 15 0 2 56 21 0 1 0 2 61 42 0 1 0 2 65 611 0 1 0 2 54 43 1 5 1 35 61
4/4 53 0 4 0 0 70 52 0 1 0 0 63 11 0 1 0 0 70 52 0 1 0 2 69 711 0 1 0 2 67
4/4 62 0 1 0 0 68 11 0 1 0 0 63 53 0 1 1 5 58 62 0 1 1 5 62 11 0 1 1 5 54 73 1 5 0 1 60 53 0 1 1 15 55 62 0 1 1 15 71 11 0 1 1 15 65 43 0 1 0 2 56 62 0 1 0 2 73 11 0 1 0 2 58 33 0 1 1 25 72 62 0 1 1 25 74 11 0 1 1 25 73 12 1 5 0 3 55 53 0 1 1 35 55 62 0 1 1 35 54 11 0 1 1 35 68
4/4 53 1 15 0 0 74 52 0 1 0 0 74 71 0 1 0 0 74 52 0 1 1 5 61 71 0 1 1 5 72 43 0 1 1 15 74 52 0 1 1 15 62 71 0 1 1 15 64 53 2 25 2 175 59 73 0 1 0 2 59 52 0 1 0 2 69 71 0 1 0 2 54 13 0 1 1 25 54 52 0 1 1 25 71 71 0 1 1 25 66 73 2 125 2 275 54 52 0 1 1 35 63 71 0 1 1 35 64
4/4 62 0 1 0 0 65 11 0 1 0 0 73 53 0 1 1 5 71 62 0 1 1 5 59 11 0 1 1 5 65 73 1 5 0 1 67 53 0 1 1 15 64 62 0 1 1 15 71 11 0 1 1 15 68 43 0 1 0 2 68 62 0 1 0 2 67 11 0 1 0 2 54 33 0 1 1 25 55 62 0 1 1 25 59 11 0 1 1 25 56 12 1 5 0 3 62 53 0 1 1 35 55 62 0 1 1 35 72 11 0 1 1 35 60 53 2 25 2 375 68
4/4 52 0 1 0 0 67 71 0 1 0 0 54 53 0 1 0 0 59 52 0 1 1 5 62 71 0 1 1 5 71 43 0 1 1 15 56 52 0 1 1 15 62 71 0 1 1 15 69 53 2 25 2 175 55 73 0 1 0 2 71 52 0 1 0 2 60 71 0 1 0 2 58 13 2 25 2 225 60 73 0 1 1 25 68 52 0 1 1 25 54 71 0 1 1 25 59 53 0 1 1 35 62 52 0 1 1 35 67 71 0 1 1 35 59 73 2 25 2 375 54
4/4 13 0 1 0 0 55 42 0 1 0 0 65 61 0 1 0 0 55 13 0 1 1 5 70 42 0 1 1 5 61 61 0 1 1 5 68 13 1 15 0 1 70 42 0 1 1 15 59 61 0 1 1 15 71 42 0 1 0 2 59 61 0 1 0 2 60 73 0 1 1 25 63 42 0 1 1 25 71 61 0 1 1 25 61 73 1 5 0 3 64 13 0 1 1 35 56 42 0 1 1 35 72 61 0 1 1 35 59
4/4 23 0 3 0 0 62 52 0 1 0 0 68 71 0 1 0 0 65 52 0 1 1 5 68 71 0 1 1 5 55 52 0 1 1 15 56 71 0 1 1 15 58 52 0 1 0 2 61 71 0 1 0 2 59 52 0 1 1 25 59 71 0 1 1 25 56 53 0 1 1 35 55 52 0 1 1 35 67 71 0 1 1 35 62
4/4 34 1 5 0 0 68 12 1 15 0 0 66 23 1 5 1 5 61 73 1 5 0 1 61 53 0 1 1 15 56 11 0 1 1 15 61 73 1 5 0 2 54 52 0 1 0 2 60 21 0 1 0 2 63 13 1 5 1 25 74 73 1 5 0 3 67 13 1 5 1 35 66 52 0 1 1 35 59 21 0 1 1 35 66
4/4 62 0 1 0 0 64 32 0 1 0 0 62 13 0 3 0 0 58 62 0 1 1 15 56 32 0 1 1 15 59 72 0 1 0 2 72 21 0 1 0 2 74 72 0 1 1 25 58 21 0 1 1 25 65 53 0 1 1 35 62 72 0 1 1 35 55 21 0 1 1 35 67
4/4 34 1 5 0 0 74 12 1 15 0 0 64 23 1 5 1 5 71 73 1 5 0 1 57 53 0 1 1 15 72 11 0 1 1 15 58 73 1 5 0 2 71 52 0 1 0 2 71 21 0 1 0 2 56 13 1 5 1 25 74 23 1 5 0 3 70 13 0 1 1 35 71 52 0 1 1 35 70 21 0 1 1 35 74
4/4 13 0 3 0 0 61 62 0 1 0 0 63 32 0 1 0 0 55 62 0 1 1 15 73 32 0 1 1 15 66 72 0 1 0 2 65 21 0 1 0 2 58 72 0 1 1 25 60 21 0 1 1 25 71 53 0 1 1 35 54 72 0 1 1 35 68 21 0 1 1 35 59
4/4 34 1 5 0 0 66 12 1 15 0 0 58 23 1 5 1 5 69 73 1 5 0 1 60 53 0 1 1 15 62 11 0 1 1 15 65 73 1 5 0 2 71 52 0 1 0 2 62 21 0 1 0 2 60 13 1 5 1 25 67 73 1 5 0 3 74 13 1 5 1 35 59 52 0 1 1 35 65 21 0 1 1 35 54
4/4 62 0 1 0 0 70 32 0 1 0 0 67 13 0 3 0 0 67 62 0 1 1 15 56 32 0 1 1 15 69 72 0 1 0 2 54 21 0 1 0 2 68 72 0 1 1 25 56 21 0 1 1 25 63 53 0 1 1 35 72 72 0 1 1 35 61 21 0 1 1 35 56
4/4 34 1 5 0 0 69 12 1 15 0 0 67 23 1 5 1 5 69 73 1 5 0 1 71 53 0 1 1 15 67 11 0 1 1 15 69 73 1 5 0 2 67 52 0 1 0 2 70 21 0 1 0 2 61 13 1 5 1 25 60 23 1 5 0 3 59 13 1 5 1 35 73 52 0 1 1 35 67 21 0 1 1 35 60
4/4 62 0 1 0 0 59 32 0 1 0 0 58 13 0 3 0 0 66 62 0 1 1 15 62 32 0 1 1 15 66 72 0 1 0 2 61 21 0 1 0 2 58 72 0 1 1 25 71 21 0 1 1 25 62 13 1 5 0 3 60 34 0 1 1 35 71 72 0 1 1 35 57 21 0 1 1 35 58
4/4 44 0 1 0 0 67 62 0 1 0 0 72 11 0 1 0 0 68 54 0 1 0 1 71 62 0 1 1 15 74 11 0 1 1 15 70 44 0 1 0 2 67 52 0 1 0 2 62 712 0 1 0 2 57 21 0 1 0 2 70 34 1 5 0 3 66 23 0 1 1 35 64 52 0 1 1 35 61 712 0 1 1 35 60 21 0 1 1 35 72
4/4 53 0 3 0 0 71 12 0 1 0 0 70 32 0 1 0 0 68 12 0 1 1 15 60 32 0 1 1 15 62 72 0 1 0 2 62 32 0 1 0 2 71 72 0 1 1 25 70 32 0 1 1 25 60 53 1 5 0 3 57 73 0 1 1 35 65 72 0 1 1 35 58 32 0 1 1 35 66
4/4 13 0 1 0 0 73 62 0 1 0 0 56 32 0 1 0 0 70 53 1 5 0 1 56 73 0 1 1 15 58 62 0 1 1 15 55 32 0 1 1 15 69 13 1 5 0 2 68 72 0 1 0 2 61 42 0 1 0 2 63 34 1 5 1 25 66 23 1 5 0 3 56 73 0 1 1 35 70 72 0 1 1 35 68 42 0 1 1 35 69
4/4 13 0 4 0 0 66 12 0 1 0 0 68 42 0 1 0 0 65 12 0 1 1 5 55 42 0 1 1 5 62 12 0 1 1 15 57 42 0 1 1 15 63 12 0 1 0 2 60 312 0 1 0 2 62 12 0 1 1 25 54 312 0 1 1 25 71 12 0 1 1 35 72 312 0 1 1 35 56
4/4 14 0 1 0 0 68 222 0 1 0 0 54 42 0 1 0 0 55 55 0 1 0 1 68 45 0 1 0 2 74 222 0 1 0 2 54 42 0 1 0 2 59 74 0 1 0 3 69
4/4 64 0 1 0 0 74 522 0 1 0 0 54 32 0 1 0 0 73 35 0 1 0 1 59 224 0 1 0 2 68 62 0 1 0 2 54 32 0 1 0 2 61 44 0 1 0 3 62
4/4 44 0 1 0 0 64 13 0 1 0 0 74 22 1 15 0 0 60 54 1 5 1 5 56 44 1 5 0 1 59 54 0 1 1 15 73 21 0 1 1 15 68 44 0 1 0 2 72 14 0 1 0 2 70 21 0 1 0 2 72 54 1 5 1 25 71 22 0 1 1 25 56 44 1 5 0 3 57 54 0 1 1 35 55 21 0 1 1 35 58
4/4 44 0 1 0 0 72 13 0 1 0 0 65 22 1 15 0 0 74 54 1 5 1 5 61 44 1 5 0 1 71 54 0 1 1 15 70 21 0 1 1 15 59 44 0 1 0 2 67 14 0 1 0 2 74 21 0 1 0 2 54 54 1 5 1 25 62 22 0 1 1 25 64 44 1 5 0 3 71 54 0 1 1 35 55 21 0 1 1 35 63 14 0 1 2 375 65 52 0 1 2 375 67 24 0 1 2 375 68 55 0 1 2 375 60 21 0 1 2 375 74
4/4 14 0 1 0 0 74 52 0 1 0 0 65 24 0 1 0 0 68 55 0 1 0 0 72 21 0 1 0 0 72
