6/8 61 1 5 0 0 60 32 0 1 1 5 60 62 1 5 1 5 60 12 1 5 0 1 60 61 1 5 1 15 60 32 0 1 0 2 60 62 1 5 0 2 60 12 1 5 1 25 60
6/8 61 1 5 0 0 60 32 0 1 1 5 60 62 1 5 1 5 60 12 1 5 0 1 60 61 1 5 1 15 60 32 0 1 0 2 60 62 1 5 0 2 60 12 1 5 1 25 60
6/8 61 1 5 0 0 60 32 0 1 1 5 60 62 1 5 1 5 60 12 1 5 0 1 60 32 1 5 1 15 60 72 0 1 0 2 60 33 1 5 0 2 60 53 1 5 1 25 60
6/8 42 1 5 0 0 60 62 0 1 1 5 60 12 1 5 1 5 60 43 1 5 0 1 60 11 1 5 1 15 60 32 0 1 0 2 60 52 1 5 0 2 60 12 1 5 1 25 60
6/8 221 1 5 0 0 60 42 0 1 1 5 60 62 1 5 1 5 60 222 1 5 0 1 60 11 1 5 1 15 60 32 0 1 0 2 60 62 1 5 0 2 60 12 1 5 1 25 60
6/8 71 1 5 0 0 60 42 0 1 1 5 60 72 1 5 1 5 60 222 1 5 0 1 60 32 1 5 1 15 60 52 0 1 0 2 60 72 1 5 0 2 60 33 1 5 1 25 60
6/8 61 1 5 0 0 60 32 0 1 1 5 60 62 1 5 1 5 60 12 1 5 0 1 60 32 1 5 1 15 60 72 0 1 0 2 60 33 1 5 0 2 60 53 1 5 1 25 60
6/8 42 1 5 0 0 60 62 0 1 1 5 60 12 1 5 1 5 60 43 1 5 0 1 60 11 1 5 1 15 60 32 0 1 0 2 60 52 1 5 0 2 60 12 1 5 1 25 60
6/8 221 1 5 0 0 60 42 0 1 1 5 60 62 1 5 1 5 60 222 1 5 0 1 60 11 1 5 1 15 60 32 0 1 0 2 60 62 1 5 0 2 60 12 1 5 1 25 60
6/8 71 1 5 0 0 60 42 0 1 1 5 60 72 0 1 1 5 60 52 0 1 0 1 60 33 0 1 0 1 60 61 1 5 1 15 60 32 0 1 0 2 60 62 1 5 0 2 60 12 1 5 1 25 60
6/8 61 1 5 0 0 60 32 0 1 1 5 60 62 1 5 1 5 60 12 1 5 0 1 60 61 1 5 1 15 60 32 0 1 0 2 60 62 1 5 0 2 60 12 1 5 1 25 60
6/8 32 1 5 0 0 60 72 0 1 1 5 60 33 1 5 1 5 60 53 1 5 0 1 60 42 1 5 1 15 60 62 0 1 0 2 60 12 1 5 0 2 60 43 1 5 1 25 60
6/8 11 1 5 0 0 60 32 0 1 1 5 60 52 1 5 1 5 60 12 1 5 0 1 60 42 1 5 1 15 60 12 0 1 0 2 60 43 0 1 0 2 60 42 1 5 1 25 60
6/8 221 1 5 0 0 60 62 0 1 1 5 60 222 0 1 1 5 60 221 1 5 0 1 60 71 1 5 1 15 60 221 0 1 0 2 60 42 0 1 0 2 60 71 1 5 1 25 60
6/8 32 1 5 0 0 60 52 0 1 1 5 60 72 1 5 1 5 60 33 1 5 0 1 60 61 1 5 1 15 60 32 0 1 0 2 60 62 1 5 0 2 60 12 1 5 1 25 60
6/8 32 1 5 0 0 60 72 0 1 1 5 60 33 1 5 1 5 60 53 1 5 0 1 60 42 1 5 1 15 60 62 0 1 0 2 60 12 1 5 0 2 60 43 1 5 1 25 60
6/8 11 1 5 0 0 60 32 0 1 1 5 60 52 1 5 1 5 60 12 1 5 0 1 60 221 1 5 1 15 60 42 0 1 0 2 60 62 1 5 0 2 60 222 1 5 1 25 60
6/8 11 1 5 0 0 60 32 0 1 1 5 60 62 1 5 1 5 60 12 1 5 0 1 60 221 1 5 1 15 60 72 0 1 0 2 60 33 1 5 0 2 60 53 1 5 1 25 60
6/8 61 1 5 0 0 60 32 0 1 1 5 60 62 1 5 1 5 60 12 1 5 0 1 60 61 1 5 1 15 60 32 0 1 0 2 60 62 1 5 0 2 60 12 1 5 1 25 60
6/8 61 1 5 0 0 60 32 0 1 1 5 60 62 1 5 1 5 60 12 1 5 0 1 60 61 1 5 1 15 60 32 0 1 0 2 60 62 1 5 0 2 60 12 1 5 1 25 60
6/8 32 1 5 0 0 60 72 0 1 1 5 60 33 1 5 1 5 60 53 1 5 0 1 60 42 1 5 1 15 60 62 0 1 0 2 60 12 1 5 0 2 60 43 1 5 1 25 60
6/8 11 1 5 0 0 60 32 0 1 1 5 60 52 1 5 1 5 60 12 1 5 0 1 60 221 1 5 1 15 60 42 0 1 0 2 60 62 1 5 0 2 60 222 1 5 1 25 60
6/8 11 1 5 0 0 60 32 0 1 1 5 60 62 1 5 1 5 60 12 1 5 0 1 60 71 1 5 1 15 60 42 0 1 0 2 60 72 1 5 0 2 60 222 1 5 1 25 60
6/8 32 1 5 0 0 60 52 0 1 1 5 60 72 1 5 1 5 60 33 1 5 0 1 60 61 1 5 1 15 60 32 0 1 0 2 60 62 1 5 0 2 60 12 1 5 1 25 60
6/8 32 1 5 0 0 60 72 0 1 1 5 60 33 1 5 1 5 60 53 1 5 0 1 60 42 1 5 1 15 60 62 0 1 0 2 60 12 1 5 0 2 60 43 1 5 1 25 60
6/8 11 1 5 0 0 60 32 0 1 1 5 60 52 1 5 1 5 60 12 1 5 0 1 60 221 1 5 1 15 60 42 0 1 0 2 60 62 1 5 0 2 60 222 1 5 1 25 60
6/8 11 1 5 0 0 60 32 0 1 1 5 60 62 1 5 1 5 60 12 1 5 0 1 60 71 1 5 1 15 60 42 0 1 0 2 60 72 0 1 0 2 60 32 0 1 1 25 60 33 0 1 1 25 60
6/8 61 1 5 0 0 60 32 0 1 1 5 60 62 1 5 1 5 60 12 1 5 0 1 60 61 1 5 1 15 60 32 0 1 0 2 60 62 1 5 0 2 60 12 1 5 1 25 60
6/8 61 1 5 0 0 60 32 0 1 1 5 60 62 1 5 1 5 60 12 1 5 0 1 60 61 1 5 1 15 60 32 0 1 0 2 60 62 1 5 0 2 60 12 1 5 1 25 60
6/8 32 1 5 0 0 60 72 0 1 1 5 60 33 1 5 1 5 60 53 1 5 0 1 60 42 1 5 1 15 60 62 0 1 0 2 60 12 1 5 0 2 60 43 1 5 1 25 60
6/8 11 1 5 0 0 60 32 0 1 1 5 60 52 1 5 1 5 60 12 1 5 0 1 60 42 1 5 1 15 60 12 0 1 0 2 60 43 0 1 0 2 60 42 1 5 1 25 60
6/8 221 1 5 0 0 60 62 0 1 1 5 60 222 0 1 1 5 60 221 1 5 0 1 60 71 1 5 1 15 60 221 0 1 0 2 60 42 0 1 0 2 60 71 1 5 1 25 60
6/8 32 1 5 0 0 60 52 0 1 1 5 60 72 1 5 1 5 60 33 1 5 0 1 60 61 1 5 1 15 60 32 0 1 0 2 60 62 1 5 0 2 60 12 1 5 1 25 60
6/8 32 1 5 0 0 60 72 0 1 1 5 60 33 1 5 1 5 60 53 1 5 0 1 60 42 1 5 1 15 60 62 0 1 0 2 60 12 1 5 0 2 60 43 1 5 1 25 60
6/8 11 1 5 0 0 60 32 0 1 1 5 60 52 1 5 1 5 60 12 1 5 0 1 60 221 1 5 1 15 60 42 0 1 0 2 60 62 1 5 0 2 60 222 1 5 1 25 60
6/8 11 1 5 0 0 60 32 0 1 1 5 60 62 1 5 1 5 60 12 1 5 0 1 60 221 1 5 1 15 60 72 0 1 0 2 60 33 0 1 0 2 60 32 0 1 1 25 60 222 0 1 1 25 60
6/8 61 1 5 0 0 60 32 0 1 1 5 60 62 1 5 1 5 60 12 1 5 0 1 60 61 1 5 1 15 60 32 0 1 0 2 60 62 1 5 0 2 60 12 1 5 1 25 60
6/8 61 1 5 0 0 60 32 0 1 1 5 60 62 1 5 1 5 60 12 1 5 0 1 60 61 1 5 1 15 60 32 0 1 0 2 60 62 1 5 0 2 60 12 1 5 1 25 60
6/8 61 1 5 0 0 60 32 0 1 1 5 60 62 1 5 1 5 60 12 1 5 0 1 60 32 1 5 1 15 60 72 0 1 0 2 60 33 1 5 0 2 60 53 1 5 1 25 60
6/8 42 1 5 0 0 60 62 0 1 1 5 60 12 1 5 1 5 60 43 1 5 0 1 60 11 1 5 1 15 60 32 0 1 0 2 60 52 1 5 0 2 60 12 1 5 1 25 60
6/8 221 1 5 0 0 60 42 0 1 1 5 60 62 1 5 1 5 60 222 1 5 0 1 60 11 1 5 1 15 60 32 0 1 0 2 60 62 1 5 0 2 60 12 1 5 1 25 60
6/8 71 1 5 0 0 60 42 0 1 1 5 60 72 1 5 1 5 60 222 1 5 0 1 60 32 1 5 1 15 60 52 0 1 0 2 60 72 1 5 0 2 60 33 1 5 1 25 60
6/8 61 1 5 0 0 60 32 0 1 1 5 60 62 1 5 1 5 60 12 1 5 0 1 60 32 1 5 1 15 60 72 0 1 0 2 60 33 1 5 0 2 60 53 1 5 1 25 60
6/8 42 1 5 0 0 60 62 0 1 1 5 60 12 1 5 1 5 60 43 1 5 0 1 60 11 1 5 1 15 60 32 0 1 0 2 60 52 1 5 0 2 60 72 1 5 1 25 60
6/8 221 1 5 0 0 60 42 0 1 1 5 60 62 1 5 1 5 60 222 1 5 0 1 60 11 1 5 1 15 60 32 0 1 0 2 60 62 0 1 0 2 60 62 0 1 1 25 60 12 0 1 1 25 60
6/8 71 1 5 0 0 60 42 0 1 1 5 60 72 0 1 1 5 60 52 0 1 0 1 60 33 0 1 0 1 60 61 1 5 1 15 60 32 0 1 0 2 60 62 1 5 0 2 60 12 1 5 1 25 60
6/8 61 1 5 0 0 60 32 0 1 1 5 60 62 1 5 1 5 60 12 1 5 0 1 60 61 1 5 1 15 60 32 0 1 0 2 60 62 1 5 0 2 60 12 1 5 1 25 60
6/8 32 1 5 0 0 60 72 0 1 1 5 60 33 1 5 1 5 60 53 1 5 0 1 60 42 1 5 1 15 60 62 0 1 0 2 60 12 1 5 0 2 60 43 1 5 1 25 60
6/8 11 1 5 0 0 60 32 0 1 1 5 60 52 1 5 1 5 60 12 1 5 0 1 60 42 1 5 1 15 60 62 0 1 0 2 60 43 0 1 0 2 60 42 1 5 1 25 60
6/8 221 1 5 0 0 60 62 0 1 1 5 60 222 0 1 1 5 60 221 1 5 0 1 60 71 1 5 1 15 60 221 0 1 0 2 60 42 0 1 0 2 60 71 1 5 1 25 60
6/8 32 1 5 0 0 60 52 0 1 1 5 60 72 1 5 1 5 60 33 1 5 0 1 60 61 1 5 1 15 60 32 0 1 0 2 60 62 1 5 0 2 60 12 1 5 1 25 60
6/8 32 1 5 0 0 60 72 0 1 1 5 60 53 0 1 1 5 60 33 0 1 0 1 60 73 0 1 0 1 60 42 1 5 1 15 60 62 0 1 0 2 60 12 1 5 0 2 60 43 1 5 1 25 60
6/8 11 1 5 0 0 60 52 0 1 1 5 60 33 0 1 1 5 60 12 0 1 0 1 60 53 0 1 0 1 60 221 1 5 1 15 60 42 0 1 0 2 60 62 1 5 0 2 60 222 1 5 1 25 60
6/8 11 1 5 0 0 60 32 0 1 1 5 60 62 1 5 1 5 60 12 1 5 0 1 60 221 1 5 1 15 60 72 0 1 0 2 60 33 0 1 0 2 60 32 0 1 1 25 60 222 0 1 1 25 60
6/8 61 1 5 0 0 60 32 0 1 1 5 60 62 1 5 1 5 60 12 1 5 0 1 60 61 1 5 1 15 60 32 0 1 0 2 60 62 1 5 0 2 60 12 1 5 1 25 60
6/8 71 1 5 0 0 60 42 0 1 1 5 60 72 1 5 1 5 60 22 1 5 0 1 60 71 1 5 1 15 60 42 0 1 0 2 60 72 1 5 0 2 60 22 1 5 1 25 60
6/8 42 1 5 0 0 60 12 0 1 1 5 60 43 1 5 1 5 60 613 1 5 0 1 60 52 1 5 1 15 60 72 0 1 0 2 60 22 1 5 0 2 60 53 1 5 1 25 60
6/8 21 1 5 0 0 60 42 0 1 1 5 60 612 1 5 1 5 60 22 1 5 0 1 60 32 1 5 1 15 60 52 0 1 0 2 60 72 1 5 0 2 60 33 1 5 1 25 60
6/8 21 1 5 0 0 60 42 0 1 1 5 60 72 1 5 1 5 60 22 1 5 0 1 60 11 1 5 1 15 60 52 0 1 0 2 60 12 1 5 0 2 60 33 1 5 1 25 60
6/8 42 1 5 0 0 60 612 0 1 1 5 60 12 1 5 1 5 60 43 1 5 0 1 60 71 1 5 1 15 60 42 0 1 0 2 60 72 1 5 0 2 60 22 1 5 1 25 60
6/8 42 1 5 0 0 60 12 0 1 1 5 60 43 1 5 1 5 60 613 1 5 0 1 60 52 1 5 1 15 60 72 0 1 0 2 60 22 1 5 0 2 60 53 1 5 1 25 60
6/8 21 1 5 0 0 60 42 0 1 1 5 60 612 1 5 1 5 60 22 1 5 0 1 60 32 1 5 1 15 60 52 0 1 0 2 60 72 1 5 0 2 60 33 1 5 1 25 60
6/8 21 1 15 0 0 60 42 0 1 1 5 60 22 0 1 1 5 60 32 1 5 1 15 60 52 0 1 0 2 60 72 1 5 0 2 60 33 1 5 1 25 60
6/8 21 1 15 0 0 60 42 0 1 1 5 60 22 0 1 1 5 60 32 1 5 1 15 60 52 0 1 0 2 60 72 1 5 0 2 60 33 1 5 1 25 60
6/8 21 1 5 0 0 60 42 0 1 1 5 60 72 1 5 1 5 60 22 1 5 0 1 60 11 1 5 1 15 60 42 0 1 0 2 60 612 0 1 0 2 60 612 0 1 1 25 60 43 0 1 1 25 60
6/8 71 1 5 0 0 60 42 0 1 1 5 60 72 1 5 1 5 60 22 1 5 0 1 60 71 1 5 1 15 60 42 0 1 0 2 60 72 1 5 0 2 60 22 1 5 1 25 60
6/8 71 1 5 0 0 60 42 0 1 1 5 60 72 1 5 1 5 60 22 1 5 0 1 60 22 0 1 1 15 60 43 0 1 1 15 60 22 0 1 0 2 60 73 0 1 0 2 60 43 0 1 1 25 60 73 0 1 1 25 60
6/8 71 1 5 0 0 60 42 0 1 1 5 60 72 1 5 1 5 60 22 1 5 0 1 60 42 1 5 1 15 60 12 0 1 0 2 60 43 1 5 0 2 60 613 1 5 1 25 60
6/8 52 1 5 0 0 60 72 0 1 1 5 60 22 1 5 1 5 60 53 1 5 0 1 60 21 1 5 1 15 60 42 0 1 0 2 60 612 1 5 0 2 60 22 1 5 1 25 60
6/8 52 1 5 0 0 60 22 0 1 1 5 60 53 0 1 1 5 60 52 1 5 0 1 60 32 1 5 1 15 60 72 0 1 0 2 60 33 0 1 0 2 60 32 1 5 1 25 60
6/8 11 1 5 0 0 60 32 0 1 1 5 60 52 0 1 1 5 60 11 1 5 0 1 60 42 1 5 1 15 60 612 0 1 0 2 60 12 1 5 0 2 60 43 1 5 1 25 60
6/8 71 1 5 0 0 60 42 0 1 1 5 60 72 1 5 1 5 60 22 1 5 0 1 60 42 1 5 1 15 60 12 0 1 0 2 60 43 1 5 0 2 60 613 1 5 1 25 60
6/8 52 1 5 0 0 60 72 0 1 1 5 60 22 1 5 1 5 60 53 1 5 0 1 60 21 1 5 1 15 60 42 0 1 0 2 60 612 1 5 0 2 60 22 1 5 1 25 60
6/8 32 1 5 0 0 60 52 0 1 1 5 60 72 1 5 1 5 60 33 1 5 0 1 60 21 1 5 1 15 60 42 0 1 0 2 60 72 1 5 0 2 60 22 1 5 1 25 60
6/8 32 1 5 0 0 60 12 0 1 1 5 60 43 0 1 1 5 60 42 0 1 0 1 60 33 0 1 0 1 60 71 1 5 1 15 60 42 0 1 0 2 60 72 1 5 0 2 60 22 1 5 1 25 60
6/8 71 1 5 0 0 60 42 0 1 1 5 60 72 1 5 1 5 60 22 1 5 0 1 60 71 1 5 1 15 60 42 0 1 0 2 60 72 0 1 0 2 60 72 0 1 1 25 60 22 0 1 1 25 60
6/8 22 0 1 0 0 60 43 0 1 0 0 60 43 0 1 1 5 60 73 0 1 1 5 60 43 0 1 0 1 60 23 0 1 0 1 60
6/8 61 1 5 0 0 60 32 0 1 1 5 60 62 1 5 1 5 60 12 1 5 0 1 60 61 1 5 1 15 60 32 0 1 0 2 60 62 1 5 0 2 60 12 1 5 1 25 60
6/8 61 1 5 0 0 60 32 0 1 1 5 60 62 1 5 1 5 60 12 1 5 0 1 60 61 1 5 1 15 60 32 0 1 0 2 60 62 1 5 0 2 60 12 1 5 1 25 60
6/8 61 1 5 0 0 60 32 0 1 1 5 60 62 1 5 1 5 60 12 1 5 0 1 60 32 1 5 1 15 60 72 0 1 0 2 60 33 1 5 0 2 60 53 1 5 1 25 60
6/8 42 1 5 0 0 60 62 0 1 1 5 60 12 1 5 1 5 60 43 1 5 0 1 60 11 1 5 1 15 60 32 0 1 0 2 60 52 1 5 0 2 60 12 1 5 1 25 60
6/8 221 1 5 0 0 60 42 0 1 1 5 60 62 1 5 1 5 60 222 1 5 0 1 60 11 1 5 1 15 60 32 0 1 0 2 60 62 1 5 0 2 60 12 1 5 1 25 60
6/8 71 1 5 0 0 60 42 0 1 1 5 60 72 1 5 1 5 60 222 1 5 0 1 60 32 1 5 1 15 60 52 0 1 0 2 60 72 1 5 0 2 60 33 1 5 1 25 60
6/8 61 1 5 0 0 60 32 0 1 1 5 60 62 1 5 1 5 60 12 1 5 0 1 60 32 1 5 1 15 60 72 0 1 0 2 60 33 1 5 0 2 60 53 1 5 1 25 60
6/8 42 1 5 0 0 60 62 0 1 1 5 60 12 1 5 1 5 60 43 1 5 0 1 60 11 1 5 1 15 60 32 0 1 0 2 60 52 1 5 0 2 60 12 1 5 1 25 60
6/8 221 1 5 0 0 60 42 0 1 1 5 60 62 1 5 1 5 60 222 1 5 0 1 60 11 1 5 1 15 60 32 0 1 0 2 60 62 1 5 0 2 60 12 1 5 1 25 60
6/8 71 1 5 0 0 60 42 0 1 1 5 60 72 0 1 1 5 60 52 0 1 0 1 60 33 0 1 0 1 60 61 1 5 1 15 60 32 0 1 0 2 60 62 1 5 0 2 60 12 1 5 1 25 60
6/8 61 1 5 0 0 60 32 0 1 1 5 60 62 1 5 1 5 60 12 1 5 0 1 60 61 1 5 1 15 60 32 0 1 0 2 60 62 1 5 0 2 60 12 1 5 1 25 60
6/8 32 1 5 0 0 60 72 0 1 1 5 60 33 1 5 1 5 60 53 1 5 0 1 60 42 1 5 1 15 60 62 0 1 0 2 60 12 1 5 0 2 60 43 1 5 1 25 60
6/8 11 1 5 0 0 60 32 0 1 1 5 60 52 1 5 1 5 60 12 1 5 0 1 60 42 1 5 1 15 60 12 0 1 0 2 60 43 0 1 0 2 60 42 1 5 1 25 60
6/8 221 1 5 0 0 60 62 0 1 1 5 60 222 0 1 1 5 60 221 1 5 0 1 60 71 1 5 1 15 60 221 0 1 0 2 60 42 0 1 0 2 60 71 1 5 1 25 60
6/8 32 1 5 0 0 60 52 0 1 1 5 60 72 1 5 1 5 60 33 1 5 0 1 60 61 1 5 1 15 60 32 0 1 0 2 60 62 1 5 0 2 60 12 1 5 1 25 60
6/8 32 1 5 0 0 60 72 0 1 1 5 60 33 1 5 1 5 60 53 1 5 0 1 60 42 1 5 1 15 60 62 0 1 0 2 60 12 1 5 0 2 60 43 1 5 1 25 60
6/8 11 1 5 0 0 60 32 0 1 1 5 60 52 1 5 1 5 60 12 1 5 0 1 60 221 1 5 1 15 60 42 0 1 0 2 60 62 1 5 0 2 60 222 1 5 1 25 60
6/8 11 1 5 0 0 60 32 0 1 1 5 60 62 1 5 1 5 60 12 1 5 0 1 60 221 1 5 1 15 60 72 0 1 0 2 60 33 1 5 0 2 60 53 1 5 1 25 60
6/8 61 1 5 0 0 60 32 0 1 1 5 60 62 1 5 1 5 60 12 1 5 0 1 60 61 1 5 1 15 60 32 0 1 0 2 60 62 1 5 0 2 60 12 1 5 1 25 60
6/8 61 1 5 0 0 60 32 0 1 1 5 60 62 1 5 1 5 60 12 1 5 0 1 60 61 1 5 1 15 60 32 0 1 0 2 60 62 1 5 0 2 60 12 1 5 1 25 60
6/8 32 1 5 0 0 60 72 0 1 1 5 60 33 1 5 1 5 60 53 1 5 0 1 60 42 1 5 1 15 60 62 0 1 0 2 60 12 1 5 0 2 60 43 1 5 1 25 60
6/8 11 1 5 0 0 60 32 0 1 1 5 60 52 1 5 1 5 60 12 1 5 0 1 60 221 1 5 1 15 60 42 0 1 0 2 60 62 1 5 0 2 60 222 1 5 1 25 60
6/8 11 1 5 0 0 60 32 0 1 1 5 60 62 1 5 1 5 60 12 1 5 0 1 60 71 1 5 1 15 60 42 0 1 0 2 60 72 1 5 0 2 60 222 1 5 1 25 60
6/8 32 1 5 0 0 60 52 0 1 1 5 60 72 1 5 1 5 60 33 1 5 0 1 60 61 1 5 1 15 60 32 0 1 0 2 60 62 1 5 0 2 60 12 1 5 1 25 60
6/8 32 1 5 0 0 60 72 0 1 1 5 60 33 1 5 1 5 60 53 1 5 0 1 60 42 1 5 1 15 60 62 0 1 0 2 60 12 1 5 0 2 60 43 1 5 1 25 60
6/8 11 1 5 0 0 60 32 0 1 1 5 60 52 1 5 1 5 60 12 1 5 0 1 60 221 1 5 1 15 60 42 0 1 0 2 60 62 1 5 0 2 60 222 1 5 1 25 60
6/8 11 1 5 0 0 60 32 0 1 1 5 60 62 1 5 1 5 60 12 1 5 0 1 60 71 1 5 1 15 60 42 0 1 0 2 60 72 0 1 0 2 60 32 0 1 1 25 60 33 0 1 1 25 60
6/8 61 1 5 0 0 60 32 0 1 1 5 60 62 1 5 1 5 60 12 1 5 0 1 60 61 1 5 1 15 60 32 0 1 0 2 60 62 1 5 0 2 60 12 1 5 1 25 60
6/8 61 1 5 0 0 60 32 0 1 1 5 60 62 1 5 1 5 60 12 1 5 0 1 60 61 1 5 1 15 60 32 0 1 0 2 60 62 1 5 0 2 60 12 1 5 1 25 60
6/8 32 1 5 0 0 60 72 0 1 1 5 60 33 1 5 1 5 60 53 1 5 0 1 60 42 1 5 1 15 60 62 0 1 0 2 60 12 1 5 0 2 60 43 1 5 1 25 60
6/8 11 1 5 0 0 60 32 0 1 1 5 60 52 1 5 1 5 60 12 1 5 0 1 60 42 1 5 1 15 60 12 0 1 0 2 60 43 0 1 0 2 60 42 1 5 1 25 60
6/8 221 1 5 0 0 60 62 0 1 1 5 60 222 0 1 1 5 60 221 1 5 0 1 60 71 1 5 1 15 60 221 0 1 0 2 60 42 0 1 0 2 60 71 1 5 1 25 60
6/8 32 1 5 0 0 60 52 0 1 1 5 60 72 1 5 1 5 60 33 1 5 0 1 60 61 1 5 1 15 60 32 0 1 0 2 60 62 1 5 0 2 60 12 1 5 1 25 60
6/8 32 1 5 0 0 60 72 0 1 1 5 60 33 1 5 1 5 60 53 1 5 0 1 60 42 1 5 1 15 60 62 0 1 0 2 60 12 1 5 0 2 60 43 1 5 1 25 60
6/8 11 1 5 0 0 60 32 0 1 1 5 60 52 1 5 1 5 60 12 1 5 0 1 60 221 1 5 1 15 60 42 0 1 0 2 60 62 1 5 0 2 60 222 1 5 1 25 60
6/8 11 1 5 0 0 60 32 0 1 1 5 60 62 1 5 1 5 60 12 1 5 0 1 60 221 1 5 1 15 60 72 0 1 0 2 60 33 0 1 0 2 60 32 0 1 1 25 60 222 0 1 1 25 60
6/8 61 1 5 0 0 60 32 0 1 1 5 60 62 1 5 1 5 60 12 1 5 0 1 60 61 1 5 1 15 60 32 0 1 0 2 60 62 1 5 0 2 60 12 1 5 1 25 60
6/8 61 1 5 0 0 60 32 0 1 1 5 60 62 1 5 1 5 60 12 1 5 0 1 60 61 1 5 1 15 60 32 0 1 0 2 60 62 1 5 0 2 60 12 1 5 1 25 60
6/8 61 1 5 0 0 60 32 0 1 1 5 60 62 1 5 1 5 60 12 1 5 0 1 60 32 1 5 1 15 60 72 0 1 0 2 60 33 1 5 0 2 60 53 1 5 1 25 60
6/8 42 1 5 0 0 60 62 0 1 1 5 60 12 1 5 1 5 60 43 1 5 0 1 60 11 1 5 1 15 60 32 0 1 0 2 60 52 1 5 0 2 60 12 1 5 1 25 60
6/8 221 1 5 0 0 60 42 0 1 1 5 60 62 1 5 1 5 60 222 1 5 0 1 60 11 1 5 1 15 60 32 0 1 0 2 60 62 1 5 0 2 60 12 1 5 1 25 60
6/8 71 1 5 0 0 60 42 0 1 1 5 60 72 1 5 1 5 60 222 1 5 0 1 60 32 1 5 1 15 60 52 0 1 0 2 60 72 1 5 0 2 60 33 1 5 1 25 60
6/8 61 1 5 0 0 60 32 0 1 1 5 60 62 1 5 1 5 60 12 1 5 0 1 60 32 1 5 1 15 60 72 0 1 0 2 60 33 1 5 0 2 60 53 1 5 1 25 60
6/8 42 1 5 0 0 60 62 0 1 1 5 60 12 1 5 1 5 60 43 1 5 0 1 60 11 1 5 1 15 60 32 0 1 0 2 60 52 1 5 0 2 60 72 1 5 1 25 60
6/8 221 1 5 0 0 60 42 0 1 1 5 60 62 1 5 1 5 60 222 1 5 0 1 60 11 1 5 1 15 60 32 0 1 0 2 60 62 0 1 0 2 60 62 0 1 1 25 60 12 0 1 1 25 60
6/8 71 1 5 0 0 60 42 0 1 1 5 60 72 0 1 1 5 60 52 0 1 0 1 60 33 0 1 0 1 60 61 1 5 1 15 60 32 0 1 0 2 60 62 1 5 0 2 60 12 1 5 1 25 60
6/8 61 1 5 0 0 60 32 0 1 1 5 60 62 1 5 1 5 60 12 1 5 0 1 60 61 1 5 1 15 60 32 0 1 0 2 60 62 1 5 0 2 60 12 1 5 1 25 60
6/8 32 1 5 0 0 60 72 0 1 1 5 60 33 1 5 1 5 60 53 1 5 0 1 60 42 1 5 1 15 60 62 0 1 0 2 60 12 1 5 0 2 60 43 1 5 1 25 60
6/8 11 1 5 0 0 60 32 0 1 1 5 60 52 1 5 1 5 60 12 1 5 0 1 60 42 1 5 1 15 60 62 0 1 0 2 60 43 0 1 0 2 60 42 1 5 1 25 60
6/8 221 1 5 0 0 60 62 0 1 1 5 60 222 0 1 1 5 60 221 1 5 0 1 60 71 1 5 1 15 60 221 0 1 0 2 60 42 0 1 0 2 60 71 1 5 1 25 60
6/8 32 1 5 0 0 60 52 0 1 1 5 60 72 1 5 1 5 60 33 1 5 0 1 60 61 1 5 1 15 60 32 0 1 0 2 60 62 1 5 0 2 60 12 1 5 1 25 60
6/8 32 1 5 0 0 60 72 0 1 1 5 60 53 0 1 1 5 60 33 0 1 0 1 60 73 0 1 0 1 60 42 1 5 1 15 60 62 0 1 0 2 60 12 1 5 0 2 60 43 1 5 1 25 60
6/8 11 1 5 0 0 60 52 0 1 1 5 60 33 0 1 1 5 60 12 0 1 0 1 60 53 0 1 0 1 60 221 1 5 1 15 60 42 0 1 0 2 60 62 1 5 0 2 60 222 1 5 1 25 60
6/8 11 1 5 0 0 60 32 0 1 1 5 60 62 1 5 1 5 60 12 1 5 0 1 60 221 1 5 1 15 60 72 0 1 0 2 60 33 0 1 0 2 60 32 0 1 1 25 60 222 0 1 1 25 60
6/8 61 1 5 0 0 60 32 0 1 1 5 60 62 1 5 1 5 60 12 1 5 0 1 60 61 1 5 1 15 60 32 0 1 0 2 60 62 1 5 0 2 60 12 1 5 1 25 60
6/8 71 1 5 0 0 60 42 0 1 1 5 60 72 1 5 1 5 60 22 1 5 0 1 60 71 1 5 1 15 60 42 0 1 0 2 60 72 1 5 0 2 60 22 1 5 1 25 60
6/8 42 1 5 0 0 60 12 0 1 1 5 60 43 1 5 1 5 60 613 1 5 0 1 60 52 1 5 1 15 60 72 0 1 0 2 60 22 1 5 0 2 60 53 1 5 1 25 60
6/8 21 1 5 0 0 60 42 0 1 1 5 60 612 1 5 1 5 60 22 1 5 0 1 60 32 1 5 1 15 60 52 0 1 0 2 60 72 1 5 0 2 60 33 1 5 1 25 60
6/8 21 1 5 0 0 60 42 0 1 1 5 60 72 1 5 1 5 60 22 1 5 0 1 60 11 1 5 1 15 60 52 0 1 0 2 60 12 1 5 0 2 60 33 1 5 1 25 60
6/8 42 1 5 0 0 60 612 0 1 1 5 60 12 1 5 1 5 60 43 1 5 0 1 60 71 1 5 1 15 60 42 0 1 0 2 60 72 1 5 0 2 60 22 1 5 1 25 60
6/8 42 1 5 0 0 60 12 0 1 1 5 60 43 1 5 1 5 60 613 1 5 0 1 60 52 1 5 1 15 60 72 0 1 0 2 60 22 1 5 0 2 60 53 1 5 1 25 60
6/8 21 1 5 0 0 60 42 0 1 1 5 60 612 1 5 1 5 60 22 1 5 0 1 60 32 1 5 1 15 60 52 0 1 0 2 60 72 1 5 0 2 60 33 1 5 1 25 60
6/8 21 1 15 0 0 60 42 0 1 1 5 60 22 0 1 1 5 60 32 1 5 1 15 60 52 0 1 0 2 60 72 1 5 0 2 60 33 1 5 1 25 60
6/8 21 1 15 0 0 60 42 0 1 1 5 60 22 0 1 1 5 60 32 1 5 1 15 60 52 0 1 0 2 60 72 1 5 0 2 60 33 1 5 1 25 60
6/8 21 1 5 0 0 60 42 0 1 1 5 60 72 1 5 1 5 60 22 1 5 0 1 60 11 1 5 1 15 60 42 0 1 0 2 60 612 0 1 0 2 60 612 0 1 1 25 60 43 0 1 1 25 60
6/8 71 1 5 0 0 60 42 0 1 1 5 60 72 1 5 1 5 60 22 1 5 0 1 60 71 1 5 1 15 60 42 0 1 0 2 60 72 1 5 0 2 60 22 1 5 1 25 60
6/8 71 1 5 0 0 60 42 0 1 1 5 60 72 1 5 1 5 60 22 1 5 0 1 60 22 0 1 1 15 60 43 0 1 1 15 60 22 0 1 0 2 60 73 0 1 0 2 60 43 0 1 1 25 60 73 0 1 1 25 60
6/8 71 1 5 0 0 60 42 0 1 1 5 60 72 1 5 1 5 60 22 1 5 0 1 60 42 1 5 1 15 60 12 0 1 0 2 60 43 1 5 0 2 60 613 1 5 1 25 60
6/8 52 1 5 0 0 60 72 0 1 1 5 60 22 1 5 1 5 60 53 1 5 0 1 60 21 1 5 1 15 60 42 0 1 0 2 60 612 1 5 0 2 60 22 1 5 1 25 60
6/8 52 1 5 0 0 60 22 0 1 1 5 60 53 0 1 1 5 60 52 1 5 0 1 60 32 1 5 1 15 60 72 0 1 0 2 60 33 0 1 0 2 60 32 1 5 1 25 60
6/8 11 1 5 0 0 60 32 0 1 1 5 60 52 0 1 1 5 60 11 1 5 0 1 60 42 1 5 1 15 60 612 0 1 0 2 60 12 1 5 0 2 60 43 1 5 1 25 60
6/8 71 1 5 0 0 60 42 0 1 1 5 60 72 1 5 1 5 60 22 1 5 0 1 60 42 1 5 1 15 60 12 0 1 0 2 60 43 1 5 0 2 60 613 1 5 1 25 60
6/8 52 1 5 0 0 60 72 0 1 1 5 60 22 1 5 1 5 60 53 1 5 0 1 60 21 1 5 1 15 60 42 0 1 0 2 60 612 1 5 0 2 60 22 1 5 1 25 60
6/8 32 1 5 0 0 60 52 0 1 1 5 60 72 1 5 1 5 60 33 1 5 0 1 60 21 1 5 1 15 60 42 0 1 0 2 60 72 1 5 0 2 60 22 1 5 1 25 60
6/8 32 1 5 0 0 60 12 0 1 1 5 60 43 0 1 1 5 60 42 0 1 0 1 60 33 0 1 0 1 60 71 1 5 1 15 60 42 0 1 0 2 60 72 1 5 0 2 60 22 1 5 1 25 60
6/8 71 1 5 0 0 60 42 0 1 1 5 60 72 1 5 1 5 60 22 1 5 0 1 60 71 1 5 1 15 60 42 0 1 0 2 60 72 0 1 0 2 60 72 0 1 1 25 60 22 0 1 1 25 60
6/8 22 0 1 0 0 60 43 0 1 0 0 60 43 0 1 1 5 60 73 0 1 1 5 60 43 0 1 0 1 60 23 0 1 0 1 60
6/8
6/8 63 2 25 1 25 70 73 2 25 2 275 70
6/8 13 2 25 0 0 70 63 2 25 2 25 70 34 2 75 1 5 70 13 2 25 2 125 70 73 1 5 1 15 70 34 1 5 0 2 70 73 1 5 1 25 70
6/8 63 2 25 0 0 70 43 2 25 2 25 70 13 2 75 1 5 70 63 2 25 2 125 70 53 0 1 1 15 70 63 2 25 1 25 70 53 2 25 2 275 70
6/8 43 1 5 0 0 70 53 1 5 1 5 70 63 2 25 0 1 70 73 2 25 2 125 70 33 1 5 1 15 70 63 1 5 0 2 70 73 2 25 1 25 70 13 2 25 2 275 70
6/8 223 1 5 0 0 70 223 2 25 1 5 70 13 2 25 2 75 70 73 2 25 0 1 70 63 2 25 2 125 70 73 2 75 1 15 70 63 2 25 1 25 70 73 2 25 2 275 70
6/8 13 2 25 0 0 70 63 2 25 2 25 70 34 2 75 1 5 70 13 2 25 2 125 70 73 1 5 1 15 70 34 1 5 0 2 70 73 1 5 1 25 70
6/8 63 2 25 0 0 70 43 2 25 2 25 70 43 1 5 1 5 70 53 2 25 0 1 70 63 2 25 2 125 70 33 0 1 1 15 70 33 2 25 2 275 70
6/8 43 1 5 0 0 70 53 1 5 1 5 70 63 2 25 0 1 70 73 2 25 2 125 70 33 1 5 1 15 70 63 1 5 0 2 70 73 2 25 1 25 70 13 2 25 2 275 70
6/8 223 2 25 0 0 70 223 2 25 1 5 70 13 2 25 2 75 70 73 2 25 0 1 70 63 2 25 2 125 70 63 1 15 1 15 70
6/8 13 2 25 0 1 70 223 2 25 2 125 70 34 1 5 1 15 70 34 1 5 0 2 70 34 1 5 1 25 70
6/8 34 1 5 0 0 70 34 2 25 1 5 70 44 2 25 2 75 70 34 2 25 0 1 70 223 2 25 2 125 70 13 1 5 1 15 70 13 1 5 0 2 70 13 1 5 1 25 70
6/8 13 1 5 0 0 70 13 2 25 1 5 70 223 2 25 2 75 70 13 2 25 0 1 70 73 2 25 2 125 70 63 2 25 1 15 70 63 2 25 0 2 70 63 2 25 1 25 70 53 2 25 2 275 70
6/8 43 1 5 0 0 70 53 1 5 1 5 70 53 2 25 0 1 70 63 2 25 2 125 70 73 2 25 1 15 70 73 2 25 0 2 70 13 2 25 2 225 70 73 2 25 1 25 70 13 2 25 2 275 70
6/8 73 2 75 0 0 70 13 2 25 0 1 70 223 2 25 2 125 70 34 1 5 1 15 70 34 1 5 0 2 70 34 1 5 1 25 70
6/8 34 1 5 0 0 70 34 2 25 1 5 70 44 2 25 2 75 70 34 2 25 0 1 70 223 2 25 2 125 70 13 1 5 1 15 70 13 1 5 0 2 70 13 1 5 1 25 70
6/8 13 2 25 0 0 70 223 2 25 2 25 70 13 2 25 1 5 70 73 2 25 2 75 70 63 2 25 0 1 70 53 2 25 2 125 70 43 2 25 2 175 70 43 2 25 0 2 70 53 2 25 2 225 70 63 2 25 1 25 70 73 2 25 2 275 70
6/8 33 1 5 0 0 70 63 1 5 1 5 70 73 2 25 0 1 70 13 2 25 2 125 70 73 2 75 1 15 70 73 2 25 2 225 70 73 2 25 1 25 70 63 2 25 2 275 70
6/8 63 2 75 0 0 70
6/8 64 2 25 0 1 70 74 2 25 2 125 70 14 2 25 1 15 70 64 2 25 2 175 70 35 2 75 0 2 70 14 2 25 2 275 70
6/8 74 1 5 0 0 70 35 1 5 1 5 70 74 1 5 0 1 70 64 2 25 1 15 70 44 2 25 2 175 70 14 2 75 0 2 70 64 2 25 2 275 70
6/8 54 0 1 0 0 70 64 2 25 0 1 70 54 2 25 2 125 70 44 1 5 1 15 70 54 1 5 0 2 70 64 2 25 1 25 70 74 2 25 2 275 70
6/8 34 1 5 0 0 70 64 1 5 1 5 70 74 2 25 0 1 70 14 2 25 2 125 70 224 1 5 1 15 70 224 2 25 0 2 70 14 2 25 2 225 70 74 2 25 1 25 70 64 2 25 2 275 70
6/8 74 2 75 0 0 70 64 2 25 0 1 70 74 2 25 2 125 70 14 2 25 1 15 70 64 2 25 2 175 70 35 2 75 0 2 70 14 2 25 2 275 70
6/8 74 1 5 0 0 70 35 1 5 1 5 70 74 1 5 0 1 70 64 2 25 1 15 70 44 2 25 2 175 70 44 1 5 0 2 70 54 2 25 1 25 70 64 2 25 2 275 70
6/8 34 2 75 0 0 70 34 1 5 0 1 70 44 1 5 1 15 70 54 1 5 0 2 70 64 2 25 1 25 70 74 2 25 2 275 70
6/8 34 1 5 0 0 70 64 1 5 1 5 70 74 2 25 0 1 70 14 2 25 2 125 70 224 2 25 1 15 70 224 2 25 0 2 70 14 2 25 2 225 70 74 2 25 1 25 70 64 2 25 2 275 70
6/8 64 1 15 0 0 70
6/8 14 2 25 0 1 70 224 2 25 2 125 70 35 1 5 1 15 70 35 1 5 0 2 70 35 1 5 1 25 70
6/8 35 1 5 0 0 70 35 2 25 1 5 70 45 2 25 2 75 70 35 2 25 0 1 70 224 2 25 2 125 70 14 1 5 1 15 70 14 1 5 0 2 70 14 1 5 1 25 70
6/8 14 1 5 0 0 70 14 2 25 1 5 70 224 2 25 2 75 70 14 2 25 0 1 70 74 2 25 2 125 70 64 2 25 1 15 70 64 2 25 0 2 70 64 2 25 1 25 70 54 2 25 2 275 70
6/8 44 1 5 0 0 70 54 1 5 1 5 70 54 2 25 0 1 70 64 2 25 2 125 70 74 2 25 1 15 70 74 2 25 0 2 70 14 2 25 2 225 70 74 2 25 1 25 70 14 2 25 2 275 70
6/8 74 2 75 0 0 70 14 2 25 0 1 70 224 2 25 2 125 70 35 1 5 1 15 70 35 1 5 0 2 70 35 1 5 1 25 70
6/8 35 1 5 0 0 70 35 2 25 1 5 70 45 2 25 2 75 70 35 2 25 0 1 70 224 2 25 2 125 70 14 1 5 1 15 70 14 1 5 0 2 70 14 1 5 1 25 70
6/8 14 2 25 0 0 70 224 2 25 2 25 70 14 2 25 1 5 70 74 2 25 2 75 70 64 2 25 0 1 70 54 2 25 2 125 70 44 2 25 0 2 70 54 2 25 2 225 70 64 2 25 1 25 70 74 2 25 2 275 70
6/8 34 1 5 0 0 70 64 1 5 1 5 70 74 2 25 0 1 70 14 2 25 2 125 70 74 2 75 1 15 70 74 2 25 2 225 70 74 2 25 1 25 70 64 2 25 2 275 70
6/8 64 0 3 0 0 70
6/8 63 2 25 1 25 70 73 2 25 2 275 70
6/8 13 2 25 0 0 70 63 2 25 2 25 70 34 2 75 1 5 70 13 2 25 2 125 70 73 1 5 1 15 70 34 1 5 0 2 70 73 1 5 1 25 70
6/8 63 2 25 0 0 70 43 2 25 2 25 70 13 2 75 1 5 70 63 2 25 2 125 70 53 0 1 1 15 70 63 2 25 1 25 70 53 2 25 2 275 70
6/8 43 1 5 0 0 70 53 1 5 1 5 70 63 2 25 0 1 70 73 2 25 2 125 70 33 1 5 1 15 70 63 1 5 0 2 70 73 2 25 1 25 70 13 2 25 2 275 70
6/8 223 1 5 0 0 70 223 2 25 1 5 70 13 2 25 2 75 70 73 2 25 0 1 70 63 2 25 2 125 70 73 2 75 1 15 70 63 2 25 1 25 70 73 2 25 2 275 70
6/8 13 2 25 0 0 70 63 2 25 2 25 70 34 2 75 1 5 70 13 2 25 2 125 70 73 1 5 1 15 70 34 1 5 0 2 70 73 1 5 1 25 70
6/8 63 2 25 0 0 70 43 2 25 2 25 70 43 1 5 1 5 70 53 2 25 0 1 70 63 2 25 2 125 70 33 0 1 1 15 70 33 1 5 1 25 70
6/8 43 1 5 0 0 70 53 1 5 1 5 70 63 2 25 0 1 70 73 2 25 2 125 70 33 1 5 1 15 70 63 1 5 0 2 70 73 2 25 1 25 70 13 2 25 2 275 70
6/8 223 2 25 0 0 70 223 2 25 1 5 70 13 2 25 2 75 70 73 2 25 0 1 70 63 2 25 2 125 70 63 1 15 1 15 70
6/8 13 2 25 0 1 70 223 2 25 2 125 70 34 1 5 1 15 70 34 1 5 0 2 70 34 1 5 1 25 70
6/8 34 1 5 0 0 70 34 2 25 1 5 70 44 2 25 2 75 70 34 2 25 0 1 70 223 2 25 2 125 70 13 1 5 1 15 70 13 1 5 0 2 70 13 1 5 1 25 70
6/8 13 1 5 0 0 70 13 2 25 1 5 70 223 2 25 2 75 70 13 2 25 0 1 70 73 2 25 2 125 70 63 1 5 1 15 70 13 0 1 0 2 70 64 0 1 0 2 70 63 2 25 2 225 70 44 0 1 1 25 70 64 0 1 1 25 70 34 0 1 2 275 70 54 0 1 2 275 70
6/8 43 0 1 0 0 70 223 0 1 0 0 70 44 0 1 0 0 70 53 0 1 1 5 70 54 0 1 1 5 70 53 0 1 0 1 70 54 0 1 0 1 70 63 0 1 2 125 70 64 0 1 2 125 70 73 0 1 1 15 70 223 0 1 1 15 70 74 0 1 1 15 70 73 0 1 0 2 70 223 0 1 0 2 70 74 0 1 0 2 70 13 0 1 2 225 70 223 0 1 2 225 70 14 0 1 2 225 70 73 0 1 1 25 70 223 0 1 1 25 70 524 0 1 1 25 64 74 0 1 1 25 70 13 0 1 2 275 70 223 0 1 2 275 70 14 0 1 2 275 70
6/8 73 0 1 0 0 70 223 0 1 0 0 70 54 0 1 0 0 70 74 0 1 0 0 70 14 2 25 0 1 70 224 2 25 2 125 70 35 1 5 1 15 70 35 1 5 0 2 70 35 1 5 1 25 70
6/8 35 1 5 0 0 70 35 2 25 1 5 70 45 2 25 2 75 70 35 2 25 0 1 70 224 2 25 2 125 70 14 1 5 1 15 70 14 1 5 0 2 70 14 1 5 1 25 70
6/8 14 2 25 0 0 70 224 2 25 2 25 70 14 2 25 1 5 70 74 2 25 2 75 70 64 2 25 0 1 70 54 2 25 2 125 70 44 1 5 1 15 70 44 2 25 0 2 70 54 2 25 2 225 70 64 2 25 1 25 70 74 2 25 2 275 70
6/8 34 1 5 0 0 70 64 1 5 1 5 70 74 2 25 0 1 70 14 2 25 2 125 70 74 2 75 1 15 70 74 2 25 2 225 70 74 2 25 1 25 70 64 2 25 2 275 70
6/8 34 0 1 0 0 70 64 0 1 0 0 70
6/8 73 2 25 0 1 70 13 2 25 2 125 70 23 2 25 1 15 70 73 2 25 2 175 70 44 2 75 0 2 70 23 2 25 2 275 70
6/8 13 1 5 0 0 70 44 1 5 1 5 70 13 1 5 0 1 70 73 2 25 1 15 70 53 2 25 2 175 70 23 2 75 0 2 70 73 2 25 2 275 70
6/8 613 0 1 0 0 70 73 2 25 0 1 70 613 2 25 2 125 70 53 1 5 1 15 70 613 1 5 0 2 70 73 2 25 1 25 70 13 2 25 2 275 70
6/8 43 1 5 0 0 70 73 1 5 1 5 70 13 2 25 0 1 70 23 2 25 2 125 70 34 1 5 1 15 70 34 2 25 0 2 70 23 2 25 2 225 70 13 2 25 1 25 70 73 2 25 2 275 70
6/8 13 0 1 0 0 70 73 2 25 0 1 70 13 2 25 2 125 70 23 2 25 1 15 70 73 2 25 2 175 70 44 2 75 0 2 70 23 2 25 2 275 70
6/8 13 1 5 0 0 70 44 1 5 1 5 70 13 1 5 0 1 70 73 2 25 1 15 70 53 2 25 2 175 70 53 1 5 0 2 70 613 2 25 1 25 70 73 2 25 2 275 70
6/8 43 0 1 0 0 70 43 1 5 0 1 70 53 1 5 1 15 70 613 1 5 0 2 70 73 2 25 1 25 70 13 2 25 2 275 70
6/8 43 1 5 0 0 70 73 2 75 1 5 70 613 2 25 2 125 70 53 1 5 1 15 70 613 1 5 0 2 70 73 2 25 1 25 70 13 2 25 2 275 70
6/8 43 0 1 0 0 70 73 2 25 0 1 70 613 2 25 2 125 70 53 1 5 1 15 70 613 1 5 0 2 70 73 2 25 1 25 70 13 2 25 2 275 70
6/8 43 1 5 0 0 70 73 1 5 1 5 70 13 2 25 0 1 70 23 2 25 2 125 70 34 1 5 1 15 70 34 2 25 0 2 70 23 2 25 2 225 70 13 2 25 1 25 70 73 2 25 2 275 70
6/8 73 0 3 0 0 70
6/8 23 0 1 1 25 70 24 0 1 1 25 70 34 0 1 2 275 70 35 0 1 2 275 70
6/8 44 0 1 0 0 70 45 0 1 0 0 70 44 0 1 1 5 70 45 0 1 1 5 70 44 0 1 0 1 70 45 0 1 0 1 70 44 0 1 1 15 70 45 0 1 1 15 70 44 0 1 0 2 70 45 0 1 0 2 70 54 0 1 2 225 70 55 0 1 2 225 70 44 0 1 1 25 70 45 0 1 1 25 70 34 0 1 2 275 70 35 0 1 2 275 70
6/8 23 0 1 0 0 70 24 0 1 0 0 70 23 0 1 1 5 70 24 0 1 1 5 70 23 0 1 0 1 70 24 0 1 0 1 70 23 0 1 1 15 70 24 0 1 1 15 70 23 0 1 0 2 70 24 0 1 0 2 70 34 0 1 2 225 70 35 0 1 2 225 70 23 0 1 1 25 70 24 0 1 1 25 70 13 0 1 2 275 70 14 0 1 2 275 70
6/8 73 0 1 0 0 70 74 0 1 0 0 70 73 0 1 1 5 70 74 0 1 1 5 70 73 0 1 0 1 70 74 0 1 0 1 70 613 0 1 2 125 70 614 0 1 2 125 70 53 0 1 1 15 70 54 0 1 1 15 70 613 0 1 0 2 70 614 0 1 0 2 70 613 0 1 1 25 70 614 0 1 1 25 70 73 0 1 2 275 70 74 0 1 2 275 70
6/8 13 0 1 0 0 70 34 0 1 0 0 70 14 0 1 0 0 70 13 0 1 1 5 70 34 0 1 1 5 70 14 0 1 1 5 70 23 0 1 2 75 70 34 0 1 2 75 70 24 0 1 2 75 70 13 0 1 0 1 70 34 0 1 0 1 70 64 0 1 0 1 64 14 0 1 0 1 70 23 0 1 2 125 70 34 0 1 2 125 70 24 0 1 2 125 70 13 0 1 1 15 70 34 0 1 1 15 70 614 0 1 1 15 64 14 0 1 1 15 70 23 0 1 1 25 70 24 0 1 1 25 70 34 0 1 2 275 70 35 0 1 2 275 70
6/8 44 0 1 0 0 70 45 0 1 0 0 70 44 0 1 1 5 70 45 0 1 1 5 70 44 0 1 0 1 70 45 0 1 0 1 70 44 0 1 1 15 70 45 0 1 1 15 70 44 0 1 0 2 70 45 0 1 0 2 70 54 0 1 2 225 70 55 0 1 2 225 70 44 0 1 1 25 70 45 0 1 1 25 70 34 0 1 2 275 70 35 0 1 2 275 70
6/8 23 0 1 0 0 70 24 0 1 0 0 70 23 0 1 1 5 70 24 0 1 1 5 70 23 0 1 0 1 70 24 0 1 0 1 70 23 0 1 1 15 70 24 0 1 1 15 70 34 0 1 2 175 70 35 0 1 2 175 70 23 0 1 0 2 70 24 0 1 0 2 70 13 0 1 2 225 70 14 0 1 2 225 70 73 0 1 1 25 70 74 0 1 1 25 70 613 0 1 2 275 70 614 0 1 2 275 70
6/8 53 0 1 1 5 70 54 0 1 1 5 70 613 0 1 2 75 70 614 0 1 2 75 70 73 0 1 0 1 70 74 0 1 0 1 70 13 0 1 2 125 70 14 0 1 2 125 70 43 0 1 1 15 70 73 0 1 1 15 70 44 0 1 1 15 70 73 0 1 0 2 70 74 0 1 0 2 70 13 0 1 1 25 70 14 0 1 1 25 70 23 0 1 2 275 70 24 0 1 2 275 70
6/8 13 0 1 0 0 70 14 0 1 0 0 70 13 0 1 2 75 70 14 0 1 2 75 70 13 0 1 0 1 70 14 0 1 0 1 70 73 0 1 2 125 70 74 0 1 2 125 70 73 0 1 1 15 70 23 0 1 1 15 64 44 0 1 1 15 64 74 0 1 1 15 70
6/8 73 0 1 0 0 70 23 0 1 0 0 64 44 0 1 0 0 64 74 0 1 0 0 70
6/8 73 0 1 1 15 64 23 0 1 1 15 64 44 0 1 1 15 64 74 0 1 1 15 64
6/8
6/8 63 2 25 1 25 70 73 2 25 2 275 70
6/8 13 2 25 0 0 70 63 2 25 2 25 70 34 2 75 1 5 70 13 2 25 2 125 70 73 1 5 1 15 70 34 1 5 0 2 70 73 1 5 1 25 70
6/8 63 2 25 0 0 70 43 2 25 2 25 70 13 2 75 1 5 70 63 2 25 2 125 70 53 0 1 1 15 70 63 2 25 1 25 70 53 2 25 2 275 70
6/8 43 1 5 0 0 70 53 1 5 1 5 70 63 2 25 0 1 70 73 2 25 2 125 70 33 1 5 1 15 70 63 1 5 0 2 70 73 2 25 1 25 70 13 2 25 2 275 70
6/8 223 1 5 0 0 70 223 2 25 1 5 70 13 2 25 2 75 70 73 2 25 0 1 70 63 2 25 2 125 70 73 2 75 1 15 70 63 2 25 1 25 70 73 2 25 2 275 70
6/8 13 2 25 0 0 70 63 2 25 2 25 70 34 2 75 1 5 70 13 2 25 2 125 70 73 1 5 1 15 70 34 1 5 0 2 70 73 1 5 1 25 70
6/8 63 2 25 0 0 70 43 2 25 2 25 70 43 1 5 1 5 70 53 2 25 0 1 70 63 2 25 2 125 70 33 0 1 1 15 70 33 2 25 2 275 70
6/8 43 1 5 0 0 70 53 1 5 1 5 70 63 2 25 0 1 70 73 2 25 2 125 70 33 1 5 1 15 70 63 1 5 0 2 70 73 2 25 1 25 70 13 2 25 2 275 70
6/8 223 2 25 0 0 70 223 2 25 1 5 70 13 2 25 2 75 70 73 2 25 0 1 70 63 2 25 2 125 70 63 1 15 1 15 70
6/8 13 2 25 0 1 70 223 2 25 2 125 70 34 1 5 1 15 70 34 1 5 0 2 70 34 1 5 1 25 70
6/8 34 1 5 0 0 70 34 2 25 1 5 70 44 2 25 2 75 70 34 2 25 0 1 70 223 2 25 2 125 70 13 1 5 1 15 70 13 1 5 0 2 70 13 1 5 1 25 70
6/8 13 1 5 0 0 70 13 2 25 1 5 70 223 2 25 2 75 70 13 2 25 0 1 70 73 2 25 2 125 70 63 2 25 1 15 70 63 2 25 0 2 70 63 2 25 1 25 70 53 2 25 2 275 70
6/8 43 1 5 0 0 70 53 1 5 1 5 70 53 2 25 0 1 70 63 2 25 2 125 70 73 2 25 1 15 70 73 2 25 0 2 70 13 2 25 2 225 70 73 2 25 1 25 70 13 2 25 2 275 70
6/8 73 2 75 0 0 70 13 2 25 0 1 70 223 2 25 2 125 70 34 1 5 1 15 70 34 1 5 0 2 70 34 1 5 1 25 70
6/8 34 1 5 0 0 70 34 2 25 1 5 70 44 2 25 2 75 70 34 2 25 0 1 70 223 2 25 2 125 70 13 1 5 1 15 70 13 1 5 0 2 70 13 1 5 1 25 70
6/8 13 2 25 0 0 70 223 2 25 2 25 70 13 2 25 1 5 70 73 2 25 2 75 70 63 2 25 0 1 70 53 2 25 2 125 70 43 2 25 2 175 70 43 2 25 0 2 70 53 2 25 2 225 70 63 2 25 1 25 70 73 2 25 2 275 70
6/8 33 1 5 0 0 70 63 1 5 1 5 70 73 2 25 0 1 70 13 2 25 2 125 70 73 2 75 1 15 70 73 2 25 2 225 70 73 2 25 1 25 70 63 2 25 2 275 70
6/8 63 2 75 0 0 70
6/8 64 2 25 0 1 70 74 2 25 2 125 70 14 2 25 1 15 70 64 2 25 2 175 70 35 2 75 0 2 70 14 2 25 2 275 70
6/8 74 1 5 0 0 70 35 1 5 1 5 70 74 1 5 0 1 70 64 2 25 1 15 70 44 2 25 2 175 70 14 2 75 0 2 70 64 2 25 2 275 70
6/8 54 0 1 0 0 70 64 2 25 0 1 70 54 2 25 2 125 70 44 1 5 1 15 70 54 1 5 0 2 70 64 2 25 1 25 70 74 2 25 2 275 70
6/8 34 1 5 0 0 70 64 1 5 1 5 70 74 2 25 0 1 70 14 2 25 2 125 70 224 1 5 1 15 70 224 2 25 0 2 70 14 2 25 2 225 70 74 2 25 1 25 70 64 2 25 2 275 70
6/8 74 2 75 0 0 70 64 2 25 0 1 70 74 2 25 2 125 70 14 2 25 1 15 70 64 2 25 2 175 70 35 2 75 0 2 70 14 2 25 2 275 70
6/8 74 1 5 0 0 70 35 1 5 1 5 70 74 1 5 0 1 70 64 2 25 1 15 70 44 2 25 2 175 70 44 1 5 0 2 70 54 2 25 1 25 70 64 2 25 2 275 70
6/8 34 2 75 0 0 70 34 1 5 0 1 70 44 1 5 1 15 70 54 1 5 0 2 70 64 2 25 1 25 70 74 2 25 2 275 70
6/8 34 1 5 0 0 70 64 1 5 1 5 70 74 2 25 0 1 70 14 2 25 2 125 70 224 2 25 1 15 70 224 2 25 0 2 70 14 2 25 2 225 70 74 2 25 1 25 70 64 2 25 2 275 70
6/8 64 1 15 0 0 70
6/8 14 2 25 0 1 70 224 2 25 2 125 70 35 1 5 1 15 70 35 1 5 0 2 70 35 1 5 1 25 70
6/8 35 1 5 0 0 70 35 2 25 1 5 70 45 2 25 2 75 70 35 2 25 0 1 70 224 2 25 2 125 70 14 1 5 1 15 70 14 1 5 0 2 70 14 1 5 1 25 70
6/8 14 1 5 0 0 70 14 2 25 1 5 70 224 2 25 2 75 70 14 2 25 0 1 70 74 2 25 2 125 70 64 2 25 1 15 70 64 2 25 0 2 70 64 2 25 1 25 70 54 2 25 2 275 70
6/8 44 1 5 0 0 70 54 1 5 1 5 70 54 2 25 0 1 70 64 2 25 2 125 70 74 2 25 1 15 70 74 2 25 0 2 70 14 2 25 2 225 70 74 2 25 1 25 70 14 2 25 2 275 70
6/8 74 2 75 0 0 70 14 2 25 0 1 70 224 2 25 2 125 70 35 1 5 1 15 70 35 1 5 0 2 70 35 1 5 1 25 70
6/8 35 1 5 0 0 70 35 2 25 1 5 70 45 2 25 2 75 70 35 2 25 0 1 70 224 2 25 2 125 70 14 1 5 1 15 70 14 1 5 0 2 70 14 1 5 1 25 70
6/8 14 2 25 0 0 70 224 2 25 2 25 70 14 2 25 1 5 70 74 2 25 2 75 70 64 2 25 0 1 70 54 2 25 2 125 70 44 2 25 0 2 70 54 2 25 2 225 70 64 2 25 1 25 70 74 2 25 2 275 70
6/8 34 1 5 0 0 70 64 1 5 1 5 70 74 2 25 0 1 70 14 2 25 2 125 70 74 2 75 1 15 70 74 2 25 2 225 70 74 2 25 1 25 70 64 2 25 2 275 70
6/8 64 0 3 0 0 70
6/8 63 2 25 1 25 70 73 2 25 2 275 70
6/8 13 2 25 0 0 70 63 2 25 2 25 70 34 2 75 1 5 70 13 2 25 2 125 70 73 1 5 1 15 70 34 1 5 0 2 70 73 1 5 1 25 70
6/8 63 2 25 0 0 70 43 2 25 2 25 70 13 2 75 1 5 70 63 2 25 2 125 70 53 0 1 1 15 70 63 2 25 1 25 70 53 2 25 2 275 70
6/8 43 1 5 0 0 70 53 1 5 1 5 70 63 2 25 0 1 70 73 2 25 2 125 70 33 1 5 1 15 70 63 1 5 0 2 70 73 2 25 1 25 70 13 2 25 2 275 70
6/8 223 1 5 0 0 70 223 2 25 1 5 70 13 2 25 2 75 70 73 2 25 0 1 70 63 2 25 2 125 70 73 2 75 1 15 70 63 2 25 1 25 70 73 2 25 2 275 70
6/8 13 2 25 0 0 70 63 2 25 2 25 70 34 2 75 1 5 70 13 2 25 2 125 70 73 1 5 1 15 70 34 1 5 0 2 70 73 1 5 1 25 70
6/8 63 2 25 0 0 70 43 2 25 2 25 70 43 1 5 1 5 70 53 2 25 0 1 70 63 2 25 2 125 70 33 0 1 1 15 70 33 1 5 1 25 70
6/8 43 1 5 0 0 70 53 1 5 1 5 70 63 2 25 0 1 70 73 2 25 2 125 70 33 1 5 1 15 70 63 1 5 0 2 70 73 2 25 1 25 70 13 2 25 2 275 70
6/8 223 2 25 0 0 70 223 2 25 1 5 70 13 2 25 2 75 70 73 2 25 0 1 70 63 2 25 2 125 70 63 1 15 1 15 70
6/8 13 2 25 0 1 70 223 2 25 2 125 70 34 1 5 1 15 70 34 1 5 0 2 70 34 1 5 1 25 70
6/8 34 1 5 0 0 70 34 2 25 1 5 70 44 2 25 2 75 70 34 2 25 0 1 70 223 2 25 2 125 70 13 1 5 1 15 70 13 1 5 0 2 70 13 1 5 1 25 70
6/8 13 1 5 0 0 70 13 2 25 1 5 70 223 2 25 2 75 70 13 2 25 0 1 70 73 2 25 2 125 70 63 1 5 1 15 70 13 0 1 0 2 70 64 0 1 0 2 70 63 2 25 2 225 70 44 0 1 1 25 70 64 0 1 1 25 70 34 0 1 2 275 70 54 0 1 2 275 70
6/8 43 0 1 0 0 70 223 0 1 0 0 70 44 0 1 0 0 70 53 0 1 1 5 70 54 0 1 1 5 70 53 0 1 0 1 70 54 0 1 0 1 70 63 0 1 2 125 70 64 0 1 2 125 70 73 0 1 1 15 70 223 0 1 1 15 70 74 0 1 1 15 70 73 0 1 0 2 70 223 0 1 0 2 70 74 0 1 0 2 70 13 0 1 2 225 70 223 0 1 2 225 70 14 0 1 2 225 70 73 0 1 1 25 70 223 0 1 1 25 70 524 0 1 1 25 64 74 0 1 1 25 70 13 0 1 2 275 70 223 0 1 2 275 70 14 0 1 2 275 70
6/8 73 0 1 0 0 70 223 0 1 0 0 70 54 0 1 0 0 70 74 0 1 0 0 70 14 2 25 0 1 70 224 2 25 2 125 70 35 1 5 1 15 70 35 1 5 0 2 70 35 1 5 1 25 70
6/8 35 1 5 0 0 70 35 2 25 1 5 70 45 2 25 2 75 70 35 2 25 0 1 70 224 2 25 2 125 70 14 1 5 1 15 70 14 1 5 0 2 70 14 1 5 1 25 70
6/8 14 2 25 0 0 70 224 2 25 2 25 70 14 2 25 1 5 70 74 2 25 2 75 70 64 2 25 0 1 70 54 2 25 2 125 70 44 1 5 1 15 70 44 2 25 0 2 70 54 2 25 2 225 70 64 2 25 1 25 70 74 2 25 2 275 70
6/8 34 1 5 0 0 70 64 1 5 1 5 70 74 2 25 0 1 70 14 2 25 2 125 70 74 2 75 1 15 70 74 2 25 2 225 70 74 2 25 1 25 70 64 2 25 2 275 70
6/8 34 0 1 0 0 70 64 0 1 0 0 70
6/8 73 2 25 0 1 70 13 2 25 2 125 70 23 2 25 1 15 70 73 2 25 2 175 70 44 2 75 0 2 70 23 2 25 2 275 70
6/8 13 1 5 0 0 70 44 1 5 1 5 70 13 1 5 0 1 70 73 2 25 1 15 70 53 2 25 2 175 70 23 2 75 0 2 70 73 2 25 2 275 70
6/8 613 0 1 0 0 70 73 2 25 0 1 70 613 2 25 2 125 70 53 1 5 1 15 70 613 1 5 0 2 70 73 2 25 1 25 70 13 2 25 2 275 70
6/8 43 1 5 0 0 70 73 1 5 1 5 70 13 2 25 0 1 70 23 2 25 2 125 70 34 1 5 1 15 70 34 2 25 0 2 70 23 2 25 2 225 70 13 2 25 1 25 70 73 2 25 2 275 70
6/8 13 0 1 0 0 70 73 2 25 0 1 70 13 2 25 2 125 70 23 2 25 1 15 70 73 2 25 2 175 70 44 2 75 0 2 70 23 2 25 2 275 70
6/8 13 1 5 0 0 70 44 1 5 1 5 70 13 1 5 0 1 70 73 2 25 1 15 70 53 2 25 2 175 70 53 1 5 0 2 70 613 2 25 1 25 70 73 2 25 2 275 70
6/8 43 0 1 0 0 70 43 1 5 0 1 70 53 1 5 1 15 70 613 1 5 0 2 70 73 2 25 1 25 70 13 2 25 2 275 70
6/8 43 1 5 0 0 70 73 2 75 1 5 70 613 2 25 2 125 70 53 1 5 1 15 70 613 1 5 0 2 70 73 2 25 1 25 70 13 2 25 2 275 70
6/8 43 0 1 0 0 70 73 2 25 0 1 70 613 2 25 2 125 70 53 1 5 1 15 70 613 1 5 0 2 70 73 2 25 1 25 70 13 2 25 2 275 70
6/8 43 1 5 0 0 70 73 1 5 1 5 70 13 2 25 0 1 70 23 2 25 2 125 70 34 1 5 1 15 70 34 2 25 0 2 70 23 2 25 2 225 70 13 2 25 1 25 70 73 2 25 2 275 70
6/8 73 0 3 0 0 70
6/8 23 0 1 1 25 70 24 0 1 1 25 70 34 0 1 2 275 70 35 0 1 2 275 70
6/8 44 0 1 0 0 70 45 0 1 0 0 70 44 0 1 1 5 70 45 0 1 1 5 70 44 0 1 0 1 70 45 0 1 0 1 70 44 0 1 1 15 70 45 0 1 1 15 70 44 0 1 0 2 70 45 0 1 0 2 70 54 0 1 2 225 70 55 0 1 2 225 70 44 0 1 1 25 70 45 0 1 1 25 70 34 0 1 2 275 70 35 0 1 2 275 70
6/8 23 0 1 0 0 70 24 0 1 0 0 70 23 0 1 1 5 70 24 0 1 1 5 70 23 0 1 0 1 70 24 0 1 0 1 70 23 0 1 1 15 70 24 0 1 1 15 70 23 0 1 0 2 70 24 0 1 0 2 70 34 0 1 2 225 70 35 0 1 2 225 70 23 0 1 1 25 70 24 0 1 1 25 70 13 0 1 2 275 70 14 0 1 2 275 70
6/8 73 0 1 0 0 70 74 0 1 0 0 70 73 0 1 1 5 70 74 0 1 1 5 70 73 0 1 0 1 70 74 0 1 0 1 70 613 0 1 2 125 70 614 0 1 2 125 70 53 0 1 1 15 70 54 0 1 1 15 70 613 0 1 0 2 70 614 0 1 0 2 70 613 0 1 1 25 70 614 0 1 1 25 70 73 0 1 2 275 70 74 0 1 2 275 70
6/8 13 0 1 0 0 70 34 0 1 0 0 70 14 0 1 0 0 70 13 0 1 1 5 70 34 0 1 1 5 70 14 0 1 1 5 70 23 0 1 2 75 70 34 0 1 2 75 70 24 0 1 2 75 70 13 0 1 0 1 70 34 0 1 0 1 70 64 0 1 0 1 64 14 0 1 0 1 70 23 0 1 2 125 70 34 0 1 2 125 70 24 0 1 2 125 70 13 0 1 1 15 70 34 0 1 1 15 70 614 0 1 1 15 64 14 0 1 1 15 70 23 0 1 1 25 70 24 0 1 1 25 70 34 0 1 2 275 70 35 0 1 2 275 70
6/8 44 0 1 0 0 70 45 0 1 0 0 70 44 0 1 1 5 70 45 0 1 1 5 70 44 0 1 0 1 70 45 0 1 0 1 70 44 0 1 1 15 70 45 0 1 1 15 70 44 0 1 0 2 70 45 0 1 0 2 70 54 0 1 2 225 70 55 0 1 2 225 70 44 0 1 1 25 70 45 0 1 1 25 70 34 0 1 2 275 70 35 0 1 2 275 70
6/8 23 0 1 0 0 70 24 0 1 0 0 70 23 0 1 1 5 70 24 0 1 1 5 70 23 0 1 0 1 70 24 0 1 0 1 70 23 0 1 1 15 70 24 0 1 1 15 70 34 0 1 2 175 70 35 0 1 2 175 70 23 0 1 0 2 70 24 0 1 0 2 70 13 0 1 2 225 70 14 0 1 2 225 70 73 0 1 1 25 70 74 0 1 1 25 70 613 0 1 2 275 70 614 0 1 2 275 70
6/8 53 0 1 1 5 70 54 0 1 1 5 70 613 0 1 2 75 70 614 0 1 2 75 70 73 0 1 0 1 70 74 0 1 0 1 70 13 0 1 2 125 70 14 0 1 2 125 70 43 0 1 1 15 70 73 0 1 1 15 70 44 0 1 1 15 70 73 0 1 0 2 70 74 0 1 0 2 70 13 0 1 1 25 70 14 0 1 1 25 70 23 0 1 2 275 70 24 0 1 2 275 70
6/8 13 0 1 0 0 70 14 0 1 0 0 70 13 0 1 2 75 70 14 0 1 2 75 70 13 0 1 0 1 70 14 0 1 0 1 70 73 0 1 2 125 70 74 0 1 2 125 70 73 0 1 1 15 70 23 0 1 1 15 64 44 0 1 1 15 64 74 0 1 1 15 70
6/8 73 0 1 0 0 70 23 0 1 0 0 64 44 0 1 0 0 64 74 0 1 0 0 70
6/8 73 0 1 1 15 64 23 0 1 1 15 64 44 0 1 1 15 64 74 0 1 1 15 64
6/8
6/8
6/8
6/8
6/8
6/8
6/8
6/8
6/8
6/8
6/8
6/8
6/8
6/8
6/8
6/8
6/8
6/8
6/8
6/8 13 1 15 1 15 40
6/8 73 1 15 0 0 40 63 1 15 1 15 40
6/8 53 1 15 0 0 40 43 1 15 1 15 40
6/8 33 0 1 0 0 40 73 2 25 0 1 40 13 2 25 2 125 40 223 1 5 1 15 40 34 1 5 0 2 40 44 1 5 1 25 40
6/8 34 0 1 0 0 40 13 1 15 1 15 40
6/8 73 1 15 0 0 40 63 1 5 1 15 40 73 1 5 0 2 40 63 1 5 1 25 40
6/8 53 0 1 0 0 40 13 1 5 0 1 40 223 0 1 1 15 40 223 1 5 1 25 40
6/8 13 0 1 0 0 40 13 1 5 0 1 40 223 1 5 1 15 40 44 1 5 0 2 40 223 1 5 1 25 40
6/8 13 1 15 0 0 40
6/8 34 1 5 0 1 40 64 1 5 1 15 40 64 1 5 0 2 40 64 1 5 1 25 40
6/8 54 0 1 0 0 40 44 1 5 1 15 40 44 1 5 0 2 40 44 1 5 1 25 40
6/8 34 0 1 0 0 40 13 0 1 1 15 40 13 1 5 1 25 40
6/8 63 0 1 0 0 40 73 1 5 0 1 40 223 0 1 1 15 40 223 1 5 1 25 40
6/8 34 0 1 0 0 40 54 1 5 0 1 40 34 0 1 1 15 40 64 0 1 1 15 40 34 0 1 0 2 40 14 0 1 0 2 40 34 0 1 1 25 40 64 0 1 1 25 40
6/8 34 0 1 0 0 40 54 0 1 0 0 40 13 0 1 1 15 40 44 0 1 1 15 40 13 0 1 0 2 40 64 0 1 0 2 40 13 0 1 1 25 40 44 0 1 1 25 40
6/8 13 0 1 0 0 40 34 0 1 0 0 40 223 1 5 0 2 40 223 1 5 1 25 40
6/8 13 0 1 0 0 40 13 1 5 0 1 40 223 0 1 1 15 40 34 1 5 1 25 40
6/8 13 0 3 0 0 40
6/8
6/8 64 1 15 1 5 40 54 0 1 0 2 40
6/8 54 1 5 0 0 40 44 1 15 1 5 40 34 0 1 0 2 40
6/8 34 1 5 0 0 40 223 1 15 1 5 40 13 0 1 0 2 40
6/8 44 1 5 0 0 40 54 1 5 1 5 40 64 1 5 0 1 40 54 2 25 1 15 40 23 2 25 2 175 40 34 1 5 0 2 40
6/8 64 1 15 1 5 40 54 0 1 0 2 40
6/8 44 1 5 0 0 40 54 1 5 1 5 40 64 1 5 0 1 40 34 0 1 1 15 40 34 1 5 1 25 40
6/8 44 1 5 0 0 40 34 1 5 1 5 40 223 1 5 0 1 40 13 1 5 1 15 40 64 0 1 0 2 40
6/8 224 1 5 0 0 40 14 1 5 1 5 40 74 1 5 0 1 40 64 1 15 1 15 40
6/8 35 1 5 0 2 40 35 1 5 1 25 40
6/8 35 1 15 0 0 40 14 1 5 0 2 40 14 1 5 1 25 40
6/8 14 1 15 0 0 40
6/8
6/8 64 0 1 1 15 40 14 0 1 1 15 40
6/8 54 0 1 0 0 40 74 0 1 0 0 40 44 0 1 1 15 40 64 0 1 1 15 40
6/8 34 0 1 0 0 40 54 0 1 0 0 40 223 2 25 1 15 40 63 2 25 2 175 40 223 0 1 0 2 40
6/8 13 2 25 0 0 40 63 2 25 2 25 40 13 0 1 1 5 40 44 2 25 1 15 40 223 2 25 2 175 40 223 1 5 0 2 40 34 2 25 1 25 40 13 2 25 2 275 40
6/8 13 1 15 0 0 40
6/8
6/8
6/8
6/8
6/8
6/8
6/8
6/8
6/8
6/8
6/8
6/8
6/8 74 1 15 0 0 40 614 1 15 1 15 40
6/8 54 1 15 0 0 40 44 1 15 1 15 40
6/8 23 1 15 0 0 40 34 1 15 1 15 40
6/8
6/8 74 1 15 0 0 40 614 1 15 1 15 40
6/8 54 1 15 0 0 40 44 1 15 1 15 40
6/8 34 1 5 1 5 40 34 1 5 0 1 40 23 0 1 1 15 40 44 1 5 1 25 40
6/8 34 0 1 0 0 40 34 1 5 0 1 40
6/8
6/8
6/8
6/8
6/8
6/8
6/8
6/8
6/8
6/8
6/8
6/8
6/8
6/8
6/8
6/8
6/8
6/8
6/8
6/8
6/8
6/8 13 1 15 1 15 40
6/8 73 1 15 0 0 40 63 1 15 1 15 40
6/8 53 1 15 0 0 40 43 1 15 1 15 40
6/8 33 0 1 0 0 40 73 2 25 0 1 40 13 2 25 2 125 40 223 1 5 1 15 40 34 1 5 0 2 40 44 1 5 1 25 40
6/8 34 0 1 0 0 40 13 1 15 1 15 40
6/8 73 1 15 0 0 40 63 1 5 1 15 40 73 1 5 0 2 40 63 1 5 1 25 40
6/8 53 0 1 0 0 40 13 1 5 0 1 40 223 0 1 1 15 40 223 1 5 1 25 40
6/8 13 0 1 0 0 40 13 1 5 0 1 40 223 1 5 1 15 40 44 1 5 0 2 40 223 1 5 1 25 40
6/8 13 1 15 0 0 40
6/8 34 1 5 0 1 40 64 1 5 1 15 40 64 1 5 0 2 40 64 1 5 1 25 40
6/8 54 0 1 0 0 40 44 1 5 1 15 40 44 1 5 0 2 40 44 1 5 1 25 40
6/8 34 0 1 0 0 40 13 0 1 1 15 40 13 1 5 1 25 40
6/8 63 0 1 0 0 40 73 1 5 0 1 40 223 0 1 1 15 40 223 1 5 1 25 40
6/8 34 0 1 0 0 40 54 1 5 0 1 40 34 0 1 1 15 40 64 0 1 1 15 40 34 0 1 0 2 40 14 0 1 0 2 40 34 0 1 1 25 40 64 0 1 1 25 40
6/8 34 0 1 0 0 40 54 0 1 0 0 40 13 0 1 1 15 40 44 0 1 1 15 40 13 0 1 0 2 40 64 0 1 0 2 40 13 0 1 1 25 40 44 0 1 1 25 40
6/8 13 0 1 0 0 40 34 0 1 0 0 40 223 1 5 0 2 40 223 1 5 1 25 40
6/8 13 0 1 0 0 40 13 1 5 0 1 40 223 0 1 1 15 40 34 1 5 1 25 40
6/8 13 0 3 0 0 40
6/8
6/8 64 1 15 1 5 40 54 0 1 0 2 40
6/8 54 1 5 0 0 40 44 1 15 1 5 40 34 0 1 0 2 40
6/8 34 1 5 0 0 40 223 1 15 1 5 40 13 0 1 0 2 40
6/8 44 1 5 0 0 40 54 1 5 1 5 40 64 1 5 0 1 40 54 2 25 1 15 40 23 2 25 2 175 40 34 1 5 0 2 40
6/8 64 1 15 1 5 40 54 0 1 0 2 40
6/8 44 1 5 0 0 40 54 1 5 1 5 40 64 1 5 0 1 40 34 0 1 1 15 40 34 1 5 1 25 40
6/8 44 1 5 0 0 40 34 1 5 1 5 40 223 1 5 0 1 40 13 1 5 1 15 40 64 0 1 0 2 40
6/8 224 1 5 0 0 40 14 1 5 1 5 40 74 1 5 0 1 40 64 1 15 1 15 40
6/8 35 1 5 0 2 40 35 1 5 1 25 40
6/8 35 1 15 0 0 40 14 1 5 0 2 40 14 1 5 1 25 40
6/8 14 1 15 0 0 40
6/8
6/8 64 0 1 1 15 40 14 0 1 1 15 40
6/8 54 0 1 0 0 40 74 0 1 0 0 40 44 0 1 1 15 40 64 0 1 1 15 40
6/8 34 0 1 0 0 40 54 0 1 0 0 40 223 2 25 1 15 40 63 2 25 2 175 40 223 0 1 0 2 40
6/8 13 2 25 0 0 40 63 2 25 2 25 40 13 0 1 1 5 40 44 2 25 1 15 40 223 2 25 2 175 40 223 1 5 0 2 40 34 2 25 1 25 40 13 2 25 2 275 40
6/8 13 1 15 0 0 40
6/8
6/8
6/8
6/8
6/8
6/8
6/8
6/8
6/8
6/8
6/8
6/8
6/8 74 1 15 0 0 40 614 1 15 1 15 40
6/8 54 1 15 0 0 40 44 1 15 1 15 40
6/8 23 1 15 0 0 40 34 1 15 1 15 40
6/8
6/8 74 1 15 0 0 40 614 1 15 1 15 40
6/8 54 1 15 0 0 40 44 1 15 1 15 40
6/8 34 1 5 1 5 40 34 1 5 0 1 40 23 0 1 1 15 40 44 1 5 1 25 40
6/8 34 0 1 0 0 40 34 1 5 0 1 40
