4/4 524 0 1 0 0 75 74 0 1 0 0 75 23 0 1 0 0 75 33 0 1 0 0 66 33 0 1 0 1 74 33 0 1 0 2 71 33 0 1 0 3 71
4/4 44 0 1 0 0 70 613 0 1 0 0 70 223 1 15 0 0 68 33 0 1 0 0 72 33 0 1 0 1 74 13 1 15 1 15 64 33 0 1 0 2 67 713 0 1 0 3 74 32 0 1 0 3 72
4/4 524 0 1 0 0 88 74 0 1 0 0 88 23 0 1 0 0 88 33 0 1 0 0 82 33 0 1 0 1 86 33 0 1 0 2 80 33 0 1 0 3 80
4/4 44 0 1 0 0 73 613 0 1 0 0 73 223 1 15 0 0 78 33 0 1 0 0 82 33 0 1 0 1 84 13 1 15 1 15 76 33 0 1 0 2 86 713 0 1 0 3 78 32 0 1 0 3 80
4/4 73 0 1 0 0 79 713 0 1 0 0 79 314 0 1 0 0 79 63 0 1 0 0 79 33 0 1 0 0 88 33 0 1 0 1 85 23 0 1 0 2 75 523 0 1 0 2 75 33 0 1 0 2 87 33 0 1 0 3 85
4/4 33 0 1 0 0 86 64 0 3 0 1 75 73 0 1 0 1 66 713 0 1 0 1 66 314 0 1 0 1 66 32 0 1 0 1 88 23 0 1 0 2 80 524 0 1 0 2 80 32 0 1 0 2 81
4/4 32 3 333 0 0 73 33 3 333 0 1 93 32 3 333 0 2 75 33 3 333 0 3 94
4/4 32 3 333 0 0 73 33 3 333 0 1 91 32 3 333 0 2 71 33 3 333 0 3 95
4/4 34 0 1 0 0 70 32 3 333 0 0 79 34 0 1 0 1 96 524 0 1 0 1 96 74 0 1 0 1 96 32 0 1 0 1 89 34 0 1 1 15 86 524 0 1 1 15 86 73 0 1 1 15 86 34 0 1 0 2 80 44 0 1 0 2 80 613 0 1 0 2 80 32 3 333 0 2 73 34 0 1 0 3 87 524 0 1 0 3 87 73 0 1 0 3 87 33 3 333 0 3 90
4/4 34 0 1 0 0 86 64 0 1 0 0 86 714 0 1 0 0 86 31 0 1 0 0 73 34 0 1 0 1 83 64 0 1 0 1 83 714 0 1 0 1 83 32 0 1 0 1 89 34 0 1 1 15 74 524 0 1 1 15 74 73 0 1 1 15 74 23 0 1 0 2 76 44 0 1 0 2 76 63 0 1 0 2 76 32 3 333 0 2 75 34 0 1 0 3 80 524 0 1 0 3 80 32 0 1 0 3 91 23 0 1 1 35 75 43 0 1 1 35 75
4/4 34 0 1 0 0 75 32 3 333 0 0 76 34 0 1 0 1 99 524 0 1 0 1 99 74 0 1 0 1 99 32 0 1 0 1 97 34 0 1 1 15 89 524 0 1 1 15 89 73 0 1 1 15 89 34 0 1 0 2 77 44 0 1 0 2 77 613 0 1 0 2 77 32 3 333 0 2 76 34 0 1 0 3 88 524 0 1 0 3 88 73 0 1 0 3 88 33 3 333 0 3 93
4/4 34 0 1 0 0 91 64 0 1 0 0 91 714 0 1 0 0 91 31 0 1 0 0 75 34 0 1 0 1 87 64 0 1 0 1 87 714 0 1 0 1 87 32 0 1 0 1 97 34 0 1 1 15 82 524 0 1 1 15 82 73 0 1 1 15 82 23 0 1 0 2 79 44 0 1 0 2 79 63 0 1 0 2 79 32 3 333 0 2 70 34 0 1 0 3 77 524 0 1 0 3 77 32 0 1 0 3 91 23 0 1 1 35 80 44 0 1 1 35 80 63 0 1 1 35 80
4/4 524 0 1 0 0 90 74 0 1 0 0 90 31 0 1 0 0 75 44 0 1 1 5 84 63 0 1 1 5 84 34 0 1 0 1 82 524 0 1 0 1 82 32 0 1 0 1 94 23 0 1 1 15 80 43 0 1 1 15 80 73 0 1 0 2 78 34 0 1 0 2 78 31 0 1 0 2 72 34 0 1 0 3 93 524 0 1 0 3 93 32 0 1 0 3 91
4/4 613 0 1 0 0 81 44 0 1 0 0 81 71 0 1 0 0 80 34 1 5 1 5 73 613 0 1 0 1 77 223 0 1 0 1 77 71 0 1 0 1 83 13 2 25 1 15 83 73 0 1 0 2 89 71 0 1 0 2 91
4/4 64 0 1 0 0 75 62 3 333 0 0 75 64 0 1 0 1 94 714 0 1 0 1 94 35 0 1 0 1 94 62 0 1 0 1 94 64 0 1 1 15 82 714 0 1 1 15 82 34 0 1 1 15 82 64 0 1 0 2 78 74 0 1 0 2 78 23 0 1 0 2 78 62 3 333 0 2 72 64 0 1 0 3 81 714 0 1 0 3 81 34 0 1 0 3 81 63 3 333 0 3 98
4/4 64 0 1 0 0 89 224 0 1 0 0 89 315 0 1 0 0 89 61 0 1 0 0 73 64 0 1 0 1 81 224 0 1 0 1 81 315 0 1 0 1 81 62 0 1 0 1 96 64 0 1 1 15 81 714 0 1 1 15 81 34 0 1 1 15 81 54 0 1 0 2 77 74 0 1 0 2 77 223 0 1 0 2 77 62 3 333 0 2 70 64 0 1 0 3 69 714 0 1 0 3 69 62 0 1 0 3 92 54 0 1 1 35 78 73 0 1 1 35 78
4/4 64 0 1 0 0 81 62 3 333 0 0 76 64 0 1 0 1 100 714 0 1 0 1 100 35 0 1 0 1 100 62 0 1 0 1 96 64 0 1 1 15 88 714 0 1 1 15 88 34 0 1 1 15 88 64 0 1 0 2 79 74 0 1 0 2 79 23 0 1 0 2 79 62 3 333 0 2 70 64 0 1 0 3 83 714 0 1 0 3 83 34 0 1 0 3 83 63 3 333 0 3 97
4/4 64 0 1 0 0 91 224 0 1 0 0 91 315 0 1 0 0 91 61 0 1 0 0 74 64 0 1 0 1 80 224 0 1 0 1 80 315 0 1 0 1 80 62 0 1 0 1 88 64 0 1 1 15 82 714 0 1 1 15 82 34 0 1 1 15 82 54 0 1 0 2 78 74 0 1 0 2 78 223 0 1 0 2 78 62 3 333 0 2 77 64 0 1 0 3 74 714 0 1 0 3 74 62 0 1 0 3 91 74 0 1 1 35 83 223 0 1 1 35 83
4/4 34 0 1 0 0 88 714 0 1 0 0 88 35 0 1 0 0 88 61 0 1 0 0 72 74 0 1 1 5 81 223 0 1 1 5 81 34 0 1 0 1 79 64 0 1 0 1 79 714 0 1 0 1 79 62 0 1 0 1 92 34 0 1 1 15 79 54 0 1 1 15 79 73 0 1 1 15 79 34 0 1 0 2 77 64 0 1 0 2 77 61 0 1 0 2 76 64 0 1 0 3 97 714 0 1 0 3 97 62 0 1 0 3 94
4/4 23 0 1 0 0 80 44 0 1 0 0 80 74 0 1 0 0 80 31 0 1 0 0 72 44 0 1 1 5 72 63 0 1 1 5 72 23 0 1 0 1 78 524 0 1 0 1 78 32 0 1 0 1 94 23 0 1 1 15 78 43 0 1 1 15 78 34 0 1 0 2 81 32 3 333 0 2 71 33 3 333 0 3 93
4/4 524 0 1 0 0 78 74 0 1 0 0 78 23 0 1 0 0 78 32 3 333 0 0 72 33 1 5 0 1 95 524 0 1 1 15 89 714 0 1 1 15 89 34 0 1 1 15 89 524 0 1 0 2 79 74 0 1 0 2 79 23 0 1 0 2 79 32 3 333 0 2 77 33 1 5 0 3 92 524 0 1 1 35 87 714 0 1 1 35 87 34 0 1 1 35 87
4/4 223 0 1 0 0 68 44 0 1 0 0 68 613 0 1 0 0 68 32 3 333 0 0 71 33 1 5 0 1 92 23 0 1 1 15 86 524 0 1 1 15 86 73 0 1 1 15 86 223 0 1 0 2 83 44 0 1 0 2 83 613 0 1 0 2 83 32 3 333 0 2 71 33 1 5 0 3 96 23 0 1 1 35 88 524 0 1 1 35 88 73 0 1 1 35 88
4/4 524 0 1 0 0 97 74 0 1 0 0 97 23 0 1 0 0 97 32 3 333 0 0 75 33 1 5 0 1 96 524 0 1 1 15 84 714 0 1 1 15 84 34 0 1 1 15 84 524 0 1 0 2 77 74 0 1 0 2 77 23 0 1 0 2 77 32 3 333 0 2 69 33 1 5 0 3 91 524 0 1 1 35 88 714 0 1 1 35 88 34 0 1 1 35 88
4/4 64 0 1 0 0 88 714 0 1 0 0 88 314 0 1 0 0 88 32 3 333 0 0 75 33 3 333 0 1 94 32 1 5 0 2 77 64 0 1 1 25 75 714 0 1 1 25 75 314 0 1 1 25 75 33 3 333 0 3 98
4/4 614 0 1 0 0 76 74 0 1 0 0 76 23 0 1 0 0 76 32 3 333 0 0 76 33 3 333 0 1 96 32 1 5 0 2 77 614 0 1 1 25 78 74 0 1 1 25 78 23 0 1 1 25 78 33 3 333 0 3 90
4/4 524 0 1 0 0 107 74 0 1 0 0 107 35 0 1 0 0 107 31 0 1 0 0 77 72 1 5 0 1 71 72 1 5 1 15 71 34 0 1 0 2 75 523 0 1 0 2 75 612 0 1 0 2 69 72 0 1 0 3 73
4/4 34 0 1 0 0 84 43 0 1 0 0 84 712 0 1 0 0 74 712 1 5 0 1 71 72 1 5 1 15 70 23 0 1 0 2 81 43 0 1 0 2 81 62 0 1 0 2 70 522 1 5 0 3 70 42 1 5 1 35 67
4/4 524 0 1 0 0 126 32 0 1 0 0 69 73 0 1 0 0 126 35 2 25 2 25 126 72 1 5 0 1 79 72 1 5 1 15 74 34 0 1 0 2 74 523 0 1 0 2 74 612 0 1 0 2 69 72 0 1 0 3 68
4/4 34 0 1 0 0 83 43 0 1 0 0 83 712 0 1 0 0 73 712 1 5 0 1 72 72 1 5 1 15 72 23 0 1 0 2 89 44 0 1 0 2 89 61 0 1 0 2 67 522 1 5 0 3 69 42 1 5 1 35 67
4/4 34 2 25 0 0 93 32 0 1 0 0 107 71 0 1 0 0 107 73 2 25 1 5 90 713 2 25 0 1 101 73 2 25 1 15 90 32 0 1 1 15 90 71 0 1 1 15 90 34 2 25 0 2 112 73 2 25 1 25 94 713 2 25 0 3 98 73 2 25 1 35 96
4/4 34 2 25 0 0 111 32 0 1 0 0 102 221 0 1 0 0 102 73 2 25 1 5 90 713 2 25 0 1 97 73 2 25 1 15 95 32 0 1 1 15 93 11 0 1 1 15 93 34 2 25 0 2 112 73 2 25 1 25 95 713 2 25 0 3 98 32 0 1 0 3 92 711 0 1 0 3 92 73 2 25 1 35 93
4/4 34 2 25 0 0 110 32 0 1 0 0 95 71 0 1 0 0 95 73 2 25 1 5 96 713 2 25 0 1 100 73 2 25 1 15 99 32 0 1 1 15 84 71 0 1 1 15 84 34 2 25 0 2 109 73 2 25 1 25 94 713 2 25 0 3 101 73 2 25 1 35 94
4/4 34 2 25 0 0 111 32 0 1 0 0 102 221 0 1 0 0 102 73 2 25 1 5 92 713 2 25 0 1 98 73 2 25 1 15 98 42 0 1 1 15 95 11 0 1 1 15 95 34 2 25 0 2 112 73 2 25 1 25 92 713 2 25 0 3 104 312 0 1 0 3 97 711 0 1 0 3 97 73 2 25 1 35 95
4/4 33 0 1 0 0 117 72 0 1 0 0 117 32 0 1 0 0 99 71 0 1 0 0 99 33 0 1 1 5 97 72 0 1 1 5 97 33 0 1 0 1 96 72 0 1 0 1 96 33 0 1 1 15 120 72 0 1 1 15 120 33 0 1 0 2 105 72 0 1 0 2 105 33 0 1 1 25 96 72 0 1 1 25 96 33 0 1 0 3 100 72 0 1 0 3 100 33 0 1 1 35 97 72 0 1 1 35 97
4/4 33 0 1 0 0 127 72 0 1 0 0 127 33 0 1 1 5 98 72 0 1 1 5 98 33 0 1 0 1 97 72 0 1 0 1 97 33 0 1 1 15 118 72 0 1 1 15 118 33 0 1 0 2 98 72 0 1 0 2 98 33 0 1 1 25 94 72 0 1 1 25 94 33 0 1 0 3 102 72 0 1 0 3 102 33 0 1 1 35 97 72 0 1 1 35 97
4/4 35 0 1 0 0 107 33 0 1 0 0 84 72 0 1 0 0 84 33 0 1 1 5 85 72 0 1 1 5 85 35 0 1 0 1 99 525 0 1 0 1 99 74 0 1 0 1 99 33 0 1 0 1 82 72 0 1 0 1 82 35 0 1 1 15 89 525 0 1 1 15 89 74 0 1 1 15 89 33 0 1 1 15 79 72 0 1 1 15 79 35 0 1 0 2 77 45 0 1 0 2 77 614 0 1 0 2 77 33 0 1 0 2 77 612 0 1 0 2 77 33 0 1 1 25 82 612 0 1 1 25 82 35 0 1 0 3 80 525 0 1 0 3 80 74 0 1 0 3 80 33 0 1 0 3 92 72 0 1 0 3 92 33 0 1 1 35 80 72 0 1 1 35 80
4/4 35 0 1 0 0 88 65 0 1 0 0 88 715 0 1 0 0 88 33 0 1 0 0 89 712 0 1 0 0 89 33 0 1 1 5 84 712 0 1 1 5 84 35 0 1 0 1 84 65 0 1 0 1 84 714 0 1 0 1 84 33 0 1 0 1 80 712 0 1 0 1 80 35 0 1 1 15 80 525 0 1 1 15 80 74 0 1 1 15 80 33 0 1 1 15 87 712 0 1 1 15 87 24 0 1 0 2 79 45 0 1 0 2 79 64 0 1 0 2 79 33 0 1 0 2 87 22 0 1 0 2 87 33 0 1 1 25 85 22 0 1 1 25 85 35 0 1 0 3 79 524 0 1 0 3 79 33 0 1 0 3 83 22 0 1 0 3 83 24 0 1 1 35 81 44 0 1 1 35 81 33 0 1 1 35 82 22 0 1 1 35 82
4/4 35 0 1 0 0 75 33 0 1 0 0 79 72 0 1 0 0 79 33 0 1 1 5 85 72 0 1 1 5 85 35 0 1 0 1 98 525 0 1 0 1 98 74 0 1 0 1 98 33 0 1 0 1 85 72 0 1 0 1 85 35 0 1 1 15 89 525 0 1 1 15 89 74 0 1 1 15 89 33 0 1 1 15 82 72 0 1 1 15 82 35 0 1 0 2 80 45 0 1 0 2 80 614 0 1 0 2 80 33 0 1 0 2 77 612 0 1 0 2 77 33 0 1 1 25 84 612 0 1 1 25 84 35 0 1 0 3 85 525 0 1 0 3 85 74 0 1 0 3 85 33 0 1 0 3 84 72 0 1 0 3 84 33 0 1 1 35 83 72 0 1 1 35 83
4/4 55 0 1 0 0 96 36 0 1 0 0 96 33 0 1 0 0 88 222 0 1 0 0 88 33 0 1 1 5 85 222 0 1 1 5 85 55 0 1 0 1 86 35 0 1 0 1 86 55 0 1 1 15 72 224 0 1 1 15 72 33 0 1 1 15 79 222 0 1 1 15 79 715 0 2 0 2 88 75 0 1 0 2 70 63 0 1 0 2 90 33 0 1 0 2 90 63 0 1 1 25 85 33 0 1 1 25 85 65 1 5 0 3 73 525 0 1 1 35 64 63 0 1 1 35 82 33 0 1 1 35 82
4/4 45 0 1 0 0 89 225 0 1 0 0 89 222 0 1 0 0 77 712 0 1 0 0 77 222 0 1 1 5 84 712 0 1 1 5 84 45 0 1 0 1 82 224 0 1 0 1 82 45 0 1 1 15 73 714 0 1 1 15 73 222 0 1 1 15 84 712 0 1 1 15 84 75 0 2 0 2 87 65 0 1 0 2 71 523 0 1 0 2 92 222 0 1 0 2 92 523 0 1 1 25 87 222 0 1 1 25 87 525 1 5 0 3 69 45 0 1 1 35 62 523 0 1 1 35 84 222 0 1 1 35 84
4/4 35 0 1 0 0 85 715 0 1 0 0 85 712 0 1 0 0 73 522 0 1 0 0 73 712 0 1 1 5 81 522 0 1 1 5 81 35 0 1 0 1 80 714 0 1 0 1 80 35 0 1 1 15 73 74 0 1 1 15 73 712 0 1 1 15 81 522 0 1 1 15 81 65 0 2 0 2 89 525 0 1 0 2 63 313 0 1 0 2 88 712 0 1 0 2 88 313 0 1 1 25 84 712 0 1 1 25 84 315 1 5 0 3 69 35 0 1 1 35 65 313 0 1 1 35 82 712 0 1 1 35 82
4/4 75 0 1 0 0 85 72 0 1 0 0 80 62 0 1 0 0 80 24 0 1 0 0 68 65 1 5 1 5 81 525 1 5 0 1 75 24 0 1 0 1 77 72 0 1 0 1 88 62 0 1 0 1 88 45 1 5 1 15 73 35 0 1 0 2 76 32 0 1 0 2 82 32 0 1 0 2 82 65 0 1 0 3 97 715 0 1 0 3 97 25 0 1 0 3 97 73 0 1 0 3 114
4/4 525 0 1 0 0 111 75 0 1 0 0 111 36 0 1 0 0 111 33 0 1 0 0 98 64 0 1 0 1 57 714 0 1 0 1 57 24 0 1 0 1 57 71 0 1 0 1 73 524 0 1 0 2 57 74 0 1 0 2 57 35 0 1 0 2 57 32 0 1 0 2 74
4/4 33 2 25 0 0 69 73 2 25 1 5 75 713 2 25 0 1 68 73 2 25 1 15 68 33 2 25 0 2 63 73 2 25 1 25 77 713 2 25 0 3 71 73 2 25 1 35 68
4/4 34 0 1 0 0 73 32 0 1 0 0 68 34 0 1 1 5 82 72 0 1 1 5 78 34 0 1 0 1 82 712 0 1 0 1 74 34 0 1 1 15 83 72 0 1 1 15 68 34 0 1 0 2 85 32 0 1 0 2 67 34 0 1 1 25 83 72 0 1 1 25 78 34 0 1 0 3 79 712 0 1 0 3 76 34 0 1 1 35 83 72 0 1 1 35 71
4/4 36 0 1 0 0 109 32 0 1 0 0 67 526 0 1 1 5 100 76 0 1 1 5 100 72 0 1 1 5 78 46 0 1 2 75 101 615 0 1 2 75 101 66 0 1 0 1 85 716 0 1 0 1 85 712 0 1 0 1 73 526 0 1 1 15 81 76 0 1 1 15 81 72 0 1 1 15 64 25 0 1 0 2 81 525 0 1 0 2 81 33 2 25 0 2 66 73 2 25 1 25 72 713 2 25 0 3 73 73 2 25 1 35 70
4/4 225 0 1 0 0 80 45 0 1 0 0 80 33 2 25 0 0 64 73 2 25 1 5 75 713 2 25 0 1 73 73 2 25 1 15 71 33 2 25 0 2 66 73 2 25 1 25 78 713 2 25 0 3 69 73 2 25 1 35 65
4/4 36 0 1 0 0 74 32 0 1 0 0 61 526 0 1 1 5 98 76 0 1 1 5 98 72 0 1 1 5 78 46 0 1 2 75 93 615 0 1 2 75 93 66 0 1 0 1 88 716 0 1 0 1 88 712 0 1 0 1 70 526 0 1 1 15 80 76 0 1 1 15 80 72 0 1 1 15 74 15 0 1 0 2 67 315 0 1 0 2 67 33 2 25 0 2 64 73 2 25 1 25 82 713 2 25 0 3 74 73 2 25 1 35 70
4/4 715 0 1 0 0 77 35 0 1 0 0 77 33 2 25 0 0 63 73 2 25 1 5 74 713 2 25 0 1 75 73 2 25 1 15 66 75 0 1 0 2 83 24 0 1 0 2 83 33 2 25 0 2 65 73 2 25 1 25 75 713 2 25 0 3 72 73 2 25 1 35 70
4/4 35 0 1 0 0 85 32 0 1 0 0 63 525 2 25 2 25 88 45 0 1 1 5 84 72 0 1 1 5 75 35 2 25 2 75 79 45 0 1 0 1 91 712 0 1 0 1 73 525 2 25 2 125 97 65 0 1 1 15 89 72 0 1 1 15 67 75 2 25 2 175 92 715 0 1 0 2 86 32 0 1 0 2 66 715 0 1 1 25 75 72 0 1 1 25 81 75 2 25 2 275 71 65 0 1 0 3 83 712 0 1 0 3 73 525 2 25 2 325 77 45 0 1 1 35 74 72 0 1 1 35 67 24 2 25 2 375 69
4/4 35 0 1 0 0 86 32 0 1 0 0 65 525 2 25 2 25 93 45 0 1 1 5 77 72 0 1 1 5 74 35 2 25 2 75 71 45 0 1 0 1 88 712 0 1 0 1 75 525 2 25 2 125 94 65 0 1 1 15 90 72 0 1 1 15 67 75 2 25 2 175 93 25 0 1 0 2 97 32 0 1 0 2 66 25 0 1 1 25 73 72 0 1 1 25 76 75 2 25 2 275 65 65 0 1 0 3 76 712 0 1 0 3 76 525 2 25 2 325 71 45 0 1 1 35 80 72 0 1 1 35 69 525 2 25 2 375 79
4/4 35 0 1 0 0 78 32 0 1 0 0 62 224 2 25 2 25 67 714 0 1 1 5 75 72 0 1 1 5 77 74 2 25 2 75 69 224 0 1 0 1 90 712 0 1 0 1 77 714 2 25 2 125 85 74 0 1 1 15 77 72 0 1 1 15 73 64 2 25 2 175 72 714 0 1 0 2 86 32 0 1 0 2 66 74 2 25 2 225 83 64 0 1 1 25 80 72 0 1 1 25 79 524 2 25 2 275 72 74 0 1 0 3 90 712 0 1 0 3 73 64 2 25 2 325 87 524 0 1 1 35 79 72 0 1 1 35 70 44 2 25 2 375 71
4/4 35 2 25 0 0 104 524 0 4 0 0 98 34 1 15 0 0 73 525 2 25 2 25 114 45 2 25 1 5 85 35 2 25 2 75 82 45 2 25 0 1 87 525 2 25 2 125 92 615 2 25 1 15 90 23 1 15 1 15 70 75 2 25 2 175 95 15 2 25 0 2 85 75 2 25 2 225 79 36 2 25 1 25 95 225 2 25 2 275 87 15 2 25 0 3 77 223 0 1 0 3 68 75 2 25 2 325 73 615 2 25 1 35 82 525 2 25 2 375 74
4/4 35 2 25 0 0 79 23 0 1 0 0 100 43 0 1 0 0 100 525 2 25 2 25 81 45 2 25 1 5 79 35 2 25 2 75 74 45 2 25 0 1 88 525 2 25 2 125 91 65 2 25 1 15 93 44 0 1 1 15 92 63 0 1 1 15 92 75 2 25 2 175 96 715 2 25 0 2 86 75 2 25 2 225 80 25 2 25 1 25 98 34 0 1 1 25 87 523 0 1 1 25 87 75 2 25 2 275 93 65 2 25 0 3 74 23 0 1 0 3 77 43 0 1 0 3 77 525 2 25 2 325 72 45 2 25 1 35 80 24 2 25 2 375 72
4/4 35 0 1 0 0 89 32 0 1 0 0 76 525 2 25 2 25 97 45 0 1 1 5 83 72 0 1 1 5 89 35 2 25 2 75 77 45 0 1 0 1 86 712 0 1 0 1 84 525 2 25 2 125 87 65 0 1 1 15 87 72 0 1 1 15 75 75 2 25 2 175 98 715 0 1 0 2 87 32 0 1 0 2 77 75 2 25 2 225 79 715 0 1 1 25 89 72 0 1 1 25 94 75 2 25 2 275 81 65 0 1 0 3 79 712 0 1 0 3 86 525 2 25 2 325 75 45 0 1 1 35 75 72 0 1 1 35 80 24 2 25 2 375 68
4/4 35 0 1 0 0 86 32 0 1 0 0 77 525 2 25 2 25 98 45 0 1 1 5 82 72 0 1 1 5 91 35 2 25 2 75 78 45 0 1 0 1 85 712 0 1 0 1 88 525 2 25 2 125 91 65 0 1 1 15 91 72 0 1 1 15 84 75 2 25 2 175 98 25 0 1 0 2 98 32 0 1 0 2 77 75 2 25 2 225 88 25 0 1 1 25 91 72 0 1 1 25 89 75 2 25 2 275 83 65 0 1 0 3 78 712 0 1 0 3 87 525 2 25 2 325 71 45 0 1 1 35 79 72 0 1 1 35 82 24 2 25 2 375 70
4/4 35 2 25 0 0 92 33 0 1 0 0 102 53 0 1 0 0 102 73 0 1 0 0 102 222 0 1 0 0 102 315 2 25 2 25 95 525 2 25 1 5 100 55 2 25 2 75 109 75 2 25 0 1 90 715 2 25 2 125 93 225 0 1 1 15 91 33 0 1 1 15 87 53 0 1 1 15 87 73 0 1 1 15 87 222 0 1 1 15 87 36 2 25 2 175 104 225 2 25 0 2 79 63 0 1 0 2 113 713 0 1 0 2 113 34 0 1 0 2 113 523 0 1 0 2 113 715 2 25 2 225 76 75 2 25 1 25 83 225 2 25 2 275 86 715 2 25 0 3 79 75 2 25 2 325 75 65 0 1 1 35 78 63 0 1 1 35 86 713 0 1 1 35 86 34 0 1 1 35 86 523 0 1 1 35 86 525 2 25 2 375 77
4/4 45 2 25 0 0 75 222 0 1 0 0 89 43 0 1 0 0 89 63 0 1 0 0 89 712 0 1 0 0 89 525 2 25 2 25 78 65 2 25 1 5 89 75 2 25 2 75 96 715 2 25 0 1 95 75 2 25 2 125 92 225 0 1 1 15 88 222 0 1 1 15 94 43 0 1 1 15 94 63 0 1 1 15 94 712 0 1 1 15 94 715 2 25 2 175 87 75 2 25 0 2 77 523 0 1 0 2 96 73 0 1 0 2 96 223 0 1 0 2 96 43 0 1 0 2 96 65 2 25 2 225 74 525 2 25 1 25 74 45 2 25 2 275 70 65 2 25 0 3 87 525 2 25 2 325 78 45 0 1 1 35 74 523 0 1 1 35 92 73 0 1 1 35 92 223 0 1 1 35 92 43 0 1 1 35 92 35 2 25 2 375 67
4/4 224 2 25 0 0 76 712 0 1 0 0 91 33 0 1 0 0 91 523 0 1 0 0 91 72 0 1 0 0 91 714 2 25 2 25 72 35 2 25 1 5 97 714 2 25 2 75 88 74 1 5 0 1 76 35 0 1 1 15 89 712 0 1 1 15 90 33 0 1 1 15 90 523 0 1 1 15 90 72 0 1 1 15 90 74 2 25 2 175 72 224 2 25 0 2 77 43 0 1 0 2 95 613 0 1 0 2 95 713 0 1 0 2 95 33 0 1 0 2 95 714 2 25 2 225 81 525 2 25 1 25 100 35 2 25 2 275 85 614 1 5 0 3 74 35 0 1 1 35 95 43 0 1 1 35 79 613 0 1 1 35 79 713 0 1 1 35 79 33 0 1 1 35 79 614 2 25 2 375 84
4/4 74 2 25 0 0 79 73 1 15 0 0 92 72 0 4 0 0 62 74 2 25 1 5 85 74 2 25 0 1 92 614 0 1 1 15 93 73 0 1 1 15 93 613 1 15 1 15 87 614 0 1 0 2 91 73 0 1 0 2 91 614 0 1 1 25 91 73 0 1 1 25 91 64 0 1 0 3 97 73 0 1 0 3 97 63 0 1 0 3 92 64 0 1 1 35 97 73 0 1 1 35 97
4/4 524 0 1 0 0 104 73 0 1 0 0 104 523 1 15 0 0 101 72 0 4 0 0 62 524 0 1 1 5 101 73 0 1 1 5 101 524 0 1 0 1 103 73 0 1 0 1 103 44 0 1 1 15 106 73 0 1 1 15 106 43 1 15 1 15 104 44 0 1 0 2 114 73 0 1 0 2 114 44 0 1 1 25 107 73 0 1 1 25 107 314 0 1 0 3 108 73 0 1 0 3 108 313 0 1 0 3 107 314 0 1 1 35 117 73 0 1 1 35 117
4/4 32 0 1 0 0 123 72 0 1 0 0 123 32 0 1 0 0 123 35 0 1 0 1 96 525 0 1 0 1 96 74 0 1 0 1 96 35 0 1 1 15 112 525 0 1 1 15 112 74 0 1 1 15 112 35 0 1 0 2 106 45 0 1 0 2 106 614 0 1 0 2 106 24 0 1 0 3 117 525 0 1 0 3 117 74 0 1 0 3 117 32 0 1 1 35 103 31 0 1 1 35 113 32 2 25 2 375 116
4/4 35 0 1 0 0 127 65 0 1 0 0 127 715 0 1 0 0 127 31 0 1 0 0 121 35 0 1 0 1 108 65 0 1 0 1 108 714 0 1 0 1 108 35 0 1 1 15 106 525 0 1 1 15 106 75 0 1 1 15 106 31 0 1 1 15 110 32 0 1 1 15 99 31 0 1 1 15 110 32 2 25 2 175 111 24 0 1 0 2 107 45 0 1 0 2 107 64 0 1 0 2 107 32 0 2 0 2 124 24 0 1 0 3 100 524 0 1 0 3 100 24 0 1 1 35 104 44 0 1 1 35 104
4/4 32 0 1 0 0 127 72 0 1 0 0 127 32 0 1 0 0 127 35 0 1 0 1 96 525 0 1 0 1 96 74 0 1 0 1 96 35 0 1 1 15 113 525 0 1 1 15 113 74 0 1 1 15 113 24 0 1 0 2 108 45 0 1 0 2 108 614 0 1 0 2 108 35 0 1 0 3 117 525 0 1 0 3 117 74 0 1 0 3 117 32 0 1 1 35 97 31 0 1 1 35 107 32 2 25 2 375 114
4/4 55 0 1 0 0 127 75 0 1 0 0 127 35 0 1 0 0 127 32 0 1 0 0 124 55 0 1 1 5 117 75 0 1 1 5 117 315 0 1 1 5 117 55 0 1 0 1 110 75 0 1 0 1 110 35 0 1 0 1 110 55 0 1 1 15 110 75 0 1 1 15 110 225 0 1 1 15 110 31 0 1 1 15 112 32 0 1 1 15 99 31 0 1 1 15 112 32 2 25 2 175 117 224 0 1 0 2 97 55 0 1 0 2 97 714 0 1 0 2 97 32 0 2 0 2 126 224 0 1 0 3 111 55 0 1 0 3 111 74 0 1 0 3 111
4/4 525 0 1 0 0 120 224 0 1 0 0 120 61 0 1 0 0 120 61 0 1 0 0 120 525 0 1 1 5 113 714 0 1 1 5 113 525 0 1 0 1 100 74 0 1 0 1 100 713 0 1 0 1 127 34 0 1 0 1 127 524 0 1 0 1 127 73 0 1 0 1 127 525 0 1 1 15 103 714 0 1 1 15 103 714 0 1 0 2 103 35 0 1 0 2 103 45 0 1 0 2 103 64 0 1 0 2 103 221 0 1 0 2 101 221 0 1 0 2 101 63 0 1 0 3 127 713 0 1 0 3 127 34 0 1 0 3 127 43 0 1 0 3 127
4/4 45 0 1 0 0 125 714 0 1 0 0 125 521 0 1 0 0 102 521 0 1 0 0 102 45 0 1 1 5 120 74 0 1 1 5 120 45 0 1 0 1 108 614 0 1 0 1 108 63 0 1 0 1 127 73 0 1 0 1 127 223 0 1 0 1 127 43 0 1 0 1 127 45 0 1 1 15 114 74 0 1 1 15 114 74 0 1 0 2 97 224 0 1 0 2 97 35 0 1 0 2 97 524 0 1 0 2 97 711 0 1 0 2 99 711 0 1 0 2 99 73 0 1 0 3 127 713 0 1 0 3 127 33 0 1 0 3 127
4/4 64 0 1 0 0 118 64 0 1 0 0 118 312 0 1 0 0 104 312 0 1 0 0 104 524 0 1 1 5 107 524 0 1 1 5 107 314 0 1 0 1 108 314 0 1 0 1 108 34 0 1 1 15 101 34 0 1 1 15 101 314 0 1 0 2 121 314 0 1 0 2 121 34 0 1 1 25 117 34 0 1 1 25 117 223 0 1 0 3 102 223 0 1 0 3 102 713 0 1 1 35 93 713 0 1 1 35 93
4/4 713 0 1 0 0 102 34 0 1 0 0 102 44 0 1 0 0 102 74 0 1 0 0 102 41 0 1 0 0 98 315 0 1 0 1 127 65 0 1 0 1 127 75 0 1 0 1 127 25 0 1 0 1 127 72 0 1 0 1 127 72 0 1 0 1 127 315 0 1 0 3 127 65 0 1 0 3 127 75 0 1 0 3 127 25 0 1 0 3 127 72 0 1 0 3 125 72 0 1 0 3 125
4/4 713 0 1 0 0 79 34 0 1 0 0 79 44 0 1 0 0 79 74 0 1 0 0 79 41 0 1 0 0 98 315 0 1 0 1 127 65 0 1 0 1 127 75 0 1 0 1 127 25 0 1 0 1 127 72 0 1 0 1 127 72 0 1 0 1 127 315 0 1 0 3 124 65 0 1 0 3 124 75 0 1 0 3 124 25 0 1 0 3 124 72 0 1 0 3 127 72 0 1 0 3 127
4/4 73 0 1 0 0 73 32 0 1 0 0 72 71 0 1 0 0 72 613 0 1 1 5 82 32 0 1 1 5 83 71 0 1 1 5 83 713 0 1 0 1 86 32 0 1 0 1 85 71 0 1 0 1 85 73 0 1 1 15 89 32 0 1 1 15 85 71 0 1 1 15 85 74 0 1 0 2 113 32 0 1 0 2 89 71 0 1 0 2 89 34 0 2 0 2 80 614 0 1 1 25 90 32 0 1 1 25 88 71 0 1 1 25 88 714 0 1 0 3 95 32 0 1 0 3 91 71 0 1 0 3 91 74 0 1 1 35 91 32 0 1 1 35 95 71 0 1 1 35 95
4/4 75 0 1 0 0 118 32 0 1 0 0 100 71 0 1 0 0 100 35 0 2 0 0 120 615 0 1 1 5 93 32 0 1 1 5 95 71 0 1 1 5 95 715 0 1 0 1 103 32 0 1 0 1 100 71 0 1 0 1 100 75 0 1 1 15 92 32 0 1 1 15 96 71 0 1 1 15 96 76 0 1 0 2 124 33 0 1 0 2 113 72 0 1 0 2 113 36 0 2 0 2 127 616 0 1 1 25 97 33 0 1 1 25 102 72 0 1 1 25 102 716 0 1 0 3 102 33 0 1 0 3 97 72 0 1 0 3 97 76 0 1 1 35 93 33 0 1 1 35 99 72 0 1 1 35 99
4/4 36 0 1 0 0 125 76 0 1 0 0 125 37 0 1 0 0 125 33 0 1 0 0 127 72 0 1 0 0 127
