4/4 47 1 5 0 0 64 16 1 5 1 5 64 37 1 5 0 1 64 76 1 5 1 15 64 16 1 5 0 2 64 56 1 5 1 25 64 66 1 5 0 3 64 76 1 5 1 35 64
4/4 47 1 5 0 0 64 16 1 5 1 5 64 37 1 5 0 1 64 76 1 5 1 15 64 57 1 5 0 2 64 16 1 5 1 25 64 47 1 5 0 3 64 57 1 5 1 35 64
4/4 47 1 5 0 0 64 16 1 5 1 5 64 37 1 5 0 1 64 76 1 5 1 15 64 16 1 5 0 2 64 56 1 5 1 25 64 66 1 5 0 3 64 76 1 5 1 35 64
4/4 47 1 5 0 0 64 16 1 5 1 5 64 37 1 5 0 1 64 76 1 5 1 15 64 57 1 5 0 2 64 16 1 5 1 25 64 47 1 5 0 3 64 57 1 5 1 35 64
4/4 47 1 5 0 0 64 46 1 15 0 0 64 16 1 5 1 5 64 37 1 5 0 1 64 76 1 5 1 15 64 46 1 15 1 15 64 16 1 5 0 2 64 56 1 5 1 25 64 66 1 5 0 3 64 46 0 1 0 3 64 76 1 5 1 35 64
4/4 47 1 5 0 0 64 46 1 5 0 0 64 16 1 5 1 5 64 46 1 35 1 5 64 37 1 5 0 1 64 76 1 5 1 15 64 57 1 5 0 2 64 16 1 5 1 25 64 47 1 5 0 3 64 57 1 5 1 35 64
4/4 47 1 5 0 0 64 45 0 1 0 0 64 15 0 1 0 0 64 16 1 5 1 5 64 37 1 5 0 1 64 76 1 5 1 15 64 16 1 5 0 2 64 56 1 5 1 25 64 66 1 5 0 3 64 76 1 5 1 35 64
4/4 47 1 5 0 0 64 45 0 1 0 0 64 15 0 1 0 0 64 16 1 5 1 5 64 37 1 5 0 1 64 76 1 5 1 15 64 57 1 5 0 2 64 16 1 5 1 25 64 47 1 5 0 3 64 57 1 5 1 35 64
4/4 46 1 5 0 0 64 44 0 4 0 0 64 15 1 5 1 5 64 36 0 1 0 1 64 66 0 1 0 1 64 75 1 5 1 15 64 15 0 1 0 2 64 56 0 1 0 2 64 55 1 5 1 25 64 65 0 1 0 3 64 36 0 1 0 3 64 75 1 5 1 35 64
4/4 46 1 5 0 0 64 44 0 4 0 0 64 15 1 5 1 5 64 36 0 1 0 1 64 66 0 1 0 1 64 75 1 5 1 15 64 56 1 5 0 2 64 15 1 5 1 25 64 46 1 5 0 3 64 56 1 5 1 35 64
4/4 46 1 5 0 0 64 44 0 4 0 0 64 15 1 5 1 5 64 36 0 1 0 1 64 66 0 1 0 1 64 75 1 5 1 15 64 15 0 1 0 2 64 56 0 1 0 2 64 55 1 5 1 25 64 65 0 1 0 3 64 36 0 1 0 3 64 75 1 5 1 35 64
4/4 46 1 5 0 0 64 44 0 4 0 0 64 15 1 5 1 5 64 36 0 1 0 1 64 66 0 1 0 1 64 75 1 5 1 15 64 56 1 5 0 2 64 15 1 5 1 25 64 46 1 5 0 3 64 56 1 5 1 35 64
4/4 44 0 4 0 0 64 15 1 5 0 1 64 46 1 25 1 15 64
4/4 36 1 15 0 0 64 44 0 4 0 0 64 55 1 25 1 15 64
4/4 223 0 4 0 0 64 46 1 5 1 5 64 36 1 5 0 1 64 15 1 5 1 15 64 75 1 5 0 2 64 65 2 75 2 275 64 75 1 5 1 35 64
4/4 34 0 4 0 0 64 46 1 5 1 5 64 36 1 5 0 1 64 15 1 5 1 15 64 75 0 1 0 2 64 56 0 1 0 2 64 66 2 75 2 275 64 56 1 5 1 35 64
4/4 13 0 4 0 0 64 46 1 5 1 5 64 36 1 5 0 1 64 15 1 5 1 15 64 75 1 5 0 2 64 65 2 75 2 275 64 75 1 5 1 35 64
4/4 13 0 4 0 0 64 46 1 5 1 5 64 36 1 5 0 1 64 15 1 5 1 15 64 75 0 1 0 2 64 56 0 1 0 2 64 15 2 75 2 275 64 56 1 5 1 35 64
4/4 75 0 1 0 0 64 36 0 1 0 0 64 223 0 4 0 0 64 15 0 1 1 5 64 46 0 1 1 5 64
4/4 36 0 1 0 0 64 66 0 1 0 0 64 34 0 4 0 0 64 46 0 1 1 5 64 76 0 1 1 5 64 66 2 25 1 35 64 76 2 25 2 375 64
4/4 56 0 1 0 0 64 16 0 1 0 0 64 13 0 4 0 0 64
4/4 13 0 2 0 0 64 56 0 1 0 0 64 16 0 1 0 0 64 46 0 1 0 2 64 76 0 1 0 2 64 13 0 1 0 2 64 56 0 1 0 3 64 16 0 1 0 3 64 13 0 1 0 3 64
4/4 46 0 1 0 0 64 66 0 1 0 0 64 16 0 1 0 0 64 44 1 5 0 0 64 14 1 5 1 5 64 35 1 5 0 1 64 45 1 5 1 15 64 74 1 5 0 2 64 14 1 5 1 25 64 35 1 5 0 3 64 45 1 5 1 35 64
4/4 44 1 5 0 0 64 14 1 5 1 5 64 35 1 5 0 1 64 45 1 5 1 15 64 74 1 5 0 2 64 14 1 5 1 25 64 55 1 5 0 3 64 35 1 5 1 35 64
4/4 44 1 5 0 0 64 14 1 5 1 5 64 35 1 5 0 1 64 45 1 5 1 15 64 74 1 5 0 2 64 14 1 5 1 25 64 35 1 5 0 3 64 45 1 5 1 35 64
4/4 44 1 5 0 0 64 14 1 5 1 5 64 35 1 5 0 1 64 45 1 5 1 15 64 74 1 5 0 2 64 14 1 5 1 25 64 55 1 5 0 3 64 35 1 5 1 35 64
4/4 75 0 1 0 0 64 15 0 1 0 0 64 44 0 1 0 0 64 75 0 1 1 5 64 15 0 1 1 5 64 65 0 1 0 1 64 15 0 1 0 1 64 75 0 1 1 15 64 15 0 1 1 15 64 44 0 1 1 15 64 75 0 1 0 2 64 15 0 1 0 2 64 75 0 1 1 25 64 15 0 1 1 25 64 75 0 1 0 3 64 15 0 1 0 3 64 75 0 1 1 35 64 15 0 1 1 35 64
4/4 75 0 1 0 0 64 15 0 1 0 0 64 44 0 1 0 0 64 75 0 1 1 5 64 15 0 1 1 5 64 65 0 1 0 1 64 15 0 1 0 1 64 75 0 1 1 15 64 15 0 1 1 15 64 44 0 1 1 15 64 75 0 1 0 2 64 15 0 1 0 2 64 75 0 1 1 25 64 15 0 1 1 25 64 75 0 1 0 3 64 15 0 1 0 3 64 75 0 1 1 35 64 15 0 1 1 35 64 13 0 1 1 35 64
4/4 75 0 1 0 0 64 36 0 1 0 0 64 44 0 1 0 0 64 75 0 1 1 5 64 36 0 1 1 5 64 65 0 1 0 1 64 36 0 1 0 1 64 75 0 1 1 15 64 36 0 1 1 15 64 44 0 1 1 15 64 75 0 1 0 2 64 36 0 1 0 2 64 75 0 1 1 25 64 36 0 1 1 25 64 75 0 1 0 3 64 36 0 1 0 3 64 75 0 1 1 35 64 36 0 1 1 35 64
4/4 75 0 1 0 0 64 36 0 1 0 0 64 44 0 1 0 0 64 75 0 1 1 5 64 36 0 1 1 5 64 65 0 1 0 1 64 36 0 1 0 1 64 75 0 1 1 15 64 36 0 1 1 15 64 44 0 1 1 15 64 75 0 1 0 2 64 36 0 1 0 2 64 75 0 1 1 25 64 36 0 1 1 25 64 75 0 1 0 3 64 36 0 1 0 3 64 75 0 1 1 35 64 36 0 1 1 35 64 13 0 1 1 35 64
4/4 75 0 1 0 0 64 56 0 1 0 0 64 44 0 1 0 0 64 75 0 1 1 5 64 56 0 1 1 5 64 65 0 1 0 1 64 56 0 1 0 1 64 75 0 1 1 15 64 56 0 1 1 15 64 44 0 1 1 15 64 75 0 1 0 2 64 56 0 1 0 2 64 75 0 1 1 25 64 56 0 1 1 25 64 75 0 1 0 3 64 56 0 1 0 3 64 75 0 1 1 35 64 56 0 1 1 35 64
4/4 75 0 1 0 0 64 56 0 1 0 0 64 44 0 1 0 0 64 75 0 1 1 5 64 56 0 1 1 5 64 65 0 1 0 1 64 56 0 1 0 1 64 75 0 1 1 15 64 56 0 1 1 15 64 44 0 1 1 15 64 75 0 1 0 2 64 56 0 1 0 2 64 75 0 1 1 25 64 56 0 1 1 25 64 75 0 1 0 3 64 56 0 1 0 3 64 75 0 1 1 35 64 56 0 1 1 35 64 13 0 1 1 35 64
4/4 44 2 25 0 0 64 64 2 25 2 25 64 74 2 25 1 5 64 14 2 25 2 75 64 35 2 25 0 1 64 45 2 25 2 125 64 65 2 25 1 15 64 75 2 25 2 175 64 15 2 25 0 2 64 36 2 25 2 225 64 46 2 25 1 25 64 66 2 25 2 275 64 46 1 5 0 3 64 225 1 5 1 35 64
4/4 36 1 5 0 0 64 75 2 25 1 5 64 15 2 25 2 75 64 46 1 5 0 1 64 15 1 5 1 15 64 56 1 5 0 2 64 75 2 25 1 25 64 15 2 25 2 275 64 46 1 5 0 3 64 15 1 5 1 35 64
4/4 36 1 5 0 0 64 44 0 1 0 0 64 75 2 25 1 5 64 15 2 25 2 75 64 46 1 5 0 1 64 15 1 5 1 15 64 46 2 25 0 2 64 36 2 25 2 225 64 56 2 25 1 25 64 66 2 25 2 275 64 46 1 5 0 3 64 15 1 5 1 35 64
4/4 36 1 5 0 0 64 75 2 25 1 5 64 15 2 25 2 75 64 46 1 5 0 1 64 15 1 5 1 15 64 56 1 5 0 2 64 44 0 1 0 2 64 75 2 25 1 25 64 15 2 25 2 275 64 46 1 5 0 3 64 15 1 5 1 35 64
3/4 36 1 5 0 0 64 75 2 25 1 5 64 15 2 25 2 75 64 46 1 5 0 1 64 15 1 5 1 15 64 46 2 25 0 2 64 36 2 25 2 225 64 56 2 25 1 25 64 66 2 25 2 275 64
4/4 46 0 1 0 0 64 66 0 1 0 0 64 223 1 5 0 0 64 64 1 5 1 5 64 223 1 5 0 1 64 64 1 5 1 15 64 223 1 5 0 2 64 64 1 5 1 25 64 223 1 5 0 3 64 64 1 5 1 35 64
4/4 56 0 2 0 0 64 34 1 5 0 0 64 74 1 5 1 5 64 34 1 5 0 1 64 74 1 5 1 15 64 36 0 1 0 2 64 34 1 5 0 2 64 74 1 5 1 25 64 15 0 1 0 3 64 34 1 5 0 3 64 74 1 5 1 35 64
4/4 36 0 1 0 0 64 13 1 5 0 0 64 54 1 5 1 5 64 46 0 3 0 1 64 13 1 5 0 1 64 54 1 5 1 15 64 13 1 5 0 2 64 54 1 5 1 25 64 13 1 5 0 3 64 54 1 5 1 35 64
4/4 13 1 5 0 0 64 46 0 4 0 0 64 54 1 5 1 5 64 13 1 5 0 1 64 54 1 5 1 15 64 13 1 5 0 2 64 54 1 5 1 25 64 13 1 5 0 3 64 54 1 5 1 35 64
4/4 46 0 1 0 0 64 66 0 1 0 0 64 223 1 5 0 0 64 64 1 5 1 5 64 223 1 5 0 1 64 64 1 5 1 15 64 223 1 5 0 2 64 64 1 5 1 25 64 223 1 5 0 3 64 64 1 5 1 35 64
4/4 56 0 2 0 0 64 34 1 5 0 0 64 74 1 5 1 5 64 34 1 5 0 1 64 74 1 5 1 15 64 36 0 1 0 2 64 34 1 5 0 2 64 74 1 5 1 25 64 15 0 1 0 3 64 34 1 5 0 3 64 74 1 5 1 35 64
4/4 36 0 1 0 0 64 13 1 5 0 0 64 54 1 5 1 5 64 46 0 3 0 1 64 13 1 5 0 1 64 54 1 5 1 15 64 13 1 5 0 2 64 54 1 5 1 25 64 13 1 5 0 3 64 54 1 5 1 35 64
4/4 36 0 1 0 0 64 56 0 1 0 0 64 13 1 5 0 0 64 54 1 5 1 5 64 13 1 5 0 1 64 54 1 5 1 15 64 13 1 5 0 2 64 54 1 5 1 25 64 13 1 5 0 3 64 54 1 5 1 35 64
4/4 44 0 1 0 0 64 15 1 5 1 5 64 46 0 3 0 1 64 44 1 5 1 15 64 13 1 5 1 35 64
4/4 36 1 15 0 0 64 44 0 1 0 0 64 55 1 25 1 15 64 44 1 5 1 15 64 13 1 5 1 35 64
4/4 44 0 1 0 0 64 75 1 5 1 5 64 36 0 3 0 1 64 44 1 5 1 15 64 13 1 5 1 35 64
4/4 25 1 15 0 0 64 44 0 1 0 0 64 45 1 25 1 15 64 44 1 5 1 15 64 73 1 5 0 2 64 13 1 5 1 25 64 44 1 5 0 3 64 54 1 5 1 35 64
4/4 16 0 4 0 0 64 36 0 1 0 0 64 66 0 1 0 0 64 44 0 1 0 0 64
4/4 16 0 4 0 0 64
4/4 44 0 1 0 0 64 16 0 1 0 0 64 76 0 1 0 1 64 54 0 1 0 1 64 66 0 1 0 2 64 64 0 1 0 2 64 56 0 1 0 3 64 74 0 1 0 3 64
4/4 46 0 1 0 0 64 14 0 1 0 0 64 15 0 2 0 1 64 44 0 1 0 1 64 224 0 1 0 2 64 75 1 5 0 3 64 14 0 1 0 3 64 15 1 5 1 35 64
4/4 56 1 25 0 0 64 74 0 1 0 0 64 34 0 1 0 1 64 14 0 1 0 2 64 46 1 5 1 25 64 56 1 5 0 3 64 74 0 1 0 3 64 66 1 5 1 35 64
4/4 76 0 2 0 0 64 64 0 1 0 0 64 223 0 1 0 1 64 36 0 2 0 2 64 74 0 1 0 2 64 64 0 1 0 3 64
4/4 54 0 1 0 0 64 36 0 1 0 0 64 225 1 5 0 1 64 13 0 1 0 1 64 15 1 5 1 15 64 75 0 2 0 2 64 23 0 1 0 2 64 314 0 1 0 3 64
4/4 56 0 1 0 0 64 44 0 1 0 0 64 74 0 1 0 0 64 14 0 1 0 0 64 46 1 15 0 0 64 36 1 5 1 15 64 66 0 2 0 2 64 225 0 1 0 2 64 524 0 1 0 2 64 74 0 1 0 2 64 45 0 2 0 2 64 15 0 1 0 3 64
4/4 225 0 1 0 0 64 46 0 1 0 0 64 76 0 1 0 0 64 524 0 1 0 0 64 74 0 1 0 0 64 45 0 1 0 0 64 35 0 2 0 1 64
