4/4 523 0 1 0 0 82 73 0 1 0 0 72 22 0 1 0 0 80 32 0 1 0 0 63 32 0 1 0 1 74 32 0 1 0 2 63 32 0 1 0 3 81
4/4 43 0 1 0 0 72 612 0 1 0 0 75 222 1 15 0 0 65 32 0 1 0 0 68 32 0 1 0 1 74 12 1 15 1 15 64 32 0 1 0 2 63 712 0 1 0 3 70 31 0 1 0 3 67
4/4 523 0 1 0 0 83 73 0 1 0 0 90 22 0 1 0 0 98 32 0 1 0 0 80 32 0 1 0 1 82 32 0 1 0 2 70 32 0 1 0 3 73
4/4 43 0 1 0 0 75 612 0 1 0 0 80 222 1 15 0 0 88 32 0 1 0 0 80 32 0 1 0 1 94 12 1 15 1 15 84 32 0 1 0 2 85 712 0 1 0 3 82 31 0 1 0 3 86
4/4 72 0 1 0 0 73 712 0 1 0 0 89 313 0 1 0 0 89 62 0 1 0 0 75 32 0 1 0 0 91 32 0 1 0 1 87 22 0 1 0 2 76 522 0 1 0 2 68 32 0 1 0 2 90 32 0 1 0 3 90
4/4 32 0 1 0 0 87 63 0 3 0 1 78 72 0 1 0 1 59 712 0 1 0 1 59 313 0 1 0 1 66 31 0 1 0 1 80 22 0 1 0 2 74 523 0 1 0 2 87 31 0 1 0 2 86
4/4 31 3 333 0 0 63 32 3 333 0 1 91 31 3 333 0 2 70 32 3 333 0 3 88
4/4 31 3 333 0 0 69 32 3 333 0 1 81 31 3 333 0 2 73 32 3 333 0 3 101
4/4 33 0 1 0 0 61 31 3 333 0 0 86 33 0 1 0 1 105 523 0 1 0 1 100 73 0 1 0 1 104 31 0 1 0 1 89 33 0 1 1 15 85 523 0 1 1 15 93 72 0 1 1 15 81 33 0 1 0 2 80 43 0 1 0 2 85 612 0 1 0 2 78 31 3 333 0 2 77 33 0 1 0 3 84 523 0 1 0 3 85 72 0 1 0 3 91 32 3 333 0 3 93
4/4 33 0 1 0 0 96 63 0 1 0 0 79 713 0 1 0 0 94 31 0 1 0 0 64 33 0 1 0 1 90 63 0 1 0 1 88 713 0 1 0 1 75 31 0 1 0 1 97 33 0 1 1 15 69 523 0 1 1 15 74 72 0 1 1 15 70 22 0 1 0 2 74 43 0 1 0 2 76 62 0 1 0 2 78 31 3 333 0 2 82 33 0 1 0 3 73 523 0 1 0 3 70 31 0 1 0 3 88 22 0 1 1 35 66 42 0 1 1 35 78
4/4 33 0 1 0 0 65 31 3 333 0 0 85 33 0 1 0 1 106 523 0 1 0 1 92 73 0 1 0 1 105 31 0 1 0 1 105 33 0 1 1 15 83 523 0 1 1 15 84 72 0 1 1 15 99 33 0 1 0 2 82 43 0 1 0 2 72 612 0 1 0 2 69 31 3 333 0 2 80 33 0 1 0 3 81 523 0 1 0 3 90 72 0 1 0 3 85 32 3 333 0 3 90
4/4 33 0 1 0 0 89 63 0 1 0 0 91 713 0 1 0 0 98 31 0 1 0 0 73 33 0 1 0 1 80 63 0 1 0 1 85 713 0 1 0 1 80 31 0 1 0 1 88 33 0 1 1 15 77 523 0 1 1 15 90 72 0 1 1 15 73 22 0 1 0 2 78 43 0 1 0 2 77 62 0 1 0 2 79 31 3 333 0 2 65 33 0 1 0 3 87 523 0 1 0 3 82 31 0 1 0 3 93 22 0 1 1 35 83 43 0 1 1 35 70 62 0 1 1 35 83
4/4 523 0 1 0 0 82 73 0 1 0 0 82 31 0 1 0 0 80 43 0 1 1 5 78 62 0 1 1 5 90 33 0 1 0 1 88 523 0 1 0 1 75 31 0 1 0 1 85 22 0 1 1 15 80 42 0 1 1 15 70 72 0 1 0 2 84 33 0 1 0 2 86 31 0 1 0 2 71 33 0 1 0 3 95 523 0 1 0 3 97 31 0 1 0 3 84
4/4 612 0 1 0 0 84 43 0 1 0 0 89 71 0 1 0 0 70 33 1 5 1 5 73 612 0 1 0 1 82 222 0 1 0 1 74 71 0 1 0 1 88 12 2 25 1 15 74 72 0 1 0 2 92 71 0 1 0 2 100
4/4 63 0 1 0 0 81 61 3 333 0 0 82 63 0 1 0 1 103 713 0 1 0 1 86 34 0 1 0 1 85 61 0 1 0 1 94 63 0 1 1 15 88 713 0 1 1 15 81 33 0 1 1 15 75 63 0 1 0 2 82 73 0 1 0 2 83 22 0 1 0 2 73 61 3 333 0 2 63 63 0 1 0 3 78 713 0 1 0 3 89 33 0 1 0 3 77 62 3 333 0 3 102
4/4 63 0 1 0 0 81 223 0 1 0 0 98 314 0 1 0 0 89 61 0 1 0 0 83 63 0 1 0 1 80 223 0 1 0 1 77 314 0 1 0 1 83 61 0 1 0 1 90 63 0 1 1 15 84 713 0 1 1 15 71 33 0 1 1 15 80 53 0 1 0 2 71 73 0 1 0 2 72 222 0 1 0 2 83 61 3 333 0 2 62 63 0 1 0 3 63 713 0 1 0 3 66 61 0 1 0 3 90 53 0 1 1 35 83 72 0 1 1 35 86
4/4 63 0 1 0 0 91 61 3 333 0 0 83 63 0 1 0 1 110 713 0 1 0 1 97 34 0 1 0 1 99 61 0 1 0 1 105 63 0 1 1 15 92 713 0 1 1 15 88 33 0 1 1 15 97 63 0 1 0 2 84 73 0 1 0 2 75 22 0 1 0 2 77 61 3 333 0 2 74 63 0 1 0 3 81 713 0 1 0 3 92 33 0 1 0 3 84 62 3 333 0 3 90
4/4 63 0 1 0 0 87 223 0 1 0 0 81 314 0 1 0 0 93 61 0 1 0 0 77 63 0 1 0 1 80 223 0 1 0 1 85 314 0 1 0 1 70 61 0 1 0 1 83 63 0 1 1 15 89 713 0 1 1 15 76 33 0 1 1 15 92 53 0 1 0 2 78 73 0 1 0 2 80 222 0 1 0 2 82 61 3 333 0 2 80 63 0 1 0 3 79 713 0 1 0 3 77 61 0 1 0 3 90 73 0 1 1 35 90 222 0 1 1 35 83
4/4 33 0 1 0 0 87 713 0 1 0 0 81 34 0 1 0 0 83 61 0 1 0 0 71 73 0 1 1 5 79 222 0 1 1 5 85 33 0 1 0 1 70 63 0 1 0 1 76 713 0 1 0 1 71 61 0 1 0 1 97 33 0 1 1 15 88 53 0 1 1 15 82 72 0 1 1 15 85 33 0 1 0 2 87 63 0 1 0 2 68 61 0 1 0 2 75 63 0 1 0 3 97 713 0 1 0 3 91 61 0 1 0 3 89
4/4 22 0 1 0 0 70 43 0 1 0 0 76 73 0 1 0 0 80 31 0 1 0 0 79 43 0 1 1 5 63 62 0 1 1 5 76 22 0 1 0 1 68 523 0 1 0 1 70 31 0 1 0 1 96 22 0 1 1 15 69 42 0 1 1 15 77 33 0 1 0 2 85 31 3 333 0 2 76 32 3 333 0 3 93
4/4 523 0 1 0 0 70 73 0 1 0 0 84 22 0 1 0 0 83 31 3 333 0 0 74 32 1 5 0 1 101 523 0 1 1 15 87 713 0 1 1 15 97 33 0 1 1 15 83 523 0 1 0 2 78 73 0 1 0 2 72 22 0 1 0 2 84 31 3 333 0 2 73 32 1 5 0 3 102 523 0 1 1 35 90 713 0 1 1 35 97 33 0 1 1 35 81
4/4 222 0 1 0 0 76 43 0 1 0 0 70 612 0 1 0 0 68 31 3 333 0 0 63 32 1 5 0 1 82 22 0 1 1 15 89 523 0 1 1 15 93 72 0 1 1 15 92 222 0 1 0 2 91 43 0 1 0 2 73 612 0 1 0 2 83 31 3 333 0 2 62 32 1 5 0 3 87 22 0 1 1 35 97 523 0 1 1 35 78 72 0 1 1 35 94
4/4 523 0 1 0 0 95 73 0 1 0 0 99 22 0 1 0 0 90 31 3 333 0 0 77 32 1 5 0 1 102 523 0 1 1 15 76 713 0 1 1 15 93 33 0 1 1 15 74 523 0 1 0 2 74 73 0 1 0 2 77 22 0 1 0 2 67 31 3 333 0 2 62 32 1 5 0 3 100 523 0 1 1 35 95 713 0 1 1 35 84 33 0 1 1 35 88
4/4 63 0 1 0 0 80 713 0 1 0 0 88 313 0 1 0 0 97 31 3 333 0 0 73 32 3 333 0 1 98 31 1 5 0 2 76 63 0 1 1 25 67 713 0 1 1 25 79 313 0 1 1 25 70 32 3 333 0 3 95
4/4 613 0 1 0 0 66 73 0 1 0 0 69 22 0 1 0 0 83 31 3 333 0 0 74 32 3 333 0 1 88 31 1 5 0 2 83 613 0 1 1 25 75 73 0 1 1 25 87 22 0 1 1 25 88 32 3 333 0 3 93
4/4 523 0 1 0 0 104 73 0 1 0 0 113 34 0 1 0 0 108 31 0 1 0 0 79 71 1 5 0 1 75 71 1 5 1 15 75 33 0 1 0 2 72 522 0 1 0 2 81 611 0 1 0 2 64 71 0 1 0 3 70
4/4 33 0 1 0 0 76 42 0 1 0 0 74 711 0 1 0 0 83 711 1 5 0 1 76 71 1 5 1 15 71 22 0 1 0 2 86 42 0 1 0 2 91 61 0 1 0 2 76 521 1 5 0 3 60 41 1 5 1 35 76
4/4 523 0 1 0 0 124 31 0 1 0 0 61 72 0 1 0 0 128 34 2 25 2 25 121 71 1 5 0 1 72 71 1 5 1 15 64 33 0 1 0 2 83 522 0 1 0 2 65 611 0 1 0 2 76 71 0 1 0 3 67
4/4 33 0 1 0 0 76 42 0 1 0 0 85 711 0 1 0 0 68 711 1 5 0 1 82 71 1 5 1 15 64 22 0 1 0 2 86 43 0 1 0 2 95 61 0 1 0 2 60 521 1 5 0 3 65 41 1 5 1 35 64
4/4 33 2 25 0 0 88 31 0 1 0 0 113 71 0 1 0 0 97 72 2 25 1 5 90 712 2 25 0 1 106 72 2 25 1 15 98 31 0 1 1 15 84 71 0 1 1 15 93 33 2 25 0 2 104 72 2 25 1 25 104 712 2 25 0 3 101 72 2 25 1 35 101
4/4 33 2 25 0 0 102 31 0 1 0 0 101 221 0 1 0 0 93 72 2 25 1 5 97 712 2 25 0 1 103 72 2 25 1 15 95 31 0 1 1 15 87 11 0 1 1 15 87 33 2 25 0 2 106 72 2 25 1 25 95 712 2 25 0 3 101 31 0 1 0 3 88 711 0 1 0 3 101 72 2 25 1 35 89
4/4 33 2 25 0 0 112 31 0 1 0 0 91 71 0 1 0 0 94 72 2 25 1 5 95 712 2 25 0 1 101 72 2 25 1 15 89 31 0 1 1 15 82 71 0 1 1 15 87 33 2 25 0 2 101 72 2 25 1 25 100 712 2 25 0 3 111 72 2 25 1 35 99
4/4 33 2 25 0 0 111 31 0 1 0 0 102 221 0 1 0 0 102 72 2 25 1 5 97 712 2 25 0 1 88 72 2 25 1 15 107 41 0 1 1 15 102 11 0 1 1 15 96 33 2 25 0 2 113 72 2 25 1 25 87 712 2 25 0 3 103 311 0 1 0 3 97 711 0 1 0 3 87 72 2 25 1 35 93
4/4 32 0 1 0 0 110 71 0 1 0 0 118 31 0 1 0 0 98 71 0 1 0 0 93 32 0 1 1 5 101 71 0 1 1 5 89 32 0 1 0 1 87 71 0 1 0 1 95 32 0 1 1 15 123 71 0 1 1 15 122 32 0 1 0 2 110 71 0 1 0 2 106 32 0 1 1 25 95 71 0 1 1 25 91 32 0 1 0 3 106 71 0 1 0 3 98 32 0 1 1 35 97 71 0 1 1 35 99
4/4 32 0 1 0 0 120 71 0 1 0 0 127 32 0 1 1 5 92 71 0 1 1 5 98 32 0 1 0 1 102 71 0 1 0 1 102 32 0 1 1 15 108 71 0 1 1 15 120 32 0 1 0 2 106 71 0 1 0 2 108 32 0 1 1 25 97 71 0 1 1 25 102 32 0 1 0 3 112 71 0 1 0 3 105 32 0 1 1 35 101 71 0 1 1 35 91
4/4 34 0 1 0 0 99 32 0 1 0 0 79 71 0 1 0 0 91 32 0 1 1 5 77 71 0 1 1 5 93 34 0 1 0 1 98 524 0 1 0 1 108 73 0 1 0 1 107 32 0 1 0 1 83 71 0 1 0 1 81 34 0 1 1 15 94 524 0 1 1 15 86 73 0 1 1 15 85 32 0 1 1 15 84 71 0 1 1 15 81 34 0 1 0 2 83 44 0 1 0 2 82 613 0 1 0 2 83 32 0 1 0 2 84 611 0 1 0 2 87 32 0 1 1 25 86 611 0 1 1 25 72 34 0 1 0 3 81 524 0 1 0 3 80 73 0 1 0 3 79 32 0 1 0 3 85 71 0 1 0 3 90 32 0 1 1 35 89 71 0 1 1 35 89
4/4 34 0 1 0 0 86 64 0 1 0 0 79 714 0 1 0 0 98 32 0 1 0 0 83 711 0 1 0 0 85 32 0 1 1 5 79 711 0 1 1 5 89 34 0 1 0 1 79 64 0 1 0 1 77 713 0 1 0 1 81 32 0 1 0 1 77 711 0 1 0 1 74 34 0 1 1 15 78 524 0 1 1 15 88 73 0 1 1 15 77 32 0 1 1 15 88 711 0 1 1 15 85 23 0 1 0 2 81 44 0 1 0 2 81 63 0 1 0 2 85 32 0 1 0 2 85 21 0 1 0 2 85 32 0 1 1 25 87 21 0 1 1 25 88 34 0 1 0 3 69 523 0 1 0 3 69 32 0 1 0 3 83 21 0 1 0 3 93 23 0 1 1 35 72 43 0 1 1 35 76 32 0 1 1 35 78 21 0 1 1 35 87
4/4 34 0 1 0 0 81 32 0 1 0 0 71 71 0 1 0 0 89 32 0 1 1 5 86 71 0 1 1 5 95 34 0 1 0 1 108 524 0 1 0 1 104 73 0 1 0 1 102 32 0 1 0 1 87 71 0 1 0 1 78 34 0 1 1 15 99 524 0 1 1 15 81 73 0 1 1 15 83 32 0 1 1 15 79 71 0 1 1 15 90 34 0 1 0 2 86 44 0 1 0 2 86 613 0 1 0 2 72 32 0 1 0 2 76 611 0 1 0 2 86 32 0 1 1 25 82 611 0 1 1 25 75 34 0 1 0 3 95 524 0 1 0 3 95 73 0 1 0 3 78 32 0 1 0 3 82 71 0 1 0 3 88 32 0 1 1 35 82 71 0 1 1 35 85
4/4 54 0 1 0 0 100 35 0 1 0 0 90 32 0 1 0 0 91 221 0 1 0 0 87 32 0 1 1 5 85 221 0 1 1 5 77 54 0 1 0 1 83 34 0 1 0 1 85 54 0 1 1 15 76 223 0 1 1 15 76 32 0 1 1 15 84 221 0 1 1 15 73 714 0 2 0 2 95 74 0 1 0 2 73 62 0 1 0 2 98 32 0 1 0 2 100 62 0 1 1 25 78 32 0 1 1 25 82 64 1 5 0 3 73 524 0 1 1 35 56 62 0 1 1 35 85 32 0 1 1 35 89
4/4 44 0 1 0 0 80 224 0 1 0 0 92 221 0 1 0 0 76 711 0 1 0 0 73 221 0 1 1 5 80 711 0 1 1 5 84 44 0 1 0 1 86 223 0 1 0 1 79 44 0 1 1 15 74 713 0 1 1 15 80 221 0 1 1 15 76 711 0 1 1 15 87 74 0 2 0 2 93 64 0 1 0 2 73 522 0 1 0 2 98 221 0 1 0 2 82 522 0 1 1 25 81 221 0 1 1 25 77 524 1 5 0 3 70 44 0 1 1 35 56 522 0 1 1 35 84 221 0 1 1 35 83
4/4 34 0 1 0 0 78 714 0 1 0 0 75 711 0 1 0 0 67 521 0 1 0 0 69 711 0 1 1 5 73 521 0 1 1 5 71 34 0 1 0 1 72 713 0 1 0 1 73 34 0 1 1 15 69 73 0 1 1 15 64 711 0 1 1 15 75 521 0 1 1 15 74 64 0 2 0 2 98 524 0 1 0 2 62 312 0 1 0 2 97 711 0 1 0 2 93 312 0 1 1 25 88 711 0 1 1 25 84 314 1 5 0 3 60 34 0 1 1 35 69 312 0 1 1 35 83 711 0 1 1 35 87
4/4 74 0 1 0 0 85 71 0 1 0 0 78 61 0 1 0 0 89 23 0 1 0 0 59 64 1 5 1 5 74 524 1 5 0 1 65 23 0 1 0 1 86 71 0 1 0 1 93 61 0 1 0 1 97 44 1 5 1 15 64 34 0 1 0 2 81 31 0 1 0 2 78 31 0 1 0 2 82 64 0 1 0 3 101 714 0 1 0 3 91 24 0 1 0 3 107 72 0 1 0 3 105
4/4 524 0 1 0 0 106 74 0 1 0 0 102 35 0 1 0 0 118 32 0 1 0 0 103 63 0 1 0 1 56 713 0 1 0 1 48 23 0 1 0 1 66 71 0 1 0 1 79 523 0 1 0 2 60 73 0 1 0 2 52 34 0 1 0 2 47 31 0 1 0 2 70
4/4 32 2 25 0 0 69 72 2 25 1 5 70 712 2 25 0 1 61 72 2 25 1 15 58 32 2 25 0 2 67 72 2 25 1 25 83 712 2 25 0 3 61 72 2 25 1 35 77
4/4 33 0 1 0 0 72 31 0 1 0 0 64 33 0 1 1 5 90 71 0 1 1 5 68 33 0 1 0 1 83 711 0 1 0 1 76 33 0 1 1 15 89 71 0 1 1 15 76 33 0 1 0 2 77 31 0 1 0 2 61 33 0 1 1 25 91 71 0 1 1 25 88 33 0 1 0 3 75 711 0 1 0 3 80 33 0 1 1 35 88 71 0 1 1 35 62
4/4 35 0 1 0 0 114 31 0 1 0 0 64 525 0 1 1 5 107 75 0 1 1 5 107 71 0 1 1 5 87 45 0 1 2 75 104 614 0 1 2 75 95 65 0 1 0 1 82 715 0 1 0 1 93 711 0 1 0 1 63 525 0 1 1 15 87 75 0 1 1 15 78 71 0 1 1 15 72 24 0 1 0 2 74 524 0 1 0 2 77 32 2 25 0 2 70 72 2 25 1 25 71 712 2 25 0 3 63 72 2 25 1 35 67
4/4 224 0 1 0 0 70 44 0 1 0 0 86 32 2 25 0 0 73 72 2 25 1 5 73 712 2 25 0 1 77 72 2 25 1 15 69 32 2 25 0 2 56 72 2 25 1 25 86 712 2 25 0 3 65 72 2 25 1 35 70
4/4 35 0 1 0 0 66 31 0 1 0 0 57 525 0 1 1 5 97 75 0 1 1 5 92 71 0 1 1 5 69 45 0 1 2 75 89 614 0 1 2 75 93 65 0 1 0 1 79 715 0 1 0 1 81 711 0 1 0 1 66 525 0 1 1 15 82 75 0 1 1 15 73 71 0 1 1 15 74 14 0 1 0 2 57 314 0 1 0 2 62 32 2 25 0 2 72 72 2 25 1 25 73 712 2 25 0 3 84 72 2 25 1 35 69
4/4 714 0 1 0 0 77 34 0 1 0 0 81 32 2 25 0 0 53 72 2 25 1 5 71 712 2 25 0 1 78 72 2 25 1 15 66 74 0 1 0 2 77 23 0 1 0 2 76 32 2 25 0 2 62 72 2 25 1 25 74 712 2 25 0 3 73 72 2 25 1 35 67
4/4 34 0 1 0 0 89 31 0 1 0 0 54 524 2 25 2 25 96 44 0 1 1 5 89 71 0 1 1 5 74 34 2 25 2 75 76 44 0 1 0 1 100 711 0 1 0 1 69 524 2 25 2 125 97 64 0 1 1 15 87 71 0 1 1 15 66 74 2 25 2 175 100 714 0 1 0 2 91 31 0 1 0 2 76 714 0 1 1 25 65 71 0 1 1 25 83 74 2 25 2 275 75 64 0 1 0 3 87 711 0 1 0 3 75 524 2 25 2 325 76 44 0 1 1 35 75 71 0 1 1 35 73 23 2 25 2 375 68
4/4 34 0 1 0 0 86 31 0 1 0 0 72 524 2 25 2 25 94 44 0 1 1 5 87 71 0 1 1 5 77 34 2 25 2 75 80 44 0 1 0 1 90 711 0 1 0 1 79 524 2 25 2 125 103 64 0 1 1 15 100 71 0 1 1 15 71 74 2 25 2 175 95 24 0 1 0 2 103 31 0 1 0 2 69 24 0 1 1 25 68 71 0 1 1 25 74 74 2 25 2 275 66 64 0 1 0 3 74 711 0 1 0 3 83 524 2 25 2 325 76 44 0 1 1 35 84 71 0 1 1 35 62 524 2 25 2 375 89
4/4 34 0 1 0 0 70 31 0 1 0 0 68 223 2 25 2 25 59 713 0 1 1 5 75 71 0 1 1 5 70 73 2 25 2 75 70 223 0 1 0 1 83 711 0 1 0 1 85 713 2 25 2 125 77 73 0 1 1 15 81 71 0 1 1 15 79 63 2 25 2 175 68 713 0 1 0 2 93 31 0 1 0 2 67 73 2 25 2 225 84 63 0 1 1 25 80 71 0 1 1 25 86 523 2 25 2 275 71 73 0 1 0 3 100 711 0 1 0 3 63 63 2 25 2 325 88 523 0 1 1 35 82 71 0 1 1 35 63 43 2 25 2 375 68
4/4 34 2 25 0 0 101 523 0 4 0 0 100 33 1 15 0 0 69 524 2 25 2 25 119 44 2 25 1 5 92 34 2 25 2 75 73 44 2 25 0 1 97 524 2 25 2 125 93 614 2 25 1 15 91 22 1 15 1 15 68 74 2 25 2 175 101 14 2 25 0 2 87 74 2 25 2 225 82 35 2 25 1 25 97 224 2 25 2 275 88 14 2 25 0 3 82 222 0 1 0 3 72 74 2 25 2 325 80 614 2 25 1 35 92 524 2 25 2 375 69
4/4 34 2 25 0 0 76 22 0 1 0 0 102 42 0 1 0 0 106 524 2 25 2 25 84 44 2 25 1 5 85 34 2 25 2 75 71 44 2 25 0 1 86 524 2 25 2 125 87 64 2 25 1 15 84 43 0 1 1 15 84 62 0 1 1 15 82 74 2 25 2 175 106 714 2 25 0 2 91 74 2 25 2 225 82 24 2 25 1 25 103 33 0 1 1 25 88 522 0 1 1 25 79 74 2 25 2 275 101 64 2 25 0 3 84 22 0 1 0 3 81 42 0 1 0 3 80 524 2 25 2 325 78 44 2 25 1 35 80 23 2 25 2 375 78
4/4 34 0 1 0 0 85 31 0 1 0 0 79 524 2 25 2 25 102 44 0 1 1 5 78 71 0 1 1 5 86 34 2 25 2 75 79 44 0 1 0 1 86 711 0 1 0 1 75 524 2 25 2 125 94 64 0 1 1 15 86 71 0 1 1 15 84 74 2 25 2 175 94 714 0 1 0 2 96 31 0 1 0 2 87 74 2 25 2 225 71 714 0 1 1 25 84 71 0 1 1 25 90 74 2 25 2 275 83 64 0 1 0 3 89 711 0 1 0 3 84 524 2 25 2 325 85 44 0 1 1 35 77 71 0 1 1 35 84 23 2 25 2 375 69
4/4 34 0 1 0 0 94 31 0 1 0 0 83 524 2 25 2 25 88 44 0 1 1 5 85 71 0 1 1 5 86 34 2 25 2 75 73 44 0 1 0 1 91 711 0 1 0 1 85 524 2 25 2 125 92 64 0 1 1 15 99 71 0 1 1 15 83 74 2 25 2 175 100 24 0 1 0 2 103 31 0 1 0 2 69 74 2 25 2 225 83 24 0 1 1 25 87 71 0 1 1 25 97 74 2 25 2 275 80 64 0 1 0 3 77 711 0 1 0 3 97 524 2 25 2 325 75 44 0 1 1 35 84 71 0 1 1 35 90 23 2 25 2 375 67
4/4 34 2 25 0 0 91 32 0 1 0 0 97 52 0 1 0 0 109 72 0 1 0 0 110 221 0 1 0 0 109 314 2 25 2 25 94 524 2 25 1 5 109 54 2 25 2 75 104 74 2 25 0 1 94 714 2 25 2 125 93 224 0 1 1 15 91 32 0 1 1 15 88 52 0 1 1 15 96 72 0 1 1 15 91 221 0 1 1 15 79 35 2 25 2 175 100 224 2 25 0 2 74 62 0 1 0 2 118 712 0 1 0 2 104 33 0 1 0 2 111 522 0 1 0 2 115 714 2 25 2 225 76 74 2 25 1 25 79 224 2 25 2 275 77 714 2 25 0 3 78 74 2 25 2 325 76 64 0 1 1 35 79 62 0 1 1 35 80 712 0 1 1 35 87 33 0 1 1 35 79 522 0 1 1 35 95 524 2 25 2 375 86
4/4 44 2 25 0 0 79 221 0 1 0 0 79 42 0 1 0 0 92 62 0 1 0 0 88 711 0 1 0 0 86 524 2 25 2 25 79 64 2 25 1 5 86 74 2 25 2 75 93 714 2 25 0 1 87 74 2 25 2 125 88 224 0 1 1 15 84 221 0 1 1 15 84 42 0 1 1 15 102 62 0 1 1 15 89 711 0 1 1 15 98 714 2 25 2 175 97 74 2 25 0 2 68 522 0 1 0 2 103 72 0 1 0 2 86 222 0 1 0 2 89 42 0 1 0 2 86 64 2 25 2 225 67 524 2 25 1 25 65 44 2 25 2 275 72 64 2 25 0 3 95 524 2 25 2 325 81 44 0 1 1 35 65 522 0 1 1 35 100 72 0 1 1 35 96 222 0 1 1 35 89 42 0 1 1 35 86 34 2 25 2 375 77
4/4 223 2 25 0 0 80 711 0 1 0 0 98 32 0 1 0 0 101 522 0 1 0 0 82 71 0 1 0 0 82 713 2 25 2 25 73 34 2 25 1 5 89 713 2 25 2 75 84 73 1 5 0 1 69 34 0 1 1 15 80 711 0 1 1 15 82 32 0 1 1 15 81 522 0 1 1 15 90 71 0 1 1 15 87 73 2 25 2 175 64 223 2 25 0 2 75 42 0 1 0 2 88 612 0 1 0 2 100 712 0 1 0 2 103 32 0 1 0 2 101 713 2 25 2 225 91 524 2 25 1 25 90 34 2 25 2 275 93 613 1 5 0 3 84 34 0 1 1 35 87 42 0 1 1 35 71 612 0 1 1 35 77 712 0 1 1 35 72 32 0 1 1 35 85 613 2 25 2 375 80
4/4 73 2 25 0 0 74 72 1 15 0 0 99 71 0 4 0 0 57 73 2 25 1 5 84 73 2 25 0 1 92 613 0 1 1 15 86 72 0 1 1 15 83 612 1 15 1 15 81 613 0 1 0 2 82 72 0 1 0 2 85 613 0 1 1 25 88 72 0 1 1 25 94 63 0 1 0 3 93 72 0 1 0 3 96 62 0 1 0 3 100 63 0 1 1 35 107 72 0 1 1 35 92
4/4 523 0 1 0 0 106 72 0 1 0 0 112 522 1 15 0 0 104 71 0 4 0 0 57 523 0 1 1 5 97 72 0 1 1 5 104 523 0 1 0 1 101 72 0 1 0 1 93 43 0 1 1 15 99 72 0 1 1 15 100 42 1 15 1 15 109 43 0 1 0 2 119 72 0 1 0 2 111 43 0 1 1 25 103 72 0 1 1 25 101 313 0 1 0 3 99 72 0 1 0 3 98 312 0 1 0 3 115 313 0 1 1 35 116 72 0 1 1 35 115
4/4 31 0 1 0 0 116 71 0 1 0 0 126 31 0 1 0 0 125 34 0 1 0 1 91 524 0 1 0 1 100 73 0 1 0 1 90 34 0 1 1 15 106 524 0 1 1 15 111 73 0 1 1 15 118 34 0 1 0 2 110 44 0 1 0 2 107 613 0 1 0 2 97 23 0 1 0 3 120 524 0 1 0 3 123 73 0 1 0 3 127 31 0 1 1 35 112 31 0 1 1 35 110 31 2 25 2 375 114
4/4 34 0 1 0 0 125 64 0 1 0 0 127 714 0 1 0 0 122 31 0 1 0 0 117 34 0 1 0 1 110 64 0 1 0 1 110 713 0 1 0 1 98 34 0 1 1 15 96 524 0 1 1 15 97 74 0 1 1 15 101 31 0 1 1 15 116 31 0 1 1 15 108 31 0 1 1 15 106 31 2 25 2 175 114 23 0 1 0 2 110 44 0 1 0 2 107 63 0 1 0 2 112 31 0 2 0 2 129 23 0 1 0 3 110 523 0 1 0 3 92 23 0 1 1 35 106 43 0 1 1 35 114
4/4 31 0 1 0 0 122 71 0 1 0 0 125 31 0 1 0 0 126 34 0 1 0 1 105 524 0 1 0 1 100 73 0 1 0 1 86 34 0 1 1 15 123 524 0 1 1 15 107 73 0 1 1 15 104 23 0 1 0 2 110 44 0 1 0 2 108 613 0 1 0 2 106 34 0 1 0 3 111 524 0 1 0 3 108 73 0 1 0 3 125 31 0 1 1 35 94 31 0 1 1 35 116 31 2 25 2 375 115
4/4 54 0 1 0 0 129 74 0 1 0 0 117 34 0 1 0 0 127 31 0 1 0 0 132 54 0 1 1 5 121 74 0 1 1 5 118 314 0 1 1 5 123 54 0 1 0 1 108 74 0 1 0 1 107 34 0 1 0 1 102 54 0 1 1 15 100 74 0 1 1 15 119 224 0 1 1 15 107 31 0 1 1 15 113 31 0 1 1 15 109 31 0 1 1 15 120 31 2 25 2 175 125 223 0 1 0 2 92 54 0 1 0 2 90 713 0 1 0 2 89 31 0 2 0 2 123 223 0 1 0 3 119 54 0 1 0 3 102 73 0 1 0 3 111
4/4 524 0 1 0 0 126 223 0 1 0 0 127 61 0 1 0 0 126 61 0 1 0 0 127 524 0 1 1 5 119 713 0 1 1 5 119 524 0 1 0 1 97 73 0 1 0 1 91 712 0 1 0 1 121 33 0 1 0 1 120 523 0 1 0 1 128 72 0 1 0 1 129 524 0 1 1 15 113 713 0 1 1 15 111 713 0 1 0 2 109 34 0 1 0 2 111 44 0 1 0 2 107 63 0 1 0 2 111 221 0 1 0 2 108 221 0 1 0 2 96 62 0 1 0 3 121 712 0 1 0 3 118 33 0 1 0 3 133 42 0 1 0 3 136
4/4 44 0 1 0 0 124 713 0 1 0 0 129 521 0 1 0 0 96 521 0 1 0 0 95 44 0 1 1 5 123 73 0 1 1 5 121 44 0 1 0 1 107 613 0 1 0 1 107 62 0 1 0 1 130 72 0 1 0 1 137 222 0 1 0 1 119 42 0 1 0 1 128 44 0 1 1 15 119 73 0 1 1 15 123 73 0 1 0 2 105 223 0 1 0 2 89 34 0 1 0 2 87 523 0 1 0 2 102 711 0 1 0 2 108 711 0 1 0 2 90 72 0 1 0 3 128 712 0 1 0 3 119 32 0 1 0 3 125
4/4 63 0 1 0 0 122 63 0 1 0 0 122 311 0 1 0 0 98 311 0 1 0 0 100 523 0 1 1 5 110 523 0 1 1 5 106 313 0 1 0 1 116 313 0 1 0 1 98 33 0 1 1 15 108 33 0 1 1 15 92 313 0 1 0 2 117 313 0 1 0 2 119 33 0 1 1 25 119 33 0 1 1 25 120 222 0 1 0 3 96 222 0 1 0 3 101 712 0 1 1 35 88 712 0 1 1 35 88
4/4 712 0 1 0 0 101 33 0 1 0 0 95 43 0 1 0 0 105 73 0 1 0 0 95 41 0 1 0 0 103 314 0 1 0 1 137 64 0 1 0 1 136 74 0 1 0 1 137 24 0 1 0 1 123 71 0 1 0 1 135 71 0 1 0 1 124 314 0 1 0 3 126 64 0 1 0 3 119 74 0 1 0 3 126 24 0 1 0 3 135 71 0 1 0 3 134 71 0 1 0 3 135
4/4 712 0 1 0 0 82 33 0 1 0 0 84 43 0 1 0 0 87 73 0 1 0 0 87 41 0 1 0 0 96 314 0 1 0 1 136 64 0 1 0 1 131 74 0 1 0 1 128 24 0 1 0 1 134 71 0 1 0 1 117 71 0 1 0 1 127 314 0 1 0 3 114 64 0 1 0 3 117 74 0 1 0 3 119 24 0 1 0 3 133 71 0 1 0 3 135 71 0 1 0 3 133
4/4 72 0 1 0 0 69 31 0 1 0 0 73 71 0 1 0 0 82 612 0 1 1 5 91 31 0 1 1 5 83 71 0 1 1 5 73 712 0 1 0 1 79 31 0 1 0 1 93 71 0 1 0 1 84 72 0 1 1 15 98 31 0 1 1 15 77 71 0 1 1 15 94 73 0 1 0 2 114 31 0 1 0 2 99 71 0 1 0 2 86 33 0 2 0 2 74 613 0 1 1 25 94 31 0 1 1 25 83 71 0 1 1 25 96 713 0 1 0 3 85 31 0 1 0 3 81 71 0 1 0 3 85 73 0 1 1 35 82 31 0 1 1 35 92 71 0 1 1 35 86
4/4 74 0 1 0 0 109 31 0 1 0 0 102 71 0 1 0 0 103 34 0 2 0 0 124 614 0 1 1 5 83 31 0 1 1 5 94 71 0 1 1 5 98 714 0 1 0 1 98 31 0 1 0 1 95 71 0 1 0 1 102 74 0 1 1 15 95 31 0 1 1 15 87 71 0 1 1 15 102 75 0 1 0 2 114 32 0 1 0 2 113 71 0 1 0 2 106 35 0 2 0 2 118 615 0 1 1 25 96 32 0 1 1 25 99 71 0 1 1 25 105 715 0 1 0 3 99 32 0 1 0 3 96 71 0 1 0 3 105 75 0 1 1 35 87 32 0 1 1 35 101 71 0 1 1 35 105
4/4 35 0 1 0 0 123 75 0 1 0 0 135 36 0 1 0 0 119 32 0 1 0 0 129 71 0 1 0 0 131
