4/4 54 0 2 0 2 64
4/4 56 0 4 0 0 64 24 0 4 0 0 64 54 0 4 0 0 64
4/4 74 0 2 0 0 64 56 1 15 0 0 64 54 0 8 0 0 64 25 1 5 1 15 64 55 3 667 0 2 64 14 0 2 0 2 64 15 3 667 3 2667 64 55 3 667 3 3333 64
4/4 45 0 3 0 0 64 14 0 2 0 0 64 24 0 2 0 2 64 55 2 25 1 35 64 615 2 25 2 375 64
4/4 75 1 35 0 0 64 13 0 1 0 0 64 34 0 1 0 0 64 54 0 1 0 0 64 55 1 5 1 35 64
4/4 25 1 5 0 0 64 23 0 1 0 0 64 44 0 1 0 0 64 614 0 1 0 0 64 15 1 35 1 5 64
4/4 54 0 1 0 0 64 74 0 1 0 0 64 25 1 5 1 5 64 55 1 5 0 1 64 15 1 25 1 15 64
4/4 54 0 1 0 0 64 74 0 1 0 0 64 75 1 5 1 5 64 24 1 5 0 1 64 615 1 25 1 15 64
4/4 54 1 5 0 0 64 53 0 1 0 0 64 73 0 1 0 0 64 54 1 5 1 5 64 54 1 5 0 1 64 614 1 5 1 15 64 614 1 15 0 2 64 53 0 1 0 2 64 13 0 1 0 2 64 614 1 5 1 35 64
4/4 74 0 1 0 0 64 53 0 1 0 0 64 34 0 1 0 0 64 614 0 1 0 1 64 44 1 15 0 2 64 53 0 1 0 2 64 13 0 1 0 2 64 23 1 5 1 35 64
4/4 54 0 1 0 0 64 53 0 1 0 0 64 73 0 1 0 0 64 53 0 1 0 2 64 73 0 1 0 2 64 54 1 5 1 25 64 54 1 5 0 3 64 24 1 5 1 35 64
4/4 24 0 1 0 0 64 12 0 1 0 0 64 33 0 1 0 0 64 73 0 1 0 0 64 12 0 1 0 2 64 33 0 1 0 2 64 73 0 1 0 2 64 54 1 5 1 25 64 54 1 5 0 3 64 24 1 5 1 35 64
4/4 24 1 5 0 0 64 43 0 1 0 0 64 613 0 1 0 0 64 14 1 25 1 5 64 43 0 1 0 2 64 613 0 1 0 2 64 614 1 5 0 3 64 74 1 5 1 35 64
2/4 614 1 15 0 0 64 43 0 1 0 0 64 613 0 1 0 0 64 44 1 5 1 15 64
4/4 54 0 3 0 0 64 23 1 5 1 5 64 53 1 5 0 1 64 13 1 5 1 15 64 73 1 5 0 2 64 22 1 5 1 25 64 54 0 1 0 3 64 53 0 1 0 3 64 614 0 1 1 35 64 43 0 1 1 35 64
4/4 74 0 1 0 0 64 33 0 1 0 0 64 53 0 1 0 0 64 614 1 5 0 1 64 74 1 5 1 15 64 14 0 1 0 2 64 33 0 1 0 2 64 613 0 1 0 2 64 74 1 5 0 3 64 14 1 5 1 35 64
4/4 24 0 1 0 0 64 22 0 1 0 0 64 43 0 1 0 0 64 13 0 1 0 0 64 14 1 5 0 1 64 24 1 5 1 15 64 35 0 1 0 2 64 222 0 1 0 2 64 43 0 1 0 2 64 713 0 1 0 2 64 35 1 5 1 35 64
4/4 24 1 5 0 0 64 12 0 1 0 0 64 33 0 1 0 0 64 53 0 1 0 0 64 54 1 5 1 5 64 54 1 5 0 1 64 24 1 5 1 15 64 14 1 15 0 2 64 22 0 1 0 2 64 43 0 1 0 2 64 613 0 1 0 2 64 44 1 5 1 35 64
4/4 54 0 4 0 0 64 53 0 1 0 0 64 13 0 1 0 0 64 53 0 1 0 2 64 713 0 1 0 2 64
4/4 63 0 1 0 0 64 13 0 1 0 0 64 54 0 1 1 5 64 63 0 1 1 5 64 13 0 1 1 5 64 74 1 5 0 1 64 54 0 1 1 15 64 63 0 1 1 15 64 13 0 1 1 15 64 44 0 1 0 2 64 63 0 1 0 2 64 13 0 1 0 2 64 34 0 1 1 25 64 63 0 1 1 25 64 13 0 1 1 25 64 13 1 5 0 3 64 54 0 1 1 35 64 63 0 1 1 35 64 13 0 1 1 35 64
4/4 54 1 15 0 0 64 53 0 1 0 0 64 73 0 1 0 0 64 53 0 1 1 5 64 73 0 1 1 5 64 44 0 1 1 15 64 53 0 1 1 15 64 73 0 1 1 15 64 54 2 25 2 175 64 74 0 1 0 2 64 53 0 1 0 2 64 73 0 1 0 2 64 14 0 1 1 25 64 53 0 1 1 25 64 73 0 1 1 25 64 74 2 125 2 275 64 53 0 1 1 35 64 73 0 1 1 35 64
4/4 63 0 1 0 0 64 13 0 1 0 0 64 54 0 1 1 5 64 63 0 1 1 5 64 13 0 1 1 5 64 74 1 5 0 1 64 54 0 1 1 15 64 63 0 1 1 15 64 13 0 1 1 15 64 44 0 1 0 2 64 63 0 1 0 2 64 13 0 1 0 2 64 34 0 1 1 25 64 63 0 1 1 25 64 13 0 1 1 25 64 13 1 5 0 3 64 54 0 1 1 35 64 63 0 1 1 35 64 13 0 1 1 35 64 54 2 25 2 375 64
4/4 53 0 1 0 0 64 73 0 1 0 0 64 54 0 1 0 0 64 53 0 1 1 5 64 73 0 1 1 5 64 44 0 1 1 15 64 53 0 1 1 15 64 73 0 1 1 15 64 54 2 25 2 175 64 74 0 1 0 2 64 53 0 1 0 2 64 73 0 1 0 2 64 14 2 25 2 225 64 74 0 1 1 25 64 53 0 1 1 25 64 73 0 1 1 25 64 54 0 1 1 35 64 53 0 1 1 35 64 73 0 1 1 35 64 74 2 25 2 375 64
4/4 14 0 1 0 0 64 43 0 1 0 0 64 63 0 1 0 0 64 14 0 1 1 5 64 43 0 1 1 5 64 63 0 1 1 5 64 14 1 15 0 1 64 43 0 1 1 15 64 63 0 1 1 15 64 43 0 1 0 2 64 63 0 1 0 2 64 74 0 1 1 25 64 43 0 1 1 25 64 63 0 1 1 25 64 74 1 5 0 3 64 14 0 1 1 35 64 43 0 1 1 35 64 63 0 1 1 35 64
4/4 24 0 3 0 0 64 53 0 1 0 0 64 73 0 1 0 0 64 53 0 1 1 5 64 73 0 1 1 5 64 53 0 1 1 15 64 73 0 1 1 15 64 53 0 1 0 2 64 73 0 1 0 2 64 53 0 1 1 25 64 73 0 1 1 25 64 54 0 1 1 35 64 53 0 1 1 35 64 73 0 1 1 35 64
4/4 35 1 5 0 0 64 13 1 15 0 0 64 24 1 5 1 5 64 74 1 5 0 1 64 54 0 1 1 15 64 13 0 1 1 15 64 74 1 5 0 2 64 53 0 1 0 2 64 23 0 1 0 2 64 14 1 5 1 25 64 74 1 5 0 3 64 14 1 5 1 35 64 53 0 1 1 35 64 23 0 1 1 35 64
4/4 63 0 1 0 0 64 34 0 1 0 0 64 14 0 3 0 0 64 63 0 1 1 15 64 34 0 1 1 15 64 73 0 1 0 2 64 23 0 1 0 2 64 73 0 1 1 25 64 23 0 1 1 25 64 54 0 1 1 35 64 73 0 1 1 35 64 23 0 1 1 35 64
4/4 35 1 5 0 0 64 13 1 15 0 0 64 24 1 5 1 5 64 74 1 5 0 1 64 54 0 1 1 15 64 13 0 1 1 15 64 74 1 5 0 2 64 53 0 1 0 2 64 23 0 1 0 2 64 14 1 5 1 25 64 24 1 5 0 3 64 14 1 5 1 35 64 53 0 1 1 35 64 23 0 1 1 35 64
4/4 63 0 1 0 0 64 34 0 1 0 0 64 14 0 3 0 0 64 63 0 1 1 15 64 34 0 1 1 15 64 73 0 1 0 2 64 23 0 1 0 2 64 73 0 1 1 25 64 23 0 1 1 25 64 14 1 5 0 3 64 35 0 1 1 35 64 73 0 1 1 35 64 23 0 1 1 35 64
4/4 45 0 1 0 0 64 63 0 1 0 0 64 13 0 1 0 0 64 55 0 1 0 1 64 63 0 1 1 15 64 13 0 1 1 15 64 45 0 1 0 2 64 53 0 1 0 2 64 713 0 1 0 2 64 23 0 1 0 2 64 35 1 5 0 3 64 24 0 1 1 35 64 53 0 1 1 35 64 713 0 1 1 35 64 23 0 1 1 35 64
4/4 54 0 3 0 0 64 13 0 1 0 0 64 34 0 1 0 0 64 13 0 1 1 15 64 34 0 1 1 15 64 73 0 1 0 2 64 34 0 1 0 2 64 73 0 1 1 25 64 34 0 1 1 25 64 54 1 5 0 3 64 74 0 1 1 35 64 73 0 1 1 35 64 34 0 1 1 35 64
4/4 14 0 1 0 0 64 63 0 1 0 0 64 34 0 1 0 0 64 54 1 5 0 1 64 74 0 1 1 15 64 63 0 1 1 15 64 34 0 1 1 15 64 14 1 5 0 2 64 73 0 1 0 2 64 44 0 1 0 2 64 35 1 5 1 25 64 24 1 5 0 3 64 74 0 1 1 35 64 73 0 1 1 35 64 44 0 1 1 35 64
4/4 14 0 4 0 0 64 13 0 1 0 0 64 44 0 1 0 0 64 13 0 1 1 5 64 44 0 1 1 5 64 13 0 1 1 15 64 44 0 1 1 15 64 13 0 1 0 2 64 314 0 1 0 2 64 13 0 1 1 25 64 314 0 1 1 25 64 13 0 1 1 35 64 314 0 1 1 35 64
4/4 223 0 1 0 0 64 44 0 1 0 0 64 14 0 1 0 1 64 223 0 1 1 15 64 44 0 1 1 15 64 224 0 1 0 2 64 223 0 1 0 2 64 44 0 1 0 2 64 35 0 1 0 3 64 223 0 1 1 35 64 44 0 1 1 35 64
4/4 45 0 2 0 0 64 13 0 1 0 0 64 34 0 1 0 0 64 54 0 1 0 0 64 13 0 1 1 15 64 34 0 1 1 15 64 54 0 1 1 15 64 55 0 2 0 2 64 13 0 1 0 2 64 34 0 1 0 2 64 54 0 1 0 2 64 13 0 1 1 35 64 34 0 1 1 35 64 54 0 1 1 35 64
4/4 63 0 1 0 0 64 13 0 1 0 0 64 54 0 1 0 0 64 55 0 1 0 0 64 55 0 1 0 1 64 63 0 1 1 15 64 13 0 1 1 15 64 54 0 1 1 15 64 65 0 1 0 2 64 63 0 1 0 2 64 13 0 1 0 2 64 54 0 1 0 2 64 63 0 1 1 25 64 13 0 1 1 25 64 54 0 1 1 25 64 75 0 1 0 3 64 63 0 1 1 35 64 13 0 1 1 35 64 54 0 1 1 35 64
4/4 15 0 2 0 0 64 23 0 1 0 0 64 44 0 1 0 0 64 23 0 1 1 15 64 44 0 1 1 15 64 25 0 2 0 2 64 23 0 1 0 2 64 44 0 1 0 2 64 23 0 1 1 35 64 44 0 1 1 35 64
4/4 23 0 1 0 0 64 44 0 1 0 0 64 25 0 2 0 0 64 23 0 1 1 15 64 44 0 1 1 15 64 36 0 1 2 175 64 316 0 1 2 175 64 46 0 2 0 2 64 23 0 1 0 2 64 44 0 1 0 2 64 23 0 1 1 25 64 44 0 1 1 25 64 23 0 1 1 35 64 44 0 1 1 35 64
4/4 54 2 25 0 0 64 614 2 25 2 25 64 53 2 25 1 5 64 23 2 25 2 75 64 54 2 25 0 1 64 614 2 25 2 125 64 53 2 25 1 15 64 23 2 25 2 175 64 54 2 25 0 2 64 614 2 25 2 225 64 53 2 25 1 25 64 23 2 25 2 275 64 54 2 25 0 3 64 614 2 25 2 325 64 53 2 25 1 35 64 23 2 25 2 375 64
4/4 54 1 5 0 0 64 53 0 1 0 0 64 73 0 1 0 0 64 54 1 5 1 5 64 54 1 5 0 1 64 614 1 5 1 15 64 614 1 15 0 2 64 53 0 1 0 2 64 13 0 1 0 2 64 614 1 5 1 35 64
4/4 74 0 1 0 0 64 53 0 1 0 0 64 34 0 1 0 0 64 614 0 1 0 1 64 44 1 15 0 2 64 53 0 1 0 2 64 13 0 1 0 2 64 23 1 5 1 35 64
4/4 54 0 1 0 0 64 53 0 1 0 0 64 73 0 1 0 0 64 53 0 1 0 2 64 73 0 1 0 2 64 54 1 5 1 25 64 54 1 5 0 3 64 24 1 5 1 35 64
4/4 24 0 1 0 0 64 12 0 1 0 0 64 33 0 1 0 0 64 73 0 1 0 0 64 12 0 1 0 2 64 33 0 1 0 2 64 73 0 1 0 2 64 54 1 5 1 25 64 54 1 5 0 3 64 24 1 5 1 35 64
4/4 24 1 5 0 0 64 43 0 1 0 0 64 613 0 1 0 0 64 14 1 25 1 5 64 43 0 1 0 2 64 613 0 1 0 2 64 614 1 5 0 3 64 74 1 5 1 35 64
2/4 614 1 15 0 0 64 43 0 1 0 0 64 613 0 1 0 0 64 44 1 5 1 15 64
4/4 54 0 3 0 0 64 23 1 5 1 5 64 53 1 5 0 1 64 13 1 5 1 15 64 73 1 5 0 2 64 22 1 5 1 25 64 54 0 1 0 3 64 53 0 1 0 3 64 614 0 1 1 35 64 43 0 1 1 35 64
4/4 74 0 1 0 0 64 33 0 1 0 0 64 53 0 1 0 0 64 614 1 5 0 1 64 74 1 5 1 15 64 14 0 1 0 2 64 33 0 1 0 2 64 613 0 1 0 2 64 74 1 5 0 3 64 14 1 5 1 35 64
4/4 24 0 1 0 0 64 22 0 1 0 0 64 43 0 1 0 0 64 13 0 1 0 0 64 14 1 5 0 1 64 24 1 5 1 15 64 35 0 1 0 2 64 222 0 1 0 2 64 43 0 1 0 2 64 713 0 1 0 2 64 35 1 5 1 35 64
4/4 24 1 5 0 0 64 12 0 1 0 0 64 33 0 1 0 0 64 53 0 1 0 0 64 54 1 5 1 5 64 54 1 5 0 1 64 24 1 5 1 15 64 14 1 15 0 2 64 22 0 1 0 2 64 43 0 1 0 2 64 613 0 1 0 2 64 44 1 5 1 35 64
4/4 54 0 4 0 0 64 53 0 1 0 0 64 13 0 1 0 0 64 53 0 1 0 2 64 713 0 1 0 2 64
4/4 63 0 1 0 0 64 13 0 1 0 0 64 54 0 1 1 5 64 63 0 1 1 5 64 13 0 1 1 5 64 74 1 5 0 1 64 54 0 1 1 15 64 63 0 1 1 15 64 13 0 1 1 15 64 44 0 1 0 2 64 63 0 1 0 2 64 13 0 1 0 2 64 34 0 1 1 25 64 63 0 1 1 25 64 13 0 1 1 25 64 13 1 5 0 3 64 54 0 1 1 35 64 63 0 1 1 35 64 13 0 1 1 35 64
4/4 54 1 15 0 0 64 53 0 1 0 0 64 73 0 1 0 0 64 53 0 1 1 5 64 73 0 1 1 5 64 44 0 1 1 15 64 53 0 1 1 15 64 73 0 1 1 15 64 54 2 25 2 175 64 74 0 1 0 2 64 53 0 1 0 2 64 73 0 1 0 2 64 14 0 1 1 25 64 53 0 1 1 25 64 73 0 1 1 25 64 74 2 125 2 275 64 53 0 1 1 35 64 73 0 1 1 35 64
4/4 63 0 1 0 0 64 13 0 1 0 0 64 54 0 1 1 5 64 63 0 1 1 5 64 13 0 1 1 5 64 74 1 5 0 1 64 54 0 1 1 15 64 63 0 1 1 15 64 13 0 1 1 15 64 44 0 1 0 2 64 63 0 1 0 2 64 13 0 1 0 2 64 34 0 1 1 25 64 63 0 1 1 25 64 13 0 1 1 25 64 13 1 5 0 3 64 54 0 1 1 35 64 63 0 1 1 35 64 13 0 1 1 35 64 54 2 25 2 375 64
4/4 53 0 1 0 0 64 73 0 1 0 0 64 54 0 1 0 0 64 53 0 1 1 5 64 73 0 1 1 5 64 44 0 1 1 15 64 53 0 1 1 15 64 73 0 1 1 15 64 54 2 25 2 175 64 74 0 1 0 2 64 53 0 1 0 2 64 73 0 1 0 2 64 14 2 25 2 225 64 74 0 1 1 25 64 53 0 1 1 25 64 73 0 1 1 25 64 54 0 1 1 35 64 53 0 1 1 35 64 73 0 1 1 35 64 74 2 25 2 375 64
4/4 14 0 1 0 0 64 43 0 1 0 0 64 63 0 1 0 0 64 14 0 1 1 5 64 43 0 1 1 5 64 63 0 1 1 5 64 14 1 15 0 1 64 43 0 1 1 15 64 63 0 1 1 15 64 43 0 1 0 2 64 63 0 1 0 2 64 74 0 1 1 25 64 43 0 1 1 25 64 63 0 1 1 25 64 74 1 5 0 3 64 14 0 1 1 35 64 43 0 1 1 35 64 63 0 1 1 35 64
4/4 24 0 3 0 0 64 53 0 1 0 0 64 73 0 1 0 0 64 53 0 1 1 5 64 73 0 1 1 5 64 53 0 1 1 15 64 73 0 1 1 15 64 53 0 1 0 2 64 73 0 1 0 2 64 53 0 1 1 25 64 73 0 1 1 25 64 54 0 1 1 35 64 53 0 1 1 35 64 73 0 1 1 35 64
4/4 35 1 5 0 0 64 13 1 15 0 0 64 24 1 5 1 5 64 74 1 5 0 1 64 54 0 1 1 15 64 13 0 1 1 15 64 74 1 5 0 2 64 53 0 1 0 2 64 23 0 1 0 2 64 14 1 5 1 25 64 74 1 5 0 3 64 14 1 5 1 35 64 53 0 1 1 35 64 23 0 1 1 35 64
4/4 63 0 1 0 0 64 34 0 1 0 0 64 14 0 3 0 0 64 63 0 1 1 15 64 34 0 1 1 15 64 73 0 1 0 2 64 23 0 1 0 2 64 73 0 1 1 25 64 23 0 1 1 25 64 54 0 1 1 35 64 73 0 1 1 35 64 23 0 1 1 35 64
4/4 35 1 5 0 0 64 13 1 15 0 0 64 24 1 5 1 5 64 74 1 5 0 1 64 54 0 1 1 15 64 13 0 1 1 15 64 74 1 5 0 2 64 53 0 1 0 2 64 23 0 1 0 2 64 14 1 5 1 25 64 24 1 5 0 3 64 14 0 1 1 35 64 53 0 1 1 35 64 23 0 1 1 35 64
4/4 14 0 3 0 0 64 63 0 1 0 0 64 34 0 1 0 0 64 63 0 1 1 15 64 34 0 1 1 15 64 73 0 1 0 2 64 23 0 1 0 2 64 73 0 1 1 25 64 23 0 1 1 25 64 54 0 1 1 35 64 73 0 1 1 35 64 23 0 1 1 35 64
4/4 35 1 5 0 0 64 13 1 15 0 0 64 24 1 5 1 5 64 74 1 5 0 1 64 54 0 1 1 15 64 13 0 1 1 15 64 74 1 5 0 2 64 53 0 1 0 2 64 23 0 1 0 2 64 14 1 5 1 25 64 74 1 5 0 3 64 14 1 5 1 35 64 53 0 1 1 35 64 23 0 1 1 35 64
4/4 63 0 1 0 0 64 34 0 1 0 0 64 14 0 3 0 0 64 63 0 1 1 15 64 34 0 1 1 15 64 73 0 1 0 2 64 23 0 1 0 2 64 73 0 1 1 25 64 23 0 1 1 25 64 54 0 1 1 35 64 73 0 1 1 35 64 23 0 1 1 35 64
4/4 35 1 5 0 0 64 13 1 15 0 0 64 24 1 5 1 5 64 74 1 5 0 1 64 54 0 1 1 15 64 13 0 1 1 15 64 74 1 5 0 2 64 53 0 1 0 2 64 23 0 1 0 2 64 14 1 5 1 25 64 24 1 5 0 3 64 14 1 5 1 35 64 53 0 1 1 35 64 23 0 1 1 35 64
4/4 63 0 1 0 0 64 34 0 1 0 0 64 14 0 3 0 0 64 63 0 1 1 15 64 34 0 1 1 15 64 73 0 1 0 2 64 23 0 1 0 2 64 73 0 1 1 25 64 23 0 1 1 25 64 14 1 5 0 3 64 35 0 1 1 35 64 73 0 1 1 35 64 23 0 1 1 35 64
4/4 45 0 1 0 0 64 63 0 1 0 0 64 13 0 1 0 0 64 55 0 1 0 1 64 63 0 1 1 15 64 13 0 1 1 15 64 45 0 1 0 2 64 53 0 1 0 2 64 713 0 1 0 2 64 23 0 1 0 2 64 35 1 5 0 3 64 24 0 1 1 35 64 53 0 1 1 35 64 713 0 1 1 35 64 23 0 1 1 35 64
4/4 54 0 3 0 0 64 13 0 1 0 0 64 34 0 1 0 0 64 13 0 1 1 15 64 34 0 1 1 15 64 73 0 1 0 2 64 34 0 1 0 2 64 73 0 1 1 25 64 34 0 1 1 25 64 54 1 5 0 3 64 74 0 1 1 35 64 73 0 1 1 35 64 34 0 1 1 35 64
4/4 14 0 1 0 0 64 63 0 1 0 0 64 34 0 1 0 0 64 54 1 5 0 1 64 74 0 1 1 15 64 63 0 1 1 15 64 34 0 1 1 15 64 14 1 5 0 2 64 73 0 1 0 2 64 44 0 1 0 2 64 35 1 5 1 25 64 24 1 5 0 3 64 74 0 1 1 35 64 73 0 1 1 35 64 44 0 1 1 35 64
4/4 14 0 4 0 0 64 13 0 1 0 0 64 44 0 1 0 0 64 13 0 1 1 5 64 44 0 1 1 5 64 13 0 1 1 15 64 44 0 1 1 15 64 13 0 1 0 2 64 314 0 1 0 2 64 13 0 1 1 25 64 314 0 1 1 25 64 13 0 1 1 35 64 314 0 1 1 35 64
4/4 15 0 1 0 0 64 223 0 1 0 0 64 44 0 1 0 0 64 56 0 1 0 1 64 46 0 1 0 2 64 223 0 1 0 2 64 44 0 1 0 2 64 75 0 1 0 3 64
4/4 65 0 1 0 0 64 523 0 1 0 0 64 34 0 1 0 0 64 36 0 1 0 1 64 225 0 1 0 2 64 63 0 1 0 2 64 34 0 1 0 2 64 45 0 1 0 3 64
4/4 45 0 1 0 0 64 15 0 1 0 0 64 23 1 15 0 0 64 55 1 5 1 5 64 45 1 5 0 1 64 55 0 1 1 15 64 23 0 1 1 15 64 45 0 1 0 2 64 15 0 1 0 2 64 23 0 1 0 2 64 55 1 5 1 25 64 23 0 1 1 25 64 45 1 5 0 3 64 55 0 1 1 35 64 23 0 1 1 35 64
4/4 45 0 1 0 0 64 15 0 1 0 0 64 23 1 15 0 0 64 55 1 5 1 5 64 45 1 5 0 1 64 55 0 1 1 15 64 23 0 1 1 15 64 45 0 1 0 2 64 15 0 1 0 2 64 23 0 1 0 2 64 55 1 5 1 25 64 23 0 1 1 25 64 45 1 5 0 3 64 55 0 1 1 35 64 23 0 1 1 35 64 15 0 1 2 375 64 53 0 1 2 375 64 25 0 1 2 375 64 56 0 1 2 375 64 23 0 1 2 375 64
4/4 15 0 1 0 0 64 53 0 1 0 0 64 25 0 1 0 0 64 56 0 1 0 0 64 23 0 1 0 0 64
