4/4 55 2 25 2 25 102 45 2 25 1 5 103 14 2 25 2 75 96 55 1 5 0 1 97 45 2 25 1 15 94 14 2 25 2 175 95 55 2 25 2 225 100 45 2 25 1 25 104 14 2 25 2 275 98 55 1 5 0 3 103 45 2 25 1 35 99 14 2 25 2 375 107
4/4 45 2 25 2 25 94 35 2 25 1 5 90 74 2 25 2 75 108 45 1 5 0 1 100 35 2 25 1 15 107 74 2 25 2 175 90 45 2 25 2 225 108 35 2 25 1 25 109 74 2 25 2 275 103 45 1 5 0 3 102 35 2 25 1 35 96 74 2 25 2 375 98
4/4 64 0 4 0 0 74 55 2 25 2 25 110 45 2 25 1 5 93 14 2 25 2 75 106 55 1 5 0 1 90 45 2 25 1 15 95 14 2 25 2 175 110 55 2 25 2 225 99 45 2 25 1 25 106 14 2 25 2 275 105 55 1 5 0 3 91 45 2 25 1 35 98 14 2 25 2 375 106
4/4 54 0 4 0 0 64 45 2 25 2 25 109 35 2 25 1 5 98 74 2 25 2 75 92 45 1 5 0 1 92 35 2 25 1 15 90 74 2 25 2 175 90 45 2 25 2 225 96 35 2 25 1 25 103 74 2 25 2 275 94 45 1 5 0 3 110 35 2 25 1 35 104 74 2 25 2 375 107
4/4 64 0 1 0 0 62 55 2 25 2 25 96 45 2 25 1 5 91 14 2 25 2 75 97 55 1 5 0 1 107 64 0 1 0 1 66 45 2 25 1 15 102 14 2 25 2 175 101 64 0 1 0 2 63 55 2 25 2 225 90 45 2 25 1 25 106 14 2 25 2 275 110 55 1 5 0 3 95 64 0 1 0 3 67 45 2 25 1 35 106 14 2 25 2 375 107
4/4 54 0 1 0 0 70 45 2 25 2 25 91 35 2 25 1 5 106 74 2 25 2 75 95 45 1 5 0 1 93 54 0 1 0 1 55 35 2 25 1 15 102 74 2 25 2 175 94 54 0 1 0 2 55 14 1 5 0 3 106 53 0 1 0 3 59 35 1 5 1 35 91
4/4 14 0 1 0 0 102 45 0 1 0 0 97 63 1 15 0 0 68 45 1 5 0 1 95 55 1 5 1 15 107 63 1 15 1 15 55 35 0 1 0 2 108 14 1 5 0 3 92 63 0 1 0 3 64 35 1 5 1 35 99
4/4 74 0 1 0 0 95 45 0 1 0 0 98 53 1 15 0 0 69 45 1 5 0 1 108 75 1 5 1 15 107 53 1 15 1 15 63 55 0 1 0 2 93 55 1 5 0 3 104 53 0 1 0 3 72 75 1 5 1 35 109
4/4 35 0 1 0 0 103 65 0 1 0 0 107 15 0 1 0 0 109 44 1 15 0 0 57 15 1 5 1 5 109 15 1 5 0 1 108 36 1 5 1 15 92 44 1 15 1 15 65 25 1 5 0 2 110 15 1 5 1 25 104 75 1 5 0 3 106 44 0 1 0 3 60 65 1 5 1 35 91
4/4 14 0 1 0 0 94 45 0 1 0 0 91 55 0 1 0 0 105 53 1 15 0 0 62 45 1 5 0 1 91 14 1 5 1 15 97 53 1 15 1 15 67 55 0 1 0 2 109 14 1 5 0 3 97 53 0 1 0 3 57 35 1 5 1 35 98
4/4 14 0 1 0 0 103 45 0 1 0 0 96 63 1 15 0 0 72 45 1 5 0 1 92 55 1 5 1 15 90 63 1 15 1 15 59 35 0 1 0 2 91 14 1 5 0 3 109 63 0 1 0 3 67 35 1 5 1 35 92
4/4 74 0 1 0 0 100 45 0 1 0 0 101 53 1 15 0 0 62 45 1 5 0 1 92 75 1 5 1 15 102 53 1 15 1 15 70 55 0 1 0 2 104 55 1 5 0 3 92 53 0 1 0 3 62 75 1 5 1 35 92
4/4 35 0 1 0 0 101 65 0 1 0 0 94 15 0 1 0 0 91 44 0 2 0 0 67 15 1 5 1 5 108 15 1 5 0 1 101 36 1 5 1 15 107 45 0 1 0 2 106 75 0 1 0 2 93 25 0 1 0 2 101 53 0 2 0 2 67 15 1 5 1 25 90 55 1 5 0 3 107 14 1 5 1 35 106
4/4 54 0 4 0 0 91 14 1 35 0 0 100 35 0 4 0 0 91 13 1 15 0 0 59 13 1 15 1 15 60 14 0 1 0 3 99 73 0 1 0 3 59 35 1 5 1 35 107
4/4 14 0 1 0 0 100 45 0 1 0 0 104 63 1 15 0 0 64 54 1 5 0 0 99 35 1 5 0 0 107 14 1 5 0 0 100 45 1 5 0 1 101 55 1 5 1 15 94 63 1 15 1 15 58 35 0 1 0 2 109 14 1 5 0 3 102 63 0 1 0 3 60 35 1 5 1 35 95
4/4 74 0 1 0 0 96 45 0 1 0 0 96 53 1 15 0 0 55 45 1 5 0 1 99 75 1 5 1 15 107 53 1 15 1 15 54 55 0 1 0 2 105 55 1 5 0 3 104 53 0 1 0 3 61 75 1 5 1 35 90
4/4 35 0 1 0 0 98 65 0 1 0 0 110 15 0 1 0 0 100 44 1 15 0 0 56 15 1 5 1 5 101 15 1 5 0 1 103 36 1 5 1 15 101 44 1 15 1 15 57 25 1 5 0 2 92 15 1 5 1 25 93 75 1 5 0 3 94 44 0 1 0 3 63 65 1 5 1 35 110
4/4 14 0 1 0 0 99 45 0 1 0 0 94 55 0 1 0 0 99 53 1 15 0 0 72 45 1 5 0 1 108 14 1 5 1 15 94 53 1 15 1 15 71 55 0 1 0 2 98 14 1 5 0 3 106 53 0 1 0 3 70 35 1 5 1 35 94
4/4 14 0 1 0 0 104 45 0 1 0 0 96 63 1 15 0 0 54 45 1 5 0 1 101 55 1 5 1 15 98 63 1 15 1 15 70 35 0 1 0 2 100 14 1 5 0 3 94 63 0 1 0 3 72 35 1 5 1 35 98
4/4 74 0 1 0 0 100 45 0 1 0 0 108 53 1 15 0 0 56 45 1 5 0 1 102 75 1 5 1 15 96 53 1 15 1 15 55 55 0 1 0 2 90 55 1 5 0 3 104 53 0 1 0 3 73 75 1 5 1 35 109
4/4 35 0 1 0 0 95 65 0 1 0 0 108 15 0 1 0 0 101 44 0 2 0 0 54 15 1 5 1 5 105 15 1 5 0 1 106 36 1 5 1 15 102 45 0 1 0 2 97 75 0 1 0 2 99 25 0 1 0 2 93 53 0 2 0 2 64 15 1 5 1 25 92 55 1 5 0 3 104 14 1 5 1 35 110
4/4 54 0 1 0 0 92 14 0 1 0 0 91 35 0 1 0 0 108 13 1 15 0 0 60 13 1 15 1 15 71 13 1 5 0 3 55 713 1 5 1 35 65
4/4 64 0 1 0 0 96 224 0 1 0 0 106 73 1 15 0 0 67 54 0 1 0 0 102 14 0 1 0 0 90 35 0 1 0 0 109 65 1 5 1 5 93 65 1 5 0 1 106 224 1 5 1 15 103 73 1 15 1 15 62 65 0 2 0 2 101 44 0 1 0 3 60
4/4 73 1 15 0 0 67 65 0 1 0 0 107 224 1 5 1 5 99 224 1 5 0 1 100 65 1 5 1 15 105 73 1 25 1 15 59 65 0 1 0 2 92 55 1 5 0 3 105 45 1 5 1 35 98
4/4 74 0 1 0 0 105 35 0 1 0 0 107 55 0 1 0 0 91 13 1 15 0 0 70 65 1 5 1 5 102 55 1 5 0 1 93 45 1 5 1 15 95 13 1 25 1 15 72 35 0 2 0 2 103 54 1 5 0 3 107 14 1 5 1 35 105
4/4 74 1 15 0 0 95 54 2 25 1 15 101 44 2 25 2 175 105 54 0 2 0 2 105 13 0 1 0 3 69
4/4 64 0 1 0 0 109 224 0 1 0 0 91 73 1 15 0 0 71 65 1 5 1 5 106 65 1 5 0 1 110 224 1 5 1 15 107 73 1 15 1 15 73 65 0 2 0 2 101 44 0 1 0 3 65
4/4 73 1 15 0 0 66 65 0 1 0 0 105 224 1 5 1 5 104 224 1 5 0 1 91 65 1 5 1 15 108 73 1 25 1 15 72 65 0 1 0 2 108 55 1 5 0 3 106 45 1 5 1 35 109
4/4 74 0 1 0 0 106 35 0 1 0 0 106 55 0 1 0 0 105 13 1 15 0 0 55 65 1 5 1 5 95 75 1 5 0 1 90 35 0 1 1 15 94 13 1 25 1 15 71 14 0 1 1 25 92 74 1 5 1 35 102
4/4 64 0 3 0 0 101 14 1 35 0 0 110 73 0 1 0 0 60 23 0 1 0 0 56 53 0 1 0 2 61 14 0 1 0 3 104 13 0 1 0 3 69 35 1 5 1 35 108
4/4 14 0 1 0 0 106 45 0 1 0 0 105 63 1 15 0 0 72 45 1 5 0 1 91 55 1 5 1 15 101 63 1 15 1 15 67 35 0 1 0 2 106 14 1 5 0 3 106 63 0 1 0 3 65 35 1 5 1 35 106
4/4 74 0 1 0 0 109 45 0 1 0 0 110 53 1 15 0 0 54 45 1 5 0 1 106 75 1 5 1 15 103 53 1 15 1 15 64 55 0 1 0 2 104 55 1 5 0 3 101 53 0 1 0 3 57 75 1 5 1 35 103
4/4 35 0 1 0 0 95 65 0 1 0 0 97 15 0 1 0 0 107 44 1 15 0 0 56 15 1 5 1 5 107 15 1 5 0 1 100 36 1 5 1 15 97 44 1 15 1 15 60 25 1 5 0 2 109 15 1 5 1 25 104 75 1 5 0 3 97 44 0 1 0 3 70 65 1 5 1 35 106
4/4 14 0 1 0 0 92 45 0 1 0 0 90 55 0 1 0 0 97 53 1 15 0 0 62 45 1 5 0 1 99 14 1 5 1 15 98 53 1 15 1 15 64 55 0 1 0 2 107 14 1 5 0 3 110 53 0 1 0 3 69 35 1 5 1 35 109
4/4 14 0 1 0 0 90 45 0 1 0 0 101 63 1 15 0 0 61 45 1 5 0 1 109 55 1 5 1 15 90 63 1 15 1 15 68 35 0 1 0 2 109 14 1 5 0 3 90 63 0 1 0 3 62 35 1 5 1 35 95
4/4 74 0 1 0 0 110 45 0 1 0 0 100 53 1 15 0 0 65 45 1 5 0 1 93 75 1 5 1 15 91 53 1 15 1 15 59 55 0 1 0 2 110 55 1 5 0 3 100 53 0 1 0 3 69 75 1 5 1 35 95
4/4 35 0 1 0 0 104 65 0 1 0 0 106 15 0 1 0 0 104 44 0 2 0 0 66 15 1 5 1 5 90 15 1 5 0 1 96 36 1 5 1 15 104 45 0 1 0 2 98 75 0 1 0 2 108 25 0 1 0 2 94 53 0 2 0 2 66 15 1 5 1 25 95 55 1 5 0 3 95 14 1 5 1 35 102
4/4 54 0 4 0 0 106 14 1 35 0 0 98 35 0 4 0 0 102 13 1 15 0 0 68 13 1 15 1 15 60 14 0 1 0 3 110 73 0 1 0 3 63 35 1 5 1 35 99
4/4 14 0 1 0 0 105 45 0 1 0 0 99 63 1 15 0 0 69 54 1 5 0 0 106 35 1 5 0 0 95 14 1 5 0 0 102 45 1 5 0 1 110 55 1 5 1 15 96 63 1 15 1 15 55 35 0 1 0 2 101 14 1 5 0 3 103 63 0 1 0 3 57 35 1 5 1 35 103
4/4 74 0 1 0 0 107 45 0 1 0 0 95 53 1 15 0 0 62 45 1 5 0 1 108 75 1 5 1 15 94 53 1 15 1 15 62 55 0 1 0 2 107 55 1 5 0 3 92 53 0 1 0 3 64 75 1 5 1 35 109
4/4 35 0 1 0 0 91 65 0 1 0 0 93 15 0 1 0 0 109 44 1 15 0 0 57 15 1 5 1 5 97 15 1 5 0 1 91 36 1 5 1 15 104 44 1 15 1 15 69 25 1 5 0 2 92 15 1 5 1 25 100 75 1 5 0 3 101 44 0 1 0 3 59 65 1 5 1 35 96
4/4 14 0 1 0 0 93 45 0 1 0 0 97 55 0 1 0 0 110 53 1 15 0 0 73 45 1 5 0 1 105 14 1 5 1 15 103 53 1 15 1 15 58 55 0 1 0 2 100 14 1 5 0 3 109 53 0 1 0 3 74 35 1 5 1 35 105
4/4 14 0 1 0 0 102 45 0 1 0 0 91 63 1 15 0 0 67 45 1 5 0 1 93 55 1 5 1 15 105 63 1 15 1 15 71 35 0 1 0 2 106 14 1 5 0 3 99 63 0 1 0 3 72 35 1 5 1 35 96
4/4 74 0 1 0 0 95 45 0 1 0 0 92 53 1 15 0 0 71 45 1 5 0 1 106 75 1 5 1 15 100 53 1 15 1 15 72 55 0 1 0 2 91 55 1 5 0 3 92 53 0 1 0 3 73 75 1 5 1 35 102
4/4 35 0 1 0 0 100 65 0 1 0 0 107 15 0 1 0 0 104 44 0 2 0 0 66 15 1 5 1 5 93 15 1 5 0 1 102 36 1 5 1 15 105 45 0 1 0 2 109 75 0 1 0 2 104 25 0 1 0 2 99 53 0 2 0 2 62 15 1 5 1 25 104 55 1 5 0 3 92 14 1 5 1 35 93
4/4 54 0 1 0 0 103 14 0 1 0 0 98 35 0 1 0 0 109 13 1 15 0 0 54 13 1 15 1 15 60 13 1 5 0 3 68 713 1 5 1 35 68
4/4 64 0 1 0 0 102 224 0 1 0 0 94 73 1 15 0 0 72 54 0 1 0 0 97 14 0 1 0 0 96 35 0 1 0 0 106 65 1 5 1 5 92 65 1 5 0 1 110 224 1 5 1 15 101 73 1 15 1 15 69 65 0 2 0 2 106 44 0 1 0 3 58
4/4 73 1 15 0 0 72 65 0 1 0 0 95 224 1 5 1 5 105 224 1 5 0 1 101 65 1 5 1 15 103 73 1 25 1 15 69 65 0 1 0 2 98 55 1 5 0 3 91 45 1 5 1 35 106
4/4 74 0 1 0 0 96 35 0 1 0 0 100 55 0 1 0 0 90 13 1 15 0 0 69 65 1 5 1 5 104 55 1 5 0 1 108 45 1 5 1 15 110 13 1 25 1 15 59 35 0 2 0 2 95 54 1 5 0 3 97 14 1 5 1 35 103
4/4 74 1 15 0 0 95 54 2 25 1 15 105 44 2 25 2 175 107 54 0 2 0 2 96 13 0 1 0 3 70
4/4 64 0 1 0 0 90 224 0 1 0 0 99 73 1 15 0 0 59 65 1 5 1 5 94 65 1 5 0 1 96 224 1 5 1 15 97 73 1 15 1 15 71 65 0 2 0 2 108 44 0 1 0 3 74
4/4 73 1 15 0 0 54 65 0 1 0 0 105 224 1 5 1 5 109 224 1 5 0 1 92 65 1 5 1 15 108 73 1 25 1 15 58 65 0 1 0 2 99 55 1 5 0 3 90 45 1 5 1 35 109
4/4 74 0 1 0 0 91 35 0 1 0 0 91 55 0 1 0 0 107 13 1 15 0 0 55 65 1 5 1 5 106 75 1 5 0 1 99 35 0 1 1 15 99 13 1 25 1 15 62 14 0 1 1 25 103 74 1 5 1 35 91
4/4 64 0 3 0 0 103 14 1 35 0 0 97 73 0 1 0 0 72 23 0 1 0 0 69 53 0 1 0 2 54 14 0 1 0 3 105 13 0 1 0 3 61 35 1 5 1 35 103
4/4 14 0 1 0 0 96 45 0 1 0 0 101 63 1 15 0 0 72 45 1 5 0 1 96 55 1 5 1 15 109 63 1 15 1 15 73 35 0 1 0 2 104 14 1 5 0 3 105 63 0 1 0 3 55 35 1 5 1 35 107
4/4 74 0 1 0 0 108 45 0 1 0 0 101 53 1 15 0 0 64 45 1 5 0 1 100 75 1 5 1 15 110 53 1 15 1 15 71 55 0 1 0 2 91 55 1 5 0 3 102 53 0 1 0 3 67 75 1 5 1 35 108
4/4 35 0 1 0 0 93 65 0 1 0 0 93 15 0 1 0 0 90 44 1 15 0 0 66 15 1 5 1 5 99 15 1 5 0 1 90 36 1 5 1 15 92 44 1 15 1 15 74 25 1 5 0 2 109 15 1 5 1 25 92 75 1 5 0 3 110 44 0 1 0 3 59 65 1 5 1 35 92
4/4 14 0 1 0 0 110 45 0 1 0 0 92 55 0 1 0 0 96 53 1 15 0 0 63 45 1 5 0 1 90 14 1 5 1 15 90 53 1 15 1 15 65 55 0 1 0 2 107 14 1 5 0 3 91 53 0 1 0 3 63 35 1 5 1 35 106
4/4 14 0 1 0 0 98 45 0 1 0 0 99 63 1 15 0 0 61 45 1 5 0 1 98 55 1 5 1 15 110 63 1 15 1 15 62 35 0 1 0 2 98 14 1 5 0 3 108 63 0 1 0 3 74 35 1 5 1 35 95
4/4 74 0 1 0 0 98 45 0 1 0 0 94 53 1 15 0 0 58 45 1 5 0 1 94 75 1 5 1 15 94 53 1 15 1 15 61 55 0 1 0 2 109 55 1 5 0 3 106 53 0 1 0 3 69 75 1 5 1 35 104
4/4 35 0 1 0 0 108 65 0 1 0 0 100 15 0 1 0 0 103 44 0 2 0 0 61 15 1 5 1 5 98 15 1 5 0 1 108 36 1 5 1 15 101 45 0 1 0 2 98 75 0 1 0 2 109 25 0 1 0 2 92 53 0 2 0 2 74 15 1 5 1 25 99 55 1 5 0 3 91 14 1 5 1 35 91
4/4 54 0 4 0 0 98 14 1 35 0 0 95 35 0 4 0 0 97 13 1 15 0 0 66 13 1 15 1 15 55 14 0 1 0 3 91 73 0 1 0 3 62 35 1 5 1 35 103
4/4 14 0 1 0 0 94 45 0 1 0 0 105 63 1 15 0 0 64 54 1 5 0 0 104 35 1 5 0 0 99 14 1 5 0 0 109 45 1 5 0 1 91 55 1 5 1 15 90 63 1 15 1 15 57 35 0 1 0 2 99 14 1 5 0 3 104 63 0 1 0 3 59 35 1 5 1 35 105
4/4 74 0 1 0 0 103 45 0 1 0 0 104 53 1 15 0 0 74 45 1 5 0 1 94 75 1 5 1 15 103 53 1 15 1 15 68 55 0 1 0 2 94 55 1 5 0 3 107 53 0 1 0 3 69 75 1 5 1 35 106
4/4 35 0 1 0 0 94 65 0 1 0 0 109 15 0 1 0 0 101 44 1 15 0 0 57 15 1 5 1 5 108 15 1 5 0 1 92 36 1 5 1 15 93 44 1 15 1 15 57 25 1 5 0 2 107 15 1 5 1 25 95 75 1 5 0 3 110 44 0 1 0 3 63 65 1 5 1 35 96
4/4 14 0 1 0 0 106 45 0 1 0 0 102 55 0 1 0 0 108 53 1 15 0 0 64 45 1 5 0 1 95 14 1 5 1 15 103 53 1 15 1 15 67 55 0 1 0 2 102 14 1 5 0 3 91 53 0 1 0 3 64 35 1 5 1 35 95
4/4 14 0 1 0 0 98 45 0 1 0 0 95 63 1 15 0 0 59 45 1 5 0 1 92 55 1 5 1 15 90 63 1 15 1 15 54 35 0 1 0 2 104 14 1 5 0 3 101 63 0 1 0 3 67 35 1 5 1 35 110
4/4 74 0 1 0 0 107 45 0 1 0 0 101 53 1 15 0 0 61 45 1 5 0 1 108 75 1 5 1 15 93 53 1 15 1 15 74 55 0 1 0 2 104 55 1 5 0 3 100 53 0 1 0 3 64 75 1 5 1 35 95
4/4 35 0 1 0 0 110 65 0 1 0 0 109 15 0 1 0 0 96 44 0 2 0 0 74 15 1 5 1 5 91 15 1 5 0 1 90 36 1 5 1 15 109 45 0 1 0 2 96 75 0 1 0 2 109 25 0 1 0 2 93 53 0 2 0 2 71 15 1 5 1 25 105 55 1 5 0 3 108 14 1 5 1 35 110
4/4 54 0 1 0 0 99 14 0 1 0 0 104 35 0 1 0 0 103 13 0 1 0 0 55 15 1 5 0 3 97 36 1 5 1 35 92
4/4 46 0 2 0 0 103 224 0 4 0 0 64 65 1 5 0 1 109 15 1 25 1 15 98 46 0 1 0 2 92 56 0 1 0 3 94
4/4 36 1 35 0 0 108 13 1 5 0 0 69 74 1 5 1 5 54 35 1 5 0 1 65 55 1 25 1 15 70 15 0 1 0 2 96 36 0 1 0 3 90
4/4 46 0 2 0 0 91 224 0 4 0 0 59 65 1 5 0 1 108 75 1 15 1 15 97 46 0 1 0 2 104 76 0 1 0 3 110
4/4 56 0 4 0 0 104 13 1 5 0 0 71 24 1 5 1 5 65 35 1 5 0 1 63 75 1 25 1 15 54
4/4 55 0 1 0 0 95 24 1 5 0 0 69 56 1 35 0 0 100 14 1 5 1 5 69 55 0 1 0 1 103 24 1 5 0 1 63 14 1 5 1 15 72 75 0 1 0 2 98 24 0 2 0 2 63 46 0 1 0 3 109
4/4 45 0 1 0 0 100 75 0 1 0 0 95 25 0 1 0 0 106 13 0 1 0 0 67
