4/4 54 2 25 2 25 100 44 2 25 1 5 100 13 2 25 2 75 100 54 1 5 0 1 100 44 2 25 1 15 100 13 2 25 2 175 100 54 2 25 2 225 100 44 2 25 1 25 100 13 2 25 2 275 100 54 1 5 0 3 100 44 2 25 1 35 100 13 2 25 2 375 100
4/4 44 2 25 2 25 100 34 2 25 1 5 100 73 2 25 2 75 100 44 1 5 0 1 100 34 2 25 1 15 100 73 2 25 2 175 100 44 2 25 2 225 100 34 2 25 1 25 100 73 2 25 2 275 100 44 1 5 0 3 100 34 2 25 1 35 100 73 2 25 2 375 100
4/4 63 0 4 0 0 64 54 2 25 2 25 100 44 2 25 1 5 100 13 2 25 2 75 100 54 1 5 0 1 100 44 2 25 1 15 100 13 2 25 2 175 100 54 2 25 2 225 100 44 2 25 1 25 100 13 2 25 2 275 100 54 1 5 0 3 100 44 2 25 1 35 100 13 2 25 2 375 100
4/4 53 0 4 0 0 64 44 2 25 2 25 100 34 2 25 1 5 100 73 2 25 2 75 100 44 1 5 0 1 100 34 2 25 1 15 100 73 2 25 2 175 100 44 2 25 2 225 100 34 2 25 1 25 100 73 2 25 2 275 100 44 1 5 0 3 100 34 2 25 1 35 100 73 2 25 2 375 100
4/4 63 0 1 0 0 64 54 2 25 2 25 100 44 2 25 1 5 100 13 2 25 2 75 100 54 1 5 0 1 100 63 0 1 0 1 64 44 2 25 1 15 100 13 2 25 2 175 100 63 0 1 0 2 64 54 2 25 2 225 100 44 2 25 1 25 100 13 2 25 2 275 100 54 1 5 0 3 100 63 0 1 0 3 64 44 2 25 1 35 100 13 2 25 2 375 100
4/4 53 0 1 0 0 64 44 2 25 2 25 100 34 2 25 1 5 100 73 2 25 2 75 100 44 1 5 0 1 100 53 0 1 0 1 64 34 2 25 1 15 100 73 2 25 2 175 100 53 0 1 0 2 64 13 1 5 0 3 100 52 0 1 0 3 64 34 1 5 1 35 100
4/4 13 0 1 0 0 100 44 0 1 0 0 100 62 1 15 0 0 64 44 1 5 0 1 100 54 1 5 1 15 100 62 1 15 1 15 64 34 0 1 0 2 100 13 1 5 0 3 100 62 0 1 0 3 64 34 1 5 1 35 100
4/4 73 0 1 0 0 100 44 0 1 0 0 100 52 1 15 0 0 64 44 1 5 0 1 100 74 1 5 1 15 100 52 1 15 1 15 64 54 0 1 0 2 100 54 1 5 0 3 100 52 0 1 0 3 64 74 1 5 1 35 100
4/4 34 0 1 0 0 100 64 0 1 0 0 100 14 0 1 0 0 100 43 1 15 0 0 64 14 1 5 1 5 100 14 1 5 0 1 100 35 1 5 1 15 100 43 1 15 1 15 64 24 1 5 0 2 100 14 1 5 1 25 100 74 1 5 0 3 100 43 0 1 0 3 64 64 1 5 1 35 100
4/4 13 0 1 0 0 100 44 0 1 0 0 100 54 0 1 0 0 100 52 1 15 0 0 64 44 1 5 0 1 100 13 1 5 1 15 100 52 1 15 1 15 64 54 0 1 0 2 100 13 1 5 0 3 100 52 0 1 0 3 64 34 1 5 1 35 100
4/4 13 0 1 0 0 100 44 0 1 0 0 100 62 1 15 0 0 64 44 1 5 0 1 100 54 1 5 1 15 100 62 1 15 1 15 64 34 0 1 0 2 100 13 1 5 0 3 100 62 0 1 0 3 64 34 1 5 1 35 100
4/4 73 0 1 0 0 100 44 0 1 0 0 100 52 1 15 0 0 64 44 1 5 0 1 100 74 1 5 1 15 100 52 1 15 1 15 64 54 0 1 0 2 100 54 1 5 0 3 100 52 0 1 0 3 64 74 1 5 1 35 100
4/4 34 0 1 0 0 100 64 0 1 0 0 100 14 0 1 0 0 100 43 0 2 0 0 64 14 1 5 1 5 100 14 1 5 0 1 100 35 1 5 1 15 100 44 0 1 0 2 100 74 0 1 0 2 100 24 0 1 0 2 100 52 0 2 0 2 64 14 1 5 1 25 100 54 1 5 0 3 100 13 1 5 1 35 100
4/4 53 0 4 0 0 100 13 1 35 0 0 100 34 0 4 0 0 100 12 1 15 0 0 64 12 1 15 1 15 64 13 0 1 0 3 100 72 0 1 0 3 64 34 1 5 1 35 100
4/4 13 0 1 0 0 100 44 0 1 0 0 100 62 1 15 0 0 64 53 1 5 0 0 100 34 1 5 0 0 100 13 1 5 0 0 100 44 1 5 0 1 100 54 1 5 1 15 100 62 1 15 1 15 64 34 0 1 0 2 100 13 1 5 0 3 100 62 0 1 0 3 64 34 1 5 1 35 100
4/4 73 0 1 0 0 100 44 0 1 0 0 100 52 1 15 0 0 64 44 1 5 0 1 100 74 1 5 1 15 100 52 1 15 1 15 64 54 0 1 0 2 100 54 1 5 0 3 100 52 0 1 0 3 64 74 1 5 1 35 100
4/4 34 0 1 0 0 100 64 0 1 0 0 100 14 0 1 0 0 100 43 1 15 0 0 64 14 1 5 1 5 100 14 1 5 0 1 100 35 1 5 1 15 100 43 1 15 1 15 64 24 1 5 0 2 100 14 1 5 1 25 100 74 1 5 0 3 100 43 0 1 0 3 64 64 1 5 1 35 100
4/4 13 0 1 0 0 100 44 0 1 0 0 100 54 0 1 0 0 100 52 1 15 0 0 64 44 1 5 0 1 100 13 1 5 1 15 100 52 1 15 1 15 64 54 0 1 0 2 100 13 1 5 0 3 100 52 0 1 0 3 64 34 1 5 1 35 100
4/4 13 0 1 0 0 100 44 0 1 0 0 100 62 1 15 0 0 64 44 1 5 0 1 100 54 1 5 1 15 100 62 1 15 1 15 64 34 0 1 0 2 100 13 1 5 0 3 100 62 0 1 0 3 64 34 1 5 1 35 100
4/4 73 0 1 0 0 100 44 0 1 0 0 100 52 1 15 0 0 64 44 1 5 0 1 100 74 1 5 1 15 100 52 1 15 1 15 64 54 0 1 0 2 100 54 1 5 0 3 100 52 0 1 0 3 64 74 1 5 1 35 100
4/4 34 0 1 0 0 100 64 0 1 0 0 100 14 0 1 0 0 100 43 0 2 0 0 64 14 1 5 1 5 100 14 1 5 0 1 100 35 1 5 1 15 100 44 0 1 0 2 100 74 0 1 0 2 100 24 0 1 0 2 100 52 0 2 0 2 64 14 1 5 1 25 100 54 1 5 0 3 100 13 1 5 1 35 100
4/4 53 0 1 0 0 100 13 0 1 0 0 100 34 0 1 0 0 100 12 1 15 0 0 64 12 1 15 1 15 64 12 1 5 0 3 64 712 1 5 1 35 64
4/4 63 0 1 0 0 100 223 0 1 0 0 100 72 1 15 0 0 64 53 0 1 0 0 100 13 0 1 0 0 100 34 0 1 0 0 100 64 1 5 1 5 100 64 1 5 0 1 100 223 1 5 1 15 100 72 1 15 1 15 64 64 0 2 0 2 100 43 0 1 0 3 64
4/4 72 1 15 0 0 64 64 0 1 0 0 100 223 1 5 1 5 100 223 1 5 0 1 100 64 1 5 1 15 100 72 1 25 1 15 64 64 0 1 0 2 100 54 1 5 0 3 100 44 1 5 1 35 100
4/4 73 0 1 0 0 100 34 0 1 0 0 100 54 0 1 0 0 100 12 1 15 0 0 64 64 1 5 1 5 100 54 1 5 0 1 100 44 1 5 1 15 100 12 1 25 1 15 64 34 0 2 0 2 100 53 1 5 0 3 100 13 1 5 1 35 100
4/4 73 1 15 0 0 100 53 2 25 1 15 100 43 2 25 2 175 100 53 0 2 0 2 100 12 0 1 0 3 64
4/4 63 0 1 0 0 100 223 0 1 0 0 100 72 1 15 0 0 64 64 1 5 1 5 100 64 1 5 0 1 100 223 1 5 1 15 100 72 1 15 1 15 64 64 0 2 0 2 100 43 0 1 0 3 64
4/4 72 1 15 0 0 64 64 0 1 0 0 100 223 1 5 1 5 100 223 1 5 0 1 100 64 1 5 1 15 100 72 1 25 1 15 64 64 0 1 0 2 100 54 1 5 0 3 100 44 1 5 1 35 100
4/4 73 0 1 0 0 100 34 0 1 0 0 100 54 0 1 0 0 100 12 1 15 0 0 64 64 1 5 1 5 100 74 1 5 0 1 100 34 0 1 1 15 100 12 1 25 1 15 64 13 0 1 1 25 100 73 1 5 1 35 100
4/4 63 0 3 0 0 100 13 1 35 0 0 100 72 0 1 0 0 64 22 0 1 0 0 64 52 0 1 0 2 64 13 0 1 0 3 100 12 0 1 0 3 64 34 1 5 1 35 100
4/4 13 0 1 0 0 100 44 0 1 0 0 100 62 1 15 0 0 64 44 1 5 0 1 100 54 1 5 1 15 100 62 1 15 1 15 64 34 0 1 0 2 100 13 1 5 0 3 100 62 0 1 0 3 64 34 1 5 1 35 100
4/4 73 0 1 0 0 100 44 0 1 0 0 100 52 1 15 0 0 64 44 1 5 0 1 100 74 1 5 1 15 100 52 1 15 1 15 64 54 0 1 0 2 100 54 1 5 0 3 100 52 0 1 0 3 64 74 1 5 1 35 100
4/4 34 0 1 0 0 100 64 0 1 0 0 100 14 0 1 0 0 100 43 1 15 0 0 64 14 1 5 1 5 100 14 1 5 0 1 100 35 1 5 1 15 100 43 1 15 1 15 64 24 1 5 0 2 100 14 1 5 1 25 100 74 1 5 0 3 100 43 0 1 0 3 64 64 1 5 1 35 100
4/4 13 0 1 0 0 100 44 0 1 0 0 100 54 0 1 0 0 100 52 1 15 0 0 64 44 1 5 0 1 100 13 1 5 1 15 100 52 1 15 1 15 64 54 0 1 0 2 100 13 1 5 0 3 100 52 0 1 0 3 64 34 1 5 1 35 100
4/4 13 0 1 0 0 100 44 0 1 0 0 100 62 1 15 0 0 64 44 1 5 0 1 100 54 1 5 1 15 100 62 1 15 1 15 64 34 0 1 0 2 100 13 1 5 0 3 100 62 0 1 0 3 64 34 1 5 1 35 100
4/4 73 0 1 0 0 100 44 0 1 0 0 100 52 1 15 0 0 64 44 1 5 0 1 100 74 1 5 1 15 100 52 1 15 1 15 64 54 0 1 0 2 100 54 1 5 0 3 100 52 0 1 0 3 64 74 1 5 1 35 100
4/4 34 0 1 0 0 100 64 0 1 0 0 100 14 0 1 0 0 100 43 0 2 0 0 64 14 1 5 1 5 100 14 1 5 0 1 100 35 1 5 1 15 100 44 0 1 0 2 100 74 0 1 0 2 100 24 0 1 0 2 100 52 0 2 0 2 64 14 1 5 1 25 100 54 1 5 0 3 100 13 1 5 1 35 100
4/4 53 0 4 0 0 100 13 1 35 0 0 100 34 0 4 0 0 100 12 1 15 0 0 64 12 1 15 1 15 64 13 0 1 0 3 100 72 0 1 0 3 64 34 1 5 1 35 100
4/4 13 0 1 0 0 100 44 0 1 0 0 100 62 1 15 0 0 64 53 1 5 0 0 100 34 1 5 0 0 100 13 1 5 0 0 100 44 1 5 0 1 100 54 1 5 1 15 100 62 1 15 1 15 64 34 0 1 0 2 100 13 1 5 0 3 100 62 0 1 0 3 64 34 1 5 1 35 100
4/4 73 0 1 0 0 100 44 0 1 0 0 100 52 1 15 0 0 64 44 1 5 0 1 100 74 1 5 1 15 100 52 1 15 1 15 64 54 0 1 0 2 100 54 1 5 0 3 100 52 0 1 0 3 64 74 1 5 1 35 100
4/4 34 0 1 0 0 100 64 0 1 0 0 100 14 0 1 0 0 100 43 1 15 0 0 64 14 1 5 1 5 100 14 1 5 0 1 100 35 1 5 1 15 100 43 1 15 1 15 64 24 1 5 0 2 100 14 1 5 1 25 100 74 1 5 0 3 100 43 0 1 0 3 64 64 1 5 1 35 100
4/4 13 0 1 0 0 100 44 0 1 0 0 100 54 0 1 0 0 100 52 1 15 0 0 64 44 1 5 0 1 100 13 1 5 1 15 100 52 1 15 1 15 64 54 0 1 0 2 100 13 1 5 0 3 100 52 0 1 0 3 64 34 1 5 1 35 100
4/4 13 0 1 0 0 100 44 0 1 0 0 100 62 1 15 0 0 64 44 1 5 0 1 100 54 1 5 1 15 100 62 1 15 1 15 64 34 0 1 0 2 100 13 1 5 0 3 100 62 0 1 0 3 64 34 1 5 1 35 100
4/4 73 0 1 0 0 100 44 0 1 0 0 100 52 1 15 0 0 64 44 1 5 0 1 100 74 1 5 1 15 100 52 1 15 1 15 64 54 0 1 0 2 100 54 1 5 0 3 100 52 0 1 0 3 64 74 1 5 1 35 100
4/4 34 0 1 0 0 100 64 0 1 0 0 100 14 0 1 0 0 100 43 0 2 0 0 64 14 1 5 1 5 100 14 1 5 0 1 100 35 1 5 1 15 100 44 0 1 0 2 100 74 0 1 0 2 100 24 0 1 0 2 100 52 0 2 0 2 64 14 1 5 1 25 100 54 1 5 0 3 100 13 1 5 1 35 100
4/4 53 0 1 0 0 100 13 0 1 0 0 100 34 0 1 0 0 100 12 1 15 0 0 64 12 1 15 1 15 64 12 1 5 0 3 64 712 1 5 1 35 64
4/4 63 0 1 0 0 100 223 0 1 0 0 100 72 1 15 0 0 64 53 0 1 0 0 100 13 0 1 0 0 100 34 0 1 0 0 100 64 1 5 1 5 100 64 1 5 0 1 100 223 1 5 1 15 100 72 1 15 1 15 64 64 0 2 0 2 100 43 0 1 0 3 64
4/4 72 1 15 0 0 64 64 0 1 0 0 100 223 1 5 1 5 100 223 1 5 0 1 100 64 1 5 1 15 100 72 1 25 1 15 64 64 0 1 0 2 100 54 1 5 0 3 100 44 1 5 1 35 100
4/4 73 0 1 0 0 100 34 0 1 0 0 100 54 0 1 0 0 100 12 1 15 0 0 64 64 1 5 1 5 100 54 1 5 0 1 100 44 1 5 1 15 100 12 1 25 1 15 64 34 0 2 0 2 100 53 1 5 0 3 100 13 1 5 1 35 100
4/4 73 1 15 0 0 100 53 2 25 1 15 100 43 2 25 2 175 100 53 0 2 0 2 100 12 0 1 0 3 64
4/4 63 0 1 0 0 100 223 0 1 0 0 100 72 1 15 0 0 64 64 1 5 1 5 100 64 1 5 0 1 100 223 1 5 1 15 100 72 1 15 1 15 64 64 0 2 0 2 100 43 0 1 0 3 64
4/4 72 1 15 0 0 64 64 0 1 0 0 100 223 1 5 1 5 100 223 1 5 0 1 100 64 1 5 1 15 100 72 1 25 1 15 64 64 0 1 0 2 100 54 1 5 0 3 100 44 1 5 1 35 100
4/4 73 0 1 0 0 100 34 0 1 0 0 100 54 0 1 0 0 100 12 1 15 0 0 64 64 1 5 1 5 100 74 1 5 0 1 100 34 0 1 1 15 100 12 1 25 1 15 64 13 0 1 1 25 100 73 1 5 1 35 100
4/4 63 0 3 0 0 100 13 1 35 0 0 100 72 0 1 0 0 64 22 0 1 0 0 64 52 0 1 0 2 64 13 0 1 0 3 100 12 0 1 0 3 64 34 1 5 1 35 100
4/4 13 0 1 0 0 100 44 0 1 0 0 100 62 1 15 0 0 64 44 1 5 0 1 100 54 1 5 1 15 100 62 1 15 1 15 64 34 0 1 0 2 100 13 1 5 0 3 100 62 0 1 0 3 64 34 1 5 1 35 100
4/4 73 0 1 0 0 100 44 0 1 0 0 100 52 1 15 0 0 64 44 1 5 0 1 100 74 1 5 1 15 100 52 1 15 1 15 64 54 0 1 0 2 100 54 1 5 0 3 100 52 0 1 0 3 64 74 1 5 1 35 100
4/4 34 0 1 0 0 100 64 0 1 0 0 100 14 0 1 0 0 100 43 1 15 0 0 64 14 1 5 1 5 100 14 1 5 0 1 100 35 1 5 1 15 100 43 1 15 1 15 64 24 1 5 0 2 100 14 1 5 1 25 100 74 1 5 0 3 100 43 0 1 0 3 64 64 1 5 1 35 100
4/4 13 0 1 0 0 100 44 0 1 0 0 100 54 0 1 0 0 100 52 1 15 0 0 64 44 1 5 0 1 100 13 1 5 1 15 100 52 1 15 1 15 64 54 0 1 0 2 100 13 1 5 0 3 100 52 0 1 0 3 64 34 1 5 1 35 100
4/4 13 0 1 0 0 100 44 0 1 0 0 100 62 1 15 0 0 64 44 1 5 0 1 100 54 1 5 1 15 100 62 1 15 1 15 64 34 0 1 0 2 100 13 1 5 0 3 100 62 0 1 0 3 64 34 1 5 1 35 100
4/4 73 0 1 0 0 100 44 0 1 0 0 100 52 1 15 0 0 64 44 1 5 0 1 100 74 1 5 1 15 100 52 1 15 1 15 64 54 0 1 0 2 100 54 1 5 0 3 100 52 0 1 0 3 64 74 1 5 1 35 100
4/4 34 0 1 0 0 100 64 0 1 0 0 100 14 0 1 0 0 100 43 0 2 0 0 64 14 1 5 1 5 100 14 1 5 0 1 100 35 1 5 1 15 100 44 0 1 0 2 100 74 0 1 0 2 100 24 0 1 0 2 100 52 0 2 0 2 64 14 1 5 1 25 100 54 1 5 0 3 100 13 1 5 1 35 100
4/4 53 0 4 0 0 100 13 1 35 0 0 100 34 0 4 0 0 100 12 1 15 0 0 64 12 1 15 1 15 64 13 0 1 0 3 100 72 0 1 0 3 64 34 1 5 1 35 100
4/4 13 0 1 0 0 100 44 0 1 0 0 100 62 1 15 0 0 64 53 1 5 0 0 100 34 1 5 0 0 100 13 1 5 0 0 100 44 1 5 0 1 100 54 1 5 1 15 100 62 1 15 1 15 64 34 0 1 0 2 100 13 1 5 0 3 100 62 0 1 0 3 64 34 1 5 1 35 100
4/4 73 0 1 0 0 100 44 0 1 0 0 100 52 1 15 0 0 64 44 1 5 0 1 100 74 1 5 1 15 100 52 1 15 1 15 64 54 0 1 0 2 100 54 1 5 0 3 100 52 0 1 0 3 64 74 1 5 1 35 100
4/4 34 0 1 0 0 100 64 0 1 0 0 100 14 0 1 0 0 100 43 1 15 0 0 64 14 1 5 1 5 100 14 1 5 0 1 100 35 1 5 1 15 100 43 1 15 1 15 64 24 1 5 0 2 100 14 1 5 1 25 100 74 1 5 0 3 100 43 0 1 0 3 64 64 1 5 1 35 100
4/4 13 0 1 0 0 100 44 0 1 0 0 100 54 0 1 0 0 100 52 1 15 0 0 64 44 1 5 0 1 100 13 1 5 1 15 100 52 1 15 1 15 64 54 0 1 0 2 100 13 1 5 0 3 100 52 0 1 0 3 64 34 1 5 1 35 100
4/4 13 0 1 0 0 100 44 0 1 0 0 100 62 1 15 0 0 64 44 1 5 0 1 100 54 1 5 1 15 100 62 1 15 1 15 64 34 0 1 0 2 100 13 1 5 0 3 100 62 0 1 0 3 64 34 1 5 1 35 100
4/4 73 0 1 0 0 100 44 0 1 0 0 100 52 1 15 0 0 64 44 1 5 0 1 100 74 1 5 1 15 100 52 1 15 1 15 64 54 0 1 0 2 100 54 1 5 0 3 100 52 0 1 0 3 64 74 1 5 1 35 100
4/4 34 0 1 0 0 100 64 0 1 0 0 100 14 0 1 0 0 100 43 0 2 0 0 64 14 1 5 1 5 100 14 1 5 0 1 100 35 1 5 1 15 100 44 0 1 0 2 100 74 0 1 0 2 100 24 0 1 0 2 100 52 0 2 0 2 64 14 1 5 1 25 100 54 1 5 0 3 100 13 1 5 1 35 100
4/4 53 0 1 0 0 100 13 0 1 0 0 100 34 0 1 0 0 100 12 0 1 0 0 64 14 1 5 0 3 100 35 1 5 1 35 100
4/4 45 0 2 0 0 100 223 0 4 0 0 64 64 1 5 0 1 100 14 1 25 1 15 100 45 0 1 0 2 100 55 0 1 0 3 100
4/4 35 1 35 0 0 100 12 1 5 0 0 64 73 1 5 1 5 64 34 1 5 0 1 64 54 1 25 1 15 64 14 0 1 0 2 100 35 0 1 0 3 100
4/4 45 0 2 0 0 100 223 0 4 0 0 64 64 1 5 0 1 100 74 1 15 1 15 100 45 0 1 0 2 100 75 0 1 0 3 100
4/4 55 0 4 0 0 100 12 1 5 0 0 64 23 1 5 1 5 64 34 1 5 0 1 64 74 1 25 1 15 64
4/4 54 0 1 0 0 100 23 1 5 0 0 64 55 1 35 0 0 100 13 1 5 1 5 64 54 0 1 0 1 100 23 1 5 0 1 64 13 1 5 1 15 64 74 0 1 0 2 100 23 0 2 0 2 64 45 0 1 0 3 100
4/4 44 0 1 0 0 100 74 0 1 0 0 100 24 0 1 0 0 100 12 0 1 0 0 64
