4/4 14 0 2 0 0 64 55 2 25 2 75 100 15 3 333 0 1 100 55 3 333 3 1333 100 15 3 333 3 1667 100 25 3 333 0 2 100 14 0 2 0 2 64 55 3 333 3 2333 100 25 3 333 3 2667 100 316 3 333 0 3 100 55 3 333 3 3333 100 316 3 333 3 3667 100
4/4 46 3 667 0 0 100 14 0 2 0 0 64 316 3 333 2 75 100 25 2 75 0 1 100 15 3 333 2 175 100 715 3 667 0 2 100 14 0 2 0 2 64 715 3 333 2 275 100 615 2 75 0 3 100 55 2 25 2 375 100
4/4 14 0 2 0 0 64 55 3 83 0 0 100 55 2 25 2 75 100 15 3 333 0 1 100 55 3 333 3 1333 100 15 3 333 3 1667 100 25 3 333 0 2 100 14 0 2 0 2 64 55 3 333 3 2333 100 25 3 333 3 2667 100 316 3 333 0 3 100 55 3 333 3 3333 100 316 3 333 3 3667 100
4/4 46 2 75 0 0 100 14 0 2 0 0 64 316 2 25 2 75 100 15 3 333 0 1 100 25 3 333 3 1333 100 715 3 333 3 1667 100 15 3 333 0 2 100 14 0 2 0 2 64 615 3 333 3 2333 100 715 3 333 3 2667 100 15 0 1 0 3 100
4/4 24 0 1 0 0 100 23 0 1 0 0 64 315 0 1 1 5 100 314 0 1 1 5 64 45 0 1 0 1 100 44 0 1 0 1 64 525 0 1 1 15 100 524 0 1 1 15 64 55 0 1 0 2 100 54 0 1 0 2 64 615 0 1 1 25 100 614 0 1 1 25 64 715 0 1 0 3 100 714 0 1 0 3 64 15 0 1 1 35 100 14 0 1 1 35 64
4/4 25 0 1 0 0 100 24 0 1 0 0 64 715 0 1 0 1 100 25 0 1 0 1 100 56 0 1 0 1 100 54 0 1 0 1 64 715 0 1 3 1333 64 25 0 1 3 1333 64 56 0 1 3 1333 100 54 0 1 3 1333 64 715 0 1 3 1667 64 25 0 1 3 1667 64 56 0 1 3 1667 100 54 0 1 3 1667 64 715 0 1 0 2 64 25 0 1 0 2 64 56 0 1 0 2 100 54 0 1 0 2 64
4/4 15 0 1 0 0 100 46 0 1 0 0 100 616 0 1 0 0 100 45 0 1 0 0 64 56 3 333 0 1 100 45 0 1 0 1 64 46 3 333 3 1333 100 316 3 333 3 1667 100 715 0 1 0 2 100 25 0 1 0 2 100 45 0 1 0 2 64 616 0 1 0 3 100 45 0 1 0 3 64
4/4 25 0 1 0 0 100 56 0 1 0 0 100 315 0 1 0 0 64 46 3 333 0 1 100 315 0 1 0 1 64 316 3 333 3 1333 100 25 3 333 3 1667 100 15 0 1 0 2 100 614 0 1 0 2 64 56 0 1 0 3 100 315 0 1 0 3 64
4/4 15 0 1 0 0 100 46 0 1 0 0 100 24 0 1 0 0 64 46 3 333 0 1 100 24 0 1 0 1 64 316 3 333 3 1333 100 25 3 333 3 1667 100 15 1 5 0 2 100 54 0 1 0 2 64 715 1 5 1 25 100 615 1 5 0 3 100 54 0 1 0 3 64 715 1 5 1 35 100
4/4 15 0 1 0 0 100 14 0 1 0 0 64 316 0 1 0 1 100 56 0 1 0 1 100 16 0 1 0 1 100 54 0 1 0 1 64 316 0 1 3 1333 100 56 0 1 3 1333 100 16 0 1 3 1333 100 316 0 1 3 1667 100 56 0 1 3 1667 100 16 0 1 3 1667 100 316 0 1 0 2 100 56 0 1 0 2 100 16 0 1 0 2 100 14 0 1 0 2 64
4/4 15 0 1 0 0 100 316 0 1 0 0 100 14 0 1 0 0 64 15 0 1 0 1 100 316 0 1 0 1 100 56 0 1 0 1 100 54 0 1 0 1 64 15 0 1 0 2 100 316 0 1 0 2 100 16 0 1 0 2 100 14 0 1 0 2 64 54 0 1 0 3 64
4/4 715 0 1 0 0 100 46 0 1 0 0 100 56 0 1 0 0 100 24 0 1 0 0 64 715 0 1 0 1 100 46 0 1 0 1 100 616 0 1 0 1 100 54 0 1 0 1 64 715 0 1 0 2 100 46 0 1 0 2 100 56 0 1 0 2 100 24 0 1 0 2 64 54 0 1 0 3 64
4/4 14 0 1 0 0 64 15 2 25 2 75 100 316 0 1 0 1 100 714 0 1 0 1 64 56 2 25 2 175 100 15 0 1 0 2 100 316 0 1 0 2 100 16 0 1 0 2 100 614 0 1 0 2 64 716 0 1 0 3 100 614 0 1 0 3 64 616 2 25 2 375 100
4/4 15 0 3 0 0 100 46 0 1 0 0 100 56 0 1 0 0 100 24 0 1 0 0 64 24 0 1 0 1 64 715 0 1 0 2 100 714 0 1 0 2 64 55 2 25 2 275 100 525 0 1 0 3 100
4/4 15 0 1 0 0 100 46 0 1 0 0 100 616 0 1 0 0 100 45 0 1 0 0 64 616 2 25 2 75 100 616 0 1 0 1 100 45 0 1 0 1 64 616 0 1 2 175 100 14 0 1 0 2 64 16 2 25 2 275 100 716 0 1 0 3 100 45 0 1 0 3 64 616 2 25 2 375 100
4/4 25 0 1 0 0 100 56 0 1 0 0 100 315 0 1 0 0 64 714 0 1 0 1 64 315 0 1 0 2 64 35 0 1 0 3 64
4/4 15 0 1 0 0 100 46 0 1 0 0 100 616 0 1 0 0 100 24 0 2 0 0 64 56 2 25 2 75 100 616 2 75 0 1 100 56 2 25 2 175 100 715 0 1 0 2 100 25 0 1 0 2 100 54 0 2 0 2 64 316 0 1 0 3 100
4/4 15 0 4 0 0 100 14 0 1 0 0 64 54 0 1 0 1 64 14 0 1 0 2 64
4/4 15 0 1 0 0 100 46 0 1 0 0 100 66 0 1 0 0 100 45 0 2 0 0 64 66 2 25 2 75 100 66 2 75 0 1 100 66 2 225 2 175 100 14 0 1 0 2 64 45 0 1 0 3 64
4/4 15 0 1 0 0 100 316 0 1 0 0 100 56 0 1 0 0 100 14 0 2 0 0 64 56 2 25 2 75 100 56 2 75 0 1 100 56 2 225 2 175 100 54 0 1 0 2 64 14 0 1 0 3 64
4/4 46 0 1 0 0 100 45 0 2 0 0 64 46 0 1 0 1 100 15 0 1 0 2 100 46 0 1 0 2 100 65 0 2 0 2 64 25 0 1 0 3 100
4/4 55 0 1 0 0 100 15 0 1 0 0 100 316 0 1 0 0 100 14 0 1 0 0 64 54 0 1 0 1 64 14 0 1 0 2 64 714 0 1 0 3 64
4/4 15 2 75 0 0 100 614 0 2 0 0 64 15 2 25 2 75 100 16 2 75 0 1 100 16 2 25 2 175 100 25 0 1 0 2 100 56 0 1 0 2 100 716 0 1 0 2 100 315 0 2 0 2 64 56 2 75 0 3 100 616 2 25 2 375 100
4/4 45 0 1 0 0 64 616 0 3 0 0 100 14 0 1 0 1 64 45 0 1 0 2 64 616 2 25 2 275 100 716 0 1 0 3 100 45 0 1 0 3 64 16 2 25 2 375 100
4/4 526 0 1 0 0 100 616 0 1 0 0 100 26 0 1 0 0 100 24 0 2 0 0 64 16 0 1 0 1 100 716 0 1 0 2 100 525 0 1 0 2 64 616 0 1 0 3 100 615 0 1 0 3 64
4/4 715 0 1 0 0 100 25 0 1 0 0 100 56 0 1 0 0 100 55 0 1 0 0 64 45 0 1 0 1 64 315 0 1 0 2 64 24 0 1 0 3 64
4/4 316 0 1 0 0 100 16 0 1 0 0 100 14 0 1 0 0 64 716 2 25 2 75 100 16 0 1 0 1 100 54 0 1 0 1 64 56 2 25 2 175 100 316 0 1 0 2 100 14 0 1 0 2 64 16 0 1 2 275 100 54 0 1 0 3 64 56 0 1 2 375 100 716 0 1 2 375 100
4/4 315 0 1 0 0 64 56 0 1 0 0 100 716 0 1 0 0 100 714 0 1 0 1 64 315 0 1 0 2 64 56 2 75 0 3 100 56 2 25 2 375 100
4/4 15 0 1 0 0 100 616 0 1 0 0 100 45 0 1 0 0 64 25 0 1 0 2 100 716 0 1 0 2 100 55 0 1 0 2 64
4/4 316 0 1 0 0 100 56 0 1 0 0 100 16 0 1 0 0 100 14 0 1 0 0 64 54 0 1 0 1 64 14 0 1 0 2 64
4/4 15 0 1 0 0 100 316 0 1 0 0 100 14 0 1 0 0 64 15 0 1 0 1 100 316 0 1 0 1 100 56 0 1 0 1 100 54 0 1 0 1 64 15 0 1 0 2 100 316 0 1 0 2 100 16 0 1 0 2 100 14 0 1 0 2 64 54 0 1 0 3 64
4/4 715 0 1 0 0 100 46 0 1 0 0 100 56 0 1 0 0 100 24 0 1 0 0 64 715 0 1 0 1 100 46 0 1 0 1 100 616 0 1 0 1 100 54 0 1 0 1 64 715 0 1 0 2 100 46 0 1 0 2 100 56 0 1 0 2 100 24 0 1 0 2 64 54 0 1 0 3 64
4/4 14 0 1 0 0 64 15 2 25 2 75 100 316 0 1 0 1 100 714 0 1 0 1 64 56 2 25 2 175 100 15 0 1 0 2 100 316 0 1 0 2 100 16 0 1 0 2 100 614 0 1 0 2 64 716 0 1 0 3 100 614 0 1 0 3 64 616 2 25 2 375 100
4/4 15 0 3 0 0 100 46 0 1 0 0 100 56 0 1 0 0 100 24 0 1 0 0 64 24 0 1 0 1 64 715 0 1 0 2 100 714 0 1 0 2 64 55 2 25 2 275 100 525 0 1 0 3 100
4/4 15 0 1 0 0 100 46 0 1 0 0 100 616 0 1 0 0 100 45 0 1 0 0 64 616 2 25 2 75 100 616 0 1 0 1 100 45 0 1 0 1 64 616 0 1 2 175 100 14 0 1 0 2 64 16 2 25 2 275 100 716 0 1 0 3 100 45 0 1 0 3 64 616 2 25 2 375 100
4/4 25 0 1 0 0 100 56 0 1 0 0 100 315 0 1 0 0 64 714 0 1 0 1 64 315 0 1 0 2 64 35 0 1 0 3 64
4/4 15 0 1 0 0 100 46 0 1 0 0 100 616 0 1 0 0 100 24 0 2 0 0 64 56 2 25 2 75 100 616 2 75 0 1 100 56 2 25 2 175 100 715 0 1 0 2 100 25 0 1 0 2 100 54 0 2 0 2 64 316 0 1 0 3 100
4/4 15 0 4 0 0 100 14 0 1 0 0 64 54 0 1 0 1 64 14 0 1 0 2 64
4/4 15 0 1 0 0 100 46 0 1 0 0 100 66 0 1 0 0 100 45 0 2 0 0 64 66 2 25 2 75 100 66 2 75 0 1 100 66 2 225 2 175 100 14 0 1 0 2 64 45 0 1 0 3 64
4/4 15 0 1 0 0 100 316 0 1 0 0 100 56 0 1 0 0 100 14 0 2 0 0 64 56 2 25 2 75 100 56 2 75 0 1 100 56 2 225 2 175 100 54 0 1 0 2 64 14 0 1 0 3 64
4/4 46 0 1 0 0 100 45 0 2 0 0 64 46 0 1 0 1 100 15 0 1 0 2 100 46 0 1 0 2 100 65 0 2 0 2 64 25 0 1 0 3 100
4/4 55 0 1 0 0 100 15 0 1 0 0 100 316 0 1 0 0 100 14 0 1 0 0 64 54 0 1 0 1 64 14 0 1 0 2 64 714 0 1 0 3 64
4/4 15 2 75 0 0 100 614 0 2 0 0 64 15 2 25 2 75 100 16 2 75 0 1 100 16 2 25 2 175 100 25 0 1 0 2 100 56 0 1 0 2 100 716 0 1 0 2 100 315 0 2 0 2 64 56 2 75 0 3 100 616 2 25 2 375 100
4/4 45 0 1 0 0 64 616 0 3 0 0 100 14 0 1 0 1 64 45 0 1 0 2 64 616 2 25 2 275 100 716 0 1 0 3 100 45 0 1 0 3 64 16 2 25 2 375 100
4/4 526 0 1 0 0 100 616 0 1 0 0 100 26 0 1 0 0 100 24 0 2 0 0 64 16 0 1 0 1 100 716 0 1 0 2 100 525 0 1 0 2 64 616 0 1 0 3 100 615 0 1 0 3 64
4/4 715 0 1 0 0 100 25 0 1 0 0 100 56 0 1 0 0 100 55 0 1 0 0 64 45 0 1 0 1 64 315 0 1 0 2 64 24 0 1 0 3 64
4/4 316 0 1 0 0 100 16 0 1 0 0 100 14 0 1 0 0 64 716 2 25 2 75 100 16 0 1 0 1 100 54 0 1 0 1 64 56 2 25 2 175 100 316 0 1 0 2 100 14 0 1 0 2 64 16 0 1 2 275 100 54 0 1 0 3 64 56 0 1 2 375 100 716 0 1 2 375 100
4/4 315 0 1 0 0 64 56 0 1 0 0 100 716 0 1 0 0 100 714 0 1 0 1 64 315 0 1 0 2 64 56 2 75 0 3 100 56 2 25 2 375 100
4/4 15 0 1 0 0 100 616 0 1 0 0 100 45 0 1 0 0 64 25 0 1 0 2 100 716 0 1 0 2 100 55 0 1 0 2 64
4/4 316 0 1 0 0 100 56 0 1 0 0 100 16 0 1 0 0 100 14 0 1 0 0 64 54 0 1 0 1 64 14 0 1 0 2 64
4/4 15 0 1 0 0 100 316 0 1 0 0 100 14 0 1 0 0 64 15 0 1 0 1 100 316 0 1 0 1 100 56 0 1 0 1 100 54 0 1 0 1 64 15 0 1 0 2 100 316 0 1 0 2 100 16 0 1 0 2 100 14 0 1 0 2 64 54 0 1 0 3 64
4/4 715 0 1 0 0 100 46 0 1 0 0 100 56 0 1 0 0 100 24 0 1 0 0 64 715 0 1 0 1 100 46 0 1 0 1 100 616 0 1 0 1 100 54 0 1 0 1 64 715 0 1 0 2 100 46 0 1 0 2 100 56 0 1 0 2 100 24 0 1 0 2 64 54 0 1 0 3 64
4/4 14 0 1 0 0 64 15 2 25 2 75 100 316 0 1 0 1 100 714 0 1 0 1 64 56 2 25 2 175 100 15 0 1 0 2 100 316 0 1 0 2 100 16 0 1 0 2 100 614 0 1 0 2 64 716 0 1 0 3 100 614 0 1 0 3 64 616 2 25 2 375 100
4/4 15 0 2 0 0 100 46 0 1 0 0 100 56 0 1 0 0 100 24 0 1 0 0 64 24 0 1 0 1 64 715 0 1 0 2 100 714 0 1 0 2 64 55 2 25 2 275 100 525 0 1 0 3 100
4/4 15 0 1 0 0 100 46 0 1 0 0 100 616 0 1 0 0 100 45 0 1 0 0 64 616 2 25 2 75 100 616 0 1 0 1 100 45 0 1 0 1 64 616 0 1 2 175 100 14 0 1 0 2 64 16 2 25 2 275 100 716 0 1 0 3 100 45 0 1 0 3 64 616 2 25 2 375 100
4/4 25 0 1 0 0 100 56 0 1 0 0 100 315 0 1 0 0 64 714 0 1 0 1 64 315 0 1 0 2 64 35 0 1 0 3 64
4/4 15 0 1 0 0 100 46 0 1 0 0 100 616 0 1 0 0 100 24 0 2 0 0 64 56 2 25 2 75 100 616 2 75 0 1 100 56 2 25 2 175 100 715 0 1 0 2 100 25 0 1 0 2 100 714 0 2 0 2 64 316 0 1 0 3 100
4/4 15 0 4 0 0 100 14 0 1 0 0 64 54 0 1 0 1 64 14 0 1 0 2 64
4/4 15 0 1 0 0 100 46 0 1 0 0 100 66 0 1 0 0 100 45 0 2 0 0 64 66 2 25 2 75 100 66 2 75 0 1 100 66 2 225 2 175 100 14 0 1 0 2 64 45 0 1 0 3 64
4/4 15 0 1 0 0 100 316 0 1 0 0 100 56 0 1 0 0 100 14 0 2 0 0 64 56 2 25 2 75 100 56 2 75 0 1 100 56 2 225 2 175 100 54 0 1 0 2 64 14 0 1 0 3 64
4/4 46 0 1 0 0 100 45 0 2 0 0 64 46 0 1 0 1 100 65 0 1 0 2 100 65 0 1 0 2 64 15 0 1 0 2 100 46 0 1 0 2 100 25 0 1 0 3 100
4/4 55 0 1 0 0 100 15 0 1 0 0 100 316 0 1 0 0 100 14 0 1 0 0 64 54 0 1 0 1 64 14 0 1 0 2 64 714 0 1 0 3 64
4/4 15 2 75 0 0 100 614 0 2 0 0 64 15 2 25 2 75 100 16 2 75 0 1 100 16 2 25 2 175 100 25 0 1 0 2 100 56 0 1 0 2 100 716 0 1 0 2 100 315 0 2 0 2 64 56 2 75 0 3 100 616 2 25 2 375 100
4/4 45 0 1 0 0 64 616 0 3 0 0 100 14 0 1 0 1 64 45 0 1 0 2 64 616 2 25 2 275 100 716 0 1 0 3 100 45 0 1 0 3 64 16 2 25 2 375 100
4/4 526 0 1 0 0 100 616 0 1 0 0 100 26 0 1 0 0 100 24 0 2 0 0 64 16 0 1 0 1 100 716 0 1 0 2 100 525 0 1 0 2 64 616 0 1 0 3 100 615 0 1 0 3 64
4/4 715 0 1 0 0 100 25 0 1 0 0 100 56 0 1 0 0 100 55 0 1 0 0 64 45 0 1 0 1 64 315 0 1 0 2 64 24 0 1 0 3 64
4/4 316 0 1 0 0 100 16 0 1 0 0 100 14 0 1 0 0 64 716 2 25 2 75 100 16 0 1 0 1 100 54 0 1 0 1 64 56 2 25 2 175 100 316 0 1 0 2 100 14 0 1 0 2 64 316 2 25 2 275 100 16 0 1 0 3 100 54 0 1 0 3 64 56 0 1 2 375 100 716 0 1 2 375 100
4/4 315 0 1 0 0 64 56 0 1 0 0 100 716 0 1 0 0 100 714 0 1 0 1 64 315 0 1 0 2 64 56 2 75 0 3 100 56 2 25 2 375 100
4/4 15 0 1 0 0 100 616 0 1 0 0 100 45 0 1 0 0 64 25 0 1 0 2 100 716 0 1 0 2 100 55 0 1 0 2 64
4/4 316 0 1 0 0 100 56 0 1 0 0 100 16 0 1 0 0 100 14 0 1 0 0 64 54 0 1 0 1 64 14 0 1 0 2 64
4/4 316 0 1 0 0 100 16 0 1 0 0 100 14 0 1 0 0 64 716 2 25 2 75 100 16 0 1 0 1 100 54 0 1 0 1 64 56 2 25 2 175 100 316 0 1 0 2 100 14 0 1 0 2 64 316 2 25 2 275 100 16 0 1 0 3 100 54 0 1 0 3 64 56 0 1 2 375 100 716 0 1 2 375 100
4/4 315 0 1 0 0 64 56 0 1 0 0 100 716 0 1 0 0 100 714 0 1 0 1 64 315 0 1 0 2 64 56 2 75 0 3 100 56 2 25 2 375 100
4/4 616 0 1 0 0 100 15 0 1 0 1 100 46 0 1 0 1 100 615 0 1 0 1 64 716 0 1 0 2 100 25 0 1 0 3 100 56 0 1 0 3 100 715 0 1 0 3 64
4/4 16 1 5 0 0 100 16 1 35 1 5 100 76 1 5 0 1 100 66 1 5 1 15 100 526 1 5 0 2 100 316 1 5 1 25 100 25 1 5 0 3 100 225 1 5 1 35 100
4/4 15 1 5 0 0 100 15 1 5 1 5 100 75 1 5 0 1 100 65 1 5 1 15 100 525 1 5 0 2 100 315 1 5 1 25 100 24 1 5 0 3 100 224 1 5 1 35 100
4/4 14 0 1 0 0 100 15 0 1 0 1 100 316 0 1 0 1 100 56 0 1 0 1 100 16 0 1 0 1 100 15 0 1 3 1333 100 316 0 1 3 1333 100 56 0 1 3 1333 100 16 0 1 3 1333 100 15 0 1 3 1667 100 316 0 1 3 1667 100 56 0 1 3 1667 100 16 0 1 3 1667 100 15 0 1 0 2 100 316 0 1 0 2 100 56 0 1 0 2 100 16 0 1 0 2 100 14 0 1 0 3 64
