4/4 13 0 2 0 0 55 54 2 25 2 75 94 14 3 333 0 1 94 54 3 333 3 1333 110 14 3 333 3 1667 108 24 3 333 0 2 107 13 0 2 0 2 62 54 3 333 3 2333 92 24 3 333 3 2667 109 315 3 333 0 3 101 54 3 333 3 3333 106 315 3 333 3 3667 101
4/4 45 3 667 0 0 107 13 0 2 0 0 74 315 3 333 2 75 94 24 2 75 0 1 103 14 3 333 2 175 110 714 3 667 0 2 95 13 0 2 0 2 56 714 3 333 2 275 98 614 2 75 0 3 96 54 2 25 2 375 97
4/4 13 0 2 0 0 74 54 3 83 0 0 99 54 2 25 2 75 101 14 3 333 0 1 101 54 3 333 3 1333 90 14 3 333 3 1667 100 24 3 333 0 2 93 13 0 2 0 2 72 54 3 333 3 2333 101 24 3 333 3 2667 91 315 3 333 0 3 105 54 3 333 3 3333 99 315 3 333 3 3667 99
4/4 45 2 75 0 0 98 13 0 2 0 0 60 315 2 25 2 75 100 14 3 333 0 1 109 24 3 333 3 1333 106 714 3 333 3 1667 94 14 3 333 0 2 101 13 0 2 0 2 67 614 3 333 3 2333 98 714 3 333 3 2667 109 14 0 1 0 3 99
4/4 23 0 1 0 0 102 22 0 1 0 0 72 314 0 1 1 5 104 313 0 1 1 5 65 44 0 1 0 1 91 43 0 1 0 1 54 524 0 1 1 15 107 523 0 1 1 15 68 54 0 1 0 2 97 53 0 1 0 2 64 614 0 1 1 25 94 613 0 1 1 25 55 714 0 1 0 3 99 713 0 1 0 3 69 14 0 1 1 35 97 13 0 1 1 35 59
4/4 24 0 1 0 0 95 23 0 1 0 0 59 714 0 1 0 1 105 24 0 1 0 1 90 55 0 1 0 1 90 53 0 1 0 1 73 714 0 1 3 1333 72 24 0 1 3 1333 57 55 0 1 3 1333 93 53 0 1 3 1333 58 714 0 1 3 1667 58 24 0 1 3 1667 73 55 0 1 3 1667 104 53 0 1 3 1667 57 714 0 1 0 2 54 24 0 1 0 2 66 55 0 1 0 2 99 53 0 1 0 2 66
4/4 14 0 1 0 0 96 45 0 1 0 0 101 615 0 1 0 0 108 44 0 1 0 0 63 55 3 333 0 1 91 44 0 1 0 1 73 45 3 333 3 1333 99 315 3 333 3 1667 110 714 0 1 0 2 106 24 0 1 0 2 91 44 0 1 0 2 63 615 0 1 0 3 98 44 0 1 0 3 69
4/4 24 0 1 0 0 92 55 0 1 0 0 107 314 0 1 0 0 70 45 3 333 0 1 91 314 0 1 0 1 57 315 3 333 3 1333 100 24 3 333 3 1667 100 14 0 1 0 2 107 613 0 1 0 2 74 55 0 1 0 3 92 314 0 1 0 3 73
4/4 14 0 1 0 0 99 45 0 1 0 0 103 23 0 1 0 0 61 45 3 333 0 1 94 23 0 1 0 1 71 315 3 333 3 1333 108 24 3 333 3 1667 102 14 1 5 0 2 90 53 0 1 0 2 55 714 1 5 1 25 107 614 1 5 0 3 99 53 0 1 0 3 64 714 1 5 1 35 100
4/4 14 0 1 0 0 93 13 0 1 0 0 61 315 0 1 0 1 96 55 0 1 0 1 109 15 0 1 0 1 107 53 0 1 0 1 65 315 0 1 3 1333 106 55 0 1 3 1333 101 15 0 1 3 1333 96 315 0 1 3 1667 106 55 0 1 3 1667 104 15 0 1 3 1667 91 315 0 1 0 2 96 55 0 1 0 2 104 15 0 1 0 2 93 13 0 1 0 2 63
4/4 14 0 1 0 0 93 315 0 1 0 0 110 13 0 1 0 0 67 14 0 1 0 1 97 315 0 1 0 1 92 55 0 1 0 1 104 53 0 1 0 1 72 14 0 1 0 2 109 315 0 1 0 2 106 15 0 1 0 2 90 13 0 1 0 2 62 53 0 1 0 3 59
4/4 714 0 1 0 0 106 45 0 1 0 0 109 55 0 1 0 0 102 23 0 1 0 0 64 714 0 1 0 1 95 45 0 1 0 1 107 615 0 1 0 1 110 53 0 1 0 1 56 714 0 1 0 2 101 45 0 1 0 2 95 55 0 1 0 2 100 23 0 1 0 2 68 53 0 1 0 3 65
4/4 13 0 1 0 0 64 14 2 25 2 75 105 315 0 1 0 1 91 713 0 1 0 1 60 55 2 25 2 175 90 14 0 1 0 2 98 315 0 1 0 2 104 15 0 1 0 2 101 613 0 1 0 2 59 715 0 1 0 3 99 613 0 1 0 3 62 615 2 25 2 375 100
4/4 14 0 3 0 0 99 45 0 1 0 0 110 55 0 1 0 0 99 23 0 1 0 0 74 23 0 1 0 1 67 714 0 1 0 2 110 713 0 1 0 2 70 54 2 25 2 275 101 524 0 1 0 3 99
4/4 14 0 1 0 0 102 45 0 1 0 0 94 615 0 1 0 0 99 44 0 1 0 0 64 615 2 25 2 75 100 615 0 1 0 1 107 44 0 1 0 1 65 615 0 1 2 175 105 13 0 1 0 2 58 15 2 25 2 275 95 715 0 1 0 3 102 44 0 1 0 3 73 615 2 25 2 375 103
4/4 24 0 1 0 0 91 55 0 1 0 0 109 314 0 1 0 0 64 713 0 1 0 1 59 314 0 1 0 2 72 34 0 1 0 3 68
4/4 14 0 1 0 0 107 45 0 1 0 0 98 615 0 1 0 0 105 23 0 2 0 0 64 55 2 25 2 75 106 615 2 75 0 1 92 55 2 25 2 175 96 714 0 1 0 2 101 24 0 1 0 2 91 53 0 2 0 2 68 315 0 1 0 3 101
4/4 14 0 4 0 0 102 13 0 1 0 0 59 53 0 1 0 1 70 13 0 1 0 2 61
4/4 14 0 1 0 0 102 45 0 1 0 0 91 65 0 1 0 0 101 44 0 2 0 0 56 65 2 25 2 75 91 65 2 75 0 1 97 65 2 225 2 175 93 13 0 1 0 2 65 44 0 1 0 3 74
4/4 14 0 1 0 0 107 315 0 1 0 0 102 55 0 1 0 0 106 13 0 2 0 0 54 55 2 25 2 75 94 55 2 75 0 1 100 55 2 225 2 175 99 53 0 1 0 2 58 13 0 1 0 3 67
4/4 45 0 1 0 0 106 44 0 2 0 0 67 45 0 1 0 1 99 14 0 1 0 2 92 45 0 1 0 2 96 64 0 2 0 2 61 24 0 1 0 3 94
4/4 54 0 1 0 0 105 14 0 1 0 0 91 315 0 1 0 0 103 13 0 1 0 0 68 53 0 1 0 1 62 13 0 1 0 2 59 713 0 1 0 3 59
4/4 14 2 75 0 0 99 613 0 2 0 0 60 14 2 25 2 75 106 15 2 75 0 1 98 15 2 25 2 175 109 24 0 1 0 2 110 55 0 1 0 2 97 715 0 1 0 2 96 314 0 2 0 2 64 55 2 75 0 3 100 615 2 25 2 375 90
4/4 44 0 1 0 0 65 615 0 3 0 0 90 13 0 1 0 1 60 44 0 1 0 2 68 615 2 25 2 275 102 715 0 1 0 3 108 44 0 1 0 3 59 15 2 25 2 375 101
4/4 525 0 1 0 0 105 615 0 1 0 0 95 25 0 1 0 0 105 23 0 2 0 0 57 15 0 1 0 1 98 715 0 1 0 2 104 524 0 1 0 2 63 615 0 1 0 3 99 614 0 1 0 3 68
4/4 714 0 1 0 0 101 24 0 1 0 0 94 55 0 1 0 0 95 54 0 1 0 0 55 44 0 1 0 1 70 314 0 1 0 2 71 23 0 1 0 3 73
4/4 315 0 1 0 0 93 15 0 1 0 0 102 13 0 1 0 0 71 715 2 25 2 75 97 15 0 1 0 1 92 53 0 1 0 1 71 55 2 25 2 175 97 315 0 1 0 2 107 13 0 1 0 2 73 15 0 1 2 275 102 53 0 1 0 3 66 55 0 1 2 375 107 715 0 1 2 375 98
4/4 314 0 1 0 0 58 55 0 1 0 0 90 715 0 1 0 0 95 713 0 1 0 1 64 314 0 1 0 2 70 55 2 75 0 3 110 55 2 25 2 375 100
4/4 14 0 1 0 0 91 615 0 1 0 0 100 44 0 1 0 0 63 24 0 1 0 2 103 715 0 1 0 2 107 54 0 1 0 2 70
4/4 315 0 1 0 0 99 55 0 1 0 0 91 15 0 1 0 0 105 13 0 1 0 0 58 53 0 1 0 1 54 13 0 1 0 2 72
4/4 14 0 1 0 0 91 315 0 1 0 0 92 13 0 1 0 0 71 14 0 1 0 1 94 315 0 1 0 1 106 55 0 1 0 1 99 53 0 1 0 1 73 14 0 1 0 2 94 315 0 1 0 2 102 15 0 1 0 2 110 13 0 1 0 2 58 53 0 1 0 3 71
4/4 714 0 1 0 0 104 45 0 1 0 0 106 55 0 1 0 0 109 23 0 1 0 0 59 714 0 1 0 1 102 45 0 1 0 1 90 615 0 1 0 1 99 53 0 1 0 1 62 714 0 1 0 2 95 45 0 1 0 2 98 55 0 1 0 2 109 23 0 1 0 2 71 53 0 1 0 3 64
4/4 13 0 1 0 0 54 14 2 25 2 75 92 315 0 1 0 1 103 713 0 1 0 1 56 55 2 25 2 175 94 14 0 1 0 2 96 315 0 1 0 2 94 15 0 1 0 2 94 613 0 1 0 2 55 715 0 1 0 3 92 613 0 1 0 3 74 615 2 25 2 375 100
4/4 14 0 3 0 0 99 45 0 1 0 0 103 55 0 1 0 0 94 23 0 1 0 0 74 23 0 1 0 1 56 714 0 1 0 2 90 713 0 1 0 2 63 54 2 25 2 275 98 524 0 1 0 3 99
4/4 14 0 1 0 0 93 45 0 1 0 0 94 615 0 1 0 0 106 44 0 1 0 0 66 615 2 25 2 75 96 615 0 1 0 1 102 44 0 1 0 1 59 615 0 1 2 175 90 13 0 1 0 2 60 15 2 25 2 275 108 715 0 1 0 3 104 44 0 1 0 3 65 615 2 25 2 375 110
4/4 24 0 1 0 0 109 55 0 1 0 0 104 314 0 1 0 0 70 713 0 1 0 1 57 314 0 1 0 2 64 34 0 1 0 3 66
4/4 14 0 1 0 0 97 45 0 1 0 0 100 615 0 1 0 0 93 23 0 2 0 0 55 55 2 25 2 75 109 615 2 75 0 1 107 55 2 25 2 175 106 714 0 1 0 2 99 24 0 1 0 2 104 53 0 2 0 2 61 315 0 1 0 3 103
4/4 14 0 4 0 0 99 13 0 1 0 0 72 53 0 1 0 1 58 13 0 1 0 2 64
4/4 14 0 1 0 0 97 45 0 1 0 0 98 65 0 1 0 0 93 44 0 2 0 0 74 65 2 25 2 75 100 65 2 75 0 1 91 65 2 225 2 175 103 13 0 1 0 2 67 44 0 1 0 3 68
4/4 14 0 1 0 0 91 315 0 1 0 0 93 55 0 1 0 0 100 13 0 2 0 0 61 55 2 25 2 75 100 55 2 75 0 1 93 55 2 225 2 175 104 53 0 1 0 2 73 13 0 1 0 3 54
4/4 45 0 1 0 0 97 44 0 2 0 0 70 45 0 1 0 1 105 14 0 1 0 2 104 45 0 1 0 2 103 64 0 2 0 2 74 24 0 1 0 3 99
4/4 54 0 1 0 0 94 14 0 1 0 0 109 315 0 1 0 0 103 13 0 1 0 0 54 53 0 1 0 1 61 13 0 1 0 2 73 713 0 1 0 3 57
4/4 14 2 75 0 0 102 613 0 2 0 0 60 14 2 25 2 75 96 15 2 75 0 1 91 15 2 25 2 175 90 24 0 1 0 2 101 55 0 1 0 2 106 715 0 1 0 2 103 314 0 2 0 2 70 55 2 75 0 3 98 615 2 25 2 375 90
4/4 44 0 1 0 0 56 615 0 3 0 0 110 13 0 1 0 1 63 44 0 1 0 2 69 615 2 25 2 275 94 715 0 1 0 3 93 44 0 1 0 3 59 15 2 25 2 375 107
4/4 525 0 1 0 0 110 615 0 1 0 0 90 25 0 1 0 0 102 23 0 2 0 0 57 15 0 1 0 1 99 715 0 1 0 2 97 524 0 1 0 2 66 615 0 1 0 3 95 614 0 1 0 3 59
4/4 714 0 1 0 0 97 24 0 1 0 0 96 55 0 1 0 0 92 54 0 1 0 0 62 44 0 1 0 1 66 314 0 1 0 2 61 23 0 1 0 3 70
4/4 315 0 1 0 0 104 15 0 1 0 0 103 13 0 1 0 0 72 715 2 25 2 75 109 15 0 1 0 1 103 53 0 1 0 1 60 55 2 25 2 175 103 315 0 1 0 2 105 13 0 1 0 2 61 15 0 1 2 275 97 53 0 1 0 3 69 55 0 1 2 375 110 715 0 1 2 375 101
4/4 314 0 1 0 0 56 55 0 1 0 0 101 715 0 1 0 0 90 713 0 1 0 1 65 314 0 1 0 2 60 55 2 75 0 3 99 55 2 25 2 375 104
4/4 14 0 1 0 0 101 615 0 1 0 0 95 44 0 1 0 0 73 24 0 1 0 2 92 715 0 1 0 2 100 54 0 1 0 2 65
4/4 315 0 1 0 0 108 55 0 1 0 0 102 15 0 1 0 0 101 13 0 1 0 0 72 53 0 1 0 1 69 13 0 1 0 2 65
4/4 14 0 1 0 0 101 315 0 1 0 0 94 13 0 1 0 0 62 14 0 1 0 1 98 315 0 1 0 1 103 55 0 1 0 1 104 53 0 1 0 1 62 14 0 1 0 2 97 315 0 1 0 2 105 15 0 1 0 2 97 13 0 1 0 2 56 53 0 1 0 3 57
4/4 714 0 1 0 0 99 45 0 1 0 0 100 55 0 1 0 0 108 23 0 1 0 0 74 714 0 1 0 1 97 45 0 1 0 1 95 615 0 1 0 1 106 53 0 1 0 1 58 714 0 1 0 2 93 45 0 1 0 2 100 55 0 1 0 2 109 23 0 1 0 2 73 53 0 1 0 3 69
4/4 13 0 1 0 0 70 14 2 25 2 75 100 315 0 1 0 1 93 713 0 1 0 1 57 55 2 25 2 175 108 14 0 1 0 2 97 315 0 1 0 2 105 15 0 1 0 2 96 613 0 1 0 2 73 715 0 1 0 3 101 613 0 1 0 3 60 615 2 25 2 375 106
4/4 14 0 2 0 0 91 45 0 1 0 0 96 55 0 1 0 0 91 23 0 1 0 0 68 23 0 1 0 1 72 714 0 1 0 2 108 713 0 1 0 2 71 54 2 25 2 275 98 524 0 1 0 3 97
4/4 14 0 1 0 0 99 45 0 1 0 0 109 615 0 1 0 0 103 44 0 1 0 0 63 615 2 25 2 75 95 615 0 1 0 1 103 44 0 1 0 1 74 615 0 1 2 175 90 13 0 1 0 2 54 15 2 25 2 275 105 715 0 1 0 3 95 44 0 1 0 3 54 615 2 25 2 375 92
4/4 24 0 1 0 0 110 55 0 1 0 0 98 314 0 1 0 0 55 713 0 1 0 1 60 314 0 1 0 2 72 34 0 1 0 3 64
4/4 14 0 1 0 0 104 45 0 1 0 0 90 615 0 1 0 0 95 23 0 2 0 0 61 55 2 25 2 75 104 615 2 75 0 1 101 55 2 25 2 175 93 714 0 1 0 2 97 24 0 1 0 2 98 713 0 2 0 2 62 315 0 1 0 3 105
4/4 14 0 4 0 0 91 13 0 1 0 0 62 53 0 1 0 1 69 13 0 1 0 2 73
4/4 14 0 1 0 0 95 45 0 1 0 0 104 65 0 1 0 0 92 44 0 2 0 0 74 65 2 25 2 75 103 65 2 75 0 1 92 65 2 225 2 175 95 13 0 1 0 2 58 44 0 1 0 3 73
4/4 14 0 1 0 0 109 315 0 1 0 0 104 55 0 1 0 0 106 13 0 2 0 0 70 55 2 25 2 75 98 55 2 75 0 1 103 55 2 225 2 175 107 53 0 1 0 2 70 13 0 1 0 3 66
4/4 45 0 1 0 0 110 44 0 2 0 0 74 45 0 1 0 1 94 64 0 1 0 2 94 64 0 1 0 2 68 14 0 1 0 2 103 45 0 1 0 2 109 24 0 1 0 3 106
4/4 54 0 1 0 0 102 14 0 1 0 0 102 315 0 1 0 0 93 13 0 1 0 0 72 53 0 1 0 1 72 13 0 1 0 2 68 713 0 1 0 3 67
4/4 14 2 75 0 0 95 613 0 2 0 0 68 14 2 25 2 75 108 15 2 75 0 1 93 15 2 25 2 175 96 24 0 1 0 2 107 55 0 1 0 2 103 715 0 1 0 2 90 314 0 2 0 2 74 55 2 75 0 3 100 615 2 25 2 375 101
4/4 44 0 1 0 0 72 615 0 3 0 0 107 13 0 1 0 1 74 44 0 1 0 2 69 615 2 25 2 275 103 715 0 1 0 3 92 44 0 1 0 3 57 15 2 25 2 375 106
4/4 525 0 1 0 0 102 615 0 1 0 0 102 25 0 1 0 0 91 23 0 2 0 0 62 15 0 1 0 1 98 715 0 1 0 2 100 524 0 1 0 2 54 615 0 1 0 3 109 614 0 1 0 3 55
4/4 714 0 1 0 0 105 24 0 1 0 0 96 55 0 1 0 0 108 54 0 1 0 0 69 44 0 1 0 1 72 314 0 1 0 2 66 23 0 1 0 3 64
4/4 315 0 1 0 0 105 15 0 1 0 0 108 13 0 1 0 0 67 715 2 25 2 75 107 15 0 1 0 1 93 53 0 1 0 1 64 55 2 25 2 175 97 315 0 1 0 2 102 13 0 1 0 2 64 315 2 25 2 275 104 15 0 1 0 3 103 53 0 1 0 3 69 55 0 1 2 375 105 715 0 1 2 375 103
4/4 314 0 1 0 0 55 55 0 1 0 0 92 715 0 1 0 0 105 713 0 1 0 1 64 314 0 1 0 2 73 55 2 75 0 3 109 55 2 25 2 375 103
4/4 14 0 1 0 0 95 615 0 1 0 0 103 44 0 1 0 0 60 24 0 1 0 2 95 715 0 1 0 2 94 54 0 1 0 2 67
4/4 315 0 1 0 0 99 55 0 1 0 0 96 15 0 1 0 0 108 13 0 1 0 0 70 53 0 1 0 1 61 13 0 1 0 2 60
4/4 315 0 1 0 0 93 15 0 1 0 0 101 13 0 1 0 0 63 715 2 25 2 75 94 15 0 1 0 1 91 53 0 1 0 1 63 55 2 25 2 175 107 315 0 1 0 2 91 13 0 1 0 2 59 315 2 25 2 275 91 15 0 1 0 3 91 53 0 1 0 3 56 55 0 1 2 375 102 715 0 1 2 375 91
4/4 314 0 1 0 0 67 55 0 1 0 0 91 715 0 1 0 0 101 713 0 1 0 1 69 314 0 1 0 2 65 55 2 75 0 3 104 55 2 25 2 375 99
4/4 615 0 1 0 0 95 14 0 1 0 1 95 45 0 1 0 1 92 614 0 1 0 1 72 715 0 1 0 2 104 24 0 1 0 3 90 55 0 1 0 3 90 714 0 1 0 3 71
4/4 15 1 5 0 0 90 15 1 35 1 5 102 75 1 5 0 1 109 65 1 5 1 15 90 525 1 5 0 2 104 315 1 5 1 25 100 24 1 5 0 3 107 224 1 5 1 35 108
4/4 14 1 5 0 0 108 14 1 5 1 5 101 74 1 5 0 1 109 64 1 5 1 15 101 524 1 5 0 2 105 314 1 5 1 25 108 23 1 5 0 3 107 223 1 5 1 35 97
4/4 13 0 1 0 0 92 14 0 1 0 1 104 315 0 1 0 1 99 55 0 1 0 1 108 15 0 1 0 1 100 14 0 1 3 1333 110 315 0 1 3 1333 98 55 0 1 3 1333 91 15 0 1 3 1333 108 14 0 1 3 1667 105 315 0 1 3 1667 109 55 0 1 3 1667 95 15 0 1 3 1667 110 14 0 1 0 2 104 315 0 1 0 2 96 55 0 1 0 2 96 15 0 1 0 2 95 13 0 1 0 3 56
