4/4 56 2 25 2 25 100 46 2 25 1 5 100 15 2 25 2 75 100 56 1 5 0 1 100 46 2 25 1 15 100 15 2 25 2 175 100 56 2 25 2 225 100 46 2 25 1 25 100 15 2 25 2 275 100 56 1 5 0 3 100 46 2 25 1 35 100 15 2 25 2 375 100
4/4 46 2 25 2 25 100 36 2 25 1 5 100 75 2 25 2 75 100 46 1 5 0 1 100 36 2 25 1 15 100 75 2 25 2 175 100 46 2 25 2 225 100 36 2 25 1 25 100 75 2 25 2 275 100 46 1 5 0 3 100 36 2 25 1 35 100 75 2 25 2 375 100
4/4 65 0 4 0 0 64 56 2 25 2 25 100 46 2 25 1 5 100 15 2 25 2 75 100 56 1 5 0 1 100 46 2 25 1 15 100 15 2 25 2 175 100 56 2 25 2 225 100 46 2 25 1 25 100 15 2 25 2 275 100 56 1 5 0 3 100 46 2 25 1 35 100 15 2 25 2 375 100
4/4 55 0 4 0 0 64 46 2 25 2 25 100 36 2 25 1 5 100 75 2 25 2 75 100 46 1 5 0 1 100 36 2 25 1 15 100 75 2 25 2 175 100 46 2 25 2 225 100 36 2 25 1 25 100 75 2 25 2 275 100 46 1 5 0 3 100 36 2 25 1 35 100 75 2 25 2 375 100
4/4 65 0 1 0 0 64 56 2 25 2 25 100 46 2 25 1 5 100 15 2 25 2 75 100 56 1 5 0 1 100 65 0 1 0 1 64 46 2 25 1 15 100 15 2 25 2 175 100 65 0 1 0 2 64 56 2 25 2 225 100 46 2 25 1 25 100 15 2 25 2 275 100 56 1 5 0 3 100 65 0 1 0 3 64 46 2 25 1 35 100 15 2 25 2 375 100
4/4 55 0 1 0 0 64 46 2 25 2 25 100 36 2 25 1 5 100 75 2 25 2 75 100 46 1 5 0 1 100 55 0 1 0 1 64 36 2 25 1 15 100 75 2 25 2 175 100 55 0 1 0 2 64 15 1 5 0 3 100 54 0 1 0 3 64 36 1 5 1 35 100
4/4 15 0 1 0 0 100 46 0 1 0 0 100 64 1 15 0 0 64 46 1 5 0 1 100 56 1 5 1 15 100 64 1 15 1 15 64 36 0 1 0 2 100 15 1 5 0 3 100 64 0 1 0 3 64 36 1 5 1 35 100
4/4 75 0 1 0 0 100 46 0 1 0 0 100 54 1 15 0 0 64 46 1 5 0 1 100 76 1 5 1 15 100 54 1 15 1 15 64 56 0 1 0 2 100 56 1 5 0 3 100 54 0 1 0 3 64 76 1 5 1 35 100
4/4 36 0 1 0 0 100 66 0 1 0 0 100 16 0 1 0 0 100 45 1 15 0 0 64 16 1 5 1 5 100 16 1 5 0 1 100 37 1 5 1 15 100 45 1 15 1 15 64 26 1 5 0 2 100 16 1 5 1 25 100 76 1 5 0 3 100 45 0 1 0 3 64 66 1 5 1 35 100
4/4 15 0 1 0 0 100 46 0 1 0 0 100 56 0 1 0 0 100 54 1 15 0 0 64 46 1 5 0 1 100 15 1 5 1 15 100 54 1 15 1 15 64 56 0 1 0 2 100 15 1 5 0 3 100 54 0 1 0 3 64 36 1 5 1 35 100
4/4 15 0 1 0 0 100 46 0 1 0 0 100 64 1 15 0 0 64 46 1 5 0 1 100 56 1 5 1 15 100 64 1 15 1 15 64 36 0 1 0 2 100 15 1 5 0 3 100 64 0 1 0 3 64 36 1 5 1 35 100
4/4 75 0 1 0 0 100 46 0 1 0 0 100 54 1 15 0 0 64 46 1 5 0 1 100 76 1 5 1 15 100 54 1 15 1 15 64 56 0 1 0 2 100 56 1 5 0 3 100 54 0 1 0 3 64 76 1 5 1 35 100
4/4 36 0 1 0 0 100 66 0 1 0 0 100 16 0 1 0 0 100 45 0 2 0 0 64 16 1 5 1 5 100 16 1 5 0 1 100 37 1 5 1 15 100 46 0 1 0 2 100 76 0 1 0 2 100 26 0 1 0 2 100 54 0 2 0 2 64 16 1 5 1 25 100 56 1 5 0 3 100 15 1 5 1 35 100
4/4 55 0 4 0 0 100 15 1 35 0 0 100 36 0 4 0 0 100 14 1 15 0 0 64 14 1 15 1 15 64 15 0 1 0 3 100 74 0 1 0 3 64 36 1 5 1 35 100
4/4 15 0 1 0 0 100 46 0 1 0 0 100 64 1 15 0 0 64 55 1 5 0 0 100 36 1 5 0 0 100 15 1 5 0 0 100 46 1 5 0 1 100 56 1 5 1 15 100 64 1 15 1 15 64 36 0 1 0 2 100 15 1 5 0 3 100 64 0 1 0 3 64 36 1 5 1 35 100
4/4 75 0 1 0 0 100 46 0 1 0 0 100 54 1 15 0 0 64 46 1 5 0 1 100 76 1 5 1 15 100 54 1 15 1 15 64 56 0 1 0 2 100 56 1 5 0 3 100 54 0 1 0 3 64 76 1 5 1 35 100
4/4 36 0 1 0 0 100 66 0 1 0 0 100 16 0 1 0 0 100 45 1 15 0 0 64 16 1 5 1 5 100 16 1 5 0 1 100 37 1 5 1 15 100 45 1 15 1 15 64 26 1 5 0 2 100 16 1 5 1 25 100 76 1 5 0 3 100 45 0 1 0 3 64 66 1 5 1 35 100
4/4 15 0 1 0 0 100 46 0 1 0 0 100 56 0 1 0 0 100 54 1 15 0 0 64 46 1 5 0 1 100 15 1 5 1 15 100 54 1 15 1 15 64 56 0 1 0 2 100 15 1 5 0 3 100 54 0 1 0 3 64 36 1 5 1 35 100
4/4 15 0 1 0 0 100 46 0 1 0 0 100 64 1 15 0 0 64 46 1 5 0 1 100 56 1 5 1 15 100 64 1 15 1 15 64 36 0 1 0 2 100 15 1 5 0 3 100 64 0 1 0 3 64 36 1 5 1 35 100
4/4 75 0 1 0 0 100 46 0 1 0 0 100 54 1 15 0 0 64 46 1 5 0 1 100 76 1 5 1 15 100 54 1 15 1 15 64 56 0 1 0 2 100 56 1 5 0 3 100 54 0 1 0 3 64 76 1 5 1 35 100
4/4 36 0 1 0 0 100 66 0 1 0 0 100 16 0 1 0 0 100 45 0 2 0 0 64 16 1 5 1 5 100 16 1 5 0 1 100 37 1 5 1 15 100 46 0 1 0 2 100 76 0 1 0 2 100 26 0 1 0 2 100 54 0 2 0 2 64 16 1 5 1 25 100 56 1 5 0 3 100 15 1 5 1 35 100
4/4 55 0 1 0 0 100 15 0 1 0 0 100 36 0 1 0 0 100 14 1 15 0 0 64 14 1 15 1 15 64 14 1 5 0 3 64 714 1 5 1 35 64
4/4 65 0 1 0 0 100 225 0 1 0 0 100 74 1 15 0 0 64 55 0 1 0 0 100 15 0 1 0 0 100 36 0 1 0 0 100 66 1 5 1 5 100 66 1 5 0 1 100 225 1 5 1 15 100 74 1 15 1 15 64 66 0 2 0 2 100 45 0 1 0 3 64
4/4 74 1 15 0 0 64 66 0 1 0 0 100 225 1 5 1 5 100 225 1 5 0 1 100 66 1 5 1 15 100 74 1 25 1 15 64 66 0 1 0 2 100 56 1 5 0 3 100 46 1 5 1 35 100
4/4 75 0 1 0 0 100 36 0 1 0 0 100 56 0 1 0 0 100 14 1 15 0 0 64 66 1 5 1 5 100 56 1 5 0 1 100 46 1 5 1 15 100 14 1 25 1 15 64 36 0 2 0 2 100 55 1 5 0 3 100 15 1 5 1 35 100
4/4 75 1 15 0 0 100 55 2 25 1 15 100 45 2 25 2 175 100 55 0 2 0 2 100 14 0 1 0 3 64
4/4 65 0 1 0 0 100 225 0 1 0 0 100 74 1 15 0 0 64 66 1 5 1 5 100 66 1 5 0 1 100 225 1 5 1 15 100 74 1 15 1 15 64 66 0 2 0 2 100 45 0 1 0 3 64
4/4 74 1 15 0 0 64 66 0 1 0 0 100 225 1 5 1 5 100 225 1 5 0 1 100 66 1 5 1 15 100 74 1 25 1 15 64 66 0 1 0 2 100 56 1 5 0 3 100 46 1 5 1 35 100
4/4 75 0 1 0 0 100 36 0 1 0 0 100 56 0 1 0 0 100 14 1 15 0 0 64 66 1 5 1 5 100 76 1 5 0 1 100 36 0 1 1 15 100 14 1 25 1 15 64 15 0 1 1 25 100 75 1 5 1 35 100
4/4 65 0 3 0 0 100 15 1 35 0 0 100 74 0 1 0 0 64 24 0 1 0 0 64 54 0 1 0 2 64 15 0 1 0 3 100 14 0 1 0 3 64 36 1 5 1 35 100
4/4 15 0 1 0 0 100 46 0 1 0 0 100 64 1 15 0 0 64 46 1 5 0 1 100 56 1 5 1 15 100 64 1 15 1 15 64 36 0 1 0 2 100 15 1 5 0 3 100 64 0 1 0 3 64 36 1 5 1 35 100
4/4 75 0 1 0 0 100 46 0 1 0 0 100 54 1 15 0 0 64 46 1 5 0 1 100 76 1 5 1 15 100 54 1 15 1 15 64 56 0 1 0 2 100 56 1 5 0 3 100 54 0 1 0 3 64 76 1 5 1 35 100
4/4 36 0 1 0 0 100 66 0 1 0 0 100 16 0 1 0 0 100 45 1 15 0 0 64 16 1 5 1 5 100 16 1 5 0 1 100 37 1 5 1 15 100 45 1 15 1 15 64 26 1 5 0 2 100 16 1 5 1 25 100 76 1 5 0 3 100 45 0 1 0 3 64 66 1 5 1 35 100
4/4 15 0 1 0 0 100 46 0 1 0 0 100 56 0 1 0 0 100 54 1 15 0 0 64 46 1 5 0 1 100 15 1 5 1 15 100 54 1 15 1 15 64 56 0 1 0 2 100 15 1 5 0 3 100 54 0 1 0 3 64 36 1 5 1 35 100
4/4 15 0 1 0 0 100 46 0 1 0 0 100 64 1 15 0 0 64 46 1 5 0 1 100 56 1 5 1 15 100 64 1 15 1 15 64 36 0 1 0 2 100 15 1 5 0 3 100 64 0 1 0 3 64 36 1 5 1 35 100
4/4 75 0 1 0 0 100 46 0 1 0 0 100 54 1 15 0 0 64 46 1 5 0 1 100 76 1 5 1 15 100 54 1 15 1 15 64 56 0 1 0 2 100 56 1 5 0 3 100 54 0 1 0 3 64 76 1 5 1 35 100
4/4 36 0 1 0 0 100 66 0 1 0 0 100 16 0 1 0 0 100 45 0 2 0 0 64 16 1 5 1 5 100 16 1 5 0 1 100 37 1 5 1 15 100 46 0 1 0 2 100 76 0 1 0 2 100 26 0 1 0 2 100 54 0 2 0 2 64 16 1 5 1 25 100 56 1 5 0 3 100 15 1 5 1 35 100
4/4 55 0 4 0 0 100 15 1 35 0 0 100 36 0 4 0 0 100 14 1 15 0 0 64 14 1 15 1 15 64 15 0 1 0 3 100 74 0 1 0 3 64 36 1 5 1 35 100
4/4 15 0 1 0 0 100 46 0 1 0 0 100 64 1 15 0 0 64 55 1 5 0 0 100 36 1 5 0 0 100 15 1 5 0 0 100 46 1 5 0 1 100 56 1 5 1 15 100 64 1 15 1 15 64 36 0 1 0 2 100 15 1 5 0 3 100 64 0 1 0 3 64 36 1 5 1 35 100
4/4 75 0 1 0 0 100 46 0 1 0 0 100 54 1 15 0 0 64 46 1 5 0 1 100 76 1 5 1 15 100 54 1 15 1 15 64 56 0 1 0 2 100 56 1 5 0 3 100 54 0 1 0 3 64 76 1 5 1 35 100
4/4 36 0 1 0 0 100 66 0 1 0 0 100 16 0 1 0 0 100 45 1 15 0 0 64 16 1 5 1 5 100 16 1 5 0 1 100 37 1 5 1 15 100 45 1 15 1 15 64 26 1 5 0 2 100 16 1 5 1 25 100 76 1 5 0 3 100 45 0 1 0 3 64 66 1 5 1 35 100
4/4 15 0 1 0 0 100 46 0 1 0 0 100 56 0 1 0 0 100 54 1 15 0 0 64 46 1 5 0 1 100 15 1 5 1 15 100 54 1 15 1 15 64 56 0 1 0 2 100 15 1 5 0 3 100 54 0 1 0 3 64 36 1 5 1 35 100
4/4 15 0 1 0 0 100 46 0 1 0 0 100 64 1 15 0 0 64 46 1 5 0 1 100 56 1 5 1 15 100 64 1 15 1 15 64 36 0 1 0 2 100 15 1 5 0 3 100 64 0 1 0 3 64 36 1 5 1 35 100
4/4 75 0 1 0 0 100 46 0 1 0 0 100 54 1 15 0 0 64 46 1 5 0 1 100 76 1 5 1 15 100 54 1 15 1 15 64 56 0 1 0 2 100 56 1 5 0 3 100 54 0 1 0 3 64 76 1 5 1 35 100
4/4 36 0 1 0 0 100 66 0 1 0 0 100 16 0 1 0 0 100 45 0 2 0 0 64 16 1 5 1 5 100 16 1 5 0 1 100 37 1 5 1 15 100 46 0 1 0 2 100 76 0 1 0 2 100 26 0 1 0 2 100 54 0 2 0 2 64 16 1 5 1 25 100 56 1 5 0 3 100 15 1 5 1 35 100
4/4 55 0 1 0 0 100 15 0 1 0 0 100 36 0 1 0 0 100 14 1 15 0 0 64 14 1 15 1 15 64 14 1 5 0 3 64 714 1 5 1 35 64
4/4 65 0 1 0 0 100 225 0 1 0 0 100 74 1 15 0 0 64 55 0 1 0 0 100 15 0 1 0 0 100 36 0 1 0 0 100 66 1 5 1 5 100 66 1 5 0 1 100 225 1 5 1 15 100 74 1 15 1 15 64 66 0 2 0 2 100 45 0 1 0 3 64
4/4 74 1 15 0 0 64 66 0 1 0 0 100 225 1 5 1 5 100 225 1 5 0 1 100 66 1 5 1 15 100 74 1 25 1 15 64 66 0 1 0 2 100 56 1 5 0 3 100 46 1 5 1 35 100
4/4 75 0 1 0 0 100 36 0 1 0 0 100 56 0 1 0 0 100 14 1 15 0 0 64 66 1 5 1 5 100 56 1 5 0 1 100 46 1 5 1 15 100 14 1 25 1 15 64 36 0 2 0 2 100 55 1 5 0 3 100 15 1 5 1 35 100
4/4 75 1 15 0 0 100 55 2 25 1 15 100 45 2 25 2 175 100 55 0 2 0 2 100 14 0 1 0 3 64
4/4 65 0 1 0 0 100 225 0 1 0 0 100 74 1 15 0 0 64 66 1 5 1 5 100 66 1 5 0 1 100 225 1 5 1 15 100 74 1 15 1 15 64 66 0 2 0 2 100 45 0 1 0 3 64
4/4 74 1 15 0 0 64 66 0 1 0 0 100 225 1 5 1 5 100 225 1 5 0 1 100 66 1 5 1 15 100 74 1 25 1 15 64 66 0 1 0 2 100 56 1 5 0 3 100 46 1 5 1 35 100
4/4 75 0 1 0 0 100 36 0 1 0 0 100 56 0 1 0 0 100 14 1 15 0 0 64 66 1 5 1 5 100 76 1 5 0 1 100 36 0 1 1 15 100 14 1 25 1 15 64 15 0 1 1 25 100 75 1 5 1 35 100
4/4 65 0 3 0 0 100 15 1 35 0 0 100 74 0 1 0 0 64 24 0 1 0 0 64 54 0 1 0 2 64 15 0 1 0 3 100 14 0 1 0 3 64 36 1 5 1 35 100
4/4 15 0 1 0 0 100 46 0 1 0 0 100 64 1 15 0 0 64 46 1 5 0 1 100 56 1 5 1 15 100 64 1 15 1 15 64 36 0 1 0 2 100 15 1 5 0 3 100 64 0 1 0 3 64 36 1 5 1 35 100
4/4 75 0 1 0 0 100 46 0 1 0 0 100 54 1 15 0 0 64 46 1 5 0 1 100 76 1 5 1 15 100 54 1 15 1 15 64 56 0 1 0 2 100 56 1 5 0 3 100 54 0 1 0 3 64 76 1 5 1 35 100
4/4 36 0 1 0 0 100 66 0 1 0 0 100 16 0 1 0 0 100 45 1 15 0 0 64 16 1 5 1 5 100 16 1 5 0 1 100 37 1 5 1 15 100 45 1 15 1 15 64 26 1 5 0 2 100 16 1 5 1 25 100 76 1 5 0 3 100 45 0 1 0 3 64 66 1 5 1 35 100
4/4 15 0 1 0 0 100 46 0 1 0 0 100 56 0 1 0 0 100 54 1 15 0 0 64 46 1 5 0 1 100 15 1 5 1 15 100 54 1 15 1 15 64 56 0 1 0 2 100 15 1 5 0 3 100 54 0 1 0 3 64 36 1 5 1 35 100
4/4 15 0 1 0 0 100 46 0 1 0 0 100 64 1 15 0 0 64 46 1 5 0 1 100 56 1 5 1 15 100 64 1 15 1 15 64 36 0 1 0 2 100 15 1 5 0 3 100 64 0 1 0 3 64 36 1 5 1 35 100
4/4 75 0 1 0 0 100 46 0 1 0 0 100 54 1 15 0 0 64 46 1 5 0 1 100 76 1 5 1 15 100 54 1 15 1 15 64 56 0 1 0 2 100 56 1 5 0 3 100 54 0 1 0 3 64 76 1 5 1 35 100
4/4 36 0 1 0 0 100 66 0 1 0 0 100 16 0 1 0 0 100 45 0 2 0 0 64 16 1 5 1 5 100 16 1 5 0 1 100 37 1 5 1 15 100 46 0 1 0 2 100 76 0 1 0 2 100 26 0 1 0 2 100 54 0 2 0 2 64 16 1 5 1 25 100 56 1 5 0 3 100 15 1 5 1 35 100
4/4 55 0 4 0 0 100 15 1 35 0 0 100 36 0 4 0 0 100 14 1 15 0 0 64 14 1 15 1 15 64 15 0 1 0 3 100 74 0 1 0 3 64 36 1 5 1 35 100
4/4 15 0 1 0 0 100 46 0 1 0 0 100 64 1 15 0 0 64 55 1 5 0 0 100 36 1 5 0 0 100 15 1 5 0 0 100 46 1 5 0 1 100 56 1 5 1 15 100 64 1 15 1 15 64 36 0 1 0 2 100 15 1 5 0 3 100 64 0 1 0 3 64 36 1 5 1 35 100
4/4 75 0 1 0 0 100 46 0 1 0 0 100 54 1 15 0 0 64 46 1 5 0 1 100 76 1 5 1 15 100 54 1 15 1 15 64 56 0 1 0 2 100 56 1 5 0 3 100 54 0 1 0 3 64 76 1 5 1 35 100
4/4 36 0 1 0 0 100 66 0 1 0 0 100 16 0 1 0 0 100 45 1 15 0 0 64 16 1 5 1 5 100 16 1 5 0 1 100 37 1 5 1 15 100 45 1 15 1 15 64 26 1 5 0 2 100 16 1 5 1 25 100 76 1 5 0 3 100 45 0 1 0 3 64 66 1 5 1 35 100
4/4 15 0 1 0 0 100 46 0 1 0 0 100 56 0 1 0 0 100 54 1 15 0 0 64 46 1 5 0 1 100 15 1 5 1 15 100 54 1 15 1 15 64 56 0 1 0 2 100 15 1 5 0 3 100 54 0 1 0 3 64 36 1 5 1 35 100
4/4 15 0 1 0 0 100 46 0 1 0 0 100 64 1 15 0 0 64 46 1 5 0 1 100 56 1 5 1 15 100 64 1 15 1 15 64 36 0 1 0 2 100 15 1 5 0 3 100 64 0 1 0 3 64 36 1 5 1 35 100
4/4 75 0 1 0 0 100 46 0 1 0 0 100 54 1 15 0 0 64 46 1 5 0 1 100 76 1 5 1 15 100 54 1 15 1 15 64 56 0 1 0 2 100 56 1 5 0 3 100 54 0 1 0 3 64 76 1 5 1 35 100
4/4 36 0 1 0 0 100 66 0 1 0 0 100 16 0 1 0 0 100 45 0 2 0 0 64 16 1 5 1 5 100 16 1 5 0 1 100 37 1 5 1 15 100 46 0 1 0 2 100 76 0 1 0 2 100 26 0 1 0 2 100 54 0 2 0 2 64 16 1 5 1 25 100 56 1 5 0 3 100 15 1 5 1 35 100
4/4 55 0 1 0 0 100 15 0 1 0 0 100 36 0 1 0 0 100 14 0 1 0 0 64 16 1 5 0 3 100 37 1 5 1 35 100
4/4 47 0 2 0 0 100 225 0 4 0 0 64 66 1 5 0 1 100 16 1 25 1 15 100 47 0 1 0 2 100 57 0 1 0 3 100
4/4 37 1 35 0 0 100 14 1 5 0 0 64 75 1 5 1 5 64 36 1 5 0 1 64 56 1 25 1 15 64 16 0 1 0 2 100 37 0 1 0 3 100
4/4 47 0 2 0 0 100 225 0 4 0 0 64 66 1 5 0 1 100 76 1 15 1 15 100 47 0 1 0 2 100 77 0 1 0 3 100
4/4 57 0 4 0 0 100 14 1 5 0 0 64 25 1 5 1 5 64 36 1 5 0 1 64 76 1 25 1 15 64
4/4 56 0 1 0 0 100 25 1 5 0 0 64 57 1 35 0 0 100 15 1 5 1 5 64 56 0 1 0 1 100 25 1 5 0 1 64 15 1 5 1 15 64 76 0 1 0 2 100 25 0 2 0 2 64 47 0 1 0 3 100
4/4 46 0 1 0 0 100 76 0 1 0 0 100 26 0 1 0 0 100 14 0 1 0 0 64
