4/4 12 0 2 0 0 64 53 2 25 2 75 100 13 3 333 0 1 100 53 3 333 3 1333 100 13 3 333 3 1667 100 23 3 333 0 2 100 12 0 2 0 2 64 53 3 333 3 2333 100 23 3 333 3 2667 100 314 3 333 0 3 100 53 3 333 3 3333 100 314 3 333 3 3667 100
4/4 44 3 667 0 0 100 12 0 2 0 0 64 314 3 333 2 75 100 23 2 75 0 1 100 13 3 333 2 175 100 713 3 667 0 2 100 12 0 2 0 2 64 713 3 333 2 275 100 613 2 75 0 3 100 53 2 25 2 375 100
4/4 12 0 2 0 0 64 53 3 83 0 0 100 53 2 25 2 75 100 13 3 333 0 1 100 53 3 333 3 1333 100 13 3 333 3 1667 100 23 3 333 0 2 100 12 0 2 0 2 64 53 3 333 3 2333 100 23 3 333 3 2667 100 314 3 333 0 3 100 53 3 333 3 3333 100 314 3 333 3 3667 100
4/4 44 2 75 0 0 100 12 0 2 0 0 64 314 2 25 2 75 100 13 3 333 0 1 100 23 3 333 3 1333 100 713 3 333 3 1667 100 13 3 333 0 2 100 12 0 2 0 2 64 613 3 333 3 2333 100 713 3 333 3 2667 100 13 0 1 0 3 100
4/4 22 0 1 0 0 100 21 0 1 0 0 64 313 0 1 1 5 100 312 0 1 1 5 64 43 0 1 0 1 100 42 0 1 0 1 64 523 0 1 1 15 100 522 0 1 1 15 64 53 0 1 0 2 100 52 0 1 0 2 64 613 0 1 1 25 100 612 0 1 1 25 64 713 0 1 0 3 100 712 0 1 0 3 64 13 0 1 1 35 100 12 0 1 1 35 64
4/4 23 0 1 0 0 100 22 0 1 0 0 64 713 0 1 0 1 100 23 0 1 0 1 100 54 0 1 0 1 100 52 0 1 0 1 64 713 0 1 3 1333 64 23 0 1 3 1333 64 54 0 1 3 1333 100 52 0 1 3 1333 64 713 0 1 3 1667 64 23 0 1 3 1667 64 54 0 1 3 1667 100 52 0 1 3 1667 64 713 0 1 0 2 64 23 0 1 0 2 64 54 0 1 0 2 100 52 0 1 0 2 64
4/4 13 0 1 0 0 100 44 0 1 0 0 100 614 0 1 0 0 100 43 0 1 0 0 64 54 3 333 0 1 100 43 0 1 0 1 64 44 3 333 3 1333 100 314 3 333 3 1667 100 713 0 1 0 2 100 23 0 1 0 2 100 43 0 1 0 2 64 614 0 1 0 3 100 43 0 1 0 3 64
4/4 23 0 1 0 0 100 54 0 1 0 0 100 313 0 1 0 0 64 44 3 333 0 1 100 313 0 1 0 1 64 314 3 333 3 1333 100 23 3 333 3 1667 100 13 0 1 0 2 100 612 0 1 0 2 64 54 0 1 0 3 100 313 0 1 0 3 64
4/4 13 0 1 0 0 100 44 0 1 0 0 100 22 0 1 0 0 64 44 3 333 0 1 100 22 0 1 0 1 64 314 3 333 3 1333 100 23 3 333 3 1667 100 13 1 5 0 2 100 52 0 1 0 2 64 713 1 5 1 25 100 613 1 5 0 3 100 52 0 1 0 3 64 713 1 5 1 35 100
4/4 13 0 1 0 0 100 12 0 1 0 0 64 314 0 1 0 1 100 54 0 1 0 1 100 14 0 1 0 1 100 52 0 1 0 1 64 314 0 1 3 1333 100 54 0 1 3 1333 100 14 0 1 3 1333 100 314 0 1 3 1667 100 54 0 1 3 1667 100 14 0 1 3 1667 100 314 0 1 0 2 100 54 0 1 0 2 100 14 0 1 0 2 100 12 0 1 0 2 64
4/4 13 0 1 0 0 100 314 0 1 0 0 100 12 0 1 0 0 64 13 0 1 0 1 100 314 0 1 0 1 100 54 0 1 0 1 100 52 0 1 0 1 64 13 0 1 0 2 100 314 0 1 0 2 100 14 0 1 0 2 100 12 0 1 0 2 64 52 0 1 0 3 64
4/4 713 0 1 0 0 100 44 0 1 0 0 100 54 0 1 0 0 100 22 0 1 0 0 64 713 0 1 0 1 100 44 0 1 0 1 100 614 0 1 0 1 100 52 0 1 0 1 64 713 0 1 0 2 100 44 0 1 0 2 100 54 0 1 0 2 100 22 0 1 0 2 64 52 0 1 0 3 64
4/4 12 0 1 0 0 64 13 2 25 2 75 100 314 0 1 0 1 100 712 0 1 0 1 64 54 2 25 2 175 100 13 0 1 0 2 100 314 0 1 0 2 100 14 0 1 0 2 100 612 0 1 0 2 64 714 0 1 0 3 100 612 0 1 0 3 64 614 2 25 2 375 100
4/4 13 0 3 0 0 100 44 0 1 0 0 100 54 0 1 0 0 100 22 0 1 0 0 64 22 0 1 0 1 64 713 0 1 0 2 100 712 0 1 0 2 64 53 2 25 2 275 100 523 0 1 0 3 100
4/4 13 0 1 0 0 100 44 0 1 0 0 100 614 0 1 0 0 100 43 0 1 0 0 64 614 2 25 2 75 100 614 0 1 0 1 100 43 0 1 0 1 64 614 0 1 2 175 100 12 0 1 0 2 64 14 2 25 2 275 100 714 0 1 0 3 100 43 0 1 0 3 64 614 2 25 2 375 100
4/4 23 0 1 0 0 100 54 0 1 0 0 100 313 0 1 0 0 64 712 0 1 0 1 64 313 0 1 0 2 64 33 0 1 0 3 64
4/4 13 0 1 0 0 100 44 0 1 0 0 100 614 0 1 0 0 100 22 0 2 0 0 64 54 2 25 2 75 100 614 2 75 0 1 100 54 2 25 2 175 100 713 0 1 0 2 100 23 0 1 0 2 100 52 0 2 0 2 64 314 0 1 0 3 100
4/4 13 0 4 0 0 100 12 0 1 0 0 64 52 0 1 0 1 64 12 0 1 0 2 64
4/4 13 0 1 0 0 100 44 0 1 0 0 100 64 0 1 0 0 100 43 0 2 0 0 64 64 2 25 2 75 100 64 2 75 0 1 100 64 2 225 2 175 100 12 0 1 0 2 64 43 0 1 0 3 64
4/4 13 0 1 0 0 100 314 0 1 0 0 100 54 0 1 0 0 100 12 0 2 0 0 64 54 2 25 2 75 100 54 2 75 0 1 100 54 2 225 2 175 100 52 0 1 0 2 64 12 0 1 0 3 64
4/4 44 0 1 0 0 100 43 0 2 0 0 64 44 0 1 0 1 100 13 0 1 0 2 100 44 0 1 0 2 100 63 0 2 0 2 64 23 0 1 0 3 100
4/4 53 0 1 0 0 100 13 0 1 0 0 100 314 0 1 0 0 100 12 0 1 0 0 64 52 0 1 0 1 64 12 0 1 0 2 64 712 0 1 0 3 64
4/4 13 2 75 0 0 100 612 0 2 0 0 64 13 2 25 2 75 100 14 2 75 0 1 100 14 2 25 2 175 100 23 0 1 0 2 100 54 0 1 0 2 100 714 0 1 0 2 100 313 0 2 0 2 64 54 2 75 0 3 100 614 2 25 2 375 100
4/4 43 0 1 0 0 64 614 0 3 0 0 100 12 0 1 0 1 64 43 0 1 0 2 64 614 2 25 2 275 100 714 0 1 0 3 100 43 0 1 0 3 64 14 2 25 2 375 100
4/4 524 0 1 0 0 100 614 0 1 0 0 100 24 0 1 0 0 100 22 0 2 0 0 64 14 0 1 0 1 100 714 0 1 0 2 100 523 0 1 0 2 64 614 0 1 0 3 100 613 0 1 0 3 64
4/4 713 0 1 0 0 100 23 0 1 0 0 100 54 0 1 0 0 100 53 0 1 0 0 64 43 0 1 0 1 64 313 0 1 0 2 64 22 0 1 0 3 64
4/4 314 0 1 0 0 100 14 0 1 0 0 100 12 0 1 0 0 64 714 2 25 2 75 100 14 0 1 0 1 100 52 0 1 0 1 64 54 2 25 2 175 100 314 0 1 0 2 100 12 0 1 0 2 64 14 0 1 2 275 100 52 0 1 0 3 64 54 0 1 2 375 100 714 0 1 2 375 100
4/4 313 0 1 0 0 64 54 0 1 0 0 100 714 0 1 0 0 100 712 0 1 0 1 64 313 0 1 0 2 64 54 2 75 0 3 100 54 2 25 2 375 100
4/4 13 0 1 0 0 100 614 0 1 0 0 100 43 0 1 0 0 64 23 0 1 0 2 100 714 0 1 0 2 100 53 0 1 0 2 64
4/4 314 0 1 0 0 100 54 0 1 0 0 100 14 0 1 0 0 100 12 0 1 0 0 64 52 0 1 0 1 64 12 0 1 0 2 64
4/4 13 0 1 0 0 100 314 0 1 0 0 100 12 0 1 0 0 64 13 0 1 0 1 100 314 0 1 0 1 100 54 0 1 0 1 100 52 0 1 0 1 64 13 0 1 0 2 100 314 0 1 0 2 100 14 0 1 0 2 100 12 0 1 0 2 64 52 0 1 0 3 64
4/4 713 0 1 0 0 100 44 0 1 0 0 100 54 0 1 0 0 100 22 0 1 0 0 64 713 0 1 0 1 100 44 0 1 0 1 100 614 0 1 0 1 100 52 0 1 0 1 64 713 0 1 0 2 100 44 0 1 0 2 100 54 0 1 0 2 100 22 0 1 0 2 64 52 0 1 0 3 64
4/4 12 0 1 0 0 64 13 2 25 2 75 100 314 0 1 0 1 100 712 0 1 0 1 64 54 2 25 2 175 100 13 0 1 0 2 100 314 0 1 0 2 100 14 0 1 0 2 100 612 0 1 0 2 64 714 0 1 0 3 100 612 0 1 0 3 64 614 2 25 2 375 100
4/4 13 0 3 0 0 100 44 0 1 0 0 100 54 0 1 0 0 100 22 0 1 0 0 64 22 0 1 0 1 64 713 0 1 0 2 100 712 0 1 0 2 64 53 2 25 2 275 100 523 0 1 0 3 100
4/4 13 0 1 0 0 100 44 0 1 0 0 100 614 0 1 0 0 100 43 0 1 0 0 64 614 2 25 2 75 100 614 0 1 0 1 100 43 0 1 0 1 64 614 0 1 2 175 100 12 0 1 0 2 64 14 2 25 2 275 100 714 0 1 0 3 100 43 0 1 0 3 64 614 2 25 2 375 100
4/4 23 0 1 0 0 100 54 0 1 0 0 100 313 0 1 0 0 64 712 0 1 0 1 64 313 0 1 0 2 64 33 0 1 0 3 64
4/4 13 0 1 0 0 100 44 0 1 0 0 100 614 0 1 0 0 100 22 0 2 0 0 64 54 2 25 2 75 100 614 2 75 0 1 100 54 2 25 2 175 100 713 0 1 0 2 100 23 0 1 0 2 100 52 0 2 0 2 64 314 0 1 0 3 100
4/4 13 0 4 0 0 100 12 0 1 0 0 64 52 0 1 0 1 64 12 0 1 0 2 64
4/4 13 0 1 0 0 100 44 0 1 0 0 100 64 0 1 0 0 100 43 0 2 0 0 64 64 2 25 2 75 100 64 2 75 0 1 100 64 2 225 2 175 100 12 0 1 0 2 64 43 0 1 0 3 64
4/4 13 0 1 0 0 100 314 0 1 0 0 100 54 0 1 0 0 100 12 0 2 0 0 64 54 2 25 2 75 100 54 2 75 0 1 100 54 2 225 2 175 100 52 0 1 0 2 64 12 0 1 0 3 64
4/4 44 0 1 0 0 100 43 0 2 0 0 64 44 0 1 0 1 100 13 0 1 0 2 100 44 0 1 0 2 100 63 0 2 0 2 64 23 0 1 0 3 100
4/4 53 0 1 0 0 100 13 0 1 0 0 100 314 0 1 0 0 100 12 0 1 0 0 64 52 0 1 0 1 64 12 0 1 0 2 64 712 0 1 0 3 64
4/4 13 2 75 0 0 100 612 0 2 0 0 64 13 2 25 2 75 100 14 2 75 0 1 100 14 2 25 2 175 100 23 0 1 0 2 100 54 0 1 0 2 100 714 0 1 0 2 100 313 0 2 0 2 64 54 2 75 0 3 100 614 2 25 2 375 100
4/4 43 0 1 0 0 64 614 0 3 0 0 100 12 0 1 0 1 64 43 0 1 0 2 64 614 2 25 2 275 100 714 0 1 0 3 100 43 0 1 0 3 64 14 2 25 2 375 100
4/4 524 0 1 0 0 100 614 0 1 0 0 100 24 0 1 0 0 100 22 0 2 0 0 64 14 0 1 0 1 100 714 0 1 0 2 100 523 0 1 0 2 64 614 0 1 0 3 100 613 0 1 0 3 64
4/4 713 0 1 0 0 100 23 0 1 0 0 100 54 0 1 0 0 100 53 0 1 0 0 64 43 0 1 0 1 64 313 0 1 0 2 64 22 0 1 0 3 64
4/4 314 0 1 0 0 100 14 0 1 0 0 100 12 0 1 0 0 64 714 2 25 2 75 100 14 0 1 0 1 100 52 0 1 0 1 64 54 2 25 2 175 100 314 0 1 0 2 100 12 0 1 0 2 64 14 0 1 2 275 100 52 0 1 0 3 64 54 0 1 2 375 100 714 0 1 2 375 100
4/4 313 0 1 0 0 64 54 0 1 0 0 100 714 0 1 0 0 100 712 0 1 0 1 64 313 0 1 0 2 64 54 2 75 0 3 100 54 2 25 2 375 100
4/4 13 0 1 0 0 100 614 0 1 0 0 100 43 0 1 0 0 64 23 0 1 0 2 100 714 0 1 0 2 100 53 0 1 0 2 64
4/4 314 0 1 0 0 100 54 0 1 0 0 100 14 0 1 0 0 100 12 0 1 0 0 64 52 0 1 0 1 64 12 0 1 0 2 64
4/4 13 0 1 0 0 100 314 0 1 0 0 100 12 0 1 0 0 64 13 0 1 0 1 100 314 0 1 0 1 100 54 0 1 0 1 100 52 0 1 0 1 64 13 0 1 0 2 100 314 0 1 0 2 100 14 0 1 0 2 100 12 0 1 0 2 64 52 0 1 0 3 64
4/4 713 0 1 0 0 100 44 0 1 0 0 100 54 0 1 0 0 100 22 0 1 0 0 64 713 0 1 0 1 100 44 0 1 0 1 100 614 0 1 0 1 100 52 0 1 0 1 64 713 0 1 0 2 100 44 0 1 0 2 100 54 0 1 0 2 100 22 0 1 0 2 64 52 0 1 0 3 64
4/4 12 0 1 0 0 64 13 2 25 2 75 100 314 0 1 0 1 100 712 0 1 0 1 64 54 2 25 2 175 100 13 0 1 0 2 100 314 0 1 0 2 100 14 0 1 0 2 100 612 0 1 0 2 64 714 0 1 0 3 100 612 0 1 0 3 64 614 2 25 2 375 100
4/4 13 0 2 0 0 100 44 0 1 0 0 100 54 0 1 0 0 100 22 0 1 0 0 64 22 0 1 0 1 64 713 0 1 0 2 100 712 0 1 0 2 64 53 2 25 2 275 100 523 0 1 0 3 100
4/4 13 0 1 0 0 100 44 0 1 0 0 100 614 0 1 0 0 100 43 0 1 0 0 64 614 2 25 2 75 100 614 0 1 0 1 100 43 0 1 0 1 64 614 0 1 2 175 100 12 0 1 0 2 64 14 2 25 2 275 100 714 0 1 0 3 100 43 0 1 0 3 64 614 2 25 2 375 100
4/4 23 0 1 0 0 100 54 0 1 0 0 100 313 0 1 0 0 64 712 0 1 0 1 64 313 0 1 0 2 64 33 0 1 0 3 64
4/4 13 0 1 0 0 100 44 0 1 0 0 100 614 0 1 0 0 100 22 0 2 0 0 64 54 2 25 2 75 100 614 2 75 0 1 100 54 2 25 2 175 100 713 0 1 0 2 100 23 0 1 0 2 100 712 0 2 0 2 64 314 0 1 0 3 100
4/4 13 0 4 0 0 100 12 0 1 0 0 64 52 0 1 0 1 64 12 0 1 0 2 64
4/4 13 0 1 0 0 100 44 0 1 0 0 100 64 0 1 0 0 100 43 0 2 0 0 64 64 2 25 2 75 100 64 2 75 0 1 100 64 2 225 2 175 100 12 0 1 0 2 64 43 0 1 0 3 64
4/4 13 0 1 0 0 100 314 0 1 0 0 100 54 0 1 0 0 100 12 0 2 0 0 64 54 2 25 2 75 100 54 2 75 0 1 100 54 2 225 2 175 100 52 0 1 0 2 64 12 0 1 0 3 64
4/4 44 0 1 0 0 100 43 0 2 0 0 64 44 0 1 0 1 100 63 0 1 0 2 100 63 0 1 0 2 64 13 0 1 0 2 100 44 0 1 0 2 100 23 0 1 0 3 100
4/4 53 0 1 0 0 100 13 0 1 0 0 100 314 0 1 0 0 100 12 0 1 0 0 64 52 0 1 0 1 64 12 0 1 0 2 64 712 0 1 0 3 64
4/4 13 2 75 0 0 100 612 0 2 0 0 64 13 2 25 2 75 100 14 2 75 0 1 100 14 2 25 2 175 100 23 0 1 0 2 100 54 0 1 0 2 100 714 0 1 0 2 100 313 0 2 0 2 64 54 2 75 0 3 100 614 2 25 2 375 100
4/4 43 0 1 0 0 64 614 0 3 0 0 100 12 0 1 0 1 64 43 0 1 0 2 64 614 2 25 2 275 100 714 0 1 0 3 100 43 0 1 0 3 64 14 2 25 2 375 100
4/4 524 0 1 0 0 100 614 0 1 0 0 100 24 0 1 0 0 100 22 0 2 0 0 64 14 0 1 0 1 100 714 0 1 0 2 100 523 0 1 0 2 64 614 0 1 0 3 100 613 0 1 0 3 64
4/4 713 0 1 0 0 100 23 0 1 0 0 100 54 0 1 0 0 100 53 0 1 0 0 64 43 0 1 0 1 64 313 0 1 0 2 64 22 0 1 0 3 64
4/4 314 0 1 0 0 100 14 0 1 0 0 100 12 0 1 0 0 64 714 2 25 2 75 100 14 0 1 0 1 100 52 0 1 0 1 64 54 2 25 2 175 100 314 0 1 0 2 100 12 0 1 0 2 64 314 2 25 2 275 100 14 0 1 0 3 100 52 0 1 0 3 64 54 0 1 2 375 100 714 0 1 2 375 100
4/4 313 0 1 0 0 64 54 0 1 0 0 100 714 0 1 0 0 100 712 0 1 0 1 64 313 0 1 0 2 64 54 2 75 0 3 100 54 2 25 2 375 100
4/4 13 0 1 0 0 100 614 0 1 0 0 100 43 0 1 0 0 64 23 0 1 0 2 100 714 0 1 0 2 100 53 0 1 0 2 64
4/4 314 0 1 0 0 100 54 0 1 0 0 100 14 0 1 0 0 100 12 0 1 0 0 64 52 0 1 0 1 64 12 0 1 0 2 64
4/4 314 0 1 0 0 100 14 0 1 0 0 100 12 0 1 0 0 64 714 2 25 2 75 100 14 0 1 0 1 100 52 0 1 0 1 64 54 2 25 2 175 100 314 0 1 0 2 100 12 0 1 0 2 64 314 2 25 2 275 100 14 0 1 0 3 100 52 0 1 0 3 64 54 0 1 2 375 100 714 0 1 2 375 100
4/4 313 0 1 0 0 64 54 0 1 0 0 100 714 0 1 0 0 100 712 0 1 0 1 64 313 0 1 0 2 64 54 2 75 0 3 100 54 2 25 2 375 100
4/4 614 0 1 0 0 100 13 0 1 0 1 100 44 0 1 0 1 100 613 0 1 0 1 64 714 0 1 0 2 100 23 0 1 0 3 100 54 0 1 0 3 100 713 0 1 0 3 64
4/4 14 1 5 0 0 100 14 1 35 1 5 100 74 1 5 0 1 100 64 1 5 1 15 100 524 1 5 0 2 100 314 1 5 1 25 100 23 1 5 0 3 100 223 1 5 1 35 100
4/4 13 1 5 0 0 100 13 1 5 1 5 100 73 1 5 0 1 100 63 1 5 1 15 100 523 1 5 0 2 100 313 1 5 1 25 100 22 1 5 0 3 100 222 1 5 1 35 100
4/4 12 0 1 0 0 100 13 0 1 0 1 100 314 0 1 0 1 100 54 0 1 0 1 100 14 0 1 0 1 100 13 0 1 3 1333 100 314 0 1 3 1333 100 54 0 1 3 1333 100 14 0 1 3 1333 100 13 0 1 3 1667 100 314 0 1 3 1667 100 54 0 1 3 1667 100 14 0 1 3 1667 100 13 0 1 0 2 100 314 0 1 0 2 100 54 0 1 0 2 100 14 0 1 0 2 100 12 0 1 0 3 64
