4/4 13 0 2 0 0 64 54 2 25 2 75 100 14 3 333 0 1 100 54 3 333 3 1333 100 14 3 333 3 1667 100 24 3 333 0 2 100 13 0 2 0 2 64 54 3 333 3 2333 100 24 3 333 3 2667 100 315 3 333 0 3 100 54 3 333 3 3333 100 315 3 333 3 3667 100
4/4 45 3 667 0 0 100 13 0 2 0 0 64 315 3 333 2 75 100 24 2 75 0 1 100 14 3 333 2 175 100 714 3 667 0 2 100 13 0 2 0 2 64 714 3 333 2 275 100 614 2 75 0 3 100 54 2 25 2 375 100
4/4 13 0 2 0 0 64 54 3 83 0 0 100 54 2 25 2 75 100 14 3 333 0 1 100 54 3 333 3 1333 100 14 3 333 3 1667 100 24 3 333 0 2 100 13 0 2 0 2 64 54 3 333 3 2333 100 24 3 333 3 2667 100 315 3 333 0 3 100 54 3 333 3 3333 100 315 3 333 3 3667 100
4/4 45 2 75 0 0 100 13 0 2 0 0 64 315 2 25 2 75 100 14 3 333 0 1 100 24 3 333 3 1333 100 714 3 333 3 1667 100 14 3 333 0 2 100 13 0 2 0 2 64 614 3 333 3 2333 100 714 3 333 3 2667 100 14 0 1 0 3 100
4/4 23 0 1 0 0 100 21 0 1 0 0 64 314 0 1 1 5 100 312 0 1 1 5 64 44 0 1 0 1 100 42 0 1 0 1 64 524 0 1 1 15 100 522 0 1 1 15 64 54 0 1 0 2 100 52 0 1 0 2 64 614 0 1 1 25 100 612 0 1 1 25 64 714 0 1 0 3 100 712 0 1 0 3 64 14 0 1 1 35 100 12 0 1 1 35 64
4/4 24 0 1 0 0 100 22 0 1 0 0 64 714 0 1 0 1 100 24 0 1 0 1 100 55 0 1 0 1 100 52 0 1 0 1 64 714 0 1 3 1333 64 24 0 1 3 1333 64 55 0 1 3 1333 100 52 0 1 3 1333 64 714 0 1 3 1667 64 24 0 1 3 1667 64 55 0 1 3 1667 100 52 0 1 3 1667 64 714 0 1 0 2 64 24 0 1 0 2 64 55 0 1 0 2 100 52 0 1 0 2 64
4/4 14 0 1 0 0 100 45 0 1 0 0 100 615 0 1 0 0 100 43 0 1 0 0 64 55 3 333 0 1 100 44 0 1 0 1 64 45 3 333 3 1333 100 315 3 333 3 1667 100 714 0 1 0 2 100 24 0 1 0 2 100 43 0 1 0 2 64 615 0 1 0 3 100 43 0 1 0 3 64
4/4 24 0 1 0 0 100 55 0 1 0 0 100 313 0 1 0 0 64 45 3 333 0 1 100 314 0 1 0 1 64 315 3 333 3 1333 100 24 3 333 3 1667 100 14 0 1 0 2 100 612 0 1 0 2 64 55 0 1 0 3 100 313 0 1 0 3 64
4/4 14 0 1 0 0 100 45 0 1 0 0 100 22 0 1 0 0 64 45 3 333 0 1 100 23 0 1 0 1 64 315 3 333 3 1333 100 24 3 333 3 1667 100 14 1 5 0 2 100 53 0 1 0 2 64 714 1 5 1 25 100 614 1 5 0 3 100 53 0 1 0 3 64 714 1 5 1 35 100
4/4 14 0 1 0 0 100 12 0 1 0 0 64 315 0 1 0 1 100 55 0 1 0 1 100 14 0 1 0 1 100 53 0 1 0 1 64 315 0 1 3 1333 100 55 0 1 3 1333 100 14 0 1 3 1333 100 315 0 1 3 1667 100 55 0 1 3 1667 100 14 0 1 3 1667 100 315 0 1 0 2 100 55 0 1 0 2 100 15 0 1 0 2 100 12 0 1 0 2 64
4/4 14 0 1 0 0 100 315 0 1 0 0 100 12 0 1 0 0 64 14 0 1 0 1 100 315 0 1 0 1 100 55 0 1 0 1 100 52 0 1 0 1 64 14 0 1 0 2 100 315 0 1 0 2 100 14 0 1 0 2 100 13 0 1 0 2 64 53 0 1 0 3 64
4/4 714 0 1 0 0 100 45 0 1 0 0 100 55 0 1 0 0 100 22 0 1 0 0 64 714 0 1 0 1 100 45 0 1 0 1 100 615 0 1 0 1 100 52 0 1 0 1 64 714 0 1 0 2 100 45 0 1 0 2 100 54 0 1 0 2 100 23 0 1 0 2 64 53 0 1 0 3 64
4/4 13 0 1 0 0 64 14 2 25 2 75 100 315 0 1 0 1 100 712 0 1 0 1 64 55 2 25 2 175 100 14 0 1 0 2 100 315 0 1 0 2 100 15 0 1 0 2 100 612 0 1 0 2 64 715 0 1 0 3 100 612 0 1 0 3 64 615 2 25 2 375 100
4/4 14 0 3 0 0 100 45 0 1 0 0 100 54 0 1 0 0 100 23 0 1 0 0 64 23 0 1 0 1 64 714 0 1 0 2 100 712 0 1 0 2 64 54 2 25 2 275 100 524 0 1 0 3 100
4/4 14 0 1 0 0 100 45 0 1 0 0 100 615 0 1 0 0 100 43 0 1 0 0 64 615 2 25 2 75 100 615 0 1 0 1 100 43 0 1 0 1 64 615 0 1 2 175 100 13 0 1 0 2 64 15 2 25 2 275 100 715 0 1 0 3 100 43 0 1 0 3 64 615 2 25 2 375 100
4/4 24 0 1 0 0 100 54 0 1 0 0 100 314 0 1 0 0 64 713 0 1 0 1 64 314 0 1 0 2 64 34 0 1 0 3 64
4/4 14 0 1 0 0 100 45 0 1 0 0 100 614 0 1 0 0 100 23 0 2 0 0 64 55 2 25 2 75 100 615 2 75 0 1 100 55 2 25 2 175 100 714 0 1 0 2 100 23 0 1 0 2 100 53 0 2 0 2 64 315 0 1 0 3 100
4/4 14 0 4 0 0 100 13 0 1 0 0 64 53 0 1 0 1 64 13 0 1 0 2 64
4/4 14 0 1 0 0 100 45 0 1 0 0 100 64 0 1 0 0 100 44 0 2 0 0 64 65 2 25 2 75 100 65 2 75 0 1 100 65 2 225 2 175 100 13 0 1 0 2 64 44 0 1 0 3 64
4/4 14 0 1 0 0 100 315 0 1 0 0 100 54 0 1 0 0 100 13 0 2 0 0 64 55 2 25 2 75 100 55 2 75 0 1 100 55 2 225 2 175 100 53 0 1 0 2 64 13 0 1 0 3 64
4/4 45 0 1 0 0 100 44 0 2 0 0 64 45 0 1 0 1 100 14 0 1 0 2 100 44 0 1 0 2 100 64 0 2 0 2 64 24 0 1 0 3 100
4/4 54 0 1 0 0 100 14 0 1 0 0 100 314 0 1 0 0 100 13 0 1 0 0 64 53 0 1 0 1 64 13 0 1 0 2 64 713 0 1 0 3 64
4/4 14 2 75 0 0 100 613 0 2 0 0 64 14 2 25 2 75 100 15 2 75 0 1 100 15 2 25 2 175 100 24 0 1 0 2 100 55 0 1 0 2 100 714 0 1 0 2 100 314 0 2 0 2 64 55 2 75 0 3 100 615 2 25 2 375 100
4/4 44 0 1 0 0 64 615 0 3 0 0 100 13 0 1 0 1 64 44 0 1 0 2 64 615 2 25 2 275 100 715 0 1 0 3 100 43 0 1 0 3 64 15 2 25 2 375 100
4/4 525 0 1 0 0 100 615 0 1 0 0 100 24 0 1 0 0 100 23 0 2 0 0 64 15 0 1 0 1 100 715 0 1 0 2 100 523 0 1 0 2 64 615 0 1 0 3 100 613 0 1 0 3 64
4/4 714 0 1 0 0 100 24 0 1 0 0 100 54 0 1 0 0 100 54 0 1 0 0 64 44 0 1 0 1 64 314 0 1 0 2 64 23 0 1 0 3 64
4/4 315 0 1 0 0 100 15 0 1 0 0 100 12 0 1 0 0 64 715 2 25 2 75 100 15 0 1 0 1 100 52 0 1 0 1 64 55 2 25 2 175 100 315 0 1 0 2 100 12 0 1 0 2 64 15 0 1 2 275 100 53 0 1 0 3 64 55 0 1 2 375 100 714 0 1 2 375 100
4/4 314 0 1 0 0 64 55 0 1 0 0 100 714 0 1 0 0 100 713 0 1 0 1 64 314 0 1 0 2 64 55 2 75 0 3 100 55 2 25 2 375 100
4/4 14 0 1 0 0 100 615 0 1 0 0 100 43 0 1 0 0 64 24 0 1 0 2 100 715 0 1 0 2 100 53 0 1 0 2 64
4/4 315 0 1 0 0 100 55 0 1 0 0 100 14 0 1 0 0 100 13 0 1 0 0 64 53 0 1 0 1 64 13 0 1 0 2 64
4/4 14 0 1 0 0 100 315 0 1 0 0 100 12 0 1 0 0 64 14 0 1 0 1 100 315 0 1 0 1 100 55 0 1 0 1 100 52 0 1 0 1 64 14 0 1 0 2 100 315 0 1 0 2 100 14 0 1 0 2 100 13 0 1 0 2 64 53 0 1 0 3 64
4/4 714 0 1 0 0 100 45 0 1 0 0 100 55 0 1 0 0 100 22 0 1 0 0 64 714 0 1 0 1 100 45 0 1 0 1 100 615 0 1 0 1 100 52 0 1 0 1 64 714 0 1 0 2 100 45 0 1 0 2 100 54 0 1 0 2 100 23 0 1 0 2 64 53 0 1 0 3 64
4/4 13 0 1 0 0 64 14 2 25 2 75 100 315 0 1 0 1 100 712 0 1 0 1 64 55 2 25 2 175 100 14 0 1 0 2 100 315 0 1 0 2 100 15 0 1 0 2 100 612 0 1 0 2 64 715 0 1 0 3 100 612 0 1 0 3 64 615 2 25 2 375 100
4/4 14 0 3 0 0 100 45 0 1 0 0 100 54 0 1 0 0 100 23 0 1 0 0 64 23 0 1 0 1 64 714 0 1 0 2 100 712 0 1 0 2 64 54 2 25 2 275 100 524 0 1 0 3 100
4/4 14 0 1 0 0 100 45 0 1 0 0 100 615 0 1 0 0 100 43 0 1 0 0 64 615 2 25 2 75 100 615 0 1 0 1 100 43 0 1 0 1 64 615 0 1 2 175 100 13 0 1 0 2 64 15 2 25 2 275 100 715 0 1 0 3 100 43 0 1 0 3 64 615 2 25 2 375 100
4/4 24 0 1 0 0 100 54 0 1 0 0 100 314 0 1 0 0 64 713 0 1 0 1 64 314 0 1 0 2 64 34 0 1 0 3 64
4/4 14 0 1 0 0 100 45 0 1 0 0 100 614 0 1 0 0 100 23 0 2 0 0 64 55 2 25 2 75 100 615 2 75 0 1 100 55 2 25 2 175 100 714 0 1 0 2 100 23 0 1 0 2 100 53 0 2 0 2 64 315 0 1 0 3 100
4/4 14 0 4 0 0 100 13 0 1 0 0 64 53 0 1 0 1 64 13 0 1 0 2 64
4/4 14 0 1 0 0 100 45 0 1 0 0 100 64 0 1 0 0 100 44 0 2 0 0 64 65 2 25 2 75 100 65 2 75 0 1 100 65 2 225 2 175 100 13 0 1 0 2 64 44 0 1 0 3 64
4/4 14 0 1 0 0 100 315 0 1 0 0 100 54 0 1 0 0 100 13 0 2 0 0 64 55 2 25 2 75 100 55 2 75 0 1 100 55 2 225 2 175 100 53 0 1 0 2 64 13 0 1 0 3 64
4/4 45 0 1 0 0 100 44 0 2 0 0 64 45 0 1 0 1 100 14 0 1 0 2 100 44 0 1 0 2 100 64 0 2 0 2 64 24 0 1 0 3 100
4/4 54 0 1 0 0 100 14 0 1 0 0 100 314 0 1 0 0 100 13 0 1 0 0 64 53 0 1 0 1 64 13 0 1 0 2 64 713 0 1 0 3 64
4/4 14 2 75 0 0 100 613 0 2 0 0 64 14 2 25 2 75 100 15 2 75 0 1 100 15 2 25 2 175 100 24 0 1 0 2 100 55 0 1 0 2 100 714 0 1 0 2 100 314 0 2 0 2 64 55 2 75 0 3 100 615 2 25 2 375 100
4/4 44 0 1 0 0 64 615 0 3 0 0 100 13 0 1 0 1 64 44 0 1 0 2 64 615 2 25 2 275 100 715 0 1 0 3 100 43 0 1 0 3 64 15 2 25 2 375 100
4/4 525 0 1 0 0 100 615 0 1 0 0 100 24 0 1 0 0 100 23 0 2 0 0 64 15 0 1 0 1 100 715 0 1 0 2 100 523 0 1 0 2 64 615 0 1 0 3 100 613 0 1 0 3 64
4/4 714 0 1 0 0 100 24 0 1 0 0 100 54 0 1 0 0 100 54 0 1 0 0 64 44 0 1 0 1 64 314 0 1 0 2 64 23 0 1 0 3 64
4/4 315 0 1 0 0 100 15 0 1 0 0 100 12 0 1 0 0 64 715 2 25 2 75 100 15 0 1 0 1 100 52 0 1 0 1 64 55 2 25 2 175 100 315 0 1 0 2 100 12 0 1 0 2 64 15 0 1 2 275 100 53 0 1 0 3 64 55 0 1 2 375 100 714 0 1 2 375 100
4/4 314 0 1 0 0 64 55 0 1 0 0 100 714 0 1 0 0 100 713 0 1 0 1 64 314 0 1 0 2 64 55 2 75 0 3 100 55 2 25 2 375 100
4/4 14 0 1 0 0 100 615 0 1 0 0 100 43 0 1 0 0 64 24 0 1 0 2 100 715 0 1 0 2 100 53 0 1 0 2 64
4/4 315 0 1 0 0 100 55 0 1 0 0 100 14 0 1 0 0 100 13 0 1 0 0 64 53 0 1 0 1 64 13 0 1 0 2 64
4/4 14 0 1 0 0 100 315 0 1 0 0 100 12 0 1 0 0 64 14 0 1 0 1 100 315 0 1 0 1 100 55 0 1 0 1 100 52 0 1 0 1 64 14 0 1 0 2 100 315 0 1 0 2 100 14 0 1 0 2 100 13 0 1 0 2 64 53 0 1 0 3 64
4/4 714 0 1 0 0 100 45 0 1 0 0 100 55 0 1 0 0 100 22 0 1 0 0 64 714 0 1 0 1 100 45 0 1 0 1 100 615 0 1 0 1 100 52 0 1 0 1 64 714 0 1 0 2 100 45 0 1 0 2 100 54 0 1 0 2 100 23 0 1 0 2 64 53 0 1 0 3 64
4/4 13 0 1 0 0 64 14 2 25 2 75 100 315 0 1 0 1 100 712 0 1 0 1 64 55 2 25 2 175 100 14 0 1 0 2 100 315 0 1 0 2 100 15 0 1 0 2 100 612 0 1 0 2 64 715 0 1 0 3 100 612 0 1 0 3 64 615 2 25 2 375 100
4/4 14 0 2 0 0 100 45 0 1 0 0 100 54 0 1 0 0 100 23 0 1 0 0 64 23 0 1 0 1 64 714 0 1 0 2 100 712 0 1 0 2 64 54 2 25 2 275 100 524 0 1 0 3 100
4/4 14 0 1 0 0 100 45 0 1 0 0 100 615 0 1 0 0 100 43 0 1 0 0 64 615 2 25 2 75 100 615 0 1 0 1 100 43 0 1 0 1 64 615 0 1 2 175 100 13 0 1 0 2 64 15 2 25 2 275 100 715 0 1 0 3 100 43 0 1 0 3 64 615 2 25 2 375 100
4/4 24 0 1 0 0 100 54 0 1 0 0 100 314 0 1 0 0 64 713 0 1 0 1 64 314 0 1 0 2 64 34 0 1 0 3 64
4/4 14 0 1 0 0 100 45 0 1 0 0 100 614 0 1 0 0 100 23 0 2 0 0 64 55 2 25 2 75 100 615 2 75 0 1 100 55 2 25 2 175 100 714 0 1 0 2 100 23 0 1 0 2 100 713 0 2 0 2 64 315 0 1 0 3 100
4/4 14 0 4 0 0 100 13 0 1 0 0 64 53 0 1 0 1 64 13 0 1 0 2 64
4/4 14 0 1 0 0 100 45 0 1 0 0 100 64 0 1 0 0 100 44 0 2 0 0 64 65 2 25 2 75 100 65 2 75 0 1 100 65 2 225 2 175 100 13 0 1 0 2 64 44 0 1 0 3 64
4/4 14 0 1 0 0 100 315 0 1 0 0 100 54 0 1 0 0 100 13 0 2 0 0 64 55 2 25 2 75 100 55 2 75 0 1 100 55 2 225 2 175 100 53 0 1 0 2 64 13 0 1 0 3 64
4/4 45 0 1 0 0 100 44 0 2 0 0 64 45 0 1 0 1 100 64 0 1 0 2 100 63 0 1 0 2 64 14 0 1 0 2 100 44 0 1 0 2 100 24 0 1 0 3 100
4/4 54 0 1 0 0 100 14 0 1 0 0 100 314 0 1 0 0 100 13 0 1 0 0 64 53 0 1 0 1 64 13 0 1 0 2 64 713 0 1 0 3 64
4/4 14 2 75 0 0 100 613 0 2 0 0 64 14 2 25 2 75 100 15 2 75 0 1 100 15 2 25 2 175 100 24 0 1 0 2 100 55 0 1 0 2 100 714 0 1 0 2 100 314 0 2 0 2 64 55 2 75 0 3 100 615 2 25 2 375 100
4/4 44 0 1 0 0 64 615 0 3 0 0 100 13 0 1 0 1 64 44 0 1 0 2 64 615 2 25 2 275 100 715 0 1 0 3 100 43 0 1 0 3 64 15 2 25 2 375 100
4/4 525 0 1 0 0 100 615 0 1 0 0 100 24 0 1 0 0 100 23 0 2 0 0 64 15 0 1 0 1 100 715 0 1 0 2 100 523 0 1 0 2 64 615 0 1 0 3 100 613 0 1 0 3 64
4/4 714 0 1 0 0 100 24 0 1 0 0 100 54 0 1 0 0 100 54 0 1 0 0 64 44 0 1 0 1 64 314 0 1 0 2 64 23 0 1 0 3 64
4/4 315 0 1 0 0 100 15 0 1 0 0 100 12 0 1 0 0 64 715 2 25 2 75 100 15 0 1 0 1 100 52 0 1 0 1 64 55 2 25 2 175 100 315 0 1 0 2 100 12 0 1 0 2 64 315 2 25 2 275 100 15 0 1 0 3 100 52 0 1 0 3 64 55 0 1 2 375 100 714 0 1 2 375 100
4/4 314 0 1 0 0 64 55 0 1 0 0 100 714 0 1 0 0 100 713 0 1 0 1 64 314 0 1 0 2 64 55 2 75 0 3 100 55 2 25 2 375 100
4/4 14 0 1 0 0 100 615 0 1 0 0 100 43 0 1 0 0 64 24 0 1 0 2 100 715 0 1 0 2 100 53 0 1 0 2 64
4/4 315 0 1 0 0 100 55 0 1 0 0 100 14 0 1 0 0 100 13 0 1 0 0 64 53 0 1 0 1 64 13 0 1 0 2 64
4/4 315 0 1 0 0 100 15 0 1 0 0 100 12 0 1 0 0 64 715 2 25 2 75 100 15 0 1 0 1 100 52 0 1 0 1 64 55 2 25 2 175 100 315 0 1 0 2 100 12 0 1 0 2 64 315 2 25 2 275 100 15 0 1 0 3 100 52 0 1 0 3 64 55 0 1 2 375 100 714 0 1 2 375 100
4/4 314 0 1 0 0 64 55 0 1 0 0 100 714 0 1 0 0 100 713 0 1 0 1 64 314 0 1 0 2 64 55 2 75 0 3 100 55 2 25 2 375 100
4/4 615 0 1 0 0 100 14 0 1 0 1 100 45 0 1 0 1 100 613 0 1 0 1 64 715 0 1 0 2 100 24 0 1 0 3 100 55 0 1 0 3 100 713 0 1 0 3 64
4/4 15 1 5 0 0 100 15 1 35 1 5 100 75 1 5 0 1 100 65 1 5 1 15 100 525 1 5 0 2 100 315 1 5 1 25 100 24 1 5 0 3 100 224 1 5 1 35 100
4/4 14 1 5 0 0 100 14 1 5 1 5 100 74 1 5 0 1 100 64 1 5 1 15 100 524 1 5 0 2 100 314 1 5 1 25 100 23 1 5 0 3 100 223 1 5 1 35 100
4/4 13 0 1 0 0 100 14 0 1 0 1 100 315 0 1 0 1 100 55 0 1 0 1 100 14 0 1 0 1 100 14 0 1 3 1333 100 315 0 1 3 1333 100 55 0 1 3 1333 100 14 0 1 3 1333 100 14 0 1 3 1667 100 315 0 1 3 1667 100 55 0 1 3 1667 100 14 0 1 3 1667 100 14 0 1 0 2 100 315 0 1 0 2 100 55 0 1 0 2 100 14 0 1 0 2 100 13 0 1 0 3 64
